statistics_code;statistics_label;time_code;time_label;time;1_variable_code;1_variable_label;1_variable_attribute_code;1_variable_attribute_label;2_variable_code;2_variable_label;2_variable_attribute_code;2_variable_attribute_label;3_variable_code;3_variable_label;3_variable_attribute_code;3_variable_attribute_label;4_variable_code;4_variable_label;4_variable_attribute_code;4_variable_attribute_label;value;value_unit;value_variable_code;value_variable_label
22251;Empfänger v.Lstg. f. Bildung u. Teilhabe (AsylbLG);JAHR;Jahr;2025;QUARTG;Quartale;QUART1;1. Quartal;DINSG;Deutschland insgesamt;DG;Deutschland;LSTAT4;Leistungsart;SCL-LFRDG;Lernförderung;STAKT2;Staatsangehörigkeit nach Kontinenten;EUROPA;Europa;1255;Anzahl;EMP005;Empfänger von Leistungen für Bildung und Teilhabe
22251;Empfänger v.Lstg. f. Bildung u. Teilhabe (AsylbLG);JAHR;Jahr;2025;QUARTG;Quartale;QUART1;1. Quartal;DINSG;Deutschland insgesamt;DG;Deutschland;LSTAT4;Leistungsart;SCL-LFRDG;Lernförderung;STAKT2;Staatsangehörigkeit nach Kontinenten;EUROPA;Europa;592332;EUR;LST014;Leistungen für Bildung und Teilhabe
22251;Empfänger v.Lstg. f. Bildung u. Teilhabe (AsylbLG);JAHR;Jahr;2025;QUARTG;Quartale;QUART2;2. Quartal;DINSG;Deutschland insgesamt;DG;Deutschland;LSTAT4;Leistungsart;SCL-AUSFL;Schulausflüge;STAKT2;Staatsangehörigkeit nach Kontinenten;ASIEN;Asien;2185;Anzahl;EMP005;Empfänger von Leistungen für Bildung und Teilhabe
22251;Empfänger v.Lstg. f. Bildung u. Teilhabe (AsylbLG);JAHR;Jahr;2025;QUARTG;Quartale;QUART2;2. Quartal;DINSG;Deutschland insgesamt;DG;Deutschland;LSTAT4;Leistungsart;SCL-AUSFL;Schulausflüge;STAKT2;Staatsangehörigkeit nach Kontinenten;ASIEN;Asien;99668;EUR;LST014;Leistungen für Bildung und Teilhabe
22251;Empfänger v.Lstg. f. Bildung u. Teilhabe (AsylbLG);JAHR;Jahr;2025;QUARTG;Quartale;QUART1;1. Quartal;DINSG;Deutschland insgesamt;DG;Deutschland;LSTAT4;Leistungsart;SCL-KLFHRT;Mehrtägige Klassenfahrten;STAKT2;Staatsangehörigkeit nach Kontinenten;;Insgesamt;3820;Anzahl;EMP005;Empfänger von Leistungen für Bildung und Teilhabe
22251;Empfänger v.Lstg. f. Bildung u. Teilhabe (AsylbLG);JAHR;Jahr;2025;QUARTG;Quartale;QUART1;1. Quartal;DINSG;Deutschland insgesamt;DG;Deutschland;LSTAT4;Leistungsart;SCL-KLFHRT;Mehrtägige Klassenfahrten;STAKT2;Staatsangehörigkeit nach Kontinenten;;Insgesamt;1123427;EUR;LST014;Leistungen für Bildung und Teilhabe
22251;Empfänger v.Lstg. f. Bildung u. Teilhabe (AsylbLG);JAHR;Jahr;2025;QUARTG;Quartale;QUART1;1. Quartal;DINSG;Deutschland insgesamt;DG;Deutschland;LSTAT4;Leistungsart;SCL-KLFHRT;Mehrtägige Klassenfahrten;STAKT2;Staatsangehörigkeit nach Kontinenten;SONSTIGE;Sonstige;335;Anzahl;EMP005;Empfänger von Leistungen für Bildung und Teilhabe
22251;Empfänger v.Lstg. f. Bildung u. Teilhabe (AsylbLG);JAHR;Jahr;2025;QUARTG;Quartale;QUART1;1. Quartal;DINSG;Deutschland insgesamt;DG;Deutschland;LSTAT4;Leistungsart;SCL-KLFHRT;Mehrtägige Klassenfahrten;STAKT2;Staatsangehörigkeit nach Kontinenten;SONSTIGE;Sonstige;110777;EUR;LST014;Leistungen für Bildung und Teilhabe
22251;Empfänger v.Lstg. f. Bildung u. Teilhabe (AsylbLG);JAHR;Jahr;2025;QUARTG;Quartale;QUART1;1. Quartal;DINSG;Deutschland insgesamt;DG;Deutschland;LSTAT4;Leistungsart;SCL-BFRDG;Schülerbeförderung;STAKT2;Staatsangehörigkeit nach Kontinenten;ASIEN;Asien;1425;Anzahl;EMP005;Empfänger von Leistungen für Bildung und Teilhabe
22251;Empfänger v.Lstg. f. Bildung u. Teilhabe (AsylbLG);JAHR;Jahr;2025;QUARTG;Quartale;QUART1;1. Quartal;DINSG;Deutschland insgesamt;DG;Deutschland;LSTAT4;Leistungsart;SCL-BFRDG;Schülerbeförderung;STAKT2;Staatsangehörigkeit nach Kontinenten;ASIEN;Asien;128553;EUR;LST014;Leistungen für Bildung und Teilhabe
22251;Empfänger v.Lstg. f. Bildung u. Teilhabe (AsylbLG);JAHR;Jahr;2025;QUARTG;Quartale;QUART4;4. Quartal;DINSG;Deutschland insgesamt;DG;Deutschland;LSTAT4;Leistungsart;SCL-LFRDG;Lernförderung;STAKT2;Staatsangehörigkeit nach Kontinenten;;Insgesamt;2785;Anzahl;EMP005;Empfänger von Leistungen für Bildung und Teilhabe
22251;Empfänger v.Lstg. f. Bildung u. Teilhabe (AsylbLG);JAHR;Jahr;2025;QUARTG;Quartale;QUART4;4. Quartal;DINSG;Deutschland insgesamt;DG;Deutschland;LSTAT4;Leistungsart;SCL-LFRDG;Lernförderung;STAKT2;Staatsangehörigkeit nach Kontinenten;;Insgesamt;1714058;EUR;LST014;Leistungen für Bildung und Teilhabe
22251;Empfänger v.Lstg. f. Bildung u. Teilhabe (AsylbLG);JAHR;Jahr;2025;QUARTG;Quartale;QUART2;2. Quartal;DINSG;Deutschland insgesamt;DG;Deutschland;LSTAT4;Leistungsart;SCL-LFRDG;Lernförderung;STAKT2;Staatsangehörigkeit nach Kontinenten;;Insgesamt;3835;Anzahl;EMP005;Empfänger von Leistungen für Bildung und Teilhabe
22251;Empfänger v.Lstg. f. Bildung u. Teilhabe (AsylbLG);JAHR;Jahr;2025;QUARTG;Quartale;QUART2;2. Quartal;DINSG;Deutschland insgesamt;DG;Deutschland;LSTAT4;Leistungsart;SCL-LFRDG;Lernförderung;STAKT2;Staatsangehörigkeit nach Kontinenten;;Insgesamt;2252127;EUR;LST014;Leistungen für Bildung und Teilhabe
22251;Empfänger v.Lstg. f. Bildung u. Teilhabe (AsylbLG);JAHR;Jahr;2025;QUARTG;Quartale;QUART4;4. Quartal;DINSG;Deutschland insgesamt;DG;Deutschland;LSTAT4;Leistungsart;SCL-BFRDG;Schülerbeförderung;STAKT2;Staatsangehörigkeit nach Kontinenten;EUROPA;Europa;930;Anzahl;EMP005;Empfänger von Leistungen für Bildung und Teilhabe
22251;Empfänger v.Lstg. f. Bildung u. Teilhabe (AsylbLG);JAHR;Jahr;2025;QUARTG;Quartale;QUART4;4. Quartal;DINSG;Deutschland insgesamt;DG;Deutschland;LSTAT4;Leistungsart;SCL-BFRDG;Schülerbeförderung;STAKT2;Staatsangehörigkeit nach Kontinenten;EUROPA;Europa;105275;EUR;LST014;Leistungen für Bildung und Teilhabe
22251;Empfänger v.Lstg. f. Bildung u. Teilhabe (AsylbLG);JAHR;Jahr;2025;QUARTG;Quartale;QUART1;1. Quartal;DINSG;Deutschland insgesamt;DG;Deutschland;LSTAT4;Leistungsart;SCL-KLFHRT;Mehrtägige Klassenfahrten;STAKT2;Staatsangehörigkeit nach Kontinenten;ASIEN;Asien;1865;Anzahl;EMP005;Empfänger von Leistungen für Bildung und Teilhabe
22251;Empfänger v.Lstg. f. Bildung u. Teilhabe (AsylbLG);JAHR;Jahr;2025;QUARTG;Quartale;QUART1;1. Quartal;DINSG;Deutschland insgesamt;DG;Deutschland;LSTAT4;Leistungsart;SCL-KLFHRT;Mehrtägige Klassenfahrten;STAKT2;Staatsangehörigkeit nach Kontinenten;ASIEN;Asien;559118;EUR;LST014;Leistungen für Bildung und Teilhabe
22251;Empfänger v.Lstg. f. Bildung u. Teilhabe (AsylbLG);JAHR;Jahr;2025;QUARTG;Quartale;QUART3;3. Quartal;DINSG;Deutschland insgesamt;DG;Deutschland;LSTAT4;Leistungsart;SCL-LFRDG;Lernförderung;STAKT2;Staatsangehörigkeit nach Kontinenten;SONSTIGE;Sonstige;400;Anzahl;EMP005;Empfänger von Leistungen für Bildung und Teilhabe
22251;Empfänger v.Lstg. f. Bildung u. Teilhabe (AsylbLG);JAHR;Jahr;2025;QUARTG;Quartale;QUART3;3. Quartal;DINSG;Deutschland insgesamt;DG;Deutschland;LSTAT4;Leistungsart;SCL-LFRDG;Lernförderung;STAKT2;Staatsangehörigkeit nach Kontinenten;SONSTIGE;Sonstige;355093;EUR;LST014;Leistungen für Bildung und Teilhabe
22251;Empfänger v.Lstg. f. Bildung u. Teilhabe (AsylbLG);JAHR;Jahr;2025;QUARTG;Quartale;QUART3;3. Quartal;DINSG;Deutschland insgesamt;DG;Deutschland;LSTAT4;Leistungsart;SCL-VERPFL;Mittagsverpflegung;STAKT2;Staatsangehörigkeit nach Kontinenten;;Insgesamt;27165;Anzahl;EMP005;Empfänger von Leistungen für Bildung und Teilhabe
22251;Empfänger v.Lstg. f. Bildung u. Teilhabe (AsylbLG);JAHR;Jahr;2025;QUARTG;Quartale;QUART3;3. Quartal;DINSG;Deutschland insgesamt;DG;Deutschland;LSTAT4;Leistungsart;SCL-VERPFL;Mittagsverpflegung;STAKT2;Staatsangehörigkeit nach Kontinenten;;Insgesamt;4459044;EUR;LST014;Leistungen für Bildung und Teilhabe
22251;Empfänger v.Lstg. f. Bildung u. Teilhabe (AsylbLG);JAHR;Jahr;2025;QUARTG;Quartale;QUART3;3. Quartal;DINSG;Deutschland insgesamt;DG;Deutschland;LSTAT4;Leistungsart;SCL-BDRF;Schulbedarf;STAKT2;Staatsangehörigkeit nach Kontinenten;EUROPA;Europa;18350;Anzahl;EMP005;Empfänger von Leistungen für Bildung und Teilhabe
22251;Empfänger v.Lstg. f. Bildung u. Teilhabe (AsylbLG);JAHR;Jahr;2025;QUARTG;Quartale;QUART3;3. Quartal;DINSG;Deutschland insgesamt;DG;Deutschland;LSTAT4;Leistungsart;SCL-BDRF;Schulbedarf;STAKT2;Staatsangehörigkeit nach Kontinenten;EUROPA;Europa;2383254;EUR;LST014;Leistungen für Bildung und Teilhabe
22251;Empfänger v.Lstg. f. Bildung u. Teilhabe (AsylbLG);JAHR;Jahr;2025;QUARTG;Quartale;QUART1;1. Quartal;DINSG;Deutschland insgesamt;DG;Deutschland;LSTAT4;Leistungsart;SCL-AUSFL;Schulausflüge;STAKT2;Staatsangehörigkeit nach Kontinenten;AFRIKA;Afrika;420;Anzahl;EMP005;Empfänger von Leistungen für Bildung und Teilhabe
22251;Empfänger v.Lstg. f. Bildung u. Teilhabe (AsylbLG);JAHR;Jahr;2025;QUARTG;Quartale;QUART1;1. Quartal;DINSG;Deutschland insgesamt;DG;Deutschland;LSTAT4;Leistungsart;SCL-AUSFL;Schulausflüge;STAKT2;Staatsangehörigkeit nach Kontinenten;AFRIKA;Afrika;18631;EUR;LST014;Leistungen für Bildung und Teilhabe
22251;Empfänger v.Lstg. f. Bildung u. Teilhabe (AsylbLG);JAHR;Jahr;2025;QUARTG;Quartale;QUART4;4. Quartal;DINSG;Deutschland insgesamt;DG;Deutschland;LSTAT4;Leistungsart;SCL-VERPFL;Mittagsverpflegung;STAKT2;Staatsangehörigkeit nach Kontinenten;AFRIKA;Afrika;4420;Anzahl;EMP005;Empfänger von Leistungen für Bildung und Teilhabe
22251;Empfänger v.Lstg. f. Bildung u. Teilhabe (AsylbLG);JAHR;Jahr;2025;QUARTG;Quartale;QUART4;4. Quartal;DINSG;Deutschland insgesamt;DG;Deutschland;LSTAT4;Leistungsart;SCL-VERPFL;Mittagsverpflegung;STAKT2;Staatsangehörigkeit nach Kontinenten;AFRIKA;Afrika;870859;EUR;LST014;Leistungen für Bildung und Teilhabe
22251;Empfänger v.Lstg. f. Bildung u. Teilhabe (AsylbLG);JAHR;Jahr;2025;QUARTG;Quartale;QUART4;4. Quartal;DINSG;Deutschland insgesamt;DG;Deutschland;LSTAT4;Leistungsart;SCL-BFRDG;Schülerbeförderung;STAKT2;Staatsangehörigkeit nach Kontinenten;SONSTIGE;Sonstige;165;Anzahl;EMP005;Empfänger von Leistungen für Bildung und Teilhabe
22251;Empfänger v.Lstg. f. Bildung u. Teilhabe (AsylbLG);JAHR;Jahr;2025;QUARTG;Quartale;QUART4;4. Quartal;DINSG;Deutschland insgesamt;DG;Deutschland;LSTAT4;Leistungsart;SCL-BFRDG;Schülerbeförderung;STAKT2;Staatsangehörigkeit nach Kontinenten;SONSTIGE;Sonstige;14171;EUR;LST014;Leistungen für Bildung und Teilhabe
22251;Empfänger v.Lstg. f. Bildung u. Teilhabe (AsylbLG);JAHR;Jahr;2025;QUARTG;Quartale;QUART2;2. Quartal;DINSG;Deutschland insgesamt;DG;Deutschland;LSTAT4;Leistungsart;SCL-VERPFL;Mittagsverpflegung;STAKT2;Staatsangehörigkeit nach Kontinenten;AFRIKA;Afrika;4410;Anzahl;EMP005;Empfänger von Leistungen für Bildung und Teilhabe
22251;Empfänger v.Lstg. f. Bildung u. Teilhabe (AsylbLG);JAHR;Jahr;2025;QUARTG;Quartale;QUART2;2. Quartal;DINSG;Deutschland insgesamt;DG;Deutschland;LSTAT4;Leistungsart;SCL-VERPFL;Mittagsverpflegung;STAKT2;Staatsangehörigkeit nach Kontinenten;AFRIKA;Afrika;845375;EUR;LST014;Leistungen für Bildung und Teilhabe
22251;Empfänger v.Lstg. f. Bildung u. Teilhabe (AsylbLG);JAHR;Jahr;2025;QUARTG;Quartale;QUART1;1. Quartal;DINSG;Deutschland insgesamt;DG;Deutschland;LSTAT4;Leistungsart;SCL-VERPFL;Mittagsverpflegung;STAKT2;Staatsangehörigkeit nach Kontinenten;SONSTIGE;Sonstige;1925;Anzahl;EMP005;Empfänger von Leistungen für Bildung und Teilhabe
22251;Empfänger v.Lstg. f. Bildung u. Teilhabe (AsylbLG);JAHR;Jahr;2025;QUARTG;Quartale;QUART1;1. Quartal;DINSG;Deutschland insgesamt;DG;Deutschland;LSTAT4;Leistungsart;SCL-VERPFL;Mittagsverpflegung;STAKT2;Staatsangehörigkeit nach Kontinenten;SONSTIGE;Sonstige;357683;EUR;LST014;Leistungen für Bildung und Teilhabe
22251;Empfänger v.Lstg. f. Bildung u. Teilhabe (AsylbLG);JAHR;Jahr;2025;QUARTG;Quartale;QUART3;3. Quartal;DINSG;Deutschland insgesamt;DG;Deutschland;LSTAT4;Leistungsart;SCL-VERPFL;Mittagsverpflegung;STAKT2;Staatsangehörigkeit nach Kontinenten;ASIEN;Asien;12255;Anzahl;EMP005;Empfänger von Leistungen für Bildung und Teilhabe
22251;Empfänger v.Lstg. f. Bildung u. Teilhabe (AsylbLG);JAHR;Jahr;2025;QUARTG;Quartale;QUART3;3. Quartal;DINSG;Deutschland insgesamt;DG;Deutschland;LSTAT4;Leistungsart;SCL-VERPFL;Mittagsverpflegung;STAKT2;Staatsangehörigkeit nach Kontinenten;ASIEN;Asien;2022730;EUR;LST014;Leistungen für Bildung und Teilhabe
22251;Empfänger v.Lstg. f. Bildung u. Teilhabe (AsylbLG);JAHR;Jahr;2025;QUARTG;Quartale;QUART1;1. Quartal;DINSG;Deutschland insgesamt;DG;Deutschland;LSTAT4;Leistungsart;SCL-LFRDG;Lernförderung;STAKT2;Staatsangehörigkeit nach Kontinenten;SONSTIGE;Sonstige;390;Anzahl;EMP005;Empfänger von Leistungen für Bildung und Teilhabe
22251;Empfänger v.Lstg. f. Bildung u. Teilhabe (AsylbLG);JAHR;Jahr;2025;QUARTG;Quartale;QUART1;1. Quartal;DINSG;Deutschland insgesamt;DG;Deutschland;LSTAT4;Leistungsart;SCL-LFRDG;Lernförderung;STAKT2;Staatsangehörigkeit nach Kontinenten;SONSTIGE;Sonstige;194581;EUR;LST014;Leistungen für Bildung und Teilhabe
22251;Empfänger v.Lstg. f. Bildung u. Teilhabe (AsylbLG);JAHR;Jahr;2025;QUARTG;Quartale;QUART4;4. Quartal;DINSG;Deutschland insgesamt;DG;Deutschland;LSTAT4;Leistungsart;SCL-BFRDG;Schülerbeförderung;STAKT2;Staatsangehörigkeit nach Kontinenten;ASIEN;Asien;1275;Anzahl;EMP005;Empfänger von Leistungen für Bildung und Teilhabe
22251;Empfänger v.Lstg. f. Bildung u. Teilhabe (AsylbLG);JAHR;Jahr;2025;QUARTG;Quartale;QUART4;4. Quartal;DINSG;Deutschland insgesamt;DG;Deutschland;LSTAT4;Leistungsart;SCL-BFRDG;Schülerbeförderung;STAKT2;Staatsangehörigkeit nach Kontinenten;ASIEN;Asien;120469;EUR;LST014;Leistungen für Bildung und Teilhabe
22251;Empfänger v.Lstg. f. Bildung u. Teilhabe (AsylbLG);JAHR;Jahr;2025;QUARTG;Quartale;QUART1;1. Quartal;DINSG;Deutschland insgesamt;DG;Deutschland;LSTAT4;Leistungsart;TEILH-SOZ;Teilhabe am soz. u.kultur. Leben i.d. Gemeinschaft;STAKT2;Staatsangehörigkeit nach Kontinenten;SONSTIGE;Sonstige;510;Anzahl;EMP005;Empfänger von Leistungen für Bildung und Teilhabe
22251;Empfänger v.Lstg. f. Bildung u. Teilhabe (AsylbLG);JAHR;Jahr;2025;QUARTG;Quartale;QUART1;1. Quartal;DINSG;Deutschland insgesamt;DG;Deutschland;LSTAT4;Leistungsart;TEILH-SOZ;Teilhabe am soz. u.kultur. Leben i.d. Gemeinschaft;STAKT2;Staatsangehörigkeit nach Kontinenten;SONSTIGE;Sonstige;21620;EUR;LST014;Leistungen für Bildung und Teilhabe
22251;Empfänger v.Lstg. f. Bildung u. Teilhabe (AsylbLG);JAHR;Jahr;2025;QUARTG;Quartale;QUART3;3. Quartal;DINSG;Deutschland insgesamt;DG;Deutschland;LSTAT4;Leistungsart;SCL-AUSFL;Schulausflüge;STAKT2;Staatsangehörigkeit nach Kontinenten;SONSTIGE;Sonstige;185;Anzahl;EMP005;Empfänger von Leistungen für Bildung und Teilhabe
22251;Empfänger v.Lstg. f. Bildung u. Teilhabe (AsylbLG);JAHR;Jahr;2025;QUARTG;Quartale;QUART3;3. Quartal;DINSG;Deutschland insgesamt;DG;Deutschland;LSTAT4;Leistungsart;SCL-AUSFL;Schulausflüge;STAKT2;Staatsangehörigkeit nach Kontinenten;SONSTIGE;Sonstige;9355;EUR;LST014;Leistungen für Bildung und Teilhabe
22251;Empfänger v.Lstg. f. Bildung u. Teilhabe (AsylbLG);JAHR;Jahr;2025;QUARTG;Quartale;QUART1;1. Quartal;DINSG;Deutschland insgesamt;DG;Deutschland;LSTAT4;Leistungsart;SCL-VERPFL;Mittagsverpflegung;STAKT2;Staatsangehörigkeit nach Kontinenten;;Insgesamt;26515;Anzahl;EMP005;Empfänger von Leistungen für Bildung und Teilhabe
22251;Empfänger v.Lstg. f. Bildung u. Teilhabe (AsylbLG);JAHR;Jahr;2025;QUARTG;Quartale;QUART1;1. Quartal;DINSG;Deutschland insgesamt;DG;Deutschland;LSTAT4;Leistungsart;SCL-VERPFL;Mittagsverpflegung;STAKT2;Staatsangehörigkeit nach Kontinenten;;Insgesamt;5166994;EUR;LST014;Leistungen für Bildung und Teilhabe
22251;Empfänger v.Lstg. f. Bildung u. Teilhabe (AsylbLG);JAHR;Jahr;2025;QUARTG;Quartale;QUART2;2. Quartal;DINSG;Deutschland insgesamt;DG;Deutschland;LSTAT4;Leistungsart;SCL-LFRDG;Lernförderung;STAKT2;Staatsangehörigkeit nach Kontinenten;AFRIKA;Afrika;315;Anzahl;EMP005;Empfänger von Leistungen für Bildung und Teilhabe
22251;Empfänger v.Lstg. f. Bildung u. Teilhabe (AsylbLG);JAHR;Jahr;2025;QUARTG;Quartale;QUART2;2. Quartal;DINSG;Deutschland insgesamt;DG;Deutschland;LSTAT4;Leistungsart;SCL-LFRDG;Lernförderung;STAKT2;Staatsangehörigkeit nach Kontinenten;AFRIKA;Afrika;171416;EUR;LST014;Leistungen für Bildung und Teilhabe
22251;Empfänger v.Lstg. f. Bildung u. Teilhabe (AsylbLG);JAHR;Jahr;2025;QUARTG;Quartale;QUART2;2. Quartal;DINSG;Deutschland insgesamt;DG;Deutschland;LSTAT4;Leistungsart;SCL-KLFHRT;Mehrtägige Klassenfahrten;STAKT2;Staatsangehörigkeit nach Kontinenten;EUROPA;Europa;1495;Anzahl;EMP005;Empfänger von Leistungen für Bildung und Teilhabe
22251;Empfänger v.Lstg. f. Bildung u. Teilhabe (AsylbLG);JAHR;Jahr;2025;QUARTG;Quartale;QUART2;2. Quartal;DINSG;Deutschland insgesamt;DG;Deutschland;LSTAT4;Leistungsart;SCL-KLFHRT;Mehrtägige Klassenfahrten;STAKT2;Staatsangehörigkeit nach Kontinenten;EUROPA;Europa;372867;EUR;LST014;Leistungen für Bildung und Teilhabe
22251;Empfänger v.Lstg. f. Bildung u. Teilhabe (AsylbLG);JAHR;Jahr;2025;QUARTG;Quartale;QUART2;2. Quartal;DINSG;Deutschland insgesamt;DG;Deutschland;LSTAT4;Leistungsart;SCL-BDRF;Schulbedarf;STAKT2;Staatsangehörigkeit nach Kontinenten;AFRIKA;Afrika;140;Anzahl;EMP005;Empfänger von Leistungen für Bildung und Teilhabe
22251;Empfänger v.Lstg. f. Bildung u. Teilhabe (AsylbLG);JAHR;Jahr;2025;QUARTG;Quartale;QUART2;2. Quartal;DINSG;Deutschland insgesamt;DG;Deutschland;LSTAT4;Leistungsart;SCL-BDRF;Schulbedarf;STAKT2;Staatsangehörigkeit nach Kontinenten;AFRIKA;Afrika;13069;EUR;LST014;Leistungen für Bildung und Teilhabe
22251;Empfänger v.Lstg. f. Bildung u. Teilhabe (AsylbLG);JAHR;Jahr;2025;QUARTG;Quartale;QUART3;3. Quartal;DINSG;Deutschland insgesamt;DG;Deutschland;LSTAT4;Leistungsart;SCL-AUSFL;Schulausflüge;STAKT2;Staatsangehörigkeit nach Kontinenten;;Insgesamt;3795;Anzahl;EMP005;Empfänger von Leistungen für Bildung und Teilhabe
22251;Empfänger v.Lstg. f. Bildung u. Teilhabe (AsylbLG);JAHR;Jahr;2025;QUARTG;Quartale;QUART3;3. Quartal;DINSG;Deutschland insgesamt;DG;Deutschland;LSTAT4;Leistungsart;SCL-AUSFL;Schulausflüge;STAKT2;Staatsangehörigkeit nach Kontinenten;;Insgesamt;204128;EUR;LST014;Leistungen für Bildung und Teilhabe
22251;Empfänger v.Lstg. f. Bildung u. Teilhabe (AsylbLG);JAHR;Jahr;2025;QUARTG;Quartale;QUART4;4. Quartal;DINSG;Deutschland insgesamt;DG;Deutschland;LSTAT4;Leistungsart;SCL-BFRDG;Schülerbeförderung;STAKT2;Staatsangehörigkeit nach Kontinenten;AFRIKA;Afrika;200;Anzahl;EMP005;Empfänger von Leistungen für Bildung und Teilhabe
22251;Empfänger v.Lstg. f. Bildung u. Teilhabe (AsylbLG);JAHR;Jahr;2025;QUARTG;Quartale;QUART4;4. Quartal;DINSG;Deutschland insgesamt;DG;Deutschland;LSTAT4;Leistungsart;SCL-BFRDG;Schülerbeförderung;STAKT2;Staatsangehörigkeit nach Kontinenten;AFRIKA;Afrika;16593;EUR;LST014;Leistungen für Bildung und Teilhabe
22251;Empfänger v.Lstg. f. Bildung u. Teilhabe (AsylbLG);JAHR;Jahr;2025;QUARTG;Quartale;QUART4;4. Quartal;DINSG;Deutschland insgesamt;DG;Deutschland;LSTAT4;Leistungsart;SCL-LFRDG;Lernförderung;STAKT2;Staatsangehörigkeit nach Kontinenten;EUROPA;Europa;845;Anzahl;EMP005;Empfänger von Leistungen für Bildung und Teilhabe
22251;Empfänger v.Lstg. f. Bildung u. Teilhabe (AsylbLG);JAHR;Jahr;2025;QUARTG;Quartale;QUART4;4. Quartal;DINSG;Deutschland insgesamt;DG;Deutschland;LSTAT4;Leistungsart;SCL-LFRDG;Lernförderung;STAKT2;Staatsangehörigkeit nach Kontinenten;EUROPA;Europa;467895;EUR;LST014;Leistungen für Bildung und Teilhabe
22251;Empfänger v.Lstg. f. Bildung u. Teilhabe (AsylbLG);JAHR;Jahr;2025;QUARTG;Quartale;QUART1;1. Quartal;DINSG;Deutschland insgesamt;DG;Deutschland;LSTAT4;Leistungsart;SCL-AUSFL;Schulausflüge;STAKT2;Staatsangehörigkeit nach Kontinenten;;Insgesamt;3890;Anzahl;EMP005;Empfänger von Leistungen für Bildung und Teilhabe
22251;Empfänger v.Lstg. f. Bildung u. Teilhabe (AsylbLG);JAHR;Jahr;2025;QUARTG;Quartale;QUART1;1. Quartal;DINSG;Deutschland insgesamt;DG;Deutschland;LSTAT4;Leistungsart;SCL-AUSFL;Schulausflüge;STAKT2;Staatsangehörigkeit nach Kontinenten;;Insgesamt;186346;EUR;LST014;Leistungen für Bildung und Teilhabe
22251;Empfänger v.Lstg. f. Bildung u. Teilhabe (AsylbLG);JAHR;Jahr;2025;QUARTG;Quartale;QUART4;4. Quartal;DINSG;Deutschland insgesamt;DG;Deutschland;LSTAT4;Leistungsart;SCL-KLFHRT;Mehrtägige Klassenfahrten;STAKT2;Staatsangehörigkeit nach Kontinenten;EUROPA;Europa;975;Anzahl;EMP005;Empfänger von Leistungen für Bildung und Teilhabe
22251;Empfänger v.Lstg. f. Bildung u. Teilhabe (AsylbLG);JAHR;Jahr;2025;QUARTG;Quartale;QUART4;4. Quartal;DINSG;Deutschland insgesamt;DG;Deutschland;LSTAT4;Leistungsart;SCL-KLFHRT;Mehrtägige Klassenfahrten;STAKT2;Staatsangehörigkeit nach Kontinenten;EUROPA;Europa;275483;EUR;LST014;Leistungen für Bildung und Teilhabe
22251;Empfänger v.Lstg. f. Bildung u. Teilhabe (AsylbLG);JAHR;Jahr;2025;QUARTG;Quartale;QUART1;1. Quartal;DINSG;Deutschland insgesamt;DG;Deutschland;LSTAT4;Leistungsart;SCL-BFRDG;Schülerbeförderung;STAKT2;Staatsangehörigkeit nach Kontinenten;AFRIKA;Afrika;240;Anzahl;EMP005;Empfänger von Leistungen für Bildung und Teilhabe
22251;Empfänger v.Lstg. f. Bildung u. Teilhabe (AsylbLG);JAHR;Jahr;2025;QUARTG;Quartale;QUART1;1. Quartal;DINSG;Deutschland insgesamt;DG;Deutschland;LSTAT4;Leistungsart;SCL-BFRDG;Schülerbeförderung;STAKT2;Staatsangehörigkeit nach Kontinenten;AFRIKA;Afrika;21001;EUR;LST014;Leistungen für Bildung und Teilhabe
22251;Empfänger v.Lstg. f. Bildung u. Teilhabe (AsylbLG);JAHR;Jahr;2025;QUARTG;Quartale;QUART2;2. Quartal;DINSG;Deutschland insgesamt;DG;Deutschland;LSTAT4;Leistungsart;TEILH-SOZ;Teilhabe am soz. u.kultur. Leben i.d. Gemeinschaft;STAKT2;Staatsangehörigkeit nach Kontinenten;ASIEN;Asien;3450;Anzahl;EMP005;Empfänger von Leistungen für Bildung und Teilhabe
22251;Empfänger v.Lstg. f. Bildung u. Teilhabe (AsylbLG);JAHR;Jahr;2025;QUARTG;Quartale;QUART2;2. Quartal;DINSG;Deutschland insgesamt;DG;Deutschland;LSTAT4;Leistungsart;TEILH-SOZ;Teilhabe am soz. u.kultur. Leben i.d. Gemeinschaft;STAKT2;Staatsangehörigkeit nach Kontinenten;ASIEN;Asien;155555;EUR;LST014;Leistungen für Bildung und Teilhabe
22251;Empfänger v.Lstg. f. Bildung u. Teilhabe (AsylbLG);JAHR;Jahr;2025;QUARTG;Quartale;QUART3;3. Quartal;DINSG;Deutschland insgesamt;DG;Deutschland;LSTAT4;Leistungsart;SCL-KLFHRT;Mehrtägige Klassenfahrten;STAKT2;Staatsangehörigkeit nach Kontinenten;SONSTIGE;Sonstige;205;Anzahl;EMP005;Empfänger von Leistungen für Bildung und Teilhabe
22251;Empfänger v.Lstg. f. Bildung u. Teilhabe (AsylbLG);JAHR;Jahr;2025;QUARTG;Quartale;QUART3;3. Quartal;DINSG;Deutschland insgesamt;DG;Deutschland;LSTAT4;Leistungsart;SCL-KLFHRT;Mehrtägige Klassenfahrten;STAKT2;Staatsangehörigkeit nach Kontinenten;SONSTIGE;Sonstige;82097;EUR;LST014;Leistungen für Bildung und Teilhabe
22251;Empfänger v.Lstg. f. Bildung u. Teilhabe (AsylbLG);JAHR;Jahr;2025;QUARTG;Quartale;QUART2;2. Quartal;DINSG;Deutschland insgesamt;DG;Deutschland;LSTAT4;Leistungsart;SCL-VERPFL;Mittagsverpflegung;STAKT2;Staatsangehörigkeit nach Kontinenten;SONSTIGE;Sonstige;1910;Anzahl;EMP005;Empfänger von Leistungen für Bildung und Teilhabe
22251;Empfänger v.Lstg. f. Bildung u. Teilhabe (AsylbLG);JAHR;Jahr;2025;QUARTG;Quartale;QUART2;2. Quartal;DINSG;Deutschland insgesamt;DG;Deutschland;LSTAT4;Leistungsart;SCL-VERPFL;Mittagsverpflegung;STAKT2;Staatsangehörigkeit nach Kontinenten;SONSTIGE;Sonstige;358942;EUR;LST014;Leistungen für Bildung und Teilhabe
22251;Empfänger v.Lstg. f. Bildung u. Teilhabe (AsylbLG);JAHR;Jahr;2025;QUARTG;Quartale;QUART4;4. Quartal;DINSG;Deutschland insgesamt;DG;Deutschland;LSTAT4;Leistungsart;SCL-KLFHRT;Mehrtägige Klassenfahrten;STAKT2;Staatsangehörigkeit nach Kontinenten;AFRIKA;Afrika;300;Anzahl;EMP005;Empfänger von Leistungen für Bildung und Teilhabe
22251;Empfänger v.Lstg. f. Bildung u. Teilhabe (AsylbLG);JAHR;Jahr;2025;QUARTG;Quartale;QUART4;4. Quartal;DINSG;Deutschland insgesamt;DG;Deutschland;LSTAT4;Leistungsart;SCL-KLFHRT;Mehrtägige Klassenfahrten;STAKT2;Staatsangehörigkeit nach Kontinenten;AFRIKA;Afrika;94798;EUR;LST014;Leistungen für Bildung und Teilhabe
22251;Empfänger v.Lstg. f. Bildung u. Teilhabe (AsylbLG);JAHR;Jahr;2025;QUARTG;Quartale;QUART2;2. Quartal;DINSG;Deutschland insgesamt;DG;Deutschland;LSTAT4;Leistungsart;SCL-KLFHRT;Mehrtägige Klassenfahrten;STAKT2;Staatsangehörigkeit nach Kontinenten;AFRIKA;Afrika;455;Anzahl;EMP005;Empfänger von Leistungen für Bildung und Teilhabe
22251;Empfänger v.Lstg. f. Bildung u. Teilhabe (AsylbLG);JAHR;Jahr;2025;QUARTG;Quartale;QUART2;2. Quartal;DINSG;Deutschland insgesamt;DG;Deutschland;LSTAT4;Leistungsart;SCL-KLFHRT;Mehrtägige Klassenfahrten;STAKT2;Staatsangehörigkeit nach Kontinenten;AFRIKA;Afrika;118812;EUR;LST014;Leistungen für Bildung und Teilhabe
22251;Empfänger v.Lstg. f. Bildung u. Teilhabe (AsylbLG);JAHR;Jahr;2025;QUARTG;Quartale;QUART2;2. Quartal;DINSG;Deutschland insgesamt;DG;Deutschland;LSTAT4;Leistungsart;SCL-LFRDG;Lernförderung;STAKT2;Staatsangehörigkeit nach Kontinenten;ASIEN;Asien;1885;Anzahl;EMP005;Empfänger von Leistungen für Bildung und Teilhabe
22251;Empfänger v.Lstg. f. Bildung u. Teilhabe (AsylbLG);JAHR;Jahr;2025;QUARTG;Quartale;QUART2;2. Quartal;DINSG;Deutschland insgesamt;DG;Deutschland;LSTAT4;Leistungsart;SCL-LFRDG;Lernförderung;STAKT2;Staatsangehörigkeit nach Kontinenten;ASIEN;Asien;1097589;EUR;LST014;Leistungen für Bildung und Teilhabe
22251;Empfänger v.Lstg. f. Bildung u. Teilhabe (AsylbLG);JAHR;Jahr;2025;QUARTG;Quartale;QUART3;3. Quartal;DINSG;Deutschland insgesamt;DG;Deutschland;LSTAT4;Leistungsart;TEILH-SOZ;Teilhabe am soz. u.kultur. Leben i.d. Gemeinschaft;STAKT2;Staatsangehörigkeit nach Kontinenten;SONSTIGE;Sonstige;485;Anzahl;EMP005;Empfänger von Leistungen für Bildung und Teilhabe
22251;Empfänger v.Lstg. f. Bildung u. Teilhabe (AsylbLG);JAHR;Jahr;2025;QUARTG;Quartale;QUART3;3. Quartal;DINSG;Deutschland insgesamt;DG;Deutschland;LSTAT4;Leistungsart;TEILH-SOZ;Teilhabe am soz. u.kultur. Leben i.d. Gemeinschaft;STAKT2;Staatsangehörigkeit nach Kontinenten;SONSTIGE;Sonstige;21998;EUR;LST014;Leistungen für Bildung und Teilhabe
22251;Empfänger v.Lstg. f. Bildung u. Teilhabe (AsylbLG);JAHR;Jahr;2025;QUARTG;Quartale;QUART1;1. Quartal;DINSG;Deutschland insgesamt;DG;Deutschland;LSTAT4;Leistungsart;SCL-BFRDG;Schülerbeförderung;STAKT2;Staatsangehörigkeit nach Kontinenten;EUROPA;Europa;1100;Anzahl;EMP005;Empfänger von Leistungen für Bildung und Teilhabe
22251;Empfänger v.Lstg. f. Bildung u. Teilhabe (AsylbLG);JAHR;Jahr;2025;QUARTG;Quartale;QUART1;1. Quartal;DINSG;Deutschland insgesamt;DG;Deutschland;LSTAT4;Leistungsart;SCL-BFRDG;Schülerbeförderung;STAKT2;Staatsangehörigkeit nach Kontinenten;EUROPA;Europa;102082;EUR;LST014;Leistungen für Bildung und Teilhabe
22251;Empfänger v.Lstg. f. Bildung u. Teilhabe (AsylbLG);JAHR;Jahr;2025;QUARTG;Quartale;QUART3;3. Quartal;DINSG;Deutschland insgesamt;DG;Deutschland;LSTAT4;Leistungsart;SCL-AUSFL;Schulausflüge;STAKT2;Staatsangehörigkeit nach Kontinenten;EUROPA;Europa;1295;Anzahl;EMP005;Empfänger von Leistungen für Bildung und Teilhabe
22251;Empfänger v.Lstg. f. Bildung u. Teilhabe (AsylbLG);JAHR;Jahr;2025;QUARTG;Quartale;QUART3;3. Quartal;DINSG;Deutschland insgesamt;DG;Deutschland;LSTAT4;Leistungsart;SCL-AUSFL;Schulausflüge;STAKT2;Staatsangehörigkeit nach Kontinenten;EUROPA;Europa;67313;EUR;LST014;Leistungen für Bildung und Teilhabe
22251;Empfänger v.Lstg. f. Bildung u. Teilhabe (AsylbLG);JAHR;Jahr;2025;QUARTG;Quartale;QUART1;1. Quartal;DINSG;Deutschland insgesamt;DG;Deutschland;LSTAT4;Leistungsart;SCL-BFRDG;Schülerbeförderung;STAKT2;Staatsangehörigkeit nach Kontinenten;SONSTIGE;Sonstige;240;Anzahl;EMP005;Empfänger von Leistungen für Bildung und Teilhabe
22251;Empfänger v.Lstg. f. Bildung u. Teilhabe (AsylbLG);JAHR;Jahr;2025;QUARTG;Quartale;QUART1;1. Quartal;DINSG;Deutschland insgesamt;DG;Deutschland;LSTAT4;Leistungsart;SCL-BFRDG;Schülerbeförderung;STAKT2;Staatsangehörigkeit nach Kontinenten;SONSTIGE;Sonstige;18517;EUR;LST014;Leistungen für Bildung und Teilhabe
22251;Empfänger v.Lstg. f. Bildung u. Teilhabe (AsylbLG);JAHR;Jahr;2025;QUARTG;Quartale;QUART4;4. Quartal;DINSG;Deutschland insgesamt;DG;Deutschland;LSTAT4;Leistungsart;SCL-BFRDG;Schülerbeförderung;STAKT2;Staatsangehörigkeit nach Kontinenten;;Insgesamt;2570;Anzahl;EMP005;Empfänger von Leistungen für Bildung und Teilhabe
22251;Empfänger v.Lstg. f. Bildung u. Teilhabe (AsylbLG);JAHR;Jahr;2025;QUARTG;Quartale;QUART4;4. Quartal;DINSG;Deutschland insgesamt;DG;Deutschland;LSTAT4;Leistungsart;SCL-BFRDG;Schülerbeförderung;STAKT2;Staatsangehörigkeit nach Kontinenten;;Insgesamt;256508;EUR;LST014;Leistungen für Bildung und Teilhabe
22251;Empfänger v.Lstg. f. Bildung u. Teilhabe (AsylbLG);JAHR;Jahr;2025;QUARTG;Quartale;QUART1;1. Quartal;DINSG;Deutschland insgesamt;DG;Deutschland;LSTAT4;Leistungsart;SCL-KLFHRT;Mehrtägige Klassenfahrten;STAKT2;Staatsangehörigkeit nach Kontinenten;AFRIKA;Afrika;380;Anzahl;EMP005;Empfänger von Leistungen für Bildung und Teilhabe
22251;Empfänger v.Lstg. f. Bildung u. Teilhabe (AsylbLG);JAHR;Jahr;2025;QUARTG;Quartale;QUART1;1. Quartal;DINSG;Deutschland insgesamt;DG;Deutschland;LSTAT4;Leistungsart;SCL-KLFHRT;Mehrtägige Klassenfahrten;STAKT2;Staatsangehörigkeit nach Kontinenten;AFRIKA;Afrika;116287;EUR;LST014;Leistungen für Bildung und Teilhabe
22251;Empfänger v.Lstg. f. Bildung u. Teilhabe (AsylbLG);JAHR;Jahr;2025;QUARTG;Quartale;QUART3;3. Quartal;DINSG;Deutschland insgesamt;DG;Deutschland;LSTAT4;Leistungsart;SCL-BFRDG;Schülerbeförderung;STAKT2;Staatsangehörigkeit nach Kontinenten;;Insgesamt;3240;Anzahl;EMP005;Empfänger von Leistungen für Bildung und Teilhabe
22251;Empfänger v.Lstg. f. Bildung u. Teilhabe (AsylbLG);JAHR;Jahr;2025;QUARTG;Quartale;QUART3;3. Quartal;DINSG;Deutschland insgesamt;DG;Deutschland;LSTAT4;Leistungsart;SCL-BFRDG;Schülerbeförderung;STAKT2;Staatsangehörigkeit nach Kontinenten;;Insgesamt;212253;EUR;LST014;Leistungen für Bildung und Teilhabe
22251;Empfänger v.Lstg. f. Bildung u. Teilhabe (AsylbLG);JAHR;Jahr;2025;QUARTG;Quartale;QUART2;2. Quartal;DINSG;Deutschland insgesamt;DG;Deutschland;LSTAT4;Leistungsart;SCL-KLFHRT;Mehrtägige Klassenfahrten;STAKT2;Staatsangehörigkeit nach Kontinenten;ASIEN;Asien;2145;Anzahl;EMP005;Empfänger von Leistungen für Bildung und Teilhabe
22251;Empfänger v.Lstg. f. Bildung u. Teilhabe (AsylbLG);JAHR;Jahr;2025;QUARTG;Quartale;QUART2;2. Quartal;DINSG;Deutschland insgesamt;DG;Deutschland;LSTAT4;Leistungsart;SCL-KLFHRT;Mehrtägige Klassenfahrten;STAKT2;Staatsangehörigkeit nach Kontinenten;ASIEN;Asien;550524;EUR;LST014;Leistungen für Bildung und Teilhabe
22251;Empfänger v.Lstg. f. Bildung u. Teilhabe (AsylbLG);JAHR;Jahr;2025;QUARTG;Quartale;QUART2;2. Quartal;DINSG;Deutschland insgesamt;DG;Deutschland;LSTAT4;Leistungsart;SCL-LFRDG;Lernförderung;STAKT2;Staatsangehörigkeit nach Kontinenten;EUROPA;Europa;1220;Anzahl;EMP005;Empfänger von Leistungen für Bildung und Teilhabe
22251;Empfänger v.Lstg. f. Bildung u. Teilhabe (AsylbLG);JAHR;Jahr;2025;QUARTG;Quartale;QUART2;2. Quartal;DINSG;Deutschland insgesamt;DG;Deutschland;LSTAT4;Leistungsart;SCL-LFRDG;Lernförderung;STAKT2;Staatsangehörigkeit nach Kontinenten;EUROPA;Europa;718407;EUR;LST014;Leistungen für Bildung und Teilhabe
22251;Empfänger v.Lstg. f. Bildung u. Teilhabe (AsylbLG);JAHR;Jahr;2025;QUARTG;Quartale;QUART2;2. Quartal;DINSG;Deutschland insgesamt;DG;Deutschland;LSTAT4;Leistungsart;SCL-BDRF;Schulbedarf;STAKT2;Staatsangehörigkeit nach Kontinenten;SONSTIGE;Sonstige;100;Anzahl;EMP005;Empfänger von Leistungen für Bildung und Teilhabe
22251;Empfänger v.Lstg. f. Bildung u. Teilhabe (AsylbLG);JAHR;Jahr;2025;QUARTG;Quartale;QUART2;2. Quartal;DINSG;Deutschland insgesamt;DG;Deutschland;LSTAT4;Leistungsart;SCL-BDRF;Schulbedarf;STAKT2;Staatsangehörigkeit nach Kontinenten;SONSTIGE;Sonstige;9855;EUR;LST014;Leistungen für Bildung und Teilhabe
22251;Empfänger v.Lstg. f. Bildung u. Teilhabe (AsylbLG);JAHR;Jahr;2025;QUARTG;Quartale;QUART1;1. Quartal;DINSG;Deutschland insgesamt;DG;Deutschland;LSTAT4;Leistungsart;SCL-BDRF;Schulbedarf;STAKT2;Staatsangehörigkeit nach Kontinenten;EUROPA;Europa;19535;Anzahl;EMP005;Empfänger von Leistungen für Bildung und Teilhabe
22251;Empfänger v.Lstg. f. Bildung u. Teilhabe (AsylbLG);JAHR;Jahr;2025;QUARTG;Quartale;QUART1;1. Quartal;DINSG;Deutschland insgesamt;DG;Deutschland;LSTAT4;Leistungsart;SCL-BDRF;Schulbedarf;STAKT2;Staatsangehörigkeit nach Kontinenten;EUROPA;Europa;1338582;EUR;LST014;Leistungen für Bildung und Teilhabe
22251;Empfänger v.Lstg. f. Bildung u. Teilhabe (AsylbLG);JAHR;Jahr;2025;QUARTG;Quartale;QUART1;1. Quartal;DINSG;Deutschland insgesamt;DG;Deutschland;LSTAT4;Leistungsart;SCL-BDRF;Schulbedarf;STAKT2;Staatsangehörigkeit nach Kontinenten;SONSTIGE;Sonstige;2830;Anzahl;EMP005;Empfänger von Leistungen für Bildung und Teilhabe
22251;Empfänger v.Lstg. f. Bildung u. Teilhabe (AsylbLG);JAHR;Jahr;2025;QUARTG;Quartale;QUART1;1. Quartal;DINSG;Deutschland insgesamt;DG;Deutschland;LSTAT4;Leistungsart;SCL-BDRF;Schulbedarf;STAKT2;Staatsangehörigkeit nach Kontinenten;SONSTIGE;Sonstige;194070;EUR;LST014;Leistungen für Bildung und Teilhabe
22251;Empfänger v.Lstg. f. Bildung u. Teilhabe (AsylbLG);JAHR;Jahr;2025;QUARTG;Quartale;QUART3;3. Quartal;DINSG;Deutschland insgesamt;DG;Deutschland;LSTAT4;Leistungsart;SCL-BDRF;Schulbedarf;STAKT2;Staatsangehörigkeit nach Kontinenten;AFRIKA;Afrika;4845;Anzahl;EMP005;Empfänger von Leistungen für Bildung und Teilhabe
22251;Empfänger v.Lstg. f. Bildung u. Teilhabe (AsylbLG);JAHR;Jahr;2025;QUARTG;Quartale;QUART3;3. Quartal;DINSG;Deutschland insgesamt;DG;Deutschland;LSTAT4;Leistungsart;SCL-BDRF;Schulbedarf;STAKT2;Staatsangehörigkeit nach Kontinenten;AFRIKA;Afrika;630314;EUR;LST014;Leistungen für Bildung und Teilhabe
22251;Empfänger v.Lstg. f. Bildung u. Teilhabe (AsylbLG);JAHR;Jahr;2025;QUARTG;Quartale;QUART1;1. Quartal;DINSG;Deutschland insgesamt;DG;Deutschland;LSTAT4;Leistungsart;SCL-VERPFL;Mittagsverpflegung;STAKT2;Staatsangehörigkeit nach Kontinenten;ASIEN;Asien;11835;Anzahl;EMP005;Empfänger von Leistungen für Bildung und Teilhabe
22251;Empfänger v.Lstg. f. Bildung u. Teilhabe (AsylbLG);JAHR;Jahr;2025;QUARTG;Quartale;QUART1;1. Quartal;DINSG;Deutschland insgesamt;DG;Deutschland;LSTAT4;Leistungsart;SCL-VERPFL;Mittagsverpflegung;STAKT2;Staatsangehörigkeit nach Kontinenten;ASIEN;Asien;2333418;EUR;LST014;Leistungen für Bildung und Teilhabe
22251;Empfänger v.Lstg. f. Bildung u. Teilhabe (AsylbLG);JAHR;Jahr;2025;QUARTG;Quartale;QUART1;1. Quartal;DINSG;Deutschland insgesamt;DG;Deutschland;LSTAT4;Leistungsart;SCL-LFRDG;Lernförderung;STAKT2;Staatsangehörigkeit nach Kontinenten;AFRIKA;Afrika;300;Anzahl;EMP005;Empfänger von Leistungen für Bildung und Teilhabe
22251;Empfänger v.Lstg. f. Bildung u. Teilhabe (AsylbLG);JAHR;Jahr;2025;QUARTG;Quartale;QUART1;1. Quartal;DINSG;Deutschland insgesamt;DG;Deutschland;LSTAT4;Leistungsart;SCL-LFRDG;Lernförderung;STAKT2;Staatsangehörigkeit nach Kontinenten;AFRIKA;Afrika;137456;EUR;LST014;Leistungen für Bildung und Teilhabe
22251;Empfänger v.Lstg. f. Bildung u. Teilhabe (AsylbLG);JAHR;Jahr;2025;QUARTG;Quartale;QUART1;1. Quartal;DINSG;Deutschland insgesamt;DG;Deutschland;LSTAT4;Leistungsart;TEILH-SOZ;Teilhabe am soz. u.kultur. Leben i.d. Gemeinschaft;STAKT2;Staatsangehörigkeit nach Kontinenten;ASIEN;Asien;3505;Anzahl;EMP005;Empfänger von Leistungen für Bildung und Teilhabe
22251;Empfänger v.Lstg. f. Bildung u. Teilhabe (AsylbLG);JAHR;Jahr;2025;QUARTG;Quartale;QUART1;1. Quartal;DINSG;Deutschland insgesamt;DG;Deutschland;LSTAT4;Leistungsart;TEILH-SOZ;Teilhabe am soz. u.kultur. Leben i.d. Gemeinschaft;STAKT2;Staatsangehörigkeit nach Kontinenten;ASIEN;Asien;154447;EUR;LST014;Leistungen für Bildung und Teilhabe
22251;Empfänger v.Lstg. f. Bildung u. Teilhabe (AsylbLG);JAHR;Jahr;2025;QUARTG;Quartale;QUART4;4. Quartal;DINSG;Deutschland insgesamt;DG;Deutschland;LSTAT4;Leistungsart;SCL-KLFHRT;Mehrtägige Klassenfahrten;STAKT2;Staatsangehörigkeit nach Kontinenten;SONSTIGE;Sonstige;200;Anzahl;EMP005;Empfänger von Leistungen für Bildung und Teilhabe
22251;Empfänger v.Lstg. f. Bildung u. Teilhabe (AsylbLG);JAHR;Jahr;2025;QUARTG;Quartale;QUART4;4. Quartal;DINSG;Deutschland insgesamt;DG;Deutschland;LSTAT4;Leistungsart;SCL-KLFHRT;Mehrtägige Klassenfahrten;STAKT2;Staatsangehörigkeit nach Kontinenten;SONSTIGE;Sonstige;73286;EUR;LST014;Leistungen für Bildung und Teilhabe
22251;Empfänger v.Lstg. f. Bildung u. Teilhabe (AsylbLG);JAHR;Jahr;2025;QUARTG;Quartale;QUART1;1. Quartal;DINSG;Deutschland insgesamt;DG;Deutschland;LSTAT4;Leistungsart;SCL-LFRDG;Lernförderung;STAKT2;Staatsangehörigkeit nach Kontinenten;ASIEN;Asien;1910;Anzahl;EMP005;Empfänger von Leistungen für Bildung und Teilhabe
22251;Empfänger v.Lstg. f. Bildung u. Teilhabe (AsylbLG);JAHR;Jahr;2025;QUARTG;Quartale;QUART1;1. Quartal;DINSG;Deutschland insgesamt;DG;Deutschland;LSTAT4;Leistungsart;SCL-LFRDG;Lernförderung;STAKT2;Staatsangehörigkeit nach Kontinenten;ASIEN;Asien;929878;EUR;LST014;Leistungen für Bildung und Teilhabe
22251;Empfänger v.Lstg. f. Bildung u. Teilhabe (AsylbLG);JAHR;Jahr;2025;QUARTG;Quartale;QUART2;2. Quartal;DINSG;Deutschland insgesamt;DG;Deutschland;LSTAT4;Leistungsart;SCL-BFRDG;Schülerbeförderung;STAKT2;Staatsangehörigkeit nach Kontinenten;;Insgesamt;3135;Anzahl;EMP005;Empfänger von Leistungen für Bildung und Teilhabe
22251;Empfänger v.Lstg. f. Bildung u. Teilhabe (AsylbLG);JAHR;Jahr;2025;QUARTG;Quartale;QUART2;2. Quartal;DINSG;Deutschland insgesamt;DG;Deutschland;LSTAT4;Leistungsart;SCL-BFRDG;Schülerbeförderung;STAKT2;Staatsangehörigkeit nach Kontinenten;;Insgesamt;300771;EUR;LST014;Leistungen für Bildung und Teilhabe
22251;Empfänger v.Lstg. f. Bildung u. Teilhabe (AsylbLG);JAHR;Jahr;2025;QUARTG;Quartale;QUART1;1. Quartal;DINSG;Deutschland insgesamt;DG;Deutschland;LSTAT4;Leistungsart;SCL-BFRDG;Schülerbeförderung;STAKT2;Staatsangehörigkeit nach Kontinenten;;Insgesamt;3005;Anzahl;EMP005;Empfänger von Leistungen für Bildung und Teilhabe
22251;Empfänger v.Lstg. f. Bildung u. Teilhabe (AsylbLG);JAHR;Jahr;2025;QUARTG;Quartale;QUART1;1. Quartal;DINSG;Deutschland insgesamt;DG;Deutschland;LSTAT4;Leistungsart;SCL-BFRDG;Schülerbeförderung;STAKT2;Staatsangehörigkeit nach Kontinenten;;Insgesamt;270153;EUR;LST014;Leistungen für Bildung und Teilhabe
22251;Empfänger v.Lstg. f. Bildung u. Teilhabe (AsylbLG);JAHR;Jahr;2025;QUARTG;Quartale;QUART4;4. Quartal;DINSG;Deutschland insgesamt;DG;Deutschland;LSTAT4;Leistungsart;SCL-KLFHRT;Mehrtägige Klassenfahrten;STAKT2;Staatsangehörigkeit nach Kontinenten;ASIEN;Asien;1565;Anzahl;EMP005;Empfänger von Leistungen für Bildung und Teilhabe
22251;Empfänger v.Lstg. f. Bildung u. Teilhabe (AsylbLG);JAHR;Jahr;2025;QUARTG;Quartale;QUART4;4. Quartal;DINSG;Deutschland insgesamt;DG;Deutschland;LSTAT4;Leistungsart;SCL-KLFHRT;Mehrtägige Klassenfahrten;STAKT2;Staatsangehörigkeit nach Kontinenten;ASIEN;Asien;461960;EUR;LST014;Leistungen für Bildung und Teilhabe
22251;Empfänger v.Lstg. f. Bildung u. Teilhabe (AsylbLG);JAHR;Jahr;2025;QUARTG;Quartale;QUART3;3. Quartal;DINSG;Deutschland insgesamt;DG;Deutschland;LSTAT4;Leistungsart;TEILH-SOZ;Teilhabe am soz. u.kultur. Leben i.d. Gemeinschaft;STAKT2;Staatsangehörigkeit nach Kontinenten;;Insgesamt;7220;Anzahl;EMP005;Empfänger von Leistungen für Bildung und Teilhabe
22251;Empfänger v.Lstg. f. Bildung u. Teilhabe (AsylbLG);JAHR;Jahr;2025;QUARTG;Quartale;QUART3;3. Quartal;DINSG;Deutschland insgesamt;DG;Deutschland;LSTAT4;Leistungsart;TEILH-SOZ;Teilhabe am soz. u.kultur. Leben i.d. Gemeinschaft;STAKT2;Staatsangehörigkeit nach Kontinenten;;Insgesamt;308364;EUR;LST014;Leistungen für Bildung und Teilhabe
22251;Empfänger v.Lstg. f. Bildung u. Teilhabe (AsylbLG);JAHR;Jahr;2025;QUARTG;Quartale;QUART1;1. Quartal;DINSG;Deutschland insgesamt;DG;Deutschland;LSTAT4;Leistungsart;TEILH-SOZ;Teilhabe am soz. u.kultur. Leben i.d. Gemeinschaft;STAKT2;Staatsangehörigkeit nach Kontinenten;;Insgesamt;7305;Anzahl;EMP005;Empfänger von Leistungen für Bildung und Teilhabe
22251;Empfänger v.Lstg. f. Bildung u. Teilhabe (AsylbLG);JAHR;Jahr;2025;QUARTG;Quartale;QUART1;1. Quartal;DINSG;Deutschland insgesamt;DG;Deutschland;LSTAT4;Leistungsart;TEILH-SOZ;Teilhabe am soz. u.kultur. Leben i.d. Gemeinschaft;STAKT2;Staatsangehörigkeit nach Kontinenten;;Insgesamt;322130;EUR;LST014;Leistungen für Bildung und Teilhabe
22251;Empfänger v.Lstg. f. Bildung u. Teilhabe (AsylbLG);JAHR;Jahr;2025;QUARTG;Quartale;QUART4;4. Quartal;DINSG;Deutschland insgesamt;DG;Deutschland;LSTAT4;Leistungsart;TEILH-SOZ;Teilhabe am soz. u.kultur. Leben i.d. Gemeinschaft;STAKT2;Staatsangehörigkeit nach Kontinenten;;Insgesamt;6995;Anzahl;EMP005;Empfänger von Leistungen für Bildung und Teilhabe
22251;Empfänger v.Lstg. f. Bildung u. Teilhabe (AsylbLG);JAHR;Jahr;2025;QUARTG;Quartale;QUART4;4. Quartal;DINSG;Deutschland insgesamt;DG;Deutschland;LSTAT4;Leistungsart;TEILH-SOZ;Teilhabe am soz. u.kultur. Leben i.d. Gemeinschaft;STAKT2;Staatsangehörigkeit nach Kontinenten;;Insgesamt;309801;EUR;LST014;Leistungen für Bildung und Teilhabe
22251;Empfänger v.Lstg. f. Bildung u. Teilhabe (AsylbLG);JAHR;Jahr;2025;QUARTG;Quartale;QUART2;2. Quartal;DINSG;Deutschland insgesamt;DG;Deutschland;LSTAT4;Leistungsart;SCL-BFRDG;Schülerbeförderung;STAKT2;Staatsangehörigkeit nach Kontinenten;ASIEN;Asien;1480;Anzahl;EMP005;Empfänger von Leistungen für Bildung und Teilhabe
22251;Empfänger v.Lstg. f. Bildung u. Teilhabe (AsylbLG);JAHR;Jahr;2025;QUARTG;Quartale;QUART2;2. Quartal;DINSG;Deutschland insgesamt;DG;Deutschland;LSTAT4;Leistungsart;SCL-BFRDG;Schülerbeförderung;STAKT2;Staatsangehörigkeit nach Kontinenten;ASIEN;Asien;140249;EUR;LST014;Leistungen für Bildung und Teilhabe
22251;Empfänger v.Lstg. f. Bildung u. Teilhabe (AsylbLG);JAHR;Jahr;2025;QUARTG;Quartale;QUART2;2. Quartal;DINSG;Deutschland insgesamt;DG;Deutschland;LSTAT4;Leistungsart;TEILH-SOZ;Teilhabe am soz. u.kultur. Leben i.d. Gemeinschaft;STAKT2;Staatsangehörigkeit nach Kontinenten;;Insgesamt;7175;Anzahl;EMP005;Empfänger von Leistungen für Bildung und Teilhabe
22251;Empfänger v.Lstg. f. Bildung u. Teilhabe (AsylbLG);JAHR;Jahr;2025;QUARTG;Quartale;QUART2;2. Quartal;DINSG;Deutschland insgesamt;DG;Deutschland;LSTAT4;Leistungsart;TEILH-SOZ;Teilhabe am soz. u.kultur. Leben i.d. Gemeinschaft;STAKT2;Staatsangehörigkeit nach Kontinenten;;Insgesamt;317018;EUR;LST014;Leistungen für Bildung und Teilhabe
22251;Empfänger v.Lstg. f. Bildung u. Teilhabe (AsylbLG);JAHR;Jahr;2025;QUARTG;Quartale;QUART2;2. Quartal;DINSG;Deutschland insgesamt;DG;Deutschland;LSTAT4;Leistungsart;TEILH-SOZ;Teilhabe am soz. u.kultur. Leben i.d. Gemeinschaft;STAKT2;Staatsangehörigkeit nach Kontinenten;SONSTIGE;Sonstige;530;Anzahl;EMP005;Empfänger von Leistungen für Bildung und Teilhabe
22251;Empfänger v.Lstg. f. Bildung u. Teilhabe (AsylbLG);JAHR;Jahr;2025;QUARTG;Quartale;QUART2;2. Quartal;DINSG;Deutschland insgesamt;DG;Deutschland;LSTAT4;Leistungsart;TEILH-SOZ;Teilhabe am soz. u.kultur. Leben i.d. Gemeinschaft;STAKT2;Staatsangehörigkeit nach Kontinenten;SONSTIGE;Sonstige;22688;EUR;LST014;Leistungen für Bildung und Teilhabe
22251;Empfänger v.Lstg. f. Bildung u. Teilhabe (AsylbLG);JAHR;Jahr;2025;QUARTG;Quartale;QUART4;4. Quartal;DINSG;Deutschland insgesamt;DG;Deutschland;LSTAT4;Leistungsart;SCL-BDRF;Schulbedarf;STAKT2;Staatsangehörigkeit nach Kontinenten;EUROPA;Europa;1155;Anzahl;EMP005;Empfänger von Leistungen für Bildung und Teilhabe
22251;Empfänger v.Lstg. f. Bildung u. Teilhabe (AsylbLG);JAHR;Jahr;2025;QUARTG;Quartale;QUART4;4. Quartal;DINSG;Deutschland insgesamt;DG;Deutschland;LSTAT4;Leistungsart;SCL-BDRF;Schulbedarf;STAKT2;Staatsangehörigkeit nach Kontinenten;EUROPA;Europa;143088;EUR;LST014;Leistungen für Bildung und Teilhabe
22251;Empfänger v.Lstg. f. Bildung u. Teilhabe (AsylbLG);JAHR;Jahr;2025;QUARTG;Quartale;QUART2;2. Quartal;DINSG;Deutschland insgesamt;DG;Deutschland;LSTAT4;Leistungsart;SCL-AUSFL;Schulausflüge;STAKT2;Staatsangehörigkeit nach Kontinenten;SONSTIGE;Sonstige;255;Anzahl;EMP005;Empfänger von Leistungen für Bildung und Teilhabe
22251;Empfänger v.Lstg. f. Bildung u. Teilhabe (AsylbLG);JAHR;Jahr;2025;QUARTG;Quartale;QUART2;2. Quartal;DINSG;Deutschland insgesamt;DG;Deutschland;LSTAT4;Leistungsart;SCL-AUSFL;Schulausflüge;STAKT2;Staatsangehörigkeit nach Kontinenten;SONSTIGE;Sonstige;11195;EUR;LST014;Leistungen für Bildung und Teilhabe
22251;Empfänger v.Lstg. f. Bildung u. Teilhabe (AsylbLG);JAHR;Jahr;2025;QUARTG;Quartale;QUART4;4. Quartal;DINSG;Deutschland insgesamt;DG;Deutschland;LSTAT4;Leistungsart;SCL-BDRF;Schulbedarf;STAKT2;Staatsangehörigkeit nach Kontinenten;SONSTIGE;Sonstige;160;Anzahl;EMP005;Empfänger von Leistungen für Bildung und Teilhabe
22251;Empfänger v.Lstg. f. Bildung u. Teilhabe (AsylbLG);JAHR;Jahr;2025;QUARTG;Quartale;QUART4;4. Quartal;DINSG;Deutschland insgesamt;DG;Deutschland;LSTAT4;Leistungsart;SCL-BDRF;Schulbedarf;STAKT2;Staatsangehörigkeit nach Kontinenten;SONSTIGE;Sonstige;19439;EUR;LST014;Leistungen für Bildung und Teilhabe
22251;Empfänger v.Lstg. f. Bildung u. Teilhabe (AsylbLG);JAHR;Jahr;2025;QUARTG;Quartale;QUART2;2. Quartal;DINSG;Deutschland insgesamt;DG;Deutschland;LSTAT4;Leistungsart;TEILH-SOZ;Teilhabe am soz. u.kultur. Leben i.d. Gemeinschaft;STAKT2;Staatsangehörigkeit nach Kontinenten;AFRIKA;Afrika;930;Anzahl;EMP005;Empfänger von Leistungen für Bildung und Teilhabe
22251;Empfänger v.Lstg. f. Bildung u. Teilhabe (AsylbLG);JAHR;Jahr;2025;QUARTG;Quartale;QUART2;2. Quartal;DINSG;Deutschland insgesamt;DG;Deutschland;LSTAT4;Leistungsart;TEILH-SOZ;Teilhabe am soz. u.kultur. Leben i.d. Gemeinschaft;STAKT2;Staatsangehörigkeit nach Kontinenten;AFRIKA;Afrika;40740;EUR;LST014;Leistungen für Bildung und Teilhabe
22251;Empfänger v.Lstg. f. Bildung u. Teilhabe (AsylbLG);JAHR;Jahr;2025;QUARTG;Quartale;QUART3;3. Quartal;DINSG;Deutschland insgesamt;DG;Deutschland;LSTAT4;Leistungsart;SCL-BDRF;Schulbedarf;STAKT2;Staatsangehörigkeit nach Kontinenten;SONSTIGE;Sonstige;2740;Anzahl;EMP005;Empfänger von Leistungen für Bildung und Teilhabe
22251;Empfänger v.Lstg. f. Bildung u. Teilhabe (AsylbLG);JAHR;Jahr;2025;QUARTG;Quartale;QUART3;3. Quartal;DINSG;Deutschland insgesamt;DG;Deutschland;LSTAT4;Leistungsart;SCL-BDRF;Schulbedarf;STAKT2;Staatsangehörigkeit nach Kontinenten;SONSTIGE;Sonstige;354554;EUR;LST014;Leistungen für Bildung und Teilhabe
22251;Empfänger v.Lstg. f. Bildung u. Teilhabe (AsylbLG);JAHR;Jahr;2025;QUARTG;Quartale;QUART2;2. Quartal;DINSG;Deutschland insgesamt;DG;Deutschland;LSTAT4;Leistungsart;SCL-LFRDG;Lernförderung;STAKT2;Staatsangehörigkeit nach Kontinenten;SONSTIGE;Sonstige;415;Anzahl;EMP005;Empfänger von Leistungen für Bildung und Teilhabe
22251;Empfänger v.Lstg. f. Bildung u. Teilhabe (AsylbLG);JAHR;Jahr;2025;QUARTG;Quartale;QUART2;2. Quartal;DINSG;Deutschland insgesamt;DG;Deutschland;LSTAT4;Leistungsart;SCL-LFRDG;Lernförderung;STAKT2;Staatsangehörigkeit nach Kontinenten;SONSTIGE;Sonstige;264715;EUR;LST014;Leistungen für Bildung und Teilhabe
22251;Empfänger v.Lstg. f. Bildung u. Teilhabe (AsylbLG);JAHR;Jahr;2025;QUARTG;Quartale;QUART2;2. Quartal;DINSG;Deutschland insgesamt;DG;Deutschland;LSTAT4;Leistungsart;SCL-AUSFL;Schulausflüge;STAKT2;Staatsangehörigkeit nach Kontinenten;AFRIKA;Afrika;485;Anzahl;EMP005;Empfänger von Leistungen für Bildung und Teilhabe
22251;Empfänger v.Lstg. f. Bildung u. Teilhabe (AsylbLG);JAHR;Jahr;2025;QUARTG;Quartale;QUART2;2. Quartal;DINSG;Deutschland insgesamt;DG;Deutschland;LSTAT4;Leistungsart;SCL-AUSFL;Schulausflüge;STAKT2;Staatsangehörigkeit nach Kontinenten;AFRIKA;Afrika;21459;EUR;LST014;Leistungen für Bildung und Teilhabe
22251;Empfänger v.Lstg. f. Bildung u. Teilhabe (AsylbLG);JAHR;Jahr;2025;QUARTG;Quartale;QUART1;1. Quartal;DINSG;Deutschland insgesamt;DG;Deutschland;LSTAT4;Leistungsart;SCL-AUSFL;Schulausflüge;STAKT2;Staatsangehörigkeit nach Kontinenten;EUROPA;Europa;1300;Anzahl;EMP005;Empfänger von Leistungen für Bildung und Teilhabe
22251;Empfänger v.Lstg. f. Bildung u. Teilhabe (AsylbLG);JAHR;Jahr;2025;QUARTG;Quartale;QUART1;1. Quartal;DINSG;Deutschland insgesamt;DG;Deutschland;LSTAT4;Leistungsart;SCL-AUSFL;Schulausflüge;STAKT2;Staatsangehörigkeit nach Kontinenten;EUROPA;Europa;62324;EUR;LST014;Leistungen für Bildung und Teilhabe
22251;Empfänger v.Lstg. f. Bildung u. Teilhabe (AsylbLG);JAHR;Jahr;2025;QUARTG;Quartale;QUART4;4. Quartal;DINSG;Deutschland insgesamt;DG;Deutschland;LSTAT4;Leistungsart;TEILH-SOZ;Teilhabe am soz. u.kultur. Leben i.d. Gemeinschaft;STAKT2;Staatsangehörigkeit nach Kontinenten;ASIEN;Asien;3480;Anzahl;EMP005;Empfänger von Leistungen für Bildung und Teilhabe
22251;Empfänger v.Lstg. f. Bildung u. Teilhabe (AsylbLG);JAHR;Jahr;2025;QUARTG;Quartale;QUART4;4. Quartal;DINSG;Deutschland insgesamt;DG;Deutschland;LSTAT4;Leistungsart;TEILH-SOZ;Teilhabe am soz. u.kultur. Leben i.d. Gemeinschaft;STAKT2;Staatsangehörigkeit nach Kontinenten;ASIEN;Asien;155426;EUR;LST014;Leistungen für Bildung und Teilhabe
22251;Empfänger v.Lstg. f. Bildung u. Teilhabe (AsylbLG);JAHR;Jahr;2025;QUARTG;Quartale;QUART2;2. Quartal;DINSG;Deutschland insgesamt;DG;Deutschland;LSTAT4;Leistungsart;SCL-BDRF;Schulbedarf;STAKT2;Staatsangehörigkeit nach Kontinenten;;Insgesamt;1440;Anzahl;EMP005;Empfänger von Leistungen für Bildung und Teilhabe
22251;Empfänger v.Lstg. f. Bildung u. Teilhabe (AsylbLG);JAHR;Jahr;2025;QUARTG;Quartale;QUART2;2. Quartal;DINSG;Deutschland insgesamt;DG;Deutschland;LSTAT4;Leistungsart;SCL-BDRF;Schulbedarf;STAKT2;Staatsangehörigkeit nach Kontinenten;;Insgesamt;140130;EUR;LST014;Leistungen für Bildung und Teilhabe
22251;Empfänger v.Lstg. f. Bildung u. Teilhabe (AsylbLG);JAHR;Jahr;2025;QUARTG;Quartale;QUART1;1. Quartal;DINSG;Deutschland insgesamt;DG;Deutschland;LSTAT4;Leistungsart;TEILH-SOZ;Teilhabe am soz. u.kultur. Leben i.d. Gemeinschaft;STAKT2;Staatsangehörigkeit nach Kontinenten;EUROPA;Europa;2350;Anzahl;EMP005;Empfänger von Leistungen für Bildung und Teilhabe
22251;Empfänger v.Lstg. f. Bildung u. Teilhabe (AsylbLG);JAHR;Jahr;2025;QUARTG;Quartale;QUART1;1. Quartal;DINSG;Deutschland insgesamt;DG;Deutschland;LSTAT4;Leistungsart;TEILH-SOZ;Teilhabe am soz. u.kultur. Leben i.d. Gemeinschaft;STAKT2;Staatsangehörigkeit nach Kontinenten;EUROPA;Europa;103072;EUR;LST014;Leistungen für Bildung und Teilhabe
22251;Empfänger v.Lstg. f. Bildung u. Teilhabe (AsylbLG);JAHR;Jahr;2025;QUARTG;Quartale;QUART2;2. Quartal;DINSG;Deutschland insgesamt;DG;Deutschland;LSTAT4;Leistungsart;SCL-VERPFL;Mittagsverpflegung;STAKT2;Staatsangehörigkeit nach Kontinenten;;Insgesamt;25775;Anzahl;EMP005;Empfänger von Leistungen für Bildung und Teilhabe
22251;Empfänger v.Lstg. f. Bildung u. Teilhabe (AsylbLG);JAHR;Jahr;2025;QUARTG;Quartale;QUART2;2. Quartal;DINSG;Deutschland insgesamt;DG;Deutschland;LSTAT4;Leistungsart;SCL-VERPFL;Mittagsverpflegung;STAKT2;Staatsangehörigkeit nach Kontinenten;;Insgesamt;4973087;EUR;LST014;Leistungen für Bildung und Teilhabe
22251;Empfänger v.Lstg. f. Bildung u. Teilhabe (AsylbLG);JAHR;Jahr;2025;QUARTG;Quartale;QUART4;4. Quartal;DINSG;Deutschland insgesamt;DG;Deutschland;LSTAT4;Leistungsart;SCL-AUSFL;Schulausflüge;STAKT2;Staatsangehörigkeit nach Kontinenten;AFRIKA;Afrika;445;Anzahl;EMP005;Empfänger von Leistungen für Bildung und Teilhabe
22251;Empfänger v.Lstg. f. Bildung u. Teilhabe (AsylbLG);JAHR;Jahr;2025;QUARTG;Quartale;QUART4;4. Quartal;DINSG;Deutschland insgesamt;DG;Deutschland;LSTAT4;Leistungsart;SCL-AUSFL;Schulausflüge;STAKT2;Staatsangehörigkeit nach Kontinenten;AFRIKA;Afrika;21465;EUR;LST014;Leistungen für Bildung und Teilhabe
22251;Empfänger v.Lstg. f. Bildung u. Teilhabe (AsylbLG);JAHR;Jahr;2025;QUARTG;Quartale;QUART3;3. Quartal;DINSG;Deutschland insgesamt;DG;Deutschland;LSTAT4;Leistungsart;TEILH-SOZ;Teilhabe am soz. u.kultur. Leben i.d. Gemeinschaft;STAKT2;Staatsangehörigkeit nach Kontinenten;EUROPA;Europa;2220;Anzahl;EMP005;Empfänger von Leistungen für Bildung und Teilhabe
22251;Empfänger v.Lstg. f. Bildung u. Teilhabe (AsylbLG);JAHR;Jahr;2025;QUARTG;Quartale;QUART3;3. Quartal;DINSG;Deutschland insgesamt;DG;Deutschland;LSTAT4;Leistungsart;TEILH-SOZ;Teilhabe am soz. u.kultur. Leben i.d. Gemeinschaft;STAKT2;Staatsangehörigkeit nach Kontinenten;EUROPA;Europa;92093;EUR;LST014;Leistungen für Bildung und Teilhabe
22251;Empfänger v.Lstg. f. Bildung u. Teilhabe (AsylbLG);JAHR;Jahr;2025;QUARTG;Quartale;QUART4;4. Quartal;DINSG;Deutschland insgesamt;DG;Deutschland;LSTAT4;Leistungsart;SCL-LFRDG;Lernförderung;STAKT2;Staatsangehörigkeit nach Kontinenten;ASIEN;Asien;1435;Anzahl;EMP005;Empfänger von Leistungen für Bildung und Teilhabe
22251;Empfänger v.Lstg. f. Bildung u. Teilhabe (AsylbLG);JAHR;Jahr;2025;QUARTG;Quartale;QUART4;4. Quartal;DINSG;Deutschland insgesamt;DG;Deutschland;LSTAT4;Leistungsart;SCL-LFRDG;Lernförderung;STAKT2;Staatsangehörigkeit nach Kontinenten;ASIEN;Asien;915288;EUR;LST014;Leistungen für Bildung und Teilhabe
22251;Empfänger v.Lstg. f. Bildung u. Teilhabe (AsylbLG);JAHR;Jahr;2025;QUARTG;Quartale;QUART4;4. Quartal;DINSG;Deutschland insgesamt;DG;Deutschland;LSTAT4;Leistungsart;TEILH-SOZ;Teilhabe am soz. u.kultur. Leben i.d. Gemeinschaft;STAKT2;Staatsangehörigkeit nach Kontinenten;AFRIKA;Afrika;905;Anzahl;EMP005;Empfänger von Leistungen für Bildung und Teilhabe
22251;Empfänger v.Lstg. f. Bildung u. Teilhabe (AsylbLG);JAHR;Jahr;2025;QUARTG;Quartale;QUART4;4. Quartal;DINSG;Deutschland insgesamt;DG;Deutschland;LSTAT4;Leistungsart;TEILH-SOZ;Teilhabe am soz. u.kultur. Leben i.d. Gemeinschaft;STAKT2;Staatsangehörigkeit nach Kontinenten;AFRIKA;Afrika;39750;EUR;LST014;Leistungen für Bildung und Teilhabe
22251;Empfänger v.Lstg. f. Bildung u. Teilhabe (AsylbLG);JAHR;Jahr;2025;QUARTG;Quartale;QUART4;4. Quartal;DINSG;Deutschland insgesamt;DG;Deutschland;LSTAT4;Leistungsart;SCL-BDRF;Schulbedarf;STAKT2;Staatsangehörigkeit nach Kontinenten;;Insgesamt;3665;Anzahl;EMP005;Empfänger von Leistungen für Bildung und Teilhabe
22251;Empfänger v.Lstg. f. Bildung u. Teilhabe (AsylbLG);JAHR;Jahr;2025;QUARTG;Quartale;QUART4;4. Quartal;DINSG;Deutschland insgesamt;DG;Deutschland;LSTAT4;Leistungsart;SCL-BDRF;Schulbedarf;STAKT2;Staatsangehörigkeit nach Kontinenten;;Insgesamt;459677;EUR;LST014;Leistungen für Bildung und Teilhabe
22251;Empfänger v.Lstg. f. Bildung u. Teilhabe (AsylbLG);JAHR;Jahr;2025;QUARTG;Quartale;QUART3;3. Quartal;DINSG;Deutschland insgesamt;DG;Deutschland;LSTAT4;Leistungsart;SCL-KLFHRT;Mehrtägige Klassenfahrten;STAKT2;Staatsangehörigkeit nach Kontinenten;ASIEN;Asien;1575;Anzahl;EMP005;Empfänger von Leistungen für Bildung und Teilhabe
22251;Empfänger v.Lstg. f. Bildung u. Teilhabe (AsylbLG);JAHR;Jahr;2025;QUARTG;Quartale;QUART3;3. Quartal;DINSG;Deutschland insgesamt;DG;Deutschland;LSTAT4;Leistungsart;SCL-KLFHRT;Mehrtägige Klassenfahrten;STAKT2;Staatsangehörigkeit nach Kontinenten;ASIEN;Asien;424399;EUR;LST014;Leistungen für Bildung und Teilhabe
22251;Empfänger v.Lstg. f. Bildung u. Teilhabe (AsylbLG);JAHR;Jahr;2025;QUARTG;Quartale;QUART2;2. Quartal;DINSG;Deutschland insgesamt;DG;Deutschland;LSTAT4;Leistungsart;SCL-AUSFL;Schulausflüge;STAKT2;Staatsangehörigkeit nach Kontinenten;EUROPA;Europa;1490;Anzahl;EMP005;Empfänger von Leistungen für Bildung und Teilhabe
22251;Empfänger v.Lstg. f. Bildung u. Teilhabe (AsylbLG);JAHR;Jahr;2025;QUARTG;Quartale;QUART2;2. Quartal;DINSG;Deutschland insgesamt;DG;Deutschland;LSTAT4;Leistungsart;SCL-AUSFL;Schulausflüge;STAKT2;Staatsangehörigkeit nach Kontinenten;EUROPA;Europa;65382;EUR;LST014;Leistungen für Bildung und Teilhabe
22251;Empfänger v.Lstg. f. Bildung u. Teilhabe (AsylbLG);JAHR;Jahr;2025;QUARTG;Quartale;QUART3;3. Quartal;DINSG;Deutschland insgesamt;DG;Deutschland;LSTAT4;Leistungsart;SCL-LFRDG;Lernförderung;STAKT2;Staatsangehörigkeit nach Kontinenten;;Insgesamt;3690;Anzahl;EMP005;Empfänger von Leistungen für Bildung und Teilhabe
22251;Empfänger v.Lstg. f. Bildung u. Teilhabe (AsylbLG);JAHR;Jahr;2025;QUARTG;Quartale;QUART3;3. Quartal;DINSG;Deutschland insgesamt;DG;Deutschland;LSTAT4;Leistungsart;SCL-LFRDG;Lernförderung;STAKT2;Staatsangehörigkeit nach Kontinenten;;Insgesamt;2089478;EUR;LST014;Leistungen für Bildung und Teilhabe
22251;Empfänger v.Lstg. f. Bildung u. Teilhabe (AsylbLG);JAHR;Jahr;2025;QUARTG;Quartale;QUART1;1. Quartal;DINSG;Deutschland insgesamt;DG;Deutschland;LSTAT4;Leistungsart;SCL-LFRDG;Lernförderung;STAKT2;Staatsangehörigkeit nach Kontinenten;;Insgesamt;3855;Anzahl;EMP005;Empfänger von Leistungen für Bildung und Teilhabe
22251;Empfänger v.Lstg. f. Bildung u. Teilhabe (AsylbLG);JAHR;Jahr;2025;QUARTG;Quartale;QUART1;1. Quartal;DINSG;Deutschland insgesamt;DG;Deutschland;LSTAT4;Leistungsart;SCL-LFRDG;Lernförderung;STAKT2;Staatsangehörigkeit nach Kontinenten;;Insgesamt;1854247;EUR;LST014;Leistungen für Bildung und Teilhabe
22251;Empfänger v.Lstg. f. Bildung u. Teilhabe (AsylbLG);JAHR;Jahr;2025;QUARTG;Quartale;QUART1;1. Quartal;DINSG;Deutschland insgesamt;DG;Deutschland;LSTAT4;Leistungsart;SCL-BDRF;Schulbedarf;STAKT2;Staatsangehörigkeit nach Kontinenten;AFRIKA;Afrika;4810;Anzahl;EMP005;Empfänger von Leistungen für Bildung und Teilhabe
22251;Empfänger v.Lstg. f. Bildung u. Teilhabe (AsylbLG);JAHR;Jahr;2025;QUARTG;Quartale;QUART1;1. Quartal;DINSG;Deutschland insgesamt;DG;Deutschland;LSTAT4;Leistungsart;SCL-BDRF;Schulbedarf;STAKT2;Staatsangehörigkeit nach Kontinenten;AFRIKA;Afrika;328956;EUR;LST014;Leistungen für Bildung und Teilhabe
22251;Empfänger v.Lstg. f. Bildung u. Teilhabe (AsylbLG);JAHR;Jahr;2025;QUARTG;Quartale;QUART3;3. Quartal;DINSG;Deutschland insgesamt;DG;Deutschland;LSTAT4;Leistungsart;SCL-VERPFL;Mittagsverpflegung;STAKT2;Staatsangehörigkeit nach Kontinenten;AFRIKA;Afrika;4705;Anzahl;EMP005;Empfänger von Leistungen für Bildung und Teilhabe
22251;Empfänger v.Lstg. f. Bildung u. Teilhabe (AsylbLG);JAHR;Jahr;2025;QUARTG;Quartale;QUART3;3. Quartal;DINSG;Deutschland insgesamt;DG;Deutschland;LSTAT4;Leistungsart;SCL-VERPFL;Mittagsverpflegung;STAKT2;Staatsangehörigkeit nach Kontinenten;AFRIKA;Afrika;778952;EUR;LST014;Leistungen für Bildung und Teilhabe
22251;Empfänger v.Lstg. f. Bildung u. Teilhabe (AsylbLG);JAHR;Jahr;2025;QUARTG;Quartale;QUART4;4. Quartal;DINSG;Deutschland insgesamt;DG;Deutschland;LSTAT4;Leistungsart;SCL-VERPFL;Mittagsverpflegung;STAKT2;Staatsangehörigkeit nach Kontinenten;;Insgesamt;25790;Anzahl;EMP005;Empfänger von Leistungen für Bildung und Teilhabe
22251;Empfänger v.Lstg. f. Bildung u. Teilhabe (AsylbLG);JAHR;Jahr;2025;QUARTG;Quartale;QUART4;4. Quartal;DINSG;Deutschland insgesamt;DG;Deutschland;LSTAT4;Leistungsart;SCL-VERPFL;Mittagsverpflegung;STAKT2;Staatsangehörigkeit nach Kontinenten;;Insgesamt;5039758;EUR;LST014;Leistungen für Bildung und Teilhabe
22251;Empfänger v.Lstg. f. Bildung u. Teilhabe (AsylbLG);JAHR;Jahr;2025;QUARTG;Quartale;QUART4;4. Quartal;DINSG;Deutschland insgesamt;DG;Deutschland;LSTAT4;Leistungsart;SCL-LFRDG;Lernförderung;STAKT2;Staatsangehörigkeit nach Kontinenten;SONSTIGE;Sonstige;305;Anzahl;EMP005;Empfänger von Leistungen für Bildung und Teilhabe
22251;Empfänger v.Lstg. f. Bildung u. Teilhabe (AsylbLG);JAHR;Jahr;2025;QUARTG;Quartale;QUART4;4. Quartal;DINSG;Deutschland insgesamt;DG;Deutschland;LSTAT4;Leistungsart;SCL-LFRDG;Lernförderung;STAKT2;Staatsangehörigkeit nach Kontinenten;SONSTIGE;Sonstige;223600;EUR;LST014;Leistungen für Bildung und Teilhabe
22251;Empfänger v.Lstg. f. Bildung u. Teilhabe (AsylbLG);JAHR;Jahr;2025;QUARTG;Quartale;QUART3;3. Quartal;DINSG;Deutschland insgesamt;DG;Deutschland;LSTAT4;Leistungsart;TEILH-SOZ;Teilhabe am soz. u.kultur. Leben i.d. Gemeinschaft;STAKT2;Staatsangehörigkeit nach Kontinenten;ASIEN;Asien;3595;Anzahl;EMP005;Empfänger von Leistungen für Bildung und Teilhabe
22251;Empfänger v.Lstg. f. Bildung u. Teilhabe (AsylbLG);JAHR;Jahr;2025;QUARTG;Quartale;QUART3;3. Quartal;DINSG;Deutschland insgesamt;DG;Deutschland;LSTAT4;Leistungsart;TEILH-SOZ;Teilhabe am soz. u.kultur. Leben i.d. Gemeinschaft;STAKT2;Staatsangehörigkeit nach Kontinenten;ASIEN;Asien;154892;EUR;LST014;Leistungen für Bildung und Teilhabe
22251;Empfänger v.Lstg. f. Bildung u. Teilhabe (AsylbLG);JAHR;Jahr;2025;QUARTG;Quartale;QUART1;1. Quartal;DINSG;Deutschland insgesamt;DG;Deutschland;LSTAT4;Leistungsart;SCL-BDRF;Schulbedarf;STAKT2;Staatsangehörigkeit nach Kontinenten;ASIEN;Asien;24195;Anzahl;EMP005;Empfänger von Leistungen für Bildung und Teilhabe
22251;Empfänger v.Lstg. f. Bildung u. Teilhabe (AsylbLG);JAHR;Jahr;2025;QUARTG;Quartale;QUART1;1. Quartal;DINSG;Deutschland insgesamt;DG;Deutschland;LSTAT4;Leistungsart;SCL-BDRF;Schulbedarf;STAKT2;Staatsangehörigkeit nach Kontinenten;ASIEN;Asien;1658849;EUR;LST014;Leistungen für Bildung und Teilhabe
22251;Empfänger v.Lstg. f. Bildung u. Teilhabe (AsylbLG);JAHR;Jahr;2025;QUARTG;Quartale;QUART1;1. Quartal;DINSG;Deutschland insgesamt;DG;Deutschland;LSTAT4;Leistungsart;SCL-VERPFL;Mittagsverpflegung;STAKT2;Staatsangehörigkeit nach Kontinenten;AFRIKA;Afrika;4520;Anzahl;EMP005;Empfänger von Leistungen für Bildung und Teilhabe
22251;Empfänger v.Lstg. f. Bildung u. Teilhabe (AsylbLG);JAHR;Jahr;2025;QUARTG;Quartale;QUART1;1. Quartal;DINSG;Deutschland insgesamt;DG;Deutschland;LSTAT4;Leistungsart;SCL-VERPFL;Mittagsverpflegung;STAKT2;Staatsangehörigkeit nach Kontinenten;AFRIKA;Afrika;878144;EUR;LST014;Leistungen für Bildung und Teilhabe
22251;Empfänger v.Lstg. f. Bildung u. Teilhabe (AsylbLG);JAHR;Jahr;2025;QUARTG;Quartale;QUART3;3. Quartal;DINSG;Deutschland insgesamt;DG;Deutschland;LSTAT4;Leistungsart;SCL-LFRDG;Lernförderung;STAKT2;Staatsangehörigkeit nach Kontinenten;ASIEN;Asien;1825;Anzahl;EMP005;Empfänger von Leistungen für Bildung und Teilhabe
22251;Empfänger v.Lstg. f. Bildung u. Teilhabe (AsylbLG);JAHR;Jahr;2025;QUARTG;Quartale;QUART3;3. Quartal;DINSG;Deutschland insgesamt;DG;Deutschland;LSTAT4;Leistungsart;SCL-LFRDG;Lernförderung;STAKT2;Staatsangehörigkeit nach Kontinenten;ASIEN;Asien;916664;EUR;LST014;Leistungen für Bildung und Teilhabe
22251;Empfänger v.Lstg. f. Bildung u. Teilhabe (AsylbLG);JAHR;Jahr;2025;QUARTG;Quartale;QUART2;2. Quartal;DINSG;Deutschland insgesamt;DG;Deutschland;LSTAT4;Leistungsart;SCL-VERPFL;Mittagsverpflegung;STAKT2;Staatsangehörigkeit nach Kontinenten;ASIEN;Asien;11590;Anzahl;EMP005;Empfänger von Leistungen für Bildung und Teilhabe
22251;Empfänger v.Lstg. f. Bildung u. Teilhabe (AsylbLG);JAHR;Jahr;2025;QUARTG;Quartale;QUART2;2. Quartal;DINSG;Deutschland insgesamt;DG;Deutschland;LSTAT4;Leistungsart;SCL-VERPFL;Mittagsverpflegung;STAKT2;Staatsangehörigkeit nach Kontinenten;ASIEN;Asien;2251133;EUR;LST014;Leistungen für Bildung und Teilhabe
22251;Empfänger v.Lstg. f. Bildung u. Teilhabe (AsylbLG);JAHR;Jahr;2025;QUARTG;Quartale;QUART4;4. Quartal;DINSG;Deutschland insgesamt;DG;Deutschland;LSTAT4;Leistungsart;SCL-KLFHRT;Mehrtägige Klassenfahrten;STAKT2;Staatsangehörigkeit nach Kontinenten;;Insgesamt;3045;Anzahl;EMP005;Empfänger von Leistungen für Bildung und Teilhabe
22251;Empfänger v.Lstg. f. Bildung u. Teilhabe (AsylbLG);JAHR;Jahr;2025;QUARTG;Quartale;QUART4;4. Quartal;DINSG;Deutschland insgesamt;DG;Deutschland;LSTAT4;Leistungsart;SCL-KLFHRT;Mehrtägige Klassenfahrten;STAKT2;Staatsangehörigkeit nach Kontinenten;;Insgesamt;905527;EUR;LST014;Leistungen für Bildung und Teilhabe
22251;Empfänger v.Lstg. f. Bildung u. Teilhabe (AsylbLG);JAHR;Jahr;2025;QUARTG;Quartale;QUART4;4. Quartal;DINSG;Deutschland insgesamt;DG;Deutschland;LSTAT4;Leistungsart;SCL-LFRDG;Lernförderung;STAKT2;Staatsangehörigkeit nach Kontinenten;AFRIKA;Afrika;200;Anzahl;EMP005;Empfänger von Leistungen für Bildung und Teilhabe
22251;Empfänger v.Lstg. f. Bildung u. Teilhabe (AsylbLG);JAHR;Jahr;2025;QUARTG;Quartale;QUART4;4. Quartal;DINSG;Deutschland insgesamt;DG;Deutschland;LSTAT4;Leistungsart;SCL-LFRDG;Lernförderung;STAKT2;Staatsangehörigkeit nach Kontinenten;AFRIKA;Afrika;107275;EUR;LST014;Leistungen für Bildung und Teilhabe
22251;Empfänger v.Lstg. f. Bildung u. Teilhabe (AsylbLG);JAHR;Jahr;2025;QUARTG;Quartale;QUART2;2. Quartal;DINSG;Deutschland insgesamt;DG;Deutschland;LSTAT4;Leistungsart;SCL-BDRF;Schulbedarf;STAKT2;Staatsangehörigkeit nach Kontinenten;EUROPA;Europa;485;Anzahl;EMP005;Empfänger von Leistungen für Bildung und Teilhabe
22251;Empfänger v.Lstg. f. Bildung u. Teilhabe (AsylbLG);JAHR;Jahr;2025;QUARTG;Quartale;QUART2;2. Quartal;DINSG;Deutschland insgesamt;DG;Deutschland;LSTAT4;Leistungsart;SCL-BDRF;Schulbedarf;STAKT2;Staatsangehörigkeit nach Kontinenten;EUROPA;Europa;44546;EUR;LST014;Leistungen für Bildung und Teilhabe
22251;Empfänger v.Lstg. f. Bildung u. Teilhabe (AsylbLG);JAHR;Jahr;2025;QUARTG;Quartale;QUART3;3. Quartal;DINSG;Deutschland insgesamt;DG;Deutschland;LSTAT4;Leistungsart;SCL-AUSFL;Schulausflüge;STAKT2;Staatsangehörigkeit nach Kontinenten;ASIEN;Asien;1895;Anzahl;EMP005;Empfänger von Leistungen für Bildung und Teilhabe
22251;Empfänger v.Lstg. f. Bildung u. Teilhabe (AsylbLG);JAHR;Jahr;2025;QUARTG;Quartale;QUART3;3. Quartal;DINSG;Deutschland insgesamt;DG;Deutschland;LSTAT4;Leistungsart;SCL-AUSFL;Schulausflüge;STAKT2;Staatsangehörigkeit nach Kontinenten;ASIEN;Asien;101697;EUR;LST014;Leistungen für Bildung und Teilhabe
22251;Empfänger v.Lstg. f. Bildung u. Teilhabe (AsylbLG);JAHR;Jahr;2025;QUARTG;Quartale;QUART3;3. Quartal;DINSG;Deutschland insgesamt;DG;Deutschland;LSTAT4;Leistungsart;SCL-LFRDG;Lernförderung;STAKT2;Staatsangehörigkeit nach Kontinenten;AFRIKA;Afrika;280;Anzahl;EMP005;Empfänger von Leistungen für Bildung und Teilhabe
22251;Empfänger v.Lstg. f. Bildung u. Teilhabe (AsylbLG);JAHR;Jahr;2025;QUARTG;Quartale;QUART3;3. Quartal;DINSG;Deutschland insgesamt;DG;Deutschland;LSTAT4;Leistungsart;SCL-LFRDG;Lernförderung;STAKT2;Staatsangehörigkeit nach Kontinenten;AFRIKA;Afrika;127118;EUR;LST014;Leistungen für Bildung und Teilhabe
22251;Empfänger v.Lstg. f. Bildung u. Teilhabe (AsylbLG);JAHR;Jahr;2025;QUARTG;Quartale;QUART3;3. Quartal;DINSG;Deutschland insgesamt;DG;Deutschland;LSTAT4;Leistungsart;SCL-KLFHRT;Mehrtägige Klassenfahrten;STAKT2;Staatsangehörigkeit nach Kontinenten;EUROPA;Europa;955;Anzahl;EMP005;Empfänger von Leistungen für Bildung und Teilhabe
22251;Empfänger v.Lstg. f. Bildung u. Teilhabe (AsylbLG);JAHR;Jahr;2025;QUARTG;Quartale;QUART3;3. Quartal;DINSG;Deutschland insgesamt;DG;Deutschland;LSTAT4;Leistungsart;SCL-KLFHRT;Mehrtägige Klassenfahrten;STAKT2;Staatsangehörigkeit nach Kontinenten;EUROPA;Europa;262364;EUR;LST014;Leistungen für Bildung und Teilhabe
22251;Empfänger v.Lstg. f. Bildung u. Teilhabe (AsylbLG);JAHR;Jahr;2025;QUARTG;Quartale;QUART4;4. Quartal;DINSG;Deutschland insgesamt;DG;Deutschland;LSTAT4;Leistungsart;SCL-AUSFL;Schulausflüge;STAKT2;Staatsangehörigkeit nach Kontinenten;;Insgesamt;4000;Anzahl;EMP005;Empfänger von Leistungen für Bildung und Teilhabe
22251;Empfänger v.Lstg. f. Bildung u. Teilhabe (AsylbLG);JAHR;Jahr;2025;QUARTG;Quartale;QUART4;4. Quartal;DINSG;Deutschland insgesamt;DG;Deutschland;LSTAT4;Leistungsart;SCL-AUSFL;Schulausflüge;STAKT2;Staatsangehörigkeit nach Kontinenten;;Insgesamt;185636;EUR;LST014;Leistungen für Bildung und Teilhabe
22251;Empfänger v.Lstg. f. Bildung u. Teilhabe (AsylbLG);JAHR;Jahr;2025;QUARTG;Quartale;QUART2;2. Quartal;DINSG;Deutschland insgesamt;DG;Deutschland;LSTAT4;Leistungsart;SCL-AUSFL;Schulausflüge;STAKT2;Staatsangehörigkeit nach Kontinenten;;Insgesamt;4410;Anzahl;EMP005;Empfänger von Leistungen für Bildung und Teilhabe
22251;Empfänger v.Lstg. f. Bildung u. Teilhabe (AsylbLG);JAHR;Jahr;2025;QUARTG;Quartale;QUART2;2. Quartal;DINSG;Deutschland insgesamt;DG;Deutschland;LSTAT4;Leistungsart;SCL-AUSFL;Schulausflüge;STAKT2;Staatsangehörigkeit nach Kontinenten;;Insgesamt;197704;EUR;LST014;Leistungen für Bildung und Teilhabe
22251;Empfänger v.Lstg. f. Bildung u. Teilhabe (AsylbLG);JAHR;Jahr;2025;QUARTG;Quartale;QUART2;2. Quartal;DINSG;Deutschland insgesamt;DG;Deutschland;LSTAT4;Leistungsart;SCL-KLFHRT;Mehrtägige Klassenfahrten;STAKT2;Staatsangehörigkeit nach Kontinenten;;Insgesamt;4435;Anzahl;EMP005;Empfänger von Leistungen für Bildung und Teilhabe
22251;Empfänger v.Lstg. f. Bildung u. Teilhabe (AsylbLG);JAHR;Jahr;2025;QUARTG;Quartale;QUART2;2. Quartal;DINSG;Deutschland insgesamt;DG;Deutschland;LSTAT4;Leistungsart;SCL-KLFHRT;Mehrtägige Klassenfahrten;STAKT2;Staatsangehörigkeit nach Kontinenten;;Insgesamt;1143916;EUR;LST014;Leistungen für Bildung und Teilhabe
22251;Empfänger v.Lstg. f. Bildung u. Teilhabe (AsylbLG);JAHR;Jahr;2025;QUARTG;Quartale;QUART2;2. Quartal;DINSG;Deutschland insgesamt;DG;Deutschland;LSTAT4;Leistungsart;SCL-BFRDG;Schülerbeförderung;STAKT2;Staatsangehörigkeit nach Kontinenten;EUROPA;Europa;1125;Anzahl;EMP005;Empfänger von Leistungen für Bildung und Teilhabe
22251;Empfänger v.Lstg. f. Bildung u. Teilhabe (AsylbLG);JAHR;Jahr;2025;QUARTG;Quartale;QUART2;2. Quartal;DINSG;Deutschland insgesamt;DG;Deutschland;LSTAT4;Leistungsart;SCL-BFRDG;Schülerbeförderung;STAKT2;Staatsangehörigkeit nach Kontinenten;EUROPA;Europa;114480;EUR;LST014;Leistungen für Bildung und Teilhabe
22251;Empfänger v.Lstg. f. Bildung u. Teilhabe (AsylbLG);JAHR;Jahr;2025;QUARTG;Quartale;QUART3;3. Quartal;DINSG;Deutschland insgesamt;DG;Deutschland;LSTAT4;Leistungsart;SCL-LFRDG;Lernförderung;STAKT2;Staatsangehörigkeit nach Kontinenten;EUROPA;Europa;1185;Anzahl;EMP005;Empfänger von Leistungen für Bildung und Teilhabe
22251;Empfänger v.Lstg. f. Bildung u. Teilhabe (AsylbLG);JAHR;Jahr;2025;QUARTG;Quartale;QUART3;3. Quartal;DINSG;Deutschland insgesamt;DG;Deutschland;LSTAT4;Leistungsart;SCL-LFRDG;Lernförderung;STAKT2;Staatsangehörigkeit nach Kontinenten;EUROPA;Europa;690603;EUR;LST014;Leistungen für Bildung und Teilhabe
22251;Empfänger v.Lstg. f. Bildung u. Teilhabe (AsylbLG);JAHR;Jahr;2025;QUARTG;Quartale;QUART3;3. Quartal;DINSG;Deutschland insgesamt;DG;Deutschland;LSTAT4;Leistungsart;SCL-BFRDG;Schülerbeförderung;STAKT2;Staatsangehörigkeit nach Kontinenten;EUROPA;Europa;1150;Anzahl;EMP005;Empfänger von Leistungen für Bildung und Teilhabe
22251;Empfänger v.Lstg. f. Bildung u. Teilhabe (AsylbLG);JAHR;Jahr;2025;QUARTG;Quartale;QUART3;3. Quartal;DINSG;Deutschland insgesamt;DG;Deutschland;LSTAT4;Leistungsart;SCL-BFRDG;Schülerbeförderung;STAKT2;Staatsangehörigkeit nach Kontinenten;EUROPA;Europa;81575;EUR;LST014;Leistungen für Bildung und Teilhabe
22251;Empfänger v.Lstg. f. Bildung u. Teilhabe (AsylbLG);JAHR;Jahr;2025;QUARTG;Quartale;QUART3;3. Quartal;DINSG;Deutschland insgesamt;DG;Deutschland;LSTAT4;Leistungsart;SCL-BFRDG;Schülerbeförderung;STAKT2;Staatsangehörigkeit nach Kontinenten;AFRIKA;Afrika;260;Anzahl;EMP005;Empfänger von Leistungen für Bildung und Teilhabe
22251;Empfänger v.Lstg. f. Bildung u. Teilhabe (AsylbLG);JAHR;Jahr;2025;QUARTG;Quartale;QUART3;3. Quartal;DINSG;Deutschland insgesamt;DG;Deutschland;LSTAT4;Leistungsart;SCL-BFRDG;Schülerbeförderung;STAKT2;Staatsangehörigkeit nach Kontinenten;AFRIKA;Afrika;14571;EUR;LST014;Leistungen für Bildung und Teilhabe
22251;Empfänger v.Lstg. f. Bildung u. Teilhabe (AsylbLG);JAHR;Jahr;2025;QUARTG;Quartale;QUART1;1. Quartal;DINSG;Deutschland insgesamt;DG;Deutschland;LSTAT4;Leistungsart;SCL-KLFHRT;Mehrtägige Klassenfahrten;STAKT2;Staatsangehörigkeit nach Kontinenten;EUROPA;Europa;1245;Anzahl;EMP005;Empfänger von Leistungen für Bildung und Teilhabe
22251;Empfänger v.Lstg. f. Bildung u. Teilhabe (AsylbLG);JAHR;Jahr;2025;QUARTG;Quartale;QUART1;1. Quartal;DINSG;Deutschland insgesamt;DG;Deutschland;LSTAT4;Leistungsart;SCL-KLFHRT;Mehrtägige Klassenfahrten;STAKT2;Staatsangehörigkeit nach Kontinenten;EUROPA;Europa;337245;EUR;LST014;Leistungen für Bildung und Teilhabe
22251;Empfänger v.Lstg. f. Bildung u. Teilhabe (AsylbLG);JAHR;Jahr;2025;QUARTG;Quartale;QUART3;3. Quartal;DINSG;Deutschland insgesamt;DG;Deutschland;LSTAT4;Leistungsart;SCL-KLFHRT;Mehrtägige Klassenfahrten;STAKT2;Staatsangehörigkeit nach Kontinenten;AFRIKA;Afrika;300;Anzahl;EMP005;Empfänger von Leistungen für Bildung und Teilhabe
22251;Empfänger v.Lstg. f. Bildung u. Teilhabe (AsylbLG);JAHR;Jahr;2025;QUARTG;Quartale;QUART3;3. Quartal;DINSG;Deutschland insgesamt;DG;Deutschland;LSTAT4;Leistungsart;SCL-KLFHRT;Mehrtägige Klassenfahrten;STAKT2;Staatsangehörigkeit nach Kontinenten;AFRIKA;Afrika;84897;EUR;LST014;Leistungen für Bildung und Teilhabe
22251;Empfänger v.Lstg. f. Bildung u. Teilhabe (AsylbLG);JAHR;Jahr;2025;QUARTG;Quartale;QUART2;2. Quartal;DINSG;Deutschland insgesamt;DG;Deutschland;LSTAT4;Leistungsart;SCL-BFRDG;Schülerbeförderung;STAKT2;Staatsangehörigkeit nach Kontinenten;AFRIKA;Afrika;250;Anzahl;EMP005;Empfänger von Leistungen für Bildung und Teilhabe
22251;Empfänger v.Lstg. f. Bildung u. Teilhabe (AsylbLG);JAHR;Jahr;2025;QUARTG;Quartale;QUART2;2. Quartal;DINSG;Deutschland insgesamt;DG;Deutschland;LSTAT4;Leistungsart;SCL-BFRDG;Schülerbeförderung;STAKT2;Staatsangehörigkeit nach Kontinenten;AFRIKA;Afrika;21994;EUR;LST014;Leistungen für Bildung und Teilhabe
22251;Empfänger v.Lstg. f. Bildung u. Teilhabe (AsylbLG);JAHR;Jahr;2025;QUARTG;Quartale;QUART4;4. Quartal;DINSG;Deutschland insgesamt;DG;Deutschland;LSTAT4;Leistungsart;TEILH-SOZ;Teilhabe am soz. u.kultur. Leben i.d. Gemeinschaft;STAKT2;Staatsangehörigkeit nach Kontinenten;SONSTIGE;Sonstige;470;Anzahl;EMP005;Empfänger von Leistungen für Bildung und Teilhabe
22251;Empfänger v.Lstg. f. Bildung u. Teilhabe (AsylbLG);JAHR;Jahr;2025;QUARTG;Quartale;QUART4;4. Quartal;DINSG;Deutschland insgesamt;DG;Deutschland;LSTAT4;Leistungsart;TEILH-SOZ;Teilhabe am soz. u.kultur. Leben i.d. Gemeinschaft;STAKT2;Staatsangehörigkeit nach Kontinenten;SONSTIGE;Sonstige;20372;EUR;LST014;Leistungen für Bildung und Teilhabe
22251;Empfänger v.Lstg. f. Bildung u. Teilhabe (AsylbLG);JAHR;Jahr;2025;QUARTG;Quartale;QUART3;3. Quartal;DINSG;Deutschland insgesamt;DG;Deutschland;LSTAT4;Leistungsart;SCL-BFRDG;Schülerbeförderung;STAKT2;Staatsangehörigkeit nach Kontinenten;ASIEN;Asien;1585;Anzahl;EMP005;Empfänger von Leistungen für Bildung und Teilhabe
22251;Empfänger v.Lstg. f. Bildung u. Teilhabe (AsylbLG);JAHR;Jahr;2025;QUARTG;Quartale;QUART3;3. Quartal;DINSG;Deutschland insgesamt;DG;Deutschland;LSTAT4;Leistungsart;SCL-BFRDG;Schülerbeförderung;STAKT2;Staatsangehörigkeit nach Kontinenten;ASIEN;Asien;101992;EUR;LST014;Leistungen für Bildung und Teilhabe
22251;Empfänger v.Lstg. f. Bildung u. Teilhabe (AsylbLG);JAHR;Jahr;2025;QUARTG;Quartale;QUART2;2. Quartal;DINSG;Deutschland insgesamt;DG;Deutschland;LSTAT4;Leistungsart;SCL-VERPFL;Mittagsverpflegung;STAKT2;Staatsangehörigkeit nach Kontinenten;EUROPA;Europa;7865;Anzahl;EMP005;Empfänger von Leistungen für Bildung und Teilhabe
22251;Empfänger v.Lstg. f. Bildung u. Teilhabe (AsylbLG);JAHR;Jahr;2025;QUARTG;Quartale;QUART2;2. Quartal;DINSG;Deutschland insgesamt;DG;Deutschland;LSTAT4;Leistungsart;SCL-VERPFL;Mittagsverpflegung;STAKT2;Staatsangehörigkeit nach Kontinenten;EUROPA;Europa;1517637;EUR;LST014;Leistungen für Bildung und Teilhabe
22251;Empfänger v.Lstg. f. Bildung u. Teilhabe (AsylbLG);JAHR;Jahr;2025;QUARTG;Quartale;QUART3;3. Quartal;DINSG;Deutschland insgesamt;DG;Deutschland;LSTAT4;Leistungsart;SCL-VERPFL;Mittagsverpflegung;STAKT2;Staatsangehörigkeit nach Kontinenten;EUROPA;Europa;8320;Anzahl;EMP005;Empfänger von Leistungen für Bildung und Teilhabe
22251;Empfänger v.Lstg. f. Bildung u. Teilhabe (AsylbLG);JAHR;Jahr;2025;QUARTG;Quartale;QUART3;3. Quartal;DINSG;Deutschland insgesamt;DG;Deutschland;LSTAT4;Leistungsart;SCL-VERPFL;Mittagsverpflegung;STAKT2;Staatsangehörigkeit nach Kontinenten;EUROPA;Europa;1343419;EUR;LST014;Leistungen für Bildung und Teilhabe
22251;Empfänger v.Lstg. f. Bildung u. Teilhabe (AsylbLG);JAHR;Jahr;2025;QUARTG;Quartale;QUART4;4. Quartal;DINSG;Deutschland insgesamt;DG;Deutschland;LSTAT4;Leistungsart;SCL-VERPFL;Mittagsverpflegung;STAKT2;Staatsangehörigkeit nach Kontinenten;EUROPA;Europa;7650;Anzahl;EMP005;Empfänger von Leistungen für Bildung und Teilhabe
22251;Empfänger v.Lstg. f. Bildung u. Teilhabe (AsylbLG);JAHR;Jahr;2025;QUARTG;Quartale;QUART4;4. Quartal;DINSG;Deutschland insgesamt;DG;Deutschland;LSTAT4;Leistungsart;SCL-VERPFL;Mittagsverpflegung;STAKT2;Staatsangehörigkeit nach Kontinenten;EUROPA;Europa;1505730;EUR;LST014;Leistungen für Bildung und Teilhabe
22251;Empfänger v.Lstg. f. Bildung u. Teilhabe (AsylbLG);JAHR;Jahr;2025;QUARTG;Quartale;QUART2;2. Quartal;DINSG;Deutschland insgesamt;DG;Deutschland;LSTAT4;Leistungsart;SCL-BFRDG;Schülerbeförderung;STAKT2;Staatsangehörigkeit nach Kontinenten;SONSTIGE;Sonstige;280;Anzahl;EMP005;Empfänger von Leistungen für Bildung und Teilhabe
22251;Empfänger v.Lstg. f. Bildung u. Teilhabe (AsylbLG);JAHR;Jahr;2025;QUARTG;Quartale;QUART2;2. Quartal;DINSG;Deutschland insgesamt;DG;Deutschland;LSTAT4;Leistungsart;SCL-BFRDG;Schülerbeförderung;STAKT2;Staatsangehörigkeit nach Kontinenten;SONSTIGE;Sonstige;24048;EUR;LST014;Leistungen für Bildung und Teilhabe
22251;Empfänger v.Lstg. f. Bildung u. Teilhabe (AsylbLG);JAHR;Jahr;2025;QUARTG;Quartale;QUART4;4. Quartal;DINSG;Deutschland insgesamt;DG;Deutschland;LSTAT4;Leistungsart;SCL-AUSFL;Schulausflüge;STAKT2;Staatsangehörigkeit nach Kontinenten;ASIEN;Asien;1985;Anzahl;EMP005;Empfänger von Leistungen für Bildung und Teilhabe
22251;Empfänger v.Lstg. f. Bildung u. Teilhabe (AsylbLG);JAHR;Jahr;2025;QUARTG;Quartale;QUART4;4. Quartal;DINSG;Deutschland insgesamt;DG;Deutschland;LSTAT4;Leistungsart;SCL-AUSFL;Schulausflüge;STAKT2;Staatsangehörigkeit nach Kontinenten;ASIEN;Asien;92802;EUR;LST014;Leistungen für Bildung und Teilhabe
22251;Empfänger v.Lstg. f. Bildung u. Teilhabe (AsylbLG);JAHR;Jahr;2025;QUARTG;Quartale;QUART1;1. Quartal;DINSG;Deutschland insgesamt;DG;Deutschland;LSTAT4;Leistungsart;SCL-AUSFL;Schulausflüge;STAKT2;Staatsangehörigkeit nach Kontinenten;SONSTIGE;Sonstige;225;Anzahl;EMP005;Empfänger von Leistungen für Bildung und Teilhabe
22251;Empfänger v.Lstg. f. Bildung u. Teilhabe (AsylbLG);JAHR;Jahr;2025;QUARTG;Quartale;QUART1;1. Quartal;DINSG;Deutschland insgesamt;DG;Deutschland;LSTAT4;Leistungsart;SCL-AUSFL;Schulausflüge;STAKT2;Staatsangehörigkeit nach Kontinenten;SONSTIGE;Sonstige;9502;EUR;LST014;Leistungen für Bildung und Teilhabe
22251;Empfänger v.Lstg. f. Bildung u. Teilhabe (AsylbLG);JAHR;Jahr;2025;QUARTG;Quartale;QUART1;1. Quartal;DINSG;Deutschland insgesamt;DG;Deutschland;LSTAT4;Leistungsart;SCL-VERPFL;Mittagsverpflegung;STAKT2;Staatsangehörigkeit nach Kontinenten;EUROPA;Europa;8235;Anzahl;EMP005;Empfänger von Leistungen für Bildung und Teilhabe
22251;Empfänger v.Lstg. f. Bildung u. Teilhabe (AsylbLG);JAHR;Jahr;2025;QUARTG;Quartale;QUART1;1. Quartal;DINSG;Deutschland insgesamt;DG;Deutschland;LSTAT4;Leistungsart;SCL-VERPFL;Mittagsverpflegung;STAKT2;Staatsangehörigkeit nach Kontinenten;EUROPA;Europa;1597749;EUR;LST014;Leistungen für Bildung und Teilhabe
22251;Empfänger v.Lstg. f. Bildung u. Teilhabe (AsylbLG);JAHR;Jahr;2025;QUARTG;Quartale;QUART3;3. Quartal;DINSG;Deutschland insgesamt;DG;Deutschland;LSTAT4;Leistungsart;SCL-BFRDG;Schülerbeförderung;STAKT2;Staatsangehörigkeit nach Kontinenten;SONSTIGE;Sonstige;245;Anzahl;EMP005;Empfänger von Leistungen für Bildung und Teilhabe
22251;Empfänger v.Lstg. f. Bildung u. Teilhabe (AsylbLG);JAHR;Jahr;2025;QUARTG;Quartale;QUART3;3. Quartal;DINSG;Deutschland insgesamt;DG;Deutschland;LSTAT4;Leistungsart;SCL-BFRDG;Schülerbeförderung;STAKT2;Staatsangehörigkeit nach Kontinenten;SONSTIGE;Sonstige;14115;EUR;LST014;Leistungen für Bildung und Teilhabe
22251;Empfänger v.Lstg. f. Bildung u. Teilhabe (AsylbLG);JAHR;Jahr;2025;QUARTG;Quartale;QUART3;3. Quartal;DINSG;Deutschland insgesamt;DG;Deutschland;LSTAT4;Leistungsart;SCL-VERPFL;Mittagsverpflegung;STAKT2;Staatsangehörigkeit nach Kontinenten;SONSTIGE;Sonstige;1890;Anzahl;EMP005;Empfänger von Leistungen für Bildung und Teilhabe
22251;Empfänger v.Lstg. f. Bildung u. Teilhabe (AsylbLG);JAHR;Jahr;2025;QUARTG;Quartale;QUART3;3. Quartal;DINSG;Deutschland insgesamt;DG;Deutschland;LSTAT4;Leistungsart;SCL-VERPFL;Mittagsverpflegung;STAKT2;Staatsangehörigkeit nach Kontinenten;SONSTIGE;Sonstige;313943;EUR;LST014;Leistungen für Bildung und Teilhabe
22251;Empfänger v.Lstg. f. Bildung u. Teilhabe (AsylbLG);JAHR;Jahr;2025;QUARTG;Quartale;QUART4;4. Quartal;DINSG;Deutschland insgesamt;DG;Deutschland;LSTAT4;Leistungsart;SCL-VERPFL;Mittagsverpflegung;STAKT2;Staatsangehörigkeit nach Kontinenten;ASIEN;Asien;11860;Anzahl;EMP005;Empfänger von Leistungen für Bildung und Teilhabe
22251;Empfänger v.Lstg. f. Bildung u. Teilhabe (AsylbLG);JAHR;Jahr;2025;QUARTG;Quartale;QUART4;4. Quartal;DINSG;Deutschland insgesamt;DG;Deutschland;LSTAT4;Leistungsart;SCL-VERPFL;Mittagsverpflegung;STAKT2;Staatsangehörigkeit nach Kontinenten;ASIEN;Asien;2313500;EUR;LST014;Leistungen für Bildung und Teilhabe
22251;Empfänger v.Lstg. f. Bildung u. Teilhabe (AsylbLG);JAHR;Jahr;2025;QUARTG;Quartale;QUART1;1. Quartal;DINSG;Deutschland insgesamt;DG;Deutschland;LSTAT4;Leistungsart;SCL-AUSFL;Schulausflüge;STAKT2;Staatsangehörigkeit nach Kontinenten;ASIEN;Asien;1940;Anzahl;EMP005;Empfänger von Leistungen für Bildung und Teilhabe
22251;Empfänger v.Lstg. f. Bildung u. Teilhabe (AsylbLG);JAHR;Jahr;2025;QUARTG;Quartale;QUART1;1. Quartal;DINSG;Deutschland insgesamt;DG;Deutschland;LSTAT4;Leistungsart;SCL-AUSFL;Schulausflüge;STAKT2;Staatsangehörigkeit nach Kontinenten;ASIEN;Asien;95889;EUR;LST014;Leistungen für Bildung und Teilhabe
22251;Empfänger v.Lstg. f. Bildung u. Teilhabe (AsylbLG);JAHR;Jahr;2025;QUARTG;Quartale;QUART4;4. Quartal;DINSG;Deutschland insgesamt;DG;Deutschland;LSTAT4;Leistungsart;SCL-BDRF;Schulbedarf;STAKT2;Staatsangehörigkeit nach Kontinenten;ASIEN;Asien;1925;Anzahl;EMP005;Empfänger von Leistungen für Bildung und Teilhabe
22251;Empfänger v.Lstg. f. Bildung u. Teilhabe (AsylbLG);JAHR;Jahr;2025;QUARTG;Quartale;QUART4;4. Quartal;DINSG;Deutschland insgesamt;DG;Deutschland;LSTAT4;Leistungsart;SCL-BDRF;Schulbedarf;STAKT2;Staatsangehörigkeit nach Kontinenten;ASIEN;Asien;242902;EUR;LST014;Leistungen für Bildung und Teilhabe
22251;Empfänger v.Lstg. f. Bildung u. Teilhabe (AsylbLG);JAHR;Jahr;2025;QUARTG;Quartale;QUART2;2. Quartal;DINSG;Deutschland insgesamt;DG;Deutschland;LSTAT4;Leistungsart;SCL-BDRF;Schulbedarf;STAKT2;Staatsangehörigkeit nach Kontinenten;ASIEN;Asien;720;Anzahl;EMP005;Empfänger von Leistungen für Bildung und Teilhabe
22251;Empfänger v.Lstg. f. Bildung u. Teilhabe (AsylbLG);JAHR;Jahr;2025;QUARTG;Quartale;QUART2;2. Quartal;DINSG;Deutschland insgesamt;DG;Deutschland;LSTAT4;Leistungsart;SCL-BDRF;Schulbedarf;STAKT2;Staatsangehörigkeit nach Kontinenten;ASIEN;Asien;72660;EUR;LST014;Leistungen für Bildung und Teilhabe
22251;Empfänger v.Lstg. f. Bildung u. Teilhabe (AsylbLG);JAHR;Jahr;2025;QUARTG;Quartale;QUART2;2. Quartal;DINSG;Deutschland insgesamt;DG;Deutschland;LSTAT4;Leistungsart;SCL-KLFHRT;Mehrtägige Klassenfahrten;STAKT2;Staatsangehörigkeit nach Kontinenten;SONSTIGE;Sonstige;340;Anzahl;EMP005;Empfänger von Leistungen für Bildung und Teilhabe
22251;Empfänger v.Lstg. f. Bildung u. Teilhabe (AsylbLG);JAHR;Jahr;2025;QUARTG;Quartale;QUART2;2. Quartal;DINSG;Deutschland insgesamt;DG;Deutschland;LSTAT4;Leistungsart;SCL-KLFHRT;Mehrtägige Klassenfahrten;STAKT2;Staatsangehörigkeit nach Kontinenten;SONSTIGE;Sonstige;101713;EUR;LST014;Leistungen für Bildung und Teilhabe
22251;Empfänger v.Lstg. f. Bildung u. Teilhabe (AsylbLG);JAHR;Jahr;2025;QUARTG;Quartale;QUART3;3. Quartal;DINSG;Deutschland insgesamt;DG;Deutschland;LSTAT4;Leistungsart;SCL-BDRF;Schulbedarf;STAKT2;Staatsangehörigkeit nach Kontinenten;ASIEN;Asien;23460;Anzahl;EMP005;Empfänger von Leistungen für Bildung und Teilhabe
22251;Empfänger v.Lstg. f. Bildung u. Teilhabe (AsylbLG);JAHR;Jahr;2025;QUARTG;Quartale;QUART3;3. Quartal;DINSG;Deutschland insgesamt;DG;Deutschland;LSTAT4;Leistungsart;SCL-BDRF;Schulbedarf;STAKT2;Staatsangehörigkeit nach Kontinenten;ASIEN;Asien;3050750;EUR;LST014;Leistungen für Bildung und Teilhabe
22251;Empfänger v.Lstg. f. Bildung u. Teilhabe (AsylbLG);JAHR;Jahr;2025;QUARTG;Quartale;QUART1;1. Quartal;DINSG;Deutschland insgesamt;DG;Deutschland;LSTAT4;Leistungsart;TEILH-SOZ;Teilhabe am soz. u.kultur. Leben i.d. Gemeinschaft;STAKT2;Staatsangehörigkeit nach Kontinenten;AFRIKA;Afrika;935;Anzahl;EMP005;Empfänger von Leistungen für Bildung und Teilhabe
22251;Empfänger v.Lstg. f. Bildung u. Teilhabe (AsylbLG);JAHR;Jahr;2025;QUARTG;Quartale;QUART1;1. Quartal;DINSG;Deutschland insgesamt;DG;Deutschland;LSTAT4;Leistungsart;TEILH-SOZ;Teilhabe am soz. u.kultur. Leben i.d. Gemeinschaft;STAKT2;Staatsangehörigkeit nach Kontinenten;AFRIKA;Afrika;42991;EUR;LST014;Leistungen für Bildung und Teilhabe
22251;Empfänger v.Lstg. f. Bildung u. Teilhabe (AsylbLG);JAHR;Jahr;2025;QUARTG;Quartale;QUART1;1. Quartal;DINSG;Deutschland insgesamt;DG;Deutschland;LSTAT4;Leistungsart;SCL-BDRF;Schulbedarf;STAKT2;Staatsangehörigkeit nach Kontinenten;;Insgesamt;51370;Anzahl;EMP005;Empfänger von Leistungen für Bildung und Teilhabe
22251;Empfänger v.Lstg. f. Bildung u. Teilhabe (AsylbLG);JAHR;Jahr;2025;QUARTG;Quartale;QUART1;1. Quartal;DINSG;Deutschland insgesamt;DG;Deutschland;LSTAT4;Leistungsart;SCL-BDRF;Schulbedarf;STAKT2;Staatsangehörigkeit nach Kontinenten;;Insgesamt;3520457;EUR;LST014;Leistungen für Bildung und Teilhabe
22251;Empfänger v.Lstg. f. Bildung u. Teilhabe (AsylbLG);JAHR;Jahr;2025;QUARTG;Quartale;QUART4;4. Quartal;DINSG;Deutschland insgesamt;DG;Deutschland;LSTAT4;Leistungsart;SCL-AUSFL;Schulausflüge;STAKT2;Staatsangehörigkeit nach Kontinenten;SONSTIGE;Sonstige;230;Anzahl;EMP005;Empfänger von Leistungen für Bildung und Teilhabe
22251;Empfänger v.Lstg. f. Bildung u. Teilhabe (AsylbLG);JAHR;Jahr;2025;QUARTG;Quartale;QUART4;4. Quartal;DINSG;Deutschland insgesamt;DG;Deutschland;LSTAT4;Leistungsart;SCL-AUSFL;Schulausflüge;STAKT2;Staatsangehörigkeit nach Kontinenten;SONSTIGE;Sonstige;10755;EUR;LST014;Leistungen für Bildung und Teilhabe
22251;Empfänger v.Lstg. f. Bildung u. Teilhabe (AsylbLG);JAHR;Jahr;2025;QUARTG;Quartale;QUART4;4. Quartal;DINSG;Deutschland insgesamt;DG;Deutschland;LSTAT4;Leistungsart;SCL-BDRF;Schulbedarf;STAKT2;Staatsangehörigkeit nach Kontinenten;AFRIKA;Afrika;425;Anzahl;EMP005;Empfänger von Leistungen für Bildung und Teilhabe
22251;Empfänger v.Lstg. f. Bildung u. Teilhabe (AsylbLG);JAHR;Jahr;2025;QUARTG;Quartale;QUART4;4. Quartal;DINSG;Deutschland insgesamt;DG;Deutschland;LSTAT4;Leistungsart;SCL-BDRF;Schulbedarf;STAKT2;Staatsangehörigkeit nach Kontinenten;AFRIKA;Afrika;54248;EUR;LST014;Leistungen für Bildung und Teilhabe
22251;Empfänger v.Lstg. f. Bildung u. Teilhabe (AsylbLG);JAHR;Jahr;2025;QUARTG;Quartale;QUART4;4. Quartal;DINSG;Deutschland insgesamt;DG;Deutschland;LSTAT4;Leistungsart;TEILH-SOZ;Teilhabe am soz. u.kultur. Leben i.d. Gemeinschaft;STAKT2;Staatsangehörigkeit nach Kontinenten;EUROPA;Europa;2135;Anzahl;EMP005;Empfänger von Leistungen für Bildung und Teilhabe
22251;Empfänger v.Lstg. f. Bildung u. Teilhabe (AsylbLG);JAHR;Jahr;2025;QUARTG;Quartale;QUART4;4. Quartal;DINSG;Deutschland insgesamt;DG;Deutschland;LSTAT4;Leistungsart;TEILH-SOZ;Teilhabe am soz. u.kultur. Leben i.d. Gemeinschaft;STAKT2;Staatsangehörigkeit nach Kontinenten;EUROPA;Europa;94253;EUR;LST014;Leistungen für Bildung und Teilhabe
22251;Empfänger v.Lstg. f. Bildung u. Teilhabe (AsylbLG);JAHR;Jahr;2025;QUARTG;Quartale;QUART3;3. Quartal;DINSG;Deutschland insgesamt;DG;Deutschland;LSTAT4;Leistungsart;SCL-AUSFL;Schulausflüge;STAKT2;Staatsangehörigkeit nach Kontinenten;AFRIKA;Afrika;425;Anzahl;EMP005;Empfänger von Leistungen für Bildung und Teilhabe
22251;Empfänger v.Lstg. f. Bildung u. Teilhabe (AsylbLG);JAHR;Jahr;2025;QUARTG;Quartale;QUART3;3. Quartal;DINSG;Deutschland insgesamt;DG;Deutschland;LSTAT4;Leistungsart;SCL-AUSFL;Schulausflüge;STAKT2;Staatsangehörigkeit nach Kontinenten;AFRIKA;Afrika;25763;EUR;LST014;Leistungen für Bildung und Teilhabe
22251;Empfänger v.Lstg. f. Bildung u. Teilhabe (AsylbLG);JAHR;Jahr;2025;QUARTG;Quartale;QUART3;3. Quartal;DINSG;Deutschland insgesamt;DG;Deutschland;LSTAT4;Leistungsart;SCL-BDRF;Schulbedarf;STAKT2;Staatsangehörigkeit nach Kontinenten;;Insgesamt;49400;Anzahl;EMP005;Empfänger von Leistungen für Bildung und Teilhabe
22251;Empfänger v.Lstg. f. Bildung u. Teilhabe (AsylbLG);JAHR;Jahr;2025;QUARTG;Quartale;QUART3;3. Quartal;DINSG;Deutschland insgesamt;DG;Deutschland;LSTAT4;Leistungsart;SCL-BDRF;Schulbedarf;STAKT2;Staatsangehörigkeit nach Kontinenten;;Insgesamt;6418872;EUR;LST014;Leistungen für Bildung und Teilhabe
22251;Empfänger v.Lstg. f. Bildung u. Teilhabe (AsylbLG);JAHR;Jahr;2025;QUARTG;Quartale;QUART3;3. Quartal;DINSG;Deutschland insgesamt;DG;Deutschland;LSTAT4;Leistungsart;TEILH-SOZ;Teilhabe am soz. u.kultur. Leben i.d. Gemeinschaft;STAKT2;Staatsangehörigkeit nach Kontinenten;AFRIKA;Afrika;920;Anzahl;EMP005;Empfänger von Leistungen für Bildung und Teilhabe
22251;Empfänger v.Lstg. f. Bildung u. Teilhabe (AsylbLG);JAHR;Jahr;2025;QUARTG;Quartale;QUART3;3. Quartal;DINSG;Deutschland insgesamt;DG;Deutschland;LSTAT4;Leistungsart;TEILH-SOZ;Teilhabe am soz. u.kultur. Leben i.d. Gemeinschaft;STAKT2;Staatsangehörigkeit nach Kontinenten;AFRIKA;Afrika;39381;EUR;LST014;Leistungen für Bildung und Teilhabe
22251;Empfänger v.Lstg. f. Bildung u. Teilhabe (AsylbLG);JAHR;Jahr;2025;QUARTG;Quartale;QUART4;4. Quartal;DINSG;Deutschland insgesamt;DG;Deutschland;LSTAT4;Leistungsart;SCL-VERPFL;Mittagsverpflegung;STAKT2;Staatsangehörigkeit nach Kontinenten;SONSTIGE;Sonstige;1855;Anzahl;EMP005;Empfänger von Leistungen für Bildung und Teilhabe
22251;Empfänger v.Lstg. f. Bildung u. Teilhabe (AsylbLG);JAHR;Jahr;2025;QUARTG;Quartale;QUART4;4. Quartal;DINSG;Deutschland insgesamt;DG;Deutschland;LSTAT4;Leistungsart;SCL-VERPFL;Mittagsverpflegung;STAKT2;Staatsangehörigkeit nach Kontinenten;SONSTIGE;Sonstige;349669;EUR;LST014;Leistungen für Bildung und Teilhabe
22251;Empfänger v.Lstg. f. Bildung u. Teilhabe (AsylbLG);JAHR;Jahr;2025;QUARTG;Quartale;QUART3;3. Quartal;DINSG;Deutschland insgesamt;DG;Deutschland;LSTAT4;Leistungsart;SCL-KLFHRT;Mehrtägige Klassenfahrten;STAKT2;Staatsangehörigkeit nach Kontinenten;;Insgesamt;3035;Anzahl;EMP005;Empfänger von Leistungen für Bildung und Teilhabe
22251;Empfänger v.Lstg. f. Bildung u. Teilhabe (AsylbLG);JAHR;Jahr;2025;QUARTG;Quartale;QUART3;3. Quartal;DINSG;Deutschland insgesamt;DG;Deutschland;LSTAT4;Leistungsart;SCL-KLFHRT;Mehrtägige Klassenfahrten;STAKT2;Staatsangehörigkeit nach Kontinenten;;Insgesamt;853757;EUR;LST014;Leistungen für Bildung und Teilhabe
22251;Empfänger v.Lstg. f. Bildung u. Teilhabe (AsylbLG);JAHR;Jahr;2025;QUARTG;Quartale;QUART2;2. Quartal;DINSG;Deutschland insgesamt;DG;Deutschland;LSTAT4;Leistungsart;TEILH-SOZ;Teilhabe am soz. u.kultur. Leben i.d. Gemeinschaft;STAKT2;Staatsangehörigkeit nach Kontinenten;EUROPA;Europa;2260;Anzahl;EMP005;Empfänger von Leistungen für Bildung und Teilhabe
22251;Empfänger v.Lstg. f. Bildung u. Teilhabe (AsylbLG);JAHR;Jahr;2025;QUARTG;Quartale;QUART2;2. Quartal;DINSG;Deutschland insgesamt;DG;Deutschland;LSTAT4;Leistungsart;TEILH-SOZ;Teilhabe am soz. u.kultur. Leben i.d. Gemeinschaft;STAKT2;Staatsangehörigkeit nach Kontinenten;EUROPA;Europa;98035;EUR;LST014;Leistungen für Bildung und Teilhabe
22251;Empfänger v.Lstg. f. Bildung u. Teilhabe (AsylbLG);JAHR;Jahr;2025;QUARTG;Quartale;QUART4;4. Quartal;DINSG;Deutschland insgesamt;DG;Deutschland;LSTAT4;Leistungsart;SCL-AUSFL;Schulausflüge;STAKT2;Staatsangehörigkeit nach Kontinenten;EUROPA;Europa;1335;Anzahl;EMP005;Empfänger von Leistungen für Bildung und Teilhabe
22251;Empfänger v.Lstg. f. Bildung u. Teilhabe (AsylbLG);JAHR;Jahr;2025;QUARTG;Quartale;QUART4;4. Quartal;DINSG;Deutschland insgesamt;DG;Deutschland;LSTAT4;Leistungsart;SCL-AUSFL;Schulausflüge;STAKT2;Staatsangehörigkeit nach Kontinenten;EUROPA;Europa;60614;EUR;LST014;Leistungen für Bildung und Teilhabe
