statistics_code;statistics_label;time_code;time_label;time;1_variable_code;1_variable_label;1_variable_attribute_code;1_variable_attribute_label;2_variable_code;2_variable_label;2_variable_attribute_code;2_variable_attribute_label;value;value_unit;value_variable_code;value_variable_label
22211;Ausgaben und Einnahmen für Asylbewerberleistungen;JAHR;Jahr;2024;DLAND;Bundesländer;05;Nordrhein-Westfalen;ASYLS1;Leistungsart;GRUNDLST;Grundleistungen;676027;Tsd. EUR;BAG002;Bruttoausgaben nach d. Asylbewerberleistungsgesetz
22211;Ausgaben und Einnahmen für Asylbewerberleistungen;JAHR;Jahr;2021;DLAND;Bundesländer;16;Thüringen;ASYLS1;Leistungsart;;Insgesamt;62472;Tsd. EUR;BAG002;Bruttoausgaben nach d. Asylbewerberleistungsgesetz
22211;Ausgaben und Einnahmen für Asylbewerberleistungen;JAHR;Jahr;2025;DLAND;Bundesländer;11;Berlin;ASYLS1;Leistungsart;HLF-LEBUNT;Hilfe zum Lebensunterhalt;98456;Tsd. EUR;BAG002;Bruttoausgaben nach d. Asylbewerberleistungsgesetz
22211;Ausgaben und Einnahmen für Asylbewerberleistungen;JAHR;Jahr;2025;DLAND;Bundesländer;08;Baden-Württemberg;ASYLS1;Leistungsart;HLF-LEBUNT;Hilfe zum Lebensunterhalt;77899;Tsd. EUR;BAG002;Bruttoausgaben nach d. Asylbewerberleistungsgesetz
22211;Ausgaben und Einnahmen für Asylbewerberleistungen;JAHR;Jahr;2023;DLAND;Bundesländer;06;Hessen;ASYLS1;Leistungsart;HLF-LEBUNT;Hilfe zum Lebensunterhalt;115354;Tsd. EUR;BAG002;Bruttoausgaben nach d. Asylbewerberleistungsgesetz
22211;Ausgaben und Einnahmen für Asylbewerberleistungen;JAHR;Jahr;2022;DLAND;Bundesländer;16;Thüringen;ASYLS1;Leistungsart;HLF-LEBUNT;Hilfe zum Lebensunterhalt;24679;Tsd. EUR;BAG002;Bruttoausgaben nach d. Asylbewerberleistungsgesetz
22211;Ausgaben und Einnahmen für Asylbewerberleistungen;JAHR;Jahr;2022;DLAND;Bundesländer;05;Nordrhein-Westfalen;ASYLS1;Leistungsart;HLF-LEBUNT;Hilfe zum Lebensunterhalt;322573;Tsd. EUR;BAG002;Bruttoausgaben nach d. Asylbewerberleistungsgesetz
22211;Ausgaben und Einnahmen für Asylbewerberleistungen;JAHR;Jahr;2021;DLAND;Bundesländer;15;Sachsen-Anhalt;ASYLS1;Leistungsart;HLF-LEBUNT;Hilfe zum Lebensunterhalt;7477;Tsd. EUR;BAG002;Bruttoausgaben nach d. Asylbewerberleistungsgesetz
22211;Ausgaben und Einnahmen für Asylbewerberleistungen;JAHR;Jahr;2021;DLAND;Bundesländer;04;Bremen;ASYLS1;Leistungsart;HLF-LEBUNT;Hilfe zum Lebensunterhalt;17265;Tsd. EUR;BAG002;Bruttoausgaben nach d. Asylbewerberleistungsgesetz
22211;Ausgaben und Einnahmen für Asylbewerberleistungen;JAHR;Jahr;2024;DLAND;Bundesländer;07;Rheinland-Pfalz;ASYLS1;Leistungsart;HLF-LEBUNT;Hilfe zum Lebensunterhalt;30323;Tsd. EUR;BAG002;Bruttoausgaben nach d. Asylbewerberleistungsgesetz
22211;Ausgaben und Einnahmen für Asylbewerberleistungen;JAHR;Jahr;2023;DLAND;Bundesländer;09;Bayern;ASYLS1;Leistungsart;;Insgesamt;929872;Tsd. EUR;BAG002;Bruttoausgaben nach d. Asylbewerberleistungsgesetz
22211;Ausgaben und Einnahmen für Asylbewerberleistungen;JAHR;Jahr;2022;DLAND;Bundesländer;07;Rheinland-Pfalz;ASYLS1;Leistungsart;;Insgesamt;252380;Tsd. EUR;BAG002;Bruttoausgaben nach d. Asylbewerberleistungsgesetz
22211;Ausgaben und Einnahmen für Asylbewerberleistungen;JAHR;Jahr;2021;DLAND;Bundesländer;05;Nordrhein-Westfalen;ASYLS1;Leistungsart;;Insgesamt;831015;Tsd. EUR;BAG002;Bruttoausgaben nach d. Asylbewerberleistungsgesetz
22211;Ausgaben und Einnahmen für Asylbewerberleistungen;JAHR;Jahr;2024;DLAND;Bundesländer;10;Saarland;ASYLS1;Leistungsart;GRUNDLST;Grundleistungen;41145;Tsd. EUR;BAG002;Bruttoausgaben nach d. Asylbewerberleistungsgesetz
22211;Ausgaben und Einnahmen für Asylbewerberleistungen;JAHR;Jahr;2023;DLAND;Bundesländer;07;Rheinland-Pfalz;ASYLS1;Leistungsart;GRUNDLST;Grundleistungen;185389;Tsd. EUR;BAG002;Bruttoausgaben nach d. Asylbewerberleistungsgesetz
22211;Ausgaben und Einnahmen für Asylbewerberleistungen;JAHR;Jahr;2021;DLAND;Bundesländer;14;Sachsen;ASYLS1;Leistungsart;BESLEISTUNG;Besondere Leistungen;48533;Tsd. EUR;BAG002;Bruttoausgaben nach d. Asylbewerberleistungsgesetz
22211;Ausgaben und Einnahmen für Asylbewerberleistungen;JAHR;Jahr;2022;DLAND;Bundesländer;14;Sachsen;ASYLS1;Leistungsart;GRUNDLST;Grundleistungen;335349;Tsd. EUR;BAG002;Bruttoausgaben nach d. Asylbewerberleistungsgesetz
22211;Ausgaben und Einnahmen für Asylbewerberleistungen;JAHR;Jahr;2022;DLAND;Bundesländer;13;Mecklenburg-Vorpommern;ASYLS1;Leistungsart;BESLEISTUNG;Besondere Leistungen;25582;Tsd. EUR;BAG002;Bruttoausgaben nach d. Asylbewerberleistungsgesetz
22211;Ausgaben und Einnahmen für Asylbewerberleistungen;JAHR;Jahr;2024;DLAND;Bundesländer;11;Berlin;ASYLS1;Leistungsart;BESLEISTUNG;Besondere Leistungen;121528;Tsd. EUR;BAG002;Bruttoausgaben nach d. Asylbewerberleistungsgesetz
22211;Ausgaben und Einnahmen für Asylbewerberleistungen;JAHR;Jahr;2022;DLAND;Bundesländer;13;Mecklenburg-Vorpommern;ASYLS1;Leistungsart;GRUNDLST;Grundleistungen;74204;Tsd. EUR;BAG002;Bruttoausgaben nach d. Asylbewerberleistungsgesetz
22211;Ausgaben und Einnahmen für Asylbewerberleistungen;JAHR;Jahr;2023;DLAND;Bundesländer;12;Brandenburg;ASYLS1;Leistungsart;BESLEISTUNG;Besondere Leistungen;54922;Tsd. EUR;BAG002;Bruttoausgaben nach d. Asylbewerberleistungsgesetz
22211;Ausgaben und Einnahmen für Asylbewerberleistungen;JAHR;Jahr;2025;DLAND;Bundesländer;04;Bremen;ASYLS1;Leistungsart;GRUNDLST;Grundleistungen;26996;Tsd. EUR;BAG002;Bruttoausgaben nach d. Asylbewerberleistungsgesetz
22211;Ausgaben und Einnahmen für Asylbewerberleistungen;JAHR;Jahr;2024;DLAND;Bundesländer;10;Saarland;ASYLS1;Leistungsart;HLF-LEBUNT;Hilfe zum Lebensunterhalt;5761;Tsd. EUR;BAG002;Bruttoausgaben nach d. Asylbewerberleistungsgesetz
22211;Ausgaben und Einnahmen für Asylbewerberleistungen;JAHR;Jahr;2022;DLAND;Bundesländer;09;Bayern;ASYLS1;Leistungsart;GRUNDLST;Grundleistungen;641535;Tsd. EUR;BAG002;Bruttoausgaben nach d. Asylbewerberleistungsgesetz
22211;Ausgaben und Einnahmen für Asylbewerberleistungen;JAHR;Jahr;2021;DLAND;Bundesländer;15;Sachsen-Anhalt;ASYLS1;Leistungsart;;Insgesamt;77574;Tsd. EUR;BAG002;Bruttoausgaben nach d. Asylbewerberleistungsgesetz
22211;Ausgaben und Einnahmen für Asylbewerberleistungen;JAHR;Jahr;2024;DLAND;Bundesländer;11;Berlin;ASYLS1;Leistungsart;GRUNDLST;Grundleistungen;363269;Tsd. EUR;BAG002;Bruttoausgaben nach d. Asylbewerberleistungsgesetz
22211;Ausgaben und Einnahmen für Asylbewerberleistungen;JAHR;Jahr;2024;DLAND;Bundesländer;06;Hessen;ASYLS1;Leistungsart;GRUNDLST;Grundleistungen;434330;Tsd. EUR;BAG002;Bruttoausgaben nach d. Asylbewerberleistungsgesetz
22211;Ausgaben und Einnahmen für Asylbewerberleistungen;JAHR;Jahr;2023;DLAND;Bundesländer;08;Baden-Württemberg;ASYLS1;Leistungsart;BESLEISTUNG;Besondere Leistungen;134151;Tsd. EUR;BAG002;Bruttoausgaben nach d. Asylbewerberleistungsgesetz
22211;Ausgaben und Einnahmen für Asylbewerberleistungen;JAHR;Jahr;2022;DLAND;Bundesländer;08;Baden-Württemberg;ASYLS1;Leistungsart;;Insgesamt;614225;Tsd. EUR;BAG002;Bruttoausgaben nach d. Asylbewerberleistungsgesetz
22211;Ausgaben und Einnahmen für Asylbewerberleistungen;JAHR;Jahr;2023;DLAND;Bundesländer;09;Bayern;ASYLS1;Leistungsart;BESLEISTUNG;Besondere Leistungen;170628;Tsd. EUR;BAG002;Bruttoausgaben nach d. Asylbewerberleistungsgesetz
22211;Ausgaben und Einnahmen für Asylbewerberleistungen;JAHR;Jahr;2024;DLAND;Bundesländer;10;Saarland;ASYLS1;Leistungsart;BESLEISTUNG;Besondere Leistungen;7984;Tsd. EUR;BAG002;Bruttoausgaben nach d. Asylbewerberleistungsgesetz
22211;Ausgaben und Einnahmen für Asylbewerberleistungen;JAHR;Jahr;2021;DLAND;Bundesländer;06;Hessen;ASYLS1;Leistungsart;;Insgesamt;342590;Tsd. EUR;BAG002;Bruttoausgaben nach d. Asylbewerberleistungsgesetz
22211;Ausgaben und Einnahmen für Asylbewerberleistungen;JAHR;Jahr;2021;DLAND;Bundesländer;02;Hamburg;ASYLS1;Leistungsart;BESLEISTUNG;Besondere Leistungen;37242;Tsd. EUR;BAG002;Bruttoausgaben nach d. Asylbewerberleistungsgesetz
22211;Ausgaben und Einnahmen für Asylbewerberleistungen;JAHR;Jahr;2023;DLAND;Bundesländer;01;Schleswig-Holstein;ASYLS1;Leistungsart;BESLEISTUNG;Besondere Leistungen;72561;Tsd. EUR;BAG002;Bruttoausgaben nach d. Asylbewerberleistungsgesetz
22211;Ausgaben und Einnahmen für Asylbewerberleistungen;JAHR;Jahr;2025;DLAND;Bundesländer;07;Rheinland-Pfalz;ASYLS1;Leistungsart;BESLEISTUNG;Besondere Leistungen;40134;Tsd. EUR;BAG002;Bruttoausgaben nach d. Asylbewerberleistungsgesetz
22211;Ausgaben und Einnahmen für Asylbewerberleistungen;JAHR;Jahr;2021;DLAND;Bundesländer;15;Sachsen-Anhalt;ASYLS1;Leistungsart;GRUNDLST;Grundleistungen;54966;Tsd. EUR;BAG002;Bruttoausgaben nach d. Asylbewerberleistungsgesetz
22211;Ausgaben und Einnahmen für Asylbewerberleistungen;JAHR;Jahr;2023;DLAND;Bundesländer;08;Baden-Württemberg;ASYLS1;Leistungsart;GRUNDLST;Grundleistungen;373315;Tsd. EUR;BAG002;Bruttoausgaben nach d. Asylbewerberleistungsgesetz
22211;Ausgaben und Einnahmen für Asylbewerberleistungen;JAHR;Jahr;2025;DLAND;Bundesländer;06;Hessen;ASYLS1;Leistungsart;BESLEISTUNG;Besondere Leistungen;75364;Tsd. EUR;BAG002;Bruttoausgaben nach d. Asylbewerberleistungsgesetz
22211;Ausgaben und Einnahmen für Asylbewerberleistungen;JAHR;Jahr;2021;DLAND;Bundesländer;14;Sachsen;ASYLS1;Leistungsart;;Insgesamt;284889;Tsd. EUR;BAG002;Bruttoausgaben nach d. Asylbewerberleistungsgesetz
22211;Ausgaben und Einnahmen für Asylbewerberleistungen;JAHR;Jahr;2021;DLAND;Bundesländer;03;Niedersachsen;ASYLS1;Leistungsart;BESLEISTUNG;Besondere Leistungen;86981;Tsd. EUR;BAG002;Bruttoausgaben nach d. Asylbewerberleistungsgesetz
22211;Ausgaben und Einnahmen für Asylbewerberleistungen;JAHR;Jahr;2023;DLAND;Bundesländer;12;Brandenburg;ASYLS1;Leistungsart;GRUNDLST;Grundleistungen;122432;Tsd. EUR;BAG002;Bruttoausgaben nach d. Asylbewerberleistungsgesetz
22211;Ausgaben und Einnahmen für Asylbewerberleistungen;JAHR;Jahr;2025;DLAND;Bundesländer;05;Nordrhein-Westfalen;ASYLS1;Leistungsart;GRUNDLST;Grundleistungen;587780;Tsd. EUR;BAG002;Bruttoausgaben nach d. Asylbewerberleistungsgesetz
22211;Ausgaben und Einnahmen für Asylbewerberleistungen;JAHR;Jahr;2023;DLAND;Bundesländer;05;Nordrhein-Westfalen;ASYLS1;Leistungsart;HLF-LEBUNT;Hilfe zum Lebensunterhalt;295628;Tsd. EUR;BAG002;Bruttoausgaben nach d. Asylbewerberleistungsgesetz
22211;Ausgaben und Einnahmen für Asylbewerberleistungen;JAHR;Jahr;2022;DLAND;Bundesländer;15;Sachsen-Anhalt;ASYLS1;Leistungsart;HLF-LEBUNT;Hilfe zum Lebensunterhalt;8133;Tsd. EUR;BAG002;Bruttoausgaben nach d. Asylbewerberleistungsgesetz
22211;Ausgaben und Einnahmen für Asylbewerberleistungen;JAHR;Jahr;2024;DLAND;Bundesländer;06;Hessen;ASYLS1;Leistungsart;HLF-LEBUNT;Hilfe zum Lebensunterhalt;99660;Tsd. EUR;BAG002;Bruttoausgaben nach d. Asylbewerberleistungsgesetz
22211;Ausgaben und Einnahmen für Asylbewerberleistungen;JAHR;Jahr;2023;DLAND;Bundesländer;16;Thüringen;ASYLS1;Leistungsart;HLF-LEBUNT;Hilfe zum Lebensunterhalt;24694;Tsd. EUR;BAG002;Bruttoausgaben nach d. Asylbewerberleistungsgesetz
22211;Ausgaben und Einnahmen für Asylbewerberleistungen;JAHR;Jahr;2025;DLAND;Bundesländer;07;Rheinland-Pfalz;ASYLS1;Leistungsart;HLF-LEBUNT;Hilfe zum Lebensunterhalt;21350;Tsd. EUR;BAG002;Bruttoausgaben nach d. Asylbewerberleistungsgesetz
22211;Ausgaben und Einnahmen für Asylbewerberleistungen;JAHR;Jahr;2022;DLAND;Bundesländer;04;Bremen;ASYLS1;Leistungsart;HLF-LEBUNT;Hilfe zum Lebensunterhalt;16691;Tsd. EUR;BAG002;Bruttoausgaben nach d. Asylbewerberleistungsgesetz
22211;Ausgaben und Einnahmen für Asylbewerberleistungen;JAHR;Jahr;2022;DLAND;Bundesländer;05;Nordrhein-Westfalen;ASYLS1;Leistungsart;;Insgesamt;1296162;Tsd. EUR;BAG002;Bruttoausgaben nach d. Asylbewerberleistungsgesetz
22211;Ausgaben und Einnahmen für Asylbewerberleistungen;JAHR;Jahr;2024;DLAND;Bundesländer;09;Bayern;ASYLS1;Leistungsart;;Insgesamt;1003727;Tsd. EUR;BAG002;Bruttoausgaben nach d. Asylbewerberleistungsgesetz
22211;Ausgaben und Einnahmen für Asylbewerberleistungen;JAHR;Jahr;2025;DLAND;Bundesländer;10;Saarland;ASYLS1;Leistungsart;GRUNDLST;Grundleistungen;37034;Tsd. EUR;BAG002;Bruttoausgaben nach d. Asylbewerberleistungsgesetz
22211;Ausgaben und Einnahmen für Asylbewerberleistungen;JAHR;Jahr;2023;DLAND;Bundesländer;07;Rheinland-Pfalz;ASYLS1;Leistungsart;;Insgesamt;260590;Tsd. EUR;BAG002;Bruttoausgaben nach d. Asylbewerberleistungsgesetz
22211;Ausgaben und Einnahmen für Asylbewerberleistungen;JAHR;Jahr;2023;DLAND;Bundesländer;13;Mecklenburg-Vorpommern;ASYLS1;Leistungsart;BESLEISTUNG;Besondere Leistungen;25806;Tsd. EUR;BAG002;Bruttoausgaben nach d. Asylbewerberleistungsgesetz
22211;Ausgaben und Einnahmen für Asylbewerberleistungen;JAHR;Jahr;2022;DLAND;Bundesländer;07;Rheinland-Pfalz;ASYLS1;Leistungsart;GRUNDLST;Grundleistungen;177106;Tsd. EUR;BAG002;Bruttoausgaben nach d. Asylbewerberleistungsgesetz
22211;Ausgaben und Einnahmen für Asylbewerberleistungen;JAHR;Jahr;2023;DLAND;Bundesländer;14;Sachsen;ASYLS1;Leistungsart;GRUNDLST;Grundleistungen;404495;Tsd. EUR;BAG002;Bruttoausgaben nach d. Asylbewerberleistungsgesetz
22211;Ausgaben und Einnahmen für Asylbewerberleistungen;JAHR;Jahr;2023;DLAND;Bundesländer;11;Berlin;ASYLS1;Leistungsart;BESLEISTUNG;Besondere Leistungen;110495;Tsd. EUR;BAG002;Bruttoausgaben nach d. Asylbewerberleistungsgesetz
22211;Ausgaben und Einnahmen für Asylbewerberleistungen;JAHR;Jahr;2021;DLAND;Bundesländer;03;Niedersachsen;ASYLS1;Leistungsart;HLF-LEBUNT;Hilfe zum Lebensunterhalt;159639;Tsd. EUR;BAG002;Bruttoausgaben nach d. Asylbewerberleistungsgesetz
22211;Ausgaben und Einnahmen für Asylbewerberleistungen;JAHR;Jahr;2022;DLAND;Bundesländer;12;Brandenburg;ASYLS1;Leistungsart;BESLEISTUNG;Besondere Leistungen;55214;Tsd. EUR;BAG002;Bruttoausgaben nach d. Asylbewerberleistungsgesetz
22211;Ausgaben und Einnahmen für Asylbewerberleistungen;JAHR;Jahr;2021;DLAND;Bundesländer;14;Sachsen;ASYLS1;Leistungsart;HLF-LEBUNT;Hilfe zum Lebensunterhalt;57734;Tsd. EUR;BAG002;Bruttoausgaben nach d. Asylbewerberleistungsgesetz
22211;Ausgaben und Einnahmen für Asylbewerberleistungen;JAHR;Jahr;2025;DLAND;Bundesländer;11;Berlin;ASYLS1;Leistungsart;GRUNDLST;Grundleistungen;385171;Tsd. EUR;BAG002;Bruttoausgaben nach d. Asylbewerberleistungsgesetz
22211;Ausgaben und Einnahmen für Asylbewerberleistungen;JAHR;Jahr;2025;DLAND;Bundesländer;10;Saarland;ASYLS1;Leistungsart;HLF-LEBUNT;Hilfe zum Lebensunterhalt;3921;Tsd. EUR;BAG002;Bruttoausgaben nach d. Asylbewerberleistungsgesetz
22211;Ausgaben und Einnahmen für Asylbewerberleistungen;JAHR;Jahr;2022;DLAND;Bundesländer;15;Sachsen-Anhalt;ASYLS1;Leistungsart;;Insgesamt;136884;Tsd. EUR;BAG002;Bruttoausgaben nach d. Asylbewerberleistungsgesetz
22211;Ausgaben und Einnahmen für Asylbewerberleistungen;JAHR;Jahr;2024;DLAND;Bundesländer;04;Bremen;ASYLS1;Leistungsart;GRUNDLST;Grundleistungen;28953;Tsd. EUR;BAG002;Bruttoausgaben nach d. Asylbewerberleistungsgesetz
22211;Ausgaben und Einnahmen für Asylbewerberleistungen;JAHR;Jahr;2021;DLAND;Bundesländer;13;Mecklenburg-Vorpommern;ASYLS1;Leistungsart;;Insgesamt;64319;Tsd. EUR;BAG002;Bruttoausgaben nach d. Asylbewerberleistungsgesetz
22211;Ausgaben und Einnahmen für Asylbewerberleistungen;JAHR;Jahr;2022;DLAND;Bundesländer;14;Sachsen;ASYLS1;Leistungsart;BESLEISTUNG;Besondere Leistungen;72029;Tsd. EUR;BAG002;Bruttoausgaben nach d. Asylbewerberleistungsgesetz
22211;Ausgaben und Einnahmen für Asylbewerberleistungen;JAHR;Jahr;2021;DLAND;Bundesländer;16;Thüringen;ASYLS1;Leistungsart;GRUNDLST;Grundleistungen;37727;Tsd. EUR;BAG002;Bruttoausgaben nach d. Asylbewerberleistungsgesetz
22211;Ausgaben und Einnahmen für Asylbewerberleistungen;JAHR;Jahr;2023;DLAND;Bundesländer;09;Bayern;ASYLS1;Leistungsart;GRUNDLST;Grundleistungen;688822;Tsd. EUR;BAG002;Bruttoausgaben nach d. Asylbewerberleistungsgesetz
22211;Ausgaben und Einnahmen für Asylbewerberleistungen;JAHR;Jahr;2024;DLAND;Bundesländer;09;Bayern;ASYLS1;Leistungsart;BESLEISTUNG;Besondere Leistungen;169217;Tsd. EUR;BAG002;Bruttoausgaben nach d. Asylbewerberleistungsgesetz
22211;Ausgaben und Einnahmen für Asylbewerberleistungen;JAHR;Jahr;2023;DLAND;Bundesländer;13;Mecklenburg-Vorpommern;ASYLS1;Leistungsart;GRUNDLST;Grundleistungen;56462;Tsd. EUR;BAG002;Bruttoausgaben nach d. Asylbewerberleistungsgesetz
22211;Ausgaben und Einnahmen für Asylbewerberleistungen;JAHR;Jahr;2024;DLAND;Bundesländer;08;Baden-Württemberg;ASYLS1;Leistungsart;BESLEISTUNG;Besondere Leistungen;131892;Tsd. EUR;BAG002;Bruttoausgaben nach d. Asylbewerberleistungsgesetz
22211;Ausgaben und Einnahmen für Asylbewerberleistungen;JAHR;Jahr;2025;DLAND;Bundesländer;06;Hessen;ASYLS1;Leistungsart;GRUNDLST;Grundleistungen;396052;Tsd. EUR;BAG002;Bruttoausgaben nach d. Asylbewerberleistungsgesetz
22211;Ausgaben und Einnahmen für Asylbewerberleistungen;JAHR;Jahr;2021;DLAND;Bundesländer;08;Baden-Württemberg;ASYLS1;Leistungsart;;Insgesamt;400468;Tsd. EUR;BAG002;Bruttoausgaben nach d. Asylbewerberleistungsgesetz
22211;Ausgaben und Einnahmen für Asylbewerberleistungen;JAHR;Jahr;2023;DLAND;Bundesländer;10;Saarland;ASYLS1;Leistungsart;BESLEISTUNG;Besondere Leistungen;8973;Tsd. EUR;BAG002;Bruttoausgaben nach d. Asylbewerberleistungsgesetz
22211;Ausgaben und Einnahmen für Asylbewerberleistungen;JAHR;Jahr;2024;DLAND;Bundesländer;01;Schleswig-Holstein;ASYLS1;Leistungsart;BESLEISTUNG;Besondere Leistungen;74973;Tsd. EUR;BAG002;Bruttoausgaben nach d. Asylbewerberleistungsgesetz
22211;Ausgaben und Einnahmen für Asylbewerberleistungen;JAHR;Jahr;2024;DLAND;Bundesländer;06;Hessen;ASYLS1;Leistungsart;BESLEISTUNG;Besondere Leistungen;77698;Tsd. EUR;BAG002;Bruttoausgaben nach d. Asylbewerberleistungsgesetz
22211;Ausgaben und Einnahmen für Asylbewerberleistungen;JAHR;Jahr;2021;DLAND;Bundesländer;03;Niedersachsen;ASYLS1;Leistungsart;;Insgesamt;420625;Tsd. EUR;BAG002;Bruttoausgaben nach d. Asylbewerberleistungsgesetz
22211;Ausgaben und Einnahmen für Asylbewerberleistungen;JAHR;Jahr;2024;DLAND;Bundesländer;07;Rheinland-Pfalz;ASYLS1;Leistungsart;BESLEISTUNG;Besondere Leistungen;38603;Tsd. EUR;BAG002;Bruttoausgaben nach d. Asylbewerberleistungsgesetz
22211;Ausgaben und Einnahmen für Asylbewerberleistungen;JAHR;Jahr;2022;DLAND;Bundesländer;08;Baden-Württemberg;ASYLS1;Leistungsart;GRUNDLST;Grundleistungen;375895;Tsd. EUR;BAG002;Bruttoausgaben nach d. Asylbewerberleistungsgesetz
22211;Ausgaben und Einnahmen für Asylbewerberleistungen;JAHR;Jahr;2022;DLAND;Bundesländer;12;Brandenburg;ASYLS1;Leistungsart;GRUNDLST;Grundleistungen;128595;Tsd. EUR;BAG002;Bruttoausgaben nach d. Asylbewerberleistungsgesetz
22211;Ausgaben und Einnahmen für Asylbewerberleistungen;JAHR;Jahr;2023;DLAND;Bundesländer;04;Bremen;ASYLS1;Leistungsart;HLF-LEBUNT;Hilfe zum Lebensunterhalt;15513;Tsd. EUR;BAG002;Bruttoausgaben nach d. Asylbewerberleistungsgesetz
22211;Ausgaben und Einnahmen für Asylbewerberleistungen;JAHR;Jahr;2022;DLAND;Bundesländer;14;Sachsen;ASYLS1;Leistungsart;HLF-LEBUNT;Hilfe zum Lebensunterhalt;57705;Tsd. EUR;BAG002;Bruttoausgaben nach d. Asylbewerberleistungsgesetz
22211;Ausgaben und Einnahmen für Asylbewerberleistungen;JAHR;Jahr;2022;DLAND;Bundesländer;03;Niedersachsen;ASYLS1;Leistungsart;HLF-LEBUNT;Hilfe zum Lebensunterhalt;148130;Tsd. EUR;BAG002;Bruttoausgaben nach d. Asylbewerberleistungsgesetz
22211;Ausgaben und Einnahmen für Asylbewerberleistungen;JAHR;Jahr;2025;DLAND;Bundesländer;06;Hessen;ASYLS1;Leistungsart;HLF-LEBUNT;Hilfe zum Lebensunterhalt;76078;Tsd. EUR;BAG002;Bruttoausgaben nach d. Asylbewerberleistungsgesetz
22211;Ausgaben und Einnahmen für Asylbewerberleistungen;JAHR;Jahr;2021;DLAND;Bundesländer;09;Bayern;ASYLS1;Leistungsart;;Insgesamt;645492;Tsd. EUR;BAG002;Bruttoausgaben nach d. Asylbewerberleistungsgesetz
22211;Ausgaben und Einnahmen für Asylbewerberleistungen;JAHR;Jahr;2023;DLAND;Bundesländer;15;Sachsen-Anhalt;ASYLS1;Leistungsart;HLF-LEBUNT;Hilfe zum Lebensunterhalt;6742;Tsd. EUR;BAG002;Bruttoausgaben nach d. Asylbewerberleistungsgesetz
22211;Ausgaben und Einnahmen für Asylbewerberleistungen;JAHR;Jahr;2024;DLAND;Bundesländer;16;Thüringen;ASYLS1;Leistungsart;HLF-LEBUNT;Hilfe zum Lebensunterhalt;21584;Tsd. EUR;BAG002;Bruttoausgaben nach d. Asylbewerberleistungsgesetz
22211;Ausgaben und Einnahmen für Asylbewerberleistungen;JAHR;Jahr;2024;DLAND;Bundesländer;07;Rheinland-Pfalz;ASYLS1;Leistungsart;;Insgesamt;289809;Tsd. EUR;BAG002;Bruttoausgaben nach d. Asylbewerberleistungsgesetz
22211;Ausgaben und Einnahmen für Asylbewerberleistungen;JAHR;Jahr;2024;DLAND;Bundesländer;05;Nordrhein-Westfalen;ASYLS1;Leistungsart;HLF-LEBUNT;Hilfe zum Lebensunterhalt;253888;Tsd. EUR;BAG002;Bruttoausgaben nach d. Asylbewerberleistungsgesetz
22211;Ausgaben und Einnahmen für Asylbewerberleistungen;JAHR;Jahr;2024;DLAND;Bundesländer;13;Mecklenburg-Vorpommern;ASYLS1;Leistungsart;BESLEISTUNG;Besondere Leistungen;26445;Tsd. EUR;BAG002;Bruttoausgaben nach d. Asylbewerberleistungsgesetz
22211;Ausgaben und Einnahmen für Asylbewerberleistungen;JAHR;Jahr;2025;DLAND;Bundesländer;12;Brandenburg;ASYLS1;Leistungsart;BESLEISTUNG;Besondere Leistungen;36991;Tsd. EUR;BAG002;Bruttoausgaben nach d. Asylbewerberleistungsgesetz
22211;Ausgaben und Einnahmen für Asylbewerberleistungen;JAHR;Jahr;2024;DLAND;Bundesländer;06;Hessen;ASYLS1;Leistungsart;;Insgesamt;611688;Tsd. EUR;BAG002;Bruttoausgaben nach d. Asylbewerberleistungsgesetz
22211;Ausgaben und Einnahmen für Asylbewerberleistungen;JAHR;Jahr;2021;DLAND;Bundesländer;07;Rheinland-Pfalz;ASYLS1;Leistungsart;GRUNDLST;Grundleistungen;88988;Tsd. EUR;BAG002;Bruttoausgaben nach d. Asylbewerberleistungsgesetz
22211;Ausgaben und Einnahmen für Asylbewerberleistungen;JAHR;Jahr;2021;DLAND;Bundesländer;02;Hamburg;ASYLS1;Leistungsart;HLF-LEBUNT;Hilfe zum Lebensunterhalt;65858;Tsd. EUR;BAG002;Bruttoausgaben nach d. Asylbewerberleistungsgesetz
22211;Ausgaben und Einnahmen für Asylbewerberleistungen;JAHR;Jahr;2022;DLAND;Bundesländer;02;Hamburg;ASYLS1;Leistungsart;;Insgesamt;205941;Tsd. EUR;BAG002;Bruttoausgaben nach d. Asylbewerberleistungsgesetz
22211;Ausgaben und Einnahmen für Asylbewerberleistungen;JAHR;Jahr;2021;DLAND;Bundesländer;13;Mecklenburg-Vorpommern;ASYLS1;Leistungsart;HLF-LEBUNT;Hilfe zum Lebensunterhalt;20388;Tsd. EUR;BAG002;Bruttoausgaben nach d. Asylbewerberleistungsgesetz
22211;Ausgaben und Einnahmen für Asylbewerberleistungen;JAHR;Jahr;2025;DLAND;Bundesländer;16;Thüringen;ASYLS1;Leistungsart;BESLEISTUNG;Besondere Leistungen;3833;Tsd. EUR;BAG002;Bruttoausgaben nach d. Asylbewerberleistungsgesetz
22211;Ausgaben und Einnahmen für Asylbewerberleistungen;JAHR;Jahr;2023;DLAND;Bundesländer;15;Sachsen-Anhalt;ASYLS1;Leistungsart;;Insgesamt;135550;Tsd. EUR;BAG002;Bruttoausgaben nach d. Asylbewerberleistungsgesetz
22211;Ausgaben und Einnahmen für Asylbewerberleistungen;JAHR;Jahr;2023;DLAND;Bundesländer;04;Bremen;ASYLS1;Leistungsart;GRUNDLST;Grundleistungen;25061;Tsd. EUR;BAG002;Bruttoausgaben nach d. Asylbewerberleistungsgesetz
22211;Ausgaben und Einnahmen für Asylbewerberleistungen;JAHR;Jahr;2021;DLAND;Bundesländer;11;Berlin;ASYLS1;Leistungsart;;Insgesamt;393624;Tsd. EUR;BAG002;Bruttoausgaben nach d. Asylbewerberleistungsgesetz
22211;Ausgaben und Einnahmen für Asylbewerberleistungen;JAHR;Jahr;2023;DLAND;Bundesländer;14;Sachsen;ASYLS1;Leistungsart;BESLEISTUNG;Besondere Leistungen;66334;Tsd. EUR;BAG002;Bruttoausgaben nach d. Asylbewerberleistungsgesetz
22211;Ausgaben und Einnahmen für Asylbewerberleistungen;JAHR;Jahr;2022;DLAND;Bundesländer;16;Thüringen;ASYLS1;Leistungsart;GRUNDLST;Grundleistungen;99285;Tsd. EUR;BAG002;Bruttoausgaben nach d. Asylbewerberleistungsgesetz
22211;Ausgaben und Einnahmen für Asylbewerberleistungen;JAHR;Jahr;2022;DLAND;Bundesländer;11;Berlin;ASYLS1;Leistungsart;GRUNDLST;Grundleistungen;233254;Tsd. EUR;BAG002;Bruttoausgaben nach d. Asylbewerberleistungsgesetz
22211;Ausgaben und Einnahmen für Asylbewerberleistungen;JAHR;Jahr;2025;DLAND;Bundesländer;01;Schleswig-Holstein;ASYLS1;Leistungsart;GRUNDLST;Grundleistungen;138462;Tsd. EUR;BAG002;Bruttoausgaben nach d. Asylbewerberleistungsgesetz
22211;Ausgaben und Einnahmen für Asylbewerberleistungen;JAHR;Jahr;2025;DLAND;Bundesländer;09;Bayern;ASYLS1;Leistungsart;BESLEISTUNG;Besondere Leistungen;164074;Tsd. EUR;BAG002;Bruttoausgaben nach d. Asylbewerberleistungsgesetz
22211;Ausgaben und Einnahmen für Asylbewerberleistungen;JAHR;Jahr;2024;DLAND;Bundesländer;13;Mecklenburg-Vorpommern;ASYLS1;Leistungsart;GRUNDLST;Grundleistungen;77584;Tsd. EUR;BAG002;Bruttoausgaben nach d. Asylbewerberleistungsgesetz
22211;Ausgaben und Einnahmen für Asylbewerberleistungen;JAHR;Jahr;2025;DLAND;Bundesländer;08;Baden-Württemberg;ASYLS1;Leistungsart;BESLEISTUNG;Besondere Leistungen;126412;Tsd. EUR;BAG002;Bruttoausgaben nach d. Asylbewerberleistungsgesetz
22211;Ausgaben und Einnahmen für Asylbewerberleistungen;JAHR;Jahr;2023;DLAND;Bundesländer;06;Hessen;ASYLS1;Leistungsart;;Insgesamt;570168;Tsd. EUR;BAG002;Bruttoausgaben nach d. Asylbewerberleistungsgesetz
22211;Ausgaben und Einnahmen für Asylbewerberleistungen;JAHR;Jahr;2022;DLAND;Bundesländer;06;Hessen;ASYLS1;Leistungsart;GRUNDLST;Grundleistungen;387586;Tsd. EUR;BAG002;Bruttoausgaben nach d. Asylbewerberleistungsgesetz
22211;Ausgaben und Einnahmen für Asylbewerberleistungen;JAHR;Jahr;2025;DLAND;Bundesländer;01;Schleswig-Holstein;ASYLS1;Leistungsart;;Insgesamt;260472;Tsd. EUR;BAG002;Bruttoausgaben nach d. Asylbewerberleistungsgesetz
22211;Ausgaben und Einnahmen für Asylbewerberleistungen;JAHR;Jahr;2025;DLAND;Bundesländer;01;Schleswig-Holstein;ASYLS1;Leistungsart;BESLEISTUNG;Besondere Leistungen;75070;Tsd. EUR;BAG002;Bruttoausgaben nach d. Asylbewerberleistungsgesetz
22211;Ausgaben und Einnahmen für Asylbewerberleistungen;JAHR;Jahr;2024;DLAND;Bundesländer;03;Niedersachsen;ASYLS1;Leistungsart;GRUNDLST;Grundleistungen;398000;Tsd. EUR;BAG002;Bruttoausgaben nach d. Asylbewerberleistungsgesetz
22211;Ausgaben und Einnahmen für Asylbewerberleistungen;JAHR;Jahr;2025;DLAND;Bundesländer;08;Baden-Württemberg;ASYLS1;Leistungsart;GRUNDLST;Grundleistungen;358787;Tsd. EUR;BAG002;Bruttoausgaben nach d. Asylbewerberleistungsgesetz
22211;Ausgaben und Einnahmen für Asylbewerberleistungen;JAHR;Jahr;2022;DLAND;Bundesländer;03;Niedersachsen;ASYLS1;Leistungsart;;Insgesamt;661042;Tsd. EUR;BAG002;Bruttoausgaben nach d. Asylbewerberleistungsgesetz
22211;Ausgaben und Einnahmen für Asylbewerberleistungen;JAHR;Jahr;2023;DLAND;Bundesländer;14;Sachsen;ASYLS1;Leistungsart;;Insgesamt;526457;Tsd. EUR;BAG002;Bruttoausgaben nach d. Asylbewerberleistungsgesetz
22211;Ausgaben und Einnahmen für Asylbewerberleistungen;JAHR;Jahr;2021;DLAND;Bundesländer;10;Saarland;ASYLS1;Leistungsart;;Insgesamt;18986;Tsd. EUR;BAG002;Bruttoausgaben nach d. Asylbewerberleistungsgesetz
22211;Ausgaben und Einnahmen für Asylbewerberleistungen;JAHR;Jahr;2021;DLAND;Bundesländer;12;Brandenburg;ASYLS1;Leistungsart;GRUNDLST;Grundleistungen;68122;Tsd. EUR;BAG002;Bruttoausgaben nach d. Asylbewerberleistungsgesetz
22211;Ausgaben und Einnahmen für Asylbewerberleistungen;JAHR;Jahr;2025;DLAND;Bundesländer;05;Nordrhein-Westfalen;ASYLS1;Leistungsart;BESLEISTUNG;Besondere Leistungen;247179;Tsd. EUR;BAG002;Bruttoausgaben nach d. Asylbewerberleistungsgesetz
22211;Ausgaben und Einnahmen für Asylbewerberleistungen;JAHR;Jahr;2025;DLAND;Bundesländer;04;Bremen;ASYLS1;Leistungsart;BESLEISTUNG;Besondere Leistungen;20276;Tsd. EUR;BAG002;Bruttoausgaben nach d. Asylbewerberleistungsgesetz
22211;Ausgaben und Einnahmen für Asylbewerberleistungen;JAHR;Jahr;2023;DLAND;Bundesländer;03;Niedersachsen;ASYLS1;Leistungsart;HLF-LEBUNT;Hilfe zum Lebensunterhalt;135249;Tsd. EUR;BAG002;Bruttoausgaben nach d. Asylbewerberleistungsgesetz
22211;Ausgaben und Einnahmen für Asylbewerberleistungen;JAHR;Jahr;2024;DLAND;Bundesländer;04;Bremen;ASYLS1;Leistungsart;HLF-LEBUNT;Hilfe zum Lebensunterhalt;14922;Tsd. EUR;BAG002;Bruttoausgaben nach d. Asylbewerberleistungsgesetz
22211;Ausgaben und Einnahmen für Asylbewerberleistungen;JAHR;Jahr;2023;DLAND;Bundesländer;14;Sachsen;ASYLS1;Leistungsart;HLF-LEBUNT;Hilfe zum Lebensunterhalt;55628;Tsd. EUR;BAG002;Bruttoausgaben nach d. Asylbewerberleistungsgesetz
22211;Ausgaben und Einnahmen für Asylbewerberleistungen;JAHR;Jahr;2024;DLAND;Bundesländer;15;Sachsen-Anhalt;ASYLS1;Leistungsart;HLF-LEBUNT;Hilfe zum Lebensunterhalt;5488;Tsd. EUR;BAG002;Bruttoausgaben nach d. Asylbewerberleistungsgesetz
22211;Ausgaben und Einnahmen für Asylbewerberleistungen;JAHR;Jahr;2021;DLAND;Bundesländer;09;Bayern;ASYLS1;Leistungsart;HLF-LEBUNT;Hilfe zum Lebensunterhalt;112187;Tsd. EUR;BAG002;Bruttoausgaben nach d. Asylbewerberleistungsgesetz
22211;Ausgaben und Einnahmen für Asylbewerberleistungen;JAHR;Jahr;2022;DLAND;Bundesländer;09;Bayern;ASYLS1;Leistungsart;;Insgesamt;904096;Tsd. EUR;BAG002;Bruttoausgaben nach d. Asylbewerberleistungsgesetz
22211;Ausgaben und Einnahmen für Asylbewerberleistungen;JAHR;Jahr;2025;DLAND;Bundesländer;05;Nordrhein-Westfalen;ASYLS1;Leistungsart;HLF-LEBUNT;Hilfe zum Lebensunterhalt;209106;Tsd. EUR;BAG002;Bruttoausgaben nach d. Asylbewerberleistungsgesetz
22211;Ausgaben und Einnahmen für Asylbewerberleistungen;JAHR;Jahr;2025;DLAND;Bundesländer;16;Thüringen;ASYLS1;Leistungsart;HLF-LEBUNT;Hilfe zum Lebensunterhalt;18346;Tsd. EUR;BAG002;Bruttoausgaben nach d. Asylbewerberleistungsgesetz
22211;Ausgaben und Einnahmen für Asylbewerberleistungen;JAHR;Jahr;2025;DLAND;Bundesländer;11;Berlin;ASYLS1;Leistungsart;BESLEISTUNG;Besondere Leistungen;119067;Tsd. EUR;BAG002;Bruttoausgaben nach d. Asylbewerberleistungsgesetz
22211;Ausgaben und Einnahmen für Asylbewerberleistungen;JAHR;Jahr;2024;DLAND;Bundesländer;12;Brandenburg;ASYLS1;Leistungsart;BESLEISTUNG;Besondere Leistungen;49559;Tsd. EUR;BAG002;Bruttoausgaben nach d. Asylbewerberleistungsgesetz
22211;Ausgaben und Einnahmen für Asylbewerberleistungen;JAHR;Jahr;2021;DLAND;Bundesländer;02;Hamburg;ASYLS1;Leistungsart;;Insgesamt;188399;Tsd. EUR;BAG002;Bruttoausgaben nach d. Asylbewerberleistungsgesetz
22211;Ausgaben und Einnahmen für Asylbewerberleistungen;JAHR;Jahr;2025;DLAND;Bundesländer;13;Mecklenburg-Vorpommern;ASYLS1;Leistungsart;BESLEISTUNG;Besondere Leistungen;24770;Tsd. EUR;BAG002;Bruttoausgaben nach d. Asylbewerberleistungsgesetz
22211;Ausgaben und Einnahmen für Asylbewerberleistungen;JAHR;Jahr;2022;DLAND;Bundesländer;02;Hamburg;ASYLS1;Leistungsart;HLF-LEBUNT;Hilfe zum Lebensunterhalt;58951;Tsd. EUR;BAG002;Bruttoausgaben nach d. Asylbewerberleistungsgesetz
22211;Ausgaben und Einnahmen für Asylbewerberleistungen;JAHR;Jahr;2022;DLAND;Bundesländer;13;Mecklenburg-Vorpommern;ASYLS1;Leistungsart;HLF-LEBUNT;Hilfe zum Lebensunterhalt;19148;Tsd. EUR;BAG002;Bruttoausgaben nach d. Asylbewerberleistungsgesetz
22211;Ausgaben und Einnahmen für Asylbewerberleistungen;JAHR;Jahr;2023;DLAND;Bundesländer;01;Schleswig-Holstein;ASYLS1;Leistungsart;GRUNDLST;Grundleistungen;94843;Tsd. EUR;BAG002;Bruttoausgaben nach d. Asylbewerberleistungsgesetz
22211;Ausgaben und Einnahmen für Asylbewerberleistungen;JAHR;Jahr;2024;DLAND;Bundesländer;15;Sachsen-Anhalt;ASYLS1;Leistungsart;;Insgesamt;153055;Tsd. EUR;BAG002;Bruttoausgaben nach d. Asylbewerberleistungsgesetz
22211;Ausgaben und Einnahmen für Asylbewerberleistungen;JAHR;Jahr;2021;DLAND;Bundesländer;01;Schleswig-Holstein;ASYLS1;Leistungsart;HLF-LEBUNT;Hilfe zum Lebensunterhalt;72223;Tsd. EUR;BAG002;Bruttoausgaben nach d. Asylbewerberleistungsgesetz
22211;Ausgaben und Einnahmen für Asylbewerberleistungen;JAHR;Jahr;2022;DLAND;Bundesländer;11;Berlin;ASYLS1;Leistungsart;;Insgesamt;477350;Tsd. EUR;BAG002;Bruttoausgaben nach d. Asylbewerberleistungsgesetz
22211;Ausgaben und Einnahmen für Asylbewerberleistungen;JAHR;Jahr;2024;DLAND;Bundesländer;16;Thüringen;ASYLS1;Leistungsart;BESLEISTUNG;Besondere Leistungen;5612;Tsd. EUR;BAG002;Bruttoausgaben nach d. Asylbewerberleistungsgesetz
22211;Ausgaben und Einnahmen für Asylbewerberleistungen;JAHR;Jahr;2021;DLAND;Bundesländer;12;Brandenburg;ASYLS1;Leistungsart;HLF-LEBUNT;Hilfe zum Lebensunterhalt;52544;Tsd. EUR;BAG002;Bruttoausgaben nach d. Asylbewerberleistungsgesetz
22211;Ausgaben und Einnahmen für Asylbewerberleistungen;JAHR;Jahr;2024;DLAND;Bundesländer;14;Sachsen;ASYLS1;Leistungsart;BESLEISTUNG;Besondere Leistungen;58026;Tsd. EUR;BAG002;Bruttoausgaben nach d. Asylbewerberleistungsgesetz
22211;Ausgaben und Einnahmen für Asylbewerberleistungen;JAHR;Jahr;2025;DLAND;Bundesländer;15;Sachsen-Anhalt;ASYLS1;Leistungsart;BESLEISTUNG;Besondere Leistungen;25820;Tsd. EUR;BAG002;Bruttoausgaben nach d. Asylbewerberleistungsgesetz
22211;Ausgaben und Einnahmen für Asylbewerberleistungen;JAHR;Jahr;2022;DLAND;Bundesländer;04;Bremen;ASYLS1;Leistungsart;GRUNDLST;Grundleistungen;22556;Tsd. EUR;BAG002;Bruttoausgaben nach d. Asylbewerberleistungsgesetz
22211;Ausgaben und Einnahmen für Asylbewerberleistungen;JAHR;Jahr;2021;DLAND;Bundesländer;09;Bayern;ASYLS1;Leistungsart;GRUNDLST;Grundleistungen;398297;Tsd. EUR;BAG002;Bruttoausgaben nach d. Asylbewerberleistungsgesetz
22211;Ausgaben und Einnahmen für Asylbewerberleistungen;JAHR;Jahr;2023;DLAND;Bundesländer;16;Thüringen;ASYLS1;Leistungsart;GRUNDLST;Grundleistungen;84308;Tsd. EUR;BAG002;Bruttoausgaben nach d. Asylbewerberleistungsgesetz
22211;Ausgaben und Einnahmen für Asylbewerberleistungen;JAHR;Jahr;2024;DLAND;Bundesländer;01;Schleswig-Holstein;ASYLS1;Leistungsart;GRUNDLST;Grundleistungen;152325;Tsd. EUR;BAG002;Bruttoausgaben nach d. Asylbewerberleistungsgesetz
22211;Ausgaben und Einnahmen für Asylbewerberleistungen;JAHR;Jahr;2023;DLAND;Bundesländer;11;Berlin;ASYLS1;Leistungsart;GRUNDLST;Grundleistungen;242817;Tsd. EUR;BAG002;Bruttoausgaben nach d. Asylbewerberleistungsgesetz
22211;Ausgaben und Einnahmen für Asylbewerberleistungen;JAHR;Jahr;2023;DLAND;Bundesländer;06;Hessen;ASYLS1;Leistungsart;GRUNDLST;Grundleistungen;373271;Tsd. EUR;BAG002;Bruttoausgaben nach d. Asylbewerberleistungsgesetz
22211;Ausgaben und Einnahmen für Asylbewerberleistungen;JAHR;Jahr;2025;DLAND;Bundesländer;13;Mecklenburg-Vorpommern;ASYLS1;Leistungsart;GRUNDLST;Grundleistungen;104142;Tsd. EUR;BAG002;Bruttoausgaben nach d. Asylbewerberleistungsgesetz
22211;Ausgaben und Einnahmen für Asylbewerberleistungen;JAHR;Jahr;2022;DLAND;Bundesländer;06;Hessen;ASYLS1;Leistungsart;;Insgesamt;599774;Tsd. EUR;BAG002;Bruttoausgaben nach d. Asylbewerberleistungsgesetz
22211;Ausgaben und Einnahmen für Asylbewerberleistungen;JAHR;Jahr;2021;DLAND;Bundesländer;14;Sachsen;ASYLS1;Leistungsart;GRUNDLST;Grundleistungen;178622;Tsd. EUR;BAG002;Bruttoausgaben nach d. Asylbewerberleistungsgesetz
22211;Ausgaben und Einnahmen für Asylbewerberleistungen;JAHR;Jahr;2025;DLAND;Bundesländer;10;Saarland;ASYLS1;Leistungsart;BESLEISTUNG;Besondere Leistungen;8817;Tsd. EUR;BAG002;Bruttoausgaben nach d. Asylbewerberleistungsgesetz
22211;Ausgaben und Einnahmen für Asylbewerberleistungen;JAHR;Jahr;2025;DLAND;Bundesländer;07;Rheinland-Pfalz;ASYLS1;Leistungsart;;Insgesamt;270633;Tsd. EUR;BAG002;Bruttoausgaben nach d. Asylbewerberleistungsgesetz
22211;Ausgaben und Einnahmen für Asylbewerberleistungen;JAHR;Jahr;2025;DLAND;Bundesländer;03;Niedersachsen;ASYLS1;Leistungsart;GRUNDLST;Grundleistungen;354174;Tsd. EUR;BAG002;Bruttoausgaben nach d. Asylbewerberleistungsgesetz
22211;Ausgaben und Einnahmen für Asylbewerberleistungen;JAHR;Jahr;2023;DLAND;Bundesländer;03;Niedersachsen;ASYLS1;Leistungsart;;Insgesamt;596896;Tsd. EUR;BAG002;Bruttoausgaben nach d. Asylbewerberleistungsgesetz
22211;Ausgaben und Einnahmen für Asylbewerberleistungen;JAHR;Jahr;2024;DLAND;Bundesländer;08;Baden-Württemberg;ASYLS1;Leistungsart;GRUNDLST;Grundleistungen;384777;Tsd. EUR;BAG002;Bruttoausgaben nach d. Asylbewerberleistungsgesetz
22211;Ausgaben und Einnahmen für Asylbewerberleistungen;JAHR;Jahr;2022;DLAND;Bundesländer;14;Sachsen;ASYLS1;Leistungsart;;Insgesamt;465083;Tsd. EUR;BAG002;Bruttoausgaben nach d. Asylbewerberleistungsgesetz
22211;Ausgaben und Einnahmen für Asylbewerberleistungen;JAHR;Jahr;2025;DLAND;Bundesländer;12;Brandenburg;ASYLS1;Leistungsart;;Insgesamt;189458;Tsd. EUR;BAG002;Bruttoausgaben nach d. Asylbewerberleistungsgesetz
22211;Ausgaben und Einnahmen für Asylbewerberleistungen;JAHR;Jahr;2023;DLAND;Bundesländer;13;Mecklenburg-Vorpommern;ASYLS1;Leistungsart;HLF-LEBUNT;Hilfe zum Lebensunterhalt;18138;Tsd. EUR;BAG002;Bruttoausgaben nach d. Asylbewerberleistungsgesetz
22211;Ausgaben und Einnahmen für Asylbewerberleistungen;JAHR;Jahr;2023;DLAND;Bundesländer;02;Hamburg;ASYLS1;Leistungsart;HLF-LEBUNT;Hilfe zum Lebensunterhalt;51484;Tsd. EUR;BAG002;Bruttoausgaben nach d. Asylbewerberleistungsgesetz
22211;Ausgaben und Einnahmen für Asylbewerberleistungen;JAHR;Jahr;2022;DLAND;Bundesländer;09;Bayern;ASYLS1;Leistungsart;HLF-LEBUNT;Hilfe zum Lebensunterhalt;79610;Tsd. EUR;BAG002;Bruttoausgaben nach d. Asylbewerberleistungsgesetz
22211;Ausgaben und Einnahmen für Asylbewerberleistungen;JAHR;Jahr;2021;DLAND;Bundesländer;03;Niedersachsen;ASYLS1;Leistungsart;GRUNDLST;Grundleistungen;174005;Tsd. EUR;BAG002;Bruttoausgaben nach d. Asylbewerberleistungsgesetz
22211;Ausgaben und Einnahmen für Asylbewerberleistungen;JAHR;Jahr;2024;DLAND;Bundesländer;14;Sachsen;ASYLS1;Leistungsart;HLF-LEBUNT;Hilfe zum Lebensunterhalt;52078;Tsd. EUR;BAG002;Bruttoausgaben nach d. Asylbewerberleistungsgesetz
22211;Ausgaben und Einnahmen für Asylbewerberleistungen;JAHR;Jahr;2021;DLAND;Bundesländer;08;Baden-Württemberg;ASYLS1;Leistungsart;HLF-LEBUNT;Hilfe zum Lebensunterhalt;136240;Tsd. EUR;BAG002;Bruttoausgaben nach d. Asylbewerberleistungsgesetz
22211;Ausgaben und Einnahmen für Asylbewerberleistungen;JAHR;Jahr;2024;DLAND;Bundesländer;03;Niedersachsen;ASYLS1;Leistungsart;HLF-LEBUNT;Hilfe zum Lebensunterhalt;116165;Tsd. EUR;BAG002;Bruttoausgaben nach d. Asylbewerberleistungsgesetz
22211;Ausgaben und Einnahmen für Asylbewerberleistungen;JAHR;Jahr;2025;DLAND;Bundesländer;15;Sachsen-Anhalt;ASYLS1;Leistungsart;HLF-LEBUNT;Hilfe zum Lebensunterhalt;4033;Tsd. EUR;BAG002;Bruttoausgaben nach d. Asylbewerberleistungsgesetz
22211;Ausgaben und Einnahmen für Asylbewerberleistungen;JAHR;Jahr;2025;DLAND;Bundesländer;04;Bremen;ASYLS1;Leistungsart;HLF-LEBUNT;Hilfe zum Lebensunterhalt;13211;Tsd. EUR;BAG002;Bruttoausgaben nach d. Asylbewerberleistungsgesetz
22211;Ausgaben und Einnahmen für Asylbewerberleistungen;JAHR;Jahr;2024;DLAND;Bundesländer;02;Hamburg;ASYLS1;Leistungsart;;Insgesamt;256011;Tsd. EUR;BAG002;Bruttoausgaben nach d. Asylbewerberleistungsgesetz
22211;Ausgaben und Einnahmen für Asylbewerberleistungen;JAHR;Jahr;2023;DLAND;Bundesländer;16;Thüringen;ASYLS1;Leistungsart;BESLEISTUNG;Besondere Leistungen;5425;Tsd. EUR;BAG002;Bruttoausgaben nach d. Asylbewerberleistungsgesetz
22211;Ausgaben und Einnahmen für Asylbewerberleistungen;JAHR;Jahr;2025;DLAND;Bundesländer;04;Bremen;ASYLS1;Leistungsart;;Insgesamt;60483;Tsd. EUR;BAG002;Bruttoausgaben nach d. Asylbewerberleistungsgesetz
22211;Ausgaben und Einnahmen für Asylbewerberleistungen;JAHR;Jahr;2022;DLAND;Bundesländer;01;Schleswig-Holstein;ASYLS1;Leistungsart;GRUNDLST;Grundleistungen;123398;Tsd. EUR;BAG002;Bruttoausgaben nach d. Asylbewerberleistungsgesetz
22211;Ausgaben und Einnahmen für Asylbewerberleistungen;JAHR;Jahr;2022;DLAND;Bundesländer;12;Brandenburg;ASYLS1;Leistungsart;HLF-LEBUNT;Hilfe zum Lebensunterhalt;56541;Tsd. EUR;BAG002;Bruttoausgaben nach d. Asylbewerberleistungsgesetz
22211;Ausgaben und Einnahmen für Asylbewerberleistungen;JAHR;Jahr;2024;DLAND;Bundesländer;13;Mecklenburg-Vorpommern;ASYLS1;Leistungsart;;Insgesamt;121491;Tsd. EUR;BAG002;Bruttoausgaben nach d. Asylbewerberleistungsgesetz
22211;Ausgaben und Einnahmen für Asylbewerberleistungen;JAHR;Jahr;2025;DLAND;Bundesländer;15;Sachsen-Anhalt;ASYLS1;Leistungsart;;Insgesamt;140031;Tsd. EUR;BAG002;Bruttoausgaben nach d. Asylbewerberleistungsgesetz
22211;Ausgaben und Einnahmen für Asylbewerberleistungen;JAHR;Jahr;2022;DLAND;Bundesländer;01;Schleswig-Holstein;ASYLS1;Leistungsart;HLF-LEBUNT;Hilfe zum Lebensunterhalt;71493;Tsd. EUR;BAG002;Bruttoausgaben nach d. Asylbewerberleistungsgesetz
22211;Ausgaben und Einnahmen für Asylbewerberleistungen;JAHR;Jahr;2021;DLAND;Bundesländer;11;Berlin;ASYLS1;Leistungsart;HLF-LEBUNT;Hilfe zum Lebensunterhalt;185620;Tsd. EUR;BAG002;Bruttoausgaben nach d. Asylbewerberleistungsgesetz
22211;Ausgaben und Einnahmen für Asylbewerberleistungen;JAHR;Jahr;2023;DLAND;Bundesländer;11;Berlin;ASYLS1;Leistungsart;;Insgesamt;482459;Tsd. EUR;BAG002;Bruttoausgaben nach d. Asylbewerberleistungsgesetz
22211;Ausgaben und Einnahmen für Asylbewerberleistungen;JAHR;Jahr;2024;DLAND;Bundesländer;15;Sachsen-Anhalt;ASYLS1;Leistungsart;BESLEISTUNG;Besondere Leistungen;22727;Tsd. EUR;BAG002;Bruttoausgaben nach d. Asylbewerberleistungsgesetz
22211;Ausgaben und Einnahmen für Asylbewerberleistungen;JAHR;Jahr;2025;DLAND;Bundesländer;14;Sachsen;ASYLS1;Leistungsart;BESLEISTUNG;Besondere Leistungen;61787;Tsd. EUR;BAG002;Bruttoausgaben nach d. Asylbewerberleistungsgesetz
22211;Ausgaben und Einnahmen für Asylbewerberleistungen;JAHR;Jahr;2021;DLAND;Bundesländer;04;Bremen;ASYLS1;Leistungsart;GRUNDLST;Grundleistungen;14163;Tsd. EUR;BAG002;Bruttoausgaben nach d. Asylbewerberleistungsgesetz
22211;Ausgaben und Einnahmen für Asylbewerberleistungen;JAHR;Jahr;2024;DLAND;Bundesländer;16;Thüringen;ASYLS1;Leistungsart;GRUNDLST;Grundleistungen;97348;Tsd. EUR;BAG002;Bruttoausgaben nach d. Asylbewerberleistungsgesetz
22211;Ausgaben und Einnahmen für Asylbewerberleistungen;JAHR;Jahr;2021;DLAND;Bundesländer;02;Hamburg;ASYLS1;Leistungsart;GRUNDLST;Grundleistungen;85298;Tsd. EUR;BAG002;Bruttoausgaben nach d. Asylbewerberleistungsgesetz
22211;Ausgaben und Einnahmen für Asylbewerberleistungen;JAHR;Jahr;2025;DLAND;Bundesländer;05;Nordrhein-Westfalen;ASYLS1;Leistungsart;;Insgesamt;1044065;Tsd. EUR;BAG002;Bruttoausgaben nach d. Asylbewerberleistungsgesetz
22211;Ausgaben und Einnahmen für Asylbewerberleistungen;JAHR;Jahr;2025;DLAND;Bundesländer;03;Niedersachsen;ASYLS1;Leistungsart;BESLEISTUNG;Besondere Leistungen;113670;Tsd. EUR;BAG002;Bruttoausgaben nach d. Asylbewerberleistungsgesetz
22211;Ausgaben und Einnahmen für Asylbewerberleistungen;JAHR;Jahr;2021;DLAND;Bundesländer;07;Rheinland-Pfalz;ASYLS1;Leistungsart;BESLEISTUNG;Besondere Leistungen;26702;Tsd. EUR;BAG002;Bruttoausgaben nach d. Asylbewerberleistungsgesetz
22211;Ausgaben und Einnahmen für Asylbewerberleistungen;JAHR;Jahr;2023;DLAND;Bundesländer;05;Nordrhein-Westfalen;ASYLS1;Leistungsart;BESLEISTUNG;Besondere Leistungen;273921;Tsd. EUR;BAG002;Bruttoausgaben nach d. Asylbewerberleistungsgesetz
22211;Ausgaben und Einnahmen für Asylbewerberleistungen;JAHR;Jahr;2023;DLAND;Bundesländer;01;Schleswig-Holstein;ASYLS1;Leistungsart;;Insgesamt;230365;Tsd. EUR;BAG002;Bruttoausgaben nach d. Asylbewerberleistungsgesetz
22211;Ausgaben und Einnahmen für Asylbewerberleistungen;JAHR;Jahr;2022;DLAND;Bundesländer;03;Niedersachsen;ASYLS1;Leistungsart;GRUNDLST;Grundleistungen;376513;Tsd. EUR;BAG002;Bruttoausgaben nach d. Asylbewerberleistungsgesetz
22211;Ausgaben und Einnahmen für Asylbewerberleistungen;JAHR;Jahr;2025;DLAND;Bundesländer;02;Hamburg;ASYLS1;Leistungsart;BESLEISTUNG;Besondere Leistungen;52899;Tsd. EUR;BAG002;Bruttoausgaben nach d. Asylbewerberleistungsgesetz
22211;Ausgaben und Einnahmen für Asylbewerberleistungen;JAHR;Jahr;2021;DLAND;Bundesländer;06;Hessen;ASYLS1;Leistungsart;BESLEISTUNG;Besondere Leistungen;56264;Tsd. EUR;BAG002;Bruttoausgaben nach d. Asylbewerberleistungsgesetz
22211;Ausgaben und Einnahmen für Asylbewerberleistungen;JAHR;Jahr;2024;DLAND;Bundesländer;03;Niedersachsen;ASYLS1;Leistungsart;;Insgesamt;622661;Tsd. EUR;BAG002;Bruttoausgaben nach d. Asylbewerberleistungsgesetz
22211;Ausgaben und Einnahmen für Asylbewerberleistungen;JAHR;Jahr;2024;DLAND;Bundesländer;12;Brandenburg;ASYLS1;Leistungsart;;Insgesamt;210693;Tsd. EUR;BAG002;Bruttoausgaben nach d. Asylbewerberleistungsgesetz
22211;Ausgaben und Einnahmen für Asylbewerberleistungen;JAHR;Jahr;2023;DLAND;Bundesländer;10;Saarland;ASYLS1;Leistungsart;;Insgesamt;58698;Tsd. EUR;BAG002;Bruttoausgaben nach d. Asylbewerberleistungsgesetz
22211;Ausgaben und Einnahmen für Asylbewerberleistungen;JAHR;Jahr;2025;DLAND;Bundesländer;15;Sachsen-Anhalt;ASYLS1;Leistungsart;GRUNDLST;Grundleistungen;110179;Tsd. EUR;BAG002;Bruttoausgaben nach d. Asylbewerberleistungsgesetz
22211;Ausgaben und Einnahmen für Asylbewerberleistungen;JAHR;Jahr;2023;DLAND;Bundesländer;04;Bremen;ASYLS1;Leistungsart;BESLEISTUNG;Besondere Leistungen;21714;Tsd. EUR;BAG002;Bruttoausgaben nach d. Asylbewerberleistungsgesetz
22211;Ausgaben und Einnahmen für Asylbewerberleistungen;JAHR;Jahr;2025;DLAND;Bundesländer;14;Sachsen;ASYLS1;Leistungsart;;Insgesamt;461957;Tsd. EUR;BAG002;Bruttoausgaben nach d. Asylbewerberleistungsgesetz
22211;Ausgaben und Einnahmen für Asylbewerberleistungen;JAHR;Jahr;2024;DLAND;Bundesländer;13;Mecklenburg-Vorpommern;ASYLS1;Leistungsart;HLF-LEBUNT;Hilfe zum Lebensunterhalt;17461;Tsd. EUR;BAG002;Bruttoausgaben nach d. Asylbewerberleistungsgesetz
22211;Ausgaben und Einnahmen für Asylbewerberleistungen;JAHR;Jahr;2021;DLAND;Bundesländer;05;Nordrhein-Westfalen;ASYLS1;Leistungsart;GRUNDLST;Grundleistungen;266603;Tsd. EUR;BAG002;Bruttoausgaben nach d. Asylbewerberleistungsgesetz
22211;Ausgaben und Einnahmen für Asylbewerberleistungen;JAHR;Jahr;2023;DLAND;Bundesländer;09;Bayern;ASYLS1;Leistungsart;HLF-LEBUNT;Hilfe zum Lebensunterhalt;70442;Tsd. EUR;BAG002;Bruttoausgaben nach d. Asylbewerberleistungsgesetz
22211;Ausgaben und Einnahmen für Asylbewerberleistungen;JAHR;Jahr;2024;DLAND;Bundesländer;02;Hamburg;ASYLS1;Leistungsart;HLF-LEBUNT;Hilfe zum Lebensunterhalt;43512;Tsd. EUR;BAG002;Bruttoausgaben nach d. Asylbewerberleistungsgesetz
22211;Ausgaben und Einnahmen für Asylbewerberleistungen;JAHR;Jahr;2021;DLAND;Bundesländer;10;Saarland;ASYLS1;Leistungsart;GRUNDLST;Grundleistungen;11672;Tsd. EUR;BAG002;Bruttoausgaben nach d. Asylbewerberleistungsgesetz
22211;Ausgaben und Einnahmen für Asylbewerberleistungen;JAHR;Jahr;2025;DLAND;Bundesländer;03;Niedersachsen;ASYLS1;Leistungsart;HLF-LEBUNT;Hilfe zum Lebensunterhalt;101029;Tsd. EUR;BAG002;Bruttoausgaben nach d. Asylbewerberleistungsgesetz
22211;Ausgaben und Einnahmen für Asylbewerberleistungen;JAHR;Jahr;2025;DLAND;Bundesländer;14;Sachsen;ASYLS1;Leistungsart;HLF-LEBUNT;Hilfe zum Lebensunterhalt;39207;Tsd. EUR;BAG002;Bruttoausgaben nach d. Asylbewerberleistungsgesetz
22211;Ausgaben und Einnahmen für Asylbewerberleistungen;JAHR;Jahr;2022;DLAND;Bundesländer;08;Baden-Württemberg;ASYLS1;Leistungsart;HLF-LEBUNT;Hilfe zum Lebensunterhalt;110298;Tsd. EUR;BAG002;Bruttoausgaben nach d. Asylbewerberleistungsgesetz
22211;Ausgaben und Einnahmen für Asylbewerberleistungen;JAHR;Jahr;2021;DLAND;Bundesländer;07;Rheinland-Pfalz;ASYLS1;Leistungsart;HLF-LEBUNT;Hilfe zum Lebensunterhalt;36835;Tsd. EUR;BAG002;Bruttoausgaben nach d. Asylbewerberleistungsgesetz
22211;Ausgaben und Einnahmen für Asylbewerberleistungen;JAHR;Jahr;2023;DLAND;Bundesländer;02;Hamburg;ASYLS1;Leistungsart;GRUNDLST;Grundleistungen;102155;Tsd. EUR;BAG002;Bruttoausgaben nach d. Asylbewerberleistungsgesetz
22211;Ausgaben und Einnahmen für Asylbewerberleistungen;JAHR;Jahr;2025;DLAND;Bundesländer;06;Hessen;ASYLS1;Leistungsart;;Insgesamt;547494;Tsd. EUR;BAG002;Bruttoausgaben nach d. Asylbewerberleistungsgesetz
22211;Ausgaben und Einnahmen für Asylbewerberleistungen;JAHR;Jahr;2022;DLAND;Bundesländer;16;Thüringen;ASYLS1;Leistungsart;BESLEISTUNG;Besondere Leistungen;3096;Tsd. EUR;BAG002;Bruttoausgaben nach d. Asylbewerberleistungsgesetz
22211;Ausgaben und Einnahmen für Asylbewerberleistungen;JAHR;Jahr;2023;DLAND;Bundesländer;02;Hamburg;ASYLS1;Leistungsart;;Insgesamt;187437;Tsd. EUR;BAG002;Bruttoausgaben nach d. Asylbewerberleistungsgesetz
22211;Ausgaben und Einnahmen für Asylbewerberleistungen;JAHR;Jahr;2024;DLAND;Bundesländer;04;Bremen;ASYLS1;Leistungsart;;Insgesamt;61667;Tsd. EUR;BAG002;Bruttoausgaben nach d. Asylbewerberleistungsgesetz
22211;Ausgaben und Einnahmen für Asylbewerberleistungen;JAHR;Jahr;2023;DLAND;Bundesländer;01;Schleswig-Holstein;ASYLS1;Leistungsart;HLF-LEBUNT;Hilfe zum Lebensunterhalt;62961;Tsd. EUR;BAG002;Bruttoausgaben nach d. Asylbewerberleistungsgesetz
22211;Ausgaben und Einnahmen für Asylbewerberleistungen;JAHR;Jahr;2022;DLAND;Bundesländer;11;Berlin;ASYLS1;Leistungsart;HLF-LEBUNT;Hilfe zum Lebensunterhalt;146825;Tsd. EUR;BAG002;Bruttoausgaben nach d. Asylbewerberleistungsgesetz
22211;Ausgaben und Einnahmen für Asylbewerberleistungen;JAHR;Jahr;2024;DLAND;Bundesländer;11;Berlin;ASYLS1;Leistungsart;;Insgesamt;598630;Tsd. EUR;BAG002;Bruttoausgaben nach d. Asylbewerberleistungsgesetz
22211;Ausgaben und Einnahmen für Asylbewerberleistungen;JAHR;Jahr;2023;DLAND;Bundesländer;12;Brandenburg;ASYLS1;Leistungsart;HLF-LEBUNT;Hilfe zum Lebensunterhalt;51338;Tsd. EUR;BAG002;Bruttoausgaben nach d. Asylbewerberleistungsgesetz
22211;Ausgaben und Einnahmen für Asylbewerberleistungen;JAHR;Jahr;2025;DLAND;Bundesländer;13;Mecklenburg-Vorpommern;ASYLS1;Leistungsart;;Insgesamt;143765;Tsd. EUR;BAG002;Bruttoausgaben nach d. Asylbewerberleistungsgesetz
22211;Ausgaben und Einnahmen für Asylbewerberleistungen;JAHR;Jahr;2021;DLAND;Bundesländer;01;Schleswig-Holstein;ASYLS1;Leistungsart;GRUNDLST;Grundleistungen;51725;Tsd. EUR;BAG002;Bruttoausgaben nach d. Asylbewerberleistungsgesetz
22211;Ausgaben und Einnahmen für Asylbewerberleistungen;JAHR;Jahr;2023;DLAND;Bundesländer;15;Sachsen-Anhalt;ASYLS1;Leistungsart;BESLEISTUNG;Besondere Leistungen;20837;Tsd. EUR;BAG002;Bruttoausgaben nach d. Asylbewerberleistungsgesetz
22211;Ausgaben und Einnahmen für Asylbewerberleistungen;JAHR;Jahr;2021;DLAND;Bundesländer;10;Saarland;ASYLS1;Leistungsart;HLF-LEBUNT;Hilfe zum Lebensunterhalt;2652;Tsd. EUR;BAG002;Bruttoausgaben nach d. Asylbewerberleistungsgesetz
22211;Ausgaben und Einnahmen für Asylbewerberleistungen;JAHR;Jahr;2025;DLAND;Bundesländer;16;Thüringen;ASYLS1;Leistungsart;GRUNDLST;Grundleistungen;87310;Tsd. EUR;BAG002;Bruttoausgaben nach d. Asylbewerberleistungsgesetz
22211;Ausgaben und Einnahmen für Asylbewerberleistungen;JAHR;Jahr;2021;DLAND;Bundesländer;11;Berlin;ASYLS1;Leistungsart;GRUNDLST;Grundleistungen;132264;Tsd. EUR;BAG002;Bruttoausgaben nach d. Asylbewerberleistungsgesetz
22211;Ausgaben und Einnahmen für Asylbewerberleistungen;JAHR;Jahr;2025;DLAND;Bundesländer;08;Baden-Württemberg;ASYLS1;Leistungsart;;Insgesamt;563099;Tsd. EUR;BAG002;Bruttoausgaben nach d. Asylbewerberleistungsgesetz
22211;Ausgaben und Einnahmen für Asylbewerberleistungen;JAHR;Jahr;2021;DLAND;Bundesländer;06;Hessen;ASYLS1;Leistungsart;GRUNDLST;Grundleistungen;148035;Tsd. EUR;BAG002;Bruttoausgaben nach d. Asylbewerberleistungsgesetz
22211;Ausgaben und Einnahmen für Asylbewerberleistungen;JAHR;Jahr;2024;DLAND;Bundesländer;02;Hamburg;ASYLS1;Leistungsart;BESLEISTUNG;Besondere Leistungen;64158;Tsd. EUR;BAG002;Bruttoausgaben nach d. Asylbewerberleistungsgesetz
22211;Ausgaben und Einnahmen für Asylbewerberleistungen;JAHR;Jahr;2025;DLAND;Bundesländer;03;Niedersachsen;ASYLS1;Leistungsart;;Insgesamt;568872;Tsd. EUR;BAG002;Bruttoausgaben nach d. Asylbewerberleistungsgesetz
22211;Ausgaben und Einnahmen für Asylbewerberleistungen;JAHR;Jahr;2022;DLAND;Bundesländer;02;Hamburg;ASYLS1;Leistungsart;GRUNDLST;Grundleistungen;115659;Tsd. EUR;BAG002;Bruttoausgaben nach d. Asylbewerberleistungsgesetz
22211;Ausgaben und Einnahmen für Asylbewerberleistungen;JAHR;Jahr;2024;DLAND;Bundesländer;03;Niedersachsen;ASYLS1;Leistungsart;BESLEISTUNG;Besondere Leistungen;108496;Tsd. EUR;BAG002;Bruttoausgaben nach d. Asylbewerberleistungsgesetz
22211;Ausgaben und Einnahmen für Asylbewerberleistungen;JAHR;Jahr;2024;DLAND;Bundesländer;01;Schleswig-Holstein;ASYLS1;Leistungsart;;Insgesamt;281283;Tsd. EUR;BAG002;Bruttoausgaben nach d. Asylbewerberleistungsgesetz
22211;Ausgaben und Einnahmen für Asylbewerberleistungen;JAHR;Jahr;2023;DLAND;Bundesländer;03;Niedersachsen;ASYLS1;Leistungsart;GRUNDLST;Grundleistungen;339359;Tsd. EUR;BAG002;Bruttoausgaben nach d. Asylbewerberleistungsgesetz
22211;Ausgaben und Einnahmen für Asylbewerberleistungen;JAHR;Jahr;2024;DLAND;Bundesländer;14;Sachsen;ASYLS1;Leistungsart;;Insgesamt;524848;Tsd. EUR;BAG002;Bruttoausgaben nach d. Asylbewerberleistungsgesetz
22211;Ausgaben und Einnahmen für Asylbewerberleistungen;JAHR;Jahr;2025;DLAND;Bundesländer;16;Thüringen;ASYLS1;Leistungsart;;Insgesamt;109489;Tsd. EUR;BAG002;Bruttoausgaben nach d. Asylbewerberleistungsgesetz
22211;Ausgaben und Einnahmen für Asylbewerberleistungen;JAHR;Jahr;2023;DLAND;Bundesländer;12;Brandenburg;ASYLS1;Leistungsart;;Insgesamt;228691;Tsd. EUR;BAG002;Bruttoausgaben nach d. Asylbewerberleistungsgesetz
22211;Ausgaben und Einnahmen für Asylbewerberleistungen;JAHR;Jahr;2022;DLAND;Bundesländer;10;Saarland;ASYLS1;Leistungsart;;Insgesamt;48279;Tsd. EUR;BAG002;Bruttoausgaben nach d. Asylbewerberleistungsgesetz
22211;Ausgaben und Einnahmen für Asylbewerberleistungen;JAHR;Jahr;2024;DLAND;Bundesländer;15;Sachsen-Anhalt;ASYLS1;Leistungsart;GRUNDLST;Grundleistungen;124840;Tsd. EUR;BAG002;Bruttoausgaben nach d. Asylbewerberleistungsgesetz
22211;Ausgaben und Einnahmen für Asylbewerberleistungen;JAHR;Jahr;2024;DLAND;Bundesländer;05;Nordrhein-Westfalen;ASYLS1;Leistungsart;BESLEISTUNG;Besondere Leistungen;261480;Tsd. EUR;BAG002;Bruttoausgaben nach d. Asylbewerberleistungsgesetz
22211;Ausgaben und Einnahmen für Asylbewerberleistungen;JAHR;Jahr;2024;DLAND;Bundesländer;04;Bremen;ASYLS1;Leistungsart;BESLEISTUNG;Besondere Leistungen;17792;Tsd. EUR;BAG002;Bruttoausgaben nach d. Asylbewerberleistungsgesetz
22211;Ausgaben und Einnahmen für Asylbewerberleistungen;JAHR;Jahr;2025;DLAND;Bundesländer;12;Brandenburg;ASYLS1;Leistungsart;GRUNDLST;Grundleistungen;120163;Tsd. EUR;BAG002;Bruttoausgaben nach d. Asylbewerberleistungsgesetz
22211;Ausgaben und Einnahmen für Asylbewerberleistungen;JAHR;Jahr;2022;DLAND;Bundesländer;05;Nordrhein-Westfalen;ASYLS1;Leistungsart;GRUNDLST;Grundleistungen;705656;Tsd. EUR;BAG002;Bruttoausgaben nach d. Asylbewerberleistungsgesetz
22211;Ausgaben und Einnahmen für Asylbewerberleistungen;JAHR;Jahr;2025;DLAND;Bundesländer;13;Mecklenburg-Vorpommern;ASYLS1;Leistungsart;HLF-LEBUNT;Hilfe zum Lebensunterhalt;14852;Tsd. EUR;BAG002;Bruttoausgaben nach d. Asylbewerberleistungsgesetz
22211;Ausgaben und Einnahmen für Asylbewerberleistungen;JAHR;Jahr;2024;DLAND;Bundesländer;12;Brandenburg;ASYLS1;Leistungsart;HLF-LEBUNT;Hilfe zum Lebensunterhalt;40597;Tsd. EUR;BAG002;Bruttoausgaben nach d. Asylbewerberleistungsgesetz
22211;Ausgaben und Einnahmen für Asylbewerberleistungen;JAHR;Jahr;2024;DLAND;Bundesländer;09;Bayern;ASYLS1;Leistungsart;HLF-LEBUNT;Hilfe zum Lebensunterhalt;59976;Tsd. EUR;BAG002;Bruttoausgaben nach d. Asylbewerberleistungsgesetz
22211;Ausgaben und Einnahmen für Asylbewerberleistungen;JAHR;Jahr;2024;DLAND;Bundesländer;01;Schleswig-Holstein;ASYLS1;Leistungsart;HLF-LEBUNT;Hilfe zum Lebensunterhalt;53985;Tsd. EUR;BAG002;Bruttoausgaben nach d. Asylbewerberleistungsgesetz
22211;Ausgaben und Einnahmen für Asylbewerberleistungen;JAHR;Jahr;2023;DLAND;Bundesländer;08;Baden-Württemberg;ASYLS1;Leistungsart;HLF-LEBUNT;Hilfe zum Lebensunterhalt;102539;Tsd. EUR;BAG002;Bruttoausgaben nach d. Asylbewerberleistungsgesetz
22211;Ausgaben und Einnahmen für Asylbewerberleistungen;JAHR;Jahr;2022;DLAND;Bundesländer;07;Rheinland-Pfalz;ASYLS1;Leistungsart;HLF-LEBUNT;Hilfe zum Lebensunterhalt;35393;Tsd. EUR;BAG002;Bruttoausgaben nach d. Asylbewerberleistungsgesetz
22211;Ausgaben und Einnahmen für Asylbewerberleistungen;JAHR;Jahr;2025;DLAND;Bundesländer;02;Hamburg;ASYLS1;Leistungsart;HLF-LEBUNT;Hilfe zum Lebensunterhalt;34178;Tsd. EUR;BAG002;Bruttoausgaben nach d. Asylbewerberleistungsgesetz
22211;Ausgaben und Einnahmen für Asylbewerberleistungen;JAHR;Jahr;2022;DLAND;Bundesländer;10;Saarland;ASYLS1;Leistungsart;GRUNDLST;Grundleistungen;34900;Tsd. EUR;BAG002;Bruttoausgaben nach d. Asylbewerberleistungsgesetz
22211;Ausgaben und Einnahmen für Asylbewerberleistungen;JAHR;Jahr;2021;DLAND;Bundesländer;06;Hessen;ASYLS1;Leistungsart;HLF-LEBUNT;Hilfe zum Lebensunterhalt;138290;Tsd. EUR;BAG002;Bruttoausgaben nach d. Asylbewerberleistungsgesetz
22211;Ausgaben und Einnahmen für Asylbewerberleistungen;JAHR;Jahr;2025;DLAND;Bundesländer;09;Bayern;ASYLS1;Leistungsart;;Insgesamt;910515;Tsd. EUR;BAG002;Bruttoausgaben nach d. Asylbewerberleistungsgesetz
22211;Ausgaben und Einnahmen für Asylbewerberleistungen;JAHR;Jahr;2024;DLAND;Bundesländer;02;Hamburg;ASYLS1;Leistungsart;GRUNDLST;Grundleistungen;148341;Tsd. EUR;BAG002;Bruttoausgaben nach d. Asylbewerberleistungsgesetz
22211;Ausgaben und Einnahmen für Asylbewerberleistungen;JAHR;Jahr;2022;DLAND;Bundesländer;15;Sachsen-Anhalt;ASYLS1;Leistungsart;BESLEISTUNG;Besondere Leistungen;23500;Tsd. EUR;BAG002;Bruttoausgaben nach d. Asylbewerberleistungsgesetz
22211;Ausgaben und Einnahmen für Asylbewerberleistungen;JAHR;Jahr;2025;DLAND;Bundesländer;07;Rheinland-Pfalz;ASYLS1;Leistungsart;GRUNDLST;Grundleistungen;209150;Tsd. EUR;BAG002;Bruttoausgaben nach d. Asylbewerberleistungsgesetz
22211;Ausgaben und Einnahmen für Asylbewerberleistungen;JAHR;Jahr;2024;DLAND;Bundesländer;14;Sachsen;ASYLS1;Leistungsart;GRUNDLST;Grundleistungen;414744;Tsd. EUR;BAG002;Bruttoausgaben nach d. Asylbewerberleistungsgesetz
22211;Ausgaben und Einnahmen für Asylbewerberleistungen;JAHR;Jahr;2022;DLAND;Bundesländer;11;Berlin;ASYLS1;Leistungsart;BESLEISTUNG;Besondere Leistungen;97271;Tsd. EUR;BAG002;Bruttoausgaben nach d. Asylbewerberleistungsgesetz
22211;Ausgaben und Einnahmen für Asylbewerberleistungen;JAHR;Jahr;2021;DLAND;Bundesländer;12;Brandenburg;ASYLS1;Leistungsart;BESLEISTUNG;Besondere Leistungen;41725;Tsd. EUR;BAG002;Bruttoausgaben nach d. Asylbewerberleistungsgesetz
22211;Ausgaben und Einnahmen für Asylbewerberleistungen;JAHR;Jahr;2023;DLAND;Bundesländer;04;Bremen;ASYLS1;Leistungsart;;Insgesamt;62287;Tsd. EUR;BAG002;Bruttoausgaben nach d. Asylbewerberleistungsgesetz
22211;Ausgaben und Einnahmen für Asylbewerberleistungen;JAHR;Jahr;2021;DLAND;Bundesländer;16;Thüringen;ASYLS1;Leistungsart;BESLEISTUNG;Besondere Leistungen;2830;Tsd. EUR;BAG002;Bruttoausgaben nach d. Asylbewerberleistungsgesetz
22211;Ausgaben und Einnahmen für Asylbewerberleistungen;JAHR;Jahr;2022;DLAND;Bundesländer;10;Saarland;ASYLS1;Leistungsart;HLF-LEBUNT;Hilfe zum Lebensunterhalt;5053;Tsd. EUR;BAG002;Bruttoausgaben nach d. Asylbewerberleistungsgesetz
22211;Ausgaben und Einnahmen für Asylbewerberleistungen;JAHR;Jahr;2025;DLAND;Bundesländer;11;Berlin;ASYLS1;Leistungsart;;Insgesamt;602694;Tsd. EUR;BAG002;Bruttoausgaben nach d. Asylbewerberleistungsgesetz
22211;Ausgaben und Einnahmen für Asylbewerberleistungen;JAHR;Jahr;2023;DLAND;Bundesländer;11;Berlin;ASYLS1;Leistungsart;HLF-LEBUNT;Hilfe zum Lebensunterhalt;129148;Tsd. EUR;BAG002;Bruttoausgaben nach d. Asylbewerberleistungsgesetz
22211;Ausgaben und Einnahmen für Asylbewerberleistungen;JAHR;Jahr;2022;DLAND;Bundesländer;13;Mecklenburg-Vorpommern;ASYLS1;Leistungsart;;Insgesamt;118934;Tsd. EUR;BAG002;Bruttoausgaben nach d. Asylbewerberleistungsgesetz
22211;Ausgaben und Einnahmen für Asylbewerberleistungen;JAHR;Jahr;2021;DLAND;Bundesländer;09;Bayern;ASYLS1;Leistungsart;BESLEISTUNG;Besondere Leistungen;135009;Tsd. EUR;BAG002;Bruttoausgaben nach d. Asylbewerberleistungsgesetz
22211;Ausgaben und Einnahmen für Asylbewerberleistungen;JAHR;Jahr;2022;DLAND;Bundesländer;10;Saarland;ASYLS1;Leistungsart;BESLEISTUNG;Besondere Leistungen;8326;Tsd. EUR;BAG002;Bruttoausgaben nach d. Asylbewerberleistungsgesetz
22211;Ausgaben und Einnahmen für Asylbewerberleistungen;JAHR;Jahr;2024;DLAND;Bundesländer;09;Bayern;ASYLS1;Leistungsart;GRUNDLST;Grundleistungen;774533;Tsd. EUR;BAG002;Bruttoausgaben nach d. Asylbewerberleistungsgesetz
22211;Ausgaben und Einnahmen für Asylbewerberleistungen;JAHR;Jahr;2021;DLAND;Bundesländer;08;Baden-Württemberg;ASYLS1;Leistungsart;BESLEISTUNG;Besondere Leistungen;93368;Tsd. EUR;BAG002;Bruttoausgaben nach d. Asylbewerberleistungsgesetz
22211;Ausgaben und Einnahmen für Asylbewerberleistungen;JAHR;Jahr;2024;DLAND;Bundesländer;08;Baden-Württemberg;ASYLS1;Leistungsart;;Insgesamt;612074;Tsd. EUR;BAG002;Bruttoausgaben nach d. Asylbewerberleistungsgesetz
22211;Ausgaben und Einnahmen für Asylbewerberleistungen;JAHR;Jahr;2023;DLAND;Bundesländer;03;Niedersachsen;ASYLS1;Leistungsart;BESLEISTUNG;Besondere Leistungen;122289;Tsd. EUR;BAG002;Bruttoausgaben nach d. Asylbewerberleistungsgesetz
22211;Ausgaben und Einnahmen für Asylbewerberleistungen;JAHR;Jahr;2021;DLAND;Bundesländer;05;Nordrhein-Westfalen;ASYLS1;Leistungsart;BESLEISTUNG;Besondere Leistungen;204041;Tsd. EUR;BAG002;Bruttoausgaben nach d. Asylbewerberleistungsgesetz
22211;Ausgaben und Einnahmen für Asylbewerberleistungen;JAHR;Jahr;2021;DLAND;Bundesländer;04;Bremen;ASYLS1;Leistungsart;BESLEISTUNG;Besondere Leistungen;13593;Tsd. EUR;BAG002;Bruttoausgaben nach d. Asylbewerberleistungsgesetz
22211;Ausgaben und Einnahmen für Asylbewerberleistungen;JAHR;Jahr;2023;DLAND;Bundesländer;02;Hamburg;ASYLS1;Leistungsart;BESLEISTUNG;Besondere Leistungen;33798;Tsd. EUR;BAG002;Bruttoausgaben nach d. Asylbewerberleistungsgesetz
22211;Ausgaben und Einnahmen für Asylbewerberleistungen;JAHR;Jahr;2023;DLAND;Bundesländer;05;Nordrhein-Westfalen;ASYLS1;Leistungsart;;Insgesamt;1195806;Tsd. EUR;BAG002;Bruttoausgaben nach d. Asylbewerberleistungsgesetz
22211;Ausgaben und Einnahmen für Asylbewerberleistungen;JAHR;Jahr;2021;DLAND;Bundesländer;01;Schleswig-Holstein;ASYLS1;Leistungsart;BESLEISTUNG;Besondere Leistungen;52462;Tsd. EUR;BAG002;Bruttoausgaben nach d. Asylbewerberleistungsgesetz
22211;Ausgaben und Einnahmen für Asylbewerberleistungen;JAHR;Jahr;2023;DLAND;Bundesländer;07;Rheinland-Pfalz;ASYLS1;Leistungsart;BESLEISTUNG;Besondere Leistungen;39266;Tsd. EUR;BAG002;Bruttoausgaben nach d. Asylbewerberleistungsgesetz
22211;Ausgaben und Einnahmen für Asylbewerberleistungen;JAHR;Jahr;2021;DLAND;Bundesländer;01;Schleswig-Holstein;ASYLS1;Leistungsart;;Insgesamt;176410;Tsd. EUR;BAG002;Bruttoausgaben nach d. Asylbewerberleistungsgesetz
22211;Ausgaben und Einnahmen für Asylbewerberleistungen;JAHR;Jahr;2023;DLAND;Bundesländer;06;Hessen;ASYLS1;Leistungsart;BESLEISTUNG;Besondere Leistungen;81544;Tsd. EUR;BAG002;Bruttoausgaben nach d. Asylbewerberleistungsgesetz
22211;Ausgaben und Einnahmen für Asylbewerberleistungen;JAHR;Jahr;2025;DLAND;Bundesländer;10;Saarland;ASYLS1;Leistungsart;;Insgesamt;49773;Tsd. EUR;BAG002;Bruttoausgaben nach d. Asylbewerberleistungsgesetz
22211;Ausgaben und Einnahmen für Asylbewerberleistungen;JAHR;Jahr;2021;DLAND;Bundesländer;08;Baden-Württemberg;ASYLS1;Leistungsart;GRUNDLST;Grundleistungen;170860;Tsd. EUR;BAG002;Bruttoausgaben nach d. Asylbewerberleistungsgesetz
22211;Ausgaben und Einnahmen für Asylbewerberleistungen;JAHR;Jahr;2023;DLAND;Bundesländer;15;Sachsen-Anhalt;ASYLS1;Leistungsart;GRUNDLST;Grundleistungen;107971;Tsd. EUR;BAG002;Bruttoausgaben nach d. Asylbewerberleistungsgesetz
22211;Ausgaben und Einnahmen für Asylbewerberleistungen;JAHR;Jahr;2024;DLAND;Bundesländer;16;Thüringen;ASYLS1;Leistungsart;;Insgesamt;124544;Tsd. EUR;BAG002;Bruttoausgaben nach d. Asylbewerberleistungsgesetz
22211;Ausgaben und Einnahmen für Asylbewerberleistungen;JAHR;Jahr;2022;DLAND;Bundesländer;12;Brandenburg;ASYLS1;Leistungsart;;Insgesamt;240350;Tsd. EUR;BAG002;Bruttoausgaben nach d. Asylbewerberleistungsgesetz
22211;Ausgaben und Einnahmen für Asylbewerberleistungen;JAHR;Jahr;2024;DLAND;Bundesländer;12;Brandenburg;ASYLS1;Leistungsart;GRUNDLST;Grundleistungen;120537;Tsd. EUR;BAG002;Bruttoausgaben nach d. Asylbewerberleistungsgesetz
22211;Ausgaben und Einnahmen für Asylbewerberleistungen;JAHR;Jahr;2023;DLAND;Bundesländer;05;Nordrhein-Westfalen;ASYLS1;Leistungsart;GRUNDLST;Grundleistungen;626257;Tsd. EUR;BAG002;Bruttoausgaben nach d. Asylbewerberleistungsgesetz
22211;Ausgaben und Einnahmen für Asylbewerberleistungen;JAHR;Jahr;2022;DLAND;Bundesländer;16;Thüringen;ASYLS1;Leistungsart;;Insgesamt;127060;Tsd. EUR;BAG002;Bruttoausgaben nach d. Asylbewerberleistungsgesetz
22211;Ausgaben und Einnahmen für Asylbewerberleistungen;JAHR;Jahr;2025;DLAND;Bundesländer;09;Bayern;ASYLS1;Leistungsart;HLF-LEBUNT;Hilfe zum Lebensunterhalt;43186;Tsd. EUR;BAG002;Bruttoausgaben nach d. Asylbewerberleistungsgesetz
22211;Ausgaben und Einnahmen für Asylbewerberleistungen;JAHR;Jahr;2025;DLAND;Bundesländer;01;Schleswig-Holstein;ASYLS1;Leistungsart;HLF-LEBUNT;Hilfe zum Lebensunterhalt;46940;Tsd. EUR;BAG002;Bruttoausgaben nach d. Asylbewerberleistungsgesetz
22211;Ausgaben und Einnahmen für Asylbewerberleistungen;JAHR;Jahr;2025;DLAND;Bundesländer;12;Brandenburg;ASYLS1;Leistungsart;HLF-LEBUNT;Hilfe zum Lebensunterhalt;32304;Tsd. EUR;BAG002;Bruttoausgaben nach d. Asylbewerberleistungsgesetz
22211;Ausgaben und Einnahmen für Asylbewerberleistungen;JAHR;Jahr;2023;DLAND;Bundesländer;07;Rheinland-Pfalz;ASYLS1;Leistungsart;HLF-LEBUNT;Hilfe zum Lebensunterhalt;35935;Tsd. EUR;BAG002;Bruttoausgaben nach d. Asylbewerberleistungsgesetz
22211;Ausgaben und Einnahmen für Asylbewerberleistungen;JAHR;Jahr;2024;DLAND;Bundesländer;08;Baden-Württemberg;ASYLS1;Leistungsart;HLF-LEBUNT;Hilfe zum Lebensunterhalt;95406;Tsd. EUR;BAG002;Bruttoausgaben nach d. Asylbewerberleistungsgesetz
22211;Ausgaben und Einnahmen für Asylbewerberleistungen;JAHR;Jahr;2021;DLAND;Bundesländer;05;Nordrhein-Westfalen;ASYLS1;Leistungsart;HLF-LEBUNT;Hilfe zum Lebensunterhalt;360370;Tsd. EUR;BAG002;Bruttoausgaben nach d. Asylbewerberleistungsgesetz
22211;Ausgaben und Einnahmen für Asylbewerberleistungen;JAHR;Jahr;2021;DLAND;Bundesländer;16;Thüringen;ASYLS1;Leistungsart;HLF-LEBUNT;Hilfe zum Lebensunterhalt;21915;Tsd. EUR;BAG002;Bruttoausgaben nach d. Asylbewerberleistungsgesetz
22211;Ausgaben und Einnahmen für Asylbewerberleistungen;JAHR;Jahr;2023;DLAND;Bundesländer;10;Saarland;ASYLS1;Leistungsart;GRUNDLST;Grundleistungen;43509;Tsd. EUR;BAG002;Bruttoausgaben nach d. Asylbewerberleistungsgesetz
22211;Ausgaben und Einnahmen für Asylbewerberleistungen;JAHR;Jahr;2025;DLAND;Bundesländer;02;Hamburg;ASYLS1;Leistungsart;GRUNDLST;Grundleistungen;154470;Tsd. EUR;BAG002;Bruttoausgaben nach d. Asylbewerberleistungsgesetz
22211;Ausgaben und Einnahmen für Asylbewerberleistungen;JAHR;Jahr;2021;DLAND;Bundesländer;07;Rheinland-Pfalz;ASYLS1;Leistungsart;;Insgesamt;152526;Tsd. EUR;BAG002;Bruttoausgaben nach d. Asylbewerberleistungsgesetz
22211;Ausgaben und Einnahmen für Asylbewerberleistungen;JAHR;Jahr;2022;DLAND;Bundesländer;06;Hessen;ASYLS1;Leistungsart;HLF-LEBUNT;Hilfe zum Lebensunterhalt;130476;Tsd. EUR;BAG002;Bruttoausgaben nach d. Asylbewerberleistungsgesetz
22211;Ausgaben und Einnahmen für Asylbewerberleistungen;JAHR;Jahr;2025;DLAND;Bundesländer;02;Hamburg;ASYLS1;Leistungsart;;Insgesamt;241548;Tsd. EUR;BAG002;Bruttoausgaben nach d. Asylbewerberleistungsgesetz
22211;Ausgaben und Einnahmen für Asylbewerberleistungen;JAHR;Jahr;2021;DLAND;Bundesländer;13;Mecklenburg-Vorpommern;ASYLS1;Leistungsart;BESLEISTUNG;Besondere Leistungen;16360;Tsd. EUR;BAG002;Bruttoausgaben nach d. Asylbewerberleistungsgesetz
22211;Ausgaben und Einnahmen für Asylbewerberleistungen;JAHR;Jahr;2021;DLAND;Bundesländer;15;Sachsen-Anhalt;ASYLS1;Leistungsart;BESLEISTUNG;Besondere Leistungen;15131;Tsd. EUR;BAG002;Bruttoausgaben nach d. Asylbewerberleistungsgesetz
22211;Ausgaben und Einnahmen für Asylbewerberleistungen;JAHR;Jahr;2024;DLAND;Bundesländer;07;Rheinland-Pfalz;ASYLS1;Leistungsart;GRUNDLST;Grundleistungen;220883;Tsd. EUR;BAG002;Bruttoausgaben nach d. Asylbewerberleistungsgesetz
22211;Ausgaben und Einnahmen für Asylbewerberleistungen;JAHR;Jahr;2025;DLAND;Bundesländer;14;Sachsen;ASYLS1;Leistungsart;GRUNDLST;Grundleistungen;360963;Tsd. EUR;BAG002;Bruttoausgaben nach d. Asylbewerberleistungsgesetz
22211;Ausgaben und Einnahmen für Asylbewerberleistungen;JAHR;Jahr;2021;DLAND;Bundesländer;11;Berlin;ASYLS1;Leistungsart;BESLEISTUNG;Besondere Leistungen;75740;Tsd. EUR;BAG002;Bruttoausgaben nach d. Asylbewerberleistungsgesetz
22211;Ausgaben und Einnahmen für Asylbewerberleistungen;JAHR;Jahr;2022;DLAND;Bundesländer;04;Bremen;ASYLS1;Leistungsart;;Insgesamt;71452;Tsd. EUR;BAG002;Bruttoausgaben nach d. Asylbewerberleistungsgesetz
22211;Ausgaben und Einnahmen für Asylbewerberleistungen;JAHR;Jahr;2021;DLAND;Bundesländer;13;Mecklenburg-Vorpommern;ASYLS1;Leistungsart;GRUNDLST;Grundleistungen;27571;Tsd. EUR;BAG002;Bruttoausgaben nach d. Asylbewerberleistungsgesetz
22211;Ausgaben und Einnahmen für Asylbewerberleistungen;JAHR;Jahr;2023;DLAND;Bundesländer;10;Saarland;ASYLS1;Leistungsart;HLF-LEBUNT;Hilfe zum Lebensunterhalt;6216;Tsd. EUR;BAG002;Bruttoausgaben nach d. Asylbewerberleistungsgesetz
22211;Ausgaben und Einnahmen für Asylbewerberleistungen;JAHR;Jahr;2024;DLAND;Bundesländer;11;Berlin;ASYLS1;Leistungsart;HLF-LEBUNT;Hilfe zum Lebensunterhalt;113832;Tsd. EUR;BAG002;Bruttoausgaben nach d. Asylbewerberleistungsgesetz
22211;Ausgaben und Einnahmen für Asylbewerberleistungen;JAHR;Jahr;2023;DLAND;Bundesländer;13;Mecklenburg-Vorpommern;ASYLS1;Leistungsart;;Insgesamt;100406;Tsd. EUR;BAG002;Bruttoausgaben nach d. Asylbewerberleistungsgesetz
22211;Ausgaben und Einnahmen für Asylbewerberleistungen;JAHR;Jahr;2021;DLAND;Bundesländer;10;Saarland;ASYLS1;Leistungsart;BESLEISTUNG;Besondere Leistungen;4662;Tsd. EUR;BAG002;Bruttoausgaben nach d. Asylbewerberleistungsgesetz
22211;Ausgaben und Einnahmen für Asylbewerberleistungen;JAHR;Jahr;2021;DLAND;Bundesländer;04;Bremen;ASYLS1;Leistungsart;;Insgesamt;45021;Tsd. EUR;BAG002;Bruttoausgaben nach d. Asylbewerberleistungsgesetz
22211;Ausgaben und Einnahmen für Asylbewerberleistungen;JAHR;Jahr;2025;DLAND;Bundesländer;09;Bayern;ASYLS1;Leistungsart;GRUNDLST;Grundleistungen;703256;Tsd. EUR;BAG002;Bruttoausgaben nach d. Asylbewerberleistungsgesetz
22211;Ausgaben und Einnahmen für Asylbewerberleistungen;JAHR;Jahr;2022;DLAND;Bundesländer;08;Baden-Württemberg;ASYLS1;Leistungsart;BESLEISTUNG;Besondere Leistungen;128031;Tsd. EUR;BAG002;Bruttoausgaben nach d. Asylbewerberleistungsgesetz
22211;Ausgaben und Einnahmen für Asylbewerberleistungen;JAHR;Jahr;2023;DLAND;Bundesländer;08;Baden-Württemberg;ASYLS1;Leistungsart;;Insgesamt;610005;Tsd. EUR;BAG002;Bruttoausgaben nach d. Asylbewerberleistungsgesetz
22211;Ausgaben und Einnahmen für Asylbewerberleistungen;JAHR;Jahr;2022;DLAND;Bundesländer;09;Bayern;ASYLS1;Leistungsart;BESLEISTUNG;Besondere Leistungen;182951;Tsd. EUR;BAG002;Bruttoausgaben nach d. Asylbewerberleistungsgesetz
22211;Ausgaben und Einnahmen für Asylbewerberleistungen;JAHR;Jahr;2022;DLAND;Bundesländer;04;Bremen;ASYLS1;Leistungsart;BESLEISTUNG;Besondere Leistungen;32205;Tsd. EUR;BAG002;Bruttoausgaben nach d. Asylbewerberleistungsgesetz
22211;Ausgaben und Einnahmen für Asylbewerberleistungen;JAHR;Jahr;2022;DLAND;Bundesländer;03;Niedersachsen;ASYLS1;Leistungsart;BESLEISTUNG;Besondere Leistungen;136399;Tsd. EUR;BAG002;Bruttoausgaben nach d. Asylbewerberleistungsgesetz
22211;Ausgaben und Einnahmen für Asylbewerberleistungen;JAHR;Jahr;2022;DLAND;Bundesländer;02;Hamburg;ASYLS1;Leistungsart;BESLEISTUNG;Besondere Leistungen;31330;Tsd. EUR;BAG002;Bruttoausgaben nach d. Asylbewerberleistungsgesetz
22211;Ausgaben und Einnahmen für Asylbewerberleistungen;JAHR;Jahr;2024;DLAND;Bundesländer;05;Nordrhein-Westfalen;ASYLS1;Leistungsart;;Insgesamt;1191396;Tsd. EUR;BAG002;Bruttoausgaben nach d. Asylbewerberleistungsgesetz
22211;Ausgaben und Einnahmen für Asylbewerberleistungen;JAHR;Jahr;2022;DLAND;Bundesländer;05;Nordrhein-Westfalen;ASYLS1;Leistungsart;BESLEISTUNG;Besondere Leistungen;267933;Tsd. EUR;BAG002;Bruttoausgaben nach d. Asylbewerberleistungsgesetz
22211;Ausgaben und Einnahmen für Asylbewerberleistungen;JAHR;Jahr;2022;DLAND;Bundesländer;07;Rheinland-Pfalz;ASYLS1;Leistungsart;BESLEISTUNG;Besondere Leistungen;39881;Tsd. EUR;BAG002;Bruttoausgaben nach d. Asylbewerberleistungsgesetz
22211;Ausgaben und Einnahmen für Asylbewerberleistungen;JAHR;Jahr;2022;DLAND;Bundesländer;01;Schleswig-Holstein;ASYLS1;Leistungsart;;Insgesamt;260745;Tsd. EUR;BAG002;Bruttoausgaben nach d. Asylbewerberleistungsgesetz
22211;Ausgaben und Einnahmen für Asylbewerberleistungen;JAHR;Jahr;2022;DLAND;Bundesländer;06;Hessen;ASYLS1;Leistungsart;BESLEISTUNG;Besondere Leistungen;81711;Tsd. EUR;BAG002;Bruttoausgaben nach d. Asylbewerberleistungsgesetz
22211;Ausgaben und Einnahmen für Asylbewerberleistungen;JAHR;Jahr;2022;DLAND;Bundesländer;01;Schleswig-Holstein;ASYLS1;Leistungsart;BESLEISTUNG;Besondere Leistungen;65854;Tsd. EUR;BAG002;Bruttoausgaben nach d. Asylbewerberleistungsgesetz
22211;Ausgaben und Einnahmen für Asylbewerberleistungen;JAHR;Jahr;2024;DLAND;Bundesländer;10;Saarland;ASYLS1;Leistungsart;;Insgesamt;54890;Tsd. EUR;BAG002;Bruttoausgaben nach d. Asylbewerberleistungsgesetz
22211;Ausgaben und Einnahmen für Asylbewerberleistungen;JAHR;Jahr;2022;DLAND;Bundesländer;15;Sachsen-Anhalt;ASYLS1;Leistungsart;GRUNDLST;Grundleistungen;105250;Tsd. EUR;BAG002;Bruttoausgaben nach d. Asylbewerberleistungsgesetz
22211;Ausgaben und Einnahmen für Asylbewerberleistungen;JAHR;Jahr;2023;DLAND;Bundesländer;16;Thüringen;ASYLS1;Leistungsart;;Insgesamt;114427;Tsd. EUR;BAG002;Bruttoausgaben nach d. Asylbewerberleistungsgesetz
22211;Ausgaben und Einnahmen für Asylbewerberleistungen;JAHR;Jahr;2021;DLAND;Bundesländer;12;Brandenburg;ASYLS1;Leistungsart;;Insgesamt;162391;Tsd. EUR;BAG002;Bruttoausgaben nach d. Asylbewerberleistungsgesetz
