statistics_code;statistics_label;time_code;time_label;time;1_variable_code;1_variable_label;1_variable_attribute_code;1_variable_attribute_label;2_variable_code;2_variable_label;2_variable_attribute_code;2_variable_attribute_label;value;value_unit;value_variable_code;value_variable_label
62221;Vj. Index der Tarifverdienste und Arbeitszeiten;JAHR;Jahr;2022;DINSGF;Früheres Bundesgebiet / Neue Länder;DF;Früheres Bundesgebiet;WZ08C7;WZ2008 (ausgewählte Positionen): Tarifindex;WZ08-06;Gewinnung von Erdöl und Erdgas;105,2;2020=100;VST072;Index d.tarifl. Stundenverdienste mit Sonderzahl.
62221;Vj. Index der Tarifverdienste und Arbeitszeiten;JAHR;Jahr;2022;DINSGF;Früheres Bundesgebiet / Neue Länder;DF;Früheres Bundesgebiet;WZ08C7;WZ2008 (ausgewählte Positionen): Tarifindex;WZ08-06;Gewinnung von Erdöl und Erdgas;104,7;2020=100;VST073;Index d.tarifl. Monatsverdienste mit Sonderzahl.
62221;Vj. Index der Tarifverdienste und Arbeitszeiten;JAHR;Jahr;2022;DINSGF;Früheres Bundesgebiet / Neue Länder;DF;Früheres Bundesgebiet;WZ08C7;WZ2008 (ausgewählte Positionen): Tarifindex;WZ08-06;Gewinnung von Erdöl und Erdgas;37,9;h;VST019;Durchschnittliche tarifliche Wochenarbeitszeit
62221;Vj. Index der Tarifverdienste und Arbeitszeiten;JAHR;Jahr;2022;DINSGF;Früheres Bundesgebiet / Neue Länder;DF;Früheres Bundesgebiet;WZ08C7;WZ2008 (ausgewählte Positionen): Tarifindex;WZ08-06;Gewinnung von Erdöl und Erdgas;104,1;2020=100;VST066;Index d.tarifl. Monatsverdienste ohne Sonderzahl.
62221;Vj. Index der Tarifverdienste und Arbeitszeiten;JAHR;Jahr;2022;DINSGF;Früheres Bundesgebiet / Neue Länder;DF;Früheres Bundesgebiet;WZ08C7;WZ2008 (ausgewählte Positionen): Tarifindex;WZ08-06;Gewinnung von Erdöl und Erdgas;99,6;2020=100;VST018;Index der tariflichen Wochenarbeitszeit
62221;Vj. Index der Tarifverdienste und Arbeitszeiten;JAHR;Jahr;2022;DINSGF;Früheres Bundesgebiet / Neue Länder;DF;Früheres Bundesgebiet;WZ08C7;WZ2008 (ausgewählte Positionen): Tarifindex;WZ08-06;Gewinnung von Erdöl und Erdgas;104,5;2020=100;VST065;Index d.tarifl. Stundenverdienste ohne Sonderzahl.
62221;Vj. Index der Tarifverdienste und Arbeitszeiten;JAHR;Jahr;2018;DINSGF;Früheres Bundesgebiet / Neue Länder;DN;Neue Länder;WZ08C7;WZ2008 (ausgewählte Positionen): Tarifindex;WZ08-G-02;Dienstleistungsbereich;94,2;2020=100;VST072;Index d.tarifl. Stundenverdienste mit Sonderzahl.
62221;Vj. Index der Tarifverdienste und Arbeitszeiten;JAHR;Jahr;2018;DINSGF;Früheres Bundesgebiet / Neue Länder;DN;Neue Länder;WZ08C7;WZ2008 (ausgewählte Positionen): Tarifindex;WZ08-G-02;Dienstleistungsbereich;94,3;2020=100;VST073;Index d.tarifl. Monatsverdienste mit Sonderzahl.
62221;Vj. Index der Tarifverdienste und Arbeitszeiten;JAHR;Jahr;2018;DINSGF;Früheres Bundesgebiet / Neue Länder;DN;Neue Länder;WZ08C7;WZ2008 (ausgewählte Positionen): Tarifindex;WZ08-G-02;Dienstleistungsbereich;39,1;h;VST019;Durchschnittliche tarifliche Wochenarbeitszeit
62221;Vj. Index der Tarifverdienste und Arbeitszeiten;JAHR;Jahr;2018;DINSGF;Früheres Bundesgebiet / Neue Länder;DN;Neue Länder;WZ08C7;WZ2008 (ausgewählte Positionen): Tarifindex;WZ08-G-02;Dienstleistungsbereich;94,0;2020=100;VST066;Index d.tarifl. Monatsverdienste ohne Sonderzahl.
62221;Vj. Index der Tarifverdienste und Arbeitszeiten;JAHR;Jahr;2018;DINSGF;Früheres Bundesgebiet / Neue Länder;DN;Neue Länder;WZ08C7;WZ2008 (ausgewählte Positionen): Tarifindex;WZ08-G-02;Dienstleistungsbereich;100,1;2020=100;VST018;Index der tariflichen Wochenarbeitszeit
62221;Vj. Index der Tarifverdienste und Arbeitszeiten;JAHR;Jahr;2018;DINSGF;Früheres Bundesgebiet / Neue Länder;DN;Neue Länder;WZ08C7;WZ2008 (ausgewählte Positionen): Tarifindex;WZ08-G-02;Dienstleistungsbereich;94,1;2020=100;VST065;Index d.tarifl. Stundenverdienste ohne Sonderzahl.
62221;Vj. Index der Tarifverdienste und Arbeitszeiten;JAHR;Jahr;2018;DINSGF;Früheres Bundesgebiet / Neue Länder;DN;Neue Länder;WZ08C7;WZ2008 (ausgewählte Positionen): Tarifindex;WZ08-69-02;Rechts- und Steuerberatung, Unternehmensberatung;94,8;2020=100;VST072;Index d.tarifl. Stundenverdienste mit Sonderzahl.
62221;Vj. Index der Tarifverdienste und Arbeitszeiten;JAHR;Jahr;2018;DINSGF;Früheres Bundesgebiet / Neue Länder;DN;Neue Länder;WZ08C7;WZ2008 (ausgewählte Positionen): Tarifindex;WZ08-69-02;Rechts- und Steuerberatung, Unternehmensberatung;95,0;2020=100;VST073;Index d.tarifl. Monatsverdienste mit Sonderzahl.
62221;Vj. Index der Tarifverdienste und Arbeitszeiten;JAHR;Jahr;2018;DINSGF;Früheres Bundesgebiet / Neue Länder;DN;Neue Länder;WZ08C7;WZ2008 (ausgewählte Positionen): Tarifindex;WZ08-69-02;Rechts- und Steuerberatung, Unternehmensberatung;38,6;h;VST019;Durchschnittliche tarifliche Wochenarbeitszeit
62221;Vj. Index der Tarifverdienste und Arbeitszeiten;JAHR;Jahr;2018;DINSGF;Früheres Bundesgebiet / Neue Länder;DN;Neue Länder;WZ08C7;WZ2008 (ausgewählte Positionen): Tarifindex;WZ08-69-02;Rechts- und Steuerberatung, Unternehmensberatung;95,2;2020=100;VST066;Index d.tarifl. Monatsverdienste ohne Sonderzahl.
62221;Vj. Index der Tarifverdienste und Arbeitszeiten;JAHR;Jahr;2018;DINSGF;Früheres Bundesgebiet / Neue Länder;DN;Neue Länder;WZ08C7;WZ2008 (ausgewählte Positionen): Tarifindex;WZ08-69-02;Rechts- und Steuerberatung, Unternehmensberatung;100,2;2020=100;VST018;Index der tariflichen Wochenarbeitszeit
62221;Vj. Index der Tarifverdienste und Arbeitszeiten;JAHR;Jahr;2018;DINSGF;Früheres Bundesgebiet / Neue Länder;DN;Neue Länder;WZ08C7;WZ2008 (ausgewählte Positionen): Tarifindex;WZ08-69-02;Rechts- und Steuerberatung, Unternehmensberatung;94,9;2020=100;VST065;Index d.tarifl. Stundenverdienste ohne Sonderzahl.
62221;Vj. Index der Tarifverdienste und Arbeitszeiten;JAHR;Jahr;2022;DINSGF;Früheres Bundesgebiet / Neue Länder;DF;Früheres Bundesgebiet;WZ08C7;WZ2008 (ausgewählte Positionen): Tarifindex;WZ08-H;Verkehr und Lagerei;104,0;2020=100;VST072;Index d.tarifl. Stundenverdienste mit Sonderzahl.
62221;Vj. Index der Tarifverdienste und Arbeitszeiten;JAHR;Jahr;2022;DINSGF;Früheres Bundesgebiet / Neue Länder;DF;Früheres Bundesgebiet;WZ08C7;WZ2008 (ausgewählte Positionen): Tarifindex;WZ08-H;Verkehr und Lagerei;104,0;2020=100;VST073;Index d.tarifl. Monatsverdienste mit Sonderzahl.
62221;Vj. Index der Tarifverdienste und Arbeitszeiten;JAHR;Jahr;2022;DINSGF;Früheres Bundesgebiet / Neue Länder;DF;Früheres Bundesgebiet;WZ08C7;WZ2008 (ausgewählte Positionen): Tarifindex;WZ08-H;Verkehr und Lagerei;39,0;h;VST019;Durchschnittliche tarifliche Wochenarbeitszeit
62221;Vj. Index der Tarifverdienste und Arbeitszeiten;JAHR;Jahr;2022;DINSGF;Früheres Bundesgebiet / Neue Länder;DF;Früheres Bundesgebiet;WZ08C7;WZ2008 (ausgewählte Positionen): Tarifindex;WZ08-H;Verkehr und Lagerei;103,8;2020=100;VST066;Index d.tarifl. Monatsverdienste ohne Sonderzahl.
62221;Vj. Index der Tarifverdienste und Arbeitszeiten;JAHR;Jahr;2022;DINSGF;Früheres Bundesgebiet / Neue Länder;DF;Früheres Bundesgebiet;WZ08C7;WZ2008 (ausgewählte Positionen): Tarifindex;WZ08-H;Verkehr und Lagerei;100,0;2020=100;VST018;Index der tariflichen Wochenarbeitszeit
62221;Vj. Index der Tarifverdienste und Arbeitszeiten;JAHR;Jahr;2022;DINSGF;Früheres Bundesgebiet / Neue Länder;DF;Früheres Bundesgebiet;WZ08C7;WZ2008 (ausgewählte Positionen): Tarifindex;WZ08-H;Verkehr und Lagerei;103,8;2020=100;VST065;Index d.tarifl. Stundenverdienste ohne Sonderzahl.
62221;Vj. Index der Tarifverdienste und Arbeitszeiten;JAHR;Jahr;2022;DINSGF;Früheres Bundesgebiet / Neue Länder;DN;Neue Länder;WZ08C7;WZ2008 (ausgewählte Positionen): Tarifindex;WZ08-85;Erziehung und Unterricht;103,1;2020=100;VST072;Index d.tarifl. Stundenverdienste mit Sonderzahl.
62221;Vj. Index der Tarifverdienste und Arbeitszeiten;JAHR;Jahr;2022;DINSGF;Früheres Bundesgebiet / Neue Länder;DN;Neue Länder;WZ08C7;WZ2008 (ausgewählte Positionen): Tarifindex;WZ08-85;Erziehung und Unterricht;103,1;2020=100;VST073;Index d.tarifl. Monatsverdienste mit Sonderzahl.
62221;Vj. Index der Tarifverdienste und Arbeitszeiten;JAHR;Jahr;2022;DINSGF;Früheres Bundesgebiet / Neue Länder;DN;Neue Länder;WZ08C7;WZ2008 (ausgewählte Positionen): Tarifindex;WZ08-85;Erziehung und Unterricht;39,7;h;VST019;Durchschnittliche tarifliche Wochenarbeitszeit
62221;Vj. Index der Tarifverdienste und Arbeitszeiten;JAHR;Jahr;2022;DINSGF;Früheres Bundesgebiet / Neue Länder;DN;Neue Länder;WZ08C7;WZ2008 (ausgewählte Positionen): Tarifindex;WZ08-85;Erziehung und Unterricht;102,0;2020=100;VST066;Index d.tarifl. Monatsverdienste ohne Sonderzahl.
62221;Vj. Index der Tarifverdienste und Arbeitszeiten;JAHR;Jahr;2022;DINSGF;Früheres Bundesgebiet / Neue Länder;DN;Neue Länder;WZ08C7;WZ2008 (ausgewählte Positionen): Tarifindex;WZ08-85;Erziehung und Unterricht;100,0;2020=100;VST018;Index der tariflichen Wochenarbeitszeit
62221;Vj. Index der Tarifverdienste und Arbeitszeiten;JAHR;Jahr;2022;DINSGF;Früheres Bundesgebiet / Neue Länder;DN;Neue Länder;WZ08C7;WZ2008 (ausgewählte Positionen): Tarifindex;WZ08-85;Erziehung und Unterricht;102,0;2020=100;VST065;Index d.tarifl. Stundenverdienste ohne Sonderzahl.
62221;Vj. Index der Tarifverdienste und Arbeitszeiten;JAHR;Jahr;2020;DINSGF;Früheres Bundesgebiet / Neue Länder;DN;Neue Länder;WZ08C7;WZ2008 (ausgewählte Positionen): Tarifindex;WZ-X001;Vorleistungsgüterproduzenten;100,0;2020=100;VST072;Index d.tarifl. Stundenverdienste mit Sonderzahl.
62221;Vj. Index der Tarifverdienste und Arbeitszeiten;JAHR;Jahr;2020;DINSGF;Früheres Bundesgebiet / Neue Länder;DN;Neue Länder;WZ08C7;WZ2008 (ausgewählte Positionen): Tarifindex;WZ-X001;Vorleistungsgüterproduzenten;100,0;2020=100;VST073;Index d.tarifl. Monatsverdienste mit Sonderzahl.
62221;Vj. Index der Tarifverdienste und Arbeitszeiten;JAHR;Jahr;2020;DINSGF;Früheres Bundesgebiet / Neue Länder;DN;Neue Länder;WZ08C7;WZ2008 (ausgewählte Positionen): Tarifindex;WZ-X001;Vorleistungsgüterproduzenten;38,3;h;VST019;Durchschnittliche tarifliche Wochenarbeitszeit
62221;Vj. Index der Tarifverdienste und Arbeitszeiten;JAHR;Jahr;2020;DINSGF;Früheres Bundesgebiet / Neue Länder;DN;Neue Länder;WZ08C7;WZ2008 (ausgewählte Positionen): Tarifindex;WZ-X001;Vorleistungsgüterproduzenten;100,0;2020=100;VST066;Index d.tarifl. Monatsverdienste ohne Sonderzahl.
62221;Vj. Index der Tarifverdienste und Arbeitszeiten;JAHR;Jahr;2020;DINSGF;Früheres Bundesgebiet / Neue Länder;DN;Neue Länder;WZ08C7;WZ2008 (ausgewählte Positionen): Tarifindex;WZ-X001;Vorleistungsgüterproduzenten;100,0;2020=100;VST018;Index der tariflichen Wochenarbeitszeit
62221;Vj. Index der Tarifverdienste und Arbeitszeiten;JAHR;Jahr;2020;DINSGF;Früheres Bundesgebiet / Neue Länder;DN;Neue Länder;WZ08C7;WZ2008 (ausgewählte Positionen): Tarifindex;WZ-X001;Vorleistungsgüterproduzenten;100,0;2020=100;VST065;Index d.tarifl. Stundenverdienste ohne Sonderzahl.
62221;Vj. Index der Tarifverdienste und Arbeitszeiten;JAHR;Jahr;2022;DINSGF;Früheres Bundesgebiet / Neue Länder;DF;Früheres Bundesgebiet;WZ08C7;WZ2008 (ausgewählte Positionen): Tarifindex;WZ08-B;Bergbau und Gewinnung von Steinen und Erden;104,3;2020=100;VST072;Index d.tarifl. Stundenverdienste mit Sonderzahl.
62221;Vj. Index der Tarifverdienste und Arbeitszeiten;JAHR;Jahr;2022;DINSGF;Früheres Bundesgebiet / Neue Länder;DF;Früheres Bundesgebiet;WZ08C7;WZ2008 (ausgewählte Positionen): Tarifindex;WZ08-B;Bergbau und Gewinnung von Steinen und Erden;104,3;2020=100;VST073;Index d.tarifl. Monatsverdienste mit Sonderzahl.
62221;Vj. Index der Tarifverdienste und Arbeitszeiten;JAHR;Jahr;2022;DINSGF;Früheres Bundesgebiet / Neue Länder;DF;Früheres Bundesgebiet;WZ08C7;WZ2008 (ausgewählte Positionen): Tarifindex;WZ08-B;Bergbau und Gewinnung von Steinen und Erden;38,6;h;VST019;Durchschnittliche tarifliche Wochenarbeitszeit
62221;Vj. Index der Tarifverdienste und Arbeitszeiten;JAHR;Jahr;2022;DINSGF;Früheres Bundesgebiet / Neue Länder;DF;Früheres Bundesgebiet;WZ08C7;WZ2008 (ausgewählte Positionen): Tarifindex;WZ08-B;Bergbau und Gewinnung von Steinen und Erden;103,7;2020=100;VST066;Index d.tarifl. Monatsverdienste ohne Sonderzahl.
62221;Vj. Index der Tarifverdienste und Arbeitszeiten;JAHR;Jahr;2022;DINSGF;Früheres Bundesgebiet / Neue Länder;DF;Früheres Bundesgebiet;WZ08C7;WZ2008 (ausgewählte Positionen): Tarifindex;WZ08-B;Bergbau und Gewinnung von Steinen und Erden;100,0;2020=100;VST018;Index der tariflichen Wochenarbeitszeit
62221;Vj. Index der Tarifverdienste und Arbeitszeiten;JAHR;Jahr;2022;DINSGF;Früheres Bundesgebiet / Neue Länder;DF;Früheres Bundesgebiet;WZ08C7;WZ2008 (ausgewählte Positionen): Tarifindex;WZ08-B;Bergbau und Gewinnung von Steinen und Erden;103,8;2020=100;VST065;Index d.tarifl. Stundenverdienste ohne Sonderzahl.
62221;Vj. Index der Tarifverdienste und Arbeitszeiten;JAHR;Jahr;2025;DINSGF;Früheres Bundesgebiet / Neue Länder;DN;Neue Länder;WZ08C7;WZ2008 (ausgewählte Positionen): Tarifindex;WZ08-50;Schifffahrt;113,2;2020=100;VST072;Index d.tarifl. Stundenverdienste mit Sonderzahl.
62221;Vj. Index der Tarifverdienste und Arbeitszeiten;JAHR;Jahr;2025;DINSGF;Früheres Bundesgebiet / Neue Länder;DN;Neue Länder;WZ08C7;WZ2008 (ausgewählte Positionen): Tarifindex;WZ08-50;Schifffahrt;111,8;2020=100;VST073;Index d.tarifl. Monatsverdienste mit Sonderzahl.
62221;Vj. Index der Tarifverdienste und Arbeitszeiten;JAHR;Jahr;2025;DINSGF;Früheres Bundesgebiet / Neue Länder;DN;Neue Länder;WZ08C7;WZ2008 (ausgewählte Positionen): Tarifindex;WZ08-50;Schifffahrt;39,5;h;VST019;Durchschnittliche tarifliche Wochenarbeitszeit
62221;Vj. Index der Tarifverdienste und Arbeitszeiten;JAHR;Jahr;2025;DINSGF;Früheres Bundesgebiet / Neue Länder;DN;Neue Länder;WZ08C7;WZ2008 (ausgewählte Positionen): Tarifindex;WZ08-50;Schifffahrt;112,8;2020=100;VST066;Index d.tarifl. Monatsverdienste ohne Sonderzahl.
62221;Vj. Index der Tarifverdienste und Arbeitszeiten;JAHR;Jahr;2025;DINSGF;Früheres Bundesgebiet / Neue Länder;DN;Neue Länder;WZ08C7;WZ2008 (ausgewählte Positionen): Tarifindex;WZ08-50;Schifffahrt;98,9;2020=100;VST018;Index der tariflichen Wochenarbeitszeit
62221;Vj. Index der Tarifverdienste und Arbeitszeiten;JAHR;Jahr;2025;DINSGF;Früheres Bundesgebiet / Neue Länder;DN;Neue Länder;WZ08C7;WZ2008 (ausgewählte Positionen): Tarifindex;WZ08-50;Schifffahrt;114,2;2020=100;VST065;Index d.tarifl. Stundenverdienste ohne Sonderzahl.
62221;Vj. Index der Tarifverdienste und Arbeitszeiten;JAHR;Jahr;2017;DINSGF;Früheres Bundesgebiet / Neue Länder;DN;Neue Länder;WZ08C7;WZ2008 (ausgewählte Positionen): Tarifindex;WZ08-33;Reparatur u.Installation von Masch.u.Ausrüstungen;92,3;2020=100;VST072;Index d.tarifl. Stundenverdienste mit Sonderzahl.
62221;Vj. Index der Tarifverdienste und Arbeitszeiten;JAHR;Jahr;2017;DINSGF;Früheres Bundesgebiet / Neue Länder;DN;Neue Länder;WZ08C7;WZ2008 (ausgewählte Positionen): Tarifindex;WZ08-33;Reparatur u.Installation von Masch.u.Ausrüstungen;92,3;2020=100;VST073;Index d.tarifl. Monatsverdienste mit Sonderzahl.
62221;Vj. Index der Tarifverdienste und Arbeitszeiten;JAHR;Jahr;2017;DINSGF;Früheres Bundesgebiet / Neue Länder;DN;Neue Länder;WZ08C7;WZ2008 (ausgewählte Positionen): Tarifindex;WZ08-33;Reparatur u.Installation von Masch.u.Ausrüstungen;38,4;h;VST019;Durchschnittliche tarifliche Wochenarbeitszeit
62221;Vj. Index der Tarifverdienste und Arbeitszeiten;JAHR;Jahr;2017;DINSGF;Früheres Bundesgebiet / Neue Länder;DN;Neue Länder;WZ08C7;WZ2008 (ausgewählte Positionen): Tarifindex;WZ08-33;Reparatur u.Installation von Masch.u.Ausrüstungen;93,8;2020=100;VST066;Index d.tarifl. Monatsverdienste ohne Sonderzahl.
62221;Vj. Index der Tarifverdienste und Arbeitszeiten;JAHR;Jahr;2017;DINSGF;Früheres Bundesgebiet / Neue Länder;DN;Neue Länder;WZ08C7;WZ2008 (ausgewählte Positionen): Tarifindex;WZ08-33;Reparatur u.Installation von Masch.u.Ausrüstungen;100,0;2020=100;VST018;Index der tariflichen Wochenarbeitszeit
62221;Vj. Index der Tarifverdienste und Arbeitszeiten;JAHR;Jahr;2017;DINSGF;Früheres Bundesgebiet / Neue Länder;DN;Neue Länder;WZ08C7;WZ2008 (ausgewählte Positionen): Tarifindex;WZ08-33;Reparatur u.Installation von Masch.u.Ausrüstungen;93,8;2020=100;VST065;Index d.tarifl. Stundenverdienste ohne Sonderzahl.
62221;Vj. Index der Tarifverdienste und Arbeitszeiten;JAHR;Jahr;2025;DINSGF;Früheres Bundesgebiet / Neue Länder;DN;Neue Länder;WZ08C7;WZ2008 (ausgewählte Positionen): Tarifindex;WZ-X002;Investitionsgüterproduzenten;113,4;2020=100;VST072;Index d.tarifl. Stundenverdienste mit Sonderzahl.
62221;Vj. Index der Tarifverdienste und Arbeitszeiten;JAHR;Jahr;2025;DINSGF;Früheres Bundesgebiet / Neue Länder;DN;Neue Länder;WZ08C7;WZ2008 (ausgewählte Positionen): Tarifindex;WZ-X002;Investitionsgüterproduzenten;112,9;2020=100;VST073;Index d.tarifl. Monatsverdienste mit Sonderzahl.
62221;Vj. Index der Tarifverdienste und Arbeitszeiten;JAHR;Jahr;2025;DINSGF;Früheres Bundesgebiet / Neue Länder;DN;Neue Länder;WZ08C7;WZ2008 (ausgewählte Positionen): Tarifindex;WZ-X002;Investitionsgüterproduzenten;37,7;h;VST019;Durchschnittliche tarifliche Wochenarbeitszeit
62221;Vj. Index der Tarifverdienste und Arbeitszeiten;JAHR;Jahr;2025;DINSGF;Früheres Bundesgebiet / Neue Länder;DN;Neue Länder;WZ08C7;WZ2008 (ausgewählte Positionen): Tarifindex;WZ-X002;Investitionsgüterproduzenten;110,6;2020=100;VST066;Index d.tarifl. Monatsverdienste ohne Sonderzahl.
62221;Vj. Index der Tarifverdienste und Arbeitszeiten;JAHR;Jahr;2025;DINSGF;Früheres Bundesgebiet / Neue Länder;DN;Neue Länder;WZ08C7;WZ2008 (ausgewählte Positionen): Tarifindex;WZ-X002;Investitionsgüterproduzenten;99,6;2020=100;VST018;Index der tariflichen Wochenarbeitszeit
62221;Vj. Index der Tarifverdienste und Arbeitszeiten;JAHR;Jahr;2025;DINSGF;Früheres Bundesgebiet / Neue Länder;DN;Neue Länder;WZ08C7;WZ2008 (ausgewählte Positionen): Tarifindex;WZ-X002;Investitionsgüterproduzenten;111,1;2020=100;VST065;Index d.tarifl. Stundenverdienste ohne Sonderzahl.
62221;Vj. Index der Tarifverdienste und Arbeitszeiten;JAHR;Jahr;2024;DINSGF;Früheres Bundesgebiet / Neue Länder;DF;Früheres Bundesgebiet;WZ08C7;WZ2008 (ausgewählte Positionen): Tarifindex;WZ08-27;Herstellung von elektrischen Ausrüstungen;112,0;2020=100;VST072;Index d.tarifl. Stundenverdienste mit Sonderzahl.
62221;Vj. Index der Tarifverdienste und Arbeitszeiten;JAHR;Jahr;2024;DINSGF;Früheres Bundesgebiet / Neue Länder;DF;Früheres Bundesgebiet;WZ08C7;WZ2008 (ausgewählte Positionen): Tarifindex;WZ08-27;Herstellung von elektrischen Ausrüstungen;112,0;2020=100;VST073;Index d.tarifl. Monatsverdienste mit Sonderzahl.
62221;Vj. Index der Tarifverdienste und Arbeitszeiten;JAHR;Jahr;2024;DINSGF;Früheres Bundesgebiet / Neue Länder;DF;Früheres Bundesgebiet;WZ08C7;WZ2008 (ausgewählte Positionen): Tarifindex;WZ08-27;Herstellung von elektrischen Ausrüstungen;35,1;h;VST019;Durchschnittliche tarifliche Wochenarbeitszeit
62221;Vj. Index der Tarifverdienste und Arbeitszeiten;JAHR;Jahr;2024;DINSGF;Früheres Bundesgebiet / Neue Länder;DF;Früheres Bundesgebiet;WZ08C7;WZ2008 (ausgewählte Positionen): Tarifindex;WZ08-27;Herstellung von elektrischen Ausrüstungen;107,6;2020=100;VST066;Index d.tarifl. Monatsverdienste ohne Sonderzahl.
62221;Vj. Index der Tarifverdienste und Arbeitszeiten;JAHR;Jahr;2024;DINSGF;Früheres Bundesgebiet / Neue Länder;DF;Früheres Bundesgebiet;WZ08C7;WZ2008 (ausgewählte Positionen): Tarifindex;WZ08-27;Herstellung von elektrischen Ausrüstungen;100,0;2020=100;VST018;Index der tariflichen Wochenarbeitszeit
62221;Vj. Index der Tarifverdienste und Arbeitszeiten;JAHR;Jahr;2024;DINSGF;Früheres Bundesgebiet / Neue Länder;DF;Früheres Bundesgebiet;WZ08C7;WZ2008 (ausgewählte Positionen): Tarifindex;WZ08-27;Herstellung von elektrischen Ausrüstungen;107,6;2020=100;VST065;Index d.tarifl. Stundenverdienste ohne Sonderzahl.
62221;Vj. Index der Tarifverdienste und Arbeitszeiten;JAHR;Jahr;2021;DINSGF;Früheres Bundesgebiet / Neue Länder;DF;Früheres Bundesgebiet;WZ08C7;WZ2008 (ausgewählte Positionen): Tarifindex;WZ-X002;Investitionsgüterproduzenten;101,0;2020=100;VST072;Index d.tarifl. Stundenverdienste mit Sonderzahl.
62221;Vj. Index der Tarifverdienste und Arbeitszeiten;JAHR;Jahr;2021;DINSGF;Früheres Bundesgebiet / Neue Länder;DF;Früheres Bundesgebiet;WZ08C7;WZ2008 (ausgewählte Positionen): Tarifindex;WZ-X002;Investitionsgüterproduzenten;101,0;2020=100;VST073;Index d.tarifl. Monatsverdienste mit Sonderzahl.
62221;Vj. Index der Tarifverdienste und Arbeitszeiten;JAHR;Jahr;2021;DINSGF;Früheres Bundesgebiet / Neue Länder;DF;Früheres Bundesgebiet;WZ08C7;WZ2008 (ausgewählte Positionen): Tarifindex;WZ-X002;Investitionsgüterproduzenten;35,2;h;VST019;Durchschnittliche tarifliche Wochenarbeitszeit
62221;Vj. Index der Tarifverdienste und Arbeitszeiten;JAHR;Jahr;2021;DINSGF;Früheres Bundesgebiet / Neue Länder;DF;Früheres Bundesgebiet;WZ08C7;WZ2008 (ausgewählte Positionen): Tarifindex;WZ-X002;Investitionsgüterproduzenten;100,1;2020=100;VST066;Index d.tarifl. Monatsverdienste ohne Sonderzahl.
62221;Vj. Index der Tarifverdienste und Arbeitszeiten;JAHR;Jahr;2021;DINSGF;Früheres Bundesgebiet / Neue Länder;DF;Früheres Bundesgebiet;WZ08C7;WZ2008 (ausgewählte Positionen): Tarifindex;WZ-X002;Investitionsgüterproduzenten;100,0;2020=100;VST018;Index der tariflichen Wochenarbeitszeit
62221;Vj. Index der Tarifverdienste und Arbeitszeiten;JAHR;Jahr;2021;DINSGF;Früheres Bundesgebiet / Neue Länder;DF;Früheres Bundesgebiet;WZ08C7;WZ2008 (ausgewählte Positionen): Tarifindex;WZ-X002;Investitionsgüterproduzenten;100,1;2020=100;VST065;Index d.tarifl. Stundenverdienste ohne Sonderzahl.
62221;Vj. Index der Tarifverdienste und Arbeitszeiten;JAHR;Jahr;2023;DINSGF;Früheres Bundesgebiet / Neue Länder;DN;Neue Länder;WZ08C7;WZ2008 (ausgewählte Positionen): Tarifindex;WZ08-B-05;Produzierendes Gewerbe;109,4;2020=100;VST072;Index d.tarifl. Stundenverdienste mit Sonderzahl.
62221;Vj. Index der Tarifverdienste und Arbeitszeiten;JAHR;Jahr;2023;DINSGF;Früheres Bundesgebiet / Neue Länder;DN;Neue Länder;WZ08C7;WZ2008 (ausgewählte Positionen): Tarifindex;WZ08-B-05;Produzierendes Gewerbe;109,0;2020=100;VST073;Index d.tarifl. Monatsverdienste mit Sonderzahl.
62221;Vj. Index der Tarifverdienste und Arbeitszeiten;JAHR;Jahr;2023;DINSGF;Früheres Bundesgebiet / Neue Länder;DN;Neue Länder;WZ08C7;WZ2008 (ausgewählte Positionen): Tarifindex;WZ08-B-05;Produzierendes Gewerbe;38,5;h;VST019;Durchschnittliche tarifliche Wochenarbeitszeit
62221;Vj. Index der Tarifverdienste und Arbeitszeiten;JAHR;Jahr;2023;DINSGF;Früheres Bundesgebiet / Neue Länder;DN;Neue Länder;WZ08C7;WZ2008 (ausgewählte Positionen): Tarifindex;WZ08-B-05;Produzierendes Gewerbe;106,1;2020=100;VST066;Index d.tarifl. Monatsverdienste ohne Sonderzahl.
62221;Vj. Index der Tarifverdienste und Arbeitszeiten;JAHR;Jahr;2023;DINSGF;Früheres Bundesgebiet / Neue Länder;DN;Neue Länder;WZ08C7;WZ2008 (ausgewählte Positionen): Tarifindex;WZ08-B-05;Produzierendes Gewerbe;99,7;2020=100;VST018;Index der tariflichen Wochenarbeitszeit
62221;Vj. Index der Tarifverdienste und Arbeitszeiten;JAHR;Jahr;2023;DINSGF;Früheres Bundesgebiet / Neue Länder;DN;Neue Länder;WZ08C7;WZ2008 (ausgewählte Positionen): Tarifindex;WZ08-B-05;Produzierendes Gewerbe;106,4;2020=100;VST065;Index d.tarifl. Stundenverdienste ohne Sonderzahl.
62221;Vj. Index der Tarifverdienste und Arbeitszeiten;JAHR;Jahr;2024;DINSGF;Früheres Bundesgebiet / Neue Länder;DF;Früheres Bundesgebiet;WZ08C7;WZ2008 (ausgewählte Positionen): Tarifindex;WZ08-30;Sonstiger Fahrzeugbau;111,7;2020=100;VST072;Index d.tarifl. Stundenverdienste mit Sonderzahl.
62221;Vj. Index der Tarifverdienste und Arbeitszeiten;JAHR;Jahr;2024;DINSGF;Früheres Bundesgebiet / Neue Länder;DF;Früheres Bundesgebiet;WZ08C7;WZ2008 (ausgewählte Positionen): Tarifindex;WZ08-30;Sonstiger Fahrzeugbau;111,7;2020=100;VST073;Index d.tarifl. Monatsverdienste mit Sonderzahl.
62221;Vj. Index der Tarifverdienste und Arbeitszeiten;JAHR;Jahr;2024;DINSGF;Früheres Bundesgebiet / Neue Länder;DF;Früheres Bundesgebiet;WZ08C7;WZ2008 (ausgewählte Positionen): Tarifindex;WZ08-30;Sonstiger Fahrzeugbau;35,1;h;VST019;Durchschnittliche tarifliche Wochenarbeitszeit
62221;Vj. Index der Tarifverdienste und Arbeitszeiten;JAHR;Jahr;2024;DINSGF;Früheres Bundesgebiet / Neue Länder;DF;Früheres Bundesgebiet;WZ08C7;WZ2008 (ausgewählte Positionen): Tarifindex;WZ08-30;Sonstiger Fahrzeugbau;107,6;2020=100;VST066;Index d.tarifl. Monatsverdienste ohne Sonderzahl.
62221;Vj. Index der Tarifverdienste und Arbeitszeiten;JAHR;Jahr;2024;DINSGF;Früheres Bundesgebiet / Neue Länder;DF;Früheres Bundesgebiet;WZ08C7;WZ2008 (ausgewählte Positionen): Tarifindex;WZ08-30;Sonstiger Fahrzeugbau;100,0;2020=100;VST018;Index der tariflichen Wochenarbeitszeit
62221;Vj. Index der Tarifverdienste und Arbeitszeiten;JAHR;Jahr;2024;DINSGF;Früheres Bundesgebiet / Neue Länder;DF;Früheres Bundesgebiet;WZ08C7;WZ2008 (ausgewählte Positionen): Tarifindex;WZ08-30;Sonstiger Fahrzeugbau;107,5;2020=100;VST065;Index d.tarifl. Stundenverdienste ohne Sonderzahl.
62221;Vj. Index der Tarifverdienste und Arbeitszeiten;JAHR;Jahr;2018;DINSGF;Früheres Bundesgebiet / Neue Länder;DF;Früheres Bundesgebiet;WZ08C7;WZ2008 (ausgewählte Positionen): Tarifindex;WZ08-25;Herstellung von Metallerzeugnissen;96,3;2020=100;VST072;Index d.tarifl. Stundenverdienste mit Sonderzahl.
62221;Vj. Index der Tarifverdienste und Arbeitszeiten;JAHR;Jahr;2018;DINSGF;Früheres Bundesgebiet / Neue Länder;DF;Früheres Bundesgebiet;WZ08C7;WZ2008 (ausgewählte Positionen): Tarifindex;WZ08-25;Herstellung von Metallerzeugnissen;96,3;2020=100;VST073;Index d.tarifl. Monatsverdienste mit Sonderzahl.
62221;Vj. Index der Tarifverdienste und Arbeitszeiten;JAHR;Jahr;2018;DINSGF;Früheres Bundesgebiet / Neue Länder;DF;Früheres Bundesgebiet;WZ08C7;WZ2008 (ausgewählte Positionen): Tarifindex;WZ08-25;Herstellung von Metallerzeugnissen;35,6;h;VST019;Durchschnittliche tarifliche Wochenarbeitszeit
62221;Vj. Index der Tarifverdienste und Arbeitszeiten;JAHR;Jahr;2018;DINSGF;Früheres Bundesgebiet / Neue Länder;DF;Früheres Bundesgebiet;WZ08C7;WZ2008 (ausgewählte Positionen): Tarifindex;WZ08-25;Herstellung von Metallerzeugnissen;98,4;2020=100;VST066;Index d.tarifl. Monatsverdienste ohne Sonderzahl.
62221;Vj. Index der Tarifverdienste und Arbeitszeiten;JAHR;Jahr;2018;DINSGF;Früheres Bundesgebiet / Neue Länder;DF;Früheres Bundesgebiet;WZ08C7;WZ2008 (ausgewählte Positionen): Tarifindex;WZ08-25;Herstellung von Metallerzeugnissen;100,0;2020=100;VST018;Index der tariflichen Wochenarbeitszeit
62221;Vj. Index der Tarifverdienste und Arbeitszeiten;JAHR;Jahr;2018;DINSGF;Früheres Bundesgebiet / Neue Länder;DF;Früheres Bundesgebiet;WZ08C7;WZ2008 (ausgewählte Positionen): Tarifindex;WZ08-25;Herstellung von Metallerzeugnissen;98,4;2020=100;VST065;Index d.tarifl. Stundenverdienste ohne Sonderzahl.
62221;Vj. Index der Tarifverdienste und Arbeitszeiten;JAHR;Jahr;2017;DINSGF;Früheres Bundesgebiet / Neue Länder;DF;Früheres Bundesgebiet;WZ08C7;WZ2008 (ausgewählte Positionen): Tarifindex;WZ08-84;Öff. Verwaltung, Verteidigung, Sozialversicherung;91,7;2020=100;VST072;Index d.tarifl. Stundenverdienste mit Sonderzahl.
62221;Vj. Index der Tarifverdienste und Arbeitszeiten;JAHR;Jahr;2017;DINSGF;Früheres Bundesgebiet / Neue Länder;DF;Früheres Bundesgebiet;WZ08C7;WZ2008 (ausgewählte Positionen): Tarifindex;WZ08-84;Öff. Verwaltung, Verteidigung, Sozialversicherung;91,7;2020=100;VST073;Index d.tarifl. Monatsverdienste mit Sonderzahl.
62221;Vj. Index der Tarifverdienste und Arbeitszeiten;JAHR;Jahr;2017;DINSGF;Früheres Bundesgebiet / Neue Länder;DF;Früheres Bundesgebiet;WZ08C7;WZ2008 (ausgewählte Positionen): Tarifindex;WZ08-84;Öff. Verwaltung, Verteidigung, Sozialversicherung;40,1;h;VST019;Durchschnittliche tarifliche Wochenarbeitszeit
62221;Vj. Index der Tarifverdienste und Arbeitszeiten;JAHR;Jahr;2017;DINSGF;Früheres Bundesgebiet / Neue Länder;DF;Früheres Bundesgebiet;WZ08C7;WZ2008 (ausgewählte Positionen): Tarifindex;WZ08-84;Öff. Verwaltung, Verteidigung, Sozialversicherung;91,7;2020=100;VST066;Index d.tarifl. Monatsverdienste ohne Sonderzahl.
62221;Vj. Index der Tarifverdienste und Arbeitszeiten;JAHR;Jahr;2017;DINSGF;Früheres Bundesgebiet / Neue Länder;DF;Früheres Bundesgebiet;WZ08C7;WZ2008 (ausgewählte Positionen): Tarifindex;WZ08-84;Öff. Verwaltung, Verteidigung, Sozialversicherung;100,0;2020=100;VST018;Index der tariflichen Wochenarbeitszeit
62221;Vj. Index der Tarifverdienste und Arbeitszeiten;JAHR;Jahr;2017;DINSGF;Früheres Bundesgebiet / Neue Länder;DF;Früheres Bundesgebiet;WZ08C7;WZ2008 (ausgewählte Positionen): Tarifindex;WZ08-84;Öff. Verwaltung, Verteidigung, Sozialversicherung;91,7;2020=100;VST065;Index d.tarifl. Stundenverdienste ohne Sonderzahl.
62221;Vj. Index der Tarifverdienste und Arbeitszeiten;JAHR;Jahr;2023;DINSGF;Früheres Bundesgebiet / Neue Länder;DN;Neue Länder;WZ08C7;WZ2008 (ausgewählte Positionen): Tarifindex;WZ08-35;Energieversorgung;108,5;2020=100;VST072;Index d.tarifl. Stundenverdienste mit Sonderzahl.
62221;Vj. Index der Tarifverdienste und Arbeitszeiten;JAHR;Jahr;2023;DINSGF;Früheres Bundesgebiet / Neue Länder;DN;Neue Länder;WZ08C7;WZ2008 (ausgewählte Positionen): Tarifindex;WZ08-35;Energieversorgung;108,4;2020=100;VST073;Index d.tarifl. Monatsverdienste mit Sonderzahl.
62221;Vj. Index der Tarifverdienste und Arbeitszeiten;JAHR;Jahr;2023;DINSGF;Früheres Bundesgebiet / Neue Länder;DN;Neue Länder;WZ08C7;WZ2008 (ausgewählte Positionen): Tarifindex;WZ08-35;Energieversorgung;38,1;h;VST019;Durchschnittliche tarifliche Wochenarbeitszeit
62221;Vj. Index der Tarifverdienste und Arbeitszeiten;JAHR;Jahr;2023;DINSGF;Früheres Bundesgebiet / Neue Länder;DN;Neue Länder;WZ08C7;WZ2008 (ausgewählte Positionen): Tarifindex;WZ08-35;Energieversorgung;106,4;2020=100;VST066;Index d.tarifl. Monatsverdienste ohne Sonderzahl.
62221;Vj. Index der Tarifverdienste und Arbeitszeiten;JAHR;Jahr;2023;DINSGF;Früheres Bundesgebiet / Neue Länder;DN;Neue Länder;WZ08C7;WZ2008 (ausgewählte Positionen): Tarifindex;WZ08-35;Energieversorgung;99,9;2020=100;VST018;Index der tariflichen Wochenarbeitszeit
62221;Vj. Index der Tarifverdienste und Arbeitszeiten;JAHR;Jahr;2023;DINSGF;Früheres Bundesgebiet / Neue Länder;DN;Neue Länder;WZ08C7;WZ2008 (ausgewählte Positionen): Tarifindex;WZ08-35;Energieversorgung;106,5;2020=100;VST065;Index d.tarifl. Stundenverdienste ohne Sonderzahl.
62221;Vj. Index der Tarifverdienste und Arbeitszeiten;JAHR;Jahr;2021;DINSGF;Früheres Bundesgebiet / Neue Länder;DN;Neue Länder;WZ08C7;WZ2008 (ausgewählte Positionen): Tarifindex;WZ08-493;Sonstige Personenbeförderung im Landverkehr;100,9;2020=100;VST072;Index d.tarifl. Stundenverdienste mit Sonderzahl.
62221;Vj. Index der Tarifverdienste und Arbeitszeiten;JAHR;Jahr;2021;DINSGF;Früheres Bundesgebiet / Neue Länder;DN;Neue Länder;WZ08C7;WZ2008 (ausgewählte Positionen): Tarifindex;WZ08-493;Sonstige Personenbeförderung im Landverkehr;100,9;2020=100;VST073;Index d.tarifl. Monatsverdienste mit Sonderzahl.
62221;Vj. Index der Tarifverdienste und Arbeitszeiten;JAHR;Jahr;2021;DINSGF;Früheres Bundesgebiet / Neue Länder;DN;Neue Länder;WZ08C7;WZ2008 (ausgewählte Positionen): Tarifindex;WZ08-493;Sonstige Personenbeförderung im Landverkehr;39,2;h;VST019;Durchschnittliche tarifliche Wochenarbeitszeit
62221;Vj. Index der Tarifverdienste und Arbeitszeiten;JAHR;Jahr;2021;DINSGF;Früheres Bundesgebiet / Neue Länder;DN;Neue Länder;WZ08C7;WZ2008 (ausgewählte Positionen): Tarifindex;WZ08-493;Sonstige Personenbeförderung im Landverkehr;101,8;2020=100;VST066;Index d.tarifl. Monatsverdienste ohne Sonderzahl.
62221;Vj. Index der Tarifverdienste und Arbeitszeiten;JAHR;Jahr;2021;DINSGF;Früheres Bundesgebiet / Neue Länder;DN;Neue Länder;WZ08C7;WZ2008 (ausgewählte Positionen): Tarifindex;WZ08-493;Sonstige Personenbeförderung im Landverkehr;99,9;2020=100;VST018;Index der tariflichen Wochenarbeitszeit
62221;Vj. Index der Tarifverdienste und Arbeitszeiten;JAHR;Jahr;2021;DINSGF;Früheres Bundesgebiet / Neue Länder;DN;Neue Länder;WZ08C7;WZ2008 (ausgewählte Positionen): Tarifindex;WZ08-493;Sonstige Personenbeförderung im Landverkehr;101,9;2020=100;VST065;Index d.tarifl. Stundenverdienste ohne Sonderzahl.
62221;Vj. Index der Tarifverdienste und Arbeitszeiten;JAHR;Jahr;2023;DINSGF;Früheres Bundesgebiet / Neue Länder;DF;Früheres Bundesgebiet;WZ08C7;WZ2008 (ausgewählte Positionen): Tarifindex;WZ08-71;Architektur-,Ing.büros,techn.,physik.Untersuchung;107,7;2020=100;VST072;Index d.tarifl. Stundenverdienste mit Sonderzahl.
62221;Vj. Index der Tarifverdienste und Arbeitszeiten;JAHR;Jahr;2023;DINSGF;Früheres Bundesgebiet / Neue Länder;DF;Früheres Bundesgebiet;WZ08C7;WZ2008 (ausgewählte Positionen): Tarifindex;WZ08-71;Architektur-,Ing.büros,techn.,physik.Untersuchung;107,7;2020=100;VST073;Index d.tarifl. Monatsverdienste mit Sonderzahl.
62221;Vj. Index der Tarifverdienste und Arbeitszeiten;JAHR;Jahr;2023;DINSGF;Früheres Bundesgebiet / Neue Länder;DF;Früheres Bundesgebiet;WZ08C7;WZ2008 (ausgewählte Positionen): Tarifindex;WZ08-71;Architektur-,Ing.büros,techn.,physik.Untersuchung;37,0;h;VST019;Durchschnittliche tarifliche Wochenarbeitszeit
62221;Vj. Index der Tarifverdienste und Arbeitszeiten;JAHR;Jahr;2023;DINSGF;Früheres Bundesgebiet / Neue Länder;DF;Früheres Bundesgebiet;WZ08C7;WZ2008 (ausgewählte Positionen): Tarifindex;WZ08-71;Architektur-,Ing.büros,techn.,physik.Untersuchung;105,8;2020=100;VST066;Index d.tarifl. Monatsverdienste ohne Sonderzahl.
62221;Vj. Index der Tarifverdienste und Arbeitszeiten;JAHR;Jahr;2023;DINSGF;Früheres Bundesgebiet / Neue Länder;DF;Früheres Bundesgebiet;WZ08C7;WZ2008 (ausgewählte Positionen): Tarifindex;WZ08-71;Architektur-,Ing.büros,techn.,physik.Untersuchung;100,0;2020=100;VST018;Index der tariflichen Wochenarbeitszeit
62221;Vj. Index der Tarifverdienste und Arbeitszeiten;JAHR;Jahr;2023;DINSGF;Früheres Bundesgebiet / Neue Länder;DF;Früheres Bundesgebiet;WZ08C7;WZ2008 (ausgewählte Positionen): Tarifindex;WZ08-71;Architektur-,Ing.büros,techn.,physik.Untersuchung;105,8;2020=100;VST065;Index d.tarifl. Stundenverdienste ohne Sonderzahl.
62221;Vj. Index der Tarifverdienste und Arbeitszeiten;JAHR;Jahr;2023;DINSGF;Früheres Bundesgebiet / Neue Länder;DN;Neue Länder;WZ08C7;WZ2008 (ausgewählte Positionen): Tarifindex;WZ08-08-01;Gewinnung v. Steinen u. Erden, sonst. Bergbau, DL;112,7;2020=100;VST072;Index d.tarifl. Stundenverdienste mit Sonderzahl.
62221;Vj. Index der Tarifverdienste und Arbeitszeiten;JAHR;Jahr;2023;DINSGF;Früheres Bundesgebiet / Neue Länder;DN;Neue Länder;WZ08C7;WZ2008 (ausgewählte Positionen): Tarifindex;WZ08-08-01;Gewinnung v. Steinen u. Erden, sonst. Bergbau, DL;112,5;2020=100;VST073;Index d.tarifl. Monatsverdienste mit Sonderzahl.
62221;Vj. Index der Tarifverdienste und Arbeitszeiten;JAHR;Jahr;2023;DINSGF;Früheres Bundesgebiet / Neue Länder;DN;Neue Länder;WZ08C7;WZ2008 (ausgewählte Positionen): Tarifindex;WZ08-08-01;Gewinnung v. Steinen u. Erden, sonst. Bergbau, DL;39,4;h;VST019;Durchschnittliche tarifliche Wochenarbeitszeit
62221;Vj. Index der Tarifverdienste und Arbeitszeiten;JAHR;Jahr;2023;DINSGF;Früheres Bundesgebiet / Neue Länder;DN;Neue Länder;WZ08C7;WZ2008 (ausgewählte Positionen): Tarifindex;WZ08-08-01;Gewinnung v. Steinen u. Erden, sonst. Bergbau, DL;108,8;2020=100;VST066;Index d.tarifl. Monatsverdienste ohne Sonderzahl.
62221;Vj. Index der Tarifverdienste und Arbeitszeiten;JAHR;Jahr;2023;DINSGF;Früheres Bundesgebiet / Neue Länder;DN;Neue Länder;WZ08C7;WZ2008 (ausgewählte Positionen): Tarifindex;WZ08-08-01;Gewinnung v. Steinen u. Erden, sonst. Bergbau, DL;99,9;2020=100;VST018;Index der tariflichen Wochenarbeitszeit
62221;Vj. Index der Tarifverdienste und Arbeitszeiten;JAHR;Jahr;2023;DINSGF;Früheres Bundesgebiet / Neue Länder;DN;Neue Länder;WZ08C7;WZ2008 (ausgewählte Positionen): Tarifindex;WZ08-08-01;Gewinnung v. Steinen u. Erden, sonst. Bergbau, DL;109,0;2020=100;VST065;Index d.tarifl. Stundenverdienste ohne Sonderzahl.
62221;Vj. Index der Tarifverdienste und Arbeitszeiten;JAHR;Jahr;2025;DINSGF;Früheres Bundesgebiet / Neue Länder;DN;Neue Länder;WZ08C7;WZ2008 (ausgewählte Positionen): Tarifindex;WZ08-C;Verarbeitendes Gewerbe;115,8;2020=100;VST072;Index d.tarifl. Stundenverdienste mit Sonderzahl.
62221;Vj. Index der Tarifverdienste und Arbeitszeiten;JAHR;Jahr;2025;DINSGF;Früheres Bundesgebiet / Neue Länder;DN;Neue Länder;WZ08C7;WZ2008 (ausgewählte Positionen): Tarifindex;WZ08-C;Verarbeitendes Gewerbe;114,9;2020=100;VST073;Index d.tarifl. Monatsverdienste mit Sonderzahl.
62221;Vj. Index der Tarifverdienste und Arbeitszeiten;JAHR;Jahr;2025;DINSGF;Früheres Bundesgebiet / Neue Länder;DN;Neue Länder;WZ08C7;WZ2008 (ausgewählte Positionen): Tarifindex;WZ08-C;Verarbeitendes Gewerbe;37,8;h;VST019;Durchschnittliche tarifliche Wochenarbeitszeit
62221;Vj. Index der Tarifverdienste und Arbeitszeiten;JAHR;Jahr;2025;DINSGF;Früheres Bundesgebiet / Neue Länder;DN;Neue Länder;WZ08C7;WZ2008 (ausgewählte Positionen): Tarifindex;WZ08-C;Verarbeitendes Gewerbe;113,3;2020=100;VST066;Index d.tarifl. Monatsverdienste ohne Sonderzahl.
62221;Vj. Index der Tarifverdienste und Arbeitszeiten;JAHR;Jahr;2025;DINSGF;Früheres Bundesgebiet / Neue Länder;DN;Neue Länder;WZ08C7;WZ2008 (ausgewählte Positionen): Tarifindex;WZ08-C;Verarbeitendes Gewerbe;99,3;2020=100;VST018;Index der tariflichen Wochenarbeitszeit
62221;Vj. Index der Tarifverdienste und Arbeitszeiten;JAHR;Jahr;2025;DINSGF;Früheres Bundesgebiet / Neue Länder;DN;Neue Länder;WZ08C7;WZ2008 (ausgewählte Positionen): Tarifindex;WZ08-C;Verarbeitendes Gewerbe;114,2;2020=100;VST065;Index d.tarifl. Stundenverdienste ohne Sonderzahl.
62221;Vj. Index der Tarifverdienste und Arbeitszeiten;JAHR;Jahr;2025;DINSGF;Früheres Bundesgebiet / Neue Länder;DF;Früheres Bundesgebiet;WZ08C7;WZ2008 (ausgewählte Positionen): Tarifindex;WZ08-H-01;Verkehr und Lagerei, Information und Kommunikation;115,8;2020=100;VST072;Index d.tarifl. Stundenverdienste mit Sonderzahl.
62221;Vj. Index der Tarifverdienste und Arbeitszeiten;JAHR;Jahr;2025;DINSGF;Früheres Bundesgebiet / Neue Länder;DF;Früheres Bundesgebiet;WZ08C7;WZ2008 (ausgewählte Positionen): Tarifindex;WZ08-H-01;Verkehr und Lagerei, Information und Kommunikation;115,5;2020=100;VST073;Index d.tarifl. Monatsverdienste mit Sonderzahl.
62221;Vj. Index der Tarifverdienste und Arbeitszeiten;JAHR;Jahr;2025;DINSGF;Früheres Bundesgebiet / Neue Länder;DF;Früheres Bundesgebiet;WZ08C7;WZ2008 (ausgewählte Positionen): Tarifindex;WZ08-H-01;Verkehr und Lagerei, Information und Kommunikation;38,5;h;VST019;Durchschnittliche tarifliche Wochenarbeitszeit
62221;Vj. Index der Tarifverdienste und Arbeitszeiten;JAHR;Jahr;2025;DINSGF;Früheres Bundesgebiet / Neue Länder;DF;Früheres Bundesgebiet;WZ08C7;WZ2008 (ausgewählte Positionen): Tarifindex;WZ08-H-01;Verkehr und Lagerei, Information und Kommunikation;115,3;2020=100;VST066;Index d.tarifl. Monatsverdienste ohne Sonderzahl.
62221;Vj. Index der Tarifverdienste und Arbeitszeiten;JAHR;Jahr;2025;DINSGF;Früheres Bundesgebiet / Neue Länder;DF;Früheres Bundesgebiet;WZ08C7;WZ2008 (ausgewählte Positionen): Tarifindex;WZ08-H-01;Verkehr und Lagerei, Information und Kommunikation;99,7;2020=100;VST018;Index der tariflichen Wochenarbeitszeit
62221;Vj. Index der Tarifverdienste und Arbeitszeiten;JAHR;Jahr;2025;DINSGF;Früheres Bundesgebiet / Neue Länder;DF;Früheres Bundesgebiet;WZ08C7;WZ2008 (ausgewählte Positionen): Tarifindex;WZ08-H-01;Verkehr und Lagerei, Information und Kommunikation;115,6;2020=100;VST065;Index d.tarifl. Stundenverdienste ohne Sonderzahl.
62221;Vj. Index der Tarifverdienste und Arbeitszeiten;JAHR;Jahr;2025;DINSGF;Früheres Bundesgebiet / Neue Länder;DF;Früheres Bundesgebiet;WZ08C7;WZ2008 (ausgewählte Positionen): Tarifindex;WZ08-92;Spiel-, Wett- und Lotteriewesen;113,5;2020=100;VST072;Index d.tarifl. Stundenverdienste mit Sonderzahl.
62221;Vj. Index der Tarifverdienste und Arbeitszeiten;JAHR;Jahr;2025;DINSGF;Früheres Bundesgebiet / Neue Länder;DF;Früheres Bundesgebiet;WZ08C7;WZ2008 (ausgewählte Positionen): Tarifindex;WZ08-92;Spiel-, Wett- und Lotteriewesen;113,5;2020=100;VST073;Index d.tarifl. Monatsverdienste mit Sonderzahl.
62221;Vj. Index der Tarifverdienste und Arbeitszeiten;JAHR;Jahr;2025;DINSGF;Früheres Bundesgebiet / Neue Länder;DF;Früheres Bundesgebiet;WZ08C7;WZ2008 (ausgewählte Positionen): Tarifindex;WZ08-92;Spiel-, Wett- und Lotteriewesen;38,3;h;VST019;Durchschnittliche tarifliche Wochenarbeitszeit
62221;Vj. Index der Tarifverdienste und Arbeitszeiten;JAHR;Jahr;2025;DINSGF;Früheres Bundesgebiet / Neue Länder;DF;Früheres Bundesgebiet;WZ08C7;WZ2008 (ausgewählte Positionen): Tarifindex;WZ08-92;Spiel-, Wett- und Lotteriewesen;113,5;2020=100;VST066;Index d.tarifl. Monatsverdienste ohne Sonderzahl.
62221;Vj. Index der Tarifverdienste und Arbeitszeiten;JAHR;Jahr;2025;DINSGF;Früheres Bundesgebiet / Neue Länder;DF;Früheres Bundesgebiet;WZ08C7;WZ2008 (ausgewählte Positionen): Tarifindex;WZ08-92;Spiel-, Wett- und Lotteriewesen;100,0;2020=100;VST018;Index der tariflichen Wochenarbeitszeit
62221;Vj. Index der Tarifverdienste und Arbeitszeiten;JAHR;Jahr;2025;DINSGF;Früheres Bundesgebiet / Neue Länder;DF;Früheres Bundesgebiet;WZ08C7;WZ2008 (ausgewählte Positionen): Tarifindex;WZ08-92;Spiel-, Wett- und Lotteriewesen;113,5;2020=100;VST065;Index d.tarifl. Stundenverdienste ohne Sonderzahl.
62221;Vj. Index der Tarifverdienste und Arbeitszeiten;JAHR;Jahr;2023;DINSGF;Früheres Bundesgebiet / Neue Länder;DF;Früheres Bundesgebiet;WZ08C7;WZ2008 (ausgewählte Positionen): Tarifindex;WZ08-80;Wach- und Sicherheitsdienste sowie Detekteien;113,3;2020=100;VST072;Index d.tarifl. Stundenverdienste mit Sonderzahl.
62221;Vj. Index der Tarifverdienste und Arbeitszeiten;JAHR;Jahr;2023;DINSGF;Früheres Bundesgebiet / Neue Länder;DF;Früheres Bundesgebiet;WZ08C7;WZ2008 (ausgewählte Positionen): Tarifindex;WZ08-80;Wach- und Sicherheitsdienste sowie Detekteien;113,3;2020=100;VST073;Index d.tarifl. Monatsverdienste mit Sonderzahl.
62221;Vj. Index der Tarifverdienste und Arbeitszeiten;JAHR;Jahr;2023;DINSGF;Früheres Bundesgebiet / Neue Länder;DF;Früheres Bundesgebiet;WZ08C7;WZ2008 (ausgewählte Positionen): Tarifindex;WZ08-80;Wach- und Sicherheitsdienste sowie Detekteien;40,0;h;VST019;Durchschnittliche tarifliche Wochenarbeitszeit
62221;Vj. Index der Tarifverdienste und Arbeitszeiten;JAHR;Jahr;2023;DINSGF;Früheres Bundesgebiet / Neue Länder;DF;Früheres Bundesgebiet;WZ08C7;WZ2008 (ausgewählte Positionen): Tarifindex;WZ08-80;Wach- und Sicherheitsdienste sowie Detekteien;113,2;2020=100;VST066;Index d.tarifl. Monatsverdienste ohne Sonderzahl.
62221;Vj. Index der Tarifverdienste und Arbeitszeiten;JAHR;Jahr;2023;DINSGF;Früheres Bundesgebiet / Neue Länder;DF;Früheres Bundesgebiet;WZ08C7;WZ2008 (ausgewählte Positionen): Tarifindex;WZ08-80;Wach- und Sicherheitsdienste sowie Detekteien;100,0;2020=100;VST018;Index der tariflichen Wochenarbeitszeit
62221;Vj. Index der Tarifverdienste und Arbeitszeiten;JAHR;Jahr;2023;DINSGF;Früheres Bundesgebiet / Neue Länder;DF;Früheres Bundesgebiet;WZ08C7;WZ2008 (ausgewählte Positionen): Tarifindex;WZ08-80;Wach- und Sicherheitsdienste sowie Detekteien;113,2;2020=100;VST065;Index d.tarifl. Stundenverdienste ohne Sonderzahl.
62221;Vj. Index der Tarifverdienste und Arbeitszeiten;JAHR;Jahr;2017;DINSGF;Früheres Bundesgebiet / Neue Länder;DN;Neue Länder;WZ08C7;WZ2008 (ausgewählte Positionen): Tarifindex;WZ08-B-12;Prod. Gewerbe, Handel, Verkehr und Lagerei;92,1;2020=100;VST072;Index d.tarifl. Stundenverdienste mit Sonderzahl.
62221;Vj. Index der Tarifverdienste und Arbeitszeiten;JAHR;Jahr;2017;DINSGF;Früheres Bundesgebiet / Neue Länder;DN;Neue Länder;WZ08C7;WZ2008 (ausgewählte Positionen): Tarifindex;WZ08-B-12;Prod. Gewerbe, Handel, Verkehr und Lagerei;92,3;2020=100;VST073;Index d.tarifl. Monatsverdienste mit Sonderzahl.
62221;Vj. Index der Tarifverdienste und Arbeitszeiten;JAHR;Jahr;2017;DINSGF;Früheres Bundesgebiet / Neue Länder;DN;Neue Länder;WZ08C7;WZ2008 (ausgewählte Positionen): Tarifindex;WZ08-B-12;Prod. Gewerbe, Handel, Verkehr und Lagerei;38,7;h;VST019;Durchschnittliche tarifliche Wochenarbeitszeit
62221;Vj. Index der Tarifverdienste und Arbeitszeiten;JAHR;Jahr;2017;DINSGF;Früheres Bundesgebiet / Neue Länder;DN;Neue Länder;WZ08C7;WZ2008 (ausgewählte Positionen): Tarifindex;WZ08-B-12;Prod. Gewerbe, Handel, Verkehr und Lagerei;93,4;2020=100;VST066;Index d.tarifl. Monatsverdienste ohne Sonderzahl.
62221;Vj. Index der Tarifverdienste und Arbeitszeiten;JAHR;Jahr;2017;DINSGF;Früheres Bundesgebiet / Neue Länder;DN;Neue Länder;WZ08C7;WZ2008 (ausgewählte Positionen): Tarifindex;WZ08-B-12;Prod. Gewerbe, Handel, Verkehr und Lagerei;100,2;2020=100;VST018;Index der tariflichen Wochenarbeitszeit
62221;Vj. Index der Tarifverdienste und Arbeitszeiten;JAHR;Jahr;2017;DINSGF;Früheres Bundesgebiet / Neue Länder;DN;Neue Länder;WZ08C7;WZ2008 (ausgewählte Positionen): Tarifindex;WZ08-B-12;Prod. Gewerbe, Handel, Verkehr und Lagerei;93,2;2020=100;VST065;Index d.tarifl. Stundenverdienste ohne Sonderzahl.
62221;Vj. Index der Tarifverdienste und Arbeitszeiten;JAHR;Jahr;2023;DINSGF;Früheres Bundesgebiet / Neue Länder;DF;Früheres Bundesgebiet;WZ08C7;WZ2008 (ausgewählte Positionen): Tarifindex;WZ08-86;Gesundheitswesen;108,0;2020=100;VST072;Index d.tarifl. Stundenverdienste mit Sonderzahl.
62221;Vj. Index der Tarifverdienste und Arbeitszeiten;JAHR;Jahr;2023;DINSGF;Früheres Bundesgebiet / Neue Länder;DF;Früheres Bundesgebiet;WZ08C7;WZ2008 (ausgewählte Positionen): Tarifindex;WZ08-86;Gesundheitswesen;108,0;2020=100;VST073;Index d.tarifl. Monatsverdienste mit Sonderzahl.
62221;Vj. Index der Tarifverdienste und Arbeitszeiten;JAHR;Jahr;2023;DINSGF;Früheres Bundesgebiet / Neue Länder;DF;Früheres Bundesgebiet;WZ08C7;WZ2008 (ausgewählte Positionen): Tarifindex;WZ08-86;Gesundheitswesen;39,2;h;VST019;Durchschnittliche tarifliche Wochenarbeitszeit
62221;Vj. Index der Tarifverdienste und Arbeitszeiten;JAHR;Jahr;2023;DINSGF;Früheres Bundesgebiet / Neue Länder;DF;Früheres Bundesgebiet;WZ08C7;WZ2008 (ausgewählte Positionen): Tarifindex;WZ08-86;Gesundheitswesen;106,2;2020=100;VST066;Index d.tarifl. Monatsverdienste ohne Sonderzahl.
62221;Vj. Index der Tarifverdienste und Arbeitszeiten;JAHR;Jahr;2023;DINSGF;Früheres Bundesgebiet / Neue Länder;DF;Früheres Bundesgebiet;WZ08C7;WZ2008 (ausgewählte Positionen): Tarifindex;WZ08-86;Gesundheitswesen;100,0;2020=100;VST018;Index der tariflichen Wochenarbeitszeit
62221;Vj. Index der Tarifverdienste und Arbeitszeiten;JAHR;Jahr;2023;DINSGF;Früheres Bundesgebiet / Neue Länder;DF;Früheres Bundesgebiet;WZ08C7;WZ2008 (ausgewählte Positionen): Tarifindex;WZ08-86;Gesundheitswesen;106,2;2020=100;VST065;Index d.tarifl. Stundenverdienste ohne Sonderzahl.
62221;Vj. Index der Tarifverdienste und Arbeitszeiten;JAHR;Jahr;2025;DINSGF;Früheres Bundesgebiet / Neue Länder;DN;Neue Länder;WZ08C7;WZ2008 (ausgewählte Positionen): Tarifindex;WZ08-O;Öff. Verwaltung, Verteidigung, Sozialversicherung;114,1;2020=100;VST072;Index d.tarifl. Stundenverdienste mit Sonderzahl.
62221;Vj. Index der Tarifverdienste und Arbeitszeiten;JAHR;Jahr;2025;DINSGF;Früheres Bundesgebiet / Neue Länder;DN;Neue Länder;WZ08C7;WZ2008 (ausgewählte Positionen): Tarifindex;WZ08-O;Öff. Verwaltung, Verteidigung, Sozialversicherung;114,1;2020=100;VST073;Index d.tarifl. Monatsverdienste mit Sonderzahl.
62221;Vj. Index der Tarifverdienste und Arbeitszeiten;JAHR;Jahr;2025;DINSGF;Früheres Bundesgebiet / Neue Länder;DN;Neue Länder;WZ08C7;WZ2008 (ausgewählte Positionen): Tarifindex;WZ08-O;Öff. Verwaltung, Verteidigung, Sozialversicherung;39,8;h;VST019;Durchschnittliche tarifliche Wochenarbeitszeit
62221;Vj. Index der Tarifverdienste und Arbeitszeiten;JAHR;Jahr;2025;DINSGF;Früheres Bundesgebiet / Neue Länder;DN;Neue Länder;WZ08C7;WZ2008 (ausgewählte Positionen): Tarifindex;WZ08-O;Öff. Verwaltung, Verteidigung, Sozialversicherung;114,6;2020=100;VST066;Index d.tarifl. Monatsverdienste ohne Sonderzahl.
62221;Vj. Index der Tarifverdienste und Arbeitszeiten;JAHR;Jahr;2025;DINSGF;Früheres Bundesgebiet / Neue Länder;DN;Neue Länder;WZ08C7;WZ2008 (ausgewählte Positionen): Tarifindex;WZ08-O;Öff. Verwaltung, Verteidigung, Sozialversicherung;100,0;2020=100;VST018;Index der tariflichen Wochenarbeitszeit
62221;Vj. Index der Tarifverdienste und Arbeitszeiten;JAHR;Jahr;2025;DINSGF;Früheres Bundesgebiet / Neue Länder;DN;Neue Länder;WZ08C7;WZ2008 (ausgewählte Positionen): Tarifindex;WZ08-O;Öff. Verwaltung, Verteidigung, Sozialversicherung;114,6;2020=100;VST065;Index d.tarifl. Stundenverdienste ohne Sonderzahl.
62221;Vj. Index der Tarifverdienste und Arbeitszeiten;JAHR;Jahr;2025;DINSGF;Früheres Bundesgebiet / Neue Länder;DN;Neue Länder;WZ08C7;WZ2008 (ausgewählte Positionen): Tarifindex;WZ08-I;Gastgewerbe;130,8;2020=100;VST072;Index d.tarifl. Stundenverdienste mit Sonderzahl.
62221;Vj. Index der Tarifverdienste und Arbeitszeiten;JAHR;Jahr;2025;DINSGF;Früheres Bundesgebiet / Neue Länder;DN;Neue Länder;WZ08C7;WZ2008 (ausgewählte Positionen): Tarifindex;WZ08-I;Gastgewerbe;130,8;2020=100;VST073;Index d.tarifl. Monatsverdienste mit Sonderzahl.
62221;Vj. Index der Tarifverdienste und Arbeitszeiten;JAHR;Jahr;2025;DINSGF;Früheres Bundesgebiet / Neue Länder;DN;Neue Länder;WZ08C7;WZ2008 (ausgewählte Positionen): Tarifindex;WZ08-I;Gastgewerbe;39,4;h;VST019;Durchschnittliche tarifliche Wochenarbeitszeit
62221;Vj. Index der Tarifverdienste und Arbeitszeiten;JAHR;Jahr;2025;DINSGF;Früheres Bundesgebiet / Neue Länder;DN;Neue Länder;WZ08C7;WZ2008 (ausgewählte Positionen): Tarifindex;WZ08-I;Gastgewerbe;131,0;2020=100;VST066;Index d.tarifl. Monatsverdienste ohne Sonderzahl.
62221;Vj. Index der Tarifverdienste und Arbeitszeiten;JAHR;Jahr;2025;DINSGF;Früheres Bundesgebiet / Neue Länder;DN;Neue Länder;WZ08C7;WZ2008 (ausgewählte Positionen): Tarifindex;WZ08-I;Gastgewerbe;100,0;2020=100;VST018;Index der tariflichen Wochenarbeitszeit
62221;Vj. Index der Tarifverdienste und Arbeitszeiten;JAHR;Jahr;2025;DINSGF;Früheres Bundesgebiet / Neue Länder;DN;Neue Länder;WZ08C7;WZ2008 (ausgewählte Positionen): Tarifindex;WZ08-I;Gastgewerbe;131,0;2020=100;VST065;Index d.tarifl. Stundenverdienste ohne Sonderzahl.
62221;Vj. Index der Tarifverdienste und Arbeitszeiten;JAHR;Jahr;2017;DINSGF;Früheres Bundesgebiet / Neue Länder;DN;Neue Länder;WZ08C7;WZ2008 (ausgewählte Positionen): Tarifindex;WZ08-B-09;Produzierendes Gewerbe und wirtschaftl. Dienstl.;92,1;2020=100;VST072;Index d.tarifl. Stundenverdienste mit Sonderzahl.
62221;Vj. Index der Tarifverdienste und Arbeitszeiten;JAHR;Jahr;2017;DINSGF;Früheres Bundesgebiet / Neue Länder;DN;Neue Länder;WZ08C7;WZ2008 (ausgewählte Positionen): Tarifindex;WZ08-B-09;Produzierendes Gewerbe und wirtschaftl. Dienstl.;92,3;2020=100;VST073;Index d.tarifl. Monatsverdienste mit Sonderzahl.
62221;Vj. Index der Tarifverdienste und Arbeitszeiten;JAHR;Jahr;2017;DINSGF;Früheres Bundesgebiet / Neue Länder;DN;Neue Länder;WZ08C7;WZ2008 (ausgewählte Positionen): Tarifindex;WZ08-B-09;Produzierendes Gewerbe und wirtschaftl. Dienstl.;38,3;h;VST019;Durchschnittliche tarifliche Wochenarbeitszeit
62221;Vj. Index der Tarifverdienste und Arbeitszeiten;JAHR;Jahr;2017;DINSGF;Früheres Bundesgebiet / Neue Länder;DN;Neue Länder;WZ08C7;WZ2008 (ausgewählte Positionen): Tarifindex;WZ08-B-09;Produzierendes Gewerbe und wirtschaftl. Dienstl.;93,0;2020=100;VST066;Index d.tarifl. Monatsverdienste ohne Sonderzahl.
62221;Vj. Index der Tarifverdienste und Arbeitszeiten;JAHR;Jahr;2017;DINSGF;Früheres Bundesgebiet / Neue Länder;DN;Neue Länder;WZ08C7;WZ2008 (ausgewählte Positionen): Tarifindex;WZ08-B-09;Produzierendes Gewerbe und wirtschaftl. Dienstl.;100,2;2020=100;VST018;Index der tariflichen Wochenarbeitszeit
62221;Vj. Index der Tarifverdienste und Arbeitszeiten;JAHR;Jahr;2017;DINSGF;Früheres Bundesgebiet / Neue Länder;DN;Neue Länder;WZ08C7;WZ2008 (ausgewählte Positionen): Tarifindex;WZ08-B-09;Produzierendes Gewerbe und wirtschaftl. Dienstl.;92,8;2020=100;VST065;Index d.tarifl. Stundenverdienste ohne Sonderzahl.
62221;Vj. Index der Tarifverdienste und Arbeitszeiten;JAHR;Jahr;2025;DINSGF;Früheres Bundesgebiet / Neue Länder;DF;Früheres Bundesgebiet;WZ08C7;WZ2008 (ausgewählte Positionen): Tarifindex;WZ08-B-13;Prod. Gewerbe, Handel, Information u.Kommunikation;114,7;2020=100;VST072;Index d.tarifl. Stundenverdienste mit Sonderzahl.
62221;Vj. Index der Tarifverdienste und Arbeitszeiten;JAHR;Jahr;2025;DINSGF;Früheres Bundesgebiet / Neue Länder;DF;Früheres Bundesgebiet;WZ08C7;WZ2008 (ausgewählte Positionen): Tarifindex;WZ08-B-13;Prod. Gewerbe, Handel, Information u.Kommunikation;114,6;2020=100;VST073;Index d.tarifl. Monatsverdienste mit Sonderzahl.
62221;Vj. Index der Tarifverdienste und Arbeitszeiten;JAHR;Jahr;2025;DINSGF;Früheres Bundesgebiet / Neue Länder;DF;Früheres Bundesgebiet;WZ08C7;WZ2008 (ausgewählte Positionen): Tarifindex;WZ08-B-13;Prod. Gewerbe, Handel, Information u.Kommunikation;36,9;h;VST019;Durchschnittliche tarifliche Wochenarbeitszeit
62221;Vj. Index der Tarifverdienste und Arbeitszeiten;JAHR;Jahr;2025;DINSGF;Früheres Bundesgebiet / Neue Länder;DF;Früheres Bundesgebiet;WZ08C7;WZ2008 (ausgewählte Positionen): Tarifindex;WZ08-B-13;Prod. Gewerbe, Handel, Information u.Kommunikation;113,5;2020=100;VST066;Index d.tarifl. Monatsverdienste ohne Sonderzahl.
62221;Vj. Index der Tarifverdienste und Arbeitszeiten;JAHR;Jahr;2025;DINSGF;Früheres Bundesgebiet / Neue Länder;DF;Früheres Bundesgebiet;WZ08C7;WZ2008 (ausgewählte Positionen): Tarifindex;WZ08-B-13;Prod. Gewerbe, Handel, Information u.Kommunikation;100,0;2020=100;VST018;Index der tariflichen Wochenarbeitszeit
62221;Vj. Index der Tarifverdienste und Arbeitszeiten;JAHR;Jahr;2025;DINSGF;Früheres Bundesgebiet / Neue Länder;DF;Früheres Bundesgebiet;WZ08C7;WZ2008 (ausgewählte Positionen): Tarifindex;WZ08-B-13;Prod. Gewerbe, Handel, Information u.Kommunikation;113,5;2020=100;VST065;Index d.tarifl. Stundenverdienste ohne Sonderzahl.
62221;Vj. Index der Tarifverdienste und Arbeitszeiten;JAHR;Jahr;2022;DINSGF;Früheres Bundesgebiet / Neue Länder;DN;Neue Länder;WZ08C7;WZ2008 (ausgewählte Positionen): Tarifindex;WZ08-31-01;Möbelherstellung, Installation von Maschinen;103,4;2020=100;VST072;Index d.tarifl. Stundenverdienste mit Sonderzahl.
62221;Vj. Index der Tarifverdienste und Arbeitszeiten;JAHR;Jahr;2022;DINSGF;Früheres Bundesgebiet / Neue Länder;DN;Neue Länder;WZ08C7;WZ2008 (ausgewählte Positionen): Tarifindex;WZ08-31-01;Möbelherstellung, Installation von Maschinen;103,4;2020=100;VST073;Index d.tarifl. Monatsverdienste mit Sonderzahl.
62221;Vj. Index der Tarifverdienste und Arbeitszeiten;JAHR;Jahr;2022;DINSGF;Früheres Bundesgebiet / Neue Länder;DN;Neue Länder;WZ08C7;WZ2008 (ausgewählte Positionen): Tarifindex;WZ08-31-01;Möbelherstellung, Installation von Maschinen;38,1;h;VST019;Durchschnittliche tarifliche Wochenarbeitszeit
62221;Vj. Index der Tarifverdienste und Arbeitszeiten;JAHR;Jahr;2022;DINSGF;Früheres Bundesgebiet / Neue Länder;DN;Neue Länder;WZ08C7;WZ2008 (ausgewählte Positionen): Tarifindex;WZ08-31-01;Möbelherstellung, Installation von Maschinen;102,5;2020=100;VST066;Index d.tarifl. Monatsverdienste ohne Sonderzahl.
62221;Vj. Index der Tarifverdienste und Arbeitszeiten;JAHR;Jahr;2022;DINSGF;Früheres Bundesgebiet / Neue Länder;DN;Neue Länder;WZ08C7;WZ2008 (ausgewählte Positionen): Tarifindex;WZ08-31-01;Möbelherstellung, Installation von Maschinen;100,0;2020=100;VST018;Index der tariflichen Wochenarbeitszeit
62221;Vj. Index der Tarifverdienste und Arbeitszeiten;JAHR;Jahr;2022;DINSGF;Früheres Bundesgebiet / Neue Länder;DN;Neue Länder;WZ08C7;WZ2008 (ausgewählte Positionen): Tarifindex;WZ08-31-01;Möbelherstellung, Installation von Maschinen;102,5;2020=100;VST065;Index d.tarifl. Stundenverdienste ohne Sonderzahl.
62221;Vj. Index der Tarifverdienste und Arbeitszeiten;JAHR;Jahr;2020;DINSGF;Früheres Bundesgebiet / Neue Länder;DN;Neue Länder;WZ08C7;WZ2008 (ausgewählte Positionen): Tarifindex;WZ08-N;Sonstige wirtschaftliche Dienstleistungen;100,0;2020=100;VST072;Index d.tarifl. Stundenverdienste mit Sonderzahl.
62221;Vj. Index der Tarifverdienste und Arbeitszeiten;JAHR;Jahr;2020;DINSGF;Früheres Bundesgebiet / Neue Länder;DN;Neue Länder;WZ08C7;WZ2008 (ausgewählte Positionen): Tarifindex;WZ08-N;Sonstige wirtschaftliche Dienstleistungen;100,0;2020=100;VST073;Index d.tarifl. Monatsverdienste mit Sonderzahl.
62221;Vj. Index der Tarifverdienste und Arbeitszeiten;JAHR;Jahr;2020;DINSGF;Früheres Bundesgebiet / Neue Länder;DN;Neue Länder;WZ08C7;WZ2008 (ausgewählte Positionen): Tarifindex;WZ08-N;Sonstige wirtschaftliche Dienstleistungen;37,6;h;VST019;Durchschnittliche tarifliche Wochenarbeitszeit
62221;Vj. Index der Tarifverdienste und Arbeitszeiten;JAHR;Jahr;2020;DINSGF;Früheres Bundesgebiet / Neue Länder;DN;Neue Länder;WZ08C7;WZ2008 (ausgewählte Positionen): Tarifindex;WZ08-N;Sonstige wirtschaftliche Dienstleistungen;100,0;2020=100;VST066;Index d.tarifl. Monatsverdienste ohne Sonderzahl.
62221;Vj. Index der Tarifverdienste und Arbeitszeiten;JAHR;Jahr;2020;DINSGF;Früheres Bundesgebiet / Neue Länder;DN;Neue Länder;WZ08C7;WZ2008 (ausgewählte Positionen): Tarifindex;WZ08-N;Sonstige wirtschaftliche Dienstleistungen;100,0;2020=100;VST018;Index der tariflichen Wochenarbeitszeit
62221;Vj. Index der Tarifverdienste und Arbeitszeiten;JAHR;Jahr;2020;DINSGF;Früheres Bundesgebiet / Neue Länder;DN;Neue Länder;WZ08C7;WZ2008 (ausgewählte Positionen): Tarifindex;WZ08-N;Sonstige wirtschaftliche Dienstleistungen;100,0;2020=100;VST065;Index d.tarifl. Stundenverdienste ohne Sonderzahl.
62221;Vj. Index der Tarifverdienste und Arbeitszeiten;JAHR;Jahr;2021;DINSGF;Früheres Bundesgebiet / Neue Länder;DF;Früheres Bundesgebiet;WZ08C7;WZ2008 (ausgewählte Positionen): Tarifindex;WZ08-50;Schifffahrt;100,8;2020=100;VST072;Index d.tarifl. Stundenverdienste mit Sonderzahl.
62221;Vj. Index der Tarifverdienste und Arbeitszeiten;JAHR;Jahr;2021;DINSGF;Früheres Bundesgebiet / Neue Länder;DF;Früheres Bundesgebiet;WZ08C7;WZ2008 (ausgewählte Positionen): Tarifindex;WZ08-50;Schifffahrt;100,8;2020=100;VST073;Index d.tarifl. Monatsverdienste mit Sonderzahl.
62221;Vj. Index der Tarifverdienste und Arbeitszeiten;JAHR;Jahr;2021;DINSGF;Früheres Bundesgebiet / Neue Länder;DF;Früheres Bundesgebiet;WZ08C7;WZ2008 (ausgewählte Positionen): Tarifindex;WZ08-50;Schifffahrt;39,5;h;VST019;Durchschnittliche tarifliche Wochenarbeitszeit
62221;Vj. Index der Tarifverdienste und Arbeitszeiten;JAHR;Jahr;2021;DINSGF;Früheres Bundesgebiet / Neue Länder;DF;Früheres Bundesgebiet;WZ08C7;WZ2008 (ausgewählte Positionen): Tarifindex;WZ08-50;Schifffahrt;100,8;2020=100;VST066;Index d.tarifl. Monatsverdienste ohne Sonderzahl.
62221;Vj. Index der Tarifverdienste und Arbeitszeiten;JAHR;Jahr;2021;DINSGF;Früheres Bundesgebiet / Neue Länder;DF;Früheres Bundesgebiet;WZ08C7;WZ2008 (ausgewählte Positionen): Tarifindex;WZ08-50;Schifffahrt;100,0;2020=100;VST018;Index der tariflichen Wochenarbeitszeit
62221;Vj. Index der Tarifverdienste und Arbeitszeiten;JAHR;Jahr;2021;DINSGF;Früheres Bundesgebiet / Neue Länder;DF;Früheres Bundesgebiet;WZ08C7;WZ2008 (ausgewählte Positionen): Tarifindex;WZ08-50;Schifffahrt;100,8;2020=100;VST065;Index d.tarifl. Stundenverdienste ohne Sonderzahl.
62221;Vj. Index der Tarifverdienste und Arbeitszeiten;JAHR;Jahr;2018;DINSGF;Früheres Bundesgebiet / Neue Länder;DF;Früheres Bundesgebiet;WZ08C7;WZ2008 (ausgewählte Positionen): Tarifindex;WZ08-31-01;Möbelherstellung, Installation von Maschinen;96,0;2020=100;VST072;Index d.tarifl. Stundenverdienste mit Sonderzahl.
62221;Vj. Index der Tarifverdienste und Arbeitszeiten;JAHR;Jahr;2018;DINSGF;Früheres Bundesgebiet / Neue Länder;DF;Früheres Bundesgebiet;WZ08C7;WZ2008 (ausgewählte Positionen): Tarifindex;WZ08-31-01;Möbelherstellung, Installation von Maschinen;96,0;2020=100;VST073;Index d.tarifl. Monatsverdienste mit Sonderzahl.
62221;Vj. Index der Tarifverdienste und Arbeitszeiten;JAHR;Jahr;2018;DINSGF;Früheres Bundesgebiet / Neue Länder;DF;Früheres Bundesgebiet;WZ08C7;WZ2008 (ausgewählte Positionen): Tarifindex;WZ08-31-01;Möbelherstellung, Installation von Maschinen;36,5;h;VST019;Durchschnittliche tarifliche Wochenarbeitszeit
62221;Vj. Index der Tarifverdienste und Arbeitszeiten;JAHR;Jahr;2018;DINSGF;Früheres Bundesgebiet / Neue Länder;DF;Früheres Bundesgebiet;WZ08C7;WZ2008 (ausgewählte Positionen): Tarifindex;WZ08-31-01;Möbelherstellung, Installation von Maschinen;97,2;2020=100;VST066;Index d.tarifl. Monatsverdienste ohne Sonderzahl.
62221;Vj. Index der Tarifverdienste und Arbeitszeiten;JAHR;Jahr;2018;DINSGF;Früheres Bundesgebiet / Neue Länder;DF;Früheres Bundesgebiet;WZ08C7;WZ2008 (ausgewählte Positionen): Tarifindex;WZ08-31-01;Möbelherstellung, Installation von Maschinen;100,0;2020=100;VST018;Index der tariflichen Wochenarbeitszeit
62221;Vj. Index der Tarifverdienste und Arbeitszeiten;JAHR;Jahr;2018;DINSGF;Früheres Bundesgebiet / Neue Länder;DF;Früheres Bundesgebiet;WZ08C7;WZ2008 (ausgewählte Positionen): Tarifindex;WZ08-31-01;Möbelherstellung, Installation von Maschinen;97,3;2020=100;VST065;Index d.tarifl. Stundenverdienste ohne Sonderzahl.
62221;Vj. Index der Tarifverdienste und Arbeitszeiten;JAHR;Jahr;2016;DINSGF;Früheres Bundesgebiet / Neue Länder;DF;Früheres Bundesgebiet;WZ08C7;WZ2008 (ausgewählte Positionen): Tarifindex;WZ08-R;Kunst, Unterhaltung und Erholung;89,9;2020=100;VST072;Index d.tarifl. Stundenverdienste mit Sonderzahl.
62221;Vj. Index der Tarifverdienste und Arbeitszeiten;JAHR;Jahr;2016;DINSGF;Früheres Bundesgebiet / Neue Länder;DF;Früheres Bundesgebiet;WZ08C7;WZ2008 (ausgewählte Positionen): Tarifindex;WZ08-R;Kunst, Unterhaltung und Erholung;89,9;2020=100;VST073;Index d.tarifl. Monatsverdienste mit Sonderzahl.
62221;Vj. Index der Tarifverdienste und Arbeitszeiten;JAHR;Jahr;2016;DINSGF;Früheres Bundesgebiet / Neue Länder;DF;Früheres Bundesgebiet;WZ08C7;WZ2008 (ausgewählte Positionen): Tarifindex;WZ08-R;Kunst, Unterhaltung und Erholung;39,1;h;VST019;Durchschnittliche tarifliche Wochenarbeitszeit
62221;Vj. Index der Tarifverdienste und Arbeitszeiten;JAHR;Jahr;2016;DINSGF;Früheres Bundesgebiet / Neue Länder;DF;Früheres Bundesgebiet;WZ08C7;WZ2008 (ausgewählte Positionen): Tarifindex;WZ08-R;Kunst, Unterhaltung und Erholung;89,5;2020=100;VST066;Index d.tarifl. Monatsverdienste ohne Sonderzahl.
62221;Vj. Index der Tarifverdienste und Arbeitszeiten;JAHR;Jahr;2016;DINSGF;Früheres Bundesgebiet / Neue Länder;DF;Früheres Bundesgebiet;WZ08C7;WZ2008 (ausgewählte Positionen): Tarifindex;WZ08-R;Kunst, Unterhaltung und Erholung;100,0;2020=100;VST018;Index der tariflichen Wochenarbeitszeit
62221;Vj. Index der Tarifverdienste und Arbeitszeiten;JAHR;Jahr;2016;DINSGF;Früheres Bundesgebiet / Neue Länder;DF;Früheres Bundesgebiet;WZ08C7;WZ2008 (ausgewählte Positionen): Tarifindex;WZ08-R;Kunst, Unterhaltung und Erholung;89,4;2020=100;VST065;Index d.tarifl. Stundenverdienste ohne Sonderzahl.
62221;Vj. Index der Tarifverdienste und Arbeitszeiten;JAHR;Jahr;2025;DINSGF;Früheres Bundesgebiet / Neue Länder;DN;Neue Länder;WZ08C7;WZ2008 (ausgewählte Positionen): Tarifindex;WZ08-65;Versicherungen, Rückversicherungen, Pensionskassen;111,9;2020=100;VST072;Index d.tarifl. Stundenverdienste mit Sonderzahl.
62221;Vj. Index der Tarifverdienste und Arbeitszeiten;JAHR;Jahr;2025;DINSGF;Früheres Bundesgebiet / Neue Länder;DN;Neue Länder;WZ08C7;WZ2008 (ausgewählte Positionen): Tarifindex;WZ08-65;Versicherungen, Rückversicherungen, Pensionskassen;111,9;2020=100;VST073;Index d.tarifl. Monatsverdienste mit Sonderzahl.
62221;Vj. Index der Tarifverdienste und Arbeitszeiten;JAHR;Jahr;2025;DINSGF;Früheres Bundesgebiet / Neue Länder;DN;Neue Länder;WZ08C7;WZ2008 (ausgewählte Positionen): Tarifindex;WZ08-65;Versicherungen, Rückversicherungen, Pensionskassen;38,4;h;VST019;Durchschnittliche tarifliche Wochenarbeitszeit
62221;Vj. Index der Tarifverdienste und Arbeitszeiten;JAHR;Jahr;2025;DINSGF;Früheres Bundesgebiet / Neue Länder;DN;Neue Länder;WZ08C7;WZ2008 (ausgewählte Positionen): Tarifindex;WZ08-65;Versicherungen, Rückversicherungen, Pensionskassen;111,8;2020=100;VST066;Index d.tarifl. Monatsverdienste ohne Sonderzahl.
62221;Vj. Index der Tarifverdienste und Arbeitszeiten;JAHR;Jahr;2025;DINSGF;Früheres Bundesgebiet / Neue Länder;DN;Neue Länder;WZ08C7;WZ2008 (ausgewählte Positionen): Tarifindex;WZ08-65;Versicherungen, Rückversicherungen, Pensionskassen;100,0;2020=100;VST018;Index der tariflichen Wochenarbeitszeit
62221;Vj. Index der Tarifverdienste und Arbeitszeiten;JAHR;Jahr;2025;DINSGF;Früheres Bundesgebiet / Neue Länder;DN;Neue Länder;WZ08C7;WZ2008 (ausgewählte Positionen): Tarifindex;WZ08-65;Versicherungen, Rückversicherungen, Pensionskassen;111,8;2020=100;VST065;Index d.tarifl. Stundenverdienste ohne Sonderzahl.
62221;Vj. Index der Tarifverdienste und Arbeitszeiten;JAHR;Jahr;2023;DINSGF;Früheres Bundesgebiet / Neue Länder;DF;Früheres Bundesgebiet;WZ08C7;WZ2008 (ausgewählte Positionen): Tarifindex;WZ08-77;Vermietung von beweglichen Sachen;108,6;2020=100;VST072;Index d.tarifl. Stundenverdienste mit Sonderzahl.
62221;Vj. Index der Tarifverdienste und Arbeitszeiten;JAHR;Jahr;2023;DINSGF;Früheres Bundesgebiet / Neue Länder;DF;Früheres Bundesgebiet;WZ08C7;WZ2008 (ausgewählte Positionen): Tarifindex;WZ08-77;Vermietung von beweglichen Sachen;107,8;2020=100;VST073;Index d.tarifl. Monatsverdienste mit Sonderzahl.
62221;Vj. Index der Tarifverdienste und Arbeitszeiten;JAHR;Jahr;2023;DINSGF;Früheres Bundesgebiet / Neue Länder;DF;Früheres Bundesgebiet;WZ08C7;WZ2008 (ausgewählte Positionen): Tarifindex;WZ08-77;Vermietung von beweglichen Sachen;38,3;h;VST019;Durchschnittliche tarifliche Wochenarbeitszeit
62221;Vj. Index der Tarifverdienste und Arbeitszeiten;JAHR;Jahr;2023;DINSGF;Früheres Bundesgebiet / Neue Länder;DF;Früheres Bundesgebiet;WZ08C7;WZ2008 (ausgewählte Positionen): Tarifindex;WZ08-77;Vermietung von beweglichen Sachen;105,3;2020=100;VST066;Index d.tarifl. Monatsverdienste ohne Sonderzahl.
62221;Vj. Index der Tarifverdienste und Arbeitszeiten;JAHR;Jahr;2023;DINSGF;Früheres Bundesgebiet / Neue Länder;DF;Früheres Bundesgebiet;WZ08C7;WZ2008 (ausgewählte Positionen): Tarifindex;WZ08-77;Vermietung von beweglichen Sachen;99,1;2020=100;VST018;Index der tariflichen Wochenarbeitszeit
62221;Vj. Index der Tarifverdienste und Arbeitszeiten;JAHR;Jahr;2023;DINSGF;Früheres Bundesgebiet / Neue Länder;DF;Früheres Bundesgebiet;WZ08C7;WZ2008 (ausgewählte Positionen): Tarifindex;WZ08-77;Vermietung von beweglichen Sachen;106,1;2020=100;VST065;Index d.tarifl. Stundenverdienste ohne Sonderzahl.
62221;Vj. Index der Tarifverdienste und Arbeitszeiten;JAHR;Jahr;2016;DINSGF;Früheres Bundesgebiet / Neue Länder;DF;Früheres Bundesgebiet;WZ08C7;WZ2008 (ausgewählte Positionen): Tarifindex;WZ08-L;Grundstücks- und Wohnungswesen;90,8;2020=100;VST072;Index d.tarifl. Stundenverdienste mit Sonderzahl.
62221;Vj. Index der Tarifverdienste und Arbeitszeiten;JAHR;Jahr;2016;DINSGF;Früheres Bundesgebiet / Neue Länder;DF;Früheres Bundesgebiet;WZ08C7;WZ2008 (ausgewählte Positionen): Tarifindex;WZ08-L;Grundstücks- und Wohnungswesen;90,8;2020=100;VST073;Index d.tarifl. Monatsverdienste mit Sonderzahl.
62221;Vj. Index der Tarifverdienste und Arbeitszeiten;JAHR;Jahr;2016;DINSGF;Früheres Bundesgebiet / Neue Länder;DF;Früheres Bundesgebiet;WZ08C7;WZ2008 (ausgewählte Positionen): Tarifindex;WZ08-L;Grundstücks- und Wohnungswesen;38,2;h;VST019;Durchschnittliche tarifliche Wochenarbeitszeit
62221;Vj. Index der Tarifverdienste und Arbeitszeiten;JAHR;Jahr;2016;DINSGF;Früheres Bundesgebiet / Neue Länder;DF;Früheres Bundesgebiet;WZ08C7;WZ2008 (ausgewählte Positionen): Tarifindex;WZ08-L;Grundstücks- und Wohnungswesen;91,0;2020=100;VST066;Index d.tarifl. Monatsverdienste ohne Sonderzahl.
62221;Vj. Index der Tarifverdienste und Arbeitszeiten;JAHR;Jahr;2016;DINSGF;Früheres Bundesgebiet / Neue Länder;DF;Früheres Bundesgebiet;WZ08C7;WZ2008 (ausgewählte Positionen): Tarifindex;WZ08-L;Grundstücks- und Wohnungswesen;100,0;2020=100;VST018;Index der tariflichen Wochenarbeitszeit
62221;Vj. Index der Tarifverdienste und Arbeitszeiten;JAHR;Jahr;2016;DINSGF;Früheres Bundesgebiet / Neue Länder;DF;Früheres Bundesgebiet;WZ08C7;WZ2008 (ausgewählte Positionen): Tarifindex;WZ08-L;Grundstücks- und Wohnungswesen;91,0;2020=100;VST065;Index d.tarifl. Stundenverdienste ohne Sonderzahl.
62221;Vj. Index der Tarifverdienste und Arbeitszeiten;JAHR;Jahr;2020;DINSGF;Früheres Bundesgebiet / Neue Länder;DN;Neue Länder;WZ08C7;WZ2008 (ausgewählte Positionen): Tarifindex;WZ08-64;Erbringung von Finanzdienstleistungen;100,0;2020=100;VST072;Index d.tarifl. Stundenverdienste mit Sonderzahl.
62221;Vj. Index der Tarifverdienste und Arbeitszeiten;JAHR;Jahr;2020;DINSGF;Früheres Bundesgebiet / Neue Länder;DN;Neue Länder;WZ08C7;WZ2008 (ausgewählte Positionen): Tarifindex;WZ08-64;Erbringung von Finanzdienstleistungen;100,0;2020=100;VST073;Index d.tarifl. Monatsverdienste mit Sonderzahl.
62221;Vj. Index der Tarifverdienste und Arbeitszeiten;JAHR;Jahr;2020;DINSGF;Früheres Bundesgebiet / Neue Länder;DN;Neue Länder;WZ08C7;WZ2008 (ausgewählte Positionen): Tarifindex;WZ08-64;Erbringung von Finanzdienstleistungen;39,0;h;VST019;Durchschnittliche tarifliche Wochenarbeitszeit
62221;Vj. Index der Tarifverdienste und Arbeitszeiten;JAHR;Jahr;2020;DINSGF;Früheres Bundesgebiet / Neue Länder;DN;Neue Länder;WZ08C7;WZ2008 (ausgewählte Positionen): Tarifindex;WZ08-64;Erbringung von Finanzdienstleistungen;100,0;2020=100;VST066;Index d.tarifl. Monatsverdienste ohne Sonderzahl.
62221;Vj. Index der Tarifverdienste und Arbeitszeiten;JAHR;Jahr;2020;DINSGF;Früheres Bundesgebiet / Neue Länder;DN;Neue Länder;WZ08C7;WZ2008 (ausgewählte Positionen): Tarifindex;WZ08-64;Erbringung von Finanzdienstleistungen;100,0;2020=100;VST018;Index der tariflichen Wochenarbeitszeit
62221;Vj. Index der Tarifverdienste und Arbeitszeiten;JAHR;Jahr;2020;DINSGF;Früheres Bundesgebiet / Neue Länder;DN;Neue Länder;WZ08C7;WZ2008 (ausgewählte Positionen): Tarifindex;WZ08-64;Erbringung von Finanzdienstleistungen;100,0;2020=100;VST065;Index d.tarifl. Stundenverdienste ohne Sonderzahl.
62221;Vj. Index der Tarifverdienste und Arbeitszeiten;JAHR;Jahr;2024;DINSGF;Früheres Bundesgebiet / Neue Länder;DF;Früheres Bundesgebiet;WZ08C7;WZ2008 (ausgewählte Positionen): Tarifindex;WZ08-A-03;Gesamtwirtschaft;112,3;2020=100;VST072;Index d.tarifl. Stundenverdienste mit Sonderzahl.
62221;Vj. Index der Tarifverdienste und Arbeitszeiten;JAHR;Jahr;2024;DINSGF;Früheres Bundesgebiet / Neue Länder;DF;Früheres Bundesgebiet;WZ08C7;WZ2008 (ausgewählte Positionen): Tarifindex;WZ08-A-03;Gesamtwirtschaft;112,3;2020=100;VST073;Index d.tarifl. Monatsverdienste mit Sonderzahl.
62221;Vj. Index der Tarifverdienste und Arbeitszeiten;JAHR;Jahr;2024;DINSGF;Früheres Bundesgebiet / Neue Länder;DF;Früheres Bundesgebiet;WZ08C7;WZ2008 (ausgewählte Positionen): Tarifindex;WZ08-A-03;Gesamtwirtschaft;38,5;h;VST019;Durchschnittliche tarifliche Wochenarbeitszeit
62221;Vj. Index der Tarifverdienste und Arbeitszeiten;JAHR;Jahr;2024;DINSGF;Früheres Bundesgebiet / Neue Länder;DF;Früheres Bundesgebiet;WZ08C7;WZ2008 (ausgewählte Positionen): Tarifindex;WZ08-A-03;Gesamtwirtschaft;109,7;2020=100;VST066;Index d.tarifl. Monatsverdienste ohne Sonderzahl.
62221;Vj. Index der Tarifverdienste und Arbeitszeiten;JAHR;Jahr;2024;DINSGF;Früheres Bundesgebiet / Neue Länder;DF;Früheres Bundesgebiet;WZ08C7;WZ2008 (ausgewählte Positionen): Tarifindex;WZ08-A-03;Gesamtwirtschaft;100,0;2020=100;VST018;Index der tariflichen Wochenarbeitszeit
62221;Vj. Index der Tarifverdienste und Arbeitszeiten;JAHR;Jahr;2024;DINSGF;Früheres Bundesgebiet / Neue Länder;DF;Früheres Bundesgebiet;WZ08C7;WZ2008 (ausgewählte Positionen): Tarifindex;WZ08-A-03;Gesamtwirtschaft;109,8;2020=100;VST065;Index d.tarifl. Stundenverdienste ohne Sonderzahl.
62221;Vj. Index der Tarifverdienste und Arbeitszeiten;JAHR;Jahr;2016;DINSGF;Früheres Bundesgebiet / Neue Länder;DF;Früheres Bundesgebiet;WZ08C7;WZ2008 (ausgewählte Positionen): Tarifindex;WZ08-F;Baugewerbe;90,4;2020=100;VST072;Index d.tarifl. Stundenverdienste mit Sonderzahl.
62221;Vj. Index der Tarifverdienste und Arbeitszeiten;JAHR;Jahr;2016;DINSGF;Früheres Bundesgebiet / Neue Länder;DF;Früheres Bundesgebiet;WZ08C7;WZ2008 (ausgewählte Positionen): Tarifindex;WZ08-F;Baugewerbe;90,4;2020=100;VST073;Index d.tarifl. Monatsverdienste mit Sonderzahl.
62221;Vj. Index der Tarifverdienste und Arbeitszeiten;JAHR;Jahr;2016;DINSGF;Früheres Bundesgebiet / Neue Länder;DF;Früheres Bundesgebiet;WZ08C7;WZ2008 (ausgewählte Positionen): Tarifindex;WZ08-F;Baugewerbe;39,2;h;VST019;Durchschnittliche tarifliche Wochenarbeitszeit
62221;Vj. Index der Tarifverdienste und Arbeitszeiten;JAHR;Jahr;2016;DINSGF;Früheres Bundesgebiet / Neue Länder;DF;Früheres Bundesgebiet;WZ08C7;WZ2008 (ausgewählte Positionen): Tarifindex;WZ08-F;Baugewerbe;91,5;2020=100;VST066;Index d.tarifl. Monatsverdienste ohne Sonderzahl.
62221;Vj. Index der Tarifverdienste und Arbeitszeiten;JAHR;Jahr;2016;DINSGF;Früheres Bundesgebiet / Neue Länder;DF;Früheres Bundesgebiet;WZ08C7;WZ2008 (ausgewählte Positionen): Tarifindex;WZ08-F;Baugewerbe;100,0;2020=100;VST018;Index der tariflichen Wochenarbeitszeit
62221;Vj. Index der Tarifverdienste und Arbeitszeiten;JAHR;Jahr;2016;DINSGF;Früheres Bundesgebiet / Neue Länder;DF;Früheres Bundesgebiet;WZ08C7;WZ2008 (ausgewählte Positionen): Tarifindex;WZ08-F;Baugewerbe;91,5;2020=100;VST065;Index d.tarifl. Stundenverdienste ohne Sonderzahl.
62221;Vj. Index der Tarifverdienste und Arbeitszeiten;JAHR;Jahr;2020;DINSGF;Früheres Bundesgebiet / Neue Länder;DN;Neue Länder;WZ08C7;WZ2008 (ausgewählte Positionen): Tarifindex;WZ08-H;Verkehr und Lagerei;100,0;2020=100;VST072;Index d.tarifl. Stundenverdienste mit Sonderzahl.
62221;Vj. Index der Tarifverdienste und Arbeitszeiten;JAHR;Jahr;2020;DINSGF;Früheres Bundesgebiet / Neue Länder;DN;Neue Länder;WZ08C7;WZ2008 (ausgewählte Positionen): Tarifindex;WZ08-H;Verkehr und Lagerei;100,0;2020=100;VST073;Index d.tarifl. Monatsverdienste mit Sonderzahl.
62221;Vj. Index der Tarifverdienste und Arbeitszeiten;JAHR;Jahr;2020;DINSGF;Früheres Bundesgebiet / Neue Länder;DN;Neue Länder;WZ08C7;WZ2008 (ausgewählte Positionen): Tarifindex;WZ08-H;Verkehr und Lagerei;39,1;h;VST019;Durchschnittliche tarifliche Wochenarbeitszeit
62221;Vj. Index der Tarifverdienste und Arbeitszeiten;JAHR;Jahr;2020;DINSGF;Früheres Bundesgebiet / Neue Länder;DN;Neue Länder;WZ08C7;WZ2008 (ausgewählte Positionen): Tarifindex;WZ08-H;Verkehr und Lagerei;100,0;2020=100;VST066;Index d.tarifl. Monatsverdienste ohne Sonderzahl.
62221;Vj. Index der Tarifverdienste und Arbeitszeiten;JAHR;Jahr;2020;DINSGF;Früheres Bundesgebiet / Neue Länder;DN;Neue Länder;WZ08C7;WZ2008 (ausgewählte Positionen): Tarifindex;WZ08-H;Verkehr und Lagerei;100,0;2020=100;VST018;Index der tariflichen Wochenarbeitszeit
62221;Vj. Index der Tarifverdienste und Arbeitszeiten;JAHR;Jahr;2020;DINSGF;Früheres Bundesgebiet / Neue Länder;DN;Neue Länder;WZ08C7;WZ2008 (ausgewählte Positionen): Tarifindex;WZ08-H;Verkehr und Lagerei;100,0;2020=100;VST065;Index d.tarifl. Stundenverdienste ohne Sonderzahl.
62221;Vj. Index der Tarifverdienste und Arbeitszeiten;JAHR;Jahr;2020;DINSGF;Früheres Bundesgebiet / Neue Länder;DF;Früheres Bundesgebiet;WZ08C7;WZ2008 (ausgewählte Positionen): Tarifindex;WZ08-B-12;Prod. Gewerbe, Handel, Verkehr und Lagerei;100,0;2020=100;VST072;Index d.tarifl. Stundenverdienste mit Sonderzahl.
62221;Vj. Index der Tarifverdienste und Arbeitszeiten;JAHR;Jahr;2020;DINSGF;Früheres Bundesgebiet / Neue Länder;DF;Früheres Bundesgebiet;WZ08C7;WZ2008 (ausgewählte Positionen): Tarifindex;WZ08-B-12;Prod. Gewerbe, Handel, Verkehr und Lagerei;100,0;2020=100;VST073;Index d.tarifl. Monatsverdienste mit Sonderzahl.
62221;Vj. Index der Tarifverdienste und Arbeitszeiten;JAHR;Jahr;2020;DINSGF;Früheres Bundesgebiet / Neue Länder;DF;Früheres Bundesgebiet;WZ08C7;WZ2008 (ausgewählte Positionen): Tarifindex;WZ08-B-12;Prod. Gewerbe, Handel, Verkehr und Lagerei;37,1;h;VST019;Durchschnittliche tarifliche Wochenarbeitszeit
62221;Vj. Index der Tarifverdienste und Arbeitszeiten;JAHR;Jahr;2020;DINSGF;Früheres Bundesgebiet / Neue Länder;DF;Früheres Bundesgebiet;WZ08C7;WZ2008 (ausgewählte Positionen): Tarifindex;WZ08-B-12;Prod. Gewerbe, Handel, Verkehr und Lagerei;100,0;2020=100;VST066;Index d.tarifl. Monatsverdienste ohne Sonderzahl.
62221;Vj. Index der Tarifverdienste und Arbeitszeiten;JAHR;Jahr;2020;DINSGF;Früheres Bundesgebiet / Neue Länder;DF;Früheres Bundesgebiet;WZ08C7;WZ2008 (ausgewählte Positionen): Tarifindex;WZ08-B-12;Prod. Gewerbe, Handel, Verkehr und Lagerei;100,0;2020=100;VST018;Index der tariflichen Wochenarbeitszeit
62221;Vj. Index der Tarifverdienste und Arbeitszeiten;JAHR;Jahr;2020;DINSGF;Früheres Bundesgebiet / Neue Länder;DF;Früheres Bundesgebiet;WZ08C7;WZ2008 (ausgewählte Positionen): Tarifindex;WZ08-B-12;Prod. Gewerbe, Handel, Verkehr und Lagerei;100,0;2020=100;VST065;Index d.tarifl. Stundenverdienste ohne Sonderzahl.
62221;Vj. Index der Tarifverdienste und Arbeitszeiten;JAHR;Jahr;2021;DINSGF;Früheres Bundesgebiet / Neue Länder;DF;Früheres Bundesgebiet;WZ08C7;WZ2008 (ausgewählte Positionen): Tarifindex;WZ08-65;Versicherungen, Rückversicherungen, Pensionskassen;101,8;2020=100;VST072;Index d.tarifl. Stundenverdienste mit Sonderzahl.
62221;Vj. Index der Tarifverdienste und Arbeitszeiten;JAHR;Jahr;2021;DINSGF;Früheres Bundesgebiet / Neue Länder;DF;Früheres Bundesgebiet;WZ08C7;WZ2008 (ausgewählte Positionen): Tarifindex;WZ08-65;Versicherungen, Rückversicherungen, Pensionskassen;101,8;2020=100;VST073;Index d.tarifl. Monatsverdienste mit Sonderzahl.
62221;Vj. Index der Tarifverdienste und Arbeitszeiten;JAHR;Jahr;2021;DINSGF;Früheres Bundesgebiet / Neue Länder;DF;Früheres Bundesgebiet;WZ08C7;WZ2008 (ausgewählte Positionen): Tarifindex;WZ08-65;Versicherungen, Rückversicherungen, Pensionskassen;38,0;h;VST019;Durchschnittliche tarifliche Wochenarbeitszeit
62221;Vj. Index der Tarifverdienste und Arbeitszeiten;JAHR;Jahr;2021;DINSGF;Früheres Bundesgebiet / Neue Länder;DF;Früheres Bundesgebiet;WZ08C7;WZ2008 (ausgewählte Positionen): Tarifindex;WZ08-65;Versicherungen, Rückversicherungen, Pensionskassen;101,8;2020=100;VST066;Index d.tarifl. Monatsverdienste ohne Sonderzahl.
62221;Vj. Index der Tarifverdienste und Arbeitszeiten;JAHR;Jahr;2021;DINSGF;Früheres Bundesgebiet / Neue Länder;DF;Früheres Bundesgebiet;WZ08C7;WZ2008 (ausgewählte Positionen): Tarifindex;WZ08-65;Versicherungen, Rückversicherungen, Pensionskassen;100,0;2020=100;VST018;Index der tariflichen Wochenarbeitszeit
62221;Vj. Index der Tarifverdienste und Arbeitszeiten;JAHR;Jahr;2021;DINSGF;Früheres Bundesgebiet / Neue Länder;DF;Früheres Bundesgebiet;WZ08C7;WZ2008 (ausgewählte Positionen): Tarifindex;WZ08-65;Versicherungen, Rückversicherungen, Pensionskassen;101,8;2020=100;VST065;Index d.tarifl. Stundenverdienste ohne Sonderzahl.
62221;Vj. Index der Tarifverdienste und Arbeitszeiten;JAHR;Jahr;2024;DINSGF;Früheres Bundesgebiet / Neue Länder;DN;Neue Länder;WZ08C7;WZ2008 (ausgewählte Positionen): Tarifindex;WZ08-91;Bibliotheken, Archive, Museen, bot. u. zoo. Gärten;110,7;2020=100;VST072;Index d.tarifl. Stundenverdienste mit Sonderzahl.
62221;Vj. Index der Tarifverdienste und Arbeitszeiten;JAHR;Jahr;2024;DINSGF;Früheres Bundesgebiet / Neue Länder;DN;Neue Länder;WZ08C7;WZ2008 (ausgewählte Positionen): Tarifindex;WZ08-91;Bibliotheken, Archive, Museen, bot. u. zoo. Gärten;110,7;2020=100;VST073;Index d.tarifl. Monatsverdienste mit Sonderzahl.
62221;Vj. Index der Tarifverdienste und Arbeitszeiten;JAHR;Jahr;2024;DINSGF;Früheres Bundesgebiet / Neue Länder;DN;Neue Länder;WZ08C7;WZ2008 (ausgewählte Positionen): Tarifindex;WZ08-91;Bibliotheken, Archive, Museen, bot. u. zoo. Gärten;39,3;h;VST019;Durchschnittliche tarifliche Wochenarbeitszeit
62221;Vj. Index der Tarifverdienste und Arbeitszeiten;JAHR;Jahr;2024;DINSGF;Früheres Bundesgebiet / Neue Länder;DN;Neue Länder;WZ08C7;WZ2008 (ausgewählte Positionen): Tarifindex;WZ08-91;Bibliotheken, Archive, Museen, bot. u. zoo. Gärten;108,4;2020=100;VST066;Index d.tarifl. Monatsverdienste ohne Sonderzahl.
62221;Vj. Index der Tarifverdienste und Arbeitszeiten;JAHR;Jahr;2024;DINSGF;Früheres Bundesgebiet / Neue Länder;DN;Neue Länder;WZ08C7;WZ2008 (ausgewählte Positionen): Tarifindex;WZ08-91;Bibliotheken, Archive, Museen, bot. u. zoo. Gärten;100,0;2020=100;VST018;Index der tariflichen Wochenarbeitszeit
62221;Vj. Index der Tarifverdienste und Arbeitszeiten;JAHR;Jahr;2024;DINSGF;Früheres Bundesgebiet / Neue Länder;DN;Neue Länder;WZ08C7;WZ2008 (ausgewählte Positionen): Tarifindex;WZ08-91;Bibliotheken, Archive, Museen, bot. u. zoo. Gärten;108,4;2020=100;VST065;Index d.tarifl. Stundenverdienste ohne Sonderzahl.
62221;Vj. Index der Tarifverdienste und Arbeitszeiten;JAHR;Jahr;2018;DINSGF;Früheres Bundesgebiet / Neue Länder;DN;Neue Länder;WZ08C7;WZ2008 (ausgewählte Positionen): Tarifindex;WZ08-95;Reparatur von DV-Geräten und Gebrauchsgütern;96,7;2020=100;VST072;Index d.tarifl. Stundenverdienste mit Sonderzahl.
62221;Vj. Index der Tarifverdienste und Arbeitszeiten;JAHR;Jahr;2018;DINSGF;Früheres Bundesgebiet / Neue Länder;DN;Neue Länder;WZ08C7;WZ2008 (ausgewählte Positionen): Tarifindex;WZ08-95;Reparatur von DV-Geräten und Gebrauchsgütern;96,7;2020=100;VST073;Index d.tarifl. Monatsverdienste mit Sonderzahl.
62221;Vj. Index der Tarifverdienste und Arbeitszeiten;JAHR;Jahr;2018;DINSGF;Früheres Bundesgebiet / Neue Länder;DN;Neue Länder;WZ08C7;WZ2008 (ausgewählte Positionen): Tarifindex;WZ08-95;Reparatur von DV-Geräten und Gebrauchsgütern;37,7;h;VST019;Durchschnittliche tarifliche Wochenarbeitszeit
62221;Vj. Index der Tarifverdienste und Arbeitszeiten;JAHR;Jahr;2018;DINSGF;Früheres Bundesgebiet / Neue Länder;DN;Neue Länder;WZ08C7;WZ2008 (ausgewählte Positionen): Tarifindex;WZ08-95;Reparatur von DV-Geräten und Gebrauchsgütern;98,0;2020=100;VST066;Index d.tarifl. Monatsverdienste ohne Sonderzahl.
62221;Vj. Index der Tarifverdienste und Arbeitszeiten;JAHR;Jahr;2018;DINSGF;Früheres Bundesgebiet / Neue Länder;DN;Neue Länder;WZ08C7;WZ2008 (ausgewählte Positionen): Tarifindex;WZ08-95;Reparatur von DV-Geräten und Gebrauchsgütern;100,0;2020=100;VST018;Index der tariflichen Wochenarbeitszeit
62221;Vj. Index der Tarifverdienste und Arbeitszeiten;JAHR;Jahr;2018;DINSGF;Früheres Bundesgebiet / Neue Länder;DN;Neue Länder;WZ08C7;WZ2008 (ausgewählte Positionen): Tarifindex;WZ08-95;Reparatur von DV-Geräten und Gebrauchsgütern;98,0;2020=100;VST065;Index d.tarifl. Stundenverdienste ohne Sonderzahl.
62221;Vj. Index der Tarifverdienste und Arbeitszeiten;JAHR;Jahr;2020;DINSGF;Früheres Bundesgebiet / Neue Länder;DF;Früheres Bundesgebiet;WZ08C7;WZ2008 (ausgewählte Positionen): Tarifindex;WZ08-91;Bibliotheken, Archive, Museen, bot. u. zoo. Gärten;100,0;2020=100;VST072;Index d.tarifl. Stundenverdienste mit Sonderzahl.
62221;Vj. Index der Tarifverdienste und Arbeitszeiten;JAHR;Jahr;2020;DINSGF;Früheres Bundesgebiet / Neue Länder;DF;Früheres Bundesgebiet;WZ08C7;WZ2008 (ausgewählte Positionen): Tarifindex;WZ08-91;Bibliotheken, Archive, Museen, bot. u. zoo. Gärten;100,0;2020=100;VST073;Index d.tarifl. Monatsverdienste mit Sonderzahl.
62221;Vj. Index der Tarifverdienste und Arbeitszeiten;JAHR;Jahr;2020;DINSGF;Früheres Bundesgebiet / Neue Länder;DF;Früheres Bundesgebiet;WZ08C7;WZ2008 (ausgewählte Positionen): Tarifindex;WZ08-91;Bibliotheken, Archive, Museen, bot. u. zoo. Gärten;39,6;h;VST019;Durchschnittliche tarifliche Wochenarbeitszeit
62221;Vj. Index der Tarifverdienste und Arbeitszeiten;JAHR;Jahr;2020;DINSGF;Früheres Bundesgebiet / Neue Länder;DF;Früheres Bundesgebiet;WZ08C7;WZ2008 (ausgewählte Positionen): Tarifindex;WZ08-91;Bibliotheken, Archive, Museen, bot. u. zoo. Gärten;100,0;2020=100;VST066;Index d.tarifl. Monatsverdienste ohne Sonderzahl.
62221;Vj. Index der Tarifverdienste und Arbeitszeiten;JAHR;Jahr;2020;DINSGF;Früheres Bundesgebiet / Neue Länder;DF;Früheres Bundesgebiet;WZ08C7;WZ2008 (ausgewählte Positionen): Tarifindex;WZ08-91;Bibliotheken, Archive, Museen, bot. u. zoo. Gärten;100,0;2020=100;VST018;Index der tariflichen Wochenarbeitszeit
62221;Vj. Index der Tarifverdienste und Arbeitszeiten;JAHR;Jahr;2020;DINSGF;Früheres Bundesgebiet / Neue Länder;DF;Früheres Bundesgebiet;WZ08C7;WZ2008 (ausgewählte Positionen): Tarifindex;WZ08-91;Bibliotheken, Archive, Museen, bot. u. zoo. Gärten;100,0;2020=100;VST065;Index d.tarifl. Stundenverdienste ohne Sonderzahl.
62221;Vj. Index der Tarifverdienste und Arbeitszeiten;JAHR;Jahr;2022;DINSGF;Früheres Bundesgebiet / Neue Länder;DF;Früheres Bundesgebiet;WZ08C7;WZ2008 (ausgewählte Positionen): Tarifindex;WZ08-72-01;Forschung,Werbung u.Marktforschung,Veterinärwesen;102,9;2020=100;VST072;Index d.tarifl. Stundenverdienste mit Sonderzahl.
62221;Vj. Index der Tarifverdienste und Arbeitszeiten;JAHR;Jahr;2022;DINSGF;Früheres Bundesgebiet / Neue Länder;DF;Früheres Bundesgebiet;WZ08C7;WZ2008 (ausgewählte Positionen): Tarifindex;WZ08-72-01;Forschung,Werbung u.Marktforschung,Veterinärwesen;102,9;2020=100;VST073;Index d.tarifl. Monatsverdienste mit Sonderzahl.
62221;Vj. Index der Tarifverdienste und Arbeitszeiten;JAHR;Jahr;2022;DINSGF;Früheres Bundesgebiet / Neue Länder;DF;Früheres Bundesgebiet;WZ08C7;WZ2008 (ausgewählte Positionen): Tarifindex;WZ08-72-01;Forschung,Werbung u.Marktforschung,Veterinärwesen;38,9;h;VST019;Durchschnittliche tarifliche Wochenarbeitszeit
62221;Vj. Index der Tarifverdienste und Arbeitszeiten;JAHR;Jahr;2022;DINSGF;Früheres Bundesgebiet / Neue Länder;DF;Früheres Bundesgebiet;WZ08C7;WZ2008 (ausgewählte Positionen): Tarifindex;WZ08-72-01;Forschung,Werbung u.Marktforschung,Veterinärwesen;102,5;2020=100;VST066;Index d.tarifl. Monatsverdienste ohne Sonderzahl.
62221;Vj. Index der Tarifverdienste und Arbeitszeiten;JAHR;Jahr;2022;DINSGF;Früheres Bundesgebiet / Neue Länder;DF;Früheres Bundesgebiet;WZ08C7;WZ2008 (ausgewählte Positionen): Tarifindex;WZ08-72-01;Forschung,Werbung u.Marktforschung,Veterinärwesen;100,0;2020=100;VST018;Index der tariflichen Wochenarbeitszeit
62221;Vj. Index der Tarifverdienste und Arbeitszeiten;JAHR;Jahr;2022;DINSGF;Früheres Bundesgebiet / Neue Länder;DF;Früheres Bundesgebiet;WZ08C7;WZ2008 (ausgewählte Positionen): Tarifindex;WZ08-72-01;Forschung,Werbung u.Marktforschung,Veterinärwesen;102,5;2020=100;VST065;Index d.tarifl. Stundenverdienste ohne Sonderzahl.
62221;Vj. Index der Tarifverdienste und Arbeitszeiten;JAHR;Jahr;2024;DINSGF;Früheres Bundesgebiet / Neue Länder;DN;Neue Länder;WZ08C7;WZ2008 (ausgewählte Positionen): Tarifindex;WZ08-20-01;Chemische Industrie;114,5;2020=100;VST072;Index d.tarifl. Stundenverdienste mit Sonderzahl.
62221;Vj. Index der Tarifverdienste und Arbeitszeiten;JAHR;Jahr;2024;DINSGF;Früheres Bundesgebiet / Neue Länder;DN;Neue Länder;WZ08C7;WZ2008 (ausgewählte Positionen): Tarifindex;WZ08-20-01;Chemische Industrie;112,0;2020=100;VST073;Index d.tarifl. Monatsverdienste mit Sonderzahl.
62221;Vj. Index der Tarifverdienste und Arbeitszeiten;JAHR;Jahr;2024;DINSGF;Früheres Bundesgebiet / Neue Länder;DN;Neue Länder;WZ08C7;WZ2008 (ausgewählte Positionen): Tarifindex;WZ08-20-01;Chemische Industrie;38,4;h;VST019;Durchschnittliche tarifliche Wochenarbeitszeit
62221;Vj. Index der Tarifverdienste und Arbeitszeiten;JAHR;Jahr;2024;DINSGF;Früheres Bundesgebiet / Neue Länder;DN;Neue Länder;WZ08C7;WZ2008 (ausgewählte Positionen): Tarifindex;WZ08-20-01;Chemische Industrie;109,2;2020=100;VST066;Index d.tarifl. Monatsverdienste ohne Sonderzahl.
62221;Vj. Index der Tarifverdienste und Arbeitszeiten;JAHR;Jahr;2024;DINSGF;Früheres Bundesgebiet / Neue Länder;DN;Neue Länder;WZ08C7;WZ2008 (ausgewählte Positionen): Tarifindex;WZ08-20-01;Chemische Industrie;98,0;2020=100;VST018;Index der tariflichen Wochenarbeitszeit
62221;Vj. Index der Tarifverdienste und Arbeitszeiten;JAHR;Jahr;2024;DINSGF;Früheres Bundesgebiet / Neue Länder;DN;Neue Länder;WZ08C7;WZ2008 (ausgewählte Positionen): Tarifindex;WZ08-20-01;Chemische Industrie;111,5;2020=100;VST065;Index d.tarifl. Stundenverdienste ohne Sonderzahl.
62221;Vj. Index der Tarifverdienste und Arbeitszeiten;JAHR;Jahr;2024;DINSGF;Früheres Bundesgebiet / Neue Länder;DF;Früheres Bundesgebiet;WZ08C7;WZ2008 (ausgewählte Positionen): Tarifindex;WZ08-18;H.v. Druckerz., Vervielf.v.Ton-,Bild-,Datenträgern;108,3;2020=100;VST072;Index d.tarifl. Stundenverdienste mit Sonderzahl.
62221;Vj. Index der Tarifverdienste und Arbeitszeiten;JAHR;Jahr;2024;DINSGF;Früheres Bundesgebiet / Neue Länder;DF;Früheres Bundesgebiet;WZ08C7;WZ2008 (ausgewählte Positionen): Tarifindex;WZ08-18;H.v. Druckerz., Vervielf.v.Ton-,Bild-,Datenträgern;108,3;2020=100;VST073;Index d.tarifl. Monatsverdienste mit Sonderzahl.
62221;Vj. Index der Tarifverdienste und Arbeitszeiten;JAHR;Jahr;2024;DINSGF;Früheres Bundesgebiet / Neue Länder;DF;Früheres Bundesgebiet;WZ08C7;WZ2008 (ausgewählte Positionen): Tarifindex;WZ08-18;H.v. Druckerz., Vervielf.v.Ton-,Bild-,Datenträgern;35,3;h;VST019;Durchschnittliche tarifliche Wochenarbeitszeit
62221;Vj. Index der Tarifverdienste und Arbeitszeiten;JAHR;Jahr;2024;DINSGF;Früheres Bundesgebiet / Neue Länder;DF;Früheres Bundesgebiet;WZ08C7;WZ2008 (ausgewählte Positionen): Tarifindex;WZ08-18;H.v. Druckerz., Vervielf.v.Ton-,Bild-,Datenträgern;107,2;2020=100;VST066;Index d.tarifl. Monatsverdienste ohne Sonderzahl.
62221;Vj. Index der Tarifverdienste und Arbeitszeiten;JAHR;Jahr;2024;DINSGF;Früheres Bundesgebiet / Neue Länder;DF;Früheres Bundesgebiet;WZ08C7;WZ2008 (ausgewählte Positionen): Tarifindex;WZ08-18;H.v. Druckerz., Vervielf.v.Ton-,Bild-,Datenträgern;100,0;2020=100;VST018;Index der tariflichen Wochenarbeitszeit
62221;Vj. Index der Tarifverdienste und Arbeitszeiten;JAHR;Jahr;2024;DINSGF;Früheres Bundesgebiet / Neue Länder;DF;Früheres Bundesgebiet;WZ08C7;WZ2008 (ausgewählte Positionen): Tarifindex;WZ08-18;H.v. Druckerz., Vervielf.v.Ton-,Bild-,Datenträgern;107,2;2020=100;VST065;Index d.tarifl. Stundenverdienste ohne Sonderzahl.
62221;Vj. Index der Tarifverdienste und Arbeitszeiten;JAHR;Jahr;2025;DINSGF;Früheres Bundesgebiet / Neue Länder;DN;Neue Länder;WZ08C7;WZ2008 (ausgewählte Positionen): Tarifindex;WZ08-47;Einzelhandel (ohne Handel mit Kraftfahrzeugen);117,9;2020=100;VST072;Index d.tarifl. Stundenverdienste mit Sonderzahl.
62221;Vj. Index der Tarifverdienste und Arbeitszeiten;JAHR;Jahr;2025;DINSGF;Früheres Bundesgebiet / Neue Länder;DN;Neue Länder;WZ08C7;WZ2008 (ausgewählte Positionen): Tarifindex;WZ08-47;Einzelhandel (ohne Handel mit Kraftfahrzeugen);117,5;2020=100;VST073;Index d.tarifl. Monatsverdienste mit Sonderzahl.
62221;Vj. Index der Tarifverdienste und Arbeitszeiten;JAHR;Jahr;2025;DINSGF;Früheres Bundesgebiet / Neue Länder;DN;Neue Länder;WZ08C7;WZ2008 (ausgewählte Positionen): Tarifindex;WZ08-47;Einzelhandel (ohne Handel mit Kraftfahrzeugen);38,1;h;VST019;Durchschnittliche tarifliche Wochenarbeitszeit
62221;Vj. Index der Tarifverdienste und Arbeitszeiten;JAHR;Jahr;2025;DINSGF;Früheres Bundesgebiet / Neue Länder;DN;Neue Länder;WZ08C7;WZ2008 (ausgewählte Positionen): Tarifindex;WZ08-47;Einzelhandel (ohne Handel mit Kraftfahrzeugen);117,5;2020=100;VST066;Index d.tarifl. Monatsverdienste ohne Sonderzahl.
62221;Vj. Index der Tarifverdienste und Arbeitszeiten;JAHR;Jahr;2025;DINSGF;Früheres Bundesgebiet / Neue Länder;DN;Neue Länder;WZ08C7;WZ2008 (ausgewählte Positionen): Tarifindex;WZ08-47;Einzelhandel (ohne Handel mit Kraftfahrzeugen);99,7;2020=100;VST018;Index der tariflichen Wochenarbeitszeit
62221;Vj. Index der Tarifverdienste und Arbeitszeiten;JAHR;Jahr;2025;DINSGF;Früheres Bundesgebiet / Neue Länder;DN;Neue Länder;WZ08C7;WZ2008 (ausgewählte Positionen): Tarifindex;WZ08-47;Einzelhandel (ohne Handel mit Kraftfahrzeugen);117,9;2020=100;VST065;Index d.tarifl. Stundenverdienste ohne Sonderzahl.
62221;Vj. Index der Tarifverdienste und Arbeitszeiten;JAHR;Jahr;2021;DINSGF;Früheres Bundesgebiet / Neue Länder;DF;Früheres Bundesgebiet;WZ08C7;WZ2008 (ausgewählte Positionen): Tarifindex;WZ08-47;Einzelhandel (ohne Handel mit Kraftfahrzeugen);101,5;2020=100;VST072;Index d.tarifl. Stundenverdienste mit Sonderzahl.
62221;Vj. Index der Tarifverdienste und Arbeitszeiten;JAHR;Jahr;2021;DINSGF;Früheres Bundesgebiet / Neue Länder;DF;Früheres Bundesgebiet;WZ08C7;WZ2008 (ausgewählte Positionen): Tarifindex;WZ08-47;Einzelhandel (ohne Handel mit Kraftfahrzeugen);101,5;2020=100;VST073;Index d.tarifl. Monatsverdienste mit Sonderzahl.
62221;Vj. Index der Tarifverdienste und Arbeitszeiten;JAHR;Jahr;2021;DINSGF;Früheres Bundesgebiet / Neue Länder;DF;Früheres Bundesgebiet;WZ08C7;WZ2008 (ausgewählte Positionen): Tarifindex;WZ08-47;Einzelhandel (ohne Handel mit Kraftfahrzeugen);37,9;h;VST019;Durchschnittliche tarifliche Wochenarbeitszeit
62221;Vj. Index der Tarifverdienste und Arbeitszeiten;JAHR;Jahr;2021;DINSGF;Früheres Bundesgebiet / Neue Länder;DF;Früheres Bundesgebiet;WZ08C7;WZ2008 (ausgewählte Positionen): Tarifindex;WZ08-47;Einzelhandel (ohne Handel mit Kraftfahrzeugen);101,0;2020=100;VST066;Index d.tarifl. Monatsverdienste ohne Sonderzahl.
62221;Vj. Index der Tarifverdienste und Arbeitszeiten;JAHR;Jahr;2021;DINSGF;Früheres Bundesgebiet / Neue Länder;DF;Früheres Bundesgebiet;WZ08C7;WZ2008 (ausgewählte Positionen): Tarifindex;WZ08-47;Einzelhandel (ohne Handel mit Kraftfahrzeugen);100,0;2020=100;VST018;Index der tariflichen Wochenarbeitszeit
62221;Vj. Index der Tarifverdienste und Arbeitszeiten;JAHR;Jahr;2021;DINSGF;Früheres Bundesgebiet / Neue Länder;DF;Früheres Bundesgebiet;WZ08C7;WZ2008 (ausgewählte Positionen): Tarifindex;WZ08-47;Einzelhandel (ohne Handel mit Kraftfahrzeugen);101,0;2020=100;VST065;Index d.tarifl. Stundenverdienste ohne Sonderzahl.
62221;Vj. Index der Tarifverdienste und Arbeitszeiten;JAHR;Jahr;2023;DINSGF;Früheres Bundesgebiet / Neue Länder;DF;Früheres Bundesgebiet;WZ08C7;WZ2008 (ausgewählte Positionen): Tarifindex;WZ08-O-01;Öffentliche und persönliche Dienstleistungen;106,3;2020=100;VST072;Index d.tarifl. Stundenverdienste mit Sonderzahl.
62221;Vj. Index der Tarifverdienste und Arbeitszeiten;JAHR;Jahr;2023;DINSGF;Früheres Bundesgebiet / Neue Länder;DF;Früheres Bundesgebiet;WZ08C7;WZ2008 (ausgewählte Positionen): Tarifindex;WZ08-O-01;Öffentliche und persönliche Dienstleistungen;106,3;2020=100;VST073;Index d.tarifl. Monatsverdienste mit Sonderzahl.
62221;Vj. Index der Tarifverdienste und Arbeitszeiten;JAHR;Jahr;2023;DINSGF;Früheres Bundesgebiet / Neue Länder;DF;Früheres Bundesgebiet;WZ08C7;WZ2008 (ausgewählte Positionen): Tarifindex;WZ08-O-01;Öffentliche und persönliche Dienstleistungen;39,8;h;VST019;Durchschnittliche tarifliche Wochenarbeitszeit
62221;Vj. Index der Tarifverdienste und Arbeitszeiten;JAHR;Jahr;2023;DINSGF;Früheres Bundesgebiet / Neue Länder;DF;Früheres Bundesgebiet;WZ08C7;WZ2008 (ausgewählte Positionen): Tarifindex;WZ08-O-01;Öffentliche und persönliche Dienstleistungen;104,8;2020=100;VST066;Index d.tarifl. Monatsverdienste ohne Sonderzahl.
62221;Vj. Index der Tarifverdienste und Arbeitszeiten;JAHR;Jahr;2023;DINSGF;Früheres Bundesgebiet / Neue Länder;DF;Früheres Bundesgebiet;WZ08C7;WZ2008 (ausgewählte Positionen): Tarifindex;WZ08-O-01;Öffentliche und persönliche Dienstleistungen;100,0;2020=100;VST018;Index der tariflichen Wochenarbeitszeit
62221;Vj. Index der Tarifverdienste und Arbeitszeiten;JAHR;Jahr;2023;DINSGF;Früheres Bundesgebiet / Neue Länder;DF;Früheres Bundesgebiet;WZ08C7;WZ2008 (ausgewählte Positionen): Tarifindex;WZ08-O-01;Öffentliche und persönliche Dienstleistungen;104,8;2020=100;VST065;Index d.tarifl. Stundenverdienste ohne Sonderzahl.
62221;Vj. Index der Tarifverdienste und Arbeitszeiten;JAHR;Jahr;2017;DINSGF;Früheres Bundesgebiet / Neue Länder;DF;Früheres Bundesgebiet;WZ08C7;WZ2008 (ausgewählte Positionen): Tarifindex;WZ08-66;Mit Finanz- u. Versicherungsdienstl. verb. Tätigk.;94,8;2020=100;VST072;Index d.tarifl. Stundenverdienste mit Sonderzahl.
62221;Vj. Index der Tarifverdienste und Arbeitszeiten;JAHR;Jahr;2017;DINSGF;Früheres Bundesgebiet / Neue Länder;DF;Früheres Bundesgebiet;WZ08C7;WZ2008 (ausgewählte Positionen): Tarifindex;WZ08-66;Mit Finanz- u. Versicherungsdienstl. verb. Tätigk.;94,8;2020=100;VST073;Index d.tarifl. Monatsverdienste mit Sonderzahl.
62221;Vj. Index der Tarifverdienste und Arbeitszeiten;JAHR;Jahr;2017;DINSGF;Früheres Bundesgebiet / Neue Länder;DF;Früheres Bundesgebiet;WZ08C7;WZ2008 (ausgewählte Positionen): Tarifindex;WZ08-66;Mit Finanz- u. Versicherungsdienstl. verb. Tätigk.;38,1;h;VST019;Durchschnittliche tarifliche Wochenarbeitszeit
62221;Vj. Index der Tarifverdienste und Arbeitszeiten;JAHR;Jahr;2017;DINSGF;Früheres Bundesgebiet / Neue Länder;DF;Früheres Bundesgebiet;WZ08C7;WZ2008 (ausgewählte Positionen): Tarifindex;WZ08-66;Mit Finanz- u. Versicherungsdienstl. verb. Tätigk.;94,9;2020=100;VST066;Index d.tarifl. Monatsverdienste ohne Sonderzahl.
62221;Vj. Index der Tarifverdienste und Arbeitszeiten;JAHR;Jahr;2017;DINSGF;Früheres Bundesgebiet / Neue Länder;DF;Früheres Bundesgebiet;WZ08C7;WZ2008 (ausgewählte Positionen): Tarifindex;WZ08-66;Mit Finanz- u. Versicherungsdienstl. verb. Tätigk.;100,0;2020=100;VST018;Index der tariflichen Wochenarbeitszeit
62221;Vj. Index der Tarifverdienste und Arbeitszeiten;JAHR;Jahr;2017;DINSGF;Früheres Bundesgebiet / Neue Länder;DF;Früheres Bundesgebiet;WZ08C7;WZ2008 (ausgewählte Positionen): Tarifindex;WZ08-66;Mit Finanz- u. Versicherungsdienstl. verb. Tätigk.;94,9;2020=100;VST065;Index d.tarifl. Stundenverdienste ohne Sonderzahl.
62221;Vj. Index der Tarifverdienste und Arbeitszeiten;JAHR;Jahr;2016;DINSGF;Früheres Bundesgebiet / Neue Länder;DF;Früheres Bundesgebiet;WZ08C7;WZ2008 (ausgewählte Positionen): Tarifindex;WZ08-19;Kokerei und Mineralölverarbeitung;90,9;2020=100;VST072;Index d.tarifl. Stundenverdienste mit Sonderzahl.
62221;Vj. Index der Tarifverdienste und Arbeitszeiten;JAHR;Jahr;2016;DINSGF;Früheres Bundesgebiet / Neue Länder;DF;Früheres Bundesgebiet;WZ08C7;WZ2008 (ausgewählte Positionen): Tarifindex;WZ08-19;Kokerei und Mineralölverarbeitung;90,9;2020=100;VST073;Index d.tarifl. Monatsverdienste mit Sonderzahl.
62221;Vj. Index der Tarifverdienste und Arbeitszeiten;JAHR;Jahr;2016;DINSGF;Früheres Bundesgebiet / Neue Länder;DF;Früheres Bundesgebiet;WZ08C7;WZ2008 (ausgewählte Positionen): Tarifindex;WZ08-19;Kokerei und Mineralölverarbeitung;37,8;h;VST019;Durchschnittliche tarifliche Wochenarbeitszeit
62221;Vj. Index der Tarifverdienste und Arbeitszeiten;JAHR;Jahr;2016;DINSGF;Früheres Bundesgebiet / Neue Länder;DF;Früheres Bundesgebiet;WZ08C7;WZ2008 (ausgewählte Positionen): Tarifindex;WZ08-19;Kokerei und Mineralölverarbeitung;91,8;2020=100;VST066;Index d.tarifl. Monatsverdienste ohne Sonderzahl.
62221;Vj. Index der Tarifverdienste und Arbeitszeiten;JAHR;Jahr;2016;DINSGF;Früheres Bundesgebiet / Neue Länder;DF;Früheres Bundesgebiet;WZ08C7;WZ2008 (ausgewählte Positionen): Tarifindex;WZ08-19;Kokerei und Mineralölverarbeitung;100,0;2020=100;VST018;Index der tariflichen Wochenarbeitszeit
62221;Vj. Index der Tarifverdienste und Arbeitszeiten;JAHR;Jahr;2016;DINSGF;Früheres Bundesgebiet / Neue Länder;DF;Früheres Bundesgebiet;WZ08C7;WZ2008 (ausgewählte Positionen): Tarifindex;WZ08-19;Kokerei und Mineralölverarbeitung;91,8;2020=100;VST065;Index d.tarifl. Stundenverdienste ohne Sonderzahl.
62221;Vj. Index der Tarifverdienste und Arbeitszeiten;JAHR;Jahr;2017;DINSGF;Früheres Bundesgebiet / Neue Länder;DF;Früheres Bundesgebiet;WZ08C7;WZ2008 (ausgewählte Positionen): Tarifindex;WZ08-93;Dienstleistungen d.Sports,d.Unterhaltg.u.Erholung;92,0;2020=100;VST072;Index d.tarifl. Stundenverdienste mit Sonderzahl.
62221;Vj. Index der Tarifverdienste und Arbeitszeiten;JAHR;Jahr;2017;DINSGF;Früheres Bundesgebiet / Neue Länder;DF;Früheres Bundesgebiet;WZ08C7;WZ2008 (ausgewählte Positionen): Tarifindex;WZ08-93;Dienstleistungen d.Sports,d.Unterhaltg.u.Erholung;92,0;2020=100;VST073;Index d.tarifl. Monatsverdienste mit Sonderzahl.
62221;Vj. Index der Tarifverdienste und Arbeitszeiten;JAHR;Jahr;2017;DINSGF;Früheres Bundesgebiet / Neue Länder;DF;Früheres Bundesgebiet;WZ08C7;WZ2008 (ausgewählte Positionen): Tarifindex;WZ08-93;Dienstleistungen d.Sports,d.Unterhaltg.u.Erholung;39,1;h;VST019;Durchschnittliche tarifliche Wochenarbeitszeit
62221;Vj. Index der Tarifverdienste und Arbeitszeiten;JAHR;Jahr;2017;DINSGF;Früheres Bundesgebiet / Neue Länder;DF;Früheres Bundesgebiet;WZ08C7;WZ2008 (ausgewählte Positionen): Tarifindex;WZ08-93;Dienstleistungen d.Sports,d.Unterhaltg.u.Erholung;92,6;2020=100;VST066;Index d.tarifl. Monatsverdienste ohne Sonderzahl.
62221;Vj. Index der Tarifverdienste und Arbeitszeiten;JAHR;Jahr;2017;DINSGF;Früheres Bundesgebiet / Neue Länder;DF;Früheres Bundesgebiet;WZ08C7;WZ2008 (ausgewählte Positionen): Tarifindex;WZ08-93;Dienstleistungen d.Sports,d.Unterhaltg.u.Erholung;100,0;2020=100;VST018;Index der tariflichen Wochenarbeitszeit
62221;Vj. Index der Tarifverdienste und Arbeitszeiten;JAHR;Jahr;2017;DINSGF;Früheres Bundesgebiet / Neue Länder;DF;Früheres Bundesgebiet;WZ08C7;WZ2008 (ausgewählte Positionen): Tarifindex;WZ08-93;Dienstleistungen d.Sports,d.Unterhaltg.u.Erholung;92,6;2020=100;VST065;Index d.tarifl. Stundenverdienste ohne Sonderzahl.
62221;Vj. Index der Tarifverdienste und Arbeitszeiten;JAHR;Jahr;2021;DINSGF;Früheres Bundesgebiet / Neue Länder;DN;Neue Länder;WZ08C7;WZ2008 (ausgewählte Positionen): Tarifindex;WZ08-23;H.v.Glas,-waren,Keramik,Verarb. v.Steinen u.Erden;103,0;2020=100;VST072;Index d.tarifl. Stundenverdienste mit Sonderzahl.
62221;Vj. Index der Tarifverdienste und Arbeitszeiten;JAHR;Jahr;2021;DINSGF;Früheres Bundesgebiet / Neue Länder;DN;Neue Länder;WZ08C7;WZ2008 (ausgewählte Positionen): Tarifindex;WZ08-23;H.v.Glas,-waren,Keramik,Verarb. v.Steinen u.Erden;102,4;2020=100;VST073;Index d.tarifl. Monatsverdienste mit Sonderzahl.
62221;Vj. Index der Tarifverdienste und Arbeitszeiten;JAHR;Jahr;2021;DINSGF;Früheres Bundesgebiet / Neue Länder;DN;Neue Länder;WZ08C7;WZ2008 (ausgewählte Positionen): Tarifindex;WZ08-23;H.v.Glas,-waren,Keramik,Verarb. v.Steinen u.Erden;38,9;h;VST019;Durchschnittliche tarifliche Wochenarbeitszeit
62221;Vj. Index der Tarifverdienste und Arbeitszeiten;JAHR;Jahr;2021;DINSGF;Früheres Bundesgebiet / Neue Länder;DN;Neue Länder;WZ08C7;WZ2008 (ausgewählte Positionen): Tarifindex;WZ08-23;H.v.Glas,-waren,Keramik,Verarb. v.Steinen u.Erden;102,1;2020=100;VST066;Index d.tarifl. Monatsverdienste ohne Sonderzahl.
62221;Vj. Index der Tarifverdienste und Arbeitszeiten;JAHR;Jahr;2021;DINSGF;Früheres Bundesgebiet / Neue Länder;DN;Neue Länder;WZ08C7;WZ2008 (ausgewählte Positionen): Tarifindex;WZ08-23;H.v.Glas,-waren,Keramik,Verarb. v.Steinen u.Erden;99,5;2020=100;VST018;Index der tariflichen Wochenarbeitszeit
62221;Vj. Index der Tarifverdienste und Arbeitszeiten;JAHR;Jahr;2021;DINSGF;Früheres Bundesgebiet / Neue Länder;DN;Neue Länder;WZ08C7;WZ2008 (ausgewählte Positionen): Tarifindex;WZ08-23;H.v.Glas,-waren,Keramik,Verarb. v.Steinen u.Erden;102,7;2020=100;VST065;Index d.tarifl. Stundenverdienste ohne Sonderzahl.
62221;Vj. Index der Tarifverdienste und Arbeitszeiten;JAHR;Jahr;2017;DINSGF;Früheres Bundesgebiet / Neue Länder;DN;Neue Länder;WZ08C7;WZ2008 (ausgewählte Positionen): Tarifindex;WZ08-24;Metallerzeugung und -bearbeitung;92,4;2020=100;VST072;Index d.tarifl. Stundenverdienste mit Sonderzahl.
62221;Vj. Index der Tarifverdienste und Arbeitszeiten;JAHR;Jahr;2017;DINSGF;Früheres Bundesgebiet / Neue Länder;DN;Neue Länder;WZ08C7;WZ2008 (ausgewählte Positionen): Tarifindex;WZ08-24;Metallerzeugung und -bearbeitung;92,4;2020=100;VST073;Index d.tarifl. Monatsverdienste mit Sonderzahl.
62221;Vj. Index der Tarifverdienste und Arbeitszeiten;JAHR;Jahr;2017;DINSGF;Früheres Bundesgebiet / Neue Länder;DN;Neue Länder;WZ08C7;WZ2008 (ausgewählte Positionen): Tarifindex;WZ08-24;Metallerzeugung und -bearbeitung;36,0;h;VST019;Durchschnittliche tarifliche Wochenarbeitszeit
62221;Vj. Index der Tarifverdienste und Arbeitszeiten;JAHR;Jahr;2017;DINSGF;Früheres Bundesgebiet / Neue Länder;DN;Neue Länder;WZ08C7;WZ2008 (ausgewählte Positionen): Tarifindex;WZ08-24;Metallerzeugung und -bearbeitung;94,8;2020=100;VST066;Index d.tarifl. Monatsverdienste ohne Sonderzahl.
62221;Vj. Index der Tarifverdienste und Arbeitszeiten;JAHR;Jahr;2017;DINSGF;Früheres Bundesgebiet / Neue Länder;DN;Neue Länder;WZ08C7;WZ2008 (ausgewählte Positionen): Tarifindex;WZ08-24;Metallerzeugung und -bearbeitung;100,0;2020=100;VST018;Index der tariflichen Wochenarbeitszeit
62221;Vj. Index der Tarifverdienste und Arbeitszeiten;JAHR;Jahr;2017;DINSGF;Früheres Bundesgebiet / Neue Länder;DN;Neue Länder;WZ08C7;WZ2008 (ausgewählte Positionen): Tarifindex;WZ08-24;Metallerzeugung und -bearbeitung;94,8;2020=100;VST065;Index d.tarifl. Stundenverdienste ohne Sonderzahl.
62221;Vj. Index der Tarifverdienste und Arbeitszeiten;JAHR;Jahr;2016;DINSGF;Früheres Bundesgebiet / Neue Länder;DF;Früheres Bundesgebiet;WZ08C7;WZ2008 (ausgewählte Positionen): Tarifindex;WZ08-13;Herstellung von Textilien;91,6;2020=100;VST072;Index d.tarifl. Stundenverdienste mit Sonderzahl.
62221;Vj. Index der Tarifverdienste und Arbeitszeiten;JAHR;Jahr;2016;DINSGF;Früheres Bundesgebiet / Neue Länder;DF;Früheres Bundesgebiet;WZ08C7;WZ2008 (ausgewählte Positionen): Tarifindex;WZ08-13;Herstellung von Textilien;91,6;2020=100;VST073;Index d.tarifl. Monatsverdienste mit Sonderzahl.
62221;Vj. Index der Tarifverdienste und Arbeitszeiten;JAHR;Jahr;2016;DINSGF;Früheres Bundesgebiet / Neue Länder;DF;Früheres Bundesgebiet;WZ08C7;WZ2008 (ausgewählte Positionen): Tarifindex;WZ08-13;Herstellung von Textilien;37,1;h;VST019;Durchschnittliche tarifliche Wochenarbeitszeit
62221;Vj. Index der Tarifverdienste und Arbeitszeiten;JAHR;Jahr;2016;DINSGF;Früheres Bundesgebiet / Neue Länder;DF;Früheres Bundesgebiet;WZ08C7;WZ2008 (ausgewählte Positionen): Tarifindex;WZ08-13;Herstellung von Textilien;92,0;2020=100;VST066;Index d.tarifl. Monatsverdienste ohne Sonderzahl.
62221;Vj. Index der Tarifverdienste und Arbeitszeiten;JAHR;Jahr;2016;DINSGF;Früheres Bundesgebiet / Neue Länder;DF;Früheres Bundesgebiet;WZ08C7;WZ2008 (ausgewählte Positionen): Tarifindex;WZ08-13;Herstellung von Textilien;100,0;2020=100;VST018;Index der tariflichen Wochenarbeitszeit
62221;Vj. Index der Tarifverdienste und Arbeitszeiten;JAHR;Jahr;2016;DINSGF;Früheres Bundesgebiet / Neue Länder;DF;Früheres Bundesgebiet;WZ08C7;WZ2008 (ausgewählte Positionen): Tarifindex;WZ08-13;Herstellung von Textilien;92,0;2020=100;VST065;Index d.tarifl. Stundenverdienste ohne Sonderzahl.
62221;Vj. Index der Tarifverdienste und Arbeitszeiten;JAHR;Jahr;2021;DINSGF;Früheres Bundesgebiet / Neue Länder;DN;Neue Länder;WZ08C7;WZ2008 (ausgewählte Positionen): Tarifindex;WZ08-29;Herstellung von Kraftwagen und Kraftwagenteilen;100,7;2020=100;VST072;Index d.tarifl. Stundenverdienste mit Sonderzahl.
62221;Vj. Index der Tarifverdienste und Arbeitszeiten;JAHR;Jahr;2021;DINSGF;Früheres Bundesgebiet / Neue Länder;DN;Neue Länder;WZ08C7;WZ2008 (ausgewählte Positionen): Tarifindex;WZ08-29;Herstellung von Kraftwagen und Kraftwagenteilen;100,7;2020=100;VST073;Index d.tarifl. Monatsverdienste mit Sonderzahl.
62221;Vj. Index der Tarifverdienste und Arbeitszeiten;JAHR;Jahr;2021;DINSGF;Früheres Bundesgebiet / Neue Länder;DN;Neue Länder;WZ08C7;WZ2008 (ausgewählte Positionen): Tarifindex;WZ08-29;Herstellung von Kraftwagen und Kraftwagenteilen;38,0;h;VST019;Durchschnittliche tarifliche Wochenarbeitszeit
62221;Vj. Index der Tarifverdienste und Arbeitszeiten;JAHR;Jahr;2021;DINSGF;Früheres Bundesgebiet / Neue Länder;DN;Neue Länder;WZ08C7;WZ2008 (ausgewählte Positionen): Tarifindex;WZ08-29;Herstellung von Kraftwagen und Kraftwagenteilen;100,1;2020=100;VST066;Index d.tarifl. Monatsverdienste ohne Sonderzahl.
62221;Vj. Index der Tarifverdienste und Arbeitszeiten;JAHR;Jahr;2021;DINSGF;Früheres Bundesgebiet / Neue Länder;DN;Neue Länder;WZ08C7;WZ2008 (ausgewählte Positionen): Tarifindex;WZ08-29;Herstellung von Kraftwagen und Kraftwagenteilen;100,0;2020=100;VST018;Index der tariflichen Wochenarbeitszeit
62221;Vj. Index der Tarifverdienste und Arbeitszeiten;JAHR;Jahr;2021;DINSGF;Früheres Bundesgebiet / Neue Länder;DN;Neue Länder;WZ08C7;WZ2008 (ausgewählte Positionen): Tarifindex;WZ08-29;Herstellung von Kraftwagen und Kraftwagenteilen;100,1;2020=100;VST065;Index d.tarifl. Stundenverdienste ohne Sonderzahl.
62221;Vj. Index der Tarifverdienste und Arbeitszeiten;JAHR;Jahr;2016;DINSGF;Früheres Bundesgebiet / Neue Länder;DF;Früheres Bundesgebiet;WZ08C7;WZ2008 (ausgewählte Positionen): Tarifindex;WZ08-22;Herstellung von Gummi- und Kunststoffwaren;90,7;2020=100;VST072;Index d.tarifl. Stundenverdienste mit Sonderzahl.
62221;Vj. Index der Tarifverdienste und Arbeitszeiten;JAHR;Jahr;2016;DINSGF;Früheres Bundesgebiet / Neue Länder;DF;Früheres Bundesgebiet;WZ08C7;WZ2008 (ausgewählte Positionen): Tarifindex;WZ08-22;Herstellung von Gummi- und Kunststoffwaren;90,7;2020=100;VST073;Index d.tarifl. Monatsverdienste mit Sonderzahl.
62221;Vj. Index der Tarifverdienste und Arbeitszeiten;JAHR;Jahr;2016;DINSGF;Früheres Bundesgebiet / Neue Länder;DF;Früheres Bundesgebiet;WZ08C7;WZ2008 (ausgewählte Positionen): Tarifindex;WZ08-22;Herstellung von Gummi- und Kunststoffwaren;37,0;h;VST019;Durchschnittliche tarifliche Wochenarbeitszeit
62221;Vj. Index der Tarifverdienste und Arbeitszeiten;JAHR;Jahr;2016;DINSGF;Früheres Bundesgebiet / Neue Länder;DF;Früheres Bundesgebiet;WZ08C7;WZ2008 (ausgewählte Positionen): Tarifindex;WZ08-22;Herstellung von Gummi- und Kunststoffwaren;91,8;2020=100;VST066;Index d.tarifl. Monatsverdienste ohne Sonderzahl.
62221;Vj. Index der Tarifverdienste und Arbeitszeiten;JAHR;Jahr;2016;DINSGF;Früheres Bundesgebiet / Neue Länder;DF;Früheres Bundesgebiet;WZ08C7;WZ2008 (ausgewählte Positionen): Tarifindex;WZ08-22;Herstellung von Gummi- und Kunststoffwaren;100,0;2020=100;VST018;Index der tariflichen Wochenarbeitszeit
62221;Vj. Index der Tarifverdienste und Arbeitszeiten;JAHR;Jahr;2016;DINSGF;Früheres Bundesgebiet / Neue Länder;DF;Früheres Bundesgebiet;WZ08C7;WZ2008 (ausgewählte Positionen): Tarifindex;WZ08-22;Herstellung von Gummi- und Kunststoffwaren;91,8;2020=100;VST065;Index d.tarifl. Stundenverdienste ohne Sonderzahl.
62221;Vj. Index der Tarifverdienste und Arbeitszeiten;JAHR;Jahr;2024;DINSGF;Früheres Bundesgebiet / Neue Länder;DF;Früheres Bundesgebiet;WZ08C7;WZ2008 (ausgewählte Positionen): Tarifindex;WZ08-45;Kfz-Handel, Instandhaltung und Reparatur von Kfz;112,9;2020=100;VST072;Index d.tarifl. Stundenverdienste mit Sonderzahl.
62221;Vj. Index der Tarifverdienste und Arbeitszeiten;JAHR;Jahr;2024;DINSGF;Früheres Bundesgebiet / Neue Länder;DF;Früheres Bundesgebiet;WZ08C7;WZ2008 (ausgewählte Positionen): Tarifindex;WZ08-45;Kfz-Handel, Instandhaltung und Reparatur von Kfz;112,9;2020=100;VST073;Index d.tarifl. Monatsverdienste mit Sonderzahl.
62221;Vj. Index der Tarifverdienste und Arbeitszeiten;JAHR;Jahr;2024;DINSGF;Früheres Bundesgebiet / Neue Länder;DF;Früheres Bundesgebiet;WZ08C7;WZ2008 (ausgewählte Positionen): Tarifindex;WZ08-45;Kfz-Handel, Instandhaltung und Reparatur von Kfz;36,5;h;VST019;Durchschnittliche tarifliche Wochenarbeitszeit
62221;Vj. Index der Tarifverdienste und Arbeitszeiten;JAHR;Jahr;2024;DINSGF;Früheres Bundesgebiet / Neue Länder;DF;Früheres Bundesgebiet;WZ08C7;WZ2008 (ausgewählte Positionen): Tarifindex;WZ08-45;Kfz-Handel, Instandhaltung und Reparatur von Kfz;109,6;2020=100;VST066;Index d.tarifl. Monatsverdienste ohne Sonderzahl.
62221;Vj. Index der Tarifverdienste und Arbeitszeiten;JAHR;Jahr;2024;DINSGF;Früheres Bundesgebiet / Neue Länder;DF;Früheres Bundesgebiet;WZ08C7;WZ2008 (ausgewählte Positionen): Tarifindex;WZ08-45;Kfz-Handel, Instandhaltung und Reparatur von Kfz;100,0;2020=100;VST018;Index der tariflichen Wochenarbeitszeit
62221;Vj. Index der Tarifverdienste und Arbeitszeiten;JAHR;Jahr;2024;DINSGF;Früheres Bundesgebiet / Neue Länder;DF;Früheres Bundesgebiet;WZ08C7;WZ2008 (ausgewählte Positionen): Tarifindex;WZ08-45;Kfz-Handel, Instandhaltung und Reparatur von Kfz;109,6;2020=100;VST065;Index d.tarifl. Stundenverdienste ohne Sonderzahl.
62221;Vj. Index der Tarifverdienste und Arbeitszeiten;JAHR;Jahr;2021;DINSGF;Früheres Bundesgebiet / Neue Länder;DN;Neue Länder;WZ08C7;WZ2008 (ausgewählte Positionen): Tarifindex;WZ08-05;Kohlenbergbau;101,3;2020=100;VST072;Index d.tarifl. Stundenverdienste mit Sonderzahl.
62221;Vj. Index der Tarifverdienste und Arbeitszeiten;JAHR;Jahr;2021;DINSGF;Früheres Bundesgebiet / Neue Länder;DN;Neue Länder;WZ08C7;WZ2008 (ausgewählte Positionen): Tarifindex;WZ08-05;Kohlenbergbau;101,3;2020=100;VST073;Index d.tarifl. Monatsverdienste mit Sonderzahl.
62221;Vj. Index der Tarifverdienste und Arbeitszeiten;JAHR;Jahr;2021;DINSGF;Früheres Bundesgebiet / Neue Länder;DN;Neue Länder;WZ08C7;WZ2008 (ausgewählte Positionen): Tarifindex;WZ08-05;Kohlenbergbau;37,0;h;VST019;Durchschnittliche tarifliche Wochenarbeitszeit
62221;Vj. Index der Tarifverdienste und Arbeitszeiten;JAHR;Jahr;2021;DINSGF;Früheres Bundesgebiet / Neue Länder;DN;Neue Länder;WZ08C7;WZ2008 (ausgewählte Positionen): Tarifindex;WZ08-05;Kohlenbergbau;101,0;2020=100;VST066;Index d.tarifl. Monatsverdienste ohne Sonderzahl.
62221;Vj. Index der Tarifverdienste und Arbeitszeiten;JAHR;Jahr;2021;DINSGF;Früheres Bundesgebiet / Neue Länder;DN;Neue Länder;WZ08C7;WZ2008 (ausgewählte Positionen): Tarifindex;WZ08-05;Kohlenbergbau;100,0;2020=100;VST018;Index der tariflichen Wochenarbeitszeit
62221;Vj. Index der Tarifverdienste und Arbeitszeiten;JAHR;Jahr;2021;DINSGF;Früheres Bundesgebiet / Neue Länder;DN;Neue Länder;WZ08C7;WZ2008 (ausgewählte Positionen): Tarifindex;WZ08-05;Kohlenbergbau;101,0;2020=100;VST065;Index d.tarifl. Stundenverdienste ohne Sonderzahl.
62221;Vj. Index der Tarifverdienste und Arbeitszeiten;JAHR;Jahr;2024;DINSGF;Früheres Bundesgebiet / Neue Länder;DF;Früheres Bundesgebiet;WZ08C7;WZ2008 (ausgewählte Positionen): Tarifindex;WZ08-21;Herstellung von pharmazeutischen Erzeugnissen;112,8;2020=100;VST072;Index d.tarifl. Stundenverdienste mit Sonderzahl.
62221;Vj. Index der Tarifverdienste und Arbeitszeiten;JAHR;Jahr;2024;DINSGF;Früheres Bundesgebiet / Neue Länder;DF;Früheres Bundesgebiet;WZ08C7;WZ2008 (ausgewählte Positionen): Tarifindex;WZ08-21;Herstellung von pharmazeutischen Erzeugnissen;112,6;2020=100;VST073;Index d.tarifl. Monatsverdienste mit Sonderzahl.
62221;Vj. Index der Tarifverdienste und Arbeitszeiten;JAHR;Jahr;2024;DINSGF;Früheres Bundesgebiet / Neue Länder;DF;Früheres Bundesgebiet;WZ08C7;WZ2008 (ausgewählte Positionen): Tarifindex;WZ08-21;Herstellung von pharmazeutischen Erzeugnissen;37,5;h;VST019;Durchschnittliche tarifliche Wochenarbeitszeit
62221;Vj. Index der Tarifverdienste und Arbeitszeiten;JAHR;Jahr;2024;DINSGF;Früheres Bundesgebiet / Neue Länder;DF;Früheres Bundesgebiet;WZ08C7;WZ2008 (ausgewählte Positionen): Tarifindex;WZ08-21;Herstellung von pharmazeutischen Erzeugnissen;109,5;2020=100;VST066;Index d.tarifl. Monatsverdienste ohne Sonderzahl.
62221;Vj. Index der Tarifverdienste und Arbeitszeiten;JAHR;Jahr;2024;DINSGF;Früheres Bundesgebiet / Neue Länder;DF;Früheres Bundesgebiet;WZ08C7;WZ2008 (ausgewählte Positionen): Tarifindex;WZ08-21;Herstellung von pharmazeutischen Erzeugnissen;99,9;2020=100;VST018;Index der tariflichen Wochenarbeitszeit
62221;Vj. Index der Tarifverdienste und Arbeitszeiten;JAHR;Jahr;2024;DINSGF;Früheres Bundesgebiet / Neue Länder;DF;Früheres Bundesgebiet;WZ08C7;WZ2008 (ausgewählte Positionen): Tarifindex;WZ08-21;Herstellung von pharmazeutischen Erzeugnissen;109,6;2020=100;VST065;Index d.tarifl. Stundenverdienste ohne Sonderzahl.
62221;Vj. Index der Tarifverdienste und Arbeitszeiten;JAHR;Jahr;2024;DINSGF;Früheres Bundesgebiet / Neue Länder;DF;Früheres Bundesgebiet;WZ08C7;WZ2008 (ausgewählte Positionen): Tarifindex;WZ08-36;Wasserversorgung;112,3;2020=100;VST072;Index d.tarifl. Stundenverdienste mit Sonderzahl.
62221;Vj. Index der Tarifverdienste und Arbeitszeiten;JAHR;Jahr;2024;DINSGF;Früheres Bundesgebiet / Neue Länder;DF;Früheres Bundesgebiet;WZ08C7;WZ2008 (ausgewählte Positionen): Tarifindex;WZ08-36;Wasserversorgung;112,3;2020=100;VST073;Index d.tarifl. Monatsverdienste mit Sonderzahl.
62221;Vj. Index der Tarifverdienste und Arbeitszeiten;JAHR;Jahr;2024;DINSGF;Früheres Bundesgebiet / Neue Länder;DF;Früheres Bundesgebiet;WZ08C7;WZ2008 (ausgewählte Positionen): Tarifindex;WZ08-36;Wasserversorgung;38,9;h;VST019;Durchschnittliche tarifliche Wochenarbeitszeit
62221;Vj. Index der Tarifverdienste und Arbeitszeiten;JAHR;Jahr;2024;DINSGF;Früheres Bundesgebiet / Neue Länder;DF;Früheres Bundesgebiet;WZ08C7;WZ2008 (ausgewählte Positionen): Tarifindex;WZ08-36;Wasserversorgung;112,2;2020=100;VST066;Index d.tarifl. Monatsverdienste ohne Sonderzahl.
62221;Vj. Index der Tarifverdienste und Arbeitszeiten;JAHR;Jahr;2024;DINSGF;Früheres Bundesgebiet / Neue Länder;DF;Früheres Bundesgebiet;WZ08C7;WZ2008 (ausgewählte Positionen): Tarifindex;WZ08-36;Wasserversorgung;100,0;2020=100;VST018;Index der tariflichen Wochenarbeitszeit
62221;Vj. Index der Tarifverdienste und Arbeitszeiten;JAHR;Jahr;2024;DINSGF;Früheres Bundesgebiet / Neue Länder;DF;Früheres Bundesgebiet;WZ08C7;WZ2008 (ausgewählte Positionen): Tarifindex;WZ08-36;Wasserversorgung;112,2;2020=100;VST065;Index d.tarifl. Stundenverdienste ohne Sonderzahl.
62221;Vj. Index der Tarifverdienste und Arbeitszeiten;JAHR;Jahr;2025;DINSGF;Früheres Bundesgebiet / Neue Länder;DN;Neue Länder;WZ08C7;WZ2008 (ausgewählte Positionen): Tarifindex;WZ08-B-11;Produzierendes Gewerbe, Handel u.A.;115,7;2020=100;VST072;Index d.tarifl. Stundenverdienste mit Sonderzahl.
62221;Vj. Index der Tarifverdienste und Arbeitszeiten;JAHR;Jahr;2025;DINSGF;Früheres Bundesgebiet / Neue Länder;DN;Neue Länder;WZ08C7;WZ2008 (ausgewählte Positionen): Tarifindex;WZ08-B-11;Produzierendes Gewerbe, Handel u.A.;115,5;2020=100;VST073;Index d.tarifl. Monatsverdienste mit Sonderzahl.
62221;Vj. Index der Tarifverdienste und Arbeitszeiten;JAHR;Jahr;2025;DINSGF;Früheres Bundesgebiet / Neue Länder;DN;Neue Länder;WZ08C7;WZ2008 (ausgewählte Positionen): Tarifindex;WZ08-B-11;Produzierendes Gewerbe, Handel u.A.;39,0;h;VST019;Durchschnittliche tarifliche Wochenarbeitszeit
62221;Vj. Index der Tarifverdienste und Arbeitszeiten;JAHR;Jahr;2025;DINSGF;Früheres Bundesgebiet / Neue Länder;DN;Neue Länder;WZ08C7;WZ2008 (ausgewählte Positionen): Tarifindex;WZ08-B-11;Produzierendes Gewerbe, Handel u.A.;115,5;2020=100;VST066;Index d.tarifl. Monatsverdienste ohne Sonderzahl.
62221;Vj. Index der Tarifverdienste und Arbeitszeiten;JAHR;Jahr;2025;DINSGF;Früheres Bundesgebiet / Neue Länder;DN;Neue Länder;WZ08C7;WZ2008 (ausgewählte Positionen): Tarifindex;WZ08-B-11;Produzierendes Gewerbe, Handel u.A.;99,8;2020=100;VST018;Index der tariflichen Wochenarbeitszeit
62221;Vj. Index der Tarifverdienste und Arbeitszeiten;JAHR;Jahr;2025;DINSGF;Früheres Bundesgebiet / Neue Länder;DN;Neue Länder;WZ08C7;WZ2008 (ausgewählte Positionen): Tarifindex;WZ08-B-11;Produzierendes Gewerbe, Handel u.A.;115,7;2020=100;VST065;Index d.tarifl. Stundenverdienste ohne Sonderzahl.
62221;Vj. Index der Tarifverdienste und Arbeitszeiten;JAHR;Jahr;2017;DINSGF;Früheres Bundesgebiet / Neue Länder;DF;Früheres Bundesgebiet;WZ08C7;WZ2008 (ausgewählte Positionen): Tarifindex;WZ08-75;Veterinärwesen;92,0;2020=100;VST072;Index d.tarifl. Stundenverdienste mit Sonderzahl.
62221;Vj. Index der Tarifverdienste und Arbeitszeiten;JAHR;Jahr;2017;DINSGF;Früheres Bundesgebiet / Neue Länder;DF;Früheres Bundesgebiet;WZ08C7;WZ2008 (ausgewählte Positionen): Tarifindex;WZ08-75;Veterinärwesen;92,0;2020=100;VST073;Index d.tarifl. Monatsverdienste mit Sonderzahl.
62221;Vj. Index der Tarifverdienste und Arbeitszeiten;JAHR;Jahr;2017;DINSGF;Früheres Bundesgebiet / Neue Länder;DF;Früheres Bundesgebiet;WZ08C7;WZ2008 (ausgewählte Positionen): Tarifindex;WZ08-75;Veterinärwesen;39,7;h;VST019;Durchschnittliche tarifliche Wochenarbeitszeit
62221;Vj. Index der Tarifverdienste und Arbeitszeiten;JAHR;Jahr;2017;DINSGF;Früheres Bundesgebiet / Neue Länder;DF;Früheres Bundesgebiet;WZ08C7;WZ2008 (ausgewählte Positionen): Tarifindex;WZ08-75;Veterinärwesen;91,8;2020=100;VST066;Index d.tarifl. Monatsverdienste ohne Sonderzahl.
62221;Vj. Index der Tarifverdienste und Arbeitszeiten;JAHR;Jahr;2017;DINSGF;Früheres Bundesgebiet / Neue Länder;DF;Früheres Bundesgebiet;WZ08C7;WZ2008 (ausgewählte Positionen): Tarifindex;WZ08-75;Veterinärwesen;100,0;2020=100;VST018;Index der tariflichen Wochenarbeitszeit
62221;Vj. Index der Tarifverdienste und Arbeitszeiten;JAHR;Jahr;2017;DINSGF;Früheres Bundesgebiet / Neue Länder;DF;Früheres Bundesgebiet;WZ08C7;WZ2008 (ausgewählte Positionen): Tarifindex;WZ08-75;Veterinärwesen;91,8;2020=100;VST065;Index d.tarifl. Stundenverdienste ohne Sonderzahl.
62221;Vj. Index der Tarifverdienste und Arbeitszeiten;JAHR;Jahr;2025;DINSGF;Früheres Bundesgebiet / Neue Länder;DF;Früheres Bundesgebiet;WZ08C7;WZ2008 (ausgewählte Positionen): Tarifindex;WZ08-38-01;Recycling, Beseitigung von Umweltverschmutzungen;115,9;2020=100;VST072;Index d.tarifl. Stundenverdienste mit Sonderzahl.
62221;Vj. Index der Tarifverdienste und Arbeitszeiten;JAHR;Jahr;2025;DINSGF;Früheres Bundesgebiet / Neue Länder;DF;Früheres Bundesgebiet;WZ08C7;WZ2008 (ausgewählte Positionen): Tarifindex;WZ08-38-01;Recycling, Beseitigung von Umweltverschmutzungen;115,9;2020=100;VST073;Index d.tarifl. Monatsverdienste mit Sonderzahl.
62221;Vj. Index der Tarifverdienste und Arbeitszeiten;JAHR;Jahr;2025;DINSGF;Früheres Bundesgebiet / Neue Länder;DF;Früheres Bundesgebiet;WZ08C7;WZ2008 (ausgewählte Positionen): Tarifindex;WZ08-38-01;Recycling, Beseitigung von Umweltverschmutzungen;38,8;h;VST019;Durchschnittliche tarifliche Wochenarbeitszeit
62221;Vj. Index der Tarifverdienste und Arbeitszeiten;JAHR;Jahr;2025;DINSGF;Früheres Bundesgebiet / Neue Länder;DF;Früheres Bundesgebiet;WZ08C7;WZ2008 (ausgewählte Positionen): Tarifindex;WZ08-38-01;Recycling, Beseitigung von Umweltverschmutzungen;116,2;2020=100;VST066;Index d.tarifl. Monatsverdienste ohne Sonderzahl.
62221;Vj. Index der Tarifverdienste und Arbeitszeiten;JAHR;Jahr;2025;DINSGF;Früheres Bundesgebiet / Neue Länder;DF;Früheres Bundesgebiet;WZ08C7;WZ2008 (ausgewählte Positionen): Tarifindex;WZ08-38-01;Recycling, Beseitigung von Umweltverschmutzungen;100,0;2020=100;VST018;Index der tariflichen Wochenarbeitszeit
62221;Vj. Index der Tarifverdienste und Arbeitszeiten;JAHR;Jahr;2025;DINSGF;Früheres Bundesgebiet / Neue Länder;DF;Früheres Bundesgebiet;WZ08C7;WZ2008 (ausgewählte Positionen): Tarifindex;WZ08-38-01;Recycling, Beseitigung von Umweltverschmutzungen;116,2;2020=100;VST065;Index d.tarifl. Stundenverdienste ohne Sonderzahl.
62221;Vj. Index der Tarifverdienste und Arbeitszeiten;JAHR;Jahr;2024;DINSGF;Früheres Bundesgebiet / Neue Länder;DF;Früheres Bundesgebiet;WZ08C7;WZ2008 (ausgewählte Positionen): Tarifindex;WZ08-Q;Gesundheits- und Sozialwesen;113,8;2020=100;VST072;Index d.tarifl. Stundenverdienste mit Sonderzahl.
62221;Vj. Index der Tarifverdienste und Arbeitszeiten;JAHR;Jahr;2024;DINSGF;Früheres Bundesgebiet / Neue Länder;DF;Früheres Bundesgebiet;WZ08C7;WZ2008 (ausgewählte Positionen): Tarifindex;WZ08-Q;Gesundheits- und Sozialwesen;113,8;2020=100;VST073;Index d.tarifl. Monatsverdienste mit Sonderzahl.
62221;Vj. Index der Tarifverdienste und Arbeitszeiten;JAHR;Jahr;2024;DINSGF;Früheres Bundesgebiet / Neue Länder;DF;Früheres Bundesgebiet;WZ08C7;WZ2008 (ausgewählte Positionen): Tarifindex;WZ08-Q;Gesundheits- und Sozialwesen;39,2;h;VST019;Durchschnittliche tarifliche Wochenarbeitszeit
62221;Vj. Index der Tarifverdienste und Arbeitszeiten;JAHR;Jahr;2024;DINSGF;Früheres Bundesgebiet / Neue Länder;DF;Früheres Bundesgebiet;WZ08C7;WZ2008 (ausgewählte Positionen): Tarifindex;WZ08-Q;Gesundheits- und Sozialwesen;112,4;2020=100;VST066;Index d.tarifl. Monatsverdienste ohne Sonderzahl.
62221;Vj. Index der Tarifverdienste und Arbeitszeiten;JAHR;Jahr;2024;DINSGF;Früheres Bundesgebiet / Neue Länder;DF;Früheres Bundesgebiet;WZ08C7;WZ2008 (ausgewählte Positionen): Tarifindex;WZ08-Q;Gesundheits- und Sozialwesen;99,7;2020=100;VST018;Index der tariflichen Wochenarbeitszeit
62221;Vj. Index der Tarifverdienste und Arbeitszeiten;JAHR;Jahr;2024;DINSGF;Früheres Bundesgebiet / Neue Länder;DF;Früheres Bundesgebiet;WZ08C7;WZ2008 (ausgewählte Positionen): Tarifindex;WZ08-Q;Gesundheits- und Sozialwesen;112,4;2020=100;VST065;Index d.tarifl. Stundenverdienste ohne Sonderzahl.
62221;Vj. Index der Tarifverdienste und Arbeitszeiten;JAHR;Jahr;2021;DINSGF;Früheres Bundesgebiet / Neue Länder;DN;Neue Länder;WZ08C7;WZ2008 (ausgewählte Positionen): Tarifindex;WZ08-14;Herstellung von Bekleidung;-;2020=100;VST072;Index d.tarifl. Stundenverdienste mit Sonderzahl.
62221;Vj. Index der Tarifverdienste und Arbeitszeiten;JAHR;Jahr;2021;DINSGF;Früheres Bundesgebiet / Neue Länder;DN;Neue Länder;WZ08C7;WZ2008 (ausgewählte Positionen): Tarifindex;WZ08-14;Herstellung von Bekleidung;-;2020=100;VST073;Index d.tarifl. Monatsverdienste mit Sonderzahl.
62221;Vj. Index der Tarifverdienste und Arbeitszeiten;JAHR;Jahr;2021;DINSGF;Früheres Bundesgebiet / Neue Länder;DN;Neue Länder;WZ08C7;WZ2008 (ausgewählte Positionen): Tarifindex;WZ08-14;Herstellung von Bekleidung;-;h;VST019;Durchschnittliche tarifliche Wochenarbeitszeit
62221;Vj. Index der Tarifverdienste und Arbeitszeiten;JAHR;Jahr;2021;DINSGF;Früheres Bundesgebiet / Neue Länder;DN;Neue Länder;WZ08C7;WZ2008 (ausgewählte Positionen): Tarifindex;WZ08-14;Herstellung von Bekleidung;-;2020=100;VST066;Index d.tarifl. Monatsverdienste ohne Sonderzahl.
62221;Vj. Index der Tarifverdienste und Arbeitszeiten;JAHR;Jahr;2021;DINSGF;Früheres Bundesgebiet / Neue Länder;DN;Neue Länder;WZ08C7;WZ2008 (ausgewählte Positionen): Tarifindex;WZ08-14;Herstellung von Bekleidung;-;2020=100;VST018;Index der tariflichen Wochenarbeitszeit
62221;Vj. Index der Tarifverdienste und Arbeitszeiten;JAHR;Jahr;2021;DINSGF;Früheres Bundesgebiet / Neue Länder;DN;Neue Länder;WZ08C7;WZ2008 (ausgewählte Positionen): Tarifindex;WZ08-14;Herstellung von Bekleidung;-;2020=100;VST065;Index d.tarifl. Stundenverdienste ohne Sonderzahl.
62221;Vj. Index der Tarifverdienste und Arbeitszeiten;JAHR;Jahr;2024;DINSGF;Früheres Bundesgebiet / Neue Länder;DF;Früheres Bundesgebiet;WZ08C7;WZ2008 (ausgewählte Positionen): Tarifindex;WZ08-12;Tabakverarbeitung;115,0;2020=100;VST072;Index d.tarifl. Stundenverdienste mit Sonderzahl.
62221;Vj. Index der Tarifverdienste und Arbeitszeiten;JAHR;Jahr;2024;DINSGF;Früheres Bundesgebiet / Neue Länder;DF;Früheres Bundesgebiet;WZ08C7;WZ2008 (ausgewählte Positionen): Tarifindex;WZ08-12;Tabakverarbeitung;115,0;2020=100;VST073;Index d.tarifl. Monatsverdienste mit Sonderzahl.
62221;Vj. Index der Tarifverdienste und Arbeitszeiten;JAHR;Jahr;2024;DINSGF;Früheres Bundesgebiet / Neue Länder;DF;Früheres Bundesgebiet;WZ08C7;WZ2008 (ausgewählte Positionen): Tarifindex;WZ08-12;Tabakverarbeitung;37,8;h;VST019;Durchschnittliche tarifliche Wochenarbeitszeit
62221;Vj. Index der Tarifverdienste und Arbeitszeiten;JAHR;Jahr;2024;DINSGF;Früheres Bundesgebiet / Neue Länder;DF;Früheres Bundesgebiet;WZ08C7;WZ2008 (ausgewählte Positionen): Tarifindex;WZ08-12;Tabakverarbeitung;114,5;2020=100;VST066;Index d.tarifl. Monatsverdienste ohne Sonderzahl.
62221;Vj. Index der Tarifverdienste und Arbeitszeiten;JAHR;Jahr;2024;DINSGF;Früheres Bundesgebiet / Neue Länder;DF;Früheres Bundesgebiet;WZ08C7;WZ2008 (ausgewählte Positionen): Tarifindex;WZ08-12;Tabakverarbeitung;100,0;2020=100;VST018;Index der tariflichen Wochenarbeitszeit
62221;Vj. Index der Tarifverdienste und Arbeitszeiten;JAHR;Jahr;2024;DINSGF;Früheres Bundesgebiet / Neue Länder;DF;Früheres Bundesgebiet;WZ08C7;WZ2008 (ausgewählte Positionen): Tarifindex;WZ08-12;Tabakverarbeitung;114,5;2020=100;VST065;Index d.tarifl. Stundenverdienste ohne Sonderzahl.
62221;Vj. Index der Tarifverdienste und Arbeitszeiten;JAHR;Jahr;2017;DINSGF;Früheres Bundesgebiet / Neue Länder;DF;Früheres Bundesgebiet;WZ08C7;WZ2008 (ausgewählte Positionen): Tarifindex;WZ08-24-01;Metallgewerbe;92,7;2020=100;VST072;Index d.tarifl. Stundenverdienste mit Sonderzahl.
62221;Vj. Index der Tarifverdienste und Arbeitszeiten;JAHR;Jahr;2017;DINSGF;Früheres Bundesgebiet / Neue Länder;DF;Früheres Bundesgebiet;WZ08C7;WZ2008 (ausgewählte Positionen): Tarifindex;WZ08-24-01;Metallgewerbe;92,7;2020=100;VST073;Index d.tarifl. Monatsverdienste mit Sonderzahl.
62221;Vj. Index der Tarifverdienste und Arbeitszeiten;JAHR;Jahr;2017;DINSGF;Früheres Bundesgebiet / Neue Länder;DF;Früheres Bundesgebiet;WZ08C7;WZ2008 (ausgewählte Positionen): Tarifindex;WZ08-24-01;Metallgewerbe;35,4;h;VST019;Durchschnittliche tarifliche Wochenarbeitszeit
62221;Vj. Index der Tarifverdienste und Arbeitszeiten;JAHR;Jahr;2017;DINSGF;Früheres Bundesgebiet / Neue Länder;DF;Früheres Bundesgebiet;WZ08C7;WZ2008 (ausgewählte Positionen): Tarifindex;WZ08-24-01;Metallgewerbe;95,0;2020=100;VST066;Index d.tarifl. Monatsverdienste ohne Sonderzahl.
62221;Vj. Index der Tarifverdienste und Arbeitszeiten;JAHR;Jahr;2017;DINSGF;Früheres Bundesgebiet / Neue Länder;DF;Früheres Bundesgebiet;WZ08C7;WZ2008 (ausgewählte Positionen): Tarifindex;WZ08-24-01;Metallgewerbe;100,0;2020=100;VST018;Index der tariflichen Wochenarbeitszeit
62221;Vj. Index der Tarifverdienste und Arbeitszeiten;JAHR;Jahr;2017;DINSGF;Früheres Bundesgebiet / Neue Länder;DF;Früheres Bundesgebiet;WZ08C7;WZ2008 (ausgewählte Positionen): Tarifindex;WZ08-24-01;Metallgewerbe;95,0;2020=100;VST065;Index d.tarifl. Stundenverdienste ohne Sonderzahl.
62221;Vj. Index der Tarifverdienste und Arbeitszeiten;JAHR;Jahr;2017;DINSGF;Früheres Bundesgebiet / Neue Länder;DF;Früheres Bundesgebiet;WZ08C7;WZ2008 (ausgewählte Positionen): Tarifindex;WZ08-60;Rundfunkveranstalter;91,9;2020=100;VST072;Index d.tarifl. Stundenverdienste mit Sonderzahl.
62221;Vj. Index der Tarifverdienste und Arbeitszeiten;JAHR;Jahr;2017;DINSGF;Früheres Bundesgebiet / Neue Länder;DF;Früheres Bundesgebiet;WZ08C7;WZ2008 (ausgewählte Positionen): Tarifindex;WZ08-60;Rundfunkveranstalter;91,9;2020=100;VST073;Index d.tarifl. Monatsverdienste mit Sonderzahl.
62221;Vj. Index der Tarifverdienste und Arbeitszeiten;JAHR;Jahr;2017;DINSGF;Früheres Bundesgebiet / Neue Länder;DF;Früheres Bundesgebiet;WZ08C7;WZ2008 (ausgewählte Positionen): Tarifindex;WZ08-60;Rundfunkveranstalter;38,7;h;VST019;Durchschnittliche tarifliche Wochenarbeitszeit
62221;Vj. Index der Tarifverdienste und Arbeitszeiten;JAHR;Jahr;2017;DINSGF;Früheres Bundesgebiet / Neue Länder;DF;Früheres Bundesgebiet;WZ08C7;WZ2008 (ausgewählte Positionen): Tarifindex;WZ08-60;Rundfunkveranstalter;92,5;2020=100;VST066;Index d.tarifl. Monatsverdienste ohne Sonderzahl.
62221;Vj. Index der Tarifverdienste und Arbeitszeiten;JAHR;Jahr;2017;DINSGF;Früheres Bundesgebiet / Neue Länder;DF;Früheres Bundesgebiet;WZ08C7;WZ2008 (ausgewählte Positionen): Tarifindex;WZ08-60;Rundfunkveranstalter;100,0;2020=100;VST018;Index der tariflichen Wochenarbeitszeit
62221;Vj. Index der Tarifverdienste und Arbeitszeiten;JAHR;Jahr;2017;DINSGF;Früheres Bundesgebiet / Neue Länder;DF;Früheres Bundesgebiet;WZ08C7;WZ2008 (ausgewählte Positionen): Tarifindex;WZ08-60;Rundfunkveranstalter;92,5;2020=100;VST065;Index d.tarifl. Stundenverdienste ohne Sonderzahl.
62221;Vj. Index der Tarifverdienste und Arbeitszeiten;JAHR;Jahr;2017;DINSGF;Früheres Bundesgebiet / Neue Länder;DN;Neue Länder;WZ08C7;WZ2008 (ausgewählte Positionen): Tarifindex;WZ08-51;Luftfahrt;-;2020=100;VST072;Index d.tarifl. Stundenverdienste mit Sonderzahl.
62221;Vj. Index der Tarifverdienste und Arbeitszeiten;JAHR;Jahr;2017;DINSGF;Früheres Bundesgebiet / Neue Länder;DN;Neue Länder;WZ08C7;WZ2008 (ausgewählte Positionen): Tarifindex;WZ08-51;Luftfahrt;-;2020=100;VST073;Index d.tarifl. Monatsverdienste mit Sonderzahl.
62221;Vj. Index der Tarifverdienste und Arbeitszeiten;JAHR;Jahr;2017;DINSGF;Früheres Bundesgebiet / Neue Länder;DN;Neue Länder;WZ08C7;WZ2008 (ausgewählte Positionen): Tarifindex;WZ08-51;Luftfahrt;-;h;VST019;Durchschnittliche tarifliche Wochenarbeitszeit
62221;Vj. Index der Tarifverdienste und Arbeitszeiten;JAHR;Jahr;2017;DINSGF;Früheres Bundesgebiet / Neue Länder;DN;Neue Länder;WZ08C7;WZ2008 (ausgewählte Positionen): Tarifindex;WZ08-51;Luftfahrt;-;2020=100;VST066;Index d.tarifl. Monatsverdienste ohne Sonderzahl.
62221;Vj. Index der Tarifverdienste und Arbeitszeiten;JAHR;Jahr;2017;DINSGF;Früheres Bundesgebiet / Neue Länder;DN;Neue Länder;WZ08C7;WZ2008 (ausgewählte Positionen): Tarifindex;WZ08-51;Luftfahrt;-;2020=100;VST018;Index der tariflichen Wochenarbeitszeit
62221;Vj. Index der Tarifverdienste und Arbeitszeiten;JAHR;Jahr;2017;DINSGF;Früheres Bundesgebiet / Neue Länder;DN;Neue Länder;WZ08C7;WZ2008 (ausgewählte Positionen): Tarifindex;WZ08-51;Luftfahrt;-;2020=100;VST065;Index d.tarifl. Stundenverdienste ohne Sonderzahl.
62221;Vj. Index der Tarifverdienste und Arbeitszeiten;JAHR;Jahr;2017;DINSGF;Früheres Bundesgebiet / Neue Länder;DN;Neue Länder;WZ08C7;WZ2008 (ausgewählte Positionen): Tarifindex;WZ08-D;Energieversorgung;95,3;2020=100;VST072;Index d.tarifl. Stundenverdienste mit Sonderzahl.
62221;Vj. Index der Tarifverdienste und Arbeitszeiten;JAHR;Jahr;2017;DINSGF;Früheres Bundesgebiet / Neue Länder;DN;Neue Länder;WZ08C7;WZ2008 (ausgewählte Positionen): Tarifindex;WZ08-D;Energieversorgung;95,3;2020=100;VST073;Index d.tarifl. Monatsverdienste mit Sonderzahl.
62221;Vj. Index der Tarifverdienste und Arbeitszeiten;JAHR;Jahr;2017;DINSGF;Früheres Bundesgebiet / Neue Länder;DN;Neue Länder;WZ08C7;WZ2008 (ausgewählte Positionen): Tarifindex;WZ08-D;Energieversorgung;38,1;h;VST019;Durchschnittliche tarifliche Wochenarbeitszeit
62221;Vj. Index der Tarifverdienste und Arbeitszeiten;JAHR;Jahr;2017;DINSGF;Früheres Bundesgebiet / Neue Länder;DN;Neue Länder;WZ08C7;WZ2008 (ausgewählte Positionen): Tarifindex;WZ08-D;Energieversorgung;94,8;2020=100;VST066;Index d.tarifl. Monatsverdienste ohne Sonderzahl.
62221;Vj. Index der Tarifverdienste und Arbeitszeiten;JAHR;Jahr;2017;DINSGF;Früheres Bundesgebiet / Neue Länder;DN;Neue Länder;WZ08C7;WZ2008 (ausgewählte Positionen): Tarifindex;WZ08-D;Energieversorgung;100,1;2020=100;VST018;Index der tariflichen Wochenarbeitszeit
62221;Vj. Index der Tarifverdienste und Arbeitszeiten;JAHR;Jahr;2017;DINSGF;Früheres Bundesgebiet / Neue Länder;DN;Neue Länder;WZ08C7;WZ2008 (ausgewählte Positionen): Tarifindex;WZ08-D;Energieversorgung;94,7;2020=100;VST065;Index d.tarifl. Stundenverdienste ohne Sonderzahl.
62221;Vj. Index der Tarifverdienste und Arbeitszeiten;JAHR;Jahr;2017;DINSGF;Früheres Bundesgebiet / Neue Länder;DF;Früheres Bundesgebiet;WZ08C7;WZ2008 (ausgewählte Positionen): Tarifindex;WZ-X003;Gebrauchsgüterproduzenten;92,8;2020=100;VST072;Index d.tarifl. Stundenverdienste mit Sonderzahl.
62221;Vj. Index der Tarifverdienste und Arbeitszeiten;JAHR;Jahr;2017;DINSGF;Früheres Bundesgebiet / Neue Länder;DF;Früheres Bundesgebiet;WZ08C7;WZ2008 (ausgewählte Positionen): Tarifindex;WZ-X003;Gebrauchsgüterproduzenten;92,8;2020=100;VST073;Index d.tarifl. Monatsverdienste mit Sonderzahl.
62221;Vj. Index der Tarifverdienste und Arbeitszeiten;JAHR;Jahr;2017;DINSGF;Früheres Bundesgebiet / Neue Länder;DF;Früheres Bundesgebiet;WZ08C7;WZ2008 (ausgewählte Positionen): Tarifindex;WZ-X003;Gebrauchsgüterproduzenten;36,5;h;VST019;Durchschnittliche tarifliche Wochenarbeitszeit
62221;Vj. Index der Tarifverdienste und Arbeitszeiten;JAHR;Jahr;2017;DINSGF;Früheres Bundesgebiet / Neue Länder;DF;Früheres Bundesgebiet;WZ08C7;WZ2008 (ausgewählte Positionen): Tarifindex;WZ-X003;Gebrauchsgüterproduzenten;94,1;2020=100;VST066;Index d.tarifl. Monatsverdienste ohne Sonderzahl.
62221;Vj. Index der Tarifverdienste und Arbeitszeiten;JAHR;Jahr;2017;DINSGF;Früheres Bundesgebiet / Neue Länder;DF;Früheres Bundesgebiet;WZ08C7;WZ2008 (ausgewählte Positionen): Tarifindex;WZ-X003;Gebrauchsgüterproduzenten;100,0;2020=100;VST018;Index der tariflichen Wochenarbeitszeit
62221;Vj. Index der Tarifverdienste und Arbeitszeiten;JAHR;Jahr;2017;DINSGF;Früheres Bundesgebiet / Neue Länder;DF;Früheres Bundesgebiet;WZ08C7;WZ2008 (ausgewählte Positionen): Tarifindex;WZ-X003;Gebrauchsgüterproduzenten;94,1;2020=100;VST065;Index d.tarifl. Stundenverdienste ohne Sonderzahl.
62221;Vj. Index der Tarifverdienste und Arbeitszeiten;JAHR;Jahr;2024;DINSGF;Früheres Bundesgebiet / Neue Länder;DF;Früheres Bundesgebiet;WZ08C7;WZ2008 (ausgewählte Positionen): Tarifindex;WZ08-K;Erbringung v. Finanz- u. Versicherungsdienstleist.;109,4;2020=100;VST072;Index d.tarifl. Stundenverdienste mit Sonderzahl.
62221;Vj. Index der Tarifverdienste und Arbeitszeiten;JAHR;Jahr;2024;DINSGF;Früheres Bundesgebiet / Neue Länder;DF;Früheres Bundesgebiet;WZ08C7;WZ2008 (ausgewählte Positionen): Tarifindex;WZ08-K;Erbringung v. Finanz- u. Versicherungsdienstleist.;109,4;2020=100;VST073;Index d.tarifl. Monatsverdienste mit Sonderzahl.
62221;Vj. Index der Tarifverdienste und Arbeitszeiten;JAHR;Jahr;2024;DINSGF;Früheres Bundesgebiet / Neue Länder;DF;Früheres Bundesgebiet;WZ08C7;WZ2008 (ausgewählte Positionen): Tarifindex;WZ08-K;Erbringung v. Finanz- u. Versicherungsdienstleist.;38,7;h;VST019;Durchschnittliche tarifliche Wochenarbeitszeit
62221;Vj. Index der Tarifverdienste und Arbeitszeiten;JAHR;Jahr;2024;DINSGF;Früheres Bundesgebiet / Neue Länder;DF;Früheres Bundesgebiet;WZ08C7;WZ2008 (ausgewählte Positionen): Tarifindex;WZ08-K;Erbringung v. Finanz- u. Versicherungsdienstleist.;109,0;2020=100;VST066;Index d.tarifl. Monatsverdienste ohne Sonderzahl.
62221;Vj. Index der Tarifverdienste und Arbeitszeiten;JAHR;Jahr;2024;DINSGF;Früheres Bundesgebiet / Neue Länder;DF;Früheres Bundesgebiet;WZ08C7;WZ2008 (ausgewählte Positionen): Tarifindex;WZ08-K;Erbringung v. Finanz- u. Versicherungsdienstleist.;100,0;2020=100;VST018;Index der tariflichen Wochenarbeitszeit
62221;Vj. Index der Tarifverdienste und Arbeitszeiten;JAHR;Jahr;2024;DINSGF;Früheres Bundesgebiet / Neue Länder;DF;Früheres Bundesgebiet;WZ08C7;WZ2008 (ausgewählte Positionen): Tarifindex;WZ08-K;Erbringung v. Finanz- u. Versicherungsdienstleist.;109,0;2020=100;VST065;Index d.tarifl. Stundenverdienste ohne Sonderzahl.
62221;Vj. Index der Tarifverdienste und Arbeitszeiten;JAHR;Jahr;2016;DINSGF;Früheres Bundesgebiet / Neue Länder;DN;Neue Länder;WZ08C7;WZ2008 (ausgewählte Positionen): Tarifindex;WZ08-01-01;Land- und Forstwirtschaft;87,0;2020=100;VST072;Index d.tarifl. Stundenverdienste mit Sonderzahl.
62221;Vj. Index der Tarifverdienste und Arbeitszeiten;JAHR;Jahr;2016;DINSGF;Früheres Bundesgebiet / Neue Länder;DN;Neue Länder;WZ08C7;WZ2008 (ausgewählte Positionen): Tarifindex;WZ08-01-01;Land- und Forstwirtschaft;87,0;2020=100;VST073;Index d.tarifl. Monatsverdienste mit Sonderzahl.
62221;Vj. Index der Tarifverdienste und Arbeitszeiten;JAHR;Jahr;2016;DINSGF;Früheres Bundesgebiet / Neue Länder;DN;Neue Länder;WZ08C7;WZ2008 (ausgewählte Positionen): Tarifindex;WZ08-01-01;Land- und Forstwirtschaft;39,8;h;VST019;Durchschnittliche tarifliche Wochenarbeitszeit
62221;Vj. Index der Tarifverdienste und Arbeitszeiten;JAHR;Jahr;2016;DINSGF;Früheres Bundesgebiet / Neue Länder;DN;Neue Länder;WZ08C7;WZ2008 (ausgewählte Positionen): Tarifindex;WZ08-01-01;Land- und Forstwirtschaft;86,6;2020=100;VST066;Index d.tarifl. Monatsverdienste ohne Sonderzahl.
62221;Vj. Index der Tarifverdienste und Arbeitszeiten;JAHR;Jahr;2016;DINSGF;Früheres Bundesgebiet / Neue Länder;DN;Neue Länder;WZ08C7;WZ2008 (ausgewählte Positionen): Tarifindex;WZ08-01-01;Land- und Forstwirtschaft;100,0;2020=100;VST018;Index der tariflichen Wochenarbeitszeit
62221;Vj. Index der Tarifverdienste und Arbeitszeiten;JAHR;Jahr;2016;DINSGF;Früheres Bundesgebiet / Neue Länder;DN;Neue Länder;WZ08C7;WZ2008 (ausgewählte Positionen): Tarifindex;WZ08-01-01;Land- und Forstwirtschaft;86,6;2020=100;VST065;Index d.tarifl. Stundenverdienste ohne Sonderzahl.
62221;Vj. Index der Tarifverdienste und Arbeitszeiten;JAHR;Jahr;2019;DINSGF;Früheres Bundesgebiet / Neue Länder;DF;Früheres Bundesgebiet;WZ08C7;WZ2008 (ausgewählte Positionen): Tarifindex;WZ08-B-08;Produzierendes Gewerbe und Dienstleistungsbereich;98,0;2020=100;VST072;Index d.tarifl. Stundenverdienste mit Sonderzahl.
62221;Vj. Index der Tarifverdienste und Arbeitszeiten;JAHR;Jahr;2019;DINSGF;Früheres Bundesgebiet / Neue Länder;DF;Früheres Bundesgebiet;WZ08C7;WZ2008 (ausgewählte Positionen): Tarifindex;WZ08-B-08;Produzierendes Gewerbe und Dienstleistungsbereich;98,0;2020=100;VST073;Index d.tarifl. Monatsverdienste mit Sonderzahl.
62221;Vj. Index der Tarifverdienste und Arbeitszeiten;JAHR;Jahr;2019;DINSGF;Früheres Bundesgebiet / Neue Länder;DF;Früheres Bundesgebiet;WZ08C7;WZ2008 (ausgewählte Positionen): Tarifindex;WZ08-B-08;Produzierendes Gewerbe und Dienstleistungsbereich;38,4;h;VST019;Durchschnittliche tarifliche Wochenarbeitszeit
62221;Vj. Index der Tarifverdienste und Arbeitszeiten;JAHR;Jahr;2019;DINSGF;Früheres Bundesgebiet / Neue Länder;DF;Früheres Bundesgebiet;WZ08C7;WZ2008 (ausgewählte Positionen): Tarifindex;WZ08-B-08;Produzierendes Gewerbe und Dienstleistungsbereich;97,8;2020=100;VST066;Index d.tarifl. Monatsverdienste ohne Sonderzahl.
62221;Vj. Index der Tarifverdienste und Arbeitszeiten;JAHR;Jahr;2019;DINSGF;Früheres Bundesgebiet / Neue Länder;DF;Früheres Bundesgebiet;WZ08C7;WZ2008 (ausgewählte Positionen): Tarifindex;WZ08-B-08;Produzierendes Gewerbe und Dienstleistungsbereich;100,0;2020=100;VST018;Index der tariflichen Wochenarbeitszeit
62221;Vj. Index der Tarifverdienste und Arbeitszeiten;JAHR;Jahr;2019;DINSGF;Früheres Bundesgebiet / Neue Länder;DF;Früheres Bundesgebiet;WZ08C7;WZ2008 (ausgewählte Positionen): Tarifindex;WZ08-B-08;Produzierendes Gewerbe und Dienstleistungsbereich;97,8;2020=100;VST065;Index d.tarifl. Stundenverdienste ohne Sonderzahl.
62221;Vj. Index der Tarifverdienste und Arbeitszeiten;JAHR;Jahr;2017;DINSGF;Früheres Bundesgebiet / Neue Länder;DN;Neue Länder;WZ08C7;WZ2008 (ausgewählte Positionen): Tarifindex;WZ08-P;Erziehung und Unterricht;90,7;2020=100;VST072;Index d.tarifl. Stundenverdienste mit Sonderzahl.
62221;Vj. Index der Tarifverdienste und Arbeitszeiten;JAHR;Jahr;2017;DINSGF;Früheres Bundesgebiet / Neue Länder;DN;Neue Länder;WZ08C7;WZ2008 (ausgewählte Positionen): Tarifindex;WZ08-P;Erziehung und Unterricht;90,7;2020=100;VST073;Index d.tarifl. Monatsverdienste mit Sonderzahl.
62221;Vj. Index der Tarifverdienste und Arbeitszeiten;JAHR;Jahr;2017;DINSGF;Früheres Bundesgebiet / Neue Länder;DN;Neue Länder;WZ08C7;WZ2008 (ausgewählte Positionen): Tarifindex;WZ08-P;Erziehung und Unterricht;39,5;h;VST019;Durchschnittliche tarifliche Wochenarbeitszeit
62221;Vj. Index der Tarifverdienste und Arbeitszeiten;JAHR;Jahr;2017;DINSGF;Früheres Bundesgebiet / Neue Länder;DN;Neue Länder;WZ08C7;WZ2008 (ausgewählte Positionen): Tarifindex;WZ08-P;Erziehung und Unterricht;90,0;2020=100;VST066;Index d.tarifl. Monatsverdienste ohne Sonderzahl.
62221;Vj. Index der Tarifverdienste und Arbeitszeiten;JAHR;Jahr;2017;DINSGF;Früheres Bundesgebiet / Neue Länder;DN;Neue Länder;WZ08C7;WZ2008 (ausgewählte Positionen): Tarifindex;WZ08-P;Erziehung und Unterricht;100,0;2020=100;VST018;Index der tariflichen Wochenarbeitszeit
62221;Vj. Index der Tarifverdienste und Arbeitszeiten;JAHR;Jahr;2017;DINSGF;Früheres Bundesgebiet / Neue Länder;DN;Neue Länder;WZ08C7;WZ2008 (ausgewählte Positionen): Tarifindex;WZ08-P;Erziehung und Unterricht;90,0;2020=100;VST065;Index d.tarifl. Stundenverdienste ohne Sonderzahl.
62221;Vj. Index der Tarifverdienste und Arbeitszeiten;JAHR;Jahr;2017;DINSGF;Früheres Bundesgebiet / Neue Länder;DN;Neue Länder;WZ08C7;WZ2008 (ausgewählte Positionen): Tarifindex;WZ08-J;Information und Kommunikation;91,8;2020=100;VST072;Index d.tarifl. Stundenverdienste mit Sonderzahl.
62221;Vj. Index der Tarifverdienste und Arbeitszeiten;JAHR;Jahr;2017;DINSGF;Früheres Bundesgebiet / Neue Länder;DN;Neue Länder;WZ08C7;WZ2008 (ausgewählte Positionen): Tarifindex;WZ08-J;Information und Kommunikation;93,0;2020=100;VST073;Index d.tarifl. Monatsverdienste mit Sonderzahl.
62221;Vj. Index der Tarifverdienste und Arbeitszeiten;JAHR;Jahr;2017;DINSGF;Früheres Bundesgebiet / Neue Länder;DN;Neue Länder;WZ08C7;WZ2008 (ausgewählte Positionen): Tarifindex;WZ08-J;Information und Kommunikation;38,2;h;VST019;Durchschnittliche tarifliche Wochenarbeitszeit
62221;Vj. Index der Tarifverdienste und Arbeitszeiten;JAHR;Jahr;2017;DINSGF;Früheres Bundesgebiet / Neue Länder;DN;Neue Länder;WZ08C7;WZ2008 (ausgewählte Positionen): Tarifindex;WZ08-J;Information und Kommunikation;92,9;2020=100;VST066;Index d.tarifl. Monatsverdienste ohne Sonderzahl.
62221;Vj. Index der Tarifverdienste und Arbeitszeiten;JAHR;Jahr;2017;DINSGF;Früheres Bundesgebiet / Neue Länder;DN;Neue Länder;WZ08C7;WZ2008 (ausgewählte Positionen): Tarifindex;WZ08-J;Information und Kommunikation;101,0;2020=100;VST018;Index der tariflichen Wochenarbeitszeit
62221;Vj. Index der Tarifverdienste und Arbeitszeiten;JAHR;Jahr;2017;DINSGF;Früheres Bundesgebiet / Neue Länder;DN;Neue Länder;WZ08C7;WZ2008 (ausgewählte Positionen): Tarifindex;WZ08-J;Information und Kommunikation;91,7;2020=100;VST065;Index d.tarifl. Stundenverdienste ohne Sonderzahl.
62221;Vj. Index der Tarifverdienste und Arbeitszeiten;JAHR;Jahr;2019;DINSGF;Früheres Bundesgebiet / Neue Länder;DF;Früheres Bundesgebiet;WZ08C7;WZ2008 (ausgewählte Positionen): Tarifindex;WZ08-B-11;Produzierendes Gewerbe, Handel u.A.;98,3;2020=100;VST072;Index d.tarifl. Stundenverdienste mit Sonderzahl.
62221;Vj. Index der Tarifverdienste und Arbeitszeiten;JAHR;Jahr;2019;DINSGF;Früheres Bundesgebiet / Neue Länder;DF;Früheres Bundesgebiet;WZ08C7;WZ2008 (ausgewählte Positionen): Tarifindex;WZ08-B-11;Produzierendes Gewerbe, Handel u.A.;98,3;2020=100;VST073;Index d.tarifl. Monatsverdienste mit Sonderzahl.
62221;Vj. Index der Tarifverdienste und Arbeitszeiten;JAHR;Jahr;2019;DINSGF;Früheres Bundesgebiet / Neue Länder;DF;Früheres Bundesgebiet;WZ08C7;WZ2008 (ausgewählte Positionen): Tarifindex;WZ08-B-11;Produzierendes Gewerbe, Handel u.A.;38,1;h;VST019;Durchschnittliche tarifliche Wochenarbeitszeit
62221;Vj. Index der Tarifverdienste und Arbeitszeiten;JAHR;Jahr;2019;DINSGF;Früheres Bundesgebiet / Neue Länder;DF;Früheres Bundesgebiet;WZ08C7;WZ2008 (ausgewählte Positionen): Tarifindex;WZ08-B-11;Produzierendes Gewerbe, Handel u.A.;98,2;2020=100;VST066;Index d.tarifl. Monatsverdienste ohne Sonderzahl.
62221;Vj. Index der Tarifverdienste und Arbeitszeiten;JAHR;Jahr;2019;DINSGF;Früheres Bundesgebiet / Neue Länder;DF;Früheres Bundesgebiet;WZ08C7;WZ2008 (ausgewählte Positionen): Tarifindex;WZ08-B-11;Produzierendes Gewerbe, Handel u.A.;100,0;2020=100;VST018;Index der tariflichen Wochenarbeitszeit
62221;Vj. Index der Tarifverdienste und Arbeitszeiten;JAHR;Jahr;2019;DINSGF;Früheres Bundesgebiet / Neue Länder;DF;Früheres Bundesgebiet;WZ08C7;WZ2008 (ausgewählte Positionen): Tarifindex;WZ08-B-11;Produzierendes Gewerbe, Handel u.A.;98,2;2020=100;VST065;Index d.tarifl. Stundenverdienste ohne Sonderzahl.
62221;Vj. Index der Tarifverdienste und Arbeitszeiten;JAHR;Jahr;2018;DINSGF;Früheres Bundesgebiet / Neue Länder;DN;Neue Länder;WZ08C7;WZ2008 (ausgewählte Positionen): Tarifindex;WZ08-80;Wach- und Sicherheitsdienste sowie Detekteien;90,0;2020=100;VST072;Index d.tarifl. Stundenverdienste mit Sonderzahl.
62221;Vj. Index der Tarifverdienste und Arbeitszeiten;JAHR;Jahr;2018;DINSGF;Früheres Bundesgebiet / Neue Länder;DN;Neue Länder;WZ08C7;WZ2008 (ausgewählte Positionen): Tarifindex;WZ08-80;Wach- und Sicherheitsdienste sowie Detekteien;90,0;2020=100;VST073;Index d.tarifl. Monatsverdienste mit Sonderzahl.
62221;Vj. Index der Tarifverdienste und Arbeitszeiten;JAHR;Jahr;2018;DINSGF;Früheres Bundesgebiet / Neue Länder;DN;Neue Länder;WZ08C7;WZ2008 (ausgewählte Positionen): Tarifindex;WZ08-80;Wach- und Sicherheitsdienste sowie Detekteien;40,0;h;VST019;Durchschnittliche tarifliche Wochenarbeitszeit
62221;Vj. Index der Tarifverdienste und Arbeitszeiten;JAHR;Jahr;2018;DINSGF;Früheres Bundesgebiet / Neue Länder;DN;Neue Länder;WZ08C7;WZ2008 (ausgewählte Positionen): Tarifindex;WZ08-80;Wach- und Sicherheitsdienste sowie Detekteien;90,0;2020=100;VST066;Index d.tarifl. Monatsverdienste ohne Sonderzahl.
62221;Vj. Index der Tarifverdienste und Arbeitszeiten;JAHR;Jahr;2018;DINSGF;Früheres Bundesgebiet / Neue Länder;DN;Neue Länder;WZ08C7;WZ2008 (ausgewählte Positionen): Tarifindex;WZ08-80;Wach- und Sicherheitsdienste sowie Detekteien;100,0;2020=100;VST018;Index der tariflichen Wochenarbeitszeit
62221;Vj. Index der Tarifverdienste und Arbeitszeiten;JAHR;Jahr;2018;DINSGF;Früheres Bundesgebiet / Neue Länder;DN;Neue Länder;WZ08C7;WZ2008 (ausgewählte Positionen): Tarifindex;WZ08-80;Wach- und Sicherheitsdienste sowie Detekteien;90,0;2020=100;VST065;Index d.tarifl. Stundenverdienste ohne Sonderzahl.
62221;Vj. Index der Tarifverdienste und Arbeitszeiten;JAHR;Jahr;2023;DINSGF;Früheres Bundesgebiet / Neue Länder;DF;Früheres Bundesgebiet;WZ08C7;WZ2008 (ausgewählte Positionen): Tarifindex;WZ08-59;Film, TV-Programme, Kinos, Tonstudios, Musikverlag;104,7;2020=100;VST072;Index d.tarifl. Stundenverdienste mit Sonderzahl.
62221;Vj. Index der Tarifverdienste und Arbeitszeiten;JAHR;Jahr;2023;DINSGF;Früheres Bundesgebiet / Neue Länder;DF;Früheres Bundesgebiet;WZ08C7;WZ2008 (ausgewählte Positionen): Tarifindex;WZ08-59;Film, TV-Programme, Kinos, Tonstudios, Musikverlag;104,7;2020=100;VST073;Index d.tarifl. Monatsverdienste mit Sonderzahl.
62221;Vj. Index der Tarifverdienste und Arbeitszeiten;JAHR;Jahr;2023;DINSGF;Früheres Bundesgebiet / Neue Länder;DF;Früheres Bundesgebiet;WZ08C7;WZ2008 (ausgewählte Positionen): Tarifindex;WZ08-59;Film, TV-Programme, Kinos, Tonstudios, Musikverlag;39,0;h;VST019;Durchschnittliche tarifliche Wochenarbeitszeit
62221;Vj. Index der Tarifverdienste und Arbeitszeiten;JAHR;Jahr;2023;DINSGF;Früheres Bundesgebiet / Neue Länder;DF;Früheres Bundesgebiet;WZ08C7;WZ2008 (ausgewählte Positionen): Tarifindex;WZ08-59;Film, TV-Programme, Kinos, Tonstudios, Musikverlag;104,5;2020=100;VST066;Index d.tarifl. Monatsverdienste ohne Sonderzahl.
62221;Vj. Index der Tarifverdienste und Arbeitszeiten;JAHR;Jahr;2023;DINSGF;Früheres Bundesgebiet / Neue Länder;DF;Früheres Bundesgebiet;WZ08C7;WZ2008 (ausgewählte Positionen): Tarifindex;WZ08-59;Film, TV-Programme, Kinos, Tonstudios, Musikverlag;100,0;2020=100;VST018;Index der tariflichen Wochenarbeitszeit
62221;Vj. Index der Tarifverdienste und Arbeitszeiten;JAHR;Jahr;2023;DINSGF;Früheres Bundesgebiet / Neue Länder;DF;Früheres Bundesgebiet;WZ08C7;WZ2008 (ausgewählte Positionen): Tarifindex;WZ08-59;Film, TV-Programme, Kinos, Tonstudios, Musikverlag;104,5;2020=100;VST065;Index d.tarifl. Stundenverdienste ohne Sonderzahl.
62221;Vj. Index der Tarifverdienste und Arbeitszeiten;JAHR;Jahr;2019;DINSGF;Früheres Bundesgebiet / Neue Länder;DF;Früheres Bundesgebiet;WZ08C7;WZ2008 (ausgewählte Positionen): Tarifindex;WZ08-13-01;Textil- und Bekleidungsgewerbe;98,5;2020=100;VST072;Index d.tarifl. Stundenverdienste mit Sonderzahl.
62221;Vj. Index der Tarifverdienste und Arbeitszeiten;JAHR;Jahr;2019;DINSGF;Früheres Bundesgebiet / Neue Länder;DF;Früheres Bundesgebiet;WZ08C7;WZ2008 (ausgewählte Positionen): Tarifindex;WZ08-13-01;Textil- und Bekleidungsgewerbe;98,5;2020=100;VST073;Index d.tarifl. Monatsverdienste mit Sonderzahl.
62221;Vj. Index der Tarifverdienste und Arbeitszeiten;JAHR;Jahr;2019;DINSGF;Früheres Bundesgebiet / Neue Länder;DF;Früheres Bundesgebiet;WZ08C7;WZ2008 (ausgewählte Positionen): Tarifindex;WZ08-13-01;Textil- und Bekleidungsgewerbe;37,1;h;VST019;Durchschnittliche tarifliche Wochenarbeitszeit
62221;Vj. Index der Tarifverdienste und Arbeitszeiten;JAHR;Jahr;2019;DINSGF;Früheres Bundesgebiet / Neue Länder;DF;Früheres Bundesgebiet;WZ08C7;WZ2008 (ausgewählte Positionen): Tarifindex;WZ08-13-01;Textil- und Bekleidungsgewerbe;98,1;2020=100;VST066;Index d.tarifl. Monatsverdienste ohne Sonderzahl.
62221;Vj. Index der Tarifverdienste und Arbeitszeiten;JAHR;Jahr;2019;DINSGF;Früheres Bundesgebiet / Neue Länder;DF;Früheres Bundesgebiet;WZ08C7;WZ2008 (ausgewählte Positionen): Tarifindex;WZ08-13-01;Textil- und Bekleidungsgewerbe;100,0;2020=100;VST018;Index der tariflichen Wochenarbeitszeit
62221;Vj. Index der Tarifverdienste und Arbeitszeiten;JAHR;Jahr;2019;DINSGF;Früheres Bundesgebiet / Neue Länder;DF;Früheres Bundesgebiet;WZ08C7;WZ2008 (ausgewählte Positionen): Tarifindex;WZ08-13-01;Textil- und Bekleidungsgewerbe;98,1;2020=100;VST065;Index d.tarifl. Stundenverdienste ohne Sonderzahl.
62221;Vj. Index der Tarifverdienste und Arbeitszeiten;JAHR;Jahr;2019;DINSGF;Früheres Bundesgebiet / Neue Länder;DN;Neue Länder;WZ08C7;WZ2008 (ausgewählte Positionen): Tarifindex;WZ08-36;Wasserversorgung;97,6;2020=100;VST072;Index d.tarifl. Stundenverdienste mit Sonderzahl.
62221;Vj. Index der Tarifverdienste und Arbeitszeiten;JAHR;Jahr;2019;DINSGF;Früheres Bundesgebiet / Neue Länder;DN;Neue Länder;WZ08C7;WZ2008 (ausgewählte Positionen): Tarifindex;WZ08-36;Wasserversorgung;97,6;2020=100;VST073;Index d.tarifl. Monatsverdienste mit Sonderzahl.
62221;Vj. Index der Tarifverdienste und Arbeitszeiten;JAHR;Jahr;2019;DINSGF;Früheres Bundesgebiet / Neue Länder;DN;Neue Länder;WZ08C7;WZ2008 (ausgewählte Positionen): Tarifindex;WZ08-36;Wasserversorgung;39,0;h;VST019;Durchschnittliche tarifliche Wochenarbeitszeit
62221;Vj. Index der Tarifverdienste und Arbeitszeiten;JAHR;Jahr;2019;DINSGF;Früheres Bundesgebiet / Neue Länder;DN;Neue Länder;WZ08C7;WZ2008 (ausgewählte Positionen): Tarifindex;WZ08-36;Wasserversorgung;98,3;2020=100;VST066;Index d.tarifl. Monatsverdienste ohne Sonderzahl.
62221;Vj. Index der Tarifverdienste und Arbeitszeiten;JAHR;Jahr;2019;DINSGF;Früheres Bundesgebiet / Neue Länder;DN;Neue Länder;WZ08C7;WZ2008 (ausgewählte Positionen): Tarifindex;WZ08-36;Wasserversorgung;100,0;2020=100;VST018;Index der tariflichen Wochenarbeitszeit
62221;Vj. Index der Tarifverdienste und Arbeitszeiten;JAHR;Jahr;2019;DINSGF;Früheres Bundesgebiet / Neue Länder;DN;Neue Länder;WZ08C7;WZ2008 (ausgewählte Positionen): Tarifindex;WZ08-36;Wasserversorgung;98,3;2020=100;VST065;Index d.tarifl. Stundenverdienste ohne Sonderzahl.
62221;Vj. Index der Tarifverdienste und Arbeitszeiten;JAHR;Jahr;2020;DINSGF;Früheres Bundesgebiet / Neue Länder;DF;Früheres Bundesgebiet;WZ08C7;WZ2008 (ausgewählte Positionen): Tarifindex;WZ08-K;Erbringung v. Finanz- u. Versicherungsdienstleist.;100,0;2020=100;VST072;Index d.tarifl. Stundenverdienste mit Sonderzahl.
62221;Vj. Index der Tarifverdienste und Arbeitszeiten;JAHR;Jahr;2020;DINSGF;Früheres Bundesgebiet / Neue Länder;DF;Früheres Bundesgebiet;WZ08C7;WZ2008 (ausgewählte Positionen): Tarifindex;WZ08-K;Erbringung v. Finanz- u. Versicherungsdienstleist.;100,0;2020=100;VST073;Index d.tarifl. Monatsverdienste mit Sonderzahl.
62221;Vj. Index der Tarifverdienste und Arbeitszeiten;JAHR;Jahr;2020;DINSGF;Früheres Bundesgebiet / Neue Länder;DF;Früheres Bundesgebiet;WZ08C7;WZ2008 (ausgewählte Positionen): Tarifindex;WZ08-K;Erbringung v. Finanz- u. Versicherungsdienstleist.;38,7;h;VST019;Durchschnittliche tarifliche Wochenarbeitszeit
62221;Vj. Index der Tarifverdienste und Arbeitszeiten;JAHR;Jahr;2020;DINSGF;Früheres Bundesgebiet / Neue Länder;DF;Früheres Bundesgebiet;WZ08C7;WZ2008 (ausgewählte Positionen): Tarifindex;WZ08-K;Erbringung v. Finanz- u. Versicherungsdienstleist.;100,0;2020=100;VST066;Index d.tarifl. Monatsverdienste ohne Sonderzahl.
62221;Vj. Index der Tarifverdienste und Arbeitszeiten;JAHR;Jahr;2020;DINSGF;Früheres Bundesgebiet / Neue Länder;DF;Früheres Bundesgebiet;WZ08C7;WZ2008 (ausgewählte Positionen): Tarifindex;WZ08-K;Erbringung v. Finanz- u. Versicherungsdienstleist.;100,0;2020=100;VST018;Index der tariflichen Wochenarbeitszeit
62221;Vj. Index der Tarifverdienste und Arbeitszeiten;JAHR;Jahr;2020;DINSGF;Früheres Bundesgebiet / Neue Länder;DF;Früheres Bundesgebiet;WZ08C7;WZ2008 (ausgewählte Positionen): Tarifindex;WZ08-K;Erbringung v. Finanz- u. Versicherungsdienstleist.;100,0;2020=100;VST065;Index d.tarifl. Stundenverdienste ohne Sonderzahl.
62221;Vj. Index der Tarifverdienste und Arbeitszeiten;JAHR;Jahr;2018;DINSGF;Früheres Bundesgebiet / Neue Länder;DF;Früheres Bundesgebiet;WZ08C7;WZ2008 (ausgewählte Positionen): Tarifindex;WZ08-52;Lagerei, sonstige Dienstleistungen für den Verkehr;95,0;2020=100;VST072;Index d.tarifl. Stundenverdienste mit Sonderzahl.
62221;Vj. Index der Tarifverdienste und Arbeitszeiten;JAHR;Jahr;2018;DINSGF;Früheres Bundesgebiet / Neue Länder;DF;Früheres Bundesgebiet;WZ08C7;WZ2008 (ausgewählte Positionen): Tarifindex;WZ08-52;Lagerei, sonstige Dienstleistungen für den Verkehr;95,0;2020=100;VST073;Index d.tarifl. Monatsverdienste mit Sonderzahl.
62221;Vj. Index der Tarifverdienste und Arbeitszeiten;JAHR;Jahr;2018;DINSGF;Früheres Bundesgebiet / Neue Länder;DF;Früheres Bundesgebiet;WZ08C7;WZ2008 (ausgewählte Positionen): Tarifindex;WZ08-52;Lagerei, sonstige Dienstleistungen für den Verkehr;38,6;h;VST019;Durchschnittliche tarifliche Wochenarbeitszeit
62221;Vj. Index der Tarifverdienste und Arbeitszeiten;JAHR;Jahr;2018;DINSGF;Früheres Bundesgebiet / Neue Länder;DF;Früheres Bundesgebiet;WZ08C7;WZ2008 (ausgewählte Positionen): Tarifindex;WZ08-52;Lagerei, sonstige Dienstleistungen für den Verkehr;95,4;2020=100;VST066;Index d.tarifl. Monatsverdienste ohne Sonderzahl.
62221;Vj. Index der Tarifverdienste und Arbeitszeiten;JAHR;Jahr;2018;DINSGF;Früheres Bundesgebiet / Neue Länder;DF;Früheres Bundesgebiet;WZ08C7;WZ2008 (ausgewählte Positionen): Tarifindex;WZ08-52;Lagerei, sonstige Dienstleistungen für den Verkehr;100,0;2020=100;VST018;Index der tariflichen Wochenarbeitszeit
62221;Vj. Index der Tarifverdienste und Arbeitszeiten;JAHR;Jahr;2018;DINSGF;Früheres Bundesgebiet / Neue Länder;DF;Früheres Bundesgebiet;WZ08C7;WZ2008 (ausgewählte Positionen): Tarifindex;WZ08-52;Lagerei, sonstige Dienstleistungen für den Verkehr;95,4;2020=100;VST065;Index d.tarifl. Stundenverdienste ohne Sonderzahl.
62221;Vj. Index der Tarifverdienste und Arbeitszeiten;JAHR;Jahr;2024;DINSGF;Früheres Bundesgebiet / Neue Länder;DN;Neue Länder;WZ08C7;WZ2008 (ausgewählte Positionen): Tarifindex;WZ08-82;Dienstleistungen für Unternehmen u.Privatpers. ang;117,0;2020=100;VST072;Index d.tarifl. Stundenverdienste mit Sonderzahl.
62221;Vj. Index der Tarifverdienste und Arbeitszeiten;JAHR;Jahr;2024;DINSGF;Früheres Bundesgebiet / Neue Länder;DN;Neue Länder;WZ08C7;WZ2008 (ausgewählte Positionen): Tarifindex;WZ08-82;Dienstleistungen für Unternehmen u.Privatpers. ang;117,0;2020=100;VST073;Index d.tarifl. Monatsverdienste mit Sonderzahl.
62221;Vj. Index der Tarifverdienste und Arbeitszeiten;JAHR;Jahr;2024;DINSGF;Früheres Bundesgebiet / Neue Länder;DN;Neue Länder;WZ08C7;WZ2008 (ausgewählte Positionen): Tarifindex;WZ08-82;Dienstleistungen für Unternehmen u.Privatpers. ang;38,2;h;VST019;Durchschnittliche tarifliche Wochenarbeitszeit
62221;Vj. Index der Tarifverdienste und Arbeitszeiten;JAHR;Jahr;2024;DINSGF;Früheres Bundesgebiet / Neue Länder;DN;Neue Länder;WZ08C7;WZ2008 (ausgewählte Positionen): Tarifindex;WZ08-82;Dienstleistungen für Unternehmen u.Privatpers. ang;112,6;2020=100;VST066;Index d.tarifl. Monatsverdienste ohne Sonderzahl.
62221;Vj. Index der Tarifverdienste und Arbeitszeiten;JAHR;Jahr;2024;DINSGF;Früheres Bundesgebiet / Neue Länder;DN;Neue Länder;WZ08C7;WZ2008 (ausgewählte Positionen): Tarifindex;WZ08-82;Dienstleistungen für Unternehmen u.Privatpers. ang;100,0;2020=100;VST018;Index der tariflichen Wochenarbeitszeit
62221;Vj. Index der Tarifverdienste und Arbeitszeiten;JAHR;Jahr;2024;DINSGF;Früheres Bundesgebiet / Neue Länder;DN;Neue Länder;WZ08C7;WZ2008 (ausgewählte Positionen): Tarifindex;WZ08-82;Dienstleistungen für Unternehmen u.Privatpers. ang;112,6;2020=100;VST065;Index d.tarifl. Stundenverdienste ohne Sonderzahl.
62221;Vj. Index der Tarifverdienste und Arbeitszeiten;JAHR;Jahr;2017;DINSGF;Früheres Bundesgebiet / Neue Länder;DN;Neue Länder;WZ08C7;WZ2008 (ausgewählte Positionen): Tarifindex;WZ-X003;Gebrauchsgüterproduzenten;92,9;2020=100;VST072;Index d.tarifl. Stundenverdienste mit Sonderzahl.
62221;Vj. Index der Tarifverdienste und Arbeitszeiten;JAHR;Jahr;2017;DINSGF;Früheres Bundesgebiet / Neue Länder;DN;Neue Länder;WZ08C7;WZ2008 (ausgewählte Positionen): Tarifindex;WZ-X003;Gebrauchsgüterproduzenten;93,1;2020=100;VST073;Index d.tarifl. Monatsverdienste mit Sonderzahl.
62221;Vj. Index der Tarifverdienste und Arbeitszeiten;JAHR;Jahr;2017;DINSGF;Früheres Bundesgebiet / Neue Länder;DN;Neue Länder;WZ08C7;WZ2008 (ausgewählte Positionen): Tarifindex;WZ-X003;Gebrauchsgüterproduzenten;37,8;h;VST019;Durchschnittliche tarifliche Wochenarbeitszeit
62221;Vj. Index der Tarifverdienste und Arbeitszeiten;JAHR;Jahr;2017;DINSGF;Früheres Bundesgebiet / Neue Länder;DN;Neue Länder;WZ08C7;WZ2008 (ausgewählte Positionen): Tarifindex;WZ-X003;Gebrauchsgüterproduzenten;94,6;2020=100;VST066;Index d.tarifl. Monatsverdienste ohne Sonderzahl.
62221;Vj. Index der Tarifverdienste und Arbeitszeiten;JAHR;Jahr;2017;DINSGF;Früheres Bundesgebiet / Neue Länder;DN;Neue Länder;WZ08C7;WZ2008 (ausgewählte Positionen): Tarifindex;WZ-X003;Gebrauchsgüterproduzenten;100,4;2020=100;VST018;Index der tariflichen Wochenarbeitszeit
62221;Vj. Index der Tarifverdienste und Arbeitszeiten;JAHR;Jahr;2017;DINSGF;Früheres Bundesgebiet / Neue Länder;DN;Neue Länder;WZ08C7;WZ2008 (ausgewählte Positionen): Tarifindex;WZ-X003;Gebrauchsgüterproduzenten;94,3;2020=100;VST065;Index d.tarifl. Stundenverdienste ohne Sonderzahl.
62221;Vj. Index der Tarifverdienste und Arbeitszeiten;JAHR;Jahr;2018;DINSGF;Früheres Bundesgebiet / Neue Länder;DF;Früheres Bundesgebiet;WZ08C7;WZ2008 (ausgewählte Positionen): Tarifindex;WZ08-10-01;Ernährungsgewerbe und Tabakverarbeitung;95,4;2020=100;VST072;Index d.tarifl. Stundenverdienste mit Sonderzahl.
62221;Vj. Index der Tarifverdienste und Arbeitszeiten;JAHR;Jahr;2018;DINSGF;Früheres Bundesgebiet / Neue Länder;DF;Früheres Bundesgebiet;WZ08C7;WZ2008 (ausgewählte Positionen): Tarifindex;WZ08-10-01;Ernährungsgewerbe und Tabakverarbeitung;95,4;2020=100;VST073;Index d.tarifl. Monatsverdienste mit Sonderzahl.
62221;Vj. Index der Tarifverdienste und Arbeitszeiten;JAHR;Jahr;2018;DINSGF;Früheres Bundesgebiet / Neue Länder;DF;Früheres Bundesgebiet;WZ08C7;WZ2008 (ausgewählte Positionen): Tarifindex;WZ08-10-01;Ernährungsgewerbe und Tabakverarbeitung;38,3;h;VST019;Durchschnittliche tarifliche Wochenarbeitszeit
62221;Vj. Index der Tarifverdienste und Arbeitszeiten;JAHR;Jahr;2018;DINSGF;Früheres Bundesgebiet / Neue Länder;DF;Früheres Bundesgebiet;WZ08C7;WZ2008 (ausgewählte Positionen): Tarifindex;WZ08-10-01;Ernährungsgewerbe und Tabakverarbeitung;95,6;2020=100;VST066;Index d.tarifl. Monatsverdienste ohne Sonderzahl.
62221;Vj. Index der Tarifverdienste und Arbeitszeiten;JAHR;Jahr;2018;DINSGF;Früheres Bundesgebiet / Neue Länder;DF;Früheres Bundesgebiet;WZ08C7;WZ2008 (ausgewählte Positionen): Tarifindex;WZ08-10-01;Ernährungsgewerbe und Tabakverarbeitung;100,0;2020=100;VST018;Index der tariflichen Wochenarbeitszeit
62221;Vj. Index der Tarifverdienste und Arbeitszeiten;JAHR;Jahr;2018;DINSGF;Früheres Bundesgebiet / Neue Länder;DF;Früheres Bundesgebiet;WZ08C7;WZ2008 (ausgewählte Positionen): Tarifindex;WZ08-10-01;Ernährungsgewerbe und Tabakverarbeitung;95,6;2020=100;VST065;Index d.tarifl. Stundenverdienste ohne Sonderzahl.
62221;Vj. Index der Tarifverdienste und Arbeitszeiten;JAHR;Jahr;2019;DINSGF;Früheres Bundesgebiet / Neue Länder;DN;Neue Länder;WZ08C7;WZ2008 (ausgewählte Positionen): Tarifindex;WZ08-30;Sonstiger Fahrzeugbau;99,9;2020=100;VST072;Index d.tarifl. Stundenverdienste mit Sonderzahl.
62221;Vj. Index der Tarifverdienste und Arbeitszeiten;JAHR;Jahr;2019;DINSGF;Früheres Bundesgebiet / Neue Länder;DN;Neue Länder;WZ08C7;WZ2008 (ausgewählte Positionen): Tarifindex;WZ08-30;Sonstiger Fahrzeugbau;99,9;2020=100;VST073;Index d.tarifl. Monatsverdienste mit Sonderzahl.
62221;Vj. Index der Tarifverdienste und Arbeitszeiten;JAHR;Jahr;2019;DINSGF;Früheres Bundesgebiet / Neue Länder;DN;Neue Länder;WZ08C7;WZ2008 (ausgewählte Positionen): Tarifindex;WZ08-30;Sonstiger Fahrzeugbau;37,9;h;VST019;Durchschnittliche tarifliche Wochenarbeitszeit
62221;Vj. Index der Tarifverdienste und Arbeitszeiten;JAHR;Jahr;2019;DINSGF;Früheres Bundesgebiet / Neue Länder;DN;Neue Länder;WZ08C7;WZ2008 (ausgewählte Positionen): Tarifindex;WZ08-30;Sonstiger Fahrzeugbau;99,6;2020=100;VST066;Index d.tarifl. Monatsverdienste ohne Sonderzahl.
62221;Vj. Index der Tarifverdienste und Arbeitszeiten;JAHR;Jahr;2019;DINSGF;Früheres Bundesgebiet / Neue Länder;DN;Neue Länder;WZ08C7;WZ2008 (ausgewählte Positionen): Tarifindex;WZ08-30;Sonstiger Fahrzeugbau;100,0;2020=100;VST018;Index der tariflichen Wochenarbeitszeit
62221;Vj. Index der Tarifverdienste und Arbeitszeiten;JAHR;Jahr;2019;DINSGF;Früheres Bundesgebiet / Neue Länder;DN;Neue Länder;WZ08C7;WZ2008 (ausgewählte Positionen): Tarifindex;WZ08-30;Sonstiger Fahrzeugbau;99,6;2020=100;VST065;Index d.tarifl. Stundenverdienste ohne Sonderzahl.
62221;Vj. Index der Tarifverdienste und Arbeitszeiten;JAHR;Jahr;2020;DINSGF;Früheres Bundesgebiet / Neue Länder;DF;Früheres Bundesgebiet;WZ08C7;WZ2008 (ausgewählte Positionen): Tarifindex;WZ08-E;Wasserversorg.,Entsorg.,Beseitig.v.Umweltverschm.;100,0;2020=100;VST072;Index d.tarifl. Stundenverdienste mit Sonderzahl.
62221;Vj. Index der Tarifverdienste und Arbeitszeiten;JAHR;Jahr;2020;DINSGF;Früheres Bundesgebiet / Neue Länder;DF;Früheres Bundesgebiet;WZ08C7;WZ2008 (ausgewählte Positionen): Tarifindex;WZ08-E;Wasserversorg.,Entsorg.,Beseitig.v.Umweltverschm.;100,0;2020=100;VST073;Index d.tarifl. Monatsverdienste mit Sonderzahl.
62221;Vj. Index der Tarifverdienste und Arbeitszeiten;JAHR;Jahr;2020;DINSGF;Früheres Bundesgebiet / Neue Länder;DF;Früheres Bundesgebiet;WZ08C7;WZ2008 (ausgewählte Positionen): Tarifindex;WZ08-E;Wasserversorg.,Entsorg.,Beseitig.v.Umweltverschm.;38,9;h;VST019;Durchschnittliche tarifliche Wochenarbeitszeit
62221;Vj. Index der Tarifverdienste und Arbeitszeiten;JAHR;Jahr;2020;DINSGF;Früheres Bundesgebiet / Neue Länder;DF;Früheres Bundesgebiet;WZ08C7;WZ2008 (ausgewählte Positionen): Tarifindex;WZ08-E;Wasserversorg.,Entsorg.,Beseitig.v.Umweltverschm.;100,0;2020=100;VST066;Index d.tarifl. Monatsverdienste ohne Sonderzahl.
62221;Vj. Index der Tarifverdienste und Arbeitszeiten;JAHR;Jahr;2020;DINSGF;Früheres Bundesgebiet / Neue Länder;DF;Früheres Bundesgebiet;WZ08C7;WZ2008 (ausgewählte Positionen): Tarifindex;WZ08-E;Wasserversorg.,Entsorg.,Beseitig.v.Umweltverschm.;100,0;2020=100;VST018;Index der tariflichen Wochenarbeitszeit
62221;Vj. Index der Tarifverdienste und Arbeitszeiten;JAHR;Jahr;2020;DINSGF;Früheres Bundesgebiet / Neue Länder;DF;Früheres Bundesgebiet;WZ08C7;WZ2008 (ausgewählte Positionen): Tarifindex;WZ08-E;Wasserversorg.,Entsorg.,Beseitig.v.Umweltverschm.;100,0;2020=100;VST065;Index d.tarifl. Stundenverdienste ohne Sonderzahl.
62221;Vj. Index der Tarifverdienste und Arbeitszeiten;JAHR;Jahr;2020;DINSGF;Früheres Bundesgebiet / Neue Länder;DF;Früheres Bundesgebiet;WZ08C7;WZ2008 (ausgewählte Positionen): Tarifindex;WZ08-88;Sozialwesen (ohne Heime);100,0;2020=100;VST072;Index d.tarifl. Stundenverdienste mit Sonderzahl.
62221;Vj. Index der Tarifverdienste und Arbeitszeiten;JAHR;Jahr;2020;DINSGF;Früheres Bundesgebiet / Neue Länder;DF;Früheres Bundesgebiet;WZ08C7;WZ2008 (ausgewählte Positionen): Tarifindex;WZ08-88;Sozialwesen (ohne Heime);100,0;2020=100;VST073;Index d.tarifl. Monatsverdienste mit Sonderzahl.
62221;Vj. Index der Tarifverdienste und Arbeitszeiten;JAHR;Jahr;2020;DINSGF;Früheres Bundesgebiet / Neue Länder;DF;Früheres Bundesgebiet;WZ08C7;WZ2008 (ausgewählte Positionen): Tarifindex;WZ08-88;Sozialwesen (ohne Heime);39,1;h;VST019;Durchschnittliche tarifliche Wochenarbeitszeit
62221;Vj. Index der Tarifverdienste und Arbeitszeiten;JAHR;Jahr;2020;DINSGF;Früheres Bundesgebiet / Neue Länder;DF;Früheres Bundesgebiet;WZ08C7;WZ2008 (ausgewählte Positionen): Tarifindex;WZ08-88;Sozialwesen (ohne Heime);100,0;2020=100;VST066;Index d.tarifl. Monatsverdienste ohne Sonderzahl.
62221;Vj. Index der Tarifverdienste und Arbeitszeiten;JAHR;Jahr;2020;DINSGF;Früheres Bundesgebiet / Neue Länder;DF;Früheres Bundesgebiet;WZ08C7;WZ2008 (ausgewählte Positionen): Tarifindex;WZ08-88;Sozialwesen (ohne Heime);100,0;2020=100;VST018;Index der tariflichen Wochenarbeitszeit
62221;Vj. Index der Tarifverdienste und Arbeitszeiten;JAHR;Jahr;2020;DINSGF;Früheres Bundesgebiet / Neue Länder;DF;Früheres Bundesgebiet;WZ08C7;WZ2008 (ausgewählte Positionen): Tarifindex;WZ08-88;Sozialwesen (ohne Heime);100,0;2020=100;VST065;Index d.tarifl. Stundenverdienste ohne Sonderzahl.
62221;Vj. Index der Tarifverdienste und Arbeitszeiten;JAHR;Jahr;2021;DINSGF;Früheres Bundesgebiet / Neue Länder;DF;Früheres Bundesgebiet;WZ08C7;WZ2008 (ausgewählte Positionen): Tarifindex;WZ08-01-01;Land- und Forstwirtschaft;101,5;2020=100;VST072;Index d.tarifl. Stundenverdienste mit Sonderzahl.
62221;Vj. Index der Tarifverdienste und Arbeitszeiten;JAHR;Jahr;2021;DINSGF;Früheres Bundesgebiet / Neue Länder;DF;Früheres Bundesgebiet;WZ08C7;WZ2008 (ausgewählte Positionen): Tarifindex;WZ08-01-01;Land- und Forstwirtschaft;101,5;2020=100;VST073;Index d.tarifl. Monatsverdienste mit Sonderzahl.
62221;Vj. Index der Tarifverdienste und Arbeitszeiten;JAHR;Jahr;2021;DINSGF;Früheres Bundesgebiet / Neue Länder;DF;Früheres Bundesgebiet;WZ08C7;WZ2008 (ausgewählte Positionen): Tarifindex;WZ08-01-01;Land- und Forstwirtschaft;39,8;h;VST019;Durchschnittliche tarifliche Wochenarbeitszeit
62221;Vj. Index der Tarifverdienste und Arbeitszeiten;JAHR;Jahr;2021;DINSGF;Früheres Bundesgebiet / Neue Länder;DF;Früheres Bundesgebiet;WZ08C7;WZ2008 (ausgewählte Positionen): Tarifindex;WZ08-01-01;Land- und Forstwirtschaft;101,3;2020=100;VST066;Index d.tarifl. Monatsverdienste ohne Sonderzahl.
62221;Vj. Index der Tarifverdienste und Arbeitszeiten;JAHR;Jahr;2021;DINSGF;Früheres Bundesgebiet / Neue Länder;DF;Früheres Bundesgebiet;WZ08C7;WZ2008 (ausgewählte Positionen): Tarifindex;WZ08-01-01;Land- und Forstwirtschaft;100,0;2020=100;VST018;Index der tariflichen Wochenarbeitszeit
62221;Vj. Index der Tarifverdienste und Arbeitszeiten;JAHR;Jahr;2021;DINSGF;Früheres Bundesgebiet / Neue Länder;DF;Früheres Bundesgebiet;WZ08C7;WZ2008 (ausgewählte Positionen): Tarifindex;WZ08-01-01;Land- und Forstwirtschaft;101,3;2020=100;VST065;Index d.tarifl. Stundenverdienste ohne Sonderzahl.
62221;Vj. Index der Tarifverdienste und Arbeitszeiten;JAHR;Jahr;2023;DINSGF;Früheres Bundesgebiet / Neue Länder;DN;Neue Länder;WZ08C7;WZ2008 (ausgewählte Positionen): Tarifindex;WZ08-10-02;Ernährungsgewerbe;109,8;2020=100;VST072;Index d.tarifl. Stundenverdienste mit Sonderzahl.
62221;Vj. Index der Tarifverdienste und Arbeitszeiten;JAHR;Jahr;2023;DINSGF;Früheres Bundesgebiet / Neue Länder;DN;Neue Länder;WZ08C7;WZ2008 (ausgewählte Positionen): Tarifindex;WZ08-10-02;Ernährungsgewerbe;109,4;2020=100;VST073;Index d.tarifl. Monatsverdienste mit Sonderzahl.
62221;Vj. Index der Tarifverdienste und Arbeitszeiten;JAHR;Jahr;2023;DINSGF;Früheres Bundesgebiet / Neue Länder;DN;Neue Länder;WZ08C7;WZ2008 (ausgewählte Positionen): Tarifindex;WZ08-10-02;Ernährungsgewerbe;38,6;h;VST019;Durchschnittliche tarifliche Wochenarbeitszeit
62221;Vj. Index der Tarifverdienste und Arbeitszeiten;JAHR;Jahr;2023;DINSGF;Früheres Bundesgebiet / Neue Länder;DN;Neue Länder;WZ08C7;WZ2008 (ausgewählte Positionen): Tarifindex;WZ08-10-02;Ernährungsgewerbe;108,9;2020=100;VST066;Index d.tarifl. Monatsverdienste ohne Sonderzahl.
62221;Vj. Index der Tarifverdienste und Arbeitszeiten;JAHR;Jahr;2023;DINSGF;Früheres Bundesgebiet / Neue Länder;DN;Neue Länder;WZ08C7;WZ2008 (ausgewählte Positionen): Tarifindex;WZ08-10-02;Ernährungsgewerbe;99,7;2020=100;VST018;Index der tariflichen Wochenarbeitszeit
62221;Vj. Index der Tarifverdienste und Arbeitszeiten;JAHR;Jahr;2023;DINSGF;Früheres Bundesgebiet / Neue Länder;DN;Neue Länder;WZ08C7;WZ2008 (ausgewählte Positionen): Tarifindex;WZ08-10-02;Ernährungsgewerbe;109,3;2020=100;VST065;Index d.tarifl. Stundenverdienste ohne Sonderzahl.
62221;Vj. Index der Tarifverdienste und Arbeitszeiten;JAHR;Jahr;2024;DINSGF;Früheres Bundesgebiet / Neue Länder;DN;Neue Länder;WZ08C7;WZ2008 (ausgewählte Positionen): Tarifindex;WZ08-88;Sozialwesen (ohne Heime);116,5;2020=100;VST072;Index d.tarifl. Stundenverdienste mit Sonderzahl.
62221;Vj. Index der Tarifverdienste und Arbeitszeiten;JAHR;Jahr;2024;DINSGF;Früheres Bundesgebiet / Neue Länder;DN;Neue Länder;WZ08C7;WZ2008 (ausgewählte Positionen): Tarifindex;WZ08-88;Sozialwesen (ohne Heime);115,9;2020=100;VST073;Index d.tarifl. Monatsverdienste mit Sonderzahl.
62221;Vj. Index der Tarifverdienste und Arbeitszeiten;JAHR;Jahr;2024;DINSGF;Früheres Bundesgebiet / Neue Länder;DN;Neue Länder;WZ08C7;WZ2008 (ausgewählte Positionen): Tarifindex;WZ08-88;Sozialwesen (ohne Heime);39,1;h;VST019;Durchschnittliche tarifliche Wochenarbeitszeit
62221;Vj. Index der Tarifverdienste und Arbeitszeiten;JAHR;Jahr;2024;DINSGF;Früheres Bundesgebiet / Neue Länder;DN;Neue Länder;WZ08C7;WZ2008 (ausgewählte Positionen): Tarifindex;WZ08-88;Sozialwesen (ohne Heime);114,0;2020=100;VST066;Index d.tarifl. Monatsverdienste ohne Sonderzahl.
62221;Vj. Index der Tarifverdienste und Arbeitszeiten;JAHR;Jahr;2024;DINSGF;Früheres Bundesgebiet / Neue Länder;DN;Neue Länder;WZ08C7;WZ2008 (ausgewählte Positionen): Tarifindex;WZ08-88;Sozialwesen (ohne Heime);99,5;2020=100;VST018;Index der tariflichen Wochenarbeitszeit
62221;Vj. Index der Tarifverdienste und Arbeitszeiten;JAHR;Jahr;2024;DINSGF;Früheres Bundesgebiet / Neue Länder;DN;Neue Länder;WZ08C7;WZ2008 (ausgewählte Positionen): Tarifindex;WZ08-88;Sozialwesen (ohne Heime);114,6;2020=100;VST065;Index d.tarifl. Stundenverdienste ohne Sonderzahl.
62221;Vj. Index der Tarifverdienste und Arbeitszeiten;JAHR;Jahr;2016;DINSGF;Früheres Bundesgebiet / Neue Länder;DN;Neue Länder;WZ08C7;WZ2008 (ausgewählte Positionen): Tarifindex;WZ08-65;Versicherungen, Rückversicherungen, Pensionskassen;93,2;2020=100;VST072;Index d.tarifl. Stundenverdienste mit Sonderzahl.
62221;Vj. Index der Tarifverdienste und Arbeitszeiten;JAHR;Jahr;2016;DINSGF;Früheres Bundesgebiet / Neue Länder;DN;Neue Länder;WZ08C7;WZ2008 (ausgewählte Positionen): Tarifindex;WZ08-65;Versicherungen, Rückversicherungen, Pensionskassen;93,2;2020=100;VST073;Index d.tarifl. Monatsverdienste mit Sonderzahl.
62221;Vj. Index der Tarifverdienste und Arbeitszeiten;JAHR;Jahr;2016;DINSGF;Früheres Bundesgebiet / Neue Länder;DN;Neue Länder;WZ08C7;WZ2008 (ausgewählte Positionen): Tarifindex;WZ08-65;Versicherungen, Rückversicherungen, Pensionskassen;38,0;h;VST019;Durchschnittliche tarifliche Wochenarbeitszeit
62221;Vj. Index der Tarifverdienste und Arbeitszeiten;JAHR;Jahr;2016;DINSGF;Früheres Bundesgebiet / Neue Länder;DN;Neue Länder;WZ08C7;WZ2008 (ausgewählte Positionen): Tarifindex;WZ08-65;Versicherungen, Rückversicherungen, Pensionskassen;93,0;2020=100;VST066;Index d.tarifl. Monatsverdienste ohne Sonderzahl.
62221;Vj. Index der Tarifverdienste und Arbeitszeiten;JAHR;Jahr;2016;DINSGF;Früheres Bundesgebiet / Neue Länder;DN;Neue Länder;WZ08C7;WZ2008 (ausgewählte Positionen): Tarifindex;WZ08-65;Versicherungen, Rückversicherungen, Pensionskassen;100,0;2020=100;VST018;Index der tariflichen Wochenarbeitszeit
62221;Vj. Index der Tarifverdienste und Arbeitszeiten;JAHR;Jahr;2016;DINSGF;Früheres Bundesgebiet / Neue Länder;DN;Neue Länder;WZ08C7;WZ2008 (ausgewählte Positionen): Tarifindex;WZ08-65;Versicherungen, Rückversicherungen, Pensionskassen;93,0;2020=100;VST065;Index d.tarifl. Stundenverdienste ohne Sonderzahl.
62221;Vj. Index der Tarifverdienste und Arbeitszeiten;JAHR;Jahr;2018;DINSGF;Früheres Bundesgebiet / Neue Länder;DF;Früheres Bundesgebiet;WZ08C7;WZ2008 (ausgewählte Positionen): Tarifindex;WZ08-01;Landwirtschaft, Jagd und verbundene Tätigkeiten;93,7;2020=100;VST072;Index d.tarifl. Stundenverdienste mit Sonderzahl.
62221;Vj. Index der Tarifverdienste und Arbeitszeiten;JAHR;Jahr;2018;DINSGF;Früheres Bundesgebiet / Neue Länder;DF;Früheres Bundesgebiet;WZ08C7;WZ2008 (ausgewählte Positionen): Tarifindex;WZ08-01;Landwirtschaft, Jagd und verbundene Tätigkeiten;93,7;2020=100;VST073;Index d.tarifl. Monatsverdienste mit Sonderzahl.
62221;Vj. Index der Tarifverdienste und Arbeitszeiten;JAHR;Jahr;2018;DINSGF;Früheres Bundesgebiet / Neue Länder;DF;Früheres Bundesgebiet;WZ08C7;WZ2008 (ausgewählte Positionen): Tarifindex;WZ08-01;Landwirtschaft, Jagd und verbundene Tätigkeiten;39,5;h;VST019;Durchschnittliche tarifliche Wochenarbeitszeit
62221;Vj. Index der Tarifverdienste und Arbeitszeiten;JAHR;Jahr;2018;DINSGF;Früheres Bundesgebiet / Neue Länder;DF;Früheres Bundesgebiet;WZ08C7;WZ2008 (ausgewählte Positionen): Tarifindex;WZ08-01;Landwirtschaft, Jagd und verbundene Tätigkeiten;93,3;2020=100;VST066;Index d.tarifl. Monatsverdienste ohne Sonderzahl.
62221;Vj. Index der Tarifverdienste und Arbeitszeiten;JAHR;Jahr;2018;DINSGF;Früheres Bundesgebiet / Neue Länder;DF;Früheres Bundesgebiet;WZ08C7;WZ2008 (ausgewählte Positionen): Tarifindex;WZ08-01;Landwirtschaft, Jagd und verbundene Tätigkeiten;100,0;2020=100;VST018;Index der tariflichen Wochenarbeitszeit
62221;Vj. Index der Tarifverdienste und Arbeitszeiten;JAHR;Jahr;2018;DINSGF;Früheres Bundesgebiet / Neue Länder;DF;Früheres Bundesgebiet;WZ08C7;WZ2008 (ausgewählte Positionen): Tarifindex;WZ08-01;Landwirtschaft, Jagd und verbundene Tätigkeiten;93,3;2020=100;VST065;Index d.tarifl. Stundenverdienste ohne Sonderzahl.
62221;Vj. Index der Tarifverdienste und Arbeitszeiten;JAHR;Jahr;2016;DINSGF;Früheres Bundesgebiet / Neue Länder;DF;Früheres Bundesgebiet;WZ08C7;WZ2008 (ausgewählte Positionen): Tarifindex;WZ08-31;Herstellung von Möbeln;91,0;2020=100;VST072;Index d.tarifl. Stundenverdienste mit Sonderzahl.
62221;Vj. Index der Tarifverdienste und Arbeitszeiten;JAHR;Jahr;2016;DINSGF;Früheres Bundesgebiet / Neue Länder;DF;Früheres Bundesgebiet;WZ08C7;WZ2008 (ausgewählte Positionen): Tarifindex;WZ08-31;Herstellung von Möbeln;91,0;2020=100;VST073;Index d.tarifl. Monatsverdienste mit Sonderzahl.
62221;Vj. Index der Tarifverdienste und Arbeitszeiten;JAHR;Jahr;2016;DINSGF;Früheres Bundesgebiet / Neue Länder;DF;Früheres Bundesgebiet;WZ08C7;WZ2008 (ausgewählte Positionen): Tarifindex;WZ08-31;Herstellung von Möbeln;36,4;h;VST019;Durchschnittliche tarifliche Wochenarbeitszeit
62221;Vj. Index der Tarifverdienste und Arbeitszeiten;JAHR;Jahr;2016;DINSGF;Früheres Bundesgebiet / Neue Länder;DF;Früheres Bundesgebiet;WZ08C7;WZ2008 (ausgewählte Positionen): Tarifindex;WZ08-31;Herstellung von Möbeln;91,5;2020=100;VST066;Index d.tarifl. Monatsverdienste ohne Sonderzahl.
62221;Vj. Index der Tarifverdienste und Arbeitszeiten;JAHR;Jahr;2016;DINSGF;Früheres Bundesgebiet / Neue Länder;DF;Früheres Bundesgebiet;WZ08C7;WZ2008 (ausgewählte Positionen): Tarifindex;WZ08-31;Herstellung von Möbeln;100,0;2020=100;VST018;Index der tariflichen Wochenarbeitszeit
62221;Vj. Index der Tarifverdienste und Arbeitszeiten;JAHR;Jahr;2016;DINSGF;Früheres Bundesgebiet / Neue Länder;DF;Früheres Bundesgebiet;WZ08C7;WZ2008 (ausgewählte Positionen): Tarifindex;WZ08-31;Herstellung von Möbeln;91,5;2020=100;VST065;Index d.tarifl. Stundenverdienste ohne Sonderzahl.
62221;Vj. Index der Tarifverdienste und Arbeitszeiten;JAHR;Jahr;2021;DINSGF;Früheres Bundesgebiet / Neue Länder;DN;Neue Länder;WZ08C7;WZ2008 (ausgewählte Positionen): Tarifindex;WZ08-24-01;Metallgewerbe;101,3;2020=100;VST072;Index d.tarifl. Stundenverdienste mit Sonderzahl.
62221;Vj. Index der Tarifverdienste und Arbeitszeiten;JAHR;Jahr;2021;DINSGF;Früheres Bundesgebiet / Neue Länder;DN;Neue Länder;WZ08C7;WZ2008 (ausgewählte Positionen): Tarifindex;WZ08-24-01;Metallgewerbe;101,3;2020=100;VST073;Index d.tarifl. Monatsverdienste mit Sonderzahl.
62221;Vj. Index der Tarifverdienste und Arbeitszeiten;JAHR;Jahr;2021;DINSGF;Früheres Bundesgebiet / Neue Länder;DN;Neue Länder;WZ08C7;WZ2008 (ausgewählte Positionen): Tarifindex;WZ08-24-01;Metallgewerbe;36,8;h;VST019;Durchschnittliche tarifliche Wochenarbeitszeit
62221;Vj. Index der Tarifverdienste und Arbeitszeiten;JAHR;Jahr;2021;DINSGF;Früheres Bundesgebiet / Neue Länder;DN;Neue Länder;WZ08C7;WZ2008 (ausgewählte Positionen): Tarifindex;WZ08-24-01;Metallgewerbe;100,0;2020=100;VST066;Index d.tarifl. Monatsverdienste ohne Sonderzahl.
62221;Vj. Index der Tarifverdienste und Arbeitszeiten;JAHR;Jahr;2021;DINSGF;Früheres Bundesgebiet / Neue Länder;DN;Neue Länder;WZ08C7;WZ2008 (ausgewählte Positionen): Tarifindex;WZ08-24-01;Metallgewerbe;100,0;2020=100;VST018;Index der tariflichen Wochenarbeitszeit
62221;Vj. Index der Tarifverdienste und Arbeitszeiten;JAHR;Jahr;2021;DINSGF;Früheres Bundesgebiet / Neue Länder;DN;Neue Länder;WZ08C7;WZ2008 (ausgewählte Positionen): Tarifindex;WZ08-24-01;Metallgewerbe;100,0;2020=100;VST065;Index d.tarifl. Stundenverdienste ohne Sonderzahl.
62221;Vj. Index der Tarifverdienste und Arbeitszeiten;JAHR;Jahr;2023;DINSGF;Früheres Bundesgebiet / Neue Länder;DN;Neue Länder;WZ08C7;WZ2008 (ausgewählte Positionen): Tarifindex;WZ08-55-01;Gastgewerbe;118,9;2020=100;VST072;Index d.tarifl. Stundenverdienste mit Sonderzahl.
62221;Vj. Index der Tarifverdienste und Arbeitszeiten;JAHR;Jahr;2023;DINSGF;Früheres Bundesgebiet / Neue Länder;DN;Neue Länder;WZ08C7;WZ2008 (ausgewählte Positionen): Tarifindex;WZ08-55-01;Gastgewerbe;118,9;2020=100;VST073;Index d.tarifl. Monatsverdienste mit Sonderzahl.
62221;Vj. Index der Tarifverdienste und Arbeitszeiten;JAHR;Jahr;2023;DINSGF;Früheres Bundesgebiet / Neue Länder;DN;Neue Länder;WZ08C7;WZ2008 (ausgewählte Positionen): Tarifindex;WZ08-55-01;Gastgewerbe;39,4;h;VST019;Durchschnittliche tarifliche Wochenarbeitszeit
62221;Vj. Index der Tarifverdienste und Arbeitszeiten;JAHR;Jahr;2023;DINSGF;Früheres Bundesgebiet / Neue Länder;DN;Neue Länder;WZ08C7;WZ2008 (ausgewählte Positionen): Tarifindex;WZ08-55-01;Gastgewerbe;119,0;2020=100;VST066;Index d.tarifl. Monatsverdienste ohne Sonderzahl.
62221;Vj. Index der Tarifverdienste und Arbeitszeiten;JAHR;Jahr;2023;DINSGF;Früheres Bundesgebiet / Neue Länder;DN;Neue Länder;WZ08C7;WZ2008 (ausgewählte Positionen): Tarifindex;WZ08-55-01;Gastgewerbe;100,0;2020=100;VST018;Index der tariflichen Wochenarbeitszeit
62221;Vj. Index der Tarifverdienste und Arbeitszeiten;JAHR;Jahr;2023;DINSGF;Früheres Bundesgebiet / Neue Länder;DN;Neue Länder;WZ08C7;WZ2008 (ausgewählte Positionen): Tarifindex;WZ08-55-01;Gastgewerbe;119,0;2020=100;VST065;Index d.tarifl. Stundenverdienste ohne Sonderzahl.
62221;Vj. Index der Tarifverdienste und Arbeitszeiten;JAHR;Jahr;2016;DINSGF;Früheres Bundesgebiet / Neue Länder;DF;Früheres Bundesgebiet;WZ08C7;WZ2008 (ausgewählte Positionen): Tarifindex;WZ08-28;Maschinenbau;90,4;2020=100;VST072;Index d.tarifl. Stundenverdienste mit Sonderzahl.
62221;Vj. Index der Tarifverdienste und Arbeitszeiten;JAHR;Jahr;2016;DINSGF;Früheres Bundesgebiet / Neue Länder;DF;Früheres Bundesgebiet;WZ08C7;WZ2008 (ausgewählte Positionen): Tarifindex;WZ08-28;Maschinenbau;90,4;2020=100;VST073;Index d.tarifl. Monatsverdienste mit Sonderzahl.
62221;Vj. Index der Tarifverdienste und Arbeitszeiten;JAHR;Jahr;2016;DINSGF;Früheres Bundesgebiet / Neue Länder;DF;Früheres Bundesgebiet;WZ08C7;WZ2008 (ausgewählte Positionen): Tarifindex;WZ08-28;Maschinenbau;35,2;h;VST019;Durchschnittliche tarifliche Wochenarbeitszeit
62221;Vj. Index der Tarifverdienste und Arbeitszeiten;JAHR;Jahr;2016;DINSGF;Früheres Bundesgebiet / Neue Länder;DF;Früheres Bundesgebiet;WZ08C7;WZ2008 (ausgewählte Positionen): Tarifindex;WZ08-28;Maschinenbau;92,7;2020=100;VST066;Index d.tarifl. Monatsverdienste ohne Sonderzahl.
62221;Vj. Index der Tarifverdienste und Arbeitszeiten;JAHR;Jahr;2016;DINSGF;Früheres Bundesgebiet / Neue Länder;DF;Früheres Bundesgebiet;WZ08C7;WZ2008 (ausgewählte Positionen): Tarifindex;WZ08-28;Maschinenbau;100,0;2020=100;VST018;Index der tariflichen Wochenarbeitszeit
62221;Vj. Index der Tarifverdienste und Arbeitszeiten;JAHR;Jahr;2016;DINSGF;Früheres Bundesgebiet / Neue Länder;DF;Früheres Bundesgebiet;WZ08C7;WZ2008 (ausgewählte Positionen): Tarifindex;WZ08-28;Maschinenbau;92,7;2020=100;VST065;Index d.tarifl. Stundenverdienste ohne Sonderzahl.
62221;Vj. Index der Tarifverdienste und Arbeitszeiten;JAHR;Jahr;2021;DINSGF;Früheres Bundesgebiet / Neue Länder;DN;Neue Länder;WZ08C7;WZ2008 (ausgewählte Positionen): Tarifindex;WZ08-B-11;Produzierendes Gewerbe, Handel u.A.;101,2;2020=100;VST072;Index d.tarifl. Stundenverdienste mit Sonderzahl.
62221;Vj. Index der Tarifverdienste und Arbeitszeiten;JAHR;Jahr;2021;DINSGF;Früheres Bundesgebiet / Neue Länder;DN;Neue Länder;WZ08C7;WZ2008 (ausgewählte Positionen): Tarifindex;WZ08-B-11;Produzierendes Gewerbe, Handel u.A.;101,2;2020=100;VST073;Index d.tarifl. Monatsverdienste mit Sonderzahl.
62221;Vj. Index der Tarifverdienste und Arbeitszeiten;JAHR;Jahr;2021;DINSGF;Früheres Bundesgebiet / Neue Länder;DN;Neue Länder;WZ08C7;WZ2008 (ausgewählte Positionen): Tarifindex;WZ08-B-11;Produzierendes Gewerbe, Handel u.A.;39,1;h;VST019;Durchschnittliche tarifliche Wochenarbeitszeit
62221;Vj. Index der Tarifverdienste und Arbeitszeiten;JAHR;Jahr;2021;DINSGF;Früheres Bundesgebiet / Neue Länder;DN;Neue Länder;WZ08C7;WZ2008 (ausgewählte Positionen): Tarifindex;WZ08-B-11;Produzierendes Gewerbe, Handel u.A.;101,4;2020=100;VST066;Index d.tarifl. Monatsverdienste ohne Sonderzahl.
62221;Vj. Index der Tarifverdienste und Arbeitszeiten;JAHR;Jahr;2021;DINSGF;Früheres Bundesgebiet / Neue Länder;DN;Neue Länder;WZ08C7;WZ2008 (ausgewählte Positionen): Tarifindex;WZ08-B-11;Produzierendes Gewerbe, Handel u.A.;100,0;2020=100;VST018;Index der tariflichen Wochenarbeitszeit
62221;Vj. Index der Tarifverdienste und Arbeitszeiten;JAHR;Jahr;2021;DINSGF;Früheres Bundesgebiet / Neue Länder;DN;Neue Länder;WZ08C7;WZ2008 (ausgewählte Positionen): Tarifindex;WZ08-B-11;Produzierendes Gewerbe, Handel u.A.;101,4;2020=100;VST065;Index d.tarifl. Stundenverdienste ohne Sonderzahl.
62221;Vj. Index der Tarifverdienste und Arbeitszeiten;JAHR;Jahr;2018;DINSGF;Früheres Bundesgebiet / Neue Länder;DN;Neue Länder;WZ08C7;WZ2008 (ausgewählte Positionen): Tarifindex;WZ08-86;Gesundheitswesen;93,9;2020=100;VST072;Index d.tarifl. Stundenverdienste mit Sonderzahl.
62221;Vj. Index der Tarifverdienste und Arbeitszeiten;JAHR;Jahr;2018;DINSGF;Früheres Bundesgebiet / Neue Länder;DN;Neue Länder;WZ08C7;WZ2008 (ausgewählte Positionen): Tarifindex;WZ08-86;Gesundheitswesen;93,9;2020=100;VST073;Index d.tarifl. Monatsverdienste mit Sonderzahl.
62221;Vj. Index der Tarifverdienste und Arbeitszeiten;JAHR;Jahr;2018;DINSGF;Früheres Bundesgebiet / Neue Länder;DN;Neue Länder;WZ08C7;WZ2008 (ausgewählte Positionen): Tarifindex;WZ08-86;Gesundheitswesen;39,4;h;VST019;Durchschnittliche tarifliche Wochenarbeitszeit
62221;Vj. Index der Tarifverdienste und Arbeitszeiten;JAHR;Jahr;2018;DINSGF;Früheres Bundesgebiet / Neue Länder;DN;Neue Länder;WZ08C7;WZ2008 (ausgewählte Positionen): Tarifindex;WZ08-86;Gesundheitswesen;93,9;2020=100;VST066;Index d.tarifl. Monatsverdienste ohne Sonderzahl.
62221;Vj. Index der Tarifverdienste und Arbeitszeiten;JAHR;Jahr;2018;DINSGF;Früheres Bundesgebiet / Neue Länder;DN;Neue Länder;WZ08C7;WZ2008 (ausgewählte Positionen): Tarifindex;WZ08-86;Gesundheitswesen;99,9;2020=100;VST018;Index der tariflichen Wochenarbeitszeit
62221;Vj. Index der Tarifverdienste und Arbeitszeiten;JAHR;Jahr;2018;DINSGF;Früheres Bundesgebiet / Neue Länder;DN;Neue Länder;WZ08C7;WZ2008 (ausgewählte Positionen): Tarifindex;WZ08-86;Gesundheitswesen;93,9;2020=100;VST065;Index d.tarifl. Stundenverdienste ohne Sonderzahl.
62221;Vj. Index der Tarifverdienste und Arbeitszeiten;JAHR;Jahr;2022;DINSGF;Früheres Bundesgebiet / Neue Länder;DN;Neue Länder;WZ08C7;WZ2008 (ausgewählte Positionen): Tarifindex;WZ08-52-01;Lagerei und Kurierdienste;103,9;2020=100;VST072;Index d.tarifl. Stundenverdienste mit Sonderzahl.
62221;Vj. Index der Tarifverdienste und Arbeitszeiten;JAHR;Jahr;2022;DINSGF;Früheres Bundesgebiet / Neue Länder;DN;Neue Länder;WZ08C7;WZ2008 (ausgewählte Positionen): Tarifindex;WZ08-52-01;Lagerei und Kurierdienste;103,9;2020=100;VST073;Index d.tarifl. Monatsverdienste mit Sonderzahl.
62221;Vj. Index der Tarifverdienste und Arbeitszeiten;JAHR;Jahr;2022;DINSGF;Früheres Bundesgebiet / Neue Länder;DN;Neue Länder;WZ08C7;WZ2008 (ausgewählte Positionen): Tarifindex;WZ08-52-01;Lagerei und Kurierdienste;39,0;h;VST019;Durchschnittliche tarifliche Wochenarbeitszeit
62221;Vj. Index der Tarifverdienste und Arbeitszeiten;JAHR;Jahr;2022;DINSGF;Früheres Bundesgebiet / Neue Länder;DN;Neue Länder;WZ08C7;WZ2008 (ausgewählte Positionen): Tarifindex;WZ08-52-01;Lagerei und Kurierdienste;104,1;2020=100;VST066;Index d.tarifl. Monatsverdienste ohne Sonderzahl.
62221;Vj. Index der Tarifverdienste und Arbeitszeiten;JAHR;Jahr;2022;DINSGF;Früheres Bundesgebiet / Neue Länder;DN;Neue Länder;WZ08C7;WZ2008 (ausgewählte Positionen): Tarifindex;WZ08-52-01;Lagerei und Kurierdienste;100,0;2020=100;VST018;Index der tariflichen Wochenarbeitszeit
62221;Vj. Index der Tarifverdienste und Arbeitszeiten;JAHR;Jahr;2022;DINSGF;Früheres Bundesgebiet / Neue Länder;DN;Neue Länder;WZ08C7;WZ2008 (ausgewählte Positionen): Tarifindex;WZ08-52-01;Lagerei und Kurierdienste;104,1;2020=100;VST065;Index d.tarifl. Stundenverdienste ohne Sonderzahl.
62221;Vj. Index der Tarifverdienste und Arbeitszeiten;JAHR;Jahr;2017;DINSGF;Früheres Bundesgebiet / Neue Länder;DN;Neue Länder;WZ08C7;WZ2008 (ausgewählte Positionen): Tarifindex;WZ08-15;Herstellung von Leder, Lederwaren und Schuhen;-;2020=100;VST072;Index d.tarifl. Stundenverdienste mit Sonderzahl.
62221;Vj. Index der Tarifverdienste und Arbeitszeiten;JAHR;Jahr;2017;DINSGF;Früheres Bundesgebiet / Neue Länder;DN;Neue Länder;WZ08C7;WZ2008 (ausgewählte Positionen): Tarifindex;WZ08-15;Herstellung von Leder, Lederwaren und Schuhen;-;2020=100;VST073;Index d.tarifl. Monatsverdienste mit Sonderzahl.
62221;Vj. Index der Tarifverdienste und Arbeitszeiten;JAHR;Jahr;2017;DINSGF;Früheres Bundesgebiet / Neue Länder;DN;Neue Länder;WZ08C7;WZ2008 (ausgewählte Positionen): Tarifindex;WZ08-15;Herstellung von Leder, Lederwaren und Schuhen;-;h;VST019;Durchschnittliche tarifliche Wochenarbeitszeit
62221;Vj. Index der Tarifverdienste und Arbeitszeiten;JAHR;Jahr;2017;DINSGF;Früheres Bundesgebiet / Neue Länder;DN;Neue Länder;WZ08C7;WZ2008 (ausgewählte Positionen): Tarifindex;WZ08-15;Herstellung von Leder, Lederwaren und Schuhen;-;2020=100;VST066;Index d.tarifl. Monatsverdienste ohne Sonderzahl.
62221;Vj. Index der Tarifverdienste und Arbeitszeiten;JAHR;Jahr;2017;DINSGF;Früheres Bundesgebiet / Neue Länder;DN;Neue Länder;WZ08C7;WZ2008 (ausgewählte Positionen): Tarifindex;WZ08-15;Herstellung von Leder, Lederwaren und Schuhen;-;2020=100;VST018;Index der tariflichen Wochenarbeitszeit
62221;Vj. Index der Tarifverdienste und Arbeitszeiten;JAHR;Jahr;2017;DINSGF;Früheres Bundesgebiet / Neue Länder;DN;Neue Länder;WZ08C7;WZ2008 (ausgewählte Positionen): Tarifindex;WZ08-15;Herstellung von Leder, Lederwaren und Schuhen;-;2020=100;VST065;Index d.tarifl. Stundenverdienste ohne Sonderzahl.
62221;Vj. Index der Tarifverdienste und Arbeitszeiten;JAHR;Jahr;2021;DINSGF;Früheres Bundesgebiet / Neue Länder;DN;Neue Länder;WZ08C7;WZ2008 (ausgewählte Positionen): Tarifindex;WZ08-B-08;Produzierendes Gewerbe und Dienstleistungsbereich;101,5;2020=100;VST072;Index d.tarifl. Stundenverdienste mit Sonderzahl.
62221;Vj. Index der Tarifverdienste und Arbeitszeiten;JAHR;Jahr;2021;DINSGF;Früheres Bundesgebiet / Neue Länder;DN;Neue Länder;WZ08C7;WZ2008 (ausgewählte Positionen): Tarifindex;WZ08-B-08;Produzierendes Gewerbe und Dienstleistungsbereich;101,4;2020=100;VST073;Index d.tarifl. Monatsverdienste mit Sonderzahl.
62221;Vj. Index der Tarifverdienste und Arbeitszeiten;JAHR;Jahr;2021;DINSGF;Früheres Bundesgebiet / Neue Länder;DN;Neue Länder;WZ08C7;WZ2008 (ausgewählte Positionen): Tarifindex;WZ08-B-08;Produzierendes Gewerbe und Dienstleistungsbereich;39,1;h;VST019;Durchschnittliche tarifliche Wochenarbeitszeit
62221;Vj. Index der Tarifverdienste und Arbeitszeiten;JAHR;Jahr;2021;DINSGF;Früheres Bundesgebiet / Neue Länder;DN;Neue Länder;WZ08C7;WZ2008 (ausgewählte Positionen): Tarifindex;WZ08-B-08;Produzierendes Gewerbe und Dienstleistungsbereich;101,6;2020=100;VST066;Index d.tarifl. Monatsverdienste ohne Sonderzahl.
62221;Vj. Index der Tarifverdienste und Arbeitszeiten;JAHR;Jahr;2021;DINSGF;Früheres Bundesgebiet / Neue Länder;DN;Neue Länder;WZ08C7;WZ2008 (ausgewählte Positionen): Tarifindex;WZ08-B-08;Produzierendes Gewerbe und Dienstleistungsbereich;100,0;2020=100;VST018;Index der tariflichen Wochenarbeitszeit
62221;Vj. Index der Tarifverdienste und Arbeitszeiten;JAHR;Jahr;2021;DINSGF;Früheres Bundesgebiet / Neue Länder;DN;Neue Länder;WZ08C7;WZ2008 (ausgewählte Positionen): Tarifindex;WZ08-B-08;Produzierendes Gewerbe und Dienstleistungsbereich;101,7;2020=100;VST065;Index d.tarifl. Stundenverdienste ohne Sonderzahl.
62221;Vj. Index der Tarifverdienste und Arbeitszeiten;JAHR;Jahr;2025;DINSGF;Früheres Bundesgebiet / Neue Länder;DF;Früheres Bundesgebiet;WZ08C7;WZ2008 (ausgewählte Positionen): Tarifindex;WZ08-F;Baugewerbe;117,3;2020=100;VST072;Index d.tarifl. Stundenverdienste mit Sonderzahl.
62221;Vj. Index der Tarifverdienste und Arbeitszeiten;JAHR;Jahr;2025;DINSGF;Früheres Bundesgebiet / Neue Länder;DF;Früheres Bundesgebiet;WZ08C7;WZ2008 (ausgewählte Positionen): Tarifindex;WZ08-F;Baugewerbe;117,3;2020=100;VST073;Index d.tarifl. Monatsverdienste mit Sonderzahl.
62221;Vj. Index der Tarifverdienste und Arbeitszeiten;JAHR;Jahr;2025;DINSGF;Früheres Bundesgebiet / Neue Länder;DF;Früheres Bundesgebiet;WZ08C7;WZ2008 (ausgewählte Positionen): Tarifindex;WZ08-F;Baugewerbe;39,4;h;VST019;Durchschnittliche tarifliche Wochenarbeitszeit
62221;Vj. Index der Tarifverdienste und Arbeitszeiten;JAHR;Jahr;2025;DINSGF;Früheres Bundesgebiet / Neue Länder;DF;Früheres Bundesgebiet;WZ08C7;WZ2008 (ausgewählte Positionen): Tarifindex;WZ08-F;Baugewerbe;117,4;2020=100;VST066;Index d.tarifl. Monatsverdienste ohne Sonderzahl.
62221;Vj. Index der Tarifverdienste und Arbeitszeiten;JAHR;Jahr;2025;DINSGF;Früheres Bundesgebiet / Neue Länder;DF;Früheres Bundesgebiet;WZ08C7;WZ2008 (ausgewählte Positionen): Tarifindex;WZ08-F;Baugewerbe;100,0;2020=100;VST018;Index der tariflichen Wochenarbeitszeit
62221;Vj. Index der Tarifverdienste und Arbeitszeiten;JAHR;Jahr;2025;DINSGF;Früheres Bundesgebiet / Neue Länder;DF;Früheres Bundesgebiet;WZ08C7;WZ2008 (ausgewählte Positionen): Tarifindex;WZ08-F;Baugewerbe;117,4;2020=100;VST065;Index d.tarifl. Stundenverdienste ohne Sonderzahl.
62221;Vj. Index der Tarifverdienste und Arbeitszeiten;JAHR;Jahr;2021;DINSGF;Früheres Bundesgebiet / Neue Länder;DN;Neue Länder;WZ08C7;WZ2008 (ausgewählte Positionen): Tarifindex;WZ08-32;Herstellung von sonstigen Waren;101,6;2020=100;VST072;Index d.tarifl. Stundenverdienste mit Sonderzahl.
62221;Vj. Index der Tarifverdienste und Arbeitszeiten;JAHR;Jahr;2021;DINSGF;Früheres Bundesgebiet / Neue Länder;DN;Neue Länder;WZ08C7;WZ2008 (ausgewählte Positionen): Tarifindex;WZ08-32;Herstellung von sonstigen Waren;101,6;2020=100;VST073;Index d.tarifl. Monatsverdienste mit Sonderzahl.
62221;Vj. Index der Tarifverdienste und Arbeitszeiten;JAHR;Jahr;2021;DINSGF;Früheres Bundesgebiet / Neue Länder;DN;Neue Länder;WZ08C7;WZ2008 (ausgewählte Positionen): Tarifindex;WZ08-32;Herstellung von sonstigen Waren;38,0;h;VST019;Durchschnittliche tarifliche Wochenarbeitszeit
62221;Vj. Index der Tarifverdienste und Arbeitszeiten;JAHR;Jahr;2021;DINSGF;Früheres Bundesgebiet / Neue Länder;DN;Neue Länder;WZ08C7;WZ2008 (ausgewählte Positionen): Tarifindex;WZ08-32;Herstellung von sonstigen Waren;100,9;2020=100;VST066;Index d.tarifl. Monatsverdienste ohne Sonderzahl.
62221;Vj. Index der Tarifverdienste und Arbeitszeiten;JAHR;Jahr;2021;DINSGF;Früheres Bundesgebiet / Neue Länder;DN;Neue Länder;WZ08C7;WZ2008 (ausgewählte Positionen): Tarifindex;WZ08-32;Herstellung von sonstigen Waren;100,0;2020=100;VST018;Index der tariflichen Wochenarbeitszeit
62221;Vj. Index der Tarifverdienste und Arbeitszeiten;JAHR;Jahr;2021;DINSGF;Früheres Bundesgebiet / Neue Länder;DN;Neue Länder;WZ08C7;WZ2008 (ausgewählte Positionen): Tarifindex;WZ08-32;Herstellung von sonstigen Waren;100,9;2020=100;VST065;Index d.tarifl. Stundenverdienste ohne Sonderzahl.
62221;Vj. Index der Tarifverdienste und Arbeitszeiten;JAHR;Jahr;2020;DINSGF;Früheres Bundesgebiet / Neue Länder;DF;Früheres Bundesgebiet;WZ08C7;WZ2008 (ausgewählte Positionen): Tarifindex;WZ08-82;Dienstleistungen für Unternehmen u.Privatpers. ang;100,0;2020=100;VST072;Index d.tarifl. Stundenverdienste mit Sonderzahl.
62221;Vj. Index der Tarifverdienste und Arbeitszeiten;JAHR;Jahr;2020;DINSGF;Früheres Bundesgebiet / Neue Länder;DF;Früheres Bundesgebiet;WZ08C7;WZ2008 (ausgewählte Positionen): Tarifindex;WZ08-82;Dienstleistungen für Unternehmen u.Privatpers. ang;100,0;2020=100;VST073;Index d.tarifl. Monatsverdienste mit Sonderzahl.
62221;Vj. Index der Tarifverdienste und Arbeitszeiten;JAHR;Jahr;2020;DINSGF;Früheres Bundesgebiet / Neue Länder;DF;Früheres Bundesgebiet;WZ08C7;WZ2008 (ausgewählte Positionen): Tarifindex;WZ08-82;Dienstleistungen für Unternehmen u.Privatpers. ang;37,9;h;VST019;Durchschnittliche tarifliche Wochenarbeitszeit
62221;Vj. Index der Tarifverdienste und Arbeitszeiten;JAHR;Jahr;2020;DINSGF;Früheres Bundesgebiet / Neue Länder;DF;Früheres Bundesgebiet;WZ08C7;WZ2008 (ausgewählte Positionen): Tarifindex;WZ08-82;Dienstleistungen für Unternehmen u.Privatpers. ang;100,0;2020=100;VST066;Index d.tarifl. Monatsverdienste ohne Sonderzahl.
62221;Vj. Index der Tarifverdienste und Arbeitszeiten;JAHR;Jahr;2020;DINSGF;Früheres Bundesgebiet / Neue Länder;DF;Früheres Bundesgebiet;WZ08C7;WZ2008 (ausgewählte Positionen): Tarifindex;WZ08-82;Dienstleistungen für Unternehmen u.Privatpers. ang;100,0;2020=100;VST018;Index der tariflichen Wochenarbeitszeit
62221;Vj. Index der Tarifverdienste und Arbeitszeiten;JAHR;Jahr;2020;DINSGF;Früheres Bundesgebiet / Neue Länder;DF;Früheres Bundesgebiet;WZ08C7;WZ2008 (ausgewählte Positionen): Tarifindex;WZ08-82;Dienstleistungen für Unternehmen u.Privatpers. ang;100,0;2020=100;VST065;Index d.tarifl. Stundenverdienste ohne Sonderzahl.
62221;Vj. Index der Tarifverdienste und Arbeitszeiten;JAHR;Jahr;2020;DINSGF;Früheres Bundesgebiet / Neue Länder;DF;Früheres Bundesgebiet;WZ08C7;WZ2008 (ausgewählte Positionen): Tarifindex;WZ08-B-09;Produzierendes Gewerbe und wirtschaftl. Dienstl.;100,0;2020=100;VST072;Index d.tarifl. Stundenverdienste mit Sonderzahl.
62221;Vj. Index der Tarifverdienste und Arbeitszeiten;JAHR;Jahr;2020;DINSGF;Früheres Bundesgebiet / Neue Länder;DF;Früheres Bundesgebiet;WZ08C7;WZ2008 (ausgewählte Positionen): Tarifindex;WZ08-B-09;Produzierendes Gewerbe und wirtschaftl. Dienstl.;100,0;2020=100;VST073;Index d.tarifl. Monatsverdienste mit Sonderzahl.
62221;Vj. Index der Tarifverdienste und Arbeitszeiten;JAHR;Jahr;2020;DINSGF;Früheres Bundesgebiet / Neue Länder;DF;Früheres Bundesgebiet;WZ08C7;WZ2008 (ausgewählte Positionen): Tarifindex;WZ08-B-09;Produzierendes Gewerbe und wirtschaftl. Dienstl.;37,4;h;VST019;Durchschnittliche tarifliche Wochenarbeitszeit
62221;Vj. Index der Tarifverdienste und Arbeitszeiten;JAHR;Jahr;2020;DINSGF;Früheres Bundesgebiet / Neue Länder;DF;Früheres Bundesgebiet;WZ08C7;WZ2008 (ausgewählte Positionen): Tarifindex;WZ08-B-09;Produzierendes Gewerbe und wirtschaftl. Dienstl.;100,0;2020=100;VST066;Index d.tarifl. Monatsverdienste ohne Sonderzahl.
62221;Vj. Index der Tarifverdienste und Arbeitszeiten;JAHR;Jahr;2020;DINSGF;Früheres Bundesgebiet / Neue Länder;DF;Früheres Bundesgebiet;WZ08C7;WZ2008 (ausgewählte Positionen): Tarifindex;WZ08-B-09;Produzierendes Gewerbe und wirtschaftl. Dienstl.;100,0;2020=100;VST018;Index der tariflichen Wochenarbeitszeit
62221;Vj. Index der Tarifverdienste und Arbeitszeiten;JAHR;Jahr;2020;DINSGF;Früheres Bundesgebiet / Neue Länder;DF;Früheres Bundesgebiet;WZ08C7;WZ2008 (ausgewählte Positionen): Tarifindex;WZ08-B-09;Produzierendes Gewerbe und wirtschaftl. Dienstl.;100,0;2020=100;VST065;Index d.tarifl. Stundenverdienste ohne Sonderzahl.
62221;Vj. Index der Tarifverdienste und Arbeitszeiten;JAHR;Jahr;2017;DINSGF;Früheres Bundesgebiet / Neue Länder;DN;Neue Länder;WZ08C7;WZ2008 (ausgewählte Positionen): Tarifindex;WZ08-06;Gewinnung von Erdöl und Erdgas;94,7;2020=100;VST072;Index d.tarifl. Stundenverdienste mit Sonderzahl.
62221;Vj. Index der Tarifverdienste und Arbeitszeiten;JAHR;Jahr;2017;DINSGF;Früheres Bundesgebiet / Neue Länder;DN;Neue Länder;WZ08C7;WZ2008 (ausgewählte Positionen): Tarifindex;WZ08-06;Gewinnung von Erdöl und Erdgas;94,7;2020=100;VST073;Index d.tarifl. Monatsverdienste mit Sonderzahl.
62221;Vj. Index der Tarifverdienste und Arbeitszeiten;JAHR;Jahr;2017;DINSGF;Früheres Bundesgebiet / Neue Länder;DN;Neue Länder;WZ08C7;WZ2008 (ausgewählte Positionen): Tarifindex;WZ08-06;Gewinnung von Erdöl und Erdgas;38,0;h;VST019;Durchschnittliche tarifliche Wochenarbeitszeit
62221;Vj. Index der Tarifverdienste und Arbeitszeiten;JAHR;Jahr;2017;DINSGF;Früheres Bundesgebiet / Neue Länder;DN;Neue Länder;WZ08C7;WZ2008 (ausgewählte Positionen): Tarifindex;WZ08-06;Gewinnung von Erdöl und Erdgas;95,9;2020=100;VST066;Index d.tarifl. Monatsverdienste ohne Sonderzahl.
62221;Vj. Index der Tarifverdienste und Arbeitszeiten;JAHR;Jahr;2017;DINSGF;Früheres Bundesgebiet / Neue Länder;DN;Neue Länder;WZ08C7;WZ2008 (ausgewählte Positionen): Tarifindex;WZ08-06;Gewinnung von Erdöl und Erdgas;100,0;2020=100;VST018;Index der tariflichen Wochenarbeitszeit
62221;Vj. Index der Tarifverdienste und Arbeitszeiten;JAHR;Jahr;2017;DINSGF;Früheres Bundesgebiet / Neue Länder;DN;Neue Länder;WZ08C7;WZ2008 (ausgewählte Positionen): Tarifindex;WZ08-06;Gewinnung von Erdöl und Erdgas;95,9;2020=100;VST065;Index d.tarifl. Stundenverdienste ohne Sonderzahl.
62221;Vj. Index der Tarifverdienste und Arbeitszeiten;JAHR;Jahr;2023;DINSGF;Früheres Bundesgebiet / Neue Länder;DF;Früheres Bundesgebiet;WZ08C7;WZ2008 (ausgewählte Positionen): Tarifindex;WZ08-95;Reparatur von DV-Geräten und Gebrauchsgütern;107,9;2020=100;VST072;Index d.tarifl. Stundenverdienste mit Sonderzahl.
62221;Vj. Index der Tarifverdienste und Arbeitszeiten;JAHR;Jahr;2023;DINSGF;Früheres Bundesgebiet / Neue Länder;DF;Früheres Bundesgebiet;WZ08C7;WZ2008 (ausgewählte Positionen): Tarifindex;WZ08-95;Reparatur von DV-Geräten und Gebrauchsgütern;107,9;2020=100;VST073;Index d.tarifl. Monatsverdienste mit Sonderzahl.
62221;Vj. Index der Tarifverdienste und Arbeitszeiten;JAHR;Jahr;2023;DINSGF;Früheres Bundesgebiet / Neue Länder;DF;Früheres Bundesgebiet;WZ08C7;WZ2008 (ausgewählte Positionen): Tarifindex;WZ08-95;Reparatur von DV-Geräten und Gebrauchsgütern;36,6;h;VST019;Durchschnittliche tarifliche Wochenarbeitszeit
62221;Vj. Index der Tarifverdienste und Arbeitszeiten;JAHR;Jahr;2023;DINSGF;Früheres Bundesgebiet / Neue Länder;DF;Früheres Bundesgebiet;WZ08C7;WZ2008 (ausgewählte Positionen): Tarifindex;WZ08-95;Reparatur von DV-Geräten und Gebrauchsgütern;104,8;2020=100;VST066;Index d.tarifl. Monatsverdienste ohne Sonderzahl.
62221;Vj. Index der Tarifverdienste und Arbeitszeiten;JAHR;Jahr;2023;DINSGF;Früheres Bundesgebiet / Neue Länder;DF;Früheres Bundesgebiet;WZ08C7;WZ2008 (ausgewählte Positionen): Tarifindex;WZ08-95;Reparatur von DV-Geräten und Gebrauchsgütern;100,0;2020=100;VST018;Index der tariflichen Wochenarbeitszeit
62221;Vj. Index der Tarifverdienste und Arbeitszeiten;JAHR;Jahr;2023;DINSGF;Früheres Bundesgebiet / Neue Länder;DF;Früheres Bundesgebiet;WZ08C7;WZ2008 (ausgewählte Positionen): Tarifindex;WZ08-95;Reparatur von DV-Geräten und Gebrauchsgütern;104,8;2020=100;VST065;Index d.tarifl. Stundenverdienste ohne Sonderzahl.
62221;Vj. Index der Tarifverdienste und Arbeitszeiten;JAHR;Jahr;2024;DINSGF;Früheres Bundesgebiet / Neue Länder;DN;Neue Länder;WZ08C7;WZ2008 (ausgewählte Positionen): Tarifindex;WZ08-79;Reisebüros, -veranstalter u. sonst. Reservierungen;106,5;2020=100;VST072;Index d.tarifl. Stundenverdienste mit Sonderzahl.
62221;Vj. Index der Tarifverdienste und Arbeitszeiten;JAHR;Jahr;2024;DINSGF;Früheres Bundesgebiet / Neue Länder;DN;Neue Länder;WZ08C7;WZ2008 (ausgewählte Positionen): Tarifindex;WZ08-79;Reisebüros, -veranstalter u. sonst. Reservierungen;106,0;2020=100;VST073;Index d.tarifl. Monatsverdienste mit Sonderzahl.
62221;Vj. Index der Tarifverdienste und Arbeitszeiten;JAHR;Jahr;2024;DINSGF;Früheres Bundesgebiet / Neue Länder;DN;Neue Länder;WZ08C7;WZ2008 (ausgewählte Positionen): Tarifindex;WZ08-79;Reisebüros, -veranstalter u. sonst. Reservierungen;39,1;h;VST019;Durchschnittliche tarifliche Wochenarbeitszeit
62221;Vj. Index der Tarifverdienste und Arbeitszeiten;JAHR;Jahr;2024;DINSGF;Früheres Bundesgebiet / Neue Länder;DN;Neue Länder;WZ08C7;WZ2008 (ausgewählte Positionen): Tarifindex;WZ08-79;Reisebüros, -veranstalter u. sonst. Reservierungen;105,8;2020=100;VST066;Index d.tarifl. Monatsverdienste ohne Sonderzahl.
62221;Vj. Index der Tarifverdienste und Arbeitszeiten;JAHR;Jahr;2024;DINSGF;Früheres Bundesgebiet / Neue Länder;DN;Neue Länder;WZ08C7;WZ2008 (ausgewählte Positionen): Tarifindex;WZ08-79;Reisebüros, -veranstalter u. sonst. Reservierungen;99,7;2020=100;VST018;Index der tariflichen Wochenarbeitszeit
62221;Vj. Index der Tarifverdienste und Arbeitszeiten;JAHR;Jahr;2024;DINSGF;Früheres Bundesgebiet / Neue Länder;DN;Neue Länder;WZ08C7;WZ2008 (ausgewählte Positionen): Tarifindex;WZ08-79;Reisebüros, -veranstalter u. sonst. Reservierungen;106,2;2020=100;VST065;Index d.tarifl. Stundenverdienste ohne Sonderzahl.
62221;Vj. Index der Tarifverdienste und Arbeitszeiten;JAHR;Jahr;2024;DINSGF;Früheres Bundesgebiet / Neue Länder;DN;Neue Länder;WZ08C7;WZ2008 (ausgewählte Positionen): Tarifindex;WZ08-73;Werbung und Marktforschung;-;2020=100;VST072;Index d.tarifl. Stundenverdienste mit Sonderzahl.
62221;Vj. Index der Tarifverdienste und Arbeitszeiten;JAHR;Jahr;2024;DINSGF;Früheres Bundesgebiet / Neue Länder;DN;Neue Länder;WZ08C7;WZ2008 (ausgewählte Positionen): Tarifindex;WZ08-73;Werbung und Marktforschung;-;2020=100;VST073;Index d.tarifl. Monatsverdienste mit Sonderzahl.
62221;Vj. Index der Tarifverdienste und Arbeitszeiten;JAHR;Jahr;2024;DINSGF;Früheres Bundesgebiet / Neue Länder;DN;Neue Länder;WZ08C7;WZ2008 (ausgewählte Positionen): Tarifindex;WZ08-73;Werbung und Marktforschung;-;h;VST019;Durchschnittliche tarifliche Wochenarbeitszeit
62221;Vj. Index der Tarifverdienste und Arbeitszeiten;JAHR;Jahr;2024;DINSGF;Früheres Bundesgebiet / Neue Länder;DN;Neue Länder;WZ08C7;WZ2008 (ausgewählte Positionen): Tarifindex;WZ08-73;Werbung und Marktforschung;-;2020=100;VST066;Index d.tarifl. Monatsverdienste ohne Sonderzahl.
62221;Vj. Index der Tarifverdienste und Arbeitszeiten;JAHR;Jahr;2024;DINSGF;Früheres Bundesgebiet / Neue Länder;DN;Neue Länder;WZ08C7;WZ2008 (ausgewählte Positionen): Tarifindex;WZ08-73;Werbung und Marktforschung;-;2020=100;VST018;Index der tariflichen Wochenarbeitszeit
62221;Vj. Index der Tarifverdienste und Arbeitszeiten;JAHR;Jahr;2024;DINSGF;Früheres Bundesgebiet / Neue Länder;DN;Neue Länder;WZ08C7;WZ2008 (ausgewählte Positionen): Tarifindex;WZ08-73;Werbung und Marktforschung;-;2020=100;VST065;Index d.tarifl. Stundenverdienste ohne Sonderzahl.
62221;Vj. Index der Tarifverdienste und Arbeitszeiten;JAHR;Jahr;2024;DINSGF;Früheres Bundesgebiet / Neue Länder;DN;Neue Länder;WZ08C7;WZ2008 (ausgewählte Positionen): Tarifindex;WZ08-41-01;Hoch- und Tiefbau;117,3;2020=100;VST072;Index d.tarifl. Stundenverdienste mit Sonderzahl.
62221;Vj. Index der Tarifverdienste und Arbeitszeiten;JAHR;Jahr;2024;DINSGF;Früheres Bundesgebiet / Neue Länder;DN;Neue Länder;WZ08C7;WZ2008 (ausgewählte Positionen): Tarifindex;WZ08-41-01;Hoch- und Tiefbau;117,3;2020=100;VST073;Index d.tarifl. Monatsverdienste mit Sonderzahl.
62221;Vj. Index der Tarifverdienste und Arbeitszeiten;JAHR;Jahr;2024;DINSGF;Früheres Bundesgebiet / Neue Länder;DN;Neue Länder;WZ08C7;WZ2008 (ausgewählte Positionen): Tarifindex;WZ08-41-01;Hoch- und Tiefbau;40,0;h;VST019;Durchschnittliche tarifliche Wochenarbeitszeit
62221;Vj. Index der Tarifverdienste und Arbeitszeiten;JAHR;Jahr;2024;DINSGF;Früheres Bundesgebiet / Neue Länder;DN;Neue Länder;WZ08C7;WZ2008 (ausgewählte Positionen): Tarifindex;WZ08-41-01;Hoch- und Tiefbau;113,5;2020=100;VST066;Index d.tarifl. Monatsverdienste ohne Sonderzahl.
62221;Vj. Index der Tarifverdienste und Arbeitszeiten;JAHR;Jahr;2024;DINSGF;Früheres Bundesgebiet / Neue Länder;DN;Neue Länder;WZ08C7;WZ2008 (ausgewählte Positionen): Tarifindex;WZ08-41-01;Hoch- und Tiefbau;100,0;2020=100;VST018;Index der tariflichen Wochenarbeitszeit
62221;Vj. Index der Tarifverdienste und Arbeitszeiten;JAHR;Jahr;2024;DINSGF;Früheres Bundesgebiet / Neue Länder;DN;Neue Länder;WZ08C7;WZ2008 (ausgewählte Positionen): Tarifindex;WZ08-41-01;Hoch- und Tiefbau;113,5;2020=100;VST065;Index d.tarifl. Stundenverdienste ohne Sonderzahl.
62221;Vj. Index der Tarifverdienste und Arbeitszeiten;JAHR;Jahr;2025;DINSGF;Früheres Bundesgebiet / Neue Länder;DF;Früheres Bundesgebiet;WZ08C7;WZ2008 (ausgewählte Positionen): Tarifindex;WZ08-74;Sonst. freiberufl.,wissenschaftl. u. techn.Tätigk.;115,3;2020=100;VST072;Index d.tarifl. Stundenverdienste mit Sonderzahl.
62221;Vj. Index der Tarifverdienste und Arbeitszeiten;JAHR;Jahr;2025;DINSGF;Früheres Bundesgebiet / Neue Länder;DF;Früheres Bundesgebiet;WZ08C7;WZ2008 (ausgewählte Positionen): Tarifindex;WZ08-74;Sonst. freiberufl.,wissenschaftl. u. techn.Tätigk.;115,1;2020=100;VST073;Index d.tarifl. Monatsverdienste mit Sonderzahl.
62221;Vj. Index der Tarifverdienste und Arbeitszeiten;JAHR;Jahr;2025;DINSGF;Früheres Bundesgebiet / Neue Länder;DF;Früheres Bundesgebiet;WZ08C7;WZ2008 (ausgewählte Positionen): Tarifindex;WZ08-74;Sonst. freiberufl.,wissenschaftl. u. techn.Tätigk.;37,6;h;VST019;Durchschnittliche tarifliche Wochenarbeitszeit
62221;Vj. Index der Tarifverdienste und Arbeitszeiten;JAHR;Jahr;2025;DINSGF;Früheres Bundesgebiet / Neue Länder;DF;Früheres Bundesgebiet;WZ08C7;WZ2008 (ausgewählte Positionen): Tarifindex;WZ08-74;Sonst. freiberufl.,wissenschaftl. u. techn.Tätigk.;114,0;2020=100;VST066;Index d.tarifl. Monatsverdienste ohne Sonderzahl.
62221;Vj. Index der Tarifverdienste und Arbeitszeiten;JAHR;Jahr;2025;DINSGF;Früheres Bundesgebiet / Neue Länder;DF;Früheres Bundesgebiet;WZ08C7;WZ2008 (ausgewählte Positionen): Tarifindex;WZ08-74;Sonst. freiberufl.,wissenschaftl. u. techn.Tätigk.;99,8;2020=100;VST018;Index der tariflichen Wochenarbeitszeit
62221;Vj. Index der Tarifverdienste und Arbeitszeiten;JAHR;Jahr;2025;DINSGF;Früheres Bundesgebiet / Neue Länder;DF;Früheres Bundesgebiet;WZ08C7;WZ2008 (ausgewählte Positionen): Tarifindex;WZ08-74;Sonst. freiberufl.,wissenschaftl. u. techn.Tätigk.;114,3;2020=100;VST065;Index d.tarifl. Stundenverdienste ohne Sonderzahl.
62221;Vj. Index der Tarifverdienste und Arbeitszeiten;JAHR;Jahr;2023;DINSGF;Früheres Bundesgebiet / Neue Länder;DF;Früheres Bundesgebiet;WZ08C7;WZ2008 (ausgewählte Positionen): Tarifindex;WZ08-68;Grundstücks- und Wohnungswesen;106,7;2020=100;VST072;Index d.tarifl. Stundenverdienste mit Sonderzahl.
62221;Vj. Index der Tarifverdienste und Arbeitszeiten;JAHR;Jahr;2023;DINSGF;Früheres Bundesgebiet / Neue Länder;DF;Früheres Bundesgebiet;WZ08C7;WZ2008 (ausgewählte Positionen): Tarifindex;WZ08-68;Grundstücks- und Wohnungswesen;106,7;2020=100;VST073;Index d.tarifl. Monatsverdienste mit Sonderzahl.
62221;Vj. Index der Tarifverdienste und Arbeitszeiten;JAHR;Jahr;2023;DINSGF;Früheres Bundesgebiet / Neue Länder;DF;Früheres Bundesgebiet;WZ08C7;WZ2008 (ausgewählte Positionen): Tarifindex;WZ08-68;Grundstücks- und Wohnungswesen;38,1;h;VST019;Durchschnittliche tarifliche Wochenarbeitszeit
62221;Vj. Index der Tarifverdienste und Arbeitszeiten;JAHR;Jahr;2023;DINSGF;Früheres Bundesgebiet / Neue Länder;DF;Früheres Bundesgebiet;WZ08C7;WZ2008 (ausgewählte Positionen): Tarifindex;WZ08-68;Grundstücks- und Wohnungswesen;105,8;2020=100;VST066;Index d.tarifl. Monatsverdienste ohne Sonderzahl.
62221;Vj. Index der Tarifverdienste und Arbeitszeiten;JAHR;Jahr;2023;DINSGF;Früheres Bundesgebiet / Neue Länder;DF;Früheres Bundesgebiet;WZ08C7;WZ2008 (ausgewählte Positionen): Tarifindex;WZ08-68;Grundstücks- und Wohnungswesen;100,0;2020=100;VST018;Index der tariflichen Wochenarbeitszeit
62221;Vj. Index der Tarifverdienste und Arbeitszeiten;JAHR;Jahr;2023;DINSGF;Früheres Bundesgebiet / Neue Länder;DF;Früheres Bundesgebiet;WZ08C7;WZ2008 (ausgewählte Positionen): Tarifindex;WZ08-68;Grundstücks- und Wohnungswesen;105,8;2020=100;VST065;Index d.tarifl. Stundenverdienste ohne Sonderzahl.
62221;Vj. Index der Tarifverdienste und Arbeitszeiten;JAHR;Jahr;2023;DINSGF;Früheres Bundesgebiet / Neue Länder;DF;Früheres Bundesgebiet;WZ08C7;WZ2008 (ausgewählte Positionen): Tarifindex;WZ08-53;Post-, Kurier- und Expressdienste;109,2;2020=100;VST072;Index d.tarifl. Stundenverdienste mit Sonderzahl.
62221;Vj. Index der Tarifverdienste und Arbeitszeiten;JAHR;Jahr;2023;DINSGF;Früheres Bundesgebiet / Neue Länder;DF;Früheres Bundesgebiet;WZ08C7;WZ2008 (ausgewählte Positionen): Tarifindex;WZ08-53;Post-, Kurier- und Expressdienste;109,2;2020=100;VST073;Index d.tarifl. Monatsverdienste mit Sonderzahl.
62221;Vj. Index der Tarifverdienste und Arbeitszeiten;JAHR;Jahr;2023;DINSGF;Früheres Bundesgebiet / Neue Länder;DF;Früheres Bundesgebiet;WZ08C7;WZ2008 (ausgewählte Positionen): Tarifindex;WZ08-53;Post-, Kurier- und Expressdienste;39,1;h;VST019;Durchschnittliche tarifliche Wochenarbeitszeit
62221;Vj. Index der Tarifverdienste und Arbeitszeiten;JAHR;Jahr;2023;DINSGF;Früheres Bundesgebiet / Neue Länder;DF;Früheres Bundesgebiet;WZ08C7;WZ2008 (ausgewählte Positionen): Tarifindex;WZ08-53;Post-, Kurier- und Expressdienste;105,1;2020=100;VST066;Index d.tarifl. Monatsverdienste ohne Sonderzahl.
62221;Vj. Index der Tarifverdienste und Arbeitszeiten;JAHR;Jahr;2023;DINSGF;Früheres Bundesgebiet / Neue Länder;DF;Früheres Bundesgebiet;WZ08C7;WZ2008 (ausgewählte Positionen): Tarifindex;WZ08-53;Post-, Kurier- und Expressdienste;100,0;2020=100;VST018;Index der tariflichen Wochenarbeitszeit
62221;Vj. Index der Tarifverdienste und Arbeitszeiten;JAHR;Jahr;2023;DINSGF;Früheres Bundesgebiet / Neue Länder;DF;Früheres Bundesgebiet;WZ08C7;WZ2008 (ausgewählte Positionen): Tarifindex;WZ08-53;Post-, Kurier- und Expressdienste;105,1;2020=100;VST065;Index d.tarifl. Stundenverdienste ohne Sonderzahl.
62221;Vj. Index der Tarifverdienste und Arbeitszeiten;JAHR;Jahr;2023;DINSGF;Früheres Bundesgebiet / Neue Länder;DN;Neue Länder;WZ08C7;WZ2008 (ausgewählte Positionen): Tarifindex;WZ08-13-01;Textil- und Bekleidungsgewerbe;111,7;2020=100;VST072;Index d.tarifl. Stundenverdienste mit Sonderzahl.
62221;Vj. Index der Tarifverdienste und Arbeitszeiten;JAHR;Jahr;2023;DINSGF;Früheres Bundesgebiet / Neue Länder;DN;Neue Länder;WZ08C7;WZ2008 (ausgewählte Positionen): Tarifindex;WZ08-13-01;Textil- und Bekleidungsgewerbe;108,8;2020=100;VST073;Index d.tarifl. Monatsverdienste mit Sonderzahl.
62221;Vj. Index der Tarifverdienste und Arbeitszeiten;JAHR;Jahr;2023;DINSGF;Früheres Bundesgebiet / Neue Länder;DN;Neue Länder;WZ08C7;WZ2008 (ausgewählte Positionen): Tarifindex;WZ08-13-01;Textil- und Bekleidungsgewerbe;38,5;h;VST019;Durchschnittliche tarifliche Wochenarbeitszeit
62221;Vj. Index der Tarifverdienste und Arbeitszeiten;JAHR;Jahr;2023;DINSGF;Früheres Bundesgebiet / Neue Länder;DN;Neue Länder;WZ08C7;WZ2008 (ausgewählte Positionen): Tarifindex;WZ08-13-01;Textil- und Bekleidungsgewerbe;107,6;2020=100;VST066;Index d.tarifl. Monatsverdienste ohne Sonderzahl.
62221;Vj. Index der Tarifverdienste und Arbeitszeiten;JAHR;Jahr;2023;DINSGF;Früheres Bundesgebiet / Neue Länder;DN;Neue Länder;WZ08C7;WZ2008 (ausgewählte Positionen): Tarifindex;WZ08-13-01;Textil- und Bekleidungsgewerbe;97,5;2020=100;VST018;Index der tariflichen Wochenarbeitszeit
62221;Vj. Index der Tarifverdienste und Arbeitszeiten;JAHR;Jahr;2023;DINSGF;Früheres Bundesgebiet / Neue Länder;DN;Neue Länder;WZ08C7;WZ2008 (ausgewählte Positionen): Tarifindex;WZ08-13-01;Textil- und Bekleidungsgewerbe;110,3;2020=100;VST065;Index d.tarifl. Stundenverdienste ohne Sonderzahl.
62221;Vj. Index der Tarifverdienste und Arbeitszeiten;JAHR;Jahr;2019;DINSGF;Früheres Bundesgebiet / Neue Länder;DF;Früheres Bundesgebiet;WZ08C7;WZ2008 (ausgewählte Positionen): Tarifindex;WZ08-55-01;Gastgewerbe;98,7;2020=100;VST072;Index d.tarifl. Stundenverdienste mit Sonderzahl.
62221;Vj. Index der Tarifverdienste und Arbeitszeiten;JAHR;Jahr;2019;DINSGF;Früheres Bundesgebiet / Neue Länder;DF;Früheres Bundesgebiet;WZ08C7;WZ2008 (ausgewählte Positionen): Tarifindex;WZ08-55-01;Gastgewerbe;98,7;2020=100;VST073;Index d.tarifl. Monatsverdienste mit Sonderzahl.
62221;Vj. Index der Tarifverdienste und Arbeitszeiten;JAHR;Jahr;2019;DINSGF;Früheres Bundesgebiet / Neue Länder;DF;Früheres Bundesgebiet;WZ08C7;WZ2008 (ausgewählte Positionen): Tarifindex;WZ08-55-01;Gastgewerbe;39,0;h;VST019;Durchschnittliche tarifliche Wochenarbeitszeit
62221;Vj. Index der Tarifverdienste und Arbeitszeiten;JAHR;Jahr;2019;DINSGF;Früheres Bundesgebiet / Neue Länder;DF;Früheres Bundesgebiet;WZ08C7;WZ2008 (ausgewählte Positionen): Tarifindex;WZ08-55-01;Gastgewerbe;98,4;2020=100;VST066;Index d.tarifl. Monatsverdienste ohne Sonderzahl.
62221;Vj. Index der Tarifverdienste und Arbeitszeiten;JAHR;Jahr;2019;DINSGF;Früheres Bundesgebiet / Neue Länder;DF;Früheres Bundesgebiet;WZ08C7;WZ2008 (ausgewählte Positionen): Tarifindex;WZ08-55-01;Gastgewerbe;100,0;2020=100;VST018;Index der tariflichen Wochenarbeitszeit
62221;Vj. Index der Tarifverdienste und Arbeitszeiten;JAHR;Jahr;2019;DINSGF;Früheres Bundesgebiet / Neue Länder;DF;Früheres Bundesgebiet;WZ08C7;WZ2008 (ausgewählte Positionen): Tarifindex;WZ08-55-01;Gastgewerbe;98,4;2020=100;VST065;Index d.tarifl. Stundenverdienste ohne Sonderzahl.
62221;Vj. Index der Tarifverdienste und Arbeitszeiten;JAHR;Jahr;2023;DINSGF;Früheres Bundesgebiet / Neue Länder;DF;Früheres Bundesgebiet;WZ08C7;WZ2008 (ausgewählte Positionen): Tarifindex;WZ08-62;Dienstleistungen der Informationstechnologie;105,9;2020=100;VST072;Index d.tarifl. Stundenverdienste mit Sonderzahl.
62221;Vj. Index der Tarifverdienste und Arbeitszeiten;JAHR;Jahr;2023;DINSGF;Früheres Bundesgebiet / Neue Länder;DF;Früheres Bundesgebiet;WZ08C7;WZ2008 (ausgewählte Positionen): Tarifindex;WZ08-62;Dienstleistungen der Informationstechnologie;105,9;2020=100;VST073;Index d.tarifl. Monatsverdienste mit Sonderzahl.
62221;Vj. Index der Tarifverdienste und Arbeitszeiten;JAHR;Jahr;2023;DINSGF;Früheres Bundesgebiet / Neue Länder;DF;Früheres Bundesgebiet;WZ08C7;WZ2008 (ausgewählte Positionen): Tarifindex;WZ08-62;Dienstleistungen der Informationstechnologie;37,9;h;VST019;Durchschnittliche tarifliche Wochenarbeitszeit
62221;Vj. Index der Tarifverdienste und Arbeitszeiten;JAHR;Jahr;2023;DINSGF;Früheres Bundesgebiet / Neue Länder;DF;Früheres Bundesgebiet;WZ08C7;WZ2008 (ausgewählte Positionen): Tarifindex;WZ08-62;Dienstleistungen der Informationstechnologie;104,4;2020=100;VST066;Index d.tarifl. Monatsverdienste ohne Sonderzahl.
62221;Vj. Index der Tarifverdienste und Arbeitszeiten;JAHR;Jahr;2023;DINSGF;Früheres Bundesgebiet / Neue Länder;DF;Früheres Bundesgebiet;WZ08C7;WZ2008 (ausgewählte Positionen): Tarifindex;WZ08-62;Dienstleistungen der Informationstechnologie;100,0;2020=100;VST018;Index der tariflichen Wochenarbeitszeit
62221;Vj. Index der Tarifverdienste und Arbeitszeiten;JAHR;Jahr;2023;DINSGF;Früheres Bundesgebiet / Neue Länder;DF;Früheres Bundesgebiet;WZ08C7;WZ2008 (ausgewählte Positionen): Tarifindex;WZ08-62;Dienstleistungen der Informationstechnologie;104,4;2020=100;VST065;Index d.tarifl. Stundenverdienste ohne Sonderzahl.
62221;Vj. Index der Tarifverdienste und Arbeitszeiten;JAHR;Jahr;2019;DINSGF;Früheres Bundesgebiet / Neue Länder;DF;Früheres Bundesgebiet;WZ08C7;WZ2008 (ausgewählte Positionen): Tarifindex;WZ08-08-01;Gewinnung v. Steinen u. Erden, sonst. Bergbau, DL;97,8;2020=100;VST072;Index d.tarifl. Stundenverdienste mit Sonderzahl.
62221;Vj. Index der Tarifverdienste und Arbeitszeiten;JAHR;Jahr;2019;DINSGF;Früheres Bundesgebiet / Neue Länder;DF;Früheres Bundesgebiet;WZ08C7;WZ2008 (ausgewählte Positionen): Tarifindex;WZ08-08-01;Gewinnung v. Steinen u. Erden, sonst. Bergbau, DL;97,8;2020=100;VST073;Index d.tarifl. Monatsverdienste mit Sonderzahl.
62221;Vj. Index der Tarifverdienste und Arbeitszeiten;JAHR;Jahr;2019;DINSGF;Früheres Bundesgebiet / Neue Länder;DF;Früheres Bundesgebiet;WZ08C7;WZ2008 (ausgewählte Positionen): Tarifindex;WZ08-08-01;Gewinnung v. Steinen u. Erden, sonst. Bergbau, DL;37,5;h;VST019;Durchschnittliche tarifliche Wochenarbeitszeit
62221;Vj. Index der Tarifverdienste und Arbeitszeiten;JAHR;Jahr;2019;DINSGF;Früheres Bundesgebiet / Neue Länder;DF;Früheres Bundesgebiet;WZ08C7;WZ2008 (ausgewählte Positionen): Tarifindex;WZ08-08-01;Gewinnung v. Steinen u. Erden, sonst. Bergbau, DL;98,3;2020=100;VST066;Index d.tarifl. Monatsverdienste ohne Sonderzahl.
62221;Vj. Index der Tarifverdienste und Arbeitszeiten;JAHR;Jahr;2019;DINSGF;Früheres Bundesgebiet / Neue Länder;DF;Früheres Bundesgebiet;WZ08C7;WZ2008 (ausgewählte Positionen): Tarifindex;WZ08-08-01;Gewinnung v. Steinen u. Erden, sonst. Bergbau, DL;100,0;2020=100;VST018;Index der tariflichen Wochenarbeitszeit
62221;Vj. Index der Tarifverdienste und Arbeitszeiten;JAHR;Jahr;2019;DINSGF;Früheres Bundesgebiet / Neue Länder;DF;Früheres Bundesgebiet;WZ08C7;WZ2008 (ausgewählte Positionen): Tarifindex;WZ08-08-01;Gewinnung v. Steinen u. Erden, sonst. Bergbau, DL;98,3;2020=100;VST065;Index d.tarifl. Stundenverdienste ohne Sonderzahl.
62221;Vj. Index der Tarifverdienste und Arbeitszeiten;JAHR;Jahr;2018;DINSGF;Früheres Bundesgebiet / Neue Länder;DF;Früheres Bundesgebiet;WZ08C7;WZ2008 (ausgewählte Positionen): Tarifindex;WZ08-61;Telekommunikation;92,8;2020=100;VST072;Index d.tarifl. Stundenverdienste mit Sonderzahl.
62221;Vj. Index der Tarifverdienste und Arbeitszeiten;JAHR;Jahr;2018;DINSGF;Früheres Bundesgebiet / Neue Länder;DF;Früheres Bundesgebiet;WZ08C7;WZ2008 (ausgewählte Positionen): Tarifindex;WZ08-61;Telekommunikation;95,8;2020=100;VST073;Index d.tarifl. Monatsverdienste mit Sonderzahl.
62221;Vj. Index der Tarifverdienste und Arbeitszeiten;JAHR;Jahr;2018;DINSGF;Früheres Bundesgebiet / Neue Länder;DF;Früheres Bundesgebiet;WZ08C7;WZ2008 (ausgewählte Positionen): Tarifindex;WZ08-61;Telekommunikation;37,9;h;VST019;Durchschnittliche tarifliche Wochenarbeitszeit
62221;Vj. Index der Tarifverdienste und Arbeitszeiten;JAHR;Jahr;2018;DINSGF;Früheres Bundesgebiet / Neue Länder;DF;Früheres Bundesgebiet;WZ08C7;WZ2008 (ausgewählte Positionen): Tarifindex;WZ08-61;Telekommunikation;95,6;2020=100;VST066;Index d.tarifl. Monatsverdienste ohne Sonderzahl.
62221;Vj. Index der Tarifverdienste und Arbeitszeiten;JAHR;Jahr;2018;DINSGF;Früheres Bundesgebiet / Neue Länder;DF;Früheres Bundesgebiet;WZ08C7;WZ2008 (ausgewählte Positionen): Tarifindex;WZ08-61;Telekommunikation;102,8;2020=100;VST018;Index der tariflichen Wochenarbeitszeit
62221;Vj. Index der Tarifverdienste und Arbeitszeiten;JAHR;Jahr;2018;DINSGF;Früheres Bundesgebiet / Neue Länder;DF;Früheres Bundesgebiet;WZ08C7;WZ2008 (ausgewählte Positionen): Tarifindex;WZ08-61;Telekommunikation;92,7;2020=100;VST065;Index d.tarifl. Stundenverdienste ohne Sonderzahl.
62221;Vj. Index der Tarifverdienste und Arbeitszeiten;JAHR;Jahr;2022;DINSGF;Früheres Bundesgebiet / Neue Länder;DF;Früheres Bundesgebiet;WZ08C7;WZ2008 (ausgewählte Positionen): Tarifindex;WZ08-94;Interessenvertr., kirchl. u. sonst. Vereinigungen;103,0;2020=100;VST072;Index d.tarifl. Stundenverdienste mit Sonderzahl.
62221;Vj. Index der Tarifverdienste und Arbeitszeiten;JAHR;Jahr;2022;DINSGF;Früheres Bundesgebiet / Neue Länder;DF;Früheres Bundesgebiet;WZ08C7;WZ2008 (ausgewählte Positionen): Tarifindex;WZ08-94;Interessenvertr., kirchl. u. sonst. Vereinigungen;103,0;2020=100;VST073;Index d.tarifl. Monatsverdienste mit Sonderzahl.
62221;Vj. Index der Tarifverdienste und Arbeitszeiten;JAHR;Jahr;2022;DINSGF;Früheres Bundesgebiet / Neue Länder;DF;Früheres Bundesgebiet;WZ08C7;WZ2008 (ausgewählte Positionen): Tarifindex;WZ08-94;Interessenvertr., kirchl. u. sonst. Vereinigungen;39,3;h;VST019;Durchschnittliche tarifliche Wochenarbeitszeit
62221;Vj. Index der Tarifverdienste und Arbeitszeiten;JAHR;Jahr;2022;DINSGF;Früheres Bundesgebiet / Neue Länder;DF;Früheres Bundesgebiet;WZ08C7;WZ2008 (ausgewählte Positionen): Tarifindex;WZ08-94;Interessenvertr., kirchl. u. sonst. Vereinigungen;102,7;2020=100;VST066;Index d.tarifl. Monatsverdienste ohne Sonderzahl.
62221;Vj. Index der Tarifverdienste und Arbeitszeiten;JAHR;Jahr;2022;DINSGF;Früheres Bundesgebiet / Neue Länder;DF;Früheres Bundesgebiet;WZ08C7;WZ2008 (ausgewählte Positionen): Tarifindex;WZ08-94;Interessenvertr., kirchl. u. sonst. Vereinigungen;100,0;2020=100;VST018;Index der tariflichen Wochenarbeitszeit
62221;Vj. Index der Tarifverdienste und Arbeitszeiten;JAHR;Jahr;2022;DINSGF;Früheres Bundesgebiet / Neue Länder;DF;Früheres Bundesgebiet;WZ08C7;WZ2008 (ausgewählte Positionen): Tarifindex;WZ08-94;Interessenvertr., kirchl. u. sonst. Vereinigungen;102,7;2020=100;VST065;Index d.tarifl. Stundenverdienste ohne Sonderzahl.
62221;Vj. Index der Tarifverdienste und Arbeitszeiten;JAHR;Jahr;2019;DINSGF;Früheres Bundesgebiet / Neue Länder;DN;Neue Länder;WZ08C7;WZ2008 (ausgewählte Positionen): Tarifindex;WZ08-45;Kfz-Handel, Instandhaltung und Reparatur von Kfz;97,5;2020=100;VST072;Index d.tarifl. Stundenverdienste mit Sonderzahl.
62221;Vj. Index der Tarifverdienste und Arbeitszeiten;JAHR;Jahr;2019;DINSGF;Früheres Bundesgebiet / Neue Länder;DN;Neue Länder;WZ08C7;WZ2008 (ausgewählte Positionen): Tarifindex;WZ08-45;Kfz-Handel, Instandhaltung und Reparatur von Kfz;97,5;2020=100;VST073;Index d.tarifl. Monatsverdienste mit Sonderzahl.
62221;Vj. Index der Tarifverdienste und Arbeitszeiten;JAHR;Jahr;2019;DINSGF;Früheres Bundesgebiet / Neue Länder;DN;Neue Länder;WZ08C7;WZ2008 (ausgewählte Positionen): Tarifindex;WZ08-45;Kfz-Handel, Instandhaltung und Reparatur von Kfz;37,6;h;VST019;Durchschnittliche tarifliche Wochenarbeitszeit
62221;Vj. Index der Tarifverdienste und Arbeitszeiten;JAHR;Jahr;2019;DINSGF;Früheres Bundesgebiet / Neue Länder;DN;Neue Länder;WZ08C7;WZ2008 (ausgewählte Positionen): Tarifindex;WZ08-45;Kfz-Handel, Instandhaltung und Reparatur von Kfz;97,3;2020=100;VST066;Index d.tarifl. Monatsverdienste ohne Sonderzahl.
62221;Vj. Index der Tarifverdienste und Arbeitszeiten;JAHR;Jahr;2019;DINSGF;Früheres Bundesgebiet / Neue Länder;DN;Neue Länder;WZ08C7;WZ2008 (ausgewählte Positionen): Tarifindex;WZ08-45;Kfz-Handel, Instandhaltung und Reparatur von Kfz;100,0;2020=100;VST018;Index der tariflichen Wochenarbeitszeit
62221;Vj. Index der Tarifverdienste und Arbeitszeiten;JAHR;Jahr;2019;DINSGF;Früheres Bundesgebiet / Neue Länder;DN;Neue Länder;WZ08C7;WZ2008 (ausgewählte Positionen): Tarifindex;WZ08-45;Kfz-Handel, Instandhaltung und Reparatur von Kfz;97,3;2020=100;VST065;Index d.tarifl. Stundenverdienste ohne Sonderzahl.
62221;Vj. Index der Tarifverdienste und Arbeitszeiten;JAHR;Jahr;2016;DINSGF;Früheres Bundesgebiet / Neue Länder;DN;Neue Länder;WZ08C7;WZ2008 (ausgewählte Positionen): Tarifindex;WZ08-92;Spiel-, Wett- und Lotteriewesen;94,6;2020=100;VST072;Index d.tarifl. Stundenverdienste mit Sonderzahl.
62221;Vj. Index der Tarifverdienste und Arbeitszeiten;JAHR;Jahr;2016;DINSGF;Früheres Bundesgebiet / Neue Länder;DN;Neue Länder;WZ08C7;WZ2008 (ausgewählte Positionen): Tarifindex;WZ08-92;Spiel-, Wett- und Lotteriewesen;94,6;2020=100;VST073;Index d.tarifl. Monatsverdienste mit Sonderzahl.
62221;Vj. Index der Tarifverdienste und Arbeitszeiten;JAHR;Jahr;2016;DINSGF;Früheres Bundesgebiet / Neue Länder;DN;Neue Länder;WZ08C7;WZ2008 (ausgewählte Positionen): Tarifindex;WZ08-92;Spiel-, Wett- und Lotteriewesen;39,0;h;VST019;Durchschnittliche tarifliche Wochenarbeitszeit
62221;Vj. Index der Tarifverdienste und Arbeitszeiten;JAHR;Jahr;2016;DINSGF;Früheres Bundesgebiet / Neue Länder;DN;Neue Länder;WZ08C7;WZ2008 (ausgewählte Positionen): Tarifindex;WZ08-92;Spiel-, Wett- und Lotteriewesen;94,5;2020=100;VST066;Index d.tarifl. Monatsverdienste ohne Sonderzahl.
62221;Vj. Index der Tarifverdienste und Arbeitszeiten;JAHR;Jahr;2016;DINSGF;Früheres Bundesgebiet / Neue Länder;DN;Neue Länder;WZ08C7;WZ2008 (ausgewählte Positionen): Tarifindex;WZ08-92;Spiel-, Wett- und Lotteriewesen;100,0;2020=100;VST018;Index der tariflichen Wochenarbeitszeit
62221;Vj. Index der Tarifverdienste und Arbeitszeiten;JAHR;Jahr;2016;DINSGF;Früheres Bundesgebiet / Neue Länder;DN;Neue Länder;WZ08C7;WZ2008 (ausgewählte Positionen): Tarifindex;WZ08-92;Spiel-, Wett- und Lotteriewesen;94,5;2020=100;VST065;Index d.tarifl. Stundenverdienste ohne Sonderzahl.
62221;Vj. Index der Tarifverdienste und Arbeitszeiten;JAHR;Jahr;2019;DINSGF;Früheres Bundesgebiet / Neue Länder;DN;Neue Länder;WZ08C7;WZ2008 (ausgewählte Positionen): Tarifindex;WZ08-21;Herstellung von pharmazeutischen Erzeugnissen;98,3;2020=100;VST072;Index d.tarifl. Stundenverdienste mit Sonderzahl.
62221;Vj. Index der Tarifverdienste und Arbeitszeiten;JAHR;Jahr;2019;DINSGF;Früheres Bundesgebiet / Neue Länder;DN;Neue Länder;WZ08C7;WZ2008 (ausgewählte Positionen): Tarifindex;WZ08-21;Herstellung von pharmazeutischen Erzeugnissen;98,2;2020=100;VST073;Index d.tarifl. Monatsverdienste mit Sonderzahl.
62221;Vj. Index der Tarifverdienste und Arbeitszeiten;JAHR;Jahr;2019;DINSGF;Früheres Bundesgebiet / Neue Länder;DN;Neue Länder;WZ08C7;WZ2008 (ausgewählte Positionen): Tarifindex;WZ08-21;Herstellung von pharmazeutischen Erzeugnissen;39,4;h;VST019;Durchschnittliche tarifliche Wochenarbeitszeit
62221;Vj. Index der Tarifverdienste und Arbeitszeiten;JAHR;Jahr;2019;DINSGF;Früheres Bundesgebiet / Neue Länder;DN;Neue Länder;WZ08C7;WZ2008 (ausgewählte Positionen): Tarifindex;WZ08-21;Herstellung von pharmazeutischen Erzeugnissen;99,2;2020=100;VST066;Index d.tarifl. Monatsverdienste ohne Sonderzahl.
62221;Vj. Index der Tarifverdienste und Arbeitszeiten;JAHR;Jahr;2019;DINSGF;Früheres Bundesgebiet / Neue Länder;DN;Neue Länder;WZ08C7;WZ2008 (ausgewählte Positionen): Tarifindex;WZ08-21;Herstellung von pharmazeutischen Erzeugnissen;100,0;2020=100;VST018;Index der tariflichen Wochenarbeitszeit
62221;Vj. Index der Tarifverdienste und Arbeitszeiten;JAHR;Jahr;2019;DINSGF;Früheres Bundesgebiet / Neue Länder;DN;Neue Länder;WZ08C7;WZ2008 (ausgewählte Positionen): Tarifindex;WZ08-21;Herstellung von pharmazeutischen Erzeugnissen;99,3;2020=100;VST065;Index d.tarifl. Stundenverdienste ohne Sonderzahl.
62221;Vj. Index der Tarifverdienste und Arbeitszeiten;JAHR;Jahr;2016;DINSGF;Früheres Bundesgebiet / Neue Länder;DN;Neue Länder;WZ08C7;WZ2008 (ausgewählte Positionen): Tarifindex;WZ08-I;Gastgewerbe;89,4;2020=100;VST072;Index d.tarifl. Stundenverdienste mit Sonderzahl.
62221;Vj. Index der Tarifverdienste und Arbeitszeiten;JAHR;Jahr;2016;DINSGF;Früheres Bundesgebiet / Neue Länder;DN;Neue Länder;WZ08C7;WZ2008 (ausgewählte Positionen): Tarifindex;WZ08-I;Gastgewerbe;89,4;2020=100;VST073;Index d.tarifl. Monatsverdienste mit Sonderzahl.
62221;Vj. Index der Tarifverdienste und Arbeitszeiten;JAHR;Jahr;2016;DINSGF;Früheres Bundesgebiet / Neue Länder;DN;Neue Länder;WZ08C7;WZ2008 (ausgewählte Positionen): Tarifindex;WZ08-I;Gastgewerbe;39,4;h;VST019;Durchschnittliche tarifliche Wochenarbeitszeit
62221;Vj. Index der Tarifverdienste und Arbeitszeiten;JAHR;Jahr;2016;DINSGF;Früheres Bundesgebiet / Neue Länder;DN;Neue Länder;WZ08C7;WZ2008 (ausgewählte Positionen): Tarifindex;WZ08-I;Gastgewerbe;88,8;2020=100;VST066;Index d.tarifl. Monatsverdienste ohne Sonderzahl.
62221;Vj. Index der Tarifverdienste und Arbeitszeiten;JAHR;Jahr;2016;DINSGF;Früheres Bundesgebiet / Neue Länder;DN;Neue Länder;WZ08C7;WZ2008 (ausgewählte Positionen): Tarifindex;WZ08-I;Gastgewerbe;100,0;2020=100;VST018;Index der tariflichen Wochenarbeitszeit
62221;Vj. Index der Tarifverdienste und Arbeitszeiten;JAHR;Jahr;2016;DINSGF;Früheres Bundesgebiet / Neue Länder;DN;Neue Länder;WZ08C7;WZ2008 (ausgewählte Positionen): Tarifindex;WZ08-I;Gastgewerbe;88,8;2020=100;VST065;Index d.tarifl. Stundenverdienste ohne Sonderzahl.
62221;Vj. Index der Tarifverdienste und Arbeitszeiten;JAHR;Jahr;2016;DINSGF;Früheres Bundesgebiet / Neue Länder;DN;Neue Länder;WZ08C7;WZ2008 (ausgewählte Positionen): Tarifindex;WZ08-C;Verarbeitendes Gewerbe;90,1;2020=100;VST072;Index d.tarifl. Stundenverdienste mit Sonderzahl.
62221;Vj. Index der Tarifverdienste und Arbeitszeiten;JAHR;Jahr;2016;DINSGF;Früheres Bundesgebiet / Neue Länder;DN;Neue Länder;WZ08C7;WZ2008 (ausgewählte Positionen): Tarifindex;WZ08-C;Verarbeitendes Gewerbe;90,3;2020=100;VST073;Index d.tarifl. Monatsverdienste mit Sonderzahl.
62221;Vj. Index der Tarifverdienste und Arbeitszeiten;JAHR;Jahr;2016;DINSGF;Früheres Bundesgebiet / Neue Länder;DN;Neue Länder;WZ08C7;WZ2008 (ausgewählte Positionen): Tarifindex;WZ08-C;Verarbeitendes Gewerbe;38,1;h;VST019;Durchschnittliche tarifliche Wochenarbeitszeit
62221;Vj. Index der Tarifverdienste und Arbeitszeiten;JAHR;Jahr;2016;DINSGF;Früheres Bundesgebiet / Neue Länder;DN;Neue Länder;WZ08C7;WZ2008 (ausgewählte Positionen): Tarifindex;WZ08-C;Verarbeitendes Gewerbe;92,0;2020=100;VST066;Index d.tarifl. Monatsverdienste ohne Sonderzahl.
62221;Vj. Index der Tarifverdienste und Arbeitszeiten;JAHR;Jahr;2016;DINSGF;Früheres Bundesgebiet / Neue Länder;DN;Neue Länder;WZ08C7;WZ2008 (ausgewählte Positionen): Tarifindex;WZ08-C;Verarbeitendes Gewerbe;100,2;2020=100;VST018;Index der tariflichen Wochenarbeitszeit
62221;Vj. Index der Tarifverdienste und Arbeitszeiten;JAHR;Jahr;2016;DINSGF;Früheres Bundesgebiet / Neue Länder;DN;Neue Länder;WZ08C7;WZ2008 (ausgewählte Positionen): Tarifindex;WZ08-C;Verarbeitendes Gewerbe;91,7;2020=100;VST065;Index d.tarifl. Stundenverdienste ohne Sonderzahl.
62221;Vj. Index der Tarifverdienste und Arbeitszeiten;JAHR;Jahr;2025;DINSGF;Früheres Bundesgebiet / Neue Länder;DF;Früheres Bundesgebiet;WZ08C7;WZ2008 (ausgewählte Positionen): Tarifindex;WZ08-R;Kunst, Unterhaltung und Erholung;114,3;2020=100;VST072;Index d.tarifl. Stundenverdienste mit Sonderzahl.
62221;Vj. Index der Tarifverdienste und Arbeitszeiten;JAHR;Jahr;2025;DINSGF;Früheres Bundesgebiet / Neue Länder;DF;Früheres Bundesgebiet;WZ08C7;WZ2008 (ausgewählte Positionen): Tarifindex;WZ08-R;Kunst, Unterhaltung und Erholung;114,3;2020=100;VST073;Index d.tarifl. Monatsverdienste mit Sonderzahl.
62221;Vj. Index der Tarifverdienste und Arbeitszeiten;JAHR;Jahr;2025;DINSGF;Früheres Bundesgebiet / Neue Länder;DF;Früheres Bundesgebiet;WZ08C7;WZ2008 (ausgewählte Positionen): Tarifindex;WZ08-R;Kunst, Unterhaltung und Erholung;39,2;h;VST019;Durchschnittliche tarifliche Wochenarbeitszeit
62221;Vj. Index der Tarifverdienste und Arbeitszeiten;JAHR;Jahr;2025;DINSGF;Früheres Bundesgebiet / Neue Länder;DF;Früheres Bundesgebiet;WZ08C7;WZ2008 (ausgewählte Positionen): Tarifindex;WZ08-R;Kunst, Unterhaltung und Erholung;114,4;2020=100;VST066;Index d.tarifl. Monatsverdienste ohne Sonderzahl.
62221;Vj. Index der Tarifverdienste und Arbeitszeiten;JAHR;Jahr;2025;DINSGF;Früheres Bundesgebiet / Neue Länder;DF;Früheres Bundesgebiet;WZ08C7;WZ2008 (ausgewählte Positionen): Tarifindex;WZ08-R;Kunst, Unterhaltung und Erholung;100,0;2020=100;VST018;Index der tariflichen Wochenarbeitszeit
62221;Vj. Index der Tarifverdienste und Arbeitszeiten;JAHR;Jahr;2025;DINSGF;Früheres Bundesgebiet / Neue Länder;DF;Früheres Bundesgebiet;WZ08C7;WZ2008 (ausgewählte Positionen): Tarifindex;WZ08-R;Kunst, Unterhaltung und Erholung;114,4;2020=100;VST065;Index d.tarifl. Stundenverdienste ohne Sonderzahl.
62221;Vj. Index der Tarifverdienste und Arbeitszeiten;JAHR;Jahr;2016;DINSGF;Früheres Bundesgebiet / Neue Länder;DN;Neue Länder;WZ08C7;WZ2008 (ausgewählte Positionen): Tarifindex;WZ08-O;Öff. Verwaltung, Verteidigung, Sozialversicherung;89,9;2020=100;VST072;Index d.tarifl. Stundenverdienste mit Sonderzahl.
62221;Vj. Index der Tarifverdienste und Arbeitszeiten;JAHR;Jahr;2016;DINSGF;Früheres Bundesgebiet / Neue Länder;DN;Neue Länder;WZ08C7;WZ2008 (ausgewählte Positionen): Tarifindex;WZ08-O;Öff. Verwaltung, Verteidigung, Sozialversicherung;89,9;2020=100;VST073;Index d.tarifl. Monatsverdienste mit Sonderzahl.
62221;Vj. Index der Tarifverdienste und Arbeitszeiten;JAHR;Jahr;2016;DINSGF;Früheres Bundesgebiet / Neue Länder;DN;Neue Länder;WZ08C7;WZ2008 (ausgewählte Positionen): Tarifindex;WZ08-O;Öff. Verwaltung, Verteidigung, Sozialversicherung;39,7;h;VST019;Durchschnittliche tarifliche Wochenarbeitszeit
62221;Vj. Index der Tarifverdienste und Arbeitszeiten;JAHR;Jahr;2016;DINSGF;Früheres Bundesgebiet / Neue Länder;DN;Neue Länder;WZ08C7;WZ2008 (ausgewählte Positionen): Tarifindex;WZ08-O;Öff. Verwaltung, Verteidigung, Sozialversicherung;89,0;2020=100;VST066;Index d.tarifl. Monatsverdienste ohne Sonderzahl.
62221;Vj. Index der Tarifverdienste und Arbeitszeiten;JAHR;Jahr;2016;DINSGF;Früheres Bundesgebiet / Neue Länder;DN;Neue Länder;WZ08C7;WZ2008 (ausgewählte Positionen): Tarifindex;WZ08-O;Öff. Verwaltung, Verteidigung, Sozialversicherung;100,0;2020=100;VST018;Index der tariflichen Wochenarbeitszeit
62221;Vj. Index der Tarifverdienste und Arbeitszeiten;JAHR;Jahr;2016;DINSGF;Früheres Bundesgebiet / Neue Länder;DN;Neue Länder;WZ08C7;WZ2008 (ausgewählte Positionen): Tarifindex;WZ08-O;Öff. Verwaltung, Verteidigung, Sozialversicherung;89,0;2020=100;VST065;Index d.tarifl. Stundenverdienste ohne Sonderzahl.
62221;Vj. Index der Tarifverdienste und Arbeitszeiten;JAHR;Jahr;2018;DINSGF;Früheres Bundesgebiet / Neue Länder;DF;Früheres Bundesgebiet;WZ08C7;WZ2008 (ausgewählte Positionen): Tarifindex;WZ08-16;H.v. Holz-, Flecht-, Korb-u.Korkwaren (ohne Möbel);95,9;2020=100;VST072;Index d.tarifl. Stundenverdienste mit Sonderzahl.
62221;Vj. Index der Tarifverdienste und Arbeitszeiten;JAHR;Jahr;2018;DINSGF;Früheres Bundesgebiet / Neue Länder;DF;Früheres Bundesgebiet;WZ08C7;WZ2008 (ausgewählte Positionen): Tarifindex;WZ08-16;H.v. Holz-, Flecht-, Korb-u.Korkwaren (ohne Möbel);95,9;2020=100;VST073;Index d.tarifl. Monatsverdienste mit Sonderzahl.
62221;Vj. Index der Tarifverdienste und Arbeitszeiten;JAHR;Jahr;2018;DINSGF;Früheres Bundesgebiet / Neue Länder;DF;Früheres Bundesgebiet;WZ08C7;WZ2008 (ausgewählte Positionen): Tarifindex;WZ08-16;H.v. Holz-, Flecht-, Korb-u.Korkwaren (ohne Möbel);37,3;h;VST019;Durchschnittliche tarifliche Wochenarbeitszeit
62221;Vj. Index der Tarifverdienste und Arbeitszeiten;JAHR;Jahr;2018;DINSGF;Früheres Bundesgebiet / Neue Länder;DF;Früheres Bundesgebiet;WZ08C7;WZ2008 (ausgewählte Positionen): Tarifindex;WZ08-16;H.v. Holz-, Flecht-, Korb-u.Korkwaren (ohne Möbel);96,0;2020=100;VST066;Index d.tarifl. Monatsverdienste ohne Sonderzahl.
62221;Vj. Index der Tarifverdienste und Arbeitszeiten;JAHR;Jahr;2018;DINSGF;Früheres Bundesgebiet / Neue Länder;DF;Früheres Bundesgebiet;WZ08C7;WZ2008 (ausgewählte Positionen): Tarifindex;WZ08-16;H.v. Holz-, Flecht-, Korb-u.Korkwaren (ohne Möbel);100,0;2020=100;VST018;Index der tariflichen Wochenarbeitszeit
62221;Vj. Index der Tarifverdienste und Arbeitszeiten;JAHR;Jahr;2018;DINSGF;Früheres Bundesgebiet / Neue Länder;DF;Früheres Bundesgebiet;WZ08C7;WZ2008 (ausgewählte Positionen): Tarifindex;WZ08-16;H.v. Holz-, Flecht-, Korb-u.Korkwaren (ohne Möbel);96,0;2020=100;VST065;Index d.tarifl. Stundenverdienste ohne Sonderzahl.
62221;Vj. Index der Tarifverdienste und Arbeitszeiten;JAHR;Jahr;2019;DINSGF;Früheres Bundesgebiet / Neue Länder;DN;Neue Länder;WZ08C7;WZ2008 (ausgewählte Positionen): Tarifindex;WZ08-27;Herstellung von elektrischen Ausrüstungen;100,1;2020=100;VST072;Index d.tarifl. Stundenverdienste mit Sonderzahl.
62221;Vj. Index der Tarifverdienste und Arbeitszeiten;JAHR;Jahr;2019;DINSGF;Früheres Bundesgebiet / Neue Länder;DN;Neue Länder;WZ08C7;WZ2008 (ausgewählte Positionen): Tarifindex;WZ08-27;Herstellung von elektrischen Ausrüstungen;100,1;2020=100;VST073;Index d.tarifl. Monatsverdienste mit Sonderzahl.
62221;Vj. Index der Tarifverdienste und Arbeitszeiten;JAHR;Jahr;2019;DINSGF;Früheres Bundesgebiet / Neue Länder;DN;Neue Länder;WZ08C7;WZ2008 (ausgewählte Positionen): Tarifindex;WZ08-27;Herstellung von elektrischen Ausrüstungen;38,0;h;VST019;Durchschnittliche tarifliche Wochenarbeitszeit
62221;Vj. Index der Tarifverdienste und Arbeitszeiten;JAHR;Jahr;2019;DINSGF;Früheres Bundesgebiet / Neue Länder;DN;Neue Länder;WZ08C7;WZ2008 (ausgewählte Positionen): Tarifindex;WZ08-27;Herstellung von elektrischen Ausrüstungen;100,0;2020=100;VST066;Index d.tarifl. Monatsverdienste ohne Sonderzahl.
62221;Vj. Index der Tarifverdienste und Arbeitszeiten;JAHR;Jahr;2019;DINSGF;Früheres Bundesgebiet / Neue Länder;DN;Neue Länder;WZ08C7;WZ2008 (ausgewählte Positionen): Tarifindex;WZ08-27;Herstellung von elektrischen Ausrüstungen;100,0;2020=100;VST018;Index der tariflichen Wochenarbeitszeit
62221;Vj. Index der Tarifverdienste und Arbeitszeiten;JAHR;Jahr;2019;DINSGF;Früheres Bundesgebiet / Neue Länder;DN;Neue Länder;WZ08C7;WZ2008 (ausgewählte Positionen): Tarifindex;WZ08-27;Herstellung von elektrischen Ausrüstungen;100,0;2020=100;VST065;Index d.tarifl. Stundenverdienste ohne Sonderzahl.
62221;Vj. Index der Tarifverdienste und Arbeitszeiten;JAHR;Jahr;2019;DINSGF;Früheres Bundesgebiet / Neue Länder;DN;Neue Länder;WZ08C7;WZ2008 (ausgewählte Positionen): Tarifindex;WZ08-90;Kreative,künstlerische u.unterhaltende Tätigkeiten;97,3;2020=100;VST072;Index d.tarifl. Stundenverdienste mit Sonderzahl.
62221;Vj. Index der Tarifverdienste und Arbeitszeiten;JAHR;Jahr;2019;DINSGF;Früheres Bundesgebiet / Neue Länder;DN;Neue Länder;WZ08C7;WZ2008 (ausgewählte Positionen): Tarifindex;WZ08-90;Kreative,künstlerische u.unterhaltende Tätigkeiten;97,3;2020=100;VST073;Index d.tarifl. Monatsverdienste mit Sonderzahl.
62221;Vj. Index der Tarifverdienste und Arbeitszeiten;JAHR;Jahr;2019;DINSGF;Früheres Bundesgebiet / Neue Länder;DN;Neue Länder;WZ08C7;WZ2008 (ausgewählte Positionen): Tarifindex;WZ08-90;Kreative,künstlerische u.unterhaltende Tätigkeiten;39,0;h;VST019;Durchschnittliche tarifliche Wochenarbeitszeit
62221;Vj. Index der Tarifverdienste und Arbeitszeiten;JAHR;Jahr;2019;DINSGF;Früheres Bundesgebiet / Neue Länder;DN;Neue Länder;WZ08C7;WZ2008 (ausgewählte Positionen): Tarifindex;WZ08-90;Kreative,künstlerische u.unterhaltende Tätigkeiten;97,0;2020=100;VST066;Index d.tarifl. Monatsverdienste ohne Sonderzahl.
62221;Vj. Index der Tarifverdienste und Arbeitszeiten;JAHR;Jahr;2019;DINSGF;Früheres Bundesgebiet / Neue Länder;DN;Neue Länder;WZ08C7;WZ2008 (ausgewählte Positionen): Tarifindex;WZ08-90;Kreative,künstlerische u.unterhaltende Tätigkeiten;100,0;2020=100;VST018;Index der tariflichen Wochenarbeitszeit
62221;Vj. Index der Tarifverdienste und Arbeitszeiten;JAHR;Jahr;2019;DINSGF;Früheres Bundesgebiet / Neue Länder;DN;Neue Länder;WZ08C7;WZ2008 (ausgewählte Positionen): Tarifindex;WZ08-90;Kreative,künstlerische u.unterhaltende Tätigkeiten;97,0;2020=100;VST065;Index d.tarifl. Stundenverdienste ohne Sonderzahl.
62221;Vj. Index der Tarifverdienste und Arbeitszeiten;JAHR;Jahr;2019;DINSGF;Früheres Bundesgebiet / Neue Länder;DN;Neue Länder;WZ08C7;WZ2008 (ausgewählte Positionen): Tarifindex;WZ08-96;Sonstige überwiegend persönliche Dienstleistungen;98,5;2020=100;VST072;Index d.tarifl. Stundenverdienste mit Sonderzahl.
62221;Vj. Index der Tarifverdienste und Arbeitszeiten;JAHR;Jahr;2019;DINSGF;Früheres Bundesgebiet / Neue Länder;DN;Neue Länder;WZ08C7;WZ2008 (ausgewählte Positionen): Tarifindex;WZ08-96;Sonstige überwiegend persönliche Dienstleistungen;98,5;2020=100;VST073;Index d.tarifl. Monatsverdienste mit Sonderzahl.
62221;Vj. Index der Tarifverdienste und Arbeitszeiten;JAHR;Jahr;2019;DINSGF;Früheres Bundesgebiet / Neue Länder;DN;Neue Länder;WZ08C7;WZ2008 (ausgewählte Positionen): Tarifindex;WZ08-96;Sonstige überwiegend persönliche Dienstleistungen;38,3;h;VST019;Durchschnittliche tarifliche Wochenarbeitszeit
62221;Vj. Index der Tarifverdienste und Arbeitszeiten;JAHR;Jahr;2019;DINSGF;Früheres Bundesgebiet / Neue Länder;DN;Neue Länder;WZ08C7;WZ2008 (ausgewählte Positionen): Tarifindex;WZ08-96;Sonstige überwiegend persönliche Dienstleistungen;98,7;2020=100;VST066;Index d.tarifl. Monatsverdienste ohne Sonderzahl.
62221;Vj. Index der Tarifverdienste und Arbeitszeiten;JAHR;Jahr;2019;DINSGF;Früheres Bundesgebiet / Neue Länder;DN;Neue Länder;WZ08C7;WZ2008 (ausgewählte Positionen): Tarifindex;WZ08-96;Sonstige überwiegend persönliche Dienstleistungen;100,0;2020=100;VST018;Index der tariflichen Wochenarbeitszeit
62221;Vj. Index der Tarifverdienste und Arbeitszeiten;JAHR;Jahr;2019;DINSGF;Früheres Bundesgebiet / Neue Länder;DN;Neue Länder;WZ08C7;WZ2008 (ausgewählte Positionen): Tarifindex;WZ08-96;Sonstige überwiegend persönliche Dienstleistungen;98,8;2020=100;VST065;Index d.tarifl. Stundenverdienste ohne Sonderzahl.
62221;Vj. Index der Tarifverdienste und Arbeitszeiten;JAHR;Jahr;2016;DINSGF;Früheres Bundesgebiet / Neue Länder;DN;Neue Länder;WZ08C7;WZ2008 (ausgewählte Positionen): Tarifindex;WZ08-74;Sonst. freiberufl.,wissenschaftl. u. techn.Tätigk.;89,6;2020=100;VST072;Index d.tarifl. Stundenverdienste mit Sonderzahl.
62221;Vj. Index der Tarifverdienste und Arbeitszeiten;JAHR;Jahr;2016;DINSGF;Früheres Bundesgebiet / Neue Länder;DN;Neue Länder;WZ08C7;WZ2008 (ausgewählte Positionen): Tarifindex;WZ08-74;Sonst. freiberufl.,wissenschaftl. u. techn.Tätigk.;89,6;2020=100;VST073;Index d.tarifl. Monatsverdienste mit Sonderzahl.
62221;Vj. Index der Tarifverdienste und Arbeitszeiten;JAHR;Jahr;2016;DINSGF;Früheres Bundesgebiet / Neue Länder;DN;Neue Länder;WZ08C7;WZ2008 (ausgewählte Positionen): Tarifindex;WZ08-74;Sonst. freiberufl.,wissenschaftl. u. techn.Tätigk.;39,6;h;VST019;Durchschnittliche tarifliche Wochenarbeitszeit
62221;Vj. Index der Tarifverdienste und Arbeitszeiten;JAHR;Jahr;2016;DINSGF;Früheres Bundesgebiet / Neue Länder;DN;Neue Länder;WZ08C7;WZ2008 (ausgewählte Positionen): Tarifindex;WZ08-74;Sonst. freiberufl.,wissenschaftl. u. techn.Tätigk.;89,1;2020=100;VST066;Index d.tarifl. Monatsverdienste ohne Sonderzahl.
62221;Vj. Index der Tarifverdienste und Arbeitszeiten;JAHR;Jahr;2016;DINSGF;Früheres Bundesgebiet / Neue Länder;DN;Neue Länder;WZ08C7;WZ2008 (ausgewählte Positionen): Tarifindex;WZ08-74;Sonst. freiberufl.,wissenschaftl. u. techn.Tätigk.;100,0;2020=100;VST018;Index der tariflichen Wochenarbeitszeit
62221;Vj. Index der Tarifverdienste und Arbeitszeiten;JAHR;Jahr;2016;DINSGF;Früheres Bundesgebiet / Neue Länder;DN;Neue Länder;WZ08C7;WZ2008 (ausgewählte Positionen): Tarifindex;WZ08-74;Sonst. freiberufl.,wissenschaftl. u. techn.Tätigk.;89,1;2020=100;VST065;Index d.tarifl. Stundenverdienste ohne Sonderzahl.
62221;Vj. Index der Tarifverdienste und Arbeitszeiten;JAHR;Jahr;2018;DINSGF;Früheres Bundesgebiet / Neue Länder;DF;Früheres Bundesgebiet;WZ08C7;WZ2008 (ausgewählte Positionen): Tarifindex;WZ08-10;Herstellung von Nahrungs- und Futtermitteln;95,7;2020=100;VST072;Index d.tarifl. Stundenverdienste mit Sonderzahl.
62221;Vj. Index der Tarifverdienste und Arbeitszeiten;JAHR;Jahr;2018;DINSGF;Früheres Bundesgebiet / Neue Länder;DF;Früheres Bundesgebiet;WZ08C7;WZ2008 (ausgewählte Positionen): Tarifindex;WZ08-10;Herstellung von Nahrungs- und Futtermitteln;95,7;2020=100;VST073;Index d.tarifl. Monatsverdienste mit Sonderzahl.
62221;Vj. Index der Tarifverdienste und Arbeitszeiten;JAHR;Jahr;2018;DINSGF;Früheres Bundesgebiet / Neue Länder;DF;Früheres Bundesgebiet;WZ08C7;WZ2008 (ausgewählte Positionen): Tarifindex;WZ08-10;Herstellung von Nahrungs- und Futtermitteln;38,3;h;VST019;Durchschnittliche tarifliche Wochenarbeitszeit
62221;Vj. Index der Tarifverdienste und Arbeitszeiten;JAHR;Jahr;2018;DINSGF;Früheres Bundesgebiet / Neue Länder;DF;Früheres Bundesgebiet;WZ08C7;WZ2008 (ausgewählte Positionen): Tarifindex;WZ08-10;Herstellung von Nahrungs- und Futtermitteln;95,8;2020=100;VST066;Index d.tarifl. Monatsverdienste ohne Sonderzahl.
62221;Vj. Index der Tarifverdienste und Arbeitszeiten;JAHR;Jahr;2018;DINSGF;Früheres Bundesgebiet / Neue Länder;DF;Früheres Bundesgebiet;WZ08C7;WZ2008 (ausgewählte Positionen): Tarifindex;WZ08-10;Herstellung von Nahrungs- und Futtermitteln;100,0;2020=100;VST018;Index der tariflichen Wochenarbeitszeit
62221;Vj. Index der Tarifverdienste und Arbeitszeiten;JAHR;Jahr;2018;DINSGF;Früheres Bundesgebiet / Neue Länder;DF;Früheres Bundesgebiet;WZ08C7;WZ2008 (ausgewählte Positionen): Tarifindex;WZ08-10;Herstellung von Nahrungs- und Futtermitteln;95,8;2020=100;VST065;Index d.tarifl. Stundenverdienste ohne Sonderzahl.
62221;Vj. Index der Tarifverdienste und Arbeitszeiten;JAHR;Jahr;2025;DINSGF;Früheres Bundesgebiet / Neue Länder;DF;Früheres Bundesgebiet;WZ08C7;WZ2008 (ausgewählte Positionen): Tarifindex;WZ08-L;Grundstücks- und Wohnungswesen;114,9;2020=100;VST072;Index d.tarifl. Stundenverdienste mit Sonderzahl.
62221;Vj. Index der Tarifverdienste und Arbeitszeiten;JAHR;Jahr;2025;DINSGF;Früheres Bundesgebiet / Neue Länder;DF;Früheres Bundesgebiet;WZ08C7;WZ2008 (ausgewählte Positionen): Tarifindex;WZ08-L;Grundstücks- und Wohnungswesen;114,9;2020=100;VST073;Index d.tarifl. Monatsverdienste mit Sonderzahl.
62221;Vj. Index der Tarifverdienste und Arbeitszeiten;JAHR;Jahr;2025;DINSGF;Früheres Bundesgebiet / Neue Länder;DF;Früheres Bundesgebiet;WZ08C7;WZ2008 (ausgewählte Positionen): Tarifindex;WZ08-L;Grundstücks- und Wohnungswesen;38,1;h;VST019;Durchschnittliche tarifliche Wochenarbeitszeit
62221;Vj. Index der Tarifverdienste und Arbeitszeiten;JAHR;Jahr;2025;DINSGF;Früheres Bundesgebiet / Neue Länder;DF;Früheres Bundesgebiet;WZ08C7;WZ2008 (ausgewählte Positionen): Tarifindex;WZ08-L;Grundstücks- und Wohnungswesen;115,4;2020=100;VST066;Index d.tarifl. Monatsverdienste ohne Sonderzahl.
62221;Vj. Index der Tarifverdienste und Arbeitszeiten;JAHR;Jahr;2025;DINSGF;Früheres Bundesgebiet / Neue Länder;DF;Früheres Bundesgebiet;WZ08C7;WZ2008 (ausgewählte Positionen): Tarifindex;WZ08-L;Grundstücks- und Wohnungswesen;100,0;2020=100;VST018;Index der tariflichen Wochenarbeitszeit
62221;Vj. Index der Tarifverdienste und Arbeitszeiten;JAHR;Jahr;2025;DINSGF;Früheres Bundesgebiet / Neue Länder;DF;Früheres Bundesgebiet;WZ08C7;WZ2008 (ausgewählte Positionen): Tarifindex;WZ08-L;Grundstücks- und Wohnungswesen;115,4;2020=100;VST065;Index d.tarifl. Stundenverdienste ohne Sonderzahl.
62221;Vj. Index der Tarifverdienste und Arbeitszeiten;JAHR;Jahr;2023;DINSGF;Früheres Bundesgebiet / Neue Länder;DN;Neue Länder;WZ08C7;WZ2008 (ausgewählte Positionen): Tarifindex;WZ08-29-01;Fahrzeugbau;109,5;2020=100;VST072;Index d.tarifl. Stundenverdienste mit Sonderzahl.
62221;Vj. Index der Tarifverdienste und Arbeitszeiten;JAHR;Jahr;2023;DINSGF;Früheres Bundesgebiet / Neue Länder;DN;Neue Länder;WZ08C7;WZ2008 (ausgewählte Positionen): Tarifindex;WZ08-29-01;Fahrzeugbau;108,8;2020=100;VST073;Index d.tarifl. Monatsverdienste mit Sonderzahl.
62221;Vj. Index der Tarifverdienste und Arbeitszeiten;JAHR;Jahr;2023;DINSGF;Früheres Bundesgebiet / Neue Länder;DN;Neue Länder;WZ08C7;WZ2008 (ausgewählte Positionen): Tarifindex;WZ08-29-01;Fahrzeugbau;37,8;h;VST019;Durchschnittliche tarifliche Wochenarbeitszeit
62221;Vj. Index der Tarifverdienste und Arbeitszeiten;JAHR;Jahr;2023;DINSGF;Früheres Bundesgebiet / Neue Länder;DN;Neue Länder;WZ08C7;WZ2008 (ausgewählte Positionen): Tarifindex;WZ08-29-01;Fahrzeugbau;103,8;2020=100;VST066;Index d.tarifl. Monatsverdienste ohne Sonderzahl.
62221;Vj. Index der Tarifverdienste und Arbeitszeiten;JAHR;Jahr;2023;DINSGF;Früheres Bundesgebiet / Neue Länder;DN;Neue Länder;WZ08C7;WZ2008 (ausgewählte Positionen): Tarifindex;WZ08-29-01;Fahrzeugbau;99,3;2020=100;VST018;Index der tariflichen Wochenarbeitszeit
62221;Vj. Index der Tarifverdienste und Arbeitszeiten;JAHR;Jahr;2023;DINSGF;Früheres Bundesgebiet / Neue Länder;DN;Neue Länder;WZ08C7;WZ2008 (ausgewählte Positionen): Tarifindex;WZ08-29-01;Fahrzeugbau;104,6;2020=100;VST065;Index d.tarifl. Stundenverdienste ohne Sonderzahl.
62221;Vj. Index der Tarifverdienste und Arbeitszeiten;JAHR;Jahr;2019;DINSGF;Früheres Bundesgebiet / Neue Länder;DN;Neue Länder;WZ08C7;WZ2008 (ausgewählte Positionen): Tarifindex;WZ08-72;Forschung und Entwicklung;97,8;2020=100;VST072;Index d.tarifl. Stundenverdienste mit Sonderzahl.
62221;Vj. Index der Tarifverdienste und Arbeitszeiten;JAHR;Jahr;2019;DINSGF;Früheres Bundesgebiet / Neue Länder;DN;Neue Länder;WZ08C7;WZ2008 (ausgewählte Positionen): Tarifindex;WZ08-72;Forschung und Entwicklung;97,8;2020=100;VST073;Index d.tarifl. Monatsverdienste mit Sonderzahl.
62221;Vj. Index der Tarifverdienste und Arbeitszeiten;JAHR;Jahr;2019;DINSGF;Früheres Bundesgebiet / Neue Länder;DN;Neue Länder;WZ08C7;WZ2008 (ausgewählte Positionen): Tarifindex;WZ08-72;Forschung und Entwicklung;38,8;h;VST019;Durchschnittliche tarifliche Wochenarbeitszeit
62221;Vj. Index der Tarifverdienste und Arbeitszeiten;JAHR;Jahr;2019;DINSGF;Früheres Bundesgebiet / Neue Länder;DN;Neue Länder;WZ08C7;WZ2008 (ausgewählte Positionen): Tarifindex;WZ08-72;Forschung und Entwicklung;97,7;2020=100;VST066;Index d.tarifl. Monatsverdienste ohne Sonderzahl.
62221;Vj. Index der Tarifverdienste und Arbeitszeiten;JAHR;Jahr;2019;DINSGF;Früheres Bundesgebiet / Neue Länder;DN;Neue Länder;WZ08C7;WZ2008 (ausgewählte Positionen): Tarifindex;WZ08-72;Forschung und Entwicklung;100,0;2020=100;VST018;Index der tariflichen Wochenarbeitszeit
62221;Vj. Index der Tarifverdienste und Arbeitszeiten;JAHR;Jahr;2019;DINSGF;Früheres Bundesgebiet / Neue Länder;DN;Neue Länder;WZ08C7;WZ2008 (ausgewählte Positionen): Tarifindex;WZ08-72;Forschung und Entwicklung;97,7;2020=100;VST065;Index d.tarifl. Stundenverdienste ohne Sonderzahl.
62221;Vj. Index der Tarifverdienste und Arbeitszeiten;JAHR;Jahr;2019;DINSGF;Früheres Bundesgebiet / Neue Länder;DN;Neue Länder;WZ08C7;WZ2008 (ausgewählte Positionen): Tarifindex;WZ08-87;Heime (ohne Erholungs- und Ferienheime);97,0;2020=100;VST072;Index d.tarifl. Stundenverdienste mit Sonderzahl.
62221;Vj. Index der Tarifverdienste und Arbeitszeiten;JAHR;Jahr;2019;DINSGF;Früheres Bundesgebiet / Neue Länder;DN;Neue Länder;WZ08C7;WZ2008 (ausgewählte Positionen): Tarifindex;WZ08-87;Heime (ohne Erholungs- und Ferienheime);97,5;2020=100;VST073;Index d.tarifl. Monatsverdienste mit Sonderzahl.
62221;Vj. Index der Tarifverdienste und Arbeitszeiten;JAHR;Jahr;2019;DINSGF;Früheres Bundesgebiet / Neue Länder;DN;Neue Länder;WZ08C7;WZ2008 (ausgewählte Positionen): Tarifindex;WZ08-87;Heime (ohne Erholungs- und Ferienheime);39,5;h;VST019;Durchschnittliche tarifliche Wochenarbeitszeit
62221;Vj. Index der Tarifverdienste und Arbeitszeiten;JAHR;Jahr;2019;DINSGF;Früheres Bundesgebiet / Neue Länder;DN;Neue Länder;WZ08C7;WZ2008 (ausgewählte Positionen): Tarifindex;WZ08-87;Heime (ohne Erholungs- und Ferienheime);97,6;2020=100;VST066;Index d.tarifl. Monatsverdienste ohne Sonderzahl.
62221;Vj. Index der Tarifverdienste und Arbeitszeiten;JAHR;Jahr;2019;DINSGF;Früheres Bundesgebiet / Neue Länder;DN;Neue Länder;WZ08C7;WZ2008 (ausgewählte Positionen): Tarifindex;WZ08-87;Heime (ohne Erholungs- und Ferienheime);100,5;2020=100;VST018;Index der tariflichen Wochenarbeitszeit
62221;Vj. Index der Tarifverdienste und Arbeitszeiten;JAHR;Jahr;2019;DINSGF;Früheres Bundesgebiet / Neue Länder;DN;Neue Länder;WZ08C7;WZ2008 (ausgewählte Positionen): Tarifindex;WZ08-87;Heime (ohne Erholungs- und Ferienheime);97,2;2020=100;VST065;Index d.tarifl. Stundenverdienste ohne Sonderzahl.
62221;Vj. Index der Tarifverdienste und Arbeitszeiten;JAHR;Jahr;2023;DINSGF;Früheres Bundesgebiet / Neue Länder;DN;Neue Länder;WZ08C7;WZ2008 (ausgewählte Positionen): Tarifindex;WZ08-B-14;Kohlenbergbau, Gewinnung von Erdöl und Erdgas;110,6;2020=100;VST072;Index d.tarifl. Stundenverdienste mit Sonderzahl.
62221;Vj. Index der Tarifverdienste und Arbeitszeiten;JAHR;Jahr;2023;DINSGF;Früheres Bundesgebiet / Neue Länder;DN;Neue Länder;WZ08C7;WZ2008 (ausgewählte Positionen): Tarifindex;WZ08-B-14;Kohlenbergbau, Gewinnung von Erdöl und Erdgas;110,6;2020=100;VST073;Index d.tarifl. Monatsverdienste mit Sonderzahl.
62221;Vj. Index der Tarifverdienste und Arbeitszeiten;JAHR;Jahr;2023;DINSGF;Früheres Bundesgebiet / Neue Länder;DN;Neue Länder;WZ08C7;WZ2008 (ausgewählte Positionen): Tarifindex;WZ08-B-14;Kohlenbergbau, Gewinnung von Erdöl und Erdgas;37,0;h;VST019;Durchschnittliche tarifliche Wochenarbeitszeit
62221;Vj. Index der Tarifverdienste und Arbeitszeiten;JAHR;Jahr;2023;DINSGF;Früheres Bundesgebiet / Neue Länder;DN;Neue Länder;WZ08C7;WZ2008 (ausgewählte Positionen): Tarifindex;WZ08-B-14;Kohlenbergbau, Gewinnung von Erdöl und Erdgas;108,4;2020=100;VST066;Index d.tarifl. Monatsverdienste ohne Sonderzahl.
62221;Vj. Index der Tarifverdienste und Arbeitszeiten;JAHR;Jahr;2023;DINSGF;Früheres Bundesgebiet / Neue Länder;DN;Neue Länder;WZ08C7;WZ2008 (ausgewählte Positionen): Tarifindex;WZ08-B-14;Kohlenbergbau, Gewinnung von Erdöl und Erdgas;100,0;2020=100;VST018;Index der tariflichen Wochenarbeitszeit
62221;Vj. Index der Tarifverdienste und Arbeitszeiten;JAHR;Jahr;2023;DINSGF;Früheres Bundesgebiet / Neue Länder;DN;Neue Länder;WZ08C7;WZ2008 (ausgewählte Positionen): Tarifindex;WZ08-B-14;Kohlenbergbau, Gewinnung von Erdöl und Erdgas;108,4;2020=100;VST065;Index d.tarifl. Stundenverdienste ohne Sonderzahl.
62221;Vj. Index der Tarifverdienste und Arbeitszeiten;JAHR;Jahr;2022;DINSGF;Früheres Bundesgebiet / Neue Länder;DN;Neue Länder;WZ08C7;WZ2008 (ausgewählte Positionen): Tarifindex;WZ08-10-01;Ernährungsgewerbe und Tabakverarbeitung;105,4;2020=100;VST072;Index d.tarifl. Stundenverdienste mit Sonderzahl.
62221;Vj. Index der Tarifverdienste und Arbeitszeiten;JAHR;Jahr;2022;DINSGF;Früheres Bundesgebiet / Neue Länder;DN;Neue Länder;WZ08C7;WZ2008 (ausgewählte Positionen): Tarifindex;WZ08-10-01;Ernährungsgewerbe und Tabakverarbeitung;105,4;2020=100;VST073;Index d.tarifl. Monatsverdienste mit Sonderzahl.
62221;Vj. Index der Tarifverdienste und Arbeitszeiten;JAHR;Jahr;2022;DINSGF;Früheres Bundesgebiet / Neue Länder;DN;Neue Länder;WZ08C7;WZ2008 (ausgewählte Positionen): Tarifindex;WZ08-10-01;Ernährungsgewerbe und Tabakverarbeitung;38,7;h;VST019;Durchschnittliche tarifliche Wochenarbeitszeit
62221;Vj. Index der Tarifverdienste und Arbeitszeiten;JAHR;Jahr;2022;DINSGF;Früheres Bundesgebiet / Neue Länder;DN;Neue Länder;WZ08C7;WZ2008 (ausgewählte Positionen): Tarifindex;WZ08-10-01;Ernährungsgewerbe und Tabakverarbeitung;105,4;2020=100;VST066;Index d.tarifl. Monatsverdienste ohne Sonderzahl.
62221;Vj. Index der Tarifverdienste und Arbeitszeiten;JAHR;Jahr;2022;DINSGF;Früheres Bundesgebiet / Neue Länder;DN;Neue Länder;WZ08C7;WZ2008 (ausgewählte Positionen): Tarifindex;WZ08-10-01;Ernährungsgewerbe und Tabakverarbeitung;100,0;2020=100;VST018;Index der tariflichen Wochenarbeitszeit
62221;Vj. Index der Tarifverdienste und Arbeitszeiten;JAHR;Jahr;2022;DINSGF;Früheres Bundesgebiet / Neue Länder;DN;Neue Länder;WZ08C7;WZ2008 (ausgewählte Positionen): Tarifindex;WZ08-10-01;Ernährungsgewerbe und Tabakverarbeitung;105,5;2020=100;VST065;Index d.tarifl. Stundenverdienste ohne Sonderzahl.
62221;Vj. Index der Tarifverdienste und Arbeitszeiten;JAHR;Jahr;2019;DINSGF;Früheres Bundesgebiet / Neue Länder;DN;Neue Länder;WZ08C7;WZ2008 (ausgewählte Positionen): Tarifindex;WZ08-18;H.v. Druckerz., Vervielf.v.Ton-,Bild-,Datenträgern;98,6;2020=100;VST072;Index d.tarifl. Stundenverdienste mit Sonderzahl.
62221;Vj. Index der Tarifverdienste und Arbeitszeiten;JAHR;Jahr;2019;DINSGF;Früheres Bundesgebiet / Neue Länder;DN;Neue Länder;WZ08C7;WZ2008 (ausgewählte Positionen): Tarifindex;WZ08-18;H.v. Druckerz., Vervielf.v.Ton-,Bild-,Datenträgern;98,6;2020=100;VST073;Index d.tarifl. Monatsverdienste mit Sonderzahl.
62221;Vj. Index der Tarifverdienste und Arbeitszeiten;JAHR;Jahr;2019;DINSGF;Früheres Bundesgebiet / Neue Länder;DN;Neue Länder;WZ08C7;WZ2008 (ausgewählte Positionen): Tarifindex;WZ08-18;H.v. Druckerz., Vervielf.v.Ton-,Bild-,Datenträgern;38,0;h;VST019;Durchschnittliche tarifliche Wochenarbeitszeit
62221;Vj. Index der Tarifverdienste und Arbeitszeiten;JAHR;Jahr;2019;DINSGF;Früheres Bundesgebiet / Neue Länder;DN;Neue Länder;WZ08C7;WZ2008 (ausgewählte Positionen): Tarifindex;WZ08-18;H.v. Druckerz., Vervielf.v.Ton-,Bild-,Datenträgern;98,3;2020=100;VST066;Index d.tarifl. Monatsverdienste ohne Sonderzahl.
62221;Vj. Index der Tarifverdienste und Arbeitszeiten;JAHR;Jahr;2019;DINSGF;Früheres Bundesgebiet / Neue Länder;DN;Neue Länder;WZ08C7;WZ2008 (ausgewählte Positionen): Tarifindex;WZ08-18;H.v. Druckerz., Vervielf.v.Ton-,Bild-,Datenträgern;100,0;2020=100;VST018;Index der tariflichen Wochenarbeitszeit
62221;Vj. Index der Tarifverdienste und Arbeitszeiten;JAHR;Jahr;2019;DINSGF;Früheres Bundesgebiet / Neue Länder;DN;Neue Länder;WZ08C7;WZ2008 (ausgewählte Positionen): Tarifindex;WZ08-18;H.v. Druckerz., Vervielf.v.Ton-,Bild-,Datenträgern;98,3;2020=100;VST065;Index d.tarifl. Stundenverdienste ohne Sonderzahl.
62221;Vj. Index der Tarifverdienste und Arbeitszeiten;JAHR;Jahr;2018;DINSGF;Früheres Bundesgebiet / Neue Länder;DF;Früheres Bundesgebiet;WZ08C7;WZ2008 (ausgewählte Positionen): Tarifindex;WZ-X004;Verbrauchsgüterproduzenten;95,5;2020=100;VST072;Index d.tarifl. Stundenverdienste mit Sonderzahl.
62221;Vj. Index der Tarifverdienste und Arbeitszeiten;JAHR;Jahr;2018;DINSGF;Früheres Bundesgebiet / Neue Länder;DF;Früheres Bundesgebiet;WZ08C7;WZ2008 (ausgewählte Positionen): Tarifindex;WZ-X004;Verbrauchsgüterproduzenten;95,5;2020=100;VST073;Index d.tarifl. Monatsverdienste mit Sonderzahl.
62221;Vj. Index der Tarifverdienste und Arbeitszeiten;JAHR;Jahr;2018;DINSGF;Früheres Bundesgebiet / Neue Länder;DF;Früheres Bundesgebiet;WZ08C7;WZ2008 (ausgewählte Positionen): Tarifindex;WZ-X004;Verbrauchsgüterproduzenten;38,0;h;VST019;Durchschnittliche tarifliche Wochenarbeitszeit
62221;Vj. Index der Tarifverdienste und Arbeitszeiten;JAHR;Jahr;2018;DINSGF;Früheres Bundesgebiet / Neue Länder;DF;Früheres Bundesgebiet;WZ08C7;WZ2008 (ausgewählte Positionen): Tarifindex;WZ-X004;Verbrauchsgüterproduzenten;95,7;2020=100;VST066;Index d.tarifl. Monatsverdienste ohne Sonderzahl.
62221;Vj. Index der Tarifverdienste und Arbeitszeiten;JAHR;Jahr;2018;DINSGF;Früheres Bundesgebiet / Neue Länder;DF;Früheres Bundesgebiet;WZ08C7;WZ2008 (ausgewählte Positionen): Tarifindex;WZ-X004;Verbrauchsgüterproduzenten;100,0;2020=100;VST018;Index der tariflichen Wochenarbeitszeit
62221;Vj. Index der Tarifverdienste und Arbeitszeiten;JAHR;Jahr;2018;DINSGF;Früheres Bundesgebiet / Neue Länder;DF;Früheres Bundesgebiet;WZ08C7;WZ2008 (ausgewählte Positionen): Tarifindex;WZ-X004;Verbrauchsgüterproduzenten;95,7;2020=100;VST065;Index d.tarifl. Stundenverdienste ohne Sonderzahl.
62221;Vj. Index der Tarifverdienste und Arbeitszeiten;JAHR;Jahr;2025;DINSGF;Früheres Bundesgebiet / Neue Länder;DF;Früheres Bundesgebiet;WZ08C7;WZ2008 (ausgewählte Positionen): Tarifindex;WZ08-493;Sonstige Personenbeförderung im Landverkehr;119,8;2020=100;VST072;Index d.tarifl. Stundenverdienste mit Sonderzahl.
62221;Vj. Index der Tarifverdienste und Arbeitszeiten;JAHR;Jahr;2025;DINSGF;Früheres Bundesgebiet / Neue Länder;DF;Früheres Bundesgebiet;WZ08C7;WZ2008 (ausgewählte Positionen): Tarifindex;WZ08-493;Sonstige Personenbeförderung im Landverkehr;118,4;2020=100;VST073;Index d.tarifl. Monatsverdienste mit Sonderzahl.
62221;Vj. Index der Tarifverdienste und Arbeitszeiten;JAHR;Jahr;2025;DINSGF;Früheres Bundesgebiet / Neue Länder;DF;Früheres Bundesgebiet;WZ08C7;WZ2008 (ausgewählte Positionen): Tarifindex;WZ08-493;Sonstige Personenbeförderung im Landverkehr;38,6;h;VST019;Durchschnittliche tarifliche Wochenarbeitszeit
62221;Vj. Index der Tarifverdienste und Arbeitszeiten;JAHR;Jahr;2025;DINSGF;Früheres Bundesgebiet / Neue Länder;DF;Früheres Bundesgebiet;WZ08C7;WZ2008 (ausgewählte Positionen): Tarifindex;WZ08-493;Sonstige Personenbeförderung im Landverkehr;117,9;2020=100;VST066;Index d.tarifl. Monatsverdienste ohne Sonderzahl.
62221;Vj. Index der Tarifverdienste und Arbeitszeiten;JAHR;Jahr;2025;DINSGF;Früheres Bundesgebiet / Neue Länder;DF;Früheres Bundesgebiet;WZ08C7;WZ2008 (ausgewählte Positionen): Tarifindex;WZ08-493;Sonstige Personenbeförderung im Landverkehr;98,9;2020=100;VST018;Index der tariflichen Wochenarbeitszeit
62221;Vj. Index der Tarifverdienste und Arbeitszeiten;JAHR;Jahr;2025;DINSGF;Früheres Bundesgebiet / Neue Länder;DF;Früheres Bundesgebiet;WZ08C7;WZ2008 (ausgewählte Positionen): Tarifindex;WZ08-493;Sonstige Personenbeförderung im Landverkehr;119,3;2020=100;VST065;Index d.tarifl. Stundenverdienste ohne Sonderzahl.
62221;Vj. Index der Tarifverdienste und Arbeitszeiten;JAHR;Jahr;2016;DINSGF;Früheres Bundesgebiet / Neue Länder;DN;Neue Länder;WZ08C7;WZ2008 (ausgewählte Positionen): Tarifindex;WZ08-47;Einzelhandel (ohne Handel mit Kraftfahrzeugen);91,3;2020=100;VST072;Index d.tarifl. Stundenverdienste mit Sonderzahl.
62221;Vj. Index der Tarifverdienste und Arbeitszeiten;JAHR;Jahr;2016;DINSGF;Früheres Bundesgebiet / Neue Länder;DN;Neue Länder;WZ08C7;WZ2008 (ausgewählte Positionen): Tarifindex;WZ08-47;Einzelhandel (ohne Handel mit Kraftfahrzeugen);91,6;2020=100;VST073;Index d.tarifl. Monatsverdienste mit Sonderzahl.
62221;Vj. Index der Tarifverdienste und Arbeitszeiten;JAHR;Jahr;2016;DINSGF;Früheres Bundesgebiet / Neue Länder;DN;Neue Länder;WZ08C7;WZ2008 (ausgewählte Positionen): Tarifindex;WZ08-47;Einzelhandel (ohne Handel mit Kraftfahrzeugen);38,4;h;VST019;Durchschnittliche tarifliche Wochenarbeitszeit
62221;Vj. Index der Tarifverdienste und Arbeitszeiten;JAHR;Jahr;2016;DINSGF;Früheres Bundesgebiet / Neue Länder;DN;Neue Länder;WZ08C7;WZ2008 (ausgewählte Positionen): Tarifindex;WZ08-47;Einzelhandel (ohne Handel mit Kraftfahrzeugen);91,6;2020=100;VST066;Index d.tarifl. Monatsverdienste ohne Sonderzahl.
62221;Vj. Index der Tarifverdienste und Arbeitszeiten;JAHR;Jahr;2016;DINSGF;Früheres Bundesgebiet / Neue Länder;DN;Neue Länder;WZ08C7;WZ2008 (ausgewählte Positionen): Tarifindex;WZ08-47;Einzelhandel (ohne Handel mit Kraftfahrzeugen);100,2;2020=100;VST018;Index der tariflichen Wochenarbeitszeit
62221;Vj. Index der Tarifverdienste und Arbeitszeiten;JAHR;Jahr;2016;DINSGF;Früheres Bundesgebiet / Neue Länder;DN;Neue Länder;WZ08C7;WZ2008 (ausgewählte Positionen): Tarifindex;WZ08-47;Einzelhandel (ohne Handel mit Kraftfahrzeugen);91,4;2020=100;VST065;Index d.tarifl. Stundenverdienste ohne Sonderzahl.
62221;Vj. Index der Tarifverdienste und Arbeitszeiten;JAHR;Jahr;2019;DINSGF;Früheres Bundesgebiet / Neue Länder;DN;Neue Länder;WZ08C7;WZ2008 (ausgewählte Positionen): Tarifindex;WZ08-78;Vermittlung und Überlassung von Arbeitskräften;97,1;2020=100;VST072;Index d.tarifl. Stundenverdienste mit Sonderzahl.
62221;Vj. Index der Tarifverdienste und Arbeitszeiten;JAHR;Jahr;2019;DINSGF;Früheres Bundesgebiet / Neue Länder;DN;Neue Länder;WZ08C7;WZ2008 (ausgewählte Positionen): Tarifindex;WZ08-78;Vermittlung und Überlassung von Arbeitskräften;97,1;2020=100;VST073;Index d.tarifl. Monatsverdienste mit Sonderzahl.
62221;Vj. Index der Tarifverdienste und Arbeitszeiten;JAHR;Jahr;2019;DINSGF;Früheres Bundesgebiet / Neue Länder;DN;Neue Länder;WZ08C7;WZ2008 (ausgewählte Positionen): Tarifindex;WZ08-78;Vermittlung und Überlassung von Arbeitskräften;35,1;h;VST019;Durchschnittliche tarifliche Wochenarbeitszeit
62221;Vj. Index der Tarifverdienste und Arbeitszeiten;JAHR;Jahr;2019;DINSGF;Früheres Bundesgebiet / Neue Länder;DN;Neue Länder;WZ08C7;WZ2008 (ausgewählte Positionen): Tarifindex;WZ08-78;Vermittlung und Überlassung von Arbeitskräften;97,0;2020=100;VST066;Index d.tarifl. Monatsverdienste ohne Sonderzahl.
62221;Vj. Index der Tarifverdienste und Arbeitszeiten;JAHR;Jahr;2019;DINSGF;Früheres Bundesgebiet / Neue Länder;DN;Neue Länder;WZ08C7;WZ2008 (ausgewählte Positionen): Tarifindex;WZ08-78;Vermittlung und Überlassung von Arbeitskräften;100,0;2020=100;VST018;Index der tariflichen Wochenarbeitszeit
62221;Vj. Index der Tarifverdienste und Arbeitszeiten;JAHR;Jahr;2019;DINSGF;Früheres Bundesgebiet / Neue Länder;DN;Neue Länder;WZ08C7;WZ2008 (ausgewählte Positionen): Tarifindex;WZ08-78;Vermittlung und Überlassung von Arbeitskräften;97,0;2020=100;VST065;Index d.tarifl. Stundenverdienste ohne Sonderzahl.
62221;Vj. Index der Tarifverdienste und Arbeitszeiten;JAHR;Jahr;2018;DINSGF;Früheres Bundesgebiet / Neue Länder;DF;Früheres Bundesgebiet;WZ08C7;WZ2008 (ausgewählte Positionen): Tarifindex;WZ08-49;Landverkehr und Transport in Rohrfernleitungen;93,6;2020=100;VST072;Index d.tarifl. Stundenverdienste mit Sonderzahl.
62221;Vj. Index der Tarifverdienste und Arbeitszeiten;JAHR;Jahr;2018;DINSGF;Früheres Bundesgebiet / Neue Länder;DF;Früheres Bundesgebiet;WZ08C7;WZ2008 (ausgewählte Positionen): Tarifindex;WZ08-49;Landverkehr und Transport in Rohrfernleitungen;93,7;2020=100;VST073;Index d.tarifl. Monatsverdienste mit Sonderzahl.
62221;Vj. Index der Tarifverdienste und Arbeitszeiten;JAHR;Jahr;2018;DINSGF;Früheres Bundesgebiet / Neue Länder;DF;Früheres Bundesgebiet;WZ08C7;WZ2008 (ausgewählte Positionen): Tarifindex;WZ08-49;Landverkehr und Transport in Rohrfernleitungen;39,0;h;VST019;Durchschnittliche tarifliche Wochenarbeitszeit
62221;Vj. Index der Tarifverdienste und Arbeitszeiten;JAHR;Jahr;2018;DINSGF;Früheres Bundesgebiet / Neue Länder;DF;Früheres Bundesgebiet;WZ08C7;WZ2008 (ausgewählte Positionen): Tarifindex;WZ08-49;Landverkehr und Transport in Rohrfernleitungen;93,9;2020=100;VST066;Index d.tarifl. Monatsverdienste ohne Sonderzahl.
62221;Vj. Index der Tarifverdienste und Arbeitszeiten;JAHR;Jahr;2018;DINSGF;Früheres Bundesgebiet / Neue Länder;DF;Früheres Bundesgebiet;WZ08C7;WZ2008 (ausgewählte Positionen): Tarifindex;WZ08-49;Landverkehr und Transport in Rohrfernleitungen;100,0;2020=100;VST018;Index der tariflichen Wochenarbeitszeit
62221;Vj. Index der Tarifverdienste und Arbeitszeiten;JAHR;Jahr;2018;DINSGF;Früheres Bundesgebiet / Neue Länder;DF;Früheres Bundesgebiet;WZ08C7;WZ2008 (ausgewählte Positionen): Tarifindex;WZ08-49;Landverkehr und Transport in Rohrfernleitungen;93,9;2020=100;VST065;Index d.tarifl. Stundenverdienste ohne Sonderzahl.
62221;Vj. Index der Tarifverdienste und Arbeitszeiten;JAHR;Jahr;2019;DINSGF;Früheres Bundesgebiet / Neue Länder;DN;Neue Länder;WZ08C7;WZ2008 (ausgewählte Positionen): Tarifindex;WZ08-81;Gebäudebetreuung, Garten- und Landschaftsbau;96,9;2020=100;VST072;Index d.tarifl. Stundenverdienste mit Sonderzahl.
62221;Vj. Index der Tarifverdienste und Arbeitszeiten;JAHR;Jahr;2019;DINSGF;Früheres Bundesgebiet / Neue Länder;DN;Neue Länder;WZ08C7;WZ2008 (ausgewählte Positionen): Tarifindex;WZ08-81;Gebäudebetreuung, Garten- und Landschaftsbau;96,9;2020=100;VST073;Index d.tarifl. Monatsverdienste mit Sonderzahl.
62221;Vj. Index der Tarifverdienste und Arbeitszeiten;JAHR;Jahr;2019;DINSGF;Früheres Bundesgebiet / Neue Länder;DN;Neue Länder;WZ08C7;WZ2008 (ausgewählte Positionen): Tarifindex;WZ08-81;Gebäudebetreuung, Garten- und Landschaftsbau;39,0;h;VST019;Durchschnittliche tarifliche Wochenarbeitszeit
62221;Vj. Index der Tarifverdienste und Arbeitszeiten;JAHR;Jahr;2019;DINSGF;Früheres Bundesgebiet / Neue Länder;DN;Neue Länder;WZ08C7;WZ2008 (ausgewählte Positionen): Tarifindex;WZ08-81;Gebäudebetreuung, Garten- und Landschaftsbau;96,9;2020=100;VST066;Index d.tarifl. Monatsverdienste ohne Sonderzahl.
62221;Vj. Index der Tarifverdienste und Arbeitszeiten;JAHR;Jahr;2019;DINSGF;Früheres Bundesgebiet / Neue Länder;DN;Neue Länder;WZ08C7;WZ2008 (ausgewählte Positionen): Tarifindex;WZ08-81;Gebäudebetreuung, Garten- und Landschaftsbau;100,0;2020=100;VST018;Index der tariflichen Wochenarbeitszeit
62221;Vj. Index der Tarifverdienste und Arbeitszeiten;JAHR;Jahr;2019;DINSGF;Früheres Bundesgebiet / Neue Länder;DN;Neue Länder;WZ08C7;WZ2008 (ausgewählte Positionen): Tarifindex;WZ08-81;Gebäudebetreuung, Garten- und Landschaftsbau;96,9;2020=100;VST065;Index d.tarifl. Stundenverdienste ohne Sonderzahl.
62221;Vj. Index der Tarifverdienste und Arbeitszeiten;JAHR;Jahr;2018;DINSGF;Früheres Bundesgebiet / Neue Länder;DF;Früheres Bundesgebiet;WZ08C7;WZ2008 (ausgewählte Positionen): Tarifindex;WZ08-43;Vorb.Baustellenarbeiten, Bauinstall., sonst.Ausbau;95,7;2020=100;VST072;Index d.tarifl. Stundenverdienste mit Sonderzahl.
62221;Vj. Index der Tarifverdienste und Arbeitszeiten;JAHR;Jahr;2018;DINSGF;Früheres Bundesgebiet / Neue Länder;DF;Früheres Bundesgebiet;WZ08C7;WZ2008 (ausgewählte Positionen): Tarifindex;WZ08-43;Vorb.Baustellenarbeiten, Bauinstall., sonst.Ausbau;95,7;2020=100;VST073;Index d.tarifl. Monatsverdienste mit Sonderzahl.
62221;Vj. Index der Tarifverdienste und Arbeitszeiten;JAHR;Jahr;2018;DINSGF;Früheres Bundesgebiet / Neue Länder;DF;Früheres Bundesgebiet;WZ08C7;WZ2008 (ausgewählte Positionen): Tarifindex;WZ08-43;Vorb.Baustellenarbeiten, Bauinstall., sonst.Ausbau;38,7;h;VST019;Durchschnittliche tarifliche Wochenarbeitszeit
62221;Vj. Index der Tarifverdienste und Arbeitszeiten;JAHR;Jahr;2018;DINSGF;Früheres Bundesgebiet / Neue Länder;DF;Früheres Bundesgebiet;WZ08C7;WZ2008 (ausgewählte Positionen): Tarifindex;WZ08-43;Vorb.Baustellenarbeiten, Bauinstall., sonst.Ausbau;96,1;2020=100;VST066;Index d.tarifl. Monatsverdienste ohne Sonderzahl.
62221;Vj. Index der Tarifverdienste und Arbeitszeiten;JAHR;Jahr;2018;DINSGF;Früheres Bundesgebiet / Neue Länder;DF;Früheres Bundesgebiet;WZ08C7;WZ2008 (ausgewählte Positionen): Tarifindex;WZ08-43;Vorb.Baustellenarbeiten, Bauinstall., sonst.Ausbau;100,0;2020=100;VST018;Index der tariflichen Wochenarbeitszeit
62221;Vj. Index der Tarifverdienste und Arbeitszeiten;JAHR;Jahr;2018;DINSGF;Früheres Bundesgebiet / Neue Länder;DF;Früheres Bundesgebiet;WZ08C7;WZ2008 (ausgewählte Positionen): Tarifindex;WZ08-43;Vorb.Baustellenarbeiten, Bauinstall., sonst.Ausbau;96,1;2020=100;VST065;Index d.tarifl. Stundenverdienste ohne Sonderzahl.
62221;Vj. Index der Tarifverdienste und Arbeitszeiten;JAHR;Jahr;2016;DINSGF;Früheres Bundesgebiet / Neue Länder;DN;Neue Länder;WZ08C7;WZ2008 (ausgewählte Positionen): Tarifindex;WZ08-50;Schifffahrt;91,9;2020=100;VST072;Index d.tarifl. Stundenverdienste mit Sonderzahl.
62221;Vj. Index der Tarifverdienste und Arbeitszeiten;JAHR;Jahr;2016;DINSGF;Früheres Bundesgebiet / Neue Länder;DN;Neue Länder;WZ08C7;WZ2008 (ausgewählte Positionen): Tarifindex;WZ08-50;Schifffahrt;91,9;2020=100;VST073;Index d.tarifl. Monatsverdienste mit Sonderzahl.
62221;Vj. Index der Tarifverdienste und Arbeitszeiten;JAHR;Jahr;2016;DINSGF;Früheres Bundesgebiet / Neue Länder;DN;Neue Länder;WZ08C7;WZ2008 (ausgewählte Positionen): Tarifindex;WZ08-50;Schifffahrt;39,1;h;VST019;Durchschnittliche tarifliche Wochenarbeitszeit
62221;Vj. Index der Tarifverdienste und Arbeitszeiten;JAHR;Jahr;2016;DINSGF;Früheres Bundesgebiet / Neue Länder;DN;Neue Länder;WZ08C7;WZ2008 (ausgewählte Positionen): Tarifindex;WZ08-50;Schifffahrt;93,0;2020=100;VST066;Index d.tarifl. Monatsverdienste ohne Sonderzahl.
62221;Vj. Index der Tarifverdienste und Arbeitszeiten;JAHR;Jahr;2016;DINSGF;Früheres Bundesgebiet / Neue Länder;DN;Neue Länder;WZ08C7;WZ2008 (ausgewählte Positionen): Tarifindex;WZ08-50;Schifffahrt;100,0;2020=100;VST018;Index der tariflichen Wochenarbeitszeit
62221;Vj. Index der Tarifverdienste und Arbeitszeiten;JAHR;Jahr;2016;DINSGF;Früheres Bundesgebiet / Neue Länder;DN;Neue Länder;WZ08C7;WZ2008 (ausgewählte Positionen): Tarifindex;WZ08-50;Schifffahrt;93,0;2020=100;VST065;Index d.tarifl. Stundenverdienste ohne Sonderzahl.
62221;Vj. Index der Tarifverdienste und Arbeitszeiten;JAHR;Jahr;2022;DINSGF;Früheres Bundesgebiet / Neue Länder;DF;Früheres Bundesgebiet;WZ08C7;WZ2008 (ausgewählte Positionen): Tarifindex;WZ08-N;Sonstige wirtschaftliche Dienstleistungen;107,4;2020=100;VST072;Index d.tarifl. Stundenverdienste mit Sonderzahl.
62221;Vj. Index der Tarifverdienste und Arbeitszeiten;JAHR;Jahr;2022;DINSGF;Früheres Bundesgebiet / Neue Länder;DF;Früheres Bundesgebiet;WZ08C7;WZ2008 (ausgewählte Positionen): Tarifindex;WZ08-N;Sonstige wirtschaftliche Dienstleistungen;107,4;2020=100;VST073;Index d.tarifl. Monatsverdienste mit Sonderzahl.
62221;Vj. Index der Tarifverdienste und Arbeitszeiten;JAHR;Jahr;2022;DINSGF;Früheres Bundesgebiet / Neue Länder;DF;Früheres Bundesgebiet;WZ08C7;WZ2008 (ausgewählte Positionen): Tarifindex;WZ08-N;Sonstige wirtschaftliche Dienstleistungen;37,5;h;VST019;Durchschnittliche tarifliche Wochenarbeitszeit
62221;Vj. Index der Tarifverdienste und Arbeitszeiten;JAHR;Jahr;2022;DINSGF;Früheres Bundesgebiet / Neue Länder;DF;Früheres Bundesgebiet;WZ08C7;WZ2008 (ausgewählte Positionen): Tarifindex;WZ08-N;Sonstige wirtschaftliche Dienstleistungen;107,4;2020=100;VST066;Index d.tarifl. Monatsverdienste ohne Sonderzahl.
62221;Vj. Index der Tarifverdienste und Arbeitszeiten;JAHR;Jahr;2022;DINSGF;Früheres Bundesgebiet / Neue Länder;DF;Früheres Bundesgebiet;WZ08C7;WZ2008 (ausgewählte Positionen): Tarifindex;WZ08-N;Sonstige wirtschaftliche Dienstleistungen;100,0;2020=100;VST018;Index der tariflichen Wochenarbeitszeit
62221;Vj. Index der Tarifverdienste und Arbeitszeiten;JAHR;Jahr;2022;DINSGF;Früheres Bundesgebiet / Neue Länder;DF;Früheres Bundesgebiet;WZ08C7;WZ2008 (ausgewählte Positionen): Tarifindex;WZ08-N;Sonstige wirtschaftliche Dienstleistungen;107,4;2020=100;VST065;Index d.tarifl. Stundenverdienste ohne Sonderzahl.
62221;Vj. Index der Tarifverdienste und Arbeitszeiten;JAHR;Jahr;2019;DINSGF;Früheres Bundesgebiet / Neue Länder;DF;Früheres Bundesgebiet;WZ08C7;WZ2008 (ausgewählte Positionen): Tarifindex;WZ08-29-01;Fahrzeugbau;100,0;2020=100;VST072;Index d.tarifl. Stundenverdienste mit Sonderzahl.
62221;Vj. Index der Tarifverdienste und Arbeitszeiten;JAHR;Jahr;2019;DINSGF;Früheres Bundesgebiet / Neue Länder;DF;Früheres Bundesgebiet;WZ08C7;WZ2008 (ausgewählte Positionen): Tarifindex;WZ08-29-01;Fahrzeugbau;100,0;2020=100;VST073;Index d.tarifl. Monatsverdienste mit Sonderzahl.
62221;Vj. Index der Tarifverdienste und Arbeitszeiten;JAHR;Jahr;2019;DINSGF;Früheres Bundesgebiet / Neue Länder;DF;Früheres Bundesgebiet;WZ08C7;WZ2008 (ausgewählte Positionen): Tarifindex;WZ08-29-01;Fahrzeugbau;35,2;h;VST019;Durchschnittliche tarifliche Wochenarbeitszeit
62221;Vj. Index der Tarifverdienste und Arbeitszeiten;JAHR;Jahr;2019;DINSGF;Früheres Bundesgebiet / Neue Länder;DF;Früheres Bundesgebiet;WZ08C7;WZ2008 (ausgewählte Positionen): Tarifindex;WZ08-29-01;Fahrzeugbau;99,9;2020=100;VST066;Index d.tarifl. Monatsverdienste ohne Sonderzahl.
62221;Vj. Index der Tarifverdienste und Arbeitszeiten;JAHR;Jahr;2019;DINSGF;Früheres Bundesgebiet / Neue Länder;DF;Früheres Bundesgebiet;WZ08C7;WZ2008 (ausgewählte Positionen): Tarifindex;WZ08-29-01;Fahrzeugbau;100,0;2020=100;VST018;Index der tariflichen Wochenarbeitszeit
62221;Vj. Index der Tarifverdienste und Arbeitszeiten;JAHR;Jahr;2019;DINSGF;Früheres Bundesgebiet / Neue Länder;DF;Früheres Bundesgebiet;WZ08C7;WZ2008 (ausgewählte Positionen): Tarifindex;WZ08-29-01;Fahrzeugbau;99,9;2020=100;VST065;Index d.tarifl. Stundenverdienste ohne Sonderzahl.
62221;Vj. Index der Tarifverdienste und Arbeitszeiten;JAHR;Jahr;2019;DINSGF;Früheres Bundesgebiet / Neue Länder;DN;Neue Länder;WZ08C7;WZ2008 (ausgewählte Positionen): Tarifindex;WZ08-A;Land- und Forstwirtschaft, Fischerei;93,3;2020=100;VST072;Index d.tarifl. Stundenverdienste mit Sonderzahl.
62221;Vj. Index der Tarifverdienste und Arbeitszeiten;JAHR;Jahr;2019;DINSGF;Früheres Bundesgebiet / Neue Länder;DN;Neue Länder;WZ08C7;WZ2008 (ausgewählte Positionen): Tarifindex;WZ08-A;Land- und Forstwirtschaft, Fischerei;93,3;2020=100;VST073;Index d.tarifl. Monatsverdienste mit Sonderzahl.
62221;Vj. Index der Tarifverdienste und Arbeitszeiten;JAHR;Jahr;2019;DINSGF;Früheres Bundesgebiet / Neue Länder;DN;Neue Länder;WZ08C7;WZ2008 (ausgewählte Positionen): Tarifindex;WZ08-A;Land- und Forstwirtschaft, Fischerei;39,8;h;VST019;Durchschnittliche tarifliche Wochenarbeitszeit
62221;Vj. Index der Tarifverdienste und Arbeitszeiten;JAHR;Jahr;2019;DINSGF;Früheres Bundesgebiet / Neue Länder;DN;Neue Länder;WZ08C7;WZ2008 (ausgewählte Positionen): Tarifindex;WZ08-A;Land- und Forstwirtschaft, Fischerei;92,8;2020=100;VST066;Index d.tarifl. Monatsverdienste ohne Sonderzahl.
62221;Vj. Index der Tarifverdienste und Arbeitszeiten;JAHR;Jahr;2019;DINSGF;Früheres Bundesgebiet / Neue Länder;DN;Neue Länder;WZ08C7;WZ2008 (ausgewählte Positionen): Tarifindex;WZ08-A;Land- und Forstwirtschaft, Fischerei;100,0;2020=100;VST018;Index der tariflichen Wochenarbeitszeit
62221;Vj. Index der Tarifverdienste und Arbeitszeiten;JAHR;Jahr;2019;DINSGF;Früheres Bundesgebiet / Neue Länder;DN;Neue Länder;WZ08C7;WZ2008 (ausgewählte Positionen): Tarifindex;WZ08-A;Land- und Forstwirtschaft, Fischerei;92,8;2020=100;VST065;Index d.tarifl. Stundenverdienste ohne Sonderzahl.
62221;Vj. Index der Tarifverdienste und Arbeitszeiten;JAHR;Jahr;2019;DINSGF;Früheres Bundesgebiet / Neue Länder;DN;Neue Länder;WZ08C7;WZ2008 (ausgewählte Positionen): Tarifindex;WZ08-D-05;Energie- und Wasserversorgung, Entsorgung u.a.;98,0;2020=100;VST072;Index d.tarifl. Stundenverdienste mit Sonderzahl.
62221;Vj. Index der Tarifverdienste und Arbeitszeiten;JAHR;Jahr;2019;DINSGF;Früheres Bundesgebiet / Neue Länder;DN;Neue Länder;WZ08C7;WZ2008 (ausgewählte Positionen): Tarifindex;WZ08-D-05;Energie- und Wasserversorgung, Entsorgung u.a.;98,0;2020=100;VST073;Index d.tarifl. Monatsverdienste mit Sonderzahl.
62221;Vj. Index der Tarifverdienste und Arbeitszeiten;JAHR;Jahr;2019;DINSGF;Früheres Bundesgebiet / Neue Länder;DN;Neue Länder;WZ08C7;WZ2008 (ausgewählte Positionen): Tarifindex;WZ08-D-05;Energie- und Wasserversorgung, Entsorgung u.a.;38,5;h;VST019;Durchschnittliche tarifliche Wochenarbeitszeit
62221;Vj. Index der Tarifverdienste und Arbeitszeiten;JAHR;Jahr;2019;DINSGF;Früheres Bundesgebiet / Neue Länder;DN;Neue Länder;WZ08C7;WZ2008 (ausgewählte Positionen): Tarifindex;WZ08-D-05;Energie- und Wasserversorgung, Entsorgung u.a.;98,3;2020=100;VST066;Index d.tarifl. Monatsverdienste ohne Sonderzahl.
62221;Vj. Index der Tarifverdienste und Arbeitszeiten;JAHR;Jahr;2019;DINSGF;Früheres Bundesgebiet / Neue Länder;DN;Neue Länder;WZ08C7;WZ2008 (ausgewählte Positionen): Tarifindex;WZ08-D-05;Energie- und Wasserversorgung, Entsorgung u.a.;100,0;2020=100;VST018;Index der tariflichen Wochenarbeitszeit
62221;Vj. Index der Tarifverdienste und Arbeitszeiten;JAHR;Jahr;2019;DINSGF;Früheres Bundesgebiet / Neue Länder;DN;Neue Länder;WZ08C7;WZ2008 (ausgewählte Positionen): Tarifindex;WZ08-D-05;Energie- und Wasserversorgung, Entsorgung u.a.;98,3;2020=100;VST065;Index d.tarifl. Stundenverdienste ohne Sonderzahl.
62221;Vj. Index der Tarifverdienste und Arbeitszeiten;JAHR;Jahr;2018;DINSGF;Früheres Bundesgebiet / Neue Länder;DF;Früheres Bundesgebiet;WZ08C7;WZ2008 (ausgewählte Positionen): Tarifindex;WZ08-58;Verlagswesen;96,9;2020=100;VST072;Index d.tarifl. Stundenverdienste mit Sonderzahl.
62221;Vj. Index der Tarifverdienste und Arbeitszeiten;JAHR;Jahr;2018;DINSGF;Früheres Bundesgebiet / Neue Länder;DF;Früheres Bundesgebiet;WZ08C7;WZ2008 (ausgewählte Positionen): Tarifindex;WZ08-58;Verlagswesen;96,9;2020=100;VST073;Index d.tarifl. Monatsverdienste mit Sonderzahl.
62221;Vj. Index der Tarifverdienste und Arbeitszeiten;JAHR;Jahr;2018;DINSGF;Früheres Bundesgebiet / Neue Länder;DF;Früheres Bundesgebiet;WZ08C7;WZ2008 (ausgewählte Positionen): Tarifindex;WZ08-58;Verlagswesen;35,9;h;VST019;Durchschnittliche tarifliche Wochenarbeitszeit
62221;Vj. Index der Tarifverdienste und Arbeitszeiten;JAHR;Jahr;2018;DINSGF;Früheres Bundesgebiet / Neue Länder;DF;Früheres Bundesgebiet;WZ08C7;WZ2008 (ausgewählte Positionen): Tarifindex;WZ08-58;Verlagswesen;96,7;2020=100;VST066;Index d.tarifl. Monatsverdienste ohne Sonderzahl.
62221;Vj. Index der Tarifverdienste und Arbeitszeiten;JAHR;Jahr;2018;DINSGF;Früheres Bundesgebiet / Neue Länder;DF;Früheres Bundesgebiet;WZ08C7;WZ2008 (ausgewählte Positionen): Tarifindex;WZ08-58;Verlagswesen;100,0;2020=100;VST018;Index der tariflichen Wochenarbeitszeit
62221;Vj. Index der Tarifverdienste und Arbeitszeiten;JAHR;Jahr;2018;DINSGF;Früheres Bundesgebiet / Neue Länder;DF;Früheres Bundesgebiet;WZ08C7;WZ2008 (ausgewählte Positionen): Tarifindex;WZ08-58;Verlagswesen;96,7;2020=100;VST065;Index d.tarifl. Stundenverdienste ohne Sonderzahl.
62221;Vj. Index der Tarifverdienste und Arbeitszeiten;JAHR;Jahr;2019;DINSGF;Früheres Bundesgebiet / Neue Länder;DN;Neue Länder;WZ08C7;WZ2008 (ausgewählte Positionen): Tarifindex;WZ08-G;Handel, Instandhaltung und Reparatur von Kfz;97,5;2020=100;VST072;Index d.tarifl. Stundenverdienste mit Sonderzahl.
62221;Vj. Index der Tarifverdienste und Arbeitszeiten;JAHR;Jahr;2019;DINSGF;Früheres Bundesgebiet / Neue Länder;DN;Neue Länder;WZ08C7;WZ2008 (ausgewählte Positionen): Tarifindex;WZ08-G;Handel, Instandhaltung und Reparatur von Kfz;97,5;2020=100;VST073;Index d.tarifl. Monatsverdienste mit Sonderzahl.
62221;Vj. Index der Tarifverdienste und Arbeitszeiten;JAHR;Jahr;2019;DINSGF;Früheres Bundesgebiet / Neue Länder;DN;Neue Länder;WZ08C7;WZ2008 (ausgewählte Positionen): Tarifindex;WZ08-G;Handel, Instandhaltung und Reparatur von Kfz;38,4;h;VST019;Durchschnittliche tarifliche Wochenarbeitszeit
62221;Vj. Index der Tarifverdienste und Arbeitszeiten;JAHR;Jahr;2019;DINSGF;Früheres Bundesgebiet / Neue Länder;DN;Neue Länder;WZ08C7;WZ2008 (ausgewählte Positionen): Tarifindex;WZ08-G;Handel, Instandhaltung und Reparatur von Kfz;97,4;2020=100;VST066;Index d.tarifl. Monatsverdienste ohne Sonderzahl.
62221;Vj. Index der Tarifverdienste und Arbeitszeiten;JAHR;Jahr;2019;DINSGF;Früheres Bundesgebiet / Neue Länder;DN;Neue Länder;WZ08C7;WZ2008 (ausgewählte Positionen): Tarifindex;WZ08-G;Handel, Instandhaltung und Reparatur von Kfz;100,0;2020=100;VST018;Index der tariflichen Wochenarbeitszeit
62221;Vj. Index der Tarifverdienste und Arbeitszeiten;JAHR;Jahr;2019;DINSGF;Früheres Bundesgebiet / Neue Länder;DN;Neue Länder;WZ08C7;WZ2008 (ausgewählte Positionen): Tarifindex;WZ08-G;Handel, Instandhaltung und Reparatur von Kfz;97,4;2020=100;VST065;Index d.tarifl. Stundenverdienste ohne Sonderzahl.
62221;Vj. Index der Tarifverdienste und Arbeitszeiten;JAHR;Jahr;2019;DINSGF;Früheres Bundesgebiet / Neue Länder;DN;Neue Länder;WZ08C7;WZ2008 (ausgewählte Positionen): Tarifindex;WZ08-63;Informationsdienstleistungen;97,9;2020=100;VST072;Index d.tarifl. Stundenverdienste mit Sonderzahl.
62221;Vj. Index der Tarifverdienste und Arbeitszeiten;JAHR;Jahr;2019;DINSGF;Früheres Bundesgebiet / Neue Länder;DN;Neue Länder;WZ08C7;WZ2008 (ausgewählte Positionen): Tarifindex;WZ08-63;Informationsdienstleistungen;97,9;2020=100;VST073;Index d.tarifl. Monatsverdienste mit Sonderzahl.
62221;Vj. Index der Tarifverdienste und Arbeitszeiten;JAHR;Jahr;2019;DINSGF;Früheres Bundesgebiet / Neue Länder;DN;Neue Länder;WZ08C7;WZ2008 (ausgewählte Positionen): Tarifindex;WZ08-63;Informationsdienstleistungen;39,1;h;VST019;Durchschnittliche tarifliche Wochenarbeitszeit
62221;Vj. Index der Tarifverdienste und Arbeitszeiten;JAHR;Jahr;2019;DINSGF;Früheres Bundesgebiet / Neue Länder;DN;Neue Länder;WZ08C7;WZ2008 (ausgewählte Positionen): Tarifindex;WZ08-63;Informationsdienstleistungen;97,4;2020=100;VST066;Index d.tarifl. Monatsverdienste ohne Sonderzahl.
62221;Vj. Index der Tarifverdienste und Arbeitszeiten;JAHR;Jahr;2019;DINSGF;Früheres Bundesgebiet / Neue Länder;DN;Neue Länder;WZ08C7;WZ2008 (ausgewählte Positionen): Tarifindex;WZ08-63;Informationsdienstleistungen;100,0;2020=100;VST018;Index der tariflichen Wochenarbeitszeit
62221;Vj. Index der Tarifverdienste und Arbeitszeiten;JAHR;Jahr;2019;DINSGF;Früheres Bundesgebiet / Neue Länder;DN;Neue Länder;WZ08C7;WZ2008 (ausgewählte Positionen): Tarifindex;WZ08-63;Informationsdienstleistungen;97,4;2020=100;VST065;Index d.tarifl. Stundenverdienste ohne Sonderzahl.
62221;Vj. Index der Tarifverdienste und Arbeitszeiten;JAHR;Jahr;2019;DINSGF;Früheres Bundesgebiet / Neue Länder;DN;Neue Länder;WZ08C7;WZ2008 (ausgewählte Positionen): Tarifindex;WZ08-M;Freiberufliche, wiss. u. techn. Dienstleistungen;98,0;2020=100;VST072;Index d.tarifl. Stundenverdienste mit Sonderzahl.
62221;Vj. Index der Tarifverdienste und Arbeitszeiten;JAHR;Jahr;2019;DINSGF;Früheres Bundesgebiet / Neue Länder;DN;Neue Länder;WZ08C7;WZ2008 (ausgewählte Positionen): Tarifindex;WZ08-M;Freiberufliche, wiss. u. techn. Dienstleistungen;98,0;2020=100;VST073;Index d.tarifl. Monatsverdienste mit Sonderzahl.
62221;Vj. Index der Tarifverdienste und Arbeitszeiten;JAHR;Jahr;2019;DINSGF;Früheres Bundesgebiet / Neue Länder;DN;Neue Länder;WZ08C7;WZ2008 (ausgewählte Positionen): Tarifindex;WZ08-M;Freiberufliche, wiss. u. techn. Dienstleistungen;38,7;h;VST019;Durchschnittliche tarifliche Wochenarbeitszeit
62221;Vj. Index der Tarifverdienste und Arbeitszeiten;JAHR;Jahr;2019;DINSGF;Früheres Bundesgebiet / Neue Länder;DN;Neue Länder;WZ08C7;WZ2008 (ausgewählte Positionen): Tarifindex;WZ08-M;Freiberufliche, wiss. u. techn. Dienstleistungen;97,9;2020=100;VST066;Index d.tarifl. Monatsverdienste ohne Sonderzahl.
62221;Vj. Index der Tarifverdienste und Arbeitszeiten;JAHR;Jahr;2019;DINSGF;Früheres Bundesgebiet / Neue Länder;DN;Neue Länder;WZ08C7;WZ2008 (ausgewählte Positionen): Tarifindex;WZ08-M;Freiberufliche, wiss. u. techn. Dienstleistungen;100,0;2020=100;VST018;Index der tariflichen Wochenarbeitszeit
62221;Vj. Index der Tarifverdienste und Arbeitszeiten;JAHR;Jahr;2019;DINSGF;Früheres Bundesgebiet / Neue Länder;DN;Neue Länder;WZ08C7;WZ2008 (ausgewählte Positionen): Tarifindex;WZ08-M;Freiberufliche, wiss. u. techn. Dienstleistungen;97,8;2020=100;VST065;Index d.tarifl. Stundenverdienste ohne Sonderzahl.
62221;Vj. Index der Tarifverdienste und Arbeitszeiten;JAHR;Jahr;2019;DINSGF;Früheres Bundesgebiet / Neue Länder;DN;Neue Länder;WZ08C7;WZ2008 (ausgewählte Positionen): Tarifindex;WZ08-S;Erbringung von sonstigen Dienstleistungen;97,5;2020=100;VST072;Index d.tarifl. Stundenverdienste mit Sonderzahl.
62221;Vj. Index der Tarifverdienste und Arbeitszeiten;JAHR;Jahr;2019;DINSGF;Früheres Bundesgebiet / Neue Länder;DN;Neue Länder;WZ08C7;WZ2008 (ausgewählte Positionen): Tarifindex;WZ08-S;Erbringung von sonstigen Dienstleistungen;97,5;2020=100;VST073;Index d.tarifl. Monatsverdienste mit Sonderzahl.
62221;Vj. Index der Tarifverdienste und Arbeitszeiten;JAHR;Jahr;2019;DINSGF;Früheres Bundesgebiet / Neue Länder;DN;Neue Länder;WZ08C7;WZ2008 (ausgewählte Positionen): Tarifindex;WZ08-S;Erbringung von sonstigen Dienstleistungen;38,9;h;VST019;Durchschnittliche tarifliche Wochenarbeitszeit
62221;Vj. Index der Tarifverdienste und Arbeitszeiten;JAHR;Jahr;2019;DINSGF;Früheres Bundesgebiet / Neue Länder;DN;Neue Länder;WZ08C7;WZ2008 (ausgewählte Positionen): Tarifindex;WZ08-S;Erbringung von sonstigen Dienstleistungen;97,5;2020=100;VST066;Index d.tarifl. Monatsverdienste ohne Sonderzahl.
62221;Vj. Index der Tarifverdienste und Arbeitszeiten;JAHR;Jahr;2019;DINSGF;Früheres Bundesgebiet / Neue Länder;DN;Neue Länder;WZ08C7;WZ2008 (ausgewählte Positionen): Tarifindex;WZ08-S;Erbringung von sonstigen Dienstleistungen;100,1;2020=100;VST018;Index der tariflichen Wochenarbeitszeit
62221;Vj. Index der Tarifverdienste und Arbeitszeiten;JAHR;Jahr;2019;DINSGF;Früheres Bundesgebiet / Neue Länder;DN;Neue Länder;WZ08C7;WZ2008 (ausgewählte Positionen): Tarifindex;WZ08-S;Erbringung von sonstigen Dienstleistungen;97,5;2020=100;VST065;Index d.tarifl. Stundenverdienste ohne Sonderzahl.
62221;Vj. Index der Tarifverdienste und Arbeitszeiten;JAHR;Jahr;2016;DINSGF;Früheres Bundesgebiet / Neue Länder;DN;Neue Länder;WZ08C7;WZ2008 (ausgewählte Positionen): Tarifindex;WZ-X002;Investitionsgüterproduzenten;90,3;2020=100;VST072;Index d.tarifl. Stundenverdienste mit Sonderzahl.
62221;Vj. Index der Tarifverdienste und Arbeitszeiten;JAHR;Jahr;2016;DINSGF;Früheres Bundesgebiet / Neue Länder;DN;Neue Länder;WZ08C7;WZ2008 (ausgewählte Positionen): Tarifindex;WZ-X002;Investitionsgüterproduzenten;90,4;2020=100;VST073;Index d.tarifl. Monatsverdienste mit Sonderzahl.
62221;Vj. Index der Tarifverdienste und Arbeitszeiten;JAHR;Jahr;2016;DINSGF;Früheres Bundesgebiet / Neue Länder;DN;Neue Länder;WZ08C7;WZ2008 (ausgewählte Positionen): Tarifindex;WZ-X002;Investitionsgüterproduzenten;37,8;h;VST019;Durchschnittliche tarifliche Wochenarbeitszeit
62221;Vj. Index der Tarifverdienste und Arbeitszeiten;JAHR;Jahr;2016;DINSGF;Früheres Bundesgebiet / Neue Länder;DN;Neue Länder;WZ08C7;WZ2008 (ausgewählte Positionen): Tarifindex;WZ-X002;Investitionsgüterproduzenten;92,6;2020=100;VST066;Index d.tarifl. Monatsverdienste ohne Sonderzahl.
62221;Vj. Index der Tarifverdienste und Arbeitszeiten;JAHR;Jahr;2016;DINSGF;Früheres Bundesgebiet / Neue Länder;DN;Neue Länder;WZ08C7;WZ2008 (ausgewählte Positionen): Tarifindex;WZ-X002;Investitionsgüterproduzenten;100,1;2020=100;VST018;Index der tariflichen Wochenarbeitszeit
62221;Vj. Index der Tarifverdienste und Arbeitszeiten;JAHR;Jahr;2016;DINSGF;Früheres Bundesgebiet / Neue Länder;DN;Neue Länder;WZ08C7;WZ2008 (ausgewählte Positionen): Tarifindex;WZ-X002;Investitionsgüterproduzenten;92,6;2020=100;VST065;Index d.tarifl. Stundenverdienste ohne Sonderzahl.
62221;Vj. Index der Tarifverdienste und Arbeitszeiten;JAHR;Jahr;2016;DINSGF;Früheres Bundesgebiet / Neue Länder;DN;Neue Länder;WZ08C7;WZ2008 (ausgewählte Positionen): Tarifindex;WZ08-B-11;Produzierendes Gewerbe, Handel u.A.;90,1;2020=100;VST072;Index d.tarifl. Stundenverdienste mit Sonderzahl.
62221;Vj. Index der Tarifverdienste und Arbeitszeiten;JAHR;Jahr;2016;DINSGF;Früheres Bundesgebiet / Neue Länder;DN;Neue Länder;WZ08C7;WZ2008 (ausgewählte Positionen): Tarifindex;WZ08-B-11;Produzierendes Gewerbe, Handel u.A.;90,1;2020=100;VST073;Index d.tarifl. Monatsverdienste mit Sonderzahl.
62221;Vj. Index der Tarifverdienste und Arbeitszeiten;JAHR;Jahr;2016;DINSGF;Früheres Bundesgebiet / Neue Länder;DN;Neue Länder;WZ08C7;WZ2008 (ausgewählte Positionen): Tarifindex;WZ08-B-11;Produzierendes Gewerbe, Handel u.A.;39,2;h;VST019;Durchschnittliche tarifliche Wochenarbeitszeit
62221;Vj. Index der Tarifverdienste und Arbeitszeiten;JAHR;Jahr;2016;DINSGF;Früheres Bundesgebiet / Neue Länder;DN;Neue Länder;WZ08C7;WZ2008 (ausgewählte Positionen): Tarifindex;WZ08-B-11;Produzierendes Gewerbe, Handel u.A.;90,0;2020=100;VST066;Index d.tarifl. Monatsverdienste ohne Sonderzahl.
62221;Vj. Index der Tarifverdienste und Arbeitszeiten;JAHR;Jahr;2016;DINSGF;Früheres Bundesgebiet / Neue Länder;DN;Neue Länder;WZ08C7;WZ2008 (ausgewählte Positionen): Tarifindex;WZ08-B-11;Produzierendes Gewerbe, Handel u.A.;100,1;2020=100;VST018;Index der tariflichen Wochenarbeitszeit
62221;Vj. Index der Tarifverdienste und Arbeitszeiten;JAHR;Jahr;2016;DINSGF;Früheres Bundesgebiet / Neue Länder;DN;Neue Länder;WZ08C7;WZ2008 (ausgewählte Positionen): Tarifindex;WZ08-B-11;Produzierendes Gewerbe, Handel u.A.;89,9;2020=100;VST065;Index d.tarifl. Stundenverdienste ohne Sonderzahl.
62221;Vj. Index der Tarifverdienste und Arbeitszeiten;JAHR;Jahr;2023;DINSGF;Früheres Bundesgebiet / Neue Länder;DF;Früheres Bundesgebiet;WZ08C7;WZ2008 (ausgewählte Positionen): Tarifindex;WZ08-01;Landwirtschaft, Jagd und verbundene Tätigkeiten;111,5;2020=100;VST072;Index d.tarifl. Stundenverdienste mit Sonderzahl.
62221;Vj. Index der Tarifverdienste und Arbeitszeiten;JAHR;Jahr;2023;DINSGF;Früheres Bundesgebiet / Neue Länder;DF;Früheres Bundesgebiet;WZ08C7;WZ2008 (ausgewählte Positionen): Tarifindex;WZ08-01;Landwirtschaft, Jagd und verbundene Tätigkeiten;111,5;2020=100;VST073;Index d.tarifl. Monatsverdienste mit Sonderzahl.
62221;Vj. Index der Tarifverdienste und Arbeitszeiten;JAHR;Jahr;2023;DINSGF;Früheres Bundesgebiet / Neue Länder;DF;Früheres Bundesgebiet;WZ08C7;WZ2008 (ausgewählte Positionen): Tarifindex;WZ08-01;Landwirtschaft, Jagd und verbundene Tätigkeiten;39,5;h;VST019;Durchschnittliche tarifliche Wochenarbeitszeit
62221;Vj. Index der Tarifverdienste und Arbeitszeiten;JAHR;Jahr;2023;DINSGF;Früheres Bundesgebiet / Neue Länder;DF;Früheres Bundesgebiet;WZ08C7;WZ2008 (ausgewählte Positionen): Tarifindex;WZ08-01;Landwirtschaft, Jagd und verbundene Tätigkeiten;110,3;2020=100;VST066;Index d.tarifl. Monatsverdienste ohne Sonderzahl.
62221;Vj. Index der Tarifverdienste und Arbeitszeiten;JAHR;Jahr;2023;DINSGF;Früheres Bundesgebiet / Neue Länder;DF;Früheres Bundesgebiet;WZ08C7;WZ2008 (ausgewählte Positionen): Tarifindex;WZ08-01;Landwirtschaft, Jagd und verbundene Tätigkeiten;100,0;2020=100;VST018;Index der tariflichen Wochenarbeitszeit
62221;Vj. Index der Tarifverdienste und Arbeitszeiten;JAHR;Jahr;2023;DINSGF;Früheres Bundesgebiet / Neue Länder;DF;Früheres Bundesgebiet;WZ08C7;WZ2008 (ausgewählte Positionen): Tarifindex;WZ08-01;Landwirtschaft, Jagd und verbundene Tätigkeiten;110,3;2020=100;VST065;Index d.tarifl. Stundenverdienste ohne Sonderzahl.
62221;Vj. Index der Tarifverdienste und Arbeitszeiten;JAHR;Jahr;2017;DINSGF;Früheres Bundesgebiet / Neue Länder;DF;Früheres Bundesgebiet;WZ08C7;WZ2008 (ausgewählte Positionen): Tarifindex;WZ08-A;Land- und Forstwirtschaft, Fischerei;91,7;2020=100;VST072;Index d.tarifl. Stundenverdienste mit Sonderzahl.
62221;Vj. Index der Tarifverdienste und Arbeitszeiten;JAHR;Jahr;2017;DINSGF;Früheres Bundesgebiet / Neue Länder;DF;Früheres Bundesgebiet;WZ08C7;WZ2008 (ausgewählte Positionen): Tarifindex;WZ08-A;Land- und Forstwirtschaft, Fischerei;91,7;2020=100;VST073;Index d.tarifl. Monatsverdienste mit Sonderzahl.
62221;Vj. Index der Tarifverdienste und Arbeitszeiten;JAHR;Jahr;2017;DINSGF;Früheres Bundesgebiet / Neue Länder;DF;Früheres Bundesgebiet;WZ08C7;WZ2008 (ausgewählte Positionen): Tarifindex;WZ08-A;Land- und Forstwirtschaft, Fischerei;39,6;h;VST019;Durchschnittliche tarifliche Wochenarbeitszeit
62221;Vj. Index der Tarifverdienste und Arbeitszeiten;JAHR;Jahr;2017;DINSGF;Früheres Bundesgebiet / Neue Länder;DF;Früheres Bundesgebiet;WZ08C7;WZ2008 (ausgewählte Positionen): Tarifindex;WZ08-A;Land- und Forstwirtschaft, Fischerei;91,3;2020=100;VST066;Index d.tarifl. Monatsverdienste ohne Sonderzahl.
62221;Vj. Index der Tarifverdienste und Arbeitszeiten;JAHR;Jahr;2017;DINSGF;Früheres Bundesgebiet / Neue Länder;DF;Früheres Bundesgebiet;WZ08C7;WZ2008 (ausgewählte Positionen): Tarifindex;WZ08-A;Land- und Forstwirtschaft, Fischerei;100,0;2020=100;VST018;Index der tariflichen Wochenarbeitszeit
62221;Vj. Index der Tarifverdienste und Arbeitszeiten;JAHR;Jahr;2017;DINSGF;Früheres Bundesgebiet / Neue Länder;DF;Früheres Bundesgebiet;WZ08C7;WZ2008 (ausgewählte Positionen): Tarifindex;WZ08-A;Land- und Forstwirtschaft, Fischerei;91,3;2020=100;VST065;Index d.tarifl. Stundenverdienste ohne Sonderzahl.
62221;Vj. Index der Tarifverdienste und Arbeitszeiten;JAHR;Jahr;2023;DINSGF;Früheres Bundesgebiet / Neue Länder;DF;Früheres Bundesgebiet;WZ08C7;WZ2008 (ausgewählte Positionen): Tarifindex;WZ08-35;Energieversorgung;108,7;2020=100;VST072;Index d.tarifl. Stundenverdienste mit Sonderzahl.
62221;Vj. Index der Tarifverdienste und Arbeitszeiten;JAHR;Jahr;2023;DINSGF;Früheres Bundesgebiet / Neue Länder;DF;Früheres Bundesgebiet;WZ08C7;WZ2008 (ausgewählte Positionen): Tarifindex;WZ08-35;Energieversorgung;108,7;2020=100;VST073;Index d.tarifl. Monatsverdienste mit Sonderzahl.
62221;Vj. Index der Tarifverdienste und Arbeitszeiten;JAHR;Jahr;2023;DINSGF;Früheres Bundesgebiet / Neue Länder;DF;Früheres Bundesgebiet;WZ08C7;WZ2008 (ausgewählte Positionen): Tarifindex;WZ08-35;Energieversorgung;38,2;h;VST019;Durchschnittliche tarifliche Wochenarbeitszeit
62221;Vj. Index der Tarifverdienste und Arbeitszeiten;JAHR;Jahr;2023;DINSGF;Früheres Bundesgebiet / Neue Länder;DF;Früheres Bundesgebiet;WZ08C7;WZ2008 (ausgewählte Positionen): Tarifindex;WZ08-35;Energieversorgung;106,2;2020=100;VST066;Index d.tarifl. Monatsverdienste ohne Sonderzahl.
62221;Vj. Index der Tarifverdienste und Arbeitszeiten;JAHR;Jahr;2023;DINSGF;Früheres Bundesgebiet / Neue Länder;DF;Früheres Bundesgebiet;WZ08C7;WZ2008 (ausgewählte Positionen): Tarifindex;WZ08-35;Energieversorgung;100,0;2020=100;VST018;Index der tariflichen Wochenarbeitszeit
62221;Vj. Index der Tarifverdienste und Arbeitszeiten;JAHR;Jahr;2023;DINSGF;Früheres Bundesgebiet / Neue Länder;DF;Früheres Bundesgebiet;WZ08C7;WZ2008 (ausgewählte Positionen): Tarifindex;WZ08-35;Energieversorgung;106,2;2020=100;VST065;Index d.tarifl. Stundenverdienste ohne Sonderzahl.
62221;Vj. Index der Tarifverdienste und Arbeitszeiten;JAHR;Jahr;2019;DINSGF;Früheres Bundesgebiet / Neue Länder;DN;Neue Länder;WZ08C7;WZ2008 (ausgewählte Positionen): Tarifindex;WZ08-12;Tabakverarbeitung;97,4;2020=100;VST072;Index d.tarifl. Stundenverdienste mit Sonderzahl.
62221;Vj. Index der Tarifverdienste und Arbeitszeiten;JAHR;Jahr;2019;DINSGF;Früheres Bundesgebiet / Neue Länder;DN;Neue Länder;WZ08C7;WZ2008 (ausgewählte Positionen): Tarifindex;WZ08-12;Tabakverarbeitung;97,4;2020=100;VST073;Index d.tarifl. Monatsverdienste mit Sonderzahl.
62221;Vj. Index der Tarifverdienste und Arbeitszeiten;JAHR;Jahr;2019;DINSGF;Früheres Bundesgebiet / Neue Länder;DN;Neue Länder;WZ08C7;WZ2008 (ausgewählte Positionen): Tarifindex;WZ08-12;Tabakverarbeitung;37,9;h;VST019;Durchschnittliche tarifliche Wochenarbeitszeit
62221;Vj. Index der Tarifverdienste und Arbeitszeiten;JAHR;Jahr;2019;DINSGF;Früheres Bundesgebiet / Neue Länder;DN;Neue Länder;WZ08C7;WZ2008 (ausgewählte Positionen): Tarifindex;WZ08-12;Tabakverarbeitung;97,4;2020=100;VST066;Index d.tarifl. Monatsverdienste ohne Sonderzahl.
62221;Vj. Index der Tarifverdienste und Arbeitszeiten;JAHR;Jahr;2019;DINSGF;Früheres Bundesgebiet / Neue Länder;DN;Neue Länder;WZ08C7;WZ2008 (ausgewählte Positionen): Tarifindex;WZ08-12;Tabakverarbeitung;100,0;2020=100;VST018;Index der tariflichen Wochenarbeitszeit
62221;Vj. Index der Tarifverdienste und Arbeitszeiten;JAHR;Jahr;2019;DINSGF;Früheres Bundesgebiet / Neue Länder;DN;Neue Länder;WZ08C7;WZ2008 (ausgewählte Positionen): Tarifindex;WZ08-12;Tabakverarbeitung;97,4;2020=100;VST065;Index d.tarifl. Stundenverdienste ohne Sonderzahl.
62221;Vj. Index der Tarifverdienste und Arbeitszeiten;JAHR;Jahr;2021;DINSGF;Früheres Bundesgebiet / Neue Länder;DN;Neue Länder;WZ08C7;WZ2008 (ausgewählte Positionen): Tarifindex;WZ08-50;Schifffahrt;101,0;2020=100;VST072;Index d.tarifl. Stundenverdienste mit Sonderzahl.
62221;Vj. Index der Tarifverdienste und Arbeitszeiten;JAHR;Jahr;2021;DINSGF;Früheres Bundesgebiet / Neue Länder;DN;Neue Länder;WZ08C7;WZ2008 (ausgewählte Positionen): Tarifindex;WZ08-50;Schifffahrt;101,0;2020=100;VST073;Index d.tarifl. Monatsverdienste mit Sonderzahl.
62221;Vj. Index der Tarifverdienste und Arbeitszeiten;JAHR;Jahr;2021;DINSGF;Früheres Bundesgebiet / Neue Länder;DN;Neue Länder;WZ08C7;WZ2008 (ausgewählte Positionen): Tarifindex;WZ08-50;Schifffahrt;40,0;h;VST019;Durchschnittliche tarifliche Wochenarbeitszeit
62221;Vj. Index der Tarifverdienste und Arbeitszeiten;JAHR;Jahr;2021;DINSGF;Früheres Bundesgebiet / Neue Länder;DN;Neue Länder;WZ08C7;WZ2008 (ausgewählte Positionen): Tarifindex;WZ08-50;Schifffahrt;101,4;2020=100;VST066;Index d.tarifl. Monatsverdienste ohne Sonderzahl.
62221;Vj. Index der Tarifverdienste und Arbeitszeiten;JAHR;Jahr;2021;DINSGF;Früheres Bundesgebiet / Neue Länder;DN;Neue Länder;WZ08C7;WZ2008 (ausgewählte Positionen): Tarifindex;WZ08-50;Schifffahrt;100,0;2020=100;VST018;Index der tariflichen Wochenarbeitszeit
62221;Vj. Index der Tarifverdienste und Arbeitszeiten;JAHR;Jahr;2021;DINSGF;Früheres Bundesgebiet / Neue Länder;DN;Neue Länder;WZ08C7;WZ2008 (ausgewählte Positionen): Tarifindex;WZ08-50;Schifffahrt;101,4;2020=100;VST065;Index d.tarifl. Stundenverdienste ohne Sonderzahl.
62221;Vj. Index der Tarifverdienste und Arbeitszeiten;JAHR;Jahr;2021;DINSGF;Früheres Bundesgebiet / Neue Länder;DN;Neue Länder;WZ08C7;WZ2008 (ausgewählte Positionen): Tarifindex;WZ-X002;Investitionsgüterproduzenten;100,8;2020=100;VST072;Index d.tarifl. Stundenverdienste mit Sonderzahl.
62221;Vj. Index der Tarifverdienste und Arbeitszeiten;JAHR;Jahr;2021;DINSGF;Früheres Bundesgebiet / Neue Länder;DN;Neue Länder;WZ08C7;WZ2008 (ausgewählte Positionen): Tarifindex;WZ-X002;Investitionsgüterproduzenten;100,8;2020=100;VST073;Index d.tarifl. Monatsverdienste mit Sonderzahl.
62221;Vj. Index der Tarifverdienste und Arbeitszeiten;JAHR;Jahr;2021;DINSGF;Früheres Bundesgebiet / Neue Länder;DN;Neue Länder;WZ08C7;WZ2008 (ausgewählte Positionen): Tarifindex;WZ-X002;Investitionsgüterproduzenten;37,8;h;VST019;Durchschnittliche tarifliche Wochenarbeitszeit
62221;Vj. Index der Tarifverdienste und Arbeitszeiten;JAHR;Jahr;2021;DINSGF;Früheres Bundesgebiet / Neue Länder;DN;Neue Länder;WZ08C7;WZ2008 (ausgewählte Positionen): Tarifindex;WZ-X002;Investitionsgüterproduzenten;100,1;2020=100;VST066;Index d.tarifl. Monatsverdienste ohne Sonderzahl.
62221;Vj. Index der Tarifverdienste und Arbeitszeiten;JAHR;Jahr;2021;DINSGF;Früheres Bundesgebiet / Neue Länder;DN;Neue Länder;WZ08C7;WZ2008 (ausgewählte Positionen): Tarifindex;WZ-X002;Investitionsgüterproduzenten;100,0;2020=100;VST018;Index der tariflichen Wochenarbeitszeit
62221;Vj. Index der Tarifverdienste und Arbeitszeiten;JAHR;Jahr;2021;DINSGF;Früheres Bundesgebiet / Neue Länder;DN;Neue Länder;WZ08C7;WZ2008 (ausgewählte Positionen): Tarifindex;WZ-X002;Investitionsgüterproduzenten;100,1;2020=100;VST065;Index d.tarifl. Stundenverdienste ohne Sonderzahl.
62221;Vj. Index der Tarifverdienste und Arbeitszeiten;JAHR;Jahr;2021;DINSGF;Früheres Bundesgebiet / Neue Länder;DF;Früheres Bundesgebiet;WZ08C7;WZ2008 (ausgewählte Positionen): Tarifindex;WZ08-H-01;Verkehr und Lagerei, Information und Kommunikation;101,2;2020=100;VST072;Index d.tarifl. Stundenverdienste mit Sonderzahl.
62221;Vj. Index der Tarifverdienste und Arbeitszeiten;JAHR;Jahr;2021;DINSGF;Früheres Bundesgebiet / Neue Länder;DF;Früheres Bundesgebiet;WZ08C7;WZ2008 (ausgewählte Positionen): Tarifindex;WZ08-H-01;Verkehr und Lagerei, Information und Kommunikation;101,2;2020=100;VST073;Index d.tarifl. Monatsverdienste mit Sonderzahl.
62221;Vj. Index der Tarifverdienste und Arbeitszeiten;JAHR;Jahr;2021;DINSGF;Früheres Bundesgebiet / Neue Länder;DF;Früheres Bundesgebiet;WZ08C7;WZ2008 (ausgewählte Positionen): Tarifindex;WZ08-H-01;Verkehr und Lagerei, Information und Kommunikation;38,7;h;VST019;Durchschnittliche tarifliche Wochenarbeitszeit
62221;Vj. Index der Tarifverdienste und Arbeitszeiten;JAHR;Jahr;2021;DINSGF;Früheres Bundesgebiet / Neue Länder;DF;Früheres Bundesgebiet;WZ08C7;WZ2008 (ausgewählte Positionen): Tarifindex;WZ08-H-01;Verkehr und Lagerei, Information und Kommunikation;101,5;2020=100;VST066;Index d.tarifl. Monatsverdienste ohne Sonderzahl.
62221;Vj. Index der Tarifverdienste und Arbeitszeiten;JAHR;Jahr;2021;DINSGF;Früheres Bundesgebiet / Neue Länder;DF;Früheres Bundesgebiet;WZ08C7;WZ2008 (ausgewählte Positionen): Tarifindex;WZ08-H-01;Verkehr und Lagerei, Information und Kommunikation;100,0;2020=100;VST018;Index der tariflichen Wochenarbeitszeit
62221;Vj. Index der Tarifverdienste und Arbeitszeiten;JAHR;Jahr;2021;DINSGF;Früheres Bundesgebiet / Neue Länder;DF;Früheres Bundesgebiet;WZ08C7;WZ2008 (ausgewählte Positionen): Tarifindex;WZ08-H-01;Verkehr und Lagerei, Information und Kommunikation;101,5;2020=100;VST065;Index d.tarifl. Stundenverdienste ohne Sonderzahl.
62221;Vj. Index der Tarifverdienste und Arbeitszeiten;JAHR;Jahr;2021;DINSGF;Früheres Bundesgebiet / Neue Länder;DN;Neue Länder;WZ08C7;WZ2008 (ausgewählte Positionen): Tarifindex;WZ08-84;Öff. Verwaltung, Verteidigung, Sozialversicherung;100,9;2020=100;VST072;Index d.tarifl. Stundenverdienste mit Sonderzahl.
62221;Vj. Index der Tarifverdienste und Arbeitszeiten;JAHR;Jahr;2021;DINSGF;Früheres Bundesgebiet / Neue Länder;DN;Neue Länder;WZ08C7;WZ2008 (ausgewählte Positionen): Tarifindex;WZ08-84;Öff. Verwaltung, Verteidigung, Sozialversicherung;100,9;2020=100;VST073;Index d.tarifl. Monatsverdienste mit Sonderzahl.
62221;Vj. Index der Tarifverdienste und Arbeitszeiten;JAHR;Jahr;2021;DINSGF;Früheres Bundesgebiet / Neue Länder;DN;Neue Länder;WZ08C7;WZ2008 (ausgewählte Positionen): Tarifindex;WZ08-84;Öff. Verwaltung, Verteidigung, Sozialversicherung;39,8;h;VST019;Durchschnittliche tarifliche Wochenarbeitszeit
62221;Vj. Index der Tarifverdienste und Arbeitszeiten;JAHR;Jahr;2021;DINSGF;Früheres Bundesgebiet / Neue Länder;DN;Neue Länder;WZ08C7;WZ2008 (ausgewählte Positionen): Tarifindex;WZ08-84;Öff. Verwaltung, Verteidigung, Sozialversicherung;101,2;2020=100;VST066;Index d.tarifl. Monatsverdienste ohne Sonderzahl.
62221;Vj. Index der Tarifverdienste und Arbeitszeiten;JAHR;Jahr;2021;DINSGF;Früheres Bundesgebiet / Neue Länder;DN;Neue Länder;WZ08C7;WZ2008 (ausgewählte Positionen): Tarifindex;WZ08-84;Öff. Verwaltung, Verteidigung, Sozialversicherung;100,0;2020=100;VST018;Index der tariflichen Wochenarbeitszeit
62221;Vj. Index der Tarifverdienste und Arbeitszeiten;JAHR;Jahr;2021;DINSGF;Früheres Bundesgebiet / Neue Länder;DN;Neue Länder;WZ08C7;WZ2008 (ausgewählte Positionen): Tarifindex;WZ08-84;Öff. Verwaltung, Verteidigung, Sozialversicherung;101,2;2020=100;VST065;Index d.tarifl. Stundenverdienste ohne Sonderzahl.
62221;Vj. Index der Tarifverdienste und Arbeitszeiten;JAHR;Jahr;2017;DINSGF;Früheres Bundesgebiet / Neue Länder;DN;Neue Länder;WZ08C7;WZ2008 (ausgewählte Positionen): Tarifindex;WZ08-24-02;Metall- und Elektroindustrie;92,7;2020=100;VST072;Index d.tarifl. Stundenverdienste mit Sonderzahl.
62221;Vj. Index der Tarifverdienste und Arbeitszeiten;JAHR;Jahr;2017;DINSGF;Früheres Bundesgebiet / Neue Länder;DN;Neue Länder;WZ08C7;WZ2008 (ausgewählte Positionen): Tarifindex;WZ08-24-02;Metall- und Elektroindustrie;92,7;2020=100;VST073;Index d.tarifl. Monatsverdienste mit Sonderzahl.
62221;Vj. Index der Tarifverdienste und Arbeitszeiten;JAHR;Jahr;2017;DINSGF;Früheres Bundesgebiet / Neue Länder;DN;Neue Länder;WZ08C7;WZ2008 (ausgewählte Positionen): Tarifindex;WZ08-24-02;Metall- und Elektroindustrie;37,6;h;VST019;Durchschnittliche tarifliche Wochenarbeitszeit
62221;Vj. Index der Tarifverdienste und Arbeitszeiten;JAHR;Jahr;2017;DINSGF;Früheres Bundesgebiet / Neue Länder;DN;Neue Länder;WZ08C7;WZ2008 (ausgewählte Positionen): Tarifindex;WZ08-24-02;Metall- und Elektroindustrie;95,0;2020=100;VST066;Index d.tarifl. Monatsverdienste ohne Sonderzahl.
62221;Vj. Index der Tarifverdienste und Arbeitszeiten;JAHR;Jahr;2017;DINSGF;Früheres Bundesgebiet / Neue Länder;DN;Neue Länder;WZ08C7;WZ2008 (ausgewählte Positionen): Tarifindex;WZ08-24-02;Metall- und Elektroindustrie;100,0;2020=100;VST018;Index der tariflichen Wochenarbeitszeit
62221;Vj. Index der Tarifverdienste und Arbeitszeiten;JAHR;Jahr;2017;DINSGF;Früheres Bundesgebiet / Neue Länder;DN;Neue Länder;WZ08C7;WZ2008 (ausgewählte Positionen): Tarifindex;WZ08-24-02;Metall- und Elektroindustrie;94,9;2020=100;VST065;Index d.tarifl. Stundenverdienste ohne Sonderzahl.
62221;Vj. Index der Tarifverdienste und Arbeitszeiten;JAHR;Jahr;2021;DINSGF;Früheres Bundesgebiet / Neue Länder;DF;Früheres Bundesgebiet;WZ08C7;WZ2008 (ausgewählte Positionen): Tarifindex;WZ08-14;Herstellung von Bekleidung;102,3;2020=100;VST072;Index d.tarifl. Stundenverdienste mit Sonderzahl.
62221;Vj. Index der Tarifverdienste und Arbeitszeiten;JAHR;Jahr;2021;DINSGF;Früheres Bundesgebiet / Neue Länder;DF;Früheres Bundesgebiet;WZ08C7;WZ2008 (ausgewählte Positionen): Tarifindex;WZ08-14;Herstellung von Bekleidung;102,3;2020=100;VST073;Index d.tarifl. Monatsverdienste mit Sonderzahl.
62221;Vj. Index der Tarifverdienste und Arbeitszeiten;JAHR;Jahr;2021;DINSGF;Früheres Bundesgebiet / Neue Länder;DF;Früheres Bundesgebiet;WZ08C7;WZ2008 (ausgewählte Positionen): Tarifindex;WZ08-14;Herstellung von Bekleidung;37,0;h;VST019;Durchschnittliche tarifliche Wochenarbeitszeit
62221;Vj. Index der Tarifverdienste und Arbeitszeiten;JAHR;Jahr;2021;DINSGF;Früheres Bundesgebiet / Neue Länder;DF;Früheres Bundesgebiet;WZ08C7;WZ2008 (ausgewählte Positionen): Tarifindex;WZ08-14;Herstellung von Bekleidung;101,6;2020=100;VST066;Index d.tarifl. Monatsverdienste ohne Sonderzahl.
62221;Vj. Index der Tarifverdienste und Arbeitszeiten;JAHR;Jahr;2021;DINSGF;Früheres Bundesgebiet / Neue Länder;DF;Früheres Bundesgebiet;WZ08C7;WZ2008 (ausgewählte Positionen): Tarifindex;WZ08-14;Herstellung von Bekleidung;100,0;2020=100;VST018;Index der tariflichen Wochenarbeitszeit
62221;Vj. Index der Tarifverdienste und Arbeitszeiten;JAHR;Jahr;2021;DINSGF;Früheres Bundesgebiet / Neue Länder;DF;Früheres Bundesgebiet;WZ08C7;WZ2008 (ausgewählte Positionen): Tarifindex;WZ08-14;Herstellung von Bekleidung;101,6;2020=100;VST065;Index d.tarifl. Stundenverdienste ohne Sonderzahl.
62221;Vj. Index der Tarifverdienste und Arbeitszeiten;JAHR;Jahr;2022;DINSGF;Früheres Bundesgebiet / Neue Länder;DF;Früheres Bundesgebiet;WZ08C7;WZ2008 (ausgewählte Positionen): Tarifindex;WZ08-85;Erziehung und Unterricht;103,1;2020=100;VST072;Index d.tarifl. Stundenverdienste mit Sonderzahl.
62221;Vj. Index der Tarifverdienste und Arbeitszeiten;JAHR;Jahr;2022;DINSGF;Früheres Bundesgebiet / Neue Länder;DF;Früheres Bundesgebiet;WZ08C7;WZ2008 (ausgewählte Positionen): Tarifindex;WZ08-85;Erziehung und Unterricht;103,1;2020=100;VST073;Index d.tarifl. Monatsverdienste mit Sonderzahl.
62221;Vj. Index der Tarifverdienste und Arbeitszeiten;JAHR;Jahr;2022;DINSGF;Früheres Bundesgebiet / Neue Länder;DF;Früheres Bundesgebiet;WZ08C7;WZ2008 (ausgewählte Positionen): Tarifindex;WZ08-85;Erziehung und Unterricht;40,1;h;VST019;Durchschnittliche tarifliche Wochenarbeitszeit
62221;Vj. Index der Tarifverdienste und Arbeitszeiten;JAHR;Jahr;2022;DINSGF;Früheres Bundesgebiet / Neue Länder;DF;Früheres Bundesgebiet;WZ08C7;WZ2008 (ausgewählte Positionen): Tarifindex;WZ08-85;Erziehung und Unterricht;102,1;2020=100;VST066;Index d.tarifl. Monatsverdienste ohne Sonderzahl.
62221;Vj. Index der Tarifverdienste und Arbeitszeiten;JAHR;Jahr;2022;DINSGF;Früheres Bundesgebiet / Neue Länder;DF;Früheres Bundesgebiet;WZ08C7;WZ2008 (ausgewählte Positionen): Tarifindex;WZ08-85;Erziehung und Unterricht;100,0;2020=100;VST018;Index der tariflichen Wochenarbeitszeit
62221;Vj. Index der Tarifverdienste und Arbeitszeiten;JAHR;Jahr;2022;DINSGF;Früheres Bundesgebiet / Neue Länder;DF;Früheres Bundesgebiet;WZ08C7;WZ2008 (ausgewählte Positionen): Tarifindex;WZ08-85;Erziehung und Unterricht;102,1;2020=100;VST065;Index d.tarifl. Stundenverdienste ohne Sonderzahl.
62221;Vj. Index der Tarifverdienste und Arbeitszeiten;JAHR;Jahr;2023;DINSGF;Früheres Bundesgebiet / Neue Länder;DF;Früheres Bundesgebiet;WZ08C7;WZ2008 (ausgewählte Positionen): Tarifindex;WZ08-C;Verarbeitendes Gewerbe;108,0;2020=100;VST072;Index d.tarifl. Stundenverdienste mit Sonderzahl.
62221;Vj. Index der Tarifverdienste und Arbeitszeiten;JAHR;Jahr;2023;DINSGF;Früheres Bundesgebiet / Neue Länder;DF;Früheres Bundesgebiet;WZ08C7;WZ2008 (ausgewählte Positionen): Tarifindex;WZ08-C;Verarbeitendes Gewerbe;108,0;2020=100;VST073;Index d.tarifl. Monatsverdienste mit Sonderzahl.
62221;Vj. Index der Tarifverdienste und Arbeitszeiten;JAHR;Jahr;2023;DINSGF;Früheres Bundesgebiet / Neue Länder;DF;Früheres Bundesgebiet;WZ08C7;WZ2008 (ausgewählte Positionen): Tarifindex;WZ08-C;Verarbeitendes Gewerbe;36,0;h;VST019;Durchschnittliche tarifliche Wochenarbeitszeit
62221;Vj. Index der Tarifverdienste und Arbeitszeiten;JAHR;Jahr;2023;DINSGF;Früheres Bundesgebiet / Neue Länder;DF;Früheres Bundesgebiet;WZ08C7;WZ2008 (ausgewählte Positionen): Tarifindex;WZ08-C;Verarbeitendes Gewerbe;104,3;2020=100;VST066;Index d.tarifl. Monatsverdienste ohne Sonderzahl.
62221;Vj. Index der Tarifverdienste und Arbeitszeiten;JAHR;Jahr;2023;DINSGF;Früheres Bundesgebiet / Neue Länder;DF;Früheres Bundesgebiet;WZ08C7;WZ2008 (ausgewählte Positionen): Tarifindex;WZ08-C;Verarbeitendes Gewerbe;100,0;2020=100;VST018;Index der tariflichen Wochenarbeitszeit
62221;Vj. Index der Tarifverdienste und Arbeitszeiten;JAHR;Jahr;2023;DINSGF;Früheres Bundesgebiet / Neue Länder;DF;Früheres Bundesgebiet;WZ08C7;WZ2008 (ausgewählte Positionen): Tarifindex;WZ08-C;Verarbeitendes Gewerbe;104,4;2020=100;VST065;Index d.tarifl. Stundenverdienste ohne Sonderzahl.
62221;Vj. Index der Tarifverdienste und Arbeitszeiten;JAHR;Jahr;2016;DINSGF;Früheres Bundesgebiet / Neue Länder;DN;Neue Länder;WZ08C7;WZ2008 (ausgewählte Positionen): Tarifindex;WZ08-O-01;Öffentliche und persönliche Dienstleistungen;89,1;2020=100;VST072;Index d.tarifl. Stundenverdienste mit Sonderzahl.
62221;Vj. Index der Tarifverdienste und Arbeitszeiten;JAHR;Jahr;2016;DINSGF;Früheres Bundesgebiet / Neue Länder;DN;Neue Länder;WZ08C7;WZ2008 (ausgewählte Positionen): Tarifindex;WZ08-O-01;Öffentliche und persönliche Dienstleistungen;89,1;2020=100;VST073;Index d.tarifl. Monatsverdienste mit Sonderzahl.
62221;Vj. Index der Tarifverdienste und Arbeitszeiten;JAHR;Jahr;2016;DINSGF;Früheres Bundesgebiet / Neue Länder;DN;Neue Länder;WZ08C7;WZ2008 (ausgewählte Positionen): Tarifindex;WZ08-O-01;Öffentliche und persönliche Dienstleistungen;39,5;h;VST019;Durchschnittliche tarifliche Wochenarbeitszeit
62221;Vj. Index der Tarifverdienste und Arbeitszeiten;JAHR;Jahr;2016;DINSGF;Früheres Bundesgebiet / Neue Länder;DN;Neue Länder;WZ08C7;WZ2008 (ausgewählte Positionen): Tarifindex;WZ08-O-01;Öffentliche und persönliche Dienstleistungen;88,6;2020=100;VST066;Index d.tarifl. Monatsverdienste ohne Sonderzahl.
62221;Vj. Index der Tarifverdienste und Arbeitszeiten;JAHR;Jahr;2016;DINSGF;Früheres Bundesgebiet / Neue Länder;DN;Neue Länder;WZ08C7;WZ2008 (ausgewählte Positionen): Tarifindex;WZ08-O-01;Öffentliche und persönliche Dienstleistungen;100,0;2020=100;VST018;Index der tariflichen Wochenarbeitszeit
62221;Vj. Index der Tarifverdienste und Arbeitszeiten;JAHR;Jahr;2016;DINSGF;Früheres Bundesgebiet / Neue Länder;DN;Neue Länder;WZ08C7;WZ2008 (ausgewählte Positionen): Tarifindex;WZ08-O-01;Öffentliche und persönliche Dienstleistungen;88,6;2020=100;VST065;Index d.tarifl. Stundenverdienste ohne Sonderzahl.
62221;Vj. Index der Tarifverdienste und Arbeitszeiten;JAHR;Jahr;2023;DINSGF;Früheres Bundesgebiet / Neue Länder;DF;Früheres Bundesgebiet;WZ08C7;WZ2008 (ausgewählte Positionen): Tarifindex;WZ08-I;Gastgewerbe;116,5;2020=100;VST072;Index d.tarifl. Stundenverdienste mit Sonderzahl.
62221;Vj. Index der Tarifverdienste und Arbeitszeiten;JAHR;Jahr;2023;DINSGF;Früheres Bundesgebiet / Neue Länder;DF;Früheres Bundesgebiet;WZ08C7;WZ2008 (ausgewählte Positionen): Tarifindex;WZ08-I;Gastgewerbe;116,5;2020=100;VST073;Index d.tarifl. Monatsverdienste mit Sonderzahl.
62221;Vj. Index der Tarifverdienste und Arbeitszeiten;JAHR;Jahr;2023;DINSGF;Früheres Bundesgebiet / Neue Länder;DF;Früheres Bundesgebiet;WZ08C7;WZ2008 (ausgewählte Positionen): Tarifindex;WZ08-I;Gastgewerbe;39,0;h;VST019;Durchschnittliche tarifliche Wochenarbeitszeit
62221;Vj. Index der Tarifverdienste und Arbeitszeiten;JAHR;Jahr;2023;DINSGF;Früheres Bundesgebiet / Neue Länder;DF;Früheres Bundesgebiet;WZ08C7;WZ2008 (ausgewählte Positionen): Tarifindex;WZ08-I;Gastgewerbe;116,5;2020=100;VST066;Index d.tarifl. Monatsverdienste ohne Sonderzahl.
62221;Vj. Index der Tarifverdienste und Arbeitszeiten;JAHR;Jahr;2023;DINSGF;Früheres Bundesgebiet / Neue Länder;DF;Früheres Bundesgebiet;WZ08C7;WZ2008 (ausgewählte Positionen): Tarifindex;WZ08-I;Gastgewerbe;100,0;2020=100;VST018;Index der tariflichen Wochenarbeitszeit
62221;Vj. Index der Tarifverdienste und Arbeitszeiten;JAHR;Jahr;2023;DINSGF;Früheres Bundesgebiet / Neue Länder;DF;Früheres Bundesgebiet;WZ08C7;WZ2008 (ausgewählte Positionen): Tarifindex;WZ08-I;Gastgewerbe;116,5;2020=100;VST065;Index d.tarifl. Stundenverdienste ohne Sonderzahl.
62221;Vj. Index der Tarifverdienste und Arbeitszeiten;JAHR;Jahr;2017;DINSGF;Früheres Bundesgebiet / Neue Länder;DF;Früheres Bundesgebiet;WZ08C7;WZ2008 (ausgewählte Positionen): Tarifindex;WZ08-M;Freiberufliche, wiss. u. techn. Dienstleistungen;92,8;2020=100;VST072;Index d.tarifl. Stundenverdienste mit Sonderzahl.
62221;Vj. Index der Tarifverdienste und Arbeitszeiten;JAHR;Jahr;2017;DINSGF;Früheres Bundesgebiet / Neue Länder;DF;Früheres Bundesgebiet;WZ08C7;WZ2008 (ausgewählte Positionen): Tarifindex;WZ08-M;Freiberufliche, wiss. u. techn. Dienstleistungen;92,9;2020=100;VST073;Index d.tarifl. Monatsverdienste mit Sonderzahl.
62221;Vj. Index der Tarifverdienste und Arbeitszeiten;JAHR;Jahr;2017;DINSGF;Früheres Bundesgebiet / Neue Länder;DF;Früheres Bundesgebiet;WZ08C7;WZ2008 (ausgewählte Positionen): Tarifindex;WZ08-M;Freiberufliche, wiss. u. techn. Dienstleistungen;37,7;h;VST019;Durchschnittliche tarifliche Wochenarbeitszeit
62221;Vj. Index der Tarifverdienste und Arbeitszeiten;JAHR;Jahr;2017;DINSGF;Früheres Bundesgebiet / Neue Länder;DF;Früheres Bundesgebiet;WZ08C7;WZ2008 (ausgewählte Positionen): Tarifindex;WZ08-M;Freiberufliche, wiss. u. techn. Dienstleistungen;93,5;2020=100;VST066;Index d.tarifl. Monatsverdienste ohne Sonderzahl.
62221;Vj. Index der Tarifverdienste und Arbeitszeiten;JAHR;Jahr;2017;DINSGF;Früheres Bundesgebiet / Neue Länder;DF;Früheres Bundesgebiet;WZ08C7;WZ2008 (ausgewählte Positionen): Tarifindex;WZ08-M;Freiberufliche, wiss. u. techn. Dienstleistungen;100,1;2020=100;VST018;Index der tariflichen Wochenarbeitszeit
62221;Vj. Index der Tarifverdienste und Arbeitszeiten;JAHR;Jahr;2017;DINSGF;Früheres Bundesgebiet / Neue Länder;DF;Früheres Bundesgebiet;WZ08C7;WZ2008 (ausgewählte Positionen): Tarifindex;WZ08-M;Freiberufliche, wiss. u. techn. Dienstleistungen;93,4;2020=100;VST065;Index d.tarifl. Stundenverdienste ohne Sonderzahl.
62221;Vj. Index der Tarifverdienste und Arbeitszeiten;JAHR;Jahr;2021;DINSGF;Früheres Bundesgebiet / Neue Länder;DF;Früheres Bundesgebiet;WZ08C7;WZ2008 (ausgewählte Positionen): Tarifindex;WZ08-B-13;Prod. Gewerbe, Handel, Information u.Kommunikation;101,3;2020=100;VST072;Index d.tarifl. Stundenverdienste mit Sonderzahl.
62221;Vj. Index der Tarifverdienste und Arbeitszeiten;JAHR;Jahr;2021;DINSGF;Früheres Bundesgebiet / Neue Länder;DF;Früheres Bundesgebiet;WZ08C7;WZ2008 (ausgewählte Positionen): Tarifindex;WZ08-B-13;Prod. Gewerbe, Handel, Information u.Kommunikation;101,3;2020=100;VST073;Index d.tarifl. Monatsverdienste mit Sonderzahl.
62221;Vj. Index der Tarifverdienste und Arbeitszeiten;JAHR;Jahr;2021;DINSGF;Früheres Bundesgebiet / Neue Länder;DF;Früheres Bundesgebiet;WZ08C7;WZ2008 (ausgewählte Positionen): Tarifindex;WZ08-B-13;Prod. Gewerbe, Handel, Information u.Kommunikation;36,9;h;VST019;Durchschnittliche tarifliche Wochenarbeitszeit
62221;Vj. Index der Tarifverdienste und Arbeitszeiten;JAHR;Jahr;2021;DINSGF;Früheres Bundesgebiet / Neue Länder;DF;Früheres Bundesgebiet;WZ08C7;WZ2008 (ausgewählte Positionen): Tarifindex;WZ08-B-13;Prod. Gewerbe, Handel, Information u.Kommunikation;100,9;2020=100;VST066;Index d.tarifl. Monatsverdienste ohne Sonderzahl.
62221;Vj. Index der Tarifverdienste und Arbeitszeiten;JAHR;Jahr;2021;DINSGF;Früheres Bundesgebiet / Neue Länder;DF;Früheres Bundesgebiet;WZ08C7;WZ2008 (ausgewählte Positionen): Tarifindex;WZ08-B-13;Prod. Gewerbe, Handel, Information u.Kommunikation;100,0;2020=100;VST018;Index der tariflichen Wochenarbeitszeit
62221;Vj. Index der Tarifverdienste und Arbeitszeiten;JAHR;Jahr;2021;DINSGF;Früheres Bundesgebiet / Neue Länder;DF;Früheres Bundesgebiet;WZ08C7;WZ2008 (ausgewählte Positionen): Tarifindex;WZ08-B-13;Prod. Gewerbe, Handel, Information u.Kommunikation;100,9;2020=100;VST065;Index d.tarifl. Stundenverdienste ohne Sonderzahl.
62221;Vj. Index der Tarifverdienste und Arbeitszeiten;JAHR;Jahr;2021;DINSGF;Früheres Bundesgebiet / Neue Länder;DN;Neue Länder;WZ08C7;WZ2008 (ausgewählte Positionen): Tarifindex;WZ08-I;Gastgewerbe;104,3;2020=100;VST072;Index d.tarifl. Stundenverdienste mit Sonderzahl.
62221;Vj. Index der Tarifverdienste und Arbeitszeiten;JAHR;Jahr;2021;DINSGF;Früheres Bundesgebiet / Neue Länder;DN;Neue Länder;WZ08C7;WZ2008 (ausgewählte Positionen): Tarifindex;WZ08-I;Gastgewerbe;104,3;2020=100;VST073;Index d.tarifl. Monatsverdienste mit Sonderzahl.
62221;Vj. Index der Tarifverdienste und Arbeitszeiten;JAHR;Jahr;2021;DINSGF;Früheres Bundesgebiet / Neue Länder;DN;Neue Länder;WZ08C7;WZ2008 (ausgewählte Positionen): Tarifindex;WZ08-I;Gastgewerbe;39,4;h;VST019;Durchschnittliche tarifliche Wochenarbeitszeit
62221;Vj. Index der Tarifverdienste und Arbeitszeiten;JAHR;Jahr;2021;DINSGF;Früheres Bundesgebiet / Neue Länder;DN;Neue Länder;WZ08C7;WZ2008 (ausgewählte Positionen): Tarifindex;WZ08-I;Gastgewerbe;104,3;2020=100;VST066;Index d.tarifl. Monatsverdienste ohne Sonderzahl.
62221;Vj. Index der Tarifverdienste und Arbeitszeiten;JAHR;Jahr;2021;DINSGF;Früheres Bundesgebiet / Neue Länder;DN;Neue Länder;WZ08C7;WZ2008 (ausgewählte Positionen): Tarifindex;WZ08-I;Gastgewerbe;100,0;2020=100;VST018;Index der tariflichen Wochenarbeitszeit
62221;Vj. Index der Tarifverdienste und Arbeitszeiten;JAHR;Jahr;2021;DINSGF;Früheres Bundesgebiet / Neue Länder;DN;Neue Länder;WZ08C7;WZ2008 (ausgewählte Positionen): Tarifindex;WZ08-I;Gastgewerbe;104,3;2020=100;VST065;Index d.tarifl. Stundenverdienste ohne Sonderzahl.
62221;Vj. Index der Tarifverdienste und Arbeitszeiten;JAHR;Jahr;2017;DINSGF;Früheres Bundesgebiet / Neue Länder;DN;Neue Länder;WZ08C7;WZ2008 (ausgewählte Positionen): Tarifindex;WZ08-A-03;Gesamtwirtschaft;91,6;2020=100;VST072;Index d.tarifl. Stundenverdienste mit Sonderzahl.
62221;Vj. Index der Tarifverdienste und Arbeitszeiten;JAHR;Jahr;2017;DINSGF;Früheres Bundesgebiet / Neue Länder;DN;Neue Länder;WZ08C7;WZ2008 (ausgewählte Positionen): Tarifindex;WZ08-A-03;Gesamtwirtschaft;91,7;2020=100;VST073;Index d.tarifl. Monatsverdienste mit Sonderzahl.
62221;Vj. Index der Tarifverdienste und Arbeitszeiten;JAHR;Jahr;2017;DINSGF;Früheres Bundesgebiet / Neue Länder;DN;Neue Länder;WZ08C7;WZ2008 (ausgewählte Positionen): Tarifindex;WZ08-A-03;Gesamtwirtschaft;39,0;h;VST019;Durchschnittliche tarifliche Wochenarbeitszeit
62221;Vj. Index der Tarifverdienste und Arbeitszeiten;JAHR;Jahr;2017;DINSGF;Früheres Bundesgebiet / Neue Länder;DN;Neue Länder;WZ08C7;WZ2008 (ausgewählte Positionen): Tarifindex;WZ08-A-03;Gesamtwirtschaft;91,8;2020=100;VST066;Index d.tarifl. Monatsverdienste ohne Sonderzahl.
62221;Vj. Index der Tarifverdienste und Arbeitszeiten;JAHR;Jahr;2017;DINSGF;Früheres Bundesgebiet / Neue Länder;DN;Neue Länder;WZ08C7;WZ2008 (ausgewählte Positionen): Tarifindex;WZ08-A-03;Gesamtwirtschaft;100,1;2020=100;VST018;Index der tariflichen Wochenarbeitszeit
62221;Vj. Index der Tarifverdienste und Arbeitszeiten;JAHR;Jahr;2017;DINSGF;Früheres Bundesgebiet / Neue Länder;DN;Neue Länder;WZ08C7;WZ2008 (ausgewählte Positionen): Tarifindex;WZ08-A-03;Gesamtwirtschaft;91,8;2020=100;VST065;Index d.tarifl. Stundenverdienste ohne Sonderzahl.
62221;Vj. Index der Tarifverdienste und Arbeitszeiten;JAHR;Jahr;2017;DINSGF;Früheres Bundesgebiet / Neue Länder;DN;Neue Länder;WZ08C7;WZ2008 (ausgewählte Positionen): Tarifindex;WZ08-52-01;Lagerei und Kurierdienste;90,9;2020=100;VST072;Index d.tarifl. Stundenverdienste mit Sonderzahl.
62221;Vj. Index der Tarifverdienste und Arbeitszeiten;JAHR;Jahr;2017;DINSGF;Früheres Bundesgebiet / Neue Länder;DN;Neue Länder;WZ08C7;WZ2008 (ausgewählte Positionen): Tarifindex;WZ08-52-01;Lagerei und Kurierdienste;91,1;2020=100;VST073;Index d.tarifl. Monatsverdienste mit Sonderzahl.
62221;Vj. Index der Tarifverdienste und Arbeitszeiten;JAHR;Jahr;2017;DINSGF;Früheres Bundesgebiet / Neue Länder;DN;Neue Länder;WZ08C7;WZ2008 (ausgewählte Positionen): Tarifindex;WZ08-52-01;Lagerei und Kurierdienste;39,1;h;VST019;Durchschnittliche tarifliche Wochenarbeitszeit
62221;Vj. Index der Tarifverdienste und Arbeitszeiten;JAHR;Jahr;2017;DINSGF;Früheres Bundesgebiet / Neue Länder;DN;Neue Länder;WZ08C7;WZ2008 (ausgewählte Positionen): Tarifindex;WZ08-52-01;Lagerei und Kurierdienste;91,6;2020=100;VST066;Index d.tarifl. Monatsverdienste ohne Sonderzahl.
62221;Vj. Index der Tarifverdienste und Arbeitszeiten;JAHR;Jahr;2017;DINSGF;Früheres Bundesgebiet / Neue Länder;DN;Neue Länder;WZ08C7;WZ2008 (ausgewählte Positionen): Tarifindex;WZ08-52-01;Lagerei und Kurierdienste;100,1;2020=100;VST018;Index der tariflichen Wochenarbeitszeit
62221;Vj. Index der Tarifverdienste und Arbeitszeiten;JAHR;Jahr;2017;DINSGF;Früheres Bundesgebiet / Neue Länder;DN;Neue Länder;WZ08C7;WZ2008 (ausgewählte Positionen): Tarifindex;WZ08-52-01;Lagerei und Kurierdienste;91,4;2020=100;VST065;Index d.tarifl. Stundenverdienste ohne Sonderzahl.
62221;Vj. Index der Tarifverdienste und Arbeitszeiten;JAHR;Jahr;2018;DINSGF;Früheres Bundesgebiet / Neue Länder;DN;Neue Länder;WZ08C7;WZ2008 (ausgewählte Positionen): Tarifindex;WZ08-25;Herstellung von Metallerzeugnissen;96,5;2020=100;VST072;Index d.tarifl. Stundenverdienste mit Sonderzahl.
62221;Vj. Index der Tarifverdienste und Arbeitszeiten;JAHR;Jahr;2018;DINSGF;Früheres Bundesgebiet / Neue Länder;DN;Neue Länder;WZ08C7;WZ2008 (ausgewählte Positionen): Tarifindex;WZ08-25;Herstellung von Metallerzeugnissen;96,5;2020=100;VST073;Index d.tarifl. Monatsverdienste mit Sonderzahl.
62221;Vj. Index der Tarifverdienste und Arbeitszeiten;JAHR;Jahr;2018;DINSGF;Früheres Bundesgebiet / Neue Länder;DN;Neue Länder;WZ08C7;WZ2008 (ausgewählte Positionen): Tarifindex;WZ08-25;Herstellung von Metallerzeugnissen;37,6;h;VST019;Durchschnittliche tarifliche Wochenarbeitszeit
62221;Vj. Index der Tarifverdienste und Arbeitszeiten;JAHR;Jahr;2018;DINSGF;Früheres Bundesgebiet / Neue Länder;DN;Neue Länder;WZ08C7;WZ2008 (ausgewählte Positionen): Tarifindex;WZ08-25;Herstellung von Metallerzeugnissen;99,0;2020=100;VST066;Index d.tarifl. Monatsverdienste ohne Sonderzahl.
62221;Vj. Index der Tarifverdienste und Arbeitszeiten;JAHR;Jahr;2018;DINSGF;Früheres Bundesgebiet / Neue Länder;DN;Neue Länder;WZ08C7;WZ2008 (ausgewählte Positionen): Tarifindex;WZ08-25;Herstellung von Metallerzeugnissen;100,0;2020=100;VST018;Index der tariflichen Wochenarbeitszeit
62221;Vj. Index der Tarifverdienste und Arbeitszeiten;JAHR;Jahr;2018;DINSGF;Früheres Bundesgebiet / Neue Länder;DN;Neue Länder;WZ08C7;WZ2008 (ausgewählte Positionen): Tarifindex;WZ08-25;Herstellung von Metallerzeugnissen;99,0;2020=100;VST065;Index d.tarifl. Stundenverdienste ohne Sonderzahl.
62221;Vj. Index der Tarifverdienste und Arbeitszeiten;JAHR;Jahr;2023;DINSGF;Früheres Bundesgebiet / Neue Länder;DN;Neue Länder;WZ08C7;WZ2008 (ausgewählte Positionen): Tarifindex;WZ08-71;Architektur-,Ing.büros,techn.,physik.Untersuchung;106,9;2020=100;VST072;Index d.tarifl. Stundenverdienste mit Sonderzahl.
62221;Vj. Index der Tarifverdienste und Arbeitszeiten;JAHR;Jahr;2023;DINSGF;Früheres Bundesgebiet / Neue Länder;DN;Neue Länder;WZ08C7;WZ2008 (ausgewählte Positionen): Tarifindex;WZ08-71;Architektur-,Ing.büros,techn.,physik.Untersuchung;106,7;2020=100;VST073;Index d.tarifl. Monatsverdienste mit Sonderzahl.
62221;Vj. Index der Tarifverdienste und Arbeitszeiten;JAHR;Jahr;2023;DINSGF;Früheres Bundesgebiet / Neue Länder;DN;Neue Länder;WZ08C7;WZ2008 (ausgewählte Positionen): Tarifindex;WZ08-71;Architektur-,Ing.büros,techn.,physik.Untersuchung;38,0;h;VST019;Durchschnittliche tarifliche Wochenarbeitszeit
62221;Vj. Index der Tarifverdienste und Arbeitszeiten;JAHR;Jahr;2023;DINSGF;Früheres Bundesgebiet / Neue Länder;DN;Neue Länder;WZ08C7;WZ2008 (ausgewählte Positionen): Tarifindex;WZ08-71;Architektur-,Ing.büros,techn.,physik.Untersuchung;105,2;2020=100;VST066;Index d.tarifl. Monatsverdienste ohne Sonderzahl.
62221;Vj. Index der Tarifverdienste und Arbeitszeiten;JAHR;Jahr;2023;DINSGF;Früheres Bundesgebiet / Neue Länder;DN;Neue Länder;WZ08C7;WZ2008 (ausgewählte Positionen): Tarifindex;WZ08-71;Architektur-,Ing.büros,techn.,physik.Untersuchung;99,8;2020=100;VST018;Index der tariflichen Wochenarbeitszeit
62221;Vj. Index der Tarifverdienste und Arbeitszeiten;JAHR;Jahr;2023;DINSGF;Früheres Bundesgebiet / Neue Länder;DN;Neue Länder;WZ08C7;WZ2008 (ausgewählte Positionen): Tarifindex;WZ08-71;Architektur-,Ing.büros,techn.,physik.Untersuchung;105,4;2020=100;VST065;Index d.tarifl. Stundenverdienste ohne Sonderzahl.
62221;Vj. Index der Tarifverdienste und Arbeitszeiten;JAHR;Jahr;2016;DINSGF;Früheres Bundesgebiet / Neue Länder;DF;Früheres Bundesgebiet;WZ08C7;WZ2008 (ausgewählte Positionen): Tarifindex;WZ08-20-01;Chemische Industrie;90,6;2020=100;VST072;Index d.tarifl. Stundenverdienste mit Sonderzahl.
62221;Vj. Index der Tarifverdienste und Arbeitszeiten;JAHR;Jahr;2016;DINSGF;Früheres Bundesgebiet / Neue Länder;DF;Früheres Bundesgebiet;WZ08C7;WZ2008 (ausgewählte Positionen): Tarifindex;WZ08-20-01;Chemische Industrie;90,6;2020=100;VST073;Index d.tarifl. Monatsverdienste mit Sonderzahl.
62221;Vj. Index der Tarifverdienste und Arbeitszeiten;JAHR;Jahr;2016;DINSGF;Früheres Bundesgebiet / Neue Länder;DF;Früheres Bundesgebiet;WZ08C7;WZ2008 (ausgewählte Positionen): Tarifindex;WZ08-20-01;Chemische Industrie;37,5;h;VST019;Durchschnittliche tarifliche Wochenarbeitszeit
62221;Vj. Index der Tarifverdienste und Arbeitszeiten;JAHR;Jahr;2016;DINSGF;Früheres Bundesgebiet / Neue Länder;DF;Früheres Bundesgebiet;WZ08C7;WZ2008 (ausgewählte Positionen): Tarifindex;WZ08-20-01;Chemische Industrie;92,1;2020=100;VST066;Index d.tarifl. Monatsverdienste ohne Sonderzahl.
62221;Vj. Index der Tarifverdienste und Arbeitszeiten;JAHR;Jahr;2016;DINSGF;Früheres Bundesgebiet / Neue Länder;DF;Früheres Bundesgebiet;WZ08C7;WZ2008 (ausgewählte Positionen): Tarifindex;WZ08-20-01;Chemische Industrie;100,0;2020=100;VST018;Index der tariflichen Wochenarbeitszeit
62221;Vj. Index der Tarifverdienste und Arbeitszeiten;JAHR;Jahr;2016;DINSGF;Früheres Bundesgebiet / Neue Länder;DF;Früheres Bundesgebiet;WZ08C7;WZ2008 (ausgewählte Positionen): Tarifindex;WZ08-20-01;Chemische Industrie;92,1;2020=100;VST065;Index d.tarifl. Stundenverdienste ohne Sonderzahl.
62221;Vj. Index der Tarifverdienste und Arbeitszeiten;JAHR;Jahr;2016;DINSGF;Früheres Bundesgebiet / Neue Länder;DN;Neue Länder;WZ08C7;WZ2008 (ausgewählte Positionen): Tarifindex;WZ08-13;Herstellung von Textilien;89,8;2020=100;VST072;Index d.tarifl. Stundenverdienste mit Sonderzahl.
62221;Vj. Index der Tarifverdienste und Arbeitszeiten;JAHR;Jahr;2016;DINSGF;Früheres Bundesgebiet / Neue Länder;DN;Neue Länder;WZ08C7;WZ2008 (ausgewählte Positionen): Tarifindex;WZ08-13;Herstellung von Textilien;90,9;2020=100;VST073;Index d.tarifl. Monatsverdienste mit Sonderzahl.
62221;Vj. Index der Tarifverdienste und Arbeitszeiten;JAHR;Jahr;2016;DINSGF;Früheres Bundesgebiet / Neue Länder;DN;Neue Länder;WZ08C7;WZ2008 (ausgewählte Positionen): Tarifindex;WZ08-13;Herstellung von Textilien;39,8;h;VST019;Durchschnittliche tarifliche Wochenarbeitszeit
62221;Vj. Index der Tarifverdienste und Arbeitszeiten;JAHR;Jahr;2016;DINSGF;Früheres Bundesgebiet / Neue Länder;DN;Neue Länder;WZ08C7;WZ2008 (ausgewählte Positionen): Tarifindex;WZ08-13;Herstellung von Textilien;91,2;2020=100;VST066;Index d.tarifl. Monatsverdienste ohne Sonderzahl.
62221;Vj. Index der Tarifverdienste und Arbeitszeiten;JAHR;Jahr;2016;DINSGF;Früheres Bundesgebiet / Neue Länder;DN;Neue Länder;WZ08C7;WZ2008 (ausgewählte Positionen): Tarifindex;WZ08-13;Herstellung von Textilien;101,2;2020=100;VST018;Index der tariflichen Wochenarbeitszeit
62221;Vj. Index der Tarifverdienste und Arbeitszeiten;JAHR;Jahr;2016;DINSGF;Früheres Bundesgebiet / Neue Länder;DN;Neue Länder;WZ08C7;WZ2008 (ausgewählte Positionen): Tarifindex;WZ08-13;Herstellung von Textilien;90,0;2020=100;VST065;Index d.tarifl. Stundenverdienste ohne Sonderzahl.
62221;Vj. Index der Tarifverdienste und Arbeitszeiten;JAHR;Jahr;2021;DINSGF;Früheres Bundesgebiet / Neue Länder;DN;Neue Länder;WZ08C7;WZ2008 (ausgewählte Positionen): Tarifindex;WZ08-O;Öff. Verwaltung, Verteidigung, Sozialversicherung;100,9;2020=100;VST072;Index d.tarifl. Stundenverdienste mit Sonderzahl.
62221;Vj. Index der Tarifverdienste und Arbeitszeiten;JAHR;Jahr;2021;DINSGF;Früheres Bundesgebiet / Neue Länder;DN;Neue Länder;WZ08C7;WZ2008 (ausgewählte Positionen): Tarifindex;WZ08-O;Öff. Verwaltung, Verteidigung, Sozialversicherung;100,9;2020=100;VST073;Index d.tarifl. Monatsverdienste mit Sonderzahl.
62221;Vj. Index der Tarifverdienste und Arbeitszeiten;JAHR;Jahr;2021;DINSGF;Früheres Bundesgebiet / Neue Länder;DN;Neue Länder;WZ08C7;WZ2008 (ausgewählte Positionen): Tarifindex;WZ08-O;Öff. Verwaltung, Verteidigung, Sozialversicherung;39,8;h;VST019;Durchschnittliche tarifliche Wochenarbeitszeit
62221;Vj. Index der Tarifverdienste und Arbeitszeiten;JAHR;Jahr;2021;DINSGF;Früheres Bundesgebiet / Neue Länder;DN;Neue Länder;WZ08C7;WZ2008 (ausgewählte Positionen): Tarifindex;WZ08-O;Öff. Verwaltung, Verteidigung, Sozialversicherung;101,2;2020=100;VST066;Index d.tarifl. Monatsverdienste ohne Sonderzahl.
62221;Vj. Index der Tarifverdienste und Arbeitszeiten;JAHR;Jahr;2021;DINSGF;Früheres Bundesgebiet / Neue Länder;DN;Neue Länder;WZ08C7;WZ2008 (ausgewählte Positionen): Tarifindex;WZ08-O;Öff. Verwaltung, Verteidigung, Sozialversicherung;100,0;2020=100;VST018;Index der tariflichen Wochenarbeitszeit
62221;Vj. Index der Tarifverdienste und Arbeitszeiten;JAHR;Jahr;2021;DINSGF;Früheres Bundesgebiet / Neue Länder;DN;Neue Länder;WZ08C7;WZ2008 (ausgewählte Positionen): Tarifindex;WZ08-O;Öff. Verwaltung, Verteidigung, Sozialversicherung;101,2;2020=100;VST065;Index d.tarifl. Stundenverdienste ohne Sonderzahl.
62221;Vj. Index der Tarifverdienste und Arbeitszeiten;JAHR;Jahr;2021;DINSGF;Früheres Bundesgebiet / Neue Länder;DF;Früheres Bundesgebiet;WZ08C7;WZ2008 (ausgewählte Positionen): Tarifindex;WZ08-92;Spiel-, Wett- und Lotteriewesen;101,4;2020=100;VST072;Index d.tarifl. Stundenverdienste mit Sonderzahl.
62221;Vj. Index der Tarifverdienste und Arbeitszeiten;JAHR;Jahr;2021;DINSGF;Früheres Bundesgebiet / Neue Länder;DF;Früheres Bundesgebiet;WZ08C7;WZ2008 (ausgewählte Positionen): Tarifindex;WZ08-92;Spiel-, Wett- und Lotteriewesen;101,4;2020=100;VST073;Index d.tarifl. Monatsverdienste mit Sonderzahl.
62221;Vj. Index der Tarifverdienste und Arbeitszeiten;JAHR;Jahr;2021;DINSGF;Früheres Bundesgebiet / Neue Länder;DF;Früheres Bundesgebiet;WZ08C7;WZ2008 (ausgewählte Positionen): Tarifindex;WZ08-92;Spiel-, Wett- und Lotteriewesen;38,3;h;VST019;Durchschnittliche tarifliche Wochenarbeitszeit
62221;Vj. Index der Tarifverdienste und Arbeitszeiten;JAHR;Jahr;2021;DINSGF;Früheres Bundesgebiet / Neue Länder;DF;Früheres Bundesgebiet;WZ08C7;WZ2008 (ausgewählte Positionen): Tarifindex;WZ08-92;Spiel-, Wett- und Lotteriewesen;101,5;2020=100;VST066;Index d.tarifl. Monatsverdienste ohne Sonderzahl.
62221;Vj. Index der Tarifverdienste und Arbeitszeiten;JAHR;Jahr;2021;DINSGF;Früheres Bundesgebiet / Neue Länder;DF;Früheres Bundesgebiet;WZ08C7;WZ2008 (ausgewählte Positionen): Tarifindex;WZ08-92;Spiel-, Wett- und Lotteriewesen;100,0;2020=100;VST018;Index der tariflichen Wochenarbeitszeit
62221;Vj. Index der Tarifverdienste und Arbeitszeiten;JAHR;Jahr;2021;DINSGF;Früheres Bundesgebiet / Neue Länder;DF;Früheres Bundesgebiet;WZ08C7;WZ2008 (ausgewählte Positionen): Tarifindex;WZ08-92;Spiel-, Wett- und Lotteriewesen;101,5;2020=100;VST065;Index d.tarifl. Stundenverdienste ohne Sonderzahl.
62221;Vj. Index der Tarifverdienste und Arbeitszeiten;JAHR;Jahr;2017;DINSGF;Früheres Bundesgebiet / Neue Länder;DF;Früheres Bundesgebiet;WZ08C7;WZ2008 (ausgewählte Positionen): Tarifindex;WZ08-G;Handel, Instandhaltung und Reparatur von Kfz;93,1;2020=100;VST072;Index d.tarifl. Stundenverdienste mit Sonderzahl.
62221;Vj. Index der Tarifverdienste und Arbeitszeiten;JAHR;Jahr;2017;DINSGF;Früheres Bundesgebiet / Neue Länder;DF;Früheres Bundesgebiet;WZ08C7;WZ2008 (ausgewählte Positionen): Tarifindex;WZ08-G;Handel, Instandhaltung und Reparatur von Kfz;93,1;2020=100;VST073;Index d.tarifl. Monatsverdienste mit Sonderzahl.
62221;Vj. Index der Tarifverdienste und Arbeitszeiten;JAHR;Jahr;2017;DINSGF;Früheres Bundesgebiet / Neue Länder;DF;Früheres Bundesgebiet;WZ08C7;WZ2008 (ausgewählte Positionen): Tarifindex;WZ08-G;Handel, Instandhaltung und Reparatur von Kfz;37,7;h;VST019;Durchschnittliche tarifliche Wochenarbeitszeit
62221;Vj. Index der Tarifverdienste und Arbeitszeiten;JAHR;Jahr;2017;DINSGF;Früheres Bundesgebiet / Neue Länder;DF;Früheres Bundesgebiet;WZ08C7;WZ2008 (ausgewählte Positionen): Tarifindex;WZ08-G;Handel, Instandhaltung und Reparatur von Kfz;93,2;2020=100;VST066;Index d.tarifl. Monatsverdienste ohne Sonderzahl.
62221;Vj. Index der Tarifverdienste und Arbeitszeiten;JAHR;Jahr;2017;DINSGF;Früheres Bundesgebiet / Neue Länder;DF;Früheres Bundesgebiet;WZ08C7;WZ2008 (ausgewählte Positionen): Tarifindex;WZ08-G;Handel, Instandhaltung und Reparatur von Kfz;100,0;2020=100;VST018;Index der tariflichen Wochenarbeitszeit
62221;Vj. Index der Tarifverdienste und Arbeitszeiten;JAHR;Jahr;2017;DINSGF;Früheres Bundesgebiet / Neue Länder;DF;Früheres Bundesgebiet;WZ08C7;WZ2008 (ausgewählte Positionen): Tarifindex;WZ08-G;Handel, Instandhaltung und Reparatur von Kfz;93,2;2020=100;VST065;Index d.tarifl. Stundenverdienste ohne Sonderzahl.
62221;Vj. Index der Tarifverdienste und Arbeitszeiten;JAHR;Jahr;2017;DINSGF;Früheres Bundesgebiet / Neue Länder;DF;Früheres Bundesgebiet;WZ08C7;WZ2008 (ausgewählte Positionen): Tarifindex;WZ08-S;Erbringung von sonstigen Dienstleistungen;91,8;2020=100;VST072;Index d.tarifl. Stundenverdienste mit Sonderzahl.
62221;Vj. Index der Tarifverdienste und Arbeitszeiten;JAHR;Jahr;2017;DINSGF;Früheres Bundesgebiet / Neue Länder;DF;Früheres Bundesgebiet;WZ08C7;WZ2008 (ausgewählte Positionen): Tarifindex;WZ08-S;Erbringung von sonstigen Dienstleistungen;91,9;2020=100;VST073;Index d.tarifl. Monatsverdienste mit Sonderzahl.
62221;Vj. Index der Tarifverdienste und Arbeitszeiten;JAHR;Jahr;2017;DINSGF;Früheres Bundesgebiet / Neue Länder;DF;Früheres Bundesgebiet;WZ08C7;WZ2008 (ausgewählte Positionen): Tarifindex;WZ08-S;Erbringung von sonstigen Dienstleistungen;39,0;h;VST019;Durchschnittliche tarifliche Wochenarbeitszeit
62221;Vj. Index der Tarifverdienste und Arbeitszeiten;JAHR;Jahr;2017;DINSGF;Früheres Bundesgebiet / Neue Länder;DF;Früheres Bundesgebiet;WZ08C7;WZ2008 (ausgewählte Positionen): Tarifindex;WZ08-S;Erbringung von sonstigen Dienstleistungen;92,1;2020=100;VST066;Index d.tarifl. Monatsverdienste ohne Sonderzahl.
62221;Vj. Index der Tarifverdienste und Arbeitszeiten;JAHR;Jahr;2017;DINSGF;Früheres Bundesgebiet / Neue Länder;DF;Früheres Bundesgebiet;WZ08C7;WZ2008 (ausgewählte Positionen): Tarifindex;WZ08-S;Erbringung von sonstigen Dienstleistungen;100,0;2020=100;VST018;Index der tariflichen Wochenarbeitszeit
62221;Vj. Index der Tarifverdienste und Arbeitszeiten;JAHR;Jahr;2017;DINSGF;Früheres Bundesgebiet / Neue Länder;DF;Früheres Bundesgebiet;WZ08C7;WZ2008 (ausgewählte Positionen): Tarifindex;WZ08-S;Erbringung von sonstigen Dienstleistungen;92,0;2020=100;VST065;Index d.tarifl. Stundenverdienste ohne Sonderzahl.
62221;Vj. Index der Tarifverdienste und Arbeitszeiten;JAHR;Jahr;2021;DINSGF;Früheres Bundesgebiet / Neue Länder;DN;Neue Länder;WZ08C7;WZ2008 (ausgewählte Positionen): Tarifindex;WZ08-65;Versicherungen, Rückversicherungen, Pensionskassen;101,8;2020=100;VST072;Index d.tarifl. Stundenverdienste mit Sonderzahl.
62221;Vj. Index der Tarifverdienste und Arbeitszeiten;JAHR;Jahr;2021;DINSGF;Früheres Bundesgebiet / Neue Länder;DN;Neue Länder;WZ08C7;WZ2008 (ausgewählte Positionen): Tarifindex;WZ08-65;Versicherungen, Rückversicherungen, Pensionskassen;101,8;2020=100;VST073;Index d.tarifl. Monatsverdienste mit Sonderzahl.
62221;Vj. Index der Tarifverdienste und Arbeitszeiten;JAHR;Jahr;2021;DINSGF;Früheres Bundesgebiet / Neue Länder;DN;Neue Länder;WZ08C7;WZ2008 (ausgewählte Positionen): Tarifindex;WZ08-65;Versicherungen, Rückversicherungen, Pensionskassen;38,4;h;VST019;Durchschnittliche tarifliche Wochenarbeitszeit
62221;Vj. Index der Tarifverdienste und Arbeitszeiten;JAHR;Jahr;2021;DINSGF;Früheres Bundesgebiet / Neue Länder;DN;Neue Länder;WZ08C7;WZ2008 (ausgewählte Positionen): Tarifindex;WZ08-65;Versicherungen, Rückversicherungen, Pensionskassen;101,9;2020=100;VST066;Index d.tarifl. Monatsverdienste ohne Sonderzahl.
62221;Vj. Index der Tarifverdienste und Arbeitszeiten;JAHR;Jahr;2021;DINSGF;Früheres Bundesgebiet / Neue Länder;DN;Neue Länder;WZ08C7;WZ2008 (ausgewählte Positionen): Tarifindex;WZ08-65;Versicherungen, Rückversicherungen, Pensionskassen;100,0;2020=100;VST018;Index der tariflichen Wochenarbeitszeit
62221;Vj. Index der Tarifverdienste und Arbeitszeiten;JAHR;Jahr;2021;DINSGF;Früheres Bundesgebiet / Neue Länder;DN;Neue Länder;WZ08C7;WZ2008 (ausgewählte Positionen): Tarifindex;WZ08-65;Versicherungen, Rückversicherungen, Pensionskassen;101,9;2020=100;VST065;Index d.tarifl. Stundenverdienste ohne Sonderzahl.
62221;Vj. Index der Tarifverdienste und Arbeitszeiten;JAHR;Jahr;2016;DINSGF;Früheres Bundesgebiet / Neue Länder;DN;Neue Länder;WZ08C7;WZ2008 (ausgewählte Positionen): Tarifindex;WZ08-19;Kokerei und Mineralölverarbeitung;89,0;2020=100;VST072;Index d.tarifl. Stundenverdienste mit Sonderzahl.
62221;Vj. Index der Tarifverdienste und Arbeitszeiten;JAHR;Jahr;2016;DINSGF;Früheres Bundesgebiet / Neue Länder;DN;Neue Länder;WZ08C7;WZ2008 (ausgewählte Positionen): Tarifindex;WZ08-19;Kokerei und Mineralölverarbeitung;90,1;2020=100;VST073;Index d.tarifl. Monatsverdienste mit Sonderzahl.
62221;Vj. Index der Tarifverdienste und Arbeitszeiten;JAHR;Jahr;2016;DINSGF;Früheres Bundesgebiet / Neue Länder;DN;Neue Länder;WZ08C7;WZ2008 (ausgewählte Positionen): Tarifindex;WZ08-19;Kokerei und Mineralölverarbeitung;40,0;h;VST019;Durchschnittliche tarifliche Wochenarbeitszeit
62221;Vj. Index der Tarifverdienste und Arbeitszeiten;JAHR;Jahr;2016;DINSGF;Früheres Bundesgebiet / Neue Länder;DN;Neue Länder;WZ08C7;WZ2008 (ausgewählte Positionen): Tarifindex;WZ08-19;Kokerei und Mineralölverarbeitung;91,6;2020=100;VST066;Index d.tarifl. Monatsverdienste ohne Sonderzahl.
62221;Vj. Index der Tarifverdienste und Arbeitszeiten;JAHR;Jahr;2016;DINSGF;Früheres Bundesgebiet / Neue Länder;DN;Neue Länder;WZ08C7;WZ2008 (ausgewählte Positionen): Tarifindex;WZ08-19;Kokerei und Mineralölverarbeitung;101,2;2020=100;VST018;Index der tariflichen Wochenarbeitszeit
62221;Vj. Index der Tarifverdienste und Arbeitszeiten;JAHR;Jahr;2016;DINSGF;Früheres Bundesgebiet / Neue Länder;DN;Neue Länder;WZ08C7;WZ2008 (ausgewählte Positionen): Tarifindex;WZ08-19;Kokerei und Mineralölverarbeitung;90,5;2020=100;VST065;Index d.tarifl. Stundenverdienste ohne Sonderzahl.
62221;Vj. Index der Tarifverdienste und Arbeitszeiten;JAHR;Jahr;2016;DINSGF;Früheres Bundesgebiet / Neue Länder;DN;Neue Länder;WZ08C7;WZ2008 (ausgewählte Positionen): Tarifindex;WZ08-B-08;Produzierendes Gewerbe und Dienstleistungsbereich;89,4;2020=100;VST072;Index d.tarifl. Stundenverdienste mit Sonderzahl.
62221;Vj. Index der Tarifverdienste und Arbeitszeiten;JAHR;Jahr;2016;DINSGF;Früheres Bundesgebiet / Neue Länder;DN;Neue Länder;WZ08C7;WZ2008 (ausgewählte Positionen): Tarifindex;WZ08-B-08;Produzierendes Gewerbe und Dienstleistungsbereich;89,5;2020=100;VST073;Index d.tarifl. Monatsverdienste mit Sonderzahl.
62221;Vj. Index der Tarifverdienste und Arbeitszeiten;JAHR;Jahr;2016;DINSGF;Früheres Bundesgebiet / Neue Länder;DN;Neue Länder;WZ08C7;WZ2008 (ausgewählte Positionen): Tarifindex;WZ08-B-08;Produzierendes Gewerbe und Dienstleistungsbereich;39,0;h;VST019;Durchschnittliche tarifliche Wochenarbeitszeit
62221;Vj. Index der Tarifverdienste und Arbeitszeiten;JAHR;Jahr;2016;DINSGF;Früheres Bundesgebiet / Neue Länder;DN;Neue Länder;WZ08C7;WZ2008 (ausgewählte Positionen): Tarifindex;WZ08-B-08;Produzierendes Gewerbe und Dienstleistungsbereich;89,3;2020=100;VST066;Index d.tarifl. Monatsverdienste ohne Sonderzahl.
62221;Vj. Index der Tarifverdienste und Arbeitszeiten;JAHR;Jahr;2016;DINSGF;Früheres Bundesgebiet / Neue Länder;DN;Neue Länder;WZ08C7;WZ2008 (ausgewählte Positionen): Tarifindex;WZ08-B-08;Produzierendes Gewerbe und Dienstleistungsbereich;100,1;2020=100;VST018;Index der tariflichen Wochenarbeitszeit
62221;Vj. Index der Tarifverdienste und Arbeitszeiten;JAHR;Jahr;2016;DINSGF;Früheres Bundesgebiet / Neue Länder;DN;Neue Länder;WZ08C7;WZ2008 (ausgewählte Positionen): Tarifindex;WZ08-B-08;Produzierendes Gewerbe und Dienstleistungsbereich;89,3;2020=100;VST065;Index d.tarifl. Stundenverdienste ohne Sonderzahl.
62221;Vj. Index der Tarifverdienste und Arbeitszeiten;JAHR;Jahr;2024;DINSGF;Früheres Bundesgebiet / Neue Länder;DF;Früheres Bundesgebiet;WZ08C7;WZ2008 (ausgewählte Positionen): Tarifindex;WZ08-B-12;Prod. Gewerbe, Handel, Verkehr und Lagerei;113,2;2020=100;VST072;Index d.tarifl. Stundenverdienste mit Sonderzahl.
62221;Vj. Index der Tarifverdienste und Arbeitszeiten;JAHR;Jahr;2024;DINSGF;Früheres Bundesgebiet / Neue Länder;DF;Früheres Bundesgebiet;WZ08C7;WZ2008 (ausgewählte Positionen): Tarifindex;WZ08-B-12;Prod. Gewerbe, Handel, Verkehr und Lagerei;113,1;2020=100;VST073;Index d.tarifl. Monatsverdienste mit Sonderzahl.
62221;Vj. Index der Tarifverdienste und Arbeitszeiten;JAHR;Jahr;2024;DINSGF;Früheres Bundesgebiet / Neue Länder;DF;Früheres Bundesgebiet;WZ08C7;WZ2008 (ausgewählte Positionen): Tarifindex;WZ08-B-12;Prod. Gewerbe, Handel, Verkehr und Lagerei;37,1;h;VST019;Durchschnittliche tarifliche Wochenarbeitszeit
62221;Vj. Index der Tarifverdienste und Arbeitszeiten;JAHR;Jahr;2024;DINSGF;Früheres Bundesgebiet / Neue Länder;DF;Früheres Bundesgebiet;WZ08C7;WZ2008 (ausgewählte Positionen): Tarifindex;WZ08-B-12;Prod. Gewerbe, Handel, Verkehr und Lagerei;109,7;2020=100;VST066;Index d.tarifl. Monatsverdienste ohne Sonderzahl.
62221;Vj. Index der Tarifverdienste und Arbeitszeiten;JAHR;Jahr;2024;DINSGF;Früheres Bundesgebiet / Neue Länder;DF;Früheres Bundesgebiet;WZ08C7;WZ2008 (ausgewählte Positionen): Tarifindex;WZ08-B-12;Prod. Gewerbe, Handel, Verkehr und Lagerei;100,0;2020=100;VST018;Index der tariflichen Wochenarbeitszeit
62221;Vj. Index der Tarifverdienste und Arbeitszeiten;JAHR;Jahr;2024;DINSGF;Früheres Bundesgebiet / Neue Länder;DF;Früheres Bundesgebiet;WZ08C7;WZ2008 (ausgewählte Positionen): Tarifindex;WZ08-B-12;Prod. Gewerbe, Handel, Verkehr und Lagerei;109,7;2020=100;VST065;Index d.tarifl. Stundenverdienste ohne Sonderzahl.
62221;Vj. Index der Tarifverdienste und Arbeitszeiten;JAHR;Jahr;2018;DINSGF;Früheres Bundesgebiet / Neue Länder;DN;Neue Länder;WZ08C7;WZ2008 (ausgewählte Positionen): Tarifindex;WZ08-29-01;Fahrzeugbau;96,3;2020=100;VST072;Index d.tarifl. Stundenverdienste mit Sonderzahl.
62221;Vj. Index der Tarifverdienste und Arbeitszeiten;JAHR;Jahr;2018;DINSGF;Früheres Bundesgebiet / Neue Länder;DN;Neue Länder;WZ08C7;WZ2008 (ausgewählte Positionen): Tarifindex;WZ08-29-01;Fahrzeugbau;96,4;2020=100;VST073;Index d.tarifl. Monatsverdienste mit Sonderzahl.
62221;Vj. Index der Tarifverdienste und Arbeitszeiten;JAHR;Jahr;2018;DINSGF;Früheres Bundesgebiet / Neue Länder;DN;Neue Länder;WZ08C7;WZ2008 (ausgewählte Positionen): Tarifindex;WZ08-29-01;Fahrzeugbau;37,7;h;VST019;Durchschnittliche tarifliche Wochenarbeitszeit
62221;Vj. Index der Tarifverdienste und Arbeitszeiten;JAHR;Jahr;2018;DINSGF;Früheres Bundesgebiet / Neue Länder;DN;Neue Länder;WZ08C7;WZ2008 (ausgewählte Positionen): Tarifindex;WZ08-29-01;Fahrzeugbau;98,6;2020=100;VST066;Index d.tarifl. Monatsverdienste ohne Sonderzahl.
62221;Vj. Index der Tarifverdienste und Arbeitszeiten;JAHR;Jahr;2018;DINSGF;Früheres Bundesgebiet / Neue Länder;DN;Neue Länder;WZ08C7;WZ2008 (ausgewählte Positionen): Tarifindex;WZ08-29-01;Fahrzeugbau;100,1;2020=100;VST018;Index der tariflichen Wochenarbeitszeit
62221;Vj. Index der Tarifverdienste und Arbeitszeiten;JAHR;Jahr;2018;DINSGF;Früheres Bundesgebiet / Neue Länder;DN;Neue Länder;WZ08C7;WZ2008 (ausgewählte Positionen): Tarifindex;WZ08-29-01;Fahrzeugbau;98,6;2020=100;VST065;Index d.tarifl. Stundenverdienste ohne Sonderzahl.
62221;Vj. Index der Tarifverdienste und Arbeitszeiten;JAHR;Jahr;2019;DINSGF;Früheres Bundesgebiet / Neue Länder;DN;Neue Länder;WZ08C7;WZ2008 (ausgewählte Positionen): Tarifindex;WZ08-G-03;Wirtschaftliche Dienstleistungen;97,5;2020=100;VST072;Index d.tarifl. Stundenverdienste mit Sonderzahl.
62221;Vj. Index der Tarifverdienste und Arbeitszeiten;JAHR;Jahr;2019;DINSGF;Früheres Bundesgebiet / Neue Länder;DN;Neue Länder;WZ08C7;WZ2008 (ausgewählte Positionen): Tarifindex;WZ08-G-03;Wirtschaftliche Dienstleistungen;97,4;2020=100;VST073;Index d.tarifl. Monatsverdienste mit Sonderzahl.
62221;Vj. Index der Tarifverdienste und Arbeitszeiten;JAHR;Jahr;2019;DINSGF;Früheres Bundesgebiet / Neue Länder;DN;Neue Länder;WZ08C7;WZ2008 (ausgewählte Positionen): Tarifindex;WZ08-G-03;Wirtschaftliche Dienstleistungen;38,0;h;VST019;Durchschnittliche tarifliche Wochenarbeitszeit
62221;Vj. Index der Tarifverdienste und Arbeitszeiten;JAHR;Jahr;2019;DINSGF;Früheres Bundesgebiet / Neue Länder;DN;Neue Länder;WZ08C7;WZ2008 (ausgewählte Positionen): Tarifindex;WZ08-G-03;Wirtschaftliche Dienstleistungen;97,5;2020=100;VST066;Index d.tarifl. Monatsverdienste ohne Sonderzahl.
62221;Vj. Index der Tarifverdienste und Arbeitszeiten;JAHR;Jahr;2019;DINSGF;Früheres Bundesgebiet / Neue Länder;DN;Neue Länder;WZ08C7;WZ2008 (ausgewählte Positionen): Tarifindex;WZ08-G-03;Wirtschaftliche Dienstleistungen;100,0;2020=100;VST018;Index der tariflichen Wochenarbeitszeit
62221;Vj. Index der Tarifverdienste und Arbeitszeiten;JAHR;Jahr;2019;DINSGF;Früheres Bundesgebiet / Neue Länder;DN;Neue Länder;WZ08C7;WZ2008 (ausgewählte Positionen): Tarifindex;WZ08-G-03;Wirtschaftliche Dienstleistungen;97,5;2020=100;VST065;Index d.tarifl. Stundenverdienste ohne Sonderzahl.
62221;Vj. Index der Tarifverdienste und Arbeitszeiten;JAHR;Jahr;2023;DINSGF;Früheres Bundesgebiet / Neue Länder;DN;Neue Länder;WZ08C7;WZ2008 (ausgewählte Positionen): Tarifindex;WZ08-77;Vermietung von beweglichen Sachen;111,0;2020=100;VST072;Index d.tarifl. Stundenverdienste mit Sonderzahl.
62221;Vj. Index der Tarifverdienste und Arbeitszeiten;JAHR;Jahr;2023;DINSGF;Früheres Bundesgebiet / Neue Länder;DN;Neue Länder;WZ08C7;WZ2008 (ausgewählte Positionen): Tarifindex;WZ08-77;Vermietung von beweglichen Sachen;110,9;2020=100;VST073;Index d.tarifl. Monatsverdienste mit Sonderzahl.
62221;Vj. Index der Tarifverdienste und Arbeitszeiten;JAHR;Jahr;2023;DINSGF;Früheres Bundesgebiet / Neue Länder;DN;Neue Länder;WZ08C7;WZ2008 (ausgewählte Positionen): Tarifindex;WZ08-77;Vermietung von beweglichen Sachen;39,7;h;VST019;Durchschnittliche tarifliche Wochenarbeitszeit
62221;Vj. Index der Tarifverdienste und Arbeitszeiten;JAHR;Jahr;2023;DINSGF;Früheres Bundesgebiet / Neue Länder;DN;Neue Länder;WZ08C7;WZ2008 (ausgewählte Positionen): Tarifindex;WZ08-77;Vermietung von beweglichen Sachen;108,0;2020=100;VST066;Index d.tarifl. Monatsverdienste ohne Sonderzahl.
62221;Vj. Index der Tarifverdienste und Arbeitszeiten;JAHR;Jahr;2023;DINSGF;Früheres Bundesgebiet / Neue Länder;DN;Neue Länder;WZ08C7;WZ2008 (ausgewählte Positionen): Tarifindex;WZ08-77;Vermietung von beweglichen Sachen;99,8;2020=100;VST018;Index der tariflichen Wochenarbeitszeit
62221;Vj. Index der Tarifverdienste und Arbeitszeiten;JAHR;Jahr;2023;DINSGF;Früheres Bundesgebiet / Neue Länder;DN;Neue Länder;WZ08C7;WZ2008 (ausgewählte Positionen): Tarifindex;WZ08-77;Vermietung von beweglichen Sachen;108,2;2020=100;VST065;Index d.tarifl. Stundenverdienste ohne Sonderzahl.
62221;Vj. Index der Tarifverdienste und Arbeitszeiten;JAHR;Jahr;2025;DINSGF;Früheres Bundesgebiet / Neue Länder;DN;Neue Länder;WZ08C7;WZ2008 (ausgewählte Positionen): Tarifindex;WZ08-92;Spiel-, Wett- und Lotteriewesen;114,3;2020=100;VST072;Index d.tarifl. Stundenverdienste mit Sonderzahl.
62221;Vj. Index der Tarifverdienste und Arbeitszeiten;JAHR;Jahr;2025;DINSGF;Früheres Bundesgebiet / Neue Länder;DN;Neue Länder;WZ08C7;WZ2008 (ausgewählte Positionen): Tarifindex;WZ08-92;Spiel-, Wett- und Lotteriewesen;113,5;2020=100;VST073;Index d.tarifl. Monatsverdienste mit Sonderzahl.
62221;Vj. Index der Tarifverdienste und Arbeitszeiten;JAHR;Jahr;2025;DINSGF;Früheres Bundesgebiet / Neue Länder;DN;Neue Länder;WZ08C7;WZ2008 (ausgewählte Positionen): Tarifindex;WZ08-92;Spiel-, Wett- und Lotteriewesen;39,0;h;VST019;Durchschnittliche tarifliche Wochenarbeitszeit
62221;Vj. Index der Tarifverdienste und Arbeitszeiten;JAHR;Jahr;2025;DINSGF;Früheres Bundesgebiet / Neue Länder;DN;Neue Länder;WZ08C7;WZ2008 (ausgewählte Positionen): Tarifindex;WZ08-92;Spiel-, Wett- und Lotteriewesen;113,3;2020=100;VST066;Index d.tarifl. Monatsverdienste ohne Sonderzahl.
62221;Vj. Index der Tarifverdienste und Arbeitszeiten;JAHR;Jahr;2025;DINSGF;Früheres Bundesgebiet / Neue Länder;DN;Neue Länder;WZ08C7;WZ2008 (ausgewählte Positionen): Tarifindex;WZ08-92;Spiel-, Wett- und Lotteriewesen;99,3;2020=100;VST018;Index der tariflichen Wochenarbeitszeit
62221;Vj. Index der Tarifverdienste und Arbeitszeiten;JAHR;Jahr;2025;DINSGF;Früheres Bundesgebiet / Neue Länder;DN;Neue Länder;WZ08C7;WZ2008 (ausgewählte Positionen): Tarifindex;WZ08-92;Spiel-, Wett- und Lotteriewesen;114,0;2020=100;VST065;Index d.tarifl. Stundenverdienste ohne Sonderzahl.
62221;Vj. Index der Tarifverdienste und Arbeitszeiten;JAHR;Jahr;2023;DINSGF;Früheres Bundesgebiet / Neue Länder;DN;Neue Länder;WZ08C7;WZ2008 (ausgewählte Positionen): Tarifindex;WZ08-80;Wach- und Sicherheitsdienste sowie Detekteien;119,2;2020=100;VST072;Index d.tarifl. Stundenverdienste mit Sonderzahl.
62221;Vj. Index der Tarifverdienste und Arbeitszeiten;JAHR;Jahr;2023;DINSGF;Früheres Bundesgebiet / Neue Länder;DN;Neue Länder;WZ08C7;WZ2008 (ausgewählte Positionen): Tarifindex;WZ08-80;Wach- und Sicherheitsdienste sowie Detekteien;119,2;2020=100;VST073;Index d.tarifl. Monatsverdienste mit Sonderzahl.
62221;Vj. Index der Tarifverdienste und Arbeitszeiten;JAHR;Jahr;2023;DINSGF;Früheres Bundesgebiet / Neue Länder;DN;Neue Länder;WZ08C7;WZ2008 (ausgewählte Positionen): Tarifindex;WZ08-80;Wach- und Sicherheitsdienste sowie Detekteien;40,0;h;VST019;Durchschnittliche tarifliche Wochenarbeitszeit
62221;Vj. Index der Tarifverdienste und Arbeitszeiten;JAHR;Jahr;2023;DINSGF;Früheres Bundesgebiet / Neue Länder;DN;Neue Länder;WZ08C7;WZ2008 (ausgewählte Positionen): Tarifindex;WZ08-80;Wach- und Sicherheitsdienste sowie Detekteien;119,2;2020=100;VST066;Index d.tarifl. Monatsverdienste ohne Sonderzahl.
62221;Vj. Index der Tarifverdienste und Arbeitszeiten;JAHR;Jahr;2023;DINSGF;Früheres Bundesgebiet / Neue Länder;DN;Neue Länder;WZ08C7;WZ2008 (ausgewählte Positionen): Tarifindex;WZ08-80;Wach- und Sicherheitsdienste sowie Detekteien;100,0;2020=100;VST018;Index der tariflichen Wochenarbeitszeit
62221;Vj. Index der Tarifverdienste und Arbeitszeiten;JAHR;Jahr;2023;DINSGF;Früheres Bundesgebiet / Neue Länder;DN;Neue Länder;WZ08C7;WZ2008 (ausgewählte Positionen): Tarifindex;WZ08-80;Wach- und Sicherheitsdienste sowie Detekteien;119,2;2020=100;VST065;Index d.tarifl. Stundenverdienste ohne Sonderzahl.
62221;Vj. Index der Tarifverdienste und Arbeitszeiten;JAHR;Jahr;2023;DINSGF;Früheres Bundesgebiet / Neue Länder;DN;Neue Länder;WZ08C7;WZ2008 (ausgewählte Positionen): Tarifindex;WZ08-86;Gesundheitswesen;108,2;2020=100;VST072;Index d.tarifl. Stundenverdienste mit Sonderzahl.
62221;Vj. Index der Tarifverdienste und Arbeitszeiten;JAHR;Jahr;2023;DINSGF;Früheres Bundesgebiet / Neue Länder;DN;Neue Länder;WZ08C7;WZ2008 (ausgewählte Positionen): Tarifindex;WZ08-86;Gesundheitswesen;107,9;2020=100;VST073;Index d.tarifl. Monatsverdienste mit Sonderzahl.
62221;Vj. Index der Tarifverdienste und Arbeitszeiten;JAHR;Jahr;2023;DINSGF;Früheres Bundesgebiet / Neue Länder;DN;Neue Länder;WZ08C7;WZ2008 (ausgewählte Positionen): Tarifindex;WZ08-86;Gesundheitswesen;39,4;h;VST019;Durchschnittliche tarifliche Wochenarbeitszeit
62221;Vj. Index der Tarifverdienste und Arbeitszeiten;JAHR;Jahr;2023;DINSGF;Früheres Bundesgebiet / Neue Länder;DN;Neue Länder;WZ08C7;WZ2008 (ausgewählte Positionen): Tarifindex;WZ08-86;Gesundheitswesen;106,8;2020=100;VST066;Index d.tarifl. Monatsverdienste ohne Sonderzahl.
62221;Vj. Index der Tarifverdienste und Arbeitszeiten;JAHR;Jahr;2023;DINSGF;Früheres Bundesgebiet / Neue Länder;DN;Neue Länder;WZ08C7;WZ2008 (ausgewählte Positionen): Tarifindex;WZ08-86;Gesundheitswesen;99,7;2020=100;VST018;Index der tariflichen Wochenarbeitszeit
62221;Vj. Index der Tarifverdienste und Arbeitszeiten;JAHR;Jahr;2023;DINSGF;Früheres Bundesgebiet / Neue Länder;DN;Neue Länder;WZ08C7;WZ2008 (ausgewählte Positionen): Tarifindex;WZ08-86;Gesundheitswesen;107,0;2020=100;VST065;Index d.tarifl. Stundenverdienste ohne Sonderzahl.
62221;Vj. Index der Tarifverdienste und Arbeitszeiten;JAHR;Jahr;2016;DINSGF;Früheres Bundesgebiet / Neue Länder;DF;Früheres Bundesgebiet;WZ08C7;WZ2008 (ausgewählte Positionen): Tarifindex;WZ08-64;Erbringung von Finanzdienstleistungen;93,1;2020=100;VST072;Index d.tarifl. Stundenverdienste mit Sonderzahl.
62221;Vj. Index der Tarifverdienste und Arbeitszeiten;JAHR;Jahr;2016;DINSGF;Früheres Bundesgebiet / Neue Länder;DF;Früheres Bundesgebiet;WZ08C7;WZ2008 (ausgewählte Positionen): Tarifindex;WZ08-64;Erbringung von Finanzdienstleistungen;93,1;2020=100;VST073;Index d.tarifl. Monatsverdienste mit Sonderzahl.
62221;Vj. Index der Tarifverdienste und Arbeitszeiten;JAHR;Jahr;2016;DINSGF;Früheres Bundesgebiet / Neue Länder;DF;Früheres Bundesgebiet;WZ08C7;WZ2008 (ausgewählte Positionen): Tarifindex;WZ08-64;Erbringung von Finanzdienstleistungen;39,0;h;VST019;Durchschnittliche tarifliche Wochenarbeitszeit
62221;Vj. Index der Tarifverdienste und Arbeitszeiten;JAHR;Jahr;2016;DINSGF;Früheres Bundesgebiet / Neue Länder;DF;Früheres Bundesgebiet;WZ08C7;WZ2008 (ausgewählte Positionen): Tarifindex;WZ08-64;Erbringung von Finanzdienstleistungen;92,6;2020=100;VST066;Index d.tarifl. Monatsverdienste ohne Sonderzahl.
62221;Vj. Index der Tarifverdienste und Arbeitszeiten;JAHR;Jahr;2016;DINSGF;Früheres Bundesgebiet / Neue Länder;DF;Früheres Bundesgebiet;WZ08C7;WZ2008 (ausgewählte Positionen): Tarifindex;WZ08-64;Erbringung von Finanzdienstleistungen;100,0;2020=100;VST018;Index der tariflichen Wochenarbeitszeit
62221;Vj. Index der Tarifverdienste und Arbeitszeiten;JAHR;Jahr;2016;DINSGF;Früheres Bundesgebiet / Neue Länder;DF;Früheres Bundesgebiet;WZ08C7;WZ2008 (ausgewählte Positionen): Tarifindex;WZ08-64;Erbringung von Finanzdienstleistungen;92,6;2020=100;VST065;Index d.tarifl. Stundenverdienste ohne Sonderzahl.
62221;Vj. Index der Tarifverdienste und Arbeitszeiten;JAHR;Jahr;2024;DINSGF;Früheres Bundesgebiet / Neue Länder;DF;Früheres Bundesgebiet;WZ08C7;WZ2008 (ausgewählte Positionen): Tarifindex;WZ08-91;Bibliotheken, Archive, Museen, bot. u. zoo. Gärten;111,1;2020=100;VST072;Index d.tarifl. Stundenverdienste mit Sonderzahl.
62221;Vj. Index der Tarifverdienste und Arbeitszeiten;JAHR;Jahr;2024;DINSGF;Früheres Bundesgebiet / Neue Länder;DF;Früheres Bundesgebiet;WZ08C7;WZ2008 (ausgewählte Positionen): Tarifindex;WZ08-91;Bibliotheken, Archive, Museen, bot. u. zoo. Gärten;111,1;2020=100;VST073;Index d.tarifl. Monatsverdienste mit Sonderzahl.
62221;Vj. Index der Tarifverdienste und Arbeitszeiten;JAHR;Jahr;2024;DINSGF;Früheres Bundesgebiet / Neue Länder;DF;Früheres Bundesgebiet;WZ08C7;WZ2008 (ausgewählte Positionen): Tarifindex;WZ08-91;Bibliotheken, Archive, Museen, bot. u. zoo. Gärten;39,6;h;VST019;Durchschnittliche tarifliche Wochenarbeitszeit
62221;Vj. Index der Tarifverdienste und Arbeitszeiten;JAHR;Jahr;2024;DINSGF;Früheres Bundesgebiet / Neue Länder;DF;Früheres Bundesgebiet;WZ08C7;WZ2008 (ausgewählte Positionen): Tarifindex;WZ08-91;Bibliotheken, Archive, Museen, bot. u. zoo. Gärten;108,4;2020=100;VST066;Index d.tarifl. Monatsverdienste ohne Sonderzahl.
62221;Vj. Index der Tarifverdienste und Arbeitszeiten;JAHR;Jahr;2024;DINSGF;Früheres Bundesgebiet / Neue Länder;DF;Früheres Bundesgebiet;WZ08C7;WZ2008 (ausgewählte Positionen): Tarifindex;WZ08-91;Bibliotheken, Archive, Museen, bot. u. zoo. Gärten;100,0;2020=100;VST018;Index der tariflichen Wochenarbeitszeit
62221;Vj. Index der Tarifverdienste und Arbeitszeiten;JAHR;Jahr;2024;DINSGF;Früheres Bundesgebiet / Neue Länder;DF;Früheres Bundesgebiet;WZ08C7;WZ2008 (ausgewählte Positionen): Tarifindex;WZ08-91;Bibliotheken, Archive, Museen, bot. u. zoo. Gärten;108,4;2020=100;VST065;Index d.tarifl. Stundenverdienste ohne Sonderzahl.
62221;Vj. Index der Tarifverdienste und Arbeitszeiten;JAHR;Jahr;2020;DINSGF;Früheres Bundesgebiet / Neue Länder;DN;Neue Länder;WZ08C7;WZ2008 (ausgewählte Positionen): Tarifindex;WZ08-20-01;Chemische Industrie;100,0;2020=100;VST072;Index d.tarifl. Stundenverdienste mit Sonderzahl.
62221;Vj. Index der Tarifverdienste und Arbeitszeiten;JAHR;Jahr;2020;DINSGF;Früheres Bundesgebiet / Neue Länder;DN;Neue Länder;WZ08C7;WZ2008 (ausgewählte Positionen): Tarifindex;WZ08-20-01;Chemische Industrie;100,0;2020=100;VST073;Index d.tarifl. Monatsverdienste mit Sonderzahl.
62221;Vj. Index der Tarifverdienste und Arbeitszeiten;JAHR;Jahr;2020;DINSGF;Früheres Bundesgebiet / Neue Länder;DN;Neue Länder;WZ08C7;WZ2008 (ausgewählte Positionen): Tarifindex;WZ08-20-01;Chemische Industrie;39,2;h;VST019;Durchschnittliche tarifliche Wochenarbeitszeit
62221;Vj. Index der Tarifverdienste und Arbeitszeiten;JAHR;Jahr;2020;DINSGF;Früheres Bundesgebiet / Neue Länder;DN;Neue Länder;WZ08C7;WZ2008 (ausgewählte Positionen): Tarifindex;WZ08-20-01;Chemische Industrie;100,0;2020=100;VST066;Index d.tarifl. Monatsverdienste ohne Sonderzahl.
62221;Vj. Index der Tarifverdienste und Arbeitszeiten;JAHR;Jahr;2020;DINSGF;Früheres Bundesgebiet / Neue Länder;DN;Neue Länder;WZ08C7;WZ2008 (ausgewählte Positionen): Tarifindex;WZ08-20-01;Chemische Industrie;100,0;2020=100;VST018;Index der tariflichen Wochenarbeitszeit
62221;Vj. Index der Tarifverdienste und Arbeitszeiten;JAHR;Jahr;2020;DINSGF;Früheres Bundesgebiet / Neue Länder;DN;Neue Länder;WZ08C7;WZ2008 (ausgewählte Positionen): Tarifindex;WZ08-20-01;Chemische Industrie;100,0;2020=100;VST065;Index d.tarifl. Stundenverdienste ohne Sonderzahl.
62221;Vj. Index der Tarifverdienste und Arbeitszeiten;JAHR;Jahr;2021;DINSGF;Früheres Bundesgebiet / Neue Länder;DN;Neue Länder;WZ08C7;WZ2008 (ausgewählte Positionen): Tarifindex;WZ08-47;Einzelhandel (ohne Handel mit Kraftfahrzeugen);101,6;2020=100;VST072;Index d.tarifl. Stundenverdienste mit Sonderzahl.
62221;Vj. Index der Tarifverdienste und Arbeitszeiten;JAHR;Jahr;2021;DINSGF;Früheres Bundesgebiet / Neue Länder;DN;Neue Länder;WZ08C7;WZ2008 (ausgewählte Positionen): Tarifindex;WZ08-47;Einzelhandel (ohne Handel mit Kraftfahrzeugen);101,6;2020=100;VST073;Index d.tarifl. Monatsverdienste mit Sonderzahl.
62221;Vj. Index der Tarifverdienste und Arbeitszeiten;JAHR;Jahr;2021;DINSGF;Früheres Bundesgebiet / Neue Länder;DN;Neue Länder;WZ08C7;WZ2008 (ausgewählte Positionen): Tarifindex;WZ08-47;Einzelhandel (ohne Handel mit Kraftfahrzeugen);38,3;h;VST019;Durchschnittliche tarifliche Wochenarbeitszeit
62221;Vj. Index der Tarifverdienste und Arbeitszeiten;JAHR;Jahr;2021;DINSGF;Früheres Bundesgebiet / Neue Länder;DN;Neue Länder;WZ08C7;WZ2008 (ausgewählte Positionen): Tarifindex;WZ08-47;Einzelhandel (ohne Handel mit Kraftfahrzeugen);101,2;2020=100;VST066;Index d.tarifl. Monatsverdienste ohne Sonderzahl.
62221;Vj. Index der Tarifverdienste und Arbeitszeiten;JAHR;Jahr;2021;DINSGF;Früheres Bundesgebiet / Neue Länder;DN;Neue Länder;WZ08C7;WZ2008 (ausgewählte Positionen): Tarifindex;WZ08-47;Einzelhandel (ohne Handel mit Kraftfahrzeugen);100,0;2020=100;VST018;Index der tariflichen Wochenarbeitszeit
62221;Vj. Index der Tarifverdienste und Arbeitszeiten;JAHR;Jahr;2021;DINSGF;Früheres Bundesgebiet / Neue Länder;DN;Neue Länder;WZ08C7;WZ2008 (ausgewählte Positionen): Tarifindex;WZ08-47;Einzelhandel (ohne Handel mit Kraftfahrzeugen);101,2;2020=100;VST065;Index d.tarifl. Stundenverdienste ohne Sonderzahl.
62221;Vj. Index der Tarifverdienste und Arbeitszeiten;JAHR;Jahr;2023;DINSGF;Früheres Bundesgebiet / Neue Länder;DF;Früheres Bundesgebiet;WZ08C7;WZ2008 (ausgewählte Positionen): Tarifindex;WZ08-10;Herstellung von Nahrungs- und Futtermitteln;110,8;2020=100;VST072;Index d.tarifl. Stundenverdienste mit Sonderzahl.
62221;Vj. Index der Tarifverdienste und Arbeitszeiten;JAHR;Jahr;2023;DINSGF;Früheres Bundesgebiet / Neue Länder;DF;Früheres Bundesgebiet;WZ08C7;WZ2008 (ausgewählte Positionen): Tarifindex;WZ08-10;Herstellung von Nahrungs- und Futtermitteln;110,8;2020=100;VST073;Index d.tarifl. Monatsverdienste mit Sonderzahl.
62221;Vj. Index der Tarifverdienste und Arbeitszeiten;JAHR;Jahr;2023;DINSGF;Früheres Bundesgebiet / Neue Länder;DF;Früheres Bundesgebiet;WZ08C7;WZ2008 (ausgewählte Positionen): Tarifindex;WZ08-10;Herstellung von Nahrungs- und Futtermitteln;38,1;h;VST019;Durchschnittliche tarifliche Wochenarbeitszeit
62221;Vj. Index der Tarifverdienste und Arbeitszeiten;JAHR;Jahr;2023;DINSGF;Früheres Bundesgebiet / Neue Länder;DF;Früheres Bundesgebiet;WZ08C7;WZ2008 (ausgewählte Positionen): Tarifindex;WZ08-10;Herstellung von Nahrungs- und Futtermitteln;109,2;2020=100;VST066;Index d.tarifl. Monatsverdienste ohne Sonderzahl.
62221;Vj. Index der Tarifverdienste und Arbeitszeiten;JAHR;Jahr;2023;DINSGF;Früheres Bundesgebiet / Neue Länder;DF;Früheres Bundesgebiet;WZ08C7;WZ2008 (ausgewählte Positionen): Tarifindex;WZ08-10;Herstellung von Nahrungs- und Futtermitteln;100,0;2020=100;VST018;Index der tariflichen Wochenarbeitszeit
62221;Vj. Index der Tarifverdienste und Arbeitszeiten;JAHR;Jahr;2023;DINSGF;Früheres Bundesgebiet / Neue Länder;DF;Früheres Bundesgebiet;WZ08C7;WZ2008 (ausgewählte Positionen): Tarifindex;WZ08-10;Herstellung von Nahrungs- und Futtermitteln;109,2;2020=100;VST065;Index d.tarifl. Stundenverdienste ohne Sonderzahl.
62221;Vj. Index der Tarifverdienste und Arbeitszeiten;JAHR;Jahr;2023;DINSGF;Früheres Bundesgebiet / Neue Länder;DN;Neue Länder;WZ08C7;WZ2008 (ausgewählte Positionen): Tarifindex;WZ08-491-01;Personen- u. Güterbeförderung im Eisenbahnverkehr;109,1;2020=100;VST072;Index d.tarifl. Stundenverdienste mit Sonderzahl.
62221;Vj. Index der Tarifverdienste und Arbeitszeiten;JAHR;Jahr;2023;DINSGF;Früheres Bundesgebiet / Neue Länder;DN;Neue Länder;WZ08C7;WZ2008 (ausgewählte Positionen): Tarifindex;WZ08-491-01;Personen- u. Güterbeförderung im Eisenbahnverkehr;109,1;2020=100;VST073;Index d.tarifl. Monatsverdienste mit Sonderzahl.
62221;Vj. Index der Tarifverdienste und Arbeitszeiten;JAHR;Jahr;2023;DINSGF;Früheres Bundesgebiet / Neue Länder;DN;Neue Länder;WZ08C7;WZ2008 (ausgewählte Positionen): Tarifindex;WZ08-491-01;Personen- u. Güterbeförderung im Eisenbahnverkehr;39,9;h;VST019;Durchschnittliche tarifliche Wochenarbeitszeit
62221;Vj. Index der Tarifverdienste und Arbeitszeiten;JAHR;Jahr;2023;DINSGF;Früheres Bundesgebiet / Neue Länder;DN;Neue Länder;WZ08C7;WZ2008 (ausgewählte Positionen): Tarifindex;WZ08-491-01;Personen- u. Güterbeförderung im Eisenbahnverkehr;103,3;2020=100;VST066;Index d.tarifl. Monatsverdienste ohne Sonderzahl.
62221;Vj. Index der Tarifverdienste und Arbeitszeiten;JAHR;Jahr;2023;DINSGF;Früheres Bundesgebiet / Neue Länder;DN;Neue Länder;WZ08C7;WZ2008 (ausgewählte Positionen): Tarifindex;WZ08-491-01;Personen- u. Güterbeförderung im Eisenbahnverkehr;100,0;2020=100;VST018;Index der tariflichen Wochenarbeitszeit
62221;Vj. Index der Tarifverdienste und Arbeitszeiten;JAHR;Jahr;2023;DINSGF;Früheres Bundesgebiet / Neue Länder;DN;Neue Länder;WZ08C7;WZ2008 (ausgewählte Positionen): Tarifindex;WZ08-491-01;Personen- u. Güterbeförderung im Eisenbahnverkehr;103,3;2020=100;VST065;Index d.tarifl. Stundenverdienste ohne Sonderzahl.
62221;Vj. Index der Tarifverdienste und Arbeitszeiten;JAHR;Jahr;2025;DINSGF;Früheres Bundesgebiet / Neue Länder;DN;Neue Länder;WZ08C7;WZ2008 (ausgewählte Positionen): Tarifindex;WZ08-23;H.v.Glas,-waren,Keramik,Verarb. v.Steinen u.Erden;120,7;2020=100;VST072;Index d.tarifl. Stundenverdienste mit Sonderzahl.
62221;Vj. Index der Tarifverdienste und Arbeitszeiten;JAHR;Jahr;2025;DINSGF;Früheres Bundesgebiet / Neue Länder;DN;Neue Länder;WZ08C7;WZ2008 (ausgewählte Positionen): Tarifindex;WZ08-23;H.v.Glas,-waren,Keramik,Verarb. v.Steinen u.Erden;118,4;2020=100;VST073;Index d.tarifl. Monatsverdienste mit Sonderzahl.
62221;Vj. Index der Tarifverdienste und Arbeitszeiten;JAHR;Jahr;2025;DINSGF;Früheres Bundesgebiet / Neue Länder;DN;Neue Länder;WZ08C7;WZ2008 (ausgewählte Positionen): Tarifindex;WZ08-23;H.v.Glas,-waren,Keramik,Verarb. v.Steinen u.Erden;38,4;h;VST019;Durchschnittliche tarifliche Wochenarbeitszeit
62221;Vj. Index der Tarifverdienste und Arbeitszeiten;JAHR;Jahr;2025;DINSGF;Früheres Bundesgebiet / Neue Länder;DN;Neue Länder;WZ08C7;WZ2008 (ausgewählte Positionen): Tarifindex;WZ08-23;H.v.Glas,-waren,Keramik,Verarb. v.Steinen u.Erden;118,2;2020=100;VST066;Index d.tarifl. Monatsverdienste ohne Sonderzahl.
62221;Vj. Index der Tarifverdienste und Arbeitszeiten;JAHR;Jahr;2025;DINSGF;Früheres Bundesgebiet / Neue Länder;DN;Neue Länder;WZ08C7;WZ2008 (ausgewählte Positionen): Tarifindex;WZ08-23;H.v.Glas,-waren,Keramik,Verarb. v.Steinen u.Erden;98,4;2020=100;VST018;Index der tariflichen Wochenarbeitszeit
62221;Vj. Index der Tarifverdienste und Arbeitszeiten;JAHR;Jahr;2025;DINSGF;Früheres Bundesgebiet / Neue Länder;DN;Neue Länder;WZ08C7;WZ2008 (ausgewählte Positionen): Tarifindex;WZ08-23;H.v.Glas,-waren,Keramik,Verarb. v.Steinen u.Erden;120,4;2020=100;VST065;Index d.tarifl. Stundenverdienste ohne Sonderzahl.
62221;Vj. Index der Tarifverdienste und Arbeitszeiten;JAHR;Jahr;2017;DINSGF;Früheres Bundesgebiet / Neue Länder;DF;Früheres Bundesgebiet;WZ08C7;WZ2008 (ausgewählte Positionen): Tarifindex;WZ08-G-03;Wirtschaftliche Dienstleistungen;93,1;2020=100;VST072;Index d.tarifl. Stundenverdienste mit Sonderzahl.
62221;Vj. Index der Tarifverdienste und Arbeitszeiten;JAHR;Jahr;2017;DINSGF;Früheres Bundesgebiet / Neue Länder;DF;Früheres Bundesgebiet;WZ08C7;WZ2008 (ausgewählte Positionen): Tarifindex;WZ08-G-03;Wirtschaftliche Dienstleistungen;93,2;2020=100;VST073;Index d.tarifl. Monatsverdienste mit Sonderzahl.
62221;Vj. Index der Tarifverdienste und Arbeitszeiten;JAHR;Jahr;2017;DINSGF;Früheres Bundesgebiet / Neue Länder;DF;Früheres Bundesgebiet;WZ08C7;WZ2008 (ausgewählte Positionen): Tarifindex;WZ08-G-03;Wirtschaftliche Dienstleistungen;38,0;h;VST019;Durchschnittliche tarifliche Wochenarbeitszeit
62221;Vj. Index der Tarifverdienste und Arbeitszeiten;JAHR;Jahr;2017;DINSGF;Früheres Bundesgebiet / Neue Länder;DF;Früheres Bundesgebiet;WZ08C7;WZ2008 (ausgewählte Positionen): Tarifindex;WZ08-G-03;Wirtschaftliche Dienstleistungen;93,3;2020=100;VST066;Index d.tarifl. Monatsverdienste ohne Sonderzahl.
62221;Vj. Index der Tarifverdienste und Arbeitszeiten;JAHR;Jahr;2017;DINSGF;Früheres Bundesgebiet / Neue Länder;DF;Früheres Bundesgebiet;WZ08C7;WZ2008 (ausgewählte Positionen): Tarifindex;WZ08-G-03;Wirtschaftliche Dienstleistungen;100,0;2020=100;VST018;Index der tariflichen Wochenarbeitszeit
62221;Vj. Index der Tarifverdienste und Arbeitszeiten;JAHR;Jahr;2017;DINSGF;Früheres Bundesgebiet / Neue Länder;DF;Früheres Bundesgebiet;WZ08C7;WZ2008 (ausgewählte Positionen): Tarifindex;WZ08-G-03;Wirtschaftliche Dienstleistungen;93,2;2020=100;VST065;Index d.tarifl. Stundenverdienste ohne Sonderzahl.
62221;Vj. Index der Tarifverdienste und Arbeitszeiten;JAHR;Jahr;2021;DINSGF;Früheres Bundesgebiet / Neue Länder;DF;Früheres Bundesgebiet;WZ08C7;WZ2008 (ausgewählte Positionen): Tarifindex;WZ08-38-01;Recycling, Beseitigung von Umweltverschmutzungen;100,6;2020=100;VST072;Index d.tarifl. Stundenverdienste mit Sonderzahl.
62221;Vj. Index der Tarifverdienste und Arbeitszeiten;JAHR;Jahr;2021;DINSGF;Früheres Bundesgebiet / Neue Länder;DF;Früheres Bundesgebiet;WZ08C7;WZ2008 (ausgewählte Positionen): Tarifindex;WZ08-38-01;Recycling, Beseitigung von Umweltverschmutzungen;100,6;2020=100;VST073;Index d.tarifl. Monatsverdienste mit Sonderzahl.
62221;Vj. Index der Tarifverdienste und Arbeitszeiten;JAHR;Jahr;2021;DINSGF;Früheres Bundesgebiet / Neue Länder;DF;Früheres Bundesgebiet;WZ08C7;WZ2008 (ausgewählte Positionen): Tarifindex;WZ08-38-01;Recycling, Beseitigung von Umweltverschmutzungen;38,8;h;VST019;Durchschnittliche tarifliche Wochenarbeitszeit
62221;Vj. Index der Tarifverdienste und Arbeitszeiten;JAHR;Jahr;2021;DINSGF;Früheres Bundesgebiet / Neue Länder;DF;Früheres Bundesgebiet;WZ08C7;WZ2008 (ausgewählte Positionen): Tarifindex;WZ08-38-01;Recycling, Beseitigung von Umweltverschmutzungen;101,3;2020=100;VST066;Index d.tarifl. Monatsverdienste ohne Sonderzahl.
62221;Vj. Index der Tarifverdienste und Arbeitszeiten;JAHR;Jahr;2021;DINSGF;Früheres Bundesgebiet / Neue Länder;DF;Früheres Bundesgebiet;WZ08C7;WZ2008 (ausgewählte Positionen): Tarifindex;WZ08-38-01;Recycling, Beseitigung von Umweltverschmutzungen;100,0;2020=100;VST018;Index der tariflichen Wochenarbeitszeit
62221;Vj. Index der Tarifverdienste und Arbeitszeiten;JAHR;Jahr;2021;DINSGF;Früheres Bundesgebiet / Neue Länder;DF;Früheres Bundesgebiet;WZ08C7;WZ2008 (ausgewählte Positionen): Tarifindex;WZ08-38-01;Recycling, Beseitigung von Umweltverschmutzungen;101,3;2020=100;VST065;Index d.tarifl. Stundenverdienste ohne Sonderzahl.
62221;Vj. Index der Tarifverdienste und Arbeitszeiten;JAHR;Jahr;2021;DINSGF;Früheres Bundesgebiet / Neue Länder;DN;Neue Länder;WZ08C7;WZ2008 (ausgewählte Positionen): Tarifindex;WZ08-C;Verarbeitendes Gewerbe;101,5;2020=100;VST072;Index d.tarifl. Stundenverdienste mit Sonderzahl.
62221;Vj. Index der Tarifverdienste und Arbeitszeiten;JAHR;Jahr;2021;DINSGF;Früheres Bundesgebiet / Neue Länder;DN;Neue Länder;WZ08C7;WZ2008 (ausgewählte Positionen): Tarifindex;WZ08-C;Verarbeitendes Gewerbe;101,3;2020=100;VST073;Index d.tarifl. Monatsverdienste mit Sonderzahl.
62221;Vj. Index der Tarifverdienste und Arbeitszeiten;JAHR;Jahr;2021;DINSGF;Früheres Bundesgebiet / Neue Länder;DN;Neue Länder;WZ08C7;WZ2008 (ausgewählte Positionen): Tarifindex;WZ08-C;Verarbeitendes Gewerbe;38,0;h;VST019;Durchschnittliche tarifliche Wochenarbeitszeit
62221;Vj. Index der Tarifverdienste und Arbeitszeiten;JAHR;Jahr;2021;DINSGF;Früheres Bundesgebiet / Neue Länder;DN;Neue Länder;WZ08C7;WZ2008 (ausgewählte Positionen): Tarifindex;WZ08-C;Verarbeitendes Gewerbe;100,7;2020=100;VST066;Index d.tarifl. Monatsverdienste ohne Sonderzahl.
62221;Vj. Index der Tarifverdienste und Arbeitszeiten;JAHR;Jahr;2021;DINSGF;Früheres Bundesgebiet / Neue Länder;DN;Neue Länder;WZ08C7;WZ2008 (ausgewählte Positionen): Tarifindex;WZ08-C;Verarbeitendes Gewerbe;99,8;2020=100;VST018;Index der tariflichen Wochenarbeitszeit
62221;Vj. Index der Tarifverdienste und Arbeitszeiten;JAHR;Jahr;2021;DINSGF;Früheres Bundesgebiet / Neue Länder;DN;Neue Länder;WZ08C7;WZ2008 (ausgewählte Positionen): Tarifindex;WZ08-C;Verarbeitendes Gewerbe;100,9;2020=100;VST065;Index d.tarifl. Stundenverdienste ohne Sonderzahl.
62221;Vj. Index der Tarifverdienste und Arbeitszeiten;JAHR;Jahr;2021;DINSGF;Früheres Bundesgebiet / Neue Länder;DF;Früheres Bundesgebiet;WZ08C7;WZ2008 (ausgewählte Positionen): Tarifindex;WZ08-23;H.v.Glas,-waren,Keramik,Verarb. v.Steinen u.Erden;102,0;2020=100;VST072;Index d.tarifl. Stundenverdienste mit Sonderzahl.
62221;Vj. Index der Tarifverdienste und Arbeitszeiten;JAHR;Jahr;2021;DINSGF;Früheres Bundesgebiet / Neue Länder;DF;Früheres Bundesgebiet;WZ08C7;WZ2008 (ausgewählte Positionen): Tarifindex;WZ08-23;H.v.Glas,-waren,Keramik,Verarb. v.Steinen u.Erden;102,0;2020=100;VST073;Index d.tarifl. Monatsverdienste mit Sonderzahl.
62221;Vj. Index der Tarifverdienste und Arbeitszeiten;JAHR;Jahr;2021;DINSGF;Früheres Bundesgebiet / Neue Länder;DF;Früheres Bundesgebiet;WZ08C7;WZ2008 (ausgewählte Positionen): Tarifindex;WZ08-23;H.v.Glas,-waren,Keramik,Verarb. v.Steinen u.Erden;38,0;h;VST019;Durchschnittliche tarifliche Wochenarbeitszeit
62221;Vj. Index der Tarifverdienste und Arbeitszeiten;JAHR;Jahr;2021;DINSGF;Früheres Bundesgebiet / Neue Länder;DF;Früheres Bundesgebiet;WZ08C7;WZ2008 (ausgewählte Positionen): Tarifindex;WZ08-23;H.v.Glas,-waren,Keramik,Verarb. v.Steinen u.Erden;102,1;2020=100;VST066;Index d.tarifl. Monatsverdienste ohne Sonderzahl.
62221;Vj. Index der Tarifverdienste und Arbeitszeiten;JAHR;Jahr;2021;DINSGF;Früheres Bundesgebiet / Neue Länder;DF;Früheres Bundesgebiet;WZ08C7;WZ2008 (ausgewählte Positionen): Tarifindex;WZ08-23;H.v.Glas,-waren,Keramik,Verarb. v.Steinen u.Erden;100,0;2020=100;VST018;Index der tariflichen Wochenarbeitszeit
62221;Vj. Index der Tarifverdienste und Arbeitszeiten;JAHR;Jahr;2021;DINSGF;Früheres Bundesgebiet / Neue Länder;DF;Früheres Bundesgebiet;WZ08C7;WZ2008 (ausgewählte Positionen): Tarifindex;WZ08-23;H.v.Glas,-waren,Keramik,Verarb. v.Steinen u.Erden;102,1;2020=100;VST065;Index d.tarifl. Stundenverdienste ohne Sonderzahl.
62221;Vj. Index der Tarifverdienste und Arbeitszeiten;JAHR;Jahr;2021;DINSGF;Früheres Bundesgebiet / Neue Länder;DN;Neue Länder;WZ08C7;WZ2008 (ausgewählte Positionen): Tarifindex;WZ08-75;Veterinärwesen;101,5;2020=100;VST072;Index d.tarifl. Stundenverdienste mit Sonderzahl.
62221;Vj. Index der Tarifverdienste und Arbeitszeiten;JAHR;Jahr;2021;DINSGF;Früheres Bundesgebiet / Neue Länder;DN;Neue Länder;WZ08C7;WZ2008 (ausgewählte Positionen): Tarifindex;WZ08-75;Veterinärwesen;101,5;2020=100;VST073;Index d.tarifl. Monatsverdienste mit Sonderzahl.
62221;Vj. Index der Tarifverdienste und Arbeitszeiten;JAHR;Jahr;2021;DINSGF;Früheres Bundesgebiet / Neue Länder;DN;Neue Länder;WZ08C7;WZ2008 (ausgewählte Positionen): Tarifindex;WZ08-75;Veterinärwesen;40,0;h;VST019;Durchschnittliche tarifliche Wochenarbeitszeit
62221;Vj. Index der Tarifverdienste und Arbeitszeiten;JAHR;Jahr;2021;DINSGF;Früheres Bundesgebiet / Neue Länder;DN;Neue Länder;WZ08C7;WZ2008 (ausgewählte Positionen): Tarifindex;WZ08-75;Veterinärwesen;101,5;2020=100;VST066;Index d.tarifl. Monatsverdienste ohne Sonderzahl.
62221;Vj. Index der Tarifverdienste und Arbeitszeiten;JAHR;Jahr;2021;DINSGF;Früheres Bundesgebiet / Neue Länder;DN;Neue Länder;WZ08C7;WZ2008 (ausgewählte Positionen): Tarifindex;WZ08-75;Veterinärwesen;100,0;2020=100;VST018;Index der tariflichen Wochenarbeitszeit
62221;Vj. Index der Tarifverdienste und Arbeitszeiten;JAHR;Jahr;2021;DINSGF;Früheres Bundesgebiet / Neue Länder;DN;Neue Länder;WZ08C7;WZ2008 (ausgewählte Positionen): Tarifindex;WZ08-75;Veterinärwesen;101,5;2020=100;VST065;Index d.tarifl. Stundenverdienste ohne Sonderzahl.
62221;Vj. Index der Tarifverdienste und Arbeitszeiten;JAHR;Jahr;2024;DINSGF;Früheres Bundesgebiet / Neue Länder;DN;Neue Länder;WZ08C7;WZ2008 (ausgewählte Positionen): Tarifindex;WZ08-D-05;Energie- und Wasserversorgung, Entsorgung u.a.;114,9;2020=100;VST072;Index d.tarifl. Stundenverdienste mit Sonderzahl.
62221;Vj. Index der Tarifverdienste und Arbeitszeiten;JAHR;Jahr;2024;DINSGF;Früheres Bundesgebiet / Neue Länder;DN;Neue Länder;WZ08C7;WZ2008 (ausgewählte Positionen): Tarifindex;WZ08-D-05;Energie- und Wasserversorgung, Entsorgung u.a.;114,8;2020=100;VST073;Index d.tarifl. Monatsverdienste mit Sonderzahl.
62221;Vj. Index der Tarifverdienste und Arbeitszeiten;JAHR;Jahr;2024;DINSGF;Früheres Bundesgebiet / Neue Länder;DN;Neue Länder;WZ08C7;WZ2008 (ausgewählte Positionen): Tarifindex;WZ08-D-05;Energie- und Wasserversorgung, Entsorgung u.a.;38,5;h;VST019;Durchschnittliche tarifliche Wochenarbeitszeit
62221;Vj. Index der Tarifverdienste und Arbeitszeiten;JAHR;Jahr;2024;DINSGF;Früheres Bundesgebiet / Neue Länder;DN;Neue Länder;WZ08C7;WZ2008 (ausgewählte Positionen): Tarifindex;WZ08-D-05;Energie- und Wasserversorgung, Entsorgung u.a.;112,4;2020=100;VST066;Index d.tarifl. Monatsverdienste ohne Sonderzahl.
62221;Vj. Index der Tarifverdienste und Arbeitszeiten;JAHR;Jahr;2024;DINSGF;Früheres Bundesgebiet / Neue Länder;DN;Neue Länder;WZ08C7;WZ2008 (ausgewählte Positionen): Tarifindex;WZ08-D-05;Energie- und Wasserversorgung, Entsorgung u.a.;100,0;2020=100;VST018;Index der tariflichen Wochenarbeitszeit
62221;Vj. Index der Tarifverdienste und Arbeitszeiten;JAHR;Jahr;2024;DINSGF;Früheres Bundesgebiet / Neue Länder;DN;Neue Länder;WZ08C7;WZ2008 (ausgewählte Positionen): Tarifindex;WZ08-D-05;Energie- und Wasserversorgung, Entsorgung u.a.;112,5;2020=100;VST065;Index d.tarifl. Stundenverdienste ohne Sonderzahl.
62221;Vj. Index der Tarifverdienste und Arbeitszeiten;JAHR;Jahr;2025;DINSGF;Früheres Bundesgebiet / Neue Länder;DN;Neue Länder;WZ08C7;WZ2008 (ausgewählte Positionen): Tarifindex;WZ08-29;Herstellung von Kraftwagen und Kraftwagenteilen;113,7;2020=100;VST072;Index d.tarifl. Stundenverdienste mit Sonderzahl.
62221;Vj. Index der Tarifverdienste und Arbeitszeiten;JAHR;Jahr;2025;DINSGF;Früheres Bundesgebiet / Neue Länder;DN;Neue Länder;WZ08C7;WZ2008 (ausgewählte Positionen): Tarifindex;WZ08-29;Herstellung von Kraftwagen und Kraftwagenteilen;112,7;2020=100;VST073;Index d.tarifl. Monatsverdienste mit Sonderzahl.
62221;Vj. Index der Tarifverdienste und Arbeitszeiten;JAHR;Jahr;2025;DINSGF;Früheres Bundesgebiet / Neue Länder;DN;Neue Länder;WZ08C7;WZ2008 (ausgewählte Positionen): Tarifindex;WZ08-29;Herstellung von Kraftwagen und Kraftwagenteilen;37,7;h;VST019;Durchschnittliche tarifliche Wochenarbeitszeit
62221;Vj. Index der Tarifverdienste und Arbeitszeiten;JAHR;Jahr;2025;DINSGF;Früheres Bundesgebiet / Neue Länder;DN;Neue Länder;WZ08C7;WZ2008 (ausgewählte Positionen): Tarifindex;WZ08-29;Herstellung von Kraftwagen und Kraftwagenteilen;110,7;2020=100;VST066;Index d.tarifl. Monatsverdienste ohne Sonderzahl.
62221;Vj. Index der Tarifverdienste und Arbeitszeiten;JAHR;Jahr;2025;DINSGF;Früheres Bundesgebiet / Neue Länder;DN;Neue Länder;WZ08C7;WZ2008 (ausgewählte Positionen): Tarifindex;WZ08-29;Herstellung von Kraftwagen und Kraftwagenteilen;99,2;2020=100;VST018;Index der tariflichen Wochenarbeitszeit
62221;Vj. Index der Tarifverdienste und Arbeitszeiten;JAHR;Jahr;2025;DINSGF;Früheres Bundesgebiet / Neue Länder;DN;Neue Länder;WZ08C7;WZ2008 (ausgewählte Positionen): Tarifindex;WZ08-29;Herstellung von Kraftwagen und Kraftwagenteilen;111,8;2020=100;VST065;Index d.tarifl. Stundenverdienste ohne Sonderzahl.
62221;Vj. Index der Tarifverdienste und Arbeitszeiten;JAHR;Jahr;2018;DINSGF;Früheres Bundesgebiet / Neue Länder;DN;Neue Länder;WZ08C7;WZ2008 (ausgewählte Positionen): Tarifindex;WZ08-B-13;Prod. Gewerbe, Handel, Information u.Kommunikation;95,2;2020=100;VST072;Index d.tarifl. Stundenverdienste mit Sonderzahl.
62221;Vj. Index der Tarifverdienste und Arbeitszeiten;JAHR;Jahr;2018;DINSGF;Früheres Bundesgebiet / Neue Länder;DN;Neue Länder;WZ08C7;WZ2008 (ausgewählte Positionen): Tarifindex;WZ08-B-13;Prod. Gewerbe, Handel, Information u.Kommunikation;95,5;2020=100;VST073;Index d.tarifl. Monatsverdienste mit Sonderzahl.
62221;Vj. Index der Tarifverdienste und Arbeitszeiten;JAHR;Jahr;2018;DINSGF;Früheres Bundesgebiet / Neue Länder;DN;Neue Länder;WZ08C7;WZ2008 (ausgewählte Positionen): Tarifindex;WZ08-B-13;Prod. Gewerbe, Handel, Information u.Kommunikation;38,6;h;VST019;Durchschnittliche tarifliche Wochenarbeitszeit
62221;Vj. Index der Tarifverdienste und Arbeitszeiten;JAHR;Jahr;2018;DINSGF;Früheres Bundesgebiet / Neue Länder;DN;Neue Länder;WZ08C7;WZ2008 (ausgewählte Positionen): Tarifindex;WZ08-B-13;Prod. Gewerbe, Handel, Information u.Kommunikation;96,3;2020=100;VST066;Index d.tarifl. Monatsverdienste ohne Sonderzahl.
62221;Vj. Index der Tarifverdienste und Arbeitszeiten;JAHR;Jahr;2018;DINSGF;Früheres Bundesgebiet / Neue Länder;DN;Neue Länder;WZ08C7;WZ2008 (ausgewählte Positionen): Tarifindex;WZ08-B-13;Prod. Gewerbe, Handel, Information u.Kommunikation;100,2;2020=100;VST018;Index der tariflichen Wochenarbeitszeit
62221;Vj. Index der Tarifverdienste und Arbeitszeiten;JAHR;Jahr;2018;DINSGF;Früheres Bundesgebiet / Neue Länder;DN;Neue Länder;WZ08C7;WZ2008 (ausgewählte Positionen): Tarifindex;WZ08-B-13;Prod. Gewerbe, Handel, Information u.Kommunikation;96,2;2020=100;VST065;Index d.tarifl. Stundenverdienste ohne Sonderzahl.
62221;Vj. Index der Tarifverdienste und Arbeitszeiten;JAHR;Jahr;2023;DINSGF;Früheres Bundesgebiet / Neue Länder;DF;Früheres Bundesgebiet;WZ08C7;WZ2008 (ausgewählte Positionen): Tarifindex;WZ08-O;Öff. Verwaltung, Verteidigung, Sozialversicherung;105,8;2020=100;VST072;Index d.tarifl. Stundenverdienste mit Sonderzahl.
62221;Vj. Index der Tarifverdienste und Arbeitszeiten;JAHR;Jahr;2023;DINSGF;Früheres Bundesgebiet / Neue Länder;DF;Früheres Bundesgebiet;WZ08C7;WZ2008 (ausgewählte Positionen): Tarifindex;WZ08-O;Öff. Verwaltung, Verteidigung, Sozialversicherung;105,8;2020=100;VST073;Index d.tarifl. Monatsverdienste mit Sonderzahl.
62221;Vj. Index der Tarifverdienste und Arbeitszeiten;JAHR;Jahr;2023;DINSGF;Früheres Bundesgebiet / Neue Länder;DF;Früheres Bundesgebiet;WZ08C7;WZ2008 (ausgewählte Positionen): Tarifindex;WZ08-O;Öff. Verwaltung, Verteidigung, Sozialversicherung;40,1;h;VST019;Durchschnittliche tarifliche Wochenarbeitszeit
62221;Vj. Index der Tarifverdienste und Arbeitszeiten;JAHR;Jahr;2023;DINSGF;Früheres Bundesgebiet / Neue Länder;DF;Früheres Bundesgebiet;WZ08C7;WZ2008 (ausgewählte Positionen): Tarifindex;WZ08-O;Öff. Verwaltung, Verteidigung, Sozialversicherung;104,0;2020=100;VST066;Index d.tarifl. Monatsverdienste ohne Sonderzahl.
62221;Vj. Index der Tarifverdienste und Arbeitszeiten;JAHR;Jahr;2023;DINSGF;Früheres Bundesgebiet / Neue Länder;DF;Früheres Bundesgebiet;WZ08C7;WZ2008 (ausgewählte Positionen): Tarifindex;WZ08-O;Öff. Verwaltung, Verteidigung, Sozialversicherung;100,0;2020=100;VST018;Index der tariflichen Wochenarbeitszeit
62221;Vj. Index der Tarifverdienste und Arbeitszeiten;JAHR;Jahr;2023;DINSGF;Früheres Bundesgebiet / Neue Länder;DF;Früheres Bundesgebiet;WZ08C7;WZ2008 (ausgewählte Positionen): Tarifindex;WZ08-O;Öff. Verwaltung, Verteidigung, Sozialversicherung;104,0;2020=100;VST065;Index d.tarifl. Stundenverdienste ohne Sonderzahl.
62221;Vj. Index der Tarifverdienste und Arbeitszeiten;JAHR;Jahr;2018;DINSGF;Früheres Bundesgebiet / Neue Länder;DN;Neue Länder;WZ08C7;WZ2008 (ausgewählte Positionen): Tarifindex;WZ08-H-01;Verkehr und Lagerei, Information und Kommunikation;94,3;2020=100;VST072;Index d.tarifl. Stundenverdienste mit Sonderzahl.
62221;Vj. Index der Tarifverdienste und Arbeitszeiten;JAHR;Jahr;2018;DINSGF;Früheres Bundesgebiet / Neue Länder;DN;Neue Länder;WZ08C7;WZ2008 (ausgewählte Positionen): Tarifindex;WZ08-H-01;Verkehr und Lagerei, Information und Kommunikation;94,7;2020=100;VST073;Index d.tarifl. Monatsverdienste mit Sonderzahl.
62221;Vj. Index der Tarifverdienste und Arbeitszeiten;JAHR;Jahr;2018;DINSGF;Früheres Bundesgebiet / Neue Länder;DN;Neue Länder;WZ08C7;WZ2008 (ausgewählte Positionen): Tarifindex;WZ08-H-01;Verkehr und Lagerei, Information und Kommunikation;39,0;h;VST019;Durchschnittliche tarifliche Wochenarbeitszeit
62221;Vj. Index der Tarifverdienste und Arbeitszeiten;JAHR;Jahr;2018;DINSGF;Früheres Bundesgebiet / Neue Länder;DN;Neue Länder;WZ08C7;WZ2008 (ausgewählte Positionen): Tarifindex;WZ08-H-01;Verkehr und Lagerei, Information und Kommunikation;95,0;2020=100;VST066;Index d.tarifl. Monatsverdienste ohne Sonderzahl.
62221;Vj. Index der Tarifverdienste und Arbeitszeiten;JAHR;Jahr;2018;DINSGF;Früheres Bundesgebiet / Neue Länder;DN;Neue Länder;WZ08C7;WZ2008 (ausgewählte Positionen): Tarifindex;WZ08-H-01;Verkehr und Lagerei, Information und Kommunikation;100,3;2020=100;VST018;Index der tariflichen Wochenarbeitszeit
62221;Vj. Index der Tarifverdienste und Arbeitszeiten;JAHR;Jahr;2018;DINSGF;Früheres Bundesgebiet / Neue Länder;DN;Neue Länder;WZ08C7;WZ2008 (ausgewählte Positionen): Tarifindex;WZ08-H-01;Verkehr und Lagerei, Information und Kommunikation;94,6;2020=100;VST065;Index d.tarifl. Stundenverdienste ohne Sonderzahl.
62221;Vj. Index der Tarifverdienste und Arbeitszeiten;JAHR;Jahr;2021;DINSGF;Früheres Bundesgebiet / Neue Länder;DF;Früheres Bundesgebiet;WZ08C7;WZ2008 (ausgewählte Positionen): Tarifindex;WZ08-05;Kohlenbergbau;102,0;2020=100;VST072;Index d.tarifl. Stundenverdienste mit Sonderzahl.
62221;Vj. Index der Tarifverdienste und Arbeitszeiten;JAHR;Jahr;2021;DINSGF;Früheres Bundesgebiet / Neue Länder;DF;Früheres Bundesgebiet;WZ08C7;WZ2008 (ausgewählte Positionen): Tarifindex;WZ08-05;Kohlenbergbau;102,0;2020=100;VST073;Index d.tarifl. Monatsverdienste mit Sonderzahl.
62221;Vj. Index der Tarifverdienste und Arbeitszeiten;JAHR;Jahr;2021;DINSGF;Früheres Bundesgebiet / Neue Länder;DF;Früheres Bundesgebiet;WZ08C7;WZ2008 (ausgewählte Positionen): Tarifindex;WZ08-05;Kohlenbergbau;40,0;h;VST019;Durchschnittliche tarifliche Wochenarbeitszeit
62221;Vj. Index der Tarifverdienste und Arbeitszeiten;JAHR;Jahr;2021;DINSGF;Früheres Bundesgebiet / Neue Länder;DF;Früheres Bundesgebiet;WZ08C7;WZ2008 (ausgewählte Positionen): Tarifindex;WZ08-05;Kohlenbergbau;102,1;2020=100;VST066;Index d.tarifl. Monatsverdienste ohne Sonderzahl.
62221;Vj. Index der Tarifverdienste und Arbeitszeiten;JAHR;Jahr;2021;DINSGF;Früheres Bundesgebiet / Neue Länder;DF;Früheres Bundesgebiet;WZ08C7;WZ2008 (ausgewählte Positionen): Tarifindex;WZ08-05;Kohlenbergbau;100,0;2020=100;VST018;Index der tariflichen Wochenarbeitszeit
62221;Vj. Index der Tarifverdienste und Arbeitszeiten;JAHR;Jahr;2021;DINSGF;Früheres Bundesgebiet / Neue Länder;DF;Früheres Bundesgebiet;WZ08C7;WZ2008 (ausgewählte Positionen): Tarifindex;WZ08-05;Kohlenbergbau;102,1;2020=100;VST065;Index d.tarifl. Stundenverdienste ohne Sonderzahl.
62221;Vj. Index der Tarifverdienste und Arbeitszeiten;JAHR;Jahr;2016;DINSGF;Früheres Bundesgebiet / Neue Länder;DF;Früheres Bundesgebiet;WZ08C7;WZ2008 (ausgewählte Positionen): Tarifindex;WZ-X001;Vorleistungsgüterproduzenten;90,5;2020=100;VST072;Index d.tarifl. Stundenverdienste mit Sonderzahl.
62221;Vj. Index der Tarifverdienste und Arbeitszeiten;JAHR;Jahr;2016;DINSGF;Früheres Bundesgebiet / Neue Länder;DF;Früheres Bundesgebiet;WZ08C7;WZ2008 (ausgewählte Positionen): Tarifindex;WZ-X001;Vorleistungsgüterproduzenten;90,5;2020=100;VST073;Index d.tarifl. Monatsverdienste mit Sonderzahl.
62221;Vj. Index der Tarifverdienste und Arbeitszeiten;JAHR;Jahr;2016;DINSGF;Früheres Bundesgebiet / Neue Länder;DF;Früheres Bundesgebiet;WZ08C7;WZ2008 (ausgewählte Positionen): Tarifindex;WZ-X001;Vorleistungsgüterproduzenten;36,7;h;VST019;Durchschnittliche tarifliche Wochenarbeitszeit
62221;Vj. Index der Tarifverdienste und Arbeitszeiten;JAHR;Jahr;2016;DINSGF;Früheres Bundesgebiet / Neue Länder;DF;Früheres Bundesgebiet;WZ08C7;WZ2008 (ausgewählte Positionen): Tarifindex;WZ-X001;Vorleistungsgüterproduzenten;92,0;2020=100;VST066;Index d.tarifl. Monatsverdienste ohne Sonderzahl.
62221;Vj. Index der Tarifverdienste und Arbeitszeiten;JAHR;Jahr;2016;DINSGF;Früheres Bundesgebiet / Neue Länder;DF;Früheres Bundesgebiet;WZ08C7;WZ2008 (ausgewählte Positionen): Tarifindex;WZ-X001;Vorleistungsgüterproduzenten;100,0;2020=100;VST018;Index der tariflichen Wochenarbeitszeit
62221;Vj. Index der Tarifverdienste und Arbeitszeiten;JAHR;Jahr;2016;DINSGF;Früheres Bundesgebiet / Neue Länder;DF;Früheres Bundesgebiet;WZ08C7;WZ2008 (ausgewählte Positionen): Tarifindex;WZ-X001;Vorleistungsgüterproduzenten;92,0;2020=100;VST065;Index d.tarifl. Stundenverdienste ohne Sonderzahl.
62221;Vj. Index der Tarifverdienste und Arbeitszeiten;JAHR;Jahr;2025;DINSGF;Früheres Bundesgebiet / Neue Länder;DN;Neue Länder;WZ08C7;WZ2008 (ausgewählte Positionen): Tarifindex;WZ08-14;Herstellung von Bekleidung;-;2020=100;VST072;Index d.tarifl. Stundenverdienste mit Sonderzahl.
62221;Vj. Index der Tarifverdienste und Arbeitszeiten;JAHR;Jahr;2025;DINSGF;Früheres Bundesgebiet / Neue Länder;DN;Neue Länder;WZ08C7;WZ2008 (ausgewählte Positionen): Tarifindex;WZ08-14;Herstellung von Bekleidung;-;2020=100;VST073;Index d.tarifl. Monatsverdienste mit Sonderzahl.
62221;Vj. Index der Tarifverdienste und Arbeitszeiten;JAHR;Jahr;2025;DINSGF;Früheres Bundesgebiet / Neue Länder;DN;Neue Länder;WZ08C7;WZ2008 (ausgewählte Positionen): Tarifindex;WZ08-14;Herstellung von Bekleidung;-;h;VST019;Durchschnittliche tarifliche Wochenarbeitszeit
62221;Vj. Index der Tarifverdienste und Arbeitszeiten;JAHR;Jahr;2025;DINSGF;Früheres Bundesgebiet / Neue Länder;DN;Neue Länder;WZ08C7;WZ2008 (ausgewählte Positionen): Tarifindex;WZ08-14;Herstellung von Bekleidung;-;2020=100;VST066;Index d.tarifl. Monatsverdienste ohne Sonderzahl.
62221;Vj. Index der Tarifverdienste und Arbeitszeiten;JAHR;Jahr;2025;DINSGF;Früheres Bundesgebiet / Neue Länder;DN;Neue Länder;WZ08C7;WZ2008 (ausgewählte Positionen): Tarifindex;WZ08-14;Herstellung von Bekleidung;-;2020=100;VST018;Index der tariflichen Wochenarbeitszeit
62221;Vj. Index der Tarifverdienste und Arbeitszeiten;JAHR;Jahr;2025;DINSGF;Früheres Bundesgebiet / Neue Länder;DN;Neue Länder;WZ08C7;WZ2008 (ausgewählte Positionen): Tarifindex;WZ08-14;Herstellung von Bekleidung;-;2020=100;VST065;Index d.tarifl. Stundenverdienste ohne Sonderzahl.
62221;Vj. Index der Tarifverdienste und Arbeitszeiten;JAHR;Jahr;2016;DINSGF;Früheres Bundesgebiet / Neue Länder;DF;Früheres Bundesgebiet;WZ08C7;WZ2008 (ausgewählte Positionen): Tarifindex;WZ08-37;Abwasserentsorgung;89,9;2020=100;VST072;Index d.tarifl. Stundenverdienste mit Sonderzahl.
62221;Vj. Index der Tarifverdienste und Arbeitszeiten;JAHR;Jahr;2016;DINSGF;Früheres Bundesgebiet / Neue Länder;DF;Früheres Bundesgebiet;WZ08C7;WZ2008 (ausgewählte Positionen): Tarifindex;WZ08-37;Abwasserentsorgung;89,9;2020=100;VST073;Index d.tarifl. Monatsverdienste mit Sonderzahl.
62221;Vj. Index der Tarifverdienste und Arbeitszeiten;JAHR;Jahr;2016;DINSGF;Früheres Bundesgebiet / Neue Länder;DF;Früheres Bundesgebiet;WZ08C7;WZ2008 (ausgewählte Positionen): Tarifindex;WZ08-37;Abwasserentsorgung;39,0;h;VST019;Durchschnittliche tarifliche Wochenarbeitszeit
62221;Vj. Index der Tarifverdienste und Arbeitszeiten;JAHR;Jahr;2016;DINSGF;Früheres Bundesgebiet / Neue Länder;DF;Früheres Bundesgebiet;WZ08C7;WZ2008 (ausgewählte Positionen): Tarifindex;WZ08-37;Abwasserentsorgung;89,8;2020=100;VST066;Index d.tarifl. Monatsverdienste ohne Sonderzahl.
62221;Vj. Index der Tarifverdienste und Arbeitszeiten;JAHR;Jahr;2016;DINSGF;Früheres Bundesgebiet / Neue Länder;DF;Früheres Bundesgebiet;WZ08C7;WZ2008 (ausgewählte Positionen): Tarifindex;WZ08-37;Abwasserentsorgung;100,0;2020=100;VST018;Index der tariflichen Wochenarbeitszeit
62221;Vj. Index der Tarifverdienste und Arbeitszeiten;JAHR;Jahr;2016;DINSGF;Früheres Bundesgebiet / Neue Länder;DF;Früheres Bundesgebiet;WZ08C7;WZ2008 (ausgewählte Positionen): Tarifindex;WZ08-37;Abwasserentsorgung;89,8;2020=100;VST065;Index d.tarifl. Stundenverdienste ohne Sonderzahl.
62221;Vj. Index der Tarifverdienste und Arbeitszeiten;JAHR;Jahr;2021;DINSGF;Früheres Bundesgebiet / Neue Länder;DN;Neue Länder;WZ08C7;WZ2008 (ausgewählte Positionen): Tarifindex;WZ08-93;Dienstleistungen d.Sports,d.Unterhaltg.u.Erholung;100,6;2020=100;VST072;Index d.tarifl. Stundenverdienste mit Sonderzahl.
62221;Vj. Index der Tarifverdienste und Arbeitszeiten;JAHR;Jahr;2021;DINSGF;Früheres Bundesgebiet / Neue Länder;DN;Neue Länder;WZ08C7;WZ2008 (ausgewählte Positionen): Tarifindex;WZ08-93;Dienstleistungen d.Sports,d.Unterhaltg.u.Erholung;100,6;2020=100;VST073;Index d.tarifl. Monatsverdienste mit Sonderzahl.
62221;Vj. Index der Tarifverdienste und Arbeitszeiten;JAHR;Jahr;2021;DINSGF;Früheres Bundesgebiet / Neue Länder;DN;Neue Länder;WZ08C7;WZ2008 (ausgewählte Positionen): Tarifindex;WZ08-93;Dienstleistungen d.Sports,d.Unterhaltg.u.Erholung;38,8;h;VST019;Durchschnittliche tarifliche Wochenarbeitszeit
62221;Vj. Index der Tarifverdienste und Arbeitszeiten;JAHR;Jahr;2021;DINSGF;Früheres Bundesgebiet / Neue Länder;DN;Neue Länder;WZ08C7;WZ2008 (ausgewählte Positionen): Tarifindex;WZ08-93;Dienstleistungen d.Sports,d.Unterhaltg.u.Erholung;101,1;2020=100;VST066;Index d.tarifl. Monatsverdienste ohne Sonderzahl.
62221;Vj. Index der Tarifverdienste und Arbeitszeiten;JAHR;Jahr;2021;DINSGF;Früheres Bundesgebiet / Neue Länder;DN;Neue Länder;WZ08C7;WZ2008 (ausgewählte Positionen): Tarifindex;WZ08-93;Dienstleistungen d.Sports,d.Unterhaltg.u.Erholung;100,0;2020=100;VST018;Index der tariflichen Wochenarbeitszeit
62221;Vj. Index der Tarifverdienste und Arbeitszeiten;JAHR;Jahr;2021;DINSGF;Früheres Bundesgebiet / Neue Länder;DN;Neue Länder;WZ08C7;WZ2008 (ausgewählte Positionen): Tarifindex;WZ08-93;Dienstleistungen d.Sports,d.Unterhaltg.u.Erholung;101,1;2020=100;VST065;Index d.tarifl. Stundenverdienste ohne Sonderzahl.
62221;Vj. Index der Tarifverdienste und Arbeitszeiten;JAHR;Jahr;2017;DINSGF;Früheres Bundesgebiet / Neue Länder;DF;Früheres Bundesgebiet;WZ08C7;WZ2008 (ausgewählte Positionen): Tarifindex;WZ08-15;Herstellung von Leder, Lederwaren und Schuhen;96,0;2020=100;VST072;Index d.tarifl. Stundenverdienste mit Sonderzahl.
62221;Vj. Index der Tarifverdienste und Arbeitszeiten;JAHR;Jahr;2017;DINSGF;Früheres Bundesgebiet / Neue Länder;DF;Früheres Bundesgebiet;WZ08C7;WZ2008 (ausgewählte Positionen): Tarifindex;WZ08-15;Herstellung von Leder, Lederwaren und Schuhen;96,0;2020=100;VST073;Index d.tarifl. Monatsverdienste mit Sonderzahl.
62221;Vj. Index der Tarifverdienste und Arbeitszeiten;JAHR;Jahr;2017;DINSGF;Früheres Bundesgebiet / Neue Länder;DF;Früheres Bundesgebiet;WZ08C7;WZ2008 (ausgewählte Positionen): Tarifindex;WZ08-15;Herstellung von Leder, Lederwaren und Schuhen;38,8;h;VST019;Durchschnittliche tarifliche Wochenarbeitszeit
62221;Vj. Index der Tarifverdienste und Arbeitszeiten;JAHR;Jahr;2017;DINSGF;Früheres Bundesgebiet / Neue Länder;DF;Früheres Bundesgebiet;WZ08C7;WZ2008 (ausgewählte Positionen): Tarifindex;WZ08-15;Herstellung von Leder, Lederwaren und Schuhen;96,2;2020=100;VST066;Index d.tarifl. Monatsverdienste ohne Sonderzahl.
62221;Vj. Index der Tarifverdienste und Arbeitszeiten;JAHR;Jahr;2017;DINSGF;Früheres Bundesgebiet / Neue Länder;DF;Früheres Bundesgebiet;WZ08C7;WZ2008 (ausgewählte Positionen): Tarifindex;WZ08-15;Herstellung von Leder, Lederwaren und Schuhen;100,0;2020=100;VST018;Index der tariflichen Wochenarbeitszeit
62221;Vj. Index der Tarifverdienste und Arbeitszeiten;JAHR;Jahr;2017;DINSGF;Früheres Bundesgebiet / Neue Länder;DF;Früheres Bundesgebiet;WZ08C7;WZ2008 (ausgewählte Positionen): Tarifindex;WZ08-15;Herstellung von Leder, Lederwaren und Schuhen;96,2;2020=100;VST065;Index d.tarifl. Stundenverdienste ohne Sonderzahl.
62221;Vj. Index der Tarifverdienste und Arbeitszeiten;JAHR;Jahr;2016;DINSGF;Früheres Bundesgebiet / Neue Länder;DF;Früheres Bundesgebiet;WZ08C7;WZ2008 (ausgewählte Positionen): Tarifindex;WZ08-46;Großhandel (ohne Handel mit Kraftfahrzeugen);91,3;2020=100;VST072;Index d.tarifl. Stundenverdienste mit Sonderzahl.
62221;Vj. Index der Tarifverdienste und Arbeitszeiten;JAHR;Jahr;2016;DINSGF;Früheres Bundesgebiet / Neue Länder;DF;Früheres Bundesgebiet;WZ08C7;WZ2008 (ausgewählte Positionen): Tarifindex;WZ08-46;Großhandel (ohne Handel mit Kraftfahrzeugen);91,3;2020=100;VST073;Index d.tarifl. Monatsverdienste mit Sonderzahl.
62221;Vj. Index der Tarifverdienste und Arbeitszeiten;JAHR;Jahr;2016;DINSGF;Früheres Bundesgebiet / Neue Länder;DF;Früheres Bundesgebiet;WZ08C7;WZ2008 (ausgewählte Positionen): Tarifindex;WZ08-46;Großhandel (ohne Handel mit Kraftfahrzeugen);37,8;h;VST019;Durchschnittliche tarifliche Wochenarbeitszeit
62221;Vj. Index der Tarifverdienste und Arbeitszeiten;JAHR;Jahr;2016;DINSGF;Früheres Bundesgebiet / Neue Länder;DF;Früheres Bundesgebiet;WZ08C7;WZ2008 (ausgewählte Positionen): Tarifindex;WZ08-46;Großhandel (ohne Handel mit Kraftfahrzeugen);91,7;2020=100;VST066;Index d.tarifl. Monatsverdienste ohne Sonderzahl.
62221;Vj. Index der Tarifverdienste und Arbeitszeiten;JAHR;Jahr;2016;DINSGF;Früheres Bundesgebiet / Neue Länder;DF;Früheres Bundesgebiet;WZ08C7;WZ2008 (ausgewählte Positionen): Tarifindex;WZ08-46;Großhandel (ohne Handel mit Kraftfahrzeugen);100,0;2020=100;VST018;Index der tariflichen Wochenarbeitszeit
62221;Vj. Index der Tarifverdienste und Arbeitszeiten;JAHR;Jahr;2016;DINSGF;Früheres Bundesgebiet / Neue Länder;DF;Früheres Bundesgebiet;WZ08C7;WZ2008 (ausgewählte Positionen): Tarifindex;WZ08-46;Großhandel (ohne Handel mit Kraftfahrzeugen);91,7;2020=100;VST065;Index d.tarifl. Stundenverdienste ohne Sonderzahl.
62221;Vj. Index der Tarifverdienste und Arbeitszeiten;JAHR;Jahr;2025;DINSGF;Früheres Bundesgebiet / Neue Länder;DN;Neue Länder;WZ08C7;WZ2008 (ausgewählte Positionen): Tarifindex;WZ08-05;Kohlenbergbau;116,9;2020=100;VST072;Index d.tarifl. Stundenverdienste mit Sonderzahl.
62221;Vj. Index der Tarifverdienste und Arbeitszeiten;JAHR;Jahr;2025;DINSGF;Früheres Bundesgebiet / Neue Länder;DN;Neue Länder;WZ08C7;WZ2008 (ausgewählte Positionen): Tarifindex;WZ08-05;Kohlenbergbau;116,9;2020=100;VST073;Index d.tarifl. Monatsverdienste mit Sonderzahl.
62221;Vj. Index der Tarifverdienste und Arbeitszeiten;JAHR;Jahr;2025;DINSGF;Früheres Bundesgebiet / Neue Länder;DN;Neue Länder;WZ08C7;WZ2008 (ausgewählte Positionen): Tarifindex;WZ08-05;Kohlenbergbau;37,0;h;VST019;Durchschnittliche tarifliche Wochenarbeitszeit
62221;Vj. Index der Tarifverdienste und Arbeitszeiten;JAHR;Jahr;2025;DINSGF;Früheres Bundesgebiet / Neue Länder;DN;Neue Länder;WZ08C7;WZ2008 (ausgewählte Positionen): Tarifindex;WZ08-05;Kohlenbergbau;116,7;2020=100;VST066;Index d.tarifl. Monatsverdienste ohne Sonderzahl.
62221;Vj. Index der Tarifverdienste und Arbeitszeiten;JAHR;Jahr;2025;DINSGF;Früheres Bundesgebiet / Neue Länder;DN;Neue Länder;WZ08C7;WZ2008 (ausgewählte Positionen): Tarifindex;WZ08-05;Kohlenbergbau;100,0;2020=100;VST018;Index der tariflichen Wochenarbeitszeit
62221;Vj. Index der Tarifverdienste und Arbeitszeiten;JAHR;Jahr;2025;DINSGF;Früheres Bundesgebiet / Neue Länder;DN;Neue Länder;WZ08C7;WZ2008 (ausgewählte Positionen): Tarifindex;WZ08-05;Kohlenbergbau;116,7;2020=100;VST065;Index d.tarifl. Stundenverdienste ohne Sonderzahl.
62221;Vj. Index der Tarifverdienste und Arbeitszeiten;JAHR;Jahr;2024;DINSGF;Früheres Bundesgebiet / Neue Länder;DF;Früheres Bundesgebiet;WZ08C7;WZ2008 (ausgewählte Positionen): Tarifindex;WZ08-13-01;Textil- und Bekleidungsgewerbe;112,2;2020=100;VST072;Index d.tarifl. Stundenverdienste mit Sonderzahl.
62221;Vj. Index der Tarifverdienste und Arbeitszeiten;JAHR;Jahr;2024;DINSGF;Früheres Bundesgebiet / Neue Länder;DF;Früheres Bundesgebiet;WZ08C7;WZ2008 (ausgewählte Positionen): Tarifindex;WZ08-13-01;Textil- und Bekleidungsgewerbe;112,2;2020=100;VST073;Index d.tarifl. Monatsverdienste mit Sonderzahl.
62221;Vj. Index der Tarifverdienste und Arbeitszeiten;JAHR;Jahr;2024;DINSGF;Früheres Bundesgebiet / Neue Länder;DF;Früheres Bundesgebiet;WZ08C7;WZ2008 (ausgewählte Positionen): Tarifindex;WZ08-13-01;Textil- und Bekleidungsgewerbe;37,0;h;VST019;Durchschnittliche tarifliche Wochenarbeitszeit
62221;Vj. Index der Tarifverdienste und Arbeitszeiten;JAHR;Jahr;2024;DINSGF;Früheres Bundesgebiet / Neue Länder;DF;Früheres Bundesgebiet;WZ08C7;WZ2008 (ausgewählte Positionen): Tarifindex;WZ08-13-01;Textil- und Bekleidungsgewerbe;110,7;2020=100;VST066;Index d.tarifl. Monatsverdienste ohne Sonderzahl.
62221;Vj. Index der Tarifverdienste und Arbeitszeiten;JAHR;Jahr;2024;DINSGF;Früheres Bundesgebiet / Neue Länder;DF;Früheres Bundesgebiet;WZ08C7;WZ2008 (ausgewählte Positionen): Tarifindex;WZ08-13-01;Textil- und Bekleidungsgewerbe;100,0;2020=100;VST018;Index der tariflichen Wochenarbeitszeit
62221;Vj. Index der Tarifverdienste und Arbeitszeiten;JAHR;Jahr;2024;DINSGF;Früheres Bundesgebiet / Neue Länder;DF;Früheres Bundesgebiet;WZ08C7;WZ2008 (ausgewählte Positionen): Tarifindex;WZ08-13-01;Textil- und Bekleidungsgewerbe;110,7;2020=100;VST065;Index d.tarifl. Stundenverdienste ohne Sonderzahl.
62221;Vj. Index der Tarifverdienste und Arbeitszeiten;JAHR;Jahr;2017;DINSGF;Früheres Bundesgebiet / Neue Länder;DF;Früheres Bundesgebiet;WZ08C7;WZ2008 (ausgewählte Positionen): Tarifindex;WZ08-51;Luftfahrt;97,9;2020=100;VST072;Index d.tarifl. Stundenverdienste mit Sonderzahl.
62221;Vj. Index der Tarifverdienste und Arbeitszeiten;JAHR;Jahr;2017;DINSGF;Früheres Bundesgebiet / Neue Länder;DF;Früheres Bundesgebiet;WZ08C7;WZ2008 (ausgewählte Positionen): Tarifindex;WZ08-51;Luftfahrt;97,9;2020=100;VST073;Index d.tarifl. Monatsverdienste mit Sonderzahl.
62221;Vj. Index der Tarifverdienste und Arbeitszeiten;JAHR;Jahr;2017;DINSGF;Früheres Bundesgebiet / Neue Länder;DF;Früheres Bundesgebiet;WZ08C7;WZ2008 (ausgewählte Positionen): Tarifindex;WZ08-51;Luftfahrt;38,0;h;VST019;Durchschnittliche tarifliche Wochenarbeitszeit
62221;Vj. Index der Tarifverdienste und Arbeitszeiten;JAHR;Jahr;2017;DINSGF;Früheres Bundesgebiet / Neue Länder;DF;Früheres Bundesgebiet;WZ08C7;WZ2008 (ausgewählte Positionen): Tarifindex;WZ08-51;Luftfahrt;94,4;2020=100;VST066;Index d.tarifl. Monatsverdienste ohne Sonderzahl.
62221;Vj. Index der Tarifverdienste und Arbeitszeiten;JAHR;Jahr;2017;DINSGF;Früheres Bundesgebiet / Neue Länder;DF;Früheres Bundesgebiet;WZ08C7;WZ2008 (ausgewählte Positionen): Tarifindex;WZ08-51;Luftfahrt;100,0;2020=100;VST018;Index der tariflichen Wochenarbeitszeit
62221;Vj. Index der Tarifverdienste und Arbeitszeiten;JAHR;Jahr;2017;DINSGF;Früheres Bundesgebiet / Neue Länder;DF;Früheres Bundesgebiet;WZ08C7;WZ2008 (ausgewählte Positionen): Tarifindex;WZ08-51;Luftfahrt;94,4;2020=100;VST065;Index d.tarifl. Stundenverdienste ohne Sonderzahl.
62221;Vj. Index der Tarifverdienste und Arbeitszeiten;JAHR;Jahr;2017;DINSGF;Früheres Bundesgebiet / Neue Länder;DF;Früheres Bundesgebiet;WZ08C7;WZ2008 (ausgewählte Positionen): Tarifindex;WZ08-24;Metallerzeugung und -bearbeitung;92,6;2020=100;VST072;Index d.tarifl. Stundenverdienste mit Sonderzahl.
62221;Vj. Index der Tarifverdienste und Arbeitszeiten;JAHR;Jahr;2017;DINSGF;Früheres Bundesgebiet / Neue Länder;DF;Früheres Bundesgebiet;WZ08C7;WZ2008 (ausgewählte Positionen): Tarifindex;WZ08-24;Metallerzeugung und -bearbeitung;92,6;2020=100;VST073;Index d.tarifl. Monatsverdienste mit Sonderzahl.
62221;Vj. Index der Tarifverdienste und Arbeitszeiten;JAHR;Jahr;2017;DINSGF;Früheres Bundesgebiet / Neue Länder;DF;Früheres Bundesgebiet;WZ08C7;WZ2008 (ausgewählte Positionen): Tarifindex;WZ08-24;Metallerzeugung und -bearbeitung;35,1;h;VST019;Durchschnittliche tarifliche Wochenarbeitszeit
62221;Vj. Index der Tarifverdienste und Arbeitszeiten;JAHR;Jahr;2017;DINSGF;Früheres Bundesgebiet / Neue Länder;DF;Früheres Bundesgebiet;WZ08C7;WZ2008 (ausgewählte Positionen): Tarifindex;WZ08-24;Metallerzeugung und -bearbeitung;95,0;2020=100;VST066;Index d.tarifl. Monatsverdienste ohne Sonderzahl.
62221;Vj. Index der Tarifverdienste und Arbeitszeiten;JAHR;Jahr;2017;DINSGF;Früheres Bundesgebiet / Neue Länder;DF;Früheres Bundesgebiet;WZ08C7;WZ2008 (ausgewählte Positionen): Tarifindex;WZ08-24;Metallerzeugung und -bearbeitung;100,0;2020=100;VST018;Index der tariflichen Wochenarbeitszeit
62221;Vj. Index der Tarifverdienste und Arbeitszeiten;JAHR;Jahr;2017;DINSGF;Früheres Bundesgebiet / Neue Länder;DF;Früheres Bundesgebiet;WZ08C7;WZ2008 (ausgewählte Positionen): Tarifindex;WZ08-24;Metallerzeugung und -bearbeitung;95,0;2020=100;VST065;Index d.tarifl. Stundenverdienste ohne Sonderzahl.
62221;Vj. Index der Tarifverdienste und Arbeitszeiten;JAHR;Jahr;2023;DINSGF;Früheres Bundesgebiet / Neue Länder;DF;Früheres Bundesgebiet;WZ08C7;WZ2008 (ausgewählte Positionen): Tarifindex;WZ08-16;H.v. Holz-, Flecht-, Korb-u.Korkwaren (ohne Möbel);106,2;2020=100;VST072;Index d.tarifl. Stundenverdienste mit Sonderzahl.
62221;Vj. Index der Tarifverdienste und Arbeitszeiten;JAHR;Jahr;2023;DINSGF;Früheres Bundesgebiet / Neue Länder;DF;Früheres Bundesgebiet;WZ08C7;WZ2008 (ausgewählte Positionen): Tarifindex;WZ08-16;H.v. Holz-, Flecht-, Korb-u.Korkwaren (ohne Möbel);106,2;2020=100;VST073;Index d.tarifl. Monatsverdienste mit Sonderzahl.
62221;Vj. Index der Tarifverdienste und Arbeitszeiten;JAHR;Jahr;2023;DINSGF;Früheres Bundesgebiet / Neue Länder;DF;Früheres Bundesgebiet;WZ08C7;WZ2008 (ausgewählte Positionen): Tarifindex;WZ08-16;H.v. Holz-, Flecht-, Korb-u.Korkwaren (ohne Möbel);37,3;h;VST019;Durchschnittliche tarifliche Wochenarbeitszeit
62221;Vj. Index der Tarifverdienste und Arbeitszeiten;JAHR;Jahr;2023;DINSGF;Früheres Bundesgebiet / Neue Länder;DF;Früheres Bundesgebiet;WZ08C7;WZ2008 (ausgewählte Positionen): Tarifindex;WZ08-16;H.v. Holz-, Flecht-, Korb-u.Korkwaren (ohne Möbel);106,5;2020=100;VST066;Index d.tarifl. Monatsverdienste ohne Sonderzahl.
62221;Vj. Index der Tarifverdienste und Arbeitszeiten;JAHR;Jahr;2023;DINSGF;Früheres Bundesgebiet / Neue Länder;DF;Früheres Bundesgebiet;WZ08C7;WZ2008 (ausgewählte Positionen): Tarifindex;WZ08-16;H.v. Holz-, Flecht-, Korb-u.Korkwaren (ohne Möbel);100,0;2020=100;VST018;Index der tariflichen Wochenarbeitszeit
62221;Vj. Index der Tarifverdienste und Arbeitszeiten;JAHR;Jahr;2023;DINSGF;Früheres Bundesgebiet / Neue Länder;DF;Früheres Bundesgebiet;WZ08C7;WZ2008 (ausgewählte Positionen): Tarifindex;WZ08-16;H.v. Holz-, Flecht-, Korb-u.Korkwaren (ohne Möbel);106,5;2020=100;VST065;Index d.tarifl. Stundenverdienste ohne Sonderzahl.
62221;Vj. Index der Tarifverdienste und Arbeitszeiten;JAHR;Jahr;2017;DINSGF;Früheres Bundesgebiet / Neue Länder;DF;Früheres Bundesgebiet;WZ08C7;WZ2008 (ausgewählte Positionen): Tarifindex;WZ08-33;Reparatur u.Installation von Masch.u.Ausrüstungen;93,1;2020=100;VST072;Index d.tarifl. Stundenverdienste mit Sonderzahl.
62221;Vj. Index der Tarifverdienste und Arbeitszeiten;JAHR;Jahr;2017;DINSGF;Früheres Bundesgebiet / Neue Länder;DF;Früheres Bundesgebiet;WZ08C7;WZ2008 (ausgewählte Positionen): Tarifindex;WZ08-33;Reparatur u.Installation von Masch.u.Ausrüstungen;93,1;2020=100;VST073;Index d.tarifl. Monatsverdienste mit Sonderzahl.
62221;Vj. Index der Tarifverdienste und Arbeitszeiten;JAHR;Jahr;2017;DINSGF;Früheres Bundesgebiet / Neue Länder;DF;Früheres Bundesgebiet;WZ08C7;WZ2008 (ausgewählte Positionen): Tarifindex;WZ08-33;Reparatur u.Installation von Masch.u.Ausrüstungen;36,6;h;VST019;Durchschnittliche tarifliche Wochenarbeitszeit
62221;Vj. Index der Tarifverdienste und Arbeitszeiten;JAHR;Jahr;2017;DINSGF;Früheres Bundesgebiet / Neue Länder;DF;Früheres Bundesgebiet;WZ08C7;WZ2008 (ausgewählte Positionen): Tarifindex;WZ08-33;Reparatur u.Installation von Masch.u.Ausrüstungen;94,5;2020=100;VST066;Index d.tarifl. Monatsverdienste ohne Sonderzahl.
62221;Vj. Index der Tarifverdienste und Arbeitszeiten;JAHR;Jahr;2017;DINSGF;Früheres Bundesgebiet / Neue Länder;DF;Früheres Bundesgebiet;WZ08C7;WZ2008 (ausgewählte Positionen): Tarifindex;WZ08-33;Reparatur u.Installation von Masch.u.Ausrüstungen;100,0;2020=100;VST018;Index der tariflichen Wochenarbeitszeit
62221;Vj. Index der Tarifverdienste und Arbeitszeiten;JAHR;Jahr;2017;DINSGF;Früheres Bundesgebiet / Neue Länder;DF;Früheres Bundesgebiet;WZ08C7;WZ2008 (ausgewählte Positionen): Tarifindex;WZ08-33;Reparatur u.Installation von Masch.u.Ausrüstungen;94,4;2020=100;VST065;Index d.tarifl. Stundenverdienste ohne Sonderzahl.
62221;Vj. Index der Tarifverdienste und Arbeitszeiten;JAHR;Jahr;2019;DINSGF;Früheres Bundesgebiet / Neue Länder;DF;Früheres Bundesgebiet;WZ08C7;WZ2008 (ausgewählte Positionen): Tarifindex;WZ08-10-02;Ernährungsgewerbe;98,0;2020=100;VST072;Index d.tarifl. Stundenverdienste mit Sonderzahl.
62221;Vj. Index der Tarifverdienste und Arbeitszeiten;JAHR;Jahr;2019;DINSGF;Früheres Bundesgebiet / Neue Länder;DF;Früheres Bundesgebiet;WZ08C7;WZ2008 (ausgewählte Positionen): Tarifindex;WZ08-10-02;Ernährungsgewerbe;98,0;2020=100;VST073;Index d.tarifl. Monatsverdienste mit Sonderzahl.
62221;Vj. Index der Tarifverdienste und Arbeitszeiten;JAHR;Jahr;2019;DINSGF;Früheres Bundesgebiet / Neue Länder;DF;Früheres Bundesgebiet;WZ08C7;WZ2008 (ausgewählte Positionen): Tarifindex;WZ08-10-02;Ernährungsgewerbe;38,3;h;VST019;Durchschnittliche tarifliche Wochenarbeitszeit
62221;Vj. Index der Tarifverdienste und Arbeitszeiten;JAHR;Jahr;2019;DINSGF;Früheres Bundesgebiet / Neue Länder;DF;Früheres Bundesgebiet;WZ08C7;WZ2008 (ausgewählte Positionen): Tarifindex;WZ08-10-02;Ernährungsgewerbe;97,9;2020=100;VST066;Index d.tarifl. Monatsverdienste ohne Sonderzahl.
62221;Vj. Index der Tarifverdienste und Arbeitszeiten;JAHR;Jahr;2019;DINSGF;Früheres Bundesgebiet / Neue Länder;DF;Früheres Bundesgebiet;WZ08C7;WZ2008 (ausgewählte Positionen): Tarifindex;WZ08-10-02;Ernährungsgewerbe;100,0;2020=100;VST018;Index der tariflichen Wochenarbeitszeit
62221;Vj. Index der Tarifverdienste und Arbeitszeiten;JAHR;Jahr;2019;DINSGF;Früheres Bundesgebiet / Neue Länder;DF;Früheres Bundesgebiet;WZ08C7;WZ2008 (ausgewählte Positionen): Tarifindex;WZ08-10-02;Ernährungsgewerbe;97,9;2020=100;VST065;Index d.tarifl. Stundenverdienste ohne Sonderzahl.
62221;Vj. Index der Tarifverdienste und Arbeitszeiten;JAHR;Jahr;2023;DINSGF;Früheres Bundesgebiet / Neue Länder;DF;Früheres Bundesgebiet;WZ08C7;WZ2008 (ausgewählte Positionen): Tarifindex;WZ08-491-01;Personen- u. Güterbeförderung im Eisenbahnverkehr;108,5;2020=100;VST072;Index d.tarifl. Stundenverdienste mit Sonderzahl.
62221;Vj. Index der Tarifverdienste und Arbeitszeiten;JAHR;Jahr;2023;DINSGF;Früheres Bundesgebiet / Neue Länder;DF;Früheres Bundesgebiet;WZ08C7;WZ2008 (ausgewählte Positionen): Tarifindex;WZ08-491-01;Personen- u. Güterbeförderung im Eisenbahnverkehr;108,5;2020=100;VST073;Index d.tarifl. Monatsverdienste mit Sonderzahl.
62221;Vj. Index der Tarifverdienste und Arbeitszeiten;JAHR;Jahr;2023;DINSGF;Früheres Bundesgebiet / Neue Länder;DF;Früheres Bundesgebiet;WZ08C7;WZ2008 (ausgewählte Positionen): Tarifindex;WZ08-491-01;Personen- u. Güterbeförderung im Eisenbahnverkehr;39,9;h;VST019;Durchschnittliche tarifliche Wochenarbeitszeit
62221;Vj. Index der Tarifverdienste und Arbeitszeiten;JAHR;Jahr;2023;DINSGF;Früheres Bundesgebiet / Neue Länder;DF;Früheres Bundesgebiet;WZ08C7;WZ2008 (ausgewählte Positionen): Tarifindex;WZ08-491-01;Personen- u. Güterbeförderung im Eisenbahnverkehr;103,3;2020=100;VST066;Index d.tarifl. Monatsverdienste ohne Sonderzahl.
62221;Vj. Index der Tarifverdienste und Arbeitszeiten;JAHR;Jahr;2023;DINSGF;Früheres Bundesgebiet / Neue Länder;DF;Früheres Bundesgebiet;WZ08C7;WZ2008 (ausgewählte Positionen): Tarifindex;WZ08-491-01;Personen- u. Güterbeförderung im Eisenbahnverkehr;100,0;2020=100;VST018;Index der tariflichen Wochenarbeitszeit
62221;Vj. Index der Tarifverdienste und Arbeitszeiten;JAHR;Jahr;2023;DINSGF;Früheres Bundesgebiet / Neue Länder;DF;Früheres Bundesgebiet;WZ08C7;WZ2008 (ausgewählte Positionen): Tarifindex;WZ08-491-01;Personen- u. Güterbeförderung im Eisenbahnverkehr;103,3;2020=100;VST065;Index d.tarifl. Stundenverdienste ohne Sonderzahl.
62221;Vj. Index der Tarifverdienste und Arbeitszeiten;JAHR;Jahr;2023;DINSGF;Früheres Bundesgebiet / Neue Länder;DF;Früheres Bundesgebiet;WZ08C7;WZ2008 (ausgewählte Positionen): Tarifindex;WZ08-25;Herstellung von Metallerzeugnissen;108,1;2020=100;VST072;Index d.tarifl. Stundenverdienste mit Sonderzahl.
62221;Vj. Index der Tarifverdienste und Arbeitszeiten;JAHR;Jahr;2023;DINSGF;Früheres Bundesgebiet / Neue Länder;DF;Früheres Bundesgebiet;WZ08C7;WZ2008 (ausgewählte Positionen): Tarifindex;WZ08-25;Herstellung von Metallerzeugnissen;108,1;2020=100;VST073;Index d.tarifl. Monatsverdienste mit Sonderzahl.
62221;Vj. Index der Tarifverdienste und Arbeitszeiten;JAHR;Jahr;2023;DINSGF;Früheres Bundesgebiet / Neue Länder;DF;Früheres Bundesgebiet;WZ08C7;WZ2008 (ausgewählte Positionen): Tarifindex;WZ08-25;Herstellung von Metallerzeugnissen;35,8;h;VST019;Durchschnittliche tarifliche Wochenarbeitszeit
62221;Vj. Index der Tarifverdienste und Arbeitszeiten;JAHR;Jahr;2023;DINSGF;Früheres Bundesgebiet / Neue Länder;DF;Früheres Bundesgebiet;WZ08C7;WZ2008 (ausgewählte Positionen): Tarifindex;WZ08-25;Herstellung von Metallerzeugnissen;103,8;2020=100;VST066;Index d.tarifl. Monatsverdienste ohne Sonderzahl.
62221;Vj. Index der Tarifverdienste und Arbeitszeiten;JAHR;Jahr;2023;DINSGF;Früheres Bundesgebiet / Neue Länder;DF;Früheres Bundesgebiet;WZ08C7;WZ2008 (ausgewählte Positionen): Tarifindex;WZ08-25;Herstellung von Metallerzeugnissen;100,0;2020=100;VST018;Index der tariflichen Wochenarbeitszeit
62221;Vj. Index der Tarifverdienste und Arbeitszeiten;JAHR;Jahr;2023;DINSGF;Früheres Bundesgebiet / Neue Länder;DF;Früheres Bundesgebiet;WZ08C7;WZ2008 (ausgewählte Positionen): Tarifindex;WZ08-25;Herstellung von Metallerzeugnissen;103,8;2020=100;VST065;Index d.tarifl. Stundenverdienste ohne Sonderzahl.
62221;Vj. Index der Tarifverdienste und Arbeitszeiten;JAHR;Jahr;2016;DINSGF;Früheres Bundesgebiet / Neue Länder;DF;Früheres Bundesgebiet;WZ08C7;WZ2008 (ausgewählte Positionen): Tarifindex;WZ08-73;Werbung und Marktforschung;90,3;2020=100;VST072;Index d.tarifl. Stundenverdienste mit Sonderzahl.
62221;Vj. Index der Tarifverdienste und Arbeitszeiten;JAHR;Jahr;2016;DINSGF;Früheres Bundesgebiet / Neue Länder;DF;Früheres Bundesgebiet;WZ08C7;WZ2008 (ausgewählte Positionen): Tarifindex;WZ08-73;Werbung und Marktforschung;90,3;2020=100;VST073;Index d.tarifl. Monatsverdienste mit Sonderzahl.
62221;Vj. Index der Tarifverdienste und Arbeitszeiten;JAHR;Jahr;2016;DINSGF;Früheres Bundesgebiet / Neue Länder;DF;Früheres Bundesgebiet;WZ08C7;WZ2008 (ausgewählte Positionen): Tarifindex;WZ08-73;Werbung und Marktforschung;38,2;h;VST019;Durchschnittliche tarifliche Wochenarbeitszeit
62221;Vj. Index der Tarifverdienste und Arbeitszeiten;JAHR;Jahr;2016;DINSGF;Früheres Bundesgebiet / Neue Länder;DF;Früheres Bundesgebiet;WZ08C7;WZ2008 (ausgewählte Positionen): Tarifindex;WZ08-73;Werbung und Marktforschung;90,2;2020=100;VST066;Index d.tarifl. Monatsverdienste ohne Sonderzahl.
62221;Vj. Index der Tarifverdienste und Arbeitszeiten;JAHR;Jahr;2016;DINSGF;Früheres Bundesgebiet / Neue Länder;DF;Früheres Bundesgebiet;WZ08C7;WZ2008 (ausgewählte Positionen): Tarifindex;WZ08-73;Werbung und Marktforschung;100,0;2020=100;VST018;Index der tariflichen Wochenarbeitszeit
62221;Vj. Index der Tarifverdienste und Arbeitszeiten;JAHR;Jahr;2016;DINSGF;Früheres Bundesgebiet / Neue Länder;DF;Früheres Bundesgebiet;WZ08C7;WZ2008 (ausgewählte Positionen): Tarifindex;WZ08-73;Werbung und Marktforschung;90,2;2020=100;VST065;Index d.tarifl. Stundenverdienste ohne Sonderzahl.
62221;Vj. Index der Tarifverdienste und Arbeitszeiten;JAHR;Jahr;2018;DINSGF;Früheres Bundesgebiet / Neue Länder;DN;Neue Länder;WZ08C7;WZ2008 (ausgewählte Positionen): Tarifindex;WZ08-Q;Gesundheits- und Sozialwesen;93,9;2020=100;VST072;Index d.tarifl. Stundenverdienste mit Sonderzahl.
62221;Vj. Index der Tarifverdienste und Arbeitszeiten;JAHR;Jahr;2018;DINSGF;Früheres Bundesgebiet / Neue Länder;DN;Neue Länder;WZ08C7;WZ2008 (ausgewählte Positionen): Tarifindex;WZ08-Q;Gesundheits- und Sozialwesen;93,9;2020=100;VST073;Index d.tarifl. Monatsverdienste mit Sonderzahl.
62221;Vj. Index der Tarifverdienste und Arbeitszeiten;JAHR;Jahr;2018;DINSGF;Früheres Bundesgebiet / Neue Länder;DN;Neue Länder;WZ08C7;WZ2008 (ausgewählte Positionen): Tarifindex;WZ08-Q;Gesundheits- und Sozialwesen;39,4;h;VST019;Durchschnittliche tarifliche Wochenarbeitszeit
62221;Vj. Index der Tarifverdienste und Arbeitszeiten;JAHR;Jahr;2018;DINSGF;Früheres Bundesgebiet / Neue Länder;DN;Neue Länder;WZ08C7;WZ2008 (ausgewählte Positionen): Tarifindex;WZ08-Q;Gesundheits- und Sozialwesen;93,8;2020=100;VST066;Index d.tarifl. Monatsverdienste ohne Sonderzahl.
62221;Vj. Index der Tarifverdienste und Arbeitszeiten;JAHR;Jahr;2018;DINSGF;Früheres Bundesgebiet / Neue Länder;DN;Neue Länder;WZ08C7;WZ2008 (ausgewählte Positionen): Tarifindex;WZ08-Q;Gesundheits- und Sozialwesen;100,1;2020=100;VST018;Index der tariflichen Wochenarbeitszeit
62221;Vj. Index der Tarifverdienste und Arbeitszeiten;JAHR;Jahr;2018;DINSGF;Früheres Bundesgebiet / Neue Länder;DN;Neue Länder;WZ08C7;WZ2008 (ausgewählte Positionen): Tarifindex;WZ08-Q;Gesundheits- und Sozialwesen;93,8;2020=100;VST065;Index d.tarifl. Stundenverdienste ohne Sonderzahl.
62221;Vj. Index der Tarifverdienste und Arbeitszeiten;JAHR;Jahr;2016;DINSGF;Früheres Bundesgebiet / Neue Länder;DF;Früheres Bundesgebiet;WZ08C7;WZ2008 (ausgewählte Positionen): Tarifindex;WZ08-79;Reisebüros, -veranstalter u. sonst. Reservierungen;94,9;2020=100;VST072;Index d.tarifl. Stundenverdienste mit Sonderzahl.
62221;Vj. Index der Tarifverdienste und Arbeitszeiten;JAHR;Jahr;2016;DINSGF;Früheres Bundesgebiet / Neue Länder;DF;Früheres Bundesgebiet;WZ08C7;WZ2008 (ausgewählte Positionen): Tarifindex;WZ08-79;Reisebüros, -veranstalter u. sonst. Reservierungen;94,9;2020=100;VST073;Index d.tarifl. Monatsverdienste mit Sonderzahl.
62221;Vj. Index der Tarifverdienste und Arbeitszeiten;JAHR;Jahr;2016;DINSGF;Früheres Bundesgebiet / Neue Länder;DF;Früheres Bundesgebiet;WZ08C7;WZ2008 (ausgewählte Positionen): Tarifindex;WZ08-79;Reisebüros, -veranstalter u. sonst. Reservierungen;38,7;h;VST019;Durchschnittliche tarifliche Wochenarbeitszeit
62221;Vj. Index der Tarifverdienste und Arbeitszeiten;JAHR;Jahr;2016;DINSGF;Früheres Bundesgebiet / Neue Länder;DF;Früheres Bundesgebiet;WZ08C7;WZ2008 (ausgewählte Positionen): Tarifindex;WZ08-79;Reisebüros, -veranstalter u. sonst. Reservierungen;95,0;2020=100;VST066;Index d.tarifl. Monatsverdienste ohne Sonderzahl.
62221;Vj. Index der Tarifverdienste und Arbeitszeiten;JAHR;Jahr;2016;DINSGF;Früheres Bundesgebiet / Neue Länder;DF;Früheres Bundesgebiet;WZ08C7;WZ2008 (ausgewählte Positionen): Tarifindex;WZ08-79;Reisebüros, -veranstalter u. sonst. Reservierungen;100,0;2020=100;VST018;Index der tariflichen Wochenarbeitszeit
62221;Vj. Index der Tarifverdienste und Arbeitszeiten;JAHR;Jahr;2016;DINSGF;Früheres Bundesgebiet / Neue Länder;DF;Früheres Bundesgebiet;WZ08C7;WZ2008 (ausgewählte Positionen): Tarifindex;WZ08-79;Reisebüros, -veranstalter u. sonst. Reservierungen;95,0;2020=100;VST065;Index d.tarifl. Stundenverdienste ohne Sonderzahl.
62221;Vj. Index der Tarifverdienste und Arbeitszeiten;JAHR;Jahr;2023;DINSGF;Früheres Bundesgebiet / Neue Länder;DN;Neue Länder;WZ08C7;WZ2008 (ausgewählte Positionen): Tarifindex;WZ08-59;Film, TV-Programme, Kinos, Tonstudios, Musikverlag;-;2020=100;VST072;Index d.tarifl. Stundenverdienste mit Sonderzahl.
62221;Vj. Index der Tarifverdienste und Arbeitszeiten;JAHR;Jahr;2023;DINSGF;Früheres Bundesgebiet / Neue Länder;DN;Neue Länder;WZ08C7;WZ2008 (ausgewählte Positionen): Tarifindex;WZ08-59;Film, TV-Programme, Kinos, Tonstudios, Musikverlag;-;2020=100;VST073;Index d.tarifl. Monatsverdienste mit Sonderzahl.
62221;Vj. Index der Tarifverdienste und Arbeitszeiten;JAHR;Jahr;2023;DINSGF;Früheres Bundesgebiet / Neue Länder;DN;Neue Länder;WZ08C7;WZ2008 (ausgewählte Positionen): Tarifindex;WZ08-59;Film, TV-Programme, Kinos, Tonstudios, Musikverlag;-;h;VST019;Durchschnittliche tarifliche Wochenarbeitszeit
62221;Vj. Index der Tarifverdienste und Arbeitszeiten;JAHR;Jahr;2023;DINSGF;Früheres Bundesgebiet / Neue Länder;DN;Neue Länder;WZ08C7;WZ2008 (ausgewählte Positionen): Tarifindex;WZ08-59;Film, TV-Programme, Kinos, Tonstudios, Musikverlag;-;2020=100;VST066;Index d.tarifl. Monatsverdienste ohne Sonderzahl.
62221;Vj. Index der Tarifverdienste und Arbeitszeiten;JAHR;Jahr;2023;DINSGF;Früheres Bundesgebiet / Neue Länder;DN;Neue Länder;WZ08C7;WZ2008 (ausgewählte Positionen): Tarifindex;WZ08-59;Film, TV-Programme, Kinos, Tonstudios, Musikverlag;-;2020=100;VST018;Index der tariflichen Wochenarbeitszeit
62221;Vj. Index der Tarifverdienste und Arbeitszeiten;JAHR;Jahr;2023;DINSGF;Früheres Bundesgebiet / Neue Länder;DN;Neue Länder;WZ08C7;WZ2008 (ausgewählte Positionen): Tarifindex;WZ08-59;Film, TV-Programme, Kinos, Tonstudios, Musikverlag;-;2020=100;VST065;Index d.tarifl. Stundenverdienste ohne Sonderzahl.
62221;Vj. Index der Tarifverdienste und Arbeitszeiten;JAHR;Jahr;2024;DINSGF;Früheres Bundesgebiet / Neue Länder;DF;Früheres Bundesgebiet;WZ08C7;WZ2008 (ausgewählte Positionen): Tarifindex;WZ08-E;Wasserversorg.,Entsorg.,Beseitig.v.Umweltverschm.;112,3;2020=100;VST072;Index d.tarifl. Stundenverdienste mit Sonderzahl.
62221;Vj. Index der Tarifverdienste und Arbeitszeiten;JAHR;Jahr;2024;DINSGF;Früheres Bundesgebiet / Neue Länder;DF;Früheres Bundesgebiet;WZ08C7;WZ2008 (ausgewählte Positionen): Tarifindex;WZ08-E;Wasserversorg.,Entsorg.,Beseitig.v.Umweltverschm.;112,3;2020=100;VST073;Index d.tarifl. Monatsverdienste mit Sonderzahl.
62221;Vj. Index der Tarifverdienste und Arbeitszeiten;JAHR;Jahr;2024;DINSGF;Früheres Bundesgebiet / Neue Länder;DF;Früheres Bundesgebiet;WZ08C7;WZ2008 (ausgewählte Positionen): Tarifindex;WZ08-E;Wasserversorg.,Entsorg.,Beseitig.v.Umweltverschm.;38,9;h;VST019;Durchschnittliche tarifliche Wochenarbeitszeit
62221;Vj. Index der Tarifverdienste und Arbeitszeiten;JAHR;Jahr;2024;DINSGF;Früheres Bundesgebiet / Neue Länder;DF;Früheres Bundesgebiet;WZ08C7;WZ2008 (ausgewählte Positionen): Tarifindex;WZ08-E;Wasserversorg.,Entsorg.,Beseitig.v.Umweltverschm.;112,0;2020=100;VST066;Index d.tarifl. Monatsverdienste ohne Sonderzahl.
62221;Vj. Index der Tarifverdienste und Arbeitszeiten;JAHR;Jahr;2024;DINSGF;Früheres Bundesgebiet / Neue Länder;DF;Früheres Bundesgebiet;WZ08C7;WZ2008 (ausgewählte Positionen): Tarifindex;WZ08-E;Wasserversorg.,Entsorg.,Beseitig.v.Umweltverschm.;100,0;2020=100;VST018;Index der tariflichen Wochenarbeitszeit
62221;Vj. Index der Tarifverdienste und Arbeitszeiten;JAHR;Jahr;2024;DINSGF;Früheres Bundesgebiet / Neue Länder;DF;Früheres Bundesgebiet;WZ08C7;WZ2008 (ausgewählte Positionen): Tarifindex;WZ08-E;Wasserversorg.,Entsorg.,Beseitig.v.Umweltverschm.;112,0;2020=100;VST065;Index d.tarifl. Stundenverdienste ohne Sonderzahl.
62221;Vj. Index der Tarifverdienste und Arbeitszeiten;JAHR;Jahr;2022;DINSGF;Früheres Bundesgebiet / Neue Länder;DN;Neue Länder;WZ08C7;WZ2008 (ausgewählte Positionen): Tarifindex;WZ08-B-09;Produzierendes Gewerbe und wirtschaftl. Dienstl.;104,7;2020=100;VST072;Index d.tarifl. Stundenverdienste mit Sonderzahl.
62221;Vj. Index der Tarifverdienste und Arbeitszeiten;JAHR;Jahr;2022;DINSGF;Früheres Bundesgebiet / Neue Länder;DN;Neue Länder;WZ08C7;WZ2008 (ausgewählte Positionen): Tarifindex;WZ08-B-09;Produzierendes Gewerbe und wirtschaftl. Dienstl.;104,6;2020=100;VST073;Index d.tarifl. Monatsverdienste mit Sonderzahl.
62221;Vj. Index der Tarifverdienste und Arbeitszeiten;JAHR;Jahr;2022;DINSGF;Früheres Bundesgebiet / Neue Länder;DN;Neue Länder;WZ08C7;WZ2008 (ausgewählte Positionen): Tarifindex;WZ08-B-09;Produzierendes Gewerbe und wirtschaftl. Dienstl.;38,5;h;VST019;Durchschnittliche tarifliche Wochenarbeitszeit
62221;Vj. Index der Tarifverdienste und Arbeitszeiten;JAHR;Jahr;2022;DINSGF;Früheres Bundesgebiet / Neue Länder;DN;Neue Länder;WZ08C7;WZ2008 (ausgewählte Positionen): Tarifindex;WZ08-B-09;Produzierendes Gewerbe und wirtschaftl. Dienstl.;104,2;2020=100;VST066;Index d.tarifl. Monatsverdienste ohne Sonderzahl.
62221;Vj. Index der Tarifverdienste und Arbeitszeiten;JAHR;Jahr;2022;DINSGF;Früheres Bundesgebiet / Neue Länder;DN;Neue Länder;WZ08C7;WZ2008 (ausgewählte Positionen): Tarifindex;WZ08-B-09;Produzierendes Gewerbe und wirtschaftl. Dienstl.;99,9;2020=100;VST018;Index der tariflichen Wochenarbeitszeit
62221;Vj. Index der Tarifverdienste und Arbeitszeiten;JAHR;Jahr;2022;DINSGF;Früheres Bundesgebiet / Neue Länder;DN;Neue Länder;WZ08C7;WZ2008 (ausgewählte Positionen): Tarifindex;WZ08-B-09;Produzierendes Gewerbe und wirtschaftl. Dienstl.;104,3;2020=100;VST065;Index d.tarifl. Stundenverdienste ohne Sonderzahl.
62221;Vj. Index der Tarifverdienste und Arbeitszeiten;JAHR;Jahr;2025;DINSGF;Früheres Bundesgebiet / Neue Länder;DF;Früheres Bundesgebiet;WZ08C7;WZ2008 (ausgewählte Positionen): Tarifindex;WZ08-20-01;Chemische Industrie;115,7;2020=100;VST072;Index d.tarifl. Stundenverdienste mit Sonderzahl.
62221;Vj. Index der Tarifverdienste und Arbeitszeiten;JAHR;Jahr;2025;DINSGF;Früheres Bundesgebiet / Neue Länder;DF;Früheres Bundesgebiet;WZ08C7;WZ2008 (ausgewählte Positionen): Tarifindex;WZ08-20-01;Chemische Industrie;115,6;2020=100;VST073;Index d.tarifl. Monatsverdienste mit Sonderzahl.
62221;Vj. Index der Tarifverdienste und Arbeitszeiten;JAHR;Jahr;2025;DINSGF;Früheres Bundesgebiet / Neue Länder;DF;Früheres Bundesgebiet;WZ08C7;WZ2008 (ausgewählte Positionen): Tarifindex;WZ08-20-01;Chemische Industrie;37,5;h;VST019;Durchschnittliche tarifliche Wochenarbeitszeit
62221;Vj. Index der Tarifverdienste und Arbeitszeiten;JAHR;Jahr;2025;DINSGF;Früheres Bundesgebiet / Neue Länder;DF;Früheres Bundesgebiet;WZ08C7;WZ2008 (ausgewählte Positionen): Tarifindex;WZ08-20-01;Chemische Industrie;114,8;2020=100;VST066;Index d.tarifl. Monatsverdienste ohne Sonderzahl.
62221;Vj. Index der Tarifverdienste und Arbeitszeiten;JAHR;Jahr;2025;DINSGF;Früheres Bundesgebiet / Neue Länder;DF;Früheres Bundesgebiet;WZ08C7;WZ2008 (ausgewählte Positionen): Tarifindex;WZ08-20-01;Chemische Industrie;100,0;2020=100;VST018;Index der tariflichen Wochenarbeitszeit
62221;Vj. Index der Tarifverdienste und Arbeitszeiten;JAHR;Jahr;2025;DINSGF;Früheres Bundesgebiet / Neue Länder;DF;Früheres Bundesgebiet;WZ08C7;WZ2008 (ausgewählte Positionen): Tarifindex;WZ08-20-01;Chemische Industrie;114,9;2020=100;VST065;Index d.tarifl. Stundenverdienste ohne Sonderzahl.
62221;Vj. Index der Tarifverdienste und Arbeitszeiten;JAHR;Jahr;2018;DINSGF;Früheres Bundesgebiet / Neue Länder;DN;Neue Länder;WZ08C7;WZ2008 (ausgewählte Positionen): Tarifindex;WZ08-52;Lagerei, sonstige Dienstleistungen für den Verkehr;94,7;2020=100;VST072;Index d.tarifl. Stundenverdienste mit Sonderzahl.
62221;Vj. Index der Tarifverdienste und Arbeitszeiten;JAHR;Jahr;2018;DINSGF;Früheres Bundesgebiet / Neue Länder;DN;Neue Länder;WZ08C7;WZ2008 (ausgewählte Positionen): Tarifindex;WZ08-52;Lagerei, sonstige Dienstleistungen für den Verkehr;94,9;2020=100;VST073;Index d.tarifl. Monatsverdienste mit Sonderzahl.
62221;Vj. Index der Tarifverdienste und Arbeitszeiten;JAHR;Jahr;2018;DINSGF;Früheres Bundesgebiet / Neue Länder;DN;Neue Länder;WZ08C7;WZ2008 (ausgewählte Positionen): Tarifindex;WZ08-52;Lagerei, sonstige Dienstleistungen für den Verkehr;39,3;h;VST019;Durchschnittliche tarifliche Wochenarbeitszeit
62221;Vj. Index der Tarifverdienste und Arbeitszeiten;JAHR;Jahr;2018;DINSGF;Früheres Bundesgebiet / Neue Länder;DN;Neue Länder;WZ08C7;WZ2008 (ausgewählte Positionen): Tarifindex;WZ08-52;Lagerei, sonstige Dienstleistungen für den Verkehr;95,2;2020=100;VST066;Index d.tarifl. Monatsverdienste ohne Sonderzahl.
62221;Vj. Index der Tarifverdienste und Arbeitszeiten;JAHR;Jahr;2018;DINSGF;Früheres Bundesgebiet / Neue Länder;DN;Neue Länder;WZ08C7;WZ2008 (ausgewählte Positionen): Tarifindex;WZ08-52;Lagerei, sonstige Dienstleistungen für den Verkehr;100,3;2020=100;VST018;Index der tariflichen Wochenarbeitszeit
62221;Vj. Index der Tarifverdienste und Arbeitszeiten;JAHR;Jahr;2018;DINSGF;Früheres Bundesgebiet / Neue Länder;DN;Neue Länder;WZ08C7;WZ2008 (ausgewählte Positionen): Tarifindex;WZ08-52;Lagerei, sonstige Dienstleistungen für den Verkehr;95,2;2020=100;VST065;Index d.tarifl. Stundenverdienste ohne Sonderzahl.
62221;Vj. Index der Tarifverdienste und Arbeitszeiten;JAHR;Jahr;2023;DINSGF;Früheres Bundesgebiet / Neue Länder;DN;Neue Länder;WZ08C7;WZ2008 (ausgewählte Positionen): Tarifindex;WZ08-53;Post-, Kurier- und Expressdienste;109,6;2020=100;VST072;Index d.tarifl. Stundenverdienste mit Sonderzahl.
62221;Vj. Index der Tarifverdienste und Arbeitszeiten;JAHR;Jahr;2023;DINSGF;Früheres Bundesgebiet / Neue Länder;DN;Neue Länder;WZ08C7;WZ2008 (ausgewählte Positionen): Tarifindex;WZ08-53;Post-, Kurier- und Expressdienste;109,6;2020=100;VST073;Index d.tarifl. Monatsverdienste mit Sonderzahl.
62221;Vj. Index der Tarifverdienste und Arbeitszeiten;JAHR;Jahr;2023;DINSGF;Früheres Bundesgebiet / Neue Länder;DN;Neue Länder;WZ08C7;WZ2008 (ausgewählte Positionen): Tarifindex;WZ08-53;Post-, Kurier- und Expressdienste;38,5;h;VST019;Durchschnittliche tarifliche Wochenarbeitszeit
62221;Vj. Index der Tarifverdienste und Arbeitszeiten;JAHR;Jahr;2023;DINSGF;Früheres Bundesgebiet / Neue Länder;DN;Neue Länder;WZ08C7;WZ2008 (ausgewählte Positionen): Tarifindex;WZ08-53;Post-, Kurier- und Expressdienste;105,3;2020=100;VST066;Index d.tarifl. Monatsverdienste ohne Sonderzahl.
62221;Vj. Index der Tarifverdienste und Arbeitszeiten;JAHR;Jahr;2023;DINSGF;Früheres Bundesgebiet / Neue Länder;DN;Neue Länder;WZ08C7;WZ2008 (ausgewählte Positionen): Tarifindex;WZ08-53;Post-, Kurier- und Expressdienste;100,0;2020=100;VST018;Index der tariflichen Wochenarbeitszeit
62221;Vj. Index der Tarifverdienste und Arbeitszeiten;JAHR;Jahr;2023;DINSGF;Früheres Bundesgebiet / Neue Länder;DN;Neue Länder;WZ08C7;WZ2008 (ausgewählte Positionen): Tarifindex;WZ08-53;Post-, Kurier- und Expressdienste;105,3;2020=100;VST065;Index d.tarifl. Stundenverdienste ohne Sonderzahl.
62221;Vj. Index der Tarifverdienste und Arbeitszeiten;JAHR;Jahr;2016;DINSGF;Früheres Bundesgebiet / Neue Länder;DF;Früheres Bundesgebiet;WZ08C7;WZ2008 (ausgewählte Positionen): Tarifindex;WZ08-493;Sonstige Personenbeförderung im Landverkehr;88,7;2020=100;VST072;Index d.tarifl. Stundenverdienste mit Sonderzahl.
62221;Vj. Index der Tarifverdienste und Arbeitszeiten;JAHR;Jahr;2016;DINSGF;Früheres Bundesgebiet / Neue Länder;DF;Früheres Bundesgebiet;WZ08C7;WZ2008 (ausgewählte Positionen): Tarifindex;WZ08-493;Sonstige Personenbeförderung im Landverkehr;88,8;2020=100;VST073;Index d.tarifl. Monatsverdienste mit Sonderzahl.
62221;Vj. Index der Tarifverdienste und Arbeitszeiten;JAHR;Jahr;2016;DINSGF;Früheres Bundesgebiet / Neue Länder;DF;Früheres Bundesgebiet;WZ08C7;WZ2008 (ausgewählte Positionen): Tarifindex;WZ08-493;Sonstige Personenbeförderung im Landverkehr;39,1;h;VST019;Durchschnittliche tarifliche Wochenarbeitszeit
62221;Vj. Index der Tarifverdienste und Arbeitszeiten;JAHR;Jahr;2016;DINSGF;Früheres Bundesgebiet / Neue Länder;DF;Früheres Bundesgebiet;WZ08C7;WZ2008 (ausgewählte Positionen): Tarifindex;WZ08-493;Sonstige Personenbeförderung im Landverkehr;88,9;2020=100;VST066;Index d.tarifl. Monatsverdienste ohne Sonderzahl.
62221;Vj. Index der Tarifverdienste und Arbeitszeiten;JAHR;Jahr;2016;DINSGF;Früheres Bundesgebiet / Neue Länder;DF;Früheres Bundesgebiet;WZ08C7;WZ2008 (ausgewählte Positionen): Tarifindex;WZ08-493;Sonstige Personenbeförderung im Landverkehr;100,1;2020=100;VST018;Index der tariflichen Wochenarbeitszeit
62221;Vj. Index der Tarifverdienste und Arbeitszeiten;JAHR;Jahr;2016;DINSGF;Früheres Bundesgebiet / Neue Länder;DF;Früheres Bundesgebiet;WZ08C7;WZ2008 (ausgewählte Positionen): Tarifindex;WZ08-493;Sonstige Personenbeförderung im Landverkehr;88,9;2020=100;VST065;Index d.tarifl. Stundenverdienste ohne Sonderzahl.
62221;Vj. Index der Tarifverdienste und Arbeitszeiten;JAHR;Jahr;2021;DINSGF;Früheres Bundesgebiet / Neue Länder;DF;Früheres Bundesgebiet;WZ08C7;WZ2008 (ausgewählte Positionen): Tarifindex;WZ08-32;Herstellung von sonstigen Waren;101,3;2020=100;VST072;Index d.tarifl. Stundenverdienste mit Sonderzahl.
62221;Vj. Index der Tarifverdienste und Arbeitszeiten;JAHR;Jahr;2021;DINSGF;Früheres Bundesgebiet / Neue Länder;DF;Früheres Bundesgebiet;WZ08C7;WZ2008 (ausgewählte Positionen): Tarifindex;WZ08-32;Herstellung von sonstigen Waren;101,3;2020=100;VST073;Index d.tarifl. Monatsverdienste mit Sonderzahl.
62221;Vj. Index der Tarifverdienste und Arbeitszeiten;JAHR;Jahr;2021;DINSGF;Früheres Bundesgebiet / Neue Länder;DF;Früheres Bundesgebiet;WZ08C7;WZ2008 (ausgewählte Positionen): Tarifindex;WZ08-32;Herstellung von sonstigen Waren;36,2;h;VST019;Durchschnittliche tarifliche Wochenarbeitszeit
62221;Vj. Index der Tarifverdienste und Arbeitszeiten;JAHR;Jahr;2021;DINSGF;Früheres Bundesgebiet / Neue Länder;DF;Früheres Bundesgebiet;WZ08C7;WZ2008 (ausgewählte Positionen): Tarifindex;WZ08-32;Herstellung von sonstigen Waren;100,6;2020=100;VST066;Index d.tarifl. Monatsverdienste ohne Sonderzahl.
62221;Vj. Index der Tarifverdienste und Arbeitszeiten;JAHR;Jahr;2021;DINSGF;Früheres Bundesgebiet / Neue Länder;DF;Früheres Bundesgebiet;WZ08C7;WZ2008 (ausgewählte Positionen): Tarifindex;WZ08-32;Herstellung von sonstigen Waren;100,0;2020=100;VST018;Index der tariflichen Wochenarbeitszeit
62221;Vj. Index der Tarifverdienste und Arbeitszeiten;JAHR;Jahr;2021;DINSGF;Früheres Bundesgebiet / Neue Länder;DF;Früheres Bundesgebiet;WZ08C7;WZ2008 (ausgewählte Positionen): Tarifindex;WZ08-32;Herstellung von sonstigen Waren;100,6;2020=100;VST065;Index d.tarifl. Stundenverdienste ohne Sonderzahl.
62221;Vj. Index der Tarifverdienste und Arbeitszeiten;JAHR;Jahr;2018;DINSGF;Früheres Bundesgebiet / Neue Länder;DN;Neue Länder;WZ08C7;WZ2008 (ausgewählte Positionen): Tarifindex;WZ08-58;Verlagswesen;96,8;2020=100;VST072;Index d.tarifl. Stundenverdienste mit Sonderzahl.
62221;Vj. Index der Tarifverdienste und Arbeitszeiten;JAHR;Jahr;2018;DINSGF;Früheres Bundesgebiet / Neue Länder;DN;Neue Länder;WZ08C7;WZ2008 (ausgewählte Positionen): Tarifindex;WZ08-58;Verlagswesen;96,8;2020=100;VST073;Index d.tarifl. Monatsverdienste mit Sonderzahl.
62221;Vj. Index der Tarifverdienste und Arbeitszeiten;JAHR;Jahr;2018;DINSGF;Früheres Bundesgebiet / Neue Länder;DN;Neue Länder;WZ08C7;WZ2008 (ausgewählte Positionen): Tarifindex;WZ08-58;Verlagswesen;36,4;h;VST019;Durchschnittliche tarifliche Wochenarbeitszeit
62221;Vj. Index der Tarifverdienste und Arbeitszeiten;JAHR;Jahr;2018;DINSGF;Früheres Bundesgebiet / Neue Länder;DN;Neue Länder;WZ08C7;WZ2008 (ausgewählte Positionen): Tarifindex;WZ08-58;Verlagswesen;96,5;2020=100;VST066;Index d.tarifl. Monatsverdienste ohne Sonderzahl.
62221;Vj. Index der Tarifverdienste und Arbeitszeiten;JAHR;Jahr;2018;DINSGF;Früheres Bundesgebiet / Neue Länder;DN;Neue Länder;WZ08C7;WZ2008 (ausgewählte Positionen): Tarifindex;WZ08-58;Verlagswesen;100,0;2020=100;VST018;Index der tariflichen Wochenarbeitszeit
62221;Vj. Index der Tarifverdienste und Arbeitszeiten;JAHR;Jahr;2018;DINSGF;Früheres Bundesgebiet / Neue Länder;DN;Neue Länder;WZ08C7;WZ2008 (ausgewählte Positionen): Tarifindex;WZ08-58;Verlagswesen;96,5;2020=100;VST065;Index d.tarifl. Stundenverdienste ohne Sonderzahl.
62221;Vj. Index der Tarifverdienste und Arbeitszeiten;JAHR;Jahr;2023;DINSGF;Früheres Bundesgebiet / Neue Länder;DN;Neue Länder;WZ08C7;WZ2008 (ausgewählte Positionen): Tarifindex;WZ08-R;Kunst, Unterhaltung und Erholung;105,9;2020=100;VST072;Index d.tarifl. Stundenverdienste mit Sonderzahl.
62221;Vj. Index der Tarifverdienste und Arbeitszeiten;JAHR;Jahr;2023;DINSGF;Früheres Bundesgebiet / Neue Länder;DN;Neue Länder;WZ08C7;WZ2008 (ausgewählte Positionen): Tarifindex;WZ08-R;Kunst, Unterhaltung und Erholung;105,9;2020=100;VST073;Index d.tarifl. Monatsverdienste mit Sonderzahl.
62221;Vj. Index der Tarifverdienste und Arbeitszeiten;JAHR;Jahr;2023;DINSGF;Früheres Bundesgebiet / Neue Länder;DN;Neue Länder;WZ08C7;WZ2008 (ausgewählte Positionen): Tarifindex;WZ08-R;Kunst, Unterhaltung und Erholung;39,1;h;VST019;Durchschnittliche tarifliche Wochenarbeitszeit
62221;Vj. Index der Tarifverdienste und Arbeitszeiten;JAHR;Jahr;2023;DINSGF;Früheres Bundesgebiet / Neue Länder;DN;Neue Länder;WZ08C7;WZ2008 (ausgewählte Positionen): Tarifindex;WZ08-R;Kunst, Unterhaltung und Erholung;104,1;2020=100;VST066;Index d.tarifl. Monatsverdienste ohne Sonderzahl.
62221;Vj. Index der Tarifverdienste und Arbeitszeiten;JAHR;Jahr;2023;DINSGF;Früheres Bundesgebiet / Neue Länder;DN;Neue Länder;WZ08C7;WZ2008 (ausgewählte Positionen): Tarifindex;WZ08-R;Kunst, Unterhaltung und Erholung;100,0;2020=100;VST018;Index der tariflichen Wochenarbeitszeit
62221;Vj. Index der Tarifverdienste und Arbeitszeiten;JAHR;Jahr;2023;DINSGF;Früheres Bundesgebiet / Neue Länder;DN;Neue Länder;WZ08C7;WZ2008 (ausgewählte Positionen): Tarifindex;WZ08-R;Kunst, Unterhaltung und Erholung;104,1;2020=100;VST065;Index d.tarifl. Stundenverdienste ohne Sonderzahl.
62221;Vj. Index der Tarifverdienste und Arbeitszeiten;JAHR;Jahr;2025;DINSGF;Früheres Bundesgebiet / Neue Länder;DN;Neue Länder;WZ08C7;WZ2008 (ausgewählte Positionen): Tarifindex;WZ08-B-08;Produzierendes Gewerbe und Dienstleistungsbereich;116,6;2020=100;VST072;Index d.tarifl. Stundenverdienste mit Sonderzahl.
62221;Vj. Index der Tarifverdienste und Arbeitszeiten;JAHR;Jahr;2025;DINSGF;Früheres Bundesgebiet / Neue Länder;DN;Neue Länder;WZ08C7;WZ2008 (ausgewählte Positionen): Tarifindex;WZ08-B-08;Produzierendes Gewerbe und Dienstleistungsbereich;116,4;2020=100;VST073;Index d.tarifl. Monatsverdienste mit Sonderzahl.
62221;Vj. Index der Tarifverdienste und Arbeitszeiten;JAHR;Jahr;2025;DINSGF;Früheres Bundesgebiet / Neue Länder;DN;Neue Länder;WZ08C7;WZ2008 (ausgewählte Positionen): Tarifindex;WZ08-B-08;Produzierendes Gewerbe und Dienstleistungsbereich;39,0;h;VST019;Durchschnittliche tarifliche Wochenarbeitszeit
62221;Vj. Index der Tarifverdienste und Arbeitszeiten;JAHR;Jahr;2025;DINSGF;Früheres Bundesgebiet / Neue Länder;DN;Neue Länder;WZ08C7;WZ2008 (ausgewählte Positionen): Tarifindex;WZ08-B-08;Produzierendes Gewerbe und Dienstleistungsbereich;116,4;2020=100;VST066;Index d.tarifl. Monatsverdienste ohne Sonderzahl.
62221;Vj. Index der Tarifverdienste und Arbeitszeiten;JAHR;Jahr;2025;DINSGF;Früheres Bundesgebiet / Neue Länder;DN;Neue Länder;WZ08C7;WZ2008 (ausgewählte Positionen): Tarifindex;WZ08-B-08;Produzierendes Gewerbe und Dienstleistungsbereich;99,8;2020=100;VST018;Index der tariflichen Wochenarbeitszeit
62221;Vj. Index der Tarifverdienste und Arbeitszeiten;JAHR;Jahr;2025;DINSGF;Früheres Bundesgebiet / Neue Länder;DN;Neue Länder;WZ08C7;WZ2008 (ausgewählte Positionen): Tarifindex;WZ08-B-08;Produzierendes Gewerbe und Dienstleistungsbereich;116,6;2020=100;VST065;Index d.tarifl. Stundenverdienste ohne Sonderzahl.
62221;Vj. Index der Tarifverdienste und Arbeitszeiten;JAHR;Jahr;2023;DINSGF;Früheres Bundesgebiet / Neue Länder;DN;Neue Länder;WZ08C7;WZ2008 (ausgewählte Positionen): Tarifindex;WZ08-11;Getränkeherstellung;108,9;2020=100;VST072;Index d.tarifl. Stundenverdienste mit Sonderzahl.
62221;Vj. Index der Tarifverdienste und Arbeitszeiten;JAHR;Jahr;2023;DINSGF;Früheres Bundesgebiet / Neue Länder;DN;Neue Länder;WZ08C7;WZ2008 (ausgewählte Positionen): Tarifindex;WZ08-11;Getränkeherstellung;108,9;2020=100;VST073;Index d.tarifl. Monatsverdienste mit Sonderzahl.
62221;Vj. Index der Tarifverdienste und Arbeitszeiten;JAHR;Jahr;2023;DINSGF;Früheres Bundesgebiet / Neue Länder;DN;Neue Länder;WZ08C7;WZ2008 (ausgewählte Positionen): Tarifindex;WZ08-11;Getränkeherstellung;39,0;h;VST019;Durchschnittliche tarifliche Wochenarbeitszeit
62221;Vj. Index der Tarifverdienste und Arbeitszeiten;JAHR;Jahr;2023;DINSGF;Früheres Bundesgebiet / Neue Länder;DN;Neue Länder;WZ08C7;WZ2008 (ausgewählte Positionen): Tarifindex;WZ08-11;Getränkeherstellung;108,1;2020=100;VST066;Index d.tarifl. Monatsverdienste ohne Sonderzahl.
62221;Vj. Index der Tarifverdienste und Arbeitszeiten;JAHR;Jahr;2023;DINSGF;Früheres Bundesgebiet / Neue Länder;DN;Neue Länder;WZ08C7;WZ2008 (ausgewählte Positionen): Tarifindex;WZ08-11;Getränkeherstellung;100,0;2020=100;VST018;Index der tariflichen Wochenarbeitszeit
62221;Vj. Index der Tarifverdienste und Arbeitszeiten;JAHR;Jahr;2023;DINSGF;Früheres Bundesgebiet / Neue Länder;DN;Neue Länder;WZ08C7;WZ2008 (ausgewählte Positionen): Tarifindex;WZ08-11;Getränkeherstellung;108,1;2020=100;VST065;Index d.tarifl. Stundenverdienste ohne Sonderzahl.
62221;Vj. Index der Tarifverdienste und Arbeitszeiten;JAHR;Jahr;2024;DINSGF;Früheres Bundesgebiet / Neue Länder;DF;Früheres Bundesgebiet;WZ08C7;WZ2008 (ausgewählte Positionen): Tarifindex;WZ08-88;Sozialwesen (ohne Heime);114,1;2020=100;VST072;Index d.tarifl. Stundenverdienste mit Sonderzahl.
62221;Vj. Index der Tarifverdienste und Arbeitszeiten;JAHR;Jahr;2024;DINSGF;Früheres Bundesgebiet / Neue Länder;DF;Früheres Bundesgebiet;WZ08C7;WZ2008 (ausgewählte Positionen): Tarifindex;WZ08-88;Sozialwesen (ohne Heime);114,1;2020=100;VST073;Index d.tarifl. Monatsverdienste mit Sonderzahl.
62221;Vj. Index der Tarifverdienste und Arbeitszeiten;JAHR;Jahr;2024;DINSGF;Früheres Bundesgebiet / Neue Länder;DF;Früheres Bundesgebiet;WZ08C7;WZ2008 (ausgewählte Positionen): Tarifindex;WZ08-88;Sozialwesen (ohne Heime);39,1;h;VST019;Durchschnittliche tarifliche Wochenarbeitszeit
62221;Vj. Index der Tarifverdienste und Arbeitszeiten;JAHR;Jahr;2024;DINSGF;Früheres Bundesgebiet / Neue Länder;DF;Früheres Bundesgebiet;WZ08C7;WZ2008 (ausgewählte Positionen): Tarifindex;WZ08-88;Sozialwesen (ohne Heime);112,6;2020=100;VST066;Index d.tarifl. Monatsverdienste ohne Sonderzahl.
62221;Vj. Index der Tarifverdienste und Arbeitszeiten;JAHR;Jahr;2024;DINSGF;Früheres Bundesgebiet / Neue Länder;DF;Früheres Bundesgebiet;WZ08C7;WZ2008 (ausgewählte Positionen): Tarifindex;WZ08-88;Sozialwesen (ohne Heime);100,0;2020=100;VST018;Index der tariflichen Wochenarbeitszeit
62221;Vj. Index der Tarifverdienste und Arbeitszeiten;JAHR;Jahr;2024;DINSGF;Früheres Bundesgebiet / Neue Länder;DF;Früheres Bundesgebiet;WZ08C7;WZ2008 (ausgewählte Positionen): Tarifindex;WZ08-88;Sozialwesen (ohne Heime);112,6;2020=100;VST065;Index d.tarifl. Stundenverdienste ohne Sonderzahl.
62221;Vj. Index der Tarifverdienste und Arbeitszeiten;JAHR;Jahr;2018;DINSGF;Früheres Bundesgebiet / Neue Länder;DN;Neue Länder;WZ08C7;WZ2008 (ausgewählte Positionen): Tarifindex;WZ08-K;Erbringung v. Finanz- u. Versicherungsdienstleist.;95,6;2020=100;VST072;Index d.tarifl. Stundenverdienste mit Sonderzahl.
62221;Vj. Index der Tarifverdienste und Arbeitszeiten;JAHR;Jahr;2018;DINSGF;Früheres Bundesgebiet / Neue Länder;DN;Neue Länder;WZ08C7;WZ2008 (ausgewählte Positionen): Tarifindex;WZ08-K;Erbringung v. Finanz- u. Versicherungsdienstleist.;95,6;2020=100;VST073;Index d.tarifl. Monatsverdienste mit Sonderzahl.
62221;Vj. Index der Tarifverdienste und Arbeitszeiten;JAHR;Jahr;2018;DINSGF;Früheres Bundesgebiet / Neue Länder;DN;Neue Länder;WZ08C7;WZ2008 (ausgewählte Positionen): Tarifindex;WZ08-K;Erbringung v. Finanz- u. Versicherungsdienstleist.;38,9;h;VST019;Durchschnittliche tarifliche Wochenarbeitszeit
62221;Vj. Index der Tarifverdienste und Arbeitszeiten;JAHR;Jahr;2018;DINSGF;Früheres Bundesgebiet / Neue Länder;DN;Neue Länder;WZ08C7;WZ2008 (ausgewählte Positionen): Tarifindex;WZ08-K;Erbringung v. Finanz- u. Versicherungsdienstleist.;95,2;2020=100;VST066;Index d.tarifl. Monatsverdienste ohne Sonderzahl.
62221;Vj. Index der Tarifverdienste und Arbeitszeiten;JAHR;Jahr;2018;DINSGF;Früheres Bundesgebiet / Neue Länder;DN;Neue Länder;WZ08C7;WZ2008 (ausgewählte Positionen): Tarifindex;WZ08-K;Erbringung v. Finanz- u. Versicherungsdienstleist.;100,0;2020=100;VST018;Index der tariflichen Wochenarbeitszeit
62221;Vj. Index der Tarifverdienste und Arbeitszeiten;JAHR;Jahr;2018;DINSGF;Früheres Bundesgebiet / Neue Länder;DN;Neue Länder;WZ08C7;WZ2008 (ausgewählte Positionen): Tarifindex;WZ08-K;Erbringung v. Finanz- u. Versicherungsdienstleist.;95,2;2020=100;VST065;Index d.tarifl. Stundenverdienste ohne Sonderzahl.
62221;Vj. Index der Tarifverdienste und Arbeitszeiten;JAHR;Jahr;2025;DINSGF;Früheres Bundesgebiet / Neue Länder;DN;Neue Länder;WZ08C7;WZ2008 (ausgewählte Positionen): Tarifindex;WZ08-01-01;Land- und Forstwirtschaft;115,8;2020=100;VST072;Index d.tarifl. Stundenverdienste mit Sonderzahl.
62221;Vj. Index der Tarifverdienste und Arbeitszeiten;JAHR;Jahr;2025;DINSGF;Früheres Bundesgebiet / Neue Länder;DN;Neue Länder;WZ08C7;WZ2008 (ausgewählte Positionen): Tarifindex;WZ08-01-01;Land- und Forstwirtschaft;115,6;2020=100;VST073;Index d.tarifl. Monatsverdienste mit Sonderzahl.
62221;Vj. Index der Tarifverdienste und Arbeitszeiten;JAHR;Jahr;2025;DINSGF;Früheres Bundesgebiet / Neue Länder;DN;Neue Länder;WZ08C7;WZ2008 (ausgewählte Positionen): Tarifindex;WZ08-01-01;Land- und Forstwirtschaft;39,7;h;VST019;Durchschnittliche tarifliche Wochenarbeitszeit
62221;Vj. Index der Tarifverdienste und Arbeitszeiten;JAHR;Jahr;2025;DINSGF;Früheres Bundesgebiet / Neue Länder;DN;Neue Länder;WZ08C7;WZ2008 (ausgewählte Positionen): Tarifindex;WZ08-01-01;Land- und Forstwirtschaft;116,1;2020=100;VST066;Index d.tarifl. Monatsverdienste ohne Sonderzahl.
62221;Vj. Index der Tarifverdienste und Arbeitszeiten;JAHR;Jahr;2025;DINSGF;Früheres Bundesgebiet / Neue Länder;DN;Neue Länder;WZ08C7;WZ2008 (ausgewählte Positionen): Tarifindex;WZ08-01-01;Land- und Forstwirtschaft;99,9;2020=100;VST018;Index der tariflichen Wochenarbeitszeit
62221;Vj. Index der Tarifverdienste und Arbeitszeiten;JAHR;Jahr;2025;DINSGF;Früheres Bundesgebiet / Neue Länder;DN;Neue Länder;WZ08C7;WZ2008 (ausgewählte Positionen): Tarifindex;WZ08-01-01;Land- und Forstwirtschaft;116,3;2020=100;VST065;Index d.tarifl. Stundenverdienste ohne Sonderzahl.
62221;Vj. Index der Tarifverdienste und Arbeitszeiten;JAHR;Jahr;2019;DINSGF;Früheres Bundesgebiet / Neue Länder;DF;Früheres Bundesgebiet;WZ08C7;WZ2008 (ausgewählte Positionen): Tarifindex;WZ08-78;Vermittlung und Überlassung von Arbeitskräften;97,4;2020=100;VST072;Index d.tarifl. Stundenverdienste mit Sonderzahl.
62221;Vj. Index der Tarifverdienste und Arbeitszeiten;JAHR;Jahr;2019;DINSGF;Früheres Bundesgebiet / Neue Länder;DF;Früheres Bundesgebiet;WZ08C7;WZ2008 (ausgewählte Positionen): Tarifindex;WZ08-78;Vermittlung und Überlassung von Arbeitskräften;97,4;2020=100;VST073;Index d.tarifl. Monatsverdienste mit Sonderzahl.
62221;Vj. Index der Tarifverdienste und Arbeitszeiten;JAHR;Jahr;2019;DINSGF;Früheres Bundesgebiet / Neue Länder;DF;Früheres Bundesgebiet;WZ08C7;WZ2008 (ausgewählte Positionen): Tarifindex;WZ08-78;Vermittlung und Überlassung von Arbeitskräften;35,1;h;VST019;Durchschnittliche tarifliche Wochenarbeitszeit
62221;Vj. Index der Tarifverdienste und Arbeitszeiten;JAHR;Jahr;2019;DINSGF;Früheres Bundesgebiet / Neue Länder;DF;Früheres Bundesgebiet;WZ08C7;WZ2008 (ausgewählte Positionen): Tarifindex;WZ08-78;Vermittlung und Überlassung von Arbeitskräften;97,3;2020=100;VST066;Index d.tarifl. Monatsverdienste ohne Sonderzahl.
62221;Vj. Index der Tarifverdienste und Arbeitszeiten;JAHR;Jahr;2019;DINSGF;Früheres Bundesgebiet / Neue Länder;DF;Früheres Bundesgebiet;WZ08C7;WZ2008 (ausgewählte Positionen): Tarifindex;WZ08-78;Vermittlung und Überlassung von Arbeitskräften;100,0;2020=100;VST018;Index der tariflichen Wochenarbeitszeit
62221;Vj. Index der Tarifverdienste und Arbeitszeiten;JAHR;Jahr;2019;DINSGF;Früheres Bundesgebiet / Neue Länder;DF;Früheres Bundesgebiet;WZ08C7;WZ2008 (ausgewählte Positionen): Tarifindex;WZ08-78;Vermittlung und Überlassung von Arbeitskräften;97,3;2020=100;VST065;Index d.tarifl. Stundenverdienste ohne Sonderzahl.
62221;Vj. Index der Tarifverdienste und Arbeitszeiten;JAHR;Jahr;2016;DINSGF;Früheres Bundesgebiet / Neue Länder;DN;Neue Länder;WZ08C7;WZ2008 (ausgewählte Positionen): Tarifindex;WZ08-31;Herstellung von Möbeln;90,8;2020=100;VST072;Index d.tarifl. Stundenverdienste mit Sonderzahl.
62221;Vj. Index der Tarifverdienste und Arbeitszeiten;JAHR;Jahr;2016;DINSGF;Früheres Bundesgebiet / Neue Länder;DN;Neue Länder;WZ08C7;WZ2008 (ausgewählte Positionen): Tarifindex;WZ08-31;Herstellung von Möbeln;91,2;2020=100;VST073;Index d.tarifl. Monatsverdienste mit Sonderzahl.
62221;Vj. Index der Tarifverdienste und Arbeitszeiten;JAHR;Jahr;2016;DINSGF;Früheres Bundesgebiet / Neue Länder;DN;Neue Länder;WZ08C7;WZ2008 (ausgewählte Positionen): Tarifindex;WZ08-31;Herstellung von Möbeln;38,9;h;VST019;Durchschnittliche tarifliche Wochenarbeitszeit
62221;Vj. Index der Tarifverdienste und Arbeitszeiten;JAHR;Jahr;2016;DINSGF;Früheres Bundesgebiet / Neue Länder;DN;Neue Länder;WZ08C7;WZ2008 (ausgewählte Positionen): Tarifindex;WZ08-31;Herstellung von Möbeln;91,8;2020=100;VST066;Index d.tarifl. Monatsverdienste ohne Sonderzahl.
62221;Vj. Index der Tarifverdienste und Arbeitszeiten;JAHR;Jahr;2016;DINSGF;Früheres Bundesgebiet / Neue Länder;DN;Neue Länder;WZ08C7;WZ2008 (ausgewählte Positionen): Tarifindex;WZ08-31;Herstellung von Möbeln;100,4;2020=100;VST018;Index der tariflichen Wochenarbeitszeit
62221;Vj. Index der Tarifverdienste und Arbeitszeiten;JAHR;Jahr;2016;DINSGF;Früheres Bundesgebiet / Neue Länder;DN;Neue Länder;WZ08C7;WZ2008 (ausgewählte Positionen): Tarifindex;WZ08-31;Herstellung von Möbeln;91,5;2020=100;VST065;Index d.tarifl. Stundenverdienste ohne Sonderzahl.
62221;Vj. Index der Tarifverdienste und Arbeitszeiten;JAHR;Jahr;2018;DINSGF;Früheres Bundesgebiet / Neue Länder;DN;Neue Länder;WZ08C7;WZ2008 (ausgewählte Positionen): Tarifindex;WZ08-E;Wasserversorg.,Entsorg.,Beseitig.v.Umweltverschm.;95,0;2020=100;VST072;Index d.tarifl. Stundenverdienste mit Sonderzahl.
62221;Vj. Index der Tarifverdienste und Arbeitszeiten;JAHR;Jahr;2018;DINSGF;Früheres Bundesgebiet / Neue Länder;DN;Neue Länder;WZ08C7;WZ2008 (ausgewählte Positionen): Tarifindex;WZ08-E;Wasserversorg.,Entsorg.,Beseitig.v.Umweltverschm.;95,1;2020=100;VST073;Index d.tarifl. Monatsverdienste mit Sonderzahl.
62221;Vj. Index der Tarifverdienste und Arbeitszeiten;JAHR;Jahr;2018;DINSGF;Früheres Bundesgebiet / Neue Länder;DN;Neue Länder;WZ08C7;WZ2008 (ausgewählte Positionen): Tarifindex;WZ08-E;Wasserversorg.,Entsorg.,Beseitig.v.Umweltverschm.;39,0;h;VST019;Durchschnittliche tarifliche Wochenarbeitszeit
62221;Vj. Index der Tarifverdienste und Arbeitszeiten;JAHR;Jahr;2018;DINSGF;Früheres Bundesgebiet / Neue Länder;DN;Neue Länder;WZ08C7;WZ2008 (ausgewählte Positionen): Tarifindex;WZ08-E;Wasserversorg.,Entsorg.,Beseitig.v.Umweltverschm.;94,7;2020=100;VST066;Index d.tarifl. Monatsverdienste ohne Sonderzahl.
62221;Vj. Index der Tarifverdienste und Arbeitszeiten;JAHR;Jahr;2018;DINSGF;Früheres Bundesgebiet / Neue Länder;DN;Neue Länder;WZ08C7;WZ2008 (ausgewählte Positionen): Tarifindex;WZ08-E;Wasserversorg.,Entsorg.,Beseitig.v.Umweltverschm.;100,0;2020=100;VST018;Index der tariflichen Wochenarbeitszeit
62221;Vj. Index der Tarifverdienste und Arbeitszeiten;JAHR;Jahr;2018;DINSGF;Früheres Bundesgebiet / Neue Länder;DN;Neue Länder;WZ08C7;WZ2008 (ausgewählte Positionen): Tarifindex;WZ08-E;Wasserversorg.,Entsorg.,Beseitig.v.Umweltverschm.;94,7;2020=100;VST065;Index d.tarifl. Stundenverdienste ohne Sonderzahl.
62221;Vj. Index der Tarifverdienste und Arbeitszeiten;JAHR;Jahr;2019;DINSGF;Früheres Bundesgebiet / Neue Länder;DF;Früheres Bundesgebiet;WZ08C7;WZ2008 (ausgewählte Positionen): Tarifindex;WZ08-81;Gebäudebetreuung, Garten- und Landschaftsbau;97,8;2020=100;VST072;Index d.tarifl. Stundenverdienste mit Sonderzahl.
62221;Vj. Index der Tarifverdienste und Arbeitszeiten;JAHR;Jahr;2019;DINSGF;Früheres Bundesgebiet / Neue Länder;DF;Früheres Bundesgebiet;WZ08C7;WZ2008 (ausgewählte Positionen): Tarifindex;WZ08-81;Gebäudebetreuung, Garten- und Landschaftsbau;97,8;2020=100;VST073;Index d.tarifl. Monatsverdienste mit Sonderzahl.
62221;Vj. Index der Tarifverdienste und Arbeitszeiten;JAHR;Jahr;2019;DINSGF;Früheres Bundesgebiet / Neue Länder;DF;Früheres Bundesgebiet;WZ08C7;WZ2008 (ausgewählte Positionen): Tarifindex;WZ08-81;Gebäudebetreuung, Garten- und Landschaftsbau;38,9;h;VST019;Durchschnittliche tarifliche Wochenarbeitszeit
62221;Vj. Index der Tarifverdienste und Arbeitszeiten;JAHR;Jahr;2019;DINSGF;Früheres Bundesgebiet / Neue Länder;DF;Früheres Bundesgebiet;WZ08C7;WZ2008 (ausgewählte Positionen): Tarifindex;WZ08-81;Gebäudebetreuung, Garten- und Landschaftsbau;97,6;2020=100;VST066;Index d.tarifl. Monatsverdienste ohne Sonderzahl.
62221;Vj. Index der Tarifverdienste und Arbeitszeiten;JAHR;Jahr;2019;DINSGF;Früheres Bundesgebiet / Neue Länder;DF;Früheres Bundesgebiet;WZ08C7;WZ2008 (ausgewählte Positionen): Tarifindex;WZ08-81;Gebäudebetreuung, Garten- und Landschaftsbau;100,0;2020=100;VST018;Index der tariflichen Wochenarbeitszeit
62221;Vj. Index der Tarifverdienste und Arbeitszeiten;JAHR;Jahr;2019;DINSGF;Früheres Bundesgebiet / Neue Länder;DF;Früheres Bundesgebiet;WZ08C7;WZ2008 (ausgewählte Positionen): Tarifindex;WZ08-81;Gebäudebetreuung, Garten- und Landschaftsbau;97,6;2020=100;VST065;Index d.tarifl. Stundenverdienste ohne Sonderzahl.
62221;Vj. Index der Tarifverdienste und Arbeitszeiten;JAHR;Jahr;2021;DINSGF;Früheres Bundesgebiet / Neue Länder;DF;Früheres Bundesgebiet;WZ08C7;WZ2008 (ausgewählte Positionen): Tarifindex;WZ08-F;Baugewerbe;102,1;2020=100;VST072;Index d.tarifl. Stundenverdienste mit Sonderzahl.
62221;Vj. Index der Tarifverdienste und Arbeitszeiten;JAHR;Jahr;2021;DINSGF;Früheres Bundesgebiet / Neue Länder;DF;Früheres Bundesgebiet;WZ08C7;WZ2008 (ausgewählte Positionen): Tarifindex;WZ08-F;Baugewerbe;102,0;2020=100;VST073;Index d.tarifl. Monatsverdienste mit Sonderzahl.
62221;Vj. Index der Tarifverdienste und Arbeitszeiten;JAHR;Jahr;2021;DINSGF;Früheres Bundesgebiet / Neue Länder;DF;Früheres Bundesgebiet;WZ08C7;WZ2008 (ausgewählte Positionen): Tarifindex;WZ08-F;Baugewerbe;39,4;h;VST019;Durchschnittliche tarifliche Wochenarbeitszeit
62221;Vj. Index der Tarifverdienste und Arbeitszeiten;JAHR;Jahr;2021;DINSGF;Früheres Bundesgebiet / Neue Länder;DF;Früheres Bundesgebiet;WZ08C7;WZ2008 (ausgewählte Positionen): Tarifindex;WZ08-F;Baugewerbe;102,3;2020=100;VST066;Index d.tarifl. Monatsverdienste ohne Sonderzahl.
62221;Vj. Index der Tarifverdienste und Arbeitszeiten;JAHR;Jahr;2021;DINSGF;Früheres Bundesgebiet / Neue Länder;DF;Früheres Bundesgebiet;WZ08C7;WZ2008 (ausgewählte Positionen): Tarifindex;WZ08-F;Baugewerbe;100,0;2020=100;VST018;Index der tariflichen Wochenarbeitszeit
62221;Vj. Index der Tarifverdienste und Arbeitszeiten;JAHR;Jahr;2021;DINSGF;Früheres Bundesgebiet / Neue Länder;DF;Früheres Bundesgebiet;WZ08C7;WZ2008 (ausgewählte Positionen): Tarifindex;WZ08-F;Baugewerbe;102,3;2020=100;VST065;Index d.tarifl. Stundenverdienste ohne Sonderzahl.
62221;Vj. Index der Tarifverdienste und Arbeitszeiten;JAHR;Jahr;2025;DINSGF;Früheres Bundesgebiet / Neue Länder;DN;Neue Länder;WZ08C7;WZ2008 (ausgewählte Positionen): Tarifindex;WZ08-32;Herstellung von sonstigen Waren;114,2;2020=100;VST072;Index d.tarifl. Stundenverdienste mit Sonderzahl.
62221;Vj. Index der Tarifverdienste und Arbeitszeiten;JAHR;Jahr;2025;DINSGF;Früheres Bundesgebiet / Neue Länder;DN;Neue Länder;WZ08C7;WZ2008 (ausgewählte Positionen): Tarifindex;WZ08-32;Herstellung von sonstigen Waren;114,2;2020=100;VST073;Index d.tarifl. Monatsverdienste mit Sonderzahl.
62221;Vj. Index der Tarifverdienste und Arbeitszeiten;JAHR;Jahr;2025;DINSGF;Früheres Bundesgebiet / Neue Länder;DN;Neue Länder;WZ08C7;WZ2008 (ausgewählte Positionen): Tarifindex;WZ08-32;Herstellung von sonstigen Waren;38,0;h;VST019;Durchschnittliche tarifliche Wochenarbeitszeit
62221;Vj. Index der Tarifverdienste und Arbeitszeiten;JAHR;Jahr;2025;DINSGF;Früheres Bundesgebiet / Neue Länder;DN;Neue Länder;WZ08C7;WZ2008 (ausgewählte Positionen): Tarifindex;WZ08-32;Herstellung von sonstigen Waren;112,7;2020=100;VST066;Index d.tarifl. Monatsverdienste ohne Sonderzahl.
62221;Vj. Index der Tarifverdienste und Arbeitszeiten;JAHR;Jahr;2025;DINSGF;Früheres Bundesgebiet / Neue Länder;DN;Neue Länder;WZ08C7;WZ2008 (ausgewählte Positionen): Tarifindex;WZ08-32;Herstellung von sonstigen Waren;100,0;2020=100;VST018;Index der tariflichen Wochenarbeitszeit
62221;Vj. Index der Tarifverdienste und Arbeitszeiten;JAHR;Jahr;2025;DINSGF;Früheres Bundesgebiet / Neue Länder;DN;Neue Länder;WZ08C7;WZ2008 (ausgewählte Positionen): Tarifindex;WZ08-32;Herstellung von sonstigen Waren;112,7;2020=100;VST065;Index d.tarifl. Stundenverdienste ohne Sonderzahl.
62221;Vj. Index der Tarifverdienste und Arbeitszeiten;JAHR;Jahr;2024;DINSGF;Früheres Bundesgebiet / Neue Länder;DF;Früheres Bundesgebiet;WZ08C7;WZ2008 (ausgewählte Positionen): Tarifindex;WZ08-82;Dienstleistungen für Unternehmen u.Privatpers. ang;113,0;2020=100;VST072;Index d.tarifl. Stundenverdienste mit Sonderzahl.
62221;Vj. Index der Tarifverdienste und Arbeitszeiten;JAHR;Jahr;2024;DINSGF;Früheres Bundesgebiet / Neue Länder;DF;Früheres Bundesgebiet;WZ08C7;WZ2008 (ausgewählte Positionen): Tarifindex;WZ08-82;Dienstleistungen für Unternehmen u.Privatpers. ang;113,0;2020=100;VST073;Index d.tarifl. Monatsverdienste mit Sonderzahl.
62221;Vj. Index der Tarifverdienste und Arbeitszeiten;JAHR;Jahr;2024;DINSGF;Früheres Bundesgebiet / Neue Länder;DF;Früheres Bundesgebiet;WZ08C7;WZ2008 (ausgewählte Positionen): Tarifindex;WZ08-82;Dienstleistungen für Unternehmen u.Privatpers. ang;37,9;h;VST019;Durchschnittliche tarifliche Wochenarbeitszeit
62221;Vj. Index der Tarifverdienste und Arbeitszeiten;JAHR;Jahr;2024;DINSGF;Früheres Bundesgebiet / Neue Länder;DF;Früheres Bundesgebiet;WZ08C7;WZ2008 (ausgewählte Positionen): Tarifindex;WZ08-82;Dienstleistungen für Unternehmen u.Privatpers. ang;111,4;2020=100;VST066;Index d.tarifl. Monatsverdienste ohne Sonderzahl.
62221;Vj. Index der Tarifverdienste und Arbeitszeiten;JAHR;Jahr;2024;DINSGF;Früheres Bundesgebiet / Neue Länder;DF;Früheres Bundesgebiet;WZ08C7;WZ2008 (ausgewählte Positionen): Tarifindex;WZ08-82;Dienstleistungen für Unternehmen u.Privatpers. ang;100,0;2020=100;VST018;Index der tariflichen Wochenarbeitszeit
62221;Vj. Index der Tarifverdienste und Arbeitszeiten;JAHR;Jahr;2024;DINSGF;Früheres Bundesgebiet / Neue Länder;DF;Früheres Bundesgebiet;WZ08C7;WZ2008 (ausgewählte Positionen): Tarifindex;WZ08-82;Dienstleistungen für Unternehmen u.Privatpers. ang;111,4;2020=100;VST065;Index d.tarifl. Stundenverdienste ohne Sonderzahl.
62221;Vj. Index der Tarifverdienste und Arbeitszeiten;JAHR;Jahr;2021;DINSGF;Früheres Bundesgebiet / Neue Länder;DF;Früheres Bundesgebiet;WZ08C7;WZ2008 (ausgewählte Positionen): Tarifindex;WZ08-L;Grundstücks- und Wohnungswesen;101,1;2020=100;VST072;Index d.tarifl. Stundenverdienste mit Sonderzahl.
62221;Vj. Index der Tarifverdienste und Arbeitszeiten;JAHR;Jahr;2021;DINSGF;Früheres Bundesgebiet / Neue Länder;DF;Früheres Bundesgebiet;WZ08C7;WZ2008 (ausgewählte Positionen): Tarifindex;WZ08-L;Grundstücks- und Wohnungswesen;101,1;2020=100;VST073;Index d.tarifl. Monatsverdienste mit Sonderzahl.
62221;Vj. Index der Tarifverdienste und Arbeitszeiten;JAHR;Jahr;2021;DINSGF;Früheres Bundesgebiet / Neue Länder;DF;Früheres Bundesgebiet;WZ08C7;WZ2008 (ausgewählte Positionen): Tarifindex;WZ08-L;Grundstücks- und Wohnungswesen;38,1;h;VST019;Durchschnittliche tarifliche Wochenarbeitszeit
62221;Vj. Index der Tarifverdienste und Arbeitszeiten;JAHR;Jahr;2021;DINSGF;Früheres Bundesgebiet / Neue Länder;DF;Früheres Bundesgebiet;WZ08C7;WZ2008 (ausgewählte Positionen): Tarifindex;WZ08-L;Grundstücks- und Wohnungswesen;101,7;2020=100;VST066;Index d.tarifl. Monatsverdienste ohne Sonderzahl.
62221;Vj. Index der Tarifverdienste und Arbeitszeiten;JAHR;Jahr;2021;DINSGF;Früheres Bundesgebiet / Neue Länder;DF;Früheres Bundesgebiet;WZ08C7;WZ2008 (ausgewählte Positionen): Tarifindex;WZ08-L;Grundstücks- und Wohnungswesen;100,0;2020=100;VST018;Index der tariflichen Wochenarbeitszeit
62221;Vj. Index der Tarifverdienste und Arbeitszeiten;JAHR;Jahr;2021;DINSGF;Früheres Bundesgebiet / Neue Länder;DF;Früheres Bundesgebiet;WZ08C7;WZ2008 (ausgewählte Positionen): Tarifindex;WZ08-L;Grundstücks- und Wohnungswesen;101,7;2020=100;VST065;Index d.tarifl. Stundenverdienste ohne Sonderzahl.
62221;Vj. Index der Tarifverdienste und Arbeitszeiten;JAHR;Jahr;2016;DINSGF;Früheres Bundesgebiet / Neue Länder;DN;Neue Länder;WZ08C7;WZ2008 (ausgewählte Positionen): Tarifindex;WZ08-37;Abwasserentsorgung;89,3;2020=100;VST072;Index d.tarifl. Stundenverdienste mit Sonderzahl.
62221;Vj. Index der Tarifverdienste und Arbeitszeiten;JAHR;Jahr;2016;DINSGF;Früheres Bundesgebiet / Neue Länder;DN;Neue Länder;WZ08C7;WZ2008 (ausgewählte Positionen): Tarifindex;WZ08-37;Abwasserentsorgung;89,3;2020=100;VST073;Index d.tarifl. Monatsverdienste mit Sonderzahl.
62221;Vj. Index der Tarifverdienste und Arbeitszeiten;JAHR;Jahr;2016;DINSGF;Früheres Bundesgebiet / Neue Länder;DN;Neue Länder;WZ08C7;WZ2008 (ausgewählte Positionen): Tarifindex;WZ08-37;Abwasserentsorgung;39,0;h;VST019;Durchschnittliche tarifliche Wochenarbeitszeit
62221;Vj. Index der Tarifverdienste und Arbeitszeiten;JAHR;Jahr;2016;DINSGF;Früheres Bundesgebiet / Neue Länder;DN;Neue Länder;WZ08C7;WZ2008 (ausgewählte Positionen): Tarifindex;WZ08-37;Abwasserentsorgung;89,8;2020=100;VST066;Index d.tarifl. Monatsverdienste ohne Sonderzahl.
62221;Vj. Index der Tarifverdienste und Arbeitszeiten;JAHR;Jahr;2016;DINSGF;Früheres Bundesgebiet / Neue Länder;DN;Neue Länder;WZ08C7;WZ2008 (ausgewählte Positionen): Tarifindex;WZ08-37;Abwasserentsorgung;100,0;2020=100;VST018;Index der tariflichen Wochenarbeitszeit
62221;Vj. Index der Tarifverdienste und Arbeitszeiten;JAHR;Jahr;2016;DINSGF;Früheres Bundesgebiet / Neue Länder;DN;Neue Länder;WZ08C7;WZ2008 (ausgewählte Positionen): Tarifindex;WZ08-37;Abwasserentsorgung;89,8;2020=100;VST065;Index d.tarifl. Stundenverdienste ohne Sonderzahl.
62221;Vj. Index der Tarifverdienste und Arbeitszeiten;JAHR;Jahr;2018;DINSGF;Früheres Bundesgebiet / Neue Länder;DF;Früheres Bundesgebiet;WZ08C7;WZ2008 (ausgewählte Positionen): Tarifindex;WZ08-D-05;Energie- und Wasserversorgung, Entsorgung u.a.;95,1;2020=100;VST072;Index d.tarifl. Stundenverdienste mit Sonderzahl.
62221;Vj. Index der Tarifverdienste und Arbeitszeiten;JAHR;Jahr;2018;DINSGF;Früheres Bundesgebiet / Neue Länder;DF;Früheres Bundesgebiet;WZ08C7;WZ2008 (ausgewählte Positionen): Tarifindex;WZ08-D-05;Energie- und Wasserversorgung, Entsorgung u.a.;95,2;2020=100;VST073;Index d.tarifl. Monatsverdienste mit Sonderzahl.
62221;Vj. Index der Tarifverdienste und Arbeitszeiten;JAHR;Jahr;2018;DINSGF;Früheres Bundesgebiet / Neue Länder;DF;Früheres Bundesgebiet;WZ08C7;WZ2008 (ausgewählte Positionen): Tarifindex;WZ08-D-05;Energie- und Wasserversorgung, Entsorgung u.a.;38,7;h;VST019;Durchschnittliche tarifliche Wochenarbeitszeit
62221;Vj. Index der Tarifverdienste und Arbeitszeiten;JAHR;Jahr;2018;DINSGF;Früheres Bundesgebiet / Neue Länder;DF;Früheres Bundesgebiet;WZ08C7;WZ2008 (ausgewählte Positionen): Tarifindex;WZ08-D-05;Energie- und Wasserversorgung, Entsorgung u.a.;94,6;2020=100;VST066;Index d.tarifl. Monatsverdienste ohne Sonderzahl.
62221;Vj. Index der Tarifverdienste und Arbeitszeiten;JAHR;Jahr;2018;DINSGF;Früheres Bundesgebiet / Neue Länder;DF;Früheres Bundesgebiet;WZ08C7;WZ2008 (ausgewählte Positionen): Tarifindex;WZ08-D-05;Energie- und Wasserversorgung, Entsorgung u.a.;100,0;2020=100;VST018;Index der tariflichen Wochenarbeitszeit
62221;Vj. Index der Tarifverdienste und Arbeitszeiten;JAHR;Jahr;2018;DINSGF;Früheres Bundesgebiet / Neue Länder;DF;Früheres Bundesgebiet;WZ08C7;WZ2008 (ausgewählte Positionen): Tarifindex;WZ08-D-05;Energie- und Wasserversorgung, Entsorgung u.a.;94,6;2020=100;VST065;Index d.tarifl. Stundenverdienste ohne Sonderzahl.
62221;Vj. Index der Tarifverdienste und Arbeitszeiten;JAHR;Jahr;2021;DINSGF;Früheres Bundesgebiet / Neue Länder;DF;Früheres Bundesgebiet;WZ08C7;WZ2008 (ausgewählte Positionen): Tarifindex;WZ08-29;Herstellung von Kraftwagen und Kraftwagenteilen;101,0;2020=100;VST072;Index d.tarifl. Stundenverdienste mit Sonderzahl.
62221;Vj. Index der Tarifverdienste und Arbeitszeiten;JAHR;Jahr;2021;DINSGF;Früheres Bundesgebiet / Neue Länder;DF;Früheres Bundesgebiet;WZ08C7;WZ2008 (ausgewählte Positionen): Tarifindex;WZ08-29;Herstellung von Kraftwagen und Kraftwagenteilen;101,0;2020=100;VST073;Index d.tarifl. Monatsverdienste mit Sonderzahl.
62221;Vj. Index der Tarifverdienste und Arbeitszeiten;JAHR;Jahr;2021;DINSGF;Früheres Bundesgebiet / Neue Länder;DF;Früheres Bundesgebiet;WZ08C7;WZ2008 (ausgewählte Positionen): Tarifindex;WZ08-29;Herstellung von Kraftwagen und Kraftwagenteilen;35,2;h;VST019;Durchschnittliche tarifliche Wochenarbeitszeit
62221;Vj. Index der Tarifverdienste und Arbeitszeiten;JAHR;Jahr;2021;DINSGF;Früheres Bundesgebiet / Neue Länder;DF;Früheres Bundesgebiet;WZ08C7;WZ2008 (ausgewählte Positionen): Tarifindex;WZ08-29;Herstellung von Kraftwagen und Kraftwagenteilen;100,1;2020=100;VST066;Index d.tarifl. Monatsverdienste ohne Sonderzahl.
62221;Vj. Index der Tarifverdienste und Arbeitszeiten;JAHR;Jahr;2021;DINSGF;Früheres Bundesgebiet / Neue Länder;DF;Früheres Bundesgebiet;WZ08C7;WZ2008 (ausgewählte Positionen): Tarifindex;WZ08-29;Herstellung von Kraftwagen und Kraftwagenteilen;100,0;2020=100;VST018;Index der tariflichen Wochenarbeitszeit
62221;Vj. Index der Tarifverdienste und Arbeitszeiten;JAHR;Jahr;2021;DINSGF;Früheres Bundesgebiet / Neue Länder;DF;Früheres Bundesgebiet;WZ08C7;WZ2008 (ausgewählte Positionen): Tarifindex;WZ08-29;Herstellung von Kraftwagen und Kraftwagenteilen;100,1;2020=100;VST065;Index d.tarifl. Stundenverdienste ohne Sonderzahl.
62221;Vj. Index der Tarifverdienste und Arbeitszeiten;JAHR;Jahr;2018;DINSGF;Früheres Bundesgebiet / Neue Länder;DN;Neue Länder;WZ08C7;WZ2008 (ausgewählte Positionen): Tarifindex;WZ-X004;Verbrauchsgüterproduzenten;95,2;2020=100;VST072;Index d.tarifl. Stundenverdienste mit Sonderzahl.
62221;Vj. Index der Tarifverdienste und Arbeitszeiten;JAHR;Jahr;2018;DINSGF;Früheres Bundesgebiet / Neue Länder;DN;Neue Länder;WZ08C7;WZ2008 (ausgewählte Positionen): Tarifindex;WZ-X004;Verbrauchsgüterproduzenten;95,2;2020=100;VST073;Index d.tarifl. Monatsverdienste mit Sonderzahl.
62221;Vj. Index der Tarifverdienste und Arbeitszeiten;JAHR;Jahr;2018;DINSGF;Früheres Bundesgebiet / Neue Länder;DN;Neue Länder;WZ08C7;WZ2008 (ausgewählte Positionen): Tarifindex;WZ-X004;Verbrauchsgüterproduzenten;38,7;h;VST019;Durchschnittliche tarifliche Wochenarbeitszeit
62221;Vj. Index der Tarifverdienste und Arbeitszeiten;JAHR;Jahr;2018;DINSGF;Früheres Bundesgebiet / Neue Länder;DN;Neue Länder;WZ08C7;WZ2008 (ausgewählte Positionen): Tarifindex;WZ-X004;Verbrauchsgüterproduzenten;95,4;2020=100;VST066;Index d.tarifl. Monatsverdienste ohne Sonderzahl.
62221;Vj. Index der Tarifverdienste und Arbeitszeiten;JAHR;Jahr;2018;DINSGF;Früheres Bundesgebiet / Neue Länder;DN;Neue Länder;WZ08C7;WZ2008 (ausgewählte Positionen): Tarifindex;WZ-X004;Verbrauchsgüterproduzenten;100,0;2020=100;VST018;Index der tariflichen Wochenarbeitszeit
62221;Vj. Index der Tarifverdienste und Arbeitszeiten;JAHR;Jahr;2018;DINSGF;Früheres Bundesgebiet / Neue Länder;DN;Neue Länder;WZ08C7;WZ2008 (ausgewählte Positionen): Tarifindex;WZ-X004;Verbrauchsgüterproduzenten;95,4;2020=100;VST065;Index d.tarifl. Stundenverdienste ohne Sonderzahl.
62221;Vj. Index der Tarifverdienste und Arbeitszeiten;JAHR;Jahr;2019;DINSGF;Früheres Bundesgebiet / Neue Länder;DF;Früheres Bundesgebiet;WZ08C7;WZ2008 (ausgewählte Positionen): Tarifindex;WZ08-P;Erziehung und Unterricht;97,0;2020=100;VST072;Index d.tarifl. Stundenverdienste mit Sonderzahl.
62221;Vj. Index der Tarifverdienste und Arbeitszeiten;JAHR;Jahr;2019;DINSGF;Früheres Bundesgebiet / Neue Länder;DF;Früheres Bundesgebiet;WZ08C7;WZ2008 (ausgewählte Positionen): Tarifindex;WZ08-P;Erziehung und Unterricht;97,0;2020=100;VST073;Index d.tarifl. Monatsverdienste mit Sonderzahl.
62221;Vj. Index der Tarifverdienste und Arbeitszeiten;JAHR;Jahr;2019;DINSGF;Früheres Bundesgebiet / Neue Länder;DF;Früheres Bundesgebiet;WZ08C7;WZ2008 (ausgewählte Positionen): Tarifindex;WZ08-P;Erziehung und Unterricht;40,1;h;VST019;Durchschnittliche tarifliche Wochenarbeitszeit
62221;Vj. Index der Tarifverdienste und Arbeitszeiten;JAHR;Jahr;2019;DINSGF;Früheres Bundesgebiet / Neue Länder;DF;Früheres Bundesgebiet;WZ08C7;WZ2008 (ausgewählte Positionen): Tarifindex;WZ08-P;Erziehung und Unterricht;95,9;2020=100;VST066;Index d.tarifl. Monatsverdienste ohne Sonderzahl.
62221;Vj. Index der Tarifverdienste und Arbeitszeiten;JAHR;Jahr;2019;DINSGF;Früheres Bundesgebiet / Neue Länder;DF;Früheres Bundesgebiet;WZ08C7;WZ2008 (ausgewählte Positionen): Tarifindex;WZ08-P;Erziehung und Unterricht;100,0;2020=100;VST018;Index der tariflichen Wochenarbeitszeit
62221;Vj. Index der Tarifverdienste und Arbeitszeiten;JAHR;Jahr;2019;DINSGF;Früheres Bundesgebiet / Neue Länder;DF;Früheres Bundesgebiet;WZ08C7;WZ2008 (ausgewählte Positionen): Tarifindex;WZ08-P;Erziehung und Unterricht;95,9;2020=100;VST065;Index d.tarifl. Stundenverdienste ohne Sonderzahl.
62221;Vj. Index der Tarifverdienste und Arbeitszeiten;JAHR;Jahr;2023;DINSGF;Früheres Bundesgebiet / Neue Länder;DN;Neue Länder;WZ08C7;WZ2008 (ausgewählte Positionen): Tarifindex;WZ08-F;Baugewerbe;110,3;2020=100;VST072;Index d.tarifl. Stundenverdienste mit Sonderzahl.
62221;Vj. Index der Tarifverdienste und Arbeitszeiten;JAHR;Jahr;2023;DINSGF;Früheres Bundesgebiet / Neue Länder;DN;Neue Länder;WZ08C7;WZ2008 (ausgewählte Positionen): Tarifindex;WZ08-F;Baugewerbe;110,3;2020=100;VST073;Index d.tarifl. Monatsverdienste mit Sonderzahl.
62221;Vj. Index der Tarifverdienste und Arbeitszeiten;JAHR;Jahr;2023;DINSGF;Früheres Bundesgebiet / Neue Länder;DN;Neue Länder;WZ08C7;WZ2008 (ausgewählte Positionen): Tarifindex;WZ08-F;Baugewerbe;39,7;h;VST019;Durchschnittliche tarifliche Wochenarbeitszeit
62221;Vj. Index der Tarifverdienste und Arbeitszeiten;JAHR;Jahr;2023;DINSGF;Früheres Bundesgebiet / Neue Länder;DN;Neue Länder;WZ08C7;WZ2008 (ausgewählte Positionen): Tarifindex;WZ08-F;Baugewerbe;108,8;2020=100;VST066;Index d.tarifl. Monatsverdienste ohne Sonderzahl.
62221;Vj. Index der Tarifverdienste und Arbeitszeiten;JAHR;Jahr;2023;DINSGF;Früheres Bundesgebiet / Neue Länder;DN;Neue Länder;WZ08C7;WZ2008 (ausgewählte Positionen): Tarifindex;WZ08-F;Baugewerbe;100,0;2020=100;VST018;Index der tariflichen Wochenarbeitszeit
62221;Vj. Index der Tarifverdienste und Arbeitszeiten;JAHR;Jahr;2023;DINSGF;Früheres Bundesgebiet / Neue Länder;DN;Neue Länder;WZ08C7;WZ2008 (ausgewählte Positionen): Tarifindex;WZ08-F;Baugewerbe;108,9;2020=100;VST065;Index d.tarifl. Stundenverdienste ohne Sonderzahl.
62221;Vj. Index der Tarifverdienste und Arbeitszeiten;JAHR;Jahr;2016;DINSGF;Früheres Bundesgebiet / Neue Länder;DN;Neue Länder;WZ08C7;WZ2008 (ausgewählte Positionen): Tarifindex;WZ08-28;Maschinenbau;90,3;2020=100;VST072;Index d.tarifl. Stundenverdienste mit Sonderzahl.
62221;Vj. Index der Tarifverdienste und Arbeitszeiten;JAHR;Jahr;2016;DINSGF;Früheres Bundesgebiet / Neue Länder;DN;Neue Länder;WZ08C7;WZ2008 (ausgewählte Positionen): Tarifindex;WZ08-28;Maschinenbau;90,4;2020=100;VST073;Index d.tarifl. Monatsverdienste mit Sonderzahl.
62221;Vj. Index der Tarifverdienste und Arbeitszeiten;JAHR;Jahr;2016;DINSGF;Früheres Bundesgebiet / Neue Länder;DN;Neue Länder;WZ08C7;WZ2008 (ausgewählte Positionen): Tarifindex;WZ08-28;Maschinenbau;37,9;h;VST019;Durchschnittliche tarifliche Wochenarbeitszeit
62221;Vj. Index der Tarifverdienste und Arbeitszeiten;JAHR;Jahr;2016;DINSGF;Früheres Bundesgebiet / Neue Länder;DN;Neue Länder;WZ08C7;WZ2008 (ausgewählte Positionen): Tarifindex;WZ08-28;Maschinenbau;92,7;2020=100;VST066;Index d.tarifl. Monatsverdienste ohne Sonderzahl.
62221;Vj. Index der Tarifverdienste und Arbeitszeiten;JAHR;Jahr;2016;DINSGF;Früheres Bundesgebiet / Neue Länder;DN;Neue Länder;WZ08C7;WZ2008 (ausgewählte Positionen): Tarifindex;WZ08-28;Maschinenbau;100,1;2020=100;VST018;Index der tariflichen Wochenarbeitszeit
62221;Vj. Index der Tarifverdienste und Arbeitszeiten;JAHR;Jahr;2016;DINSGF;Früheres Bundesgebiet / Neue Länder;DN;Neue Länder;WZ08C7;WZ2008 (ausgewählte Positionen): Tarifindex;WZ08-28;Maschinenbau;92,6;2020=100;VST065;Index d.tarifl. Stundenverdienste ohne Sonderzahl.
62221;Vj. Index der Tarifverdienste und Arbeitszeiten;JAHR;Jahr;2019;DINSGF;Früheres Bundesgebiet / Neue Länder;DF;Früheres Bundesgebiet;WZ08C7;WZ2008 (ausgewählte Positionen): Tarifindex;WZ08-J;Information und Kommunikation;97,4;2020=100;VST072;Index d.tarifl. Stundenverdienste mit Sonderzahl.
62221;Vj. Index der Tarifverdienste und Arbeitszeiten;JAHR;Jahr;2019;DINSGF;Früheres Bundesgebiet / Neue Länder;DF;Früheres Bundesgebiet;WZ08C7;WZ2008 (ausgewählte Positionen): Tarifindex;WZ08-J;Information und Kommunikation;97,4;2020=100;VST073;Index d.tarifl. Monatsverdienste mit Sonderzahl.
62221;Vj. Index der Tarifverdienste und Arbeitszeiten;JAHR;Jahr;2019;DINSGF;Früheres Bundesgebiet / Neue Länder;DF;Früheres Bundesgebiet;WZ08C7;WZ2008 (ausgewählte Positionen): Tarifindex;WZ08-J;Information und Kommunikation;37,2;h;VST019;Durchschnittliche tarifliche Wochenarbeitszeit
62221;Vj. Index der Tarifverdienste und Arbeitszeiten;JAHR;Jahr;2019;DINSGF;Früheres Bundesgebiet / Neue Länder;DF;Früheres Bundesgebiet;WZ08C7;WZ2008 (ausgewählte Positionen): Tarifindex;WZ08-J;Information und Kommunikation;97,8;2020=100;VST066;Index d.tarifl. Monatsverdienste ohne Sonderzahl.
62221;Vj. Index der Tarifverdienste und Arbeitszeiten;JAHR;Jahr;2019;DINSGF;Früheres Bundesgebiet / Neue Länder;DF;Früheres Bundesgebiet;WZ08C7;WZ2008 (ausgewählte Positionen): Tarifindex;WZ08-J;Information und Kommunikation;100,1;2020=100;VST018;Index der tariflichen Wochenarbeitszeit
62221;Vj. Index der Tarifverdienste und Arbeitszeiten;JAHR;Jahr;2019;DINSGF;Früheres Bundesgebiet / Neue Länder;DF;Früheres Bundesgebiet;WZ08C7;WZ2008 (ausgewählte Positionen): Tarifindex;WZ08-J;Information und Kommunikation;97,8;2020=100;VST065;Index d.tarifl. Stundenverdienste ohne Sonderzahl.
62221;Vj. Index der Tarifverdienste und Arbeitszeiten;JAHR;Jahr;2023;DINSGF;Früheres Bundesgebiet / Neue Länder;DN;Neue Länder;WZ08C7;WZ2008 (ausgewählte Positionen): Tarifindex;WZ08-62;Dienstleistungen der Informationstechnologie;106,1;2020=100;VST072;Index d.tarifl. Stundenverdienste mit Sonderzahl.
62221;Vj. Index der Tarifverdienste und Arbeitszeiten;JAHR;Jahr;2023;DINSGF;Früheres Bundesgebiet / Neue Länder;DN;Neue Länder;WZ08C7;WZ2008 (ausgewählte Positionen): Tarifindex;WZ08-62;Dienstleistungen der Informationstechnologie;106,1;2020=100;VST073;Index d.tarifl. Monatsverdienste mit Sonderzahl.
62221;Vj. Index der Tarifverdienste und Arbeitszeiten;JAHR;Jahr;2023;DINSGF;Früheres Bundesgebiet / Neue Länder;DN;Neue Länder;WZ08C7;WZ2008 (ausgewählte Positionen): Tarifindex;WZ08-62;Dienstleistungen der Informationstechnologie;38,1;h;VST019;Durchschnittliche tarifliche Wochenarbeitszeit
62221;Vj. Index der Tarifverdienste und Arbeitszeiten;JAHR;Jahr;2023;DINSGF;Früheres Bundesgebiet / Neue Länder;DN;Neue Länder;WZ08C7;WZ2008 (ausgewählte Positionen): Tarifindex;WZ08-62;Dienstleistungen der Informationstechnologie;104,2;2020=100;VST066;Index d.tarifl. Monatsverdienste ohne Sonderzahl.
62221;Vj. Index der Tarifverdienste und Arbeitszeiten;JAHR;Jahr;2023;DINSGF;Früheres Bundesgebiet / Neue Länder;DN;Neue Länder;WZ08C7;WZ2008 (ausgewählte Positionen): Tarifindex;WZ08-62;Dienstleistungen der Informationstechnologie;100,0;2020=100;VST018;Index der tariflichen Wochenarbeitszeit
62221;Vj. Index der Tarifverdienste und Arbeitszeiten;JAHR;Jahr;2023;DINSGF;Früheres Bundesgebiet / Neue Länder;DN;Neue Länder;WZ08C7;WZ2008 (ausgewählte Positionen): Tarifindex;WZ08-62;Dienstleistungen der Informationstechnologie;104,2;2020=100;VST065;Index d.tarifl. Stundenverdienste ohne Sonderzahl.
62221;Vj. Index der Tarifverdienste und Arbeitszeiten;JAHR;Jahr;2016;DINSGF;Früheres Bundesgebiet / Neue Länder;DN;Neue Länder;WZ08C7;WZ2008 (ausgewählte Positionen): Tarifindex;WZ08-22;Herstellung von Gummi- und Kunststoffwaren;87,7;2020=100;VST072;Index d.tarifl. Stundenverdienste mit Sonderzahl.
62221;Vj. Index der Tarifverdienste und Arbeitszeiten;JAHR;Jahr;2016;DINSGF;Früheres Bundesgebiet / Neue Länder;DN;Neue Länder;WZ08C7;WZ2008 (ausgewählte Positionen): Tarifindex;WZ08-22;Herstellung von Gummi- und Kunststoffwaren;88,0;2020=100;VST073;Index d.tarifl. Monatsverdienste mit Sonderzahl.
62221;Vj. Index der Tarifverdienste und Arbeitszeiten;JAHR;Jahr;2016;DINSGF;Früheres Bundesgebiet / Neue Länder;DN;Neue Länder;WZ08C7;WZ2008 (ausgewählte Positionen): Tarifindex;WZ08-22;Herstellung von Gummi- und Kunststoffwaren;39,5;h;VST019;Durchschnittliche tarifliche Wochenarbeitszeit
62221;Vj. Index der Tarifverdienste und Arbeitszeiten;JAHR;Jahr;2016;DINSGF;Früheres Bundesgebiet / Neue Länder;DN;Neue Länder;WZ08C7;WZ2008 (ausgewählte Positionen): Tarifindex;WZ08-22;Herstellung von Gummi- und Kunststoffwaren;88,8;2020=100;VST066;Index d.tarifl. Monatsverdienste ohne Sonderzahl.
62221;Vj. Index der Tarifverdienste und Arbeitszeiten;JAHR;Jahr;2016;DINSGF;Früheres Bundesgebiet / Neue Länder;DN;Neue Länder;WZ08C7;WZ2008 (ausgewählte Positionen): Tarifindex;WZ08-22;Herstellung von Gummi- und Kunststoffwaren;100,2;2020=100;VST018;Index der tariflichen Wochenarbeitszeit
62221;Vj. Index der Tarifverdienste und Arbeitszeiten;JAHR;Jahr;2016;DINSGF;Früheres Bundesgebiet / Neue Länder;DN;Neue Länder;WZ08C7;WZ2008 (ausgewählte Positionen): Tarifindex;WZ08-22;Herstellung von Gummi- und Kunststoffwaren;88,5;2020=100;VST065;Index d.tarifl. Stundenverdienste ohne Sonderzahl.
62221;Vj. Index der Tarifverdienste und Arbeitszeiten;JAHR;Jahr;2023;DINSGF;Früheres Bundesgebiet / Neue Länder;DN;Neue Länder;WZ08C7;WZ2008 (ausgewählte Positionen): Tarifindex;WZ08-L;Grundstücks- und Wohnungswesen;106,1;2020=100;VST072;Index d.tarifl. Stundenverdienste mit Sonderzahl.
62221;Vj. Index der Tarifverdienste und Arbeitszeiten;JAHR;Jahr;2023;DINSGF;Früheres Bundesgebiet / Neue Länder;DN;Neue Länder;WZ08C7;WZ2008 (ausgewählte Positionen): Tarifindex;WZ08-L;Grundstücks- und Wohnungswesen;106,1;2020=100;VST073;Index d.tarifl. Monatsverdienste mit Sonderzahl.
62221;Vj. Index der Tarifverdienste und Arbeitszeiten;JAHR;Jahr;2023;DINSGF;Früheres Bundesgebiet / Neue Länder;DN;Neue Länder;WZ08C7;WZ2008 (ausgewählte Positionen): Tarifindex;WZ08-L;Grundstücks- und Wohnungswesen;37,9;h;VST019;Durchschnittliche tarifliche Wochenarbeitszeit
62221;Vj. Index der Tarifverdienste und Arbeitszeiten;JAHR;Jahr;2023;DINSGF;Früheres Bundesgebiet / Neue Länder;DN;Neue Länder;WZ08C7;WZ2008 (ausgewählte Positionen): Tarifindex;WZ08-L;Grundstücks- und Wohnungswesen;105,9;2020=100;VST066;Index d.tarifl. Monatsverdienste ohne Sonderzahl.
62221;Vj. Index der Tarifverdienste und Arbeitszeiten;JAHR;Jahr;2023;DINSGF;Früheres Bundesgebiet / Neue Länder;DN;Neue Länder;WZ08C7;WZ2008 (ausgewählte Positionen): Tarifindex;WZ08-L;Grundstücks- und Wohnungswesen;100,0;2020=100;VST018;Index der tariflichen Wochenarbeitszeit
62221;Vj. Index der Tarifverdienste und Arbeitszeiten;JAHR;Jahr;2023;DINSGF;Früheres Bundesgebiet / Neue Länder;DN;Neue Länder;WZ08C7;WZ2008 (ausgewählte Positionen): Tarifindex;WZ08-L;Grundstücks- und Wohnungswesen;105,9;2020=100;VST065;Index d.tarifl. Stundenverdienste ohne Sonderzahl.
62221;Vj. Index der Tarifverdienste und Arbeitszeiten;JAHR;Jahr;2018;DINSGF;Früheres Bundesgebiet / Neue Länder;DN;Neue Länder;WZ08C7;WZ2008 (ausgewählte Positionen): Tarifindex;WZ08-10;Herstellung von Nahrungs- und Futtermitteln;95,3;2020=100;VST072;Index d.tarifl. Stundenverdienste mit Sonderzahl.
62221;Vj. Index der Tarifverdienste und Arbeitszeiten;JAHR;Jahr;2018;DINSGF;Früheres Bundesgebiet / Neue Länder;DN;Neue Länder;WZ08C7;WZ2008 (ausgewählte Positionen): Tarifindex;WZ08-10;Herstellung von Nahrungs- und Futtermitteln;95,3;2020=100;VST073;Index d.tarifl. Monatsverdienste mit Sonderzahl.
62221;Vj. Index der Tarifverdienste und Arbeitszeiten;JAHR;Jahr;2018;DINSGF;Früheres Bundesgebiet / Neue Länder;DN;Neue Länder;WZ08C7;WZ2008 (ausgewählte Positionen): Tarifindex;WZ08-10;Herstellung von Nahrungs- und Futtermitteln;38,7;h;VST019;Durchschnittliche tarifliche Wochenarbeitszeit
62221;Vj. Index der Tarifverdienste und Arbeitszeiten;JAHR;Jahr;2018;DINSGF;Früheres Bundesgebiet / Neue Länder;DN;Neue Länder;WZ08C7;WZ2008 (ausgewählte Positionen): Tarifindex;WZ08-10;Herstellung von Nahrungs- und Futtermitteln;95,6;2020=100;VST066;Index d.tarifl. Monatsverdienste ohne Sonderzahl.
62221;Vj. Index der Tarifverdienste und Arbeitszeiten;JAHR;Jahr;2018;DINSGF;Früheres Bundesgebiet / Neue Länder;DN;Neue Länder;WZ08C7;WZ2008 (ausgewählte Positionen): Tarifindex;WZ08-10;Herstellung von Nahrungs- und Futtermitteln;100,0;2020=100;VST018;Index der tariflichen Wochenarbeitszeit
62221;Vj. Index der Tarifverdienste und Arbeitszeiten;JAHR;Jahr;2018;DINSGF;Früheres Bundesgebiet / Neue Länder;DN;Neue Länder;WZ08C7;WZ2008 (ausgewählte Positionen): Tarifindex;WZ08-10;Herstellung von Nahrungs- und Futtermitteln;95,6;2020=100;VST065;Index d.tarifl. Stundenverdienste ohne Sonderzahl.
62221;Vj. Index der Tarifverdienste und Arbeitszeiten;JAHR;Jahr;2019;DINSGF;Früheres Bundesgebiet / Neue Länder;DF;Früheres Bundesgebiet;WZ08C7;WZ2008 (ausgewählte Positionen): Tarifindex;WZ08-D;Energieversorgung;97,9;2020=100;VST072;Index d.tarifl. Stundenverdienste mit Sonderzahl.
62221;Vj. Index der Tarifverdienste und Arbeitszeiten;JAHR;Jahr;2019;DINSGF;Früheres Bundesgebiet / Neue Länder;DF;Früheres Bundesgebiet;WZ08C7;WZ2008 (ausgewählte Positionen): Tarifindex;WZ08-D;Energieversorgung;97,9;2020=100;VST073;Index d.tarifl. Monatsverdienste mit Sonderzahl.
62221;Vj. Index der Tarifverdienste und Arbeitszeiten;JAHR;Jahr;2019;DINSGF;Früheres Bundesgebiet / Neue Länder;DF;Früheres Bundesgebiet;WZ08C7;WZ2008 (ausgewählte Positionen): Tarifindex;WZ08-D;Energieversorgung;38,4;h;VST019;Durchschnittliche tarifliche Wochenarbeitszeit
62221;Vj. Index der Tarifverdienste und Arbeitszeiten;JAHR;Jahr;2019;DINSGF;Früheres Bundesgebiet / Neue Länder;DF;Früheres Bundesgebiet;WZ08C7;WZ2008 (ausgewählte Positionen): Tarifindex;WZ08-D;Energieversorgung;98,1;2020=100;VST066;Index d.tarifl. Monatsverdienste ohne Sonderzahl.
62221;Vj. Index der Tarifverdienste und Arbeitszeiten;JAHR;Jahr;2019;DINSGF;Früheres Bundesgebiet / Neue Länder;DF;Früheres Bundesgebiet;WZ08C7;WZ2008 (ausgewählte Positionen): Tarifindex;WZ08-D;Energieversorgung;100,0;2020=100;VST018;Index der tariflichen Wochenarbeitszeit
62221;Vj. Index der Tarifverdienste und Arbeitszeiten;JAHR;Jahr;2019;DINSGF;Früheres Bundesgebiet / Neue Länder;DF;Früheres Bundesgebiet;WZ08C7;WZ2008 (ausgewählte Positionen): Tarifindex;WZ08-D;Energieversorgung;98,1;2020=100;VST065;Index d.tarifl. Stundenverdienste ohne Sonderzahl.
62221;Vj. Index der Tarifverdienste und Arbeitszeiten;JAHR;Jahr;2018;DINSGF;Früheres Bundesgebiet / Neue Länder;DN;Neue Länder;WZ08C7;WZ2008 (ausgewählte Positionen): Tarifindex;WZ08-16;H.v. Holz-, Flecht-, Korb-u.Korkwaren (ohne Möbel);96,2;2020=100;VST072;Index d.tarifl. Stundenverdienste mit Sonderzahl.
62221;Vj. Index der Tarifverdienste und Arbeitszeiten;JAHR;Jahr;2018;DINSGF;Früheres Bundesgebiet / Neue Länder;DN;Neue Länder;WZ08C7;WZ2008 (ausgewählte Positionen): Tarifindex;WZ08-16;H.v. Holz-, Flecht-, Korb-u.Korkwaren (ohne Möbel);96,2;2020=100;VST073;Index d.tarifl. Monatsverdienste mit Sonderzahl.
62221;Vj. Index der Tarifverdienste und Arbeitszeiten;JAHR;Jahr;2018;DINSGF;Früheres Bundesgebiet / Neue Länder;DN;Neue Länder;WZ08C7;WZ2008 (ausgewählte Positionen): Tarifindex;WZ08-16;H.v. Holz-, Flecht-, Korb-u.Korkwaren (ohne Möbel);39,0;h;VST019;Durchschnittliche tarifliche Wochenarbeitszeit
62221;Vj. Index der Tarifverdienste und Arbeitszeiten;JAHR;Jahr;2018;DINSGF;Früheres Bundesgebiet / Neue Länder;DN;Neue Länder;WZ08C7;WZ2008 (ausgewählte Positionen): Tarifindex;WZ08-16;H.v. Holz-, Flecht-, Korb-u.Korkwaren (ohne Möbel);96,2;2020=100;VST066;Index d.tarifl. Monatsverdienste ohne Sonderzahl.
62221;Vj. Index der Tarifverdienste und Arbeitszeiten;JAHR;Jahr;2018;DINSGF;Früheres Bundesgebiet / Neue Länder;DN;Neue Länder;WZ08C7;WZ2008 (ausgewählte Positionen): Tarifindex;WZ08-16;H.v. Holz-, Flecht-, Korb-u.Korkwaren (ohne Möbel);100,0;2020=100;VST018;Index der tariflichen Wochenarbeitszeit
62221;Vj. Index der Tarifverdienste und Arbeitszeiten;JAHR;Jahr;2018;DINSGF;Früheres Bundesgebiet / Neue Länder;DN;Neue Länder;WZ08C7;WZ2008 (ausgewählte Positionen): Tarifindex;WZ08-16;H.v. Holz-, Flecht-, Korb-u.Korkwaren (ohne Möbel);96,2;2020=100;VST065;Index d.tarifl. Stundenverdienste ohne Sonderzahl.
62221;Vj. Index der Tarifverdienste und Arbeitszeiten;JAHR;Jahr;2022;DINSGF;Früheres Bundesgebiet / Neue Länder;DN;Neue Länder;WZ08C7;WZ2008 (ausgewählte Positionen): Tarifindex;WZ08-B-12;Prod. Gewerbe, Handel, Verkehr und Lagerei;104,4;2020=100;VST072;Index d.tarifl. Stundenverdienste mit Sonderzahl.
62221;Vj. Index der Tarifverdienste und Arbeitszeiten;JAHR;Jahr;2022;DINSGF;Früheres Bundesgebiet / Neue Länder;DN;Neue Länder;WZ08C7;WZ2008 (ausgewählte Positionen): Tarifindex;WZ08-B-12;Prod. Gewerbe, Handel, Verkehr und Lagerei;104,2;2020=100;VST073;Index d.tarifl. Monatsverdienste mit Sonderzahl.
62221;Vj. Index der Tarifverdienste und Arbeitszeiten;JAHR;Jahr;2022;DINSGF;Früheres Bundesgebiet / Neue Länder;DN;Neue Länder;WZ08C7;WZ2008 (ausgewählte Positionen): Tarifindex;WZ08-B-12;Prod. Gewerbe, Handel, Verkehr und Lagerei;38,6;h;VST019;Durchschnittliche tarifliche Wochenarbeitszeit
62221;Vj. Index der Tarifverdienste und Arbeitszeiten;JAHR;Jahr;2022;DINSGF;Früheres Bundesgebiet / Neue Länder;DN;Neue Länder;WZ08C7;WZ2008 (ausgewählte Positionen): Tarifindex;WZ08-B-12;Prod. Gewerbe, Handel, Verkehr und Lagerei;103,7;2020=100;VST066;Index d.tarifl. Monatsverdienste ohne Sonderzahl.
62221;Vj. Index der Tarifverdienste und Arbeitszeiten;JAHR;Jahr;2022;DINSGF;Früheres Bundesgebiet / Neue Länder;DN;Neue Länder;WZ08C7;WZ2008 (ausgewählte Positionen): Tarifindex;WZ08-B-12;Prod. Gewerbe, Handel, Verkehr und Lagerei;99,9;2020=100;VST018;Index der tariflichen Wochenarbeitszeit
62221;Vj. Index der Tarifverdienste und Arbeitszeiten;JAHR;Jahr;2022;DINSGF;Früheres Bundesgebiet / Neue Länder;DN;Neue Länder;WZ08C7;WZ2008 (ausgewählte Positionen): Tarifindex;WZ08-B-12;Prod. Gewerbe, Handel, Verkehr und Lagerei;103,8;2020=100;VST065;Index d.tarifl. Stundenverdienste ohne Sonderzahl.
62221;Vj. Index der Tarifverdienste und Arbeitszeiten;JAHR;Jahr;2017;DINSGF;Früheres Bundesgebiet / Neue Länder;DN;Neue Länder;WZ08C7;WZ2008 (ausgewählte Positionen): Tarifindex;WZ08-85;Erziehung und Unterricht;90,7;2020=100;VST072;Index d.tarifl. Stundenverdienste mit Sonderzahl.
62221;Vj. Index der Tarifverdienste und Arbeitszeiten;JAHR;Jahr;2017;DINSGF;Früheres Bundesgebiet / Neue Länder;DN;Neue Länder;WZ08C7;WZ2008 (ausgewählte Positionen): Tarifindex;WZ08-85;Erziehung und Unterricht;90,7;2020=100;VST073;Index d.tarifl. Monatsverdienste mit Sonderzahl.
62221;Vj. Index der Tarifverdienste und Arbeitszeiten;JAHR;Jahr;2017;DINSGF;Früheres Bundesgebiet / Neue Länder;DN;Neue Länder;WZ08C7;WZ2008 (ausgewählte Positionen): Tarifindex;WZ08-85;Erziehung und Unterricht;39,5;h;VST019;Durchschnittliche tarifliche Wochenarbeitszeit
62221;Vj. Index der Tarifverdienste und Arbeitszeiten;JAHR;Jahr;2017;DINSGF;Früheres Bundesgebiet / Neue Länder;DN;Neue Länder;WZ08C7;WZ2008 (ausgewählte Positionen): Tarifindex;WZ08-85;Erziehung und Unterricht;90,0;2020=100;VST066;Index d.tarifl. Monatsverdienste ohne Sonderzahl.
62221;Vj. Index der Tarifverdienste und Arbeitszeiten;JAHR;Jahr;2017;DINSGF;Früheres Bundesgebiet / Neue Länder;DN;Neue Länder;WZ08C7;WZ2008 (ausgewählte Positionen): Tarifindex;WZ08-85;Erziehung und Unterricht;100,0;2020=100;VST018;Index der tariflichen Wochenarbeitszeit
62221;Vj. Index der Tarifverdienste und Arbeitszeiten;JAHR;Jahr;2017;DINSGF;Früheres Bundesgebiet / Neue Länder;DN;Neue Länder;WZ08C7;WZ2008 (ausgewählte Positionen): Tarifindex;WZ08-85;Erziehung und Unterricht;90,0;2020=100;VST065;Index d.tarifl. Stundenverdienste ohne Sonderzahl.
62221;Vj. Index der Tarifverdienste und Arbeitszeiten;JAHR;Jahr;2022;DINSGF;Früheres Bundesgebiet / Neue Länder;DF;Früheres Bundesgebiet;WZ08C7;WZ2008 (ausgewählte Positionen): Tarifindex;WZ08-24-02;Metall- und Elektroindustrie;101,8;2020=100;VST072;Index d.tarifl. Stundenverdienste mit Sonderzahl.
62221;Vj. Index der Tarifverdienste und Arbeitszeiten;JAHR;Jahr;2022;DINSGF;Früheres Bundesgebiet / Neue Länder;DF;Früheres Bundesgebiet;WZ08C7;WZ2008 (ausgewählte Positionen): Tarifindex;WZ08-24-02;Metall- und Elektroindustrie;101,8;2020=100;VST073;Index d.tarifl. Monatsverdienste mit Sonderzahl.
62221;Vj. Index der Tarifverdienste und Arbeitszeiten;JAHR;Jahr;2022;DINSGF;Früheres Bundesgebiet / Neue Länder;DF;Früheres Bundesgebiet;WZ08C7;WZ2008 (ausgewählte Positionen): Tarifindex;WZ08-24-02;Metall- und Elektroindustrie;35,4;h;VST019;Durchschnittliche tarifliche Wochenarbeitszeit
62221;Vj. Index der Tarifverdienste und Arbeitszeiten;JAHR;Jahr;2022;DINSGF;Früheres Bundesgebiet / Neue Länder;DF;Früheres Bundesgebiet;WZ08C7;WZ2008 (ausgewählte Positionen): Tarifindex;WZ08-24-02;Metall- und Elektroindustrie;100,5;2020=100;VST066;Index d.tarifl. Monatsverdienste ohne Sonderzahl.
62221;Vj. Index der Tarifverdienste und Arbeitszeiten;JAHR;Jahr;2022;DINSGF;Früheres Bundesgebiet / Neue Länder;DF;Früheres Bundesgebiet;WZ08C7;WZ2008 (ausgewählte Positionen): Tarifindex;WZ08-24-02;Metall- und Elektroindustrie;100,0;2020=100;VST018;Index der tariflichen Wochenarbeitszeit
62221;Vj. Index der Tarifverdienste und Arbeitszeiten;JAHR;Jahr;2022;DINSGF;Früheres Bundesgebiet / Neue Länder;DF;Früheres Bundesgebiet;WZ08C7;WZ2008 (ausgewählte Positionen): Tarifindex;WZ08-24-02;Metall- und Elektroindustrie;100,5;2020=100;VST065;Index d.tarifl. Stundenverdienste ohne Sonderzahl.
62221;Vj. Index der Tarifverdienste und Arbeitszeiten;JAHR;Jahr;2018;DINSGF;Früheres Bundesgebiet / Neue Länder;DN;Neue Länder;WZ08C7;WZ2008 (ausgewählte Positionen): Tarifindex;WZ08-01;Landwirtschaft, Jagd und verbundene Tätigkeiten;85,7;2020=100;VST072;Index d.tarifl. Stundenverdienste mit Sonderzahl.
62221;Vj. Index der Tarifverdienste und Arbeitszeiten;JAHR;Jahr;2018;DINSGF;Früheres Bundesgebiet / Neue Länder;DN;Neue Länder;WZ08C7;WZ2008 (ausgewählte Positionen): Tarifindex;WZ08-01;Landwirtschaft, Jagd und verbundene Tätigkeiten;85,7;2020=100;VST073;Index d.tarifl. Monatsverdienste mit Sonderzahl.
62221;Vj. Index der Tarifverdienste und Arbeitszeiten;JAHR;Jahr;2018;DINSGF;Früheres Bundesgebiet / Neue Länder;DN;Neue Länder;WZ08C7;WZ2008 (ausgewählte Positionen): Tarifindex;WZ08-01;Landwirtschaft, Jagd und verbundene Tätigkeiten;39,9;h;VST019;Durchschnittliche tarifliche Wochenarbeitszeit
62221;Vj. Index der Tarifverdienste und Arbeitszeiten;JAHR;Jahr;2018;DINSGF;Früheres Bundesgebiet / Neue Länder;DN;Neue Länder;WZ08C7;WZ2008 (ausgewählte Positionen): Tarifindex;WZ08-01;Landwirtschaft, Jagd und verbundene Tätigkeiten;85,3;2020=100;VST066;Index d.tarifl. Monatsverdienste ohne Sonderzahl.
62221;Vj. Index der Tarifverdienste und Arbeitszeiten;JAHR;Jahr;2018;DINSGF;Früheres Bundesgebiet / Neue Länder;DN;Neue Länder;WZ08C7;WZ2008 (ausgewählte Positionen): Tarifindex;WZ08-01;Landwirtschaft, Jagd und verbundene Tätigkeiten;100,0;2020=100;VST018;Index der tariflichen Wochenarbeitszeit
62221;Vj. Index der Tarifverdienste und Arbeitszeiten;JAHR;Jahr;2018;DINSGF;Früheres Bundesgebiet / Neue Länder;DN;Neue Länder;WZ08C7;WZ2008 (ausgewählte Positionen): Tarifindex;WZ08-01;Landwirtschaft, Jagd und verbundene Tätigkeiten;85,3;2020=100;VST065;Index d.tarifl. Stundenverdienste ohne Sonderzahl.
62221;Vj. Index der Tarifverdienste und Arbeitszeiten;JAHR;Jahr;2020;DINSGF;Früheres Bundesgebiet / Neue Länder;DN;Neue Länder;WZ08C7;WZ2008 (ausgewählte Positionen): Tarifindex;WZ08-D-06;Energie- und Wasserversorgung;100,0;2020=100;VST072;Index d.tarifl. Stundenverdienste mit Sonderzahl.
62221;Vj. Index der Tarifverdienste und Arbeitszeiten;JAHR;Jahr;2020;DINSGF;Früheres Bundesgebiet / Neue Länder;DN;Neue Länder;WZ08C7;WZ2008 (ausgewählte Positionen): Tarifindex;WZ08-D-06;Energie- und Wasserversorgung;100,0;2020=100;VST073;Index d.tarifl. Monatsverdienste mit Sonderzahl.
62221;Vj. Index der Tarifverdienste und Arbeitszeiten;JAHR;Jahr;2020;DINSGF;Früheres Bundesgebiet / Neue Länder;DN;Neue Länder;WZ08C7;WZ2008 (ausgewählte Positionen): Tarifindex;WZ08-D-06;Energie- und Wasserversorgung;38,4;h;VST019;Durchschnittliche tarifliche Wochenarbeitszeit
62221;Vj. Index der Tarifverdienste und Arbeitszeiten;JAHR;Jahr;2020;DINSGF;Früheres Bundesgebiet / Neue Länder;DN;Neue Länder;WZ08C7;WZ2008 (ausgewählte Positionen): Tarifindex;WZ08-D-06;Energie- und Wasserversorgung;100,0;2020=100;VST066;Index d.tarifl. Monatsverdienste ohne Sonderzahl.
62221;Vj. Index der Tarifverdienste und Arbeitszeiten;JAHR;Jahr;2020;DINSGF;Früheres Bundesgebiet / Neue Länder;DN;Neue Länder;WZ08C7;WZ2008 (ausgewählte Positionen): Tarifindex;WZ08-D-06;Energie- und Wasserversorgung;100,0;2020=100;VST018;Index der tariflichen Wochenarbeitszeit
62221;Vj. Index der Tarifverdienste und Arbeitszeiten;JAHR;Jahr;2020;DINSGF;Früheres Bundesgebiet / Neue Länder;DN;Neue Länder;WZ08C7;WZ2008 (ausgewählte Positionen): Tarifindex;WZ08-D-06;Energie- und Wasserversorgung;100,0;2020=100;VST065;Index d.tarifl. Stundenverdienste ohne Sonderzahl.
62221;Vj. Index der Tarifverdienste und Arbeitszeiten;JAHR;Jahr;2020;DINSGF;Früheres Bundesgebiet / Neue Länder;DF;Früheres Bundesgebiet;WZ08C7;WZ2008 (ausgewählte Positionen): Tarifindex;WZ08-41-01;Hoch- und Tiefbau;100,0;2020=100;VST072;Index d.tarifl. Stundenverdienste mit Sonderzahl.
62221;Vj. Index der Tarifverdienste und Arbeitszeiten;JAHR;Jahr;2020;DINSGF;Früheres Bundesgebiet / Neue Länder;DF;Früheres Bundesgebiet;WZ08C7;WZ2008 (ausgewählte Positionen): Tarifindex;WZ08-41-01;Hoch- und Tiefbau;100,0;2020=100;VST073;Index d.tarifl. Monatsverdienste mit Sonderzahl.
62221;Vj. Index der Tarifverdienste und Arbeitszeiten;JAHR;Jahr;2020;DINSGF;Früheres Bundesgebiet / Neue Länder;DF;Früheres Bundesgebiet;WZ08C7;WZ2008 (ausgewählte Positionen): Tarifindex;WZ08-41-01;Hoch- und Tiefbau;39,9;h;VST019;Durchschnittliche tarifliche Wochenarbeitszeit
62221;Vj. Index der Tarifverdienste und Arbeitszeiten;JAHR;Jahr;2020;DINSGF;Früheres Bundesgebiet / Neue Länder;DF;Früheres Bundesgebiet;WZ08C7;WZ2008 (ausgewählte Positionen): Tarifindex;WZ08-41-01;Hoch- und Tiefbau;100,0;2020=100;VST066;Index d.tarifl. Monatsverdienste ohne Sonderzahl.
62221;Vj. Index der Tarifverdienste und Arbeitszeiten;JAHR;Jahr;2020;DINSGF;Früheres Bundesgebiet / Neue Länder;DF;Früheres Bundesgebiet;WZ08C7;WZ2008 (ausgewählte Positionen): Tarifindex;WZ08-41-01;Hoch- und Tiefbau;100,0;2020=100;VST018;Index der tariflichen Wochenarbeitszeit
62221;Vj. Index der Tarifverdienste und Arbeitszeiten;JAHR;Jahr;2020;DINSGF;Früheres Bundesgebiet / Neue Länder;DF;Früheres Bundesgebiet;WZ08C7;WZ2008 (ausgewählte Positionen): Tarifindex;WZ08-41-01;Hoch- und Tiefbau;100,0;2020=100;VST065;Index d.tarifl. Stundenverdienste ohne Sonderzahl.
62221;Vj. Index der Tarifverdienste und Arbeitszeiten;JAHR;Jahr;2021;DINSGF;Früheres Bundesgebiet / Neue Länder;DF;Früheres Bundesgebiet;WZ08C7;WZ2008 (ausgewählte Positionen): Tarifindex;WZ08-74;Sonst. freiberufl.,wissenschaftl. u. techn.Tätigk.;101,6;2020=100;VST072;Index d.tarifl. Stundenverdienste mit Sonderzahl.
62221;Vj. Index der Tarifverdienste und Arbeitszeiten;JAHR;Jahr;2021;DINSGF;Früheres Bundesgebiet / Neue Länder;DF;Früheres Bundesgebiet;WZ08C7;WZ2008 (ausgewählte Positionen): Tarifindex;WZ08-74;Sonst. freiberufl.,wissenschaftl. u. techn.Tätigk.;101,5;2020=100;VST073;Index d.tarifl. Monatsverdienste mit Sonderzahl.
62221;Vj. Index der Tarifverdienste und Arbeitszeiten;JAHR;Jahr;2021;DINSGF;Früheres Bundesgebiet / Neue Länder;DF;Früheres Bundesgebiet;WZ08C7;WZ2008 (ausgewählte Positionen): Tarifindex;WZ08-74;Sonst. freiberufl.,wissenschaftl. u. techn.Tätigk.;37,6;h;VST019;Durchschnittliche tarifliche Wochenarbeitszeit
62221;Vj. Index der Tarifverdienste und Arbeitszeiten;JAHR;Jahr;2021;DINSGF;Früheres Bundesgebiet / Neue Länder;DF;Früheres Bundesgebiet;WZ08C7;WZ2008 (ausgewählte Positionen): Tarifindex;WZ08-74;Sonst. freiberufl.,wissenschaftl. u. techn.Tätigk.;101,3;2020=100;VST066;Index d.tarifl. Monatsverdienste ohne Sonderzahl.
62221;Vj. Index der Tarifverdienste und Arbeitszeiten;JAHR;Jahr;2021;DINSGF;Früheres Bundesgebiet / Neue Länder;DF;Früheres Bundesgebiet;WZ08C7;WZ2008 (ausgewählte Positionen): Tarifindex;WZ08-74;Sonst. freiberufl.,wissenschaftl. u. techn.Tätigk.;99,9;2020=100;VST018;Index der tariflichen Wochenarbeitszeit
62221;Vj. Index der Tarifverdienste und Arbeitszeiten;JAHR;Jahr;2021;DINSGF;Früheres Bundesgebiet / Neue Länder;DF;Früheres Bundesgebiet;WZ08C7;WZ2008 (ausgewählte Positionen): Tarifindex;WZ08-74;Sonst. freiberufl.,wissenschaftl. u. techn.Tätigk.;101,4;2020=100;VST065;Index d.tarifl. Stundenverdienste ohne Sonderzahl.
62221;Vj. Index der Tarifverdienste und Arbeitszeiten;JAHR;Jahr;2023;DINSGF;Früheres Bundesgebiet / Neue Länder;DN;Neue Länder;WZ08C7;WZ2008 (ausgewählte Positionen): Tarifindex;WZ08-95;Reparatur von DV-Geräten und Gebrauchsgütern;107,9;2020=100;VST072;Index d.tarifl. Stundenverdienste mit Sonderzahl.
62221;Vj. Index der Tarifverdienste und Arbeitszeiten;JAHR;Jahr;2023;DINSGF;Früheres Bundesgebiet / Neue Länder;DN;Neue Länder;WZ08C7;WZ2008 (ausgewählte Positionen): Tarifindex;WZ08-95;Reparatur von DV-Geräten und Gebrauchsgütern;107,9;2020=100;VST073;Index d.tarifl. Monatsverdienste mit Sonderzahl.
62221;Vj. Index der Tarifverdienste und Arbeitszeiten;JAHR;Jahr;2023;DINSGF;Früheres Bundesgebiet / Neue Länder;DN;Neue Länder;WZ08C7;WZ2008 (ausgewählte Positionen): Tarifindex;WZ08-95;Reparatur von DV-Geräten und Gebrauchsgütern;36,1;h;VST019;Durchschnittliche tarifliche Wochenarbeitszeit
62221;Vj. Index der Tarifverdienste und Arbeitszeiten;JAHR;Jahr;2023;DINSGF;Früheres Bundesgebiet / Neue Länder;DN;Neue Länder;WZ08C7;WZ2008 (ausgewählte Positionen): Tarifindex;WZ08-95;Reparatur von DV-Geräten und Gebrauchsgütern;105,3;2020=100;VST066;Index d.tarifl. Monatsverdienste ohne Sonderzahl.
62221;Vj. Index der Tarifverdienste und Arbeitszeiten;JAHR;Jahr;2023;DINSGF;Früheres Bundesgebiet / Neue Länder;DN;Neue Länder;WZ08C7;WZ2008 (ausgewählte Positionen): Tarifindex;WZ08-95;Reparatur von DV-Geräten und Gebrauchsgütern;100,0;2020=100;VST018;Index der tariflichen Wochenarbeitszeit
62221;Vj. Index der Tarifverdienste und Arbeitszeiten;JAHR;Jahr;2023;DINSGF;Früheres Bundesgebiet / Neue Länder;DN;Neue Länder;WZ08C7;WZ2008 (ausgewählte Positionen): Tarifindex;WZ08-95;Reparatur von DV-Geräten und Gebrauchsgütern;105,3;2020=100;VST065;Index d.tarifl. Stundenverdienste ohne Sonderzahl.
62221;Vj. Index der Tarifverdienste und Arbeitszeiten;JAHR;Jahr;2025;DINSGF;Früheres Bundesgebiet / Neue Länder;DN;Neue Länder;WZ08C7;WZ2008 (ausgewählte Positionen): Tarifindex;WZ08-74;Sonst. freiberufl.,wissenschaftl. u. techn.Tätigk.;115,3;2020=100;VST072;Index d.tarifl. Stundenverdienste mit Sonderzahl.
62221;Vj. Index der Tarifverdienste und Arbeitszeiten;JAHR;Jahr;2025;DINSGF;Früheres Bundesgebiet / Neue Länder;DN;Neue Länder;WZ08C7;WZ2008 (ausgewählte Positionen): Tarifindex;WZ08-74;Sonst. freiberufl.,wissenschaftl. u. techn.Tätigk.;115,3;2020=100;VST073;Index d.tarifl. Monatsverdienste mit Sonderzahl.
62221;Vj. Index der Tarifverdienste und Arbeitszeiten;JAHR;Jahr;2025;DINSGF;Früheres Bundesgebiet / Neue Länder;DN;Neue Länder;WZ08C7;WZ2008 (ausgewählte Positionen): Tarifindex;WZ08-74;Sonst. freiberufl.,wissenschaftl. u. techn.Tätigk.;39,1;h;VST019;Durchschnittliche tarifliche Wochenarbeitszeit
62221;Vj. Index der Tarifverdienste und Arbeitszeiten;JAHR;Jahr;2025;DINSGF;Früheres Bundesgebiet / Neue Länder;DN;Neue Länder;WZ08C7;WZ2008 (ausgewählte Positionen): Tarifindex;WZ08-74;Sonst. freiberufl.,wissenschaftl. u. techn.Tätigk.;115,0;2020=100;VST066;Index d.tarifl. Monatsverdienste ohne Sonderzahl.
62221;Vj. Index der Tarifverdienste und Arbeitszeiten;JAHR;Jahr;2025;DINSGF;Früheres Bundesgebiet / Neue Länder;DN;Neue Länder;WZ08C7;WZ2008 (ausgewählte Positionen): Tarifindex;WZ08-74;Sonst. freiberufl.,wissenschaftl. u. techn.Tätigk.;100,0;2020=100;VST018;Index der tariflichen Wochenarbeitszeit
62221;Vj. Index der Tarifverdienste und Arbeitszeiten;JAHR;Jahr;2025;DINSGF;Früheres Bundesgebiet / Neue Länder;DN;Neue Länder;WZ08C7;WZ2008 (ausgewählte Positionen): Tarifindex;WZ08-74;Sonst. freiberufl.,wissenschaftl. u. techn.Tätigk.;115,0;2020=100;VST065;Index d.tarifl. Stundenverdienste ohne Sonderzahl.
62221;Vj. Index der Tarifverdienste und Arbeitszeiten;JAHR;Jahr;2024;DINSGF;Früheres Bundesgebiet / Neue Länder;DF;Früheres Bundesgebiet;WZ08C7;WZ2008 (ausgewählte Positionen): Tarifindex;WZ08-B-09;Produzierendes Gewerbe und wirtschaftl. Dienstl.;113,2;2020=100;VST072;Index d.tarifl. Stundenverdienste mit Sonderzahl.
62221;Vj. Index der Tarifverdienste und Arbeitszeiten;JAHR;Jahr;2024;DINSGF;Früheres Bundesgebiet / Neue Länder;DF;Früheres Bundesgebiet;WZ08C7;WZ2008 (ausgewählte Positionen): Tarifindex;WZ08-B-09;Produzierendes Gewerbe und wirtschaftl. Dienstl.;113,2;2020=100;VST073;Index d.tarifl. Monatsverdienste mit Sonderzahl.
62221;Vj. Index der Tarifverdienste und Arbeitszeiten;JAHR;Jahr;2024;DINSGF;Früheres Bundesgebiet / Neue Länder;DF;Früheres Bundesgebiet;WZ08C7;WZ2008 (ausgewählte Positionen): Tarifindex;WZ08-B-09;Produzierendes Gewerbe und wirtschaftl. Dienstl.;37,4;h;VST019;Durchschnittliche tarifliche Wochenarbeitszeit
62221;Vj. Index der Tarifverdienste und Arbeitszeiten;JAHR;Jahr;2024;DINSGF;Früheres Bundesgebiet / Neue Länder;DF;Früheres Bundesgebiet;WZ08C7;WZ2008 (ausgewählte Positionen): Tarifindex;WZ08-B-09;Produzierendes Gewerbe und wirtschaftl. Dienstl.;110,5;2020=100;VST066;Index d.tarifl. Monatsverdienste ohne Sonderzahl.
62221;Vj. Index der Tarifverdienste und Arbeitszeiten;JAHR;Jahr;2024;DINSGF;Früheres Bundesgebiet / Neue Länder;DF;Früheres Bundesgebiet;WZ08C7;WZ2008 (ausgewählte Positionen): Tarifindex;WZ08-B-09;Produzierendes Gewerbe und wirtschaftl. Dienstl.;100,0;2020=100;VST018;Index der tariflichen Wochenarbeitszeit
62221;Vj. Index der Tarifverdienste und Arbeitszeiten;JAHR;Jahr;2024;DINSGF;Früheres Bundesgebiet / Neue Länder;DF;Früheres Bundesgebiet;WZ08C7;WZ2008 (ausgewählte Positionen): Tarifindex;WZ08-B-09;Produzierendes Gewerbe und wirtschaftl. Dienstl.;110,5;2020=100;VST065;Index d.tarifl. Stundenverdienste ohne Sonderzahl.
62221;Vj. Index der Tarifverdienste und Arbeitszeiten;JAHR;Jahr;2017;DINSGF;Früheres Bundesgebiet / Neue Länder;DN;Neue Länder;WZ08C7;WZ2008 (ausgewählte Positionen): Tarifindex;WZ08-94;Interessenvertr., kirchl. u. sonst. Vereinigungen;91,5;2020=100;VST072;Index d.tarifl. Stundenverdienste mit Sonderzahl.
62221;Vj. Index der Tarifverdienste und Arbeitszeiten;JAHR;Jahr;2017;DINSGF;Früheres Bundesgebiet / Neue Länder;DN;Neue Länder;WZ08C7;WZ2008 (ausgewählte Positionen): Tarifindex;WZ08-94;Interessenvertr., kirchl. u. sonst. Vereinigungen;91,5;2020=100;VST073;Index d.tarifl. Monatsverdienste mit Sonderzahl.
62221;Vj. Index der Tarifverdienste und Arbeitszeiten;JAHR;Jahr;2017;DINSGF;Früheres Bundesgebiet / Neue Länder;DN;Neue Länder;WZ08C7;WZ2008 (ausgewählte Positionen): Tarifindex;WZ08-94;Interessenvertr., kirchl. u. sonst. Vereinigungen;39,2;h;VST019;Durchschnittliche tarifliche Wochenarbeitszeit
62221;Vj. Index der Tarifverdienste und Arbeitszeiten;JAHR;Jahr;2017;DINSGF;Früheres Bundesgebiet / Neue Länder;DN;Neue Länder;WZ08C7;WZ2008 (ausgewählte Positionen): Tarifindex;WZ08-94;Interessenvertr., kirchl. u. sonst. Vereinigungen;91,5;2020=100;VST066;Index d.tarifl. Monatsverdienste ohne Sonderzahl.
62221;Vj. Index der Tarifverdienste und Arbeitszeiten;JAHR;Jahr;2017;DINSGF;Früheres Bundesgebiet / Neue Länder;DN;Neue Länder;WZ08C7;WZ2008 (ausgewählte Positionen): Tarifindex;WZ08-94;Interessenvertr., kirchl. u. sonst. Vereinigungen;100,0;2020=100;VST018;Index der tariflichen Wochenarbeitszeit
62221;Vj. Index der Tarifverdienste und Arbeitszeiten;JAHR;Jahr;2017;DINSGF;Früheres Bundesgebiet / Neue Länder;DN;Neue Länder;WZ08C7;WZ2008 (ausgewählte Positionen): Tarifindex;WZ08-94;Interessenvertr., kirchl. u. sonst. Vereinigungen;91,5;2020=100;VST065;Index d.tarifl. Stundenverdienste ohne Sonderzahl.
62221;Vj. Index der Tarifverdienste und Arbeitszeiten;JAHR;Jahr;2025;DINSGF;Früheres Bundesgebiet / Neue Länder;DN;Neue Länder;WZ08C7;WZ2008 (ausgewählte Positionen): Tarifindex;WZ08-O-01;Öffentliche und persönliche Dienstleistungen;115,5;2020=100;VST072;Index d.tarifl. Stundenverdienste mit Sonderzahl.
62221;Vj. Index der Tarifverdienste und Arbeitszeiten;JAHR;Jahr;2025;DINSGF;Früheres Bundesgebiet / Neue Länder;DN;Neue Länder;WZ08C7;WZ2008 (ausgewählte Positionen): Tarifindex;WZ08-O-01;Öffentliche und persönliche Dienstleistungen;115,3;2020=100;VST073;Index d.tarifl. Monatsverdienste mit Sonderzahl.
62221;Vj. Index der Tarifverdienste und Arbeitszeiten;JAHR;Jahr;2025;DINSGF;Früheres Bundesgebiet / Neue Länder;DN;Neue Länder;WZ08C7;WZ2008 (ausgewählte Positionen): Tarifindex;WZ08-O-01;Öffentliche und persönliche Dienstleistungen;39,6;h;VST019;Durchschnittliche tarifliche Wochenarbeitszeit
62221;Vj. Index der Tarifverdienste und Arbeitszeiten;JAHR;Jahr;2025;DINSGF;Früheres Bundesgebiet / Neue Länder;DN;Neue Länder;WZ08C7;WZ2008 (ausgewählte Positionen): Tarifindex;WZ08-O-01;Öffentliche und persönliche Dienstleistungen;115,5;2020=100;VST066;Index d.tarifl. Monatsverdienste ohne Sonderzahl.
62221;Vj. Index der Tarifverdienste und Arbeitszeiten;JAHR;Jahr;2025;DINSGF;Früheres Bundesgebiet / Neue Länder;DN;Neue Länder;WZ08C7;WZ2008 (ausgewählte Positionen): Tarifindex;WZ08-O-01;Öffentliche und persönliche Dienstleistungen;99,8;2020=100;VST018;Index der tariflichen Wochenarbeitszeit
62221;Vj. Index der Tarifverdienste und Arbeitszeiten;JAHR;Jahr;2025;DINSGF;Früheres Bundesgebiet / Neue Länder;DN;Neue Länder;WZ08C7;WZ2008 (ausgewählte Positionen): Tarifindex;WZ08-O-01;Öffentliche und persönliche Dienstleistungen;115,6;2020=100;VST065;Index d.tarifl. Stundenverdienste ohne Sonderzahl.
62221;Vj. Index der Tarifverdienste und Arbeitszeiten;JAHR;Jahr;2019;DINSGF;Früheres Bundesgebiet / Neue Länder;DF;Früheres Bundesgebiet;WZ08C7;WZ2008 (ausgewählte Positionen): Tarifindex;WZ08-45;Kfz-Handel, Instandhaltung und Reparatur von Kfz;98,2;2020=100;VST072;Index d.tarifl. Stundenverdienste mit Sonderzahl.
62221;Vj. Index der Tarifverdienste und Arbeitszeiten;JAHR;Jahr;2019;DINSGF;Früheres Bundesgebiet / Neue Länder;DF;Früheres Bundesgebiet;WZ08C7;WZ2008 (ausgewählte Positionen): Tarifindex;WZ08-45;Kfz-Handel, Instandhaltung und Reparatur von Kfz;98,2;2020=100;VST073;Index d.tarifl. Monatsverdienste mit Sonderzahl.
62221;Vj. Index der Tarifverdienste und Arbeitszeiten;JAHR;Jahr;2019;DINSGF;Früheres Bundesgebiet / Neue Länder;DF;Früheres Bundesgebiet;WZ08C7;WZ2008 (ausgewählte Positionen): Tarifindex;WZ08-45;Kfz-Handel, Instandhaltung und Reparatur von Kfz;36,7;h;VST019;Durchschnittliche tarifliche Wochenarbeitszeit
62221;Vj. Index der Tarifverdienste und Arbeitszeiten;JAHR;Jahr;2019;DINSGF;Früheres Bundesgebiet / Neue Länder;DF;Früheres Bundesgebiet;WZ08C7;WZ2008 (ausgewählte Positionen): Tarifindex;WZ08-45;Kfz-Handel, Instandhaltung und Reparatur von Kfz;98,0;2020=100;VST066;Index d.tarifl. Monatsverdienste ohne Sonderzahl.
62221;Vj. Index der Tarifverdienste und Arbeitszeiten;JAHR;Jahr;2019;DINSGF;Früheres Bundesgebiet / Neue Länder;DF;Früheres Bundesgebiet;WZ08C7;WZ2008 (ausgewählte Positionen): Tarifindex;WZ08-45;Kfz-Handel, Instandhaltung und Reparatur von Kfz;100,0;2020=100;VST018;Index der tariflichen Wochenarbeitszeit
62221;Vj. Index der Tarifverdienste und Arbeitszeiten;JAHR;Jahr;2019;DINSGF;Früheres Bundesgebiet / Neue Länder;DF;Früheres Bundesgebiet;WZ08C7;WZ2008 (ausgewählte Positionen): Tarifindex;WZ08-45;Kfz-Handel, Instandhaltung und Reparatur von Kfz;98,0;2020=100;VST065;Index d.tarifl. Stundenverdienste ohne Sonderzahl.
62221;Vj. Index der Tarifverdienste und Arbeitszeiten;JAHR;Jahr;2019;DINSGF;Früheres Bundesgebiet / Neue Länder;DF;Früheres Bundesgebiet;WZ08C7;WZ2008 (ausgewählte Positionen): Tarifindex;WZ08-A-03;Gesamtwirtschaft;98,0;2020=100;VST072;Index d.tarifl. Stundenverdienste mit Sonderzahl.
62221;Vj. Index der Tarifverdienste und Arbeitszeiten;JAHR;Jahr;2019;DINSGF;Früheres Bundesgebiet / Neue Länder;DF;Früheres Bundesgebiet;WZ08C7;WZ2008 (ausgewählte Positionen): Tarifindex;WZ08-A-03;Gesamtwirtschaft;98,0;2020=100;VST073;Index d.tarifl. Monatsverdienste mit Sonderzahl.
62221;Vj. Index der Tarifverdienste und Arbeitszeiten;JAHR;Jahr;2019;DINSGF;Früheres Bundesgebiet / Neue Länder;DF;Früheres Bundesgebiet;WZ08C7;WZ2008 (ausgewählte Positionen): Tarifindex;WZ08-A-03;Gesamtwirtschaft;38,4;h;VST019;Durchschnittliche tarifliche Wochenarbeitszeit
62221;Vj. Index der Tarifverdienste und Arbeitszeiten;JAHR;Jahr;2019;DINSGF;Früheres Bundesgebiet / Neue Länder;DF;Früheres Bundesgebiet;WZ08C7;WZ2008 (ausgewählte Positionen): Tarifindex;WZ08-A-03;Gesamtwirtschaft;97,8;2020=100;VST066;Index d.tarifl. Monatsverdienste ohne Sonderzahl.
62221;Vj. Index der Tarifverdienste und Arbeitszeiten;JAHR;Jahr;2019;DINSGF;Früheres Bundesgebiet / Neue Länder;DF;Früheres Bundesgebiet;WZ08C7;WZ2008 (ausgewählte Positionen): Tarifindex;WZ08-A-03;Gesamtwirtschaft;100,0;2020=100;VST018;Index der tariflichen Wochenarbeitszeit
62221;Vj. Index der Tarifverdienste und Arbeitszeiten;JAHR;Jahr;2019;DINSGF;Früheres Bundesgebiet / Neue Länder;DF;Früheres Bundesgebiet;WZ08C7;WZ2008 (ausgewählte Positionen): Tarifindex;WZ08-A-03;Gesamtwirtschaft;97,8;2020=100;VST065;Index d.tarifl. Stundenverdienste ohne Sonderzahl.
62221;Vj. Index der Tarifverdienste und Arbeitszeiten;JAHR;Jahr;2025;DINSGF;Früheres Bundesgebiet / Neue Länder;DF;Früheres Bundesgebiet;WZ08C7;WZ2008 (ausgewählte Positionen): Tarifindex;WZ08-37;Abwasserentsorgung;115,6;2020=100;VST072;Index d.tarifl. Stundenverdienste mit Sonderzahl.
62221;Vj. Index der Tarifverdienste und Arbeitszeiten;JAHR;Jahr;2025;DINSGF;Früheres Bundesgebiet / Neue Länder;DF;Früheres Bundesgebiet;WZ08C7;WZ2008 (ausgewählte Positionen): Tarifindex;WZ08-37;Abwasserentsorgung;115,6;2020=100;VST073;Index d.tarifl. Monatsverdienste mit Sonderzahl.
62221;Vj. Index der Tarifverdienste und Arbeitszeiten;JAHR;Jahr;2025;DINSGF;Früheres Bundesgebiet / Neue Länder;DF;Früheres Bundesgebiet;WZ08C7;WZ2008 (ausgewählte Positionen): Tarifindex;WZ08-37;Abwasserentsorgung;39,0;h;VST019;Durchschnittliche tarifliche Wochenarbeitszeit
62221;Vj. Index der Tarifverdienste und Arbeitszeiten;JAHR;Jahr;2025;DINSGF;Früheres Bundesgebiet / Neue Länder;DF;Früheres Bundesgebiet;WZ08C7;WZ2008 (ausgewählte Positionen): Tarifindex;WZ08-37;Abwasserentsorgung;115,9;2020=100;VST066;Index d.tarifl. Monatsverdienste ohne Sonderzahl.
62221;Vj. Index der Tarifverdienste und Arbeitszeiten;JAHR;Jahr;2025;DINSGF;Früheres Bundesgebiet / Neue Länder;DF;Früheres Bundesgebiet;WZ08C7;WZ2008 (ausgewählte Positionen): Tarifindex;WZ08-37;Abwasserentsorgung;100,0;2020=100;VST018;Index der tariflichen Wochenarbeitszeit
62221;Vj. Index der Tarifverdienste und Arbeitszeiten;JAHR;Jahr;2025;DINSGF;Früheres Bundesgebiet / Neue Länder;DF;Früheres Bundesgebiet;WZ08C7;WZ2008 (ausgewählte Positionen): Tarifindex;WZ08-37;Abwasserentsorgung;115,9;2020=100;VST065;Index d.tarifl. Stundenverdienste ohne Sonderzahl.
62221;Vj. Index der Tarifverdienste und Arbeitszeiten;JAHR;Jahr;2025;DINSGF;Früheres Bundesgebiet / Neue Länder;DF;Früheres Bundesgebiet;WZ08C7;WZ2008 (ausgewählte Positionen): Tarifindex;WZ08-13;Herstellung von Textilien;115,1;2020=100;VST072;Index d.tarifl. Stundenverdienste mit Sonderzahl.
62221;Vj. Index der Tarifverdienste und Arbeitszeiten;JAHR;Jahr;2025;DINSGF;Früheres Bundesgebiet / Neue Länder;DF;Früheres Bundesgebiet;WZ08C7;WZ2008 (ausgewählte Positionen): Tarifindex;WZ08-13;Herstellung von Textilien;115,1;2020=100;VST073;Index d.tarifl. Monatsverdienste mit Sonderzahl.
62221;Vj. Index der Tarifverdienste und Arbeitszeiten;JAHR;Jahr;2025;DINSGF;Früheres Bundesgebiet / Neue Länder;DF;Früheres Bundesgebiet;WZ08C7;WZ2008 (ausgewählte Positionen): Tarifindex;WZ08-13;Herstellung von Textilien;37,0;h;VST019;Durchschnittliche tarifliche Wochenarbeitszeit
62221;Vj. Index der Tarifverdienste und Arbeitszeiten;JAHR;Jahr;2025;DINSGF;Früheres Bundesgebiet / Neue Länder;DF;Früheres Bundesgebiet;WZ08C7;WZ2008 (ausgewählte Positionen): Tarifindex;WZ08-13;Herstellung von Textilien;114,4;2020=100;VST066;Index d.tarifl. Monatsverdienste ohne Sonderzahl.
62221;Vj. Index der Tarifverdienste und Arbeitszeiten;JAHR;Jahr;2025;DINSGF;Früheres Bundesgebiet / Neue Länder;DF;Früheres Bundesgebiet;WZ08C7;WZ2008 (ausgewählte Positionen): Tarifindex;WZ08-13;Herstellung von Textilien;100,0;2020=100;VST018;Index der tariflichen Wochenarbeitszeit
62221;Vj. Index der Tarifverdienste und Arbeitszeiten;JAHR;Jahr;2025;DINSGF;Früheres Bundesgebiet / Neue Länder;DF;Früheres Bundesgebiet;WZ08C7;WZ2008 (ausgewählte Positionen): Tarifindex;WZ08-13;Herstellung von Textilien;114,4;2020=100;VST065;Index d.tarifl. Stundenverdienste ohne Sonderzahl.
62221;Vj. Index der Tarifverdienste und Arbeitszeiten;JAHR;Jahr;2023;DINSGF;Früheres Bundesgebiet / Neue Länder;DN;Neue Länder;WZ08C7;WZ2008 (ausgewählte Positionen): Tarifindex;WZ08-68;Grundstücks- und Wohnungswesen;106,1;2020=100;VST072;Index d.tarifl. Stundenverdienste mit Sonderzahl.
62221;Vj. Index der Tarifverdienste und Arbeitszeiten;JAHR;Jahr;2023;DINSGF;Früheres Bundesgebiet / Neue Länder;DN;Neue Länder;WZ08C7;WZ2008 (ausgewählte Positionen): Tarifindex;WZ08-68;Grundstücks- und Wohnungswesen;106,1;2020=100;VST073;Index d.tarifl. Monatsverdienste mit Sonderzahl.
62221;Vj. Index der Tarifverdienste und Arbeitszeiten;JAHR;Jahr;2023;DINSGF;Früheres Bundesgebiet / Neue Länder;DN;Neue Länder;WZ08C7;WZ2008 (ausgewählte Positionen): Tarifindex;WZ08-68;Grundstücks- und Wohnungswesen;37,9;h;VST019;Durchschnittliche tarifliche Wochenarbeitszeit
62221;Vj. Index der Tarifverdienste und Arbeitszeiten;JAHR;Jahr;2023;DINSGF;Früheres Bundesgebiet / Neue Länder;DN;Neue Länder;WZ08C7;WZ2008 (ausgewählte Positionen): Tarifindex;WZ08-68;Grundstücks- und Wohnungswesen;105,9;2020=100;VST066;Index d.tarifl. Monatsverdienste ohne Sonderzahl.
62221;Vj. Index der Tarifverdienste und Arbeitszeiten;JAHR;Jahr;2023;DINSGF;Früheres Bundesgebiet / Neue Länder;DN;Neue Länder;WZ08C7;WZ2008 (ausgewählte Positionen): Tarifindex;WZ08-68;Grundstücks- und Wohnungswesen;100,0;2020=100;VST018;Index der tariflichen Wochenarbeitszeit
62221;Vj. Index der Tarifverdienste und Arbeitszeiten;JAHR;Jahr;2023;DINSGF;Früheres Bundesgebiet / Neue Länder;DN;Neue Länder;WZ08C7;WZ2008 (ausgewählte Positionen): Tarifindex;WZ08-68;Grundstücks- und Wohnungswesen;105,9;2020=100;VST065;Index d.tarifl. Stundenverdienste ohne Sonderzahl.
62221;Vj. Index der Tarifverdienste und Arbeitszeiten;JAHR;Jahr;2018;DINSGF;Früheres Bundesgebiet / Neue Länder;DN;Neue Länder;WZ08C7;WZ2008 (ausgewählte Positionen): Tarifindex;WZ08-61;Telekommunikation;91,5;2020=100;VST072;Index d.tarifl. Stundenverdienste mit Sonderzahl.
62221;Vj. Index der Tarifverdienste und Arbeitszeiten;JAHR;Jahr;2018;DINSGF;Früheres Bundesgebiet / Neue Länder;DN;Neue Länder;WZ08C7;WZ2008 (ausgewählte Positionen): Tarifindex;WZ08-61;Telekommunikation;95,8;2020=100;VST073;Index d.tarifl. Monatsverdienste mit Sonderzahl.
62221;Vj. Index der Tarifverdienste und Arbeitszeiten;JAHR;Jahr;2018;DINSGF;Früheres Bundesgebiet / Neue Länder;DN;Neue Länder;WZ08C7;WZ2008 (ausgewählte Positionen): Tarifindex;WZ08-61;Telekommunikation;37,8;h;VST019;Durchschnittliche tarifliche Wochenarbeitszeit
62221;Vj. Index der Tarifverdienste und Arbeitszeiten;JAHR;Jahr;2018;DINSGF;Früheres Bundesgebiet / Neue Länder;DN;Neue Länder;WZ08C7;WZ2008 (ausgewählte Positionen): Tarifindex;WZ08-61;Telekommunikation;95,8;2020=100;VST066;Index d.tarifl. Monatsverdienste ohne Sonderzahl.
62221;Vj. Index der Tarifverdienste und Arbeitszeiten;JAHR;Jahr;2018;DINSGF;Früheres Bundesgebiet / Neue Länder;DN;Neue Länder;WZ08C7;WZ2008 (ausgewählte Positionen): Tarifindex;WZ08-61;Telekommunikation;104,5;2020=100;VST018;Index der tariflichen Wochenarbeitszeit
62221;Vj. Index der Tarifverdienste und Arbeitszeiten;JAHR;Jahr;2018;DINSGF;Früheres Bundesgebiet / Neue Länder;DN;Neue Länder;WZ08C7;WZ2008 (ausgewählte Positionen): Tarifindex;WZ08-61;Telekommunikation;91,5;2020=100;VST065;Index d.tarifl. Stundenverdienste ohne Sonderzahl.
62221;Vj. Index der Tarifverdienste und Arbeitszeiten;JAHR;Jahr;2018;DINSGF;Früheres Bundesgebiet / Neue Länder;DN;Neue Länder;WZ08C7;WZ2008 (ausgewählte Positionen): Tarifindex;WZ08-43;Vorb.Baustellenarbeiten, Bauinstall., sonst.Ausbau;93,9;2020=100;VST072;Index d.tarifl. Stundenverdienste mit Sonderzahl.
62221;Vj. Index der Tarifverdienste und Arbeitszeiten;JAHR;Jahr;2018;DINSGF;Früheres Bundesgebiet / Neue Länder;DN;Neue Länder;WZ08C7;WZ2008 (ausgewählte Positionen): Tarifindex;WZ08-43;Vorb.Baustellenarbeiten, Bauinstall., sonst.Ausbau;93,9;2020=100;VST073;Index d.tarifl. Monatsverdienste mit Sonderzahl.
62221;Vj. Index der Tarifverdienste und Arbeitszeiten;JAHR;Jahr;2018;DINSGF;Früheres Bundesgebiet / Neue Länder;DN;Neue Länder;WZ08C7;WZ2008 (ausgewählte Positionen): Tarifindex;WZ08-43;Vorb.Baustellenarbeiten, Bauinstall., sonst.Ausbau;39,7;h;VST019;Durchschnittliche tarifliche Wochenarbeitszeit
62221;Vj. Index der Tarifverdienste und Arbeitszeiten;JAHR;Jahr;2018;DINSGF;Früheres Bundesgebiet / Neue Länder;DN;Neue Länder;WZ08C7;WZ2008 (ausgewählte Positionen): Tarifindex;WZ08-43;Vorb.Baustellenarbeiten, Bauinstall., sonst.Ausbau;94,4;2020=100;VST066;Index d.tarifl. Monatsverdienste ohne Sonderzahl.
62221;Vj. Index der Tarifverdienste und Arbeitszeiten;JAHR;Jahr;2018;DINSGF;Früheres Bundesgebiet / Neue Länder;DN;Neue Länder;WZ08C7;WZ2008 (ausgewählte Positionen): Tarifindex;WZ08-43;Vorb.Baustellenarbeiten, Bauinstall., sonst.Ausbau;100,0;2020=100;VST018;Index der tariflichen Wochenarbeitszeit
62221;Vj. Index der Tarifverdienste und Arbeitszeiten;JAHR;Jahr;2018;DINSGF;Früheres Bundesgebiet / Neue Länder;DN;Neue Länder;WZ08C7;WZ2008 (ausgewählte Positionen): Tarifindex;WZ08-43;Vorb.Baustellenarbeiten, Bauinstall., sonst.Ausbau;94,4;2020=100;VST065;Index d.tarifl. Stundenverdienste ohne Sonderzahl.
62221;Vj. Index der Tarifverdienste und Arbeitszeiten;JAHR;Jahr;2019;DINSGF;Früheres Bundesgebiet / Neue Länder;DF;Früheres Bundesgebiet;WZ08C7;WZ2008 (ausgewählte Positionen): Tarifindex;WZ08-90;Kreative,künstlerische u.unterhaltende Tätigkeiten;97,3;2020=100;VST072;Index d.tarifl. Stundenverdienste mit Sonderzahl.
62221;Vj. Index der Tarifverdienste und Arbeitszeiten;JAHR;Jahr;2019;DINSGF;Früheres Bundesgebiet / Neue Länder;DF;Früheres Bundesgebiet;WZ08C7;WZ2008 (ausgewählte Positionen): Tarifindex;WZ08-90;Kreative,künstlerische u.unterhaltende Tätigkeiten;97,3;2020=100;VST073;Index d.tarifl. Monatsverdienste mit Sonderzahl.
62221;Vj. Index der Tarifverdienste und Arbeitszeiten;JAHR;Jahr;2019;DINSGF;Früheres Bundesgebiet / Neue Länder;DF;Früheres Bundesgebiet;WZ08C7;WZ2008 (ausgewählte Positionen): Tarifindex;WZ08-90;Kreative,künstlerische u.unterhaltende Tätigkeiten;39,1;h;VST019;Durchschnittliche tarifliche Wochenarbeitszeit
62221;Vj. Index der Tarifverdienste und Arbeitszeiten;JAHR;Jahr;2019;DINSGF;Früheres Bundesgebiet / Neue Länder;DF;Früheres Bundesgebiet;WZ08C7;WZ2008 (ausgewählte Positionen): Tarifindex;WZ08-90;Kreative,künstlerische u.unterhaltende Tätigkeiten;97,2;2020=100;VST066;Index d.tarifl. Monatsverdienste ohne Sonderzahl.
62221;Vj. Index der Tarifverdienste und Arbeitszeiten;JAHR;Jahr;2019;DINSGF;Früheres Bundesgebiet / Neue Länder;DF;Früheres Bundesgebiet;WZ08C7;WZ2008 (ausgewählte Positionen): Tarifindex;WZ08-90;Kreative,künstlerische u.unterhaltende Tätigkeiten;100,0;2020=100;VST018;Index der tariflichen Wochenarbeitszeit
62221;Vj. Index der Tarifverdienste und Arbeitszeiten;JAHR;Jahr;2019;DINSGF;Früheres Bundesgebiet / Neue Länder;DF;Früheres Bundesgebiet;WZ08C7;WZ2008 (ausgewählte Positionen): Tarifindex;WZ08-90;Kreative,künstlerische u.unterhaltende Tätigkeiten;97,2;2020=100;VST065;Index d.tarifl. Stundenverdienste ohne Sonderzahl.
62221;Vj. Index der Tarifverdienste und Arbeitszeiten;JAHR;Jahr;2021;DINSGF;Früheres Bundesgebiet / Neue Länder;DF;Früheres Bundesgebiet;WZ08C7;WZ2008 (ausgewählte Positionen): Tarifindex;WZ08-G-02;Dienstleistungsbereich;101,3;2020=100;VST072;Index d.tarifl. Stundenverdienste mit Sonderzahl.
62221;Vj. Index der Tarifverdienste und Arbeitszeiten;JAHR;Jahr;2021;DINSGF;Früheres Bundesgebiet / Neue Länder;DF;Früheres Bundesgebiet;WZ08C7;WZ2008 (ausgewählte Positionen): Tarifindex;WZ08-G-02;Dienstleistungsbereich;101,3;2020=100;VST073;Index d.tarifl. Monatsverdienste mit Sonderzahl.
62221;Vj. Index der Tarifverdienste und Arbeitszeiten;JAHR;Jahr;2021;DINSGF;Früheres Bundesgebiet / Neue Länder;DF;Früheres Bundesgebiet;WZ08C7;WZ2008 (ausgewählte Positionen): Tarifindex;WZ08-G-02;Dienstleistungsbereich;39,2;h;VST019;Durchschnittliche tarifliche Wochenarbeitszeit
62221;Vj. Index der Tarifverdienste und Arbeitszeiten;JAHR;Jahr;2021;DINSGF;Früheres Bundesgebiet / Neue Länder;DF;Früheres Bundesgebiet;WZ08C7;WZ2008 (ausgewählte Positionen): Tarifindex;WZ08-G-02;Dienstleistungsbereich;101,5;2020=100;VST066;Index d.tarifl. Monatsverdienste ohne Sonderzahl.
62221;Vj. Index der Tarifverdienste und Arbeitszeiten;JAHR;Jahr;2021;DINSGF;Früheres Bundesgebiet / Neue Länder;DF;Früheres Bundesgebiet;WZ08C7;WZ2008 (ausgewählte Positionen): Tarifindex;WZ08-G-02;Dienstleistungsbereich;100,0;2020=100;VST018;Index der tariflichen Wochenarbeitszeit
62221;Vj. Index der Tarifverdienste und Arbeitszeiten;JAHR;Jahr;2021;DINSGF;Früheres Bundesgebiet / Neue Länder;DF;Früheres Bundesgebiet;WZ08C7;WZ2008 (ausgewählte Positionen): Tarifindex;WZ08-G-02;Dienstleistungsbereich;101,5;2020=100;VST065;Index d.tarifl. Stundenverdienste ohne Sonderzahl.
62221;Vj. Index der Tarifverdienste und Arbeitszeiten;JAHR;Jahr;2023;DINSGF;Früheres Bundesgebiet / Neue Länder;DN;Neue Länder;WZ08C7;WZ2008 (ausgewählte Positionen): Tarifindex;WZ08-26;H.v. DV-Geräten, elektron. u. opt. Erzeugnissen;107,5;2020=100;VST072;Index d.tarifl. Stundenverdienste mit Sonderzahl.
62221;Vj. Index der Tarifverdienste und Arbeitszeiten;JAHR;Jahr;2023;DINSGF;Früheres Bundesgebiet / Neue Länder;DN;Neue Länder;WZ08C7;WZ2008 (ausgewählte Positionen): Tarifindex;WZ08-26;H.v. DV-Geräten, elektron. u. opt. Erzeugnissen;107,5;2020=100;VST073;Index d.tarifl. Monatsverdienste mit Sonderzahl.
62221;Vj. Index der Tarifverdienste und Arbeitszeiten;JAHR;Jahr;2023;DINSGF;Früheres Bundesgebiet / Neue Länder;DN;Neue Länder;WZ08C7;WZ2008 (ausgewählte Positionen): Tarifindex;WZ08-26;H.v. DV-Geräten, elektron. u. opt. Erzeugnissen;36,7;h;VST019;Durchschnittliche tarifliche Wochenarbeitszeit
62221;Vj. Index der Tarifverdienste und Arbeitszeiten;JAHR;Jahr;2023;DINSGF;Früheres Bundesgebiet / Neue Länder;DN;Neue Länder;WZ08C7;WZ2008 (ausgewählte Positionen): Tarifindex;WZ08-26;H.v. DV-Geräten, elektron. u. opt. Erzeugnissen;103,0;2020=100;VST066;Index d.tarifl. Monatsverdienste ohne Sonderzahl.
62221;Vj. Index der Tarifverdienste und Arbeitszeiten;JAHR;Jahr;2023;DINSGF;Früheres Bundesgebiet / Neue Länder;DN;Neue Länder;WZ08C7;WZ2008 (ausgewählte Positionen): Tarifindex;WZ08-26;H.v. DV-Geräten, elektron. u. opt. Erzeugnissen;100,0;2020=100;VST018;Index der tariflichen Wochenarbeitszeit
62221;Vj. Index der Tarifverdienste und Arbeitszeiten;JAHR;Jahr;2023;DINSGF;Früheres Bundesgebiet / Neue Länder;DN;Neue Länder;WZ08C7;WZ2008 (ausgewählte Positionen): Tarifindex;WZ08-26;H.v. DV-Geräten, elektron. u. opt. Erzeugnissen;103,0;2020=100;VST065;Index d.tarifl. Stundenverdienste ohne Sonderzahl.
62221;Vj. Index der Tarifverdienste und Arbeitszeiten;JAHR;Jahr;2023;DINSGF;Früheres Bundesgebiet / Neue Länder;DN;Neue Länder;WZ08C7;WZ2008 (ausgewählte Positionen): Tarifindex;WZ08-20;Herstellung von chemischen Erzeugnissen;111,6;2020=100;VST072;Index d.tarifl. Stundenverdienste mit Sonderzahl.
62221;Vj. Index der Tarifverdienste und Arbeitszeiten;JAHR;Jahr;2023;DINSGF;Früheres Bundesgebiet / Neue Länder;DN;Neue Länder;WZ08C7;WZ2008 (ausgewählte Positionen): Tarifindex;WZ08-20;Herstellung von chemischen Erzeugnissen;109,4;2020=100;VST073;Index d.tarifl. Monatsverdienste mit Sonderzahl.
62221;Vj. Index der Tarifverdienste und Arbeitszeiten;JAHR;Jahr;2023;DINSGF;Früheres Bundesgebiet / Neue Länder;DN;Neue Länder;WZ08C7;WZ2008 (ausgewählte Positionen): Tarifindex;WZ08-20;Herstellung von chemischen Erzeugnissen;38,4;h;VST019;Durchschnittliche tarifliche Wochenarbeitszeit
62221;Vj. Index der Tarifverdienste und Arbeitszeiten;JAHR;Jahr;2023;DINSGF;Früheres Bundesgebiet / Neue Länder;DN;Neue Länder;WZ08C7;WZ2008 (ausgewählte Positionen): Tarifindex;WZ08-20;Herstellung von chemischen Erzeugnissen;105,4;2020=100;VST066;Index d.tarifl. Monatsverdienste ohne Sonderzahl.
62221;Vj. Index der Tarifverdienste und Arbeitszeiten;JAHR;Jahr;2023;DINSGF;Früheres Bundesgebiet / Neue Länder;DN;Neue Länder;WZ08C7;WZ2008 (ausgewählte Positionen): Tarifindex;WZ08-20;Herstellung von chemischen Erzeugnissen;98,1;2020=100;VST018;Index der tariflichen Wochenarbeitszeit
62221;Vj. Index der Tarifverdienste und Arbeitszeiten;JAHR;Jahr;2023;DINSGF;Früheres Bundesgebiet / Neue Länder;DN;Neue Länder;WZ08C7;WZ2008 (ausgewählte Positionen): Tarifindex;WZ08-20;Herstellung von chemischen Erzeugnissen;107,5;2020=100;VST065;Index d.tarifl. Stundenverdienste ohne Sonderzahl.
62221;Vj. Index der Tarifverdienste und Arbeitszeiten;JAHR;Jahr;2019;DINSGF;Früheres Bundesgebiet / Neue Länder;DF;Früheres Bundesgebiet;WZ08C7;WZ2008 (ausgewählte Positionen): Tarifindex;WZ08-96;Sonstige überwiegend persönliche Dienstleistungen;98,0;2020=100;VST072;Index d.tarifl. Stundenverdienste mit Sonderzahl.
62221;Vj. Index der Tarifverdienste und Arbeitszeiten;JAHR;Jahr;2019;DINSGF;Früheres Bundesgebiet / Neue Länder;DF;Früheres Bundesgebiet;WZ08C7;WZ2008 (ausgewählte Positionen): Tarifindex;WZ08-96;Sonstige überwiegend persönliche Dienstleistungen;98,1;2020=100;VST073;Index d.tarifl. Monatsverdienste mit Sonderzahl.
62221;Vj. Index der Tarifverdienste und Arbeitszeiten;JAHR;Jahr;2019;DINSGF;Früheres Bundesgebiet / Neue Länder;DF;Früheres Bundesgebiet;WZ08C7;WZ2008 (ausgewählte Positionen): Tarifindex;WZ08-96;Sonstige überwiegend persönliche Dienstleistungen;38,8;h;VST019;Durchschnittliche tarifliche Wochenarbeitszeit
62221;Vj. Index der Tarifverdienste und Arbeitszeiten;JAHR;Jahr;2019;DINSGF;Früheres Bundesgebiet / Neue Länder;DF;Früheres Bundesgebiet;WZ08C7;WZ2008 (ausgewählte Positionen): Tarifindex;WZ08-96;Sonstige überwiegend persönliche Dienstleistungen;98,1;2020=100;VST066;Index d.tarifl. Monatsverdienste ohne Sonderzahl.
62221;Vj. Index der Tarifverdienste und Arbeitszeiten;JAHR;Jahr;2019;DINSGF;Früheres Bundesgebiet / Neue Länder;DF;Früheres Bundesgebiet;WZ08C7;WZ2008 (ausgewählte Positionen): Tarifindex;WZ08-96;Sonstige überwiegend persönliche Dienstleistungen;100,0;2020=100;VST018;Index der tariflichen Wochenarbeitszeit
62221;Vj. Index der Tarifverdienste und Arbeitszeiten;JAHR;Jahr;2019;DINSGF;Früheres Bundesgebiet / Neue Länder;DF;Früheres Bundesgebiet;WZ08C7;WZ2008 (ausgewählte Positionen): Tarifindex;WZ08-96;Sonstige überwiegend persönliche Dienstleistungen;98,1;2020=100;VST065;Index d.tarifl. Stundenverdienste ohne Sonderzahl.
62221;Vj. Index der Tarifverdienste und Arbeitszeiten;JAHR;Jahr;2016;DINSGF;Früheres Bundesgebiet / Neue Länder;DN;Neue Länder;WZ08C7;WZ2008 (ausgewählte Positionen): Tarifindex;WZ08-38-01;Recycling, Beseitigung von Umweltverschmutzungen;90,9;2020=100;VST072;Index d.tarifl. Stundenverdienste mit Sonderzahl.
62221;Vj. Index der Tarifverdienste und Arbeitszeiten;JAHR;Jahr;2016;DINSGF;Früheres Bundesgebiet / Neue Länder;DN;Neue Länder;WZ08C7;WZ2008 (ausgewählte Positionen): Tarifindex;WZ08-38-01;Recycling, Beseitigung von Umweltverschmutzungen;90,9;2020=100;VST073;Index d.tarifl. Monatsverdienste mit Sonderzahl.
62221;Vj. Index der Tarifverdienste und Arbeitszeiten;JAHR;Jahr;2016;DINSGF;Früheres Bundesgebiet / Neue Länder;DN;Neue Länder;WZ08C7;WZ2008 (ausgewählte Positionen): Tarifindex;WZ08-38-01;Recycling, Beseitigung von Umweltverschmutzungen;39,1;h;VST019;Durchschnittliche tarifliche Wochenarbeitszeit
62221;Vj. Index der Tarifverdienste und Arbeitszeiten;JAHR;Jahr;2016;DINSGF;Früheres Bundesgebiet / Neue Länder;DN;Neue Länder;WZ08C7;WZ2008 (ausgewählte Positionen): Tarifindex;WZ08-38-01;Recycling, Beseitigung von Umweltverschmutzungen;91,3;2020=100;VST066;Index d.tarifl. Monatsverdienste ohne Sonderzahl.
62221;Vj. Index der Tarifverdienste und Arbeitszeiten;JAHR;Jahr;2016;DINSGF;Früheres Bundesgebiet / Neue Länder;DN;Neue Länder;WZ08C7;WZ2008 (ausgewählte Positionen): Tarifindex;WZ08-38-01;Recycling, Beseitigung von Umweltverschmutzungen;100,0;2020=100;VST018;Index der tariflichen Wochenarbeitszeit
62221;Vj. Index der Tarifverdienste und Arbeitszeiten;JAHR;Jahr;2016;DINSGF;Früheres Bundesgebiet / Neue Länder;DN;Neue Länder;WZ08C7;WZ2008 (ausgewählte Positionen): Tarifindex;WZ08-38-01;Recycling, Beseitigung von Umweltverschmutzungen;91,3;2020=100;VST065;Index d.tarifl. Stundenverdienste ohne Sonderzahl.
62221;Vj. Index der Tarifverdienste und Arbeitszeiten;JAHR;Jahr;2018;DINSGF;Früheres Bundesgebiet / Neue Länder;DN;Neue Länder;WZ08C7;WZ2008 (ausgewählte Positionen): Tarifindex;WZ08-49;Landverkehr und Transport in Rohrfernleitungen;93,9;2020=100;VST072;Index d.tarifl. Stundenverdienste mit Sonderzahl.
62221;Vj. Index der Tarifverdienste und Arbeitszeiten;JAHR;Jahr;2018;DINSGF;Früheres Bundesgebiet / Neue Länder;DN;Neue Länder;WZ08C7;WZ2008 (ausgewählte Positionen): Tarifindex;WZ08-49;Landverkehr und Transport in Rohrfernleitungen;94,2;2020=100;VST073;Index d.tarifl. Monatsverdienste mit Sonderzahl.
62221;Vj. Index der Tarifverdienste und Arbeitszeiten;JAHR;Jahr;2018;DINSGF;Früheres Bundesgebiet / Neue Länder;DN;Neue Länder;WZ08C7;WZ2008 (ausgewählte Positionen): Tarifindex;WZ08-49;Landverkehr und Transport in Rohrfernleitungen;39,3;h;VST019;Durchschnittliche tarifliche Wochenarbeitszeit
62221;Vj. Index der Tarifverdienste und Arbeitszeiten;JAHR;Jahr;2018;DINSGF;Früheres Bundesgebiet / Neue Länder;DN;Neue Länder;WZ08C7;WZ2008 (ausgewählte Positionen): Tarifindex;WZ08-49;Landverkehr und Transport in Rohrfernleitungen;94,7;2020=100;VST066;Index d.tarifl. Monatsverdienste ohne Sonderzahl.
62221;Vj. Index der Tarifverdienste und Arbeitszeiten;JAHR;Jahr;2018;DINSGF;Früheres Bundesgebiet / Neue Länder;DN;Neue Länder;WZ08C7;WZ2008 (ausgewählte Positionen): Tarifindex;WZ08-49;Landverkehr und Transport in Rohrfernleitungen;100,4;2020=100;VST018;Index der tariflichen Wochenarbeitszeit
62221;Vj. Index der Tarifverdienste und Arbeitszeiten;JAHR;Jahr;2018;DINSGF;Früheres Bundesgebiet / Neue Länder;DN;Neue Länder;WZ08C7;WZ2008 (ausgewählte Positionen): Tarifindex;WZ08-49;Landverkehr und Transport in Rohrfernleitungen;94,3;2020=100;VST065;Index d.tarifl. Stundenverdienste ohne Sonderzahl.
62221;Vj. Index der Tarifverdienste und Arbeitszeiten;JAHR;Jahr;2021;DINSGF;Früheres Bundesgebiet / Neue Länder;DF;Früheres Bundesgebiet;WZ08C7;WZ2008 (ausgewählte Positionen): Tarifindex;WZ08-R;Kunst, Unterhaltung und Erholung;101,0;2020=100;VST072;Index d.tarifl. Stundenverdienste mit Sonderzahl.
62221;Vj. Index der Tarifverdienste und Arbeitszeiten;JAHR;Jahr;2021;DINSGF;Früheres Bundesgebiet / Neue Länder;DF;Früheres Bundesgebiet;WZ08C7;WZ2008 (ausgewählte Positionen): Tarifindex;WZ08-R;Kunst, Unterhaltung und Erholung;101,0;2020=100;VST073;Index d.tarifl. Monatsverdienste mit Sonderzahl.
62221;Vj. Index der Tarifverdienste und Arbeitszeiten;JAHR;Jahr;2021;DINSGF;Früheres Bundesgebiet / Neue Länder;DF;Früheres Bundesgebiet;WZ08C7;WZ2008 (ausgewählte Positionen): Tarifindex;WZ08-R;Kunst, Unterhaltung und Erholung;39,2;h;VST019;Durchschnittliche tarifliche Wochenarbeitszeit
62221;Vj. Index der Tarifverdienste und Arbeitszeiten;JAHR;Jahr;2021;DINSGF;Früheres Bundesgebiet / Neue Länder;DF;Früheres Bundesgebiet;WZ08C7;WZ2008 (ausgewählte Positionen): Tarifindex;WZ08-R;Kunst, Unterhaltung und Erholung;101,2;2020=100;VST066;Index d.tarifl. Monatsverdienste ohne Sonderzahl.
62221;Vj. Index der Tarifverdienste und Arbeitszeiten;JAHR;Jahr;2021;DINSGF;Früheres Bundesgebiet / Neue Länder;DF;Früheres Bundesgebiet;WZ08C7;WZ2008 (ausgewählte Positionen): Tarifindex;WZ08-R;Kunst, Unterhaltung und Erholung;100,0;2020=100;VST018;Index der tariflichen Wochenarbeitszeit
62221;Vj. Index der Tarifverdienste und Arbeitszeiten;JAHR;Jahr;2021;DINSGF;Früheres Bundesgebiet / Neue Länder;DF;Früheres Bundesgebiet;WZ08C7;WZ2008 (ausgewählte Positionen): Tarifindex;WZ08-R;Kunst, Unterhaltung und Erholung;101,2;2020=100;VST065;Index d.tarifl. Stundenverdienste ohne Sonderzahl.
62221;Vj. Index der Tarifverdienste und Arbeitszeiten;JAHR;Jahr;2019;DINSGF;Früheres Bundesgebiet / Neue Länder;DF;Früheres Bundesgebiet;WZ08C7;WZ2008 (ausgewählte Positionen): Tarifindex;WZ08-87;Heime (ohne Erholungs- und Ferienheime);97,8;2020=100;VST072;Index d.tarifl. Stundenverdienste mit Sonderzahl.
62221;Vj. Index der Tarifverdienste und Arbeitszeiten;JAHR;Jahr;2019;DINSGF;Früheres Bundesgebiet / Neue Länder;DF;Früheres Bundesgebiet;WZ08C7;WZ2008 (ausgewählte Positionen): Tarifindex;WZ08-87;Heime (ohne Erholungs- und Ferienheime);97,8;2020=100;VST073;Index d.tarifl. Monatsverdienste mit Sonderzahl.
62221;Vj. Index der Tarifverdienste und Arbeitszeiten;JAHR;Jahr;2019;DINSGF;Früheres Bundesgebiet / Neue Länder;DF;Früheres Bundesgebiet;WZ08C7;WZ2008 (ausgewählte Positionen): Tarifindex;WZ08-87;Heime (ohne Erholungs- und Ferienheime);39,1;h;VST019;Durchschnittliche tarifliche Wochenarbeitszeit
62221;Vj. Index der Tarifverdienste und Arbeitszeiten;JAHR;Jahr;2019;DINSGF;Früheres Bundesgebiet / Neue Länder;DF;Früheres Bundesgebiet;WZ08C7;WZ2008 (ausgewählte Positionen): Tarifindex;WZ08-87;Heime (ohne Erholungs- und Ferienheime);98,0;2020=100;VST066;Index d.tarifl. Monatsverdienste ohne Sonderzahl.
62221;Vj. Index der Tarifverdienste und Arbeitszeiten;JAHR;Jahr;2019;DINSGF;Früheres Bundesgebiet / Neue Länder;DF;Früheres Bundesgebiet;WZ08C7;WZ2008 (ausgewählte Positionen): Tarifindex;WZ08-87;Heime (ohne Erholungs- und Ferienheime);100,0;2020=100;VST018;Index der tariflichen Wochenarbeitszeit
62221;Vj. Index der Tarifverdienste und Arbeitszeiten;JAHR;Jahr;2019;DINSGF;Früheres Bundesgebiet / Neue Länder;DF;Früheres Bundesgebiet;WZ08C7;WZ2008 (ausgewählte Positionen): Tarifindex;WZ08-87;Heime (ohne Erholungs- und Ferienheime);98,0;2020=100;VST065;Index d.tarifl. Stundenverdienste ohne Sonderzahl.
62221;Vj. Index der Tarifverdienste und Arbeitszeiten;JAHR;Jahr;2017;DINSGF;Früheres Bundesgebiet / Neue Länder;DF;Früheres Bundesgebiet;WZ08C7;WZ2008 (ausgewählte Positionen): Tarifindex;WZ08-B-14;Kohlenbergbau, Gewinnung von Erdöl und Erdgas;95,7;2020=100;VST072;Index d.tarifl. Stundenverdienste mit Sonderzahl.
62221;Vj. Index der Tarifverdienste und Arbeitszeiten;JAHR;Jahr;2017;DINSGF;Früheres Bundesgebiet / Neue Länder;DF;Früheres Bundesgebiet;WZ08C7;WZ2008 (ausgewählte Positionen): Tarifindex;WZ08-B-14;Kohlenbergbau, Gewinnung von Erdöl und Erdgas;95,7;2020=100;VST073;Index d.tarifl. Monatsverdienste mit Sonderzahl.
62221;Vj. Index der Tarifverdienste und Arbeitszeiten;JAHR;Jahr;2017;DINSGF;Früheres Bundesgebiet / Neue Länder;DF;Früheres Bundesgebiet;WZ08C7;WZ2008 (ausgewählte Positionen): Tarifindex;WZ08-B-14;Kohlenbergbau, Gewinnung von Erdöl und Erdgas;39,6;h;VST019;Durchschnittliche tarifliche Wochenarbeitszeit
62221;Vj. Index der Tarifverdienste und Arbeitszeiten;JAHR;Jahr;2017;DINSGF;Früheres Bundesgebiet / Neue Länder;DF;Früheres Bundesgebiet;WZ08C7;WZ2008 (ausgewählte Positionen): Tarifindex;WZ08-B-14;Kohlenbergbau, Gewinnung von Erdöl und Erdgas;95,2;2020=100;VST066;Index d.tarifl. Monatsverdienste ohne Sonderzahl.
62221;Vj. Index der Tarifverdienste und Arbeitszeiten;JAHR;Jahr;2017;DINSGF;Früheres Bundesgebiet / Neue Länder;DF;Früheres Bundesgebiet;WZ08C7;WZ2008 (ausgewählte Positionen): Tarifindex;WZ08-B-14;Kohlenbergbau, Gewinnung von Erdöl und Erdgas;100,0;2020=100;VST018;Index der tariflichen Wochenarbeitszeit
62221;Vj. Index der Tarifverdienste und Arbeitszeiten;JAHR;Jahr;2017;DINSGF;Früheres Bundesgebiet / Neue Länder;DF;Früheres Bundesgebiet;WZ08C7;WZ2008 (ausgewählte Positionen): Tarifindex;WZ08-B-14;Kohlenbergbau, Gewinnung von Erdöl und Erdgas;95,2;2020=100;VST065;Index d.tarifl. Stundenverdienste ohne Sonderzahl.
62221;Vj. Index der Tarifverdienste und Arbeitszeiten;JAHR;Jahr;2023;DINSGF;Früheres Bundesgebiet / Neue Länder;DN;Neue Länder;WZ08C7;WZ2008 (ausgewählte Positionen): Tarifindex;WZ08-17;Herstellung von Papier, Pappe und Waren daraus;108,2;2020=100;VST072;Index d.tarifl. Stundenverdienste mit Sonderzahl.
62221;Vj. Index der Tarifverdienste und Arbeitszeiten;JAHR;Jahr;2023;DINSGF;Früheres Bundesgebiet / Neue Länder;DN;Neue Länder;WZ08C7;WZ2008 (ausgewählte Positionen): Tarifindex;WZ08-17;Herstellung von Papier, Pappe und Waren daraus;108,2;2020=100;VST073;Index d.tarifl. Monatsverdienste mit Sonderzahl.
62221;Vj. Index der Tarifverdienste und Arbeitszeiten;JAHR;Jahr;2023;DINSGF;Früheres Bundesgebiet / Neue Länder;DN;Neue Länder;WZ08C7;WZ2008 (ausgewählte Positionen): Tarifindex;WZ08-17;Herstellung von Papier, Pappe und Waren daraus;37,8;h;VST019;Durchschnittliche tarifliche Wochenarbeitszeit
62221;Vj. Index der Tarifverdienste und Arbeitszeiten;JAHR;Jahr;2023;DINSGF;Früheres Bundesgebiet / Neue Länder;DN;Neue Länder;WZ08C7;WZ2008 (ausgewählte Positionen): Tarifindex;WZ08-17;Herstellung von Papier, Pappe und Waren daraus;106,6;2020=100;VST066;Index d.tarifl. Monatsverdienste ohne Sonderzahl.
62221;Vj. Index der Tarifverdienste und Arbeitszeiten;JAHR;Jahr;2023;DINSGF;Früheres Bundesgebiet / Neue Länder;DN;Neue Länder;WZ08C7;WZ2008 (ausgewählte Positionen): Tarifindex;WZ08-17;Herstellung von Papier, Pappe und Waren daraus;100,0;2020=100;VST018;Index der tariflichen Wochenarbeitszeit
62221;Vj. Index der Tarifverdienste und Arbeitszeiten;JAHR;Jahr;2023;DINSGF;Früheres Bundesgebiet / Neue Länder;DN;Neue Länder;WZ08C7;WZ2008 (ausgewählte Positionen): Tarifindex;WZ08-17;Herstellung von Papier, Pappe und Waren daraus;106,6;2020=100;VST065;Index d.tarifl. Stundenverdienste ohne Sonderzahl.
62221;Vj. Index der Tarifverdienste und Arbeitszeiten;JAHR;Jahr;2019;DINSGF;Früheres Bundesgebiet / Neue Länder;DF;Früheres Bundesgebiet;WZ08C7;WZ2008 (ausgewählte Positionen): Tarifindex;WZ08-18;H.v. Druckerz., Vervielf.v.Ton-,Bild-,Datenträgern;98,2;2020=100;VST072;Index d.tarifl. Stundenverdienste mit Sonderzahl.
62221;Vj. Index der Tarifverdienste und Arbeitszeiten;JAHR;Jahr;2019;DINSGF;Früheres Bundesgebiet / Neue Länder;DF;Früheres Bundesgebiet;WZ08C7;WZ2008 (ausgewählte Positionen): Tarifindex;WZ08-18;H.v. Druckerz., Vervielf.v.Ton-,Bild-,Datenträgern;98,2;2020=100;VST073;Index d.tarifl. Monatsverdienste mit Sonderzahl.
62221;Vj. Index der Tarifverdienste und Arbeitszeiten;JAHR;Jahr;2019;DINSGF;Früheres Bundesgebiet / Neue Länder;DF;Früheres Bundesgebiet;WZ08C7;WZ2008 (ausgewählte Positionen): Tarifindex;WZ08-18;H.v. Druckerz., Vervielf.v.Ton-,Bild-,Datenträgern;35,3;h;VST019;Durchschnittliche tarifliche Wochenarbeitszeit
62221;Vj. Index der Tarifverdienste und Arbeitszeiten;JAHR;Jahr;2019;DINSGF;Früheres Bundesgebiet / Neue Länder;DF;Früheres Bundesgebiet;WZ08C7;WZ2008 (ausgewählte Positionen): Tarifindex;WZ08-18;H.v. Druckerz., Vervielf.v.Ton-,Bild-,Datenträgern;98,1;2020=100;VST066;Index d.tarifl. Monatsverdienste ohne Sonderzahl.
62221;Vj. Index der Tarifverdienste und Arbeitszeiten;JAHR;Jahr;2019;DINSGF;Früheres Bundesgebiet / Neue Länder;DF;Früheres Bundesgebiet;WZ08C7;WZ2008 (ausgewählte Positionen): Tarifindex;WZ08-18;H.v. Druckerz., Vervielf.v.Ton-,Bild-,Datenträgern;100,0;2020=100;VST018;Index der tariflichen Wochenarbeitszeit
62221;Vj. Index der Tarifverdienste und Arbeitszeiten;JAHR;Jahr;2019;DINSGF;Früheres Bundesgebiet / Neue Länder;DF;Früheres Bundesgebiet;WZ08C7;WZ2008 (ausgewählte Positionen): Tarifindex;WZ08-18;H.v. Druckerz., Vervielf.v.Ton-,Bild-,Datenträgern;98,1;2020=100;VST065;Index d.tarifl. Stundenverdienste ohne Sonderzahl.
62221;Vj. Index der Tarifverdienste und Arbeitszeiten;JAHR;Jahr;2019;DINSGF;Früheres Bundesgebiet / Neue Länder;DF;Früheres Bundesgebiet;WZ08C7;WZ2008 (ausgewählte Positionen): Tarifindex;WZ08-72;Forschung und Entwicklung;97,9;2020=100;VST072;Index d.tarifl. Stundenverdienste mit Sonderzahl.
62221;Vj. Index der Tarifverdienste und Arbeitszeiten;JAHR;Jahr;2019;DINSGF;Früheres Bundesgebiet / Neue Länder;DF;Früheres Bundesgebiet;WZ08C7;WZ2008 (ausgewählte Positionen): Tarifindex;WZ08-72;Forschung und Entwicklung;97,9;2020=100;VST073;Index d.tarifl. Monatsverdienste mit Sonderzahl.
62221;Vj. Index der Tarifverdienste und Arbeitszeiten;JAHR;Jahr;2019;DINSGF;Früheres Bundesgebiet / Neue Länder;DF;Früheres Bundesgebiet;WZ08C7;WZ2008 (ausgewählte Positionen): Tarifindex;WZ08-72;Forschung und Entwicklung;38,6;h;VST019;Durchschnittliche tarifliche Wochenarbeitszeit
62221;Vj. Index der Tarifverdienste und Arbeitszeiten;JAHR;Jahr;2019;DINSGF;Früheres Bundesgebiet / Neue Länder;DF;Früheres Bundesgebiet;WZ08C7;WZ2008 (ausgewählte Positionen): Tarifindex;WZ08-72;Forschung und Entwicklung;98,1;2020=100;VST066;Index d.tarifl. Monatsverdienste ohne Sonderzahl.
62221;Vj. Index der Tarifverdienste und Arbeitszeiten;JAHR;Jahr;2019;DINSGF;Früheres Bundesgebiet / Neue Länder;DF;Früheres Bundesgebiet;WZ08C7;WZ2008 (ausgewählte Positionen): Tarifindex;WZ08-72;Forschung und Entwicklung;100,0;2020=100;VST018;Index der tariflichen Wochenarbeitszeit
62221;Vj. Index der Tarifverdienste und Arbeitszeiten;JAHR;Jahr;2019;DINSGF;Früheres Bundesgebiet / Neue Länder;DF;Früheres Bundesgebiet;WZ08C7;WZ2008 (ausgewählte Positionen): Tarifindex;WZ08-72;Forschung und Entwicklung;98,1;2020=100;VST065;Index d.tarifl. Stundenverdienste ohne Sonderzahl.
62221;Vj. Index der Tarifverdienste und Arbeitszeiten;JAHR;Jahr;2025;DINSGF;Früheres Bundesgebiet / Neue Länder;DF;Früheres Bundesgebiet;WZ08C7;WZ2008 (ausgewählte Positionen): Tarifindex;WZ08-64;Erbringung von Finanzdienstleistungen;113,2;2020=100;VST072;Index d.tarifl. Stundenverdienste mit Sonderzahl.
62221;Vj. Index der Tarifverdienste und Arbeitszeiten;JAHR;Jahr;2025;DINSGF;Früheres Bundesgebiet / Neue Länder;DF;Früheres Bundesgebiet;WZ08C7;WZ2008 (ausgewählte Positionen): Tarifindex;WZ08-64;Erbringung von Finanzdienstleistungen;113,2;2020=100;VST073;Index d.tarifl. Monatsverdienste mit Sonderzahl.
62221;Vj. Index der Tarifverdienste und Arbeitszeiten;JAHR;Jahr;2025;DINSGF;Früheres Bundesgebiet / Neue Länder;DF;Früheres Bundesgebiet;WZ08C7;WZ2008 (ausgewählte Positionen): Tarifindex;WZ08-64;Erbringung von Finanzdienstleistungen;39,0;h;VST019;Durchschnittliche tarifliche Wochenarbeitszeit
62221;Vj. Index der Tarifverdienste und Arbeitszeiten;JAHR;Jahr;2025;DINSGF;Früheres Bundesgebiet / Neue Länder;DF;Früheres Bundesgebiet;WZ08C7;WZ2008 (ausgewählte Positionen): Tarifindex;WZ08-64;Erbringung von Finanzdienstleistungen;113,2;2020=100;VST066;Index d.tarifl. Monatsverdienste ohne Sonderzahl.
62221;Vj. Index der Tarifverdienste und Arbeitszeiten;JAHR;Jahr;2025;DINSGF;Früheres Bundesgebiet / Neue Länder;DF;Früheres Bundesgebiet;WZ08C7;WZ2008 (ausgewählte Positionen): Tarifindex;WZ08-64;Erbringung von Finanzdienstleistungen;100,0;2020=100;VST018;Index der tariflichen Wochenarbeitszeit
62221;Vj. Index der Tarifverdienste und Arbeitszeiten;JAHR;Jahr;2025;DINSGF;Früheres Bundesgebiet / Neue Länder;DF;Früheres Bundesgebiet;WZ08C7;WZ2008 (ausgewählte Positionen): Tarifindex;WZ08-64;Erbringung von Finanzdienstleistungen;113,2;2020=100;VST065;Index d.tarifl. Stundenverdienste ohne Sonderzahl.
62221;Vj. Index der Tarifverdienste und Arbeitszeiten;JAHR;Jahr;2019;DINSGF;Früheres Bundesgebiet / Neue Länder;DF;Früheres Bundesgebiet;WZ08C7;WZ2008 (ausgewählte Positionen): Tarifindex;WZ08-63;Informationsdienstleistungen;98,0;2020=100;VST072;Index d.tarifl. Stundenverdienste mit Sonderzahl.
62221;Vj. Index der Tarifverdienste und Arbeitszeiten;JAHR;Jahr;2019;DINSGF;Früheres Bundesgebiet / Neue Länder;DF;Früheres Bundesgebiet;WZ08C7;WZ2008 (ausgewählte Positionen): Tarifindex;WZ08-63;Informationsdienstleistungen;98,0;2020=100;VST073;Index d.tarifl. Monatsverdienste mit Sonderzahl.
62221;Vj. Index der Tarifverdienste und Arbeitszeiten;JAHR;Jahr;2019;DINSGF;Früheres Bundesgebiet / Neue Länder;DF;Früheres Bundesgebiet;WZ08C7;WZ2008 (ausgewählte Positionen): Tarifindex;WZ08-63;Informationsdienstleistungen;38,1;h;VST019;Durchschnittliche tarifliche Wochenarbeitszeit
62221;Vj. Index der Tarifverdienste und Arbeitszeiten;JAHR;Jahr;2019;DINSGF;Früheres Bundesgebiet / Neue Länder;DF;Früheres Bundesgebiet;WZ08C7;WZ2008 (ausgewählte Positionen): Tarifindex;WZ08-63;Informationsdienstleistungen;98,4;2020=100;VST066;Index d.tarifl. Monatsverdienste ohne Sonderzahl.
62221;Vj. Index der Tarifverdienste und Arbeitszeiten;JAHR;Jahr;2019;DINSGF;Früheres Bundesgebiet / Neue Länder;DF;Früheres Bundesgebiet;WZ08C7;WZ2008 (ausgewählte Positionen): Tarifindex;WZ08-63;Informationsdienstleistungen;100,0;2020=100;VST018;Index der tariflichen Wochenarbeitszeit
62221;Vj. Index der Tarifverdienste und Arbeitszeiten;JAHR;Jahr;2019;DINSGF;Früheres Bundesgebiet / Neue Länder;DF;Früheres Bundesgebiet;WZ08C7;WZ2008 (ausgewählte Positionen): Tarifindex;WZ08-63;Informationsdienstleistungen;98,4;2020=100;VST065;Index d.tarifl. Stundenverdienste ohne Sonderzahl.
62221;Vj. Index der Tarifverdienste und Arbeitszeiten;JAHR;Jahr;2023;DINSGF;Früheres Bundesgebiet / Neue Länder;DN;Neue Länder;WZ08C7;WZ2008 (ausgewählte Positionen): Tarifindex;WZ08-69-02;Rechts- und Steuerberatung, Unternehmensberatung;108,3;2020=100;VST072;Index d.tarifl. Stundenverdienste mit Sonderzahl.
62221;Vj. Index der Tarifverdienste und Arbeitszeiten;JAHR;Jahr;2023;DINSGF;Früheres Bundesgebiet / Neue Länder;DN;Neue Länder;WZ08C7;WZ2008 (ausgewählte Positionen): Tarifindex;WZ08-69-02;Rechts- und Steuerberatung, Unternehmensberatung;108,2;2020=100;VST073;Index d.tarifl. Monatsverdienste mit Sonderzahl.
62221;Vj. Index der Tarifverdienste und Arbeitszeiten;JAHR;Jahr;2023;DINSGF;Früheres Bundesgebiet / Neue Länder;DN;Neue Länder;WZ08C7;WZ2008 (ausgewählte Positionen): Tarifindex;WZ08-69-02;Rechts- und Steuerberatung, Unternehmensberatung;38,3;h;VST019;Durchschnittliche tarifliche Wochenarbeitszeit
62221;Vj. Index der Tarifverdienste und Arbeitszeiten;JAHR;Jahr;2023;DINSGF;Früheres Bundesgebiet / Neue Länder;DN;Neue Länder;WZ08C7;WZ2008 (ausgewählte Positionen): Tarifindex;WZ08-69-02;Rechts- und Steuerberatung, Unternehmensberatung;107,2;2020=100;VST066;Index d.tarifl. Monatsverdienste ohne Sonderzahl.
62221;Vj. Index der Tarifverdienste und Arbeitszeiten;JAHR;Jahr;2023;DINSGF;Früheres Bundesgebiet / Neue Länder;DN;Neue Länder;WZ08C7;WZ2008 (ausgewählte Positionen): Tarifindex;WZ08-69-02;Rechts- und Steuerberatung, Unternehmensberatung;99,9;2020=100;VST018;Index der tariflichen Wochenarbeitszeit
62221;Vj. Index der Tarifverdienste und Arbeitszeiten;JAHR;Jahr;2023;DINSGF;Früheres Bundesgebiet / Neue Länder;DN;Neue Länder;WZ08C7;WZ2008 (ausgewählte Positionen): Tarifindex;WZ08-69-02;Rechts- und Steuerberatung, Unternehmensberatung;107,4;2020=100;VST065;Index d.tarifl. Stundenverdienste ohne Sonderzahl.
62221;Vj. Index der Tarifverdienste und Arbeitszeiten;JAHR;Jahr;2025;DINSGF;Früheres Bundesgebiet / Neue Länder;DF;Früheres Bundesgebiet;WZ08C7;WZ2008 (ausgewählte Positionen): Tarifindex;WZ08-19;Kokerei und Mineralölverarbeitung;115,3;2020=100;VST072;Index d.tarifl. Stundenverdienste mit Sonderzahl.
62221;Vj. Index der Tarifverdienste und Arbeitszeiten;JAHR;Jahr;2025;DINSGF;Früheres Bundesgebiet / Neue Länder;DF;Früheres Bundesgebiet;WZ08C7;WZ2008 (ausgewählte Positionen): Tarifindex;WZ08-19;Kokerei und Mineralölverarbeitung;115,3;2020=100;VST073;Index d.tarifl. Monatsverdienste mit Sonderzahl.
62221;Vj. Index der Tarifverdienste und Arbeitszeiten;JAHR;Jahr;2025;DINSGF;Früheres Bundesgebiet / Neue Länder;DF;Früheres Bundesgebiet;WZ08C7;WZ2008 (ausgewählte Positionen): Tarifindex;WZ08-19;Kokerei und Mineralölverarbeitung;37,4;h;VST019;Durchschnittliche tarifliche Wochenarbeitszeit
62221;Vj. Index der Tarifverdienste und Arbeitszeiten;JAHR;Jahr;2025;DINSGF;Früheres Bundesgebiet / Neue Länder;DF;Früheres Bundesgebiet;WZ08C7;WZ2008 (ausgewählte Positionen): Tarifindex;WZ08-19;Kokerei und Mineralölverarbeitung;114,6;2020=100;VST066;Index d.tarifl. Monatsverdienste ohne Sonderzahl.
62221;Vj. Index der Tarifverdienste und Arbeitszeiten;JAHR;Jahr;2025;DINSGF;Früheres Bundesgebiet / Neue Länder;DF;Früheres Bundesgebiet;WZ08C7;WZ2008 (ausgewählte Positionen): Tarifindex;WZ08-19;Kokerei und Mineralölverarbeitung;100,0;2020=100;VST018;Index der tariflichen Wochenarbeitszeit
62221;Vj. Index der Tarifverdienste und Arbeitszeiten;JAHR;Jahr;2025;DINSGF;Früheres Bundesgebiet / Neue Länder;DF;Früheres Bundesgebiet;WZ08C7;WZ2008 (ausgewählte Positionen): Tarifindex;WZ08-19;Kokerei und Mineralölverarbeitung;114,6;2020=100;VST065;Index d.tarifl. Stundenverdienste ohne Sonderzahl.
62221;Vj. Index der Tarifverdienste und Arbeitszeiten;JAHR;Jahr;2025;DINSGF;Früheres Bundesgebiet / Neue Länder;DF;Früheres Bundesgebiet;WZ08C7;WZ2008 (ausgewählte Positionen): Tarifindex;WZ08-31;Herstellung von Möbeln;113,8;2020=100;VST072;Index d.tarifl. Stundenverdienste mit Sonderzahl.
62221;Vj. Index der Tarifverdienste und Arbeitszeiten;JAHR;Jahr;2025;DINSGF;Früheres Bundesgebiet / Neue Länder;DF;Früheres Bundesgebiet;WZ08C7;WZ2008 (ausgewählte Positionen): Tarifindex;WZ08-31;Herstellung von Möbeln;113,8;2020=100;VST073;Index d.tarifl. Monatsverdienste mit Sonderzahl.
62221;Vj. Index der Tarifverdienste und Arbeitszeiten;JAHR;Jahr;2025;DINSGF;Früheres Bundesgebiet / Neue Länder;DF;Früheres Bundesgebiet;WZ08C7;WZ2008 (ausgewählte Positionen): Tarifindex;WZ08-31;Herstellung von Möbeln;36,7;h;VST019;Durchschnittliche tarifliche Wochenarbeitszeit
62221;Vj. Index der Tarifverdienste und Arbeitszeiten;JAHR;Jahr;2025;DINSGF;Früheres Bundesgebiet / Neue Länder;DF;Früheres Bundesgebiet;WZ08C7;WZ2008 (ausgewählte Positionen): Tarifindex;WZ08-31;Herstellung von Möbeln;113,5;2020=100;VST066;Index d.tarifl. Monatsverdienste ohne Sonderzahl.
62221;Vj. Index der Tarifverdienste und Arbeitszeiten;JAHR;Jahr;2025;DINSGF;Früheres Bundesgebiet / Neue Länder;DF;Früheres Bundesgebiet;WZ08C7;WZ2008 (ausgewählte Positionen): Tarifindex;WZ08-31;Herstellung von Möbeln;100,0;2020=100;VST018;Index der tariflichen Wochenarbeitszeit
62221;Vj. Index der Tarifverdienste und Arbeitszeiten;JAHR;Jahr;2025;DINSGF;Früheres Bundesgebiet / Neue Länder;DF;Früheres Bundesgebiet;WZ08C7;WZ2008 (ausgewählte Positionen): Tarifindex;WZ08-31;Herstellung von Möbeln;113,5;2020=100;VST065;Index d.tarifl. Stundenverdienste ohne Sonderzahl.
62221;Vj. Index der Tarifverdienste und Arbeitszeiten;JAHR;Jahr;2025;DINSGF;Früheres Bundesgebiet / Neue Länder;DF;Früheres Bundesgebiet;WZ08C7;WZ2008 (ausgewählte Positionen): Tarifindex;WZ08-46;Großhandel (ohne Handel mit Kraftfahrzeugen);115,9;2020=100;VST072;Index d.tarifl. Stundenverdienste mit Sonderzahl.
62221;Vj. Index der Tarifverdienste und Arbeitszeiten;JAHR;Jahr;2025;DINSGF;Früheres Bundesgebiet / Neue Länder;DF;Früheres Bundesgebiet;WZ08C7;WZ2008 (ausgewählte Positionen): Tarifindex;WZ08-46;Großhandel (ohne Handel mit Kraftfahrzeugen);115,9;2020=100;VST073;Index d.tarifl. Monatsverdienste mit Sonderzahl.
62221;Vj. Index der Tarifverdienste und Arbeitszeiten;JAHR;Jahr;2025;DINSGF;Früheres Bundesgebiet / Neue Länder;DF;Früheres Bundesgebiet;WZ08C7;WZ2008 (ausgewählte Positionen): Tarifindex;WZ08-46;Großhandel (ohne Handel mit Kraftfahrzeugen);37,7;h;VST019;Durchschnittliche tarifliche Wochenarbeitszeit
62221;Vj. Index der Tarifverdienste und Arbeitszeiten;JAHR;Jahr;2025;DINSGF;Früheres Bundesgebiet / Neue Länder;DF;Früheres Bundesgebiet;WZ08C7;WZ2008 (ausgewählte Positionen): Tarifindex;WZ08-46;Großhandel (ohne Handel mit Kraftfahrzeugen);115,3;2020=100;VST066;Index d.tarifl. Monatsverdienste ohne Sonderzahl.
62221;Vj. Index der Tarifverdienste und Arbeitszeiten;JAHR;Jahr;2025;DINSGF;Früheres Bundesgebiet / Neue Länder;DF;Früheres Bundesgebiet;WZ08C7;WZ2008 (ausgewählte Positionen): Tarifindex;WZ08-46;Großhandel (ohne Handel mit Kraftfahrzeugen);100,0;2020=100;VST018;Index der tariflichen Wochenarbeitszeit
62221;Vj. Index der Tarifverdienste und Arbeitszeiten;JAHR;Jahr;2025;DINSGF;Früheres Bundesgebiet / Neue Länder;DF;Früheres Bundesgebiet;WZ08C7;WZ2008 (ausgewählte Positionen): Tarifindex;WZ08-46;Großhandel (ohne Handel mit Kraftfahrzeugen);115,3;2020=100;VST065;Index d.tarifl. Stundenverdienste ohne Sonderzahl.
62221;Vj. Index der Tarifverdienste und Arbeitszeiten;JAHR;Jahr;2019;DINSGF;Früheres Bundesgebiet / Neue Länder;DF;Früheres Bundesgebiet;WZ08C7;WZ2008 (ausgewählte Positionen): Tarifindex;WZ08-12;Tabakverarbeitung;97,6;2020=100;VST072;Index d.tarifl. Stundenverdienste mit Sonderzahl.
62221;Vj. Index der Tarifverdienste und Arbeitszeiten;JAHR;Jahr;2019;DINSGF;Früheres Bundesgebiet / Neue Länder;DF;Früheres Bundesgebiet;WZ08C7;WZ2008 (ausgewählte Positionen): Tarifindex;WZ08-12;Tabakverarbeitung;97,6;2020=100;VST073;Index d.tarifl. Monatsverdienste mit Sonderzahl.
62221;Vj. Index der Tarifverdienste und Arbeitszeiten;JAHR;Jahr;2019;DINSGF;Früheres Bundesgebiet / Neue Länder;DF;Früheres Bundesgebiet;WZ08C7;WZ2008 (ausgewählte Positionen): Tarifindex;WZ08-12;Tabakverarbeitung;37,6;h;VST019;Durchschnittliche tarifliche Wochenarbeitszeit
62221;Vj. Index der Tarifverdienste und Arbeitszeiten;JAHR;Jahr;2019;DINSGF;Früheres Bundesgebiet / Neue Länder;DF;Früheres Bundesgebiet;WZ08C7;WZ2008 (ausgewählte Positionen): Tarifindex;WZ08-12;Tabakverarbeitung;97,5;2020=100;VST066;Index d.tarifl. Monatsverdienste ohne Sonderzahl.
62221;Vj. Index der Tarifverdienste und Arbeitszeiten;JAHR;Jahr;2019;DINSGF;Früheres Bundesgebiet / Neue Länder;DF;Früheres Bundesgebiet;WZ08C7;WZ2008 (ausgewählte Positionen): Tarifindex;WZ08-12;Tabakverarbeitung;100,0;2020=100;VST018;Index der tariflichen Wochenarbeitszeit
62221;Vj. Index der Tarifverdienste und Arbeitszeiten;JAHR;Jahr;2019;DINSGF;Früheres Bundesgebiet / Neue Länder;DF;Früheres Bundesgebiet;WZ08C7;WZ2008 (ausgewählte Positionen): Tarifindex;WZ08-12;Tabakverarbeitung;97,5;2020=100;VST065;Index d.tarifl. Stundenverdienste ohne Sonderzahl.
62221;Vj. Index der Tarifverdienste und Arbeitszeiten;JAHR;Jahr;2019;DINSGF;Früheres Bundesgebiet / Neue Länder;DF;Früheres Bundesgebiet;WZ08C7;WZ2008 (ausgewählte Positionen): Tarifindex;WZ08-27;Herstellung von elektrischen Ausrüstungen;100,0;2020=100;VST072;Index d.tarifl. Stundenverdienste mit Sonderzahl.
62221;Vj. Index der Tarifverdienste und Arbeitszeiten;JAHR;Jahr;2019;DINSGF;Früheres Bundesgebiet / Neue Länder;DF;Früheres Bundesgebiet;WZ08C7;WZ2008 (ausgewählte Positionen): Tarifindex;WZ08-27;Herstellung von elektrischen Ausrüstungen;100,0;2020=100;VST073;Index d.tarifl. Monatsverdienste mit Sonderzahl.
62221;Vj. Index der Tarifverdienste und Arbeitszeiten;JAHR;Jahr;2019;DINSGF;Früheres Bundesgebiet / Neue Länder;DF;Früheres Bundesgebiet;WZ08C7;WZ2008 (ausgewählte Positionen): Tarifindex;WZ08-27;Herstellung von elektrischen Ausrüstungen;35,1;h;VST019;Durchschnittliche tarifliche Wochenarbeitszeit
62221;Vj. Index der Tarifverdienste und Arbeitszeiten;JAHR;Jahr;2019;DINSGF;Früheres Bundesgebiet / Neue Länder;DF;Früheres Bundesgebiet;WZ08C7;WZ2008 (ausgewählte Positionen): Tarifindex;WZ08-27;Herstellung von elektrischen Ausrüstungen;99,9;2020=100;VST066;Index d.tarifl. Monatsverdienste ohne Sonderzahl.
62221;Vj. Index der Tarifverdienste und Arbeitszeiten;JAHR;Jahr;2019;DINSGF;Früheres Bundesgebiet / Neue Länder;DF;Früheres Bundesgebiet;WZ08C7;WZ2008 (ausgewählte Positionen): Tarifindex;WZ08-27;Herstellung von elektrischen Ausrüstungen;100,0;2020=100;VST018;Index der tariflichen Wochenarbeitszeit
62221;Vj. Index der Tarifverdienste und Arbeitszeiten;JAHR;Jahr;2019;DINSGF;Früheres Bundesgebiet / Neue Länder;DF;Früheres Bundesgebiet;WZ08C7;WZ2008 (ausgewählte Positionen): Tarifindex;WZ08-27;Herstellung von elektrischen Ausrüstungen;99,9;2020=100;VST065;Index d.tarifl. Stundenverdienste ohne Sonderzahl.
62221;Vj. Index der Tarifverdienste und Arbeitszeiten;JAHR;Jahr;2017;DINSGF;Früheres Bundesgebiet / Neue Länder;DF;Früheres Bundesgebiet;WZ08C7;WZ2008 (ausgewählte Positionen): Tarifindex;WZ08-B-05;Produzierendes Gewerbe;92,7;2020=100;VST072;Index d.tarifl. Stundenverdienste mit Sonderzahl.
62221;Vj. Index der Tarifverdienste und Arbeitszeiten;JAHR;Jahr;2017;DINSGF;Früheres Bundesgebiet / Neue Länder;DF;Früheres Bundesgebiet;WZ08C7;WZ2008 (ausgewählte Positionen): Tarifindex;WZ08-B-05;Produzierendes Gewerbe;92,7;2020=100;VST073;Index d.tarifl. Monatsverdienste mit Sonderzahl.
62221;Vj. Index der Tarifverdienste und Arbeitszeiten;JAHR;Jahr;2017;DINSGF;Früheres Bundesgebiet / Neue Länder;DF;Früheres Bundesgebiet;WZ08C7;WZ2008 (ausgewählte Positionen): Tarifindex;WZ08-B-05;Produzierendes Gewerbe;36,7;h;VST019;Durchschnittliche tarifliche Wochenarbeitszeit
62221;Vj. Index der Tarifverdienste und Arbeitszeiten;JAHR;Jahr;2017;DINSGF;Früheres Bundesgebiet / Neue Länder;DF;Früheres Bundesgebiet;WZ08C7;WZ2008 (ausgewählte Positionen): Tarifindex;WZ08-B-05;Produzierendes Gewerbe;94,6;2020=100;VST066;Index d.tarifl. Monatsverdienste ohne Sonderzahl.
62221;Vj. Index der Tarifverdienste und Arbeitszeiten;JAHR;Jahr;2017;DINSGF;Früheres Bundesgebiet / Neue Länder;DF;Früheres Bundesgebiet;WZ08C7;WZ2008 (ausgewählte Positionen): Tarifindex;WZ08-B-05;Produzierendes Gewerbe;100,0;2020=100;VST018;Index der tariflichen Wochenarbeitszeit
62221;Vj. Index der Tarifverdienste und Arbeitszeiten;JAHR;Jahr;2017;DINSGF;Früheres Bundesgebiet / Neue Länder;DF;Früheres Bundesgebiet;WZ08C7;WZ2008 (ausgewählte Positionen): Tarifindex;WZ08-B-05;Produzierendes Gewerbe;94,6;2020=100;VST065;Index d.tarifl. Stundenverdienste ohne Sonderzahl.
62221;Vj. Index der Tarifverdienste und Arbeitszeiten;JAHR;Jahr;2019;DINSGF;Früheres Bundesgebiet / Neue Länder;DF;Früheres Bundesgebiet;WZ08C7;WZ2008 (ausgewählte Positionen): Tarifindex;WZ08-69-02;Rechts- und Steuerberatung, Unternehmensberatung;98,5;2020=100;VST072;Index d.tarifl. Stundenverdienste mit Sonderzahl.
62221;Vj. Index der Tarifverdienste und Arbeitszeiten;JAHR;Jahr;2019;DINSGF;Früheres Bundesgebiet / Neue Länder;DF;Früheres Bundesgebiet;WZ08C7;WZ2008 (ausgewählte Positionen): Tarifindex;WZ08-69-02;Rechts- und Steuerberatung, Unternehmensberatung;98,4;2020=100;VST073;Index d.tarifl. Monatsverdienste mit Sonderzahl.
62221;Vj. Index der Tarifverdienste und Arbeitszeiten;JAHR;Jahr;2019;DINSGF;Früheres Bundesgebiet / Neue Länder;DF;Früheres Bundesgebiet;WZ08C7;WZ2008 (ausgewählte Positionen): Tarifindex;WZ08-69-02;Rechts- und Steuerberatung, Unternehmensberatung;37,5;h;VST019;Durchschnittliche tarifliche Wochenarbeitszeit
62221;Vj. Index der Tarifverdienste und Arbeitszeiten;JAHR;Jahr;2019;DINSGF;Früheres Bundesgebiet / Neue Länder;DF;Früheres Bundesgebiet;WZ08C7;WZ2008 (ausgewählte Positionen): Tarifindex;WZ08-69-02;Rechts- und Steuerberatung, Unternehmensberatung;98,3;2020=100;VST066;Index d.tarifl. Monatsverdienste ohne Sonderzahl.
62221;Vj. Index der Tarifverdienste und Arbeitszeiten;JAHR;Jahr;2019;DINSGF;Früheres Bundesgebiet / Neue Länder;DF;Früheres Bundesgebiet;WZ08C7;WZ2008 (ausgewählte Positionen): Tarifindex;WZ08-69-02;Rechts- und Steuerberatung, Unternehmensberatung;100,0;2020=100;VST018;Index der tariflichen Wochenarbeitszeit
62221;Vj. Index der Tarifverdienste und Arbeitszeiten;JAHR;Jahr;2019;DINSGF;Früheres Bundesgebiet / Neue Länder;DF;Früheres Bundesgebiet;WZ08C7;WZ2008 (ausgewählte Positionen): Tarifindex;WZ08-69-02;Rechts- und Steuerberatung, Unternehmensberatung;98,3;2020=100;VST065;Index d.tarifl. Stundenverdienste ohne Sonderzahl.
62221;Vj. Index der Tarifverdienste und Arbeitszeiten;JAHR;Jahr;2023;DINSGF;Früheres Bundesgebiet / Neue Länder;DF;Früheres Bundesgebiet;WZ08C7;WZ2008 (ausgewählte Positionen): Tarifindex;WZ08-D-06;Energie- und Wasserversorgung;108,5;2020=100;VST072;Index d.tarifl. Stundenverdienste mit Sonderzahl.
62221;Vj. Index der Tarifverdienste und Arbeitszeiten;JAHR;Jahr;2023;DINSGF;Früheres Bundesgebiet / Neue Länder;DF;Früheres Bundesgebiet;WZ08C7;WZ2008 (ausgewählte Positionen): Tarifindex;WZ08-D-06;Energie- und Wasserversorgung;108,5;2020=100;VST073;Index d.tarifl. Monatsverdienste mit Sonderzahl.
62221;Vj. Index der Tarifverdienste und Arbeitszeiten;JAHR;Jahr;2023;DINSGF;Früheres Bundesgebiet / Neue Länder;DF;Früheres Bundesgebiet;WZ08C7;WZ2008 (ausgewählte Positionen): Tarifindex;WZ08-D-06;Energie- und Wasserversorgung;38,3;h;VST019;Durchschnittliche tarifliche Wochenarbeitszeit
62221;Vj. Index der Tarifverdienste und Arbeitszeiten;JAHR;Jahr;2023;DINSGF;Früheres Bundesgebiet / Neue Länder;DF;Früheres Bundesgebiet;WZ08C7;WZ2008 (ausgewählte Positionen): Tarifindex;WZ08-D-06;Energie- und Wasserversorgung;105,9;2020=100;VST066;Index d.tarifl. Monatsverdienste ohne Sonderzahl.
62221;Vj. Index der Tarifverdienste und Arbeitszeiten;JAHR;Jahr;2023;DINSGF;Früheres Bundesgebiet / Neue Länder;DF;Früheres Bundesgebiet;WZ08C7;WZ2008 (ausgewählte Positionen): Tarifindex;WZ08-D-06;Energie- und Wasserversorgung;100,0;2020=100;VST018;Index der tariflichen Wochenarbeitszeit
62221;Vj. Index der Tarifverdienste und Arbeitszeiten;JAHR;Jahr;2023;DINSGF;Früheres Bundesgebiet / Neue Länder;DF;Früheres Bundesgebiet;WZ08C7;WZ2008 (ausgewählte Positionen): Tarifindex;WZ08-D-06;Energie- und Wasserversorgung;105,9;2020=100;VST065;Index d.tarifl. Stundenverdienste ohne Sonderzahl.
62221;Vj. Index der Tarifverdienste und Arbeitszeiten;JAHR;Jahr;2019;DINSGF;Früheres Bundesgebiet / Neue Länder;DF;Früheres Bundesgebiet;WZ08C7;WZ2008 (ausgewählte Positionen): Tarifindex;WZ08-21;Herstellung von pharmazeutischen Erzeugnissen;98,1;2020=100;VST072;Index d.tarifl. Stundenverdienste mit Sonderzahl.
62221;Vj. Index der Tarifverdienste und Arbeitszeiten;JAHR;Jahr;2019;DINSGF;Früheres Bundesgebiet / Neue Länder;DF;Früheres Bundesgebiet;WZ08C7;WZ2008 (ausgewählte Positionen): Tarifindex;WZ08-21;Herstellung von pharmazeutischen Erzeugnissen;98,1;2020=100;VST073;Index d.tarifl. Monatsverdienste mit Sonderzahl.
62221;Vj. Index der Tarifverdienste und Arbeitszeiten;JAHR;Jahr;2019;DINSGF;Früheres Bundesgebiet / Neue Länder;DF;Früheres Bundesgebiet;WZ08C7;WZ2008 (ausgewählte Positionen): Tarifindex;WZ08-21;Herstellung von pharmazeutischen Erzeugnissen;37,5;h;VST019;Durchschnittliche tarifliche Wochenarbeitszeit
62221;Vj. Index der Tarifverdienste und Arbeitszeiten;JAHR;Jahr;2019;DINSGF;Früheres Bundesgebiet / Neue Länder;DF;Früheres Bundesgebiet;WZ08C7;WZ2008 (ausgewählte Positionen): Tarifindex;WZ08-21;Herstellung von pharmazeutischen Erzeugnissen;99,1;2020=100;VST066;Index d.tarifl. Monatsverdienste ohne Sonderzahl.
62221;Vj. Index der Tarifverdienste und Arbeitszeiten;JAHR;Jahr;2019;DINSGF;Früheres Bundesgebiet / Neue Länder;DF;Früheres Bundesgebiet;WZ08C7;WZ2008 (ausgewählte Positionen): Tarifindex;WZ08-21;Herstellung von pharmazeutischen Erzeugnissen;100,0;2020=100;VST018;Index der tariflichen Wochenarbeitszeit
62221;Vj. Index der Tarifverdienste und Arbeitszeiten;JAHR;Jahr;2019;DINSGF;Früheres Bundesgebiet / Neue Länder;DF;Früheres Bundesgebiet;WZ08C7;WZ2008 (ausgewählte Positionen): Tarifindex;WZ08-21;Herstellung von pharmazeutischen Erzeugnissen;99,1;2020=100;VST065;Index d.tarifl. Stundenverdienste ohne Sonderzahl.
62221;Vj. Index der Tarifverdienste und Arbeitszeiten;JAHR;Jahr;2017;DINSGF;Früheres Bundesgebiet / Neue Länder;DN;Neue Länder;WZ08C7;WZ2008 (ausgewählte Positionen): Tarifindex;WZ08-72-01;Forschung,Werbung u.Marktforschung,Veterinärwesen;91,8;2020=100;VST072;Index d.tarifl. Stundenverdienste mit Sonderzahl.
62221;Vj. Index der Tarifverdienste und Arbeitszeiten;JAHR;Jahr;2017;DINSGF;Früheres Bundesgebiet / Neue Länder;DN;Neue Länder;WZ08C7;WZ2008 (ausgewählte Positionen): Tarifindex;WZ08-72-01;Forschung,Werbung u.Marktforschung,Veterinärwesen;91,8;2020=100;VST073;Index d.tarifl. Monatsverdienste mit Sonderzahl.
62221;Vj. Index der Tarifverdienste und Arbeitszeiten;JAHR;Jahr;2017;DINSGF;Früheres Bundesgebiet / Neue Länder;DN;Neue Länder;WZ08C7;WZ2008 (ausgewählte Positionen): Tarifindex;WZ08-72-01;Forschung,Werbung u.Marktforschung,Veterinärwesen;38,9;h;VST019;Durchschnittliche tarifliche Wochenarbeitszeit
62221;Vj. Index der Tarifverdienste und Arbeitszeiten;JAHR;Jahr;2017;DINSGF;Früheres Bundesgebiet / Neue Länder;DN;Neue Länder;WZ08C7;WZ2008 (ausgewählte Positionen): Tarifindex;WZ08-72-01;Forschung,Werbung u.Marktforschung,Veterinärwesen;92,1;2020=100;VST066;Index d.tarifl. Monatsverdienste ohne Sonderzahl.
62221;Vj. Index der Tarifverdienste und Arbeitszeiten;JAHR;Jahr;2017;DINSGF;Früheres Bundesgebiet / Neue Länder;DN;Neue Länder;WZ08C7;WZ2008 (ausgewählte Positionen): Tarifindex;WZ08-72-01;Forschung,Werbung u.Marktforschung,Veterinärwesen;100,0;2020=100;VST018;Index der tariflichen Wochenarbeitszeit
62221;Vj. Index der Tarifverdienste und Arbeitszeiten;JAHR;Jahr;2017;DINSGF;Früheres Bundesgebiet / Neue Länder;DN;Neue Länder;WZ08C7;WZ2008 (ausgewählte Positionen): Tarifindex;WZ08-72-01;Forschung,Werbung u.Marktforschung,Veterinärwesen;92,1;2020=100;VST065;Index d.tarifl. Stundenverdienste ohne Sonderzahl.
62221;Vj. Index der Tarifverdienste und Arbeitszeiten;JAHR;Jahr;2025;DINSGF;Früheres Bundesgebiet / Neue Länder;DF;Früheres Bundesgebiet;WZ08C7;WZ2008 (ausgewählte Positionen): Tarifindex;WZ-X001;Vorleistungsgüterproduzenten;115,0;2020=100;VST072;Index d.tarifl. Stundenverdienste mit Sonderzahl.
62221;Vj. Index der Tarifverdienste und Arbeitszeiten;JAHR;Jahr;2025;DINSGF;Früheres Bundesgebiet / Neue Länder;DF;Früheres Bundesgebiet;WZ08C7;WZ2008 (ausgewählte Positionen): Tarifindex;WZ-X001;Vorleistungsgüterproduzenten;114,9;2020=100;VST073;Index d.tarifl. Monatsverdienste mit Sonderzahl.
62221;Vj. Index der Tarifverdienste und Arbeitszeiten;JAHR;Jahr;2025;DINSGF;Früheres Bundesgebiet / Neue Länder;DF;Früheres Bundesgebiet;WZ08C7;WZ2008 (ausgewählte Positionen): Tarifindex;WZ-X001;Vorleistungsgüterproduzenten;36,7;h;VST019;Durchschnittliche tarifliche Wochenarbeitszeit
62221;Vj. Index der Tarifverdienste und Arbeitszeiten;JAHR;Jahr;2025;DINSGF;Früheres Bundesgebiet / Neue Länder;DF;Früheres Bundesgebiet;WZ08C7;WZ2008 (ausgewählte Positionen): Tarifindex;WZ-X001;Vorleistungsgüterproduzenten;113,6;2020=100;VST066;Index d.tarifl. Monatsverdienste ohne Sonderzahl.
62221;Vj. Index der Tarifverdienste und Arbeitszeiten;JAHR;Jahr;2025;DINSGF;Früheres Bundesgebiet / Neue Länder;DF;Früheres Bundesgebiet;WZ08C7;WZ2008 (ausgewählte Positionen): Tarifindex;WZ-X001;Vorleistungsgüterproduzenten;100,0;2020=100;VST018;Index der tariflichen Wochenarbeitszeit
62221;Vj. Index der Tarifverdienste und Arbeitszeiten;JAHR;Jahr;2025;DINSGF;Früheres Bundesgebiet / Neue Länder;DF;Früheres Bundesgebiet;WZ08C7;WZ2008 (ausgewählte Positionen): Tarifindex;WZ-X001;Vorleistungsgüterproduzenten;113,6;2020=100;VST065;Index d.tarifl. Stundenverdienste ohne Sonderzahl.
62221;Vj. Index der Tarifverdienste und Arbeitszeiten;JAHR;Jahr;2025;DINSGF;Früheres Bundesgebiet / Neue Länder;DF;Früheres Bundesgebiet;WZ08C7;WZ2008 (ausgewählte Positionen): Tarifindex;WZ08-28;Maschinenbau;113,4;2020=100;VST072;Index d.tarifl. Stundenverdienste mit Sonderzahl.
62221;Vj. Index der Tarifverdienste und Arbeitszeiten;JAHR;Jahr;2025;DINSGF;Früheres Bundesgebiet / Neue Länder;DF;Früheres Bundesgebiet;WZ08C7;WZ2008 (ausgewählte Positionen): Tarifindex;WZ08-28;Maschinenbau;113,4;2020=100;VST073;Index d.tarifl. Monatsverdienste mit Sonderzahl.
62221;Vj. Index der Tarifverdienste und Arbeitszeiten;JAHR;Jahr;2025;DINSGF;Früheres Bundesgebiet / Neue Länder;DF;Früheres Bundesgebiet;WZ08C7;WZ2008 (ausgewählte Positionen): Tarifindex;WZ08-28;Maschinenbau;35,3;h;VST019;Durchschnittliche tarifliche Wochenarbeitszeit
62221;Vj. Index der Tarifverdienste und Arbeitszeiten;JAHR;Jahr;2025;DINSGF;Früheres Bundesgebiet / Neue Länder;DF;Früheres Bundesgebiet;WZ08C7;WZ2008 (ausgewählte Positionen): Tarifindex;WZ08-28;Maschinenbau;110,6;2020=100;VST066;Index d.tarifl. Monatsverdienste ohne Sonderzahl.
62221;Vj. Index der Tarifverdienste und Arbeitszeiten;JAHR;Jahr;2025;DINSGF;Früheres Bundesgebiet / Neue Länder;DF;Früheres Bundesgebiet;WZ08C7;WZ2008 (ausgewählte Positionen): Tarifindex;WZ08-28;Maschinenbau;100,0;2020=100;VST018;Index der tariflichen Wochenarbeitszeit
62221;Vj. Index der Tarifverdienste und Arbeitszeiten;JAHR;Jahr;2025;DINSGF;Früheres Bundesgebiet / Neue Länder;DF;Früheres Bundesgebiet;WZ08C7;WZ2008 (ausgewählte Positionen): Tarifindex;WZ08-28;Maschinenbau;110,6;2020=100;VST065;Index d.tarifl. Stundenverdienste ohne Sonderzahl.
62221;Vj. Index der Tarifverdienste und Arbeitszeiten;JAHR;Jahr;2019;DINSGF;Früheres Bundesgebiet / Neue Länder;DF;Früheres Bundesgebiet;WZ08C7;WZ2008 (ausgewählte Positionen): Tarifindex;WZ08-36;Wasserversorgung;97,7;2020=100;VST072;Index d.tarifl. Stundenverdienste mit Sonderzahl.
62221;Vj. Index der Tarifverdienste und Arbeitszeiten;JAHR;Jahr;2019;DINSGF;Früheres Bundesgebiet / Neue Länder;DF;Früheres Bundesgebiet;WZ08C7;WZ2008 (ausgewählte Positionen): Tarifindex;WZ08-36;Wasserversorgung;97,7;2020=100;VST073;Index d.tarifl. Monatsverdienste mit Sonderzahl.
62221;Vj. Index der Tarifverdienste und Arbeitszeiten;JAHR;Jahr;2019;DINSGF;Früheres Bundesgebiet / Neue Länder;DF;Früheres Bundesgebiet;WZ08C7;WZ2008 (ausgewählte Positionen): Tarifindex;WZ08-36;Wasserversorgung;39,0;h;VST019;Durchschnittliche tarifliche Wochenarbeitszeit
62221;Vj. Index der Tarifverdienste und Arbeitszeiten;JAHR;Jahr;2019;DINSGF;Früheres Bundesgebiet / Neue Länder;DF;Früheres Bundesgebiet;WZ08C7;WZ2008 (ausgewählte Positionen): Tarifindex;WZ08-36;Wasserversorgung;98,3;2020=100;VST066;Index d.tarifl. Monatsverdienste ohne Sonderzahl.
62221;Vj. Index der Tarifverdienste und Arbeitszeiten;JAHR;Jahr;2019;DINSGF;Früheres Bundesgebiet / Neue Länder;DF;Früheres Bundesgebiet;WZ08C7;WZ2008 (ausgewählte Positionen): Tarifindex;WZ08-36;Wasserversorgung;100,0;2020=100;VST018;Index der tariflichen Wochenarbeitszeit
62221;Vj. Index der Tarifverdienste und Arbeitszeiten;JAHR;Jahr;2019;DINSGF;Früheres Bundesgebiet / Neue Länder;DF;Früheres Bundesgebiet;WZ08C7;WZ2008 (ausgewählte Positionen): Tarifindex;WZ08-36;Wasserversorgung;98,3;2020=100;VST065;Index d.tarifl. Stundenverdienste ohne Sonderzahl.
62221;Vj. Index der Tarifverdienste und Arbeitszeiten;JAHR;Jahr;2019;DINSGF;Früheres Bundesgebiet / Neue Länder;DF;Früheres Bundesgebiet;WZ08C7;WZ2008 (ausgewählte Positionen): Tarifindex;WZ08-30;Sonstiger Fahrzeugbau;100,1;2020=100;VST072;Index d.tarifl. Stundenverdienste mit Sonderzahl.
62221;Vj. Index der Tarifverdienste und Arbeitszeiten;JAHR;Jahr;2019;DINSGF;Früheres Bundesgebiet / Neue Länder;DF;Früheres Bundesgebiet;WZ08C7;WZ2008 (ausgewählte Positionen): Tarifindex;WZ08-30;Sonstiger Fahrzeugbau;100,1;2020=100;VST073;Index d.tarifl. Monatsverdienste mit Sonderzahl.
62221;Vj. Index der Tarifverdienste und Arbeitszeiten;JAHR;Jahr;2019;DINSGF;Früheres Bundesgebiet / Neue Länder;DF;Früheres Bundesgebiet;WZ08C7;WZ2008 (ausgewählte Positionen): Tarifindex;WZ08-30;Sonstiger Fahrzeugbau;35,1;h;VST019;Durchschnittliche tarifliche Wochenarbeitszeit
62221;Vj. Index der Tarifverdienste und Arbeitszeiten;JAHR;Jahr;2019;DINSGF;Früheres Bundesgebiet / Neue Länder;DF;Früheres Bundesgebiet;WZ08C7;WZ2008 (ausgewählte Positionen): Tarifindex;WZ08-30;Sonstiger Fahrzeugbau;99,9;2020=100;VST066;Index d.tarifl. Monatsverdienste ohne Sonderzahl.
62221;Vj. Index der Tarifverdienste und Arbeitszeiten;JAHR;Jahr;2019;DINSGF;Früheres Bundesgebiet / Neue Länder;DF;Früheres Bundesgebiet;WZ08C7;WZ2008 (ausgewählte Positionen): Tarifindex;WZ08-30;Sonstiger Fahrzeugbau;100,0;2020=100;VST018;Index der tariflichen Wochenarbeitszeit
62221;Vj. Index der Tarifverdienste und Arbeitszeiten;JAHR;Jahr;2019;DINSGF;Früheres Bundesgebiet / Neue Länder;DF;Früheres Bundesgebiet;WZ08C7;WZ2008 (ausgewählte Positionen): Tarifindex;WZ08-30;Sonstiger Fahrzeugbau;99,9;2020=100;VST065;Index d.tarifl. Stundenverdienste ohne Sonderzahl.
62221;Vj. Index der Tarifverdienste und Arbeitszeiten;JAHR;Jahr;2025;DINSGF;Früheres Bundesgebiet / Neue Länder;DF;Früheres Bundesgebiet;WZ08C7;WZ2008 (ausgewählte Positionen): Tarifindex;WZ08-22;Herstellung von Gummi- und Kunststoffwaren;113,6;2020=100;VST072;Index d.tarifl. Stundenverdienste mit Sonderzahl.
62221;Vj. Index der Tarifverdienste und Arbeitszeiten;JAHR;Jahr;2025;DINSGF;Früheres Bundesgebiet / Neue Länder;DF;Früheres Bundesgebiet;WZ08C7;WZ2008 (ausgewählte Positionen): Tarifindex;WZ08-22;Herstellung von Gummi- und Kunststoffwaren;113,6;2020=100;VST073;Index d.tarifl. Monatsverdienste mit Sonderzahl.
62221;Vj. Index der Tarifverdienste und Arbeitszeiten;JAHR;Jahr;2025;DINSGF;Früheres Bundesgebiet / Neue Länder;DF;Früheres Bundesgebiet;WZ08C7;WZ2008 (ausgewählte Positionen): Tarifindex;WZ08-22;Herstellung von Gummi- und Kunststoffwaren;36,9;h;VST019;Durchschnittliche tarifliche Wochenarbeitszeit
62221;Vj. Index der Tarifverdienste und Arbeitszeiten;JAHR;Jahr;2025;DINSGF;Früheres Bundesgebiet / Neue Länder;DF;Früheres Bundesgebiet;WZ08C7;WZ2008 (ausgewählte Positionen): Tarifindex;WZ08-22;Herstellung von Gummi- und Kunststoffwaren;112,6;2020=100;VST066;Index d.tarifl. Monatsverdienste ohne Sonderzahl.
62221;Vj. Index der Tarifverdienste und Arbeitszeiten;JAHR;Jahr;2025;DINSGF;Früheres Bundesgebiet / Neue Länder;DF;Früheres Bundesgebiet;WZ08C7;WZ2008 (ausgewählte Positionen): Tarifindex;WZ08-22;Herstellung von Gummi- und Kunststoffwaren;100,0;2020=100;VST018;Index der tariflichen Wochenarbeitszeit
62221;Vj. Index der Tarifverdienste und Arbeitszeiten;JAHR;Jahr;2025;DINSGF;Früheres Bundesgebiet / Neue Länder;DF;Früheres Bundesgebiet;WZ08C7;WZ2008 (ausgewählte Positionen): Tarifindex;WZ08-22;Herstellung von Gummi- und Kunststoffwaren;112,6;2020=100;VST065;Index d.tarifl. Stundenverdienste ohne Sonderzahl.
62221;Vj. Index der Tarifverdienste und Arbeitszeiten;JAHR;Jahr;2020;DINSGF;Früheres Bundesgebiet / Neue Länder;DF;Früheres Bundesgebiet;WZ08C7;WZ2008 (ausgewählte Positionen): Tarifindex;WZ08-13;Herstellung von Textilien;100,0;2020=100;VST072;Index d.tarifl. Stundenverdienste mit Sonderzahl.
62221;Vj. Index der Tarifverdienste und Arbeitszeiten;JAHR;Jahr;2020;DINSGF;Früheres Bundesgebiet / Neue Länder;DF;Früheres Bundesgebiet;WZ08C7;WZ2008 (ausgewählte Positionen): Tarifindex;WZ08-13;Herstellung von Textilien;100,0;2020=100;VST073;Index d.tarifl. Monatsverdienste mit Sonderzahl.
62221;Vj. Index der Tarifverdienste und Arbeitszeiten;JAHR;Jahr;2020;DINSGF;Früheres Bundesgebiet / Neue Länder;DF;Früheres Bundesgebiet;WZ08C7;WZ2008 (ausgewählte Positionen): Tarifindex;WZ08-13;Herstellung von Textilien;37,0;h;VST019;Durchschnittliche tarifliche Wochenarbeitszeit
62221;Vj. Index der Tarifverdienste und Arbeitszeiten;JAHR;Jahr;2020;DINSGF;Früheres Bundesgebiet / Neue Länder;DF;Früheres Bundesgebiet;WZ08C7;WZ2008 (ausgewählte Positionen): Tarifindex;WZ08-13;Herstellung von Textilien;100,0;2020=100;VST066;Index d.tarifl. Monatsverdienste ohne Sonderzahl.
62221;Vj. Index der Tarifverdienste und Arbeitszeiten;JAHR;Jahr;2020;DINSGF;Früheres Bundesgebiet / Neue Länder;DF;Früheres Bundesgebiet;WZ08C7;WZ2008 (ausgewählte Positionen): Tarifindex;WZ08-13;Herstellung von Textilien;100,0;2020=100;VST018;Index der tariflichen Wochenarbeitszeit
62221;Vj. Index der Tarifverdienste und Arbeitszeiten;JAHR;Jahr;2020;DINSGF;Früheres Bundesgebiet / Neue Länder;DF;Früheres Bundesgebiet;WZ08C7;WZ2008 (ausgewählte Positionen): Tarifindex;WZ08-13;Herstellung von Textilien;100,0;2020=100;VST065;Index d.tarifl. Stundenverdienste ohne Sonderzahl.
62221;Vj. Index der Tarifverdienste und Arbeitszeiten;JAHR;Jahr;2018;DINSGF;Früheres Bundesgebiet / Neue Länder;DN;Neue Länder;WZ08C7;WZ2008 (ausgewählte Positionen): Tarifindex;WZ08-17;Herstellung von Papier, Pappe und Waren daraus;94,5;2020=100;VST072;Index d.tarifl. Stundenverdienste mit Sonderzahl.
62221;Vj. Index der Tarifverdienste und Arbeitszeiten;JAHR;Jahr;2018;DINSGF;Früheres Bundesgebiet / Neue Länder;DN;Neue Länder;WZ08C7;WZ2008 (ausgewählte Positionen): Tarifindex;WZ08-17;Herstellung von Papier, Pappe und Waren daraus;94,5;2020=100;VST073;Index d.tarifl. Monatsverdienste mit Sonderzahl.
62221;Vj. Index der Tarifverdienste und Arbeitszeiten;JAHR;Jahr;2018;DINSGF;Früheres Bundesgebiet / Neue Länder;DN;Neue Länder;WZ08C7;WZ2008 (ausgewählte Positionen): Tarifindex;WZ08-17;Herstellung von Papier, Pappe und Waren daraus;37,9;h;VST019;Durchschnittliche tarifliche Wochenarbeitszeit
62221;Vj. Index der Tarifverdienste und Arbeitszeiten;JAHR;Jahr;2018;DINSGF;Früheres Bundesgebiet / Neue Länder;DN;Neue Länder;WZ08C7;WZ2008 (ausgewählte Positionen): Tarifindex;WZ08-17;Herstellung von Papier, Pappe und Waren daraus;95,8;2020=100;VST066;Index d.tarifl. Monatsverdienste ohne Sonderzahl.
62221;Vj. Index der Tarifverdienste und Arbeitszeiten;JAHR;Jahr;2018;DINSGF;Früheres Bundesgebiet / Neue Länder;DN;Neue Länder;WZ08C7;WZ2008 (ausgewählte Positionen): Tarifindex;WZ08-17;Herstellung von Papier, Pappe und Waren daraus;100,1;2020=100;VST018;Index der tariflichen Wochenarbeitszeit
62221;Vj. Index der Tarifverdienste und Arbeitszeiten;JAHR;Jahr;2018;DINSGF;Früheres Bundesgebiet / Neue Länder;DN;Neue Länder;WZ08C7;WZ2008 (ausgewählte Positionen): Tarifindex;WZ08-17;Herstellung von Papier, Pappe und Waren daraus;95,7;2020=100;VST065;Index d.tarifl. Stundenverdienste ohne Sonderzahl.
62221;Vj. Index der Tarifverdienste und Arbeitszeiten;JAHR;Jahr;2020;DINSGF;Früheres Bundesgebiet / Neue Länder;DF;Früheres Bundesgebiet;WZ08C7;WZ2008 (ausgewählte Positionen): Tarifindex;WZ08-72;Forschung und Entwicklung;100,0;2020=100;VST072;Index d.tarifl. Stundenverdienste mit Sonderzahl.
62221;Vj. Index der Tarifverdienste und Arbeitszeiten;JAHR;Jahr;2020;DINSGF;Früheres Bundesgebiet / Neue Länder;DF;Früheres Bundesgebiet;WZ08C7;WZ2008 (ausgewählte Positionen): Tarifindex;WZ08-72;Forschung und Entwicklung;100,0;2020=100;VST073;Index d.tarifl. Monatsverdienste mit Sonderzahl.
62221;Vj. Index der Tarifverdienste und Arbeitszeiten;JAHR;Jahr;2020;DINSGF;Früheres Bundesgebiet / Neue Länder;DF;Früheres Bundesgebiet;WZ08C7;WZ2008 (ausgewählte Positionen): Tarifindex;WZ08-72;Forschung und Entwicklung;38,9;h;VST019;Durchschnittliche tarifliche Wochenarbeitszeit
62221;Vj. Index der Tarifverdienste und Arbeitszeiten;JAHR;Jahr;2020;DINSGF;Früheres Bundesgebiet / Neue Länder;DF;Früheres Bundesgebiet;WZ08C7;WZ2008 (ausgewählte Positionen): Tarifindex;WZ08-72;Forschung und Entwicklung;100,0;2020=100;VST066;Index d.tarifl. Monatsverdienste ohne Sonderzahl.
62221;Vj. Index der Tarifverdienste und Arbeitszeiten;JAHR;Jahr;2020;DINSGF;Früheres Bundesgebiet / Neue Länder;DF;Früheres Bundesgebiet;WZ08C7;WZ2008 (ausgewählte Positionen): Tarifindex;WZ08-72;Forschung und Entwicklung;100,0;2020=100;VST018;Index der tariflichen Wochenarbeitszeit
62221;Vj. Index der Tarifverdienste und Arbeitszeiten;JAHR;Jahr;2020;DINSGF;Früheres Bundesgebiet / Neue Länder;DF;Früheres Bundesgebiet;WZ08C7;WZ2008 (ausgewählte Positionen): Tarifindex;WZ08-72;Forschung und Entwicklung;100,0;2020=100;VST065;Index d.tarifl. Stundenverdienste ohne Sonderzahl.
62221;Vj. Index der Tarifverdienste und Arbeitszeiten;JAHR;Jahr;2017;DINSGF;Früheres Bundesgebiet / Neue Länder;DN;Neue Länder;WZ08C7;WZ2008 (ausgewählte Positionen): Tarifindex;WZ08-05;Kohlenbergbau;95,8;2020=100;VST072;Index d.tarifl. Stundenverdienste mit Sonderzahl.
62221;Vj. Index der Tarifverdienste und Arbeitszeiten;JAHR;Jahr;2017;DINSGF;Früheres Bundesgebiet / Neue Länder;DN;Neue Länder;WZ08C7;WZ2008 (ausgewählte Positionen): Tarifindex;WZ08-05;Kohlenbergbau;95,8;2020=100;VST073;Index d.tarifl. Monatsverdienste mit Sonderzahl.
62221;Vj. Index der Tarifverdienste und Arbeitszeiten;JAHR;Jahr;2017;DINSGF;Früheres Bundesgebiet / Neue Länder;DN;Neue Länder;WZ08C7;WZ2008 (ausgewählte Positionen): Tarifindex;WZ08-05;Kohlenbergbau;37,0;h;VST019;Durchschnittliche tarifliche Wochenarbeitszeit
62221;Vj. Index der Tarifverdienste und Arbeitszeiten;JAHR;Jahr;2017;DINSGF;Früheres Bundesgebiet / Neue Länder;DN;Neue Länder;WZ08C7;WZ2008 (ausgewählte Positionen): Tarifindex;WZ08-05;Kohlenbergbau;95,7;2020=100;VST066;Index d.tarifl. Monatsverdienste ohne Sonderzahl.
62221;Vj. Index der Tarifverdienste und Arbeitszeiten;JAHR;Jahr;2017;DINSGF;Früheres Bundesgebiet / Neue Länder;DN;Neue Länder;WZ08C7;WZ2008 (ausgewählte Positionen): Tarifindex;WZ08-05;Kohlenbergbau;100,0;2020=100;VST018;Index der tariflichen Wochenarbeitszeit
62221;Vj. Index der Tarifverdienste und Arbeitszeiten;JAHR;Jahr;2017;DINSGF;Früheres Bundesgebiet / Neue Länder;DN;Neue Länder;WZ08C7;WZ2008 (ausgewählte Positionen): Tarifindex;WZ08-05;Kohlenbergbau;95,7;2020=100;VST065;Index d.tarifl. Stundenverdienste ohne Sonderzahl.
62221;Vj. Index der Tarifverdienste und Arbeitszeiten;JAHR;Jahr;2025;DINSGF;Früheres Bundesgebiet / Neue Länder;DN;Neue Länder;WZ08C7;WZ2008 (ausgewählte Positionen): Tarifindex;WZ08-22;Herstellung von Gummi- und Kunststoffwaren;112,9;2020=100;VST072;Index d.tarifl. Stundenverdienste mit Sonderzahl.
62221;Vj. Index der Tarifverdienste und Arbeitszeiten;JAHR;Jahr;2025;DINSGF;Früheres Bundesgebiet / Neue Länder;DN;Neue Länder;WZ08C7;WZ2008 (ausgewählte Positionen): Tarifindex;WZ08-22;Herstellung von Gummi- und Kunststoffwaren;110,6;2020=100;VST073;Index d.tarifl. Monatsverdienste mit Sonderzahl.
62221;Vj. Index der Tarifverdienste und Arbeitszeiten;JAHR;Jahr;2025;DINSGF;Früheres Bundesgebiet / Neue Länder;DN;Neue Länder;WZ08C7;WZ2008 (ausgewählte Positionen): Tarifindex;WZ08-22;Herstellung von Gummi- und Kunststoffwaren;38,6;h;VST019;Durchschnittliche tarifliche Wochenarbeitszeit
62221;Vj. Index der Tarifverdienste und Arbeitszeiten;JAHR;Jahr;2025;DINSGF;Früheres Bundesgebiet / Neue Länder;DN;Neue Länder;WZ08C7;WZ2008 (ausgewählte Positionen): Tarifindex;WZ08-22;Herstellung von Gummi- und Kunststoffwaren;110,3;2020=100;VST066;Index d.tarifl. Monatsverdienste ohne Sonderzahl.
62221;Vj. Index der Tarifverdienste und Arbeitszeiten;JAHR;Jahr;2025;DINSGF;Früheres Bundesgebiet / Neue Länder;DN;Neue Länder;WZ08C7;WZ2008 (ausgewählte Positionen): Tarifindex;WZ08-22;Herstellung von Gummi- und Kunststoffwaren;98,1;2020=100;VST018;Index der tariflichen Wochenarbeitszeit
62221;Vj. Index der Tarifverdienste und Arbeitszeiten;JAHR;Jahr;2025;DINSGF;Früheres Bundesgebiet / Neue Länder;DN;Neue Länder;WZ08C7;WZ2008 (ausgewählte Positionen): Tarifindex;WZ08-22;Herstellung von Gummi- und Kunststoffwaren;112,4;2020=100;VST065;Index d.tarifl. Stundenverdienste ohne Sonderzahl.
62221;Vj. Index der Tarifverdienste und Arbeitszeiten;JAHR;Jahr;2022;DINSGF;Früheres Bundesgebiet / Neue Länder;DN;Neue Länder;WZ08C7;WZ2008 (ausgewählte Positionen): Tarifindex;WZ08-51;Luftfahrt;103,8;2020=100;VST072;Index d.tarifl. Stundenverdienste mit Sonderzahl.
62221;Vj. Index der Tarifverdienste und Arbeitszeiten;JAHR;Jahr;2022;DINSGF;Früheres Bundesgebiet / Neue Länder;DN;Neue Länder;WZ08C7;WZ2008 (ausgewählte Positionen): Tarifindex;WZ08-51;Luftfahrt;103,8;2020=100;VST073;Index d.tarifl. Monatsverdienste mit Sonderzahl.
62221;Vj. Index der Tarifverdienste und Arbeitszeiten;JAHR;Jahr;2022;DINSGF;Früheres Bundesgebiet / Neue Länder;DN;Neue Länder;WZ08C7;WZ2008 (ausgewählte Positionen): Tarifindex;WZ08-51;Luftfahrt;39,8;h;VST019;Durchschnittliche tarifliche Wochenarbeitszeit
62221;Vj. Index der Tarifverdienste und Arbeitszeiten;JAHR;Jahr;2022;DINSGF;Früheres Bundesgebiet / Neue Länder;DN;Neue Länder;WZ08C7;WZ2008 (ausgewählte Positionen): Tarifindex;WZ08-51;Luftfahrt;103,8;2020=100;VST066;Index d.tarifl. Monatsverdienste ohne Sonderzahl.
62221;Vj. Index der Tarifverdienste und Arbeitszeiten;JAHR;Jahr;2022;DINSGF;Früheres Bundesgebiet / Neue Länder;DN;Neue Länder;WZ08C7;WZ2008 (ausgewählte Positionen): Tarifindex;WZ08-51;Luftfahrt;100,0;2020=100;VST018;Index der tariflichen Wochenarbeitszeit
62221;Vj. Index der Tarifverdienste und Arbeitszeiten;JAHR;Jahr;2022;DINSGF;Früheres Bundesgebiet / Neue Länder;DN;Neue Länder;WZ08C7;WZ2008 (ausgewählte Positionen): Tarifindex;WZ08-51;Luftfahrt;103,8;2020=100;VST065;Index d.tarifl. Stundenverdienste ohne Sonderzahl.
62221;Vj. Index der Tarifverdienste und Arbeitszeiten;JAHR;Jahr;2025;DINSGF;Früheres Bundesgebiet / Neue Länder;DF;Früheres Bundesgebiet;WZ08C7;WZ2008 (ausgewählte Positionen): Tarifindex;WZ08-S;Erbringung von sonstigen Dienstleistungen;114,9;2020=100;VST072;Index d.tarifl. Stundenverdienste mit Sonderzahl.
62221;Vj. Index der Tarifverdienste und Arbeitszeiten;JAHR;Jahr;2025;DINSGF;Früheres Bundesgebiet / Neue Länder;DF;Früheres Bundesgebiet;WZ08C7;WZ2008 (ausgewählte Positionen): Tarifindex;WZ08-S;Erbringung von sonstigen Dienstleistungen;114,9;2020=100;VST073;Index d.tarifl. Monatsverdienste mit Sonderzahl.
62221;Vj. Index der Tarifverdienste und Arbeitszeiten;JAHR;Jahr;2025;DINSGF;Früheres Bundesgebiet / Neue Länder;DF;Früheres Bundesgebiet;WZ08C7;WZ2008 (ausgewählte Positionen): Tarifindex;WZ08-S;Erbringung von sonstigen Dienstleistungen;39,1;h;VST019;Durchschnittliche tarifliche Wochenarbeitszeit
62221;Vj. Index der Tarifverdienste und Arbeitszeiten;JAHR;Jahr;2025;DINSGF;Früheres Bundesgebiet / Neue Länder;DF;Früheres Bundesgebiet;WZ08C7;WZ2008 (ausgewählte Positionen): Tarifindex;WZ08-S;Erbringung von sonstigen Dienstleistungen;115,0;2020=100;VST066;Index d.tarifl. Monatsverdienste ohne Sonderzahl.
62221;Vj. Index der Tarifverdienste und Arbeitszeiten;JAHR;Jahr;2025;DINSGF;Früheres Bundesgebiet / Neue Länder;DF;Früheres Bundesgebiet;WZ08C7;WZ2008 (ausgewählte Positionen): Tarifindex;WZ08-S;Erbringung von sonstigen Dienstleistungen;100,0;2020=100;VST018;Index der tariflichen Wochenarbeitszeit
62221;Vj. Index der Tarifverdienste und Arbeitszeiten;JAHR;Jahr;2025;DINSGF;Früheres Bundesgebiet / Neue Länder;DF;Früheres Bundesgebiet;WZ08C7;WZ2008 (ausgewählte Positionen): Tarifindex;WZ08-S;Erbringung von sonstigen Dienstleistungen;115,0;2020=100;VST065;Index d.tarifl. Stundenverdienste ohne Sonderzahl.
62221;Vj. Index der Tarifverdienste und Arbeitszeiten;JAHR;Jahr;2017;DINSGF;Früheres Bundesgebiet / Neue Länder;DN;Neue Länder;WZ08C7;WZ2008 (ausgewählte Positionen): Tarifindex;WZ08-61;Telekommunikation;89,6;2020=100;VST072;Index d.tarifl. Stundenverdienste mit Sonderzahl.
62221;Vj. Index der Tarifverdienste und Arbeitszeiten;JAHR;Jahr;2017;DINSGF;Früheres Bundesgebiet / Neue Länder;DN;Neue Länder;WZ08C7;WZ2008 (ausgewählte Positionen): Tarifindex;WZ08-61;Telekommunikation;93,8;2020=100;VST073;Index d.tarifl. Monatsverdienste mit Sonderzahl.
62221;Vj. Index der Tarifverdienste und Arbeitszeiten;JAHR;Jahr;2017;DINSGF;Früheres Bundesgebiet / Neue Länder;DN;Neue Länder;WZ08C7;WZ2008 (ausgewählte Positionen): Tarifindex;WZ08-61;Telekommunikation;37,8;h;VST019;Durchschnittliche tarifliche Wochenarbeitszeit
62221;Vj. Index der Tarifverdienste und Arbeitszeiten;JAHR;Jahr;2017;DINSGF;Früheres Bundesgebiet / Neue Länder;DN;Neue Länder;WZ08C7;WZ2008 (ausgewählte Positionen): Tarifindex;WZ08-61;Telekommunikation;93,7;2020=100;VST066;Index d.tarifl. Monatsverdienste ohne Sonderzahl.
62221;Vj. Index der Tarifverdienste und Arbeitszeiten;JAHR;Jahr;2017;DINSGF;Früheres Bundesgebiet / Neue Länder;DN;Neue Länder;WZ08C7;WZ2008 (ausgewählte Positionen): Tarifindex;WZ08-61;Telekommunikation;104,5;2020=100;VST018;Index der tariflichen Wochenarbeitszeit
62221;Vj. Index der Tarifverdienste und Arbeitszeiten;JAHR;Jahr;2017;DINSGF;Früheres Bundesgebiet / Neue Länder;DN;Neue Länder;WZ08C7;WZ2008 (ausgewählte Positionen): Tarifindex;WZ08-61;Telekommunikation;89,5;2020=100;VST065;Index d.tarifl. Stundenverdienste ohne Sonderzahl.
62221;Vj. Index der Tarifverdienste und Arbeitszeiten;JAHR;Jahr;2023;DINSGF;Früheres Bundesgebiet / Neue Länder;DF;Früheres Bundesgebiet;WZ08C7;WZ2008 (ausgewählte Positionen): Tarifindex;WZ08-49;Landverkehr und Transport in Rohrfernleitungen;108,3;2020=100;VST072;Index d.tarifl. Stundenverdienste mit Sonderzahl.
62221;Vj. Index der Tarifverdienste und Arbeitszeiten;JAHR;Jahr;2023;DINSGF;Früheres Bundesgebiet / Neue Länder;DF;Früheres Bundesgebiet;WZ08C7;WZ2008 (ausgewählte Positionen): Tarifindex;WZ08-49;Landverkehr und Transport in Rohrfernleitungen;108,0;2020=100;VST073;Index d.tarifl. Monatsverdienste mit Sonderzahl.
62221;Vj. Index der Tarifverdienste und Arbeitszeiten;JAHR;Jahr;2023;DINSGF;Früheres Bundesgebiet / Neue Länder;DF;Früheres Bundesgebiet;WZ08C7;WZ2008 (ausgewählte Positionen): Tarifindex;WZ08-49;Landverkehr und Transport in Rohrfernleitungen;39,0;h;VST019;Durchschnittliche tarifliche Wochenarbeitszeit
62221;Vj. Index der Tarifverdienste und Arbeitszeiten;JAHR;Jahr;2023;DINSGF;Früheres Bundesgebiet / Neue Länder;DF;Früheres Bundesgebiet;WZ08C7;WZ2008 (ausgewählte Positionen): Tarifindex;WZ08-49;Landverkehr und Transport in Rohrfernleitungen;105,7;2020=100;VST066;Index d.tarifl. Monatsverdienste ohne Sonderzahl.
62221;Vj. Index der Tarifverdienste und Arbeitszeiten;JAHR;Jahr;2023;DINSGF;Früheres Bundesgebiet / Neue Länder;DF;Früheres Bundesgebiet;WZ08C7;WZ2008 (ausgewählte Positionen): Tarifindex;WZ08-49;Landverkehr und Transport in Rohrfernleitungen;99,8;2020=100;VST018;Index der tariflichen Wochenarbeitszeit
62221;Vj. Index der Tarifverdienste und Arbeitszeiten;JAHR;Jahr;2023;DINSGF;Früheres Bundesgebiet / Neue Länder;DF;Früheres Bundesgebiet;WZ08C7;WZ2008 (ausgewählte Positionen): Tarifindex;WZ08-49;Landverkehr und Transport in Rohrfernleitungen;106,0;2020=100;VST065;Index d.tarifl. Stundenverdienste ohne Sonderzahl.
62221;Vj. Index der Tarifverdienste und Arbeitszeiten;JAHR;Jahr;2025;DINSGF;Früheres Bundesgebiet / Neue Länder;DN;Neue Länder;WZ08C7;WZ2008 (ausgewählte Positionen): Tarifindex;WZ08-28;Maschinenbau;112,4;2020=100;VST072;Index d.tarifl. Stundenverdienste mit Sonderzahl.
62221;Vj. Index der Tarifverdienste und Arbeitszeiten;JAHR;Jahr;2025;DINSGF;Früheres Bundesgebiet / Neue Länder;DN;Neue Länder;WZ08C7;WZ2008 (ausgewählte Positionen): Tarifindex;WZ08-28;Maschinenbau;112,4;2020=100;VST073;Index d.tarifl. Monatsverdienste mit Sonderzahl.
62221;Vj. Index der Tarifverdienste und Arbeitszeiten;JAHR;Jahr;2025;DINSGF;Früheres Bundesgebiet / Neue Länder;DN;Neue Länder;WZ08C7;WZ2008 (ausgewählte Positionen): Tarifindex;WZ08-28;Maschinenbau;37,6;h;VST019;Durchschnittliche tarifliche Wochenarbeitszeit
62221;Vj. Index der Tarifverdienste und Arbeitszeiten;JAHR;Jahr;2025;DINSGF;Früheres Bundesgebiet / Neue Länder;DN;Neue Länder;WZ08C7;WZ2008 (ausgewählte Positionen): Tarifindex;WZ08-28;Maschinenbau;109,9;2020=100;VST066;Index d.tarifl. Monatsverdienste ohne Sonderzahl.
62221;Vj. Index der Tarifverdienste und Arbeitszeiten;JAHR;Jahr;2025;DINSGF;Früheres Bundesgebiet / Neue Länder;DN;Neue Länder;WZ08C7;WZ2008 (ausgewählte Positionen): Tarifindex;WZ08-28;Maschinenbau;100,0;2020=100;VST018;Index der tariflichen Wochenarbeitszeit
62221;Vj. Index der Tarifverdienste und Arbeitszeiten;JAHR;Jahr;2025;DINSGF;Früheres Bundesgebiet / Neue Länder;DN;Neue Länder;WZ08C7;WZ2008 (ausgewählte Positionen): Tarifindex;WZ08-28;Maschinenbau;109,9;2020=100;VST065;Index d.tarifl. Stundenverdienste ohne Sonderzahl.
62221;Vj. Index der Tarifverdienste und Arbeitszeiten;JAHR;Jahr;2025;DINSGF;Früheres Bundesgebiet / Neue Länder;DF;Früheres Bundesgebiet;WZ08C7;WZ2008 (ausgewählte Positionen): Tarifindex;WZ08-M;Freiberufliche, wiss. u. techn. Dienstleistungen;114,7;2020=100;VST072;Index d.tarifl. Stundenverdienste mit Sonderzahl.
62221;Vj. Index der Tarifverdienste und Arbeitszeiten;JAHR;Jahr;2025;DINSGF;Früheres Bundesgebiet / Neue Länder;DF;Früheres Bundesgebiet;WZ08C7;WZ2008 (ausgewählte Positionen): Tarifindex;WZ08-M;Freiberufliche, wiss. u. techn. Dienstleistungen;114,7;2020=100;VST073;Index d.tarifl. Monatsverdienste mit Sonderzahl.
62221;Vj. Index der Tarifverdienste und Arbeitszeiten;JAHR;Jahr;2025;DINSGF;Früheres Bundesgebiet / Neue Länder;DF;Früheres Bundesgebiet;WZ08C7;WZ2008 (ausgewählte Positionen): Tarifindex;WZ08-M;Freiberufliche, wiss. u. techn. Dienstleistungen;37,9;h;VST019;Durchschnittliche tarifliche Wochenarbeitszeit
62221;Vj. Index der Tarifverdienste und Arbeitszeiten;JAHR;Jahr;2025;DINSGF;Früheres Bundesgebiet / Neue Länder;DF;Früheres Bundesgebiet;WZ08C7;WZ2008 (ausgewählte Positionen): Tarifindex;WZ08-M;Freiberufliche, wiss. u. techn. Dienstleistungen;114,1;2020=100;VST066;Index d.tarifl. Monatsverdienste ohne Sonderzahl.
62221;Vj. Index der Tarifverdienste und Arbeitszeiten;JAHR;Jahr;2025;DINSGF;Früheres Bundesgebiet / Neue Länder;DF;Früheres Bundesgebiet;WZ08C7;WZ2008 (ausgewählte Positionen): Tarifindex;WZ08-M;Freiberufliche, wiss. u. techn. Dienstleistungen;100,0;2020=100;VST018;Index der tariflichen Wochenarbeitszeit
62221;Vj. Index der Tarifverdienste und Arbeitszeiten;JAHR;Jahr;2025;DINSGF;Früheres Bundesgebiet / Neue Länder;DF;Früheres Bundesgebiet;WZ08C7;WZ2008 (ausgewählte Positionen): Tarifindex;WZ08-M;Freiberufliche, wiss. u. techn. Dienstleistungen;114,1;2020=100;VST065;Index d.tarifl. Stundenverdienste ohne Sonderzahl.
62221;Vj. Index der Tarifverdienste und Arbeitszeiten;JAHR;Jahr;2019;DINSGF;Früheres Bundesgebiet / Neue Länder;DF;Früheres Bundesgebiet;WZ08C7;WZ2008 (ausgewählte Positionen): Tarifindex;WZ08-71;Architektur-,Ing.büros,techn.,physik.Untersuchung;98,8;2020=100;VST072;Index d.tarifl. Stundenverdienste mit Sonderzahl.
62221;Vj. Index der Tarifverdienste und Arbeitszeiten;JAHR;Jahr;2019;DINSGF;Früheres Bundesgebiet / Neue Länder;DF;Früheres Bundesgebiet;WZ08C7;WZ2008 (ausgewählte Positionen): Tarifindex;WZ08-71;Architektur-,Ing.büros,techn.,physik.Untersuchung;98,8;2020=100;VST073;Index d.tarifl. Monatsverdienste mit Sonderzahl.
62221;Vj. Index der Tarifverdienste und Arbeitszeiten;JAHR;Jahr;2019;DINSGF;Früheres Bundesgebiet / Neue Länder;DF;Früheres Bundesgebiet;WZ08C7;WZ2008 (ausgewählte Positionen): Tarifindex;WZ08-71;Architektur-,Ing.büros,techn.,physik.Untersuchung;37,1;h;VST019;Durchschnittliche tarifliche Wochenarbeitszeit
62221;Vj. Index der Tarifverdienste und Arbeitszeiten;JAHR;Jahr;2019;DINSGF;Früheres Bundesgebiet / Neue Länder;DF;Früheres Bundesgebiet;WZ08C7;WZ2008 (ausgewählte Positionen): Tarifindex;WZ08-71;Architektur-,Ing.büros,techn.,physik.Untersuchung;98,7;2020=100;VST066;Index d.tarifl. Monatsverdienste ohne Sonderzahl.
62221;Vj. Index der Tarifverdienste und Arbeitszeiten;JAHR;Jahr;2019;DINSGF;Früheres Bundesgebiet / Neue Länder;DF;Früheres Bundesgebiet;WZ08C7;WZ2008 (ausgewählte Positionen): Tarifindex;WZ08-71;Architektur-,Ing.büros,techn.,physik.Untersuchung;100,0;2020=100;VST018;Index der tariflichen Wochenarbeitszeit
62221;Vj. Index der Tarifverdienste und Arbeitszeiten;JAHR;Jahr;2019;DINSGF;Früheres Bundesgebiet / Neue Länder;DF;Früheres Bundesgebiet;WZ08C7;WZ2008 (ausgewählte Positionen): Tarifindex;WZ08-71;Architektur-,Ing.büros,techn.,physik.Untersuchung;98,7;2020=100;VST065;Index d.tarifl. Stundenverdienste ohne Sonderzahl.
62221;Vj. Index der Tarifverdienste und Arbeitszeiten;JAHR;Jahr;2021;DINSGF;Früheres Bundesgebiet / Neue Länder;DF;Früheres Bundesgebiet;WZ08C7;WZ2008 (ausgewählte Positionen): Tarifindex;WZ08-B-05;Produzierendes Gewerbe;101,3;2020=100;VST072;Index d.tarifl. Stundenverdienste mit Sonderzahl.
62221;Vj. Index der Tarifverdienste und Arbeitszeiten;JAHR;Jahr;2021;DINSGF;Früheres Bundesgebiet / Neue Länder;DF;Früheres Bundesgebiet;WZ08C7;WZ2008 (ausgewählte Positionen): Tarifindex;WZ08-B-05;Produzierendes Gewerbe;101,3;2020=100;VST073;Index d.tarifl. Monatsverdienste mit Sonderzahl.
62221;Vj. Index der Tarifverdienste und Arbeitszeiten;JAHR;Jahr;2021;DINSGF;Früheres Bundesgebiet / Neue Länder;DF;Früheres Bundesgebiet;WZ08C7;WZ2008 (ausgewählte Positionen): Tarifindex;WZ08-B-05;Produzierendes Gewerbe;36,7;h;VST019;Durchschnittliche tarifliche Wochenarbeitszeit
62221;Vj. Index der Tarifverdienste und Arbeitszeiten;JAHR;Jahr;2021;DINSGF;Früheres Bundesgebiet / Neue Länder;DF;Früheres Bundesgebiet;WZ08C7;WZ2008 (ausgewählte Positionen): Tarifindex;WZ08-B-05;Produzierendes Gewerbe;100,8;2020=100;VST066;Index d.tarifl. Monatsverdienste ohne Sonderzahl.
62221;Vj. Index der Tarifverdienste und Arbeitszeiten;JAHR;Jahr;2021;DINSGF;Früheres Bundesgebiet / Neue Länder;DF;Früheres Bundesgebiet;WZ08C7;WZ2008 (ausgewählte Positionen): Tarifindex;WZ08-B-05;Produzierendes Gewerbe;100,0;2020=100;VST018;Index der tariflichen Wochenarbeitszeit
62221;Vj. Index der Tarifverdienste und Arbeitszeiten;JAHR;Jahr;2021;DINSGF;Früheres Bundesgebiet / Neue Länder;DF;Früheres Bundesgebiet;WZ08C7;WZ2008 (ausgewählte Positionen): Tarifindex;WZ08-B-05;Produzierendes Gewerbe;100,8;2020=100;VST065;Index d.tarifl. Stundenverdienste ohne Sonderzahl.
62221;Vj. Index der Tarifverdienste und Arbeitszeiten;JAHR;Jahr;2020;DINSGF;Früheres Bundesgebiet / Neue Länder;DF;Früheres Bundesgebiet;WZ08C7;WZ2008 (ausgewählte Positionen): Tarifindex;WZ08-78;Vermittlung und Überlassung von Arbeitskräften;100,0;2020=100;VST072;Index d.tarifl. Stundenverdienste mit Sonderzahl.
62221;Vj. Index der Tarifverdienste und Arbeitszeiten;JAHR;Jahr;2020;DINSGF;Früheres Bundesgebiet / Neue Länder;DF;Früheres Bundesgebiet;WZ08C7;WZ2008 (ausgewählte Positionen): Tarifindex;WZ08-78;Vermittlung und Überlassung von Arbeitskräften;100,0;2020=100;VST073;Index d.tarifl. Monatsverdienste mit Sonderzahl.
62221;Vj. Index der Tarifverdienste und Arbeitszeiten;JAHR;Jahr;2020;DINSGF;Früheres Bundesgebiet / Neue Länder;DF;Früheres Bundesgebiet;WZ08C7;WZ2008 (ausgewählte Positionen): Tarifindex;WZ08-78;Vermittlung und Überlassung von Arbeitskräften;35,1;h;VST019;Durchschnittliche tarifliche Wochenarbeitszeit
62221;Vj. Index der Tarifverdienste und Arbeitszeiten;JAHR;Jahr;2020;DINSGF;Früheres Bundesgebiet / Neue Länder;DF;Früheres Bundesgebiet;WZ08C7;WZ2008 (ausgewählte Positionen): Tarifindex;WZ08-78;Vermittlung und Überlassung von Arbeitskräften;100,0;2020=100;VST066;Index d.tarifl. Monatsverdienste ohne Sonderzahl.
62221;Vj. Index der Tarifverdienste und Arbeitszeiten;JAHR;Jahr;2020;DINSGF;Früheres Bundesgebiet / Neue Länder;DF;Früheres Bundesgebiet;WZ08C7;WZ2008 (ausgewählte Positionen): Tarifindex;WZ08-78;Vermittlung und Überlassung von Arbeitskräften;100,0;2020=100;VST018;Index der tariflichen Wochenarbeitszeit
62221;Vj. Index der Tarifverdienste und Arbeitszeiten;JAHR;Jahr;2020;DINSGF;Früheres Bundesgebiet / Neue Länder;DF;Früheres Bundesgebiet;WZ08C7;WZ2008 (ausgewählte Positionen): Tarifindex;WZ08-78;Vermittlung und Überlassung von Arbeitskräften;100,0;2020=100;VST065;Index d.tarifl. Stundenverdienste ohne Sonderzahl.
62221;Vj. Index der Tarifverdienste und Arbeitszeiten;JAHR;Jahr;2016;DINSGF;Früheres Bundesgebiet / Neue Länder;DF;Früheres Bundesgebiet;WZ08C7;WZ2008 (ausgewählte Positionen): Tarifindex;WZ08-B-12;Prod. Gewerbe, Handel, Verkehr und Lagerei;90,7;2020=100;VST072;Index d.tarifl. Stundenverdienste mit Sonderzahl.
62221;Vj. Index der Tarifverdienste und Arbeitszeiten;JAHR;Jahr;2016;DINSGF;Früheres Bundesgebiet / Neue Länder;DF;Früheres Bundesgebiet;WZ08C7;WZ2008 (ausgewählte Positionen): Tarifindex;WZ08-B-12;Prod. Gewerbe, Handel, Verkehr und Lagerei;90,7;2020=100;VST073;Index d.tarifl. Monatsverdienste mit Sonderzahl.
62221;Vj. Index der Tarifverdienste und Arbeitszeiten;JAHR;Jahr;2016;DINSGF;Früheres Bundesgebiet / Neue Länder;DF;Früheres Bundesgebiet;WZ08C7;WZ2008 (ausgewählte Positionen): Tarifindex;WZ08-B-12;Prod. Gewerbe, Handel, Verkehr und Lagerei;37,1;h;VST019;Durchschnittliche tarifliche Wochenarbeitszeit
62221;Vj. Index der Tarifverdienste und Arbeitszeiten;JAHR;Jahr;2016;DINSGF;Früheres Bundesgebiet / Neue Länder;DF;Früheres Bundesgebiet;WZ08C7;WZ2008 (ausgewählte Positionen): Tarifindex;WZ08-B-12;Prod. Gewerbe, Handel, Verkehr und Lagerei;91,7;2020=100;VST066;Index d.tarifl. Monatsverdienste ohne Sonderzahl.
62221;Vj. Index der Tarifverdienste und Arbeitszeiten;JAHR;Jahr;2016;DINSGF;Früheres Bundesgebiet / Neue Länder;DF;Früheres Bundesgebiet;WZ08C7;WZ2008 (ausgewählte Positionen): Tarifindex;WZ08-B-12;Prod. Gewerbe, Handel, Verkehr und Lagerei;100,0;2020=100;VST018;Index der tariflichen Wochenarbeitszeit
62221;Vj. Index der Tarifverdienste und Arbeitszeiten;JAHR;Jahr;2016;DINSGF;Früheres Bundesgebiet / Neue Länder;DF;Früheres Bundesgebiet;WZ08C7;WZ2008 (ausgewählte Positionen): Tarifindex;WZ08-B-12;Prod. Gewerbe, Handel, Verkehr und Lagerei;91,7;2020=100;VST065;Index d.tarifl. Stundenverdienste ohne Sonderzahl.
62221;Vj. Index der Tarifverdienste und Arbeitszeiten;JAHR;Jahr;2020;DINSGF;Früheres Bundesgebiet / Neue Länder;DF;Früheres Bundesgebiet;WZ08C7;WZ2008 (ausgewählte Positionen): Tarifindex;WZ08-13-01;Textil- und Bekleidungsgewerbe;100,0;2020=100;VST072;Index d.tarifl. Stundenverdienste mit Sonderzahl.
62221;Vj. Index der Tarifverdienste und Arbeitszeiten;JAHR;Jahr;2020;DINSGF;Früheres Bundesgebiet / Neue Länder;DF;Früheres Bundesgebiet;WZ08C7;WZ2008 (ausgewählte Positionen): Tarifindex;WZ08-13-01;Textil- und Bekleidungsgewerbe;100,0;2020=100;VST073;Index d.tarifl. Monatsverdienste mit Sonderzahl.
62221;Vj. Index der Tarifverdienste und Arbeitszeiten;JAHR;Jahr;2020;DINSGF;Früheres Bundesgebiet / Neue Länder;DF;Früheres Bundesgebiet;WZ08C7;WZ2008 (ausgewählte Positionen): Tarifindex;WZ08-13-01;Textil- und Bekleidungsgewerbe;37,0;h;VST019;Durchschnittliche tarifliche Wochenarbeitszeit
62221;Vj. Index der Tarifverdienste und Arbeitszeiten;JAHR;Jahr;2020;DINSGF;Früheres Bundesgebiet / Neue Länder;DF;Früheres Bundesgebiet;WZ08C7;WZ2008 (ausgewählte Positionen): Tarifindex;WZ08-13-01;Textil- und Bekleidungsgewerbe;100,0;2020=100;VST066;Index d.tarifl. Monatsverdienste ohne Sonderzahl.
62221;Vj. Index der Tarifverdienste und Arbeitszeiten;JAHR;Jahr;2020;DINSGF;Früheres Bundesgebiet / Neue Länder;DF;Früheres Bundesgebiet;WZ08C7;WZ2008 (ausgewählte Positionen): Tarifindex;WZ08-13-01;Textil- und Bekleidungsgewerbe;100,0;2020=100;VST018;Index der tariflichen Wochenarbeitszeit
62221;Vj. Index der Tarifverdienste und Arbeitszeiten;JAHR;Jahr;2020;DINSGF;Früheres Bundesgebiet / Neue Länder;DF;Früheres Bundesgebiet;WZ08C7;WZ2008 (ausgewählte Positionen): Tarifindex;WZ08-13-01;Textil- und Bekleidungsgewerbe;100,0;2020=100;VST065;Index d.tarifl. Stundenverdienste ohne Sonderzahl.
62221;Vj. Index der Tarifverdienste und Arbeitszeiten;JAHR;Jahr;2023;DINSGF;Früheres Bundesgebiet / Neue Länder;DN;Neue Länder;WZ08C7;WZ2008 (ausgewählte Positionen): Tarifindex;WZ08-63;Informationsdienstleistungen;107,6;2020=100;VST072;Index d.tarifl. Stundenverdienste mit Sonderzahl.
62221;Vj. Index der Tarifverdienste und Arbeitszeiten;JAHR;Jahr;2023;DINSGF;Früheres Bundesgebiet / Neue Länder;DN;Neue Länder;WZ08C7;WZ2008 (ausgewählte Positionen): Tarifindex;WZ08-63;Informationsdienstleistungen;107,6;2020=100;VST073;Index d.tarifl. Monatsverdienste mit Sonderzahl.
62221;Vj. Index der Tarifverdienste und Arbeitszeiten;JAHR;Jahr;2023;DINSGF;Früheres Bundesgebiet / Neue Länder;DN;Neue Länder;WZ08C7;WZ2008 (ausgewählte Positionen): Tarifindex;WZ08-63;Informationsdienstleistungen;38,2;h;VST019;Durchschnittliche tarifliche Wochenarbeitszeit
62221;Vj. Index der Tarifverdienste und Arbeitszeiten;JAHR;Jahr;2023;DINSGF;Früheres Bundesgebiet / Neue Länder;DN;Neue Länder;WZ08C7;WZ2008 (ausgewählte Positionen): Tarifindex;WZ08-63;Informationsdienstleistungen;107,2;2020=100;VST066;Index d.tarifl. Monatsverdienste ohne Sonderzahl.
62221;Vj. Index der Tarifverdienste und Arbeitszeiten;JAHR;Jahr;2023;DINSGF;Früheres Bundesgebiet / Neue Länder;DN;Neue Länder;WZ08C7;WZ2008 (ausgewählte Positionen): Tarifindex;WZ08-63;Informationsdienstleistungen;100,0;2020=100;VST018;Index der tariflichen Wochenarbeitszeit
62221;Vj. Index der Tarifverdienste und Arbeitszeiten;JAHR;Jahr;2023;DINSGF;Früheres Bundesgebiet / Neue Länder;DN;Neue Länder;WZ08C7;WZ2008 (ausgewählte Positionen): Tarifindex;WZ08-63;Informationsdienstleistungen;107,2;2020=100;VST065;Index d.tarifl. Stundenverdienste ohne Sonderzahl.
62221;Vj. Index der Tarifverdienste und Arbeitszeiten;JAHR;Jahr;2020;DINSGF;Früheres Bundesgebiet / Neue Länder;DF;Früheres Bundesgebiet;WZ08C7;WZ2008 (ausgewählte Positionen): Tarifindex;WZ08-R;Kunst, Unterhaltung und Erholung;100,0;2020=100;VST072;Index d.tarifl. Stundenverdienste mit Sonderzahl.
62221;Vj. Index der Tarifverdienste und Arbeitszeiten;JAHR;Jahr;2020;DINSGF;Früheres Bundesgebiet / Neue Länder;DF;Früheres Bundesgebiet;WZ08C7;WZ2008 (ausgewählte Positionen): Tarifindex;WZ08-R;Kunst, Unterhaltung und Erholung;100,0;2020=100;VST073;Index d.tarifl. Monatsverdienste mit Sonderzahl.
62221;Vj. Index der Tarifverdienste und Arbeitszeiten;JAHR;Jahr;2020;DINSGF;Früheres Bundesgebiet / Neue Länder;DF;Früheres Bundesgebiet;WZ08C7;WZ2008 (ausgewählte Positionen): Tarifindex;WZ08-R;Kunst, Unterhaltung und Erholung;39,2;h;VST019;Durchschnittliche tarifliche Wochenarbeitszeit
62221;Vj. Index der Tarifverdienste und Arbeitszeiten;JAHR;Jahr;2020;DINSGF;Früheres Bundesgebiet / Neue Länder;DF;Früheres Bundesgebiet;WZ08C7;WZ2008 (ausgewählte Positionen): Tarifindex;WZ08-R;Kunst, Unterhaltung und Erholung;100,0;2020=100;VST066;Index d.tarifl. Monatsverdienste ohne Sonderzahl.
62221;Vj. Index der Tarifverdienste und Arbeitszeiten;JAHR;Jahr;2020;DINSGF;Früheres Bundesgebiet / Neue Länder;DF;Früheres Bundesgebiet;WZ08C7;WZ2008 (ausgewählte Positionen): Tarifindex;WZ08-R;Kunst, Unterhaltung und Erholung;100,0;2020=100;VST018;Index der tariflichen Wochenarbeitszeit
62221;Vj. Index der Tarifverdienste und Arbeitszeiten;JAHR;Jahr;2020;DINSGF;Früheres Bundesgebiet / Neue Länder;DF;Früheres Bundesgebiet;WZ08C7;WZ2008 (ausgewählte Positionen): Tarifindex;WZ08-R;Kunst, Unterhaltung und Erholung;100,0;2020=100;VST065;Index d.tarifl. Stundenverdienste ohne Sonderzahl.
62221;Vj. Index der Tarifverdienste und Arbeitszeiten;JAHR;Jahr;2025;DINSGF;Früheres Bundesgebiet / Neue Länder;DF;Früheres Bundesgebiet;WZ08C7;WZ2008 (ausgewählte Positionen): Tarifindex;WZ08-05;Kohlenbergbau;107,1;2020=100;VST072;Index d.tarifl. Stundenverdienste mit Sonderzahl.
62221;Vj. Index der Tarifverdienste und Arbeitszeiten;JAHR;Jahr;2025;DINSGF;Früheres Bundesgebiet / Neue Länder;DF;Früheres Bundesgebiet;WZ08C7;WZ2008 (ausgewählte Positionen): Tarifindex;WZ08-05;Kohlenbergbau;107,1;2020=100;VST073;Index d.tarifl. Monatsverdienste mit Sonderzahl.
62221;Vj. Index der Tarifverdienste und Arbeitszeiten;JAHR;Jahr;2025;DINSGF;Früheres Bundesgebiet / Neue Länder;DF;Früheres Bundesgebiet;WZ08C7;WZ2008 (ausgewählte Positionen): Tarifindex;WZ08-05;Kohlenbergbau;40,0;h;VST019;Durchschnittliche tarifliche Wochenarbeitszeit
62221;Vj. Index der Tarifverdienste und Arbeitszeiten;JAHR;Jahr;2025;DINSGF;Früheres Bundesgebiet / Neue Länder;DF;Früheres Bundesgebiet;WZ08C7;WZ2008 (ausgewählte Positionen): Tarifindex;WZ08-05;Kohlenbergbau;107,5;2020=100;VST066;Index d.tarifl. Monatsverdienste ohne Sonderzahl.
62221;Vj. Index der Tarifverdienste und Arbeitszeiten;JAHR;Jahr;2025;DINSGF;Früheres Bundesgebiet / Neue Länder;DF;Früheres Bundesgebiet;WZ08C7;WZ2008 (ausgewählte Positionen): Tarifindex;WZ08-05;Kohlenbergbau;100,0;2020=100;VST018;Index der tariflichen Wochenarbeitszeit
62221;Vj. Index der Tarifverdienste und Arbeitszeiten;JAHR;Jahr;2025;DINSGF;Früheres Bundesgebiet / Neue Länder;DF;Früheres Bundesgebiet;WZ08C7;WZ2008 (ausgewählte Positionen): Tarifindex;WZ08-05;Kohlenbergbau;107,5;2020=100;VST065;Index d.tarifl. Stundenverdienste ohne Sonderzahl.
62221;Vj. Index der Tarifverdienste und Arbeitszeiten;JAHR;Jahr;2022;DINSGF;Früheres Bundesgebiet / Neue Länder;DF;Früheres Bundesgebiet;WZ08C7;WZ2008 (ausgewählte Positionen): Tarifindex;WZ08-31-01;Möbelherstellung, Installation von Maschinen;103,0;2020=100;VST072;Index d.tarifl. Stundenverdienste mit Sonderzahl.
62221;Vj. Index der Tarifverdienste und Arbeitszeiten;JAHR;Jahr;2022;DINSGF;Früheres Bundesgebiet / Neue Länder;DF;Früheres Bundesgebiet;WZ08C7;WZ2008 (ausgewählte Positionen): Tarifindex;WZ08-31-01;Möbelherstellung, Installation von Maschinen;103,0;2020=100;VST073;Index d.tarifl. Monatsverdienste mit Sonderzahl.
62221;Vj. Index der Tarifverdienste und Arbeitszeiten;JAHR;Jahr;2022;DINSGF;Früheres Bundesgebiet / Neue Länder;DF;Früheres Bundesgebiet;WZ08C7;WZ2008 (ausgewählte Positionen): Tarifindex;WZ08-31-01;Möbelherstellung, Installation von Maschinen;36,5;h;VST019;Durchschnittliche tarifliche Wochenarbeitszeit
62221;Vj. Index der Tarifverdienste und Arbeitszeiten;JAHR;Jahr;2022;DINSGF;Früheres Bundesgebiet / Neue Länder;DF;Früheres Bundesgebiet;WZ08C7;WZ2008 (ausgewählte Positionen): Tarifindex;WZ08-31-01;Möbelherstellung, Installation von Maschinen;101,7;2020=100;VST066;Index d.tarifl. Monatsverdienste ohne Sonderzahl.
62221;Vj. Index der Tarifverdienste und Arbeitszeiten;JAHR;Jahr;2022;DINSGF;Früheres Bundesgebiet / Neue Länder;DF;Früheres Bundesgebiet;WZ08C7;WZ2008 (ausgewählte Positionen): Tarifindex;WZ08-31-01;Möbelherstellung, Installation von Maschinen;100,0;2020=100;VST018;Index der tariflichen Wochenarbeitszeit
62221;Vj. Index der Tarifverdienste und Arbeitszeiten;JAHR;Jahr;2022;DINSGF;Früheres Bundesgebiet / Neue Länder;DF;Früheres Bundesgebiet;WZ08C7;WZ2008 (ausgewählte Positionen): Tarifindex;WZ08-31-01;Möbelherstellung, Installation von Maschinen;101,7;2020=100;VST065;Index d.tarifl. Stundenverdienste ohne Sonderzahl.
62221;Vj. Index der Tarifverdienste und Arbeitszeiten;JAHR;Jahr;2018;DINSGF;Früheres Bundesgebiet / Neue Länder;DF;Früheres Bundesgebiet;WZ08C7;WZ2008 (ausgewählte Positionen): Tarifindex;WZ08-06;Gewinnung von Erdöl und Erdgas;95,8;2020=100;VST072;Index d.tarifl. Stundenverdienste mit Sonderzahl.
62221;Vj. Index der Tarifverdienste und Arbeitszeiten;JAHR;Jahr;2018;DINSGF;Früheres Bundesgebiet / Neue Länder;DF;Früheres Bundesgebiet;WZ08C7;WZ2008 (ausgewählte Positionen): Tarifindex;WZ08-06;Gewinnung von Erdöl und Erdgas;95,8;2020=100;VST073;Index d.tarifl. Monatsverdienste mit Sonderzahl.
62221;Vj. Index der Tarifverdienste und Arbeitszeiten;JAHR;Jahr;2018;DINSGF;Früheres Bundesgebiet / Neue Länder;DF;Früheres Bundesgebiet;WZ08C7;WZ2008 (ausgewählte Positionen): Tarifindex;WZ08-06;Gewinnung von Erdöl und Erdgas;37,8;h;VST019;Durchschnittliche tarifliche Wochenarbeitszeit
62221;Vj. Index der Tarifverdienste und Arbeitszeiten;JAHR;Jahr;2018;DINSGF;Früheres Bundesgebiet / Neue Länder;DF;Früheres Bundesgebiet;WZ08C7;WZ2008 (ausgewählte Positionen): Tarifindex;WZ08-06;Gewinnung von Erdöl und Erdgas;95,6;2020=100;VST066;Index d.tarifl. Monatsverdienste ohne Sonderzahl.
62221;Vj. Index der Tarifverdienste und Arbeitszeiten;JAHR;Jahr;2018;DINSGF;Früheres Bundesgebiet / Neue Länder;DF;Früheres Bundesgebiet;WZ08C7;WZ2008 (ausgewählte Positionen): Tarifindex;WZ08-06;Gewinnung von Erdöl und Erdgas;100,0;2020=100;VST018;Index der tariflichen Wochenarbeitszeit
62221;Vj. Index der Tarifverdienste und Arbeitszeiten;JAHR;Jahr;2018;DINSGF;Früheres Bundesgebiet / Neue Länder;DF;Früheres Bundesgebiet;WZ08C7;WZ2008 (ausgewählte Positionen): Tarifindex;WZ08-06;Gewinnung von Erdöl und Erdgas;95,6;2020=100;VST065;Index d.tarifl. Stundenverdienste ohne Sonderzahl.
62221;Vj. Index der Tarifverdienste und Arbeitszeiten;JAHR;Jahr;2025;DINSGF;Früheres Bundesgebiet / Neue Länder;DF;Früheres Bundesgebiet;WZ08C7;WZ2008 (ausgewählte Positionen): Tarifindex;WZ08-14;Herstellung von Bekleidung;114,8;2020=100;VST072;Index d.tarifl. Stundenverdienste mit Sonderzahl.
62221;Vj. Index der Tarifverdienste und Arbeitszeiten;JAHR;Jahr;2025;DINSGF;Früheres Bundesgebiet / Neue Länder;DF;Früheres Bundesgebiet;WZ08C7;WZ2008 (ausgewählte Positionen): Tarifindex;WZ08-14;Herstellung von Bekleidung;114,8;2020=100;VST073;Index d.tarifl. Monatsverdienste mit Sonderzahl.
62221;Vj. Index der Tarifverdienste und Arbeitszeiten;JAHR;Jahr;2025;DINSGF;Früheres Bundesgebiet / Neue Länder;DF;Früheres Bundesgebiet;WZ08C7;WZ2008 (ausgewählte Positionen): Tarifindex;WZ08-14;Herstellung von Bekleidung;37,0;h;VST019;Durchschnittliche tarifliche Wochenarbeitszeit
62221;Vj. Index der Tarifverdienste und Arbeitszeiten;JAHR;Jahr;2025;DINSGF;Früheres Bundesgebiet / Neue Länder;DF;Früheres Bundesgebiet;WZ08C7;WZ2008 (ausgewählte Positionen): Tarifindex;WZ08-14;Herstellung von Bekleidung;114,2;2020=100;VST066;Index d.tarifl. Monatsverdienste ohne Sonderzahl.
62221;Vj. Index der Tarifverdienste und Arbeitszeiten;JAHR;Jahr;2025;DINSGF;Früheres Bundesgebiet / Neue Länder;DF;Früheres Bundesgebiet;WZ08C7;WZ2008 (ausgewählte Positionen): Tarifindex;WZ08-14;Herstellung von Bekleidung;100,0;2020=100;VST018;Index der tariflichen Wochenarbeitszeit
62221;Vj. Index der Tarifverdienste und Arbeitszeiten;JAHR;Jahr;2025;DINSGF;Früheres Bundesgebiet / Neue Länder;DF;Früheres Bundesgebiet;WZ08C7;WZ2008 (ausgewählte Positionen): Tarifindex;WZ08-14;Herstellung von Bekleidung;114,2;2020=100;VST065;Index d.tarifl. Stundenverdienste ohne Sonderzahl.
62221;Vj. Index der Tarifverdienste und Arbeitszeiten;JAHR;Jahr;2024;DINSGF;Früheres Bundesgebiet / Neue Länder;DF;Früheres Bundesgebiet;WZ08C7;WZ2008 (ausgewählte Positionen): Tarifindex;WZ08-64;Erbringung von Finanzdienstleistungen;108,9;2020=100;VST072;Index d.tarifl. Stundenverdienste mit Sonderzahl.
62221;Vj. Index der Tarifverdienste und Arbeitszeiten;JAHR;Jahr;2024;DINSGF;Früheres Bundesgebiet / Neue Länder;DF;Früheres Bundesgebiet;WZ08C7;WZ2008 (ausgewählte Positionen): Tarifindex;WZ08-64;Erbringung von Finanzdienstleistungen;108,9;2020=100;VST073;Index d.tarifl. Monatsverdienste mit Sonderzahl.
62221;Vj. Index der Tarifverdienste und Arbeitszeiten;JAHR;Jahr;2024;DINSGF;Früheres Bundesgebiet / Neue Länder;DF;Früheres Bundesgebiet;WZ08C7;WZ2008 (ausgewählte Positionen): Tarifindex;WZ08-64;Erbringung von Finanzdienstleistungen;39,0;h;VST019;Durchschnittliche tarifliche Wochenarbeitszeit
62221;Vj. Index der Tarifverdienste und Arbeitszeiten;JAHR;Jahr;2024;DINSGF;Früheres Bundesgebiet / Neue Länder;DF;Früheres Bundesgebiet;WZ08C7;WZ2008 (ausgewählte Positionen): Tarifindex;WZ08-64;Erbringung von Finanzdienstleistungen;109,0;2020=100;VST066;Index d.tarifl. Monatsverdienste ohne Sonderzahl.
62221;Vj. Index der Tarifverdienste und Arbeitszeiten;JAHR;Jahr;2024;DINSGF;Früheres Bundesgebiet / Neue Länder;DF;Früheres Bundesgebiet;WZ08C7;WZ2008 (ausgewählte Positionen): Tarifindex;WZ08-64;Erbringung von Finanzdienstleistungen;100,0;2020=100;VST018;Index der tariflichen Wochenarbeitszeit
62221;Vj. Index der Tarifverdienste und Arbeitszeiten;JAHR;Jahr;2024;DINSGF;Früheres Bundesgebiet / Neue Länder;DF;Früheres Bundesgebiet;WZ08C7;WZ2008 (ausgewählte Positionen): Tarifindex;WZ08-64;Erbringung von Finanzdienstleistungen;109,0;2020=100;VST065;Index d.tarifl. Stundenverdienste ohne Sonderzahl.
62221;Vj. Index der Tarifverdienste und Arbeitszeiten;JAHR;Jahr;2021;DINSGF;Früheres Bundesgebiet / Neue Länder;DN;Neue Länder;WZ08C7;WZ2008 (ausgewählte Positionen): Tarifindex;WZ08-D;Energieversorgung;102,5;2020=100;VST072;Index d.tarifl. Stundenverdienste mit Sonderzahl.
62221;Vj. Index der Tarifverdienste und Arbeitszeiten;JAHR;Jahr;2021;DINSGF;Früheres Bundesgebiet / Neue Länder;DN;Neue Länder;WZ08C7;WZ2008 (ausgewählte Positionen): Tarifindex;WZ08-D;Energieversorgung;102,4;2020=100;VST073;Index d.tarifl. Monatsverdienste mit Sonderzahl.
62221;Vj. Index der Tarifverdienste und Arbeitszeiten;JAHR;Jahr;2021;DINSGF;Früheres Bundesgebiet / Neue Länder;DN;Neue Länder;WZ08C7;WZ2008 (ausgewählte Positionen): Tarifindex;WZ08-D;Energieversorgung;38,1;h;VST019;Durchschnittliche tarifliche Wochenarbeitszeit
62221;Vj. Index der Tarifverdienste und Arbeitszeiten;JAHR;Jahr;2021;DINSGF;Früheres Bundesgebiet / Neue Länder;DN;Neue Länder;WZ08C7;WZ2008 (ausgewählte Positionen): Tarifindex;WZ08-D;Energieversorgung;102,3;2020=100;VST066;Index d.tarifl. Monatsverdienste ohne Sonderzahl.
62221;Vj. Index der Tarifverdienste und Arbeitszeiten;JAHR;Jahr;2021;DINSGF;Früheres Bundesgebiet / Neue Länder;DN;Neue Länder;WZ08C7;WZ2008 (ausgewählte Positionen): Tarifindex;WZ08-D;Energieversorgung;100,0;2020=100;VST018;Index der tariflichen Wochenarbeitszeit
62221;Vj. Index der Tarifverdienste und Arbeitszeiten;JAHR;Jahr;2021;DINSGF;Früheres Bundesgebiet / Neue Länder;DN;Neue Länder;WZ08C7;WZ2008 (ausgewählte Positionen): Tarifindex;WZ08-D;Energieversorgung;102,4;2020=100;VST065;Index d.tarifl. Stundenverdienste ohne Sonderzahl.
62221;Vj. Index der Tarifverdienste und Arbeitszeiten;JAHR;Jahr;2022;DINSGF;Früheres Bundesgebiet / Neue Länder;DN;Neue Länder;WZ08C7;WZ2008 (ausgewählte Positionen): Tarifindex;WZ08-69-02;Rechts- und Steuerberatung, Unternehmensberatung;105,2;2020=100;VST072;Index d.tarifl. Stundenverdienste mit Sonderzahl.
62221;Vj. Index der Tarifverdienste und Arbeitszeiten;JAHR;Jahr;2022;DINSGF;Früheres Bundesgebiet / Neue Länder;DN;Neue Länder;WZ08C7;WZ2008 (ausgewählte Positionen): Tarifindex;WZ08-69-02;Rechts- und Steuerberatung, Unternehmensberatung;105,1;2020=100;VST073;Index d.tarifl. Monatsverdienste mit Sonderzahl.
62221;Vj. Index der Tarifverdienste und Arbeitszeiten;JAHR;Jahr;2022;DINSGF;Früheres Bundesgebiet / Neue Länder;DN;Neue Länder;WZ08C7;WZ2008 (ausgewählte Positionen): Tarifindex;WZ08-69-02;Rechts- und Steuerberatung, Unternehmensberatung;38,3;h;VST019;Durchschnittliche tarifliche Wochenarbeitszeit
62221;Vj. Index der Tarifverdienste und Arbeitszeiten;JAHR;Jahr;2022;DINSGF;Früheres Bundesgebiet / Neue Länder;DN;Neue Länder;WZ08C7;WZ2008 (ausgewählte Positionen): Tarifindex;WZ08-69-02;Rechts- und Steuerberatung, Unternehmensberatung;104,5;2020=100;VST066;Index d.tarifl. Monatsverdienste ohne Sonderzahl.
62221;Vj. Index der Tarifverdienste und Arbeitszeiten;JAHR;Jahr;2022;DINSGF;Früheres Bundesgebiet / Neue Länder;DN;Neue Länder;WZ08C7;WZ2008 (ausgewählte Positionen): Tarifindex;WZ08-69-02;Rechts- und Steuerberatung, Unternehmensberatung;99,9;2020=100;VST018;Index der tariflichen Wochenarbeitszeit
62221;Vj. Index der Tarifverdienste und Arbeitszeiten;JAHR;Jahr;2022;DINSGF;Früheres Bundesgebiet / Neue Länder;DN;Neue Länder;WZ08C7;WZ2008 (ausgewählte Positionen): Tarifindex;WZ08-69-02;Rechts- und Steuerberatung, Unternehmensberatung;104,6;2020=100;VST065;Index d.tarifl. Stundenverdienste ohne Sonderzahl.
62221;Vj. Index der Tarifverdienste und Arbeitszeiten;JAHR;Jahr;2020;DINSGF;Früheres Bundesgebiet / Neue Länder;DF;Früheres Bundesgebiet;WZ08C7;WZ2008 (ausgewählte Positionen): Tarifindex;WZ08-81;Gebäudebetreuung, Garten- und Landschaftsbau;100,0;2020=100;VST072;Index d.tarifl. Stundenverdienste mit Sonderzahl.
62221;Vj. Index der Tarifverdienste und Arbeitszeiten;JAHR;Jahr;2020;DINSGF;Früheres Bundesgebiet / Neue Länder;DF;Früheres Bundesgebiet;WZ08C7;WZ2008 (ausgewählte Positionen): Tarifindex;WZ08-81;Gebäudebetreuung, Garten- und Landschaftsbau;100,0;2020=100;VST073;Index d.tarifl. Monatsverdienste mit Sonderzahl.
62221;Vj. Index der Tarifverdienste und Arbeitszeiten;JAHR;Jahr;2020;DINSGF;Früheres Bundesgebiet / Neue Länder;DF;Früheres Bundesgebiet;WZ08C7;WZ2008 (ausgewählte Positionen): Tarifindex;WZ08-81;Gebäudebetreuung, Garten- und Landschaftsbau;39,0;h;VST019;Durchschnittliche tarifliche Wochenarbeitszeit
62221;Vj. Index der Tarifverdienste und Arbeitszeiten;JAHR;Jahr;2020;DINSGF;Früheres Bundesgebiet / Neue Länder;DF;Früheres Bundesgebiet;WZ08C7;WZ2008 (ausgewählte Positionen): Tarifindex;WZ08-81;Gebäudebetreuung, Garten- und Landschaftsbau;100,0;2020=100;VST066;Index d.tarifl. Monatsverdienste ohne Sonderzahl.
62221;Vj. Index der Tarifverdienste und Arbeitszeiten;JAHR;Jahr;2020;DINSGF;Früheres Bundesgebiet / Neue Länder;DF;Früheres Bundesgebiet;WZ08C7;WZ2008 (ausgewählte Positionen): Tarifindex;WZ08-81;Gebäudebetreuung, Garten- und Landschaftsbau;100,0;2020=100;VST018;Index der tariflichen Wochenarbeitszeit
62221;Vj. Index der Tarifverdienste und Arbeitszeiten;JAHR;Jahr;2020;DINSGF;Früheres Bundesgebiet / Neue Länder;DF;Früheres Bundesgebiet;WZ08C7;WZ2008 (ausgewählte Positionen): Tarifindex;WZ08-81;Gebäudebetreuung, Garten- und Landschaftsbau;100,0;2020=100;VST065;Index d.tarifl. Stundenverdienste ohne Sonderzahl.
62221;Vj. Index der Tarifverdienste und Arbeitszeiten;JAHR;Jahr;2021;DINSGF;Früheres Bundesgebiet / Neue Länder;DN;Neue Länder;WZ08C7;WZ2008 (ausgewählte Positionen): Tarifindex;WZ08-92;Spiel-, Wett- und Lotteriewesen;101,5;2020=100;VST072;Index d.tarifl. Stundenverdienste mit Sonderzahl.
62221;Vj. Index der Tarifverdienste und Arbeitszeiten;JAHR;Jahr;2021;DINSGF;Früheres Bundesgebiet / Neue Länder;DN;Neue Länder;WZ08C7;WZ2008 (ausgewählte Positionen): Tarifindex;WZ08-92;Spiel-, Wett- und Lotteriewesen;101,5;2020=100;VST073;Index d.tarifl. Monatsverdienste mit Sonderzahl.
62221;Vj. Index der Tarifverdienste und Arbeitszeiten;JAHR;Jahr;2021;DINSGF;Früheres Bundesgebiet / Neue Länder;DN;Neue Länder;WZ08C7;WZ2008 (ausgewählte Positionen): Tarifindex;WZ08-92;Spiel-, Wett- und Lotteriewesen;39,3;h;VST019;Durchschnittliche tarifliche Wochenarbeitszeit
62221;Vj. Index der Tarifverdienste und Arbeitszeiten;JAHR;Jahr;2021;DINSGF;Früheres Bundesgebiet / Neue Länder;DN;Neue Länder;WZ08C7;WZ2008 (ausgewählte Positionen): Tarifindex;WZ08-92;Spiel-, Wett- und Lotteriewesen;101,6;2020=100;VST066;Index d.tarifl. Monatsverdienste ohne Sonderzahl.
62221;Vj. Index der Tarifverdienste und Arbeitszeiten;JAHR;Jahr;2021;DINSGF;Früheres Bundesgebiet / Neue Länder;DN;Neue Länder;WZ08C7;WZ2008 (ausgewählte Positionen): Tarifindex;WZ08-92;Spiel-, Wett- und Lotteriewesen;100,0;2020=100;VST018;Index der tariflichen Wochenarbeitszeit
62221;Vj. Index der Tarifverdienste und Arbeitszeiten;JAHR;Jahr;2021;DINSGF;Früheres Bundesgebiet / Neue Länder;DN;Neue Länder;WZ08C7;WZ2008 (ausgewählte Positionen): Tarifindex;WZ08-92;Spiel-, Wett- und Lotteriewesen;101,6;2020=100;VST065;Index d.tarifl. Stundenverdienste ohne Sonderzahl.
62221;Vj. Index der Tarifverdienste und Arbeitszeiten;JAHR;Jahr;2019;DINSGF;Früheres Bundesgebiet / Neue Länder;DN;Neue Länder;WZ08C7;WZ2008 (ausgewählte Positionen): Tarifindex;WZ08-82;Dienstleistungen für Unternehmen u.Privatpers. ang;98,0;2020=100;VST072;Index d.tarifl. Stundenverdienste mit Sonderzahl.
62221;Vj. Index der Tarifverdienste und Arbeitszeiten;JAHR;Jahr;2019;DINSGF;Früheres Bundesgebiet / Neue Länder;DN;Neue Länder;WZ08C7;WZ2008 (ausgewählte Positionen): Tarifindex;WZ08-82;Dienstleistungen für Unternehmen u.Privatpers. ang;97,9;2020=100;VST073;Index d.tarifl. Monatsverdienste mit Sonderzahl.
62221;Vj. Index der Tarifverdienste und Arbeitszeiten;JAHR;Jahr;2019;DINSGF;Früheres Bundesgebiet / Neue Länder;DN;Neue Länder;WZ08C7;WZ2008 (ausgewählte Positionen): Tarifindex;WZ08-82;Dienstleistungen für Unternehmen u.Privatpers. ang;39,1;h;VST019;Durchschnittliche tarifliche Wochenarbeitszeit
62221;Vj. Index der Tarifverdienste und Arbeitszeiten;JAHR;Jahr;2019;DINSGF;Früheres Bundesgebiet / Neue Länder;DN;Neue Länder;WZ08C7;WZ2008 (ausgewählte Positionen): Tarifindex;WZ08-82;Dienstleistungen für Unternehmen u.Privatpers. ang;97,8;2020=100;VST066;Index d.tarifl. Monatsverdienste ohne Sonderzahl.
62221;Vj. Index der Tarifverdienste und Arbeitszeiten;JAHR;Jahr;2019;DINSGF;Früheres Bundesgebiet / Neue Länder;DN;Neue Länder;WZ08C7;WZ2008 (ausgewählte Positionen): Tarifindex;WZ08-82;Dienstleistungen für Unternehmen u.Privatpers. ang;100,0;2020=100;VST018;Index der tariflichen Wochenarbeitszeit
62221;Vj. Index der Tarifverdienste und Arbeitszeiten;JAHR;Jahr;2019;DINSGF;Früheres Bundesgebiet / Neue Länder;DN;Neue Länder;WZ08C7;WZ2008 (ausgewählte Positionen): Tarifindex;WZ08-82;Dienstleistungen für Unternehmen u.Privatpers. ang;97,8;2020=100;VST065;Index d.tarifl. Stundenverdienste ohne Sonderzahl.
62221;Vj. Index der Tarifverdienste und Arbeitszeiten;JAHR;Jahr;2024;DINSGF;Früheres Bundesgebiet / Neue Länder;DF;Früheres Bundesgebiet;WZ08C7;WZ2008 (ausgewählte Positionen): Tarifindex;WZ08-D;Energieversorgung;114,0;2020=100;VST072;Index d.tarifl. Stundenverdienste mit Sonderzahl.
62221;Vj. Index der Tarifverdienste und Arbeitszeiten;JAHR;Jahr;2024;DINSGF;Früheres Bundesgebiet / Neue Länder;DF;Früheres Bundesgebiet;WZ08C7;WZ2008 (ausgewählte Positionen): Tarifindex;WZ08-D;Energieversorgung;114,1;2020=100;VST073;Index d.tarifl. Monatsverdienste mit Sonderzahl.
62221;Vj. Index der Tarifverdienste und Arbeitszeiten;JAHR;Jahr;2024;DINSGF;Früheres Bundesgebiet / Neue Länder;DF;Früheres Bundesgebiet;WZ08C7;WZ2008 (ausgewählte Positionen): Tarifindex;WZ08-D;Energieversorgung;38,2;h;VST019;Durchschnittliche tarifliche Wochenarbeitszeit
62221;Vj. Index der Tarifverdienste und Arbeitszeiten;JAHR;Jahr;2024;DINSGF;Früheres Bundesgebiet / Neue Länder;DF;Früheres Bundesgebiet;WZ08C7;WZ2008 (ausgewählte Positionen): Tarifindex;WZ08-D;Energieversorgung;113,0;2020=100;VST066;Index d.tarifl. Monatsverdienste ohne Sonderzahl.
62221;Vj. Index der Tarifverdienste und Arbeitszeiten;JAHR;Jahr;2024;DINSGF;Früheres Bundesgebiet / Neue Länder;DF;Früheres Bundesgebiet;WZ08C7;WZ2008 (ausgewählte Positionen): Tarifindex;WZ08-D;Energieversorgung;100,1;2020=100;VST018;Index der tariflichen Wochenarbeitszeit
62221;Vj. Index der Tarifverdienste und Arbeitszeiten;JAHR;Jahr;2024;DINSGF;Früheres Bundesgebiet / Neue Länder;DF;Früheres Bundesgebiet;WZ08C7;WZ2008 (ausgewählte Positionen): Tarifindex;WZ08-D;Energieversorgung;112,9;2020=100;VST065;Index d.tarifl. Stundenverdienste ohne Sonderzahl.
62221;Vj. Index der Tarifverdienste und Arbeitszeiten;JAHR;Jahr;2020;DINSGF;Früheres Bundesgebiet / Neue Länder;DF;Früheres Bundesgebiet;WZ08C7;WZ2008 (ausgewählte Positionen): Tarifindex;WZ08-19;Kokerei und Mineralölverarbeitung;100,0;2020=100;VST072;Index d.tarifl. Stundenverdienste mit Sonderzahl.
62221;Vj. Index der Tarifverdienste und Arbeitszeiten;JAHR;Jahr;2020;DINSGF;Früheres Bundesgebiet / Neue Länder;DF;Früheres Bundesgebiet;WZ08C7;WZ2008 (ausgewählte Positionen): Tarifindex;WZ08-19;Kokerei und Mineralölverarbeitung;100,0;2020=100;VST073;Index d.tarifl. Monatsverdienste mit Sonderzahl.
62221;Vj. Index der Tarifverdienste und Arbeitszeiten;JAHR;Jahr;2020;DINSGF;Früheres Bundesgebiet / Neue Länder;DF;Früheres Bundesgebiet;WZ08C7;WZ2008 (ausgewählte Positionen): Tarifindex;WZ08-19;Kokerei und Mineralölverarbeitung;37,4;h;VST019;Durchschnittliche tarifliche Wochenarbeitszeit
62221;Vj. Index der Tarifverdienste und Arbeitszeiten;JAHR;Jahr;2020;DINSGF;Früheres Bundesgebiet / Neue Länder;DF;Früheres Bundesgebiet;WZ08C7;WZ2008 (ausgewählte Positionen): Tarifindex;WZ08-19;Kokerei und Mineralölverarbeitung;100,0;2020=100;VST066;Index d.tarifl. Monatsverdienste ohne Sonderzahl.
62221;Vj. Index der Tarifverdienste und Arbeitszeiten;JAHR;Jahr;2020;DINSGF;Früheres Bundesgebiet / Neue Länder;DF;Früheres Bundesgebiet;WZ08C7;WZ2008 (ausgewählte Positionen): Tarifindex;WZ08-19;Kokerei und Mineralölverarbeitung;100,0;2020=100;VST018;Index der tariflichen Wochenarbeitszeit
62221;Vj. Index der Tarifverdienste und Arbeitszeiten;JAHR;Jahr;2020;DINSGF;Früheres Bundesgebiet / Neue Länder;DF;Früheres Bundesgebiet;WZ08C7;WZ2008 (ausgewählte Positionen): Tarifindex;WZ08-19;Kokerei und Mineralölverarbeitung;100,0;2020=100;VST065;Index d.tarifl. Stundenverdienste ohne Sonderzahl.
62221;Vj. Index der Tarifverdienste und Arbeitszeiten;JAHR;Jahr;2016;DINSGF;Früheres Bundesgebiet / Neue Länder;DF;Früheres Bundesgebiet;WZ08C7;WZ2008 (ausgewählte Positionen): Tarifindex;WZ08-G-02;Dienstleistungsbereich;90,0;2020=100;VST072;Index d.tarifl. Stundenverdienste mit Sonderzahl.
62221;Vj. Index der Tarifverdienste und Arbeitszeiten;JAHR;Jahr;2016;DINSGF;Früheres Bundesgebiet / Neue Länder;DF;Früheres Bundesgebiet;WZ08C7;WZ2008 (ausgewählte Positionen): Tarifindex;WZ08-G-02;Dienstleistungsbereich;90,0;2020=100;VST073;Index d.tarifl. Monatsverdienste mit Sonderzahl.
62221;Vj. Index der Tarifverdienste und Arbeitszeiten;JAHR;Jahr;2016;DINSGF;Früheres Bundesgebiet / Neue Länder;DF;Früheres Bundesgebiet;WZ08C7;WZ2008 (ausgewählte Positionen): Tarifindex;WZ08-G-02;Dienstleistungsbereich;39,0;h;VST019;Durchschnittliche tarifliche Wochenarbeitszeit
62221;Vj. Index der Tarifverdienste und Arbeitszeiten;JAHR;Jahr;2016;DINSGF;Früheres Bundesgebiet / Neue Länder;DF;Früheres Bundesgebiet;WZ08C7;WZ2008 (ausgewählte Positionen): Tarifindex;WZ08-G-02;Dienstleistungsbereich;89,6;2020=100;VST066;Index d.tarifl. Monatsverdienste ohne Sonderzahl.
62221;Vj. Index der Tarifverdienste und Arbeitszeiten;JAHR;Jahr;2016;DINSGF;Früheres Bundesgebiet / Neue Länder;DF;Früheres Bundesgebiet;WZ08C7;WZ2008 (ausgewählte Positionen): Tarifindex;WZ08-G-02;Dienstleistungsbereich;100,0;2020=100;VST018;Index der tariflichen Wochenarbeitszeit
62221;Vj. Index der Tarifverdienste und Arbeitszeiten;JAHR;Jahr;2016;DINSGF;Früheres Bundesgebiet / Neue Länder;DF;Früheres Bundesgebiet;WZ08C7;WZ2008 (ausgewählte Positionen): Tarifindex;WZ08-G-02;Dienstleistungsbereich;89,6;2020=100;VST065;Index d.tarifl. Stundenverdienste ohne Sonderzahl.
62221;Vj. Index der Tarifverdienste und Arbeitszeiten;JAHR;Jahr;2019;DINSGF;Früheres Bundesgebiet / Neue Länder;DN;Neue Länder;WZ08C7;WZ2008 (ausgewählte Positionen): Tarifindex;WZ08-88;Sozialwesen (ohne Heime);97,0;2020=100;VST072;Index d.tarifl. Stundenverdienste mit Sonderzahl.
62221;Vj. Index der Tarifverdienste und Arbeitszeiten;JAHR;Jahr;2019;DINSGF;Früheres Bundesgebiet / Neue Länder;DN;Neue Länder;WZ08C7;WZ2008 (ausgewählte Positionen): Tarifindex;WZ08-88;Sozialwesen (ohne Heime);97,4;2020=100;VST073;Index d.tarifl. Monatsverdienste mit Sonderzahl.
62221;Vj. Index der Tarifverdienste und Arbeitszeiten;JAHR;Jahr;2019;DINSGF;Früheres Bundesgebiet / Neue Länder;DN;Neue Länder;WZ08C7;WZ2008 (ausgewählte Positionen): Tarifindex;WZ08-88;Sozialwesen (ohne Heime);39,4;h;VST019;Durchschnittliche tarifliche Wochenarbeitszeit
62221;Vj. Index der Tarifverdienste und Arbeitszeiten;JAHR;Jahr;2019;DINSGF;Früheres Bundesgebiet / Neue Länder;DN;Neue Länder;WZ08C7;WZ2008 (ausgewählte Positionen): Tarifindex;WZ08-88;Sozialwesen (ohne Heime);97,6;2020=100;VST066;Index d.tarifl. Monatsverdienste ohne Sonderzahl.
62221;Vj. Index der Tarifverdienste und Arbeitszeiten;JAHR;Jahr;2019;DINSGF;Früheres Bundesgebiet / Neue Länder;DN;Neue Länder;WZ08C7;WZ2008 (ausgewählte Positionen): Tarifindex;WZ08-88;Sozialwesen (ohne Heime);100,5;2020=100;VST018;Index der tariflichen Wochenarbeitszeit
62221;Vj. Index der Tarifverdienste und Arbeitszeiten;JAHR;Jahr;2019;DINSGF;Früheres Bundesgebiet / Neue Länder;DN;Neue Länder;WZ08C7;WZ2008 (ausgewählte Positionen): Tarifindex;WZ08-88;Sozialwesen (ohne Heime);97,2;2020=100;VST065;Index d.tarifl. Stundenverdienste ohne Sonderzahl.
62221;Vj. Index der Tarifverdienste und Arbeitszeiten;JAHR;Jahr;2018;DINSGF;Früheres Bundesgebiet / Neue Länder;DF;Früheres Bundesgebiet;WZ08C7;WZ2008 (ausgewählte Positionen): Tarifindex;WZ08-69-02;Rechts- und Steuerberatung, Unternehmensberatung;95,7;2020=100;VST072;Index d.tarifl. Stundenverdienste mit Sonderzahl.
62221;Vj. Index der Tarifverdienste und Arbeitszeiten;JAHR;Jahr;2018;DINSGF;Früheres Bundesgebiet / Neue Länder;DF;Früheres Bundesgebiet;WZ08C7;WZ2008 (ausgewählte Positionen): Tarifindex;WZ08-69-02;Rechts- und Steuerberatung, Unternehmensberatung;95,7;2020=100;VST073;Index d.tarifl. Monatsverdienste mit Sonderzahl.
62221;Vj. Index der Tarifverdienste und Arbeitszeiten;JAHR;Jahr;2018;DINSGF;Früheres Bundesgebiet / Neue Länder;DF;Früheres Bundesgebiet;WZ08C7;WZ2008 (ausgewählte Positionen): Tarifindex;WZ08-69-02;Rechts- und Steuerberatung, Unternehmensberatung;37,5;h;VST019;Durchschnittliche tarifliche Wochenarbeitszeit
62221;Vj. Index der Tarifverdienste und Arbeitszeiten;JAHR;Jahr;2018;DINSGF;Früheres Bundesgebiet / Neue Länder;DF;Früheres Bundesgebiet;WZ08C7;WZ2008 (ausgewählte Positionen): Tarifindex;WZ08-69-02;Rechts- und Steuerberatung, Unternehmensberatung;96,2;2020=100;VST066;Index d.tarifl. Monatsverdienste ohne Sonderzahl.
62221;Vj. Index der Tarifverdienste und Arbeitszeiten;JAHR;Jahr;2018;DINSGF;Früheres Bundesgebiet / Neue Länder;DF;Früheres Bundesgebiet;WZ08C7;WZ2008 (ausgewählte Positionen): Tarifindex;WZ08-69-02;Rechts- und Steuerberatung, Unternehmensberatung;100,0;2020=100;VST018;Index der tariflichen Wochenarbeitszeit
62221;Vj. Index der Tarifverdienste und Arbeitszeiten;JAHR;Jahr;2018;DINSGF;Früheres Bundesgebiet / Neue Länder;DF;Früheres Bundesgebiet;WZ08C7;WZ2008 (ausgewählte Positionen): Tarifindex;WZ08-69-02;Rechts- und Steuerberatung, Unternehmensberatung;96,2;2020=100;VST065;Index d.tarifl. Stundenverdienste ohne Sonderzahl.
62221;Vj. Index der Tarifverdienste und Arbeitszeiten;JAHR;Jahr;2020;DINSGF;Früheres Bundesgebiet / Neue Länder;DF;Früheres Bundesgebiet;WZ08C7;WZ2008 (ausgewählte Positionen): Tarifindex;WZ08-22;Herstellung von Gummi- und Kunststoffwaren;100,0;2020=100;VST072;Index d.tarifl. Stundenverdienste mit Sonderzahl.
62221;Vj. Index der Tarifverdienste und Arbeitszeiten;JAHR;Jahr;2020;DINSGF;Früheres Bundesgebiet / Neue Länder;DF;Früheres Bundesgebiet;WZ08C7;WZ2008 (ausgewählte Positionen): Tarifindex;WZ08-22;Herstellung von Gummi- und Kunststoffwaren;100,0;2020=100;VST073;Index d.tarifl. Monatsverdienste mit Sonderzahl.
62221;Vj. Index der Tarifverdienste und Arbeitszeiten;JAHR;Jahr;2020;DINSGF;Früheres Bundesgebiet / Neue Länder;DF;Früheres Bundesgebiet;WZ08C7;WZ2008 (ausgewählte Positionen): Tarifindex;WZ08-22;Herstellung von Gummi- und Kunststoffwaren;36,9;h;VST019;Durchschnittliche tarifliche Wochenarbeitszeit
62221;Vj. Index der Tarifverdienste und Arbeitszeiten;JAHR;Jahr;2020;DINSGF;Früheres Bundesgebiet / Neue Länder;DF;Früheres Bundesgebiet;WZ08C7;WZ2008 (ausgewählte Positionen): Tarifindex;WZ08-22;Herstellung von Gummi- und Kunststoffwaren;100,0;2020=100;VST066;Index d.tarifl. Monatsverdienste ohne Sonderzahl.
62221;Vj. Index der Tarifverdienste und Arbeitszeiten;JAHR;Jahr;2020;DINSGF;Früheres Bundesgebiet / Neue Länder;DF;Früheres Bundesgebiet;WZ08C7;WZ2008 (ausgewählte Positionen): Tarifindex;WZ08-22;Herstellung von Gummi- und Kunststoffwaren;100,0;2020=100;VST018;Index der tariflichen Wochenarbeitszeit
62221;Vj. Index der Tarifverdienste und Arbeitszeiten;JAHR;Jahr;2020;DINSGF;Früheres Bundesgebiet / Neue Länder;DF;Früheres Bundesgebiet;WZ08C7;WZ2008 (ausgewählte Positionen): Tarifindex;WZ08-22;Herstellung von Gummi- und Kunststoffwaren;100,0;2020=100;VST065;Index d.tarifl. Stundenverdienste ohne Sonderzahl.
62221;Vj. Index der Tarifverdienste und Arbeitszeiten;JAHR;Jahr;2019;DINSGF;Früheres Bundesgebiet / Neue Länder;DN;Neue Länder;WZ08C7;WZ2008 (ausgewählte Positionen): Tarifindex;WZ08-91;Bibliotheken, Archive, Museen, bot. u. zoo. Gärten;97,5;2020=100;VST072;Index d.tarifl. Stundenverdienste mit Sonderzahl.
62221;Vj. Index der Tarifverdienste und Arbeitszeiten;JAHR;Jahr;2019;DINSGF;Früheres Bundesgebiet / Neue Länder;DN;Neue Länder;WZ08C7;WZ2008 (ausgewählte Positionen): Tarifindex;WZ08-91;Bibliotheken, Archive, Museen, bot. u. zoo. Gärten;97,5;2020=100;VST073;Index d.tarifl. Monatsverdienste mit Sonderzahl.
62221;Vj. Index der Tarifverdienste und Arbeitszeiten;JAHR;Jahr;2019;DINSGF;Früheres Bundesgebiet / Neue Länder;DN;Neue Länder;WZ08C7;WZ2008 (ausgewählte Positionen): Tarifindex;WZ08-91;Bibliotheken, Archive, Museen, bot. u. zoo. Gärten;39,1;h;VST019;Durchschnittliche tarifliche Wochenarbeitszeit
62221;Vj. Index der Tarifverdienste und Arbeitszeiten;JAHR;Jahr;2019;DINSGF;Früheres Bundesgebiet / Neue Länder;DN;Neue Länder;WZ08C7;WZ2008 (ausgewählte Positionen): Tarifindex;WZ08-91;Bibliotheken, Archive, Museen, bot. u. zoo. Gärten;97,0;2020=100;VST066;Index d.tarifl. Monatsverdienste ohne Sonderzahl.
62221;Vj. Index der Tarifverdienste und Arbeitszeiten;JAHR;Jahr;2019;DINSGF;Früheres Bundesgebiet / Neue Länder;DN;Neue Länder;WZ08C7;WZ2008 (ausgewählte Positionen): Tarifindex;WZ08-91;Bibliotheken, Archive, Museen, bot. u. zoo. Gärten;100,0;2020=100;VST018;Index der tariflichen Wochenarbeitszeit
62221;Vj. Index der Tarifverdienste und Arbeitszeiten;JAHR;Jahr;2019;DINSGF;Früheres Bundesgebiet / Neue Länder;DN;Neue Länder;WZ08C7;WZ2008 (ausgewählte Positionen): Tarifindex;WZ08-91;Bibliotheken, Archive, Museen, bot. u. zoo. Gärten;97,0;2020=100;VST065;Index d.tarifl. Stundenverdienste ohne Sonderzahl.
62221;Vj. Index der Tarifverdienste und Arbeitszeiten;JAHR;Jahr;2021;DINSGF;Früheres Bundesgebiet / Neue Länder;DN;Neue Länder;WZ08C7;WZ2008 (ausgewählte Positionen): Tarifindex;WZ08-P;Erziehung und Unterricht;101,1;2020=100;VST072;Index d.tarifl. Stundenverdienste mit Sonderzahl.
62221;Vj. Index der Tarifverdienste und Arbeitszeiten;JAHR;Jahr;2021;DINSGF;Früheres Bundesgebiet / Neue Länder;DN;Neue Länder;WZ08C7;WZ2008 (ausgewählte Positionen): Tarifindex;WZ08-P;Erziehung und Unterricht;101,1;2020=100;VST073;Index d.tarifl. Monatsverdienste mit Sonderzahl.
62221;Vj. Index der Tarifverdienste und Arbeitszeiten;JAHR;Jahr;2021;DINSGF;Früheres Bundesgebiet / Neue Länder;DN;Neue Länder;WZ08C7;WZ2008 (ausgewählte Positionen): Tarifindex;WZ08-P;Erziehung und Unterricht;39,7;h;VST019;Durchschnittliche tarifliche Wochenarbeitszeit
62221;Vj. Index der Tarifverdienste und Arbeitszeiten;JAHR;Jahr;2021;DINSGF;Früheres Bundesgebiet / Neue Länder;DN;Neue Länder;WZ08C7;WZ2008 (ausgewählte Positionen): Tarifindex;WZ08-P;Erziehung und Unterricht;101,3;2020=100;VST066;Index d.tarifl. Monatsverdienste ohne Sonderzahl.
62221;Vj. Index der Tarifverdienste und Arbeitszeiten;JAHR;Jahr;2021;DINSGF;Früheres Bundesgebiet / Neue Länder;DN;Neue Länder;WZ08C7;WZ2008 (ausgewählte Positionen): Tarifindex;WZ08-P;Erziehung und Unterricht;100,0;2020=100;VST018;Index der tariflichen Wochenarbeitszeit
62221;Vj. Index der Tarifverdienste und Arbeitszeiten;JAHR;Jahr;2021;DINSGF;Früheres Bundesgebiet / Neue Länder;DN;Neue Länder;WZ08C7;WZ2008 (ausgewählte Positionen): Tarifindex;WZ08-P;Erziehung und Unterricht;101,3;2020=100;VST065;Index d.tarifl. Stundenverdienste ohne Sonderzahl.
62221;Vj. Index der Tarifverdienste und Arbeitszeiten;JAHR;Jahr;2016;DINSGF;Früheres Bundesgebiet / Neue Länder;DN;Neue Länder;WZ08C7;WZ2008 (ausgewählte Positionen): Tarifindex;WZ08-64;Erbringung von Finanzdienstleistungen;91,9;2020=100;VST072;Index d.tarifl. Stundenverdienste mit Sonderzahl.
62221;Vj. Index der Tarifverdienste und Arbeitszeiten;JAHR;Jahr;2016;DINSGF;Früheres Bundesgebiet / Neue Länder;DN;Neue Länder;WZ08C7;WZ2008 (ausgewählte Positionen): Tarifindex;WZ08-64;Erbringung von Finanzdienstleistungen;91,9;2020=100;VST073;Index d.tarifl. Monatsverdienste mit Sonderzahl.
62221;Vj. Index der Tarifverdienste und Arbeitszeiten;JAHR;Jahr;2016;DINSGF;Früheres Bundesgebiet / Neue Länder;DN;Neue Länder;WZ08C7;WZ2008 (ausgewählte Positionen): Tarifindex;WZ08-64;Erbringung von Finanzdienstleistungen;39,0;h;VST019;Durchschnittliche tarifliche Wochenarbeitszeit
62221;Vj. Index der Tarifverdienste und Arbeitszeiten;JAHR;Jahr;2016;DINSGF;Früheres Bundesgebiet / Neue Länder;DN;Neue Länder;WZ08C7;WZ2008 (ausgewählte Positionen): Tarifindex;WZ08-64;Erbringung von Finanzdienstleistungen;91,4;2020=100;VST066;Index d.tarifl. Monatsverdienste ohne Sonderzahl.
62221;Vj. Index der Tarifverdienste und Arbeitszeiten;JAHR;Jahr;2016;DINSGF;Früheres Bundesgebiet / Neue Länder;DN;Neue Länder;WZ08C7;WZ2008 (ausgewählte Positionen): Tarifindex;WZ08-64;Erbringung von Finanzdienstleistungen;100,0;2020=100;VST018;Index der tariflichen Wochenarbeitszeit
62221;Vj. Index der Tarifverdienste und Arbeitszeiten;JAHR;Jahr;2016;DINSGF;Früheres Bundesgebiet / Neue Länder;DN;Neue Länder;WZ08C7;WZ2008 (ausgewählte Positionen): Tarifindex;WZ08-64;Erbringung von Finanzdienstleistungen;91,4;2020=100;VST065;Index d.tarifl. Stundenverdienste ohne Sonderzahl.
62221;Vj. Index der Tarifverdienste und Arbeitszeiten;JAHR;Jahr;2019;DINSGF;Früheres Bundesgebiet / Neue Länder;DF;Früheres Bundesgebiet;WZ08C7;WZ2008 (ausgewählte Positionen): Tarifindex;WZ08-80;Wach- und Sicherheitsdienste sowie Detekteien;95,8;2020=100;VST072;Index d.tarifl. Stundenverdienste mit Sonderzahl.
62221;Vj. Index der Tarifverdienste und Arbeitszeiten;JAHR;Jahr;2019;DINSGF;Früheres Bundesgebiet / Neue Länder;DF;Früheres Bundesgebiet;WZ08C7;WZ2008 (ausgewählte Positionen): Tarifindex;WZ08-80;Wach- und Sicherheitsdienste sowie Detekteien;95,8;2020=100;VST073;Index d.tarifl. Monatsverdienste mit Sonderzahl.
62221;Vj. Index der Tarifverdienste und Arbeitszeiten;JAHR;Jahr;2019;DINSGF;Früheres Bundesgebiet / Neue Länder;DF;Früheres Bundesgebiet;WZ08C7;WZ2008 (ausgewählte Positionen): Tarifindex;WZ08-80;Wach- und Sicherheitsdienste sowie Detekteien;40,0;h;VST019;Durchschnittliche tarifliche Wochenarbeitszeit
62221;Vj. Index der Tarifverdienste und Arbeitszeiten;JAHR;Jahr;2019;DINSGF;Früheres Bundesgebiet / Neue Länder;DF;Früheres Bundesgebiet;WZ08C7;WZ2008 (ausgewählte Positionen): Tarifindex;WZ08-80;Wach- und Sicherheitsdienste sowie Detekteien;95,8;2020=100;VST066;Index d.tarifl. Monatsverdienste ohne Sonderzahl.
62221;Vj. Index der Tarifverdienste und Arbeitszeiten;JAHR;Jahr;2019;DINSGF;Früheres Bundesgebiet / Neue Länder;DF;Früheres Bundesgebiet;WZ08C7;WZ2008 (ausgewählte Positionen): Tarifindex;WZ08-80;Wach- und Sicherheitsdienste sowie Detekteien;100,0;2020=100;VST018;Index der tariflichen Wochenarbeitszeit
62221;Vj. Index der Tarifverdienste und Arbeitszeiten;JAHR;Jahr;2019;DINSGF;Früheres Bundesgebiet / Neue Länder;DF;Früheres Bundesgebiet;WZ08C7;WZ2008 (ausgewählte Positionen): Tarifindex;WZ08-80;Wach- und Sicherheitsdienste sowie Detekteien;95,8;2020=100;VST065;Index d.tarifl. Stundenverdienste ohne Sonderzahl.
62221;Vj. Index der Tarifverdienste und Arbeitszeiten;JAHR;Jahr;2016;DINSGF;Früheres Bundesgebiet / Neue Länder;DN;Neue Länder;WZ08C7;WZ2008 (ausgewählte Positionen): Tarifindex;WZ08-493;Sonstige Personenbeförderung im Landverkehr;88,2;2020=100;VST072;Index d.tarifl. Stundenverdienste mit Sonderzahl.
62221;Vj. Index der Tarifverdienste und Arbeitszeiten;JAHR;Jahr;2016;DINSGF;Früheres Bundesgebiet / Neue Länder;DN;Neue Länder;WZ08C7;WZ2008 (ausgewählte Positionen): Tarifindex;WZ08-493;Sonstige Personenbeförderung im Landverkehr;89,2;2020=100;VST073;Index d.tarifl. Monatsverdienste mit Sonderzahl.
62221;Vj. Index der Tarifverdienste und Arbeitszeiten;JAHR;Jahr;2016;DINSGF;Früheres Bundesgebiet / Neue Länder;DN;Neue Länder;WZ08C7;WZ2008 (ausgewählte Positionen): Tarifindex;WZ08-493;Sonstige Personenbeförderung im Landverkehr;39,6;h;VST019;Durchschnittliche tarifliche Wochenarbeitszeit
62221;Vj. Index der Tarifverdienste und Arbeitszeiten;JAHR;Jahr;2016;DINSGF;Früheres Bundesgebiet / Neue Länder;DN;Neue Länder;WZ08C7;WZ2008 (ausgewählte Positionen): Tarifindex;WZ08-493;Sonstige Personenbeförderung im Landverkehr;90,1;2020=100;VST066;Index d.tarifl. Monatsverdienste ohne Sonderzahl.
62221;Vj. Index der Tarifverdienste und Arbeitszeiten;JAHR;Jahr;2016;DINSGF;Früheres Bundesgebiet / Neue Länder;DN;Neue Länder;WZ08C7;WZ2008 (ausgewählte Positionen): Tarifindex;WZ08-493;Sonstige Personenbeförderung im Landverkehr;101,1;2020=100;VST018;Index der tariflichen Wochenarbeitszeit
62221;Vj. Index der Tarifverdienste und Arbeitszeiten;JAHR;Jahr;2016;DINSGF;Früheres Bundesgebiet / Neue Länder;DN;Neue Länder;WZ08C7;WZ2008 (ausgewählte Positionen): Tarifindex;WZ08-493;Sonstige Personenbeförderung im Landverkehr;89,1;2020=100;VST065;Index d.tarifl. Stundenverdienste ohne Sonderzahl.
62221;Vj. Index der Tarifverdienste und Arbeitszeiten;JAHR;Jahr;2019;DINSGF;Früheres Bundesgebiet / Neue Länder;DN;Neue Länder;WZ08C7;WZ2008 (ausgewählte Positionen): Tarifindex;WZ08-79;Reisebüros, -veranstalter u. sonst. Reservierungen;98,4;2020=100;VST072;Index d.tarifl. Stundenverdienste mit Sonderzahl.
62221;Vj. Index der Tarifverdienste und Arbeitszeiten;JAHR;Jahr;2019;DINSGF;Früheres Bundesgebiet / Neue Länder;DN;Neue Länder;WZ08C7;WZ2008 (ausgewählte Positionen): Tarifindex;WZ08-79;Reisebüros, -veranstalter u. sonst. Reservierungen;98,4;2020=100;VST073;Index d.tarifl. Monatsverdienste mit Sonderzahl.
62221;Vj. Index der Tarifverdienste und Arbeitszeiten;JAHR;Jahr;2019;DINSGF;Früheres Bundesgebiet / Neue Länder;DN;Neue Länder;WZ08C7;WZ2008 (ausgewählte Positionen): Tarifindex;WZ08-79;Reisebüros, -veranstalter u. sonst. Reservierungen;38,9;h;VST019;Durchschnittliche tarifliche Wochenarbeitszeit
62221;Vj. Index der Tarifverdienste und Arbeitszeiten;JAHR;Jahr;2019;DINSGF;Früheres Bundesgebiet / Neue Länder;DN;Neue Länder;WZ08C7;WZ2008 (ausgewählte Positionen): Tarifindex;WZ08-79;Reisebüros, -veranstalter u. sonst. Reservierungen;98,7;2020=100;VST066;Index d.tarifl. Monatsverdienste ohne Sonderzahl.
62221;Vj. Index der Tarifverdienste und Arbeitszeiten;JAHR;Jahr;2019;DINSGF;Früheres Bundesgebiet / Neue Länder;DN;Neue Länder;WZ08C7;WZ2008 (ausgewählte Positionen): Tarifindex;WZ08-79;Reisebüros, -veranstalter u. sonst. Reservierungen;100,0;2020=100;VST018;Index der tariflichen Wochenarbeitszeit
62221;Vj. Index der Tarifverdienste und Arbeitszeiten;JAHR;Jahr;2019;DINSGF;Früheres Bundesgebiet / Neue Länder;DN;Neue Länder;WZ08C7;WZ2008 (ausgewählte Positionen): Tarifindex;WZ08-79;Reisebüros, -veranstalter u. sonst. Reservierungen;98,7;2020=100;VST065;Index d.tarifl. Stundenverdienste ohne Sonderzahl.
62221;Vj. Index der Tarifverdienste und Arbeitszeiten;JAHR;Jahr;2020;DINSGF;Früheres Bundesgebiet / Neue Länder;DF;Früheres Bundesgebiet;WZ08C7;WZ2008 (ausgewählte Positionen): Tarifindex;WZ08-63;Informationsdienstleistungen;100,0;2020=100;VST072;Index d.tarifl. Stundenverdienste mit Sonderzahl.
62221;Vj. Index der Tarifverdienste und Arbeitszeiten;JAHR;Jahr;2020;DINSGF;Früheres Bundesgebiet / Neue Länder;DF;Früheres Bundesgebiet;WZ08C7;WZ2008 (ausgewählte Positionen): Tarifindex;WZ08-63;Informationsdienstleistungen;100,0;2020=100;VST073;Index d.tarifl. Monatsverdienste mit Sonderzahl.
62221;Vj. Index der Tarifverdienste und Arbeitszeiten;JAHR;Jahr;2020;DINSGF;Früheres Bundesgebiet / Neue Länder;DF;Früheres Bundesgebiet;WZ08C7;WZ2008 (ausgewählte Positionen): Tarifindex;WZ08-63;Informationsdienstleistungen;38,4;h;VST019;Durchschnittliche tarifliche Wochenarbeitszeit
62221;Vj. Index der Tarifverdienste und Arbeitszeiten;JAHR;Jahr;2020;DINSGF;Früheres Bundesgebiet / Neue Länder;DF;Früheres Bundesgebiet;WZ08C7;WZ2008 (ausgewählte Positionen): Tarifindex;WZ08-63;Informationsdienstleistungen;100,0;2020=100;VST066;Index d.tarifl. Monatsverdienste ohne Sonderzahl.
62221;Vj. Index der Tarifverdienste und Arbeitszeiten;JAHR;Jahr;2020;DINSGF;Früheres Bundesgebiet / Neue Länder;DF;Früheres Bundesgebiet;WZ08C7;WZ2008 (ausgewählte Positionen): Tarifindex;WZ08-63;Informationsdienstleistungen;100,0;2020=100;VST018;Index der tariflichen Wochenarbeitszeit
62221;Vj. Index der Tarifverdienste und Arbeitszeiten;JAHR;Jahr;2020;DINSGF;Früheres Bundesgebiet / Neue Länder;DF;Früheres Bundesgebiet;WZ08C7;WZ2008 (ausgewählte Positionen): Tarifindex;WZ08-63;Informationsdienstleistungen;100,0;2020=100;VST065;Index d.tarifl. Stundenverdienste ohne Sonderzahl.
62221;Vj. Index der Tarifverdienste und Arbeitszeiten;JAHR;Jahr;2017;DINSGF;Früheres Bundesgebiet / Neue Länder;DN;Neue Länder;WZ08C7;WZ2008 (ausgewählte Positionen): Tarifindex;WZ08-14;Herstellung von Bekleidung;-;2020=100;VST072;Index d.tarifl. Stundenverdienste mit Sonderzahl.
62221;Vj. Index der Tarifverdienste und Arbeitszeiten;JAHR;Jahr;2017;DINSGF;Früheres Bundesgebiet / Neue Länder;DN;Neue Länder;WZ08C7;WZ2008 (ausgewählte Positionen): Tarifindex;WZ08-14;Herstellung von Bekleidung;-;2020=100;VST073;Index d.tarifl. Monatsverdienste mit Sonderzahl.
62221;Vj. Index der Tarifverdienste und Arbeitszeiten;JAHR;Jahr;2017;DINSGF;Früheres Bundesgebiet / Neue Länder;DN;Neue Länder;WZ08C7;WZ2008 (ausgewählte Positionen): Tarifindex;WZ08-14;Herstellung von Bekleidung;-;h;VST019;Durchschnittliche tarifliche Wochenarbeitszeit
62221;Vj. Index der Tarifverdienste und Arbeitszeiten;JAHR;Jahr;2017;DINSGF;Früheres Bundesgebiet / Neue Länder;DN;Neue Länder;WZ08C7;WZ2008 (ausgewählte Positionen): Tarifindex;WZ08-14;Herstellung von Bekleidung;-;2020=100;VST066;Index d.tarifl. Monatsverdienste ohne Sonderzahl.
62221;Vj. Index der Tarifverdienste und Arbeitszeiten;JAHR;Jahr;2017;DINSGF;Früheres Bundesgebiet / Neue Länder;DN;Neue Länder;WZ08C7;WZ2008 (ausgewählte Positionen): Tarifindex;WZ08-14;Herstellung von Bekleidung;-;2020=100;VST018;Index der tariflichen Wochenarbeitszeit
62221;Vj. Index der Tarifverdienste und Arbeitszeiten;JAHR;Jahr;2017;DINSGF;Früheres Bundesgebiet / Neue Länder;DN;Neue Länder;WZ08C7;WZ2008 (ausgewählte Positionen): Tarifindex;WZ08-14;Herstellung von Bekleidung;-;2020=100;VST065;Index d.tarifl. Stundenverdienste ohne Sonderzahl.
62221;Vj. Index der Tarifverdienste und Arbeitszeiten;JAHR;Jahr;2022;DINSGF;Früheres Bundesgebiet / Neue Länder;DN;Neue Länder;WZ08C7;WZ2008 (ausgewählte Positionen): Tarifindex;WZ08-72-01;Forschung,Werbung u.Marktforschung,Veterinärwesen;103,2;2020=100;VST072;Index d.tarifl. Stundenverdienste mit Sonderzahl.
62221;Vj. Index der Tarifverdienste und Arbeitszeiten;JAHR;Jahr;2022;DINSGF;Früheres Bundesgebiet / Neue Länder;DN;Neue Länder;WZ08C7;WZ2008 (ausgewählte Positionen): Tarifindex;WZ08-72-01;Forschung,Werbung u.Marktforschung,Veterinärwesen;103,2;2020=100;VST073;Index d.tarifl. Monatsverdienste mit Sonderzahl.
62221;Vj. Index der Tarifverdienste und Arbeitszeiten;JAHR;Jahr;2022;DINSGF;Früheres Bundesgebiet / Neue Länder;DN;Neue Länder;WZ08C7;WZ2008 (ausgewählte Positionen): Tarifindex;WZ08-72-01;Forschung,Werbung u.Marktforschung,Veterinärwesen;39,3;h;VST019;Durchschnittliche tarifliche Wochenarbeitszeit
62221;Vj. Index der Tarifverdienste und Arbeitszeiten;JAHR;Jahr;2022;DINSGF;Früheres Bundesgebiet / Neue Länder;DN;Neue Länder;WZ08C7;WZ2008 (ausgewählte Positionen): Tarifindex;WZ08-72-01;Forschung,Werbung u.Marktforschung,Veterinärwesen;102,6;2020=100;VST066;Index d.tarifl. Monatsverdienste ohne Sonderzahl.
62221;Vj. Index der Tarifverdienste und Arbeitszeiten;JAHR;Jahr;2022;DINSGF;Früheres Bundesgebiet / Neue Länder;DN;Neue Länder;WZ08C7;WZ2008 (ausgewählte Positionen): Tarifindex;WZ08-72-01;Forschung,Werbung u.Marktforschung,Veterinärwesen;100,0;2020=100;VST018;Index der tariflichen Wochenarbeitszeit
62221;Vj. Index der Tarifverdienste und Arbeitszeiten;JAHR;Jahr;2022;DINSGF;Früheres Bundesgebiet / Neue Länder;DN;Neue Länder;WZ08C7;WZ2008 (ausgewählte Positionen): Tarifindex;WZ08-72-01;Forschung,Werbung u.Marktforschung,Veterinärwesen;102,6;2020=100;VST065;Index d.tarifl. Stundenverdienste ohne Sonderzahl.
62221;Vj. Index der Tarifverdienste und Arbeitszeiten;JAHR;Jahr;2024;DINSGF;Früheres Bundesgebiet / Neue Länder;DF;Früheres Bundesgebiet;WZ08C7;WZ2008 (ausgewählte Positionen): Tarifindex;WZ08-20-01;Chemische Industrie;112,6;2020=100;VST072;Index d.tarifl. Stundenverdienste mit Sonderzahl.
62221;Vj. Index der Tarifverdienste und Arbeitszeiten;JAHR;Jahr;2024;DINSGF;Früheres Bundesgebiet / Neue Länder;DF;Früheres Bundesgebiet;WZ08C7;WZ2008 (ausgewählte Positionen): Tarifindex;WZ08-20-01;Chemische Industrie;112,5;2020=100;VST073;Index d.tarifl. Monatsverdienste mit Sonderzahl.
62221;Vj. Index der Tarifverdienste und Arbeitszeiten;JAHR;Jahr;2024;DINSGF;Früheres Bundesgebiet / Neue Länder;DF;Früheres Bundesgebiet;WZ08C7;WZ2008 (ausgewählte Positionen): Tarifindex;WZ08-20-01;Chemische Industrie;37,5;h;VST019;Durchschnittliche tarifliche Wochenarbeitszeit
62221;Vj. Index der Tarifverdienste und Arbeitszeiten;JAHR;Jahr;2024;DINSGF;Früheres Bundesgebiet / Neue Länder;DF;Früheres Bundesgebiet;WZ08C7;WZ2008 (ausgewählte Positionen): Tarifindex;WZ08-20-01;Chemische Industrie;109,5;2020=100;VST066;Index d.tarifl. Monatsverdienste ohne Sonderzahl.
62221;Vj. Index der Tarifverdienste und Arbeitszeiten;JAHR;Jahr;2024;DINSGF;Früheres Bundesgebiet / Neue Länder;DF;Früheres Bundesgebiet;WZ08C7;WZ2008 (ausgewählte Positionen): Tarifindex;WZ08-20-01;Chemische Industrie;100,0;2020=100;VST018;Index der tariflichen Wochenarbeitszeit
62221;Vj. Index der Tarifverdienste und Arbeitszeiten;JAHR;Jahr;2024;DINSGF;Früheres Bundesgebiet / Neue Länder;DF;Früheres Bundesgebiet;WZ08C7;WZ2008 (ausgewählte Positionen): Tarifindex;WZ08-20-01;Chemische Industrie;109,5;2020=100;VST065;Index d.tarifl. Stundenverdienste ohne Sonderzahl.
62221;Vj. Index der Tarifverdienste und Arbeitszeiten;JAHR;Jahr;2020;DINSGF;Früheres Bundesgebiet / Neue Länder;DF;Früheres Bundesgebiet;WZ08C7;WZ2008 (ausgewählte Positionen): Tarifindex;WZ08-87;Heime (ohne Erholungs- und Ferienheime);100,0;2020=100;VST072;Index d.tarifl. Stundenverdienste mit Sonderzahl.
62221;Vj. Index der Tarifverdienste und Arbeitszeiten;JAHR;Jahr;2020;DINSGF;Früheres Bundesgebiet / Neue Länder;DF;Früheres Bundesgebiet;WZ08C7;WZ2008 (ausgewählte Positionen): Tarifindex;WZ08-87;Heime (ohne Erholungs- und Ferienheime);100,0;2020=100;VST073;Index d.tarifl. Monatsverdienste mit Sonderzahl.
62221;Vj. Index der Tarifverdienste und Arbeitszeiten;JAHR;Jahr;2020;DINSGF;Früheres Bundesgebiet / Neue Länder;DF;Früheres Bundesgebiet;WZ08C7;WZ2008 (ausgewählte Positionen): Tarifindex;WZ08-87;Heime (ohne Erholungs- und Ferienheime);39,0;h;VST019;Durchschnittliche tarifliche Wochenarbeitszeit
62221;Vj. Index der Tarifverdienste und Arbeitszeiten;JAHR;Jahr;2020;DINSGF;Früheres Bundesgebiet / Neue Länder;DF;Früheres Bundesgebiet;WZ08C7;WZ2008 (ausgewählte Positionen): Tarifindex;WZ08-87;Heime (ohne Erholungs- und Ferienheime);100,0;2020=100;VST066;Index d.tarifl. Monatsverdienste ohne Sonderzahl.
62221;Vj. Index der Tarifverdienste und Arbeitszeiten;JAHR;Jahr;2020;DINSGF;Früheres Bundesgebiet / Neue Länder;DF;Früheres Bundesgebiet;WZ08C7;WZ2008 (ausgewählte Positionen): Tarifindex;WZ08-87;Heime (ohne Erholungs- und Ferienheime);100,0;2020=100;VST018;Index der tariflichen Wochenarbeitszeit
62221;Vj. Index der Tarifverdienste und Arbeitszeiten;JAHR;Jahr;2020;DINSGF;Früheres Bundesgebiet / Neue Länder;DF;Früheres Bundesgebiet;WZ08C7;WZ2008 (ausgewählte Positionen): Tarifindex;WZ08-87;Heime (ohne Erholungs- und Ferienheime);100,0;2020=100;VST065;Index d.tarifl. Stundenverdienste ohne Sonderzahl.
62221;Vj. Index der Tarifverdienste und Arbeitszeiten;JAHR;Jahr;2019;DINSGF;Früheres Bundesgebiet / Neue Länder;DN;Neue Länder;WZ08C7;WZ2008 (ausgewählte Positionen): Tarifindex;WZ08-73;Werbung und Marktforschung;97,7;2020=100;VST072;Index d.tarifl. Stundenverdienste mit Sonderzahl.
62221;Vj. Index der Tarifverdienste und Arbeitszeiten;JAHR;Jahr;2019;DINSGF;Früheres Bundesgebiet / Neue Länder;DN;Neue Länder;WZ08C7;WZ2008 (ausgewählte Positionen): Tarifindex;WZ08-73;Werbung und Marktforschung;97,7;2020=100;VST073;Index d.tarifl. Monatsverdienste mit Sonderzahl.
62221;Vj. Index der Tarifverdienste und Arbeitszeiten;JAHR;Jahr;2019;DINSGF;Früheres Bundesgebiet / Neue Länder;DN;Neue Länder;WZ08C7;WZ2008 (ausgewählte Positionen): Tarifindex;WZ08-73;Werbung und Marktforschung;38,5;h;VST019;Durchschnittliche tarifliche Wochenarbeitszeit
62221;Vj. Index der Tarifverdienste und Arbeitszeiten;JAHR;Jahr;2019;DINSGF;Früheres Bundesgebiet / Neue Länder;DN;Neue Länder;WZ08C7;WZ2008 (ausgewählte Positionen): Tarifindex;WZ08-73;Werbung und Marktforschung;97,1;2020=100;VST066;Index d.tarifl. Monatsverdienste ohne Sonderzahl.
62221;Vj. Index der Tarifverdienste und Arbeitszeiten;JAHR;Jahr;2019;DINSGF;Früheres Bundesgebiet / Neue Länder;DN;Neue Länder;WZ08C7;WZ2008 (ausgewählte Positionen): Tarifindex;WZ08-73;Werbung und Marktforschung;100,0;2020=100;VST018;Index der tariflichen Wochenarbeitszeit
62221;Vj. Index der Tarifverdienste und Arbeitszeiten;JAHR;Jahr;2019;DINSGF;Früheres Bundesgebiet / Neue Länder;DN;Neue Länder;WZ08C7;WZ2008 (ausgewählte Positionen): Tarifindex;WZ08-73;Werbung und Marktforschung;97,1;2020=100;VST065;Index d.tarifl. Stundenverdienste ohne Sonderzahl.
62221;Vj. Index der Tarifverdienste und Arbeitszeiten;JAHR;Jahr;2021;DINSGF;Früheres Bundesgebiet / Neue Länder;DF;Früheres Bundesgebiet;WZ08C7;WZ2008 (ausgewählte Positionen): Tarifindex;WZ08-75;Veterinärwesen;101,4;2020=100;VST072;Index d.tarifl. Stundenverdienste mit Sonderzahl.
62221;Vj. Index der Tarifverdienste und Arbeitszeiten;JAHR;Jahr;2021;DINSGF;Früheres Bundesgebiet / Neue Länder;DF;Früheres Bundesgebiet;WZ08C7;WZ2008 (ausgewählte Positionen): Tarifindex;WZ08-75;Veterinärwesen;101,4;2020=100;VST073;Index d.tarifl. Monatsverdienste mit Sonderzahl.
62221;Vj. Index der Tarifverdienste und Arbeitszeiten;JAHR;Jahr;2021;DINSGF;Früheres Bundesgebiet / Neue Länder;DF;Früheres Bundesgebiet;WZ08C7;WZ2008 (ausgewählte Positionen): Tarifindex;WZ08-75;Veterinärwesen;39,9;h;VST019;Durchschnittliche tarifliche Wochenarbeitszeit
62221;Vj. Index der Tarifverdienste und Arbeitszeiten;JAHR;Jahr;2021;DINSGF;Früheres Bundesgebiet / Neue Länder;DF;Früheres Bundesgebiet;WZ08C7;WZ2008 (ausgewählte Positionen): Tarifindex;WZ08-75;Veterinärwesen;101,5;2020=100;VST066;Index d.tarifl. Monatsverdienste ohne Sonderzahl.
62221;Vj. Index der Tarifverdienste und Arbeitszeiten;JAHR;Jahr;2021;DINSGF;Früheres Bundesgebiet / Neue Länder;DF;Früheres Bundesgebiet;WZ08C7;WZ2008 (ausgewählte Positionen): Tarifindex;WZ08-75;Veterinärwesen;100,0;2020=100;VST018;Index der tariflichen Wochenarbeitszeit
62221;Vj. Index der Tarifverdienste und Arbeitszeiten;JAHR;Jahr;2021;DINSGF;Früheres Bundesgebiet / Neue Länder;DF;Früheres Bundesgebiet;WZ08C7;WZ2008 (ausgewählte Positionen): Tarifindex;WZ08-75;Veterinärwesen;101,5;2020=100;VST065;Index d.tarifl. Stundenverdienste ohne Sonderzahl.
62221;Vj. Index der Tarifverdienste und Arbeitszeiten;JAHR;Jahr;2017;DINSGF;Früheres Bundesgebiet / Neue Länder;DN;Neue Länder;WZ08C7;WZ2008 (ausgewählte Positionen): Tarifindex;WZ08-31-01;Möbelherstellung, Installation von Maschinen;92,3;2020=100;VST072;Index d.tarifl. Stundenverdienste mit Sonderzahl.
62221;Vj. Index der Tarifverdienste und Arbeitszeiten;JAHR;Jahr;2017;DINSGF;Früheres Bundesgebiet / Neue Länder;DN;Neue Länder;WZ08C7;WZ2008 (ausgewählte Positionen): Tarifindex;WZ08-31-01;Möbelherstellung, Installation von Maschinen;92,4;2020=100;VST073;Index d.tarifl. Monatsverdienste mit Sonderzahl.
62221;Vj. Index der Tarifverdienste und Arbeitszeiten;JAHR;Jahr;2017;DINSGF;Früheres Bundesgebiet / Neue Länder;DN;Neue Länder;WZ08C7;WZ2008 (ausgewählte Positionen): Tarifindex;WZ08-31-01;Möbelherstellung, Installation von Maschinen;38,3;h;VST019;Durchschnittliche tarifliche Wochenarbeitszeit
62221;Vj. Index der Tarifverdienste und Arbeitszeiten;JAHR;Jahr;2017;DINSGF;Früheres Bundesgebiet / Neue Länder;DN;Neue Länder;WZ08C7;WZ2008 (ausgewählte Positionen): Tarifindex;WZ08-31-01;Möbelherstellung, Installation von Maschinen;93,9;2020=100;VST066;Index d.tarifl. Monatsverdienste ohne Sonderzahl.
62221;Vj. Index der Tarifverdienste und Arbeitszeiten;JAHR;Jahr;2017;DINSGF;Früheres Bundesgebiet / Neue Länder;DN;Neue Länder;WZ08C7;WZ2008 (ausgewählte Positionen): Tarifindex;WZ08-31-01;Möbelherstellung, Installation von Maschinen;100,1;2020=100;VST018;Index der tariflichen Wochenarbeitszeit
62221;Vj. Index der Tarifverdienste und Arbeitszeiten;JAHR;Jahr;2017;DINSGF;Früheres Bundesgebiet / Neue Länder;DN;Neue Länder;WZ08C7;WZ2008 (ausgewählte Positionen): Tarifindex;WZ08-31-01;Möbelherstellung, Installation von Maschinen;93,8;2020=100;VST065;Index d.tarifl. Stundenverdienste ohne Sonderzahl.
62221;Vj. Index der Tarifverdienste und Arbeitszeiten;JAHR;Jahr;2025;DINSGF;Früheres Bundesgebiet / Neue Länder;DF;Früheres Bundesgebiet;WZ08C7;WZ2008 (ausgewählte Positionen): Tarifindex;WZ08-23;H.v.Glas,-waren,Keramik,Verarb. v.Steinen u.Erden;115,6;2020=100;VST072;Index d.tarifl. Stundenverdienste mit Sonderzahl.
62221;Vj. Index der Tarifverdienste und Arbeitszeiten;JAHR;Jahr;2025;DINSGF;Früheres Bundesgebiet / Neue Länder;DF;Früheres Bundesgebiet;WZ08C7;WZ2008 (ausgewählte Positionen): Tarifindex;WZ08-23;H.v.Glas,-waren,Keramik,Verarb. v.Steinen u.Erden;115,2;2020=100;VST073;Index d.tarifl. Monatsverdienste mit Sonderzahl.
62221;Vj. Index der Tarifverdienste und Arbeitszeiten;JAHR;Jahr;2025;DINSGF;Früheres Bundesgebiet / Neue Länder;DF;Früheres Bundesgebiet;WZ08C7;WZ2008 (ausgewählte Positionen): Tarifindex;WZ08-23;H.v.Glas,-waren,Keramik,Verarb. v.Steinen u.Erden;37,9;h;VST019;Durchschnittliche tarifliche Wochenarbeitszeit
62221;Vj. Index der Tarifverdienste und Arbeitszeiten;JAHR;Jahr;2025;DINSGF;Früheres Bundesgebiet / Neue Länder;DF;Früheres Bundesgebiet;WZ08C7;WZ2008 (ausgewählte Positionen): Tarifindex;WZ08-23;H.v.Glas,-waren,Keramik,Verarb. v.Steinen u.Erden;115,9;2020=100;VST066;Index d.tarifl. Monatsverdienste ohne Sonderzahl.
62221;Vj. Index der Tarifverdienste und Arbeitszeiten;JAHR;Jahr;2025;DINSGF;Früheres Bundesgebiet / Neue Länder;DF;Früheres Bundesgebiet;WZ08C7;WZ2008 (ausgewählte Positionen): Tarifindex;WZ08-23;H.v.Glas,-waren,Keramik,Verarb. v.Steinen u.Erden;99,6;2020=100;VST018;Index der tariflichen Wochenarbeitszeit
62221;Vj. Index der Tarifverdienste und Arbeitszeiten;JAHR;Jahr;2025;DINSGF;Früheres Bundesgebiet / Neue Länder;DF;Früheres Bundesgebiet;WZ08C7;WZ2008 (ausgewählte Positionen): Tarifindex;WZ08-23;H.v.Glas,-waren,Keramik,Verarb. v.Steinen u.Erden;116,3;2020=100;VST065;Index d.tarifl. Stundenverdienste ohne Sonderzahl.
62221;Vj. Index der Tarifverdienste und Arbeitszeiten;JAHR;Jahr;2021;DINSGF;Früheres Bundesgebiet / Neue Länder;DN;Neue Länder;WZ08C7;WZ2008 (ausgewählte Positionen): Tarifindex;WZ08-J;Information und Kommunikation;101,2;2020=100;VST072;Index d.tarifl. Stundenverdienste mit Sonderzahl.
62221;Vj. Index der Tarifverdienste und Arbeitszeiten;JAHR;Jahr;2021;DINSGF;Früheres Bundesgebiet / Neue Länder;DN;Neue Länder;WZ08C7;WZ2008 (ausgewählte Positionen): Tarifindex;WZ08-J;Information und Kommunikation;101,2;2020=100;VST073;Index d.tarifl. Monatsverdienste mit Sonderzahl.
62221;Vj. Index der Tarifverdienste und Arbeitszeiten;JAHR;Jahr;2021;DINSGF;Früheres Bundesgebiet / Neue Länder;DN;Neue Länder;WZ08C7;WZ2008 (ausgewählte Positionen): Tarifindex;WZ08-J;Information und Kommunikation;37,7;h;VST019;Durchschnittliche tarifliche Wochenarbeitszeit
62221;Vj. Index der Tarifverdienste und Arbeitszeiten;JAHR;Jahr;2021;DINSGF;Früheres Bundesgebiet / Neue Länder;DN;Neue Länder;WZ08C7;WZ2008 (ausgewählte Positionen): Tarifindex;WZ08-J;Information und Kommunikation;101,5;2020=100;VST066;Index d.tarifl. Monatsverdienste ohne Sonderzahl.
62221;Vj. Index der Tarifverdienste und Arbeitszeiten;JAHR;Jahr;2021;DINSGF;Früheres Bundesgebiet / Neue Länder;DN;Neue Länder;WZ08C7;WZ2008 (ausgewählte Positionen): Tarifindex;WZ08-J;Information und Kommunikation;100,0;2020=100;VST018;Index der tariflichen Wochenarbeitszeit
62221;Vj. Index der Tarifverdienste und Arbeitszeiten;JAHR;Jahr;2021;DINSGF;Früheres Bundesgebiet / Neue Länder;DN;Neue Länder;WZ08C7;WZ2008 (ausgewählte Positionen): Tarifindex;WZ08-J;Information und Kommunikation;101,5;2020=100;VST065;Index d.tarifl. Stundenverdienste ohne Sonderzahl.
62221;Vj. Index der Tarifverdienste und Arbeitszeiten;JAHR;Jahr;2023;DINSGF;Früheres Bundesgebiet / Neue Länder;DF;Früheres Bundesgebiet;WZ08C7;WZ2008 (ausgewählte Positionen): Tarifindex;WZ08-61;Telekommunikation;107,0;2020=100;VST072;Index d.tarifl. Stundenverdienste mit Sonderzahl.
62221;Vj. Index der Tarifverdienste und Arbeitszeiten;JAHR;Jahr;2023;DINSGF;Früheres Bundesgebiet / Neue Länder;DF;Früheres Bundesgebiet;WZ08C7;WZ2008 (ausgewählte Positionen): Tarifindex;WZ08-61;Telekommunikation;107,0;2020=100;VST073;Index d.tarifl. Monatsverdienste mit Sonderzahl.
62221;Vj. Index der Tarifverdienste und Arbeitszeiten;JAHR;Jahr;2023;DINSGF;Früheres Bundesgebiet / Neue Länder;DF;Früheres Bundesgebiet;WZ08C7;WZ2008 (ausgewählte Positionen): Tarifindex;WZ08-61;Telekommunikation;37,4;h;VST019;Durchschnittliche tarifliche Wochenarbeitszeit
62221;Vj. Index der Tarifverdienste und Arbeitszeiten;JAHR;Jahr;2023;DINSGF;Früheres Bundesgebiet / Neue Länder;DF;Früheres Bundesgebiet;WZ08C7;WZ2008 (ausgewählte Positionen): Tarifindex;WZ08-61;Telekommunikation;105,9;2020=100;VST066;Index d.tarifl. Monatsverdienste ohne Sonderzahl.
62221;Vj. Index der Tarifverdienste und Arbeitszeiten;JAHR;Jahr;2023;DINSGF;Früheres Bundesgebiet / Neue Länder;DF;Früheres Bundesgebiet;WZ08C7;WZ2008 (ausgewählte Positionen): Tarifindex;WZ08-61;Telekommunikation;100,0;2020=100;VST018;Index der tariflichen Wochenarbeitszeit
62221;Vj. Index der Tarifverdienste und Arbeitszeiten;JAHR;Jahr;2023;DINSGF;Früheres Bundesgebiet / Neue Länder;DF;Früheres Bundesgebiet;WZ08C7;WZ2008 (ausgewählte Positionen): Tarifindex;WZ08-61;Telekommunikation;105,9;2020=100;VST065;Index d.tarifl. Stundenverdienste ohne Sonderzahl.
62221;Vj. Index der Tarifverdienste und Arbeitszeiten;JAHR;Jahr;2019;DINSGF;Früheres Bundesgebiet / Neue Länder;DF;Früheres Bundesgebiet;WZ08C7;WZ2008 (ausgewählte Positionen): Tarifindex;WZ08-62;Dienstleistungen der Informationstechnologie;97,7;2020=100;VST072;Index d.tarifl. Stundenverdienste mit Sonderzahl.
62221;Vj. Index der Tarifverdienste und Arbeitszeiten;JAHR;Jahr;2019;DINSGF;Früheres Bundesgebiet / Neue Länder;DF;Früheres Bundesgebiet;WZ08C7;WZ2008 (ausgewählte Positionen): Tarifindex;WZ08-62;Dienstleistungen der Informationstechnologie;97,7;2020=100;VST073;Index d.tarifl. Monatsverdienste mit Sonderzahl.
62221;Vj. Index der Tarifverdienste und Arbeitszeiten;JAHR;Jahr;2019;DINSGF;Früheres Bundesgebiet / Neue Länder;DF;Früheres Bundesgebiet;WZ08C7;WZ2008 (ausgewählte Positionen): Tarifindex;WZ08-62;Dienstleistungen der Informationstechnologie;37,5;h;VST019;Durchschnittliche tarifliche Wochenarbeitszeit
62221;Vj. Index der Tarifverdienste und Arbeitszeiten;JAHR;Jahr;2019;DINSGF;Früheres Bundesgebiet / Neue Länder;DF;Früheres Bundesgebiet;WZ08C7;WZ2008 (ausgewählte Positionen): Tarifindex;WZ08-62;Dienstleistungen der Informationstechnologie;97,9;2020=100;VST066;Index d.tarifl. Monatsverdienste ohne Sonderzahl.
62221;Vj. Index der Tarifverdienste und Arbeitszeiten;JAHR;Jahr;2019;DINSGF;Früheres Bundesgebiet / Neue Länder;DF;Früheres Bundesgebiet;WZ08C7;WZ2008 (ausgewählte Positionen): Tarifindex;WZ08-62;Dienstleistungen der Informationstechnologie;100,1;2020=100;VST018;Index der tariflichen Wochenarbeitszeit
62221;Vj. Index der Tarifverdienste und Arbeitszeiten;JAHR;Jahr;2019;DINSGF;Früheres Bundesgebiet / Neue Länder;DF;Früheres Bundesgebiet;WZ08C7;WZ2008 (ausgewählte Positionen): Tarifindex;WZ08-62;Dienstleistungen der Informationstechnologie;97,8;2020=100;VST065;Index d.tarifl. Stundenverdienste ohne Sonderzahl.
62221;Vj. Index der Tarifverdienste und Arbeitszeiten;JAHR;Jahr;2019;DINSGF;Früheres Bundesgebiet / Neue Länder;DF;Früheres Bundesgebiet;WZ08C7;WZ2008 (ausgewählte Positionen): Tarifindex;WZ08-59;Film, TV-Programme, Kinos, Tonstudios, Musikverlag;96,3;2020=100;VST072;Index d.tarifl. Stundenverdienste mit Sonderzahl.
62221;Vj. Index der Tarifverdienste und Arbeitszeiten;JAHR;Jahr;2019;DINSGF;Früheres Bundesgebiet / Neue Länder;DF;Früheres Bundesgebiet;WZ08C7;WZ2008 (ausgewählte Positionen): Tarifindex;WZ08-59;Film, TV-Programme, Kinos, Tonstudios, Musikverlag;96,3;2020=100;VST073;Index d.tarifl. Monatsverdienste mit Sonderzahl.
62221;Vj. Index der Tarifverdienste und Arbeitszeiten;JAHR;Jahr;2019;DINSGF;Früheres Bundesgebiet / Neue Länder;DF;Früheres Bundesgebiet;WZ08C7;WZ2008 (ausgewählte Positionen): Tarifindex;WZ08-59;Film, TV-Programme, Kinos, Tonstudios, Musikverlag;38,7;h;VST019;Durchschnittliche tarifliche Wochenarbeitszeit
62221;Vj. Index der Tarifverdienste und Arbeitszeiten;JAHR;Jahr;2019;DINSGF;Früheres Bundesgebiet / Neue Länder;DF;Früheres Bundesgebiet;WZ08C7;WZ2008 (ausgewählte Positionen): Tarifindex;WZ08-59;Film, TV-Programme, Kinos, Tonstudios, Musikverlag;96,9;2020=100;VST066;Index d.tarifl. Monatsverdienste ohne Sonderzahl.
62221;Vj. Index der Tarifverdienste und Arbeitszeiten;JAHR;Jahr;2019;DINSGF;Früheres Bundesgebiet / Neue Länder;DF;Früheres Bundesgebiet;WZ08C7;WZ2008 (ausgewählte Positionen): Tarifindex;WZ08-59;Film, TV-Programme, Kinos, Tonstudios, Musikverlag;100,0;2020=100;VST018;Index der tariflichen Wochenarbeitszeit
62221;Vj. Index der Tarifverdienste und Arbeitszeiten;JAHR;Jahr;2019;DINSGF;Früheres Bundesgebiet / Neue Länder;DF;Früheres Bundesgebiet;WZ08C7;WZ2008 (ausgewählte Positionen): Tarifindex;WZ08-59;Film, TV-Programme, Kinos, Tonstudios, Musikverlag;96,9;2020=100;VST065;Index d.tarifl. Stundenverdienste ohne Sonderzahl.
62221;Vj. Index der Tarifverdienste und Arbeitszeiten;JAHR;Jahr;2024;DINSGF;Früheres Bundesgebiet / Neue Länder;DF;Früheres Bundesgebiet;WZ08C7;WZ2008 (ausgewählte Positionen): Tarifindex;WZ08-73;Werbung und Marktforschung;105,7;2020=100;VST072;Index d.tarifl. Stundenverdienste mit Sonderzahl.
62221;Vj. Index der Tarifverdienste und Arbeitszeiten;JAHR;Jahr;2024;DINSGF;Früheres Bundesgebiet / Neue Länder;DF;Früheres Bundesgebiet;WZ08C7;WZ2008 (ausgewählte Positionen): Tarifindex;WZ08-73;Werbung und Marktforschung;105,7;2020=100;VST073;Index d.tarifl. Monatsverdienste mit Sonderzahl.
62221;Vj. Index der Tarifverdienste und Arbeitszeiten;JAHR;Jahr;2024;DINSGF;Früheres Bundesgebiet / Neue Länder;DF;Früheres Bundesgebiet;WZ08C7;WZ2008 (ausgewählte Positionen): Tarifindex;WZ08-73;Werbung und Marktforschung;38,6;h;VST019;Durchschnittliche tarifliche Wochenarbeitszeit
62221;Vj. Index der Tarifverdienste und Arbeitszeiten;JAHR;Jahr;2024;DINSGF;Früheres Bundesgebiet / Neue Länder;DF;Früheres Bundesgebiet;WZ08C7;WZ2008 (ausgewählte Positionen): Tarifindex;WZ08-73;Werbung und Marktforschung;106,5;2020=100;VST066;Index d.tarifl. Monatsverdienste ohne Sonderzahl.
62221;Vj. Index der Tarifverdienste und Arbeitszeiten;JAHR;Jahr;2024;DINSGF;Früheres Bundesgebiet / Neue Länder;DF;Früheres Bundesgebiet;WZ08C7;WZ2008 (ausgewählte Positionen): Tarifindex;WZ08-73;Werbung und Marktforschung;100,0;2020=100;VST018;Index der tariflichen Wochenarbeitszeit
62221;Vj. Index der Tarifverdienste und Arbeitszeiten;JAHR;Jahr;2024;DINSGF;Früheres Bundesgebiet / Neue Länder;DF;Früheres Bundesgebiet;WZ08C7;WZ2008 (ausgewählte Positionen): Tarifindex;WZ08-73;Werbung und Marktforschung;106,5;2020=100;VST065;Index d.tarifl. Stundenverdienste ohne Sonderzahl.
62221;Vj. Index der Tarifverdienste und Arbeitszeiten;JAHR;Jahr;2022;DINSGF;Früheres Bundesgebiet / Neue Länder;DN;Neue Länder;WZ08C7;WZ2008 (ausgewählte Positionen): Tarifindex;WZ08-01;Landwirtschaft, Jagd und verbundene Tätigkeiten;103,7;2020=100;VST072;Index d.tarifl. Stundenverdienste mit Sonderzahl.
62221;Vj. Index der Tarifverdienste und Arbeitszeiten;JAHR;Jahr;2022;DINSGF;Früheres Bundesgebiet / Neue Länder;DN;Neue Länder;WZ08C7;WZ2008 (ausgewählte Positionen): Tarifindex;WZ08-01;Landwirtschaft, Jagd und verbundene Tätigkeiten;103,7;2020=100;VST073;Index d.tarifl. Monatsverdienste mit Sonderzahl.
62221;Vj. Index der Tarifverdienste und Arbeitszeiten;JAHR;Jahr;2022;DINSGF;Früheres Bundesgebiet / Neue Länder;DN;Neue Länder;WZ08C7;WZ2008 (ausgewählte Positionen): Tarifindex;WZ08-01;Landwirtschaft, Jagd und verbundene Tätigkeiten;39,7;h;VST019;Durchschnittliche tarifliche Wochenarbeitszeit
62221;Vj. Index der Tarifverdienste und Arbeitszeiten;JAHR;Jahr;2022;DINSGF;Früheres Bundesgebiet / Neue Länder;DN;Neue Länder;WZ08C7;WZ2008 (ausgewählte Positionen): Tarifindex;WZ08-01;Landwirtschaft, Jagd und verbundene Tätigkeiten;104,0;2020=100;VST066;Index d.tarifl. Monatsverdienste ohne Sonderzahl.
62221;Vj. Index der Tarifverdienste und Arbeitszeiten;JAHR;Jahr;2022;DINSGF;Früheres Bundesgebiet / Neue Länder;DN;Neue Länder;WZ08C7;WZ2008 (ausgewählte Positionen): Tarifindex;WZ08-01;Landwirtschaft, Jagd und verbundene Tätigkeiten;100,0;2020=100;VST018;Index der tariflichen Wochenarbeitszeit
62221;Vj. Index der Tarifverdienste und Arbeitszeiten;JAHR;Jahr;2022;DINSGF;Früheres Bundesgebiet / Neue Länder;DN;Neue Länder;WZ08C7;WZ2008 (ausgewählte Positionen): Tarifindex;WZ08-01;Landwirtschaft, Jagd und verbundene Tätigkeiten;104,0;2020=100;VST065;Index d.tarifl. Stundenverdienste ohne Sonderzahl.
62221;Vj. Index der Tarifverdienste und Arbeitszeiten;JAHR;Jahr;2016;DINSGF;Früheres Bundesgebiet / Neue Länder;DN;Neue Länder;WZ08C7;WZ2008 (ausgewählte Positionen): Tarifindex;WZ08-46;Großhandel (ohne Handel mit Kraftfahrzeugen);91,5;2020=100;VST072;Index d.tarifl. Stundenverdienste mit Sonderzahl.
62221;Vj. Index der Tarifverdienste und Arbeitszeiten;JAHR;Jahr;2016;DINSGF;Früheres Bundesgebiet / Neue Länder;DN;Neue Länder;WZ08C7;WZ2008 (ausgewählte Positionen): Tarifindex;WZ08-46;Großhandel (ohne Handel mit Kraftfahrzeugen);91,5;2020=100;VST073;Index d.tarifl. Monatsverdienste mit Sonderzahl.
62221;Vj. Index der Tarifverdienste und Arbeitszeiten;JAHR;Jahr;2016;DINSGF;Früheres Bundesgebiet / Neue Länder;DN;Neue Länder;WZ08C7;WZ2008 (ausgewählte Positionen): Tarifindex;WZ08-46;Großhandel (ohne Handel mit Kraftfahrzeugen);38,7;h;VST019;Durchschnittliche tarifliche Wochenarbeitszeit
62221;Vj. Index der Tarifverdienste und Arbeitszeiten;JAHR;Jahr;2016;DINSGF;Früheres Bundesgebiet / Neue Länder;DN;Neue Länder;WZ08C7;WZ2008 (ausgewählte Positionen): Tarifindex;WZ08-46;Großhandel (ohne Handel mit Kraftfahrzeugen);91,5;2020=100;VST066;Index d.tarifl. Monatsverdienste ohne Sonderzahl.
62221;Vj. Index der Tarifverdienste und Arbeitszeiten;JAHR;Jahr;2016;DINSGF;Früheres Bundesgebiet / Neue Länder;DN;Neue Länder;WZ08C7;WZ2008 (ausgewählte Positionen): Tarifindex;WZ08-46;Großhandel (ohne Handel mit Kraftfahrzeugen);100,0;2020=100;VST018;Index der tariflichen Wochenarbeitszeit
62221;Vj. Index der Tarifverdienste und Arbeitszeiten;JAHR;Jahr;2016;DINSGF;Früheres Bundesgebiet / Neue Länder;DN;Neue Länder;WZ08C7;WZ2008 (ausgewählte Positionen): Tarifindex;WZ08-46;Großhandel (ohne Handel mit Kraftfahrzeugen);91,5;2020=100;VST065;Index d.tarifl. Stundenverdienste ohne Sonderzahl.
62221;Vj. Index der Tarifverdienste und Arbeitszeiten;JAHR;Jahr;2024;DINSGF;Früheres Bundesgebiet / Neue Länder;DF;Früheres Bundesgebiet;WZ08C7;WZ2008 (ausgewählte Positionen): Tarifindex;WZ08-79;Reisebüros, -veranstalter u. sonst. Reservierungen;103,5;2020=100;VST072;Index d.tarifl. Stundenverdienste mit Sonderzahl.
62221;Vj. Index der Tarifverdienste und Arbeitszeiten;JAHR;Jahr;2024;DINSGF;Früheres Bundesgebiet / Neue Länder;DF;Früheres Bundesgebiet;WZ08C7;WZ2008 (ausgewählte Positionen): Tarifindex;WZ08-79;Reisebüros, -veranstalter u. sonst. Reservierungen;103,3;2020=100;VST073;Index d.tarifl. Monatsverdienste mit Sonderzahl.
62221;Vj. Index der Tarifverdienste und Arbeitszeiten;JAHR;Jahr;2024;DINSGF;Früheres Bundesgebiet / Neue Länder;DF;Früheres Bundesgebiet;WZ08C7;WZ2008 (ausgewählte Positionen): Tarifindex;WZ08-79;Reisebüros, -veranstalter u. sonst. Reservierungen;38,6;h;VST019;Durchschnittliche tarifliche Wochenarbeitszeit
62221;Vj. Index der Tarifverdienste und Arbeitszeiten;JAHR;Jahr;2024;DINSGF;Früheres Bundesgebiet / Neue Länder;DF;Früheres Bundesgebiet;WZ08C7;WZ2008 (ausgewählte Positionen): Tarifindex;WZ08-79;Reisebüros, -veranstalter u. sonst. Reservierungen;103,1;2020=100;VST066;Index d.tarifl. Monatsverdienste ohne Sonderzahl.
62221;Vj. Index der Tarifverdienste und Arbeitszeiten;JAHR;Jahr;2024;DINSGF;Früheres Bundesgebiet / Neue Länder;DF;Früheres Bundesgebiet;WZ08C7;WZ2008 (ausgewählte Positionen): Tarifindex;WZ08-79;Reisebüros, -veranstalter u. sonst. Reservierungen;100,0;2020=100;VST018;Index der tariflichen Wochenarbeitszeit
62221;Vj. Index der Tarifverdienste und Arbeitszeiten;JAHR;Jahr;2024;DINSGF;Früheres Bundesgebiet / Neue Länder;DF;Früheres Bundesgebiet;WZ08C7;WZ2008 (ausgewählte Positionen): Tarifindex;WZ08-79;Reisebüros, -veranstalter u. sonst. Reservierungen;103,2;2020=100;VST065;Index d.tarifl. Stundenverdienste ohne Sonderzahl.
62221;Vj. Index der Tarifverdienste und Arbeitszeiten;JAHR;Jahr;2019;DINSGF;Früheres Bundesgebiet / Neue Länder;DF;Früheres Bundesgebiet;WZ08C7;WZ2008 (ausgewählte Positionen): Tarifindex;WZ08-68;Grundstücks- und Wohnungswesen;97,8;2020=100;VST072;Index d.tarifl. Stundenverdienste mit Sonderzahl.
62221;Vj. Index der Tarifverdienste und Arbeitszeiten;JAHR;Jahr;2019;DINSGF;Früheres Bundesgebiet / Neue Länder;DF;Früheres Bundesgebiet;WZ08C7;WZ2008 (ausgewählte Positionen): Tarifindex;WZ08-68;Grundstücks- und Wohnungswesen;97,8;2020=100;VST073;Index d.tarifl. Monatsverdienste mit Sonderzahl.
62221;Vj. Index der Tarifverdienste und Arbeitszeiten;JAHR;Jahr;2019;DINSGF;Früheres Bundesgebiet / Neue Länder;DF;Früheres Bundesgebiet;WZ08C7;WZ2008 (ausgewählte Positionen): Tarifindex;WZ08-68;Grundstücks- und Wohnungswesen;38,2;h;VST019;Durchschnittliche tarifliche Wochenarbeitszeit
62221;Vj. Index der Tarifverdienste und Arbeitszeiten;JAHR;Jahr;2019;DINSGF;Früheres Bundesgebiet / Neue Länder;DF;Früheres Bundesgebiet;WZ08C7;WZ2008 (ausgewählte Positionen): Tarifindex;WZ08-68;Grundstücks- und Wohnungswesen;98,1;2020=100;VST066;Index d.tarifl. Monatsverdienste ohne Sonderzahl.
62221;Vj. Index der Tarifverdienste und Arbeitszeiten;JAHR;Jahr;2019;DINSGF;Früheres Bundesgebiet / Neue Länder;DF;Früheres Bundesgebiet;WZ08C7;WZ2008 (ausgewählte Positionen): Tarifindex;WZ08-68;Grundstücks- und Wohnungswesen;100,0;2020=100;VST018;Index der tariflichen Wochenarbeitszeit
62221;Vj. Index der Tarifverdienste und Arbeitszeiten;JAHR;Jahr;2019;DINSGF;Früheres Bundesgebiet / Neue Länder;DF;Früheres Bundesgebiet;WZ08C7;WZ2008 (ausgewählte Positionen): Tarifindex;WZ08-68;Grundstücks- und Wohnungswesen;98,1;2020=100;VST065;Index d.tarifl. Stundenverdienste ohne Sonderzahl.
62221;Vj. Index der Tarifverdienste und Arbeitszeiten;JAHR;Jahr;2020;DINSGF;Früheres Bundesgebiet / Neue Länder;DN;Neue Länder;WZ08C7;WZ2008 (ausgewählte Positionen): Tarifindex;WZ08-D-05;Energie- und Wasserversorgung, Entsorgung u.a.;100,0;2020=100;VST072;Index d.tarifl. Stundenverdienste mit Sonderzahl.
62221;Vj. Index der Tarifverdienste und Arbeitszeiten;JAHR;Jahr;2020;DINSGF;Früheres Bundesgebiet / Neue Länder;DN;Neue Länder;WZ08C7;WZ2008 (ausgewählte Positionen): Tarifindex;WZ08-D-05;Energie- und Wasserversorgung, Entsorgung u.a.;100,0;2020=100;VST073;Index d.tarifl. Monatsverdienste mit Sonderzahl.
62221;Vj. Index der Tarifverdienste und Arbeitszeiten;JAHR;Jahr;2020;DINSGF;Früheres Bundesgebiet / Neue Länder;DN;Neue Länder;WZ08C7;WZ2008 (ausgewählte Positionen): Tarifindex;WZ08-D-05;Energie- und Wasserversorgung, Entsorgung u.a.;38,6;h;VST019;Durchschnittliche tarifliche Wochenarbeitszeit
62221;Vj. Index der Tarifverdienste und Arbeitszeiten;JAHR;Jahr;2020;DINSGF;Früheres Bundesgebiet / Neue Länder;DN;Neue Länder;WZ08C7;WZ2008 (ausgewählte Positionen): Tarifindex;WZ08-D-05;Energie- und Wasserversorgung, Entsorgung u.a.;100,0;2020=100;VST066;Index d.tarifl. Monatsverdienste ohne Sonderzahl.
62221;Vj. Index der Tarifverdienste und Arbeitszeiten;JAHR;Jahr;2020;DINSGF;Früheres Bundesgebiet / Neue Länder;DN;Neue Länder;WZ08C7;WZ2008 (ausgewählte Positionen): Tarifindex;WZ08-D-05;Energie- und Wasserversorgung, Entsorgung u.a.;100,0;2020=100;VST018;Index der tariflichen Wochenarbeitszeit
62221;Vj. Index der Tarifverdienste und Arbeitszeiten;JAHR;Jahr;2020;DINSGF;Früheres Bundesgebiet / Neue Länder;DN;Neue Länder;WZ08C7;WZ2008 (ausgewählte Positionen): Tarifindex;WZ08-D-05;Energie- und Wasserversorgung, Entsorgung u.a.;100,0;2020=100;VST065;Index d.tarifl. Stundenverdienste ohne Sonderzahl.
62221;Vj. Index der Tarifverdienste und Arbeitszeiten;JAHR;Jahr;2023;DINSGF;Früheres Bundesgebiet / Neue Länder;DF;Früheres Bundesgebiet;WZ08C7;WZ2008 (ausgewählte Positionen): Tarifindex;WZ08-52;Lagerei, sonstige Dienstleistungen für den Verkehr;107,7;2020=100;VST072;Index d.tarifl. Stundenverdienste mit Sonderzahl.
62221;Vj. Index der Tarifverdienste und Arbeitszeiten;JAHR;Jahr;2023;DINSGF;Früheres Bundesgebiet / Neue Länder;DF;Früheres Bundesgebiet;WZ08C7;WZ2008 (ausgewählte Positionen): Tarifindex;WZ08-52;Lagerei, sonstige Dienstleistungen für den Verkehr;107,7;2020=100;VST073;Index d.tarifl. Monatsverdienste mit Sonderzahl.
62221;Vj. Index der Tarifverdienste und Arbeitszeiten;JAHR;Jahr;2023;DINSGF;Früheres Bundesgebiet / Neue Länder;DF;Früheres Bundesgebiet;WZ08C7;WZ2008 (ausgewählte Positionen): Tarifindex;WZ08-52;Lagerei, sonstige Dienstleistungen für den Verkehr;38,5;h;VST019;Durchschnittliche tarifliche Wochenarbeitszeit
62221;Vj. Index der Tarifverdienste und Arbeitszeiten;JAHR;Jahr;2023;DINSGF;Früheres Bundesgebiet / Neue Länder;DF;Früheres Bundesgebiet;WZ08C7;WZ2008 (ausgewählte Positionen): Tarifindex;WZ08-52;Lagerei, sonstige Dienstleistungen für den Verkehr;105,8;2020=100;VST066;Index d.tarifl. Monatsverdienste ohne Sonderzahl.
62221;Vj. Index der Tarifverdienste und Arbeitszeiten;JAHR;Jahr;2023;DINSGF;Früheres Bundesgebiet / Neue Länder;DF;Früheres Bundesgebiet;WZ08C7;WZ2008 (ausgewählte Positionen): Tarifindex;WZ08-52;Lagerei, sonstige Dienstleistungen für den Verkehr;100,0;2020=100;VST018;Index der tariflichen Wochenarbeitszeit
62221;Vj. Index der Tarifverdienste und Arbeitszeiten;JAHR;Jahr;2023;DINSGF;Früheres Bundesgebiet / Neue Länder;DF;Früheres Bundesgebiet;WZ08C7;WZ2008 (ausgewählte Positionen): Tarifindex;WZ08-52;Lagerei, sonstige Dienstleistungen für den Verkehr;105,8;2020=100;VST065;Index d.tarifl. Stundenverdienste ohne Sonderzahl.
62221;Vj. Index der Tarifverdienste und Arbeitszeiten;JAHR;Jahr;2017;DINSGF;Früheres Bundesgebiet / Neue Länder;DN;Neue Länder;WZ08C7;WZ2008 (ausgewählte Positionen): Tarifindex;WZ08-24-01;Metallgewerbe;92,5;2020=100;VST072;Index d.tarifl. Stundenverdienste mit Sonderzahl.
62221;Vj. Index der Tarifverdienste und Arbeitszeiten;JAHR;Jahr;2017;DINSGF;Früheres Bundesgebiet / Neue Länder;DN;Neue Länder;WZ08C7;WZ2008 (ausgewählte Positionen): Tarifindex;WZ08-24-01;Metallgewerbe;92,5;2020=100;VST073;Index d.tarifl. Monatsverdienste mit Sonderzahl.
62221;Vj. Index der Tarifverdienste und Arbeitszeiten;JAHR;Jahr;2017;DINSGF;Früheres Bundesgebiet / Neue Länder;DN;Neue Länder;WZ08C7;WZ2008 (ausgewählte Positionen): Tarifindex;WZ08-24-01;Metallgewerbe;36,5;h;VST019;Durchschnittliche tarifliche Wochenarbeitszeit
62221;Vj. Index der Tarifverdienste und Arbeitszeiten;JAHR;Jahr;2017;DINSGF;Früheres Bundesgebiet / Neue Länder;DN;Neue Länder;WZ08C7;WZ2008 (ausgewählte Positionen): Tarifindex;WZ08-24-01;Metallgewerbe;94,9;2020=100;VST066;Index d.tarifl. Monatsverdienste ohne Sonderzahl.
62221;Vj. Index der Tarifverdienste und Arbeitszeiten;JAHR;Jahr;2017;DINSGF;Früheres Bundesgebiet / Neue Länder;DN;Neue Länder;WZ08C7;WZ2008 (ausgewählte Positionen): Tarifindex;WZ08-24-01;Metallgewerbe;100,0;2020=100;VST018;Index der tariflichen Wochenarbeitszeit
62221;Vj. Index der Tarifverdienste und Arbeitszeiten;JAHR;Jahr;2017;DINSGF;Früheres Bundesgebiet / Neue Länder;DN;Neue Länder;WZ08C7;WZ2008 (ausgewählte Positionen): Tarifindex;WZ08-24-01;Metallgewerbe;94,9;2020=100;VST065;Index d.tarifl. Stundenverdienste ohne Sonderzahl.
62221;Vj. Index der Tarifverdienste und Arbeitszeiten;JAHR;Jahr;2019;DINSGF;Früheres Bundesgebiet / Neue Länder;DF;Früheres Bundesgebiet;WZ08C7;WZ2008 (ausgewählte Positionen): Tarifindex;WZ08-53;Post-, Kurier- und Expressdienste;97,2;2020=100;VST072;Index d.tarifl. Stundenverdienste mit Sonderzahl.
62221;Vj. Index der Tarifverdienste und Arbeitszeiten;JAHR;Jahr;2019;DINSGF;Früheres Bundesgebiet / Neue Länder;DF;Früheres Bundesgebiet;WZ08C7;WZ2008 (ausgewählte Positionen): Tarifindex;WZ08-53;Post-, Kurier- und Expressdienste;97,2;2020=100;VST073;Index d.tarifl. Monatsverdienste mit Sonderzahl.
62221;Vj. Index der Tarifverdienste und Arbeitszeiten;JAHR;Jahr;2019;DINSGF;Früheres Bundesgebiet / Neue Länder;DF;Früheres Bundesgebiet;WZ08C7;WZ2008 (ausgewählte Positionen): Tarifindex;WZ08-53;Post-, Kurier- und Expressdienste;39,2;h;VST019;Durchschnittliche tarifliche Wochenarbeitszeit
62221;Vj. Index der Tarifverdienste und Arbeitszeiten;JAHR;Jahr;2019;DINSGF;Früheres Bundesgebiet / Neue Länder;DF;Früheres Bundesgebiet;WZ08C7;WZ2008 (ausgewählte Positionen): Tarifindex;WZ08-53;Post-, Kurier- und Expressdienste;98,4;2020=100;VST066;Index d.tarifl. Monatsverdienste ohne Sonderzahl.
62221;Vj. Index der Tarifverdienste und Arbeitszeiten;JAHR;Jahr;2019;DINSGF;Früheres Bundesgebiet / Neue Länder;DF;Früheres Bundesgebiet;WZ08C7;WZ2008 (ausgewählte Positionen): Tarifindex;WZ08-53;Post-, Kurier- und Expressdienste;100,0;2020=100;VST018;Index der tariflichen Wochenarbeitszeit
62221;Vj. Index der Tarifverdienste und Arbeitszeiten;JAHR;Jahr;2019;DINSGF;Früheres Bundesgebiet / Neue Länder;DF;Früheres Bundesgebiet;WZ08C7;WZ2008 (ausgewählte Positionen): Tarifindex;WZ08-53;Post-, Kurier- und Expressdienste;98,4;2020=100;VST065;Index d.tarifl. Stundenverdienste ohne Sonderzahl.
62221;Vj. Index der Tarifverdienste und Arbeitszeiten;JAHR;Jahr;2016;DINSGF;Früheres Bundesgebiet / Neue Länder;DF;Früheres Bundesgebiet;WZ08C7;WZ2008 (ausgewählte Positionen): Tarifindex;WZ08-91;Bibliotheken, Archive, Museen, bot. u. zoo. Gärten;89,5;2020=100;VST072;Index d.tarifl. Stundenverdienste mit Sonderzahl.
62221;Vj. Index der Tarifverdienste und Arbeitszeiten;JAHR;Jahr;2016;DINSGF;Früheres Bundesgebiet / Neue Länder;DF;Früheres Bundesgebiet;WZ08C7;WZ2008 (ausgewählte Positionen): Tarifindex;WZ08-91;Bibliotheken, Archive, Museen, bot. u. zoo. Gärten;89,5;2020=100;VST073;Index d.tarifl. Monatsverdienste mit Sonderzahl.
62221;Vj. Index der Tarifverdienste und Arbeitszeiten;JAHR;Jahr;2016;DINSGF;Früheres Bundesgebiet / Neue Länder;DF;Früheres Bundesgebiet;WZ08C7;WZ2008 (ausgewählte Positionen): Tarifindex;WZ08-91;Bibliotheken, Archive, Museen, bot. u. zoo. Gärten;39,3;h;VST019;Durchschnittliche tarifliche Wochenarbeitszeit
62221;Vj. Index der Tarifverdienste und Arbeitszeiten;JAHR;Jahr;2016;DINSGF;Früheres Bundesgebiet / Neue Länder;DF;Früheres Bundesgebiet;WZ08C7;WZ2008 (ausgewählte Positionen): Tarifindex;WZ08-91;Bibliotheken, Archive, Museen, bot. u. zoo. Gärten;89,0;2020=100;VST066;Index d.tarifl. Monatsverdienste ohne Sonderzahl.
62221;Vj. Index der Tarifverdienste und Arbeitszeiten;JAHR;Jahr;2016;DINSGF;Früheres Bundesgebiet / Neue Länder;DF;Früheres Bundesgebiet;WZ08C7;WZ2008 (ausgewählte Positionen): Tarifindex;WZ08-91;Bibliotheken, Archive, Museen, bot. u. zoo. Gärten;100,0;2020=100;VST018;Index der tariflichen Wochenarbeitszeit
62221;Vj. Index der Tarifverdienste und Arbeitszeiten;JAHR;Jahr;2016;DINSGF;Früheres Bundesgebiet / Neue Länder;DF;Früheres Bundesgebiet;WZ08C7;WZ2008 (ausgewählte Positionen): Tarifindex;WZ08-91;Bibliotheken, Archive, Museen, bot. u. zoo. Gärten;89,0;2020=100;VST065;Index d.tarifl. Stundenverdienste ohne Sonderzahl.
62221;Vj. Index der Tarifverdienste und Arbeitszeiten;JAHR;Jahr;2023;DINSGF;Früheres Bundesgebiet / Neue Länder;DF;Früheres Bundesgebiet;WZ08C7;WZ2008 (ausgewählte Positionen): Tarifindex;WZ08-08-01;Gewinnung v. Steinen u. Erden, sonst. Bergbau, DL;109,5;2020=100;VST072;Index d.tarifl. Stundenverdienste mit Sonderzahl.
62221;Vj. Index der Tarifverdienste und Arbeitszeiten;JAHR;Jahr;2023;DINSGF;Früheres Bundesgebiet / Neue Länder;DF;Früheres Bundesgebiet;WZ08C7;WZ2008 (ausgewählte Positionen): Tarifindex;WZ08-08-01;Gewinnung v. Steinen u. Erden, sonst. Bergbau, DL;109,5;2020=100;VST073;Index d.tarifl. Monatsverdienste mit Sonderzahl.
62221;Vj. Index der Tarifverdienste und Arbeitszeiten;JAHR;Jahr;2023;DINSGF;Früheres Bundesgebiet / Neue Länder;DF;Früheres Bundesgebiet;WZ08C7;WZ2008 (ausgewählte Positionen): Tarifindex;WZ08-08-01;Gewinnung v. Steinen u. Erden, sonst. Bergbau, DL;38,0;h;VST019;Durchschnittliche tarifliche Wochenarbeitszeit
62221;Vj. Index der Tarifverdienste und Arbeitszeiten;JAHR;Jahr;2023;DINSGF;Früheres Bundesgebiet / Neue Länder;DF;Früheres Bundesgebiet;WZ08C7;WZ2008 (ausgewählte Positionen): Tarifindex;WZ08-08-01;Gewinnung v. Steinen u. Erden, sonst. Bergbau, DL;107,2;2020=100;VST066;Index d.tarifl. Monatsverdienste ohne Sonderzahl.
62221;Vj. Index der Tarifverdienste und Arbeitszeiten;JAHR;Jahr;2023;DINSGF;Früheres Bundesgebiet / Neue Länder;DF;Früheres Bundesgebiet;WZ08C7;WZ2008 (ausgewählte Positionen): Tarifindex;WZ08-08-01;Gewinnung v. Steinen u. Erden, sonst. Bergbau, DL;100,0;2020=100;VST018;Index der tariflichen Wochenarbeitszeit
62221;Vj. Index der Tarifverdienste und Arbeitszeiten;JAHR;Jahr;2023;DINSGF;Früheres Bundesgebiet / Neue Länder;DF;Früheres Bundesgebiet;WZ08C7;WZ2008 (ausgewählte Positionen): Tarifindex;WZ08-08-01;Gewinnung v. Steinen u. Erden, sonst. Bergbau, DL;107,2;2020=100;VST065;Index d.tarifl. Stundenverdienste ohne Sonderzahl.
62221;Vj. Index der Tarifverdienste und Arbeitszeiten;JAHR;Jahr;2025;DINSGF;Früheres Bundesgebiet / Neue Länder;DF;Früheres Bundesgebiet;WZ08C7;WZ2008 (ausgewählte Positionen): Tarifindex;WZ08-A;Land- und Forstwirtschaft, Fischerei;118,7;2020=100;VST072;Index d.tarifl. Stundenverdienste mit Sonderzahl.
62221;Vj. Index der Tarifverdienste und Arbeitszeiten;JAHR;Jahr;2025;DINSGF;Früheres Bundesgebiet / Neue Länder;DF;Früheres Bundesgebiet;WZ08C7;WZ2008 (ausgewählte Positionen): Tarifindex;WZ08-A;Land- und Forstwirtschaft, Fischerei;118,5;2020=100;VST073;Index d.tarifl. Monatsverdienste mit Sonderzahl.
62221;Vj. Index der Tarifverdienste und Arbeitszeiten;JAHR;Jahr;2025;DINSGF;Früheres Bundesgebiet / Neue Länder;DF;Früheres Bundesgebiet;WZ08C7;WZ2008 (ausgewählte Positionen): Tarifindex;WZ08-A;Land- und Forstwirtschaft, Fischerei;39,7;h;VST019;Durchschnittliche tarifliche Wochenarbeitszeit
62221;Vj. Index der Tarifverdienste und Arbeitszeiten;JAHR;Jahr;2025;DINSGF;Früheres Bundesgebiet / Neue Länder;DF;Früheres Bundesgebiet;WZ08C7;WZ2008 (ausgewählte Positionen): Tarifindex;WZ08-A;Land- und Forstwirtschaft, Fischerei;118,6;2020=100;VST066;Index d.tarifl. Monatsverdienste ohne Sonderzahl.
62221;Vj. Index der Tarifverdienste und Arbeitszeiten;JAHR;Jahr;2025;DINSGF;Früheres Bundesgebiet / Neue Länder;DF;Früheres Bundesgebiet;WZ08C7;WZ2008 (ausgewählte Positionen): Tarifindex;WZ08-A;Land- und Forstwirtschaft, Fischerei;99,9;2020=100;VST018;Index der tariflichen Wochenarbeitszeit
62221;Vj. Index der Tarifverdienste und Arbeitszeiten;JAHR;Jahr;2025;DINSGF;Früheres Bundesgebiet / Neue Länder;DF;Früheres Bundesgebiet;WZ08C7;WZ2008 (ausgewählte Positionen): Tarifindex;WZ08-A;Land- und Forstwirtschaft, Fischerei;118,8;2020=100;VST065;Index d.tarifl. Stundenverdienste ohne Sonderzahl.
62221;Vj. Index der Tarifverdienste und Arbeitszeiten;JAHR;Jahr;2023;DINSGF;Früheres Bundesgebiet / Neue Länder;DF;Früheres Bundesgebiet;WZ08C7;WZ2008 (ausgewählte Positionen): Tarifindex;WZ08-43;Vorb.Baustellenarbeiten, Bauinstall., sonst.Ausbau;108,7;2020=100;VST072;Index d.tarifl. Stundenverdienste mit Sonderzahl.
62221;Vj. Index der Tarifverdienste und Arbeitszeiten;JAHR;Jahr;2023;DINSGF;Früheres Bundesgebiet / Neue Länder;DF;Früheres Bundesgebiet;WZ08C7;WZ2008 (ausgewählte Positionen): Tarifindex;WZ08-43;Vorb.Baustellenarbeiten, Bauinstall., sonst.Ausbau;108,7;2020=100;VST073;Index d.tarifl. Monatsverdienste mit Sonderzahl.
62221;Vj. Index der Tarifverdienste und Arbeitszeiten;JAHR;Jahr;2023;DINSGF;Früheres Bundesgebiet / Neue Länder;DF;Früheres Bundesgebiet;WZ08C7;WZ2008 (ausgewählte Positionen): Tarifindex;WZ08-43;Vorb.Baustellenarbeiten, Bauinstall., sonst.Ausbau;39,0;h;VST019;Durchschnittliche tarifliche Wochenarbeitszeit
62221;Vj. Index der Tarifverdienste und Arbeitszeiten;JAHR;Jahr;2023;DINSGF;Früheres Bundesgebiet / Neue Länder;DF;Früheres Bundesgebiet;WZ08C7;WZ2008 (ausgewählte Positionen): Tarifindex;WZ08-43;Vorb.Baustellenarbeiten, Bauinstall., sonst.Ausbau;107,6;2020=100;VST066;Index d.tarifl. Monatsverdienste ohne Sonderzahl.
62221;Vj. Index der Tarifverdienste und Arbeitszeiten;JAHR;Jahr;2023;DINSGF;Früheres Bundesgebiet / Neue Länder;DF;Früheres Bundesgebiet;WZ08C7;WZ2008 (ausgewählte Positionen): Tarifindex;WZ08-43;Vorb.Baustellenarbeiten, Bauinstall., sonst.Ausbau;100,0;2020=100;VST018;Index der tariflichen Wochenarbeitszeit
62221;Vj. Index der Tarifverdienste und Arbeitszeiten;JAHR;Jahr;2023;DINSGF;Früheres Bundesgebiet / Neue Länder;DF;Früheres Bundesgebiet;WZ08C7;WZ2008 (ausgewählte Positionen): Tarifindex;WZ08-43;Vorb.Baustellenarbeiten, Bauinstall., sonst.Ausbau;107,6;2020=100;VST065;Index d.tarifl. Stundenverdienste ohne Sonderzahl.
62221;Vj. Index der Tarifverdienste und Arbeitszeiten;JAHR;Jahr;2020;DINSGF;Früheres Bundesgebiet / Neue Länder;DN;Neue Länder;WZ08C7;WZ2008 (ausgewählte Positionen): Tarifindex;WZ08-A;Land- und Forstwirtschaft, Fischerei;100,0;2020=100;VST072;Index d.tarifl. Stundenverdienste mit Sonderzahl.
62221;Vj. Index der Tarifverdienste und Arbeitszeiten;JAHR;Jahr;2020;DINSGF;Früheres Bundesgebiet / Neue Länder;DN;Neue Länder;WZ08C7;WZ2008 (ausgewählte Positionen): Tarifindex;WZ08-A;Land- und Forstwirtschaft, Fischerei;100,0;2020=100;VST073;Index d.tarifl. Monatsverdienste mit Sonderzahl.
62221;Vj. Index der Tarifverdienste und Arbeitszeiten;JAHR;Jahr;2020;DINSGF;Früheres Bundesgebiet / Neue Länder;DN;Neue Länder;WZ08C7;WZ2008 (ausgewählte Positionen): Tarifindex;WZ08-A;Land- und Forstwirtschaft, Fischerei;39,8;h;VST019;Durchschnittliche tarifliche Wochenarbeitszeit
62221;Vj. Index der Tarifverdienste und Arbeitszeiten;JAHR;Jahr;2020;DINSGF;Früheres Bundesgebiet / Neue Länder;DN;Neue Länder;WZ08C7;WZ2008 (ausgewählte Positionen): Tarifindex;WZ08-A;Land- und Forstwirtschaft, Fischerei;100,0;2020=100;VST066;Index d.tarifl. Monatsverdienste ohne Sonderzahl.
62221;Vj. Index der Tarifverdienste und Arbeitszeiten;JAHR;Jahr;2020;DINSGF;Früheres Bundesgebiet / Neue Länder;DN;Neue Länder;WZ08C7;WZ2008 (ausgewählte Positionen): Tarifindex;WZ08-A;Land- und Forstwirtschaft, Fischerei;100,0;2020=100;VST018;Index der tariflichen Wochenarbeitszeit
62221;Vj. Index der Tarifverdienste und Arbeitszeiten;JAHR;Jahr;2020;DINSGF;Früheres Bundesgebiet / Neue Länder;DN;Neue Länder;WZ08C7;WZ2008 (ausgewählte Positionen): Tarifindex;WZ08-A;Land- und Forstwirtschaft, Fischerei;100,0;2020=100;VST065;Index d.tarifl. Stundenverdienste ohne Sonderzahl.
62221;Vj. Index der Tarifverdienste und Arbeitszeiten;JAHR;Jahr;2023;DINSGF;Früheres Bundesgebiet / Neue Länder;DF;Früheres Bundesgebiet;WZ08C7;WZ2008 (ausgewählte Positionen): Tarifindex;WZ08-58;Verlagswesen;104,8;2020=100;VST072;Index d.tarifl. Stundenverdienste mit Sonderzahl.
62221;Vj. Index der Tarifverdienste und Arbeitszeiten;JAHR;Jahr;2023;DINSGF;Früheres Bundesgebiet / Neue Länder;DF;Früheres Bundesgebiet;WZ08C7;WZ2008 (ausgewählte Positionen): Tarifindex;WZ08-58;Verlagswesen;104,8;2020=100;VST073;Index d.tarifl. Monatsverdienste mit Sonderzahl.
62221;Vj. Index der Tarifverdienste und Arbeitszeiten;JAHR;Jahr;2023;DINSGF;Früheres Bundesgebiet / Neue Länder;DF;Früheres Bundesgebiet;WZ08C7;WZ2008 (ausgewählte Positionen): Tarifindex;WZ08-58;Verlagswesen;36,2;h;VST019;Durchschnittliche tarifliche Wochenarbeitszeit
62221;Vj. Index der Tarifverdienste und Arbeitszeiten;JAHR;Jahr;2023;DINSGF;Früheres Bundesgebiet / Neue Länder;DF;Früheres Bundesgebiet;WZ08C7;WZ2008 (ausgewählte Positionen): Tarifindex;WZ08-58;Verlagswesen;104,2;2020=100;VST066;Index d.tarifl. Monatsverdienste ohne Sonderzahl.
62221;Vj. Index der Tarifverdienste und Arbeitszeiten;JAHR;Jahr;2023;DINSGF;Früheres Bundesgebiet / Neue Länder;DF;Früheres Bundesgebiet;WZ08C7;WZ2008 (ausgewählte Positionen): Tarifindex;WZ08-58;Verlagswesen;100,0;2020=100;VST018;Index der tariflichen Wochenarbeitszeit
62221;Vj. Index der Tarifverdienste und Arbeitszeiten;JAHR;Jahr;2023;DINSGF;Früheres Bundesgebiet / Neue Länder;DF;Früheres Bundesgebiet;WZ08C7;WZ2008 (ausgewählte Positionen): Tarifindex;WZ08-58;Verlagswesen;104,2;2020=100;VST065;Index d.tarifl. Stundenverdienste ohne Sonderzahl.
62221;Vj. Index der Tarifverdienste und Arbeitszeiten;JAHR;Jahr;2016;DINSGF;Früheres Bundesgebiet / Neue Länder;DN;Neue Länder;WZ08C7;WZ2008 (ausgewählte Positionen): Tarifindex;WZ08-D-06;Energie- und Wasserversorgung;92,8;2020=100;VST072;Index d.tarifl. Stundenverdienste mit Sonderzahl.
62221;Vj. Index der Tarifverdienste und Arbeitszeiten;JAHR;Jahr;2016;DINSGF;Früheres Bundesgebiet / Neue Länder;DN;Neue Länder;WZ08C7;WZ2008 (ausgewählte Positionen): Tarifindex;WZ08-D-06;Energie- und Wasserversorgung;92,9;2020=100;VST073;Index d.tarifl. Monatsverdienste mit Sonderzahl.
62221;Vj. Index der Tarifverdienste und Arbeitszeiten;JAHR;Jahr;2016;DINSGF;Früheres Bundesgebiet / Neue Länder;DN;Neue Länder;WZ08C7;WZ2008 (ausgewählte Positionen): Tarifindex;WZ08-D-06;Energie- und Wasserversorgung;38,3;h;VST019;Durchschnittliche tarifliche Wochenarbeitszeit
62221;Vj. Index der Tarifverdienste und Arbeitszeiten;JAHR;Jahr;2016;DINSGF;Früheres Bundesgebiet / Neue Länder;DN;Neue Länder;WZ08C7;WZ2008 (ausgewählte Positionen): Tarifindex;WZ08-D-06;Energie- und Wasserversorgung;92,1;2020=100;VST066;Index d.tarifl. Monatsverdienste ohne Sonderzahl.
62221;Vj. Index der Tarifverdienste und Arbeitszeiten;JAHR;Jahr;2016;DINSGF;Früheres Bundesgebiet / Neue Länder;DN;Neue Länder;WZ08C7;WZ2008 (ausgewählte Positionen): Tarifindex;WZ08-D-06;Energie- und Wasserversorgung;100,0;2020=100;VST018;Index der tariflichen Wochenarbeitszeit
62221;Vj. Index der Tarifverdienste und Arbeitszeiten;JAHR;Jahr;2016;DINSGF;Früheres Bundesgebiet / Neue Länder;DN;Neue Länder;WZ08C7;WZ2008 (ausgewählte Positionen): Tarifindex;WZ08-D-06;Energie- und Wasserversorgung;92,0;2020=100;VST065;Index d.tarifl. Stundenverdienste ohne Sonderzahl.
62221;Vj. Index der Tarifverdienste und Arbeitszeiten;JAHR;Jahr;2019;DINSGF;Früheres Bundesgebiet / Neue Länder;DF;Früheres Bundesgebiet;WZ08C7;WZ2008 (ausgewählte Positionen): Tarifindex;WZ08-77;Vermietung von beweglichen Sachen;99,7;2020=100;VST072;Index d.tarifl. Stundenverdienste mit Sonderzahl.
62221;Vj. Index der Tarifverdienste und Arbeitszeiten;JAHR;Jahr;2019;DINSGF;Früheres Bundesgebiet / Neue Länder;DF;Früheres Bundesgebiet;WZ08C7;WZ2008 (ausgewählte Positionen): Tarifindex;WZ08-77;Vermietung von beweglichen Sachen;99,8;2020=100;VST073;Index d.tarifl. Monatsverdienste mit Sonderzahl.
62221;Vj. Index der Tarifverdienste und Arbeitszeiten;JAHR;Jahr;2019;DINSGF;Früheres Bundesgebiet / Neue Länder;DF;Früheres Bundesgebiet;WZ08C7;WZ2008 (ausgewählte Positionen): Tarifindex;WZ08-77;Vermietung von beweglichen Sachen;37,6;h;VST019;Durchschnittliche tarifliche Wochenarbeitszeit
62221;Vj. Index der Tarifverdienste und Arbeitszeiten;JAHR;Jahr;2019;DINSGF;Früheres Bundesgebiet / Neue Länder;DF;Früheres Bundesgebiet;WZ08C7;WZ2008 (ausgewählte Positionen): Tarifindex;WZ08-77;Vermietung von beweglichen Sachen;99,6;2020=100;VST066;Index d.tarifl. Monatsverdienste ohne Sonderzahl.
62221;Vj. Index der Tarifverdienste und Arbeitszeiten;JAHR;Jahr;2019;DINSGF;Früheres Bundesgebiet / Neue Länder;DF;Früheres Bundesgebiet;WZ08C7;WZ2008 (ausgewählte Positionen): Tarifindex;WZ08-77;Vermietung von beweglichen Sachen;100,0;2020=100;VST018;Index der tariflichen Wochenarbeitszeit
62221;Vj. Index der Tarifverdienste und Arbeitszeiten;JAHR;Jahr;2019;DINSGF;Früheres Bundesgebiet / Neue Länder;DF;Früheres Bundesgebiet;WZ08C7;WZ2008 (ausgewählte Positionen): Tarifindex;WZ08-77;Vermietung von beweglichen Sachen;99,6;2020=100;VST065;Index d.tarifl. Stundenverdienste ohne Sonderzahl.
62221;Vj. Index der Tarifverdienste und Arbeitszeiten;JAHR;Jahr;2018;DINSGF;Früheres Bundesgebiet / Neue Länder;DN;Neue Länder;WZ08C7;WZ2008 (ausgewählte Positionen): Tarifindex;WZ08-35;Energieversorgung;95,6;2020=100;VST072;Index d.tarifl. Stundenverdienste mit Sonderzahl.
62221;Vj. Index der Tarifverdienste und Arbeitszeiten;JAHR;Jahr;2018;DINSGF;Früheres Bundesgebiet / Neue Länder;DN;Neue Länder;WZ08C7;WZ2008 (ausgewählte Positionen): Tarifindex;WZ08-35;Energieversorgung;95,6;2020=100;VST073;Index d.tarifl. Monatsverdienste mit Sonderzahl.
62221;Vj. Index der Tarifverdienste und Arbeitszeiten;JAHR;Jahr;2018;DINSGF;Früheres Bundesgebiet / Neue Länder;DN;Neue Länder;WZ08C7;WZ2008 (ausgewählte Positionen): Tarifindex;WZ08-35;Energieversorgung;38,1;h;VST019;Durchschnittliche tarifliche Wochenarbeitszeit
62221;Vj. Index der Tarifverdienste und Arbeitszeiten;JAHR;Jahr;2018;DINSGF;Früheres Bundesgebiet / Neue Länder;DN;Neue Länder;WZ08C7;WZ2008 (ausgewählte Positionen): Tarifindex;WZ08-35;Energieversorgung;95,6;2020=100;VST066;Index d.tarifl. Monatsverdienste ohne Sonderzahl.
62221;Vj. Index der Tarifverdienste und Arbeitszeiten;JAHR;Jahr;2018;DINSGF;Früheres Bundesgebiet / Neue Länder;DN;Neue Länder;WZ08C7;WZ2008 (ausgewählte Positionen): Tarifindex;WZ08-35;Energieversorgung;100,1;2020=100;VST018;Index der tariflichen Wochenarbeitszeit
62221;Vj. Index der Tarifverdienste und Arbeitszeiten;JAHR;Jahr;2018;DINSGF;Früheres Bundesgebiet / Neue Länder;DN;Neue Länder;WZ08C7;WZ2008 (ausgewählte Positionen): Tarifindex;WZ08-35;Energieversorgung;95,5;2020=100;VST065;Index d.tarifl. Stundenverdienste ohne Sonderzahl.
62221;Vj. Index der Tarifverdienste und Arbeitszeiten;JAHR;Jahr;2023;DINSGF;Früheres Bundesgebiet / Neue Länder;DF;Früheres Bundesgebiet;WZ08C7;WZ2008 (ausgewählte Positionen): Tarifindex;WZ08-24-02;Metall- und Elektroindustrie;107,7;2020=100;VST072;Index d.tarifl. Stundenverdienste mit Sonderzahl.
62221;Vj. Index der Tarifverdienste und Arbeitszeiten;JAHR;Jahr;2023;DINSGF;Früheres Bundesgebiet / Neue Länder;DF;Früheres Bundesgebiet;WZ08C7;WZ2008 (ausgewählte Positionen): Tarifindex;WZ08-24-02;Metall- und Elektroindustrie;107,7;2020=100;VST073;Index d.tarifl. Monatsverdienste mit Sonderzahl.
62221;Vj. Index der Tarifverdienste und Arbeitszeiten;JAHR;Jahr;2023;DINSGF;Früheres Bundesgebiet / Neue Länder;DF;Früheres Bundesgebiet;WZ08C7;WZ2008 (ausgewählte Positionen): Tarifindex;WZ08-24-02;Metall- und Elektroindustrie;35,4;h;VST019;Durchschnittliche tarifliche Wochenarbeitszeit
62221;Vj. Index der Tarifverdienste und Arbeitszeiten;JAHR;Jahr;2023;DINSGF;Früheres Bundesgebiet / Neue Länder;DF;Früheres Bundesgebiet;WZ08C7;WZ2008 (ausgewählte Positionen): Tarifindex;WZ08-24-02;Metall- und Elektroindustrie;103,6;2020=100;VST066;Index d.tarifl. Monatsverdienste ohne Sonderzahl.
62221;Vj. Index der Tarifverdienste und Arbeitszeiten;JAHR;Jahr;2023;DINSGF;Früheres Bundesgebiet / Neue Länder;DF;Früheres Bundesgebiet;WZ08C7;WZ2008 (ausgewählte Positionen): Tarifindex;WZ08-24-02;Metall- und Elektroindustrie;100,0;2020=100;VST018;Index der tariflichen Wochenarbeitszeit
62221;Vj. Index der Tarifverdienste und Arbeitszeiten;JAHR;Jahr;2023;DINSGF;Früheres Bundesgebiet / Neue Länder;DF;Früheres Bundesgebiet;WZ08C7;WZ2008 (ausgewählte Positionen): Tarifindex;WZ08-24-02;Metall- und Elektroindustrie;103,6;2020=100;VST065;Index d.tarifl. Stundenverdienste ohne Sonderzahl.
62221;Vj. Index der Tarifverdienste und Arbeitszeiten;JAHR;Jahr;2025;DINSGF;Früheres Bundesgebiet / Neue Länder;DF;Früheres Bundesgebiet;WZ08C7;WZ2008 (ausgewählte Positionen): Tarifindex;WZ08-G;Handel, Instandhaltung und Reparatur von Kfz;116,7;2020=100;VST072;Index d.tarifl. Stundenverdienste mit Sonderzahl.
62221;Vj. Index der Tarifverdienste und Arbeitszeiten;JAHR;Jahr;2025;DINSGF;Früheres Bundesgebiet / Neue Länder;DF;Früheres Bundesgebiet;WZ08C7;WZ2008 (ausgewählte Positionen): Tarifindex;WZ08-G;Handel, Instandhaltung und Reparatur von Kfz;116,5;2020=100;VST073;Index d.tarifl. Monatsverdienste mit Sonderzahl.
62221;Vj. Index der Tarifverdienste und Arbeitszeiten;JAHR;Jahr;2025;DINSGF;Früheres Bundesgebiet / Neue Länder;DF;Früheres Bundesgebiet;WZ08C7;WZ2008 (ausgewählte Positionen): Tarifindex;WZ08-G;Handel, Instandhaltung und Reparatur von Kfz;37,6;h;VST019;Durchschnittliche tarifliche Wochenarbeitszeit
62221;Vj. Index der Tarifverdienste und Arbeitszeiten;JAHR;Jahr;2025;DINSGF;Früheres Bundesgebiet / Neue Länder;DF;Früheres Bundesgebiet;WZ08C7;WZ2008 (ausgewählte Positionen): Tarifindex;WZ08-G;Handel, Instandhaltung und Reparatur von Kfz;116,3;2020=100;VST066;Index d.tarifl. Monatsverdienste ohne Sonderzahl.
62221;Vj. Index der Tarifverdienste und Arbeitszeiten;JAHR;Jahr;2025;DINSGF;Früheres Bundesgebiet / Neue Länder;DF;Früheres Bundesgebiet;WZ08C7;WZ2008 (ausgewählte Positionen): Tarifindex;WZ08-G;Handel, Instandhaltung und Reparatur von Kfz;99,9;2020=100;VST018;Index der tariflichen Wochenarbeitszeit
62221;Vj. Index der Tarifverdienste und Arbeitszeiten;JAHR;Jahr;2025;DINSGF;Früheres Bundesgebiet / Neue Länder;DF;Früheres Bundesgebiet;WZ08C7;WZ2008 (ausgewählte Positionen): Tarifindex;WZ08-G;Handel, Instandhaltung und Reparatur von Kfz;116,5;2020=100;VST065;Index d.tarifl. Stundenverdienste ohne Sonderzahl.
62221;Vj. Index der Tarifverdienste und Arbeitszeiten;JAHR;Jahr;2016;DINSGF;Früheres Bundesgebiet / Neue Länder;DF;Früheres Bundesgebiet;WZ08C7;WZ2008 (ausgewählte Positionen): Tarifindex;WZ08-82;Dienstleistungen für Unternehmen u.Privatpers. ang;90,9;2020=100;VST072;Index d.tarifl. Stundenverdienste mit Sonderzahl.
62221;Vj. Index der Tarifverdienste und Arbeitszeiten;JAHR;Jahr;2016;DINSGF;Früheres Bundesgebiet / Neue Länder;DF;Früheres Bundesgebiet;WZ08C7;WZ2008 (ausgewählte Positionen): Tarifindex;WZ08-82;Dienstleistungen für Unternehmen u.Privatpers. ang;91,0;2020=100;VST073;Index d.tarifl. Monatsverdienste mit Sonderzahl.
62221;Vj. Index der Tarifverdienste und Arbeitszeiten;JAHR;Jahr;2016;DINSGF;Früheres Bundesgebiet / Neue Länder;DF;Früheres Bundesgebiet;WZ08C7;WZ2008 (ausgewählte Positionen): Tarifindex;WZ08-82;Dienstleistungen für Unternehmen u.Privatpers. ang;37,4;h;VST019;Durchschnittliche tarifliche Wochenarbeitszeit
62221;Vj. Index der Tarifverdienste und Arbeitszeiten;JAHR;Jahr;2016;DINSGF;Früheres Bundesgebiet / Neue Länder;DF;Früheres Bundesgebiet;WZ08C7;WZ2008 (ausgewählte Positionen): Tarifindex;WZ08-82;Dienstleistungen für Unternehmen u.Privatpers. ang;91,2;2020=100;VST066;Index d.tarifl. Monatsverdienste ohne Sonderzahl.
62221;Vj. Index der Tarifverdienste und Arbeitszeiten;JAHR;Jahr;2016;DINSGF;Früheres Bundesgebiet / Neue Länder;DF;Früheres Bundesgebiet;WZ08C7;WZ2008 (ausgewählte Positionen): Tarifindex;WZ08-82;Dienstleistungen für Unternehmen u.Privatpers. ang;100,1;2020=100;VST018;Index der tariflichen Wochenarbeitszeit
62221;Vj. Index der Tarifverdienste und Arbeitszeiten;JAHR;Jahr;2016;DINSGF;Früheres Bundesgebiet / Neue Länder;DF;Früheres Bundesgebiet;WZ08C7;WZ2008 (ausgewählte Positionen): Tarifindex;WZ08-82;Dienstleistungen für Unternehmen u.Privatpers. ang;91,1;2020=100;VST065;Index d.tarifl. Stundenverdienste ohne Sonderzahl.
62221;Vj. Index der Tarifverdienste und Arbeitszeiten;JAHR;Jahr;2019;DINSGF;Früheres Bundesgebiet / Neue Länder;DF;Früheres Bundesgebiet;WZ08C7;WZ2008 (ausgewählte Positionen): Tarifindex;WZ08-86;Gesundheitswesen;97,6;2020=100;VST072;Index d.tarifl. Stundenverdienste mit Sonderzahl.
62221;Vj. Index der Tarifverdienste und Arbeitszeiten;JAHR;Jahr;2019;DINSGF;Früheres Bundesgebiet / Neue Länder;DF;Früheres Bundesgebiet;WZ08C7;WZ2008 (ausgewählte Positionen): Tarifindex;WZ08-86;Gesundheitswesen;97,6;2020=100;VST073;Index d.tarifl. Monatsverdienste mit Sonderzahl.
62221;Vj. Index der Tarifverdienste und Arbeitszeiten;JAHR;Jahr;2019;DINSGF;Früheres Bundesgebiet / Neue Länder;DF;Früheres Bundesgebiet;WZ08C7;WZ2008 (ausgewählte Positionen): Tarifindex;WZ08-86;Gesundheitswesen;39,2;h;VST019;Durchschnittliche tarifliche Wochenarbeitszeit
62221;Vj. Index der Tarifverdienste und Arbeitszeiten;JAHR;Jahr;2019;DINSGF;Früheres Bundesgebiet / Neue Länder;DF;Früheres Bundesgebiet;WZ08C7;WZ2008 (ausgewählte Positionen): Tarifindex;WZ08-86;Gesundheitswesen;97,7;2020=100;VST066;Index d.tarifl. Monatsverdienste ohne Sonderzahl.
62221;Vj. Index der Tarifverdienste und Arbeitszeiten;JAHR;Jahr;2019;DINSGF;Früheres Bundesgebiet / Neue Länder;DF;Früheres Bundesgebiet;WZ08C7;WZ2008 (ausgewählte Positionen): Tarifindex;WZ08-86;Gesundheitswesen;100,0;2020=100;VST018;Index der tariflichen Wochenarbeitszeit
62221;Vj. Index der Tarifverdienste und Arbeitszeiten;JAHR;Jahr;2019;DINSGF;Früheres Bundesgebiet / Neue Länder;DF;Früheres Bundesgebiet;WZ08C7;WZ2008 (ausgewählte Positionen): Tarifindex;WZ08-86;Gesundheitswesen;97,7;2020=100;VST065;Index d.tarifl. Stundenverdienste ohne Sonderzahl.
62221;Vj. Index der Tarifverdienste und Arbeitszeiten;JAHR;Jahr;2021;DINSGF;Früheres Bundesgebiet / Neue Länder;DF;Früheres Bundesgebiet;WZ08C7;WZ2008 (ausgewählte Positionen): Tarifindex;WZ08-84;Öff. Verwaltung, Verteidigung, Sozialversicherung;101,1;2020=100;VST072;Index d.tarifl. Stundenverdienste mit Sonderzahl.
62221;Vj. Index der Tarifverdienste und Arbeitszeiten;JAHR;Jahr;2021;DINSGF;Früheres Bundesgebiet / Neue Länder;DF;Früheres Bundesgebiet;WZ08C7;WZ2008 (ausgewählte Positionen): Tarifindex;WZ08-84;Öff. Verwaltung, Verteidigung, Sozialversicherung;101,1;2020=100;VST073;Index d.tarifl. Monatsverdienste mit Sonderzahl.
62221;Vj. Index der Tarifverdienste und Arbeitszeiten;JAHR;Jahr;2021;DINSGF;Früheres Bundesgebiet / Neue Länder;DF;Früheres Bundesgebiet;WZ08C7;WZ2008 (ausgewählte Positionen): Tarifindex;WZ08-84;Öff. Verwaltung, Verteidigung, Sozialversicherung;40,1;h;VST019;Durchschnittliche tarifliche Wochenarbeitszeit
62221;Vj. Index der Tarifverdienste und Arbeitszeiten;JAHR;Jahr;2021;DINSGF;Früheres Bundesgebiet / Neue Länder;DF;Früheres Bundesgebiet;WZ08C7;WZ2008 (ausgewählte Positionen): Tarifindex;WZ08-84;Öff. Verwaltung, Verteidigung, Sozialversicherung;101,4;2020=100;VST066;Index d.tarifl. Monatsverdienste ohne Sonderzahl.
62221;Vj. Index der Tarifverdienste und Arbeitszeiten;JAHR;Jahr;2021;DINSGF;Früheres Bundesgebiet / Neue Länder;DF;Früheres Bundesgebiet;WZ08C7;WZ2008 (ausgewählte Positionen): Tarifindex;WZ08-84;Öff. Verwaltung, Verteidigung, Sozialversicherung;100,0;2020=100;VST018;Index der tariflichen Wochenarbeitszeit
62221;Vj. Index der Tarifverdienste und Arbeitszeiten;JAHR;Jahr;2021;DINSGF;Früheres Bundesgebiet / Neue Länder;DF;Früheres Bundesgebiet;WZ08C7;WZ2008 (ausgewählte Positionen): Tarifindex;WZ08-84;Öff. Verwaltung, Verteidigung, Sozialversicherung;101,4;2020=100;VST065;Index d.tarifl. Stundenverdienste ohne Sonderzahl.
62221;Vj. Index der Tarifverdienste und Arbeitszeiten;JAHR;Jahr;2016;DINSGF;Früheres Bundesgebiet / Neue Länder;DF;Früheres Bundesgebiet;WZ08C7;WZ2008 (ausgewählte Positionen): Tarifindex;WZ08-88;Sozialwesen (ohne Heime);89,3;2020=100;VST072;Index d.tarifl. Stundenverdienste mit Sonderzahl.
62221;Vj. Index der Tarifverdienste und Arbeitszeiten;JAHR;Jahr;2016;DINSGF;Früheres Bundesgebiet / Neue Länder;DF;Früheres Bundesgebiet;WZ08C7;WZ2008 (ausgewählte Positionen): Tarifindex;WZ08-88;Sozialwesen (ohne Heime);89,3;2020=100;VST073;Index d.tarifl. Monatsverdienste mit Sonderzahl.
62221;Vj. Index der Tarifverdienste und Arbeitszeiten;JAHR;Jahr;2016;DINSGF;Früheres Bundesgebiet / Neue Länder;DF;Früheres Bundesgebiet;WZ08C7;WZ2008 (ausgewählte Positionen): Tarifindex;WZ08-88;Sozialwesen (ohne Heime);39,0;h;VST019;Durchschnittliche tarifliche Wochenarbeitszeit
62221;Vj. Index der Tarifverdienste und Arbeitszeiten;JAHR;Jahr;2016;DINSGF;Früheres Bundesgebiet / Neue Länder;DF;Früheres Bundesgebiet;WZ08C7;WZ2008 (ausgewählte Positionen): Tarifindex;WZ08-88;Sozialwesen (ohne Heime);89,0;2020=100;VST066;Index d.tarifl. Monatsverdienste ohne Sonderzahl.
62221;Vj. Index der Tarifverdienste und Arbeitszeiten;JAHR;Jahr;2016;DINSGF;Früheres Bundesgebiet / Neue Länder;DF;Früheres Bundesgebiet;WZ08C7;WZ2008 (ausgewählte Positionen): Tarifindex;WZ08-88;Sozialwesen (ohne Heime);100,0;2020=100;VST018;Index der tariflichen Wochenarbeitszeit
62221;Vj. Index der Tarifverdienste und Arbeitszeiten;JAHR;Jahr;2016;DINSGF;Früheres Bundesgebiet / Neue Länder;DF;Früheres Bundesgebiet;WZ08C7;WZ2008 (ausgewählte Positionen): Tarifindex;WZ08-88;Sozialwesen (ohne Heime);89,0;2020=100;VST065;Index d.tarifl. Stundenverdienste ohne Sonderzahl.
62221;Vj. Index der Tarifverdienste und Arbeitszeiten;JAHR;Jahr;2022;DINSGF;Früheres Bundesgebiet / Neue Länder;DN;Neue Länder;WZ08C7;WZ2008 (ausgewählte Positionen): Tarifindex;WZ08-95;Reparatur von DV-Geräten und Gebrauchsgütern;102,9;2020=100;VST072;Index d.tarifl. Stundenverdienste mit Sonderzahl.
62221;Vj. Index der Tarifverdienste und Arbeitszeiten;JAHR;Jahr;2022;DINSGF;Früheres Bundesgebiet / Neue Länder;DN;Neue Länder;WZ08C7;WZ2008 (ausgewählte Positionen): Tarifindex;WZ08-95;Reparatur von DV-Geräten und Gebrauchsgütern;102,9;2020=100;VST073;Index d.tarifl. Monatsverdienste mit Sonderzahl.
62221;Vj. Index der Tarifverdienste und Arbeitszeiten;JAHR;Jahr;2022;DINSGF;Früheres Bundesgebiet / Neue Länder;DN;Neue Länder;WZ08C7;WZ2008 (ausgewählte Positionen): Tarifindex;WZ08-95;Reparatur von DV-Geräten und Gebrauchsgütern;36,1;h;VST019;Durchschnittliche tarifliche Wochenarbeitszeit
62221;Vj. Index der Tarifverdienste und Arbeitszeiten;JAHR;Jahr;2022;DINSGF;Früheres Bundesgebiet / Neue Länder;DN;Neue Länder;WZ08C7;WZ2008 (ausgewählte Positionen): Tarifindex;WZ08-95;Reparatur von DV-Geräten und Gebrauchsgütern;102,1;2020=100;VST066;Index d.tarifl. Monatsverdienste ohne Sonderzahl.
62221;Vj. Index der Tarifverdienste und Arbeitszeiten;JAHR;Jahr;2022;DINSGF;Früheres Bundesgebiet / Neue Länder;DN;Neue Länder;WZ08C7;WZ2008 (ausgewählte Positionen): Tarifindex;WZ08-95;Reparatur von DV-Geräten und Gebrauchsgütern;100,0;2020=100;VST018;Index der tariflichen Wochenarbeitszeit
62221;Vj. Index der Tarifverdienste und Arbeitszeiten;JAHR;Jahr;2022;DINSGF;Früheres Bundesgebiet / Neue Länder;DN;Neue Länder;WZ08C7;WZ2008 (ausgewählte Positionen): Tarifindex;WZ08-95;Reparatur von DV-Geräten und Gebrauchsgütern;102,1;2020=100;VST065;Index d.tarifl. Stundenverdienste ohne Sonderzahl.
62221;Vj. Index der Tarifverdienste und Arbeitszeiten;JAHR;Jahr;2025;DINSGF;Früheres Bundesgebiet / Neue Länder;DN;Neue Länder;WZ08C7;WZ2008 (ausgewählte Positionen): Tarifindex;WZ08-38-01;Recycling, Beseitigung von Umweltverschmutzungen;117,1;2020=100;VST072;Index d.tarifl. Stundenverdienste mit Sonderzahl.
62221;Vj. Index der Tarifverdienste und Arbeitszeiten;JAHR;Jahr;2025;DINSGF;Früheres Bundesgebiet / Neue Länder;DN;Neue Länder;WZ08C7;WZ2008 (ausgewählte Positionen): Tarifindex;WZ08-38-01;Recycling, Beseitigung von Umweltverschmutzungen;117,1;2020=100;VST073;Index d.tarifl. Monatsverdienste mit Sonderzahl.
62221;Vj. Index der Tarifverdienste und Arbeitszeiten;JAHR;Jahr;2025;DINSGF;Früheres Bundesgebiet / Neue Länder;DN;Neue Länder;WZ08C7;WZ2008 (ausgewählte Positionen): Tarifindex;WZ08-38-01;Recycling, Beseitigung von Umweltverschmutzungen;39,2;h;VST019;Durchschnittliche tarifliche Wochenarbeitszeit
62221;Vj. Index der Tarifverdienste und Arbeitszeiten;JAHR;Jahr;2025;DINSGF;Früheres Bundesgebiet / Neue Länder;DN;Neue Länder;WZ08C7;WZ2008 (ausgewählte Positionen): Tarifindex;WZ08-38-01;Recycling, Beseitigung von Umweltverschmutzungen;117,2;2020=100;VST066;Index d.tarifl. Monatsverdienste ohne Sonderzahl.
62221;Vj. Index der Tarifverdienste und Arbeitszeiten;JAHR;Jahr;2025;DINSGF;Früheres Bundesgebiet / Neue Länder;DN;Neue Länder;WZ08C7;WZ2008 (ausgewählte Positionen): Tarifindex;WZ08-38-01;Recycling, Beseitigung von Umweltverschmutzungen;100,0;2020=100;VST018;Index der tariflichen Wochenarbeitszeit
62221;Vj. Index der Tarifverdienste und Arbeitszeiten;JAHR;Jahr;2025;DINSGF;Früheres Bundesgebiet / Neue Länder;DN;Neue Länder;WZ08C7;WZ2008 (ausgewählte Positionen): Tarifindex;WZ08-38-01;Recycling, Beseitigung von Umweltverschmutzungen;117,2;2020=100;VST065;Index d.tarifl. Stundenverdienste ohne Sonderzahl.
62221;Vj. Index der Tarifverdienste und Arbeitszeiten;JAHR;Jahr;2018;DINSGF;Früheres Bundesgebiet / Neue Länder;DN;Neue Länder;WZ08C7;WZ2008 (ausgewählte Positionen): Tarifindex;WZ08-11;Getränkeherstellung;94,6;2020=100;VST072;Index d.tarifl. Stundenverdienste mit Sonderzahl.
62221;Vj. Index der Tarifverdienste und Arbeitszeiten;JAHR;Jahr;2018;DINSGF;Früheres Bundesgebiet / Neue Länder;DN;Neue Länder;WZ08C7;WZ2008 (ausgewählte Positionen): Tarifindex;WZ08-11;Getränkeherstellung;94,6;2020=100;VST073;Index d.tarifl. Monatsverdienste mit Sonderzahl.
62221;Vj. Index der Tarifverdienste und Arbeitszeiten;JAHR;Jahr;2018;DINSGF;Früheres Bundesgebiet / Neue Länder;DN;Neue Länder;WZ08C7;WZ2008 (ausgewählte Positionen): Tarifindex;WZ08-11;Getränkeherstellung;38,9;h;VST019;Durchschnittliche tarifliche Wochenarbeitszeit
62221;Vj. Index der Tarifverdienste und Arbeitszeiten;JAHR;Jahr;2018;DINSGF;Früheres Bundesgebiet / Neue Länder;DN;Neue Länder;WZ08C7;WZ2008 (ausgewählte Positionen): Tarifindex;WZ08-11;Getränkeherstellung;94,6;2020=100;VST066;Index d.tarifl. Monatsverdienste ohne Sonderzahl.
62221;Vj. Index der Tarifverdienste und Arbeitszeiten;JAHR;Jahr;2018;DINSGF;Früheres Bundesgebiet / Neue Länder;DN;Neue Länder;WZ08C7;WZ2008 (ausgewählte Positionen): Tarifindex;WZ08-11;Getränkeherstellung;100,0;2020=100;VST018;Index der tariflichen Wochenarbeitszeit
62221;Vj. Index der Tarifverdienste und Arbeitszeiten;JAHR;Jahr;2018;DINSGF;Früheres Bundesgebiet / Neue Länder;DN;Neue Länder;WZ08C7;WZ2008 (ausgewählte Positionen): Tarifindex;WZ08-11;Getränkeherstellung;94,6;2020=100;VST065;Index d.tarifl. Stundenverdienste ohne Sonderzahl.
62221;Vj. Index der Tarifverdienste und Arbeitszeiten;JAHR;Jahr;2021;DINSGF;Früheres Bundesgebiet / Neue Länder;DF;Früheres Bundesgebiet;WZ08C7;WZ2008 (ausgewählte Positionen): Tarifindex;WZ08-93;Dienstleistungen d.Sports,d.Unterhaltg.u.Erholung;100,9;2020=100;VST072;Index d.tarifl. Stundenverdienste mit Sonderzahl.
62221;Vj. Index der Tarifverdienste und Arbeitszeiten;JAHR;Jahr;2021;DINSGF;Früheres Bundesgebiet / Neue Länder;DF;Früheres Bundesgebiet;WZ08C7;WZ2008 (ausgewählte Positionen): Tarifindex;WZ08-93;Dienstleistungen d.Sports,d.Unterhaltg.u.Erholung;100,9;2020=100;VST073;Index d.tarifl. Monatsverdienste mit Sonderzahl.
62221;Vj. Index der Tarifverdienste und Arbeitszeiten;JAHR;Jahr;2021;DINSGF;Früheres Bundesgebiet / Neue Länder;DF;Früheres Bundesgebiet;WZ08C7;WZ2008 (ausgewählte Positionen): Tarifindex;WZ08-93;Dienstleistungen d.Sports,d.Unterhaltg.u.Erholung;38,9;h;VST019;Durchschnittliche tarifliche Wochenarbeitszeit
62221;Vj. Index der Tarifverdienste und Arbeitszeiten;JAHR;Jahr;2021;DINSGF;Früheres Bundesgebiet / Neue Länder;DF;Früheres Bundesgebiet;WZ08C7;WZ2008 (ausgewählte Positionen): Tarifindex;WZ08-93;Dienstleistungen d.Sports,d.Unterhaltg.u.Erholung;101,1;2020=100;VST066;Index d.tarifl. Monatsverdienste ohne Sonderzahl.
62221;Vj. Index der Tarifverdienste und Arbeitszeiten;JAHR;Jahr;2021;DINSGF;Früheres Bundesgebiet / Neue Länder;DF;Früheres Bundesgebiet;WZ08C7;WZ2008 (ausgewählte Positionen): Tarifindex;WZ08-93;Dienstleistungen d.Sports,d.Unterhaltg.u.Erholung;100,0;2020=100;VST018;Index der tariflichen Wochenarbeitszeit
62221;Vj. Index der Tarifverdienste und Arbeitszeiten;JAHR;Jahr;2021;DINSGF;Früheres Bundesgebiet / Neue Länder;DF;Früheres Bundesgebiet;WZ08C7;WZ2008 (ausgewählte Positionen): Tarifindex;WZ08-93;Dienstleistungen d.Sports,d.Unterhaltg.u.Erholung;101,1;2020=100;VST065;Index d.tarifl. Stundenverdienste ohne Sonderzahl.
62221;Vj. Index der Tarifverdienste und Arbeitszeiten;JAHR;Jahr;2025;DINSGF;Früheres Bundesgebiet / Neue Länder;DF;Früheres Bundesgebiet;WZ08C7;WZ2008 (ausgewählte Positionen): Tarifindex;WZ08-B-09;Produzierendes Gewerbe und wirtschaftl. Dienstl.;115,7;2020=100;VST072;Index d.tarifl. Stundenverdienste mit Sonderzahl.
62221;Vj. Index der Tarifverdienste und Arbeitszeiten;JAHR;Jahr;2025;DINSGF;Früheres Bundesgebiet / Neue Länder;DF;Früheres Bundesgebiet;WZ08C7;WZ2008 (ausgewählte Positionen): Tarifindex;WZ08-B-09;Produzierendes Gewerbe und wirtschaftl. Dienstl.;115,7;2020=100;VST073;Index d.tarifl. Monatsverdienste mit Sonderzahl.
62221;Vj. Index der Tarifverdienste und Arbeitszeiten;JAHR;Jahr;2025;DINSGF;Früheres Bundesgebiet / Neue Länder;DF;Früheres Bundesgebiet;WZ08C7;WZ2008 (ausgewählte Positionen): Tarifindex;WZ08-B-09;Produzierendes Gewerbe und wirtschaftl. Dienstl.;37,4;h;VST019;Durchschnittliche tarifliche Wochenarbeitszeit
62221;Vj. Index der Tarifverdienste und Arbeitszeiten;JAHR;Jahr;2025;DINSGF;Früheres Bundesgebiet / Neue Länder;DF;Früheres Bundesgebiet;WZ08C7;WZ2008 (ausgewählte Positionen): Tarifindex;WZ08-B-09;Produzierendes Gewerbe und wirtschaftl. Dienstl.;114,9;2020=100;VST066;Index d.tarifl. Monatsverdienste ohne Sonderzahl.
62221;Vj. Index der Tarifverdienste und Arbeitszeiten;JAHR;Jahr;2025;DINSGF;Früheres Bundesgebiet / Neue Länder;DF;Früheres Bundesgebiet;WZ08C7;WZ2008 (ausgewählte Positionen): Tarifindex;WZ08-B-09;Produzierendes Gewerbe und wirtschaftl. Dienstl.;99,9;2020=100;VST018;Index der tariflichen Wochenarbeitszeit
62221;Vj. Index der Tarifverdienste und Arbeitszeiten;JAHR;Jahr;2025;DINSGF;Früheres Bundesgebiet / Neue Länder;DF;Früheres Bundesgebiet;WZ08C7;WZ2008 (ausgewählte Positionen): Tarifindex;WZ08-B-09;Produzierendes Gewerbe und wirtschaftl. Dienstl.;115,0;2020=100;VST065;Index d.tarifl. Stundenverdienste ohne Sonderzahl.
62221;Vj. Index der Tarifverdienste und Arbeitszeiten;JAHR;Jahr;2018;DINSGF;Früheres Bundesgebiet / Neue Länder;DN;Neue Länder;WZ08C7;WZ2008 (ausgewählte Positionen): Tarifindex;WZ08-26;H.v. DV-Geräten, elektron. u. opt. Erzeugnissen;96,6;2020=100;VST072;Index d.tarifl. Stundenverdienste mit Sonderzahl.
62221;Vj. Index der Tarifverdienste und Arbeitszeiten;JAHR;Jahr;2018;DINSGF;Früheres Bundesgebiet / Neue Länder;DN;Neue Länder;WZ08C7;WZ2008 (ausgewählte Positionen): Tarifindex;WZ08-26;H.v. DV-Geräten, elektron. u. opt. Erzeugnissen;96,6;2020=100;VST073;Index d.tarifl. Monatsverdienste mit Sonderzahl.
62221;Vj. Index der Tarifverdienste und Arbeitszeiten;JAHR;Jahr;2018;DINSGF;Früheres Bundesgebiet / Neue Länder;DN;Neue Länder;WZ08C7;WZ2008 (ausgewählte Positionen): Tarifindex;WZ08-26;H.v. DV-Geräten, elektron. u. opt. Erzeugnissen;37,3;h;VST019;Durchschnittliche tarifliche Wochenarbeitszeit
62221;Vj. Index der Tarifverdienste und Arbeitszeiten;JAHR;Jahr;2018;DINSGF;Früheres Bundesgebiet / Neue Länder;DN;Neue Länder;WZ08C7;WZ2008 (ausgewählte Positionen): Tarifindex;WZ08-26;H.v. DV-Geräten, elektron. u. opt. Erzeugnissen;98,6;2020=100;VST066;Index d.tarifl. Monatsverdienste ohne Sonderzahl.
62221;Vj. Index der Tarifverdienste und Arbeitszeiten;JAHR;Jahr;2018;DINSGF;Früheres Bundesgebiet / Neue Länder;DN;Neue Länder;WZ08C7;WZ2008 (ausgewählte Positionen): Tarifindex;WZ08-26;H.v. DV-Geräten, elektron. u. opt. Erzeugnissen;100,0;2020=100;VST018;Index der tariflichen Wochenarbeitszeit
62221;Vj. Index der Tarifverdienste und Arbeitszeiten;JAHR;Jahr;2018;DINSGF;Früheres Bundesgebiet / Neue Länder;DN;Neue Länder;WZ08C7;WZ2008 (ausgewählte Positionen): Tarifindex;WZ08-26;H.v. DV-Geräten, elektron. u. opt. Erzeugnissen;98,6;2020=100;VST065;Index d.tarifl. Stundenverdienste ohne Sonderzahl.
62221;Vj. Index der Tarifverdienste und Arbeitszeiten;JAHR;Jahr;2018;DINSGF;Früheres Bundesgebiet / Neue Länder;DN;Neue Länder;WZ08C7;WZ2008 (ausgewählte Positionen): Tarifindex;WZ08-20;Herstellung von chemischen Erzeugnissen;93,9;2020=100;VST072;Index d.tarifl. Stundenverdienste mit Sonderzahl.
62221;Vj. Index der Tarifverdienste und Arbeitszeiten;JAHR;Jahr;2018;DINSGF;Früheres Bundesgebiet / Neue Länder;DN;Neue Länder;WZ08C7;WZ2008 (ausgewählte Positionen): Tarifindex;WZ08-20;Herstellung von chemischen Erzeugnissen;94,9;2020=100;VST073;Index d.tarifl. Monatsverdienste mit Sonderzahl.
62221;Vj. Index der Tarifverdienste und Arbeitszeiten;JAHR;Jahr;2018;DINSGF;Früheres Bundesgebiet / Neue Länder;DN;Neue Länder;WZ08C7;WZ2008 (ausgewählte Positionen): Tarifindex;WZ08-20;Herstellung von chemischen Erzeugnissen;39,6;h;VST019;Durchschnittliche tarifliche Wochenarbeitszeit
62221;Vj. Index der Tarifverdienste und Arbeitszeiten;JAHR;Jahr;2018;DINSGF;Früheres Bundesgebiet / Neue Länder;DN;Neue Länder;WZ08C7;WZ2008 (ausgewählte Positionen): Tarifindex;WZ08-20;Herstellung von chemischen Erzeugnissen;95,9;2020=100;VST066;Index d.tarifl. Monatsverdienste ohne Sonderzahl.
62221;Vj. Index der Tarifverdienste und Arbeitszeiten;JAHR;Jahr;2018;DINSGF;Früheres Bundesgebiet / Neue Länder;DN;Neue Länder;WZ08C7;WZ2008 (ausgewählte Positionen): Tarifindex;WZ08-20;Herstellung von chemischen Erzeugnissen;101,0;2020=100;VST018;Index der tariflichen Wochenarbeitszeit
62221;Vj. Index der Tarifverdienste und Arbeitszeiten;JAHR;Jahr;2018;DINSGF;Früheres Bundesgebiet / Neue Länder;DN;Neue Länder;WZ08C7;WZ2008 (ausgewählte Positionen): Tarifindex;WZ08-20;Herstellung von chemischen Erzeugnissen;95,0;2020=100;VST065;Index d.tarifl. Stundenverdienste ohne Sonderzahl.
62221;Vj. Index der Tarifverdienste und Arbeitszeiten;JAHR;Jahr;2019;DINSGF;Früheres Bundesgebiet / Neue Länder;DF;Früheres Bundesgebiet;WZ08C7;WZ2008 (ausgewählte Positionen): Tarifindex;WZ08-95;Reparatur von DV-Geräten und Gebrauchsgütern;99,2;2020=100;VST072;Index d.tarifl. Stundenverdienste mit Sonderzahl.
62221;Vj. Index der Tarifverdienste und Arbeitszeiten;JAHR;Jahr;2019;DINSGF;Früheres Bundesgebiet / Neue Länder;DF;Früheres Bundesgebiet;WZ08C7;WZ2008 (ausgewählte Positionen): Tarifindex;WZ08-95;Reparatur von DV-Geräten und Gebrauchsgütern;99,2;2020=100;VST073;Index d.tarifl. Monatsverdienste mit Sonderzahl.
62221;Vj. Index der Tarifverdienste und Arbeitszeiten;JAHR;Jahr;2019;DINSGF;Früheres Bundesgebiet / Neue Länder;DF;Früheres Bundesgebiet;WZ08C7;WZ2008 (ausgewählte Positionen): Tarifindex;WZ08-95;Reparatur von DV-Geräten und Gebrauchsgütern;36,7;h;VST019;Durchschnittliche tarifliche Wochenarbeitszeit
62221;Vj. Index der Tarifverdienste und Arbeitszeiten;JAHR;Jahr;2019;DINSGF;Früheres Bundesgebiet / Neue Länder;DF;Früheres Bundesgebiet;WZ08C7;WZ2008 (ausgewählte Positionen): Tarifindex;WZ08-95;Reparatur von DV-Geräten und Gebrauchsgütern;99,1;2020=100;VST066;Index d.tarifl. Monatsverdienste ohne Sonderzahl.
62221;Vj. Index der Tarifverdienste und Arbeitszeiten;JAHR;Jahr;2019;DINSGF;Früheres Bundesgebiet / Neue Länder;DF;Früheres Bundesgebiet;WZ08C7;WZ2008 (ausgewählte Positionen): Tarifindex;WZ08-95;Reparatur von DV-Geräten und Gebrauchsgütern;100,0;2020=100;VST018;Index der tariflichen Wochenarbeitszeit
62221;Vj. Index der Tarifverdienste und Arbeitszeiten;JAHR;Jahr;2019;DINSGF;Früheres Bundesgebiet / Neue Länder;DF;Früheres Bundesgebiet;WZ08C7;WZ2008 (ausgewählte Positionen): Tarifindex;WZ08-95;Reparatur von DV-Geräten und Gebrauchsgütern;99,1;2020=100;VST065;Index d.tarifl. Stundenverdienste ohne Sonderzahl.
62221;Vj. Index der Tarifverdienste und Arbeitszeiten;JAHR;Jahr;2022;DINSGF;Früheres Bundesgebiet / Neue Länder;DN;Neue Länder;WZ08C7;WZ2008 (ausgewählte Positionen): Tarifindex;WZ08-75;Veterinärwesen;107,4;2020=100;VST072;Index d.tarifl. Stundenverdienste mit Sonderzahl.
62221;Vj. Index der Tarifverdienste und Arbeitszeiten;JAHR;Jahr;2022;DINSGF;Früheres Bundesgebiet / Neue Länder;DN;Neue Länder;WZ08C7;WZ2008 (ausgewählte Positionen): Tarifindex;WZ08-75;Veterinärwesen;107,4;2020=100;VST073;Index d.tarifl. Monatsverdienste mit Sonderzahl.
62221;Vj. Index der Tarifverdienste und Arbeitszeiten;JAHR;Jahr;2022;DINSGF;Früheres Bundesgebiet / Neue Länder;DN;Neue Länder;WZ08C7;WZ2008 (ausgewählte Positionen): Tarifindex;WZ08-75;Veterinärwesen;40,0;h;VST019;Durchschnittliche tarifliche Wochenarbeitszeit
62221;Vj. Index der Tarifverdienste und Arbeitszeiten;JAHR;Jahr;2022;DINSGF;Früheres Bundesgebiet / Neue Länder;DN;Neue Länder;WZ08C7;WZ2008 (ausgewählte Positionen): Tarifindex;WZ08-75;Veterinärwesen;107,1;2020=100;VST066;Index d.tarifl. Monatsverdienste ohne Sonderzahl.
62221;Vj. Index der Tarifverdienste und Arbeitszeiten;JAHR;Jahr;2022;DINSGF;Früheres Bundesgebiet / Neue Länder;DN;Neue Länder;WZ08C7;WZ2008 (ausgewählte Positionen): Tarifindex;WZ08-75;Veterinärwesen;100,0;2020=100;VST018;Index der tariflichen Wochenarbeitszeit
62221;Vj. Index der Tarifverdienste und Arbeitszeiten;JAHR;Jahr;2022;DINSGF;Früheres Bundesgebiet / Neue Länder;DN;Neue Länder;WZ08C7;WZ2008 (ausgewählte Positionen): Tarifindex;WZ08-75;Veterinärwesen;107,1;2020=100;VST065;Index d.tarifl. Stundenverdienste ohne Sonderzahl.
62221;Vj. Index der Tarifverdienste und Arbeitszeiten;JAHR;Jahr;2024;DINSGF;Früheres Bundesgebiet / Neue Länder;DN;Neue Länder;WZ08C7;WZ2008 (ausgewählte Positionen): Tarifindex;WZ08-M;Freiberufliche, wiss. u. techn. Dienstleistungen;111,9;2020=100;VST072;Index d.tarifl. Stundenverdienste mit Sonderzahl.
62221;Vj. Index der Tarifverdienste und Arbeitszeiten;JAHR;Jahr;2024;DINSGF;Früheres Bundesgebiet / Neue Länder;DN;Neue Länder;WZ08C7;WZ2008 (ausgewählte Positionen): Tarifindex;WZ08-M;Freiberufliche, wiss. u. techn. Dienstleistungen;111,8;2020=100;VST073;Index d.tarifl. Monatsverdienste mit Sonderzahl.
62221;Vj. Index der Tarifverdienste und Arbeitszeiten;JAHR;Jahr;2024;DINSGF;Früheres Bundesgebiet / Neue Länder;DN;Neue Länder;WZ08C7;WZ2008 (ausgewählte Positionen): Tarifindex;WZ08-M;Freiberufliche, wiss. u. techn. Dienstleistungen;38,9;h;VST019;Durchschnittliche tarifliche Wochenarbeitszeit
62221;Vj. Index der Tarifverdienste und Arbeitszeiten;JAHR;Jahr;2024;DINSGF;Früheres Bundesgebiet / Neue Länder;DN;Neue Länder;WZ08C7;WZ2008 (ausgewählte Positionen): Tarifindex;WZ08-M;Freiberufliche, wiss. u. techn. Dienstleistungen;109,6;2020=100;VST066;Index d.tarifl. Monatsverdienste ohne Sonderzahl.
62221;Vj. Index der Tarifverdienste und Arbeitszeiten;JAHR;Jahr;2024;DINSGF;Früheres Bundesgebiet / Neue Länder;DN;Neue Länder;WZ08C7;WZ2008 (ausgewählte Positionen): Tarifindex;WZ08-M;Freiberufliche, wiss. u. techn. Dienstleistungen;99,9;2020=100;VST018;Index der tariflichen Wochenarbeitszeit
62221;Vj. Index der Tarifverdienste und Arbeitszeiten;JAHR;Jahr;2024;DINSGF;Früheres Bundesgebiet / Neue Länder;DN;Neue Länder;WZ08C7;WZ2008 (ausgewählte Positionen): Tarifindex;WZ08-M;Freiberufliche, wiss. u. techn. Dienstleistungen;109,6;2020=100;VST065;Index d.tarifl. Stundenverdienste ohne Sonderzahl.
62221;Vj. Index der Tarifverdienste und Arbeitszeiten;JAHR;Jahr;2019;DINSGF;Früheres Bundesgebiet / Neue Länder;DN;Neue Länder;WZ08C7;WZ2008 (ausgewählte Positionen): Tarifindex;WZ08-13-01;Textil- und Bekleidungsgewerbe;97,0;2020=100;VST072;Index d.tarifl. Stundenverdienste mit Sonderzahl.
62221;Vj. Index der Tarifverdienste und Arbeitszeiten;JAHR;Jahr;2019;DINSGF;Früheres Bundesgebiet / Neue Länder;DN;Neue Länder;WZ08C7;WZ2008 (ausgewählte Positionen): Tarifindex;WZ08-13-01;Textil- und Bekleidungsgewerbe;98,2;2020=100;VST073;Index d.tarifl. Monatsverdienste mit Sonderzahl.
62221;Vj. Index der Tarifverdienste und Arbeitszeiten;JAHR;Jahr;2019;DINSGF;Früheres Bundesgebiet / Neue Länder;DN;Neue Länder;WZ08C7;WZ2008 (ausgewählte Positionen): Tarifindex;WZ08-13-01;Textil- und Bekleidungsgewerbe;39,8;h;VST019;Durchschnittliche tarifliche Wochenarbeitszeit
62221;Vj. Index der Tarifverdienste und Arbeitszeiten;JAHR;Jahr;2019;DINSGF;Früheres Bundesgebiet / Neue Länder;DN;Neue Länder;WZ08C7;WZ2008 (ausgewählte Positionen): Tarifindex;WZ08-13-01;Textil- und Bekleidungsgewerbe;98,3;2020=100;VST066;Index d.tarifl. Monatsverdienste ohne Sonderzahl.
62221;Vj. Index der Tarifverdienste und Arbeitszeiten;JAHR;Jahr;2019;DINSGF;Früheres Bundesgebiet / Neue Länder;DN;Neue Länder;WZ08C7;WZ2008 (ausgewählte Positionen): Tarifindex;WZ08-13-01;Textil- und Bekleidungsgewerbe;101,2;2020=100;VST018;Index der tariflichen Wochenarbeitszeit
62221;Vj. Index der Tarifverdienste und Arbeitszeiten;JAHR;Jahr;2019;DINSGF;Früheres Bundesgebiet / Neue Länder;DN;Neue Länder;WZ08C7;WZ2008 (ausgewählte Positionen): Tarifindex;WZ08-13-01;Textil- und Bekleidungsgewerbe;97,1;2020=100;VST065;Index d.tarifl. Stundenverdienste ohne Sonderzahl.
62221;Vj. Index der Tarifverdienste und Arbeitszeiten;JAHR;Jahr;2025;DINSGF;Früheres Bundesgebiet / Neue Länder;DF;Früheres Bundesgebiet;WZ08C7;WZ2008 (ausgewählte Positionen): Tarifindex;WZ08-32;Herstellung von sonstigen Waren;114,2;2020=100;VST072;Index d.tarifl. Stundenverdienste mit Sonderzahl.
62221;Vj. Index der Tarifverdienste und Arbeitszeiten;JAHR;Jahr;2025;DINSGF;Früheres Bundesgebiet / Neue Länder;DF;Früheres Bundesgebiet;WZ08C7;WZ2008 (ausgewählte Positionen): Tarifindex;WZ08-32;Herstellung von sonstigen Waren;114,2;2020=100;VST073;Index d.tarifl. Monatsverdienste mit Sonderzahl.
62221;Vj. Index der Tarifverdienste und Arbeitszeiten;JAHR;Jahr;2025;DINSGF;Früheres Bundesgebiet / Neue Länder;DF;Früheres Bundesgebiet;WZ08C7;WZ2008 (ausgewählte Positionen): Tarifindex;WZ08-32;Herstellung von sonstigen Waren;36,2;h;VST019;Durchschnittliche tarifliche Wochenarbeitszeit
62221;Vj. Index der Tarifverdienste und Arbeitszeiten;JAHR;Jahr;2025;DINSGF;Früheres Bundesgebiet / Neue Länder;DF;Früheres Bundesgebiet;WZ08C7;WZ2008 (ausgewählte Positionen): Tarifindex;WZ08-32;Herstellung von sonstigen Waren;112,3;2020=100;VST066;Index d.tarifl. Monatsverdienste ohne Sonderzahl.
62221;Vj. Index der Tarifverdienste und Arbeitszeiten;JAHR;Jahr;2025;DINSGF;Früheres Bundesgebiet / Neue Länder;DF;Früheres Bundesgebiet;WZ08C7;WZ2008 (ausgewählte Positionen): Tarifindex;WZ08-32;Herstellung von sonstigen Waren;100,0;2020=100;VST018;Index der tariflichen Wochenarbeitszeit
62221;Vj. Index der Tarifverdienste und Arbeitszeiten;JAHR;Jahr;2025;DINSGF;Früheres Bundesgebiet / Neue Länder;DF;Früheres Bundesgebiet;WZ08C7;WZ2008 (ausgewählte Positionen): Tarifindex;WZ08-32;Herstellung von sonstigen Waren;112,3;2020=100;VST065;Index d.tarifl. Stundenverdienste ohne Sonderzahl.
62221;Vj. Index der Tarifverdienste und Arbeitszeiten;JAHR;Jahr;2022;DINSGF;Früheres Bundesgebiet / Neue Länder;DF;Früheres Bundesgebiet;WZ08C7;WZ2008 (ausgewählte Positionen): Tarifindex;WZ08-52-01;Lagerei und Kurierdienste;104,1;2020=100;VST072;Index d.tarifl. Stundenverdienste mit Sonderzahl.
62221;Vj. Index der Tarifverdienste und Arbeitszeiten;JAHR;Jahr;2022;DINSGF;Früheres Bundesgebiet / Neue Länder;DF;Früheres Bundesgebiet;WZ08C7;WZ2008 (ausgewählte Positionen): Tarifindex;WZ08-52-01;Lagerei und Kurierdienste;104,1;2020=100;VST073;Index d.tarifl. Monatsverdienste mit Sonderzahl.
62221;Vj. Index der Tarifverdienste und Arbeitszeiten;JAHR;Jahr;2022;DINSGF;Früheres Bundesgebiet / Neue Länder;DF;Früheres Bundesgebiet;WZ08C7;WZ2008 (ausgewählte Positionen): Tarifindex;WZ08-52-01;Lagerei und Kurierdienste;38,8;h;VST019;Durchschnittliche tarifliche Wochenarbeitszeit
62221;Vj. Index der Tarifverdienste und Arbeitszeiten;JAHR;Jahr;2022;DINSGF;Früheres Bundesgebiet / Neue Länder;DF;Früheres Bundesgebiet;WZ08C7;WZ2008 (ausgewählte Positionen): Tarifindex;WZ08-52-01;Lagerei und Kurierdienste;104,2;2020=100;VST066;Index d.tarifl. Monatsverdienste ohne Sonderzahl.
62221;Vj. Index der Tarifverdienste und Arbeitszeiten;JAHR;Jahr;2022;DINSGF;Früheres Bundesgebiet / Neue Länder;DF;Früheres Bundesgebiet;WZ08C7;WZ2008 (ausgewählte Positionen): Tarifindex;WZ08-52-01;Lagerei und Kurierdienste;100,0;2020=100;VST018;Index der tariflichen Wochenarbeitszeit
62221;Vj. Index der Tarifverdienste und Arbeitszeiten;JAHR;Jahr;2022;DINSGF;Früheres Bundesgebiet / Neue Länder;DF;Früheres Bundesgebiet;WZ08C7;WZ2008 (ausgewählte Positionen): Tarifindex;WZ08-52-01;Lagerei und Kurierdienste;104,2;2020=100;VST065;Index d.tarifl. Stundenverdienste ohne Sonderzahl.
62221;Vj. Index der Tarifverdienste und Arbeitszeiten;JAHR;Jahr;2023;DINSGF;Früheres Bundesgebiet / Neue Länder;DN;Neue Länder;WZ08C7;WZ2008 (ausgewählte Positionen): Tarifindex;WZ08-87;Heime (ohne Erholungs- und Ferienheime);110,8;2020=100;VST072;Index d.tarifl. Stundenverdienste mit Sonderzahl.
62221;Vj. Index der Tarifverdienste und Arbeitszeiten;JAHR;Jahr;2023;DINSGF;Früheres Bundesgebiet / Neue Länder;DN;Neue Länder;WZ08C7;WZ2008 (ausgewählte Positionen): Tarifindex;WZ08-87;Heime (ohne Erholungs- und Ferienheime);110,3;2020=100;VST073;Index d.tarifl. Monatsverdienste mit Sonderzahl.
62221;Vj. Index der Tarifverdienste und Arbeitszeiten;JAHR;Jahr;2023;DINSGF;Früheres Bundesgebiet / Neue Länder;DN;Neue Länder;WZ08C7;WZ2008 (ausgewählte Positionen): Tarifindex;WZ08-87;Heime (ohne Erholungs- und Ferienheime);39,3;h;VST019;Durchschnittliche tarifliche Wochenarbeitszeit
62221;Vj. Index der Tarifverdienste und Arbeitszeiten;JAHR;Jahr;2023;DINSGF;Früheres Bundesgebiet / Neue Länder;DN;Neue Länder;WZ08C7;WZ2008 (ausgewählte Positionen): Tarifindex;WZ08-87;Heime (ohne Erholungs- und Ferienheime);109,4;2020=100;VST066;Index d.tarifl. Monatsverdienste ohne Sonderzahl.
62221;Vj. Index der Tarifverdienste und Arbeitszeiten;JAHR;Jahr;2023;DINSGF;Früheres Bundesgebiet / Neue Länder;DN;Neue Länder;WZ08C7;WZ2008 (ausgewählte Positionen): Tarifindex;WZ08-87;Heime (ohne Erholungs- und Ferienheime);99,6;2020=100;VST018;Index der tariflichen Wochenarbeitszeit
62221;Vj. Index der Tarifverdienste und Arbeitszeiten;JAHR;Jahr;2023;DINSGF;Früheres Bundesgebiet / Neue Länder;DN;Neue Länder;WZ08C7;WZ2008 (ausgewählte Positionen): Tarifindex;WZ08-87;Heime (ohne Erholungs- und Ferienheime);109,9;2020=100;VST065;Index d.tarifl. Stundenverdienste ohne Sonderzahl.
62221;Vj. Index der Tarifverdienste und Arbeitszeiten;JAHR;Jahr;2018;DINSGF;Früheres Bundesgebiet / Neue Länder;DN;Neue Länder;WZ08C7;WZ2008 (ausgewählte Positionen): Tarifindex;WZ08-08-01;Gewinnung v. Steinen u. Erden, sonst. Bergbau, DL;94,5;2020=100;VST072;Index d.tarifl. Stundenverdienste mit Sonderzahl.
62221;Vj. Index der Tarifverdienste und Arbeitszeiten;JAHR;Jahr;2018;DINSGF;Früheres Bundesgebiet / Neue Länder;DN;Neue Länder;WZ08C7;WZ2008 (ausgewählte Positionen): Tarifindex;WZ08-08-01;Gewinnung v. Steinen u. Erden, sonst. Bergbau, DL;94,5;2020=100;VST073;Index d.tarifl. Monatsverdienste mit Sonderzahl.
62221;Vj. Index der Tarifverdienste und Arbeitszeiten;JAHR;Jahr;2018;DINSGF;Früheres Bundesgebiet / Neue Länder;DN;Neue Länder;WZ08C7;WZ2008 (ausgewählte Positionen): Tarifindex;WZ08-08-01;Gewinnung v. Steinen u. Erden, sonst. Bergbau, DL;40,0;h;VST019;Durchschnittliche tarifliche Wochenarbeitszeit
62221;Vj. Index der Tarifverdienste und Arbeitszeiten;JAHR;Jahr;2018;DINSGF;Früheres Bundesgebiet / Neue Länder;DN;Neue Länder;WZ08C7;WZ2008 (ausgewählte Positionen): Tarifindex;WZ08-08-01;Gewinnung v. Steinen u. Erden, sonst. Bergbau, DL;93,5;2020=100;VST066;Index d.tarifl. Monatsverdienste ohne Sonderzahl.
62221;Vj. Index der Tarifverdienste und Arbeitszeiten;JAHR;Jahr;2018;DINSGF;Früheres Bundesgebiet / Neue Länder;DN;Neue Länder;WZ08C7;WZ2008 (ausgewählte Positionen): Tarifindex;WZ08-08-01;Gewinnung v. Steinen u. Erden, sonst. Bergbau, DL;100,0;2020=100;VST018;Index der tariflichen Wochenarbeitszeit
62221;Vj. Index der Tarifverdienste und Arbeitszeiten;JAHR;Jahr;2018;DINSGF;Früheres Bundesgebiet / Neue Länder;DN;Neue Länder;WZ08C7;WZ2008 (ausgewählte Positionen): Tarifindex;WZ08-08-01;Gewinnung v. Steinen u. Erden, sonst. Bergbau, DL;93,5;2020=100;VST065;Index d.tarifl. Stundenverdienste ohne Sonderzahl.
62221;Vj. Index der Tarifverdienste und Arbeitszeiten;JAHR;Jahr;2021;DINSGF;Früheres Bundesgebiet / Neue Länder;DN;Neue Länder;WZ08C7;WZ2008 (ausgewählte Positionen): Tarifindex;WZ08-01-01;Land- und Forstwirtschaft;101,4;2020=100;VST072;Index d.tarifl. Stundenverdienste mit Sonderzahl.
62221;Vj. Index der Tarifverdienste und Arbeitszeiten;JAHR;Jahr;2021;DINSGF;Früheres Bundesgebiet / Neue Länder;DN;Neue Länder;WZ08C7;WZ2008 (ausgewählte Positionen): Tarifindex;WZ08-01-01;Land- und Forstwirtschaft;101,4;2020=100;VST073;Index d.tarifl. Monatsverdienste mit Sonderzahl.
62221;Vj. Index der Tarifverdienste und Arbeitszeiten;JAHR;Jahr;2021;DINSGF;Früheres Bundesgebiet / Neue Länder;DN;Neue Länder;WZ08C7;WZ2008 (ausgewählte Positionen): Tarifindex;WZ08-01-01;Land- und Forstwirtschaft;39,8;h;VST019;Durchschnittliche tarifliche Wochenarbeitszeit
62221;Vj. Index der Tarifverdienste und Arbeitszeiten;JAHR;Jahr;2021;DINSGF;Früheres Bundesgebiet / Neue Länder;DN;Neue Länder;WZ08C7;WZ2008 (ausgewählte Positionen): Tarifindex;WZ08-01-01;Land- und Forstwirtschaft;101,3;2020=100;VST066;Index d.tarifl. Monatsverdienste ohne Sonderzahl.
62221;Vj. Index der Tarifverdienste und Arbeitszeiten;JAHR;Jahr;2021;DINSGF;Früheres Bundesgebiet / Neue Länder;DN;Neue Länder;WZ08C7;WZ2008 (ausgewählte Positionen): Tarifindex;WZ08-01-01;Land- und Forstwirtschaft;100,0;2020=100;VST018;Index der tariflichen Wochenarbeitszeit
62221;Vj. Index der Tarifverdienste und Arbeitszeiten;JAHR;Jahr;2021;DINSGF;Früheres Bundesgebiet / Neue Länder;DN;Neue Länder;WZ08C7;WZ2008 (ausgewählte Positionen): Tarifindex;WZ08-01-01;Land- und Forstwirtschaft;101,3;2020=100;VST065;Index d.tarifl. Stundenverdienste ohne Sonderzahl.
62221;Vj. Index der Tarifverdienste und Arbeitszeiten;JAHR;Jahr;2023;DINSGF;Früheres Bundesgebiet / Neue Länder;DN;Neue Länder;WZ08C7;WZ2008 (ausgewählte Positionen): Tarifindex;WZ08-81;Gebäudebetreuung, Garten- und Landschaftsbau;117,2;2020=100;VST072;Index d.tarifl. Stundenverdienste mit Sonderzahl.
62221;Vj. Index der Tarifverdienste und Arbeitszeiten;JAHR;Jahr;2023;DINSGF;Früheres Bundesgebiet / Neue Länder;DN;Neue Länder;WZ08C7;WZ2008 (ausgewählte Positionen): Tarifindex;WZ08-81;Gebäudebetreuung, Garten- und Landschaftsbau;117,2;2020=100;VST073;Index d.tarifl. Monatsverdienste mit Sonderzahl.
62221;Vj. Index der Tarifverdienste und Arbeitszeiten;JAHR;Jahr;2023;DINSGF;Früheres Bundesgebiet / Neue Länder;DN;Neue Länder;WZ08C7;WZ2008 (ausgewählte Positionen): Tarifindex;WZ08-81;Gebäudebetreuung, Garten- und Landschaftsbau;39,0;h;VST019;Durchschnittliche tarifliche Wochenarbeitszeit
62221;Vj. Index der Tarifverdienste und Arbeitszeiten;JAHR;Jahr;2023;DINSGF;Früheres Bundesgebiet / Neue Länder;DN;Neue Länder;WZ08C7;WZ2008 (ausgewählte Positionen): Tarifindex;WZ08-81;Gebäudebetreuung, Garten- und Landschaftsbau;117,0;2020=100;VST066;Index d.tarifl. Monatsverdienste ohne Sonderzahl.
62221;Vj. Index der Tarifverdienste und Arbeitszeiten;JAHR;Jahr;2023;DINSGF;Früheres Bundesgebiet / Neue Länder;DN;Neue Länder;WZ08C7;WZ2008 (ausgewählte Positionen): Tarifindex;WZ08-81;Gebäudebetreuung, Garten- und Landschaftsbau;100,0;2020=100;VST018;Index der tariflichen Wochenarbeitszeit
62221;Vj. Index der Tarifverdienste und Arbeitszeiten;JAHR;Jahr;2023;DINSGF;Früheres Bundesgebiet / Neue Länder;DN;Neue Länder;WZ08C7;WZ2008 (ausgewählte Positionen): Tarifindex;WZ08-81;Gebäudebetreuung, Garten- und Landschaftsbau;117,0;2020=100;VST065;Index d.tarifl. Stundenverdienste ohne Sonderzahl.
62221;Vj. Index der Tarifverdienste und Arbeitszeiten;JAHR;Jahr;2017;DINSGF;Früheres Bundesgebiet / Neue Länder;DF;Früheres Bundesgebiet;WZ08C7;WZ2008 (ausgewählte Positionen): Tarifindex;WZ08-H;Verkehr und Lagerei;92,1;2020=100;VST072;Index d.tarifl. Stundenverdienste mit Sonderzahl.
62221;Vj. Index der Tarifverdienste und Arbeitszeiten;JAHR;Jahr;2017;DINSGF;Früheres Bundesgebiet / Neue Länder;DF;Früheres Bundesgebiet;WZ08C7;WZ2008 (ausgewählte Positionen): Tarifindex;WZ08-H;Verkehr und Lagerei;92,2;2020=100;VST073;Index d.tarifl. Monatsverdienste mit Sonderzahl.
62221;Vj. Index der Tarifverdienste und Arbeitszeiten;JAHR;Jahr;2017;DINSGF;Früheres Bundesgebiet / Neue Länder;DF;Früheres Bundesgebiet;WZ08C7;WZ2008 (ausgewählte Positionen): Tarifindex;WZ08-H;Verkehr und Lagerei;38,8;h;VST019;Durchschnittliche tarifliche Wochenarbeitszeit
62221;Vj. Index der Tarifverdienste und Arbeitszeiten;JAHR;Jahr;2017;DINSGF;Früheres Bundesgebiet / Neue Länder;DF;Früheres Bundesgebiet;WZ08C7;WZ2008 (ausgewählte Positionen): Tarifindex;WZ08-H;Verkehr und Lagerei;92,6;2020=100;VST066;Index d.tarifl. Monatsverdienste ohne Sonderzahl.
62221;Vj. Index der Tarifverdienste und Arbeitszeiten;JAHR;Jahr;2017;DINSGF;Früheres Bundesgebiet / Neue Länder;DF;Früheres Bundesgebiet;WZ08C7;WZ2008 (ausgewählte Positionen): Tarifindex;WZ08-H;Verkehr und Lagerei;100,0;2020=100;VST018;Index der tariflichen Wochenarbeitszeit
62221;Vj. Index der Tarifverdienste und Arbeitszeiten;JAHR;Jahr;2017;DINSGF;Früheres Bundesgebiet / Neue Länder;DF;Früheres Bundesgebiet;WZ08C7;WZ2008 (ausgewählte Positionen): Tarifindex;WZ08-H;Verkehr und Lagerei;92,5;2020=100;VST065;Index d.tarifl. Stundenverdienste ohne Sonderzahl.
62221;Vj. Index der Tarifverdienste und Arbeitszeiten;JAHR;Jahr;2024;DINSGF;Früheres Bundesgebiet / Neue Länder;DF;Früheres Bundesgebiet;WZ08C7;WZ2008 (ausgewählte Positionen): Tarifindex;WZ08-20;Herstellung von chemischen Erzeugnissen;112,6;2020=100;VST072;Index d.tarifl. Stundenverdienste mit Sonderzahl.
62221;Vj. Index der Tarifverdienste und Arbeitszeiten;JAHR;Jahr;2024;DINSGF;Früheres Bundesgebiet / Neue Länder;DF;Früheres Bundesgebiet;WZ08C7;WZ2008 (ausgewählte Positionen): Tarifindex;WZ08-20;Herstellung von chemischen Erzeugnissen;112,5;2020=100;VST073;Index d.tarifl. Monatsverdienste mit Sonderzahl.
62221;Vj. Index der Tarifverdienste und Arbeitszeiten;JAHR;Jahr;2024;DINSGF;Früheres Bundesgebiet / Neue Länder;DF;Früheres Bundesgebiet;WZ08C7;WZ2008 (ausgewählte Positionen): Tarifindex;WZ08-20;Herstellung von chemischen Erzeugnissen;37,5;h;VST019;Durchschnittliche tarifliche Wochenarbeitszeit
62221;Vj. Index der Tarifverdienste und Arbeitszeiten;JAHR;Jahr;2024;DINSGF;Früheres Bundesgebiet / Neue Länder;DF;Früheres Bundesgebiet;WZ08C7;WZ2008 (ausgewählte Positionen): Tarifindex;WZ08-20;Herstellung von chemischen Erzeugnissen;109,4;2020=100;VST066;Index d.tarifl. Monatsverdienste ohne Sonderzahl.
62221;Vj. Index der Tarifverdienste und Arbeitszeiten;JAHR;Jahr;2024;DINSGF;Früheres Bundesgebiet / Neue Länder;DF;Früheres Bundesgebiet;WZ08C7;WZ2008 (ausgewählte Positionen): Tarifindex;WZ08-20;Herstellung von chemischen Erzeugnissen;100,0;2020=100;VST018;Index der tariflichen Wochenarbeitszeit
62221;Vj. Index der Tarifverdienste und Arbeitszeiten;JAHR;Jahr;2024;DINSGF;Früheres Bundesgebiet / Neue Länder;DF;Früheres Bundesgebiet;WZ08C7;WZ2008 (ausgewählte Positionen): Tarifindex;WZ08-20;Herstellung von chemischen Erzeugnissen;109,5;2020=100;VST065;Index d.tarifl. Stundenverdienste ohne Sonderzahl.
62221;Vj. Index der Tarifverdienste und Arbeitszeiten;JAHR;Jahr;2024;DINSGF;Früheres Bundesgebiet / Neue Länder;DN;Neue Länder;WZ08C7;WZ2008 (ausgewählte Positionen): Tarifindex;WZ08-G;Handel, Instandhaltung und Reparatur von Kfz;117,0;2020=100;VST072;Index d.tarifl. Stundenverdienste mit Sonderzahl.
62221;Vj. Index der Tarifverdienste und Arbeitszeiten;JAHR;Jahr;2024;DINSGF;Früheres Bundesgebiet / Neue Länder;DN;Neue Länder;WZ08C7;WZ2008 (ausgewählte Positionen): Tarifindex;WZ08-G;Handel, Instandhaltung und Reparatur von Kfz;116,7;2020=100;VST073;Index d.tarifl. Monatsverdienste mit Sonderzahl.
62221;Vj. Index der Tarifverdienste und Arbeitszeiten;JAHR;Jahr;2024;DINSGF;Früheres Bundesgebiet / Neue Länder;DN;Neue Länder;WZ08C7;WZ2008 (ausgewählte Positionen): Tarifindex;WZ08-G;Handel, Instandhaltung und Reparatur von Kfz;38,2;h;VST019;Durchschnittliche tarifliche Wochenarbeitszeit
62221;Vj. Index der Tarifverdienste und Arbeitszeiten;JAHR;Jahr;2024;DINSGF;Früheres Bundesgebiet / Neue Länder;DN;Neue Länder;WZ08C7;WZ2008 (ausgewählte Positionen): Tarifindex;WZ08-G;Handel, Instandhaltung und Reparatur von Kfz;109,9;2020=100;VST066;Index d.tarifl. Monatsverdienste ohne Sonderzahl.
62221;Vj. Index der Tarifverdienste und Arbeitszeiten;JAHR;Jahr;2024;DINSGF;Früheres Bundesgebiet / Neue Länder;DN;Neue Länder;WZ08C7;WZ2008 (ausgewählte Positionen): Tarifindex;WZ08-G;Handel, Instandhaltung und Reparatur von Kfz;99,9;2020=100;VST018;Index der tariflichen Wochenarbeitszeit
62221;Vj. Index der Tarifverdienste und Arbeitszeiten;JAHR;Jahr;2024;DINSGF;Früheres Bundesgebiet / Neue Länder;DN;Neue Länder;WZ08C7;WZ2008 (ausgewählte Positionen): Tarifindex;WZ08-G;Handel, Instandhaltung und Reparatur von Kfz;110,1;2020=100;VST065;Index d.tarifl. Stundenverdienste ohne Sonderzahl.
62221;Vj. Index der Tarifverdienste und Arbeitszeiten;JAHR;Jahr;2023;DINSGF;Früheres Bundesgebiet / Neue Länder;DF;Früheres Bundesgebiet;WZ08C7;WZ2008 (ausgewählte Positionen): Tarifindex;WZ08-55-01;Gastgewerbe;116,5;2020=100;VST072;Index d.tarifl. Stundenverdienste mit Sonderzahl.
62221;Vj. Index der Tarifverdienste und Arbeitszeiten;JAHR;Jahr;2023;DINSGF;Früheres Bundesgebiet / Neue Länder;DF;Früheres Bundesgebiet;WZ08C7;WZ2008 (ausgewählte Positionen): Tarifindex;WZ08-55-01;Gastgewerbe;116,5;2020=100;VST073;Index d.tarifl. Monatsverdienste mit Sonderzahl.
62221;Vj. Index der Tarifverdienste und Arbeitszeiten;JAHR;Jahr;2023;DINSGF;Früheres Bundesgebiet / Neue Länder;DF;Früheres Bundesgebiet;WZ08C7;WZ2008 (ausgewählte Positionen): Tarifindex;WZ08-55-01;Gastgewerbe;39,0;h;VST019;Durchschnittliche tarifliche Wochenarbeitszeit
62221;Vj. Index der Tarifverdienste und Arbeitszeiten;JAHR;Jahr;2023;DINSGF;Früheres Bundesgebiet / Neue Länder;DF;Früheres Bundesgebiet;WZ08C7;WZ2008 (ausgewählte Positionen): Tarifindex;WZ08-55-01;Gastgewerbe;116,5;2020=100;VST066;Index d.tarifl. Monatsverdienste ohne Sonderzahl.
62221;Vj. Index der Tarifverdienste und Arbeitszeiten;JAHR;Jahr;2023;DINSGF;Früheres Bundesgebiet / Neue Länder;DF;Früheres Bundesgebiet;WZ08C7;WZ2008 (ausgewählte Positionen): Tarifindex;WZ08-55-01;Gastgewerbe;100,0;2020=100;VST018;Index der tariflichen Wochenarbeitszeit
62221;Vj. Index der Tarifverdienste und Arbeitszeiten;JAHR;Jahr;2023;DINSGF;Früheres Bundesgebiet / Neue Länder;DF;Früheres Bundesgebiet;WZ08C7;WZ2008 (ausgewählte Positionen): Tarifindex;WZ08-55-01;Gastgewerbe;116,5;2020=100;VST065;Index d.tarifl. Stundenverdienste ohne Sonderzahl.
62221;Vj. Index der Tarifverdienste und Arbeitszeiten;JAHR;Jahr;2023;DINSGF;Früheres Bundesgebiet / Neue Länder;DF;Früheres Bundesgebiet;WZ08C7;WZ2008 (ausgewählte Positionen): Tarifindex;WZ08-10-02;Ernährungsgewerbe;110,6;2020=100;VST072;Index d.tarifl. Stundenverdienste mit Sonderzahl.
62221;Vj. Index der Tarifverdienste und Arbeitszeiten;JAHR;Jahr;2023;DINSGF;Früheres Bundesgebiet / Neue Länder;DF;Früheres Bundesgebiet;WZ08C7;WZ2008 (ausgewählte Positionen): Tarifindex;WZ08-10-02;Ernährungsgewerbe;110,6;2020=100;VST073;Index d.tarifl. Monatsverdienste mit Sonderzahl.
62221;Vj. Index der Tarifverdienste und Arbeitszeiten;JAHR;Jahr;2023;DINSGF;Früheres Bundesgebiet / Neue Länder;DF;Früheres Bundesgebiet;WZ08C7;WZ2008 (ausgewählte Positionen): Tarifindex;WZ08-10-02;Ernährungsgewerbe;38,1;h;VST019;Durchschnittliche tarifliche Wochenarbeitszeit
62221;Vj. Index der Tarifverdienste und Arbeitszeiten;JAHR;Jahr;2023;DINSGF;Früheres Bundesgebiet / Neue Länder;DF;Früheres Bundesgebiet;WZ08C7;WZ2008 (ausgewählte Positionen): Tarifindex;WZ08-10-02;Ernährungsgewerbe;108,9;2020=100;VST066;Index d.tarifl. Monatsverdienste ohne Sonderzahl.
62221;Vj. Index der Tarifverdienste und Arbeitszeiten;JAHR;Jahr;2023;DINSGF;Früheres Bundesgebiet / Neue Länder;DF;Früheres Bundesgebiet;WZ08C7;WZ2008 (ausgewählte Positionen): Tarifindex;WZ08-10-02;Ernährungsgewerbe;100,0;2020=100;VST018;Index der tariflichen Wochenarbeitszeit
62221;Vj. Index der Tarifverdienste und Arbeitszeiten;JAHR;Jahr;2023;DINSGF;Früheres Bundesgebiet / Neue Länder;DF;Früheres Bundesgebiet;WZ08C7;WZ2008 (ausgewählte Positionen): Tarifindex;WZ08-10-02;Ernährungsgewerbe;108,8;2020=100;VST065;Index d.tarifl. Stundenverdienste ohne Sonderzahl.
62221;Vj. Index der Tarifverdienste und Arbeitszeiten;JAHR;Jahr;2024;DINSGF;Früheres Bundesgebiet / Neue Länder;DF;Früheres Bundesgebiet;WZ08C7;WZ2008 (ausgewählte Positionen): Tarifindex;WZ08-B-11;Produzierendes Gewerbe, Handel u.A.;112,2;2020=100;VST072;Index d.tarifl. Stundenverdienste mit Sonderzahl.
62221;Vj. Index der Tarifverdienste und Arbeitszeiten;JAHR;Jahr;2024;DINSGF;Früheres Bundesgebiet / Neue Länder;DF;Früheres Bundesgebiet;WZ08C7;WZ2008 (ausgewählte Positionen): Tarifindex;WZ08-B-11;Produzierendes Gewerbe, Handel u.A.;112,2;2020=100;VST073;Index d.tarifl. Monatsverdienste mit Sonderzahl.
62221;Vj. Index der Tarifverdienste und Arbeitszeiten;JAHR;Jahr;2024;DINSGF;Früheres Bundesgebiet / Neue Länder;DF;Früheres Bundesgebiet;WZ08C7;WZ2008 (ausgewählte Positionen): Tarifindex;WZ08-B-11;Produzierendes Gewerbe, Handel u.A.;38,1;h;VST019;Durchschnittliche tarifliche Wochenarbeitszeit
62221;Vj. Index der Tarifverdienste und Arbeitszeiten;JAHR;Jahr;2024;DINSGF;Früheres Bundesgebiet / Neue Länder;DF;Früheres Bundesgebiet;WZ08C7;WZ2008 (ausgewählte Positionen): Tarifindex;WZ08-B-11;Produzierendes Gewerbe, Handel u.A.;109,3;2020=100;VST066;Index d.tarifl. Monatsverdienste ohne Sonderzahl.
62221;Vj. Index der Tarifverdienste und Arbeitszeiten;JAHR;Jahr;2024;DINSGF;Früheres Bundesgebiet / Neue Länder;DF;Früheres Bundesgebiet;WZ08C7;WZ2008 (ausgewählte Positionen): Tarifindex;WZ08-B-11;Produzierendes Gewerbe, Handel u.A.;100,0;2020=100;VST018;Index der tariflichen Wochenarbeitszeit
62221;Vj. Index der Tarifverdienste und Arbeitszeiten;JAHR;Jahr;2024;DINSGF;Früheres Bundesgebiet / Neue Länder;DF;Früheres Bundesgebiet;WZ08C7;WZ2008 (ausgewählte Positionen): Tarifindex;WZ08-B-11;Produzierendes Gewerbe, Handel u.A.;109,3;2020=100;VST065;Index d.tarifl. Stundenverdienste ohne Sonderzahl.
62221;Vj. Index der Tarifverdienste und Arbeitszeiten;JAHR;Jahr;2024;DINSGF;Früheres Bundesgebiet / Neue Länder;DN;Neue Länder;WZ08C7;WZ2008 (ausgewählte Positionen): Tarifindex;WZ08-S;Erbringung von sonstigen Dienstleistungen;112,8;2020=100;VST072;Index d.tarifl. Stundenverdienste mit Sonderzahl.
62221;Vj. Index der Tarifverdienste und Arbeitszeiten;JAHR;Jahr;2024;DINSGF;Früheres Bundesgebiet / Neue Länder;DN;Neue Länder;WZ08C7;WZ2008 (ausgewählte Positionen): Tarifindex;WZ08-S;Erbringung von sonstigen Dienstleistungen;112,5;2020=100;VST073;Index d.tarifl. Monatsverdienste mit Sonderzahl.
62221;Vj. Index der Tarifverdienste und Arbeitszeiten;JAHR;Jahr;2024;DINSGF;Früheres Bundesgebiet / Neue Länder;DN;Neue Länder;WZ08C7;WZ2008 (ausgewählte Positionen): Tarifindex;WZ08-S;Erbringung von sonstigen Dienstleistungen;39,4;h;VST019;Durchschnittliche tarifliche Wochenarbeitszeit
62221;Vj. Index der Tarifverdienste und Arbeitszeiten;JAHR;Jahr;2024;DINSGF;Früheres Bundesgebiet / Neue Länder;DN;Neue Länder;WZ08C7;WZ2008 (ausgewählte Positionen): Tarifindex;WZ08-S;Erbringung von sonstigen Dienstleistungen;109,5;2020=100;VST066;Index d.tarifl. Monatsverdienste ohne Sonderzahl.
62221;Vj. Index der Tarifverdienste und Arbeitszeiten;JAHR;Jahr;2024;DINSGF;Früheres Bundesgebiet / Neue Länder;DN;Neue Länder;WZ08C7;WZ2008 (ausgewählte Positionen): Tarifindex;WZ08-S;Erbringung von sonstigen Dienstleistungen;99,6;2020=100;VST018;Index der tariflichen Wochenarbeitszeit
62221;Vj. Index der Tarifverdienste und Arbeitszeiten;JAHR;Jahr;2024;DINSGF;Früheres Bundesgebiet / Neue Länder;DN;Neue Länder;WZ08C7;WZ2008 (ausgewählte Positionen): Tarifindex;WZ08-S;Erbringung von sonstigen Dienstleistungen;109,9;2020=100;VST065;Index d.tarifl. Stundenverdienste ohne Sonderzahl.
62221;Vj. Index der Tarifverdienste und Arbeitszeiten;JAHR;Jahr;2017;DINSGF;Früheres Bundesgebiet / Neue Länder;DF;Früheres Bundesgebiet;WZ08C7;WZ2008 (ausgewählte Positionen): Tarifindex;WZ08-N;Sonstige wirtschaftliche Dienstleistungen;92,1;2020=100;VST072;Index d.tarifl. Stundenverdienste mit Sonderzahl.
62221;Vj. Index der Tarifverdienste und Arbeitszeiten;JAHR;Jahr;2017;DINSGF;Früheres Bundesgebiet / Neue Länder;DF;Früheres Bundesgebiet;WZ08C7;WZ2008 (ausgewählte Positionen): Tarifindex;WZ08-N;Sonstige wirtschaftliche Dienstleistungen;92,1;2020=100;VST073;Index d.tarifl. Monatsverdienste mit Sonderzahl.
62221;Vj. Index der Tarifverdienste und Arbeitszeiten;JAHR;Jahr;2017;DINSGF;Früheres Bundesgebiet / Neue Länder;DF;Früheres Bundesgebiet;WZ08C7;WZ2008 (ausgewählte Positionen): Tarifindex;WZ08-N;Sonstige wirtschaftliche Dienstleistungen;36,9;h;VST019;Durchschnittliche tarifliche Wochenarbeitszeit
62221;Vj. Index der Tarifverdienste und Arbeitszeiten;JAHR;Jahr;2017;DINSGF;Früheres Bundesgebiet / Neue Länder;DF;Früheres Bundesgebiet;WZ08C7;WZ2008 (ausgewählte Positionen): Tarifindex;WZ08-N;Sonstige wirtschaftliche Dienstleistungen;92,2;2020=100;VST066;Index d.tarifl. Monatsverdienste ohne Sonderzahl.
62221;Vj. Index der Tarifverdienste und Arbeitszeiten;JAHR;Jahr;2017;DINSGF;Früheres Bundesgebiet / Neue Länder;DF;Früheres Bundesgebiet;WZ08C7;WZ2008 (ausgewählte Positionen): Tarifindex;WZ08-N;Sonstige wirtschaftliche Dienstleistungen;100,0;2020=100;VST018;Index der tariflichen Wochenarbeitszeit
62221;Vj. Index der Tarifverdienste und Arbeitszeiten;JAHR;Jahr;2017;DINSGF;Früheres Bundesgebiet / Neue Länder;DF;Früheres Bundesgebiet;WZ08C7;WZ2008 (ausgewählte Positionen): Tarifindex;WZ08-N;Sonstige wirtschaftliche Dienstleistungen;92,2;2020=100;VST065;Index d.tarifl. Stundenverdienste ohne Sonderzahl.
62221;Vj. Index der Tarifverdienste und Arbeitszeiten;JAHR;Jahr;2023;DINSGF;Früheres Bundesgebiet / Neue Länder;DN;Neue Länder;WZ08C7;WZ2008 (ausgewählte Positionen): Tarifindex;WZ08-G-02;Dienstleistungsbereich;107,3;2020=100;VST072;Index d.tarifl. Stundenverdienste mit Sonderzahl.
62221;Vj. Index der Tarifverdienste und Arbeitszeiten;JAHR;Jahr;2023;DINSGF;Früheres Bundesgebiet / Neue Länder;DN;Neue Länder;WZ08C7;WZ2008 (ausgewählte Positionen): Tarifindex;WZ08-G-02;Dienstleistungsbereich;107,2;2020=100;VST073;Index d.tarifl. Monatsverdienste mit Sonderzahl.
62221;Vj. Index der Tarifverdienste und Arbeitszeiten;JAHR;Jahr;2023;DINSGF;Früheres Bundesgebiet / Neue Länder;DN;Neue Länder;WZ08C7;WZ2008 (ausgewählte Positionen): Tarifindex;WZ08-G-02;Dienstleistungsbereich;39,2;h;VST019;Durchschnittliche tarifliche Wochenarbeitszeit
62221;Vj. Index der Tarifverdienste und Arbeitszeiten;JAHR;Jahr;2023;DINSGF;Früheres Bundesgebiet / Neue Länder;DN;Neue Länder;WZ08C7;WZ2008 (ausgewählte Positionen): Tarifindex;WZ08-G-02;Dienstleistungsbereich;105,8;2020=100;VST066;Index d.tarifl. Monatsverdienste ohne Sonderzahl.
62221;Vj. Index der Tarifverdienste und Arbeitszeiten;JAHR;Jahr;2023;DINSGF;Früheres Bundesgebiet / Neue Länder;DN;Neue Länder;WZ08C7;WZ2008 (ausgewählte Positionen): Tarifindex;WZ08-G-02;Dienstleistungsbereich;99,9;2020=100;VST018;Index der tariflichen Wochenarbeitszeit
62221;Vj. Index der Tarifverdienste und Arbeitszeiten;JAHR;Jahr;2023;DINSGF;Früheres Bundesgebiet / Neue Länder;DN;Neue Länder;WZ08C7;WZ2008 (ausgewählte Positionen): Tarifindex;WZ08-G-02;Dienstleistungsbereich;105,8;2020=100;VST065;Index d.tarifl. Stundenverdienste ohne Sonderzahl.
62221;Vj. Index der Tarifverdienste und Arbeitszeiten;JAHR;Jahr;2018;DINSGF;Früheres Bundesgebiet / Neue Länder;DN;Neue Länder;WZ08C7;WZ2008 (ausgewählte Positionen): Tarifindex;WZ08-10-01;Ernährungsgewerbe und Tabakverarbeitung;95,2;2020=100;VST072;Index d.tarifl. Stundenverdienste mit Sonderzahl.
62221;Vj. Index der Tarifverdienste und Arbeitszeiten;JAHR;Jahr;2018;DINSGF;Früheres Bundesgebiet / Neue Länder;DN;Neue Länder;WZ08C7;WZ2008 (ausgewählte Positionen): Tarifindex;WZ08-10-01;Ernährungsgewerbe und Tabakverarbeitung;95,2;2020=100;VST073;Index d.tarifl. Monatsverdienste mit Sonderzahl.
62221;Vj. Index der Tarifverdienste und Arbeitszeiten;JAHR;Jahr;2018;DINSGF;Früheres Bundesgebiet / Neue Länder;DN;Neue Länder;WZ08C7;WZ2008 (ausgewählte Positionen): Tarifindex;WZ08-10-01;Ernährungsgewerbe und Tabakverarbeitung;38,7;h;VST019;Durchschnittliche tarifliche Wochenarbeitszeit
62221;Vj. Index der Tarifverdienste und Arbeitszeiten;JAHR;Jahr;2018;DINSGF;Früheres Bundesgebiet / Neue Länder;DN;Neue Länder;WZ08C7;WZ2008 (ausgewählte Positionen): Tarifindex;WZ08-10-01;Ernährungsgewerbe und Tabakverarbeitung;95,4;2020=100;VST066;Index d.tarifl. Monatsverdienste ohne Sonderzahl.
62221;Vj. Index der Tarifverdienste und Arbeitszeiten;JAHR;Jahr;2018;DINSGF;Früheres Bundesgebiet / Neue Länder;DN;Neue Länder;WZ08C7;WZ2008 (ausgewählte Positionen): Tarifindex;WZ08-10-01;Ernährungsgewerbe und Tabakverarbeitung;100,0;2020=100;VST018;Index der tariflichen Wochenarbeitszeit
62221;Vj. Index der Tarifverdienste und Arbeitszeiten;JAHR;Jahr;2018;DINSGF;Früheres Bundesgebiet / Neue Länder;DN;Neue Länder;WZ08C7;WZ2008 (ausgewählte Positionen): Tarifindex;WZ08-10-01;Ernährungsgewerbe und Tabakverarbeitung;95,4;2020=100;VST065;Index d.tarifl. Stundenverdienste ohne Sonderzahl.
62221;Vj. Index der Tarifverdienste und Arbeitszeiten;JAHR;Jahr;2025;DINSGF;Früheres Bundesgebiet / Neue Länder;DF;Früheres Bundesgebiet;WZ08C7;WZ2008 (ausgewählte Positionen): Tarifindex;WZ08-29;Herstellung von Kraftwagen und Kraftwagenteilen;112,0;2020=100;VST072;Index d.tarifl. Stundenverdienste mit Sonderzahl.
62221;Vj. Index der Tarifverdienste und Arbeitszeiten;JAHR;Jahr;2025;DINSGF;Früheres Bundesgebiet / Neue Länder;DF;Früheres Bundesgebiet;WZ08C7;WZ2008 (ausgewählte Positionen): Tarifindex;WZ08-29;Herstellung von Kraftwagen und Kraftwagenteilen;112,0;2020=100;VST073;Index d.tarifl. Monatsverdienste mit Sonderzahl.
62221;Vj. Index der Tarifverdienste und Arbeitszeiten;JAHR;Jahr;2025;DINSGF;Früheres Bundesgebiet / Neue Länder;DF;Früheres Bundesgebiet;WZ08C7;WZ2008 (ausgewählte Positionen): Tarifindex;WZ08-29;Herstellung von Kraftwagen und Kraftwagenteilen;35,2;h;VST019;Durchschnittliche tarifliche Wochenarbeitszeit
62221;Vj. Index der Tarifverdienste und Arbeitszeiten;JAHR;Jahr;2025;DINSGF;Früheres Bundesgebiet / Neue Länder;DF;Früheres Bundesgebiet;WZ08C7;WZ2008 (ausgewählte Positionen): Tarifindex;WZ08-29;Herstellung von Kraftwagen und Kraftwagenteilen;110,8;2020=100;VST066;Index d.tarifl. Monatsverdienste ohne Sonderzahl.
62221;Vj. Index der Tarifverdienste und Arbeitszeiten;JAHR;Jahr;2025;DINSGF;Früheres Bundesgebiet / Neue Länder;DF;Früheres Bundesgebiet;WZ08C7;WZ2008 (ausgewählte Positionen): Tarifindex;WZ08-29;Herstellung von Kraftwagen und Kraftwagenteilen;100,0;2020=100;VST018;Index der tariflichen Wochenarbeitszeit
62221;Vj. Index der Tarifverdienste und Arbeitszeiten;JAHR;Jahr;2025;DINSGF;Früheres Bundesgebiet / Neue Länder;DF;Früheres Bundesgebiet;WZ08C7;WZ2008 (ausgewählte Positionen): Tarifindex;WZ08-29;Herstellung von Kraftwagen und Kraftwagenteilen;110,8;2020=100;VST065;Index d.tarifl. Stundenverdienste ohne Sonderzahl.
62221;Vj. Index der Tarifverdienste und Arbeitszeiten;JAHR;Jahr;2023;DINSGF;Früheres Bundesgebiet / Neue Länder;DN;Neue Länder;WZ08C7;WZ2008 (ausgewählte Positionen): Tarifindex;WZ08-36;Wasserversorgung;107,4;2020=100;VST072;Index d.tarifl. Stundenverdienste mit Sonderzahl.
62221;Vj. Index der Tarifverdienste und Arbeitszeiten;JAHR;Jahr;2023;DINSGF;Früheres Bundesgebiet / Neue Länder;DN;Neue Länder;WZ08C7;WZ2008 (ausgewählte Positionen): Tarifindex;WZ08-36;Wasserversorgung;107,4;2020=100;VST073;Index d.tarifl. Monatsverdienste mit Sonderzahl.
62221;Vj. Index der Tarifverdienste und Arbeitszeiten;JAHR;Jahr;2023;DINSGF;Früheres Bundesgebiet / Neue Länder;DN;Neue Länder;WZ08C7;WZ2008 (ausgewählte Positionen): Tarifindex;WZ08-36;Wasserversorgung;39,1;h;VST019;Durchschnittliche tarifliche Wochenarbeitszeit
62221;Vj. Index der Tarifverdienste und Arbeitszeiten;JAHR;Jahr;2023;DINSGF;Früheres Bundesgebiet / Neue Länder;DN;Neue Länder;WZ08C7;WZ2008 (ausgewählte Positionen): Tarifindex;WZ08-36;Wasserversorgung;103,8;2020=100;VST066;Index d.tarifl. Monatsverdienste ohne Sonderzahl.
62221;Vj. Index der Tarifverdienste und Arbeitszeiten;JAHR;Jahr;2023;DINSGF;Früheres Bundesgebiet / Neue Länder;DN;Neue Länder;WZ08C7;WZ2008 (ausgewählte Positionen): Tarifindex;WZ08-36;Wasserversorgung;100,0;2020=100;VST018;Index der tariflichen Wochenarbeitszeit
62221;Vj. Index der Tarifverdienste und Arbeitszeiten;JAHR;Jahr;2023;DINSGF;Früheres Bundesgebiet / Neue Länder;DN;Neue Länder;WZ08C7;WZ2008 (ausgewählte Positionen): Tarifindex;WZ08-36;Wasserversorgung;103,8;2020=100;VST065;Index d.tarifl. Stundenverdienste ohne Sonderzahl.
62221;Vj. Index der Tarifverdienste und Arbeitszeiten;JAHR;Jahr;2020;DINSGF;Früheres Bundesgebiet / Neue Länder;DF;Früheres Bundesgebiet;WZ08C7;WZ2008 (ausgewählte Positionen): Tarifindex;WZ08-90;Kreative,künstlerische u.unterhaltende Tätigkeiten;100,0;2020=100;VST072;Index d.tarifl. Stundenverdienste mit Sonderzahl.
62221;Vj. Index der Tarifverdienste und Arbeitszeiten;JAHR;Jahr;2020;DINSGF;Früheres Bundesgebiet / Neue Länder;DF;Früheres Bundesgebiet;WZ08C7;WZ2008 (ausgewählte Positionen): Tarifindex;WZ08-90;Kreative,künstlerische u.unterhaltende Tätigkeiten;100,0;2020=100;VST073;Index d.tarifl. Monatsverdienste mit Sonderzahl.
62221;Vj. Index der Tarifverdienste und Arbeitszeiten;JAHR;Jahr;2020;DINSGF;Früheres Bundesgebiet / Neue Länder;DF;Früheres Bundesgebiet;WZ08C7;WZ2008 (ausgewählte Positionen): Tarifindex;WZ08-90;Kreative,künstlerische u.unterhaltende Tätigkeiten;39,2;h;VST019;Durchschnittliche tarifliche Wochenarbeitszeit
62221;Vj. Index der Tarifverdienste und Arbeitszeiten;JAHR;Jahr;2020;DINSGF;Früheres Bundesgebiet / Neue Länder;DF;Früheres Bundesgebiet;WZ08C7;WZ2008 (ausgewählte Positionen): Tarifindex;WZ08-90;Kreative,künstlerische u.unterhaltende Tätigkeiten;100,0;2020=100;VST066;Index d.tarifl. Monatsverdienste ohne Sonderzahl.
62221;Vj. Index der Tarifverdienste und Arbeitszeiten;JAHR;Jahr;2020;DINSGF;Früheres Bundesgebiet / Neue Länder;DF;Früheres Bundesgebiet;WZ08C7;WZ2008 (ausgewählte Positionen): Tarifindex;WZ08-90;Kreative,künstlerische u.unterhaltende Tätigkeiten;100,0;2020=100;VST018;Index der tariflichen Wochenarbeitszeit
62221;Vj. Index der Tarifverdienste und Arbeitszeiten;JAHR;Jahr;2020;DINSGF;Früheres Bundesgebiet / Neue Länder;DF;Früheres Bundesgebiet;WZ08C7;WZ2008 (ausgewählte Positionen): Tarifindex;WZ08-90;Kreative,künstlerische u.unterhaltende Tätigkeiten;100,0;2020=100;VST065;Index d.tarifl. Stundenverdienste ohne Sonderzahl.
62221;Vj. Index der Tarifverdienste und Arbeitszeiten;JAHR;Jahr;2021;DINSGF;Früheres Bundesgebiet / Neue Länder;DN;Neue Länder;WZ08C7;WZ2008 (ausgewählte Positionen): Tarifindex;WZ-X003;Gebrauchsgüterproduzenten;101,6;2020=100;VST072;Index d.tarifl. Stundenverdienste mit Sonderzahl.
62221;Vj. Index der Tarifverdienste und Arbeitszeiten;JAHR;Jahr;2021;DINSGF;Früheres Bundesgebiet / Neue Länder;DN;Neue Länder;WZ08C7;WZ2008 (ausgewählte Positionen): Tarifindex;WZ-X003;Gebrauchsgüterproduzenten;101,6;2020=100;VST073;Index d.tarifl. Monatsverdienste mit Sonderzahl.
62221;Vj. Index der Tarifverdienste und Arbeitszeiten;JAHR;Jahr;2021;DINSGF;Früheres Bundesgebiet / Neue Länder;DN;Neue Länder;WZ08C7;WZ2008 (ausgewählte Positionen): Tarifindex;WZ-X003;Gebrauchsgüterproduzenten;37,9;h;VST019;Durchschnittliche tarifliche Wochenarbeitszeit
62221;Vj. Index der Tarifverdienste und Arbeitszeiten;JAHR;Jahr;2021;DINSGF;Früheres Bundesgebiet / Neue Länder;DN;Neue Länder;WZ08C7;WZ2008 (ausgewählte Positionen): Tarifindex;WZ-X003;Gebrauchsgüterproduzenten;101,1;2020=100;VST066;Index d.tarifl. Monatsverdienste ohne Sonderzahl.
62221;Vj. Index der Tarifverdienste und Arbeitszeiten;JAHR;Jahr;2021;DINSGF;Früheres Bundesgebiet / Neue Länder;DN;Neue Länder;WZ08C7;WZ2008 (ausgewählte Positionen): Tarifindex;WZ-X003;Gebrauchsgüterproduzenten;100,0;2020=100;VST018;Index der tariflichen Wochenarbeitszeit
62221;Vj. Index der Tarifverdienste und Arbeitszeiten;JAHR;Jahr;2021;DINSGF;Früheres Bundesgebiet / Neue Länder;DN;Neue Länder;WZ08C7;WZ2008 (ausgewählte Positionen): Tarifindex;WZ-X003;Gebrauchsgüterproduzenten;101,1;2020=100;VST065;Index d.tarifl. Stundenverdienste ohne Sonderzahl.
62221;Vj. Index der Tarifverdienste und Arbeitszeiten;JAHR;Jahr;2021;DINSGF;Früheres Bundesgebiet / Neue Länder;DN;Neue Länder;WZ08C7;WZ2008 (ausgewählte Positionen): Tarifindex;WZ08-74;Sonst. freiberufl.,wissenschaftl. u. techn.Tätigk.;101,2;2020=100;VST072;Index d.tarifl. Stundenverdienste mit Sonderzahl.
62221;Vj. Index der Tarifverdienste und Arbeitszeiten;JAHR;Jahr;2021;DINSGF;Früheres Bundesgebiet / Neue Länder;DN;Neue Länder;WZ08C7;WZ2008 (ausgewählte Positionen): Tarifindex;WZ08-74;Sonst. freiberufl.,wissenschaftl. u. techn.Tätigk.;101,2;2020=100;VST073;Index d.tarifl. Monatsverdienste mit Sonderzahl.
62221;Vj. Index der Tarifverdienste und Arbeitszeiten;JAHR;Jahr;2021;DINSGF;Früheres Bundesgebiet / Neue Länder;DN;Neue Länder;WZ08C7;WZ2008 (ausgewählte Positionen): Tarifindex;WZ08-74;Sonst. freiberufl.,wissenschaftl. u. techn.Tätigk.;39,1;h;VST019;Durchschnittliche tarifliche Wochenarbeitszeit
62221;Vj. Index der Tarifverdienste und Arbeitszeiten;JAHR;Jahr;2021;DINSGF;Früheres Bundesgebiet / Neue Länder;DN;Neue Länder;WZ08C7;WZ2008 (ausgewählte Positionen): Tarifindex;WZ08-74;Sonst. freiberufl.,wissenschaftl. u. techn.Tätigk.;101,3;2020=100;VST066;Index d.tarifl. Monatsverdienste ohne Sonderzahl.
62221;Vj. Index der Tarifverdienste und Arbeitszeiten;JAHR;Jahr;2021;DINSGF;Früheres Bundesgebiet / Neue Länder;DN;Neue Länder;WZ08C7;WZ2008 (ausgewählte Positionen): Tarifindex;WZ08-74;Sonst. freiberufl.,wissenschaftl. u. techn.Tätigk.;100,0;2020=100;VST018;Index der tariflichen Wochenarbeitszeit
62221;Vj. Index der Tarifverdienste und Arbeitszeiten;JAHR;Jahr;2021;DINSGF;Früheres Bundesgebiet / Neue Länder;DN;Neue Länder;WZ08C7;WZ2008 (ausgewählte Positionen): Tarifindex;WZ08-74;Sonst. freiberufl.,wissenschaftl. u. techn.Tätigk.;101,3;2020=100;VST065;Index d.tarifl. Stundenverdienste ohne Sonderzahl.
62221;Vj. Index der Tarifverdienste und Arbeitszeiten;JAHR;Jahr;2017;DINSGF;Früheres Bundesgebiet / Neue Länder;DF;Früheres Bundesgebiet;WZ08C7;WZ2008 (ausgewählte Positionen): Tarifindex;WZ08-B;Bergbau und Gewinnung von Steinen und Erden;93,9;2020=100;VST072;Index d.tarifl. Stundenverdienste mit Sonderzahl.
62221;Vj. Index der Tarifverdienste und Arbeitszeiten;JAHR;Jahr;2017;DINSGF;Früheres Bundesgebiet / Neue Länder;DF;Früheres Bundesgebiet;WZ08C7;WZ2008 (ausgewählte Positionen): Tarifindex;WZ08-B;Bergbau und Gewinnung von Steinen und Erden;93,9;2020=100;VST073;Index d.tarifl. Monatsverdienste mit Sonderzahl.
62221;Vj. Index der Tarifverdienste und Arbeitszeiten;JAHR;Jahr;2017;DINSGF;Früheres Bundesgebiet / Neue Länder;DF;Früheres Bundesgebiet;WZ08C7;WZ2008 (ausgewählte Positionen): Tarifindex;WZ08-B;Bergbau und Gewinnung von Steinen und Erden;38,5;h;VST019;Durchschnittliche tarifliche Wochenarbeitszeit
62221;Vj. Index der Tarifverdienste und Arbeitszeiten;JAHR;Jahr;2017;DINSGF;Früheres Bundesgebiet / Neue Länder;DF;Früheres Bundesgebiet;WZ08C7;WZ2008 (ausgewählte Positionen): Tarifindex;WZ08-B;Bergbau und Gewinnung von Steinen und Erden;94,4;2020=100;VST066;Index d.tarifl. Monatsverdienste ohne Sonderzahl.
62221;Vj. Index der Tarifverdienste und Arbeitszeiten;JAHR;Jahr;2017;DINSGF;Früheres Bundesgebiet / Neue Länder;DF;Früheres Bundesgebiet;WZ08C7;WZ2008 (ausgewählte Positionen): Tarifindex;WZ08-B;Bergbau und Gewinnung von Steinen und Erden;100,0;2020=100;VST018;Index der tariflichen Wochenarbeitszeit
62221;Vj. Index der Tarifverdienste und Arbeitszeiten;JAHR;Jahr;2017;DINSGF;Früheres Bundesgebiet / Neue Länder;DF;Früheres Bundesgebiet;WZ08C7;WZ2008 (ausgewählte Positionen): Tarifindex;WZ08-B;Bergbau und Gewinnung von Steinen und Erden;94,4;2020=100;VST065;Index d.tarifl. Stundenverdienste ohne Sonderzahl.
62221;Vj. Index der Tarifverdienste und Arbeitszeiten;JAHR;Jahr;2017;DINSGF;Früheres Bundesgebiet / Neue Länder;DF;Früheres Bundesgebiet;WZ08C7;WZ2008 (ausgewählte Positionen): Tarifindex;WZ08-94;Interessenvertr., kirchl. u. sonst. Vereinigungen;91,9;2020=100;VST072;Index d.tarifl. Stundenverdienste mit Sonderzahl.
62221;Vj. Index der Tarifverdienste und Arbeitszeiten;JAHR;Jahr;2017;DINSGF;Früheres Bundesgebiet / Neue Länder;DF;Früheres Bundesgebiet;WZ08C7;WZ2008 (ausgewählte Positionen): Tarifindex;WZ08-94;Interessenvertr., kirchl. u. sonst. Vereinigungen;91,9;2020=100;VST073;Index d.tarifl. Monatsverdienste mit Sonderzahl.
62221;Vj. Index der Tarifverdienste und Arbeitszeiten;JAHR;Jahr;2017;DINSGF;Früheres Bundesgebiet / Neue Länder;DF;Früheres Bundesgebiet;WZ08C7;WZ2008 (ausgewählte Positionen): Tarifindex;WZ08-94;Interessenvertr., kirchl. u. sonst. Vereinigungen;39,1;h;VST019;Durchschnittliche tarifliche Wochenarbeitszeit
62221;Vj. Index der Tarifverdienste und Arbeitszeiten;JAHR;Jahr;2017;DINSGF;Früheres Bundesgebiet / Neue Länder;DF;Früheres Bundesgebiet;WZ08C7;WZ2008 (ausgewählte Positionen): Tarifindex;WZ08-94;Interessenvertr., kirchl. u. sonst. Vereinigungen;92,0;2020=100;VST066;Index d.tarifl. Monatsverdienste ohne Sonderzahl.
62221;Vj. Index der Tarifverdienste und Arbeitszeiten;JAHR;Jahr;2017;DINSGF;Früheres Bundesgebiet / Neue Länder;DF;Früheres Bundesgebiet;WZ08C7;WZ2008 (ausgewählte Positionen): Tarifindex;WZ08-94;Interessenvertr., kirchl. u. sonst. Vereinigungen;100,0;2020=100;VST018;Index der tariflichen Wochenarbeitszeit
62221;Vj. Index der Tarifverdienste und Arbeitszeiten;JAHR;Jahr;2017;DINSGF;Früheres Bundesgebiet / Neue Länder;DF;Früheres Bundesgebiet;WZ08C7;WZ2008 (ausgewählte Positionen): Tarifindex;WZ08-94;Interessenvertr., kirchl. u. sonst. Vereinigungen;92,0;2020=100;VST065;Index d.tarifl. Stundenverdienste ohne Sonderzahl.
62221;Vj. Index der Tarifverdienste und Arbeitszeiten;JAHR;Jahr;2023;DINSGF;Früheres Bundesgebiet / Neue Länder;DN;Neue Länder;WZ08C7;WZ2008 (ausgewählte Positionen): Tarifindex;WZ08-45;Kfz-Handel, Instandhaltung und Reparatur von Kfz;107,9;2020=100;VST072;Index d.tarifl. Stundenverdienste mit Sonderzahl.
62221;Vj. Index der Tarifverdienste und Arbeitszeiten;JAHR;Jahr;2023;DINSGF;Früheres Bundesgebiet / Neue Länder;DN;Neue Länder;WZ08C7;WZ2008 (ausgewählte Positionen): Tarifindex;WZ08-45;Kfz-Handel, Instandhaltung und Reparatur von Kfz;107,7;2020=100;VST073;Index d.tarifl. Monatsverdienste mit Sonderzahl.
62221;Vj. Index der Tarifverdienste und Arbeitszeiten;JAHR;Jahr;2023;DINSGF;Früheres Bundesgebiet / Neue Länder;DN;Neue Länder;WZ08C7;WZ2008 (ausgewählte Positionen): Tarifindex;WZ08-45;Kfz-Handel, Instandhaltung und Reparatur von Kfz;37,3;h;VST019;Durchschnittliche tarifliche Wochenarbeitszeit
62221;Vj. Index der Tarifverdienste und Arbeitszeiten;JAHR;Jahr;2023;DINSGF;Früheres Bundesgebiet / Neue Länder;DN;Neue Länder;WZ08C7;WZ2008 (ausgewählte Positionen): Tarifindex;WZ08-45;Kfz-Handel, Instandhaltung und Reparatur von Kfz;104,8;2020=100;VST066;Index d.tarifl. Monatsverdienste ohne Sonderzahl.
62221;Vj. Index der Tarifverdienste und Arbeitszeiten;JAHR;Jahr;2023;DINSGF;Früheres Bundesgebiet / Neue Länder;DN;Neue Länder;WZ08C7;WZ2008 (ausgewählte Positionen): Tarifindex;WZ08-45;Kfz-Handel, Instandhaltung und Reparatur von Kfz;99,9;2020=100;VST018;Index der tariflichen Wochenarbeitszeit
62221;Vj. Index der Tarifverdienste und Arbeitszeiten;JAHR;Jahr;2023;DINSGF;Früheres Bundesgebiet / Neue Länder;DN;Neue Länder;WZ08C7;WZ2008 (ausgewählte Positionen): Tarifindex;WZ08-45;Kfz-Handel, Instandhaltung und Reparatur von Kfz;105,0;2020=100;VST065;Index d.tarifl. Stundenverdienste ohne Sonderzahl.
62221;Vj. Index der Tarifverdienste und Arbeitszeiten;JAHR;Jahr;2023;DINSGF;Früheres Bundesgebiet / Neue Länder;DN;Neue Länder;WZ08C7;WZ2008 (ausgewählte Positionen): Tarifindex;WZ08-30;Sonstiger Fahrzeugbau;107,7;2020=100;VST072;Index d.tarifl. Stundenverdienste mit Sonderzahl.
62221;Vj. Index der Tarifverdienste und Arbeitszeiten;JAHR;Jahr;2023;DINSGF;Früheres Bundesgebiet / Neue Länder;DN;Neue Länder;WZ08C7;WZ2008 (ausgewählte Positionen): Tarifindex;WZ08-30;Sonstiger Fahrzeugbau;107,7;2020=100;VST073;Index d.tarifl. Monatsverdienste mit Sonderzahl.
62221;Vj. Index der Tarifverdienste und Arbeitszeiten;JAHR;Jahr;2023;DINSGF;Früheres Bundesgebiet / Neue Länder;DN;Neue Länder;WZ08C7;WZ2008 (ausgewählte Positionen): Tarifindex;WZ08-30;Sonstiger Fahrzeugbau;38,4;h;VST019;Durchschnittliche tarifliche Wochenarbeitszeit
62221;Vj. Index der Tarifverdienste und Arbeitszeiten;JAHR;Jahr;2023;DINSGF;Früheres Bundesgebiet / Neue Länder;DN;Neue Länder;WZ08C7;WZ2008 (ausgewählte Positionen): Tarifindex;WZ08-30;Sonstiger Fahrzeugbau;103,1;2020=100;VST066;Index d.tarifl. Monatsverdienste ohne Sonderzahl.
62221;Vj. Index der Tarifverdienste und Arbeitszeiten;JAHR;Jahr;2023;DINSGF;Früheres Bundesgebiet / Neue Länder;DN;Neue Länder;WZ08C7;WZ2008 (ausgewählte Positionen): Tarifindex;WZ08-30;Sonstiger Fahrzeugbau;100,0;2020=100;VST018;Index der tariflichen Wochenarbeitszeit
62221;Vj. Index der Tarifverdienste und Arbeitszeiten;JAHR;Jahr;2023;DINSGF;Früheres Bundesgebiet / Neue Länder;DN;Neue Länder;WZ08C7;WZ2008 (ausgewählte Positionen): Tarifindex;WZ08-30;Sonstiger Fahrzeugbau;103,1;2020=100;VST065;Index d.tarifl. Stundenverdienste ohne Sonderzahl.
62221;Vj. Index der Tarifverdienste und Arbeitszeiten;JAHR;Jahr;2023;DINSGF;Früheres Bundesgebiet / Neue Länder;DF;Früheres Bundesgebiet;WZ08C7;WZ2008 (ausgewählte Positionen): Tarifindex;WZ08-29-01;Fahrzeugbau;107,7;2020=100;VST072;Index d.tarifl. Stundenverdienste mit Sonderzahl.
62221;Vj. Index der Tarifverdienste und Arbeitszeiten;JAHR;Jahr;2023;DINSGF;Früheres Bundesgebiet / Neue Länder;DF;Früheres Bundesgebiet;WZ08C7;WZ2008 (ausgewählte Positionen): Tarifindex;WZ08-29-01;Fahrzeugbau;107,7;2020=100;VST073;Index d.tarifl. Monatsverdienste mit Sonderzahl.
62221;Vj. Index der Tarifverdienste und Arbeitszeiten;JAHR;Jahr;2023;DINSGF;Früheres Bundesgebiet / Neue Länder;DF;Früheres Bundesgebiet;WZ08C7;WZ2008 (ausgewählte Positionen): Tarifindex;WZ08-29-01;Fahrzeugbau;35,2;h;VST019;Durchschnittliche tarifliche Wochenarbeitszeit
62221;Vj. Index der Tarifverdienste und Arbeitszeiten;JAHR;Jahr;2023;DINSGF;Früheres Bundesgebiet / Neue Länder;DF;Früheres Bundesgebiet;WZ08C7;WZ2008 (ausgewählte Positionen): Tarifindex;WZ08-29-01;Fahrzeugbau;103,8;2020=100;VST066;Index d.tarifl. Monatsverdienste ohne Sonderzahl.
62221;Vj. Index der Tarifverdienste und Arbeitszeiten;JAHR;Jahr;2023;DINSGF;Früheres Bundesgebiet / Neue Länder;DF;Früheres Bundesgebiet;WZ08C7;WZ2008 (ausgewählte Positionen): Tarifindex;WZ08-29-01;Fahrzeugbau;100,0;2020=100;VST018;Index der tariflichen Wochenarbeitszeit
62221;Vj. Index der Tarifverdienste und Arbeitszeiten;JAHR;Jahr;2023;DINSGF;Früheres Bundesgebiet / Neue Länder;DF;Früheres Bundesgebiet;WZ08C7;WZ2008 (ausgewählte Positionen): Tarifindex;WZ08-29-01;Fahrzeugbau;103,8;2020=100;VST065;Index d.tarifl. Stundenverdienste ohne Sonderzahl.
62221;Vj. Index der Tarifverdienste und Arbeitszeiten;JAHR;Jahr;2020;DINSGF;Früheres Bundesgebiet / Neue Länder;DF;Früheres Bundesgebiet;WZ08C7;WZ2008 (ausgewählte Positionen): Tarifindex;WZ08-96;Sonstige überwiegend persönliche Dienstleistungen;100,0;2020=100;VST072;Index d.tarifl. Stundenverdienste mit Sonderzahl.
62221;Vj. Index der Tarifverdienste und Arbeitszeiten;JAHR;Jahr;2020;DINSGF;Früheres Bundesgebiet / Neue Länder;DF;Früheres Bundesgebiet;WZ08C7;WZ2008 (ausgewählte Positionen): Tarifindex;WZ08-96;Sonstige überwiegend persönliche Dienstleistungen;100,0;2020=100;VST073;Index d.tarifl. Monatsverdienste mit Sonderzahl.
62221;Vj. Index der Tarifverdienste und Arbeitszeiten;JAHR;Jahr;2020;DINSGF;Früheres Bundesgebiet / Neue Länder;DF;Früheres Bundesgebiet;WZ08C7;WZ2008 (ausgewählte Positionen): Tarifindex;WZ08-96;Sonstige überwiegend persönliche Dienstleistungen;38,7;h;VST019;Durchschnittliche tarifliche Wochenarbeitszeit
62221;Vj. Index der Tarifverdienste und Arbeitszeiten;JAHR;Jahr;2020;DINSGF;Früheres Bundesgebiet / Neue Länder;DF;Früheres Bundesgebiet;WZ08C7;WZ2008 (ausgewählte Positionen): Tarifindex;WZ08-96;Sonstige überwiegend persönliche Dienstleistungen;100,0;2020=100;VST066;Index d.tarifl. Monatsverdienste ohne Sonderzahl.
62221;Vj. Index der Tarifverdienste und Arbeitszeiten;JAHR;Jahr;2020;DINSGF;Früheres Bundesgebiet / Neue Länder;DF;Früheres Bundesgebiet;WZ08C7;WZ2008 (ausgewählte Positionen): Tarifindex;WZ08-96;Sonstige überwiegend persönliche Dienstleistungen;100,0;2020=100;VST018;Index der tariflichen Wochenarbeitszeit
62221;Vj. Index der Tarifverdienste und Arbeitszeiten;JAHR;Jahr;2020;DINSGF;Früheres Bundesgebiet / Neue Länder;DF;Früheres Bundesgebiet;WZ08C7;WZ2008 (ausgewählte Positionen): Tarifindex;WZ08-96;Sonstige überwiegend persönliche Dienstleistungen;100,0;2020=100;VST065;Index d.tarifl. Stundenverdienste ohne Sonderzahl.
62221;Vj. Index der Tarifverdienste und Arbeitszeiten;JAHR;Jahr;2024;DINSGF;Früheres Bundesgebiet / Neue Länder;DF;Früheres Bundesgebiet;WZ08C7;WZ2008 (ausgewählte Positionen): Tarifindex;WZ08-41-01;Hoch- und Tiefbau;114,5;2020=100;VST072;Index d.tarifl. Stundenverdienste mit Sonderzahl.
62221;Vj. Index der Tarifverdienste und Arbeitszeiten;JAHR;Jahr;2024;DINSGF;Früheres Bundesgebiet / Neue Länder;DF;Früheres Bundesgebiet;WZ08C7;WZ2008 (ausgewählte Positionen): Tarifindex;WZ08-41-01;Hoch- und Tiefbau;114,5;2020=100;VST073;Index d.tarifl. Monatsverdienste mit Sonderzahl.
62221;Vj. Index der Tarifverdienste und Arbeitszeiten;JAHR;Jahr;2024;DINSGF;Früheres Bundesgebiet / Neue Länder;DF;Früheres Bundesgebiet;WZ08C7;WZ2008 (ausgewählte Positionen): Tarifindex;WZ08-41-01;Hoch- und Tiefbau;39,9;h;VST019;Durchschnittliche tarifliche Wochenarbeitszeit
62221;Vj. Index der Tarifverdienste und Arbeitszeiten;JAHR;Jahr;2024;DINSGF;Früheres Bundesgebiet / Neue Länder;DF;Früheres Bundesgebiet;WZ08C7;WZ2008 (ausgewählte Positionen): Tarifindex;WZ08-41-01;Hoch- und Tiefbau;111,6;2020=100;VST066;Index d.tarifl. Monatsverdienste ohne Sonderzahl.
62221;Vj. Index der Tarifverdienste und Arbeitszeiten;JAHR;Jahr;2024;DINSGF;Früheres Bundesgebiet / Neue Länder;DF;Früheres Bundesgebiet;WZ08C7;WZ2008 (ausgewählte Positionen): Tarifindex;WZ08-41-01;Hoch- und Tiefbau;100,0;2020=100;VST018;Index der tariflichen Wochenarbeitszeit
62221;Vj. Index der Tarifverdienste und Arbeitszeiten;JAHR;Jahr;2024;DINSGF;Früheres Bundesgebiet / Neue Länder;DF;Früheres Bundesgebiet;WZ08C7;WZ2008 (ausgewählte Positionen): Tarifindex;WZ08-41-01;Hoch- und Tiefbau;111,6;2020=100;VST065;Index d.tarifl. Stundenverdienste ohne Sonderzahl.
62221;Vj. Index der Tarifverdienste und Arbeitszeiten;JAHR;Jahr;2020;DINSGF;Früheres Bundesgebiet / Neue Länder;DF;Früheres Bundesgebiet;WZ08C7;WZ2008 (ausgewählte Positionen): Tarifindex;WZ08-46;Großhandel (ohne Handel mit Kraftfahrzeugen);100,0;2020=100;VST072;Index d.tarifl. Stundenverdienste mit Sonderzahl.
62221;Vj. Index der Tarifverdienste und Arbeitszeiten;JAHR;Jahr;2020;DINSGF;Früheres Bundesgebiet / Neue Länder;DF;Früheres Bundesgebiet;WZ08C7;WZ2008 (ausgewählte Positionen): Tarifindex;WZ08-46;Großhandel (ohne Handel mit Kraftfahrzeugen);100,0;2020=100;VST073;Index d.tarifl. Monatsverdienste mit Sonderzahl.
62221;Vj. Index der Tarifverdienste und Arbeitszeiten;JAHR;Jahr;2020;DINSGF;Früheres Bundesgebiet / Neue Länder;DF;Früheres Bundesgebiet;WZ08C7;WZ2008 (ausgewählte Positionen): Tarifindex;WZ08-46;Großhandel (ohne Handel mit Kraftfahrzeugen);37,7;h;VST019;Durchschnittliche tarifliche Wochenarbeitszeit
62221;Vj. Index der Tarifverdienste und Arbeitszeiten;JAHR;Jahr;2020;DINSGF;Früheres Bundesgebiet / Neue Länder;DF;Früheres Bundesgebiet;WZ08C7;WZ2008 (ausgewählte Positionen): Tarifindex;WZ08-46;Großhandel (ohne Handel mit Kraftfahrzeugen);100,0;2020=100;VST066;Index d.tarifl. Monatsverdienste ohne Sonderzahl.
62221;Vj. Index der Tarifverdienste und Arbeitszeiten;JAHR;Jahr;2020;DINSGF;Früheres Bundesgebiet / Neue Länder;DF;Früheres Bundesgebiet;WZ08C7;WZ2008 (ausgewählte Positionen): Tarifindex;WZ08-46;Großhandel (ohne Handel mit Kraftfahrzeugen);100,0;2020=100;VST018;Index der tariflichen Wochenarbeitszeit
62221;Vj. Index der Tarifverdienste und Arbeitszeiten;JAHR;Jahr;2020;DINSGF;Früheres Bundesgebiet / Neue Länder;DF;Früheres Bundesgebiet;WZ08C7;WZ2008 (ausgewählte Positionen): Tarifindex;WZ08-46;Großhandel (ohne Handel mit Kraftfahrzeugen);100,0;2020=100;VST065;Index d.tarifl. Stundenverdienste ohne Sonderzahl.
62221;Vj. Index der Tarifverdienste und Arbeitszeiten;JAHR;Jahr;2017;DINSGF;Früheres Bundesgebiet / Neue Länder;DF;Früheres Bundesgebiet;WZ08C7;WZ2008 (ausgewählte Positionen): Tarifindex;WZ08-01-01;Land- und Forstwirtschaft;91,7;2020=100;VST072;Index d.tarifl. Stundenverdienste mit Sonderzahl.
62221;Vj. Index der Tarifverdienste und Arbeitszeiten;JAHR;Jahr;2017;DINSGF;Früheres Bundesgebiet / Neue Länder;DF;Früheres Bundesgebiet;WZ08C7;WZ2008 (ausgewählte Positionen): Tarifindex;WZ08-01-01;Land- und Forstwirtschaft;91,7;2020=100;VST073;Index d.tarifl. Monatsverdienste mit Sonderzahl.
62221;Vj. Index der Tarifverdienste und Arbeitszeiten;JAHR;Jahr;2017;DINSGF;Früheres Bundesgebiet / Neue Länder;DF;Früheres Bundesgebiet;WZ08C7;WZ2008 (ausgewählte Positionen): Tarifindex;WZ08-01-01;Land- und Forstwirtschaft;39,6;h;VST019;Durchschnittliche tarifliche Wochenarbeitszeit
62221;Vj. Index der Tarifverdienste und Arbeitszeiten;JAHR;Jahr;2017;DINSGF;Früheres Bundesgebiet / Neue Länder;DF;Früheres Bundesgebiet;WZ08C7;WZ2008 (ausgewählte Positionen): Tarifindex;WZ08-01-01;Land- und Forstwirtschaft;91,3;2020=100;VST066;Index d.tarifl. Monatsverdienste ohne Sonderzahl.
62221;Vj. Index der Tarifverdienste und Arbeitszeiten;JAHR;Jahr;2017;DINSGF;Früheres Bundesgebiet / Neue Länder;DF;Früheres Bundesgebiet;WZ08C7;WZ2008 (ausgewählte Positionen): Tarifindex;WZ08-01-01;Land- und Forstwirtschaft;100,0;2020=100;VST018;Index der tariflichen Wochenarbeitszeit
62221;Vj. Index der Tarifverdienste und Arbeitszeiten;JAHR;Jahr;2017;DINSGF;Früheres Bundesgebiet / Neue Länder;DF;Früheres Bundesgebiet;WZ08C7;WZ2008 (ausgewählte Positionen): Tarifindex;WZ08-01-01;Land- und Forstwirtschaft;91,3;2020=100;VST065;Index d.tarifl. Stundenverdienste ohne Sonderzahl.
62221;Vj. Index der Tarifverdienste und Arbeitszeiten;JAHR;Jahr;2017;DINSGF;Früheres Bundesgebiet / Neue Länder;DF;Früheres Bundesgebiet;WZ08C7;WZ2008 (ausgewählte Positionen): Tarifindex;WZ08-85;Erziehung und Unterricht;91,3;2020=100;VST072;Index d.tarifl. Stundenverdienste mit Sonderzahl.
62221;Vj. Index der Tarifverdienste und Arbeitszeiten;JAHR;Jahr;2017;DINSGF;Früheres Bundesgebiet / Neue Länder;DF;Früheres Bundesgebiet;WZ08C7;WZ2008 (ausgewählte Positionen): Tarifindex;WZ08-85;Erziehung und Unterricht;91,3;2020=100;VST073;Index d.tarifl. Monatsverdienste mit Sonderzahl.
62221;Vj. Index der Tarifverdienste und Arbeitszeiten;JAHR;Jahr;2017;DINSGF;Früheres Bundesgebiet / Neue Länder;DF;Früheres Bundesgebiet;WZ08C7;WZ2008 (ausgewählte Positionen): Tarifindex;WZ08-85;Erziehung und Unterricht;40,1;h;VST019;Durchschnittliche tarifliche Wochenarbeitszeit
62221;Vj. Index der Tarifverdienste und Arbeitszeiten;JAHR;Jahr;2017;DINSGF;Früheres Bundesgebiet / Neue Länder;DF;Früheres Bundesgebiet;WZ08C7;WZ2008 (ausgewählte Positionen): Tarifindex;WZ08-85;Erziehung und Unterricht;90,8;2020=100;VST066;Index d.tarifl. Monatsverdienste ohne Sonderzahl.
62221;Vj. Index der Tarifverdienste und Arbeitszeiten;JAHR;Jahr;2017;DINSGF;Früheres Bundesgebiet / Neue Länder;DF;Früheres Bundesgebiet;WZ08C7;WZ2008 (ausgewählte Positionen): Tarifindex;WZ08-85;Erziehung und Unterricht;100,0;2020=100;VST018;Index der tariflichen Wochenarbeitszeit
62221;Vj. Index der Tarifverdienste und Arbeitszeiten;JAHR;Jahr;2017;DINSGF;Früheres Bundesgebiet / Neue Länder;DF;Früheres Bundesgebiet;WZ08C7;WZ2008 (ausgewählte Positionen): Tarifindex;WZ08-85;Erziehung und Unterricht;90,8;2020=100;VST065;Index d.tarifl. Stundenverdienste ohne Sonderzahl.
62221;Vj. Index der Tarifverdienste und Arbeitszeiten;JAHR;Jahr;2020;DINSGF;Früheres Bundesgebiet / Neue Länder;DF;Früheres Bundesgebiet;WZ08C7;WZ2008 (ausgewählte Positionen): Tarifindex;WZ08-37;Abwasserentsorgung;100,0;2020=100;VST072;Index d.tarifl. Stundenverdienste mit Sonderzahl.
62221;Vj. Index der Tarifverdienste und Arbeitszeiten;JAHR;Jahr;2020;DINSGF;Früheres Bundesgebiet / Neue Länder;DF;Früheres Bundesgebiet;WZ08C7;WZ2008 (ausgewählte Positionen): Tarifindex;WZ08-37;Abwasserentsorgung;100,0;2020=100;VST073;Index d.tarifl. Monatsverdienste mit Sonderzahl.
62221;Vj. Index der Tarifverdienste und Arbeitszeiten;JAHR;Jahr;2020;DINSGF;Früheres Bundesgebiet / Neue Länder;DF;Früheres Bundesgebiet;WZ08C7;WZ2008 (ausgewählte Positionen): Tarifindex;WZ08-37;Abwasserentsorgung;39,0;h;VST019;Durchschnittliche tarifliche Wochenarbeitszeit
62221;Vj. Index der Tarifverdienste und Arbeitszeiten;JAHR;Jahr;2020;DINSGF;Früheres Bundesgebiet / Neue Länder;DF;Früheres Bundesgebiet;WZ08C7;WZ2008 (ausgewählte Positionen): Tarifindex;WZ08-37;Abwasserentsorgung;100,0;2020=100;VST066;Index d.tarifl. Monatsverdienste ohne Sonderzahl.
62221;Vj. Index der Tarifverdienste und Arbeitszeiten;JAHR;Jahr;2020;DINSGF;Früheres Bundesgebiet / Neue Länder;DF;Früheres Bundesgebiet;WZ08C7;WZ2008 (ausgewählte Positionen): Tarifindex;WZ08-37;Abwasserentsorgung;100,0;2020=100;VST018;Index der tariflichen Wochenarbeitszeit
62221;Vj. Index der Tarifverdienste und Arbeitszeiten;JAHR;Jahr;2020;DINSGF;Früheres Bundesgebiet / Neue Länder;DF;Früheres Bundesgebiet;WZ08C7;WZ2008 (ausgewählte Positionen): Tarifindex;WZ08-37;Abwasserentsorgung;100,0;2020=100;VST065;Index d.tarifl. Stundenverdienste ohne Sonderzahl.
62221;Vj. Index der Tarifverdienste und Arbeitszeiten;JAHR;Jahr;2017;DINSGF;Früheres Bundesgebiet / Neue Länder;DN;Neue Länder;WZ08C7;WZ2008 (ausgewählte Positionen): Tarifindex;WZ08-32;Herstellung von sonstigen Waren;92,8;2020=100;VST072;Index d.tarifl. Stundenverdienste mit Sonderzahl.
62221;Vj. Index der Tarifverdienste und Arbeitszeiten;JAHR;Jahr;2017;DINSGF;Früheres Bundesgebiet / Neue Länder;DN;Neue Länder;WZ08C7;WZ2008 (ausgewählte Positionen): Tarifindex;WZ08-32;Herstellung von sonstigen Waren;93,1;2020=100;VST073;Index d.tarifl. Monatsverdienste mit Sonderzahl.
62221;Vj. Index der Tarifverdienste und Arbeitszeiten;JAHR;Jahr;2017;DINSGF;Früheres Bundesgebiet / Neue Länder;DN;Neue Länder;WZ08C7;WZ2008 (ausgewählte Positionen): Tarifindex;WZ08-32;Herstellung von sonstigen Waren;36,6;h;VST019;Durchschnittliche tarifliche Wochenarbeitszeit
62221;Vj. Index der Tarifverdienste und Arbeitszeiten;JAHR;Jahr;2017;DINSGF;Früheres Bundesgebiet / Neue Länder;DN;Neue Länder;WZ08C7;WZ2008 (ausgewählte Positionen): Tarifindex;WZ08-32;Herstellung von sonstigen Waren;95,1;2020=100;VST066;Index d.tarifl. Monatsverdienste ohne Sonderzahl.
62221;Vj. Index der Tarifverdienste und Arbeitszeiten;JAHR;Jahr;2017;DINSGF;Früheres Bundesgebiet / Neue Länder;DN;Neue Länder;WZ08C7;WZ2008 (ausgewählte Positionen): Tarifindex;WZ08-32;Herstellung von sonstigen Waren;100,4;2020=100;VST018;Index der tariflichen Wochenarbeitszeit
62221;Vj. Index der Tarifverdienste und Arbeitszeiten;JAHR;Jahr;2017;DINSGF;Früheres Bundesgebiet / Neue Länder;DN;Neue Länder;WZ08C7;WZ2008 (ausgewählte Positionen): Tarifindex;WZ08-32;Herstellung von sonstigen Waren;94,9;2020=100;VST065;Index d.tarifl. Stundenverdienste ohne Sonderzahl.
62221;Vj. Index der Tarifverdienste und Arbeitszeiten;JAHR;Jahr;2020;DINSGF;Früheres Bundesgebiet / Neue Länder;DF;Früheres Bundesgebiet;WZ08C7;WZ2008 (ausgewählte Positionen): Tarifindex;WZ08-31;Herstellung von Möbeln;100,0;2020=100;VST072;Index d.tarifl. Stundenverdienste mit Sonderzahl.
62221;Vj. Index der Tarifverdienste und Arbeitszeiten;JAHR;Jahr;2020;DINSGF;Früheres Bundesgebiet / Neue Länder;DF;Früheres Bundesgebiet;WZ08C7;WZ2008 (ausgewählte Positionen): Tarifindex;WZ08-31;Herstellung von Möbeln;100,0;2020=100;VST073;Index d.tarifl. Monatsverdienste mit Sonderzahl.
62221;Vj. Index der Tarifverdienste und Arbeitszeiten;JAHR;Jahr;2020;DINSGF;Früheres Bundesgebiet / Neue Länder;DF;Früheres Bundesgebiet;WZ08C7;WZ2008 (ausgewählte Positionen): Tarifindex;WZ08-31;Herstellung von Möbeln;36,7;h;VST019;Durchschnittliche tarifliche Wochenarbeitszeit
62221;Vj. Index der Tarifverdienste und Arbeitszeiten;JAHR;Jahr;2020;DINSGF;Früheres Bundesgebiet / Neue Länder;DF;Früheres Bundesgebiet;WZ08C7;WZ2008 (ausgewählte Positionen): Tarifindex;WZ08-31;Herstellung von Möbeln;100,0;2020=100;VST066;Index d.tarifl. Monatsverdienste ohne Sonderzahl.
62221;Vj. Index der Tarifverdienste und Arbeitszeiten;JAHR;Jahr;2020;DINSGF;Früheres Bundesgebiet / Neue Länder;DF;Früheres Bundesgebiet;WZ08C7;WZ2008 (ausgewählte Positionen): Tarifindex;WZ08-31;Herstellung von Möbeln;100,0;2020=100;VST018;Index der tariflichen Wochenarbeitszeit
62221;Vj. Index der Tarifverdienste und Arbeitszeiten;JAHR;Jahr;2020;DINSGF;Früheres Bundesgebiet / Neue Länder;DF;Früheres Bundesgebiet;WZ08C7;WZ2008 (ausgewählte Positionen): Tarifindex;WZ08-31;Herstellung von Möbeln;100,0;2020=100;VST065;Index d.tarifl. Stundenverdienste ohne Sonderzahl.
62221;Vj. Index der Tarifverdienste und Arbeitszeiten;JAHR;Jahr;2017;DINSGF;Früheres Bundesgebiet / Neue Länder;DN;Neue Länder;WZ08C7;WZ2008 (ausgewählte Positionen): Tarifindex;WZ08-23;H.v.Glas,-waren,Keramik,Verarb. v.Steinen u.Erden;91,6;2020=100;VST072;Index d.tarifl. Stundenverdienste mit Sonderzahl.
62221;Vj. Index der Tarifverdienste und Arbeitszeiten;JAHR;Jahr;2017;DINSGF;Früheres Bundesgebiet / Neue Länder;DN;Neue Länder;WZ08C7;WZ2008 (ausgewählte Positionen): Tarifindex;WZ08-23;H.v.Glas,-waren,Keramik,Verarb. v.Steinen u.Erden;92,0;2020=100;VST073;Index d.tarifl. Monatsverdienste mit Sonderzahl.
62221;Vj. Index der Tarifverdienste und Arbeitszeiten;JAHR;Jahr;2017;DINSGF;Früheres Bundesgebiet / Neue Länder;DN;Neue Länder;WZ08C7;WZ2008 (ausgewählte Positionen): Tarifindex;WZ08-23;H.v.Glas,-waren,Keramik,Verarb. v.Steinen u.Erden;39,0;h;VST019;Durchschnittliche tarifliche Wochenarbeitszeit
62221;Vj. Index der Tarifverdienste und Arbeitszeiten;JAHR;Jahr;2017;DINSGF;Früheres Bundesgebiet / Neue Länder;DN;Neue Länder;WZ08C7;WZ2008 (ausgewählte Positionen): Tarifindex;WZ08-23;H.v.Glas,-waren,Keramik,Verarb. v.Steinen u.Erden;92,6;2020=100;VST066;Index d.tarifl. Monatsverdienste ohne Sonderzahl.
62221;Vj. Index der Tarifverdienste und Arbeitszeiten;JAHR;Jahr;2017;DINSGF;Früheres Bundesgebiet / Neue Länder;DN;Neue Länder;WZ08C7;WZ2008 (ausgewählte Positionen): Tarifindex;WZ08-23;H.v.Glas,-waren,Keramik,Verarb. v.Steinen u.Erden;100,4;2020=100;VST018;Index der tariflichen Wochenarbeitszeit
62221;Vj. Index der Tarifverdienste und Arbeitszeiten;JAHR;Jahr;2017;DINSGF;Früheres Bundesgebiet / Neue Länder;DN;Neue Länder;WZ08C7;WZ2008 (ausgewählte Positionen): Tarifindex;WZ08-23;H.v.Glas,-waren,Keramik,Verarb. v.Steinen u.Erden;92,2;2020=100;VST065;Index d.tarifl. Stundenverdienste ohne Sonderzahl.
62221;Vj. Index der Tarifverdienste und Arbeitszeiten;JAHR;Jahr;2017;DINSGF;Früheres Bundesgebiet / Neue Länder;DN;Neue Länder;WZ08C7;WZ2008 (ausgewählte Positionen): Tarifindex;WZ08-29;Herstellung von Kraftwagen und Kraftwagenteilen;92,7;2020=100;VST072;Index d.tarifl. Stundenverdienste mit Sonderzahl.
62221;Vj. Index der Tarifverdienste und Arbeitszeiten;JAHR;Jahr;2017;DINSGF;Früheres Bundesgebiet / Neue Länder;DN;Neue Länder;WZ08C7;WZ2008 (ausgewählte Positionen): Tarifindex;WZ08-29;Herstellung von Kraftwagen und Kraftwagenteilen;92,8;2020=100;VST073;Index d.tarifl. Monatsverdienste mit Sonderzahl.
62221;Vj. Index der Tarifverdienste und Arbeitszeiten;JAHR;Jahr;2017;DINSGF;Früheres Bundesgebiet / Neue Länder;DN;Neue Länder;WZ08C7;WZ2008 (ausgewählte Positionen): Tarifindex;WZ08-29;Herstellung von Kraftwagen und Kraftwagenteilen;37,7;h;VST019;Durchschnittliche tarifliche Wochenarbeitszeit
62221;Vj. Index der Tarifverdienste und Arbeitszeiten;JAHR;Jahr;2017;DINSGF;Früheres Bundesgebiet / Neue Länder;DN;Neue Länder;WZ08C7;WZ2008 (ausgewählte Positionen): Tarifindex;WZ08-29;Herstellung von Kraftwagen und Kraftwagenteilen;95,2;2020=100;VST066;Index d.tarifl. Monatsverdienste ohne Sonderzahl.
62221;Vj. Index der Tarifverdienste und Arbeitszeiten;JAHR;Jahr;2017;DINSGF;Früheres Bundesgebiet / Neue Länder;DN;Neue Länder;WZ08C7;WZ2008 (ausgewählte Positionen): Tarifindex;WZ08-29;Herstellung von Kraftwagen und Kraftwagenteilen;100,1;2020=100;VST018;Index der tariflichen Wochenarbeitszeit
62221;Vj. Index der Tarifverdienste und Arbeitszeiten;JAHR;Jahr;2017;DINSGF;Früheres Bundesgebiet / Neue Länder;DN;Neue Länder;WZ08C7;WZ2008 (ausgewählte Positionen): Tarifindex;WZ08-29;Herstellung von Kraftwagen und Kraftwagenteilen;95,2;2020=100;VST065;Index d.tarifl. Stundenverdienste ohne Sonderzahl.
62221;Vj. Index der Tarifverdienste und Arbeitszeiten;JAHR;Jahr;2022;DINSGF;Früheres Bundesgebiet / Neue Länder;DF;Früheres Bundesgebiet;WZ08C7;WZ2008 (ausgewählte Positionen): Tarifindex;WZ-X004;Verbrauchsgüterproduzenten;104,6;2020=100;VST072;Index d.tarifl. Stundenverdienste mit Sonderzahl.
62221;Vj. Index der Tarifverdienste und Arbeitszeiten;JAHR;Jahr;2022;DINSGF;Früheres Bundesgebiet / Neue Länder;DF;Früheres Bundesgebiet;WZ08C7;WZ2008 (ausgewählte Positionen): Tarifindex;WZ-X004;Verbrauchsgüterproduzenten;104,6;2020=100;VST073;Index d.tarifl. Monatsverdienste mit Sonderzahl.
62221;Vj. Index der Tarifverdienste und Arbeitszeiten;JAHR;Jahr;2022;DINSGF;Früheres Bundesgebiet / Neue Länder;DF;Früheres Bundesgebiet;WZ08C7;WZ2008 (ausgewählte Positionen): Tarifindex;WZ-X004;Verbrauchsgüterproduzenten;38,0;h;VST019;Durchschnittliche tarifliche Wochenarbeitszeit
62221;Vj. Index der Tarifverdienste und Arbeitszeiten;JAHR;Jahr;2022;DINSGF;Früheres Bundesgebiet / Neue Länder;DF;Früheres Bundesgebiet;WZ08C7;WZ2008 (ausgewählte Positionen): Tarifindex;WZ-X004;Verbrauchsgüterproduzenten;104,4;2020=100;VST066;Index d.tarifl. Monatsverdienste ohne Sonderzahl.
62221;Vj. Index der Tarifverdienste und Arbeitszeiten;JAHR;Jahr;2022;DINSGF;Früheres Bundesgebiet / Neue Länder;DF;Früheres Bundesgebiet;WZ08C7;WZ2008 (ausgewählte Positionen): Tarifindex;WZ-X004;Verbrauchsgüterproduzenten;100,0;2020=100;VST018;Index der tariflichen Wochenarbeitszeit
62221;Vj. Index der Tarifverdienste und Arbeitszeiten;JAHR;Jahr;2022;DINSGF;Früheres Bundesgebiet / Neue Länder;DF;Früheres Bundesgebiet;WZ08C7;WZ2008 (ausgewählte Positionen): Tarifindex;WZ-X004;Verbrauchsgüterproduzenten;104,4;2020=100;VST065;Index d.tarifl. Stundenverdienste ohne Sonderzahl.
62221;Vj. Index der Tarifverdienste und Arbeitszeiten;JAHR;Jahr;2020;DINSGF;Früheres Bundesgebiet / Neue Länder;DF;Früheres Bundesgebiet;WZ08C7;WZ2008 (ausgewählte Positionen): Tarifindex;WZ08-28;Maschinenbau;100,0;2020=100;VST072;Index d.tarifl. Stundenverdienste mit Sonderzahl.
62221;Vj. Index der Tarifverdienste und Arbeitszeiten;JAHR;Jahr;2020;DINSGF;Früheres Bundesgebiet / Neue Länder;DF;Früheres Bundesgebiet;WZ08C7;WZ2008 (ausgewählte Positionen): Tarifindex;WZ08-28;Maschinenbau;100,0;2020=100;VST073;Index d.tarifl. Monatsverdienste mit Sonderzahl.
62221;Vj. Index der Tarifverdienste und Arbeitszeiten;JAHR;Jahr;2020;DINSGF;Früheres Bundesgebiet / Neue Länder;DF;Früheres Bundesgebiet;WZ08C7;WZ2008 (ausgewählte Positionen): Tarifindex;WZ08-28;Maschinenbau;35,3;h;VST019;Durchschnittliche tarifliche Wochenarbeitszeit
62221;Vj. Index der Tarifverdienste und Arbeitszeiten;JAHR;Jahr;2020;DINSGF;Früheres Bundesgebiet / Neue Länder;DF;Früheres Bundesgebiet;WZ08C7;WZ2008 (ausgewählte Positionen): Tarifindex;WZ08-28;Maschinenbau;100,0;2020=100;VST066;Index d.tarifl. Monatsverdienste ohne Sonderzahl.
62221;Vj. Index der Tarifverdienste und Arbeitszeiten;JAHR;Jahr;2020;DINSGF;Früheres Bundesgebiet / Neue Länder;DF;Früheres Bundesgebiet;WZ08C7;WZ2008 (ausgewählte Positionen): Tarifindex;WZ08-28;Maschinenbau;100,0;2020=100;VST018;Index der tariflichen Wochenarbeitszeit
62221;Vj. Index der Tarifverdienste und Arbeitszeiten;JAHR;Jahr;2020;DINSGF;Früheres Bundesgebiet / Neue Länder;DF;Früheres Bundesgebiet;WZ08C7;WZ2008 (ausgewählte Positionen): Tarifindex;WZ08-28;Maschinenbau;100,0;2020=100;VST065;Index d.tarifl. Stundenverdienste ohne Sonderzahl.
62221;Vj. Index der Tarifverdienste und Arbeitszeiten;JAHR;Jahr;2022;DINSGF;Früheres Bundesgebiet / Neue Länder;DN;Neue Länder;WZ08C7;WZ2008 (ausgewählte Positionen): Tarifindex;WZ08-60;Rundfunkveranstalter;102,1;2020=100;VST072;Index d.tarifl. Stundenverdienste mit Sonderzahl.
62221;Vj. Index der Tarifverdienste und Arbeitszeiten;JAHR;Jahr;2022;DINSGF;Früheres Bundesgebiet / Neue Länder;DN;Neue Länder;WZ08C7;WZ2008 (ausgewählte Positionen): Tarifindex;WZ08-60;Rundfunkveranstalter;102,1;2020=100;VST073;Index d.tarifl. Monatsverdienste mit Sonderzahl.
62221;Vj. Index der Tarifverdienste und Arbeitszeiten;JAHR;Jahr;2022;DINSGF;Früheres Bundesgebiet / Neue Länder;DN;Neue Länder;WZ08C7;WZ2008 (ausgewählte Positionen): Tarifindex;WZ08-60;Rundfunkveranstalter;38,5;h;VST019;Durchschnittliche tarifliche Wochenarbeitszeit
62221;Vj. Index der Tarifverdienste und Arbeitszeiten;JAHR;Jahr;2022;DINSGF;Früheres Bundesgebiet / Neue Länder;DN;Neue Länder;WZ08C7;WZ2008 (ausgewählte Positionen): Tarifindex;WZ08-60;Rundfunkveranstalter;102,6;2020=100;VST066;Index d.tarifl. Monatsverdienste ohne Sonderzahl.
62221;Vj. Index der Tarifverdienste und Arbeitszeiten;JAHR;Jahr;2022;DINSGF;Früheres Bundesgebiet / Neue Länder;DN;Neue Länder;WZ08C7;WZ2008 (ausgewählte Positionen): Tarifindex;WZ08-60;Rundfunkveranstalter;100,0;2020=100;VST018;Index der tariflichen Wochenarbeitszeit
62221;Vj. Index der Tarifverdienste und Arbeitszeiten;JAHR;Jahr;2022;DINSGF;Früheres Bundesgebiet / Neue Länder;DN;Neue Länder;WZ08C7;WZ2008 (ausgewählte Positionen): Tarifindex;WZ08-60;Rundfunkveranstalter;102,6;2020=100;VST065;Index d.tarifl. Stundenverdienste ohne Sonderzahl.
62221;Vj. Index der Tarifverdienste und Arbeitszeiten;JAHR;Jahr;2025;DINSGF;Früheres Bundesgebiet / Neue Länder;DN;Neue Länder;WZ08C7;WZ2008 (ausgewählte Positionen): Tarifindex;WZ08-13;Herstellung von Textilien;123,1;2020=100;VST072;Index d.tarifl. Stundenverdienste mit Sonderzahl.
62221;Vj. Index der Tarifverdienste und Arbeitszeiten;JAHR;Jahr;2025;DINSGF;Früheres Bundesgebiet / Neue Länder;DN;Neue Länder;WZ08C7;WZ2008 (ausgewählte Positionen): Tarifindex;WZ08-13;Herstellung von Textilien;118,2;2020=100;VST073;Index d.tarifl. Monatsverdienste mit Sonderzahl.
62221;Vj. Index der Tarifverdienste und Arbeitszeiten;JAHR;Jahr;2025;DINSGF;Früheres Bundesgebiet / Neue Länder;DN;Neue Länder;WZ08C7;WZ2008 (ausgewählte Positionen): Tarifindex;WZ08-13;Herstellung von Textilien;38,0;h;VST019;Durchschnittliche tarifliche Wochenarbeitszeit
62221;Vj. Index der Tarifverdienste und Arbeitszeiten;JAHR;Jahr;2025;DINSGF;Früheres Bundesgebiet / Neue Länder;DN;Neue Länder;WZ08C7;WZ2008 (ausgewählte Positionen): Tarifindex;WZ08-13;Herstellung von Textilien;116,6;2020=100;VST066;Index d.tarifl. Monatsverdienste ohne Sonderzahl.
62221;Vj. Index der Tarifverdienste und Arbeitszeiten;JAHR;Jahr;2025;DINSGF;Früheres Bundesgebiet / Neue Länder;DN;Neue Länder;WZ08C7;WZ2008 (ausgewählte Positionen): Tarifindex;WZ08-13;Herstellung von Textilien;96,2;2020=100;VST018;Index der tariflichen Wochenarbeitszeit
62221;Vj. Index der Tarifverdienste und Arbeitszeiten;JAHR;Jahr;2025;DINSGF;Früheres Bundesgebiet / Neue Länder;DN;Neue Länder;WZ08C7;WZ2008 (ausgewählte Positionen): Tarifindex;WZ08-13;Herstellung von Textilien;121,4;2020=100;VST065;Index d.tarifl. Stundenverdienste ohne Sonderzahl.
62221;Vj. Index der Tarifverdienste und Arbeitszeiten;JAHR;Jahr;2023;DINSGF;Früheres Bundesgebiet / Neue Länder;DN;Neue Länder;WZ08C7;WZ2008 (ausgewählte Positionen): Tarifindex;WZ08-78;Vermittlung und Überlassung von Arbeitskräften;122,0;2020=100;VST072;Index d.tarifl. Stundenverdienste mit Sonderzahl.
62221;Vj. Index der Tarifverdienste und Arbeitszeiten;JAHR;Jahr;2023;DINSGF;Früheres Bundesgebiet / Neue Länder;DN;Neue Länder;WZ08C7;WZ2008 (ausgewählte Positionen): Tarifindex;WZ08-78;Vermittlung und Überlassung von Arbeitskräften;122,0;2020=100;VST073;Index d.tarifl. Monatsverdienste mit Sonderzahl.
62221;Vj. Index der Tarifverdienste und Arbeitszeiten;JAHR;Jahr;2023;DINSGF;Früheres Bundesgebiet / Neue Länder;DN;Neue Länder;WZ08C7;WZ2008 (ausgewählte Positionen): Tarifindex;WZ08-78;Vermittlung und Überlassung von Arbeitskräften;35,2;h;VST019;Durchschnittliche tarifliche Wochenarbeitszeit
62221;Vj. Index der Tarifverdienste und Arbeitszeiten;JAHR;Jahr;2023;DINSGF;Früheres Bundesgebiet / Neue Länder;DN;Neue Länder;WZ08C7;WZ2008 (ausgewählte Positionen): Tarifindex;WZ08-78;Vermittlung und Überlassung von Arbeitskräften;121,8;2020=100;VST066;Index d.tarifl. Monatsverdienste ohne Sonderzahl.
62221;Vj. Index der Tarifverdienste und Arbeitszeiten;JAHR;Jahr;2023;DINSGF;Früheres Bundesgebiet / Neue Länder;DN;Neue Länder;WZ08C7;WZ2008 (ausgewählte Positionen): Tarifindex;WZ08-78;Vermittlung und Überlassung von Arbeitskräften;100,0;2020=100;VST018;Index der tariflichen Wochenarbeitszeit
62221;Vj. Index der Tarifverdienste und Arbeitszeiten;JAHR;Jahr;2023;DINSGF;Früheres Bundesgebiet / Neue Länder;DN;Neue Länder;WZ08C7;WZ2008 (ausgewählte Positionen): Tarifindex;WZ08-78;Vermittlung und Überlassung von Arbeitskräften;121,8;2020=100;VST065;Index d.tarifl. Stundenverdienste ohne Sonderzahl.
62221;Vj. Index der Tarifverdienste und Arbeitszeiten;JAHR;Jahr;2025;DINSGF;Früheres Bundesgebiet / Neue Länder;DF;Früheres Bundesgebiet;WZ08C7;WZ2008 (ausgewählte Positionen): Tarifindex;WZ08-B-14;Kohlenbergbau, Gewinnung von Erdöl und Erdgas;110,6;2020=100;VST072;Index d.tarifl. Stundenverdienste mit Sonderzahl.
62221;Vj. Index der Tarifverdienste und Arbeitszeiten;JAHR;Jahr;2025;DINSGF;Früheres Bundesgebiet / Neue Länder;DF;Früheres Bundesgebiet;WZ08C7;WZ2008 (ausgewählte Positionen): Tarifindex;WZ08-B-14;Kohlenbergbau, Gewinnung von Erdöl und Erdgas;110,4;2020=100;VST073;Index d.tarifl. Monatsverdienste mit Sonderzahl.
62221;Vj. Index der Tarifverdienste und Arbeitszeiten;JAHR;Jahr;2025;DINSGF;Früheres Bundesgebiet / Neue Länder;DF;Früheres Bundesgebiet;WZ08C7;WZ2008 (ausgewählte Positionen): Tarifindex;WZ08-B-14;Kohlenbergbau, Gewinnung von Erdöl und Erdgas;39,5;h;VST019;Durchschnittliche tarifliche Wochenarbeitszeit
62221;Vj. Index der Tarifverdienste und Arbeitszeiten;JAHR;Jahr;2025;DINSGF;Früheres Bundesgebiet / Neue Länder;DF;Früheres Bundesgebiet;WZ08C7;WZ2008 (ausgewählte Positionen): Tarifindex;WZ08-B-14;Kohlenbergbau, Gewinnung von Erdöl und Erdgas;110,7;2020=100;VST066;Index d.tarifl. Monatsverdienste ohne Sonderzahl.
62221;Vj. Index der Tarifverdienste und Arbeitszeiten;JAHR;Jahr;2025;DINSGF;Früheres Bundesgebiet / Neue Länder;DF;Früheres Bundesgebiet;WZ08C7;WZ2008 (ausgewählte Positionen): Tarifindex;WZ08-B-14;Kohlenbergbau, Gewinnung von Erdöl und Erdgas;99,9;2020=100;VST018;Index der tariflichen Wochenarbeitszeit
62221;Vj. Index der Tarifverdienste und Arbeitszeiten;JAHR;Jahr;2025;DINSGF;Früheres Bundesgebiet / Neue Länder;DF;Früheres Bundesgebiet;WZ08C7;WZ2008 (ausgewählte Positionen): Tarifindex;WZ08-B-14;Kohlenbergbau, Gewinnung von Erdöl und Erdgas;110,9;2020=100;VST065;Index d.tarifl. Stundenverdienste ohne Sonderzahl.
62221;Vj. Index der Tarifverdienste und Arbeitszeiten;JAHR;Jahr;2025;DINSGF;Früheres Bundesgebiet / Neue Länder;DN;Neue Länder;WZ08C7;WZ2008 (ausgewählte Positionen): Tarifindex;WZ08-37;Abwasserentsorgung;115,9;2020=100;VST072;Index d.tarifl. Stundenverdienste mit Sonderzahl.
62221;Vj. Index der Tarifverdienste und Arbeitszeiten;JAHR;Jahr;2025;DINSGF;Früheres Bundesgebiet / Neue Länder;DN;Neue Länder;WZ08C7;WZ2008 (ausgewählte Positionen): Tarifindex;WZ08-37;Abwasserentsorgung;115,9;2020=100;VST073;Index d.tarifl. Monatsverdienste mit Sonderzahl.
62221;Vj. Index der Tarifverdienste und Arbeitszeiten;JAHR;Jahr;2025;DINSGF;Früheres Bundesgebiet / Neue Länder;DN;Neue Länder;WZ08C7;WZ2008 (ausgewählte Positionen): Tarifindex;WZ08-37;Abwasserentsorgung;39,0;h;VST019;Durchschnittliche tarifliche Wochenarbeitszeit
62221;Vj. Index der Tarifverdienste und Arbeitszeiten;JAHR;Jahr;2025;DINSGF;Früheres Bundesgebiet / Neue Länder;DN;Neue Länder;WZ08C7;WZ2008 (ausgewählte Positionen): Tarifindex;WZ08-37;Abwasserentsorgung;116,1;2020=100;VST066;Index d.tarifl. Monatsverdienste ohne Sonderzahl.
62221;Vj. Index der Tarifverdienste und Arbeitszeiten;JAHR;Jahr;2025;DINSGF;Früheres Bundesgebiet / Neue Länder;DN;Neue Länder;WZ08C7;WZ2008 (ausgewählte Positionen): Tarifindex;WZ08-37;Abwasserentsorgung;100,0;2020=100;VST018;Index der tariflichen Wochenarbeitszeit
62221;Vj. Index der Tarifverdienste und Arbeitszeiten;JAHR;Jahr;2025;DINSGF;Früheres Bundesgebiet / Neue Länder;DN;Neue Länder;WZ08C7;WZ2008 (ausgewählte Positionen): Tarifindex;WZ08-37;Abwasserentsorgung;116,1;2020=100;VST065;Index d.tarifl. Stundenverdienste ohne Sonderzahl.
62221;Vj. Index der Tarifverdienste und Arbeitszeiten;JAHR;Jahr;2022;DINSGF;Früheres Bundesgebiet / Neue Länder;DF;Früheres Bundesgebiet;WZ08C7;WZ2008 (ausgewählte Positionen): Tarifindex;WZ08-24-01;Metallgewerbe;102,0;2020=100;VST072;Index d.tarifl. Stundenverdienste mit Sonderzahl.
62221;Vj. Index der Tarifverdienste und Arbeitszeiten;JAHR;Jahr;2022;DINSGF;Früheres Bundesgebiet / Neue Länder;DF;Früheres Bundesgebiet;WZ08C7;WZ2008 (ausgewählte Positionen): Tarifindex;WZ08-24-01;Metallgewerbe;102,1;2020=100;VST073;Index d.tarifl. Monatsverdienste mit Sonderzahl.
62221;Vj. Index der Tarifverdienste und Arbeitszeiten;JAHR;Jahr;2022;DINSGF;Früheres Bundesgebiet / Neue Länder;DF;Früheres Bundesgebiet;WZ08C7;WZ2008 (ausgewählte Positionen): Tarifindex;WZ08-24-01;Metallgewerbe;35,5;h;VST019;Durchschnittliche tarifliche Wochenarbeitszeit
62221;Vj. Index der Tarifverdienste und Arbeitszeiten;JAHR;Jahr;2022;DINSGF;Früheres Bundesgebiet / Neue Länder;DF;Früheres Bundesgebiet;WZ08C7;WZ2008 (ausgewählte Positionen): Tarifindex;WZ08-24-01;Metallgewerbe;100,7;2020=100;VST066;Index d.tarifl. Monatsverdienste ohne Sonderzahl.
62221;Vj. Index der Tarifverdienste und Arbeitszeiten;JAHR;Jahr;2022;DINSGF;Früheres Bundesgebiet / Neue Länder;DF;Früheres Bundesgebiet;WZ08C7;WZ2008 (ausgewählte Positionen): Tarifindex;WZ08-24-01;Metallgewerbe;100,0;2020=100;VST018;Index der tariflichen Wochenarbeitszeit
62221;Vj. Index der Tarifverdienste und Arbeitszeiten;JAHR;Jahr;2022;DINSGF;Früheres Bundesgebiet / Neue Länder;DF;Früheres Bundesgebiet;WZ08C7;WZ2008 (ausgewählte Positionen): Tarifindex;WZ08-24-01;Metallgewerbe;100,7;2020=100;VST065;Index d.tarifl. Stundenverdienste ohne Sonderzahl.
62221;Vj. Index der Tarifverdienste und Arbeitszeiten;JAHR;Jahr;2019;DINSGF;Früheres Bundesgebiet / Neue Länder;DN;Neue Länder;WZ08C7;WZ2008 (ausgewählte Positionen): Tarifindex;WZ08-41-01;Hoch- und Tiefbau;98,4;2020=100;VST072;Index d.tarifl. Stundenverdienste mit Sonderzahl.
62221;Vj. Index der Tarifverdienste und Arbeitszeiten;JAHR;Jahr;2019;DINSGF;Früheres Bundesgebiet / Neue Länder;DN;Neue Länder;WZ08C7;WZ2008 (ausgewählte Positionen): Tarifindex;WZ08-41-01;Hoch- und Tiefbau;98,4;2020=100;VST073;Index d.tarifl. Monatsverdienste mit Sonderzahl.
62221;Vj. Index der Tarifverdienste und Arbeitszeiten;JAHR;Jahr;2019;DINSGF;Früheres Bundesgebiet / Neue Länder;DN;Neue Länder;WZ08C7;WZ2008 (ausgewählte Positionen): Tarifindex;WZ08-41-01;Hoch- und Tiefbau;40,0;h;VST019;Durchschnittliche tarifliche Wochenarbeitszeit
62221;Vj. Index der Tarifverdienste und Arbeitszeiten;JAHR;Jahr;2019;DINSGF;Früheres Bundesgebiet / Neue Länder;DN;Neue Länder;WZ08C7;WZ2008 (ausgewählte Positionen): Tarifindex;WZ08-41-01;Hoch- und Tiefbau;99,5;2020=100;VST066;Index d.tarifl. Monatsverdienste ohne Sonderzahl.
62221;Vj. Index der Tarifverdienste und Arbeitszeiten;JAHR;Jahr;2019;DINSGF;Früheres Bundesgebiet / Neue Länder;DN;Neue Länder;WZ08C7;WZ2008 (ausgewählte Positionen): Tarifindex;WZ08-41-01;Hoch- und Tiefbau;100,0;2020=100;VST018;Index der tariflichen Wochenarbeitszeit
62221;Vj. Index der Tarifverdienste und Arbeitszeiten;JAHR;Jahr;2019;DINSGF;Früheres Bundesgebiet / Neue Länder;DN;Neue Länder;WZ08C7;WZ2008 (ausgewählte Positionen): Tarifindex;WZ08-41-01;Hoch- und Tiefbau;99,5;2020=100;VST065;Index d.tarifl. Stundenverdienste ohne Sonderzahl.
62221;Vj. Index der Tarifverdienste und Arbeitszeiten;JAHR;Jahr;2019;DINSGF;Früheres Bundesgebiet / Neue Länder;DN;Neue Länder;WZ08C7;WZ2008 (ausgewählte Positionen): Tarifindex;WZ08-B-14;Kohlenbergbau, Gewinnung von Erdöl und Erdgas;98,5;2020=100;VST072;Index d.tarifl. Stundenverdienste mit Sonderzahl.
62221;Vj. Index der Tarifverdienste und Arbeitszeiten;JAHR;Jahr;2019;DINSGF;Früheres Bundesgebiet / Neue Länder;DN;Neue Länder;WZ08C7;WZ2008 (ausgewählte Positionen): Tarifindex;WZ08-B-14;Kohlenbergbau, Gewinnung von Erdöl und Erdgas;98,5;2020=100;VST073;Index d.tarifl. Monatsverdienste mit Sonderzahl.
62221;Vj. Index der Tarifverdienste und Arbeitszeiten;JAHR;Jahr;2019;DINSGF;Früheres Bundesgebiet / Neue Länder;DN;Neue Länder;WZ08C7;WZ2008 (ausgewählte Positionen): Tarifindex;WZ08-B-14;Kohlenbergbau, Gewinnung von Erdöl und Erdgas;37,0;h;VST019;Durchschnittliche tarifliche Wochenarbeitszeit
62221;Vj. Index der Tarifverdienste und Arbeitszeiten;JAHR;Jahr;2019;DINSGF;Früheres Bundesgebiet / Neue Länder;DN;Neue Länder;WZ08C7;WZ2008 (ausgewählte Positionen): Tarifindex;WZ08-B-14;Kohlenbergbau, Gewinnung von Erdöl und Erdgas;98,7;2020=100;VST066;Index d.tarifl. Monatsverdienste ohne Sonderzahl.
62221;Vj. Index der Tarifverdienste und Arbeitszeiten;JAHR;Jahr;2019;DINSGF;Früheres Bundesgebiet / Neue Länder;DN;Neue Länder;WZ08C7;WZ2008 (ausgewählte Positionen): Tarifindex;WZ08-B-14;Kohlenbergbau, Gewinnung von Erdöl und Erdgas;100,0;2020=100;VST018;Index der tariflichen Wochenarbeitszeit
62221;Vj. Index der Tarifverdienste und Arbeitszeiten;JAHR;Jahr;2019;DINSGF;Früheres Bundesgebiet / Neue Länder;DN;Neue Länder;WZ08C7;WZ2008 (ausgewählte Positionen): Tarifindex;WZ08-B-14;Kohlenbergbau, Gewinnung von Erdöl und Erdgas;98,7;2020=100;VST065;Index d.tarifl. Stundenverdienste ohne Sonderzahl.
62221;Vj. Index der Tarifverdienste und Arbeitszeiten;JAHR;Jahr;2016;DINSGF;Früheres Bundesgebiet / Neue Länder;DF;Früheres Bundesgebiet;WZ08C7;WZ2008 (ausgewählte Positionen): Tarifindex;WZ08-A;Land- und Forstwirtschaft, Fischerei;90,6;2020=100;VST072;Index d.tarifl. Stundenverdienste mit Sonderzahl.
62221;Vj. Index der Tarifverdienste und Arbeitszeiten;JAHR;Jahr;2016;DINSGF;Früheres Bundesgebiet / Neue Länder;DF;Früheres Bundesgebiet;WZ08C7;WZ2008 (ausgewählte Positionen): Tarifindex;WZ08-A;Land- und Forstwirtschaft, Fischerei;90,6;2020=100;VST073;Index d.tarifl. Monatsverdienste mit Sonderzahl.
62221;Vj. Index der Tarifverdienste und Arbeitszeiten;JAHR;Jahr;2016;DINSGF;Früheres Bundesgebiet / Neue Länder;DF;Früheres Bundesgebiet;WZ08C7;WZ2008 (ausgewählte Positionen): Tarifindex;WZ08-A;Land- und Forstwirtschaft, Fischerei;39,6;h;VST019;Durchschnittliche tarifliche Wochenarbeitszeit
62221;Vj. Index der Tarifverdienste und Arbeitszeiten;JAHR;Jahr;2016;DINSGF;Früheres Bundesgebiet / Neue Länder;DF;Früheres Bundesgebiet;WZ08C7;WZ2008 (ausgewählte Positionen): Tarifindex;WZ08-A;Land- und Forstwirtschaft, Fischerei;90,2;2020=100;VST066;Index d.tarifl. Monatsverdienste ohne Sonderzahl.
62221;Vj. Index der Tarifverdienste und Arbeitszeiten;JAHR;Jahr;2016;DINSGF;Früheres Bundesgebiet / Neue Länder;DF;Früheres Bundesgebiet;WZ08C7;WZ2008 (ausgewählte Positionen): Tarifindex;WZ08-A;Land- und Forstwirtschaft, Fischerei;100,0;2020=100;VST018;Index der tariflichen Wochenarbeitszeit
62221;Vj. Index der Tarifverdienste und Arbeitszeiten;JAHR;Jahr;2016;DINSGF;Früheres Bundesgebiet / Neue Länder;DF;Früheres Bundesgebiet;WZ08C7;WZ2008 (ausgewählte Positionen): Tarifindex;WZ08-A;Land- und Forstwirtschaft, Fischerei;90,2;2020=100;VST065;Index d.tarifl. Stundenverdienste ohne Sonderzahl.
62221;Vj. Index der Tarifverdienste und Arbeitszeiten;JAHR;Jahr;2024;DINSGF;Früheres Bundesgebiet / Neue Länder;DF;Früheres Bundesgebiet;WZ08C7;WZ2008 (ausgewählte Positionen): Tarifindex;WZ08-B-08;Produzierendes Gewerbe und Dienstleistungsbereich;112,3;2020=100;VST072;Index d.tarifl. Stundenverdienste mit Sonderzahl.
62221;Vj. Index der Tarifverdienste und Arbeitszeiten;JAHR;Jahr;2024;DINSGF;Früheres Bundesgebiet / Neue Länder;DF;Früheres Bundesgebiet;WZ08C7;WZ2008 (ausgewählte Positionen): Tarifindex;WZ08-B-08;Produzierendes Gewerbe und Dienstleistungsbereich;112,3;2020=100;VST073;Index d.tarifl. Monatsverdienste mit Sonderzahl.
62221;Vj. Index der Tarifverdienste und Arbeitszeiten;JAHR;Jahr;2024;DINSGF;Früheres Bundesgebiet / Neue Länder;DF;Früheres Bundesgebiet;WZ08C7;WZ2008 (ausgewählte Positionen): Tarifindex;WZ08-B-08;Produzierendes Gewerbe und Dienstleistungsbereich;38,5;h;VST019;Durchschnittliche tarifliche Wochenarbeitszeit
62221;Vj. Index der Tarifverdienste und Arbeitszeiten;JAHR;Jahr;2024;DINSGF;Früheres Bundesgebiet / Neue Länder;DF;Früheres Bundesgebiet;WZ08C7;WZ2008 (ausgewählte Positionen): Tarifindex;WZ08-B-08;Produzierendes Gewerbe und Dienstleistungsbereich;109,7;2020=100;VST066;Index d.tarifl. Monatsverdienste ohne Sonderzahl.
62221;Vj. Index der Tarifverdienste und Arbeitszeiten;JAHR;Jahr;2024;DINSGF;Früheres Bundesgebiet / Neue Länder;DF;Früheres Bundesgebiet;WZ08C7;WZ2008 (ausgewählte Positionen): Tarifindex;WZ08-B-08;Produzierendes Gewerbe und Dienstleistungsbereich;100,0;2020=100;VST018;Index der tariflichen Wochenarbeitszeit
62221;Vj. Index der Tarifverdienste und Arbeitszeiten;JAHR;Jahr;2024;DINSGF;Früheres Bundesgebiet / Neue Länder;DF;Früheres Bundesgebiet;WZ08C7;WZ2008 (ausgewählte Positionen): Tarifindex;WZ08-B-08;Produzierendes Gewerbe und Dienstleistungsbereich;109,8;2020=100;VST065;Index d.tarifl. Stundenverdienste ohne Sonderzahl.
62221;Vj. Index der Tarifverdienste und Arbeitszeiten;JAHR;Jahr;2025;DINSGF;Früheres Bundesgebiet / Neue Länder;DN;Neue Länder;WZ08C7;WZ2008 (ausgewählte Positionen): Tarifindex;WZ08-D-06;Energie- und Wasserversorgung;116,6;2020=100;VST072;Index d.tarifl. Stundenverdienste mit Sonderzahl.
62221;Vj. Index der Tarifverdienste und Arbeitszeiten;JAHR;Jahr;2025;DINSGF;Früheres Bundesgebiet / Neue Länder;DN;Neue Länder;WZ08C7;WZ2008 (ausgewählte Positionen): Tarifindex;WZ08-D-06;Energie- und Wasserversorgung;116,4;2020=100;VST073;Index d.tarifl. Monatsverdienste mit Sonderzahl.
62221;Vj. Index der Tarifverdienste und Arbeitszeiten;JAHR;Jahr;2025;DINSGF;Früheres Bundesgebiet / Neue Länder;DN;Neue Länder;WZ08C7;WZ2008 (ausgewählte Positionen): Tarifindex;WZ08-D-06;Energie- und Wasserversorgung;38,3;h;VST019;Durchschnittliche tarifliche Wochenarbeitszeit
62221;Vj. Index der Tarifverdienste und Arbeitszeiten;JAHR;Jahr;2025;DINSGF;Früheres Bundesgebiet / Neue Länder;DN;Neue Länder;WZ08C7;WZ2008 (ausgewählte Positionen): Tarifindex;WZ08-D-06;Energie- und Wasserversorgung;116,6;2020=100;VST066;Index d.tarifl. Monatsverdienste ohne Sonderzahl.
62221;Vj. Index der Tarifverdienste und Arbeitszeiten;JAHR;Jahr;2025;DINSGF;Früheres Bundesgebiet / Neue Länder;DN;Neue Länder;WZ08C7;WZ2008 (ausgewählte Positionen): Tarifindex;WZ08-D-06;Energie- und Wasserversorgung;99,9;2020=100;VST018;Index der tariflichen Wochenarbeitszeit
62221;Vj. Index der Tarifverdienste und Arbeitszeiten;JAHR;Jahr;2025;DINSGF;Früheres Bundesgebiet / Neue Länder;DN;Neue Länder;WZ08C7;WZ2008 (ausgewählte Positionen): Tarifindex;WZ08-D-06;Energie- und Wasserversorgung;116,7;2020=100;VST065;Index d.tarifl. Stundenverdienste ohne Sonderzahl.
62221;Vj. Index der Tarifverdienste und Arbeitszeiten;JAHR;Jahr;2024;DINSGF;Früheres Bundesgebiet / Neue Länder;DF;Früheres Bundesgebiet;WZ08C7;WZ2008 (ausgewählte Positionen): Tarifindex;WZ08-35;Energieversorgung;114,0;2020=100;VST072;Index d.tarifl. Stundenverdienste mit Sonderzahl.
62221;Vj. Index der Tarifverdienste und Arbeitszeiten;JAHR;Jahr;2024;DINSGF;Früheres Bundesgebiet / Neue Länder;DF;Früheres Bundesgebiet;WZ08C7;WZ2008 (ausgewählte Positionen): Tarifindex;WZ08-35;Energieversorgung;114,1;2020=100;VST073;Index d.tarifl. Monatsverdienste mit Sonderzahl.
62221;Vj. Index der Tarifverdienste und Arbeitszeiten;JAHR;Jahr;2024;DINSGF;Früheres Bundesgebiet / Neue Länder;DF;Früheres Bundesgebiet;WZ08C7;WZ2008 (ausgewählte Positionen): Tarifindex;WZ08-35;Energieversorgung;38,2;h;VST019;Durchschnittliche tarifliche Wochenarbeitszeit
62221;Vj. Index der Tarifverdienste und Arbeitszeiten;JAHR;Jahr;2024;DINSGF;Früheres Bundesgebiet / Neue Länder;DF;Früheres Bundesgebiet;WZ08C7;WZ2008 (ausgewählte Positionen): Tarifindex;WZ08-35;Energieversorgung;113,0;2020=100;VST066;Index d.tarifl. Monatsverdienste ohne Sonderzahl.
62221;Vj. Index der Tarifverdienste und Arbeitszeiten;JAHR;Jahr;2024;DINSGF;Früheres Bundesgebiet / Neue Länder;DF;Früheres Bundesgebiet;WZ08C7;WZ2008 (ausgewählte Positionen): Tarifindex;WZ08-35;Energieversorgung;100,1;2020=100;VST018;Index der tariflichen Wochenarbeitszeit
62221;Vj. Index der Tarifverdienste und Arbeitszeiten;JAHR;Jahr;2024;DINSGF;Früheres Bundesgebiet / Neue Länder;DF;Früheres Bundesgebiet;WZ08C7;WZ2008 (ausgewählte Positionen): Tarifindex;WZ08-35;Energieversorgung;112,9;2020=100;VST065;Index d.tarifl. Stundenverdienste ohne Sonderzahl.
62221;Vj. Index der Tarifverdienste und Arbeitszeiten;JAHR;Jahr;2025;DINSGF;Früheres Bundesgebiet / Neue Länder;DN;Neue Länder;WZ08C7;WZ2008 (ausgewählte Positionen): Tarifindex;WZ08-19;Kokerei und Mineralölverarbeitung;118,8;2020=100;VST072;Index d.tarifl. Stundenverdienste mit Sonderzahl.
62221;Vj. Index der Tarifverdienste und Arbeitszeiten;JAHR;Jahr;2025;DINSGF;Früheres Bundesgebiet / Neue Länder;DN;Neue Länder;WZ08C7;WZ2008 (ausgewählte Positionen): Tarifindex;WZ08-19;Kokerei und Mineralölverarbeitung;115,8;2020=100;VST073;Index d.tarifl. Monatsverdienste mit Sonderzahl.
62221;Vj. Index der Tarifverdienste und Arbeitszeiten;JAHR;Jahr;2025;DINSGF;Früheres Bundesgebiet / Neue Länder;DN;Neue Länder;WZ08C7;WZ2008 (ausgewählte Positionen): Tarifindex;WZ08-19;Kokerei und Mineralölverarbeitung;38,5;h;VST019;Durchschnittliche tarifliche Wochenarbeitszeit
62221;Vj. Index der Tarifverdienste und Arbeitszeiten;JAHR;Jahr;2025;DINSGF;Früheres Bundesgebiet / Neue Länder;DN;Neue Länder;WZ08C7;WZ2008 (ausgewählte Positionen): Tarifindex;WZ08-19;Kokerei und Mineralölverarbeitung;114,9;2020=100;VST066;Index d.tarifl. Monatsverdienste ohne Sonderzahl.
62221;Vj. Index der Tarifverdienste und Arbeitszeiten;JAHR;Jahr;2025;DINSGF;Früheres Bundesgebiet / Neue Länder;DN;Neue Länder;WZ08C7;WZ2008 (ausgewählte Positionen): Tarifindex;WZ08-19;Kokerei und Mineralölverarbeitung;97,5;2020=100;VST018;Index der tariflichen Wochenarbeitszeit
62221;Vj. Index der Tarifverdienste und Arbeitszeiten;JAHR;Jahr;2025;DINSGF;Früheres Bundesgebiet / Neue Länder;DN;Neue Länder;WZ08C7;WZ2008 (ausgewählte Positionen): Tarifindex;WZ08-19;Kokerei und Mineralölverarbeitung;117,8;2020=100;VST065;Index d.tarifl. Stundenverdienste ohne Sonderzahl.
62221;Vj. Index der Tarifverdienste und Arbeitszeiten;JAHR;Jahr;2022;DINSGF;Früheres Bundesgebiet / Neue Länder;DN;Neue Länder;WZ08C7;WZ2008 (ausgewählte Positionen): Tarifindex;WZ08-84;Öff. Verwaltung, Verteidigung, Sozialversicherung;102,9;2020=100;VST072;Index d.tarifl. Stundenverdienste mit Sonderzahl.
62221;Vj. Index der Tarifverdienste und Arbeitszeiten;JAHR;Jahr;2022;DINSGF;Früheres Bundesgebiet / Neue Länder;DN;Neue Länder;WZ08C7;WZ2008 (ausgewählte Positionen): Tarifindex;WZ08-84;Öff. Verwaltung, Verteidigung, Sozialversicherung;102,9;2020=100;VST073;Index d.tarifl. Monatsverdienste mit Sonderzahl.
62221;Vj. Index der Tarifverdienste und Arbeitszeiten;JAHR;Jahr;2022;DINSGF;Früheres Bundesgebiet / Neue Länder;DN;Neue Länder;WZ08C7;WZ2008 (ausgewählte Positionen): Tarifindex;WZ08-84;Öff. Verwaltung, Verteidigung, Sozialversicherung;39,8;h;VST019;Durchschnittliche tarifliche Wochenarbeitszeit
62221;Vj. Index der Tarifverdienste und Arbeitszeiten;JAHR;Jahr;2022;DINSGF;Früheres Bundesgebiet / Neue Länder;DN;Neue Länder;WZ08C7;WZ2008 (ausgewählte Positionen): Tarifindex;WZ08-84;Öff. Verwaltung, Verteidigung, Sozialversicherung;102,3;2020=100;VST066;Index d.tarifl. Monatsverdienste ohne Sonderzahl.
62221;Vj. Index der Tarifverdienste und Arbeitszeiten;JAHR;Jahr;2022;DINSGF;Früheres Bundesgebiet / Neue Länder;DN;Neue Länder;WZ08C7;WZ2008 (ausgewählte Positionen): Tarifindex;WZ08-84;Öff. Verwaltung, Verteidigung, Sozialversicherung;100,0;2020=100;VST018;Index der tariflichen Wochenarbeitszeit
62221;Vj. Index der Tarifverdienste und Arbeitszeiten;JAHR;Jahr;2022;DINSGF;Früheres Bundesgebiet / Neue Länder;DN;Neue Länder;WZ08C7;WZ2008 (ausgewählte Positionen): Tarifindex;WZ08-84;Öff. Verwaltung, Verteidigung, Sozialversicherung;102,3;2020=100;VST065;Index d.tarifl. Stundenverdienste ohne Sonderzahl.
62221;Vj. Index der Tarifverdienste und Arbeitszeiten;JAHR;Jahr;2020;DINSGF;Früheres Bundesgebiet / Neue Länder;DN;Neue Länder;WZ08C7;WZ2008 (ausgewählte Positionen): Tarifindex;WZ-X002;Investitionsgüterproduzenten;100,0;2020=100;VST072;Index d.tarifl. Stundenverdienste mit Sonderzahl.
62221;Vj. Index der Tarifverdienste und Arbeitszeiten;JAHR;Jahr;2020;DINSGF;Früheres Bundesgebiet / Neue Länder;DN;Neue Länder;WZ08C7;WZ2008 (ausgewählte Positionen): Tarifindex;WZ-X002;Investitionsgüterproduzenten;100,0;2020=100;VST073;Index d.tarifl. Monatsverdienste mit Sonderzahl.
62221;Vj. Index der Tarifverdienste und Arbeitszeiten;JAHR;Jahr;2020;DINSGF;Früheres Bundesgebiet / Neue Länder;DN;Neue Länder;WZ08C7;WZ2008 (ausgewählte Positionen): Tarifindex;WZ-X002;Investitionsgüterproduzenten;37,8;h;VST019;Durchschnittliche tarifliche Wochenarbeitszeit
62221;Vj. Index der Tarifverdienste und Arbeitszeiten;JAHR;Jahr;2020;DINSGF;Früheres Bundesgebiet / Neue Länder;DN;Neue Länder;WZ08C7;WZ2008 (ausgewählte Positionen): Tarifindex;WZ-X002;Investitionsgüterproduzenten;100,0;2020=100;VST066;Index d.tarifl. Monatsverdienste ohne Sonderzahl.
62221;Vj. Index der Tarifverdienste und Arbeitszeiten;JAHR;Jahr;2020;DINSGF;Früheres Bundesgebiet / Neue Länder;DN;Neue Länder;WZ08C7;WZ2008 (ausgewählte Positionen): Tarifindex;WZ-X002;Investitionsgüterproduzenten;100,0;2020=100;VST018;Index der tariflichen Wochenarbeitszeit
62221;Vj. Index der Tarifverdienste und Arbeitszeiten;JAHR;Jahr;2020;DINSGF;Früheres Bundesgebiet / Neue Länder;DN;Neue Länder;WZ08C7;WZ2008 (ausgewählte Positionen): Tarifindex;WZ-X002;Investitionsgüterproduzenten;100,0;2020=100;VST065;Index d.tarifl. Stundenverdienste ohne Sonderzahl.
62221;Vj. Index der Tarifverdienste und Arbeitszeiten;JAHR;Jahr;2018;DINSGF;Früheres Bundesgebiet / Neue Länder;DF;Früheres Bundesgebiet;WZ08C7;WZ2008 (ausgewählte Positionen): Tarifindex;WZ08-O-01;Öffentliche und persönliche Dienstleistungen;94,2;2020=100;VST072;Index d.tarifl. Stundenverdienste mit Sonderzahl.
62221;Vj. Index der Tarifverdienste und Arbeitszeiten;JAHR;Jahr;2018;DINSGF;Früheres Bundesgebiet / Neue Länder;DF;Früheres Bundesgebiet;WZ08C7;WZ2008 (ausgewählte Positionen): Tarifindex;WZ08-O-01;Öffentliche und persönliche Dienstleistungen;94,2;2020=100;VST073;Index d.tarifl. Monatsverdienste mit Sonderzahl.
62221;Vj. Index der Tarifverdienste und Arbeitszeiten;JAHR;Jahr;2018;DINSGF;Früheres Bundesgebiet / Neue Länder;DF;Früheres Bundesgebiet;WZ08C7;WZ2008 (ausgewählte Positionen): Tarifindex;WZ08-O-01;Öffentliche und persönliche Dienstleistungen;39,7;h;VST019;Durchschnittliche tarifliche Wochenarbeitszeit
62221;Vj. Index der Tarifverdienste und Arbeitszeiten;JAHR;Jahr;2018;DINSGF;Früheres Bundesgebiet / Neue Länder;DF;Früheres Bundesgebiet;WZ08C7;WZ2008 (ausgewählte Positionen): Tarifindex;WZ08-O-01;Öffentliche und persönliche Dienstleistungen;94,0;2020=100;VST066;Index d.tarifl. Monatsverdienste ohne Sonderzahl.
62221;Vj. Index der Tarifverdienste und Arbeitszeiten;JAHR;Jahr;2018;DINSGF;Früheres Bundesgebiet / Neue Länder;DF;Früheres Bundesgebiet;WZ08C7;WZ2008 (ausgewählte Positionen): Tarifindex;WZ08-O-01;Öffentliche und persönliche Dienstleistungen;100,0;2020=100;VST018;Index der tariflichen Wochenarbeitszeit
62221;Vj. Index der Tarifverdienste und Arbeitszeiten;JAHR;Jahr;2018;DINSGF;Früheres Bundesgebiet / Neue Länder;DF;Früheres Bundesgebiet;WZ08C7;WZ2008 (ausgewählte Positionen): Tarifindex;WZ08-O-01;Öffentliche und persönliche Dienstleistungen;94,0;2020=100;VST065;Index d.tarifl. Stundenverdienste ohne Sonderzahl.
62221;Vj. Index der Tarifverdienste und Arbeitszeiten;JAHR;Jahr;2025;DINSGF;Früheres Bundesgebiet / Neue Länder;DF;Früheres Bundesgebiet;WZ08C7;WZ2008 (ausgewählte Positionen): Tarifindex;WZ08-G-02;Dienstleistungsbereich;115,6;2020=100;VST072;Index d.tarifl. Stundenverdienste mit Sonderzahl.
62221;Vj. Index der Tarifverdienste und Arbeitszeiten;JAHR;Jahr;2025;DINSGF;Früheres Bundesgebiet / Neue Länder;DF;Früheres Bundesgebiet;WZ08C7;WZ2008 (ausgewählte Positionen): Tarifindex;WZ08-G-02;Dienstleistungsbereich;115,5;2020=100;VST073;Index d.tarifl. Monatsverdienste mit Sonderzahl.
62221;Vj. Index der Tarifverdienste und Arbeitszeiten;JAHR;Jahr;2025;DINSGF;Früheres Bundesgebiet / Neue Länder;DF;Früheres Bundesgebiet;WZ08C7;WZ2008 (ausgewählte Positionen): Tarifindex;WZ08-G-02;Dienstleistungsbereich;39,2;h;VST019;Durchschnittliche tarifliche Wochenarbeitszeit
62221;Vj. Index der Tarifverdienste und Arbeitszeiten;JAHR;Jahr;2025;DINSGF;Früheres Bundesgebiet / Neue Länder;DF;Früheres Bundesgebiet;WZ08C7;WZ2008 (ausgewählte Positionen): Tarifindex;WZ08-G-02;Dienstleistungsbereich;115,5;2020=100;VST066;Index d.tarifl. Monatsverdienste ohne Sonderzahl.
62221;Vj. Index der Tarifverdienste und Arbeitszeiten;JAHR;Jahr;2025;DINSGF;Früheres Bundesgebiet / Neue Länder;DF;Früheres Bundesgebiet;WZ08C7;WZ2008 (ausgewählte Positionen): Tarifindex;WZ08-G-02;Dienstleistungsbereich;99,8;2020=100;VST018;Index der tariflichen Wochenarbeitszeit
62221;Vj. Index der Tarifverdienste und Arbeitszeiten;JAHR;Jahr;2025;DINSGF;Früheres Bundesgebiet / Neue Länder;DF;Früheres Bundesgebiet;WZ08C7;WZ2008 (ausgewählte Positionen): Tarifindex;WZ08-G-02;Dienstleistungsbereich;115,5;2020=100;VST065;Index d.tarifl. Stundenverdienste ohne Sonderzahl.
62221;Vj. Index der Tarifverdienste und Arbeitszeiten;JAHR;Jahr;2022;DINSGF;Früheres Bundesgebiet / Neue Länder;DN;Neue Länder;WZ08C7;WZ2008 (ausgewählte Positionen): Tarifindex;WZ08-66;Mit Finanz- u. Versicherungsdienstl. verb. Tätigk.;104,6;2020=100;VST072;Index d.tarifl. Stundenverdienste mit Sonderzahl.
62221;Vj. Index der Tarifverdienste und Arbeitszeiten;JAHR;Jahr;2022;DINSGF;Früheres Bundesgebiet / Neue Länder;DN;Neue Länder;WZ08C7;WZ2008 (ausgewählte Positionen): Tarifindex;WZ08-66;Mit Finanz- u. Versicherungsdienstl. verb. Tätigk.;104,6;2020=100;VST073;Index d.tarifl. Monatsverdienste mit Sonderzahl.
62221;Vj. Index der Tarifverdienste und Arbeitszeiten;JAHR;Jahr;2022;DINSGF;Früheres Bundesgebiet / Neue Länder;DN;Neue Länder;WZ08C7;WZ2008 (ausgewählte Positionen): Tarifindex;WZ08-66;Mit Finanz- u. Versicherungsdienstl. verb. Tätigk.;38,1;h;VST019;Durchschnittliche tarifliche Wochenarbeitszeit
62221;Vj. Index der Tarifverdienste und Arbeitszeiten;JAHR;Jahr;2022;DINSGF;Früheres Bundesgebiet / Neue Länder;DN;Neue Länder;WZ08C7;WZ2008 (ausgewählte Positionen): Tarifindex;WZ08-66;Mit Finanz- u. Versicherungsdienstl. verb. Tätigk.;103,7;2020=100;VST066;Index d.tarifl. Monatsverdienste ohne Sonderzahl.
62221;Vj. Index der Tarifverdienste und Arbeitszeiten;JAHR;Jahr;2022;DINSGF;Früheres Bundesgebiet / Neue Länder;DN;Neue Länder;WZ08C7;WZ2008 (ausgewählte Positionen): Tarifindex;WZ08-66;Mit Finanz- u. Versicherungsdienstl. verb. Tätigk.;100,0;2020=100;VST018;Index der tariflichen Wochenarbeitszeit
62221;Vj. Index der Tarifverdienste und Arbeitszeiten;JAHR;Jahr;2022;DINSGF;Früheres Bundesgebiet / Neue Länder;DN;Neue Länder;WZ08C7;WZ2008 (ausgewählte Positionen): Tarifindex;WZ08-66;Mit Finanz- u. Versicherungsdienstl. verb. Tätigk.;103,7;2020=100;VST065;Index d.tarifl. Stundenverdienste ohne Sonderzahl.
62221;Vj. Index der Tarifverdienste und Arbeitszeiten;JAHR;Jahr;2024;DINSGF;Früheres Bundesgebiet / Neue Länder;DF;Früheres Bundesgebiet;WZ08C7;WZ2008 (ausgewählte Positionen): Tarifindex;WZ08-11;Getränkeherstellung;115,3;2020=100;VST072;Index d.tarifl. Stundenverdienste mit Sonderzahl.
62221;Vj. Index der Tarifverdienste und Arbeitszeiten;JAHR;Jahr;2024;DINSGF;Früheres Bundesgebiet / Neue Länder;DF;Früheres Bundesgebiet;WZ08C7;WZ2008 (ausgewählte Positionen): Tarifindex;WZ08-11;Getränkeherstellung;115,3;2020=100;VST073;Index d.tarifl. Monatsverdienste mit Sonderzahl.
62221;Vj. Index der Tarifverdienste und Arbeitszeiten;JAHR;Jahr;2024;DINSGF;Früheres Bundesgebiet / Neue Länder;DF;Früheres Bundesgebiet;WZ08C7;WZ2008 (ausgewählte Positionen): Tarifindex;WZ08-11;Getränkeherstellung;38,1;h;VST019;Durchschnittliche tarifliche Wochenarbeitszeit
62221;Vj. Index der Tarifverdienste und Arbeitszeiten;JAHR;Jahr;2024;DINSGF;Früheres Bundesgebiet / Neue Länder;DF;Früheres Bundesgebiet;WZ08C7;WZ2008 (ausgewählte Positionen): Tarifindex;WZ08-11;Getränkeherstellung;113,5;2020=100;VST066;Index d.tarifl. Monatsverdienste ohne Sonderzahl.
62221;Vj. Index der Tarifverdienste und Arbeitszeiten;JAHR;Jahr;2024;DINSGF;Früheres Bundesgebiet / Neue Länder;DF;Früheres Bundesgebiet;WZ08C7;WZ2008 (ausgewählte Positionen): Tarifindex;WZ08-11;Getränkeherstellung;100,0;2020=100;VST018;Index der tariflichen Wochenarbeitszeit
62221;Vj. Index der Tarifverdienste und Arbeitszeiten;JAHR;Jahr;2024;DINSGF;Früheres Bundesgebiet / Neue Länder;DF;Früheres Bundesgebiet;WZ08C7;WZ2008 (ausgewählte Positionen): Tarifindex;WZ08-11;Getränkeherstellung;113,5;2020=100;VST065;Index d.tarifl. Stundenverdienste ohne Sonderzahl.
62221;Vj. Index der Tarifverdienste und Arbeitszeiten;JAHR;Jahr;2023;DINSGF;Früheres Bundesgebiet / Neue Länder;DN;Neue Länder;WZ08C7;WZ2008 (ausgewählte Positionen): Tarifindex;WZ08-72;Forschung und Entwicklung;105,9;2020=100;VST072;Index d.tarifl. Stundenverdienste mit Sonderzahl.
62221;Vj. Index der Tarifverdienste und Arbeitszeiten;JAHR;Jahr;2023;DINSGF;Früheres Bundesgebiet / Neue Länder;DN;Neue Länder;WZ08C7;WZ2008 (ausgewählte Positionen): Tarifindex;WZ08-72;Forschung und Entwicklung;105,9;2020=100;VST073;Index d.tarifl. Monatsverdienste mit Sonderzahl.
62221;Vj. Index der Tarifverdienste und Arbeitszeiten;JAHR;Jahr;2023;DINSGF;Früheres Bundesgebiet / Neue Länder;DN;Neue Länder;WZ08C7;WZ2008 (ausgewählte Positionen): Tarifindex;WZ08-72;Forschung und Entwicklung;39,3;h;VST019;Durchschnittliche tarifliche Wochenarbeitszeit
62221;Vj. Index der Tarifverdienste und Arbeitszeiten;JAHR;Jahr;2023;DINSGF;Früheres Bundesgebiet / Neue Länder;DN;Neue Länder;WZ08C7;WZ2008 (ausgewählte Positionen): Tarifindex;WZ08-72;Forschung und Entwicklung;103,6;2020=100;VST066;Index d.tarifl. Monatsverdienste ohne Sonderzahl.
62221;Vj. Index der Tarifverdienste und Arbeitszeiten;JAHR;Jahr;2023;DINSGF;Früheres Bundesgebiet / Neue Länder;DN;Neue Länder;WZ08C7;WZ2008 (ausgewählte Positionen): Tarifindex;WZ08-72;Forschung und Entwicklung;100,0;2020=100;VST018;Index der tariflichen Wochenarbeitszeit
62221;Vj. Index der Tarifverdienste und Arbeitszeiten;JAHR;Jahr;2023;DINSGF;Früheres Bundesgebiet / Neue Länder;DN;Neue Länder;WZ08C7;WZ2008 (ausgewählte Positionen): Tarifindex;WZ08-72;Forschung und Entwicklung;103,6;2020=100;VST065;Index d.tarifl. Stundenverdienste ohne Sonderzahl.
62221;Vj. Index der Tarifverdienste und Arbeitszeiten;JAHR;Jahr;2016;DINSGF;Früheres Bundesgebiet / Neue Länder;DF;Früheres Bundesgebiet;WZ08C7;WZ2008 (ausgewählte Positionen): Tarifindex;WZ08-B-09;Produzierendes Gewerbe und wirtschaftl. Dienstl.;90,9;2020=100;VST072;Index d.tarifl. Stundenverdienste mit Sonderzahl.
62221;Vj. Index der Tarifverdienste und Arbeitszeiten;JAHR;Jahr;2016;DINSGF;Früheres Bundesgebiet / Neue Länder;DF;Früheres Bundesgebiet;WZ08C7;WZ2008 (ausgewählte Positionen): Tarifindex;WZ08-B-09;Produzierendes Gewerbe und wirtschaftl. Dienstl.;90,9;2020=100;VST073;Index d.tarifl. Monatsverdienste mit Sonderzahl.
62221;Vj. Index der Tarifverdienste und Arbeitszeiten;JAHR;Jahr;2016;DINSGF;Früheres Bundesgebiet / Neue Länder;DF;Früheres Bundesgebiet;WZ08C7;WZ2008 (ausgewählte Positionen): Tarifindex;WZ08-B-09;Produzierendes Gewerbe und wirtschaftl. Dienstl.;37,4;h;VST019;Durchschnittliche tarifliche Wochenarbeitszeit
62221;Vj. Index der Tarifverdienste und Arbeitszeiten;JAHR;Jahr;2016;DINSGF;Früheres Bundesgebiet / Neue Länder;DF;Früheres Bundesgebiet;WZ08C7;WZ2008 (ausgewählte Positionen): Tarifindex;WZ08-B-09;Produzierendes Gewerbe und wirtschaftl. Dienstl.;91,7;2020=100;VST066;Index d.tarifl. Monatsverdienste ohne Sonderzahl.
62221;Vj. Index der Tarifverdienste und Arbeitszeiten;JAHR;Jahr;2016;DINSGF;Früheres Bundesgebiet / Neue Länder;DF;Früheres Bundesgebiet;WZ08C7;WZ2008 (ausgewählte Positionen): Tarifindex;WZ08-B-09;Produzierendes Gewerbe und wirtschaftl. Dienstl.;100,0;2020=100;VST018;Index der tariflichen Wochenarbeitszeit
62221;Vj. Index der Tarifverdienste und Arbeitszeiten;JAHR;Jahr;2016;DINSGF;Früheres Bundesgebiet / Neue Länder;DF;Früheres Bundesgebiet;WZ08C7;WZ2008 (ausgewählte Positionen): Tarifindex;WZ08-B-09;Produzierendes Gewerbe und wirtschaftl. Dienstl.;91,7;2020=100;VST065;Index d.tarifl. Stundenverdienste ohne Sonderzahl.
62221;Vj. Index der Tarifverdienste und Arbeitszeiten;JAHR;Jahr;2016;DINSGF;Früheres Bundesgebiet / Neue Länder;DF;Früheres Bundesgebiet;WZ08C7;WZ2008 (ausgewählte Positionen): Tarifindex;WZ08-M;Freiberufliche, wiss. u. techn. Dienstleistungen;90,8;2020=100;VST072;Index d.tarifl. Stundenverdienste mit Sonderzahl.
62221;Vj. Index der Tarifverdienste und Arbeitszeiten;JAHR;Jahr;2016;DINSGF;Früheres Bundesgebiet / Neue Länder;DF;Früheres Bundesgebiet;WZ08C7;WZ2008 (ausgewählte Positionen): Tarifindex;WZ08-M;Freiberufliche, wiss. u. techn. Dienstleistungen;90,9;2020=100;VST073;Index d.tarifl. Monatsverdienste mit Sonderzahl.
62221;Vj. Index der Tarifverdienste und Arbeitszeiten;JAHR;Jahr;2016;DINSGF;Früheres Bundesgebiet / Neue Länder;DF;Früheres Bundesgebiet;WZ08C7;WZ2008 (ausgewählte Positionen): Tarifindex;WZ08-M;Freiberufliche, wiss. u. techn. Dienstleistungen;37,7;h;VST019;Durchschnittliche tarifliche Wochenarbeitszeit
62221;Vj. Index der Tarifverdienste und Arbeitszeiten;JAHR;Jahr;2016;DINSGF;Früheres Bundesgebiet / Neue Länder;DF;Früheres Bundesgebiet;WZ08C7;WZ2008 (ausgewählte Positionen): Tarifindex;WZ08-M;Freiberufliche, wiss. u. techn. Dienstleistungen;91,0;2020=100;VST066;Index d.tarifl. Monatsverdienste ohne Sonderzahl.
62221;Vj. Index der Tarifverdienste und Arbeitszeiten;JAHR;Jahr;2016;DINSGF;Früheres Bundesgebiet / Neue Länder;DF;Früheres Bundesgebiet;WZ08C7;WZ2008 (ausgewählte Positionen): Tarifindex;WZ08-M;Freiberufliche, wiss. u. techn. Dienstleistungen;100,1;2020=100;VST018;Index der tariflichen Wochenarbeitszeit
62221;Vj. Index der Tarifverdienste und Arbeitszeiten;JAHR;Jahr;2016;DINSGF;Früheres Bundesgebiet / Neue Länder;DF;Früheres Bundesgebiet;WZ08C7;WZ2008 (ausgewählte Positionen): Tarifindex;WZ08-M;Freiberufliche, wiss. u. techn. Dienstleistungen;90,9;2020=100;VST065;Index d.tarifl. Stundenverdienste ohne Sonderzahl.
62221;Vj. Index der Tarifverdienste und Arbeitszeiten;JAHR;Jahr;2024;DINSGF;Früheres Bundesgebiet / Neue Länder;DF;Früheres Bundesgebiet;WZ08C7;WZ2008 (ausgewählte Positionen): Tarifindex;WZ08-17;Herstellung von Papier, Pappe und Waren daraus;111,1;2020=100;VST072;Index d.tarifl. Stundenverdienste mit Sonderzahl.
62221;Vj. Index der Tarifverdienste und Arbeitszeiten;JAHR;Jahr;2024;DINSGF;Früheres Bundesgebiet / Neue Länder;DF;Früheres Bundesgebiet;WZ08C7;WZ2008 (ausgewählte Positionen): Tarifindex;WZ08-17;Herstellung von Papier, Pappe und Waren daraus;111,1;2020=100;VST073;Index d.tarifl. Monatsverdienste mit Sonderzahl.
62221;Vj. Index der Tarifverdienste und Arbeitszeiten;JAHR;Jahr;2024;DINSGF;Früheres Bundesgebiet / Neue Länder;DF;Früheres Bundesgebiet;WZ08C7;WZ2008 (ausgewählte Positionen): Tarifindex;WZ08-17;Herstellung von Papier, Pappe und Waren daraus;36,3;h;VST019;Durchschnittliche tarifliche Wochenarbeitszeit
62221;Vj. Index der Tarifverdienste und Arbeitszeiten;JAHR;Jahr;2024;DINSGF;Früheres Bundesgebiet / Neue Länder;DF;Früheres Bundesgebiet;WZ08C7;WZ2008 (ausgewählte Positionen): Tarifindex;WZ08-17;Herstellung von Papier, Pappe und Waren daraus;109,2;2020=100;VST066;Index d.tarifl. Monatsverdienste ohne Sonderzahl.
62221;Vj. Index der Tarifverdienste und Arbeitszeiten;JAHR;Jahr;2024;DINSGF;Früheres Bundesgebiet / Neue Länder;DF;Früheres Bundesgebiet;WZ08C7;WZ2008 (ausgewählte Positionen): Tarifindex;WZ08-17;Herstellung von Papier, Pappe und Waren daraus;100,0;2020=100;VST018;Index der tariflichen Wochenarbeitszeit
62221;Vj. Index der Tarifverdienste und Arbeitszeiten;JAHR;Jahr;2024;DINSGF;Früheres Bundesgebiet / Neue Länder;DF;Früheres Bundesgebiet;WZ08C7;WZ2008 (ausgewählte Positionen): Tarifindex;WZ08-17;Herstellung von Papier, Pappe und Waren daraus;109,2;2020=100;VST065;Index d.tarifl. Stundenverdienste ohne Sonderzahl.
62221;Vj. Index der Tarifverdienste und Arbeitszeiten;JAHR;Jahr;2020;DINSGF;Früheres Bundesgebiet / Neue Länder;DN;Neue Länder;WZ08C7;WZ2008 (ausgewählte Positionen): Tarifindex;WZ08-O-01;Öffentliche und persönliche Dienstleistungen;100,0;2020=100;VST072;Index d.tarifl. Stundenverdienste mit Sonderzahl.
62221;Vj. Index der Tarifverdienste und Arbeitszeiten;JAHR;Jahr;2020;DINSGF;Früheres Bundesgebiet / Neue Länder;DN;Neue Länder;WZ08C7;WZ2008 (ausgewählte Positionen): Tarifindex;WZ08-O-01;Öffentliche und persönliche Dienstleistungen;100,0;2020=100;VST073;Index d.tarifl. Monatsverdienste mit Sonderzahl.
62221;Vj. Index der Tarifverdienste und Arbeitszeiten;JAHR;Jahr;2020;DINSGF;Früheres Bundesgebiet / Neue Länder;DN;Neue Länder;WZ08C7;WZ2008 (ausgewählte Positionen): Tarifindex;WZ08-O-01;Öffentliche und persönliche Dienstleistungen;39,6;h;VST019;Durchschnittliche tarifliche Wochenarbeitszeit
62221;Vj. Index der Tarifverdienste und Arbeitszeiten;JAHR;Jahr;2020;DINSGF;Früheres Bundesgebiet / Neue Länder;DN;Neue Länder;WZ08C7;WZ2008 (ausgewählte Positionen): Tarifindex;WZ08-O-01;Öffentliche und persönliche Dienstleistungen;100,0;2020=100;VST066;Index d.tarifl. Monatsverdienste ohne Sonderzahl.
62221;Vj. Index der Tarifverdienste und Arbeitszeiten;JAHR;Jahr;2020;DINSGF;Früheres Bundesgebiet / Neue Länder;DN;Neue Länder;WZ08C7;WZ2008 (ausgewählte Positionen): Tarifindex;WZ08-O-01;Öffentliche und persönliche Dienstleistungen;100,0;2020=100;VST018;Index der tariflichen Wochenarbeitszeit
62221;Vj. Index der Tarifverdienste und Arbeitszeiten;JAHR;Jahr;2020;DINSGF;Früheres Bundesgebiet / Neue Länder;DN;Neue Länder;WZ08C7;WZ2008 (ausgewählte Positionen): Tarifindex;WZ08-O-01;Öffentliche und persönliche Dienstleistungen;100,0;2020=100;VST065;Index d.tarifl. Stundenverdienste ohne Sonderzahl.
62221;Vj. Index der Tarifverdienste und Arbeitszeiten;JAHR;Jahr;2025;DINSGF;Früheres Bundesgebiet / Neue Länder;DN;Neue Länder;WZ08C7;WZ2008 (ausgewählte Positionen): Tarifindex;WZ08-64;Erbringung von Finanzdienstleistungen;113,5;2020=100;VST072;Index d.tarifl. Stundenverdienste mit Sonderzahl.
62221;Vj. Index der Tarifverdienste und Arbeitszeiten;JAHR;Jahr;2025;DINSGF;Früheres Bundesgebiet / Neue Länder;DN;Neue Länder;WZ08C7;WZ2008 (ausgewählte Positionen): Tarifindex;WZ08-64;Erbringung von Finanzdienstleistungen;113,5;2020=100;VST073;Index d.tarifl. Monatsverdienste mit Sonderzahl.
62221;Vj. Index der Tarifverdienste und Arbeitszeiten;JAHR;Jahr;2025;DINSGF;Früheres Bundesgebiet / Neue Länder;DN;Neue Länder;WZ08C7;WZ2008 (ausgewählte Positionen): Tarifindex;WZ08-64;Erbringung von Finanzdienstleistungen;39,0;h;VST019;Durchschnittliche tarifliche Wochenarbeitszeit
62221;Vj. Index der Tarifverdienste und Arbeitszeiten;JAHR;Jahr;2025;DINSGF;Früheres Bundesgebiet / Neue Länder;DN;Neue Länder;WZ08C7;WZ2008 (ausgewählte Positionen): Tarifindex;WZ08-64;Erbringung von Finanzdienstleistungen;114,2;2020=100;VST066;Index d.tarifl. Monatsverdienste ohne Sonderzahl.
62221;Vj. Index der Tarifverdienste und Arbeitszeiten;JAHR;Jahr;2025;DINSGF;Früheres Bundesgebiet / Neue Länder;DN;Neue Länder;WZ08C7;WZ2008 (ausgewählte Positionen): Tarifindex;WZ08-64;Erbringung von Finanzdienstleistungen;100,0;2020=100;VST018;Index der tariflichen Wochenarbeitszeit
62221;Vj. Index der Tarifverdienste und Arbeitszeiten;JAHR;Jahr;2025;DINSGF;Früheres Bundesgebiet / Neue Länder;DN;Neue Länder;WZ08C7;WZ2008 (ausgewählte Positionen): Tarifindex;WZ08-64;Erbringung von Finanzdienstleistungen;114,2;2020=100;VST065;Index d.tarifl. Stundenverdienste ohne Sonderzahl.
62221;Vj. Index der Tarifverdienste und Arbeitszeiten;JAHR;Jahr;2022;DINSGF;Früheres Bundesgebiet / Neue Länder;DN;Neue Länder;WZ08C7;WZ2008 (ausgewählte Positionen): Tarifindex;WZ08-33;Reparatur u.Installation von Masch.u.Ausrüstungen;103,4;2020=100;VST072;Index d.tarifl. Stundenverdienste mit Sonderzahl.
62221;Vj. Index der Tarifverdienste und Arbeitszeiten;JAHR;Jahr;2022;DINSGF;Früheres Bundesgebiet / Neue Länder;DN;Neue Länder;WZ08C7;WZ2008 (ausgewählte Positionen): Tarifindex;WZ08-33;Reparatur u.Installation von Masch.u.Ausrüstungen;103,4;2020=100;VST073;Index d.tarifl. Monatsverdienste mit Sonderzahl.
62221;Vj. Index der Tarifverdienste und Arbeitszeiten;JAHR;Jahr;2022;DINSGF;Früheres Bundesgebiet / Neue Länder;DN;Neue Länder;WZ08C7;WZ2008 (ausgewählte Positionen): Tarifindex;WZ08-33;Reparatur u.Installation von Masch.u.Ausrüstungen;38,1;h;VST019;Durchschnittliche tarifliche Wochenarbeitszeit
62221;Vj. Index der Tarifverdienste und Arbeitszeiten;JAHR;Jahr;2022;DINSGF;Früheres Bundesgebiet / Neue Länder;DN;Neue Länder;WZ08C7;WZ2008 (ausgewählte Positionen): Tarifindex;WZ08-33;Reparatur u.Installation von Masch.u.Ausrüstungen;102,5;2020=100;VST066;Index d.tarifl. Monatsverdienste ohne Sonderzahl.
62221;Vj. Index der Tarifverdienste und Arbeitszeiten;JAHR;Jahr;2022;DINSGF;Früheres Bundesgebiet / Neue Länder;DN;Neue Länder;WZ08C7;WZ2008 (ausgewählte Positionen): Tarifindex;WZ08-33;Reparatur u.Installation von Masch.u.Ausrüstungen;100,0;2020=100;VST018;Index der tariflichen Wochenarbeitszeit
62221;Vj. Index der Tarifverdienste und Arbeitszeiten;JAHR;Jahr;2022;DINSGF;Früheres Bundesgebiet / Neue Länder;DN;Neue Länder;WZ08C7;WZ2008 (ausgewählte Positionen): Tarifindex;WZ08-33;Reparatur u.Installation von Masch.u.Ausrüstungen;102,5;2020=100;VST065;Index d.tarifl. Stundenverdienste ohne Sonderzahl.
62221;Vj. Index der Tarifverdienste und Arbeitszeiten;JAHR;Jahr;2020;DINSGF;Früheres Bundesgebiet / Neue Länder;DN;Neue Länder;WZ08C7;WZ2008 (ausgewählte Positionen): Tarifindex;WZ08-I;Gastgewerbe;100,0;2020=100;VST072;Index d.tarifl. Stundenverdienste mit Sonderzahl.
62221;Vj. Index der Tarifverdienste und Arbeitszeiten;JAHR;Jahr;2020;DINSGF;Früheres Bundesgebiet / Neue Länder;DN;Neue Länder;WZ08C7;WZ2008 (ausgewählte Positionen): Tarifindex;WZ08-I;Gastgewerbe;100,0;2020=100;VST073;Index d.tarifl. Monatsverdienste mit Sonderzahl.
62221;Vj. Index der Tarifverdienste und Arbeitszeiten;JAHR;Jahr;2020;DINSGF;Früheres Bundesgebiet / Neue Länder;DN;Neue Länder;WZ08C7;WZ2008 (ausgewählte Positionen): Tarifindex;WZ08-I;Gastgewerbe;39,4;h;VST019;Durchschnittliche tarifliche Wochenarbeitszeit
62221;Vj. Index der Tarifverdienste und Arbeitszeiten;JAHR;Jahr;2020;DINSGF;Früheres Bundesgebiet / Neue Länder;DN;Neue Länder;WZ08C7;WZ2008 (ausgewählte Positionen): Tarifindex;WZ08-I;Gastgewerbe;100,0;2020=100;VST066;Index d.tarifl. Monatsverdienste ohne Sonderzahl.
62221;Vj. Index der Tarifverdienste und Arbeitszeiten;JAHR;Jahr;2020;DINSGF;Früheres Bundesgebiet / Neue Länder;DN;Neue Länder;WZ08C7;WZ2008 (ausgewählte Positionen): Tarifindex;WZ08-I;Gastgewerbe;100,0;2020=100;VST018;Index der tariflichen Wochenarbeitszeit
62221;Vj. Index der Tarifverdienste und Arbeitszeiten;JAHR;Jahr;2020;DINSGF;Früheres Bundesgebiet / Neue Länder;DN;Neue Länder;WZ08C7;WZ2008 (ausgewählte Positionen): Tarifindex;WZ08-I;Gastgewerbe;100,0;2020=100;VST065;Index d.tarifl. Stundenverdienste ohne Sonderzahl.
62221;Vj. Index der Tarifverdienste und Arbeitszeiten;JAHR;Jahr;2020;DINSGF;Früheres Bundesgebiet / Neue Länder;DN;Neue Länder;WZ08C7;WZ2008 (ausgewählte Positionen): Tarifindex;WZ08-O;Öff. Verwaltung, Verteidigung, Sozialversicherung;100,0;2020=100;VST072;Index d.tarifl. Stundenverdienste mit Sonderzahl.
62221;Vj. Index der Tarifverdienste und Arbeitszeiten;JAHR;Jahr;2020;DINSGF;Früheres Bundesgebiet / Neue Länder;DN;Neue Länder;WZ08C7;WZ2008 (ausgewählte Positionen): Tarifindex;WZ08-O;Öff. Verwaltung, Verteidigung, Sozialversicherung;100,0;2020=100;VST073;Index d.tarifl. Monatsverdienste mit Sonderzahl.
62221;Vj. Index der Tarifverdienste und Arbeitszeiten;JAHR;Jahr;2020;DINSGF;Früheres Bundesgebiet / Neue Länder;DN;Neue Länder;WZ08C7;WZ2008 (ausgewählte Positionen): Tarifindex;WZ08-O;Öff. Verwaltung, Verteidigung, Sozialversicherung;39,8;h;VST019;Durchschnittliche tarifliche Wochenarbeitszeit
62221;Vj. Index der Tarifverdienste und Arbeitszeiten;JAHR;Jahr;2020;DINSGF;Früheres Bundesgebiet / Neue Länder;DN;Neue Länder;WZ08C7;WZ2008 (ausgewählte Positionen): Tarifindex;WZ08-O;Öff. Verwaltung, Verteidigung, Sozialversicherung;100,0;2020=100;VST066;Index d.tarifl. Monatsverdienste ohne Sonderzahl.
62221;Vj. Index der Tarifverdienste und Arbeitszeiten;JAHR;Jahr;2020;DINSGF;Früheres Bundesgebiet / Neue Länder;DN;Neue Länder;WZ08C7;WZ2008 (ausgewählte Positionen): Tarifindex;WZ08-O;Öff. Verwaltung, Verteidigung, Sozialversicherung;100,0;2020=100;VST018;Index der tariflichen Wochenarbeitszeit
62221;Vj. Index der Tarifverdienste und Arbeitszeiten;JAHR;Jahr;2020;DINSGF;Früheres Bundesgebiet / Neue Länder;DN;Neue Länder;WZ08C7;WZ2008 (ausgewählte Positionen): Tarifindex;WZ08-O;Öff. Verwaltung, Verteidigung, Sozialversicherung;100,0;2020=100;VST065;Index d.tarifl. Stundenverdienste ohne Sonderzahl.
62221;Vj. Index der Tarifverdienste und Arbeitszeiten;JAHR;Jahr;2024;DINSGF;Früheres Bundesgebiet / Neue Länder;DF;Früheres Bundesgebiet;WZ08C7;WZ2008 (ausgewählte Positionen): Tarifindex;WZ08-26;H.v. DV-Geräten, elektron. u. opt. Erzeugnissen;112,2;2020=100;VST072;Index d.tarifl. Stundenverdienste mit Sonderzahl.
62221;Vj. Index der Tarifverdienste und Arbeitszeiten;JAHR;Jahr;2024;DINSGF;Früheres Bundesgebiet / Neue Länder;DF;Früheres Bundesgebiet;WZ08C7;WZ2008 (ausgewählte Positionen): Tarifindex;WZ08-26;H.v. DV-Geräten, elektron. u. opt. Erzeugnissen;112,2;2020=100;VST073;Index d.tarifl. Monatsverdienste mit Sonderzahl.
62221;Vj. Index der Tarifverdienste und Arbeitszeiten;JAHR;Jahr;2024;DINSGF;Früheres Bundesgebiet / Neue Länder;DF;Früheres Bundesgebiet;WZ08C7;WZ2008 (ausgewählte Positionen): Tarifindex;WZ08-26;H.v. DV-Geräten, elektron. u. opt. Erzeugnissen;35,2;h;VST019;Durchschnittliche tarifliche Wochenarbeitszeit
62221;Vj. Index der Tarifverdienste und Arbeitszeiten;JAHR;Jahr;2024;DINSGF;Früheres Bundesgebiet / Neue Länder;DF;Früheres Bundesgebiet;WZ08C7;WZ2008 (ausgewählte Positionen): Tarifindex;WZ08-26;H.v. DV-Geräten, elektron. u. opt. Erzeugnissen;107,8;2020=100;VST066;Index d.tarifl. Monatsverdienste ohne Sonderzahl.
62221;Vj. Index der Tarifverdienste und Arbeitszeiten;JAHR;Jahr;2024;DINSGF;Früheres Bundesgebiet / Neue Länder;DF;Früheres Bundesgebiet;WZ08C7;WZ2008 (ausgewählte Positionen): Tarifindex;WZ08-26;H.v. DV-Geräten, elektron. u. opt. Erzeugnissen;100,0;2020=100;VST018;Index der tariflichen Wochenarbeitszeit
62221;Vj. Index der Tarifverdienste und Arbeitszeiten;JAHR;Jahr;2024;DINSGF;Früheres Bundesgebiet / Neue Länder;DF;Früheres Bundesgebiet;WZ08C7;WZ2008 (ausgewählte Positionen): Tarifindex;WZ08-26;H.v. DV-Geräten, elektron. u. opt. Erzeugnissen;107,8;2020=100;VST065;Index d.tarifl. Stundenverdienste ohne Sonderzahl.
62221;Vj. Index der Tarifverdienste und Arbeitszeiten;JAHR;Jahr;2016;DINSGF;Früheres Bundesgebiet / Neue Länder;DF;Früheres Bundesgebiet;WZ08C7;WZ2008 (ausgewählte Positionen): Tarifindex;WZ08-G;Handel, Instandhaltung und Reparatur von Kfz;91,3;2020=100;VST072;Index d.tarifl. Stundenverdienste mit Sonderzahl.
62221;Vj. Index der Tarifverdienste und Arbeitszeiten;JAHR;Jahr;2016;DINSGF;Früheres Bundesgebiet / Neue Länder;DF;Früheres Bundesgebiet;WZ08C7;WZ2008 (ausgewählte Positionen): Tarifindex;WZ08-G;Handel, Instandhaltung und Reparatur von Kfz;91,3;2020=100;VST073;Index d.tarifl. Monatsverdienste mit Sonderzahl.
62221;Vj. Index der Tarifverdienste und Arbeitszeiten;JAHR;Jahr;2016;DINSGF;Früheres Bundesgebiet / Neue Länder;DF;Früheres Bundesgebiet;WZ08C7;WZ2008 (ausgewählte Positionen): Tarifindex;WZ08-G;Handel, Instandhaltung und Reparatur von Kfz;37,7;h;VST019;Durchschnittliche tarifliche Wochenarbeitszeit
62221;Vj. Index der Tarifverdienste und Arbeitszeiten;JAHR;Jahr;2016;DINSGF;Früheres Bundesgebiet / Neue Länder;DF;Früheres Bundesgebiet;WZ08C7;WZ2008 (ausgewählte Positionen): Tarifindex;WZ08-G;Handel, Instandhaltung und Reparatur von Kfz;91,5;2020=100;VST066;Index d.tarifl. Monatsverdienste ohne Sonderzahl.
62221;Vj. Index der Tarifverdienste und Arbeitszeiten;JAHR;Jahr;2016;DINSGF;Früheres Bundesgebiet / Neue Länder;DF;Früheres Bundesgebiet;WZ08C7;WZ2008 (ausgewählte Positionen): Tarifindex;WZ08-G;Handel, Instandhaltung und Reparatur von Kfz;100,0;2020=100;VST018;Index der tariflichen Wochenarbeitszeit
62221;Vj. Index der Tarifverdienste und Arbeitszeiten;JAHR;Jahr;2016;DINSGF;Früheres Bundesgebiet / Neue Länder;DF;Früheres Bundesgebiet;WZ08C7;WZ2008 (ausgewählte Positionen): Tarifindex;WZ08-G;Handel, Instandhaltung und Reparatur von Kfz;91,4;2020=100;VST065;Index d.tarifl. Stundenverdienste ohne Sonderzahl.
62221;Vj. Index der Tarifverdienste und Arbeitszeiten;JAHR;Jahr;2016;DINSGF;Früheres Bundesgebiet / Neue Länder;DF;Früheres Bundesgebiet;WZ08C7;WZ2008 (ausgewählte Positionen): Tarifindex;WZ08-S;Erbringung von sonstigen Dienstleistungen;89,6;2020=100;VST072;Index d.tarifl. Stundenverdienste mit Sonderzahl.
62221;Vj. Index der Tarifverdienste und Arbeitszeiten;JAHR;Jahr;2016;DINSGF;Früheres Bundesgebiet / Neue Länder;DF;Früheres Bundesgebiet;WZ08C7;WZ2008 (ausgewählte Positionen): Tarifindex;WZ08-S;Erbringung von sonstigen Dienstleistungen;89,6;2020=100;VST073;Index d.tarifl. Monatsverdienste mit Sonderzahl.
62221;Vj. Index der Tarifverdienste und Arbeitszeiten;JAHR;Jahr;2016;DINSGF;Früheres Bundesgebiet / Neue Länder;DF;Früheres Bundesgebiet;WZ08C7;WZ2008 (ausgewählte Positionen): Tarifindex;WZ08-S;Erbringung von sonstigen Dienstleistungen;39,0;h;VST019;Durchschnittliche tarifliche Wochenarbeitszeit
62221;Vj. Index der Tarifverdienste und Arbeitszeiten;JAHR;Jahr;2016;DINSGF;Früheres Bundesgebiet / Neue Länder;DF;Früheres Bundesgebiet;WZ08C7;WZ2008 (ausgewählte Positionen): Tarifindex;WZ08-S;Erbringung von sonstigen Dienstleistungen;89,4;2020=100;VST066;Index d.tarifl. Monatsverdienste ohne Sonderzahl.
62221;Vj. Index der Tarifverdienste und Arbeitszeiten;JAHR;Jahr;2016;DINSGF;Früheres Bundesgebiet / Neue Länder;DF;Früheres Bundesgebiet;WZ08C7;WZ2008 (ausgewählte Positionen): Tarifindex;WZ08-S;Erbringung von sonstigen Dienstleistungen;100,0;2020=100;VST018;Index der tariflichen Wochenarbeitszeit
62221;Vj. Index der Tarifverdienste und Arbeitszeiten;JAHR;Jahr;2016;DINSGF;Früheres Bundesgebiet / Neue Länder;DF;Früheres Bundesgebiet;WZ08C7;WZ2008 (ausgewählte Positionen): Tarifindex;WZ08-S;Erbringung von sonstigen Dienstleistungen;89,3;2020=100;VST065;Index d.tarifl. Stundenverdienste ohne Sonderzahl.
62221;Vj. Index der Tarifverdienste und Arbeitszeiten;JAHR;Jahr;2023;DINSGF;Früheres Bundesgebiet / Neue Länder;DN;Neue Länder;WZ08C7;WZ2008 (ausgewählte Positionen): Tarifindex;WZ08-90;Kreative,künstlerische u.unterhaltende Tätigkeiten;105,6;2020=100;VST072;Index d.tarifl. Stundenverdienste mit Sonderzahl.
62221;Vj. Index der Tarifverdienste und Arbeitszeiten;JAHR;Jahr;2023;DINSGF;Früheres Bundesgebiet / Neue Länder;DN;Neue Länder;WZ08C7;WZ2008 (ausgewählte Positionen): Tarifindex;WZ08-90;Kreative,künstlerische u.unterhaltende Tätigkeiten;105,6;2020=100;VST073;Index d.tarifl. Monatsverdienste mit Sonderzahl.
62221;Vj. Index der Tarifverdienste und Arbeitszeiten;JAHR;Jahr;2023;DINSGF;Früheres Bundesgebiet / Neue Länder;DN;Neue Länder;WZ08C7;WZ2008 (ausgewählte Positionen): Tarifindex;WZ08-90;Kreative,künstlerische u.unterhaltende Tätigkeiten;39,0;h;VST019;Durchschnittliche tarifliche Wochenarbeitszeit
62221;Vj. Index der Tarifverdienste und Arbeitszeiten;JAHR;Jahr;2023;DINSGF;Früheres Bundesgebiet / Neue Länder;DN;Neue Länder;WZ08C7;WZ2008 (ausgewählte Positionen): Tarifindex;WZ08-90;Kreative,künstlerische u.unterhaltende Tätigkeiten;103,9;2020=100;VST066;Index d.tarifl. Monatsverdienste ohne Sonderzahl.
62221;Vj. Index der Tarifverdienste und Arbeitszeiten;JAHR;Jahr;2023;DINSGF;Früheres Bundesgebiet / Neue Länder;DN;Neue Länder;WZ08C7;WZ2008 (ausgewählte Positionen): Tarifindex;WZ08-90;Kreative,künstlerische u.unterhaltende Tätigkeiten;100,0;2020=100;VST018;Index der tariflichen Wochenarbeitszeit
62221;Vj. Index der Tarifverdienste und Arbeitszeiten;JAHR;Jahr;2023;DINSGF;Früheres Bundesgebiet / Neue Länder;DN;Neue Länder;WZ08C7;WZ2008 (ausgewählte Positionen): Tarifindex;WZ08-90;Kreative,künstlerische u.unterhaltende Tätigkeiten;103,9;2020=100;VST065;Index d.tarifl. Stundenverdienste ohne Sonderzahl.
62221;Vj. Index der Tarifverdienste und Arbeitszeiten;JAHR;Jahr;2019;DINSGF;Früheres Bundesgebiet / Neue Länder;DN;Neue Länder;WZ08C7;WZ2008 (ausgewählte Positionen): Tarifindex;WZ08-B-05;Produzierendes Gewerbe;98,6;2020=100;VST072;Index d.tarifl. Stundenverdienste mit Sonderzahl.
62221;Vj. Index der Tarifverdienste und Arbeitszeiten;JAHR;Jahr;2019;DINSGF;Früheres Bundesgebiet / Neue Länder;DN;Neue Länder;WZ08C7;WZ2008 (ausgewählte Positionen): Tarifindex;WZ08-B-05;Produzierendes Gewerbe;98,6;2020=100;VST073;Index d.tarifl. Monatsverdienste mit Sonderzahl.
62221;Vj. Index der Tarifverdienste und Arbeitszeiten;JAHR;Jahr;2019;DINSGF;Früheres Bundesgebiet / Neue Länder;DN;Neue Länder;WZ08C7;WZ2008 (ausgewählte Positionen): Tarifindex;WZ08-B-05;Produzierendes Gewerbe;38,6;h;VST019;Durchschnittliche tarifliche Wochenarbeitszeit
62221;Vj. Index der Tarifverdienste und Arbeitszeiten;JAHR;Jahr;2019;DINSGF;Früheres Bundesgebiet / Neue Länder;DN;Neue Länder;WZ08C7;WZ2008 (ausgewählte Positionen): Tarifindex;WZ08-B-05;Produzierendes Gewerbe;98,9;2020=100;VST066;Index d.tarifl. Monatsverdienste ohne Sonderzahl.
62221;Vj. Index der Tarifverdienste und Arbeitszeiten;JAHR;Jahr;2019;DINSGF;Früheres Bundesgebiet / Neue Länder;DN;Neue Länder;WZ08C7;WZ2008 (ausgewählte Positionen): Tarifindex;WZ08-B-05;Produzierendes Gewerbe;100,0;2020=100;VST018;Index der tariflichen Wochenarbeitszeit
62221;Vj. Index der Tarifverdienste und Arbeitszeiten;JAHR;Jahr;2019;DINSGF;Früheres Bundesgebiet / Neue Länder;DN;Neue Länder;WZ08C7;WZ2008 (ausgewählte Positionen): Tarifindex;WZ08-B-05;Produzierendes Gewerbe;98,8;2020=100;VST065;Index d.tarifl. Stundenverdienste ohne Sonderzahl.
62221;Vj. Index der Tarifverdienste und Arbeitszeiten;JAHR;Jahr;2023;DINSGF;Früheres Bundesgebiet / Neue Länder;DN;Neue Länder;WZ08C7;WZ2008 (ausgewählte Positionen): Tarifindex;WZ08-96;Sonstige überwiegend persönliche Dienstleistungen;109,1;2020=100;VST072;Index d.tarifl. Stundenverdienste mit Sonderzahl.
62221;Vj. Index der Tarifverdienste und Arbeitszeiten;JAHR;Jahr;2023;DINSGF;Früheres Bundesgebiet / Neue Länder;DN;Neue Länder;WZ08C7;WZ2008 (ausgewählte Positionen): Tarifindex;WZ08-96;Sonstige überwiegend persönliche Dienstleistungen;108,0;2020=100;VST073;Index d.tarifl. Monatsverdienste mit Sonderzahl.
62221;Vj. Index der Tarifverdienste und Arbeitszeiten;JAHR;Jahr;2023;DINSGF;Früheres Bundesgebiet / Neue Länder;DN;Neue Länder;WZ08C7;WZ2008 (ausgewählte Positionen): Tarifindex;WZ08-96;Sonstige überwiegend persönliche Dienstleistungen;38,3;h;VST019;Durchschnittliche tarifliche Wochenarbeitszeit
62221;Vj. Index der Tarifverdienste und Arbeitszeiten;JAHR;Jahr;2023;DINSGF;Früheres Bundesgebiet / Neue Länder;DN;Neue Länder;WZ08C7;WZ2008 (ausgewählte Positionen): Tarifindex;WZ08-96;Sonstige überwiegend persönliche Dienstleistungen;104,7;2020=100;VST066;Index d.tarifl. Monatsverdienste ohne Sonderzahl.
62221;Vj. Index der Tarifverdienste und Arbeitszeiten;JAHR;Jahr;2023;DINSGF;Früheres Bundesgebiet / Neue Länder;DN;Neue Länder;WZ08C7;WZ2008 (ausgewählte Positionen): Tarifindex;WZ08-96;Sonstige überwiegend persönliche Dienstleistungen;98,8;2020=100;VST018;Index der tariflichen Wochenarbeitszeit
62221;Vj. Index der Tarifverdienste und Arbeitszeiten;JAHR;Jahr;2023;DINSGF;Früheres Bundesgebiet / Neue Länder;DN;Neue Länder;WZ08C7;WZ2008 (ausgewählte Positionen): Tarifindex;WZ08-96;Sonstige überwiegend persönliche Dienstleistungen;105,7;2020=100;VST065;Index d.tarifl. Stundenverdienste ohne Sonderzahl.
62221;Vj. Index der Tarifverdienste und Arbeitszeiten;JAHR;Jahr;2025;DINSGF;Früheres Bundesgebiet / Neue Länder;DN;Neue Länder;WZ08C7;WZ2008 (ausgewählte Positionen): Tarifindex;WZ08-46;Großhandel (ohne Handel mit Kraftfahrzeugen);116,2;2020=100;VST072;Index d.tarifl. Stundenverdienste mit Sonderzahl.
62221;Vj. Index der Tarifverdienste und Arbeitszeiten;JAHR;Jahr;2025;DINSGF;Früheres Bundesgebiet / Neue Länder;DN;Neue Länder;WZ08C7;WZ2008 (ausgewählte Positionen): Tarifindex;WZ08-46;Großhandel (ohne Handel mit Kraftfahrzeugen);115,9;2020=100;VST073;Index d.tarifl. Monatsverdienste mit Sonderzahl.
62221;Vj. Index der Tarifverdienste und Arbeitszeiten;JAHR;Jahr;2025;DINSGF;Früheres Bundesgebiet / Neue Länder;DN;Neue Länder;WZ08C7;WZ2008 (ausgewählte Positionen): Tarifindex;WZ08-46;Großhandel (ohne Handel mit Kraftfahrzeugen);38,5;h;VST019;Durchschnittliche tarifliche Wochenarbeitszeit
62221;Vj. Index der Tarifverdienste und Arbeitszeiten;JAHR;Jahr;2025;DINSGF;Früheres Bundesgebiet / Neue Länder;DN;Neue Länder;WZ08C7;WZ2008 (ausgewählte Positionen): Tarifindex;WZ08-46;Großhandel (ohne Handel mit Kraftfahrzeugen);115,5;2020=100;VST066;Index d.tarifl. Monatsverdienste ohne Sonderzahl.
62221;Vj. Index der Tarifverdienste und Arbeitszeiten;JAHR;Jahr;2025;DINSGF;Früheres Bundesgebiet / Neue Länder;DN;Neue Länder;WZ08C7;WZ2008 (ausgewählte Positionen): Tarifindex;WZ08-46;Großhandel (ohne Handel mit Kraftfahrzeugen);99,8;2020=100;VST018;Index der tariflichen Wochenarbeitszeit
62221;Vj. Index der Tarifverdienste und Arbeitszeiten;JAHR;Jahr;2025;DINSGF;Früheres Bundesgebiet / Neue Länder;DN;Neue Länder;WZ08C7;WZ2008 (ausgewählte Positionen): Tarifindex;WZ08-46;Großhandel (ohne Handel mit Kraftfahrzeugen);115,7;2020=100;VST065;Index d.tarifl. Stundenverdienste ohne Sonderzahl.
62221;Vj. Index der Tarifverdienste und Arbeitszeiten;JAHR;Jahr;2022;DINSGF;Früheres Bundesgebiet / Neue Länder;DN;Neue Länder;WZ08C7;WZ2008 (ausgewählte Positionen): Tarifindex;WZ08-15;Herstellung von Leder, Lederwaren und Schuhen;-;2020=100;VST072;Index d.tarifl. Stundenverdienste mit Sonderzahl.
62221;Vj. Index der Tarifverdienste und Arbeitszeiten;JAHR;Jahr;2022;DINSGF;Früheres Bundesgebiet / Neue Länder;DN;Neue Länder;WZ08C7;WZ2008 (ausgewählte Positionen): Tarifindex;WZ08-15;Herstellung von Leder, Lederwaren und Schuhen;-;2020=100;VST073;Index d.tarifl. Monatsverdienste mit Sonderzahl.
62221;Vj. Index der Tarifverdienste und Arbeitszeiten;JAHR;Jahr;2022;DINSGF;Früheres Bundesgebiet / Neue Länder;DN;Neue Länder;WZ08C7;WZ2008 (ausgewählte Positionen): Tarifindex;WZ08-15;Herstellung von Leder, Lederwaren und Schuhen;-;h;VST019;Durchschnittliche tarifliche Wochenarbeitszeit
62221;Vj. Index der Tarifverdienste und Arbeitszeiten;JAHR;Jahr;2022;DINSGF;Früheres Bundesgebiet / Neue Länder;DN;Neue Länder;WZ08C7;WZ2008 (ausgewählte Positionen): Tarifindex;WZ08-15;Herstellung von Leder, Lederwaren und Schuhen;-;2020=100;VST066;Index d.tarifl. Monatsverdienste ohne Sonderzahl.
62221;Vj. Index der Tarifverdienste und Arbeitszeiten;JAHR;Jahr;2022;DINSGF;Früheres Bundesgebiet / Neue Länder;DN;Neue Länder;WZ08C7;WZ2008 (ausgewählte Positionen): Tarifindex;WZ08-15;Herstellung von Leder, Lederwaren und Schuhen;-;2020=100;VST018;Index der tariflichen Wochenarbeitszeit
62221;Vj. Index der Tarifverdienste und Arbeitszeiten;JAHR;Jahr;2022;DINSGF;Früheres Bundesgebiet / Neue Länder;DN;Neue Länder;WZ08C7;WZ2008 (ausgewählte Positionen): Tarifindex;WZ08-15;Herstellung von Leder, Lederwaren und Schuhen;-;2020=100;VST065;Index d.tarifl. Stundenverdienste ohne Sonderzahl.
62221;Vj. Index der Tarifverdienste und Arbeitszeiten;JAHR;Jahr;2025;DINSGF;Früheres Bundesgebiet / Neue Länder;DN;Neue Länder;WZ08C7;WZ2008 (ausgewählte Positionen): Tarifindex;WZ08-31;Herstellung von Möbeln;117,8;2020=100;VST072;Index d.tarifl. Stundenverdienste mit Sonderzahl.
62221;Vj. Index der Tarifverdienste und Arbeitszeiten;JAHR;Jahr;2025;DINSGF;Früheres Bundesgebiet / Neue Länder;DN;Neue Länder;WZ08C7;WZ2008 (ausgewählte Positionen): Tarifindex;WZ08-31;Herstellung von Möbeln;117,8;2020=100;VST073;Index d.tarifl. Monatsverdienste mit Sonderzahl.
62221;Vj. Index der Tarifverdienste und Arbeitszeiten;JAHR;Jahr;2025;DINSGF;Früheres Bundesgebiet / Neue Länder;DN;Neue Länder;WZ08C7;WZ2008 (ausgewählte Positionen): Tarifindex;WZ08-31;Herstellung von Möbeln;37,6;h;VST019;Durchschnittliche tarifliche Wochenarbeitszeit
62221;Vj. Index der Tarifverdienste und Arbeitszeiten;JAHR;Jahr;2025;DINSGF;Früheres Bundesgebiet / Neue Länder;DN;Neue Länder;WZ08C7;WZ2008 (ausgewählte Positionen): Tarifindex;WZ08-31;Herstellung von Möbeln;117,6;2020=100;VST066;Index d.tarifl. Monatsverdienste ohne Sonderzahl.
62221;Vj. Index der Tarifverdienste und Arbeitszeiten;JAHR;Jahr;2025;DINSGF;Früheres Bundesgebiet / Neue Länder;DN;Neue Länder;WZ08C7;WZ2008 (ausgewählte Positionen): Tarifindex;WZ08-31;Herstellung von Möbeln;100,0;2020=100;VST018;Index der tariflichen Wochenarbeitszeit
62221;Vj. Index der Tarifverdienste und Arbeitszeiten;JAHR;Jahr;2025;DINSGF;Früheres Bundesgebiet / Neue Länder;DN;Neue Länder;WZ08C7;WZ2008 (ausgewählte Positionen): Tarifindex;WZ08-31;Herstellung von Möbeln;117,6;2020=100;VST065;Index d.tarifl. Stundenverdienste ohne Sonderzahl.
62221;Vj. Index der Tarifverdienste und Arbeitszeiten;JAHR;Jahr;2021;DINSGF;Früheres Bundesgebiet / Neue Länder;DF;Früheres Bundesgebiet;WZ08C7;WZ2008 (ausgewählte Positionen): Tarifindex;WZ-X001;Vorleistungsgüterproduzenten;101,4;2020=100;VST072;Index d.tarifl. Stundenverdienste mit Sonderzahl.
62221;Vj. Index der Tarifverdienste und Arbeitszeiten;JAHR;Jahr;2021;DINSGF;Früheres Bundesgebiet / Neue Länder;DF;Früheres Bundesgebiet;WZ08C7;WZ2008 (ausgewählte Positionen): Tarifindex;WZ-X001;Vorleistungsgüterproduzenten;101,4;2020=100;VST073;Index d.tarifl. Monatsverdienste mit Sonderzahl.
62221;Vj. Index der Tarifverdienste und Arbeitszeiten;JAHR;Jahr;2021;DINSGF;Früheres Bundesgebiet / Neue Länder;DF;Früheres Bundesgebiet;WZ08C7;WZ2008 (ausgewählte Positionen): Tarifindex;WZ-X001;Vorleistungsgüterproduzenten;36,7;h;VST019;Durchschnittliche tarifliche Wochenarbeitszeit
62221;Vj. Index der Tarifverdienste und Arbeitszeiten;JAHR;Jahr;2021;DINSGF;Früheres Bundesgebiet / Neue Länder;DF;Früheres Bundesgebiet;WZ08C7;WZ2008 (ausgewählte Positionen): Tarifindex;WZ-X001;Vorleistungsgüterproduzenten;100,9;2020=100;VST066;Index d.tarifl. Monatsverdienste ohne Sonderzahl.
62221;Vj. Index der Tarifverdienste und Arbeitszeiten;JAHR;Jahr;2021;DINSGF;Früheres Bundesgebiet / Neue Länder;DF;Früheres Bundesgebiet;WZ08C7;WZ2008 (ausgewählte Positionen): Tarifindex;WZ-X001;Vorleistungsgüterproduzenten;100,0;2020=100;VST018;Index der tariflichen Wochenarbeitszeit
62221;Vj. Index der Tarifverdienste und Arbeitszeiten;JAHR;Jahr;2021;DINSGF;Früheres Bundesgebiet / Neue Länder;DF;Früheres Bundesgebiet;WZ08C7;WZ2008 (ausgewählte Positionen): Tarifindex;WZ-X001;Vorleistungsgüterproduzenten;100,9;2020=100;VST065;Index d.tarifl. Stundenverdienste ohne Sonderzahl.
62221;Vj. Index der Tarifverdienste und Arbeitszeiten;JAHR;Jahr;2022;DINSGF;Früheres Bundesgebiet / Neue Länder;DN;Neue Länder;WZ08C7;WZ2008 (ausgewählte Positionen): Tarifindex;WZ08-24;Metallerzeugung und -bearbeitung;102,5;2020=100;VST072;Index d.tarifl. Stundenverdienste mit Sonderzahl.
62221;Vj. Index der Tarifverdienste und Arbeitszeiten;JAHR;Jahr;2022;DINSGF;Früheres Bundesgebiet / Neue Länder;DN;Neue Länder;WZ08C7;WZ2008 (ausgewählte Positionen): Tarifindex;WZ08-24;Metallerzeugung und -bearbeitung;102,5;2020=100;VST073;Index d.tarifl. Monatsverdienste mit Sonderzahl.
62221;Vj. Index der Tarifverdienste und Arbeitszeiten;JAHR;Jahr;2022;DINSGF;Früheres Bundesgebiet / Neue Länder;DN;Neue Länder;WZ08C7;WZ2008 (ausgewählte Positionen): Tarifindex;WZ08-24;Metallerzeugung und -bearbeitung;36,2;h;VST019;Durchschnittliche tarifliche Wochenarbeitszeit
62221;Vj. Index der Tarifverdienste und Arbeitszeiten;JAHR;Jahr;2022;DINSGF;Früheres Bundesgebiet / Neue Länder;DN;Neue Länder;WZ08C7;WZ2008 (ausgewählte Positionen): Tarifindex;WZ08-24;Metallerzeugung und -bearbeitung;100,9;2020=100;VST066;Index d.tarifl. Monatsverdienste ohne Sonderzahl.
62221;Vj. Index der Tarifverdienste und Arbeitszeiten;JAHR;Jahr;2022;DINSGF;Früheres Bundesgebiet / Neue Länder;DN;Neue Länder;WZ08C7;WZ2008 (ausgewählte Positionen): Tarifindex;WZ08-24;Metallerzeugung und -bearbeitung;100,0;2020=100;VST018;Index der tariflichen Wochenarbeitszeit
62221;Vj. Index der Tarifverdienste und Arbeitszeiten;JAHR;Jahr;2022;DINSGF;Früheres Bundesgebiet / Neue Länder;DN;Neue Länder;WZ08C7;WZ2008 (ausgewählte Positionen): Tarifindex;WZ08-24;Metallerzeugung und -bearbeitung;100,9;2020=100;VST065;Index d.tarifl. Stundenverdienste ohne Sonderzahl.
62221;Vj. Index der Tarifverdienste und Arbeitszeiten;JAHR;Jahr;2019;DINSGF;Früheres Bundesgebiet / Neue Länder;DN;Neue Länder;WZ08C7;WZ2008 (ausgewählte Positionen): Tarifindex;WZ08-20-01;Chemische Industrie;98,2;2020=100;VST072;Index d.tarifl. Stundenverdienste mit Sonderzahl.
62221;Vj. Index der Tarifverdienste und Arbeitszeiten;JAHR;Jahr;2019;DINSGF;Früheres Bundesgebiet / Neue Länder;DN;Neue Länder;WZ08C7;WZ2008 (ausgewählte Positionen): Tarifindex;WZ08-20-01;Chemische Industrie;98,2;2020=100;VST073;Index d.tarifl. Monatsverdienste mit Sonderzahl.
62221;Vj. Index der Tarifverdienste und Arbeitszeiten;JAHR;Jahr;2019;DINSGF;Früheres Bundesgebiet / Neue Länder;DN;Neue Länder;WZ08C7;WZ2008 (ausgewählte Positionen): Tarifindex;WZ08-20-01;Chemische Industrie;39,3;h;VST019;Durchschnittliche tarifliche Wochenarbeitszeit
62221;Vj. Index der Tarifverdienste und Arbeitszeiten;JAHR;Jahr;2019;DINSGF;Früheres Bundesgebiet / Neue Länder;DN;Neue Länder;WZ08C7;WZ2008 (ausgewählte Positionen): Tarifindex;WZ08-20-01;Chemische Industrie;98,9;2020=100;VST066;Index d.tarifl. Monatsverdienste ohne Sonderzahl.
62221;Vj. Index der Tarifverdienste und Arbeitszeiten;JAHR;Jahr;2019;DINSGF;Früheres Bundesgebiet / Neue Länder;DN;Neue Länder;WZ08C7;WZ2008 (ausgewählte Positionen): Tarifindex;WZ08-20-01;Chemische Industrie;100,0;2020=100;VST018;Index der tariflichen Wochenarbeitszeit
62221;Vj. Index der Tarifverdienste und Arbeitszeiten;JAHR;Jahr;2019;DINSGF;Früheres Bundesgebiet / Neue Länder;DN;Neue Länder;WZ08C7;WZ2008 (ausgewählte Positionen): Tarifindex;WZ08-20-01;Chemische Industrie;98,9;2020=100;VST065;Index d.tarifl. Stundenverdienste ohne Sonderzahl.
62221;Vj. Index der Tarifverdienste und Arbeitszeiten;JAHR;Jahr;2021;DINSGF;Früheres Bundesgebiet / Neue Länder;DN;Neue Länder;WZ08C7;WZ2008 (ausgewählte Positionen): Tarifindex;WZ08-28;Maschinenbau;100,8;2020=100;VST072;Index d.tarifl. Stundenverdienste mit Sonderzahl.
62221;Vj. Index der Tarifverdienste und Arbeitszeiten;JAHR;Jahr;2021;DINSGF;Früheres Bundesgebiet / Neue Länder;DN;Neue Länder;WZ08C7;WZ2008 (ausgewählte Positionen): Tarifindex;WZ08-28;Maschinenbau;100,8;2020=100;VST073;Index d.tarifl. Monatsverdienste mit Sonderzahl.
62221;Vj. Index der Tarifverdienste und Arbeitszeiten;JAHR;Jahr;2021;DINSGF;Früheres Bundesgebiet / Neue Länder;DN;Neue Länder;WZ08C7;WZ2008 (ausgewählte Positionen): Tarifindex;WZ08-28;Maschinenbau;37,6;h;VST019;Durchschnittliche tarifliche Wochenarbeitszeit
62221;Vj. Index der Tarifverdienste und Arbeitszeiten;JAHR;Jahr;2021;DINSGF;Früheres Bundesgebiet / Neue Länder;DN;Neue Länder;WZ08C7;WZ2008 (ausgewählte Positionen): Tarifindex;WZ08-28;Maschinenbau;100,0;2020=100;VST066;Index d.tarifl. Monatsverdienste ohne Sonderzahl.
62221;Vj. Index der Tarifverdienste und Arbeitszeiten;JAHR;Jahr;2021;DINSGF;Früheres Bundesgebiet / Neue Länder;DN;Neue Länder;WZ08C7;WZ2008 (ausgewählte Positionen): Tarifindex;WZ08-28;Maschinenbau;100,0;2020=100;VST018;Index der tariflichen Wochenarbeitszeit
62221;Vj. Index der Tarifverdienste und Arbeitszeiten;JAHR;Jahr;2021;DINSGF;Früheres Bundesgebiet / Neue Länder;DN;Neue Länder;WZ08C7;WZ2008 (ausgewählte Positionen): Tarifindex;WZ08-28;Maschinenbau;100,0;2020=100;VST065;Index d.tarifl. Stundenverdienste ohne Sonderzahl.
62221;Vj. Index der Tarifverdienste und Arbeitszeiten;JAHR;Jahr;2021;DINSGF;Früheres Bundesgebiet / Neue Länder;DF;Früheres Bundesgebiet;WZ08C7;WZ2008 (ausgewählte Positionen): Tarifindex;WZ08-S;Erbringung von sonstigen Dienstleistungen;100,9;2020=100;VST072;Index d.tarifl. Stundenverdienste mit Sonderzahl.
62221;Vj. Index der Tarifverdienste und Arbeitszeiten;JAHR;Jahr;2021;DINSGF;Früheres Bundesgebiet / Neue Länder;DF;Früheres Bundesgebiet;WZ08C7;WZ2008 (ausgewählte Positionen): Tarifindex;WZ08-S;Erbringung von sonstigen Dienstleistungen;100,9;2020=100;VST073;Index d.tarifl. Monatsverdienste mit Sonderzahl.
62221;Vj. Index der Tarifverdienste und Arbeitszeiten;JAHR;Jahr;2021;DINSGF;Früheres Bundesgebiet / Neue Länder;DF;Früheres Bundesgebiet;WZ08C7;WZ2008 (ausgewählte Positionen): Tarifindex;WZ08-S;Erbringung von sonstigen Dienstleistungen;39,1;h;VST019;Durchschnittliche tarifliche Wochenarbeitszeit
62221;Vj. Index der Tarifverdienste und Arbeitszeiten;JAHR;Jahr;2021;DINSGF;Früheres Bundesgebiet / Neue Länder;DF;Früheres Bundesgebiet;WZ08C7;WZ2008 (ausgewählte Positionen): Tarifindex;WZ08-S;Erbringung von sonstigen Dienstleistungen;101,3;2020=100;VST066;Index d.tarifl. Monatsverdienste ohne Sonderzahl.
62221;Vj. Index der Tarifverdienste und Arbeitszeiten;JAHR;Jahr;2021;DINSGF;Früheres Bundesgebiet / Neue Länder;DF;Früheres Bundesgebiet;WZ08C7;WZ2008 (ausgewählte Positionen): Tarifindex;WZ08-S;Erbringung von sonstigen Dienstleistungen;100,0;2020=100;VST018;Index der tariflichen Wochenarbeitszeit
62221;Vj. Index der Tarifverdienste und Arbeitszeiten;JAHR;Jahr;2021;DINSGF;Früheres Bundesgebiet / Neue Länder;DF;Früheres Bundesgebiet;WZ08C7;WZ2008 (ausgewählte Positionen): Tarifindex;WZ08-S;Erbringung von sonstigen Dienstleistungen;101,3;2020=100;VST065;Index d.tarifl. Stundenverdienste ohne Sonderzahl.
62221;Vj. Index der Tarifverdienste und Arbeitszeiten;JAHR;Jahr;2023;DINSGF;Früheres Bundesgebiet / Neue Länder;DN;Neue Länder;WZ08C7;WZ2008 (ausgewählte Positionen): Tarifindex;WZ08-H-01;Verkehr und Lagerei, Information und Kommunikation;108,1;2020=100;VST072;Index d.tarifl. Stundenverdienste mit Sonderzahl.
62221;Vj. Index der Tarifverdienste und Arbeitszeiten;JAHR;Jahr;2023;DINSGF;Früheres Bundesgebiet / Neue Länder;DN;Neue Länder;WZ08C7;WZ2008 (ausgewählte Positionen): Tarifindex;WZ08-H-01;Verkehr und Lagerei, Information und Kommunikation;108,1;2020=100;VST073;Index d.tarifl. Monatsverdienste mit Sonderzahl.
62221;Vj. Index der Tarifverdienste und Arbeitszeiten;JAHR;Jahr;2023;DINSGF;Früheres Bundesgebiet / Neue Länder;DN;Neue Länder;WZ08C7;WZ2008 (ausgewählte Positionen): Tarifindex;WZ08-H-01;Verkehr und Lagerei, Information und Kommunikation;38,9;h;VST019;Durchschnittliche tarifliche Wochenarbeitszeit
62221;Vj. Index der Tarifverdienste und Arbeitszeiten;JAHR;Jahr;2023;DINSGF;Früheres Bundesgebiet / Neue Länder;DN;Neue Länder;WZ08C7;WZ2008 (ausgewählte Positionen): Tarifindex;WZ08-H-01;Verkehr und Lagerei, Information und Kommunikation;105,6;2020=100;VST066;Index d.tarifl. Monatsverdienste ohne Sonderzahl.
62221;Vj. Index der Tarifverdienste und Arbeitszeiten;JAHR;Jahr;2023;DINSGF;Früheres Bundesgebiet / Neue Länder;DN;Neue Länder;WZ08C7;WZ2008 (ausgewählte Positionen): Tarifindex;WZ08-H-01;Verkehr und Lagerei, Information und Kommunikation;99,9;2020=100;VST018;Index der tariflichen Wochenarbeitszeit
62221;Vj. Index der Tarifverdienste und Arbeitszeiten;JAHR;Jahr;2023;DINSGF;Früheres Bundesgebiet / Neue Länder;DN;Neue Länder;WZ08C7;WZ2008 (ausgewählte Positionen): Tarifindex;WZ08-H-01;Verkehr und Lagerei, Information und Kommunikation;105,7;2020=100;VST065;Index d.tarifl. Stundenverdienste ohne Sonderzahl.
62221;Vj. Index der Tarifverdienste und Arbeitszeiten;JAHR;Jahr;2022;DINSGF;Früheres Bundesgebiet / Neue Länder;DN;Neue Länder;WZ08C7;WZ2008 (ausgewählte Positionen): Tarifindex;WZ08-06;Gewinnung von Erdöl und Erdgas;101,7;2020=100;VST072;Index d.tarifl. Stundenverdienste mit Sonderzahl.
62221;Vj. Index der Tarifverdienste und Arbeitszeiten;JAHR;Jahr;2022;DINSGF;Früheres Bundesgebiet / Neue Länder;DN;Neue Länder;WZ08C7;WZ2008 (ausgewählte Positionen): Tarifindex;WZ08-06;Gewinnung von Erdöl und Erdgas;101,7;2020=100;VST073;Index d.tarifl. Monatsverdienste mit Sonderzahl.
62221;Vj. Index der Tarifverdienste und Arbeitszeiten;JAHR;Jahr;2022;DINSGF;Früheres Bundesgebiet / Neue Länder;DN;Neue Länder;WZ08C7;WZ2008 (ausgewählte Positionen): Tarifindex;WZ08-06;Gewinnung von Erdöl und Erdgas;38,0;h;VST019;Durchschnittliche tarifliche Wochenarbeitszeit
62221;Vj. Index der Tarifverdienste und Arbeitszeiten;JAHR;Jahr;2022;DINSGF;Früheres Bundesgebiet / Neue Länder;DN;Neue Länder;WZ08C7;WZ2008 (ausgewählte Positionen): Tarifindex;WZ08-06;Gewinnung von Erdöl und Erdgas;103,3;2020=100;VST066;Index d.tarifl. Monatsverdienste ohne Sonderzahl.
62221;Vj. Index der Tarifverdienste und Arbeitszeiten;JAHR;Jahr;2022;DINSGF;Früheres Bundesgebiet / Neue Länder;DN;Neue Länder;WZ08C7;WZ2008 (ausgewählte Positionen): Tarifindex;WZ08-06;Gewinnung von Erdöl und Erdgas;100,0;2020=100;VST018;Index der tariflichen Wochenarbeitszeit
62221;Vj. Index der Tarifverdienste und Arbeitszeiten;JAHR;Jahr;2022;DINSGF;Früheres Bundesgebiet / Neue Länder;DN;Neue Länder;WZ08C7;WZ2008 (ausgewählte Positionen): Tarifindex;WZ08-06;Gewinnung von Erdöl und Erdgas;103,3;2020=100;VST065;Index d.tarifl. Stundenverdienste ohne Sonderzahl.
62221;Vj. Index der Tarifverdienste und Arbeitszeiten;JAHR;Jahr;2021;DINSGF;Früheres Bundesgebiet / Neue Länder;DF;Früheres Bundesgebiet;WZ08C7;WZ2008 (ausgewählte Positionen): Tarifindex;WZ08-M;Freiberufliche, wiss. u. techn. Dienstleistungen;101,3;2020=100;VST072;Index d.tarifl. Stundenverdienste mit Sonderzahl.
62221;Vj. Index der Tarifverdienste und Arbeitszeiten;JAHR;Jahr;2021;DINSGF;Früheres Bundesgebiet / Neue Länder;DF;Früheres Bundesgebiet;WZ08C7;WZ2008 (ausgewählte Positionen): Tarifindex;WZ08-M;Freiberufliche, wiss. u. techn. Dienstleistungen;101,3;2020=100;VST073;Index d.tarifl. Monatsverdienste mit Sonderzahl.
62221;Vj. Index der Tarifverdienste und Arbeitszeiten;JAHR;Jahr;2021;DINSGF;Früheres Bundesgebiet / Neue Länder;DF;Früheres Bundesgebiet;WZ08C7;WZ2008 (ausgewählte Positionen): Tarifindex;WZ08-M;Freiberufliche, wiss. u. techn. Dienstleistungen;37,9;h;VST019;Durchschnittliche tarifliche Wochenarbeitszeit
62221;Vj. Index der Tarifverdienste und Arbeitszeiten;JAHR;Jahr;2021;DINSGF;Früheres Bundesgebiet / Neue Länder;DF;Früheres Bundesgebiet;WZ08C7;WZ2008 (ausgewählte Positionen): Tarifindex;WZ08-M;Freiberufliche, wiss. u. techn. Dienstleistungen;101,2;2020=100;VST066;Index d.tarifl. Monatsverdienste ohne Sonderzahl.
62221;Vj. Index der Tarifverdienste und Arbeitszeiten;JAHR;Jahr;2021;DINSGF;Früheres Bundesgebiet / Neue Länder;DF;Früheres Bundesgebiet;WZ08C7;WZ2008 (ausgewählte Positionen): Tarifindex;WZ08-M;Freiberufliche, wiss. u. techn. Dienstleistungen;100,0;2020=100;VST018;Index der tariflichen Wochenarbeitszeit
62221;Vj. Index der Tarifverdienste und Arbeitszeiten;JAHR;Jahr;2021;DINSGF;Früheres Bundesgebiet / Neue Länder;DF;Früheres Bundesgebiet;WZ08C7;WZ2008 (ausgewählte Positionen): Tarifindex;WZ08-M;Freiberufliche, wiss. u. techn. Dienstleistungen;101,2;2020=100;VST065;Index d.tarifl. Stundenverdienste ohne Sonderzahl.
62221;Vj. Index der Tarifverdienste und Arbeitszeiten;JAHR;Jahr;2024;DINSGF;Früheres Bundesgebiet / Neue Länder;DN;Neue Länder;WZ08C7;WZ2008 (ausgewählte Positionen): Tarifindex;WZ-X001;Vorleistungsgüterproduzenten;115,3;2020=100;VST072;Index d.tarifl. Stundenverdienste mit Sonderzahl.
62221;Vj. Index der Tarifverdienste und Arbeitszeiten;JAHR;Jahr;2024;DINSGF;Früheres Bundesgebiet / Neue Länder;DN;Neue Länder;WZ08C7;WZ2008 (ausgewählte Positionen): Tarifindex;WZ-X001;Vorleistungsgüterproduzenten;114,3;2020=100;VST073;Index d.tarifl. Monatsverdienste mit Sonderzahl.
62221;Vj. Index der Tarifverdienste und Arbeitszeiten;JAHR;Jahr;2024;DINSGF;Früheres Bundesgebiet / Neue Länder;DN;Neue Länder;WZ08C7;WZ2008 (ausgewählte Positionen): Tarifindex;WZ-X001;Vorleistungsgüterproduzenten;38,1;h;VST019;Durchschnittliche tarifliche Wochenarbeitszeit
62221;Vj. Index der Tarifverdienste und Arbeitszeiten;JAHR;Jahr;2024;DINSGF;Früheres Bundesgebiet / Neue Länder;DN;Neue Länder;WZ08C7;WZ2008 (ausgewählte Positionen): Tarifindex;WZ-X001;Vorleistungsgüterproduzenten;110,8;2020=100;VST066;Index d.tarifl. Monatsverdienste ohne Sonderzahl.
62221;Vj. Index der Tarifverdienste und Arbeitszeiten;JAHR;Jahr;2024;DINSGF;Früheres Bundesgebiet / Neue Länder;DN;Neue Länder;WZ08C7;WZ2008 (ausgewählte Positionen): Tarifindex;WZ-X001;Vorleistungsgüterproduzenten;99,3;2020=100;VST018;Index der tariflichen Wochenarbeitszeit
62221;Vj. Index der Tarifverdienste und Arbeitszeiten;JAHR;Jahr;2024;DINSGF;Früheres Bundesgebiet / Neue Länder;DN;Neue Länder;WZ08C7;WZ2008 (ausgewählte Positionen): Tarifindex;WZ-X001;Vorleistungsgüterproduzenten;111,7;2020=100;VST065;Index d.tarifl. Stundenverdienste ohne Sonderzahl.
62221;Vj. Index der Tarifverdienste und Arbeitszeiten;JAHR;Jahr;2024;DINSGF;Früheres Bundesgebiet / Neue Länder;DF;Früheres Bundesgebiet;WZ08C7;WZ2008 (ausgewählte Positionen): Tarifindex;WZ08-78;Vermittlung und Überlassung von Arbeitskräften;126,5;2020=100;VST072;Index d.tarifl. Stundenverdienste mit Sonderzahl.
62221;Vj. Index der Tarifverdienste und Arbeitszeiten;JAHR;Jahr;2024;DINSGF;Früheres Bundesgebiet / Neue Länder;DF;Früheres Bundesgebiet;WZ08C7;WZ2008 (ausgewählte Positionen): Tarifindex;WZ08-78;Vermittlung und Überlassung von Arbeitskräften;126,5;2020=100;VST073;Index d.tarifl. Monatsverdienste mit Sonderzahl.
62221;Vj. Index der Tarifverdienste und Arbeitszeiten;JAHR;Jahr;2024;DINSGF;Früheres Bundesgebiet / Neue Länder;DF;Früheres Bundesgebiet;WZ08C7;WZ2008 (ausgewählte Positionen): Tarifindex;WZ08-78;Vermittlung und Überlassung von Arbeitskräften;35,1;h;VST019;Durchschnittliche tarifliche Wochenarbeitszeit
62221;Vj. Index der Tarifverdienste und Arbeitszeiten;JAHR;Jahr;2024;DINSGF;Früheres Bundesgebiet / Neue Länder;DF;Früheres Bundesgebiet;WZ08C7;WZ2008 (ausgewählte Positionen): Tarifindex;WZ08-78;Vermittlung und Überlassung von Arbeitskräften;126,5;2020=100;VST066;Index d.tarifl. Monatsverdienste ohne Sonderzahl.
62221;Vj. Index der Tarifverdienste und Arbeitszeiten;JAHR;Jahr;2024;DINSGF;Früheres Bundesgebiet / Neue Länder;DF;Früheres Bundesgebiet;WZ08C7;WZ2008 (ausgewählte Positionen): Tarifindex;WZ08-78;Vermittlung und Überlassung von Arbeitskräften;100,0;2020=100;VST018;Index der tariflichen Wochenarbeitszeit
62221;Vj. Index der Tarifverdienste und Arbeitszeiten;JAHR;Jahr;2024;DINSGF;Früheres Bundesgebiet / Neue Länder;DF;Früheres Bundesgebiet;WZ08C7;WZ2008 (ausgewählte Positionen): Tarifindex;WZ08-78;Vermittlung und Überlassung von Arbeitskräften;126,5;2020=100;VST065;Index d.tarifl. Stundenverdienste ohne Sonderzahl.
62221;Vj. Index der Tarifverdienste und Arbeitszeiten;JAHR;Jahr;2024;DINSGF;Früheres Bundesgebiet / Neue Länder;DF;Früheres Bundesgebiet;WZ08C7;WZ2008 (ausgewählte Positionen): Tarifindex;WZ08-72;Forschung und Entwicklung;110,7;2020=100;VST072;Index d.tarifl. Stundenverdienste mit Sonderzahl.
62221;Vj. Index der Tarifverdienste und Arbeitszeiten;JAHR;Jahr;2024;DINSGF;Früheres Bundesgebiet / Neue Länder;DF;Früheres Bundesgebiet;WZ08C7;WZ2008 (ausgewählte Positionen): Tarifindex;WZ08-72;Forschung und Entwicklung;110,7;2020=100;VST073;Index d.tarifl. Monatsverdienste mit Sonderzahl.
62221;Vj. Index der Tarifverdienste und Arbeitszeiten;JAHR;Jahr;2024;DINSGF;Früheres Bundesgebiet / Neue Länder;DF;Früheres Bundesgebiet;WZ08C7;WZ2008 (ausgewählte Positionen): Tarifindex;WZ08-72;Forschung und Entwicklung;38,9;h;VST019;Durchschnittliche tarifliche Wochenarbeitszeit
62221;Vj. Index der Tarifverdienste und Arbeitszeiten;JAHR;Jahr;2024;DINSGF;Früheres Bundesgebiet / Neue Länder;DF;Früheres Bundesgebiet;WZ08C7;WZ2008 (ausgewählte Positionen): Tarifindex;WZ08-72;Forschung und Entwicklung;109,1;2020=100;VST066;Index d.tarifl. Monatsverdienste ohne Sonderzahl.
62221;Vj. Index der Tarifverdienste und Arbeitszeiten;JAHR;Jahr;2024;DINSGF;Früheres Bundesgebiet / Neue Länder;DF;Früheres Bundesgebiet;WZ08C7;WZ2008 (ausgewählte Positionen): Tarifindex;WZ08-72;Forschung und Entwicklung;100,0;2020=100;VST018;Index der tariflichen Wochenarbeitszeit
62221;Vj. Index der Tarifverdienste und Arbeitszeiten;JAHR;Jahr;2024;DINSGF;Früheres Bundesgebiet / Neue Länder;DF;Früheres Bundesgebiet;WZ08C7;WZ2008 (ausgewählte Positionen): Tarifindex;WZ08-72;Forschung und Entwicklung;109,1;2020=100;VST065;Index d.tarifl. Stundenverdienste ohne Sonderzahl.
62221;Vj. Index der Tarifverdienste und Arbeitszeiten;JAHR;Jahr;2021;DINSGF;Früheres Bundesgebiet / Neue Länder;DN;Neue Länder;WZ08C7;WZ2008 (ausgewählte Positionen): Tarifindex;WZ08-22;Herstellung von Gummi- und Kunststoffwaren;102,3;2020=100;VST072;Index d.tarifl. Stundenverdienste mit Sonderzahl.
62221;Vj. Index der Tarifverdienste und Arbeitszeiten;JAHR;Jahr;2021;DINSGF;Früheres Bundesgebiet / Neue Länder;DN;Neue Länder;WZ08C7;WZ2008 (ausgewählte Positionen): Tarifindex;WZ08-22;Herstellung von Gummi- und Kunststoffwaren;101,6;2020=100;VST073;Index d.tarifl. Monatsverdienste mit Sonderzahl.
62221;Vj. Index der Tarifverdienste und Arbeitszeiten;JAHR;Jahr;2021;DINSGF;Früheres Bundesgebiet / Neue Länder;DN;Neue Länder;WZ08C7;WZ2008 (ausgewählte Positionen): Tarifindex;WZ08-22;Herstellung von Gummi- und Kunststoffwaren;39,1;h;VST019;Durchschnittliche tarifliche Wochenarbeitszeit
62221;Vj. Index der Tarifverdienste und Arbeitszeiten;JAHR;Jahr;2021;DINSGF;Früheres Bundesgebiet / Neue Länder;DN;Neue Länder;WZ08C7;WZ2008 (ausgewählte Positionen): Tarifindex;WZ08-22;Herstellung von Gummi- und Kunststoffwaren;101,0;2020=100;VST066;Index d.tarifl. Monatsverdienste ohne Sonderzahl.
62221;Vj. Index der Tarifverdienste und Arbeitszeiten;JAHR;Jahr;2021;DINSGF;Früheres Bundesgebiet / Neue Länder;DN;Neue Länder;WZ08C7;WZ2008 (ausgewählte Positionen): Tarifindex;WZ08-22;Herstellung von Gummi- und Kunststoffwaren;99,4;2020=100;VST018;Index der tariflichen Wochenarbeitszeit
62221;Vj. Index der Tarifverdienste und Arbeitszeiten;JAHR;Jahr;2021;DINSGF;Früheres Bundesgebiet / Neue Länder;DN;Neue Länder;WZ08C7;WZ2008 (ausgewählte Positionen): Tarifindex;WZ08-22;Herstellung von Gummi- und Kunststoffwaren;101,6;2020=100;VST065;Index d.tarifl. Stundenverdienste ohne Sonderzahl.
62221;Vj. Index der Tarifverdienste und Arbeitszeiten;JAHR;Jahr;2019;DINSGF;Früheres Bundesgebiet / Neue Länder;DF;Früheres Bundesgebiet;WZ08C7;WZ2008 (ausgewählte Positionen): Tarifindex;WZ08-20;Herstellung von chemischen Erzeugnissen;98,3;2020=100;VST072;Index d.tarifl. Stundenverdienste mit Sonderzahl.
62221;Vj. Index der Tarifverdienste und Arbeitszeiten;JAHR;Jahr;2019;DINSGF;Früheres Bundesgebiet / Neue Länder;DF;Früheres Bundesgebiet;WZ08C7;WZ2008 (ausgewählte Positionen): Tarifindex;WZ08-20;Herstellung von chemischen Erzeugnissen;98,3;2020=100;VST073;Index d.tarifl. Monatsverdienste mit Sonderzahl.
62221;Vj. Index der Tarifverdienste und Arbeitszeiten;JAHR;Jahr;2019;DINSGF;Früheres Bundesgebiet / Neue Länder;DF;Früheres Bundesgebiet;WZ08C7;WZ2008 (ausgewählte Positionen): Tarifindex;WZ08-20;Herstellung von chemischen Erzeugnissen;37,5;h;VST019;Durchschnittliche tarifliche Wochenarbeitszeit
62221;Vj. Index der Tarifverdienste und Arbeitszeiten;JAHR;Jahr;2019;DINSGF;Früheres Bundesgebiet / Neue Länder;DF;Früheres Bundesgebiet;WZ08C7;WZ2008 (ausgewählte Positionen): Tarifindex;WZ08-20;Herstellung von chemischen Erzeugnissen;99,2;2020=100;VST066;Index d.tarifl. Monatsverdienste ohne Sonderzahl.
62221;Vj. Index der Tarifverdienste und Arbeitszeiten;JAHR;Jahr;2019;DINSGF;Früheres Bundesgebiet / Neue Länder;DF;Früheres Bundesgebiet;WZ08C7;WZ2008 (ausgewählte Positionen): Tarifindex;WZ08-20;Herstellung von chemischen Erzeugnissen;100,0;2020=100;VST018;Index der tariflichen Wochenarbeitszeit
62221;Vj. Index der Tarifverdienste und Arbeitszeiten;JAHR;Jahr;2019;DINSGF;Früheres Bundesgebiet / Neue Länder;DF;Früheres Bundesgebiet;WZ08C7;WZ2008 (ausgewählte Positionen): Tarifindex;WZ08-20;Herstellung von chemischen Erzeugnissen;99,2;2020=100;VST065;Index d.tarifl. Stundenverdienste ohne Sonderzahl.
62221;Vj. Index der Tarifverdienste und Arbeitszeiten;JAHR;Jahr;2019;DINSGF;Früheres Bundesgebiet / Neue Länder;DF;Früheres Bundesgebiet;WZ08C7;WZ2008 (ausgewählte Positionen): Tarifindex;WZ08-26;H.v. DV-Geräten, elektron. u. opt. Erzeugnissen;99,9;2020=100;VST072;Index d.tarifl. Stundenverdienste mit Sonderzahl.
62221;Vj. Index der Tarifverdienste und Arbeitszeiten;JAHR;Jahr;2019;DINSGF;Früheres Bundesgebiet / Neue Länder;DF;Früheres Bundesgebiet;WZ08C7;WZ2008 (ausgewählte Positionen): Tarifindex;WZ08-26;H.v. DV-Geräten, elektron. u. opt. Erzeugnissen;99,9;2020=100;VST073;Index d.tarifl. Monatsverdienste mit Sonderzahl.
62221;Vj. Index der Tarifverdienste und Arbeitszeiten;JAHR;Jahr;2019;DINSGF;Früheres Bundesgebiet / Neue Länder;DF;Früheres Bundesgebiet;WZ08C7;WZ2008 (ausgewählte Positionen): Tarifindex;WZ08-26;H.v. DV-Geräten, elektron. u. opt. Erzeugnissen;35,2;h;VST019;Durchschnittliche tarifliche Wochenarbeitszeit
62221;Vj. Index der Tarifverdienste und Arbeitszeiten;JAHR;Jahr;2019;DINSGF;Früheres Bundesgebiet / Neue Länder;DF;Früheres Bundesgebiet;WZ08C7;WZ2008 (ausgewählte Positionen): Tarifindex;WZ08-26;H.v. DV-Geräten, elektron. u. opt. Erzeugnissen;99,9;2020=100;VST066;Index d.tarifl. Monatsverdienste ohne Sonderzahl.
62221;Vj. Index der Tarifverdienste und Arbeitszeiten;JAHR;Jahr;2019;DINSGF;Früheres Bundesgebiet / Neue Länder;DF;Früheres Bundesgebiet;WZ08C7;WZ2008 (ausgewählte Positionen): Tarifindex;WZ08-26;H.v. DV-Geräten, elektron. u. opt. Erzeugnissen;100,0;2020=100;VST018;Index der tariflichen Wochenarbeitszeit
62221;Vj. Index der Tarifverdienste und Arbeitszeiten;JAHR;Jahr;2019;DINSGF;Früheres Bundesgebiet / Neue Länder;DF;Früheres Bundesgebiet;WZ08C7;WZ2008 (ausgewählte Positionen): Tarifindex;WZ08-26;H.v. DV-Geräten, elektron. u. opt. Erzeugnissen;99,9;2020=100;VST065;Index d.tarifl. Stundenverdienste ohne Sonderzahl.
62221;Vj. Index der Tarifverdienste und Arbeitszeiten;JAHR;Jahr;2020;DINSGF;Früheres Bundesgebiet / Neue Länder;DF;Früheres Bundesgebiet;WZ08C7;WZ2008 (ausgewählte Positionen): Tarifindex;WZ08-30;Sonstiger Fahrzeugbau;100,0;2020=100;VST072;Index d.tarifl. Stundenverdienste mit Sonderzahl.
62221;Vj. Index der Tarifverdienste und Arbeitszeiten;JAHR;Jahr;2020;DINSGF;Früheres Bundesgebiet / Neue Länder;DF;Früheres Bundesgebiet;WZ08C7;WZ2008 (ausgewählte Positionen): Tarifindex;WZ08-30;Sonstiger Fahrzeugbau;100,0;2020=100;VST073;Index d.tarifl. Monatsverdienste mit Sonderzahl.
62221;Vj. Index der Tarifverdienste und Arbeitszeiten;JAHR;Jahr;2020;DINSGF;Früheres Bundesgebiet / Neue Länder;DF;Früheres Bundesgebiet;WZ08C7;WZ2008 (ausgewählte Positionen): Tarifindex;WZ08-30;Sonstiger Fahrzeugbau;35,1;h;VST019;Durchschnittliche tarifliche Wochenarbeitszeit
62221;Vj. Index der Tarifverdienste und Arbeitszeiten;JAHR;Jahr;2020;DINSGF;Früheres Bundesgebiet / Neue Länder;DF;Früheres Bundesgebiet;WZ08C7;WZ2008 (ausgewählte Positionen): Tarifindex;WZ08-30;Sonstiger Fahrzeugbau;100,0;2020=100;VST066;Index d.tarifl. Monatsverdienste ohne Sonderzahl.
62221;Vj. Index der Tarifverdienste und Arbeitszeiten;JAHR;Jahr;2020;DINSGF;Früheres Bundesgebiet / Neue Länder;DF;Früheres Bundesgebiet;WZ08C7;WZ2008 (ausgewählte Positionen): Tarifindex;WZ08-30;Sonstiger Fahrzeugbau;100,0;2020=100;VST018;Index der tariflichen Wochenarbeitszeit
62221;Vj. Index der Tarifverdienste und Arbeitszeiten;JAHR;Jahr;2020;DINSGF;Früheres Bundesgebiet / Neue Länder;DF;Früheres Bundesgebiet;WZ08C7;WZ2008 (ausgewählte Positionen): Tarifindex;WZ08-30;Sonstiger Fahrzeugbau;100,0;2020=100;VST065;Index d.tarifl. Stundenverdienste ohne Sonderzahl.
62221;Vj. Index der Tarifverdienste und Arbeitszeiten;JAHR;Jahr;2018;DINSGF;Früheres Bundesgebiet / Neue Länder;DN;Neue Länder;WZ08C7;WZ2008 (ausgewählte Positionen): Tarifindex;WZ08-90;Kreative,künstlerische u.unterhaltende Tätigkeiten;94,4;2020=100;VST072;Index d.tarifl. Stundenverdienste mit Sonderzahl.
62221;Vj. Index der Tarifverdienste und Arbeitszeiten;JAHR;Jahr;2018;DINSGF;Früheres Bundesgebiet / Neue Länder;DN;Neue Länder;WZ08C7;WZ2008 (ausgewählte Positionen): Tarifindex;WZ08-90;Kreative,künstlerische u.unterhaltende Tätigkeiten;94,4;2020=100;VST073;Index d.tarifl. Monatsverdienste mit Sonderzahl.
62221;Vj. Index der Tarifverdienste und Arbeitszeiten;JAHR;Jahr;2018;DINSGF;Früheres Bundesgebiet / Neue Länder;DN;Neue Länder;WZ08C7;WZ2008 (ausgewählte Positionen): Tarifindex;WZ08-90;Kreative,künstlerische u.unterhaltende Tätigkeiten;39,0;h;VST019;Durchschnittliche tarifliche Wochenarbeitszeit
62221;Vj. Index der Tarifverdienste und Arbeitszeiten;JAHR;Jahr;2018;DINSGF;Früheres Bundesgebiet / Neue Länder;DN;Neue Länder;WZ08C7;WZ2008 (ausgewählte Positionen): Tarifindex;WZ08-90;Kreative,künstlerische u.unterhaltende Tätigkeiten;93,5;2020=100;VST066;Index d.tarifl. Monatsverdienste ohne Sonderzahl.
62221;Vj. Index der Tarifverdienste und Arbeitszeiten;JAHR;Jahr;2018;DINSGF;Früheres Bundesgebiet / Neue Länder;DN;Neue Länder;WZ08C7;WZ2008 (ausgewählte Positionen): Tarifindex;WZ08-90;Kreative,künstlerische u.unterhaltende Tätigkeiten;100,0;2020=100;VST018;Index der tariflichen Wochenarbeitszeit
62221;Vj. Index der Tarifverdienste und Arbeitszeiten;JAHR;Jahr;2018;DINSGF;Früheres Bundesgebiet / Neue Länder;DN;Neue Länder;WZ08C7;WZ2008 (ausgewählte Positionen): Tarifindex;WZ08-90;Kreative,künstlerische u.unterhaltende Tätigkeiten;93,5;2020=100;VST065;Index d.tarifl. Stundenverdienste ohne Sonderzahl.
62221;Vj. Index der Tarifverdienste und Arbeitszeiten;JAHR;Jahr;2018;DINSGF;Früheres Bundesgebiet / Neue Länder;DN;Neue Länder;WZ08C7;WZ2008 (ausgewählte Positionen): Tarifindex;WZ08-96;Sonstige überwiegend persönliche Dienstleistungen;95,5;2020=100;VST072;Index d.tarifl. Stundenverdienste mit Sonderzahl.
62221;Vj. Index der Tarifverdienste und Arbeitszeiten;JAHR;Jahr;2018;DINSGF;Früheres Bundesgebiet / Neue Länder;DN;Neue Länder;WZ08C7;WZ2008 (ausgewählte Positionen): Tarifindex;WZ08-96;Sonstige überwiegend persönliche Dienstleistungen;95,5;2020=100;VST073;Index d.tarifl. Monatsverdienste mit Sonderzahl.
62221;Vj. Index der Tarifverdienste und Arbeitszeiten;JAHR;Jahr;2018;DINSGF;Früheres Bundesgebiet / Neue Länder;DN;Neue Länder;WZ08C7;WZ2008 (ausgewählte Positionen): Tarifindex;WZ08-96;Sonstige überwiegend persönliche Dienstleistungen;38,3;h;VST019;Durchschnittliche tarifliche Wochenarbeitszeit
62221;Vj. Index der Tarifverdienste und Arbeitszeiten;JAHR;Jahr;2018;DINSGF;Früheres Bundesgebiet / Neue Länder;DN;Neue Länder;WZ08C7;WZ2008 (ausgewählte Positionen): Tarifindex;WZ08-96;Sonstige überwiegend persönliche Dienstleistungen;95,5;2020=100;VST066;Index d.tarifl. Monatsverdienste ohne Sonderzahl.
62221;Vj. Index der Tarifverdienste und Arbeitszeiten;JAHR;Jahr;2018;DINSGF;Früheres Bundesgebiet / Neue Länder;DN;Neue Länder;WZ08C7;WZ2008 (ausgewählte Positionen): Tarifindex;WZ08-96;Sonstige überwiegend persönliche Dienstleistungen;100,0;2020=100;VST018;Index der tariflichen Wochenarbeitszeit
62221;Vj. Index der Tarifverdienste und Arbeitszeiten;JAHR;Jahr;2018;DINSGF;Früheres Bundesgebiet / Neue Länder;DN;Neue Länder;WZ08C7;WZ2008 (ausgewählte Positionen): Tarifindex;WZ08-96;Sonstige überwiegend persönliche Dienstleistungen;95,5;2020=100;VST065;Index d.tarifl. Stundenverdienste ohne Sonderzahl.
62221;Vj. Index der Tarifverdienste und Arbeitszeiten;JAHR;Jahr;2018;DINSGF;Früheres Bundesgebiet / Neue Länder;DN;Neue Länder;WZ08C7;WZ2008 (ausgewählte Positionen): Tarifindex;WZ08-62;Dienstleistungen der Informationstechnologie;95,3;2020=100;VST072;Index d.tarifl. Stundenverdienste mit Sonderzahl.
62221;Vj. Index der Tarifverdienste und Arbeitszeiten;JAHR;Jahr;2018;DINSGF;Früheres Bundesgebiet / Neue Länder;DN;Neue Länder;WZ08C7;WZ2008 (ausgewählte Positionen): Tarifindex;WZ08-62;Dienstleistungen der Informationstechnologie;95,5;2020=100;VST073;Index d.tarifl. Monatsverdienste mit Sonderzahl.
62221;Vj. Index der Tarifverdienste und Arbeitszeiten;JAHR;Jahr;2018;DINSGF;Früheres Bundesgebiet / Neue Länder;DN;Neue Länder;WZ08C7;WZ2008 (ausgewählte Positionen): Tarifindex;WZ08-62;Dienstleistungen der Informationstechnologie;38,6;h;VST019;Durchschnittliche tarifliche Wochenarbeitszeit
62221;Vj. Index der Tarifverdienste und Arbeitszeiten;JAHR;Jahr;2018;DINSGF;Früheres Bundesgebiet / Neue Länder;DN;Neue Länder;WZ08C7;WZ2008 (ausgewählte Positionen): Tarifindex;WZ08-62;Dienstleistungen der Informationstechnologie;95,0;2020=100;VST066;Index d.tarifl. Monatsverdienste ohne Sonderzahl.
62221;Vj. Index der Tarifverdienste und Arbeitszeiten;JAHR;Jahr;2018;DINSGF;Früheres Bundesgebiet / Neue Länder;DN;Neue Länder;WZ08C7;WZ2008 (ausgewählte Positionen): Tarifindex;WZ08-62;Dienstleistungen der Informationstechnologie;100,1;2020=100;VST018;Index der tariflichen Wochenarbeitszeit
62221;Vj. Index der Tarifverdienste und Arbeitszeiten;JAHR;Jahr;2018;DINSGF;Früheres Bundesgebiet / Neue Länder;DN;Neue Länder;WZ08C7;WZ2008 (ausgewählte Positionen): Tarifindex;WZ08-62;Dienstleistungen der Informationstechnologie;94,8;2020=100;VST065;Index d.tarifl. Stundenverdienste ohne Sonderzahl.
62221;Vj. Index der Tarifverdienste und Arbeitszeiten;JAHR;Jahr;2022;DINSGF;Früheres Bundesgebiet / Neue Länder;DN;Neue Länder;WZ08C7;WZ2008 (ausgewählte Positionen): Tarifindex;WZ08-29-01;Fahrzeugbau;102,5;2020=100;VST072;Index d.tarifl. Stundenverdienste mit Sonderzahl.
62221;Vj. Index der Tarifverdienste und Arbeitszeiten;JAHR;Jahr;2022;DINSGF;Früheres Bundesgebiet / Neue Länder;DN;Neue Länder;WZ08C7;WZ2008 (ausgewählte Positionen): Tarifindex;WZ08-29-01;Fahrzeugbau;101,7;2020=100;VST073;Index d.tarifl. Monatsverdienste mit Sonderzahl.
62221;Vj. Index der Tarifverdienste und Arbeitszeiten;JAHR;Jahr;2022;DINSGF;Früheres Bundesgebiet / Neue Länder;DN;Neue Länder;WZ08C7;WZ2008 (ausgewählte Positionen): Tarifindex;WZ08-29-01;Fahrzeugbau;37,8;h;VST019;Durchschnittliche tarifliche Wochenarbeitszeit
62221;Vj. Index der Tarifverdienste und Arbeitszeiten;JAHR;Jahr;2022;DINSGF;Früheres Bundesgebiet / Neue Länder;DN;Neue Länder;WZ08C7;WZ2008 (ausgewählte Positionen): Tarifindex;WZ08-29-01;Fahrzeugbau;100,8;2020=100;VST066;Index d.tarifl. Monatsverdienste ohne Sonderzahl.
62221;Vj. Index der Tarifverdienste und Arbeitszeiten;JAHR;Jahr;2022;DINSGF;Früheres Bundesgebiet / Neue Länder;DN;Neue Länder;WZ08C7;WZ2008 (ausgewählte Positionen): Tarifindex;WZ08-29-01;Fahrzeugbau;99,3;2020=100;VST018;Index der tariflichen Wochenarbeitszeit
62221;Vj. Index der Tarifverdienste und Arbeitszeiten;JAHR;Jahr;2022;DINSGF;Früheres Bundesgebiet / Neue Länder;DN;Neue Länder;WZ08C7;WZ2008 (ausgewählte Positionen): Tarifindex;WZ08-29-01;Fahrzeugbau;101,6;2020=100;VST065;Index d.tarifl. Stundenverdienste ohne Sonderzahl.
62221;Vj. Index der Tarifverdienste und Arbeitszeiten;JAHR;Jahr;2023;DINSGF;Früheres Bundesgebiet / Neue Länder;DN;Neue Länder;WZ08C7;WZ2008 (ausgewählte Positionen): Tarifindex;WZ08-21;Herstellung von pharmazeutischen Erzeugnissen;111,3;2020=100;VST072;Index d.tarifl. Stundenverdienste mit Sonderzahl.
62221;Vj. Index der Tarifverdienste und Arbeitszeiten;JAHR;Jahr;2023;DINSGF;Früheres Bundesgebiet / Neue Länder;DN;Neue Länder;WZ08C7;WZ2008 (ausgewählte Positionen): Tarifindex;WZ08-21;Herstellung von pharmazeutischen Erzeugnissen;108,6;2020=100;VST073;Index d.tarifl. Monatsverdienste mit Sonderzahl.
62221;Vj. Index der Tarifverdienste und Arbeitszeiten;JAHR;Jahr;2023;DINSGF;Früheres Bundesgebiet / Neue Länder;DN;Neue Länder;WZ08C7;WZ2008 (ausgewählte Positionen): Tarifindex;WZ08-21;Herstellung von pharmazeutischen Erzeugnissen;38,5;h;VST019;Durchschnittliche tarifliche Wochenarbeitszeit
62221;Vj. Index der Tarifverdienste und Arbeitszeiten;JAHR;Jahr;2023;DINSGF;Früheres Bundesgebiet / Neue Länder;DN;Neue Länder;WZ08C7;WZ2008 (ausgewählte Positionen): Tarifindex;WZ08-21;Herstellung von pharmazeutischen Erzeugnissen;105,4;2020=100;VST066;Index d.tarifl. Monatsverdienste ohne Sonderzahl.
62221;Vj. Index der Tarifverdienste und Arbeitszeiten;JAHR;Jahr;2023;DINSGF;Früheres Bundesgebiet / Neue Länder;DN;Neue Länder;WZ08C7;WZ2008 (ausgewählte Positionen): Tarifindex;WZ08-21;Herstellung von pharmazeutischen Erzeugnissen;97,6;2020=100;VST018;Index der tariflichen Wochenarbeitszeit
62221;Vj. Index der Tarifverdienste und Arbeitszeiten;JAHR;Jahr;2023;DINSGF;Früheres Bundesgebiet / Neue Länder;DN;Neue Länder;WZ08C7;WZ2008 (ausgewählte Positionen): Tarifindex;WZ08-21;Herstellung von pharmazeutischen Erzeugnissen;108,0;2020=100;VST065;Index d.tarifl. Stundenverdienste ohne Sonderzahl.
62221;Vj. Index der Tarifverdienste und Arbeitszeiten;JAHR;Jahr;2018;DINSGF;Früheres Bundesgebiet / Neue Länder;DN;Neue Länder;WZ08C7;WZ2008 (ausgewählte Positionen): Tarifindex;WZ08-87;Heime (ohne Erholungs- und Ferienheime);93,6;2020=100;VST072;Index d.tarifl. Stundenverdienste mit Sonderzahl.
62221;Vj. Index der Tarifverdienste und Arbeitszeiten;JAHR;Jahr;2018;DINSGF;Früheres Bundesgebiet / Neue Länder;DN;Neue Länder;WZ08C7;WZ2008 (ausgewählte Positionen): Tarifindex;WZ08-87;Heime (ohne Erholungs- und Ferienheime);94,1;2020=100;VST073;Index d.tarifl. Monatsverdienste mit Sonderzahl.
62221;Vj. Index der Tarifverdienste und Arbeitszeiten;JAHR;Jahr;2018;DINSGF;Früheres Bundesgebiet / Neue Länder;DN;Neue Länder;WZ08C7;WZ2008 (ausgewählte Positionen): Tarifindex;WZ08-87;Heime (ohne Erholungs- und Ferienheime);39,5;h;VST019;Durchschnittliche tarifliche Wochenarbeitszeit
62221;Vj. Index der Tarifverdienste und Arbeitszeiten;JAHR;Jahr;2018;DINSGF;Früheres Bundesgebiet / Neue Länder;DN;Neue Länder;WZ08C7;WZ2008 (ausgewählte Positionen): Tarifindex;WZ08-87;Heime (ohne Erholungs- und Ferienheime);93,5;2020=100;VST066;Index d.tarifl. Monatsverdienste ohne Sonderzahl.
62221;Vj. Index der Tarifverdienste und Arbeitszeiten;JAHR;Jahr;2018;DINSGF;Früheres Bundesgebiet / Neue Länder;DN;Neue Länder;WZ08C7;WZ2008 (ausgewählte Positionen): Tarifindex;WZ08-87;Heime (ohne Erholungs- und Ferienheime);100,5;2020=100;VST018;Index der tariflichen Wochenarbeitszeit
62221;Vj. Index der Tarifverdienste und Arbeitszeiten;JAHR;Jahr;2018;DINSGF;Früheres Bundesgebiet / Neue Länder;DN;Neue Länder;WZ08C7;WZ2008 (ausgewählte Positionen): Tarifindex;WZ08-87;Heime (ohne Erholungs- und Ferienheime);93,1;2020=100;VST065;Index d.tarifl. Stundenverdienste ohne Sonderzahl.
62221;Vj. Index der Tarifverdienste und Arbeitszeiten;JAHR;Jahr;2017;DINSGF;Früheres Bundesgebiet / Neue Länder;DF;Früheres Bundesgebiet;WZ08C7;WZ2008 (ausgewählte Positionen): Tarifindex;WZ08-52-01;Lagerei und Kurierdienste;91,6;2020=100;VST072;Index d.tarifl. Stundenverdienste mit Sonderzahl.
62221;Vj. Index der Tarifverdienste und Arbeitszeiten;JAHR;Jahr;2017;DINSGF;Früheres Bundesgebiet / Neue Länder;DF;Früheres Bundesgebiet;WZ08C7;WZ2008 (ausgewählte Positionen): Tarifindex;WZ08-52-01;Lagerei und Kurierdienste;91,6;2020=100;VST073;Index d.tarifl. Monatsverdienste mit Sonderzahl.
62221;Vj. Index der Tarifverdienste und Arbeitszeiten;JAHR;Jahr;2017;DINSGF;Früheres Bundesgebiet / Neue Länder;DF;Früheres Bundesgebiet;WZ08C7;WZ2008 (ausgewählte Positionen): Tarifindex;WZ08-52-01;Lagerei und Kurierdienste;38,8;h;VST019;Durchschnittliche tarifliche Wochenarbeitszeit
62221;Vj. Index der Tarifverdienste und Arbeitszeiten;JAHR;Jahr;2017;DINSGF;Früheres Bundesgebiet / Neue Länder;DF;Früheres Bundesgebiet;WZ08C7;WZ2008 (ausgewählte Positionen): Tarifindex;WZ08-52-01;Lagerei und Kurierdienste;92,5;2020=100;VST066;Index d.tarifl. Monatsverdienste ohne Sonderzahl.
62221;Vj. Index der Tarifverdienste und Arbeitszeiten;JAHR;Jahr;2017;DINSGF;Früheres Bundesgebiet / Neue Länder;DF;Früheres Bundesgebiet;WZ08C7;WZ2008 (ausgewählte Positionen): Tarifindex;WZ08-52-01;Lagerei und Kurierdienste;100,0;2020=100;VST018;Index der tariflichen Wochenarbeitszeit
62221;Vj. Index der Tarifverdienste und Arbeitszeiten;JAHR;Jahr;2017;DINSGF;Früheres Bundesgebiet / Neue Länder;DF;Früheres Bundesgebiet;WZ08C7;WZ2008 (ausgewählte Positionen): Tarifindex;WZ08-52-01;Lagerei und Kurierdienste;92,5;2020=100;VST065;Index d.tarifl. Stundenverdienste ohne Sonderzahl.
62221;Vj. Index der Tarifverdienste und Arbeitszeiten;JAHR;Jahr;2021;DINSGF;Früheres Bundesgebiet / Neue Länder;DF;Früheres Bundesgebiet;WZ08C7;WZ2008 (ausgewählte Positionen): Tarifindex;WZ08-33;Reparatur u.Installation von Masch.u.Ausrüstungen;101,3;2020=100;VST072;Index d.tarifl. Stundenverdienste mit Sonderzahl.
62221;Vj. Index der Tarifverdienste und Arbeitszeiten;JAHR;Jahr;2021;DINSGF;Früheres Bundesgebiet / Neue Länder;DF;Früheres Bundesgebiet;WZ08C7;WZ2008 (ausgewählte Positionen): Tarifindex;WZ08-33;Reparatur u.Installation von Masch.u.Ausrüstungen;101,3;2020=100;VST073;Index d.tarifl. Monatsverdienste mit Sonderzahl.
62221;Vj. Index der Tarifverdienste und Arbeitszeiten;JAHR;Jahr;2021;DINSGF;Früheres Bundesgebiet / Neue Länder;DF;Früheres Bundesgebiet;WZ08C7;WZ2008 (ausgewählte Positionen): Tarifindex;WZ08-33;Reparatur u.Installation von Masch.u.Ausrüstungen;36,7;h;VST019;Durchschnittliche tarifliche Wochenarbeitszeit
62221;Vj. Index der Tarifverdienste und Arbeitszeiten;JAHR;Jahr;2021;DINSGF;Früheres Bundesgebiet / Neue Länder;DF;Früheres Bundesgebiet;WZ08C7;WZ2008 (ausgewählte Positionen): Tarifindex;WZ08-33;Reparatur u.Installation von Masch.u.Ausrüstungen;100,7;2020=100;VST066;Index d.tarifl. Monatsverdienste ohne Sonderzahl.
62221;Vj. Index der Tarifverdienste und Arbeitszeiten;JAHR;Jahr;2021;DINSGF;Früheres Bundesgebiet / Neue Länder;DF;Früheres Bundesgebiet;WZ08C7;WZ2008 (ausgewählte Positionen): Tarifindex;WZ08-33;Reparatur u.Installation von Masch.u.Ausrüstungen;100,0;2020=100;VST018;Index der tariflichen Wochenarbeitszeit
62221;Vj. Index der Tarifverdienste und Arbeitszeiten;JAHR;Jahr;2021;DINSGF;Früheres Bundesgebiet / Neue Länder;DF;Früheres Bundesgebiet;WZ08C7;WZ2008 (ausgewählte Positionen): Tarifindex;WZ08-33;Reparatur u.Installation von Masch.u.Ausrüstungen;100,7;2020=100;VST065;Index d.tarifl. Stundenverdienste ohne Sonderzahl.
62221;Vj. Index der Tarifverdienste und Arbeitszeiten;JAHR;Jahr;2025;DINSGF;Früheres Bundesgebiet / Neue Länder;DN;Neue Länder;WZ08C7;WZ2008 (ausgewählte Positionen): Tarifindex;WZ08-493;Sonstige Personenbeförderung im Landverkehr;126,5;2020=100;VST072;Index d.tarifl. Stundenverdienste mit Sonderzahl.
62221;Vj. Index der Tarifverdienste und Arbeitszeiten;JAHR;Jahr;2025;DINSGF;Früheres Bundesgebiet / Neue Länder;DN;Neue Länder;WZ08C7;WZ2008 (ausgewählte Positionen): Tarifindex;WZ08-493;Sonstige Personenbeförderung im Landverkehr;124,3;2020=100;VST073;Index d.tarifl. Monatsverdienste mit Sonderzahl.
62221;Vj. Index der Tarifverdienste und Arbeitszeiten;JAHR;Jahr;2025;DINSGF;Früheres Bundesgebiet / Neue Länder;DN;Neue Länder;WZ08C7;WZ2008 (ausgewählte Positionen): Tarifindex;WZ08-493;Sonstige Personenbeförderung im Landverkehr;38,5;h;VST019;Durchschnittliche tarifliche Wochenarbeitszeit
62221;Vj. Index der Tarifverdienste und Arbeitszeiten;JAHR;Jahr;2025;DINSGF;Früheres Bundesgebiet / Neue Länder;DN;Neue Länder;WZ08C7;WZ2008 (ausgewählte Positionen): Tarifindex;WZ08-493;Sonstige Personenbeförderung im Landverkehr;125,0;2020=100;VST066;Index d.tarifl. Monatsverdienste ohne Sonderzahl.
62221;Vj. Index der Tarifverdienste und Arbeitszeiten;JAHR;Jahr;2025;DINSGF;Früheres Bundesgebiet / Neue Länder;DN;Neue Länder;WZ08C7;WZ2008 (ausgewählte Positionen): Tarifindex;WZ08-493;Sonstige Personenbeförderung im Landverkehr;98,2;2020=100;VST018;Index der tariflichen Wochenarbeitszeit
62221;Vj. Index der Tarifverdienste und Arbeitszeiten;JAHR;Jahr;2025;DINSGF;Früheres Bundesgebiet / Neue Länder;DN;Neue Länder;WZ08C7;WZ2008 (ausgewählte Positionen): Tarifindex;WZ08-493;Sonstige Personenbeförderung im Landverkehr;127,3;2020=100;VST065;Index d.tarifl. Stundenverdienste ohne Sonderzahl.
62221;Vj. Index der Tarifverdienste und Arbeitszeiten;JAHR;Jahr;2018;DINSGF;Früheres Bundesgebiet / Neue Länder;DN;Neue Länder;WZ08C7;WZ2008 (ausgewählte Positionen): Tarifindex;WZ08-10-02;Ernährungsgewerbe;95,2;2020=100;VST072;Index d.tarifl. Stundenverdienste mit Sonderzahl.
62221;Vj. Index der Tarifverdienste und Arbeitszeiten;JAHR;Jahr;2018;DINSGF;Früheres Bundesgebiet / Neue Länder;DN;Neue Länder;WZ08C7;WZ2008 (ausgewählte Positionen): Tarifindex;WZ08-10-02;Ernährungsgewerbe;95,2;2020=100;VST073;Index d.tarifl. Monatsverdienste mit Sonderzahl.
62221;Vj. Index der Tarifverdienste und Arbeitszeiten;JAHR;Jahr;2018;DINSGF;Früheres Bundesgebiet / Neue Länder;DN;Neue Länder;WZ08C7;WZ2008 (ausgewählte Positionen): Tarifindex;WZ08-10-02;Ernährungsgewerbe;38,7;h;VST019;Durchschnittliche tarifliche Wochenarbeitszeit
62221;Vj. Index der Tarifverdienste und Arbeitszeiten;JAHR;Jahr;2018;DINSGF;Früheres Bundesgebiet / Neue Länder;DN;Neue Länder;WZ08C7;WZ2008 (ausgewählte Positionen): Tarifindex;WZ08-10-02;Ernährungsgewerbe;95,4;2020=100;VST066;Index d.tarifl. Monatsverdienste ohne Sonderzahl.
62221;Vj. Index der Tarifverdienste und Arbeitszeiten;JAHR;Jahr;2018;DINSGF;Früheres Bundesgebiet / Neue Länder;DN;Neue Länder;WZ08C7;WZ2008 (ausgewählte Positionen): Tarifindex;WZ08-10-02;Ernährungsgewerbe;100,0;2020=100;VST018;Index der tariflichen Wochenarbeitszeit
62221;Vj. Index der Tarifverdienste und Arbeitszeiten;JAHR;Jahr;2018;DINSGF;Früheres Bundesgebiet / Neue Länder;DN;Neue Länder;WZ08C7;WZ2008 (ausgewählte Positionen): Tarifindex;WZ08-10-02;Ernährungsgewerbe;95,4;2020=100;VST065;Index d.tarifl. Stundenverdienste ohne Sonderzahl.
62221;Vj. Index der Tarifverdienste und Arbeitszeiten;JAHR;Jahr;2020;DINSGF;Früheres Bundesgebiet / Neue Länder;DF;Früheres Bundesgebiet;WZ08C7;WZ2008 (ausgewählte Positionen): Tarifindex;WZ08-64;Erbringung von Finanzdienstleistungen;100,0;2020=100;VST072;Index d.tarifl. Stundenverdienste mit Sonderzahl.
62221;Vj. Index der Tarifverdienste und Arbeitszeiten;JAHR;Jahr;2020;DINSGF;Früheres Bundesgebiet / Neue Länder;DF;Früheres Bundesgebiet;WZ08C7;WZ2008 (ausgewählte Positionen): Tarifindex;WZ08-64;Erbringung von Finanzdienstleistungen;100,0;2020=100;VST073;Index d.tarifl. Monatsverdienste mit Sonderzahl.
62221;Vj. Index der Tarifverdienste und Arbeitszeiten;JAHR;Jahr;2020;DINSGF;Früheres Bundesgebiet / Neue Länder;DF;Früheres Bundesgebiet;WZ08C7;WZ2008 (ausgewählte Positionen): Tarifindex;WZ08-64;Erbringung von Finanzdienstleistungen;39,0;h;VST019;Durchschnittliche tarifliche Wochenarbeitszeit
62221;Vj. Index der Tarifverdienste und Arbeitszeiten;JAHR;Jahr;2020;DINSGF;Früheres Bundesgebiet / Neue Länder;DF;Früheres Bundesgebiet;WZ08C7;WZ2008 (ausgewählte Positionen): Tarifindex;WZ08-64;Erbringung von Finanzdienstleistungen;100,0;2020=100;VST066;Index d.tarifl. Monatsverdienste ohne Sonderzahl.
62221;Vj. Index der Tarifverdienste und Arbeitszeiten;JAHR;Jahr;2020;DINSGF;Früheres Bundesgebiet / Neue Länder;DF;Früheres Bundesgebiet;WZ08C7;WZ2008 (ausgewählte Positionen): Tarifindex;WZ08-64;Erbringung von Finanzdienstleistungen;100,0;2020=100;VST018;Index der tariflichen Wochenarbeitszeit
62221;Vj. Index der Tarifverdienste und Arbeitszeiten;JAHR;Jahr;2020;DINSGF;Früheres Bundesgebiet / Neue Länder;DF;Früheres Bundesgebiet;WZ08C7;WZ2008 (ausgewählte Positionen): Tarifindex;WZ08-64;Erbringung von Finanzdienstleistungen;100,0;2020=100;VST065;Index d.tarifl. Stundenverdienste ohne Sonderzahl.
62221;Vj. Index der Tarifverdienste und Arbeitszeiten;JAHR;Jahr;2017;DINSGF;Früheres Bundesgebiet / Neue Länder;DN;Neue Länder;WZ08C7;WZ2008 (ausgewählte Positionen): Tarifindex;WZ08-47;Einzelhandel (ohne Handel mit Kraftfahrzeugen);93,0;2020=100;VST072;Index d.tarifl. Stundenverdienste mit Sonderzahl.
62221;Vj. Index der Tarifverdienste und Arbeitszeiten;JAHR;Jahr;2017;DINSGF;Früheres Bundesgebiet / Neue Länder;DN;Neue Länder;WZ08C7;WZ2008 (ausgewählte Positionen): Tarifindex;WZ08-47;Einzelhandel (ohne Handel mit Kraftfahrzeugen);93,3;2020=100;VST073;Index d.tarifl. Monatsverdienste mit Sonderzahl.
62221;Vj. Index der Tarifverdienste und Arbeitszeiten;JAHR;Jahr;2017;DINSGF;Früheres Bundesgebiet / Neue Länder;DN;Neue Länder;WZ08C7;WZ2008 (ausgewählte Positionen): Tarifindex;WZ08-47;Einzelhandel (ohne Handel mit Kraftfahrzeugen);38,4;h;VST019;Durchschnittliche tarifliche Wochenarbeitszeit
62221;Vj. Index der Tarifverdienste und Arbeitszeiten;JAHR;Jahr;2017;DINSGF;Früheres Bundesgebiet / Neue Länder;DN;Neue Länder;WZ08C7;WZ2008 (ausgewählte Positionen): Tarifindex;WZ08-47;Einzelhandel (ohne Handel mit Kraftfahrzeugen);93,0;2020=100;VST066;Index d.tarifl. Monatsverdienste ohne Sonderzahl.
62221;Vj. Index der Tarifverdienste und Arbeitszeiten;JAHR;Jahr;2017;DINSGF;Früheres Bundesgebiet / Neue Länder;DN;Neue Länder;WZ08C7;WZ2008 (ausgewählte Positionen): Tarifindex;WZ08-47;Einzelhandel (ohne Handel mit Kraftfahrzeugen);100,2;2020=100;VST018;Index der tariflichen Wochenarbeitszeit
62221;Vj. Index der Tarifverdienste und Arbeitszeiten;JAHR;Jahr;2017;DINSGF;Früheres Bundesgebiet / Neue Länder;DN;Neue Länder;WZ08C7;WZ2008 (ausgewählte Positionen): Tarifindex;WZ08-47;Einzelhandel (ohne Handel mit Kraftfahrzeugen);92,8;2020=100;VST065;Index d.tarifl. Stundenverdienste ohne Sonderzahl.
62221;Vj. Index der Tarifverdienste und Arbeitszeiten;JAHR;Jahr;2023;DINSGF;Früheres Bundesgebiet / Neue Länder;DF;Früheres Bundesgebiet;WZ08C7;WZ2008 (ausgewählte Positionen): Tarifindex;WZ08-10-01;Ernährungsgewerbe und Tabakverarbeitung;110,6;2020=100;VST072;Index d.tarifl. Stundenverdienste mit Sonderzahl.
62221;Vj. Index der Tarifverdienste und Arbeitszeiten;JAHR;Jahr;2023;DINSGF;Früheres Bundesgebiet / Neue Länder;DF;Früheres Bundesgebiet;WZ08C7;WZ2008 (ausgewählte Positionen): Tarifindex;WZ08-10-01;Ernährungsgewerbe und Tabakverarbeitung;110,6;2020=100;VST073;Index d.tarifl. Monatsverdienste mit Sonderzahl.
62221;Vj. Index der Tarifverdienste und Arbeitszeiten;JAHR;Jahr;2023;DINSGF;Früheres Bundesgebiet / Neue Länder;DF;Früheres Bundesgebiet;WZ08C7;WZ2008 (ausgewählte Positionen): Tarifindex;WZ08-10-01;Ernährungsgewerbe und Tabakverarbeitung;38,1;h;VST019;Durchschnittliche tarifliche Wochenarbeitszeit
62221;Vj. Index der Tarifverdienste und Arbeitszeiten;JAHR;Jahr;2023;DINSGF;Früheres Bundesgebiet / Neue Länder;DF;Früheres Bundesgebiet;WZ08C7;WZ2008 (ausgewählte Positionen): Tarifindex;WZ08-10-01;Ernährungsgewerbe und Tabakverarbeitung;108,9;2020=100;VST066;Index d.tarifl. Monatsverdienste ohne Sonderzahl.
62221;Vj. Index der Tarifverdienste und Arbeitszeiten;JAHR;Jahr;2023;DINSGF;Früheres Bundesgebiet / Neue Länder;DF;Früheres Bundesgebiet;WZ08C7;WZ2008 (ausgewählte Positionen): Tarifindex;WZ08-10-01;Ernährungsgewerbe und Tabakverarbeitung;100,0;2020=100;VST018;Index der tariflichen Wochenarbeitszeit
62221;Vj. Index der Tarifverdienste und Arbeitszeiten;JAHR;Jahr;2023;DINSGF;Früheres Bundesgebiet / Neue Länder;DF;Früheres Bundesgebiet;WZ08C7;WZ2008 (ausgewählte Positionen): Tarifindex;WZ08-10-01;Ernährungsgewerbe und Tabakverarbeitung;108,9;2020=100;VST065;Index d.tarifl. Stundenverdienste ohne Sonderzahl.
62221;Vj. Index der Tarifverdienste und Arbeitszeiten;JAHR;Jahr;2017;DINSGF;Früheres Bundesgebiet / Neue Länder;DN;Neue Länder;WZ08C7;WZ2008 (ausgewählte Positionen): Tarifindex;WZ08-50;Schifffahrt;92,6;2020=100;VST072;Index d.tarifl. Stundenverdienste mit Sonderzahl.
62221;Vj. Index der Tarifverdienste und Arbeitszeiten;JAHR;Jahr;2017;DINSGF;Früheres Bundesgebiet / Neue Länder;DN;Neue Länder;WZ08C7;WZ2008 (ausgewählte Positionen): Tarifindex;WZ08-50;Schifffahrt;92,6;2020=100;VST073;Index d.tarifl. Monatsverdienste mit Sonderzahl.
62221;Vj. Index der Tarifverdienste und Arbeitszeiten;JAHR;Jahr;2017;DINSGF;Früheres Bundesgebiet / Neue Länder;DN;Neue Länder;WZ08C7;WZ2008 (ausgewählte Positionen): Tarifindex;WZ08-50;Schifffahrt;39,1;h;VST019;Durchschnittliche tarifliche Wochenarbeitszeit
62221;Vj. Index der Tarifverdienste und Arbeitszeiten;JAHR;Jahr;2017;DINSGF;Früheres Bundesgebiet / Neue Länder;DN;Neue Länder;WZ08C7;WZ2008 (ausgewählte Positionen): Tarifindex;WZ08-50;Schifffahrt;93,8;2020=100;VST066;Index d.tarifl. Monatsverdienste ohne Sonderzahl.
62221;Vj. Index der Tarifverdienste und Arbeitszeiten;JAHR;Jahr;2017;DINSGF;Früheres Bundesgebiet / Neue Länder;DN;Neue Länder;WZ08C7;WZ2008 (ausgewählte Positionen): Tarifindex;WZ08-50;Schifffahrt;100,0;2020=100;VST018;Index der tariflichen Wochenarbeitszeit
62221;Vj. Index der Tarifverdienste und Arbeitszeiten;JAHR;Jahr;2017;DINSGF;Früheres Bundesgebiet / Neue Länder;DN;Neue Länder;WZ08C7;WZ2008 (ausgewählte Positionen): Tarifindex;WZ08-50;Schifffahrt;93,8;2020=100;VST065;Index d.tarifl. Stundenverdienste ohne Sonderzahl.
62221;Vj. Index der Tarifverdienste und Arbeitszeiten;JAHR;Jahr;2018;DINSGF;Früheres Bundesgebiet / Neue Länder;DN;Neue Länder;WZ08C7;WZ2008 (ausgewählte Positionen): Tarifindex;WZ08-81;Gebäudebetreuung, Garten- und Landschaftsbau;94,0;2020=100;VST072;Index d.tarifl. Stundenverdienste mit Sonderzahl.
62221;Vj. Index der Tarifverdienste und Arbeitszeiten;JAHR;Jahr;2018;DINSGF;Früheres Bundesgebiet / Neue Länder;DN;Neue Länder;WZ08C7;WZ2008 (ausgewählte Positionen): Tarifindex;WZ08-81;Gebäudebetreuung, Garten- und Landschaftsbau;94,0;2020=100;VST073;Index d.tarifl. Monatsverdienste mit Sonderzahl.
62221;Vj. Index der Tarifverdienste und Arbeitszeiten;JAHR;Jahr;2018;DINSGF;Früheres Bundesgebiet / Neue Länder;DN;Neue Länder;WZ08C7;WZ2008 (ausgewählte Positionen): Tarifindex;WZ08-81;Gebäudebetreuung, Garten- und Landschaftsbau;39,0;h;VST019;Durchschnittliche tarifliche Wochenarbeitszeit
62221;Vj. Index der Tarifverdienste und Arbeitszeiten;JAHR;Jahr;2018;DINSGF;Früheres Bundesgebiet / Neue Länder;DN;Neue Länder;WZ08C7;WZ2008 (ausgewählte Positionen): Tarifindex;WZ08-81;Gebäudebetreuung, Garten- und Landschaftsbau;93,9;2020=100;VST066;Index d.tarifl. Monatsverdienste ohne Sonderzahl.
62221;Vj. Index der Tarifverdienste und Arbeitszeiten;JAHR;Jahr;2018;DINSGF;Früheres Bundesgebiet / Neue Länder;DN;Neue Länder;WZ08C7;WZ2008 (ausgewählte Positionen): Tarifindex;WZ08-81;Gebäudebetreuung, Garten- und Landschaftsbau;100,0;2020=100;VST018;Index der tariflichen Wochenarbeitszeit
62221;Vj. Index der Tarifverdienste und Arbeitszeiten;JAHR;Jahr;2018;DINSGF;Früheres Bundesgebiet / Neue Länder;DN;Neue Länder;WZ08C7;WZ2008 (ausgewählte Positionen): Tarifindex;WZ08-81;Gebäudebetreuung, Garten- und Landschaftsbau;93,9;2020=100;VST065;Index d.tarifl. Stundenverdienste ohne Sonderzahl.
62221;Vj. Index der Tarifverdienste und Arbeitszeiten;JAHR;Jahr;2022;DINSGF;Früheres Bundesgebiet / Neue Länder;DN;Neue Länder;WZ08C7;WZ2008 (ausgewählte Positionen): Tarifindex;WZ08-49;Landverkehr und Transport in Rohrfernleitungen;104,9;2020=100;VST072;Index d.tarifl. Stundenverdienste mit Sonderzahl.
62221;Vj. Index der Tarifverdienste und Arbeitszeiten;JAHR;Jahr;2022;DINSGF;Früheres Bundesgebiet / Neue Länder;DN;Neue Länder;WZ08C7;WZ2008 (ausgewählte Positionen): Tarifindex;WZ08-49;Landverkehr und Transport in Rohrfernleitungen;104,8;2020=100;VST073;Index d.tarifl. Monatsverdienste mit Sonderzahl.
62221;Vj. Index der Tarifverdienste und Arbeitszeiten;JAHR;Jahr;2022;DINSGF;Früheres Bundesgebiet / Neue Länder;DN;Neue Länder;WZ08C7;WZ2008 (ausgewählte Positionen): Tarifindex;WZ08-49;Landverkehr und Transport in Rohrfernleitungen;39,3;h;VST019;Durchschnittliche tarifliche Wochenarbeitszeit
62221;Vj. Index der Tarifverdienste und Arbeitszeiten;JAHR;Jahr;2022;DINSGF;Früheres Bundesgebiet / Neue Länder;DN;Neue Länder;WZ08C7;WZ2008 (ausgewählte Positionen): Tarifindex;WZ08-49;Landverkehr und Transport in Rohrfernleitungen;104,6;2020=100;VST066;Index d.tarifl. Monatsverdienste ohne Sonderzahl.
62221;Vj. Index der Tarifverdienste und Arbeitszeiten;JAHR;Jahr;2022;DINSGF;Früheres Bundesgebiet / Neue Länder;DN;Neue Länder;WZ08C7;WZ2008 (ausgewählte Positionen): Tarifindex;WZ08-49;Landverkehr und Transport in Rohrfernleitungen;99,9;2020=100;VST018;Index der tariflichen Wochenarbeitszeit
62221;Vj. Index der Tarifverdienste und Arbeitszeiten;JAHR;Jahr;2022;DINSGF;Früheres Bundesgebiet / Neue Länder;DN;Neue Länder;WZ08C7;WZ2008 (ausgewählte Positionen): Tarifindex;WZ08-49;Landverkehr und Transport in Rohrfernleitungen;104,7;2020=100;VST065;Index d.tarifl. Stundenverdienste ohne Sonderzahl.
62221;Vj. Index der Tarifverdienste und Arbeitszeiten;JAHR;Jahr;2018;DINSGF;Früheres Bundesgebiet / Neue Länder;DF;Früheres Bundesgebiet;WZ08C7;WZ2008 (ausgewählte Positionen): Tarifindex;WZ08-29-01;Fahrzeugbau;96,5;2020=100;VST072;Index d.tarifl. Stundenverdienste mit Sonderzahl.
62221;Vj. Index der Tarifverdienste und Arbeitszeiten;JAHR;Jahr;2018;DINSGF;Früheres Bundesgebiet / Neue Länder;DF;Früheres Bundesgebiet;WZ08C7;WZ2008 (ausgewählte Positionen): Tarifindex;WZ08-29-01;Fahrzeugbau;96,5;2020=100;VST073;Index d.tarifl. Monatsverdienste mit Sonderzahl.
62221;Vj. Index der Tarifverdienste und Arbeitszeiten;JAHR;Jahr;2018;DINSGF;Früheres Bundesgebiet / Neue Länder;DF;Früheres Bundesgebiet;WZ08C7;WZ2008 (ausgewählte Positionen): Tarifindex;WZ08-29-01;Fahrzeugbau;35,2;h;VST019;Durchschnittliche tarifliche Wochenarbeitszeit
62221;Vj. Index der Tarifverdienste und Arbeitszeiten;JAHR;Jahr;2018;DINSGF;Früheres Bundesgebiet / Neue Länder;DF;Früheres Bundesgebiet;WZ08C7;WZ2008 (ausgewählte Positionen): Tarifindex;WZ08-29-01;Fahrzeugbau;98,7;2020=100;VST066;Index d.tarifl. Monatsverdienste ohne Sonderzahl.
62221;Vj. Index der Tarifverdienste und Arbeitszeiten;JAHR;Jahr;2018;DINSGF;Früheres Bundesgebiet / Neue Länder;DF;Früheres Bundesgebiet;WZ08C7;WZ2008 (ausgewählte Positionen): Tarifindex;WZ08-29-01;Fahrzeugbau;100,0;2020=100;VST018;Index der tariflichen Wochenarbeitszeit
62221;Vj. Index der Tarifverdienste und Arbeitszeiten;JAHR;Jahr;2018;DINSGF;Früheres Bundesgebiet / Neue Länder;DF;Früheres Bundesgebiet;WZ08C7;WZ2008 (ausgewählte Positionen): Tarifindex;WZ08-29-01;Fahrzeugbau;98,7;2020=100;VST065;Index d.tarifl. Stundenverdienste ohne Sonderzahl.
62221;Vj. Index der Tarifverdienste und Arbeitszeiten;JAHR;Jahr;2024;DINSGF;Früheres Bundesgebiet / Neue Länder;DN;Neue Länder;WZ08C7;WZ2008 (ausgewählte Positionen): Tarifindex;WZ08-N;Sonstige wirtschaftliche Dienstleistungen;125,1;2020=100;VST072;Index d.tarifl. Stundenverdienste mit Sonderzahl.
62221;Vj. Index der Tarifverdienste und Arbeitszeiten;JAHR;Jahr;2024;DINSGF;Früheres Bundesgebiet / Neue Länder;DN;Neue Länder;WZ08C7;WZ2008 (ausgewählte Positionen): Tarifindex;WZ08-N;Sonstige wirtschaftliche Dienstleistungen;125,1;2020=100;VST073;Index d.tarifl. Monatsverdienste mit Sonderzahl.
62221;Vj. Index der Tarifverdienste und Arbeitszeiten;JAHR;Jahr;2024;DINSGF;Früheres Bundesgebiet / Neue Länder;DN;Neue Länder;WZ08C7;WZ2008 (ausgewählte Positionen): Tarifindex;WZ08-N;Sonstige wirtschaftliche Dienstleistungen;37,6;h;VST019;Durchschnittliche tarifliche Wochenarbeitszeit
62221;Vj. Index der Tarifverdienste und Arbeitszeiten;JAHR;Jahr;2024;DINSGF;Früheres Bundesgebiet / Neue Länder;DN;Neue Länder;WZ08C7;WZ2008 (ausgewählte Positionen): Tarifindex;WZ08-N;Sonstige wirtschaftliche Dienstleistungen;124,5;2020=100;VST066;Index d.tarifl. Monatsverdienste ohne Sonderzahl.
62221;Vj. Index der Tarifverdienste und Arbeitszeiten;JAHR;Jahr;2024;DINSGF;Früheres Bundesgebiet / Neue Länder;DN;Neue Länder;WZ08C7;WZ2008 (ausgewählte Positionen): Tarifindex;WZ08-N;Sonstige wirtschaftliche Dienstleistungen;100,0;2020=100;VST018;Index der tariflichen Wochenarbeitszeit
62221;Vj. Index der Tarifverdienste und Arbeitszeiten;JAHR;Jahr;2024;DINSGF;Früheres Bundesgebiet / Neue Länder;DN;Neue Länder;WZ08C7;WZ2008 (ausgewählte Positionen): Tarifindex;WZ08-N;Sonstige wirtschaftliche Dienstleistungen;124,5;2020=100;VST065;Index d.tarifl. Stundenverdienste ohne Sonderzahl.
62221;Vj. Index der Tarifverdienste und Arbeitszeiten;JAHR;Jahr;2023;DINSGF;Früheres Bundesgebiet / Neue Länder;DN;Neue Länder;WZ08C7;WZ2008 (ausgewählte Positionen): Tarifindex;WZ08-27;Herstellung von elektrischen Ausrüstungen;107,8;2020=100;VST072;Index d.tarifl. Stundenverdienste mit Sonderzahl.
62221;Vj. Index der Tarifverdienste und Arbeitszeiten;JAHR;Jahr;2023;DINSGF;Früheres Bundesgebiet / Neue Länder;DN;Neue Länder;WZ08C7;WZ2008 (ausgewählte Positionen): Tarifindex;WZ08-27;Herstellung von elektrischen Ausrüstungen;107,8;2020=100;VST073;Index d.tarifl. Monatsverdienste mit Sonderzahl.
62221;Vj. Index der Tarifverdienste und Arbeitszeiten;JAHR;Jahr;2023;DINSGF;Früheres Bundesgebiet / Neue Länder;DN;Neue Länder;WZ08C7;WZ2008 (ausgewählte Positionen): Tarifindex;WZ08-27;Herstellung von elektrischen Ausrüstungen;37,8;h;VST019;Durchschnittliche tarifliche Wochenarbeitszeit
62221;Vj. Index der Tarifverdienste und Arbeitszeiten;JAHR;Jahr;2023;DINSGF;Früheres Bundesgebiet / Neue Länder;DN;Neue Länder;WZ08C7;WZ2008 (ausgewählte Positionen): Tarifindex;WZ08-27;Herstellung von elektrischen Ausrüstungen;103,0;2020=100;VST066;Index d.tarifl. Monatsverdienste ohne Sonderzahl.
62221;Vj. Index der Tarifverdienste und Arbeitszeiten;JAHR;Jahr;2023;DINSGF;Früheres Bundesgebiet / Neue Länder;DN;Neue Länder;WZ08C7;WZ2008 (ausgewählte Positionen): Tarifindex;WZ08-27;Herstellung von elektrischen Ausrüstungen;100,0;2020=100;VST018;Index der tariflichen Wochenarbeitszeit
62221;Vj. Index der Tarifverdienste und Arbeitszeiten;JAHR;Jahr;2023;DINSGF;Früheres Bundesgebiet / Neue Länder;DN;Neue Länder;WZ08C7;WZ2008 (ausgewählte Positionen): Tarifindex;WZ08-27;Herstellung von elektrischen Ausrüstungen;103,0;2020=100;VST065;Index d.tarifl. Stundenverdienste ohne Sonderzahl.
62221;Vj. Index der Tarifverdienste und Arbeitszeiten;JAHR;Jahr;2024;DINSGF;Früheres Bundesgebiet / Neue Länder;DF;Früheres Bundesgebiet;WZ08C7;WZ2008 (ausgewählte Positionen): Tarifindex;WZ08-81;Gebäudebetreuung, Garten- und Landschaftsbau;120,7;2020=100;VST072;Index d.tarifl. Stundenverdienste mit Sonderzahl.
62221;Vj. Index der Tarifverdienste und Arbeitszeiten;JAHR;Jahr;2024;DINSGF;Früheres Bundesgebiet / Neue Länder;DF;Früheres Bundesgebiet;WZ08C7;WZ2008 (ausgewählte Positionen): Tarifindex;WZ08-81;Gebäudebetreuung, Garten- und Landschaftsbau;120,7;2020=100;VST073;Index d.tarifl. Monatsverdienste mit Sonderzahl.
62221;Vj. Index der Tarifverdienste und Arbeitszeiten;JAHR;Jahr;2024;DINSGF;Früheres Bundesgebiet / Neue Länder;DF;Früheres Bundesgebiet;WZ08C7;WZ2008 (ausgewählte Positionen): Tarifindex;WZ08-81;Gebäudebetreuung, Garten- und Landschaftsbau;39,0;h;VST019;Durchschnittliche tarifliche Wochenarbeitszeit
62221;Vj. Index der Tarifverdienste und Arbeitszeiten;JAHR;Jahr;2024;DINSGF;Früheres Bundesgebiet / Neue Länder;DF;Früheres Bundesgebiet;WZ08C7;WZ2008 (ausgewählte Positionen): Tarifindex;WZ08-81;Gebäudebetreuung, Garten- und Landschaftsbau;120,6;2020=100;VST066;Index d.tarifl. Monatsverdienste ohne Sonderzahl.
62221;Vj. Index der Tarifverdienste und Arbeitszeiten;JAHR;Jahr;2024;DINSGF;Früheres Bundesgebiet / Neue Länder;DF;Früheres Bundesgebiet;WZ08C7;WZ2008 (ausgewählte Positionen): Tarifindex;WZ08-81;Gebäudebetreuung, Garten- und Landschaftsbau;100,0;2020=100;VST018;Index der tariflichen Wochenarbeitszeit
62221;Vj. Index der Tarifverdienste und Arbeitszeiten;JAHR;Jahr;2024;DINSGF;Früheres Bundesgebiet / Neue Länder;DF;Früheres Bundesgebiet;WZ08C7;WZ2008 (ausgewählte Positionen): Tarifindex;WZ08-81;Gebäudebetreuung, Garten- und Landschaftsbau;120,6;2020=100;VST065;Index d.tarifl. Stundenverdienste ohne Sonderzahl.
62221;Vj. Index der Tarifverdienste und Arbeitszeiten;JAHR;Jahr;2020;DINSGF;Früheres Bundesgebiet / Neue Länder;DF;Früheres Bundesgebiet;WZ08C7;WZ2008 (ausgewählte Positionen): Tarifindex;WZ08-J;Information und Kommunikation;100,0;2020=100;VST072;Index d.tarifl. Stundenverdienste mit Sonderzahl.
62221;Vj. Index der Tarifverdienste und Arbeitszeiten;JAHR;Jahr;2020;DINSGF;Früheres Bundesgebiet / Neue Länder;DF;Früheres Bundesgebiet;WZ08C7;WZ2008 (ausgewählte Positionen): Tarifindex;WZ08-J;Information und Kommunikation;100,0;2020=100;VST073;Index d.tarifl. Monatsverdienste mit Sonderzahl.
62221;Vj. Index der Tarifverdienste und Arbeitszeiten;JAHR;Jahr;2020;DINSGF;Früheres Bundesgebiet / Neue Länder;DF;Früheres Bundesgebiet;WZ08C7;WZ2008 (ausgewählte Positionen): Tarifindex;WZ08-J;Information und Kommunikation;37,7;h;VST019;Durchschnittliche tarifliche Wochenarbeitszeit
62221;Vj. Index der Tarifverdienste und Arbeitszeiten;JAHR;Jahr;2020;DINSGF;Früheres Bundesgebiet / Neue Länder;DF;Früheres Bundesgebiet;WZ08C7;WZ2008 (ausgewählte Positionen): Tarifindex;WZ08-J;Information und Kommunikation;100,0;2020=100;VST066;Index d.tarifl. Monatsverdienste ohne Sonderzahl.
62221;Vj. Index der Tarifverdienste und Arbeitszeiten;JAHR;Jahr;2020;DINSGF;Früheres Bundesgebiet / Neue Länder;DF;Früheres Bundesgebiet;WZ08C7;WZ2008 (ausgewählte Positionen): Tarifindex;WZ08-J;Information und Kommunikation;100,0;2020=100;VST018;Index der tariflichen Wochenarbeitszeit
62221;Vj. Index der Tarifverdienste und Arbeitszeiten;JAHR;Jahr;2020;DINSGF;Früheres Bundesgebiet / Neue Länder;DF;Früheres Bundesgebiet;WZ08C7;WZ2008 (ausgewählte Positionen): Tarifindex;WZ08-J;Information und Kommunikation;100,0;2020=100;VST065;Index d.tarifl. Stundenverdienste ohne Sonderzahl.
62221;Vj. Index der Tarifverdienste und Arbeitszeiten;JAHR;Jahr;2025;DINSGF;Früheres Bundesgebiet / Neue Länder;DF;Früheres Bundesgebiet;WZ08C7;WZ2008 (ausgewählte Positionen): Tarifindex;WZ08-47;Einzelhandel (ohne Handel mit Kraftfahrzeugen);117,9;2020=100;VST072;Index d.tarifl. Stundenverdienste mit Sonderzahl.
62221;Vj. Index der Tarifverdienste und Arbeitszeiten;JAHR;Jahr;2025;DINSGF;Früheres Bundesgebiet / Neue Länder;DF;Früheres Bundesgebiet;WZ08C7;WZ2008 (ausgewählte Positionen): Tarifindex;WZ08-47;Einzelhandel (ohne Handel mit Kraftfahrzeugen);117,5;2020=100;VST073;Index d.tarifl. Monatsverdienste mit Sonderzahl.
62221;Vj. Index der Tarifverdienste und Arbeitszeiten;JAHR;Jahr;2025;DINSGF;Früheres Bundesgebiet / Neue Länder;DF;Früheres Bundesgebiet;WZ08C7;WZ2008 (ausgewählte Positionen): Tarifindex;WZ08-47;Einzelhandel (ohne Handel mit Kraftfahrzeugen);37,8;h;VST019;Durchschnittliche tarifliche Wochenarbeitszeit
62221;Vj. Index der Tarifverdienste und Arbeitszeiten;JAHR;Jahr;2025;DINSGF;Früheres Bundesgebiet / Neue Länder;DF;Früheres Bundesgebiet;WZ08C7;WZ2008 (ausgewählte Positionen): Tarifindex;WZ08-47;Einzelhandel (ohne Handel mit Kraftfahrzeugen);117,8;2020=100;VST066;Index d.tarifl. Monatsverdienste ohne Sonderzahl.
62221;Vj. Index der Tarifverdienste und Arbeitszeiten;JAHR;Jahr;2025;DINSGF;Früheres Bundesgebiet / Neue Länder;DF;Früheres Bundesgebiet;WZ08C7;WZ2008 (ausgewählte Positionen): Tarifindex;WZ08-47;Einzelhandel (ohne Handel mit Kraftfahrzeugen);99,8;2020=100;VST018;Index der tariflichen Wochenarbeitszeit
62221;Vj. Index der Tarifverdienste und Arbeitszeiten;JAHR;Jahr;2025;DINSGF;Früheres Bundesgebiet / Neue Länder;DF;Früheres Bundesgebiet;WZ08C7;WZ2008 (ausgewählte Positionen): Tarifindex;WZ08-47;Einzelhandel (ohne Handel mit Kraftfahrzeugen);118,0;2020=100;VST065;Index d.tarifl. Stundenverdienste ohne Sonderzahl.
62221;Vj. Index der Tarifverdienste und Arbeitszeiten;JAHR;Jahr;2020;DINSGF;Früheres Bundesgebiet / Neue Länder;DF;Früheres Bundesgebiet;WZ08C7;WZ2008 (ausgewählte Positionen): Tarifindex;WZ08-A-03;Gesamtwirtschaft;100,0;2020=100;VST072;Index d.tarifl. Stundenverdienste mit Sonderzahl.
62221;Vj. Index der Tarifverdienste und Arbeitszeiten;JAHR;Jahr;2020;DINSGF;Früheres Bundesgebiet / Neue Länder;DF;Früheres Bundesgebiet;WZ08C7;WZ2008 (ausgewählte Positionen): Tarifindex;WZ08-A-03;Gesamtwirtschaft;100,0;2020=100;VST073;Index d.tarifl. Monatsverdienste mit Sonderzahl.
62221;Vj. Index der Tarifverdienste und Arbeitszeiten;JAHR;Jahr;2020;DINSGF;Früheres Bundesgebiet / Neue Länder;DF;Früheres Bundesgebiet;WZ08C7;WZ2008 (ausgewählte Positionen): Tarifindex;WZ08-A-03;Gesamtwirtschaft;38,5;h;VST019;Durchschnittliche tarifliche Wochenarbeitszeit
62221;Vj. Index der Tarifverdienste und Arbeitszeiten;JAHR;Jahr;2020;DINSGF;Früheres Bundesgebiet / Neue Länder;DF;Früheres Bundesgebiet;WZ08C7;WZ2008 (ausgewählte Positionen): Tarifindex;WZ08-A-03;Gesamtwirtschaft;100,0;2020=100;VST066;Index d.tarifl. Monatsverdienste ohne Sonderzahl.
62221;Vj. Index der Tarifverdienste und Arbeitszeiten;JAHR;Jahr;2020;DINSGF;Früheres Bundesgebiet / Neue Länder;DF;Früheres Bundesgebiet;WZ08C7;WZ2008 (ausgewählte Positionen): Tarifindex;WZ08-A-03;Gesamtwirtschaft;100,0;2020=100;VST018;Index der tariflichen Wochenarbeitszeit
62221;Vj. Index der Tarifverdienste und Arbeitszeiten;JAHR;Jahr;2020;DINSGF;Früheres Bundesgebiet / Neue Länder;DF;Früheres Bundesgebiet;WZ08C7;WZ2008 (ausgewählte Positionen): Tarifindex;WZ08-A-03;Gesamtwirtschaft;100,0;2020=100;VST065;Index d.tarifl. Stundenverdienste ohne Sonderzahl.
62221;Vj. Index der Tarifverdienste und Arbeitszeiten;JAHR;Jahr;2022;DINSGF;Früheres Bundesgebiet / Neue Länder;DN;Neue Länder;WZ08C7;WZ2008 (ausgewählte Positionen): Tarifindex;WZ08-43;Vorb.Baustellenarbeiten, Bauinstall., sonst.Ausbau;105,4;2020=100;VST072;Index d.tarifl. Stundenverdienste mit Sonderzahl.
62221;Vj. Index der Tarifverdienste und Arbeitszeiten;JAHR;Jahr;2022;DINSGF;Früheres Bundesgebiet / Neue Länder;DN;Neue Länder;WZ08C7;WZ2008 (ausgewählte Positionen): Tarifindex;WZ08-43;Vorb.Baustellenarbeiten, Bauinstall., sonst.Ausbau;105,4;2020=100;VST073;Index d.tarifl. Monatsverdienste mit Sonderzahl.
62221;Vj. Index der Tarifverdienste und Arbeitszeiten;JAHR;Jahr;2022;DINSGF;Früheres Bundesgebiet / Neue Länder;DN;Neue Länder;WZ08C7;WZ2008 (ausgewählte Positionen): Tarifindex;WZ08-43;Vorb.Baustellenarbeiten, Bauinstall., sonst.Ausbau;39,5;h;VST019;Durchschnittliche tarifliche Wochenarbeitszeit
62221;Vj. Index der Tarifverdienste und Arbeitszeiten;JAHR;Jahr;2022;DINSGF;Früheres Bundesgebiet / Neue Länder;DN;Neue Länder;WZ08C7;WZ2008 (ausgewählte Positionen): Tarifindex;WZ08-43;Vorb.Baustellenarbeiten, Bauinstall., sonst.Ausbau;105,2;2020=100;VST066;Index d.tarifl. Monatsverdienste ohne Sonderzahl.
62221;Vj. Index der Tarifverdienste und Arbeitszeiten;JAHR;Jahr;2022;DINSGF;Früheres Bundesgebiet / Neue Länder;DN;Neue Länder;WZ08C7;WZ2008 (ausgewählte Positionen): Tarifindex;WZ08-43;Vorb.Baustellenarbeiten, Bauinstall., sonst.Ausbau;100,0;2020=100;VST018;Index der tariflichen Wochenarbeitszeit
62221;Vj. Index der Tarifverdienste und Arbeitszeiten;JAHR;Jahr;2022;DINSGF;Früheres Bundesgebiet / Neue Länder;DN;Neue Länder;WZ08C7;WZ2008 (ausgewählte Positionen): Tarifindex;WZ08-43;Vorb.Baustellenarbeiten, Bauinstall., sonst.Ausbau;105,3;2020=100;VST065;Index d.tarifl. Stundenverdienste ohne Sonderzahl.
62221;Vj. Index der Tarifverdienste und Arbeitszeiten;JAHR;Jahr;2020;DINSGF;Früheres Bundesgebiet / Neue Länder;DF;Früheres Bundesgebiet;WZ08C7;WZ2008 (ausgewählte Positionen): Tarifindex;WZ08-D;Energieversorgung;100,0;2020=100;VST072;Index d.tarifl. Stundenverdienste mit Sonderzahl.
62221;Vj. Index der Tarifverdienste und Arbeitszeiten;JAHR;Jahr;2020;DINSGF;Früheres Bundesgebiet / Neue Länder;DF;Früheres Bundesgebiet;WZ08C7;WZ2008 (ausgewählte Positionen): Tarifindex;WZ08-D;Energieversorgung;100,0;2020=100;VST073;Index d.tarifl. Monatsverdienste mit Sonderzahl.
62221;Vj. Index der Tarifverdienste und Arbeitszeiten;JAHR;Jahr;2020;DINSGF;Früheres Bundesgebiet / Neue Länder;DF;Früheres Bundesgebiet;WZ08C7;WZ2008 (ausgewählte Positionen): Tarifindex;WZ08-D;Energieversorgung;38,2;h;VST019;Durchschnittliche tarifliche Wochenarbeitszeit
62221;Vj. Index der Tarifverdienste und Arbeitszeiten;JAHR;Jahr;2020;DINSGF;Früheres Bundesgebiet / Neue Länder;DF;Früheres Bundesgebiet;WZ08C7;WZ2008 (ausgewählte Positionen): Tarifindex;WZ08-D;Energieversorgung;100,0;2020=100;VST066;Index d.tarifl. Monatsverdienste ohne Sonderzahl.
62221;Vj. Index der Tarifverdienste und Arbeitszeiten;JAHR;Jahr;2020;DINSGF;Früheres Bundesgebiet / Neue Länder;DF;Früheres Bundesgebiet;WZ08C7;WZ2008 (ausgewählte Positionen): Tarifindex;WZ08-D;Energieversorgung;100,0;2020=100;VST018;Index der tariflichen Wochenarbeitszeit
62221;Vj. Index der Tarifverdienste und Arbeitszeiten;JAHR;Jahr;2020;DINSGF;Früheres Bundesgebiet / Neue Länder;DF;Früheres Bundesgebiet;WZ08C7;WZ2008 (ausgewählte Positionen): Tarifindex;WZ08-D;Energieversorgung;100,0;2020=100;VST065;Index d.tarifl. Stundenverdienste ohne Sonderzahl.
62221;Vj. Index der Tarifverdienste und Arbeitszeiten;JAHR;Jahr;2023;DINSGF;Früheres Bundesgebiet / Neue Länder;DN;Neue Länder;WZ08C7;WZ2008 (ausgewählte Positionen): Tarifindex;WZ08-B-13;Prod. Gewerbe, Handel, Information u.Kommunikation;108,7;2020=100;VST072;Index d.tarifl. Stundenverdienste mit Sonderzahl.
62221;Vj. Index der Tarifverdienste und Arbeitszeiten;JAHR;Jahr;2023;DINSGF;Früheres Bundesgebiet / Neue Länder;DN;Neue Länder;WZ08C7;WZ2008 (ausgewählte Positionen): Tarifindex;WZ08-B-13;Prod. Gewerbe, Handel, Information u.Kommunikation;108,4;2020=100;VST073;Index d.tarifl. Monatsverdienste mit Sonderzahl.
62221;Vj. Index der Tarifverdienste und Arbeitszeiten;JAHR;Jahr;2023;DINSGF;Früheres Bundesgebiet / Neue Länder;DN;Neue Länder;WZ08C7;WZ2008 (ausgewählte Positionen): Tarifindex;WZ08-B-13;Prod. Gewerbe, Handel, Information u.Kommunikation;38,4;h;VST019;Durchschnittliche tarifliche Wochenarbeitszeit
62221;Vj. Index der Tarifverdienste und Arbeitszeiten;JAHR;Jahr;2023;DINSGF;Früheres Bundesgebiet / Neue Länder;DN;Neue Länder;WZ08C7;WZ2008 (ausgewählte Positionen): Tarifindex;WZ08-B-13;Prod. Gewerbe, Handel, Information u.Kommunikation;106,0;2020=100;VST066;Index d.tarifl. Monatsverdienste ohne Sonderzahl.
62221;Vj. Index der Tarifverdienste und Arbeitszeiten;JAHR;Jahr;2023;DINSGF;Früheres Bundesgebiet / Neue Länder;DN;Neue Länder;WZ08C7;WZ2008 (ausgewählte Positionen): Tarifindex;WZ08-B-13;Prod. Gewerbe, Handel, Information u.Kommunikation;99,8;2020=100;VST018;Index der tariflichen Wochenarbeitszeit
62221;Vj. Index der Tarifverdienste und Arbeitszeiten;JAHR;Jahr;2023;DINSGF;Früheres Bundesgebiet / Neue Länder;DN;Neue Länder;WZ08C7;WZ2008 (ausgewählte Positionen): Tarifindex;WZ08-B-13;Prod. Gewerbe, Handel, Information u.Kommunikation;106,3;2020=100;VST065;Index d.tarifl. Stundenverdienste ohne Sonderzahl.
62221;Vj. Index der Tarifverdienste und Arbeitszeiten;JAHR;Jahr;2024;DINSGF;Früheres Bundesgebiet / Neue Länder;DN;Neue Länder;WZ08C7;WZ2008 (ausgewählte Positionen): Tarifindex;WZ08-H;Verkehr und Lagerei;115,0;2020=100;VST072;Index d.tarifl. Stundenverdienste mit Sonderzahl.
62221;Vj. Index der Tarifverdienste und Arbeitszeiten;JAHR;Jahr;2024;DINSGF;Früheres Bundesgebiet / Neue Länder;DN;Neue Länder;WZ08C7;WZ2008 (ausgewählte Positionen): Tarifindex;WZ08-H;Verkehr und Lagerei;114,7;2020=100;VST073;Index d.tarifl. Monatsverdienste mit Sonderzahl.
62221;Vj. Index der Tarifverdienste und Arbeitszeiten;JAHR;Jahr;2024;DINSGF;Früheres Bundesgebiet / Neue Länder;DN;Neue Länder;WZ08C7;WZ2008 (ausgewählte Positionen): Tarifindex;WZ08-H;Verkehr und Lagerei;39,0;h;VST019;Durchschnittliche tarifliche Wochenarbeitszeit
62221;Vj. Index der Tarifverdienste und Arbeitszeiten;JAHR;Jahr;2024;DINSGF;Früheres Bundesgebiet / Neue Länder;DN;Neue Länder;WZ08C7;WZ2008 (ausgewählte Positionen): Tarifindex;WZ08-H;Verkehr und Lagerei;113,1;2020=100;VST066;Index d.tarifl. Monatsverdienste ohne Sonderzahl.
62221;Vj. Index der Tarifverdienste und Arbeitszeiten;JAHR;Jahr;2024;DINSGF;Früheres Bundesgebiet / Neue Länder;DN;Neue Länder;WZ08C7;WZ2008 (ausgewählte Positionen): Tarifindex;WZ08-H;Verkehr und Lagerei;99,7;2020=100;VST018;Index der tariflichen Wochenarbeitszeit
62221;Vj. Index der Tarifverdienste und Arbeitszeiten;JAHR;Jahr;2024;DINSGF;Früheres Bundesgebiet / Neue Länder;DN;Neue Länder;WZ08C7;WZ2008 (ausgewählte Positionen): Tarifindex;WZ08-H;Verkehr und Lagerei;113,5;2020=100;VST065;Index d.tarifl. Stundenverdienste ohne Sonderzahl.
62221;Vj. Index der Tarifverdienste und Arbeitszeiten;JAHR;Jahr;2025;DINSGF;Früheres Bundesgebiet / Neue Länder;DF;Früheres Bundesgebiet;WZ08C7;WZ2008 (ausgewählte Positionen): Tarifindex;WZ08-65;Versicherungen, Rückversicherungen, Pensionskassen;113,5;2020=100;VST072;Index d.tarifl. Stundenverdienste mit Sonderzahl.
62221;Vj. Index der Tarifverdienste und Arbeitszeiten;JAHR;Jahr;2025;DINSGF;Früheres Bundesgebiet / Neue Länder;DF;Früheres Bundesgebiet;WZ08C7;WZ2008 (ausgewählte Positionen): Tarifindex;WZ08-65;Versicherungen, Rückversicherungen, Pensionskassen;113,5;2020=100;VST073;Index d.tarifl. Monatsverdienste mit Sonderzahl.
62221;Vj. Index der Tarifverdienste und Arbeitszeiten;JAHR;Jahr;2025;DINSGF;Früheres Bundesgebiet / Neue Länder;DF;Früheres Bundesgebiet;WZ08C7;WZ2008 (ausgewählte Positionen): Tarifindex;WZ08-65;Versicherungen, Rückversicherungen, Pensionskassen;38,0;h;VST019;Durchschnittliche tarifliche Wochenarbeitszeit
62221;Vj. Index der Tarifverdienste und Arbeitszeiten;JAHR;Jahr;2025;DINSGF;Früheres Bundesgebiet / Neue Länder;DF;Früheres Bundesgebiet;WZ08C7;WZ2008 (ausgewählte Positionen): Tarifindex;WZ08-65;Versicherungen, Rückversicherungen, Pensionskassen;113,4;2020=100;VST066;Index d.tarifl. Monatsverdienste ohne Sonderzahl.
62221;Vj. Index der Tarifverdienste und Arbeitszeiten;JAHR;Jahr;2025;DINSGF;Früheres Bundesgebiet / Neue Länder;DF;Früheres Bundesgebiet;WZ08C7;WZ2008 (ausgewählte Positionen): Tarifindex;WZ08-65;Versicherungen, Rückversicherungen, Pensionskassen;100,0;2020=100;VST018;Index der tariflichen Wochenarbeitszeit
62221;Vj. Index der Tarifverdienste und Arbeitszeiten;JAHR;Jahr;2025;DINSGF;Früheres Bundesgebiet / Neue Länder;DF;Früheres Bundesgebiet;WZ08C7;WZ2008 (ausgewählte Positionen): Tarifindex;WZ08-65;Versicherungen, Rückversicherungen, Pensionskassen;113,4;2020=100;VST065;Index d.tarifl. Stundenverdienste ohne Sonderzahl.
62221;Vj. Index der Tarifverdienste und Arbeitszeiten;JAHR;Jahr;2025;DINSGF;Früheres Bundesgebiet / Neue Länder;DF;Früheres Bundesgebiet;WZ08C7;WZ2008 (ausgewählte Positionen): Tarifindex;WZ08-50;Schifffahrt;114,5;2020=100;VST072;Index d.tarifl. Stundenverdienste mit Sonderzahl.
62221;Vj. Index der Tarifverdienste und Arbeitszeiten;JAHR;Jahr;2025;DINSGF;Früheres Bundesgebiet / Neue Länder;DF;Früheres Bundesgebiet;WZ08C7;WZ2008 (ausgewählte Positionen): Tarifindex;WZ08-50;Schifffahrt;114,4;2020=100;VST073;Index d.tarifl. Monatsverdienste mit Sonderzahl.
62221;Vj. Index der Tarifverdienste und Arbeitszeiten;JAHR;Jahr;2025;DINSGF;Früheres Bundesgebiet / Neue Länder;DF;Früheres Bundesgebiet;WZ08C7;WZ2008 (ausgewählte Positionen): Tarifindex;WZ08-50;Schifffahrt;39,4;h;VST019;Durchschnittliche tarifliche Wochenarbeitszeit
62221;Vj. Index der Tarifverdienste und Arbeitszeiten;JAHR;Jahr;2025;DINSGF;Früheres Bundesgebiet / Neue Länder;DF;Früheres Bundesgebiet;WZ08C7;WZ2008 (ausgewählte Positionen): Tarifindex;WZ08-50;Schifffahrt;114,3;2020=100;VST066;Index d.tarifl. Monatsverdienste ohne Sonderzahl.
62221;Vj. Index der Tarifverdienste und Arbeitszeiten;JAHR;Jahr;2025;DINSGF;Früheres Bundesgebiet / Neue Länder;DF;Früheres Bundesgebiet;WZ08C7;WZ2008 (ausgewählte Positionen): Tarifindex;WZ08-50;Schifffahrt;99,9;2020=100;VST018;Index der tariflichen Wochenarbeitszeit
62221;Vj. Index der Tarifverdienste und Arbeitszeiten;JAHR;Jahr;2025;DINSGF;Früheres Bundesgebiet / Neue Länder;DF;Früheres Bundesgebiet;WZ08C7;WZ2008 (ausgewählte Positionen): Tarifindex;WZ08-50;Schifffahrt;114,4;2020=100;VST065;Index d.tarifl. Stundenverdienste ohne Sonderzahl.
62221;Vj. Index der Tarifverdienste und Arbeitszeiten;JAHR;Jahr;2023;DINSGF;Früheres Bundesgebiet / Neue Länder;DN;Neue Länder;WZ08C7;WZ2008 (ausgewählte Positionen): Tarifindex;WZ08-12;Tabakverarbeitung;110,2;2020=100;VST072;Index d.tarifl. Stundenverdienste mit Sonderzahl.
62221;Vj. Index der Tarifverdienste und Arbeitszeiten;JAHR;Jahr;2023;DINSGF;Früheres Bundesgebiet / Neue Länder;DN;Neue Länder;WZ08C7;WZ2008 (ausgewählte Positionen): Tarifindex;WZ08-12;Tabakverarbeitung;110,2;2020=100;VST073;Index d.tarifl. Monatsverdienste mit Sonderzahl.
62221;Vj. Index der Tarifverdienste und Arbeitszeiten;JAHR;Jahr;2023;DINSGF;Früheres Bundesgebiet / Neue Länder;DN;Neue Länder;WZ08C7;WZ2008 (ausgewählte Positionen): Tarifindex;WZ08-12;Tabakverarbeitung;38,2;h;VST019;Durchschnittliche tarifliche Wochenarbeitszeit
62221;Vj. Index der Tarifverdienste und Arbeitszeiten;JAHR;Jahr;2023;DINSGF;Früheres Bundesgebiet / Neue Länder;DN;Neue Länder;WZ08C7;WZ2008 (ausgewählte Positionen): Tarifindex;WZ08-12;Tabakverarbeitung;110,4;2020=100;VST066;Index d.tarifl. Monatsverdienste ohne Sonderzahl.
62221;Vj. Index der Tarifverdienste und Arbeitszeiten;JAHR;Jahr;2023;DINSGF;Früheres Bundesgebiet / Neue Länder;DN;Neue Länder;WZ08C7;WZ2008 (ausgewählte Positionen): Tarifindex;WZ08-12;Tabakverarbeitung;100,0;2020=100;VST018;Index der tariflichen Wochenarbeitszeit
62221;Vj. Index der Tarifverdienste und Arbeitszeiten;JAHR;Jahr;2023;DINSGF;Früheres Bundesgebiet / Neue Länder;DN;Neue Länder;WZ08C7;WZ2008 (ausgewählte Positionen): Tarifindex;WZ08-12;Tabakverarbeitung;110,4;2020=100;VST065;Index d.tarifl. Stundenverdienste ohne Sonderzahl.
62221;Vj. Index der Tarifverdienste und Arbeitszeiten;JAHR;Jahr;2023;DINSGF;Früheres Bundesgebiet / Neue Länder;DN;Neue Länder;WZ08C7;WZ2008 (ausgewählte Positionen): Tarifindex;WZ08-18;H.v. Druckerz., Vervielf.v.Ton-,Bild-,Datenträgern;105,4;2020=100;VST072;Index d.tarifl. Stundenverdienste mit Sonderzahl.
62221;Vj. Index der Tarifverdienste und Arbeitszeiten;JAHR;Jahr;2023;DINSGF;Früheres Bundesgebiet / Neue Länder;DN;Neue Länder;WZ08C7;WZ2008 (ausgewählte Positionen): Tarifindex;WZ08-18;H.v. Druckerz., Vervielf.v.Ton-,Bild-,Datenträgern;105,4;2020=100;VST073;Index d.tarifl. Monatsverdienste mit Sonderzahl.
62221;Vj. Index der Tarifverdienste und Arbeitszeiten;JAHR;Jahr;2023;DINSGF;Früheres Bundesgebiet / Neue Länder;DN;Neue Länder;WZ08C7;WZ2008 (ausgewählte Positionen): Tarifindex;WZ08-18;H.v. Druckerz., Vervielf.v.Ton-,Bild-,Datenträgern;36,2;h;VST019;Durchschnittliche tarifliche Wochenarbeitszeit
62221;Vj. Index der Tarifverdienste und Arbeitszeiten;JAHR;Jahr;2023;DINSGF;Früheres Bundesgebiet / Neue Länder;DN;Neue Länder;WZ08C7;WZ2008 (ausgewählte Positionen): Tarifindex;WZ08-18;H.v. Druckerz., Vervielf.v.Ton-,Bild-,Datenträgern;105,5;2020=100;VST066;Index d.tarifl. Monatsverdienste ohne Sonderzahl.
62221;Vj. Index der Tarifverdienste und Arbeitszeiten;JAHR;Jahr;2023;DINSGF;Früheres Bundesgebiet / Neue Länder;DN;Neue Länder;WZ08C7;WZ2008 (ausgewählte Positionen): Tarifindex;WZ08-18;H.v. Druckerz., Vervielf.v.Ton-,Bild-,Datenträgern;100,0;2020=100;VST018;Index der tariflichen Wochenarbeitszeit
62221;Vj. Index der Tarifverdienste und Arbeitszeiten;JAHR;Jahr;2023;DINSGF;Früheres Bundesgebiet / Neue Länder;DN;Neue Länder;WZ08C7;WZ2008 (ausgewählte Positionen): Tarifindex;WZ08-18;H.v. Druckerz., Vervielf.v.Ton-,Bild-,Datenträgern;105,5;2020=100;VST065;Index d.tarifl. Stundenverdienste ohne Sonderzahl.
62221;Vj. Index der Tarifverdienste und Arbeitszeiten;JAHR;Jahr;2024;DINSGF;Früheres Bundesgebiet / Neue Länder;DN;Neue Länder;WZ08C7;WZ2008 (ausgewählte Positionen): Tarifindex;WZ08-B;Bergbau und Gewinnung von Steinen und Erden;114,6;2020=100;VST072;Index d.tarifl. Stundenverdienste mit Sonderzahl.
62221;Vj. Index der Tarifverdienste und Arbeitszeiten;JAHR;Jahr;2024;DINSGF;Früheres Bundesgebiet / Neue Länder;DN;Neue Länder;WZ08C7;WZ2008 (ausgewählte Positionen): Tarifindex;WZ08-B;Bergbau und Gewinnung von Steinen und Erden;114,6;2020=100;VST073;Index d.tarifl. Monatsverdienste mit Sonderzahl.
62221;Vj. Index der Tarifverdienste und Arbeitszeiten;JAHR;Jahr;2024;DINSGF;Früheres Bundesgebiet / Neue Länder;DN;Neue Länder;WZ08C7;WZ2008 (ausgewählte Positionen): Tarifindex;WZ08-B;Bergbau und Gewinnung von Steinen und Erden;37,9;h;VST019;Durchschnittliche tarifliche Wochenarbeitszeit
62221;Vj. Index der Tarifverdienste und Arbeitszeiten;JAHR;Jahr;2024;DINSGF;Früheres Bundesgebiet / Neue Länder;DN;Neue Länder;WZ08C7;WZ2008 (ausgewählte Positionen): Tarifindex;WZ08-B;Bergbau und Gewinnung von Steinen und Erden;113,8;2020=100;VST066;Index d.tarifl. Monatsverdienste ohne Sonderzahl.
62221;Vj. Index der Tarifverdienste und Arbeitszeiten;JAHR;Jahr;2024;DINSGF;Früheres Bundesgebiet / Neue Länder;DN;Neue Länder;WZ08C7;WZ2008 (ausgewählte Positionen): Tarifindex;WZ08-B;Bergbau und Gewinnung von Steinen und Erden;100,0;2020=100;VST018;Index der tariflichen Wochenarbeitszeit
62221;Vj. Index der Tarifverdienste und Arbeitszeiten;JAHR;Jahr;2024;DINSGF;Früheres Bundesgebiet / Neue Länder;DN;Neue Länder;WZ08C7;WZ2008 (ausgewählte Positionen): Tarifindex;WZ08-B;Bergbau und Gewinnung von Steinen und Erden;113,8;2020=100;VST065;Index d.tarifl. Stundenverdienste ohne Sonderzahl.
62221;Vj. Index der Tarifverdienste und Arbeitszeiten;JAHR;Jahr;2025;DINSGF;Früheres Bundesgebiet / Neue Länder;DF;Früheres Bundesgebiet;WZ08C7;WZ2008 (ausgewählte Positionen): Tarifindex;WZ08-75;Veterinärwesen;118,1;2020=100;VST072;Index d.tarifl. Stundenverdienste mit Sonderzahl.
62221;Vj. Index der Tarifverdienste und Arbeitszeiten;JAHR;Jahr;2025;DINSGF;Früheres Bundesgebiet / Neue Länder;DF;Früheres Bundesgebiet;WZ08C7;WZ2008 (ausgewählte Positionen): Tarifindex;WZ08-75;Veterinärwesen;118,1;2020=100;VST073;Index d.tarifl. Monatsverdienste mit Sonderzahl.
62221;Vj. Index der Tarifverdienste und Arbeitszeiten;JAHR;Jahr;2025;DINSGF;Früheres Bundesgebiet / Neue Länder;DF;Früheres Bundesgebiet;WZ08C7;WZ2008 (ausgewählte Positionen): Tarifindex;WZ08-75;Veterinärwesen;39,9;h;VST019;Durchschnittliche tarifliche Wochenarbeitszeit
62221;Vj. Index der Tarifverdienste und Arbeitszeiten;JAHR;Jahr;2025;DINSGF;Früheres Bundesgebiet / Neue Länder;DF;Früheres Bundesgebiet;WZ08C7;WZ2008 (ausgewählte Positionen): Tarifindex;WZ08-75;Veterinärwesen;118,0;2020=100;VST066;Index d.tarifl. Monatsverdienste ohne Sonderzahl.
62221;Vj. Index der Tarifverdienste und Arbeitszeiten;JAHR;Jahr;2025;DINSGF;Früheres Bundesgebiet / Neue Länder;DF;Früheres Bundesgebiet;WZ08C7;WZ2008 (ausgewählte Positionen): Tarifindex;WZ08-75;Veterinärwesen;100,0;2020=100;VST018;Index der tariflichen Wochenarbeitszeit
62221;Vj. Index der Tarifverdienste und Arbeitszeiten;JAHR;Jahr;2025;DINSGF;Früheres Bundesgebiet / Neue Länder;DF;Früheres Bundesgebiet;WZ08C7;WZ2008 (ausgewählte Positionen): Tarifindex;WZ08-75;Veterinärwesen;118,0;2020=100;VST065;Index d.tarifl. Stundenverdienste ohne Sonderzahl.
62221;Vj. Index der Tarifverdienste und Arbeitszeiten;JAHR;Jahr;2022;DINSGF;Früheres Bundesgebiet / Neue Länder;DF;Früheres Bundesgebiet;WZ08C7;WZ2008 (ausgewählte Positionen): Tarifindex;WZ08-D-05;Energie- und Wasserversorgung, Entsorgung u.a.;103,2;2020=100;VST072;Index d.tarifl. Stundenverdienste mit Sonderzahl.
62221;Vj. Index der Tarifverdienste und Arbeitszeiten;JAHR;Jahr;2022;DINSGF;Früheres Bundesgebiet / Neue Länder;DF;Früheres Bundesgebiet;WZ08C7;WZ2008 (ausgewählte Positionen): Tarifindex;WZ08-D-05;Energie- und Wasserversorgung, Entsorgung u.a.;103,2;2020=100;VST073;Index d.tarifl. Monatsverdienste mit Sonderzahl.
62221;Vj. Index der Tarifverdienste und Arbeitszeiten;JAHR;Jahr;2022;DINSGF;Früheres Bundesgebiet / Neue Länder;DF;Früheres Bundesgebiet;WZ08C7;WZ2008 (ausgewählte Positionen): Tarifindex;WZ08-D-05;Energie- und Wasserversorgung, Entsorgung u.a.;38,5;h;VST019;Durchschnittliche tarifliche Wochenarbeitszeit
62221;Vj. Index der Tarifverdienste und Arbeitszeiten;JAHR;Jahr;2022;DINSGF;Früheres Bundesgebiet / Neue Länder;DF;Früheres Bundesgebiet;WZ08C7;WZ2008 (ausgewählte Positionen): Tarifindex;WZ08-D-05;Energie- und Wasserversorgung, Entsorgung u.a.;103,3;2020=100;VST066;Index d.tarifl. Monatsverdienste ohne Sonderzahl.
62221;Vj. Index der Tarifverdienste und Arbeitszeiten;JAHR;Jahr;2022;DINSGF;Früheres Bundesgebiet / Neue Länder;DF;Früheres Bundesgebiet;WZ08C7;WZ2008 (ausgewählte Positionen): Tarifindex;WZ08-D-05;Energie- und Wasserversorgung, Entsorgung u.a.;100,0;2020=100;VST018;Index der tariflichen Wochenarbeitszeit
62221;Vj. Index der Tarifverdienste und Arbeitszeiten;JAHR;Jahr;2022;DINSGF;Früheres Bundesgebiet / Neue Länder;DF;Früheres Bundesgebiet;WZ08C7;WZ2008 (ausgewählte Positionen): Tarifindex;WZ08-D-05;Energie- und Wasserversorgung, Entsorgung u.a.;103,3;2020=100;VST065;Index d.tarifl. Stundenverdienste ohne Sonderzahl.
62221;Vj. Index der Tarifverdienste und Arbeitszeiten;JAHR;Jahr;2020;DINSGF;Früheres Bundesgebiet / Neue Länder;DF;Früheres Bundesgebiet;WZ08C7;WZ2008 (ausgewählte Positionen): Tarifindex;WZ08-20-01;Chemische Industrie;100,0;2020=100;VST072;Index d.tarifl. Stundenverdienste mit Sonderzahl.
62221;Vj. Index der Tarifverdienste und Arbeitszeiten;JAHR;Jahr;2020;DINSGF;Früheres Bundesgebiet / Neue Länder;DF;Früheres Bundesgebiet;WZ08C7;WZ2008 (ausgewählte Positionen): Tarifindex;WZ08-20-01;Chemische Industrie;100,0;2020=100;VST073;Index d.tarifl. Monatsverdienste mit Sonderzahl.
62221;Vj. Index der Tarifverdienste und Arbeitszeiten;JAHR;Jahr;2020;DINSGF;Früheres Bundesgebiet / Neue Länder;DF;Früheres Bundesgebiet;WZ08C7;WZ2008 (ausgewählte Positionen): Tarifindex;WZ08-20-01;Chemische Industrie;37,5;h;VST019;Durchschnittliche tarifliche Wochenarbeitszeit
62221;Vj. Index der Tarifverdienste und Arbeitszeiten;JAHR;Jahr;2020;DINSGF;Früheres Bundesgebiet / Neue Länder;DF;Früheres Bundesgebiet;WZ08C7;WZ2008 (ausgewählte Positionen): Tarifindex;WZ08-20-01;Chemische Industrie;100,0;2020=100;VST066;Index d.tarifl. Monatsverdienste ohne Sonderzahl.
62221;Vj. Index der Tarifverdienste und Arbeitszeiten;JAHR;Jahr;2020;DINSGF;Früheres Bundesgebiet / Neue Länder;DF;Früheres Bundesgebiet;WZ08C7;WZ2008 (ausgewählte Positionen): Tarifindex;WZ08-20-01;Chemische Industrie;100,0;2020=100;VST018;Index der tariflichen Wochenarbeitszeit
62221;Vj. Index der Tarifverdienste und Arbeitszeiten;JAHR;Jahr;2020;DINSGF;Früheres Bundesgebiet / Neue Länder;DF;Früheres Bundesgebiet;WZ08C7;WZ2008 (ausgewählte Positionen): Tarifindex;WZ08-20-01;Chemische Industrie;100,0;2020=100;VST065;Index d.tarifl. Stundenverdienste ohne Sonderzahl.
62221;Vj. Index der Tarifverdienste und Arbeitszeiten;JAHR;Jahr;2018;DINSGF;Früheres Bundesgebiet / Neue Länder;DF;Früheres Bundesgebiet;WZ08C7;WZ2008 (ausgewählte Positionen): Tarifindex;WZ08-D-06;Energie- und Wasserversorgung;95,3;2020=100;VST072;Index d.tarifl. Stundenverdienste mit Sonderzahl.
62221;Vj. Index der Tarifverdienste und Arbeitszeiten;JAHR;Jahr;2018;DINSGF;Früheres Bundesgebiet / Neue Länder;DF;Früheres Bundesgebiet;WZ08C7;WZ2008 (ausgewählte Positionen): Tarifindex;WZ08-D-06;Energie- und Wasserversorgung;95,3;2020=100;VST073;Index d.tarifl. Monatsverdienste mit Sonderzahl.
62221;Vj. Index der Tarifverdienste und Arbeitszeiten;JAHR;Jahr;2018;DINSGF;Früheres Bundesgebiet / Neue Länder;DF;Früheres Bundesgebiet;WZ08C7;WZ2008 (ausgewählte Positionen): Tarifindex;WZ08-D-06;Energie- und Wasserversorgung;38,5;h;VST019;Durchschnittliche tarifliche Wochenarbeitszeit
62221;Vj. Index der Tarifverdienste und Arbeitszeiten;JAHR;Jahr;2018;DINSGF;Früheres Bundesgebiet / Neue Länder;DF;Früheres Bundesgebiet;WZ08C7;WZ2008 (ausgewählte Positionen): Tarifindex;WZ08-D-06;Energie- und Wasserversorgung;94,6;2020=100;VST066;Index d.tarifl. Monatsverdienste ohne Sonderzahl.
62221;Vj. Index der Tarifverdienste und Arbeitszeiten;JAHR;Jahr;2018;DINSGF;Früheres Bundesgebiet / Neue Länder;DF;Früheres Bundesgebiet;WZ08C7;WZ2008 (ausgewählte Positionen): Tarifindex;WZ08-D-06;Energie- und Wasserversorgung;100,0;2020=100;VST018;Index der tariflichen Wochenarbeitszeit
62221;Vj. Index der Tarifverdienste und Arbeitszeiten;JAHR;Jahr;2018;DINSGF;Früheres Bundesgebiet / Neue Länder;DF;Früheres Bundesgebiet;WZ08C7;WZ2008 (ausgewählte Positionen): Tarifindex;WZ08-D-06;Energie- und Wasserversorgung;94,6;2020=100;VST065;Index d.tarifl. Stundenverdienste ohne Sonderzahl.
62221;Vj. Index der Tarifverdienste und Arbeitszeiten;JAHR;Jahr;2025;DINSGF;Früheres Bundesgebiet / Neue Länder;DN;Neue Länder;WZ08C7;WZ2008 (ausgewählte Positionen): Tarifindex;WZ08-P;Erziehung und Unterricht;113,9;2020=100;VST072;Index d.tarifl. Stundenverdienste mit Sonderzahl.
62221;Vj. Index der Tarifverdienste und Arbeitszeiten;JAHR;Jahr;2025;DINSGF;Früheres Bundesgebiet / Neue Länder;DN;Neue Länder;WZ08C7;WZ2008 (ausgewählte Positionen): Tarifindex;WZ08-P;Erziehung und Unterricht;113,9;2020=100;VST073;Index d.tarifl. Monatsverdienste mit Sonderzahl.
62221;Vj. Index der Tarifverdienste und Arbeitszeiten;JAHR;Jahr;2025;DINSGF;Früheres Bundesgebiet / Neue Länder;DN;Neue Länder;WZ08C7;WZ2008 (ausgewählte Positionen): Tarifindex;WZ08-P;Erziehung und Unterricht;39,7;h;VST019;Durchschnittliche tarifliche Wochenarbeitszeit
62221;Vj. Index der Tarifverdienste und Arbeitszeiten;JAHR;Jahr;2025;DINSGF;Früheres Bundesgebiet / Neue Länder;DN;Neue Länder;WZ08C7;WZ2008 (ausgewählte Positionen): Tarifindex;WZ08-P;Erziehung und Unterricht;114,1;2020=100;VST066;Index d.tarifl. Monatsverdienste ohne Sonderzahl.
62221;Vj. Index der Tarifverdienste und Arbeitszeiten;JAHR;Jahr;2025;DINSGF;Früheres Bundesgebiet / Neue Länder;DN;Neue Länder;WZ08C7;WZ2008 (ausgewählte Positionen): Tarifindex;WZ08-P;Erziehung und Unterricht;100,0;2020=100;VST018;Index der tariflichen Wochenarbeitszeit
62221;Vj. Index der Tarifverdienste und Arbeitszeiten;JAHR;Jahr;2025;DINSGF;Früheres Bundesgebiet / Neue Länder;DN;Neue Länder;WZ08C7;WZ2008 (ausgewählte Positionen): Tarifindex;WZ08-P;Erziehung und Unterricht;114,1;2020=100;VST065;Index d.tarifl. Stundenverdienste ohne Sonderzahl.
62221;Vj. Index der Tarifverdienste und Arbeitszeiten;JAHR;Jahr;2019;DINSGF;Früheres Bundesgebiet / Neue Länder;DF;Früheres Bundesgebiet;WZ08C7;WZ2008 (ausgewählte Positionen): Tarifindex;WZ08-11;Getränkeherstellung;97,7;2020=100;VST072;Index d.tarifl. Stundenverdienste mit Sonderzahl.
62221;Vj. Index der Tarifverdienste und Arbeitszeiten;JAHR;Jahr;2019;DINSGF;Früheres Bundesgebiet / Neue Länder;DF;Früheres Bundesgebiet;WZ08C7;WZ2008 (ausgewählte Positionen): Tarifindex;WZ08-11;Getränkeherstellung;97,7;2020=100;VST073;Index d.tarifl. Monatsverdienste mit Sonderzahl.
62221;Vj. Index der Tarifverdienste und Arbeitszeiten;JAHR;Jahr;2019;DINSGF;Früheres Bundesgebiet / Neue Länder;DF;Früheres Bundesgebiet;WZ08C7;WZ2008 (ausgewählte Positionen): Tarifindex;WZ08-11;Getränkeherstellung;38,3;h;VST019;Durchschnittliche tarifliche Wochenarbeitszeit
62221;Vj. Index der Tarifverdienste und Arbeitszeiten;JAHR;Jahr;2019;DINSGF;Früheres Bundesgebiet / Neue Länder;DF;Früheres Bundesgebiet;WZ08C7;WZ2008 (ausgewählte Positionen): Tarifindex;WZ08-11;Getränkeherstellung;97,3;2020=100;VST066;Index d.tarifl. Monatsverdienste ohne Sonderzahl.
62221;Vj. Index der Tarifverdienste und Arbeitszeiten;JAHR;Jahr;2019;DINSGF;Früheres Bundesgebiet / Neue Länder;DF;Früheres Bundesgebiet;WZ08C7;WZ2008 (ausgewählte Positionen): Tarifindex;WZ08-11;Getränkeherstellung;100,0;2020=100;VST018;Index der tariflichen Wochenarbeitszeit
62221;Vj. Index der Tarifverdienste und Arbeitszeiten;JAHR;Jahr;2019;DINSGF;Früheres Bundesgebiet / Neue Länder;DF;Früheres Bundesgebiet;WZ08C7;WZ2008 (ausgewählte Positionen): Tarifindex;WZ08-11;Getränkeherstellung;97,3;2020=100;VST065;Index d.tarifl. Stundenverdienste ohne Sonderzahl.
62221;Vj. Index der Tarifverdienste und Arbeitszeiten;JAHR;Jahr;2024;DINSGF;Früheres Bundesgebiet / Neue Länder;DF;Früheres Bundesgebiet;WZ08C7;WZ2008 (ausgewählte Positionen): Tarifindex;WZ08-87;Heime (ohne Erholungs- und Ferienheime);115,4;2020=100;VST072;Index d.tarifl. Stundenverdienste mit Sonderzahl.
62221;Vj. Index der Tarifverdienste und Arbeitszeiten;JAHR;Jahr;2024;DINSGF;Früheres Bundesgebiet / Neue Länder;DF;Früheres Bundesgebiet;WZ08C7;WZ2008 (ausgewählte Positionen): Tarifindex;WZ08-87;Heime (ohne Erholungs- und Ferienheime);115,5;2020=100;VST073;Index d.tarifl. Monatsverdienste mit Sonderzahl.
62221;Vj. Index der Tarifverdienste und Arbeitszeiten;JAHR;Jahr;2024;DINSGF;Früheres Bundesgebiet / Neue Länder;DF;Früheres Bundesgebiet;WZ08C7;WZ2008 (ausgewählte Positionen): Tarifindex;WZ08-87;Heime (ohne Erholungs- und Ferienheime);39,0;h;VST019;Durchschnittliche tarifliche Wochenarbeitszeit
62221;Vj. Index der Tarifverdienste und Arbeitszeiten;JAHR;Jahr;2024;DINSGF;Früheres Bundesgebiet / Neue Länder;DF;Früheres Bundesgebiet;WZ08C7;WZ2008 (ausgewählte Positionen): Tarifindex;WZ08-87;Heime (ohne Erholungs- und Ferienheime);113,3;2020=100;VST066;Index d.tarifl. Monatsverdienste ohne Sonderzahl.
62221;Vj. Index der Tarifverdienste und Arbeitszeiten;JAHR;Jahr;2024;DINSGF;Früheres Bundesgebiet / Neue Länder;DF;Früheres Bundesgebiet;WZ08C7;WZ2008 (ausgewählte Positionen): Tarifindex;WZ08-87;Heime (ohne Erholungs- und Ferienheime);100,0;2020=100;VST018;Index der tariflichen Wochenarbeitszeit
62221;Vj. Index der Tarifverdienste und Arbeitszeiten;JAHR;Jahr;2024;DINSGF;Früheres Bundesgebiet / Neue Länder;DF;Früheres Bundesgebiet;WZ08C7;WZ2008 (ausgewählte Positionen): Tarifindex;WZ08-87;Heime (ohne Erholungs- und Ferienheime);113,3;2020=100;VST065;Index d.tarifl. Stundenverdienste ohne Sonderzahl.
62221;Vj. Index der Tarifverdienste und Arbeitszeiten;JAHR;Jahr;2019;DINSGF;Früheres Bundesgebiet / Neue Länder;DF;Früheres Bundesgebiet;WZ08C7;WZ2008 (ausgewählte Positionen): Tarifindex;WZ08-I;Gastgewerbe;98,7;2020=100;VST072;Index d.tarifl. Stundenverdienste mit Sonderzahl.
62221;Vj. Index der Tarifverdienste und Arbeitszeiten;JAHR;Jahr;2019;DINSGF;Früheres Bundesgebiet / Neue Länder;DF;Früheres Bundesgebiet;WZ08C7;WZ2008 (ausgewählte Positionen): Tarifindex;WZ08-I;Gastgewerbe;98,7;2020=100;VST073;Index d.tarifl. Monatsverdienste mit Sonderzahl.
62221;Vj. Index der Tarifverdienste und Arbeitszeiten;JAHR;Jahr;2019;DINSGF;Früheres Bundesgebiet / Neue Länder;DF;Früheres Bundesgebiet;WZ08C7;WZ2008 (ausgewählte Positionen): Tarifindex;WZ08-I;Gastgewerbe;39,0;h;VST019;Durchschnittliche tarifliche Wochenarbeitszeit
62221;Vj. Index der Tarifverdienste und Arbeitszeiten;JAHR;Jahr;2019;DINSGF;Früheres Bundesgebiet / Neue Länder;DF;Früheres Bundesgebiet;WZ08C7;WZ2008 (ausgewählte Positionen): Tarifindex;WZ08-I;Gastgewerbe;98,4;2020=100;VST066;Index d.tarifl. Monatsverdienste ohne Sonderzahl.
62221;Vj. Index der Tarifverdienste und Arbeitszeiten;JAHR;Jahr;2019;DINSGF;Früheres Bundesgebiet / Neue Länder;DF;Früheres Bundesgebiet;WZ08C7;WZ2008 (ausgewählte Positionen): Tarifindex;WZ08-I;Gastgewerbe;100,0;2020=100;VST018;Index der tariflichen Wochenarbeitszeit
62221;Vj. Index der Tarifverdienste und Arbeitszeiten;JAHR;Jahr;2019;DINSGF;Früheres Bundesgebiet / Neue Länder;DF;Früheres Bundesgebiet;WZ08C7;WZ2008 (ausgewählte Positionen): Tarifindex;WZ08-I;Gastgewerbe;98,4;2020=100;VST065;Index d.tarifl. Stundenverdienste ohne Sonderzahl.
62221;Vj. Index der Tarifverdienste und Arbeitszeiten;JAHR;Jahr;2016;DINSGF;Früheres Bundesgebiet / Neue Länder;DF;Früheres Bundesgebiet;WZ08C7;WZ2008 (ausgewählte Positionen): Tarifindex;WZ08-B-13;Prod. Gewerbe, Handel, Information u.Kommunikation;90,6;2020=100;VST072;Index d.tarifl. Stundenverdienste mit Sonderzahl.
62221;Vj. Index der Tarifverdienste und Arbeitszeiten;JAHR;Jahr;2016;DINSGF;Früheres Bundesgebiet / Neue Länder;DF;Früheres Bundesgebiet;WZ08C7;WZ2008 (ausgewählte Positionen): Tarifindex;WZ08-B-13;Prod. Gewerbe, Handel, Information u.Kommunikation;90,7;2020=100;VST073;Index d.tarifl. Monatsverdienste mit Sonderzahl.
62221;Vj. Index der Tarifverdienste und Arbeitszeiten;JAHR;Jahr;2016;DINSGF;Früheres Bundesgebiet / Neue Länder;DF;Früheres Bundesgebiet;WZ08C7;WZ2008 (ausgewählte Positionen): Tarifindex;WZ08-B-13;Prod. Gewerbe, Handel, Information u.Kommunikation;36,9;h;VST019;Durchschnittliche tarifliche Wochenarbeitszeit
62221;Vj. Index der Tarifverdienste und Arbeitszeiten;JAHR;Jahr;2016;DINSGF;Früheres Bundesgebiet / Neue Länder;DF;Früheres Bundesgebiet;WZ08C7;WZ2008 (ausgewählte Positionen): Tarifindex;WZ08-B-13;Prod. Gewerbe, Handel, Information u.Kommunikation;92,0;2020=100;VST066;Index d.tarifl. Monatsverdienste ohne Sonderzahl.
62221;Vj. Index der Tarifverdienste und Arbeitszeiten;JAHR;Jahr;2016;DINSGF;Früheres Bundesgebiet / Neue Länder;DF;Früheres Bundesgebiet;WZ08C7;WZ2008 (ausgewählte Positionen): Tarifindex;WZ08-B-13;Prod. Gewerbe, Handel, Information u.Kommunikation;100,0;2020=100;VST018;Index der tariflichen Wochenarbeitszeit
62221;Vj. Index der Tarifverdienste und Arbeitszeiten;JAHR;Jahr;2016;DINSGF;Früheres Bundesgebiet / Neue Länder;DF;Früheres Bundesgebiet;WZ08C7;WZ2008 (ausgewählte Positionen): Tarifindex;WZ08-B-13;Prod. Gewerbe, Handel, Information u.Kommunikation;92,0;2020=100;VST065;Index d.tarifl. Stundenverdienste ohne Sonderzahl.
62221;Vj. Index der Tarifverdienste und Arbeitszeiten;JAHR;Jahr;2019;DINSGF;Früheres Bundesgebiet / Neue Länder;DF;Früheres Bundesgebiet;WZ08C7;WZ2008 (ausgewählte Positionen): Tarifindex;WZ08-17;Herstellung von Papier, Pappe und Waren daraus;97,6;2020=100;VST072;Index d.tarifl. Stundenverdienste mit Sonderzahl.
62221;Vj. Index der Tarifverdienste und Arbeitszeiten;JAHR;Jahr;2019;DINSGF;Früheres Bundesgebiet / Neue Länder;DF;Früheres Bundesgebiet;WZ08C7;WZ2008 (ausgewählte Positionen): Tarifindex;WZ08-17;Herstellung von Papier, Pappe und Waren daraus;97,6;2020=100;VST073;Index d.tarifl. Monatsverdienste mit Sonderzahl.
62221;Vj. Index der Tarifverdienste und Arbeitszeiten;JAHR;Jahr;2019;DINSGF;Früheres Bundesgebiet / Neue Länder;DF;Früheres Bundesgebiet;WZ08C7;WZ2008 (ausgewählte Positionen): Tarifindex;WZ08-17;Herstellung von Papier, Pappe und Waren daraus;36,8;h;VST019;Durchschnittliche tarifliche Wochenarbeitszeit
62221;Vj. Index der Tarifverdienste und Arbeitszeiten;JAHR;Jahr;2019;DINSGF;Früheres Bundesgebiet / Neue Länder;DF;Früheres Bundesgebiet;WZ08C7;WZ2008 (ausgewählte Positionen): Tarifindex;WZ08-17;Herstellung von Papier, Pappe und Waren daraus;98,6;2020=100;VST066;Index d.tarifl. Monatsverdienste ohne Sonderzahl.
62221;Vj. Index der Tarifverdienste und Arbeitszeiten;JAHR;Jahr;2019;DINSGF;Früheres Bundesgebiet / Neue Länder;DF;Früheres Bundesgebiet;WZ08C7;WZ2008 (ausgewählte Positionen): Tarifindex;WZ08-17;Herstellung von Papier, Pappe und Waren daraus;100,0;2020=100;VST018;Index der tariflichen Wochenarbeitszeit
62221;Vj. Index der Tarifverdienste und Arbeitszeiten;JAHR;Jahr;2019;DINSGF;Früheres Bundesgebiet / Neue Länder;DF;Früheres Bundesgebiet;WZ08C7;WZ2008 (ausgewählte Positionen): Tarifindex;WZ08-17;Herstellung von Papier, Pappe und Waren daraus;98,6;2020=100;VST065;Index d.tarifl. Stundenverdienste ohne Sonderzahl.
62221;Vj. Index der Tarifverdienste und Arbeitszeiten;JAHR;Jahr;2024;DINSGF;Früheres Bundesgebiet / Neue Länder;DF;Früheres Bundesgebiet;WZ08C7;WZ2008 (ausgewählte Positionen): Tarifindex;WZ08-63;Informationsdienstleistungen;110,7;2020=100;VST072;Index d.tarifl. Stundenverdienste mit Sonderzahl.
62221;Vj. Index der Tarifverdienste und Arbeitszeiten;JAHR;Jahr;2024;DINSGF;Früheres Bundesgebiet / Neue Länder;DF;Früheres Bundesgebiet;WZ08C7;WZ2008 (ausgewählte Positionen): Tarifindex;WZ08-63;Informationsdienstleistungen;110,6;2020=100;VST073;Index d.tarifl. Monatsverdienste mit Sonderzahl.
62221;Vj. Index der Tarifverdienste und Arbeitszeiten;JAHR;Jahr;2024;DINSGF;Früheres Bundesgebiet / Neue Länder;DF;Früheres Bundesgebiet;WZ08C7;WZ2008 (ausgewählte Positionen): Tarifindex;WZ08-63;Informationsdienstleistungen;38,4;h;VST019;Durchschnittliche tarifliche Wochenarbeitszeit
62221;Vj. Index der Tarifverdienste und Arbeitszeiten;JAHR;Jahr;2024;DINSGF;Früheres Bundesgebiet / Neue Länder;DF;Früheres Bundesgebiet;WZ08C7;WZ2008 (ausgewählte Positionen): Tarifindex;WZ08-63;Informationsdienstleistungen;109,5;2020=100;VST066;Index d.tarifl. Monatsverdienste ohne Sonderzahl.
62221;Vj. Index der Tarifverdienste und Arbeitszeiten;JAHR;Jahr;2024;DINSGF;Früheres Bundesgebiet / Neue Länder;DF;Früheres Bundesgebiet;WZ08C7;WZ2008 (ausgewählte Positionen): Tarifindex;WZ08-63;Informationsdienstleistungen;100,0;2020=100;VST018;Index der tariflichen Wochenarbeitszeit
62221;Vj. Index der Tarifverdienste und Arbeitszeiten;JAHR;Jahr;2024;DINSGF;Früheres Bundesgebiet / Neue Länder;DF;Früheres Bundesgebiet;WZ08C7;WZ2008 (ausgewählte Positionen): Tarifindex;WZ08-63;Informationsdienstleistungen;109,6;2020=100;VST065;Index d.tarifl. Stundenverdienste ohne Sonderzahl.
62221;Vj. Index der Tarifverdienste und Arbeitszeiten;JAHR;Jahr;2016;DINSGF;Früheres Bundesgebiet / Neue Länder;DN;Neue Länder;WZ08C7;WZ2008 (ausgewählte Positionen): Tarifindex;WZ-X003;Gebrauchsgüterproduzenten;90,6;2020=100;VST072;Index d.tarifl. Stundenverdienste mit Sonderzahl.
62221;Vj. Index der Tarifverdienste und Arbeitszeiten;JAHR;Jahr;2016;DINSGF;Früheres Bundesgebiet / Neue Länder;DN;Neue Länder;WZ08C7;WZ2008 (ausgewählte Positionen): Tarifindex;WZ-X003;Gebrauchsgüterproduzenten;90,8;2020=100;VST073;Index d.tarifl. Monatsverdienste mit Sonderzahl.
62221;Vj. Index der Tarifverdienste und Arbeitszeiten;JAHR;Jahr;2016;DINSGF;Früheres Bundesgebiet / Neue Länder;DN;Neue Länder;WZ08C7;WZ2008 (ausgewählte Positionen): Tarifindex;WZ-X003;Gebrauchsgüterproduzenten;37,8;h;VST019;Durchschnittliche tarifliche Wochenarbeitszeit
62221;Vj. Index der Tarifverdienste und Arbeitszeiten;JAHR;Jahr;2016;DINSGF;Früheres Bundesgebiet / Neue Länder;DN;Neue Länder;WZ08C7;WZ2008 (ausgewählte Positionen): Tarifindex;WZ-X003;Gebrauchsgüterproduzenten;92,1;2020=100;VST066;Index d.tarifl. Monatsverdienste ohne Sonderzahl.
62221;Vj. Index der Tarifverdienste und Arbeitszeiten;JAHR;Jahr;2016;DINSGF;Früheres Bundesgebiet / Neue Länder;DN;Neue Länder;WZ08C7;WZ2008 (ausgewählte Positionen): Tarifindex;WZ-X003;Gebrauchsgüterproduzenten;100,4;2020=100;VST018;Index der tariflichen Wochenarbeitszeit
62221;Vj. Index der Tarifverdienste und Arbeitszeiten;JAHR;Jahr;2016;DINSGF;Früheres Bundesgebiet / Neue Länder;DN;Neue Länder;WZ08C7;WZ2008 (ausgewählte Positionen): Tarifindex;WZ-X003;Gebrauchsgüterproduzenten;91,9;2020=100;VST065;Index d.tarifl. Stundenverdienste ohne Sonderzahl.
62221;Vj. Index der Tarifverdienste und Arbeitszeiten;JAHR;Jahr;2022;DINSGF;Früheres Bundesgebiet / Neue Länder;DN;Neue Länder;WZ08C7;WZ2008 (ausgewählte Positionen): Tarifindex;WZ08-25;Herstellung von Metallerzeugnissen;101,7;2020=100;VST072;Index d.tarifl. Stundenverdienste mit Sonderzahl.
62221;Vj. Index der Tarifverdienste und Arbeitszeiten;JAHR;Jahr;2022;DINSGF;Früheres Bundesgebiet / Neue Länder;DN;Neue Länder;WZ08C7;WZ2008 (ausgewählte Positionen): Tarifindex;WZ08-25;Herstellung von Metallerzeugnissen;101,7;2020=100;VST073;Index d.tarifl. Monatsverdienste mit Sonderzahl.
62221;Vj. Index der Tarifverdienste und Arbeitszeiten;JAHR;Jahr;2022;DINSGF;Früheres Bundesgebiet / Neue Länder;DN;Neue Länder;WZ08C7;WZ2008 (ausgewählte Positionen): Tarifindex;WZ08-25;Herstellung von Metallerzeugnissen;37,7;h;VST019;Durchschnittliche tarifliche Wochenarbeitszeit
62221;Vj. Index der Tarifverdienste und Arbeitszeiten;JAHR;Jahr;2022;DINSGF;Früheres Bundesgebiet / Neue Länder;DN;Neue Länder;WZ08C7;WZ2008 (ausgewählte Positionen): Tarifindex;WZ08-25;Herstellung von Metallerzeugnissen;100,5;2020=100;VST066;Index d.tarifl. Monatsverdienste ohne Sonderzahl.
62221;Vj. Index der Tarifverdienste und Arbeitszeiten;JAHR;Jahr;2022;DINSGF;Früheres Bundesgebiet / Neue Länder;DN;Neue Länder;WZ08C7;WZ2008 (ausgewählte Positionen): Tarifindex;WZ08-25;Herstellung von Metallerzeugnissen;100,0;2020=100;VST018;Index der tariflichen Wochenarbeitszeit
62221;Vj. Index der Tarifverdienste und Arbeitszeiten;JAHR;Jahr;2022;DINSGF;Früheres Bundesgebiet / Neue Länder;DN;Neue Länder;WZ08C7;WZ2008 (ausgewählte Positionen): Tarifindex;WZ08-25;Herstellung von Metallerzeugnissen;100,5;2020=100;VST065;Index d.tarifl. Stundenverdienste ohne Sonderzahl.
62221;Vj. Index der Tarifverdienste und Arbeitszeiten;JAHR;Jahr;2023;DINSGF;Früheres Bundesgebiet / Neue Länder;DN;Neue Länder;WZ08C7;WZ2008 (ausgewählte Positionen): Tarifindex;WZ-X004;Verbrauchsgüterproduzenten;109,6;2020=100;VST072;Index d.tarifl. Stundenverdienste mit Sonderzahl.
62221;Vj. Index der Tarifverdienste und Arbeitszeiten;JAHR;Jahr;2023;DINSGF;Früheres Bundesgebiet / Neue Länder;DN;Neue Länder;WZ08C7;WZ2008 (ausgewählte Positionen): Tarifindex;WZ-X004;Verbrauchsgüterproduzenten;109,3;2020=100;VST073;Index d.tarifl. Monatsverdienste mit Sonderzahl.
62221;Vj. Index der Tarifverdienste und Arbeitszeiten;JAHR;Jahr;2023;DINSGF;Früheres Bundesgebiet / Neue Länder;DN;Neue Länder;WZ08C7;WZ2008 (ausgewählte Positionen): Tarifindex;WZ-X004;Verbrauchsgüterproduzenten;38,5;h;VST019;Durchschnittliche tarifliche Wochenarbeitszeit
62221;Vj. Index der Tarifverdienste und Arbeitszeiten;JAHR;Jahr;2023;DINSGF;Früheres Bundesgebiet / Neue Länder;DN;Neue Länder;WZ08C7;WZ2008 (ausgewählte Positionen): Tarifindex;WZ-X004;Verbrauchsgüterproduzenten;108,8;2020=100;VST066;Index d.tarifl. Monatsverdienste ohne Sonderzahl.
62221;Vj. Index der Tarifverdienste und Arbeitszeiten;JAHR;Jahr;2023;DINSGF;Früheres Bundesgebiet / Neue Länder;DN;Neue Länder;WZ08C7;WZ2008 (ausgewählte Positionen): Tarifindex;WZ-X004;Verbrauchsgüterproduzenten;99,7;2020=100;VST018;Index der tariflichen Wochenarbeitszeit
62221;Vj. Index der Tarifverdienste und Arbeitszeiten;JAHR;Jahr;2023;DINSGF;Früheres Bundesgebiet / Neue Länder;DN;Neue Länder;WZ08C7;WZ2008 (ausgewählte Positionen): Tarifindex;WZ-X004;Verbrauchsgüterproduzenten;109,2;2020=100;VST065;Index d.tarifl. Stundenverdienste ohne Sonderzahl.
62221;Vj. Index der Tarifverdienste und Arbeitszeiten;JAHR;Jahr;2017;DINSGF;Früheres Bundesgebiet / Neue Länder;DN;Neue Länder;WZ08C7;WZ2008 (ausgewählte Positionen): Tarifindex;WZ08-93;Dienstleistungen d.Sports,d.Unterhaltg.u.Erholung;91,7;2020=100;VST072;Index d.tarifl. Stundenverdienste mit Sonderzahl.
62221;Vj. Index der Tarifverdienste und Arbeitszeiten;JAHR;Jahr;2017;DINSGF;Früheres Bundesgebiet / Neue Länder;DN;Neue Länder;WZ08C7;WZ2008 (ausgewählte Positionen): Tarifindex;WZ08-93;Dienstleistungen d.Sports,d.Unterhaltg.u.Erholung;91,6;2020=100;VST073;Index d.tarifl. Monatsverdienste mit Sonderzahl.
62221;Vj. Index der Tarifverdienste und Arbeitszeiten;JAHR;Jahr;2017;DINSGF;Früheres Bundesgebiet / Neue Länder;DN;Neue Länder;WZ08C7;WZ2008 (ausgewählte Positionen): Tarifindex;WZ08-93;Dienstleistungen d.Sports,d.Unterhaltg.u.Erholung;38,9;h;VST019;Durchschnittliche tarifliche Wochenarbeitszeit
62221;Vj. Index der Tarifverdienste und Arbeitszeiten;JAHR;Jahr;2017;DINSGF;Früheres Bundesgebiet / Neue Länder;DN;Neue Länder;WZ08C7;WZ2008 (ausgewählte Positionen): Tarifindex;WZ08-93;Dienstleistungen d.Sports,d.Unterhaltg.u.Erholung;92,0;2020=100;VST066;Index d.tarifl. Monatsverdienste ohne Sonderzahl.
62221;Vj. Index der Tarifverdienste und Arbeitszeiten;JAHR;Jahr;2017;DINSGF;Früheres Bundesgebiet / Neue Länder;DN;Neue Länder;WZ08C7;WZ2008 (ausgewählte Positionen): Tarifindex;WZ08-93;Dienstleistungen d.Sports,d.Unterhaltg.u.Erholung;100,0;2020=100;VST018;Index der tariflichen Wochenarbeitszeit
62221;Vj. Index der Tarifverdienste und Arbeitszeiten;JAHR;Jahr;2017;DINSGF;Früheres Bundesgebiet / Neue Länder;DN;Neue Länder;WZ08C7;WZ2008 (ausgewählte Positionen): Tarifindex;WZ08-93;Dienstleistungen d.Sports,d.Unterhaltg.u.Erholung;92,0;2020=100;VST065;Index d.tarifl. Stundenverdienste ohne Sonderzahl.
62221;Vj. Index der Tarifverdienste und Arbeitszeiten;JAHR;Jahr;2020;DINSGF;Früheres Bundesgebiet / Neue Länder;DF;Früheres Bundesgebiet;WZ08C7;WZ2008 (ausgewählte Positionen): Tarifindex;WZ08-73;Werbung und Marktforschung;100,0;2020=100;VST072;Index d.tarifl. Stundenverdienste mit Sonderzahl.
62221;Vj. Index der Tarifverdienste und Arbeitszeiten;JAHR;Jahr;2020;DINSGF;Früheres Bundesgebiet / Neue Länder;DF;Früheres Bundesgebiet;WZ08C7;WZ2008 (ausgewählte Positionen): Tarifindex;WZ08-73;Werbung und Marktforschung;100,0;2020=100;VST073;Index d.tarifl. Monatsverdienste mit Sonderzahl.
62221;Vj. Index der Tarifverdienste und Arbeitszeiten;JAHR;Jahr;2020;DINSGF;Früheres Bundesgebiet / Neue Länder;DF;Früheres Bundesgebiet;WZ08C7;WZ2008 (ausgewählte Positionen): Tarifindex;WZ08-73;Werbung und Marktforschung;38,6;h;VST019;Durchschnittliche tarifliche Wochenarbeitszeit
62221;Vj. Index der Tarifverdienste und Arbeitszeiten;JAHR;Jahr;2020;DINSGF;Früheres Bundesgebiet / Neue Länder;DF;Früheres Bundesgebiet;WZ08C7;WZ2008 (ausgewählte Positionen): Tarifindex;WZ08-73;Werbung und Marktforschung;100,0;2020=100;VST066;Index d.tarifl. Monatsverdienste ohne Sonderzahl.
62221;Vj. Index der Tarifverdienste und Arbeitszeiten;JAHR;Jahr;2020;DINSGF;Früheres Bundesgebiet / Neue Länder;DF;Früheres Bundesgebiet;WZ08C7;WZ2008 (ausgewählte Positionen): Tarifindex;WZ08-73;Werbung und Marktforschung;100,0;2020=100;VST018;Index der tariflichen Wochenarbeitszeit
62221;Vj. Index der Tarifverdienste und Arbeitszeiten;JAHR;Jahr;2020;DINSGF;Früheres Bundesgebiet / Neue Länder;DF;Früheres Bundesgebiet;WZ08C7;WZ2008 (ausgewählte Positionen): Tarifindex;WZ08-73;Werbung und Marktforschung;100,0;2020=100;VST065;Index d.tarifl. Stundenverdienste ohne Sonderzahl.
62221;Vj. Index der Tarifverdienste und Arbeitszeiten;JAHR;Jahr;2019;DINSGF;Früheres Bundesgebiet / Neue Länder;DF;Früheres Bundesgebiet;WZ08C7;WZ2008 (ausgewählte Positionen): Tarifindex;WZ08-35;Energieversorgung;97,9;2020=100;VST072;Index d.tarifl. Stundenverdienste mit Sonderzahl.
62221;Vj. Index der Tarifverdienste und Arbeitszeiten;JAHR;Jahr;2019;DINSGF;Früheres Bundesgebiet / Neue Länder;DF;Früheres Bundesgebiet;WZ08C7;WZ2008 (ausgewählte Positionen): Tarifindex;WZ08-35;Energieversorgung;97,9;2020=100;VST073;Index d.tarifl. Monatsverdienste mit Sonderzahl.
62221;Vj. Index der Tarifverdienste und Arbeitszeiten;JAHR;Jahr;2019;DINSGF;Früheres Bundesgebiet / Neue Länder;DF;Früheres Bundesgebiet;WZ08C7;WZ2008 (ausgewählte Positionen): Tarifindex;WZ08-35;Energieversorgung;38,4;h;VST019;Durchschnittliche tarifliche Wochenarbeitszeit
62221;Vj. Index der Tarifverdienste und Arbeitszeiten;JAHR;Jahr;2019;DINSGF;Früheres Bundesgebiet / Neue Länder;DF;Früheres Bundesgebiet;WZ08C7;WZ2008 (ausgewählte Positionen): Tarifindex;WZ08-35;Energieversorgung;98,1;2020=100;VST066;Index d.tarifl. Monatsverdienste ohne Sonderzahl.
62221;Vj. Index der Tarifverdienste und Arbeitszeiten;JAHR;Jahr;2019;DINSGF;Früheres Bundesgebiet / Neue Länder;DF;Früheres Bundesgebiet;WZ08C7;WZ2008 (ausgewählte Positionen): Tarifindex;WZ08-35;Energieversorgung;100,0;2020=100;VST018;Index der tariflichen Wochenarbeitszeit
62221;Vj. Index der Tarifverdienste und Arbeitszeiten;JAHR;Jahr;2019;DINSGF;Früheres Bundesgebiet / Neue Länder;DF;Früheres Bundesgebiet;WZ08C7;WZ2008 (ausgewählte Positionen): Tarifindex;WZ08-35;Energieversorgung;98,1;2020=100;VST065;Index d.tarifl. Stundenverdienste ohne Sonderzahl.
62221;Vj. Index der Tarifverdienste und Arbeitszeiten;JAHR;Jahr;2025;DINSGF;Früheres Bundesgebiet / Neue Länder;DN;Neue Länder;WZ08C7;WZ2008 (ausgewählte Positionen): Tarifindex;WZ08-D;Energieversorgung;117,0;2020=100;VST072;Index d.tarifl. Stundenverdienste mit Sonderzahl.
62221;Vj. Index der Tarifverdienste und Arbeitszeiten;JAHR;Jahr;2025;DINSGF;Früheres Bundesgebiet / Neue Länder;DN;Neue Länder;WZ08C7;WZ2008 (ausgewählte Positionen): Tarifindex;WZ08-D;Energieversorgung;117,0;2020=100;VST073;Index d.tarifl. Monatsverdienste mit Sonderzahl.
62221;Vj. Index der Tarifverdienste und Arbeitszeiten;JAHR;Jahr;2025;DINSGF;Früheres Bundesgebiet / Neue Länder;DN;Neue Länder;WZ08C7;WZ2008 (ausgewählte Positionen): Tarifindex;WZ08-D;Energieversorgung;38,1;h;VST019;Durchschnittliche tarifliche Wochenarbeitszeit
62221;Vj. Index der Tarifverdienste und Arbeitszeiten;JAHR;Jahr;2025;DINSGF;Früheres Bundesgebiet / Neue Länder;DN;Neue Länder;WZ08C7;WZ2008 (ausgewählte Positionen): Tarifindex;WZ08-D;Energieversorgung;117,2;2020=100;VST066;Index d.tarifl. Monatsverdienste ohne Sonderzahl.
62221;Vj. Index der Tarifverdienste und Arbeitszeiten;JAHR;Jahr;2025;DINSGF;Früheres Bundesgebiet / Neue Länder;DN;Neue Länder;WZ08C7;WZ2008 (ausgewählte Positionen): Tarifindex;WZ08-D;Energieversorgung;100,0;2020=100;VST018;Index der tariflichen Wochenarbeitszeit
62221;Vj. Index der Tarifverdienste und Arbeitszeiten;JAHR;Jahr;2025;DINSGF;Früheres Bundesgebiet / Neue Länder;DN;Neue Länder;WZ08C7;WZ2008 (ausgewählte Positionen): Tarifindex;WZ08-D;Energieversorgung;117,2;2020=100;VST065;Index d.tarifl. Stundenverdienste ohne Sonderzahl.
62221;Vj. Index der Tarifverdienste und Arbeitszeiten;JAHR;Jahr;2019;DINSGF;Früheres Bundesgebiet / Neue Länder;DF;Früheres Bundesgebiet;WZ08C7;WZ2008 (ausgewählte Positionen): Tarifindex;WZ08-01;Landwirtschaft, Jagd und verbundene Tätigkeiten;98,4;2020=100;VST072;Index d.tarifl. Stundenverdienste mit Sonderzahl.
62221;Vj. Index der Tarifverdienste und Arbeitszeiten;JAHR;Jahr;2019;DINSGF;Früheres Bundesgebiet / Neue Länder;DF;Früheres Bundesgebiet;WZ08C7;WZ2008 (ausgewählte Positionen): Tarifindex;WZ08-01;Landwirtschaft, Jagd und verbundene Tätigkeiten;98,4;2020=100;VST073;Index d.tarifl. Monatsverdienste mit Sonderzahl.
62221;Vj. Index der Tarifverdienste und Arbeitszeiten;JAHR;Jahr;2019;DINSGF;Früheres Bundesgebiet / Neue Länder;DF;Früheres Bundesgebiet;WZ08C7;WZ2008 (ausgewählte Positionen): Tarifindex;WZ08-01;Landwirtschaft, Jagd und verbundene Tätigkeiten;39,5;h;VST019;Durchschnittliche tarifliche Wochenarbeitszeit
62221;Vj. Index der Tarifverdienste und Arbeitszeiten;JAHR;Jahr;2019;DINSGF;Früheres Bundesgebiet / Neue Länder;DF;Früheres Bundesgebiet;WZ08C7;WZ2008 (ausgewählte Positionen): Tarifindex;WZ08-01;Landwirtschaft, Jagd und verbundene Tätigkeiten;98,1;2020=100;VST066;Index d.tarifl. Monatsverdienste ohne Sonderzahl.
62221;Vj. Index der Tarifverdienste und Arbeitszeiten;JAHR;Jahr;2019;DINSGF;Früheres Bundesgebiet / Neue Länder;DF;Früheres Bundesgebiet;WZ08C7;WZ2008 (ausgewählte Positionen): Tarifindex;WZ08-01;Landwirtschaft, Jagd und verbundene Tätigkeiten;100,0;2020=100;VST018;Index der tariflichen Wochenarbeitszeit
62221;Vj. Index der Tarifverdienste und Arbeitszeiten;JAHR;Jahr;2019;DINSGF;Früheres Bundesgebiet / Neue Länder;DF;Früheres Bundesgebiet;WZ08C7;WZ2008 (ausgewählte Positionen): Tarifindex;WZ08-01;Landwirtschaft, Jagd und verbundene Tätigkeiten;98,1;2020=100;VST065;Index d.tarifl. Stundenverdienste ohne Sonderzahl.
62221;Vj. Index der Tarifverdienste und Arbeitszeiten;JAHR;Jahr;2018;DINSGF;Früheres Bundesgebiet / Neue Länder;DN;Neue Länder;WZ08C7;WZ2008 (ausgewählte Positionen): Tarifindex;WZ08-71;Architektur-,Ing.büros,techn.,physik.Untersuchung;95,1;2020=100;VST072;Index d.tarifl. Stundenverdienste mit Sonderzahl.
62221;Vj. Index der Tarifverdienste und Arbeitszeiten;JAHR;Jahr;2018;DINSGF;Früheres Bundesgebiet / Neue Länder;DN;Neue Länder;WZ08C7;WZ2008 (ausgewählte Positionen): Tarifindex;WZ08-71;Architektur-,Ing.büros,techn.,physik.Untersuchung;96,0;2020=100;VST073;Index d.tarifl. Monatsverdienste mit Sonderzahl.
62221;Vj. Index der Tarifverdienste und Arbeitszeiten;JAHR;Jahr;2018;DINSGF;Früheres Bundesgebiet / Neue Länder;DN;Neue Länder;WZ08C7;WZ2008 (ausgewählte Positionen): Tarifindex;WZ08-71;Architektur-,Ing.büros,techn.,physik.Untersuchung;38,3;h;VST019;Durchschnittliche tarifliche Wochenarbeitszeit
62221;Vj. Index der Tarifverdienste und Arbeitszeiten;JAHR;Jahr;2018;DINSGF;Früheres Bundesgebiet / Neue Länder;DN;Neue Länder;WZ08C7;WZ2008 (ausgewählte Positionen): Tarifindex;WZ08-71;Architektur-,Ing.büros,techn.,physik.Untersuchung;96,2;2020=100;VST066;Index d.tarifl. Monatsverdienste ohne Sonderzahl.
62221;Vj. Index der Tarifverdienste und Arbeitszeiten;JAHR;Jahr;2018;DINSGF;Früheres Bundesgebiet / Neue Länder;DN;Neue Länder;WZ08C7;WZ2008 (ausgewählte Positionen): Tarifindex;WZ08-71;Architektur-,Ing.büros,techn.,physik.Untersuchung;100,6;2020=100;VST018;Index der tariflichen Wochenarbeitszeit
62221;Vj. Index der Tarifverdienste und Arbeitszeiten;JAHR;Jahr;2018;DINSGF;Früheres Bundesgebiet / Neue Länder;DN;Neue Länder;WZ08C7;WZ2008 (ausgewählte Positionen): Tarifindex;WZ08-71;Architektur-,Ing.büros,techn.,physik.Untersuchung;95,3;2020=100;VST065;Index d.tarifl. Stundenverdienste ohne Sonderzahl.
62221;Vj. Index der Tarifverdienste und Arbeitszeiten;JAHR;Jahr;2025;DINSGF;Früheres Bundesgebiet / Neue Länder;DN;Neue Länder;WZ08C7;WZ2008 (ausgewählte Positionen): Tarifindex;WZ08-J;Information und Kommunikation;113,1;2020=100;VST072;Index d.tarifl. Stundenverdienste mit Sonderzahl.
62221;Vj. Index der Tarifverdienste und Arbeitszeiten;JAHR;Jahr;2025;DINSGF;Früheres Bundesgebiet / Neue Länder;DN;Neue Länder;WZ08C7;WZ2008 (ausgewählte Positionen): Tarifindex;WZ08-J;Information und Kommunikation;113,1;2020=100;VST073;Index d.tarifl. Monatsverdienste mit Sonderzahl.
62221;Vj. Index der Tarifverdienste und Arbeitszeiten;JAHR;Jahr;2025;DINSGF;Früheres Bundesgebiet / Neue Länder;DN;Neue Länder;WZ08C7;WZ2008 (ausgewählte Positionen): Tarifindex;WZ08-J;Information und Kommunikation;37,7;h;VST019;Durchschnittliche tarifliche Wochenarbeitszeit
62221;Vj. Index der Tarifverdienste und Arbeitszeiten;JAHR;Jahr;2025;DINSGF;Früheres Bundesgebiet / Neue Länder;DN;Neue Länder;WZ08C7;WZ2008 (ausgewählte Positionen): Tarifindex;WZ08-J;Information und Kommunikation;112,8;2020=100;VST066;Index d.tarifl. Monatsverdienste ohne Sonderzahl.
62221;Vj. Index der Tarifverdienste und Arbeitszeiten;JAHR;Jahr;2025;DINSGF;Früheres Bundesgebiet / Neue Länder;DN;Neue Länder;WZ08C7;WZ2008 (ausgewählte Positionen): Tarifindex;WZ08-J;Information und Kommunikation;100,0;2020=100;VST018;Index der tariflichen Wochenarbeitszeit
62221;Vj. Index der Tarifverdienste und Arbeitszeiten;JAHR;Jahr;2025;DINSGF;Früheres Bundesgebiet / Neue Länder;DN;Neue Länder;WZ08C7;WZ2008 (ausgewählte Positionen): Tarifindex;WZ08-J;Information und Kommunikation;112,8;2020=100;VST065;Index d.tarifl. Stundenverdienste ohne Sonderzahl.
62221;Vj. Index der Tarifverdienste und Arbeitszeiten;JAHR;Jahr;2020;DINSGF;Früheres Bundesgebiet / Neue Länder;DF;Früheres Bundesgebiet;WZ08C7;WZ2008 (ausgewählte Positionen): Tarifindex;WZ08-79;Reisebüros, -veranstalter u. sonst. Reservierungen;100,0;2020=100;VST072;Index d.tarifl. Stundenverdienste mit Sonderzahl.
62221;Vj. Index der Tarifverdienste und Arbeitszeiten;JAHR;Jahr;2020;DINSGF;Früheres Bundesgebiet / Neue Länder;DF;Früheres Bundesgebiet;WZ08C7;WZ2008 (ausgewählte Positionen): Tarifindex;WZ08-79;Reisebüros, -veranstalter u. sonst. Reservierungen;100,0;2020=100;VST073;Index d.tarifl. Monatsverdienste mit Sonderzahl.
62221;Vj. Index der Tarifverdienste und Arbeitszeiten;JAHR;Jahr;2020;DINSGF;Früheres Bundesgebiet / Neue Länder;DF;Früheres Bundesgebiet;WZ08C7;WZ2008 (ausgewählte Positionen): Tarifindex;WZ08-79;Reisebüros, -veranstalter u. sonst. Reservierungen;38,7;h;VST019;Durchschnittliche tarifliche Wochenarbeitszeit
62221;Vj. Index der Tarifverdienste und Arbeitszeiten;JAHR;Jahr;2020;DINSGF;Früheres Bundesgebiet / Neue Länder;DF;Früheres Bundesgebiet;WZ08C7;WZ2008 (ausgewählte Positionen): Tarifindex;WZ08-79;Reisebüros, -veranstalter u. sonst. Reservierungen;100,0;2020=100;VST066;Index d.tarifl. Monatsverdienste ohne Sonderzahl.
62221;Vj. Index der Tarifverdienste und Arbeitszeiten;JAHR;Jahr;2020;DINSGF;Früheres Bundesgebiet / Neue Länder;DF;Früheres Bundesgebiet;WZ08C7;WZ2008 (ausgewählte Positionen): Tarifindex;WZ08-79;Reisebüros, -veranstalter u. sonst. Reservierungen;100,0;2020=100;VST018;Index der tariflichen Wochenarbeitszeit
62221;Vj. Index der Tarifverdienste und Arbeitszeiten;JAHR;Jahr;2020;DINSGF;Früheres Bundesgebiet / Neue Länder;DF;Früheres Bundesgebiet;WZ08C7;WZ2008 (ausgewählte Positionen): Tarifindex;WZ08-79;Reisebüros, -veranstalter u. sonst. Reservierungen;100,0;2020=100;VST065;Index d.tarifl. Stundenverdienste ohne Sonderzahl.
62221;Vj. Index der Tarifverdienste und Arbeitszeiten;JAHR;Jahr;2020;DINSGF;Früheres Bundesgebiet / Neue Länder;DF;Früheres Bundesgebiet;WZ08C7;WZ2008 (ausgewählte Positionen): Tarifindex;WZ08-45;Kfz-Handel, Instandhaltung und Reparatur von Kfz;100,0;2020=100;VST072;Index d.tarifl. Stundenverdienste mit Sonderzahl.
62221;Vj. Index der Tarifverdienste und Arbeitszeiten;JAHR;Jahr;2020;DINSGF;Früheres Bundesgebiet / Neue Länder;DF;Früheres Bundesgebiet;WZ08C7;WZ2008 (ausgewählte Positionen): Tarifindex;WZ08-45;Kfz-Handel, Instandhaltung und Reparatur von Kfz;100,0;2020=100;VST073;Index d.tarifl. Monatsverdienste mit Sonderzahl.
62221;Vj. Index der Tarifverdienste und Arbeitszeiten;JAHR;Jahr;2020;DINSGF;Früheres Bundesgebiet / Neue Länder;DF;Früheres Bundesgebiet;WZ08C7;WZ2008 (ausgewählte Positionen): Tarifindex;WZ08-45;Kfz-Handel, Instandhaltung und Reparatur von Kfz;36,5;h;VST019;Durchschnittliche tarifliche Wochenarbeitszeit
62221;Vj. Index der Tarifverdienste und Arbeitszeiten;JAHR;Jahr;2020;DINSGF;Früheres Bundesgebiet / Neue Länder;DF;Früheres Bundesgebiet;WZ08C7;WZ2008 (ausgewählte Positionen): Tarifindex;WZ08-45;Kfz-Handel, Instandhaltung und Reparatur von Kfz;100,0;2020=100;VST066;Index d.tarifl. Monatsverdienste ohne Sonderzahl.
62221;Vj. Index der Tarifverdienste und Arbeitszeiten;JAHR;Jahr;2020;DINSGF;Früheres Bundesgebiet / Neue Länder;DF;Früheres Bundesgebiet;WZ08C7;WZ2008 (ausgewählte Positionen): Tarifindex;WZ08-45;Kfz-Handel, Instandhaltung und Reparatur von Kfz;100,0;2020=100;VST018;Index der tariflichen Wochenarbeitszeit
62221;Vj. Index der Tarifverdienste und Arbeitszeiten;JAHR;Jahr;2020;DINSGF;Früheres Bundesgebiet / Neue Länder;DF;Früheres Bundesgebiet;WZ08C7;WZ2008 (ausgewählte Positionen): Tarifindex;WZ08-45;Kfz-Handel, Instandhaltung und Reparatur von Kfz;100,0;2020=100;VST065;Index d.tarifl. Stundenverdienste ohne Sonderzahl.
62221;Vj. Index der Tarifverdienste und Arbeitszeiten;JAHR;Jahr;2020;DINSGF;Früheres Bundesgebiet / Neue Länder;DN;Neue Länder;WZ08C7;WZ2008 (ausgewählte Positionen): Tarifindex;WZ08-B-08;Produzierendes Gewerbe und Dienstleistungsbereich;100,0;2020=100;VST072;Index d.tarifl. Stundenverdienste mit Sonderzahl.
62221;Vj. Index der Tarifverdienste und Arbeitszeiten;JAHR;Jahr;2020;DINSGF;Früheres Bundesgebiet / Neue Länder;DN;Neue Länder;WZ08C7;WZ2008 (ausgewählte Positionen): Tarifindex;WZ08-B-08;Produzierendes Gewerbe und Dienstleistungsbereich;100,0;2020=100;VST073;Index d.tarifl. Monatsverdienste mit Sonderzahl.
62221;Vj. Index der Tarifverdienste und Arbeitszeiten;JAHR;Jahr;2020;DINSGF;Früheres Bundesgebiet / Neue Länder;DN;Neue Länder;WZ08C7;WZ2008 (ausgewählte Positionen): Tarifindex;WZ08-B-08;Produzierendes Gewerbe und Dienstleistungsbereich;39,1;h;VST019;Durchschnittliche tarifliche Wochenarbeitszeit
62221;Vj. Index der Tarifverdienste und Arbeitszeiten;JAHR;Jahr;2020;DINSGF;Früheres Bundesgebiet / Neue Länder;DN;Neue Länder;WZ08C7;WZ2008 (ausgewählte Positionen): Tarifindex;WZ08-B-08;Produzierendes Gewerbe und Dienstleistungsbereich;100,0;2020=100;VST066;Index d.tarifl. Monatsverdienste ohne Sonderzahl.
62221;Vj. Index der Tarifverdienste und Arbeitszeiten;JAHR;Jahr;2020;DINSGF;Früheres Bundesgebiet / Neue Länder;DN;Neue Länder;WZ08C7;WZ2008 (ausgewählte Positionen): Tarifindex;WZ08-B-08;Produzierendes Gewerbe und Dienstleistungsbereich;100,0;2020=100;VST018;Index der tariflichen Wochenarbeitszeit
62221;Vj. Index der Tarifverdienste und Arbeitszeiten;JAHR;Jahr;2020;DINSGF;Früheres Bundesgebiet / Neue Länder;DN;Neue Länder;WZ08C7;WZ2008 (ausgewählte Positionen): Tarifindex;WZ08-B-08;Produzierendes Gewerbe und Dienstleistungsbereich;100,0;2020=100;VST065;Index d.tarifl. Stundenverdienste ohne Sonderzahl.
62221;Vj. Index der Tarifverdienste und Arbeitszeiten;JAHR;Jahr;2021;DINSGF;Früheres Bundesgebiet / Neue Länder;DN;Neue Länder;WZ08C7;WZ2008 (ausgewählte Positionen): Tarifindex;WZ08-52-01;Lagerei und Kurierdienste;101,6;2020=100;VST072;Index d.tarifl. Stundenverdienste mit Sonderzahl.
62221;Vj. Index der Tarifverdienste und Arbeitszeiten;JAHR;Jahr;2021;DINSGF;Früheres Bundesgebiet / Neue Länder;DN;Neue Länder;WZ08C7;WZ2008 (ausgewählte Positionen): Tarifindex;WZ08-52-01;Lagerei und Kurierdienste;101,6;2020=100;VST073;Index d.tarifl. Monatsverdienste mit Sonderzahl.
62221;Vj. Index der Tarifverdienste und Arbeitszeiten;JAHR;Jahr;2021;DINSGF;Früheres Bundesgebiet / Neue Länder;DN;Neue Länder;WZ08C7;WZ2008 (ausgewählte Positionen): Tarifindex;WZ08-52-01;Lagerei und Kurierdienste;39,0;h;VST019;Durchschnittliche tarifliche Wochenarbeitszeit
62221;Vj. Index der Tarifverdienste und Arbeitszeiten;JAHR;Jahr;2021;DINSGF;Früheres Bundesgebiet / Neue Länder;DN;Neue Länder;WZ08C7;WZ2008 (ausgewählte Positionen): Tarifindex;WZ08-52-01;Lagerei und Kurierdienste;101,9;2020=100;VST066;Index d.tarifl. Monatsverdienste ohne Sonderzahl.
62221;Vj. Index der Tarifverdienste und Arbeitszeiten;JAHR;Jahr;2021;DINSGF;Früheres Bundesgebiet / Neue Länder;DN;Neue Länder;WZ08C7;WZ2008 (ausgewählte Positionen): Tarifindex;WZ08-52-01;Lagerei und Kurierdienste;100,0;2020=100;VST018;Index der tariflichen Wochenarbeitszeit
62221;Vj. Index der Tarifverdienste und Arbeitszeiten;JAHR;Jahr;2021;DINSGF;Früheres Bundesgebiet / Neue Länder;DN;Neue Länder;WZ08C7;WZ2008 (ausgewählte Positionen): Tarifindex;WZ08-52-01;Lagerei und Kurierdienste;101,9;2020=100;VST065;Index d.tarifl. Stundenverdienste ohne Sonderzahl.
62221;Vj. Index der Tarifverdienste und Arbeitszeiten;JAHR;Jahr;2021;DINSGF;Früheres Bundesgebiet / Neue Länder;DF;Früheres Bundesgebiet;WZ08C7;WZ2008 (ausgewählte Positionen): Tarifindex;WZ08-51;Luftfahrt;98,6;2020=100;VST072;Index d.tarifl. Stundenverdienste mit Sonderzahl.
62221;Vj. Index der Tarifverdienste und Arbeitszeiten;JAHR;Jahr;2021;DINSGF;Früheres Bundesgebiet / Neue Länder;DF;Früheres Bundesgebiet;WZ08C7;WZ2008 (ausgewählte Positionen): Tarifindex;WZ08-51;Luftfahrt;98,6;2020=100;VST073;Index d.tarifl. Monatsverdienste mit Sonderzahl.
62221;Vj. Index der Tarifverdienste und Arbeitszeiten;JAHR;Jahr;2021;DINSGF;Früheres Bundesgebiet / Neue Länder;DF;Früheres Bundesgebiet;WZ08C7;WZ2008 (ausgewählte Positionen): Tarifindex;WZ08-51;Luftfahrt;41,1;h;VST019;Durchschnittliche tarifliche Wochenarbeitszeit
62221;Vj. Index der Tarifverdienste und Arbeitszeiten;JAHR;Jahr;2021;DINSGF;Früheres Bundesgebiet / Neue Länder;DF;Früheres Bundesgebiet;WZ08C7;WZ2008 (ausgewählte Positionen): Tarifindex;WZ08-51;Luftfahrt;100,1;2020=100;VST066;Index d.tarifl. Monatsverdienste ohne Sonderzahl.
62221;Vj. Index der Tarifverdienste und Arbeitszeiten;JAHR;Jahr;2021;DINSGF;Früheres Bundesgebiet / Neue Länder;DF;Früheres Bundesgebiet;WZ08C7;WZ2008 (ausgewählte Positionen): Tarifindex;WZ08-51;Luftfahrt;100,0;2020=100;VST018;Index der tariflichen Wochenarbeitszeit
62221;Vj. Index der Tarifverdienste und Arbeitszeiten;JAHR;Jahr;2021;DINSGF;Früheres Bundesgebiet / Neue Länder;DF;Früheres Bundesgebiet;WZ08C7;WZ2008 (ausgewählte Positionen): Tarifindex;WZ08-51;Luftfahrt;100,1;2020=100;VST065;Index d.tarifl. Stundenverdienste ohne Sonderzahl.
62221;Vj. Index der Tarifverdienste und Arbeitszeiten;JAHR;Jahr;2020;DINSGF;Früheres Bundesgebiet / Neue Länder;DN;Neue Länder;WZ08C7;WZ2008 (ausgewählte Positionen): Tarifindex;WZ08-B-11;Produzierendes Gewerbe, Handel u.A.;100,0;2020=100;VST072;Index d.tarifl. Stundenverdienste mit Sonderzahl.
62221;Vj. Index der Tarifverdienste und Arbeitszeiten;JAHR;Jahr;2020;DINSGF;Früheres Bundesgebiet / Neue Länder;DN;Neue Länder;WZ08C7;WZ2008 (ausgewählte Positionen): Tarifindex;WZ08-B-11;Produzierendes Gewerbe, Handel u.A.;100,0;2020=100;VST073;Index d.tarifl. Monatsverdienste mit Sonderzahl.
62221;Vj. Index der Tarifverdienste und Arbeitszeiten;JAHR;Jahr;2020;DINSGF;Früheres Bundesgebiet / Neue Länder;DN;Neue Länder;WZ08C7;WZ2008 (ausgewählte Positionen): Tarifindex;WZ08-B-11;Produzierendes Gewerbe, Handel u.A.;39,1;h;VST019;Durchschnittliche tarifliche Wochenarbeitszeit
62221;Vj. Index der Tarifverdienste und Arbeitszeiten;JAHR;Jahr;2020;DINSGF;Früheres Bundesgebiet / Neue Länder;DN;Neue Länder;WZ08C7;WZ2008 (ausgewählte Positionen): Tarifindex;WZ08-B-11;Produzierendes Gewerbe, Handel u.A.;100,0;2020=100;VST066;Index d.tarifl. Monatsverdienste ohne Sonderzahl.
62221;Vj. Index der Tarifverdienste und Arbeitszeiten;JAHR;Jahr;2020;DINSGF;Früheres Bundesgebiet / Neue Länder;DN;Neue Länder;WZ08C7;WZ2008 (ausgewählte Positionen): Tarifindex;WZ08-B-11;Produzierendes Gewerbe, Handel u.A.;100,0;2020=100;VST018;Index der tariflichen Wochenarbeitszeit
62221;Vj. Index der Tarifverdienste und Arbeitszeiten;JAHR;Jahr;2020;DINSGF;Früheres Bundesgebiet / Neue Länder;DN;Neue Länder;WZ08C7;WZ2008 (ausgewählte Positionen): Tarifindex;WZ08-B-11;Produzierendes Gewerbe, Handel u.A.;100,0;2020=100;VST065;Index d.tarifl. Stundenverdienste ohne Sonderzahl.
62221;Vj. Index der Tarifverdienste und Arbeitszeiten;JAHR;Jahr;2018;DINSGF;Früheres Bundesgebiet / Neue Länder;DN;Neue Länder;WZ08C7;WZ2008 (ausgewählte Positionen): Tarifindex;WZ08-77;Vermietung von beweglichen Sachen;96,4;2020=100;VST072;Index d.tarifl. Stundenverdienste mit Sonderzahl.
62221;Vj. Index der Tarifverdienste und Arbeitszeiten;JAHR;Jahr;2018;DINSGF;Früheres Bundesgebiet / Neue Länder;DN;Neue Länder;WZ08C7;WZ2008 (ausgewählte Positionen): Tarifindex;WZ08-77;Vermietung von beweglichen Sachen;96,3;2020=100;VST073;Index d.tarifl. Monatsverdienste mit Sonderzahl.
62221;Vj. Index der Tarifverdienste und Arbeitszeiten;JAHR;Jahr;2018;DINSGF;Früheres Bundesgebiet / Neue Länder;DN;Neue Länder;WZ08C7;WZ2008 (ausgewählte Positionen): Tarifindex;WZ08-77;Vermietung von beweglichen Sachen;37,9;h;VST019;Durchschnittliche tarifliche Wochenarbeitszeit
62221;Vj. Index der Tarifverdienste und Arbeitszeiten;JAHR;Jahr;2018;DINSGF;Früheres Bundesgebiet / Neue Länder;DN;Neue Länder;WZ08C7;WZ2008 (ausgewählte Positionen): Tarifindex;WZ08-77;Vermietung von beweglichen Sachen;97,5;2020=100;VST066;Index d.tarifl. Monatsverdienste ohne Sonderzahl.
62221;Vj. Index der Tarifverdienste und Arbeitszeiten;JAHR;Jahr;2018;DINSGF;Früheres Bundesgebiet / Neue Länder;DN;Neue Länder;WZ08C7;WZ2008 (ausgewählte Positionen): Tarifindex;WZ08-77;Vermietung von beweglichen Sachen;100,0;2020=100;VST018;Index der tariflichen Wochenarbeitszeit
62221;Vj. Index der Tarifverdienste und Arbeitszeiten;JAHR;Jahr;2018;DINSGF;Früheres Bundesgebiet / Neue Länder;DN;Neue Länder;WZ08C7;WZ2008 (ausgewählte Positionen): Tarifindex;WZ08-77;Vermietung von beweglichen Sachen;97,5;2020=100;VST065;Index d.tarifl. Stundenverdienste ohne Sonderzahl.
62221;Vj. Index der Tarifverdienste und Arbeitszeiten;JAHR;Jahr;2020;DINSGF;Früheres Bundesgebiet / Neue Länder;DF;Früheres Bundesgebiet;WZ08C7;WZ2008 (ausgewählte Positionen): Tarifindex;WZ08-36;Wasserversorgung;100,0;2020=100;VST072;Index d.tarifl. Stundenverdienste mit Sonderzahl.
62221;Vj. Index der Tarifverdienste und Arbeitszeiten;JAHR;Jahr;2020;DINSGF;Früheres Bundesgebiet / Neue Länder;DF;Früheres Bundesgebiet;WZ08C7;WZ2008 (ausgewählte Positionen): Tarifindex;WZ08-36;Wasserversorgung;100,0;2020=100;VST073;Index d.tarifl. Monatsverdienste mit Sonderzahl.
62221;Vj. Index der Tarifverdienste und Arbeitszeiten;JAHR;Jahr;2020;DINSGF;Früheres Bundesgebiet / Neue Länder;DF;Früheres Bundesgebiet;WZ08C7;WZ2008 (ausgewählte Positionen): Tarifindex;WZ08-36;Wasserversorgung;38,9;h;VST019;Durchschnittliche tarifliche Wochenarbeitszeit
62221;Vj. Index der Tarifverdienste und Arbeitszeiten;JAHR;Jahr;2020;DINSGF;Früheres Bundesgebiet / Neue Länder;DF;Früheres Bundesgebiet;WZ08C7;WZ2008 (ausgewählte Positionen): Tarifindex;WZ08-36;Wasserversorgung;100,0;2020=100;VST066;Index d.tarifl. Monatsverdienste ohne Sonderzahl.
62221;Vj. Index der Tarifverdienste und Arbeitszeiten;JAHR;Jahr;2020;DINSGF;Früheres Bundesgebiet / Neue Länder;DF;Früheres Bundesgebiet;WZ08C7;WZ2008 (ausgewählte Positionen): Tarifindex;WZ08-36;Wasserversorgung;100,0;2020=100;VST018;Index der tariflichen Wochenarbeitszeit
62221;Vj. Index der Tarifverdienste und Arbeitszeiten;JAHR;Jahr;2020;DINSGF;Früheres Bundesgebiet / Neue Länder;DF;Früheres Bundesgebiet;WZ08C7;WZ2008 (ausgewählte Positionen): Tarifindex;WZ08-36;Wasserversorgung;100,0;2020=100;VST065;Index d.tarifl. Stundenverdienste ohne Sonderzahl.
62221;Vj. Index der Tarifverdienste und Arbeitszeiten;JAHR;Jahr;2017;DINSGF;Früheres Bundesgebiet / Neue Länder;DN;Neue Länder;WZ08C7;WZ2008 (ausgewählte Positionen): Tarifindex;WZ08-75;Veterinärwesen;92,3;2020=100;VST072;Index d.tarifl. Stundenverdienste mit Sonderzahl.
62221;Vj. Index der Tarifverdienste und Arbeitszeiten;JAHR;Jahr;2017;DINSGF;Früheres Bundesgebiet / Neue Länder;DN;Neue Länder;WZ08C7;WZ2008 (ausgewählte Positionen): Tarifindex;WZ08-75;Veterinärwesen;92,3;2020=100;VST073;Index d.tarifl. Monatsverdienste mit Sonderzahl.
62221;Vj. Index der Tarifverdienste und Arbeitszeiten;JAHR;Jahr;2017;DINSGF;Früheres Bundesgebiet / Neue Länder;DN;Neue Länder;WZ08C7;WZ2008 (ausgewählte Positionen): Tarifindex;WZ08-75;Veterinärwesen;39,7;h;VST019;Durchschnittliche tarifliche Wochenarbeitszeit
62221;Vj. Index der Tarifverdienste und Arbeitszeiten;JAHR;Jahr;2017;DINSGF;Früheres Bundesgebiet / Neue Länder;DN;Neue Länder;WZ08C7;WZ2008 (ausgewählte Positionen): Tarifindex;WZ08-75;Veterinärwesen;92,4;2020=100;VST066;Index d.tarifl. Monatsverdienste ohne Sonderzahl.
62221;Vj. Index der Tarifverdienste und Arbeitszeiten;JAHR;Jahr;2017;DINSGF;Früheres Bundesgebiet / Neue Länder;DN;Neue Länder;WZ08C7;WZ2008 (ausgewählte Positionen): Tarifindex;WZ08-75;Veterinärwesen;100,0;2020=100;VST018;Index der tariflichen Wochenarbeitszeit
62221;Vj. Index der Tarifverdienste und Arbeitszeiten;JAHR;Jahr;2017;DINSGF;Früheres Bundesgebiet / Neue Länder;DN;Neue Länder;WZ08C7;WZ2008 (ausgewählte Positionen): Tarifindex;WZ08-75;Veterinärwesen;92,4;2020=100;VST065;Index d.tarifl. Stundenverdienste ohne Sonderzahl.
62221;Vj. Index der Tarifverdienste und Arbeitszeiten;JAHR;Jahr;2021;DINSGF;Früheres Bundesgebiet / Neue Länder;DF;Früheres Bundesgebiet;WZ08C7;WZ2008 (ausgewählte Positionen): Tarifindex;WZ08-A;Land- und Forstwirtschaft, Fischerei;101,5;2020=100;VST072;Index d.tarifl. Stundenverdienste mit Sonderzahl.
62221;Vj. Index der Tarifverdienste und Arbeitszeiten;JAHR;Jahr;2021;DINSGF;Früheres Bundesgebiet / Neue Länder;DF;Früheres Bundesgebiet;WZ08C7;WZ2008 (ausgewählte Positionen): Tarifindex;WZ08-A;Land- und Forstwirtschaft, Fischerei;101,5;2020=100;VST073;Index d.tarifl. Monatsverdienste mit Sonderzahl.
62221;Vj. Index der Tarifverdienste und Arbeitszeiten;JAHR;Jahr;2021;DINSGF;Früheres Bundesgebiet / Neue Länder;DF;Früheres Bundesgebiet;WZ08C7;WZ2008 (ausgewählte Positionen): Tarifindex;WZ08-A;Land- und Forstwirtschaft, Fischerei;39,8;h;VST019;Durchschnittliche tarifliche Wochenarbeitszeit
62221;Vj. Index der Tarifverdienste und Arbeitszeiten;JAHR;Jahr;2021;DINSGF;Früheres Bundesgebiet / Neue Länder;DF;Früheres Bundesgebiet;WZ08C7;WZ2008 (ausgewählte Positionen): Tarifindex;WZ08-A;Land- und Forstwirtschaft, Fischerei;101,3;2020=100;VST066;Index d.tarifl. Monatsverdienste ohne Sonderzahl.
62221;Vj. Index der Tarifverdienste und Arbeitszeiten;JAHR;Jahr;2021;DINSGF;Früheres Bundesgebiet / Neue Länder;DF;Früheres Bundesgebiet;WZ08C7;WZ2008 (ausgewählte Positionen): Tarifindex;WZ08-A;Land- und Forstwirtschaft, Fischerei;100,0;2020=100;VST018;Index der tariflichen Wochenarbeitszeit
62221;Vj. Index der Tarifverdienste und Arbeitszeiten;JAHR;Jahr;2021;DINSGF;Früheres Bundesgebiet / Neue Länder;DF;Früheres Bundesgebiet;WZ08C7;WZ2008 (ausgewählte Positionen): Tarifindex;WZ08-A;Land- und Forstwirtschaft, Fischerei;101,3;2020=100;VST065;Index d.tarifl. Stundenverdienste ohne Sonderzahl.
62221;Vj. Index der Tarifverdienste und Arbeitszeiten;JAHR;Jahr;2018;DINSGF;Früheres Bundesgebiet / Neue Länder;DN;Neue Länder;WZ08C7;WZ2008 (ausgewählte Positionen): Tarifindex;WZ08-68;Grundstücks- und Wohnungswesen;95,3;2020=100;VST072;Index d.tarifl. Stundenverdienste mit Sonderzahl.
62221;Vj. Index der Tarifverdienste und Arbeitszeiten;JAHR;Jahr;2018;DINSGF;Früheres Bundesgebiet / Neue Länder;DN;Neue Länder;WZ08C7;WZ2008 (ausgewählte Positionen): Tarifindex;WZ08-68;Grundstücks- und Wohnungswesen;95,3;2020=100;VST073;Index d.tarifl. Monatsverdienste mit Sonderzahl.
62221;Vj. Index der Tarifverdienste und Arbeitszeiten;JAHR;Jahr;2018;DINSGF;Früheres Bundesgebiet / Neue Länder;DN;Neue Länder;WZ08C7;WZ2008 (ausgewählte Positionen): Tarifindex;WZ08-68;Grundstücks- und Wohnungswesen;37,2;h;VST019;Durchschnittliche tarifliche Wochenarbeitszeit
62221;Vj. Index der Tarifverdienste und Arbeitszeiten;JAHR;Jahr;2018;DINSGF;Früheres Bundesgebiet / Neue Länder;DN;Neue Länder;WZ08C7;WZ2008 (ausgewählte Positionen): Tarifindex;WZ08-68;Grundstücks- und Wohnungswesen;96,1;2020=100;VST066;Index d.tarifl. Monatsverdienste ohne Sonderzahl.
62221;Vj. Index der Tarifverdienste und Arbeitszeiten;JAHR;Jahr;2018;DINSGF;Früheres Bundesgebiet / Neue Länder;DN;Neue Länder;WZ08C7;WZ2008 (ausgewählte Positionen): Tarifindex;WZ08-68;Grundstücks- und Wohnungswesen;100,0;2020=100;VST018;Index der tariflichen Wochenarbeitszeit
62221;Vj. Index der Tarifverdienste und Arbeitszeiten;JAHR;Jahr;2018;DINSGF;Früheres Bundesgebiet / Neue Länder;DN;Neue Länder;WZ08C7;WZ2008 (ausgewählte Positionen): Tarifindex;WZ08-68;Grundstücks- und Wohnungswesen;96,1;2020=100;VST065;Index d.tarifl. Stundenverdienste ohne Sonderzahl.
62221;Vj. Index der Tarifverdienste und Arbeitszeiten;JAHR;Jahr;2024;DINSGF;Früheres Bundesgebiet / Neue Länder;DN;Neue Länder;WZ08C7;WZ2008 (ausgewählte Positionen): Tarifindex;WZ08-A;Land- und Forstwirtschaft, Fischerei;112,0;2020=100;VST072;Index d.tarifl. Stundenverdienste mit Sonderzahl.
62221;Vj. Index der Tarifverdienste und Arbeitszeiten;JAHR;Jahr;2024;DINSGF;Früheres Bundesgebiet / Neue Länder;DN;Neue Länder;WZ08C7;WZ2008 (ausgewählte Positionen): Tarifindex;WZ08-A;Land- und Forstwirtschaft, Fischerei;112,0;2020=100;VST073;Index d.tarifl. Monatsverdienste mit Sonderzahl.
62221;Vj. Index der Tarifverdienste und Arbeitszeiten;JAHR;Jahr;2024;DINSGF;Früheres Bundesgebiet / Neue Länder;DN;Neue Länder;WZ08C7;WZ2008 (ausgewählte Positionen): Tarifindex;WZ08-A;Land- und Forstwirtschaft, Fischerei;39,8;h;VST019;Durchschnittliche tarifliche Wochenarbeitszeit
62221;Vj. Index der Tarifverdienste und Arbeitszeiten;JAHR;Jahr;2024;DINSGF;Früheres Bundesgebiet / Neue Länder;DN;Neue Länder;WZ08C7;WZ2008 (ausgewählte Positionen): Tarifindex;WZ08-A;Land- und Forstwirtschaft, Fischerei;109,6;2020=100;VST066;Index d.tarifl. Monatsverdienste ohne Sonderzahl.
62221;Vj. Index der Tarifverdienste und Arbeitszeiten;JAHR;Jahr;2024;DINSGF;Früheres Bundesgebiet / Neue Länder;DN;Neue Länder;WZ08C7;WZ2008 (ausgewählte Positionen): Tarifindex;WZ08-A;Land- und Forstwirtschaft, Fischerei;100,0;2020=100;VST018;Index der tariflichen Wochenarbeitszeit
62221;Vj. Index der Tarifverdienste und Arbeitszeiten;JAHR;Jahr;2024;DINSGF;Früheres Bundesgebiet / Neue Länder;DN;Neue Länder;WZ08C7;WZ2008 (ausgewählte Positionen): Tarifindex;WZ08-A;Land- und Forstwirtschaft, Fischerei;109,6;2020=100;VST065;Index d.tarifl. Stundenverdienste ohne Sonderzahl.
62221;Vj. Index der Tarifverdienste und Arbeitszeiten;JAHR;Jahr;2020;DINSGF;Früheres Bundesgebiet / Neue Länder;DF;Früheres Bundesgebiet;WZ08C7;WZ2008 (ausgewählte Positionen): Tarifindex;WZ08-12;Tabakverarbeitung;100,0;2020=100;VST072;Index d.tarifl. Stundenverdienste mit Sonderzahl.
62221;Vj. Index der Tarifverdienste und Arbeitszeiten;JAHR;Jahr;2020;DINSGF;Früheres Bundesgebiet / Neue Länder;DF;Früheres Bundesgebiet;WZ08C7;WZ2008 (ausgewählte Positionen): Tarifindex;WZ08-12;Tabakverarbeitung;100,0;2020=100;VST073;Index d.tarifl. Monatsverdienste mit Sonderzahl.
62221;Vj. Index der Tarifverdienste und Arbeitszeiten;JAHR;Jahr;2020;DINSGF;Früheres Bundesgebiet / Neue Länder;DF;Früheres Bundesgebiet;WZ08C7;WZ2008 (ausgewählte Positionen): Tarifindex;WZ08-12;Tabakverarbeitung;37,8;h;VST019;Durchschnittliche tarifliche Wochenarbeitszeit
62221;Vj. Index der Tarifverdienste und Arbeitszeiten;JAHR;Jahr;2020;DINSGF;Früheres Bundesgebiet / Neue Länder;DF;Früheres Bundesgebiet;WZ08C7;WZ2008 (ausgewählte Positionen): Tarifindex;WZ08-12;Tabakverarbeitung;100,0;2020=100;VST066;Index d.tarifl. Monatsverdienste ohne Sonderzahl.
62221;Vj. Index der Tarifverdienste und Arbeitszeiten;JAHR;Jahr;2020;DINSGF;Früheres Bundesgebiet / Neue Länder;DF;Früheres Bundesgebiet;WZ08C7;WZ2008 (ausgewählte Positionen): Tarifindex;WZ08-12;Tabakverarbeitung;100,0;2020=100;VST018;Index der tariflichen Wochenarbeitszeit
62221;Vj. Index der Tarifverdienste und Arbeitszeiten;JAHR;Jahr;2020;DINSGF;Früheres Bundesgebiet / Neue Länder;DF;Früheres Bundesgebiet;WZ08C7;WZ2008 (ausgewählte Positionen): Tarifindex;WZ08-12;Tabakverarbeitung;100,0;2020=100;VST065;Index d.tarifl. Stundenverdienste ohne Sonderzahl.
62221;Vj. Index der Tarifverdienste und Arbeitszeiten;JAHR;Jahr;2018;DINSGF;Früheres Bundesgebiet / Neue Länder;DN;Neue Länder;WZ08C7;WZ2008 (ausgewählte Positionen): Tarifindex;WZ08-59;Film, TV-Programme, Kinos, Tonstudios, Musikverlag;-;2020=100;VST072;Index d.tarifl. Stundenverdienste mit Sonderzahl.
62221;Vj. Index der Tarifverdienste und Arbeitszeiten;JAHR;Jahr;2018;DINSGF;Früheres Bundesgebiet / Neue Länder;DN;Neue Länder;WZ08C7;WZ2008 (ausgewählte Positionen): Tarifindex;WZ08-59;Film, TV-Programme, Kinos, Tonstudios, Musikverlag;-;2020=100;VST073;Index d.tarifl. Monatsverdienste mit Sonderzahl.
62221;Vj. Index der Tarifverdienste und Arbeitszeiten;JAHR;Jahr;2018;DINSGF;Früheres Bundesgebiet / Neue Länder;DN;Neue Länder;WZ08C7;WZ2008 (ausgewählte Positionen): Tarifindex;WZ08-59;Film, TV-Programme, Kinos, Tonstudios, Musikverlag;-;h;VST019;Durchschnittliche tarifliche Wochenarbeitszeit
62221;Vj. Index der Tarifverdienste und Arbeitszeiten;JAHR;Jahr;2018;DINSGF;Früheres Bundesgebiet / Neue Länder;DN;Neue Länder;WZ08C7;WZ2008 (ausgewählte Positionen): Tarifindex;WZ08-59;Film, TV-Programme, Kinos, Tonstudios, Musikverlag;-;2020=100;VST066;Index d.tarifl. Monatsverdienste ohne Sonderzahl.
62221;Vj. Index der Tarifverdienste und Arbeitszeiten;JAHR;Jahr;2018;DINSGF;Früheres Bundesgebiet / Neue Länder;DN;Neue Länder;WZ08C7;WZ2008 (ausgewählte Positionen): Tarifindex;WZ08-59;Film, TV-Programme, Kinos, Tonstudios, Musikverlag;-;2020=100;VST018;Index der tariflichen Wochenarbeitszeit
62221;Vj. Index der Tarifverdienste und Arbeitszeiten;JAHR;Jahr;2018;DINSGF;Früheres Bundesgebiet / Neue Länder;DN;Neue Länder;WZ08C7;WZ2008 (ausgewählte Positionen): Tarifindex;WZ08-59;Film, TV-Programme, Kinos, Tonstudios, Musikverlag;-;2020=100;VST065;Index d.tarifl. Stundenverdienste ohne Sonderzahl.
62221;Vj. Index der Tarifverdienste und Arbeitszeiten;JAHR;Jahr;2018;DINSGF;Früheres Bundesgebiet / Neue Länder;DN;Neue Länder;WZ08C7;WZ2008 (ausgewählte Positionen): Tarifindex;WZ08-53;Post-, Kurier- und Expressdienste;94,1;2020=100;VST072;Index d.tarifl. Stundenverdienste mit Sonderzahl.
62221;Vj. Index der Tarifverdienste und Arbeitszeiten;JAHR;Jahr;2018;DINSGF;Früheres Bundesgebiet / Neue Länder;DN;Neue Länder;WZ08C7;WZ2008 (ausgewählte Positionen): Tarifindex;WZ08-53;Post-, Kurier- und Expressdienste;94,1;2020=100;VST073;Index d.tarifl. Monatsverdienste mit Sonderzahl.
62221;Vj. Index der Tarifverdienste und Arbeitszeiten;JAHR;Jahr;2018;DINSGF;Früheres Bundesgebiet / Neue Länder;DN;Neue Länder;WZ08C7;WZ2008 (ausgewählte Positionen): Tarifindex;WZ08-53;Post-, Kurier- und Expressdienste;38,9;h;VST019;Durchschnittliche tarifliche Wochenarbeitszeit
62221;Vj. Index der Tarifverdienste und Arbeitszeiten;JAHR;Jahr;2018;DINSGF;Früheres Bundesgebiet / Neue Länder;DN;Neue Länder;WZ08C7;WZ2008 (ausgewählte Positionen): Tarifindex;WZ08-53;Post-, Kurier- und Expressdienste;94,7;2020=100;VST066;Index d.tarifl. Monatsverdienste ohne Sonderzahl.
62221;Vj. Index der Tarifverdienste und Arbeitszeiten;JAHR;Jahr;2018;DINSGF;Früheres Bundesgebiet / Neue Länder;DN;Neue Länder;WZ08C7;WZ2008 (ausgewählte Positionen): Tarifindex;WZ08-53;Post-, Kurier- und Expressdienste;100,0;2020=100;VST018;Index der tariflichen Wochenarbeitszeit
62221;Vj. Index der Tarifverdienste und Arbeitszeiten;JAHR;Jahr;2018;DINSGF;Früheres Bundesgebiet / Neue Länder;DN;Neue Länder;WZ08C7;WZ2008 (ausgewählte Positionen): Tarifindex;WZ08-53;Post-, Kurier- und Expressdienste;94,7;2020=100;VST065;Index d.tarifl. Stundenverdienste ohne Sonderzahl.
62221;Vj. Index der Tarifverdienste und Arbeitszeiten;JAHR;Jahr;2020;DINSGF;Früheres Bundesgebiet / Neue Länder;DF;Früheres Bundesgebiet;WZ08C7;WZ2008 (ausgewählte Positionen): Tarifindex;WZ08-Q;Gesundheits- und Sozialwesen;100,0;2020=100;VST072;Index d.tarifl. Stundenverdienste mit Sonderzahl.
62221;Vj. Index der Tarifverdienste und Arbeitszeiten;JAHR;Jahr;2020;DINSGF;Früheres Bundesgebiet / Neue Länder;DF;Früheres Bundesgebiet;WZ08C7;WZ2008 (ausgewählte Positionen): Tarifindex;WZ08-Q;Gesundheits- und Sozialwesen;100,0;2020=100;VST073;Index d.tarifl. Monatsverdienste mit Sonderzahl.
62221;Vj. Index der Tarifverdienste und Arbeitszeiten;JAHR;Jahr;2020;DINSGF;Früheres Bundesgebiet / Neue Länder;DF;Früheres Bundesgebiet;WZ08C7;WZ2008 (ausgewählte Positionen): Tarifindex;WZ08-Q;Gesundheits- und Sozialwesen;39,2;h;VST019;Durchschnittliche tarifliche Wochenarbeitszeit
62221;Vj. Index der Tarifverdienste und Arbeitszeiten;JAHR;Jahr;2020;DINSGF;Früheres Bundesgebiet / Neue Länder;DF;Früheres Bundesgebiet;WZ08C7;WZ2008 (ausgewählte Positionen): Tarifindex;WZ08-Q;Gesundheits- und Sozialwesen;100,0;2020=100;VST066;Index d.tarifl. Monatsverdienste ohne Sonderzahl.
62221;Vj. Index der Tarifverdienste und Arbeitszeiten;JAHR;Jahr;2020;DINSGF;Früheres Bundesgebiet / Neue Länder;DF;Früheres Bundesgebiet;WZ08C7;WZ2008 (ausgewählte Positionen): Tarifindex;WZ08-Q;Gesundheits- und Sozialwesen;100,0;2020=100;VST018;Index der tariflichen Wochenarbeitszeit
62221;Vj. Index der Tarifverdienste und Arbeitszeiten;JAHR;Jahr;2020;DINSGF;Früheres Bundesgebiet / Neue Länder;DF;Früheres Bundesgebiet;WZ08C7;WZ2008 (ausgewählte Positionen): Tarifindex;WZ08-Q;Gesundheits- und Sozialwesen;100,0;2020=100;VST065;Index d.tarifl. Stundenverdienste ohne Sonderzahl.
62221;Vj. Index der Tarifverdienste und Arbeitszeiten;JAHR;Jahr;2023;DINSGF;Früheres Bundesgebiet / Neue Länder;DN;Neue Länder;WZ08C7;WZ2008 (ausgewählte Positionen): Tarifindex;WZ08-G-03;Wirtschaftliche Dienstleistungen;109,6;2020=100;VST072;Index d.tarifl. Stundenverdienste mit Sonderzahl.
62221;Vj. Index der Tarifverdienste und Arbeitszeiten;JAHR;Jahr;2023;DINSGF;Früheres Bundesgebiet / Neue Länder;DN;Neue Länder;WZ08C7;WZ2008 (ausgewählte Positionen): Tarifindex;WZ08-G-03;Wirtschaftliche Dienstleistungen;109,6;2020=100;VST073;Index d.tarifl. Monatsverdienste mit Sonderzahl.
62221;Vj. Index der Tarifverdienste und Arbeitszeiten;JAHR;Jahr;2023;DINSGF;Früheres Bundesgebiet / Neue Länder;DN;Neue Länder;WZ08C7;WZ2008 (ausgewählte Positionen): Tarifindex;WZ08-G-03;Wirtschaftliche Dienstleistungen;38,4;h;VST019;Durchschnittliche tarifliche Wochenarbeitszeit
62221;Vj. Index der Tarifverdienste und Arbeitszeiten;JAHR;Jahr;2023;DINSGF;Früheres Bundesgebiet / Neue Länder;DN;Neue Länder;WZ08C7;WZ2008 (ausgewählte Positionen): Tarifindex;WZ08-G-03;Wirtschaftliche Dienstleistungen;108,4;2020=100;VST066;Index d.tarifl. Monatsverdienste ohne Sonderzahl.
62221;Vj. Index der Tarifverdienste und Arbeitszeiten;JAHR;Jahr;2023;DINSGF;Früheres Bundesgebiet / Neue Länder;DN;Neue Länder;WZ08C7;WZ2008 (ausgewählte Positionen): Tarifindex;WZ08-G-03;Wirtschaftliche Dienstleistungen;100,0;2020=100;VST018;Index der tariflichen Wochenarbeitszeit
62221;Vj. Index der Tarifverdienste und Arbeitszeiten;JAHR;Jahr;2023;DINSGF;Früheres Bundesgebiet / Neue Länder;DN;Neue Länder;WZ08C7;WZ2008 (ausgewählte Positionen): Tarifindex;WZ08-G-03;Wirtschaftliche Dienstleistungen;108,4;2020=100;VST065;Index d.tarifl. Stundenverdienste ohne Sonderzahl.
62221;Vj. Index der Tarifverdienste und Arbeitszeiten;JAHR;Jahr;2018;DINSGF;Früheres Bundesgebiet / Neue Länder;DN;Neue Länder;WZ08C7;WZ2008 (ausgewählte Positionen): Tarifindex;WZ08-55-01;Gastgewerbe;94,3;2020=100;VST072;Index d.tarifl. Stundenverdienste mit Sonderzahl.
62221;Vj. Index der Tarifverdienste und Arbeitszeiten;JAHR;Jahr;2018;DINSGF;Früheres Bundesgebiet / Neue Länder;DN;Neue Länder;WZ08C7;WZ2008 (ausgewählte Positionen): Tarifindex;WZ08-55-01;Gastgewerbe;94,3;2020=100;VST073;Index d.tarifl. Monatsverdienste mit Sonderzahl.
62221;Vj. Index der Tarifverdienste und Arbeitszeiten;JAHR;Jahr;2018;DINSGF;Früheres Bundesgebiet / Neue Länder;DN;Neue Länder;WZ08C7;WZ2008 (ausgewählte Positionen): Tarifindex;WZ08-55-01;Gastgewerbe;39,5;h;VST019;Durchschnittliche tarifliche Wochenarbeitszeit
62221;Vj. Index der Tarifverdienste und Arbeitszeiten;JAHR;Jahr;2018;DINSGF;Früheres Bundesgebiet / Neue Länder;DN;Neue Länder;WZ08C7;WZ2008 (ausgewählte Positionen): Tarifindex;WZ08-55-01;Gastgewerbe;93,8;2020=100;VST066;Index d.tarifl. Monatsverdienste ohne Sonderzahl.
62221;Vj. Index der Tarifverdienste und Arbeitszeiten;JAHR;Jahr;2018;DINSGF;Früheres Bundesgebiet / Neue Länder;DN;Neue Länder;WZ08C7;WZ2008 (ausgewählte Positionen): Tarifindex;WZ08-55-01;Gastgewerbe;100,0;2020=100;VST018;Index der tariflichen Wochenarbeitszeit
62221;Vj. Index der Tarifverdienste und Arbeitszeiten;JAHR;Jahr;2018;DINSGF;Früheres Bundesgebiet / Neue Länder;DN;Neue Länder;WZ08C7;WZ2008 (ausgewählte Positionen): Tarifindex;WZ08-55-01;Gastgewerbe;93,8;2020=100;VST065;Index d.tarifl. Stundenverdienste ohne Sonderzahl.
62221;Vj. Index der Tarifverdienste und Arbeitszeiten;JAHR;Jahr;2017;DINSGF;Früheres Bundesgebiet / Neue Länder;DN;Neue Länder;WZ08C7;WZ2008 (ausgewählte Positionen): Tarifindex;WZ08-84;Öff. Verwaltung, Verteidigung, Sozialversicherung;91,9;2020=100;VST072;Index d.tarifl. Stundenverdienste mit Sonderzahl.
62221;Vj. Index der Tarifverdienste und Arbeitszeiten;JAHR;Jahr;2017;DINSGF;Früheres Bundesgebiet / Neue Länder;DN;Neue Länder;WZ08C7;WZ2008 (ausgewählte Positionen): Tarifindex;WZ08-84;Öff. Verwaltung, Verteidigung, Sozialversicherung;91,9;2020=100;VST073;Index d.tarifl. Monatsverdienste mit Sonderzahl.
62221;Vj. Index der Tarifverdienste und Arbeitszeiten;JAHR;Jahr;2017;DINSGF;Früheres Bundesgebiet / Neue Länder;DN;Neue Länder;WZ08C7;WZ2008 (ausgewählte Positionen): Tarifindex;WZ08-84;Öff. Verwaltung, Verteidigung, Sozialversicherung;39,7;h;VST019;Durchschnittliche tarifliche Wochenarbeitszeit
62221;Vj. Index der Tarifverdienste und Arbeitszeiten;JAHR;Jahr;2017;DINSGF;Früheres Bundesgebiet / Neue Länder;DN;Neue Länder;WZ08C7;WZ2008 (ausgewählte Positionen): Tarifindex;WZ08-84;Öff. Verwaltung, Verteidigung, Sozialversicherung;91,6;2020=100;VST066;Index d.tarifl. Monatsverdienste ohne Sonderzahl.
62221;Vj. Index der Tarifverdienste und Arbeitszeiten;JAHR;Jahr;2017;DINSGF;Früheres Bundesgebiet / Neue Länder;DN;Neue Länder;WZ08C7;WZ2008 (ausgewählte Positionen): Tarifindex;WZ08-84;Öff. Verwaltung, Verteidigung, Sozialversicherung;100,0;2020=100;VST018;Index der tariflichen Wochenarbeitszeit
62221;Vj. Index der Tarifverdienste und Arbeitszeiten;JAHR;Jahr;2017;DINSGF;Früheres Bundesgebiet / Neue Länder;DN;Neue Länder;WZ08C7;WZ2008 (ausgewählte Positionen): Tarifindex;WZ08-84;Öff. Verwaltung, Verteidigung, Sozialversicherung;91,6;2020=100;VST065;Index d.tarifl. Stundenverdienste ohne Sonderzahl.
62221;Vj. Index der Tarifverdienste und Arbeitszeiten;JAHR;Jahr;2020;DINSGF;Früheres Bundesgebiet / Neue Länder;DF;Früheres Bundesgebiet;WZ08C7;WZ2008 (ausgewählte Positionen): Tarifindex;WZ08-27;Herstellung von elektrischen Ausrüstungen;100,0;2020=100;VST072;Index d.tarifl. Stundenverdienste mit Sonderzahl.
62221;Vj. Index der Tarifverdienste und Arbeitszeiten;JAHR;Jahr;2020;DINSGF;Früheres Bundesgebiet / Neue Länder;DF;Früheres Bundesgebiet;WZ08C7;WZ2008 (ausgewählte Positionen): Tarifindex;WZ08-27;Herstellung von elektrischen Ausrüstungen;100,0;2020=100;VST073;Index d.tarifl. Monatsverdienste mit Sonderzahl.
62221;Vj. Index der Tarifverdienste und Arbeitszeiten;JAHR;Jahr;2020;DINSGF;Früheres Bundesgebiet / Neue Länder;DF;Früheres Bundesgebiet;WZ08C7;WZ2008 (ausgewählte Positionen): Tarifindex;WZ08-27;Herstellung von elektrischen Ausrüstungen;35,1;h;VST019;Durchschnittliche tarifliche Wochenarbeitszeit
62221;Vj. Index der Tarifverdienste und Arbeitszeiten;JAHR;Jahr;2020;DINSGF;Früheres Bundesgebiet / Neue Länder;DF;Früheres Bundesgebiet;WZ08C7;WZ2008 (ausgewählte Positionen): Tarifindex;WZ08-27;Herstellung von elektrischen Ausrüstungen;100,0;2020=100;VST066;Index d.tarifl. Monatsverdienste ohne Sonderzahl.
62221;Vj. Index der Tarifverdienste und Arbeitszeiten;JAHR;Jahr;2020;DINSGF;Früheres Bundesgebiet / Neue Länder;DF;Früheres Bundesgebiet;WZ08C7;WZ2008 (ausgewählte Positionen): Tarifindex;WZ08-27;Herstellung von elektrischen Ausrüstungen;100,0;2020=100;VST018;Index der tariflichen Wochenarbeitszeit
62221;Vj. Index der Tarifverdienste und Arbeitszeiten;JAHR;Jahr;2020;DINSGF;Früheres Bundesgebiet / Neue Länder;DF;Früheres Bundesgebiet;WZ08C7;WZ2008 (ausgewählte Positionen): Tarifindex;WZ08-27;Herstellung von elektrischen Ausrüstungen;100,0;2020=100;VST065;Index d.tarifl. Stundenverdienste ohne Sonderzahl.
62221;Vj. Index der Tarifverdienste und Arbeitszeiten;JAHR;Jahr;2019;DINSGF;Früheres Bundesgebiet / Neue Länder;DN;Neue Länder;WZ08C7;WZ2008 (ausgewählte Positionen): Tarifindex;WZ08-491-01;Personen- u. Güterbeförderung im Eisenbahnverkehr;99,0;2020=100;VST072;Index d.tarifl. Stundenverdienste mit Sonderzahl.
62221;Vj. Index der Tarifverdienste und Arbeitszeiten;JAHR;Jahr;2019;DINSGF;Früheres Bundesgebiet / Neue Länder;DN;Neue Länder;WZ08C7;WZ2008 (ausgewählte Positionen): Tarifindex;WZ08-491-01;Personen- u. Güterbeförderung im Eisenbahnverkehr;99,0;2020=100;VST073;Index d.tarifl. Monatsverdienste mit Sonderzahl.
62221;Vj. Index der Tarifverdienste und Arbeitszeiten;JAHR;Jahr;2019;DINSGF;Früheres Bundesgebiet / Neue Länder;DN;Neue Länder;WZ08C7;WZ2008 (ausgewählte Positionen): Tarifindex;WZ08-491-01;Personen- u. Güterbeförderung im Eisenbahnverkehr;39,2;h;VST019;Durchschnittliche tarifliche Wochenarbeitszeit
62221;Vj. Index der Tarifverdienste und Arbeitszeiten;JAHR;Jahr;2019;DINSGF;Früheres Bundesgebiet / Neue Länder;DN;Neue Länder;WZ08C7;WZ2008 (ausgewählte Positionen): Tarifindex;WZ08-491-01;Personen- u. Güterbeförderung im Eisenbahnverkehr;97,3;2020=100;VST066;Index d.tarifl. Monatsverdienste ohne Sonderzahl.
62221;Vj. Index der Tarifverdienste und Arbeitszeiten;JAHR;Jahr;2019;DINSGF;Früheres Bundesgebiet / Neue Länder;DN;Neue Länder;WZ08C7;WZ2008 (ausgewählte Positionen): Tarifindex;WZ08-491-01;Personen- u. Güterbeförderung im Eisenbahnverkehr;100,0;2020=100;VST018;Index der tariflichen Wochenarbeitszeit
62221;Vj. Index der Tarifverdienste und Arbeitszeiten;JAHR;Jahr;2019;DINSGF;Früheres Bundesgebiet / Neue Länder;DN;Neue Länder;WZ08C7;WZ2008 (ausgewählte Positionen): Tarifindex;WZ08-491-01;Personen- u. Güterbeförderung im Eisenbahnverkehr;97,4;2020=100;VST065;Index d.tarifl. Stundenverdienste ohne Sonderzahl.
62221;Vj. Index der Tarifverdienste und Arbeitszeiten;JAHR;Jahr;2020;DINSGF;Früheres Bundesgebiet / Neue Länder;DF;Früheres Bundesgebiet;WZ08C7;WZ2008 (ausgewählte Positionen): Tarifindex;WZ08-21;Herstellung von pharmazeutischen Erzeugnissen;100,0;2020=100;VST072;Index d.tarifl. Stundenverdienste mit Sonderzahl.
62221;Vj. Index der Tarifverdienste und Arbeitszeiten;JAHR;Jahr;2020;DINSGF;Früheres Bundesgebiet / Neue Länder;DF;Früheres Bundesgebiet;WZ08C7;WZ2008 (ausgewählte Positionen): Tarifindex;WZ08-21;Herstellung von pharmazeutischen Erzeugnissen;100,0;2020=100;VST073;Index d.tarifl. Monatsverdienste mit Sonderzahl.
62221;Vj. Index der Tarifverdienste und Arbeitszeiten;JAHR;Jahr;2020;DINSGF;Früheres Bundesgebiet / Neue Länder;DF;Früheres Bundesgebiet;WZ08C7;WZ2008 (ausgewählte Positionen): Tarifindex;WZ08-21;Herstellung von pharmazeutischen Erzeugnissen;37,6;h;VST019;Durchschnittliche tarifliche Wochenarbeitszeit
62221;Vj. Index der Tarifverdienste und Arbeitszeiten;JAHR;Jahr;2020;DINSGF;Früheres Bundesgebiet / Neue Länder;DF;Früheres Bundesgebiet;WZ08C7;WZ2008 (ausgewählte Positionen): Tarifindex;WZ08-21;Herstellung von pharmazeutischen Erzeugnissen;100,0;2020=100;VST066;Index d.tarifl. Monatsverdienste ohne Sonderzahl.
62221;Vj. Index der Tarifverdienste und Arbeitszeiten;JAHR;Jahr;2020;DINSGF;Früheres Bundesgebiet / Neue Länder;DF;Früheres Bundesgebiet;WZ08C7;WZ2008 (ausgewählte Positionen): Tarifindex;WZ08-21;Herstellung von pharmazeutischen Erzeugnissen;100,0;2020=100;VST018;Index der tariflichen Wochenarbeitszeit
62221;Vj. Index der Tarifverdienste und Arbeitszeiten;JAHR;Jahr;2020;DINSGF;Früheres Bundesgebiet / Neue Länder;DF;Früheres Bundesgebiet;WZ08C7;WZ2008 (ausgewählte Positionen): Tarifindex;WZ08-21;Herstellung von pharmazeutischen Erzeugnissen;100,0;2020=100;VST065;Index d.tarifl. Stundenverdienste ohne Sonderzahl.
62221;Vj. Index der Tarifverdienste und Arbeitszeiten;JAHR;Jahr;2019;DINSGF;Früheres Bundesgebiet / Neue Länder;DF;Früheres Bundesgebiet;WZ08C7;WZ2008 (ausgewählte Positionen): Tarifindex;WZ08-O;Öff. Verwaltung, Verteidigung, Sozialversicherung;97,1;2020=100;VST072;Index d.tarifl. Stundenverdienste mit Sonderzahl.
62221;Vj. Index der Tarifverdienste und Arbeitszeiten;JAHR;Jahr;2019;DINSGF;Früheres Bundesgebiet / Neue Länder;DF;Früheres Bundesgebiet;WZ08C7;WZ2008 (ausgewählte Positionen): Tarifindex;WZ08-O;Öff. Verwaltung, Verteidigung, Sozialversicherung;97,1;2020=100;VST073;Index d.tarifl. Monatsverdienste mit Sonderzahl.
62221;Vj. Index der Tarifverdienste und Arbeitszeiten;JAHR;Jahr;2019;DINSGF;Früheres Bundesgebiet / Neue Länder;DF;Früheres Bundesgebiet;WZ08C7;WZ2008 (ausgewählte Positionen): Tarifindex;WZ08-O;Öff. Verwaltung, Verteidigung, Sozialversicherung;40,1;h;VST019;Durchschnittliche tarifliche Wochenarbeitszeit
62221;Vj. Index der Tarifverdienste und Arbeitszeiten;JAHR;Jahr;2019;DINSGF;Früheres Bundesgebiet / Neue Länder;DF;Früheres Bundesgebiet;WZ08C7;WZ2008 (ausgewählte Positionen): Tarifindex;WZ08-O;Öff. Verwaltung, Verteidigung, Sozialversicherung;96,9;2020=100;VST066;Index d.tarifl. Monatsverdienste ohne Sonderzahl.
62221;Vj. Index der Tarifverdienste und Arbeitszeiten;JAHR;Jahr;2019;DINSGF;Früheres Bundesgebiet / Neue Länder;DF;Früheres Bundesgebiet;WZ08C7;WZ2008 (ausgewählte Positionen): Tarifindex;WZ08-O;Öff. Verwaltung, Verteidigung, Sozialversicherung;100,0;2020=100;VST018;Index der tariflichen Wochenarbeitszeit
62221;Vj. Index der Tarifverdienste und Arbeitszeiten;JAHR;Jahr;2019;DINSGF;Früheres Bundesgebiet / Neue Länder;DF;Früheres Bundesgebiet;WZ08C7;WZ2008 (ausgewählte Positionen): Tarifindex;WZ08-O;Öff. Verwaltung, Verteidigung, Sozialversicherung;96,9;2020=100;VST065;Index d.tarifl. Stundenverdienste ohne Sonderzahl.
62221;Vj. Index der Tarifverdienste und Arbeitszeiten;JAHR;Jahr;2017;DINSGF;Früheres Bundesgebiet / Neue Länder;DN;Neue Länder;WZ08C7;WZ2008 (ausgewählte Positionen): Tarifindex;WZ08-66;Mit Finanz- u. Versicherungsdienstl. verb. Tätigk.;94,9;2020=100;VST072;Index d.tarifl. Stundenverdienste mit Sonderzahl.
62221;Vj. Index der Tarifverdienste und Arbeitszeiten;JAHR;Jahr;2017;DINSGF;Früheres Bundesgebiet / Neue Länder;DN;Neue Länder;WZ08C7;WZ2008 (ausgewählte Positionen): Tarifindex;WZ08-66;Mit Finanz- u. Versicherungsdienstl. verb. Tätigk.;94,9;2020=100;VST073;Index d.tarifl. Monatsverdienste mit Sonderzahl.
62221;Vj. Index der Tarifverdienste und Arbeitszeiten;JAHR;Jahr;2017;DINSGF;Früheres Bundesgebiet / Neue Länder;DN;Neue Länder;WZ08C7;WZ2008 (ausgewählte Positionen): Tarifindex;WZ08-66;Mit Finanz- u. Versicherungsdienstl. verb. Tätigk.;38,1;h;VST019;Durchschnittliche tarifliche Wochenarbeitszeit
62221;Vj. Index der Tarifverdienste und Arbeitszeiten;JAHR;Jahr;2017;DINSGF;Früheres Bundesgebiet / Neue Länder;DN;Neue Länder;WZ08C7;WZ2008 (ausgewählte Positionen): Tarifindex;WZ08-66;Mit Finanz- u. Versicherungsdienstl. verb. Tätigk.;94,9;2020=100;VST066;Index d.tarifl. Monatsverdienste ohne Sonderzahl.
62221;Vj. Index der Tarifverdienste und Arbeitszeiten;JAHR;Jahr;2017;DINSGF;Früheres Bundesgebiet / Neue Länder;DN;Neue Länder;WZ08C7;WZ2008 (ausgewählte Positionen): Tarifindex;WZ08-66;Mit Finanz- u. Versicherungsdienstl. verb. Tätigk.;100,0;2020=100;VST018;Index der tariflichen Wochenarbeitszeit
62221;Vj. Index der Tarifverdienste und Arbeitszeiten;JAHR;Jahr;2017;DINSGF;Früheres Bundesgebiet / Neue Länder;DN;Neue Länder;WZ08C7;WZ2008 (ausgewählte Positionen): Tarifindex;WZ08-66;Mit Finanz- u. Versicherungsdienstl. verb. Tätigk.;94,9;2020=100;VST065;Index d.tarifl. Stundenverdienste ohne Sonderzahl.
62221;Vj. Index der Tarifverdienste und Arbeitszeiten;JAHR;Jahr;2023;DINSGF;Früheres Bundesgebiet / Neue Länder;DN;Neue Länder;WZ08C7;WZ2008 (ausgewählte Positionen): Tarifindex;WZ08-K;Erbringung v. Finanz- u. Versicherungsdienstleist.;106,0;2020=100;VST072;Index d.tarifl. Stundenverdienste mit Sonderzahl.
62221;Vj. Index der Tarifverdienste und Arbeitszeiten;JAHR;Jahr;2023;DINSGF;Früheres Bundesgebiet / Neue Länder;DN;Neue Länder;WZ08C7;WZ2008 (ausgewählte Positionen): Tarifindex;WZ08-K;Erbringung v. Finanz- u. Versicherungsdienstleist.;106,0;2020=100;VST073;Index d.tarifl. Monatsverdienste mit Sonderzahl.
62221;Vj. Index der Tarifverdienste und Arbeitszeiten;JAHR;Jahr;2023;DINSGF;Früheres Bundesgebiet / Neue Länder;DN;Neue Länder;WZ08C7;WZ2008 (ausgewählte Positionen): Tarifindex;WZ08-K;Erbringung v. Finanz- u. Versicherungsdienstleist.;38,9;h;VST019;Durchschnittliche tarifliche Wochenarbeitszeit
62221;Vj. Index der Tarifverdienste und Arbeitszeiten;JAHR;Jahr;2023;DINSGF;Früheres Bundesgebiet / Neue Länder;DN;Neue Länder;WZ08C7;WZ2008 (ausgewählte Positionen): Tarifindex;WZ08-K;Erbringung v. Finanz- u. Versicherungsdienstleist.;104,4;2020=100;VST066;Index d.tarifl. Monatsverdienste ohne Sonderzahl.
62221;Vj. Index der Tarifverdienste und Arbeitszeiten;JAHR;Jahr;2023;DINSGF;Früheres Bundesgebiet / Neue Länder;DN;Neue Länder;WZ08C7;WZ2008 (ausgewählte Positionen): Tarifindex;WZ08-K;Erbringung v. Finanz- u. Versicherungsdienstleist.;100,0;2020=100;VST018;Index der tariflichen Wochenarbeitszeit
62221;Vj. Index der Tarifverdienste und Arbeitszeiten;JAHR;Jahr;2023;DINSGF;Früheres Bundesgebiet / Neue Länder;DN;Neue Länder;WZ08C7;WZ2008 (ausgewählte Positionen): Tarifindex;WZ08-K;Erbringung v. Finanz- u. Versicherungsdienstleist.;104,4;2020=100;VST065;Index d.tarifl. Stundenverdienste ohne Sonderzahl.
62221;Vj. Index der Tarifverdienste und Arbeitszeiten;JAHR;Jahr;2020;DINSGF;Früheres Bundesgebiet / Neue Länder;DF;Früheres Bundesgebiet;WZ08C7;WZ2008 (ausgewählte Positionen): Tarifindex;WZ08-18;H.v. Druckerz., Vervielf.v.Ton-,Bild-,Datenträgern;100,0;2020=100;VST072;Index d.tarifl. Stundenverdienste mit Sonderzahl.
62221;Vj. Index der Tarifverdienste und Arbeitszeiten;JAHR;Jahr;2020;DINSGF;Früheres Bundesgebiet / Neue Länder;DF;Früheres Bundesgebiet;WZ08C7;WZ2008 (ausgewählte Positionen): Tarifindex;WZ08-18;H.v. Druckerz., Vervielf.v.Ton-,Bild-,Datenträgern;100,0;2020=100;VST073;Index d.tarifl. Monatsverdienste mit Sonderzahl.
62221;Vj. Index der Tarifverdienste und Arbeitszeiten;JAHR;Jahr;2020;DINSGF;Früheres Bundesgebiet / Neue Länder;DF;Früheres Bundesgebiet;WZ08C7;WZ2008 (ausgewählte Positionen): Tarifindex;WZ08-18;H.v. Druckerz., Vervielf.v.Ton-,Bild-,Datenträgern;35,3;h;VST019;Durchschnittliche tarifliche Wochenarbeitszeit
62221;Vj. Index der Tarifverdienste und Arbeitszeiten;JAHR;Jahr;2020;DINSGF;Früheres Bundesgebiet / Neue Länder;DF;Früheres Bundesgebiet;WZ08C7;WZ2008 (ausgewählte Positionen): Tarifindex;WZ08-18;H.v. Druckerz., Vervielf.v.Ton-,Bild-,Datenträgern;100,0;2020=100;VST066;Index d.tarifl. Monatsverdienste ohne Sonderzahl.
62221;Vj. Index der Tarifverdienste und Arbeitszeiten;JAHR;Jahr;2020;DINSGF;Früheres Bundesgebiet / Neue Länder;DF;Früheres Bundesgebiet;WZ08C7;WZ2008 (ausgewählte Positionen): Tarifindex;WZ08-18;H.v. Druckerz., Vervielf.v.Ton-,Bild-,Datenträgern;100,0;2020=100;VST018;Index der tariflichen Wochenarbeitszeit
62221;Vj. Index der Tarifverdienste und Arbeitszeiten;JAHR;Jahr;2020;DINSGF;Früheres Bundesgebiet / Neue Länder;DF;Früheres Bundesgebiet;WZ08C7;WZ2008 (ausgewählte Positionen): Tarifindex;WZ08-18;H.v. Druckerz., Vervielf.v.Ton-,Bild-,Datenträgern;100,0;2020=100;VST065;Index d.tarifl. Stundenverdienste ohne Sonderzahl.
62221;Vj. Index der Tarifverdienste und Arbeitszeiten;JAHR;Jahr;2021;DINSGF;Früheres Bundesgebiet / Neue Länder;DN;Neue Länder;WZ08C7;WZ2008 (ausgewählte Positionen): Tarifindex;WZ08-38-01;Recycling, Beseitigung von Umweltverschmutzungen;101,1;2020=100;VST072;Index d.tarifl. Stundenverdienste mit Sonderzahl.
62221;Vj. Index der Tarifverdienste und Arbeitszeiten;JAHR;Jahr;2021;DINSGF;Früheres Bundesgebiet / Neue Länder;DN;Neue Länder;WZ08C7;WZ2008 (ausgewählte Positionen): Tarifindex;WZ08-38-01;Recycling, Beseitigung von Umweltverschmutzungen;101,1;2020=100;VST073;Index d.tarifl. Monatsverdienste mit Sonderzahl.
62221;Vj. Index der Tarifverdienste und Arbeitszeiten;JAHR;Jahr;2021;DINSGF;Früheres Bundesgebiet / Neue Länder;DN;Neue Länder;WZ08C7;WZ2008 (ausgewählte Positionen): Tarifindex;WZ08-38-01;Recycling, Beseitigung von Umweltverschmutzungen;39,2;h;VST019;Durchschnittliche tarifliche Wochenarbeitszeit
62221;Vj. Index der Tarifverdienste und Arbeitszeiten;JAHR;Jahr;2021;DINSGF;Früheres Bundesgebiet / Neue Länder;DN;Neue Länder;WZ08C7;WZ2008 (ausgewählte Positionen): Tarifindex;WZ08-38-01;Recycling, Beseitigung von Umweltverschmutzungen;101,6;2020=100;VST066;Index d.tarifl. Monatsverdienste ohne Sonderzahl.
62221;Vj. Index der Tarifverdienste und Arbeitszeiten;JAHR;Jahr;2021;DINSGF;Früheres Bundesgebiet / Neue Länder;DN;Neue Länder;WZ08C7;WZ2008 (ausgewählte Positionen): Tarifindex;WZ08-38-01;Recycling, Beseitigung von Umweltverschmutzungen;100,0;2020=100;VST018;Index der tariflichen Wochenarbeitszeit
62221;Vj. Index der Tarifverdienste und Arbeitszeiten;JAHR;Jahr;2021;DINSGF;Früheres Bundesgebiet / Neue Länder;DN;Neue Länder;WZ08C7;WZ2008 (ausgewählte Positionen): Tarifindex;WZ08-38-01;Recycling, Beseitigung von Umweltverschmutzungen;101,6;2020=100;VST065;Index d.tarifl. Stundenverdienste ohne Sonderzahl.
62221;Vj. Index der Tarifverdienste und Arbeitszeiten;JAHR;Jahr;2021;DINSGF;Früheres Bundesgebiet / Neue Länder;DF;Früheres Bundesgebiet;WZ08C7;WZ2008 (ausgewählte Positionen): Tarifindex;WZ08-G;Handel, Instandhaltung und Reparatur von Kfz;101,6;2020=100;VST072;Index d.tarifl. Stundenverdienste mit Sonderzahl.
62221;Vj. Index der Tarifverdienste und Arbeitszeiten;JAHR;Jahr;2021;DINSGF;Früheres Bundesgebiet / Neue Länder;DF;Früheres Bundesgebiet;WZ08C7;WZ2008 (ausgewählte Positionen): Tarifindex;WZ08-G;Handel, Instandhaltung und Reparatur von Kfz;101,6;2020=100;VST073;Index d.tarifl. Monatsverdienste mit Sonderzahl.
62221;Vj. Index der Tarifverdienste und Arbeitszeiten;JAHR;Jahr;2021;DINSGF;Früheres Bundesgebiet / Neue Länder;DF;Früheres Bundesgebiet;WZ08C7;WZ2008 (ausgewählte Positionen): Tarifindex;WZ08-G;Handel, Instandhaltung und Reparatur von Kfz;37,7;h;VST019;Durchschnittliche tarifliche Wochenarbeitszeit
62221;Vj. Index der Tarifverdienste und Arbeitszeiten;JAHR;Jahr;2021;DINSGF;Früheres Bundesgebiet / Neue Länder;DF;Früheres Bundesgebiet;WZ08C7;WZ2008 (ausgewählte Positionen): Tarifindex;WZ08-G;Handel, Instandhaltung und Reparatur von Kfz;101,0;2020=100;VST066;Index d.tarifl. Monatsverdienste ohne Sonderzahl.
62221;Vj. Index der Tarifverdienste und Arbeitszeiten;JAHR;Jahr;2021;DINSGF;Früheres Bundesgebiet / Neue Länder;DF;Früheres Bundesgebiet;WZ08C7;WZ2008 (ausgewählte Positionen): Tarifindex;WZ08-G;Handel, Instandhaltung und Reparatur von Kfz;100,0;2020=100;VST018;Index der tariflichen Wochenarbeitszeit
62221;Vj. Index der Tarifverdienste und Arbeitszeiten;JAHR;Jahr;2021;DINSGF;Früheres Bundesgebiet / Neue Länder;DF;Früheres Bundesgebiet;WZ08C7;WZ2008 (ausgewählte Positionen): Tarifindex;WZ08-G;Handel, Instandhaltung und Reparatur von Kfz;101,0;2020=100;VST065;Index d.tarifl. Stundenverdienste ohne Sonderzahl.
62221;Vj. Index der Tarifverdienste und Arbeitszeiten;JAHR;Jahr;2025;DINSGF;Früheres Bundesgebiet / Neue Länder;DF;Früheres Bundesgebiet;WZ08C7;WZ2008 (ausgewählte Positionen): Tarifindex;WZ08-84;Öff. Verwaltung, Verteidigung, Sozialversicherung;114,3;2020=100;VST072;Index d.tarifl. Stundenverdienste mit Sonderzahl.
62221;Vj. Index der Tarifverdienste und Arbeitszeiten;JAHR;Jahr;2025;DINSGF;Früheres Bundesgebiet / Neue Länder;DF;Früheres Bundesgebiet;WZ08C7;WZ2008 (ausgewählte Positionen): Tarifindex;WZ08-84;Öff. Verwaltung, Verteidigung, Sozialversicherung;114,3;2020=100;VST073;Index d.tarifl. Monatsverdienste mit Sonderzahl.
62221;Vj. Index der Tarifverdienste und Arbeitszeiten;JAHR;Jahr;2025;DINSGF;Früheres Bundesgebiet / Neue Länder;DF;Früheres Bundesgebiet;WZ08C7;WZ2008 (ausgewählte Positionen): Tarifindex;WZ08-84;Öff. Verwaltung, Verteidigung, Sozialversicherung;40,1;h;VST019;Durchschnittliche tarifliche Wochenarbeitszeit
62221;Vj. Index der Tarifverdienste und Arbeitszeiten;JAHR;Jahr;2025;DINSGF;Früheres Bundesgebiet / Neue Länder;DF;Früheres Bundesgebiet;WZ08C7;WZ2008 (ausgewählte Positionen): Tarifindex;WZ08-84;Öff. Verwaltung, Verteidigung, Sozialversicherung;114,4;2020=100;VST066;Index d.tarifl. Monatsverdienste ohne Sonderzahl.
62221;Vj. Index der Tarifverdienste und Arbeitszeiten;JAHR;Jahr;2025;DINSGF;Früheres Bundesgebiet / Neue Länder;DF;Früheres Bundesgebiet;WZ08C7;WZ2008 (ausgewählte Positionen): Tarifindex;WZ08-84;Öff. Verwaltung, Verteidigung, Sozialversicherung;100,0;2020=100;VST018;Index der tariflichen Wochenarbeitszeit
62221;Vj. Index der Tarifverdienste und Arbeitszeiten;JAHR;Jahr;2025;DINSGF;Früheres Bundesgebiet / Neue Länder;DF;Früheres Bundesgebiet;WZ08C7;WZ2008 (ausgewählte Positionen): Tarifindex;WZ08-84;Öff. Verwaltung, Verteidigung, Sozialversicherung;114,4;2020=100;VST065;Index d.tarifl. Stundenverdienste ohne Sonderzahl.
62221;Vj. Index der Tarifverdienste und Arbeitszeiten;JAHR;Jahr;2021;DINSGF;Früheres Bundesgebiet / Neue Länder;DF;Früheres Bundesgebiet;WZ08C7;WZ2008 (ausgewählte Positionen): Tarifindex;WZ08-G-03;Wirtschaftliche Dienstleistungen;101,4;2020=100;VST072;Index d.tarifl. Stundenverdienste mit Sonderzahl.
62221;Vj. Index der Tarifverdienste und Arbeitszeiten;JAHR;Jahr;2021;DINSGF;Früheres Bundesgebiet / Neue Länder;DF;Früheres Bundesgebiet;WZ08C7;WZ2008 (ausgewählte Positionen): Tarifindex;WZ08-G-03;Wirtschaftliche Dienstleistungen;101,4;2020=100;VST073;Index d.tarifl. Monatsverdienste mit Sonderzahl.
62221;Vj. Index der Tarifverdienste und Arbeitszeiten;JAHR;Jahr;2021;DINSGF;Früheres Bundesgebiet / Neue Länder;DF;Früheres Bundesgebiet;WZ08C7;WZ2008 (ausgewählte Positionen): Tarifindex;WZ08-G-03;Wirtschaftliche Dienstleistungen;38,1;h;VST019;Durchschnittliche tarifliche Wochenarbeitszeit
62221;Vj. Index der Tarifverdienste und Arbeitszeiten;JAHR;Jahr;2021;DINSGF;Früheres Bundesgebiet / Neue Länder;DF;Früheres Bundesgebiet;WZ08C7;WZ2008 (ausgewählte Positionen): Tarifindex;WZ08-G-03;Wirtschaftliche Dienstleistungen;101,5;2020=100;VST066;Index d.tarifl. Monatsverdienste ohne Sonderzahl.
62221;Vj. Index der Tarifverdienste und Arbeitszeiten;JAHR;Jahr;2021;DINSGF;Früheres Bundesgebiet / Neue Länder;DF;Früheres Bundesgebiet;WZ08C7;WZ2008 (ausgewählte Positionen): Tarifindex;WZ08-G-03;Wirtschaftliche Dienstleistungen;100,0;2020=100;VST018;Index der tariflichen Wochenarbeitszeit
62221;Vj. Index der Tarifverdienste und Arbeitszeiten;JAHR;Jahr;2021;DINSGF;Früheres Bundesgebiet / Neue Länder;DF;Früheres Bundesgebiet;WZ08C7;WZ2008 (ausgewählte Positionen): Tarifindex;WZ08-G-03;Wirtschaftliche Dienstleistungen;101,5;2020=100;VST065;Index d.tarifl. Stundenverdienste ohne Sonderzahl.
62221;Vj. Index der Tarifverdienste und Arbeitszeiten;JAHR;Jahr;2019;DINSGF;Früheres Bundesgebiet / Neue Länder;DF;Früheres Bundesgebiet;WZ08C7;WZ2008 (ausgewählte Positionen): Tarifindex;WZ08-C;Verarbeitendes Gewerbe;99,4;2020=100;VST072;Index d.tarifl. Stundenverdienste mit Sonderzahl.
62221;Vj. Index der Tarifverdienste und Arbeitszeiten;JAHR;Jahr;2019;DINSGF;Früheres Bundesgebiet / Neue Länder;DF;Früheres Bundesgebiet;WZ08C7;WZ2008 (ausgewählte Positionen): Tarifindex;WZ08-C;Verarbeitendes Gewerbe;99,4;2020=100;VST073;Index d.tarifl. Monatsverdienste mit Sonderzahl.
62221;Vj. Index der Tarifverdienste und Arbeitszeiten;JAHR;Jahr;2019;DINSGF;Früheres Bundesgebiet / Neue Länder;DF;Früheres Bundesgebiet;WZ08C7;WZ2008 (ausgewählte Positionen): Tarifindex;WZ08-C;Verarbeitendes Gewerbe;36,0;h;VST019;Durchschnittliche tarifliche Wochenarbeitszeit
62221;Vj. Index der Tarifverdienste und Arbeitszeiten;JAHR;Jahr;2019;DINSGF;Früheres Bundesgebiet / Neue Länder;DF;Früheres Bundesgebiet;WZ08C7;WZ2008 (ausgewählte Positionen): Tarifindex;WZ08-C;Verarbeitendes Gewerbe;99,5;2020=100;VST066;Index d.tarifl. Monatsverdienste ohne Sonderzahl.
62221;Vj. Index der Tarifverdienste und Arbeitszeiten;JAHR;Jahr;2019;DINSGF;Früheres Bundesgebiet / Neue Länder;DF;Früheres Bundesgebiet;WZ08C7;WZ2008 (ausgewählte Positionen): Tarifindex;WZ08-C;Verarbeitendes Gewerbe;100,0;2020=100;VST018;Index der tariflichen Wochenarbeitszeit
62221;Vj. Index der Tarifverdienste und Arbeitszeiten;JAHR;Jahr;2019;DINSGF;Früheres Bundesgebiet / Neue Länder;DF;Früheres Bundesgebiet;WZ08C7;WZ2008 (ausgewählte Positionen): Tarifindex;WZ08-C;Verarbeitendes Gewerbe;99,5;2020=100;VST065;Index d.tarifl. Stundenverdienste ohne Sonderzahl.
62221;Vj. Index der Tarifverdienste und Arbeitszeiten;JAHR;Jahr;2023;DINSGF;Früheres Bundesgebiet / Neue Länder;DN;Neue Länder;WZ08C7;WZ2008 (ausgewählte Positionen): Tarifindex;WZ08-Q;Gesundheits- und Sozialwesen;109,0;2020=100;VST072;Index d.tarifl. Stundenverdienste mit Sonderzahl.
62221;Vj. Index der Tarifverdienste und Arbeitszeiten;JAHR;Jahr;2023;DINSGF;Früheres Bundesgebiet / Neue Länder;DN;Neue Länder;WZ08C7;WZ2008 (ausgewählte Positionen): Tarifindex;WZ08-Q;Gesundheits- und Sozialwesen;108,7;2020=100;VST073;Index d.tarifl. Monatsverdienste mit Sonderzahl.
62221;Vj. Index der Tarifverdienste und Arbeitszeiten;JAHR;Jahr;2023;DINSGF;Früheres Bundesgebiet / Neue Länder;DN;Neue Länder;WZ08C7;WZ2008 (ausgewählte Positionen): Tarifindex;WZ08-Q;Gesundheits- und Sozialwesen;39,3;h;VST019;Durchschnittliche tarifliche Wochenarbeitszeit
62221;Vj. Index der Tarifverdienste und Arbeitszeiten;JAHR;Jahr;2023;DINSGF;Früheres Bundesgebiet / Neue Länder;DN;Neue Länder;WZ08C7;WZ2008 (ausgewählte Positionen): Tarifindex;WZ08-Q;Gesundheits- und Sozialwesen;107,5;2020=100;VST066;Index d.tarifl. Monatsverdienste ohne Sonderzahl.
62221;Vj. Index der Tarifverdienste und Arbeitszeiten;JAHR;Jahr;2023;DINSGF;Früheres Bundesgebiet / Neue Länder;DN;Neue Länder;WZ08C7;WZ2008 (ausgewählte Positionen): Tarifindex;WZ08-Q;Gesundheits- und Sozialwesen;99,6;2020=100;VST018;Index der tariflichen Wochenarbeitszeit
62221;Vj. Index der Tarifverdienste und Arbeitszeiten;JAHR;Jahr;2023;DINSGF;Früheres Bundesgebiet / Neue Länder;DN;Neue Länder;WZ08C7;WZ2008 (ausgewählte Positionen): Tarifindex;WZ08-Q;Gesundheits- und Sozialwesen;107,9;2020=100;VST065;Index d.tarifl. Stundenverdienste ohne Sonderzahl.
62221;Vj. Index der Tarifverdienste und Arbeitszeiten;JAHR;Jahr;2023;DINSGF;Früheres Bundesgebiet / Neue Länder;DN;Neue Länder;WZ08C7;WZ2008 (ausgewählte Positionen): Tarifindex;WZ08-E;Wasserversorg.,Entsorg.,Beseitig.v.Umweltverschm.;107,4;2020=100;VST072;Index d.tarifl. Stundenverdienste mit Sonderzahl.
62221;Vj. Index der Tarifverdienste und Arbeitszeiten;JAHR;Jahr;2023;DINSGF;Früheres Bundesgebiet / Neue Länder;DN;Neue Länder;WZ08C7;WZ2008 (ausgewählte Positionen): Tarifindex;WZ08-E;Wasserversorg.,Entsorg.,Beseitig.v.Umweltverschm.;107,4;2020=100;VST073;Index d.tarifl. Monatsverdienste mit Sonderzahl.
62221;Vj. Index der Tarifverdienste und Arbeitszeiten;JAHR;Jahr;2023;DINSGF;Früheres Bundesgebiet / Neue Länder;DN;Neue Länder;WZ08C7;WZ2008 (ausgewählte Positionen): Tarifindex;WZ08-E;Wasserversorg.,Entsorg.,Beseitig.v.Umweltverschm.;39,1;h;VST019;Durchschnittliche tarifliche Wochenarbeitszeit
62221;Vj. Index der Tarifverdienste und Arbeitszeiten;JAHR;Jahr;2023;DINSGF;Früheres Bundesgebiet / Neue Länder;DN;Neue Länder;WZ08C7;WZ2008 (ausgewählte Positionen): Tarifindex;WZ08-E;Wasserversorg.,Entsorg.,Beseitig.v.Umweltverschm.;104,1;2020=100;VST066;Index d.tarifl. Monatsverdienste ohne Sonderzahl.
62221;Vj. Index der Tarifverdienste und Arbeitszeiten;JAHR;Jahr;2023;DINSGF;Früheres Bundesgebiet / Neue Länder;DN;Neue Länder;WZ08C7;WZ2008 (ausgewählte Positionen): Tarifindex;WZ08-E;Wasserversorg.,Entsorg.,Beseitig.v.Umweltverschm.;100,0;2020=100;VST018;Index der tariflichen Wochenarbeitszeit
62221;Vj. Index der Tarifverdienste und Arbeitszeiten;JAHR;Jahr;2023;DINSGF;Früheres Bundesgebiet / Neue Länder;DN;Neue Länder;WZ08C7;WZ2008 (ausgewählte Positionen): Tarifindex;WZ08-E;Wasserversorg.,Entsorg.,Beseitig.v.Umweltverschm.;104,1;2020=100;VST065;Index d.tarifl. Stundenverdienste ohne Sonderzahl.
62221;Vj. Index der Tarifverdienste und Arbeitszeiten;JAHR;Jahr;2017;DINSGF;Früheres Bundesgebiet / Neue Länder;DN;Neue Länder;WZ08C7;WZ2008 (ausgewählte Positionen): Tarifindex;WZ08-60;Rundfunkveranstalter;91,8;2020=100;VST072;Index d.tarifl. Stundenverdienste mit Sonderzahl.
62221;Vj. Index der Tarifverdienste und Arbeitszeiten;JAHR;Jahr;2017;DINSGF;Früheres Bundesgebiet / Neue Länder;DN;Neue Länder;WZ08C7;WZ2008 (ausgewählte Positionen): Tarifindex;WZ08-60;Rundfunkveranstalter;91,8;2020=100;VST073;Index d.tarifl. Monatsverdienste mit Sonderzahl.
62221;Vj. Index der Tarifverdienste und Arbeitszeiten;JAHR;Jahr;2017;DINSGF;Früheres Bundesgebiet / Neue Länder;DN;Neue Länder;WZ08C7;WZ2008 (ausgewählte Positionen): Tarifindex;WZ08-60;Rundfunkveranstalter;38,5;h;VST019;Durchschnittliche tarifliche Wochenarbeitszeit
62221;Vj. Index der Tarifverdienste und Arbeitszeiten;JAHR;Jahr;2017;DINSGF;Früheres Bundesgebiet / Neue Länder;DN;Neue Länder;WZ08C7;WZ2008 (ausgewählte Positionen): Tarifindex;WZ08-60;Rundfunkveranstalter;91,4;2020=100;VST066;Index d.tarifl. Monatsverdienste ohne Sonderzahl.
62221;Vj. Index der Tarifverdienste und Arbeitszeiten;JAHR;Jahr;2017;DINSGF;Früheres Bundesgebiet / Neue Länder;DN;Neue Länder;WZ08C7;WZ2008 (ausgewählte Positionen): Tarifindex;WZ08-60;Rundfunkveranstalter;100,0;2020=100;VST018;Index der tariflichen Wochenarbeitszeit
62221;Vj. Index der Tarifverdienste und Arbeitszeiten;JAHR;Jahr;2017;DINSGF;Früheres Bundesgebiet / Neue Länder;DN;Neue Länder;WZ08C7;WZ2008 (ausgewählte Positionen): Tarifindex;WZ08-60;Rundfunkveranstalter;91,4;2020=100;VST065;Index d.tarifl. Stundenverdienste ohne Sonderzahl.
62221;Vj. Index der Tarifverdienste und Arbeitszeiten;JAHR;Jahr;2025;DINSGF;Früheres Bundesgebiet / Neue Länder;DF;Früheres Bundesgebiet;WZ08C7;WZ2008 (ausgewählte Positionen): Tarifindex;WZ08-93;Dienstleistungen d.Sports,d.Unterhaltg.u.Erholung;115,0;2020=100;VST072;Index d.tarifl. Stundenverdienste mit Sonderzahl.
62221;Vj. Index der Tarifverdienste und Arbeitszeiten;JAHR;Jahr;2025;DINSGF;Früheres Bundesgebiet / Neue Länder;DF;Früheres Bundesgebiet;WZ08C7;WZ2008 (ausgewählte Positionen): Tarifindex;WZ08-93;Dienstleistungen d.Sports,d.Unterhaltg.u.Erholung;115,0;2020=100;VST073;Index d.tarifl. Monatsverdienste mit Sonderzahl.
62221;Vj. Index der Tarifverdienste und Arbeitszeiten;JAHR;Jahr;2025;DINSGF;Früheres Bundesgebiet / Neue Länder;DF;Früheres Bundesgebiet;WZ08C7;WZ2008 (ausgewählte Positionen): Tarifindex;WZ08-93;Dienstleistungen d.Sports,d.Unterhaltg.u.Erholung;38,9;h;VST019;Durchschnittliche tarifliche Wochenarbeitszeit
62221;Vj. Index der Tarifverdienste und Arbeitszeiten;JAHR;Jahr;2025;DINSGF;Früheres Bundesgebiet / Neue Länder;DF;Früheres Bundesgebiet;WZ08C7;WZ2008 (ausgewählte Positionen): Tarifindex;WZ08-93;Dienstleistungen d.Sports,d.Unterhaltg.u.Erholung;115,4;2020=100;VST066;Index d.tarifl. Monatsverdienste ohne Sonderzahl.
62221;Vj. Index der Tarifverdienste und Arbeitszeiten;JAHR;Jahr;2025;DINSGF;Früheres Bundesgebiet / Neue Länder;DF;Früheres Bundesgebiet;WZ08C7;WZ2008 (ausgewählte Positionen): Tarifindex;WZ08-93;Dienstleistungen d.Sports,d.Unterhaltg.u.Erholung;100,0;2020=100;VST018;Index der tariflichen Wochenarbeitszeit
62221;Vj. Index der Tarifverdienste und Arbeitszeiten;JAHR;Jahr;2025;DINSGF;Früheres Bundesgebiet / Neue Länder;DF;Früheres Bundesgebiet;WZ08C7;WZ2008 (ausgewählte Positionen): Tarifindex;WZ08-93;Dienstleistungen d.Sports,d.Unterhaltg.u.Erholung;115,4;2020=100;VST065;Index d.tarifl. Stundenverdienste ohne Sonderzahl.
62221;Vj. Index der Tarifverdienste und Arbeitszeiten;JAHR;Jahr;2024;DINSGF;Früheres Bundesgebiet / Neue Länder;DN;Neue Länder;WZ08C7;WZ2008 (ausgewählte Positionen): Tarifindex;WZ08-13-01;Textil- und Bekleidungsgewerbe;118,7;2020=100;VST072;Index d.tarifl. Stundenverdienste mit Sonderzahl.
62221;Vj. Index der Tarifverdienste und Arbeitszeiten;JAHR;Jahr;2024;DINSGF;Früheres Bundesgebiet / Neue Länder;DN;Neue Länder;WZ08C7;WZ2008 (ausgewählte Positionen): Tarifindex;WZ08-13-01;Textil- und Bekleidungsgewerbe;115,2;2020=100;VST073;Index d.tarifl. Monatsverdienste mit Sonderzahl.
62221;Vj. Index der Tarifverdienste und Arbeitszeiten;JAHR;Jahr;2024;DINSGF;Früheres Bundesgebiet / Neue Länder;DN;Neue Länder;WZ08C7;WZ2008 (ausgewählte Positionen): Tarifindex;WZ08-13-01;Textil- und Bekleidungsgewerbe;38,4;h;VST019;Durchschnittliche tarifliche Wochenarbeitszeit
62221;Vj. Index der Tarifverdienste und Arbeitszeiten;JAHR;Jahr;2024;DINSGF;Früheres Bundesgebiet / Neue Länder;DN;Neue Länder;WZ08C7;WZ2008 (ausgewählte Positionen): Tarifindex;WZ08-13-01;Textil- und Bekleidungsgewerbe;110,2;2020=100;VST066;Index d.tarifl. Monatsverdienste ohne Sonderzahl.
62221;Vj. Index der Tarifverdienste und Arbeitszeiten;JAHR;Jahr;2024;DINSGF;Früheres Bundesgebiet / Neue Länder;DN;Neue Länder;WZ08C7;WZ2008 (ausgewählte Positionen): Tarifindex;WZ08-13-01;Textil- und Bekleidungsgewerbe;97,2;2020=100;VST018;Index der tariflichen Wochenarbeitszeit
62221;Vj. Index der Tarifverdienste und Arbeitszeiten;JAHR;Jahr;2024;DINSGF;Früheres Bundesgebiet / Neue Länder;DN;Neue Länder;WZ08C7;WZ2008 (ausgewählte Positionen): Tarifindex;WZ08-13-01;Textil- und Bekleidungsgewerbe;113,4;2020=100;VST065;Index d.tarifl. Stundenverdienste ohne Sonderzahl.
62221;Vj. Index der Tarifverdienste und Arbeitszeiten;JAHR;Jahr;2016;DINSGF;Früheres Bundesgebiet / Neue Länder;DF;Früheres Bundesgebiet;WZ08C7;WZ2008 (ausgewählte Positionen): Tarifindex;WZ08-14;Herstellung von Bekleidung;91,9;2020=100;VST072;Index d.tarifl. Stundenverdienste mit Sonderzahl.
62221;Vj. Index der Tarifverdienste und Arbeitszeiten;JAHR;Jahr;2016;DINSGF;Früheres Bundesgebiet / Neue Länder;DF;Früheres Bundesgebiet;WZ08C7;WZ2008 (ausgewählte Positionen): Tarifindex;WZ08-14;Herstellung von Bekleidung;91,9;2020=100;VST073;Index d.tarifl. Monatsverdienste mit Sonderzahl.
62221;Vj. Index der Tarifverdienste und Arbeitszeiten;JAHR;Jahr;2016;DINSGF;Früheres Bundesgebiet / Neue Länder;DF;Früheres Bundesgebiet;WZ08C7;WZ2008 (ausgewählte Positionen): Tarifindex;WZ08-14;Herstellung von Bekleidung;37,1;h;VST019;Durchschnittliche tarifliche Wochenarbeitszeit
62221;Vj. Index der Tarifverdienste und Arbeitszeiten;JAHR;Jahr;2016;DINSGF;Früheres Bundesgebiet / Neue Länder;DF;Früheres Bundesgebiet;WZ08C7;WZ2008 (ausgewählte Positionen): Tarifindex;WZ08-14;Herstellung von Bekleidung;92,2;2020=100;VST066;Index d.tarifl. Monatsverdienste ohne Sonderzahl.
62221;Vj. Index der Tarifverdienste und Arbeitszeiten;JAHR;Jahr;2016;DINSGF;Früheres Bundesgebiet / Neue Länder;DF;Früheres Bundesgebiet;WZ08C7;WZ2008 (ausgewählte Positionen): Tarifindex;WZ08-14;Herstellung von Bekleidung;100,0;2020=100;VST018;Index der tariflichen Wochenarbeitszeit
62221;Vj. Index der Tarifverdienste und Arbeitszeiten;JAHR;Jahr;2016;DINSGF;Früheres Bundesgebiet / Neue Länder;DF;Früheres Bundesgebiet;WZ08C7;WZ2008 (ausgewählte Positionen): Tarifindex;WZ08-14;Herstellung von Bekleidung;92,2;2020=100;VST065;Index d.tarifl. Stundenverdienste ohne Sonderzahl.
62221;Vj. Index der Tarifverdienste und Arbeitszeiten;JAHR;Jahr;2019;DINSGF;Früheres Bundesgebiet / Neue Länder;DN;Neue Länder;WZ08C7;WZ2008 (ausgewählte Positionen): Tarifindex;WZ08-F;Baugewerbe;97,8;2020=100;VST072;Index d.tarifl. Stundenverdienste mit Sonderzahl.
62221;Vj. Index der Tarifverdienste und Arbeitszeiten;JAHR;Jahr;2019;DINSGF;Früheres Bundesgebiet / Neue Länder;DN;Neue Länder;WZ08C7;WZ2008 (ausgewählte Positionen): Tarifindex;WZ08-F;Baugewerbe;97,9;2020=100;VST073;Index d.tarifl. Monatsverdienste mit Sonderzahl.
62221;Vj. Index der Tarifverdienste und Arbeitszeiten;JAHR;Jahr;2019;DINSGF;Früheres Bundesgebiet / Neue Länder;DN;Neue Länder;WZ08C7;WZ2008 (ausgewählte Positionen): Tarifindex;WZ08-F;Baugewerbe;39,8;h;VST019;Durchschnittliche tarifliche Wochenarbeitszeit
62221;Vj. Index der Tarifverdienste und Arbeitszeiten;JAHR;Jahr;2019;DINSGF;Früheres Bundesgebiet / Neue Länder;DN;Neue Länder;WZ08C7;WZ2008 (ausgewählte Positionen): Tarifindex;WZ08-F;Baugewerbe;98,6;2020=100;VST066;Index d.tarifl. Monatsverdienste ohne Sonderzahl.
62221;Vj. Index der Tarifverdienste und Arbeitszeiten;JAHR;Jahr;2019;DINSGF;Früheres Bundesgebiet / Neue Länder;DN;Neue Länder;WZ08C7;WZ2008 (ausgewählte Positionen): Tarifindex;WZ08-F;Baugewerbe;100,0;2020=100;VST018;Index der tariflichen Wochenarbeitszeit
62221;Vj. Index der Tarifverdienste und Arbeitszeiten;JAHR;Jahr;2019;DINSGF;Früheres Bundesgebiet / Neue Länder;DN;Neue Länder;WZ08C7;WZ2008 (ausgewählte Positionen): Tarifindex;WZ08-F;Baugewerbe;98,6;2020=100;VST065;Index d.tarifl. Stundenverdienste ohne Sonderzahl.
62221;Vj. Index der Tarifverdienste und Arbeitszeiten;JAHR;Jahr;2021;DINSGF;Früheres Bundesgebiet / Neue Länder;DF;Früheres Bundesgebiet;WZ08C7;WZ2008 (ausgewählte Positionen): Tarifindex;WZ08-60;Rundfunkveranstalter;100,6;2020=100;VST072;Index d.tarifl. Stundenverdienste mit Sonderzahl.
62221;Vj. Index der Tarifverdienste und Arbeitszeiten;JAHR;Jahr;2021;DINSGF;Früheres Bundesgebiet / Neue Länder;DF;Früheres Bundesgebiet;WZ08C7;WZ2008 (ausgewählte Positionen): Tarifindex;WZ08-60;Rundfunkveranstalter;100,6;2020=100;VST073;Index d.tarifl. Monatsverdienste mit Sonderzahl.
62221;Vj. Index der Tarifverdienste und Arbeitszeiten;JAHR;Jahr;2021;DINSGF;Früheres Bundesgebiet / Neue Länder;DF;Früheres Bundesgebiet;WZ08C7;WZ2008 (ausgewählte Positionen): Tarifindex;WZ08-60;Rundfunkveranstalter;38,6;h;VST019;Durchschnittliche tarifliche Wochenarbeitszeit
62221;Vj. Index der Tarifverdienste und Arbeitszeiten;JAHR;Jahr;2021;DINSGF;Früheres Bundesgebiet / Neue Länder;DF;Früheres Bundesgebiet;WZ08C7;WZ2008 (ausgewählte Positionen): Tarifindex;WZ08-60;Rundfunkveranstalter;102,4;2020=100;VST066;Index d.tarifl. Monatsverdienste ohne Sonderzahl.
62221;Vj. Index der Tarifverdienste und Arbeitszeiten;JAHR;Jahr;2021;DINSGF;Früheres Bundesgebiet / Neue Länder;DF;Früheres Bundesgebiet;WZ08C7;WZ2008 (ausgewählte Positionen): Tarifindex;WZ08-60;Rundfunkveranstalter;100,0;2020=100;VST018;Index der tariflichen Wochenarbeitszeit
62221;Vj. Index der Tarifverdienste und Arbeitszeiten;JAHR;Jahr;2021;DINSGF;Früheres Bundesgebiet / Neue Länder;DF;Früheres Bundesgebiet;WZ08C7;WZ2008 (ausgewählte Positionen): Tarifindex;WZ08-60;Rundfunkveranstalter;102,4;2020=100;VST065;Index d.tarifl. Stundenverdienste ohne Sonderzahl.
62221;Vj. Index der Tarifverdienste und Arbeitszeiten;JAHR;Jahr;2022;DINSGF;Früheres Bundesgebiet / Neue Länder;DN;Neue Länder;WZ08C7;WZ2008 (ausgewählte Positionen): Tarifindex;WZ08-16;H.v. Holz-, Flecht-, Korb-u.Korkwaren (ohne Möbel);106,4;2020=100;VST072;Index d.tarifl. Stundenverdienste mit Sonderzahl.
62221;Vj. Index der Tarifverdienste und Arbeitszeiten;JAHR;Jahr;2022;DINSGF;Früheres Bundesgebiet / Neue Länder;DN;Neue Länder;WZ08C7;WZ2008 (ausgewählte Positionen): Tarifindex;WZ08-16;H.v. Holz-, Flecht-, Korb-u.Korkwaren (ohne Möbel);105,4;2020=100;VST073;Index d.tarifl. Monatsverdienste mit Sonderzahl.
62221;Vj. Index der Tarifverdienste und Arbeitszeiten;JAHR;Jahr;2022;DINSGF;Früheres Bundesgebiet / Neue Länder;DN;Neue Länder;WZ08C7;WZ2008 (ausgewählte Positionen): Tarifindex;WZ08-16;H.v. Holz-, Flecht-, Korb-u.Korkwaren (ohne Möbel);38,7;h;VST019;Durchschnittliche tarifliche Wochenarbeitszeit
62221;Vj. Index der Tarifverdienste und Arbeitszeiten;JAHR;Jahr;2022;DINSGF;Früheres Bundesgebiet / Neue Länder;DN;Neue Länder;WZ08C7;WZ2008 (ausgewählte Positionen): Tarifindex;WZ08-16;H.v. Holz-, Flecht-, Korb-u.Korkwaren (ohne Möbel);105,0;2020=100;VST066;Index d.tarifl. Monatsverdienste ohne Sonderzahl.
62221;Vj. Index der Tarifverdienste und Arbeitszeiten;JAHR;Jahr;2022;DINSGF;Früheres Bundesgebiet / Neue Länder;DN;Neue Länder;WZ08C7;WZ2008 (ausgewählte Positionen): Tarifindex;WZ08-16;H.v. Holz-, Flecht-, Korb-u.Korkwaren (ohne Möbel);98,9;2020=100;VST018;Index der tariflichen Wochenarbeitszeit
62221;Vj. Index der Tarifverdienste und Arbeitszeiten;JAHR;Jahr;2022;DINSGF;Früheres Bundesgebiet / Neue Länder;DN;Neue Länder;WZ08C7;WZ2008 (ausgewählte Positionen): Tarifindex;WZ08-16;H.v. Holz-, Flecht-, Korb-u.Korkwaren (ohne Möbel);106,0;2020=100;VST065;Index d.tarifl. Stundenverdienste ohne Sonderzahl.
62221;Vj. Index der Tarifverdienste und Arbeitszeiten;JAHR;Jahr;2022;DINSGF;Früheres Bundesgebiet / Neue Länder;DN;Neue Länder;WZ08C7;WZ2008 (ausgewählte Positionen): Tarifindex;WZ08-10;Herstellung von Nahrungs- und Futtermitteln;105,6;2020=100;VST072;Index d.tarifl. Stundenverdienste mit Sonderzahl.
62221;Vj. Index der Tarifverdienste und Arbeitszeiten;JAHR;Jahr;2022;DINSGF;Früheres Bundesgebiet / Neue Länder;DN;Neue Länder;WZ08C7;WZ2008 (ausgewählte Positionen): Tarifindex;WZ08-10;Herstellung von Nahrungs- und Futtermitteln;105,6;2020=100;VST073;Index d.tarifl. Monatsverdienste mit Sonderzahl.
62221;Vj. Index der Tarifverdienste und Arbeitszeiten;JAHR;Jahr;2022;DINSGF;Früheres Bundesgebiet / Neue Länder;DN;Neue Länder;WZ08C7;WZ2008 (ausgewählte Positionen): Tarifindex;WZ08-10;Herstellung von Nahrungs- und Futtermitteln;38,7;h;VST019;Durchschnittliche tarifliche Wochenarbeitszeit
62221;Vj. Index der Tarifverdienste und Arbeitszeiten;JAHR;Jahr;2022;DINSGF;Früheres Bundesgebiet / Neue Länder;DN;Neue Länder;WZ08C7;WZ2008 (ausgewählte Positionen): Tarifindex;WZ08-10;Herstellung von Nahrungs- und Futtermitteln;105,7;2020=100;VST066;Index d.tarifl. Monatsverdienste ohne Sonderzahl.
62221;Vj. Index der Tarifverdienste und Arbeitszeiten;JAHR;Jahr;2022;DINSGF;Früheres Bundesgebiet / Neue Länder;DN;Neue Länder;WZ08C7;WZ2008 (ausgewählte Positionen): Tarifindex;WZ08-10;Herstellung von Nahrungs- und Futtermitteln;99,9;2020=100;VST018;Index der tariflichen Wochenarbeitszeit
62221;Vj. Index der Tarifverdienste und Arbeitszeiten;JAHR;Jahr;2022;DINSGF;Früheres Bundesgebiet / Neue Länder;DN;Neue Länder;WZ08C7;WZ2008 (ausgewählte Positionen): Tarifindex;WZ08-10;Herstellung von Nahrungs- und Futtermitteln;105,8;2020=100;VST065;Index d.tarifl. Stundenverdienste ohne Sonderzahl.
62221;Vj. Index der Tarifverdienste und Arbeitszeiten;JAHR;Jahr;2021;DINSGF;Früheres Bundesgebiet / Neue Länder;DF;Früheres Bundesgebiet;WZ08C7;WZ2008 (ausgewählte Positionen): Tarifindex;WZ08-66;Mit Finanz- u. Versicherungsdienstl. verb. Tätigk.;101,6;2020=100;VST072;Index d.tarifl. Stundenverdienste mit Sonderzahl.
62221;Vj. Index der Tarifverdienste und Arbeitszeiten;JAHR;Jahr;2021;DINSGF;Früheres Bundesgebiet / Neue Länder;DF;Früheres Bundesgebiet;WZ08C7;WZ2008 (ausgewählte Positionen): Tarifindex;WZ08-66;Mit Finanz- u. Versicherungsdienstl. verb. Tätigk.;101,6;2020=100;VST073;Index d.tarifl. Monatsverdienste mit Sonderzahl.
62221;Vj. Index der Tarifverdienste und Arbeitszeiten;JAHR;Jahr;2021;DINSGF;Früheres Bundesgebiet / Neue Länder;DF;Früheres Bundesgebiet;WZ08C7;WZ2008 (ausgewählte Positionen): Tarifindex;WZ08-66;Mit Finanz- u. Versicherungsdienstl. verb. Tätigk.;38,0;h;VST019;Durchschnittliche tarifliche Wochenarbeitszeit
62221;Vj. Index der Tarifverdienste und Arbeitszeiten;JAHR;Jahr;2021;DINSGF;Früheres Bundesgebiet / Neue Länder;DF;Früheres Bundesgebiet;WZ08C7;WZ2008 (ausgewählte Positionen): Tarifindex;WZ08-66;Mit Finanz- u. Versicherungsdienstl. verb. Tätigk.;101,6;2020=100;VST066;Index d.tarifl. Monatsverdienste ohne Sonderzahl.
62221;Vj. Index der Tarifverdienste und Arbeitszeiten;JAHR;Jahr;2021;DINSGF;Früheres Bundesgebiet / Neue Länder;DF;Früheres Bundesgebiet;WZ08C7;WZ2008 (ausgewählte Positionen): Tarifindex;WZ08-66;Mit Finanz- u. Versicherungsdienstl. verb. Tätigk.;100,0;2020=100;VST018;Index der tariflichen Wochenarbeitszeit
62221;Vj. Index der Tarifverdienste und Arbeitszeiten;JAHR;Jahr;2021;DINSGF;Früheres Bundesgebiet / Neue Länder;DF;Früheres Bundesgebiet;WZ08C7;WZ2008 (ausgewählte Positionen): Tarifindex;WZ08-66;Mit Finanz- u. Versicherungsdienstl. verb. Tätigk.;101,6;2020=100;VST065;Index d.tarifl. Stundenverdienste ohne Sonderzahl.
62221;Vj. Index der Tarifverdienste und Arbeitszeiten;JAHR;Jahr;2017;DINSGF;Früheres Bundesgebiet / Neue Länder;DF;Früheres Bundesgebiet;WZ08C7;WZ2008 (ausgewählte Positionen): Tarifindex;WZ08-38-01;Recycling, Beseitigung von Umweltverschmutzungen;92,1;2020=100;VST072;Index d.tarifl. Stundenverdienste mit Sonderzahl.
62221;Vj. Index der Tarifverdienste und Arbeitszeiten;JAHR;Jahr;2017;DINSGF;Früheres Bundesgebiet / Neue Länder;DF;Früheres Bundesgebiet;WZ08C7;WZ2008 (ausgewählte Positionen): Tarifindex;WZ08-38-01;Recycling, Beseitigung von Umweltverschmutzungen;92,1;2020=100;VST073;Index d.tarifl. Monatsverdienste mit Sonderzahl.
62221;Vj. Index der Tarifverdienste und Arbeitszeiten;JAHR;Jahr;2017;DINSGF;Früheres Bundesgebiet / Neue Länder;DF;Früheres Bundesgebiet;WZ08C7;WZ2008 (ausgewählte Positionen): Tarifindex;WZ08-38-01;Recycling, Beseitigung von Umweltverschmutzungen;39,0;h;VST019;Durchschnittliche tarifliche Wochenarbeitszeit
62221;Vj. Index der Tarifverdienste und Arbeitszeiten;JAHR;Jahr;2017;DINSGF;Früheres Bundesgebiet / Neue Länder;DF;Früheres Bundesgebiet;WZ08C7;WZ2008 (ausgewählte Positionen): Tarifindex;WZ08-38-01;Recycling, Beseitigung von Umweltverschmutzungen;92,9;2020=100;VST066;Index d.tarifl. Monatsverdienste ohne Sonderzahl.
62221;Vj. Index der Tarifverdienste und Arbeitszeiten;JAHR;Jahr;2017;DINSGF;Früheres Bundesgebiet / Neue Länder;DF;Früheres Bundesgebiet;WZ08C7;WZ2008 (ausgewählte Positionen): Tarifindex;WZ08-38-01;Recycling, Beseitigung von Umweltverschmutzungen;100,0;2020=100;VST018;Index der tariflichen Wochenarbeitszeit
62221;Vj. Index der Tarifverdienste und Arbeitszeiten;JAHR;Jahr;2017;DINSGF;Früheres Bundesgebiet / Neue Länder;DF;Früheres Bundesgebiet;WZ08C7;WZ2008 (ausgewählte Positionen): Tarifindex;WZ08-38-01;Recycling, Beseitigung von Umweltverschmutzungen;92,9;2020=100;VST065;Index d.tarifl. Stundenverdienste ohne Sonderzahl.
62221;Vj. Index der Tarifverdienste und Arbeitszeiten;JAHR;Jahr;2016;DINSGF;Früheres Bundesgebiet / Neue Länder;DF;Früheres Bundesgebiet;WZ08C7;WZ2008 (ausgewählte Positionen): Tarifindex;WZ08-H-01;Verkehr und Lagerei, Information und Kommunikation;90,7;2020=100;VST072;Index d.tarifl. Stundenverdienste mit Sonderzahl.
62221;Vj. Index der Tarifverdienste und Arbeitszeiten;JAHR;Jahr;2016;DINSGF;Früheres Bundesgebiet / Neue Länder;DF;Früheres Bundesgebiet;WZ08C7;WZ2008 (ausgewählte Positionen): Tarifindex;WZ08-H-01;Verkehr und Lagerei, Information und Kommunikation;90,8;2020=100;VST073;Index d.tarifl. Monatsverdienste mit Sonderzahl.
62221;Vj. Index der Tarifverdienste und Arbeitszeiten;JAHR;Jahr;2016;DINSGF;Früheres Bundesgebiet / Neue Länder;DF;Früheres Bundesgebiet;WZ08C7;WZ2008 (ausgewählte Positionen): Tarifindex;WZ08-H-01;Verkehr und Lagerei, Information und Kommunikation;38,5;h;VST019;Durchschnittliche tarifliche Wochenarbeitszeit
62221;Vj. Index der Tarifverdienste und Arbeitszeiten;JAHR;Jahr;2016;DINSGF;Früheres Bundesgebiet / Neue Länder;DF;Früheres Bundesgebiet;WZ08C7;WZ2008 (ausgewählte Positionen): Tarifindex;WZ08-H-01;Verkehr und Lagerei, Information und Kommunikation;90,7;2020=100;VST066;Index d.tarifl. Monatsverdienste ohne Sonderzahl.
62221;Vj. Index der Tarifverdienste und Arbeitszeiten;JAHR;Jahr;2016;DINSGF;Früheres Bundesgebiet / Neue Länder;DF;Früheres Bundesgebiet;WZ08C7;WZ2008 (ausgewählte Positionen): Tarifindex;WZ08-H-01;Verkehr und Lagerei, Information und Kommunikation;100,2;2020=100;VST018;Index der tariflichen Wochenarbeitszeit
62221;Vj. Index der Tarifverdienste und Arbeitszeiten;JAHR;Jahr;2016;DINSGF;Früheres Bundesgebiet / Neue Länder;DF;Früheres Bundesgebiet;WZ08C7;WZ2008 (ausgewählte Positionen): Tarifindex;WZ08-H-01;Verkehr und Lagerei, Information und Kommunikation;90,5;2020=100;VST065;Index d.tarifl. Stundenverdienste ohne Sonderzahl.
62221;Vj. Index der Tarifverdienste und Arbeitszeiten;JAHR;Jahr;2020;DINSGF;Früheres Bundesgebiet / Neue Länder;DF;Früheres Bundesgebiet;WZ08C7;WZ2008 (ausgewählte Positionen): Tarifindex;WZ08-B-11;Produzierendes Gewerbe, Handel u.A.;100,0;2020=100;VST072;Index d.tarifl. Stundenverdienste mit Sonderzahl.
62221;Vj. Index der Tarifverdienste und Arbeitszeiten;JAHR;Jahr;2020;DINSGF;Früheres Bundesgebiet / Neue Länder;DF;Früheres Bundesgebiet;WZ08C7;WZ2008 (ausgewählte Positionen): Tarifindex;WZ08-B-11;Produzierendes Gewerbe, Handel u.A.;100,0;2020=100;VST073;Index d.tarifl. Monatsverdienste mit Sonderzahl.
62221;Vj. Index der Tarifverdienste und Arbeitszeiten;JAHR;Jahr;2020;DINSGF;Früheres Bundesgebiet / Neue Länder;DF;Früheres Bundesgebiet;WZ08C7;WZ2008 (ausgewählte Positionen): Tarifindex;WZ08-B-11;Produzierendes Gewerbe, Handel u.A.;38,1;h;VST019;Durchschnittliche tarifliche Wochenarbeitszeit
62221;Vj. Index der Tarifverdienste und Arbeitszeiten;JAHR;Jahr;2020;DINSGF;Früheres Bundesgebiet / Neue Länder;DF;Früheres Bundesgebiet;WZ08C7;WZ2008 (ausgewählte Positionen): Tarifindex;WZ08-B-11;Produzierendes Gewerbe, Handel u.A.;100,0;2020=100;VST066;Index d.tarifl. Monatsverdienste ohne Sonderzahl.
62221;Vj. Index der Tarifverdienste und Arbeitszeiten;JAHR;Jahr;2020;DINSGF;Früheres Bundesgebiet / Neue Länder;DF;Früheres Bundesgebiet;WZ08C7;WZ2008 (ausgewählte Positionen): Tarifindex;WZ08-B-11;Produzierendes Gewerbe, Handel u.A.;100,0;2020=100;VST018;Index der tariflichen Wochenarbeitszeit
62221;Vj. Index der Tarifverdienste und Arbeitszeiten;JAHR;Jahr;2020;DINSGF;Früheres Bundesgebiet / Neue Länder;DF;Früheres Bundesgebiet;WZ08C7;WZ2008 (ausgewählte Positionen): Tarifindex;WZ08-B-11;Produzierendes Gewerbe, Handel u.A.;100,0;2020=100;VST065;Index d.tarifl. Stundenverdienste ohne Sonderzahl.
62221;Vj. Index der Tarifverdienste und Arbeitszeiten;JAHR;Jahr;2019;DINSGF;Früheres Bundesgebiet / Neue Länder;DN;Neue Länder;WZ08C7;WZ2008 (ausgewählte Positionen): Tarifindex;WZ08-L;Grundstücks- und Wohnungswesen;97,6;2020=100;VST072;Index d.tarifl. Stundenverdienste mit Sonderzahl.
62221;Vj. Index der Tarifverdienste und Arbeitszeiten;JAHR;Jahr;2019;DINSGF;Früheres Bundesgebiet / Neue Länder;DN;Neue Länder;WZ08C7;WZ2008 (ausgewählte Positionen): Tarifindex;WZ08-L;Grundstücks- und Wohnungswesen;97,6;2020=100;VST073;Index d.tarifl. Monatsverdienste mit Sonderzahl.
62221;Vj. Index der Tarifverdienste und Arbeitszeiten;JAHR;Jahr;2019;DINSGF;Früheres Bundesgebiet / Neue Länder;DN;Neue Länder;WZ08C7;WZ2008 (ausgewählte Positionen): Tarifindex;WZ08-L;Grundstücks- und Wohnungswesen;37,2;h;VST019;Durchschnittliche tarifliche Wochenarbeitszeit
62221;Vj. Index der Tarifverdienste und Arbeitszeiten;JAHR;Jahr;2019;DINSGF;Früheres Bundesgebiet / Neue Länder;DN;Neue Länder;WZ08C7;WZ2008 (ausgewählte Positionen): Tarifindex;WZ08-L;Grundstücks- und Wohnungswesen;98,4;2020=100;VST066;Index d.tarifl. Monatsverdienste ohne Sonderzahl.
62221;Vj. Index der Tarifverdienste und Arbeitszeiten;JAHR;Jahr;2019;DINSGF;Früheres Bundesgebiet / Neue Länder;DN;Neue Länder;WZ08C7;WZ2008 (ausgewählte Positionen): Tarifindex;WZ08-L;Grundstücks- und Wohnungswesen;100,0;2020=100;VST018;Index der tariflichen Wochenarbeitszeit
62221;Vj. Index der Tarifverdienste und Arbeitszeiten;JAHR;Jahr;2019;DINSGF;Früheres Bundesgebiet / Neue Länder;DN;Neue Länder;WZ08C7;WZ2008 (ausgewählte Positionen): Tarifindex;WZ08-L;Grundstücks- und Wohnungswesen;98,4;2020=100;VST065;Index d.tarifl. Stundenverdienste ohne Sonderzahl.
62221;Vj. Index der Tarifverdienste und Arbeitszeiten;JAHR;Jahr;2016;DINSGF;Früheres Bundesgebiet / Neue Länder;DF;Früheres Bundesgebiet;WZ08C7;WZ2008 (ausgewählte Positionen): Tarifindex;WZ08-65;Versicherungen, Rückversicherungen, Pensionskassen;93,2;2020=100;VST072;Index d.tarifl. Stundenverdienste mit Sonderzahl.
62221;Vj. Index der Tarifverdienste und Arbeitszeiten;JAHR;Jahr;2016;DINSGF;Früheres Bundesgebiet / Neue Länder;DF;Früheres Bundesgebiet;WZ08C7;WZ2008 (ausgewählte Positionen): Tarifindex;WZ08-65;Versicherungen, Rückversicherungen, Pensionskassen;93,2;2020=100;VST073;Index d.tarifl. Monatsverdienste mit Sonderzahl.
62221;Vj. Index der Tarifverdienste und Arbeitszeiten;JAHR;Jahr;2016;DINSGF;Früheres Bundesgebiet / Neue Länder;DF;Früheres Bundesgebiet;WZ08C7;WZ2008 (ausgewählte Positionen): Tarifindex;WZ08-65;Versicherungen, Rückversicherungen, Pensionskassen;38,0;h;VST019;Durchschnittliche tarifliche Wochenarbeitszeit
62221;Vj. Index der Tarifverdienste und Arbeitszeiten;JAHR;Jahr;2016;DINSGF;Früheres Bundesgebiet / Neue Länder;DF;Früheres Bundesgebiet;WZ08C7;WZ2008 (ausgewählte Positionen): Tarifindex;WZ08-65;Versicherungen, Rückversicherungen, Pensionskassen;93,0;2020=100;VST066;Index d.tarifl. Monatsverdienste ohne Sonderzahl.
62221;Vj. Index der Tarifverdienste und Arbeitszeiten;JAHR;Jahr;2016;DINSGF;Früheres Bundesgebiet / Neue Länder;DF;Früheres Bundesgebiet;WZ08C7;WZ2008 (ausgewählte Positionen): Tarifindex;WZ08-65;Versicherungen, Rückversicherungen, Pensionskassen;100,0;2020=100;VST018;Index der tariflichen Wochenarbeitszeit
62221;Vj. Index der Tarifverdienste und Arbeitszeiten;JAHR;Jahr;2016;DINSGF;Früheres Bundesgebiet / Neue Länder;DF;Früheres Bundesgebiet;WZ08C7;WZ2008 (ausgewählte Positionen): Tarifindex;WZ08-65;Versicherungen, Rückversicherungen, Pensionskassen;93,0;2020=100;VST065;Index d.tarifl. Stundenverdienste ohne Sonderzahl.
62221;Vj. Index der Tarifverdienste und Arbeitszeiten;JAHR;Jahr;2019;DINSGF;Früheres Bundesgebiet / Neue Länder;DF;Früheres Bundesgebiet;WZ08C7;WZ2008 (ausgewählte Positionen): Tarifindex;WZ08-491-01;Personen- u. Güterbeförderung im Eisenbahnverkehr;98,8;2020=100;VST072;Index d.tarifl. Stundenverdienste mit Sonderzahl.
62221;Vj. Index der Tarifverdienste und Arbeitszeiten;JAHR;Jahr;2019;DINSGF;Früheres Bundesgebiet / Neue Länder;DF;Früheres Bundesgebiet;WZ08C7;WZ2008 (ausgewählte Positionen): Tarifindex;WZ08-491-01;Personen- u. Güterbeförderung im Eisenbahnverkehr;98,8;2020=100;VST073;Index d.tarifl. Monatsverdienste mit Sonderzahl.
62221;Vj. Index der Tarifverdienste und Arbeitszeiten;JAHR;Jahr;2019;DINSGF;Früheres Bundesgebiet / Neue Länder;DF;Früheres Bundesgebiet;WZ08C7;WZ2008 (ausgewählte Positionen): Tarifindex;WZ08-491-01;Personen- u. Güterbeförderung im Eisenbahnverkehr;39,1;h;VST019;Durchschnittliche tarifliche Wochenarbeitszeit
62221;Vj. Index der Tarifverdienste und Arbeitszeiten;JAHR;Jahr;2019;DINSGF;Früheres Bundesgebiet / Neue Länder;DF;Früheres Bundesgebiet;WZ08C7;WZ2008 (ausgewählte Positionen): Tarifindex;WZ08-491-01;Personen- u. Güterbeförderung im Eisenbahnverkehr;97,2;2020=100;VST066;Index d.tarifl. Monatsverdienste ohne Sonderzahl.
62221;Vj. Index der Tarifverdienste und Arbeitszeiten;JAHR;Jahr;2019;DINSGF;Früheres Bundesgebiet / Neue Länder;DF;Früheres Bundesgebiet;WZ08C7;WZ2008 (ausgewählte Positionen): Tarifindex;WZ08-491-01;Personen- u. Güterbeförderung im Eisenbahnverkehr;100,0;2020=100;VST018;Index der tariflichen Wochenarbeitszeit
62221;Vj. Index der Tarifverdienste und Arbeitszeiten;JAHR;Jahr;2019;DINSGF;Früheres Bundesgebiet / Neue Länder;DF;Früheres Bundesgebiet;WZ08C7;WZ2008 (ausgewählte Positionen): Tarifindex;WZ08-491-01;Personen- u. Güterbeförderung im Eisenbahnverkehr;97,2;2020=100;VST065;Index d.tarifl. Stundenverdienste ohne Sonderzahl.
62221;Vj. Index der Tarifverdienste und Arbeitszeiten;JAHR;Jahr;2019;DINSGF;Früheres Bundesgebiet / Neue Länder;DN;Neue Länder;WZ08C7;WZ2008 (ausgewählte Positionen): Tarifindex;WZ08-R;Kunst, Unterhaltung und Erholung;97,4;2020=100;VST072;Index d.tarifl. Stundenverdienste mit Sonderzahl.
62221;Vj. Index der Tarifverdienste und Arbeitszeiten;JAHR;Jahr;2019;DINSGF;Früheres Bundesgebiet / Neue Länder;DN;Neue Länder;WZ08C7;WZ2008 (ausgewählte Positionen): Tarifindex;WZ08-R;Kunst, Unterhaltung und Erholung;97,4;2020=100;VST073;Index d.tarifl. Monatsverdienste mit Sonderzahl.
62221;Vj. Index der Tarifverdienste und Arbeitszeiten;JAHR;Jahr;2019;DINSGF;Früheres Bundesgebiet / Neue Länder;DN;Neue Länder;WZ08C7;WZ2008 (ausgewählte Positionen): Tarifindex;WZ08-R;Kunst, Unterhaltung und Erholung;39,0;h;VST019;Durchschnittliche tarifliche Wochenarbeitszeit
62221;Vj. Index der Tarifverdienste und Arbeitszeiten;JAHR;Jahr;2019;DINSGF;Früheres Bundesgebiet / Neue Länder;DN;Neue Länder;WZ08C7;WZ2008 (ausgewählte Positionen): Tarifindex;WZ08-R;Kunst, Unterhaltung und Erholung;97,1;2020=100;VST066;Index d.tarifl. Monatsverdienste ohne Sonderzahl.
62221;Vj. Index der Tarifverdienste und Arbeitszeiten;JAHR;Jahr;2019;DINSGF;Früheres Bundesgebiet / Neue Länder;DN;Neue Länder;WZ08C7;WZ2008 (ausgewählte Positionen): Tarifindex;WZ08-R;Kunst, Unterhaltung und Erholung;100,0;2020=100;VST018;Index der tariflichen Wochenarbeitszeit
62221;Vj. Index der Tarifverdienste und Arbeitszeiten;JAHR;Jahr;2019;DINSGF;Früheres Bundesgebiet / Neue Länder;DN;Neue Länder;WZ08C7;WZ2008 (ausgewählte Positionen): Tarifindex;WZ08-R;Kunst, Unterhaltung und Erholung;97,1;2020=100;VST065;Index d.tarifl. Stundenverdienste ohne Sonderzahl.
62221;Vj. Index der Tarifverdienste und Arbeitszeiten;JAHR;Jahr;2025;DINSGF;Früheres Bundesgebiet / Neue Länder;DN;Neue Länder;WZ08C7;WZ2008 (ausgewählte Positionen): Tarifindex;WZ-X003;Gebrauchsgüterproduzenten;115,1;2020=100;VST072;Index d.tarifl. Stundenverdienste mit Sonderzahl.
62221;Vj. Index der Tarifverdienste und Arbeitszeiten;JAHR;Jahr;2025;DINSGF;Früheres Bundesgebiet / Neue Länder;DN;Neue Länder;WZ08C7;WZ2008 (ausgewählte Positionen): Tarifindex;WZ-X003;Gebrauchsgüterproduzenten;115,1;2020=100;VST073;Index d.tarifl. Monatsverdienste mit Sonderzahl.
62221;Vj. Index der Tarifverdienste und Arbeitszeiten;JAHR;Jahr;2025;DINSGF;Früheres Bundesgebiet / Neue Länder;DN;Neue Länder;WZ08C7;WZ2008 (ausgewählte Positionen): Tarifindex;WZ-X003;Gebrauchsgüterproduzenten;37,9;h;VST019;Durchschnittliche tarifliche Wochenarbeitszeit
62221;Vj. Index der Tarifverdienste und Arbeitszeiten;JAHR;Jahr;2025;DINSGF;Früheres Bundesgebiet / Neue Länder;DN;Neue Länder;WZ08C7;WZ2008 (ausgewählte Positionen): Tarifindex;WZ-X003;Gebrauchsgüterproduzenten;114,0;2020=100;VST066;Index d.tarifl. Monatsverdienste ohne Sonderzahl.
62221;Vj. Index der Tarifverdienste und Arbeitszeiten;JAHR;Jahr;2025;DINSGF;Früheres Bundesgebiet / Neue Länder;DN;Neue Länder;WZ08C7;WZ2008 (ausgewählte Positionen): Tarifindex;WZ-X003;Gebrauchsgüterproduzenten;100,0;2020=100;VST018;Index der tariflichen Wochenarbeitszeit
62221;Vj. Index der Tarifverdienste und Arbeitszeiten;JAHR;Jahr;2025;DINSGF;Früheres Bundesgebiet / Neue Länder;DN;Neue Länder;WZ08C7;WZ2008 (ausgewählte Positionen): Tarifindex;WZ-X003;Gebrauchsgüterproduzenten;114,0;2020=100;VST065;Index d.tarifl. Stundenverdienste ohne Sonderzahl.
62221;Vj. Index der Tarifverdienste und Arbeitszeiten;JAHR;Jahr;2021;DINSGF;Früheres Bundesgebiet / Neue Länder;DF;Früheres Bundesgebiet;WZ08C7;WZ2008 (ausgewählte Positionen): Tarifindex;WZ08-24;Metallerzeugung und -bearbeitung;101,2;2020=100;VST072;Index d.tarifl. Stundenverdienste mit Sonderzahl.
62221;Vj. Index der Tarifverdienste und Arbeitszeiten;JAHR;Jahr;2021;DINSGF;Früheres Bundesgebiet / Neue Länder;DF;Früheres Bundesgebiet;WZ08C7;WZ2008 (ausgewählte Positionen): Tarifindex;WZ08-24;Metallerzeugung und -bearbeitung;101,2;2020=100;VST073;Index d.tarifl. Monatsverdienste mit Sonderzahl.
62221;Vj. Index der Tarifverdienste und Arbeitszeiten;JAHR;Jahr;2021;DINSGF;Früheres Bundesgebiet / Neue Länder;DF;Früheres Bundesgebiet;WZ08C7;WZ2008 (ausgewählte Positionen): Tarifindex;WZ08-24;Metallerzeugung und -bearbeitung;35,2;h;VST019;Durchschnittliche tarifliche Wochenarbeitszeit
62221;Vj. Index der Tarifverdienste und Arbeitszeiten;JAHR;Jahr;2021;DINSGF;Früheres Bundesgebiet / Neue Länder;DF;Früheres Bundesgebiet;WZ08C7;WZ2008 (ausgewählte Positionen): Tarifindex;WZ08-24;Metallerzeugung und -bearbeitung;100,1;2020=100;VST066;Index d.tarifl. Monatsverdienste ohne Sonderzahl.
62221;Vj. Index der Tarifverdienste und Arbeitszeiten;JAHR;Jahr;2021;DINSGF;Früheres Bundesgebiet / Neue Länder;DF;Früheres Bundesgebiet;WZ08C7;WZ2008 (ausgewählte Positionen): Tarifindex;WZ08-24;Metallerzeugung und -bearbeitung;100,0;2020=100;VST018;Index der tariflichen Wochenarbeitszeit
62221;Vj. Index der Tarifverdienste und Arbeitszeiten;JAHR;Jahr;2021;DINSGF;Früheres Bundesgebiet / Neue Länder;DF;Früheres Bundesgebiet;WZ08C7;WZ2008 (ausgewählte Positionen): Tarifindex;WZ08-24;Metallerzeugung und -bearbeitung;100,1;2020=100;VST065;Index d.tarifl. Stundenverdienste ohne Sonderzahl.
62221;Vj. Index der Tarifverdienste und Arbeitszeiten;JAHR;Jahr;2018;DINSGF;Früheres Bundesgebiet / Neue Länder;DF;Früheres Bundesgebiet;WZ08C7;WZ2008 (ausgewählte Positionen): Tarifindex;WZ08-72-01;Forschung,Werbung u.Marktforschung,Veterinärwesen;95,0;2020=100;VST072;Index d.tarifl. Stundenverdienste mit Sonderzahl.
62221;Vj. Index der Tarifverdienste und Arbeitszeiten;JAHR;Jahr;2018;DINSGF;Früheres Bundesgebiet / Neue Länder;DF;Früheres Bundesgebiet;WZ08C7;WZ2008 (ausgewählte Positionen): Tarifindex;WZ08-72-01;Forschung,Werbung u.Marktforschung,Veterinärwesen;95,0;2020=100;VST073;Index d.tarifl. Monatsverdienste mit Sonderzahl.
62221;Vj. Index der Tarifverdienste und Arbeitszeiten;JAHR;Jahr;2018;DINSGF;Früheres Bundesgebiet / Neue Länder;DF;Früheres Bundesgebiet;WZ08C7;WZ2008 (ausgewählte Positionen): Tarifindex;WZ08-72-01;Forschung,Werbung u.Marktforschung,Veterinärwesen;38,6;h;VST019;Durchschnittliche tarifliche Wochenarbeitszeit
62221;Vj. Index der Tarifverdienste und Arbeitszeiten;JAHR;Jahr;2018;DINSGF;Früheres Bundesgebiet / Neue Länder;DF;Früheres Bundesgebiet;WZ08C7;WZ2008 (ausgewählte Positionen): Tarifindex;WZ08-72-01;Forschung,Werbung u.Marktforschung,Veterinärwesen;94,6;2020=100;VST066;Index d.tarifl. Monatsverdienste ohne Sonderzahl.
62221;Vj. Index der Tarifverdienste und Arbeitszeiten;JAHR;Jahr;2018;DINSGF;Früheres Bundesgebiet / Neue Länder;DF;Früheres Bundesgebiet;WZ08C7;WZ2008 (ausgewählte Positionen): Tarifindex;WZ08-72-01;Forschung,Werbung u.Marktforschung,Veterinärwesen;100,0;2020=100;VST018;Index der tariflichen Wochenarbeitszeit
62221;Vj. Index der Tarifverdienste und Arbeitszeiten;JAHR;Jahr;2018;DINSGF;Früheres Bundesgebiet / Neue Länder;DF;Früheres Bundesgebiet;WZ08C7;WZ2008 (ausgewählte Positionen): Tarifindex;WZ08-72-01;Forschung,Werbung u.Marktforschung,Veterinärwesen;94,6;2020=100;VST065;Index d.tarifl. Stundenverdienste ohne Sonderzahl.
62221;Vj. Index der Tarifverdienste und Arbeitszeiten;JAHR;Jahr;2016;DINSGF;Früheres Bundesgebiet / Neue Länder;DN;Neue Länder;WZ08C7;WZ2008 (ausgewählte Positionen): Tarifindex;WZ08-D;Energieversorgung;93,7;2020=100;VST072;Index d.tarifl. Stundenverdienste mit Sonderzahl.
62221;Vj. Index der Tarifverdienste und Arbeitszeiten;JAHR;Jahr;2016;DINSGF;Früheres Bundesgebiet / Neue Länder;DN;Neue Länder;WZ08C7;WZ2008 (ausgewählte Positionen): Tarifindex;WZ08-D;Energieversorgung;93,7;2020=100;VST073;Index d.tarifl. Monatsverdienste mit Sonderzahl.
62221;Vj. Index der Tarifverdienste und Arbeitszeiten;JAHR;Jahr;2016;DINSGF;Früheres Bundesgebiet / Neue Länder;DN;Neue Länder;WZ08C7;WZ2008 (ausgewählte Positionen): Tarifindex;WZ08-D;Energieversorgung;38,1;h;VST019;Durchschnittliche tarifliche Wochenarbeitszeit
62221;Vj. Index der Tarifverdienste und Arbeitszeiten;JAHR;Jahr;2016;DINSGF;Früheres Bundesgebiet / Neue Länder;DN;Neue Länder;WZ08C7;WZ2008 (ausgewählte Positionen): Tarifindex;WZ08-D;Energieversorgung;92,7;2020=100;VST066;Index d.tarifl. Monatsverdienste ohne Sonderzahl.
62221;Vj. Index der Tarifverdienste und Arbeitszeiten;JAHR;Jahr;2016;DINSGF;Früheres Bundesgebiet / Neue Länder;DN;Neue Länder;WZ08C7;WZ2008 (ausgewählte Positionen): Tarifindex;WZ08-D;Energieversorgung;100,1;2020=100;VST018;Index der tariflichen Wochenarbeitszeit
62221;Vj. Index der Tarifverdienste und Arbeitszeiten;JAHR;Jahr;2016;DINSGF;Früheres Bundesgebiet / Neue Länder;DN;Neue Länder;WZ08C7;WZ2008 (ausgewählte Positionen): Tarifindex;WZ08-D;Energieversorgung;92,6;2020=100;VST065;Index d.tarifl. Stundenverdienste ohne Sonderzahl.
62221;Vj. Index der Tarifverdienste und Arbeitszeiten;JAHR;Jahr;2021;DINSGF;Früheres Bundesgebiet / Neue Länder;DF;Früheres Bundesgebiet;WZ08C7;WZ2008 (ausgewählte Positionen): Tarifindex;WZ08-15;Herstellung von Leder, Lederwaren und Schuhen;101,7;2020=100;VST072;Index d.tarifl. Stundenverdienste mit Sonderzahl.
62221;Vj. Index der Tarifverdienste und Arbeitszeiten;JAHR;Jahr;2021;DINSGF;Früheres Bundesgebiet / Neue Länder;DF;Früheres Bundesgebiet;WZ08C7;WZ2008 (ausgewählte Positionen): Tarifindex;WZ08-15;Herstellung von Leder, Lederwaren und Schuhen;101,7;2020=100;VST073;Index d.tarifl. Monatsverdienste mit Sonderzahl.
62221;Vj. Index der Tarifverdienste und Arbeitszeiten;JAHR;Jahr;2021;DINSGF;Früheres Bundesgebiet / Neue Länder;DF;Früheres Bundesgebiet;WZ08C7;WZ2008 (ausgewählte Positionen): Tarifindex;WZ08-15;Herstellung von Leder, Lederwaren und Schuhen;38,4;h;VST019;Durchschnittliche tarifliche Wochenarbeitszeit
62221;Vj. Index der Tarifverdienste und Arbeitszeiten;JAHR;Jahr;2021;DINSGF;Früheres Bundesgebiet / Neue Länder;DF;Früheres Bundesgebiet;WZ08C7;WZ2008 (ausgewählte Positionen): Tarifindex;WZ08-15;Herstellung von Leder, Lederwaren und Schuhen;101,9;2020=100;VST066;Index d.tarifl. Monatsverdienste ohne Sonderzahl.
62221;Vj. Index der Tarifverdienste und Arbeitszeiten;JAHR;Jahr;2021;DINSGF;Früheres Bundesgebiet / Neue Länder;DF;Früheres Bundesgebiet;WZ08C7;WZ2008 (ausgewählte Positionen): Tarifindex;WZ08-15;Herstellung von Leder, Lederwaren und Schuhen;100,0;2020=100;VST018;Index der tariflichen Wochenarbeitszeit
62221;Vj. Index der Tarifverdienste und Arbeitszeiten;JAHR;Jahr;2021;DINSGF;Früheres Bundesgebiet / Neue Länder;DF;Früheres Bundesgebiet;WZ08C7;WZ2008 (ausgewählte Positionen): Tarifindex;WZ08-15;Herstellung von Leder, Lederwaren und Schuhen;101,9;2020=100;VST065;Index d.tarifl. Stundenverdienste ohne Sonderzahl.
62221;Vj. Index der Tarifverdienste und Arbeitszeiten;JAHR;Jahr;2022;DINSGF;Früheres Bundesgebiet / Neue Länder;DN;Neue Länder;WZ08C7;WZ2008 (ausgewählte Positionen): Tarifindex;WZ08-24-02;Metall- und Elektroindustrie;102,2;2020=100;VST072;Index d.tarifl. Stundenverdienste mit Sonderzahl.
62221;Vj. Index der Tarifverdienste und Arbeitszeiten;JAHR;Jahr;2022;DINSGF;Früheres Bundesgebiet / Neue Länder;DN;Neue Länder;WZ08C7;WZ2008 (ausgewählte Positionen): Tarifindex;WZ08-24-02;Metall- und Elektroindustrie;101,9;2020=100;VST073;Index d.tarifl. Monatsverdienste mit Sonderzahl.
62221;Vj. Index der Tarifverdienste und Arbeitszeiten;JAHR;Jahr;2022;DINSGF;Früheres Bundesgebiet / Neue Länder;DN;Neue Länder;WZ08C7;WZ2008 (ausgewählte Positionen): Tarifindex;WZ08-24-02;Metall- und Elektroindustrie;37,5;h;VST019;Durchschnittliche tarifliche Wochenarbeitszeit
62221;Vj. Index der Tarifverdienste und Arbeitszeiten;JAHR;Jahr;2022;DINSGF;Früheres Bundesgebiet / Neue Länder;DN;Neue Länder;WZ08C7;WZ2008 (ausgewählte Positionen): Tarifindex;WZ08-24-02;Metall- und Elektroindustrie;100,7;2020=100;VST066;Index d.tarifl. Monatsverdienste ohne Sonderzahl.
62221;Vj. Index der Tarifverdienste und Arbeitszeiten;JAHR;Jahr;2022;DINSGF;Früheres Bundesgebiet / Neue Länder;DN;Neue Länder;WZ08C7;WZ2008 (ausgewählte Positionen): Tarifindex;WZ08-24-02;Metall- und Elektroindustrie;99,8;2020=100;VST018;Index der tariflichen Wochenarbeitszeit
62221;Vj. Index der Tarifverdienste und Arbeitszeiten;JAHR;Jahr;2022;DINSGF;Früheres Bundesgebiet / Neue Länder;DN;Neue Länder;WZ08C7;WZ2008 (ausgewählte Positionen): Tarifindex;WZ08-24-02;Metall- und Elektroindustrie;101,0;2020=100;VST065;Index d.tarifl. Stundenverdienste ohne Sonderzahl.
62221;Vj. Index der Tarifverdienste und Arbeitszeiten;JAHR;Jahr;2022;DINSGF;Früheres Bundesgebiet / Neue Länder;DN;Neue Länder;WZ08C7;WZ2008 (ausgewählte Positionen): Tarifindex;WZ08-61;Telekommunikation;104,7;2020=100;VST072;Index d.tarifl. Stundenverdienste mit Sonderzahl.
62221;Vj. Index der Tarifverdienste und Arbeitszeiten;JAHR;Jahr;2022;DINSGF;Früheres Bundesgebiet / Neue Länder;DN;Neue Länder;WZ08C7;WZ2008 (ausgewählte Positionen): Tarifindex;WZ08-61;Telekommunikation;104,7;2020=100;VST073;Index d.tarifl. Monatsverdienste mit Sonderzahl.
62221;Vj. Index der Tarifverdienste und Arbeitszeiten;JAHR;Jahr;2022;DINSGF;Früheres Bundesgebiet / Neue Länder;DN;Neue Länder;WZ08C7;WZ2008 (ausgewählte Positionen): Tarifindex;WZ08-61;Telekommunikation;36,3;h;VST019;Durchschnittliche tarifliche Wochenarbeitszeit
62221;Vj. Index der Tarifverdienste und Arbeitszeiten;JAHR;Jahr;2022;DINSGF;Früheres Bundesgebiet / Neue Länder;DN;Neue Länder;WZ08C7;WZ2008 (ausgewählte Positionen): Tarifindex;WZ08-61;Telekommunikation;104,5;2020=100;VST066;Index d.tarifl. Monatsverdienste ohne Sonderzahl.
62221;Vj. Index der Tarifverdienste und Arbeitszeiten;JAHR;Jahr;2022;DINSGF;Früheres Bundesgebiet / Neue Länder;DN;Neue Länder;WZ08C7;WZ2008 (ausgewählte Positionen): Tarifindex;WZ08-61;Telekommunikation;100,0;2020=100;VST018;Index der tariflichen Wochenarbeitszeit
62221;Vj. Index der Tarifverdienste und Arbeitszeiten;JAHR;Jahr;2022;DINSGF;Früheres Bundesgebiet / Neue Länder;DN;Neue Länder;WZ08C7;WZ2008 (ausgewählte Positionen): Tarifindex;WZ08-61;Telekommunikation;104,5;2020=100;VST065;Index d.tarifl. Stundenverdienste ohne Sonderzahl.
62221;Vj. Index der Tarifverdienste und Arbeitszeiten;JAHR;Jahr;2022;DINSGF;Früheres Bundesgebiet / Neue Länder;DN;Neue Länder;WZ08C7;WZ2008 (ausgewählte Positionen): Tarifindex;WZ08-58;Verlagswesen;103,2;2020=100;VST072;Index d.tarifl. Stundenverdienste mit Sonderzahl.
62221;Vj. Index der Tarifverdienste und Arbeitszeiten;JAHR;Jahr;2022;DINSGF;Früheres Bundesgebiet / Neue Länder;DN;Neue Länder;WZ08C7;WZ2008 (ausgewählte Positionen): Tarifindex;WZ08-58;Verlagswesen;103,2;2020=100;VST073;Index d.tarifl. Monatsverdienste mit Sonderzahl.
62221;Vj. Index der Tarifverdienste und Arbeitszeiten;JAHR;Jahr;2022;DINSGF;Früheres Bundesgebiet / Neue Länder;DN;Neue Länder;WZ08C7;WZ2008 (ausgewählte Positionen): Tarifindex;WZ08-58;Verlagswesen;37,4;h;VST019;Durchschnittliche tarifliche Wochenarbeitszeit
62221;Vj. Index der Tarifverdienste und Arbeitszeiten;JAHR;Jahr;2022;DINSGF;Früheres Bundesgebiet / Neue Länder;DN;Neue Länder;WZ08C7;WZ2008 (ausgewählte Positionen): Tarifindex;WZ08-58;Verlagswesen;102,7;2020=100;VST066;Index d.tarifl. Monatsverdienste ohne Sonderzahl.
62221;Vj. Index der Tarifverdienste und Arbeitszeiten;JAHR;Jahr;2022;DINSGF;Früheres Bundesgebiet / Neue Länder;DN;Neue Länder;WZ08C7;WZ2008 (ausgewählte Positionen): Tarifindex;WZ08-58;Verlagswesen;100,0;2020=100;VST018;Index der tariflichen Wochenarbeitszeit
62221;Vj. Index der Tarifverdienste und Arbeitszeiten;JAHR;Jahr;2022;DINSGF;Früheres Bundesgebiet / Neue Länder;DN;Neue Länder;WZ08C7;WZ2008 (ausgewählte Positionen): Tarifindex;WZ08-58;Verlagswesen;102,7;2020=100;VST065;Index d.tarifl. Stundenverdienste ohne Sonderzahl.
62221;Vj. Index der Tarifverdienste und Arbeitszeiten;JAHR;Jahr;2024;DINSGF;Früheres Bundesgebiet / Neue Länder;DF;Früheres Bundesgebiet;WZ08C7;WZ2008 (ausgewählte Positionen): Tarifindex;WZ08-90;Kreative,künstlerische u.unterhaltende Tätigkeiten;111,4;2020=100;VST072;Index d.tarifl. Stundenverdienste mit Sonderzahl.
62221;Vj. Index der Tarifverdienste und Arbeitszeiten;JAHR;Jahr;2024;DINSGF;Früheres Bundesgebiet / Neue Länder;DF;Früheres Bundesgebiet;WZ08C7;WZ2008 (ausgewählte Positionen): Tarifindex;WZ08-90;Kreative,künstlerische u.unterhaltende Tätigkeiten;111,4;2020=100;VST073;Index d.tarifl. Monatsverdienste mit Sonderzahl.
62221;Vj. Index der Tarifverdienste und Arbeitszeiten;JAHR;Jahr;2024;DINSGF;Früheres Bundesgebiet / Neue Länder;DF;Früheres Bundesgebiet;WZ08C7;WZ2008 (ausgewählte Positionen): Tarifindex;WZ08-90;Kreative,künstlerische u.unterhaltende Tätigkeiten;39,2;h;VST019;Durchschnittliche tarifliche Wochenarbeitszeit
62221;Vj. Index der Tarifverdienste und Arbeitszeiten;JAHR;Jahr;2024;DINSGF;Früheres Bundesgebiet / Neue Länder;DF;Früheres Bundesgebiet;WZ08C7;WZ2008 (ausgewählte Positionen): Tarifindex;WZ08-90;Kreative,künstlerische u.unterhaltende Tätigkeiten;107,7;2020=100;VST066;Index d.tarifl. Monatsverdienste ohne Sonderzahl.
62221;Vj. Index der Tarifverdienste und Arbeitszeiten;JAHR;Jahr;2024;DINSGF;Früheres Bundesgebiet / Neue Länder;DF;Früheres Bundesgebiet;WZ08C7;WZ2008 (ausgewählte Positionen): Tarifindex;WZ08-90;Kreative,künstlerische u.unterhaltende Tätigkeiten;100,0;2020=100;VST018;Index der tariflichen Wochenarbeitszeit
62221;Vj. Index der Tarifverdienste und Arbeitszeiten;JAHR;Jahr;2024;DINSGF;Früheres Bundesgebiet / Neue Länder;DF;Früheres Bundesgebiet;WZ08C7;WZ2008 (ausgewählte Positionen): Tarifindex;WZ08-90;Kreative,künstlerische u.unterhaltende Tätigkeiten;107,7;2020=100;VST065;Index d.tarifl. Stundenverdienste ohne Sonderzahl.
62221;Vj. Index der Tarifverdienste und Arbeitszeiten;JAHR;Jahr;2016;DINSGF;Früheres Bundesgebiet / Neue Länder;DN;Neue Länder;WZ08C7;WZ2008 (ausgewählte Positionen): Tarifindex;WZ08-P;Erziehung und Unterricht;88,5;2020=100;VST072;Index d.tarifl. Stundenverdienste mit Sonderzahl.
62221;Vj. Index der Tarifverdienste und Arbeitszeiten;JAHR;Jahr;2016;DINSGF;Früheres Bundesgebiet / Neue Länder;DN;Neue Länder;WZ08C7;WZ2008 (ausgewählte Positionen): Tarifindex;WZ08-P;Erziehung und Unterricht;88,5;2020=100;VST073;Index d.tarifl. Monatsverdienste mit Sonderzahl.
62221;Vj. Index der Tarifverdienste und Arbeitszeiten;JAHR;Jahr;2016;DINSGF;Früheres Bundesgebiet / Neue Länder;DN;Neue Länder;WZ08C7;WZ2008 (ausgewählte Positionen): Tarifindex;WZ08-P;Erziehung und Unterricht;39,5;h;VST019;Durchschnittliche tarifliche Wochenarbeitszeit
62221;Vj. Index der Tarifverdienste und Arbeitszeiten;JAHR;Jahr;2016;DINSGF;Früheres Bundesgebiet / Neue Länder;DN;Neue Länder;WZ08C7;WZ2008 (ausgewählte Positionen): Tarifindex;WZ08-P;Erziehung und Unterricht;88,1;2020=100;VST066;Index d.tarifl. Monatsverdienste ohne Sonderzahl.
62221;Vj. Index der Tarifverdienste und Arbeitszeiten;JAHR;Jahr;2016;DINSGF;Früheres Bundesgebiet / Neue Länder;DN;Neue Länder;WZ08C7;WZ2008 (ausgewählte Positionen): Tarifindex;WZ08-P;Erziehung und Unterricht;100,0;2020=100;VST018;Index der tariflichen Wochenarbeitszeit
62221;Vj. Index der Tarifverdienste und Arbeitszeiten;JAHR;Jahr;2016;DINSGF;Früheres Bundesgebiet / Neue Länder;DN;Neue Länder;WZ08C7;WZ2008 (ausgewählte Positionen): Tarifindex;WZ08-P;Erziehung und Unterricht;88,1;2020=100;VST065;Index d.tarifl. Stundenverdienste ohne Sonderzahl.
62221;Vj. Index der Tarifverdienste und Arbeitszeiten;JAHR;Jahr;2016;DINSGF;Früheres Bundesgebiet / Neue Länder;DN;Neue Länder;WZ08C7;WZ2008 (ausgewählte Positionen): Tarifindex;WZ08-J;Information und Kommunikation;89,7;2020=100;VST072;Index d.tarifl. Stundenverdienste mit Sonderzahl.
62221;Vj. Index der Tarifverdienste und Arbeitszeiten;JAHR;Jahr;2016;DINSGF;Früheres Bundesgebiet / Neue Länder;DN;Neue Länder;WZ08C7;WZ2008 (ausgewählte Positionen): Tarifindex;WZ08-J;Information und Kommunikation;90,8;2020=100;VST073;Index d.tarifl. Monatsverdienste mit Sonderzahl.
62221;Vj. Index der Tarifverdienste und Arbeitszeiten;JAHR;Jahr;2016;DINSGF;Früheres Bundesgebiet / Neue Länder;DN;Neue Länder;WZ08C7;WZ2008 (ausgewählte Positionen): Tarifindex;WZ08-J;Information und Kommunikation;38,2;h;VST019;Durchschnittliche tarifliche Wochenarbeitszeit
62221;Vj. Index der Tarifverdienste und Arbeitszeiten;JAHR;Jahr;2016;DINSGF;Früheres Bundesgebiet / Neue Länder;DN;Neue Länder;WZ08C7;WZ2008 (ausgewählte Positionen): Tarifindex;WZ08-J;Information und Kommunikation;90,7;2020=100;VST066;Index d.tarifl. Monatsverdienste ohne Sonderzahl.
62221;Vj. Index der Tarifverdienste und Arbeitszeiten;JAHR;Jahr;2016;DINSGF;Früheres Bundesgebiet / Neue Länder;DN;Neue Länder;WZ08C7;WZ2008 (ausgewählte Positionen): Tarifindex;WZ08-J;Information und Kommunikation;101,0;2020=100;VST018;Index der tariflichen Wochenarbeitszeit
62221;Vj. Index der Tarifverdienste und Arbeitszeiten;JAHR;Jahr;2016;DINSGF;Früheres Bundesgebiet / Neue Länder;DN;Neue Länder;WZ08C7;WZ2008 (ausgewählte Positionen): Tarifindex;WZ08-J;Information und Kommunikation;89,6;2020=100;VST065;Index d.tarifl. Stundenverdienste ohne Sonderzahl.
62221;Vj. Index der Tarifverdienste und Arbeitszeiten;JAHR;Jahr;2020;DINSGF;Früheres Bundesgebiet / Neue Länder;DN;Neue Länder;WZ08C7;WZ2008 (ausgewählte Positionen): Tarifindex;WZ08-B;Bergbau und Gewinnung von Steinen und Erden;100,0;2020=100;VST072;Index d.tarifl. Stundenverdienste mit Sonderzahl.
62221;Vj. Index der Tarifverdienste und Arbeitszeiten;JAHR;Jahr;2020;DINSGF;Früheres Bundesgebiet / Neue Länder;DN;Neue Länder;WZ08C7;WZ2008 (ausgewählte Positionen): Tarifindex;WZ08-B;Bergbau und Gewinnung von Steinen und Erden;100,0;2020=100;VST073;Index d.tarifl. Monatsverdienste mit Sonderzahl.
62221;Vj. Index der Tarifverdienste und Arbeitszeiten;JAHR;Jahr;2020;DINSGF;Früheres Bundesgebiet / Neue Länder;DN;Neue Länder;WZ08C7;WZ2008 (ausgewählte Positionen): Tarifindex;WZ08-B;Bergbau und Gewinnung von Steinen und Erden;37,9;h;VST019;Durchschnittliche tarifliche Wochenarbeitszeit
62221;Vj. Index der Tarifverdienste und Arbeitszeiten;JAHR;Jahr;2020;DINSGF;Früheres Bundesgebiet / Neue Länder;DN;Neue Länder;WZ08C7;WZ2008 (ausgewählte Positionen): Tarifindex;WZ08-B;Bergbau und Gewinnung von Steinen und Erden;100,0;2020=100;VST066;Index d.tarifl. Monatsverdienste ohne Sonderzahl.
62221;Vj. Index der Tarifverdienste und Arbeitszeiten;JAHR;Jahr;2020;DINSGF;Früheres Bundesgebiet / Neue Länder;DN;Neue Länder;WZ08C7;WZ2008 (ausgewählte Positionen): Tarifindex;WZ08-B;Bergbau und Gewinnung von Steinen und Erden;100,0;2020=100;VST018;Index der tariflichen Wochenarbeitszeit
62221;Vj. Index der Tarifverdienste und Arbeitszeiten;JAHR;Jahr;2020;DINSGF;Früheres Bundesgebiet / Neue Länder;DN;Neue Länder;WZ08C7;WZ2008 (ausgewählte Positionen): Tarifindex;WZ08-B;Bergbau und Gewinnung von Steinen und Erden;100,0;2020=100;VST065;Index d.tarifl. Stundenverdienste ohne Sonderzahl.
62221;Vj. Index der Tarifverdienste und Arbeitszeiten;JAHR;Jahr;2024;DINSGF;Früheres Bundesgebiet / Neue Länder;DF;Früheres Bundesgebiet;WZ08C7;WZ2008 (ausgewählte Positionen): Tarifindex;WZ08-96;Sonstige überwiegend persönliche Dienstleistungen;113,2;2020=100;VST072;Index d.tarifl. Stundenverdienste mit Sonderzahl.
62221;Vj. Index der Tarifverdienste und Arbeitszeiten;JAHR;Jahr;2024;DINSGF;Früheres Bundesgebiet / Neue Länder;DF;Früheres Bundesgebiet;WZ08C7;WZ2008 (ausgewählte Positionen): Tarifindex;WZ08-96;Sonstige überwiegend persönliche Dienstleistungen;113,0;2020=100;VST073;Index d.tarifl. Monatsverdienste mit Sonderzahl.
62221;Vj. Index der Tarifverdienste und Arbeitszeiten;JAHR;Jahr;2024;DINSGF;Früheres Bundesgebiet / Neue Länder;DF;Früheres Bundesgebiet;WZ08C7;WZ2008 (ausgewählte Positionen): Tarifindex;WZ08-96;Sonstige überwiegend persönliche Dienstleistungen;38,6;h;VST019;Durchschnittliche tarifliche Wochenarbeitszeit
62221;Vj. Index der Tarifverdienste und Arbeitszeiten;JAHR;Jahr;2024;DINSGF;Früheres Bundesgebiet / Neue Länder;DF;Früheres Bundesgebiet;WZ08C7;WZ2008 (ausgewählte Positionen): Tarifindex;WZ08-96;Sonstige überwiegend persönliche Dienstleistungen;111,7;2020=100;VST066;Index d.tarifl. Monatsverdienste ohne Sonderzahl.
62221;Vj. Index der Tarifverdienste und Arbeitszeiten;JAHR;Jahr;2024;DINSGF;Früheres Bundesgebiet / Neue Länder;DF;Früheres Bundesgebiet;WZ08C7;WZ2008 (ausgewählte Positionen): Tarifindex;WZ08-96;Sonstige überwiegend persönliche Dienstleistungen;99,8;2020=100;VST018;Index der tariflichen Wochenarbeitszeit
62221;Vj. Index der Tarifverdienste und Arbeitszeiten;JAHR;Jahr;2024;DINSGF;Früheres Bundesgebiet / Neue Länder;DF;Früheres Bundesgebiet;WZ08C7;WZ2008 (ausgewählte Positionen): Tarifindex;WZ08-96;Sonstige überwiegend persönliche Dienstleistungen;111,9;2020=100;VST065;Index d.tarifl. Stundenverdienste ohne Sonderzahl.
62221;Vj. Index der Tarifverdienste und Arbeitszeiten;JAHR;Jahr;2022;DINSGF;Früheres Bundesgebiet / Neue Länder;DN;Neue Länder;WZ08C7;WZ2008 (ausgewählte Positionen): Tarifindex;WZ08-52;Lagerei, sonstige Dienstleistungen für den Verkehr;103,4;2020=100;VST072;Index d.tarifl. Stundenverdienste mit Sonderzahl.
62221;Vj. Index der Tarifverdienste und Arbeitszeiten;JAHR;Jahr;2022;DINSGF;Früheres Bundesgebiet / Neue Länder;DN;Neue Länder;WZ08C7;WZ2008 (ausgewählte Positionen): Tarifindex;WZ08-52;Lagerei, sonstige Dienstleistungen für den Verkehr;103,4;2020=100;VST073;Index d.tarifl. Monatsverdienste mit Sonderzahl.
62221;Vj. Index der Tarifverdienste und Arbeitszeiten;JAHR;Jahr;2022;DINSGF;Früheres Bundesgebiet / Neue Länder;DN;Neue Länder;WZ08C7;WZ2008 (ausgewählte Positionen): Tarifindex;WZ08-52;Lagerei, sonstige Dienstleistungen für den Verkehr;39,4;h;VST019;Durchschnittliche tarifliche Wochenarbeitszeit
62221;Vj. Index der Tarifverdienste und Arbeitszeiten;JAHR;Jahr;2022;DINSGF;Früheres Bundesgebiet / Neue Länder;DN;Neue Länder;WZ08C7;WZ2008 (ausgewählte Positionen): Tarifindex;WZ08-52;Lagerei, sonstige Dienstleistungen für den Verkehr;103,4;2020=100;VST066;Index d.tarifl. Monatsverdienste ohne Sonderzahl.
62221;Vj. Index der Tarifverdienste und Arbeitszeiten;JAHR;Jahr;2022;DINSGF;Früheres Bundesgebiet / Neue Länder;DN;Neue Länder;WZ08C7;WZ2008 (ausgewählte Positionen): Tarifindex;WZ08-52;Lagerei, sonstige Dienstleistungen für den Verkehr;100,0;2020=100;VST018;Index der tariflichen Wochenarbeitszeit
62221;Vj. Index der Tarifverdienste und Arbeitszeiten;JAHR;Jahr;2022;DINSGF;Früheres Bundesgebiet / Neue Länder;DN;Neue Länder;WZ08C7;WZ2008 (ausgewählte Positionen): Tarifindex;WZ08-52;Lagerei, sonstige Dienstleistungen für den Verkehr;103,4;2020=100;VST065;Index d.tarifl. Stundenverdienste ohne Sonderzahl.
62221;Vj. Index der Tarifverdienste und Arbeitszeiten;JAHR;Jahr;2022;DINSGF;Früheres Bundesgebiet / Neue Länder;DN;Neue Länder;WZ08C7;WZ2008 (ausgewählte Positionen): Tarifindex;WZ08-94;Interessenvertr., kirchl. u. sonst. Vereinigungen;104,1;2020=100;VST072;Index d.tarifl. Stundenverdienste mit Sonderzahl.
62221;Vj. Index der Tarifverdienste und Arbeitszeiten;JAHR;Jahr;2022;DINSGF;Früheres Bundesgebiet / Neue Länder;DN;Neue Länder;WZ08C7;WZ2008 (ausgewählte Positionen): Tarifindex;WZ08-94;Interessenvertr., kirchl. u. sonst. Vereinigungen;104,1;2020=100;VST073;Index d.tarifl. Monatsverdienste mit Sonderzahl.
62221;Vj. Index der Tarifverdienste und Arbeitszeiten;JAHR;Jahr;2022;DINSGF;Früheres Bundesgebiet / Neue Länder;DN;Neue Länder;WZ08C7;WZ2008 (ausgewählte Positionen): Tarifindex;WZ08-94;Interessenvertr., kirchl. u. sonst. Vereinigungen;39,7;h;VST019;Durchschnittliche tarifliche Wochenarbeitszeit
62221;Vj. Index der Tarifverdienste und Arbeitszeiten;JAHR;Jahr;2022;DINSGF;Früheres Bundesgebiet / Neue Länder;DN;Neue Länder;WZ08C7;WZ2008 (ausgewählte Positionen): Tarifindex;WZ08-94;Interessenvertr., kirchl. u. sonst. Vereinigungen;103,5;2020=100;VST066;Index d.tarifl. Monatsverdienste ohne Sonderzahl.
62221;Vj. Index der Tarifverdienste und Arbeitszeiten;JAHR;Jahr;2022;DINSGF;Früheres Bundesgebiet / Neue Länder;DN;Neue Länder;WZ08C7;WZ2008 (ausgewählte Positionen): Tarifindex;WZ08-94;Interessenvertr., kirchl. u. sonst. Vereinigungen;100,0;2020=100;VST018;Index der tariflichen Wochenarbeitszeit
62221;Vj. Index der Tarifverdienste und Arbeitszeiten;JAHR;Jahr;2022;DINSGF;Früheres Bundesgebiet / Neue Länder;DN;Neue Länder;WZ08C7;WZ2008 (ausgewählte Positionen): Tarifindex;WZ08-94;Interessenvertr., kirchl. u. sonst. Vereinigungen;103,5;2020=100;VST065;Index d.tarifl. Stundenverdienste ohne Sonderzahl.
62221;Vj. Index der Tarifverdienste und Arbeitszeiten;JAHR;Jahr;2016;DINSGF;Früheres Bundesgebiet / Neue Länder;DF;Früheres Bundesgebiet;WZ08C7;WZ2008 (ausgewählte Positionen): Tarifindex;WZ08-29;Herstellung von Kraftwagen und Kraftwagenteilen;90,5;2020=100;VST072;Index d.tarifl. Stundenverdienste mit Sonderzahl.
62221;Vj. Index der Tarifverdienste und Arbeitszeiten;JAHR;Jahr;2016;DINSGF;Früheres Bundesgebiet / Neue Länder;DF;Früheres Bundesgebiet;WZ08C7;WZ2008 (ausgewählte Positionen): Tarifindex;WZ08-29;Herstellung von Kraftwagen und Kraftwagenteilen;90,5;2020=100;VST073;Index d.tarifl. Monatsverdienste mit Sonderzahl.
62221;Vj. Index der Tarifverdienste und Arbeitszeiten;JAHR;Jahr;2016;DINSGF;Früheres Bundesgebiet / Neue Länder;DF;Früheres Bundesgebiet;WZ08C7;WZ2008 (ausgewählte Positionen): Tarifindex;WZ08-29;Herstellung von Kraftwagen und Kraftwagenteilen;35,2;h;VST019;Durchschnittliche tarifliche Wochenarbeitszeit
62221;Vj. Index der Tarifverdienste und Arbeitszeiten;JAHR;Jahr;2016;DINSGF;Früheres Bundesgebiet / Neue Länder;DF;Früheres Bundesgebiet;WZ08C7;WZ2008 (ausgewählte Positionen): Tarifindex;WZ08-29;Herstellung von Kraftwagen und Kraftwagenteilen;92,6;2020=100;VST066;Index d.tarifl. Monatsverdienste ohne Sonderzahl.
62221;Vj. Index der Tarifverdienste und Arbeitszeiten;JAHR;Jahr;2016;DINSGF;Früheres Bundesgebiet / Neue Länder;DF;Früheres Bundesgebiet;WZ08C7;WZ2008 (ausgewählte Positionen): Tarifindex;WZ08-29;Herstellung von Kraftwagen und Kraftwagenteilen;100,0;2020=100;VST018;Index der tariflichen Wochenarbeitszeit
62221;Vj. Index der Tarifverdienste und Arbeitszeiten;JAHR;Jahr;2016;DINSGF;Früheres Bundesgebiet / Neue Länder;DF;Früheres Bundesgebiet;WZ08C7;WZ2008 (ausgewählte Positionen): Tarifindex;WZ08-29;Herstellung von Kraftwagen und Kraftwagenteilen;92,6;2020=100;VST065;Index d.tarifl. Stundenverdienste ohne Sonderzahl.
62221;Vj. Index der Tarifverdienste und Arbeitszeiten;JAHR;Jahr;2024;DINSGF;Früheres Bundesgebiet / Neue Länder;DF;Früheres Bundesgebiet;WZ08C7;WZ2008 (ausgewählte Positionen): Tarifindex;WZ08-P;Erziehung und Unterricht;109,6;2020=100;VST072;Index d.tarifl. Stundenverdienste mit Sonderzahl.
62221;Vj. Index der Tarifverdienste und Arbeitszeiten;JAHR;Jahr;2024;DINSGF;Früheres Bundesgebiet / Neue Länder;DF;Früheres Bundesgebiet;WZ08C7;WZ2008 (ausgewählte Positionen): Tarifindex;WZ08-P;Erziehung und Unterricht;109,6;2020=100;VST073;Index d.tarifl. Monatsverdienste mit Sonderzahl.
62221;Vj. Index der Tarifverdienste und Arbeitszeiten;JAHR;Jahr;2024;DINSGF;Früheres Bundesgebiet / Neue Länder;DF;Früheres Bundesgebiet;WZ08C7;WZ2008 (ausgewählte Positionen): Tarifindex;WZ08-P;Erziehung und Unterricht;40,1;h;VST019;Durchschnittliche tarifliche Wochenarbeitszeit
62221;Vj. Index der Tarifverdienste und Arbeitszeiten;JAHR;Jahr;2024;DINSGF;Früheres Bundesgebiet / Neue Länder;DF;Früheres Bundesgebiet;WZ08C7;WZ2008 (ausgewählte Positionen): Tarifindex;WZ08-P;Erziehung und Unterricht;106,6;2020=100;VST066;Index d.tarifl. Monatsverdienste ohne Sonderzahl.
62221;Vj. Index der Tarifverdienste und Arbeitszeiten;JAHR;Jahr;2024;DINSGF;Früheres Bundesgebiet / Neue Länder;DF;Früheres Bundesgebiet;WZ08C7;WZ2008 (ausgewählte Positionen): Tarifindex;WZ08-P;Erziehung und Unterricht;100,0;2020=100;VST018;Index der tariflichen Wochenarbeitszeit
62221;Vj. Index der Tarifverdienste und Arbeitszeiten;JAHR;Jahr;2024;DINSGF;Früheres Bundesgebiet / Neue Länder;DF;Früheres Bundesgebiet;WZ08C7;WZ2008 (ausgewählte Positionen): Tarifindex;WZ08-P;Erziehung und Unterricht;106,6;2020=100;VST065;Index d.tarifl. Stundenverdienste ohne Sonderzahl.
62221;Vj. Index der Tarifverdienste und Arbeitszeiten;JAHR;Jahr;2022;DINSGF;Früheres Bundesgebiet / Neue Länder;DN;Neue Länder;WZ08C7;WZ2008 (ausgewählte Positionen): Tarifindex;WZ08-A-03;Gesamtwirtschaft;104,0;2020=100;VST072;Index d.tarifl. Stundenverdienste mit Sonderzahl.
62221;Vj. Index der Tarifverdienste und Arbeitszeiten;JAHR;Jahr;2022;DINSGF;Früheres Bundesgebiet / Neue Länder;DN;Neue Länder;WZ08C7;WZ2008 (ausgewählte Positionen): Tarifindex;WZ08-A-03;Gesamtwirtschaft;103,9;2020=100;VST073;Index d.tarifl. Monatsverdienste mit Sonderzahl.
62221;Vj. Index der Tarifverdienste und Arbeitszeiten;JAHR;Jahr;2022;DINSGF;Früheres Bundesgebiet / Neue Länder;DN;Neue Länder;WZ08C7;WZ2008 (ausgewählte Positionen): Tarifindex;WZ08-A-03;Gesamtwirtschaft;39,1;h;VST019;Durchschnittliche tarifliche Wochenarbeitszeit
62221;Vj. Index der Tarifverdienste und Arbeitszeiten;JAHR;Jahr;2022;DINSGF;Früheres Bundesgebiet / Neue Länder;DN;Neue Länder;WZ08C7;WZ2008 (ausgewählte Positionen): Tarifindex;WZ08-A-03;Gesamtwirtschaft;103,3;2020=100;VST066;Index d.tarifl. Monatsverdienste ohne Sonderzahl.
62221;Vj. Index der Tarifverdienste und Arbeitszeiten;JAHR;Jahr;2022;DINSGF;Früheres Bundesgebiet / Neue Länder;DN;Neue Länder;WZ08C7;WZ2008 (ausgewählte Positionen): Tarifindex;WZ08-A-03;Gesamtwirtschaft;99,9;2020=100;VST018;Index der tariflichen Wochenarbeitszeit
62221;Vj. Index der Tarifverdienste und Arbeitszeiten;JAHR;Jahr;2022;DINSGF;Früheres Bundesgebiet / Neue Länder;DN;Neue Länder;WZ08C7;WZ2008 (ausgewählte Positionen): Tarifindex;WZ08-A-03;Gesamtwirtschaft;103,3;2020=100;VST065;Index d.tarifl. Stundenverdienste ohne Sonderzahl.
62221;Vj. Index der Tarifverdienste und Arbeitszeiten;JAHR;Jahr;2021;DINSGF;Früheres Bundesgebiet / Neue Länder;DN;Neue Länder;WZ08C7;WZ2008 (ausgewählte Positionen): Tarifindex;WZ08-13;Herstellung von Textilien;103,0;2020=100;VST072;Index d.tarifl. Stundenverdienste mit Sonderzahl.
62221;Vj. Index der Tarifverdienste und Arbeitszeiten;JAHR;Jahr;2021;DINSGF;Früheres Bundesgebiet / Neue Länder;DN;Neue Länder;WZ08C7;WZ2008 (ausgewählte Positionen): Tarifindex;WZ08-13;Herstellung von Textilien;101,7;2020=100;VST073;Index d.tarifl. Monatsverdienste mit Sonderzahl.
62221;Vj. Index der Tarifverdienste und Arbeitszeiten;JAHR;Jahr;2021;DINSGF;Früheres Bundesgebiet / Neue Länder;DN;Neue Länder;WZ08C7;WZ2008 (ausgewählte Positionen): Tarifindex;WZ08-13;Herstellung von Textilien;39,0;h;VST019;Durchschnittliche tarifliche Wochenarbeitszeit
62221;Vj. Index der Tarifverdienste und Arbeitszeiten;JAHR;Jahr;2021;DINSGF;Früheres Bundesgebiet / Neue Länder;DN;Neue Länder;WZ08C7;WZ2008 (ausgewählte Positionen): Tarifindex;WZ08-13;Herstellung von Textilien;101,6;2020=100;VST066;Index d.tarifl. Monatsverdienste ohne Sonderzahl.
62221;Vj. Index der Tarifverdienste und Arbeitszeiten;JAHR;Jahr;2021;DINSGF;Früheres Bundesgebiet / Neue Länder;DN;Neue Länder;WZ08C7;WZ2008 (ausgewählte Positionen): Tarifindex;WZ08-13;Herstellung von Textilien;98,7;2020=100;VST018;Index der tariflichen Wochenarbeitszeit
62221;Vj. Index der Tarifverdienste und Arbeitszeiten;JAHR;Jahr;2021;DINSGF;Früheres Bundesgebiet / Neue Länder;DN;Neue Länder;WZ08C7;WZ2008 (ausgewählte Positionen): Tarifindex;WZ08-13;Herstellung von Textilien;102,9;2020=100;VST065;Index d.tarifl. Stundenverdienste ohne Sonderzahl.
62221;Vj. Index der Tarifverdienste und Arbeitszeiten;JAHR;Jahr;2016;DINSGF;Früheres Bundesgebiet / Neue Länder;DF;Früheres Bundesgebiet;WZ08C7;WZ2008 (ausgewählte Positionen): Tarifindex;WZ08-92;Spiel-, Wett- und Lotteriewesen;93,5;2020=100;VST072;Index d.tarifl. Stundenverdienste mit Sonderzahl.
62221;Vj. Index der Tarifverdienste und Arbeitszeiten;JAHR;Jahr;2016;DINSGF;Früheres Bundesgebiet / Neue Länder;DF;Früheres Bundesgebiet;WZ08C7;WZ2008 (ausgewählte Positionen): Tarifindex;WZ08-92;Spiel-, Wett- und Lotteriewesen;93,5;2020=100;VST073;Index d.tarifl. Monatsverdienste mit Sonderzahl.
62221;Vj. Index der Tarifverdienste und Arbeitszeiten;JAHR;Jahr;2016;DINSGF;Früheres Bundesgebiet / Neue Länder;DF;Früheres Bundesgebiet;WZ08C7;WZ2008 (ausgewählte Positionen): Tarifindex;WZ08-92;Spiel-, Wett- und Lotteriewesen;38,7;h;VST019;Durchschnittliche tarifliche Wochenarbeitszeit
62221;Vj. Index der Tarifverdienste und Arbeitszeiten;JAHR;Jahr;2016;DINSGF;Früheres Bundesgebiet / Neue Länder;DF;Früheres Bundesgebiet;WZ08C7;WZ2008 (ausgewählte Positionen): Tarifindex;WZ08-92;Spiel-, Wett- und Lotteriewesen;93,6;2020=100;VST066;Index d.tarifl. Monatsverdienste ohne Sonderzahl.
62221;Vj. Index der Tarifverdienste und Arbeitszeiten;JAHR;Jahr;2016;DINSGF;Früheres Bundesgebiet / Neue Länder;DF;Früheres Bundesgebiet;WZ08C7;WZ2008 (ausgewählte Positionen): Tarifindex;WZ08-92;Spiel-, Wett- und Lotteriewesen;100,0;2020=100;VST018;Index der tariflichen Wochenarbeitszeit
62221;Vj. Index der Tarifverdienste und Arbeitszeiten;JAHR;Jahr;2016;DINSGF;Früheres Bundesgebiet / Neue Länder;DF;Früheres Bundesgebiet;WZ08C7;WZ2008 (ausgewählte Positionen): Tarifindex;WZ08-92;Spiel-, Wett- und Lotteriewesen;93,6;2020=100;VST065;Index d.tarifl. Stundenverdienste ohne Sonderzahl.
62221;Vj. Index der Tarifverdienste und Arbeitszeiten;JAHR;Jahr;2023;DINSGF;Früheres Bundesgebiet / Neue Länder;DF;Früheres Bundesgebiet;WZ08C7;WZ2008 (ausgewählte Positionen): Tarifindex;WZ08-06;Gewinnung von Erdöl und Erdgas;111,7;2020=100;VST072;Index d.tarifl. Stundenverdienste mit Sonderzahl.
62221;Vj. Index der Tarifverdienste und Arbeitszeiten;JAHR;Jahr;2023;DINSGF;Früheres Bundesgebiet / Neue Länder;DF;Früheres Bundesgebiet;WZ08C7;WZ2008 (ausgewählte Positionen): Tarifindex;WZ08-06;Gewinnung von Erdöl und Erdgas;111,1;2020=100;VST073;Index d.tarifl. Monatsverdienste mit Sonderzahl.
62221;Vj. Index der Tarifverdienste und Arbeitszeiten;JAHR;Jahr;2023;DINSGF;Früheres Bundesgebiet / Neue Länder;DF;Früheres Bundesgebiet;WZ08C7;WZ2008 (ausgewählte Positionen): Tarifindex;WZ08-06;Gewinnung von Erdöl und Erdgas;37,8;h;VST019;Durchschnittliche tarifliche Wochenarbeitszeit
62221;Vj. Index der Tarifverdienste und Arbeitszeiten;JAHR;Jahr;2023;DINSGF;Früheres Bundesgebiet / Neue Länder;DF;Früheres Bundesgebiet;WZ08C7;WZ2008 (ausgewählte Positionen): Tarifindex;WZ08-06;Gewinnung von Erdöl und Erdgas;109,6;2020=100;VST066;Index d.tarifl. Monatsverdienste ohne Sonderzahl.
62221;Vj. Index der Tarifverdienste und Arbeitszeiten;JAHR;Jahr;2023;DINSGF;Früheres Bundesgebiet / Neue Länder;DF;Früheres Bundesgebiet;WZ08C7;WZ2008 (ausgewählte Positionen): Tarifindex;WZ08-06;Gewinnung von Erdöl und Erdgas;99,5;2020=100;VST018;Index der tariflichen Wochenarbeitszeit
62221;Vj. Index der Tarifverdienste und Arbeitszeiten;JAHR;Jahr;2023;DINSGF;Früheres Bundesgebiet / Neue Länder;DF;Früheres Bundesgebiet;WZ08C7;WZ2008 (ausgewählte Positionen): Tarifindex;WZ08-06;Gewinnung von Erdöl und Erdgas;110,1;2020=100;VST065;Index d.tarifl. Stundenverdienste ohne Sonderzahl.
62221;Vj. Index der Tarifverdienste und Arbeitszeiten;JAHR;Jahr;2021;DINSGF;Früheres Bundesgebiet / Neue Länder;DF;Früheres Bundesgebiet;WZ08C7;WZ2008 (ausgewählte Positionen): Tarifindex;WZ08-B-14;Kohlenbergbau, Gewinnung von Erdöl und Erdgas;101,8;2020=100;VST072;Index d.tarifl. Stundenverdienste mit Sonderzahl.
62221;Vj. Index der Tarifverdienste und Arbeitszeiten;JAHR;Jahr;2021;DINSGF;Früheres Bundesgebiet / Neue Länder;DF;Früheres Bundesgebiet;WZ08C7;WZ2008 (ausgewählte Positionen): Tarifindex;WZ08-B-14;Kohlenbergbau, Gewinnung von Erdöl und Erdgas;101,8;2020=100;VST073;Index d.tarifl. Monatsverdienste mit Sonderzahl.
62221;Vj. Index der Tarifverdienste und Arbeitszeiten;JAHR;Jahr;2021;DINSGF;Früheres Bundesgebiet / Neue Länder;DF;Früheres Bundesgebiet;WZ08C7;WZ2008 (ausgewählte Positionen): Tarifindex;WZ08-B-14;Kohlenbergbau, Gewinnung von Erdöl und Erdgas;39,5;h;VST019;Durchschnittliche tarifliche Wochenarbeitszeit
62221;Vj. Index der Tarifverdienste und Arbeitszeiten;JAHR;Jahr;2021;DINSGF;Früheres Bundesgebiet / Neue Länder;DF;Früheres Bundesgebiet;WZ08C7;WZ2008 (ausgewählte Positionen): Tarifindex;WZ08-B-14;Kohlenbergbau, Gewinnung von Erdöl und Erdgas;102,1;2020=100;VST066;Index d.tarifl. Monatsverdienste ohne Sonderzahl.
62221;Vj. Index der Tarifverdienste und Arbeitszeiten;JAHR;Jahr;2021;DINSGF;Früheres Bundesgebiet / Neue Länder;DF;Früheres Bundesgebiet;WZ08C7;WZ2008 (ausgewählte Positionen): Tarifindex;WZ08-B-14;Kohlenbergbau, Gewinnung von Erdöl und Erdgas;100,0;2020=100;VST018;Index der tariflichen Wochenarbeitszeit
62221;Vj. Index der Tarifverdienste und Arbeitszeiten;JAHR;Jahr;2021;DINSGF;Früheres Bundesgebiet / Neue Länder;DF;Früheres Bundesgebiet;WZ08C7;WZ2008 (ausgewählte Positionen): Tarifindex;WZ08-B-14;Kohlenbergbau, Gewinnung von Erdöl und Erdgas;102,1;2020=100;VST065;Index d.tarifl. Stundenverdienste ohne Sonderzahl.
62221;Vj. Index der Tarifverdienste und Arbeitszeiten;JAHR;Jahr;2024;DINSGF;Früheres Bundesgebiet / Neue Länder;DF;Früheres Bundesgebiet;WZ08C7;WZ2008 (ausgewählte Positionen): Tarifindex;WZ08-J;Information und Kommunikation;108,8;2020=100;VST072;Index d.tarifl. Stundenverdienste mit Sonderzahl.
62221;Vj. Index der Tarifverdienste und Arbeitszeiten;JAHR;Jahr;2024;DINSGF;Früheres Bundesgebiet / Neue Länder;DF;Früheres Bundesgebiet;WZ08C7;WZ2008 (ausgewählte Positionen): Tarifindex;WZ08-J;Information und Kommunikation;108,8;2020=100;VST073;Index d.tarifl. Monatsverdienste mit Sonderzahl.
62221;Vj. Index der Tarifverdienste und Arbeitszeiten;JAHR;Jahr;2024;DINSGF;Früheres Bundesgebiet / Neue Länder;DF;Früheres Bundesgebiet;WZ08C7;WZ2008 (ausgewählte Positionen): Tarifindex;WZ08-J;Information und Kommunikation;37,7;h;VST019;Durchschnittliche tarifliche Wochenarbeitszeit
62221;Vj. Index der Tarifverdienste und Arbeitszeiten;JAHR;Jahr;2024;DINSGF;Früheres Bundesgebiet / Neue Länder;DF;Früheres Bundesgebiet;WZ08C7;WZ2008 (ausgewählte Positionen): Tarifindex;WZ08-J;Information und Kommunikation;107,8;2020=100;VST066;Index d.tarifl. Monatsverdienste ohne Sonderzahl.
62221;Vj. Index der Tarifverdienste und Arbeitszeiten;JAHR;Jahr;2024;DINSGF;Früheres Bundesgebiet / Neue Länder;DF;Früheres Bundesgebiet;WZ08C7;WZ2008 (ausgewählte Positionen): Tarifindex;WZ08-J;Information und Kommunikation;100,0;2020=100;VST018;Index der tariflichen Wochenarbeitszeit
62221;Vj. Index der Tarifverdienste und Arbeitszeiten;JAHR;Jahr;2024;DINSGF;Früheres Bundesgebiet / Neue Länder;DF;Früheres Bundesgebiet;WZ08C7;WZ2008 (ausgewählte Positionen): Tarifindex;WZ08-J;Information und Kommunikation;107,7;2020=100;VST065;Index d.tarifl. Stundenverdienste ohne Sonderzahl.
62221;Vj. Index der Tarifverdienste und Arbeitszeiten;JAHR;Jahr;2021;DINSGF;Früheres Bundesgebiet / Neue Länder;DN;Neue Länder;WZ08C7;WZ2008 (ausgewählte Positionen): Tarifindex;WZ08-37;Abwasserentsorgung;100,5;2020=100;VST072;Index d.tarifl. Stundenverdienste mit Sonderzahl.
62221;Vj. Index der Tarifverdienste und Arbeitszeiten;JAHR;Jahr;2021;DINSGF;Früheres Bundesgebiet / Neue Länder;DN;Neue Länder;WZ08C7;WZ2008 (ausgewählte Positionen): Tarifindex;WZ08-37;Abwasserentsorgung;100,5;2020=100;VST073;Index d.tarifl. Monatsverdienste mit Sonderzahl.
62221;Vj. Index der Tarifverdienste und Arbeitszeiten;JAHR;Jahr;2021;DINSGF;Früheres Bundesgebiet / Neue Länder;DN;Neue Länder;WZ08C7;WZ2008 (ausgewählte Positionen): Tarifindex;WZ08-37;Abwasserentsorgung;39,0;h;VST019;Durchschnittliche tarifliche Wochenarbeitszeit
62221;Vj. Index der Tarifverdienste und Arbeitszeiten;JAHR;Jahr;2021;DINSGF;Früheres Bundesgebiet / Neue Länder;DN;Neue Länder;WZ08C7;WZ2008 (ausgewählte Positionen): Tarifindex;WZ08-37;Abwasserentsorgung;101,3;2020=100;VST066;Index d.tarifl. Monatsverdienste ohne Sonderzahl.
62221;Vj. Index der Tarifverdienste und Arbeitszeiten;JAHR;Jahr;2021;DINSGF;Früheres Bundesgebiet / Neue Länder;DN;Neue Länder;WZ08C7;WZ2008 (ausgewählte Positionen): Tarifindex;WZ08-37;Abwasserentsorgung;100,0;2020=100;VST018;Index der tariflichen Wochenarbeitszeit
62221;Vj. Index der Tarifverdienste und Arbeitszeiten;JAHR;Jahr;2021;DINSGF;Früheres Bundesgebiet / Neue Länder;DN;Neue Länder;WZ08C7;WZ2008 (ausgewählte Positionen): Tarifindex;WZ08-37;Abwasserentsorgung;101,3;2020=100;VST065;Index d.tarifl. Stundenverdienste ohne Sonderzahl.
62221;Vj. Index der Tarifverdienste und Arbeitszeiten;JAHR;Jahr;2016;DINSGF;Früheres Bundesgebiet / Neue Länder;DF;Früheres Bundesgebiet;WZ08C7;WZ2008 (ausgewählte Positionen): Tarifindex;WZ08-23;H.v.Glas,-waren,Keramik,Verarb. v.Steinen u.Erden;90,8;2020=100;VST072;Index d.tarifl. Stundenverdienste mit Sonderzahl.
62221;Vj. Index der Tarifverdienste und Arbeitszeiten;JAHR;Jahr;2016;DINSGF;Früheres Bundesgebiet / Neue Länder;DF;Früheres Bundesgebiet;WZ08C7;WZ2008 (ausgewählte Positionen): Tarifindex;WZ08-23;H.v.Glas,-waren,Keramik,Verarb. v.Steinen u.Erden;90,8;2020=100;VST073;Index d.tarifl. Monatsverdienste mit Sonderzahl.
62221;Vj. Index der Tarifverdienste und Arbeitszeiten;JAHR;Jahr;2016;DINSGF;Früheres Bundesgebiet / Neue Länder;DF;Früheres Bundesgebiet;WZ08C7;WZ2008 (ausgewählte Positionen): Tarifindex;WZ08-23;H.v.Glas,-waren,Keramik,Verarb. v.Steinen u.Erden;37,9;h;VST019;Durchschnittliche tarifliche Wochenarbeitszeit
62221;Vj. Index der Tarifverdienste und Arbeitszeiten;JAHR;Jahr;2016;DINSGF;Früheres Bundesgebiet / Neue Länder;DF;Früheres Bundesgebiet;WZ08C7;WZ2008 (ausgewählte Positionen): Tarifindex;WZ08-23;H.v.Glas,-waren,Keramik,Verarb. v.Steinen u.Erden;91,4;2020=100;VST066;Index d.tarifl. Monatsverdienste ohne Sonderzahl.
62221;Vj. Index der Tarifverdienste und Arbeitszeiten;JAHR;Jahr;2016;DINSGF;Früheres Bundesgebiet / Neue Länder;DF;Früheres Bundesgebiet;WZ08C7;WZ2008 (ausgewählte Positionen): Tarifindex;WZ08-23;H.v.Glas,-waren,Keramik,Verarb. v.Steinen u.Erden;100,0;2020=100;VST018;Index der tariflichen Wochenarbeitszeit
62221;Vj. Index der Tarifverdienste und Arbeitszeiten;JAHR;Jahr;2016;DINSGF;Früheres Bundesgebiet / Neue Länder;DF;Früheres Bundesgebiet;WZ08C7;WZ2008 (ausgewählte Positionen): Tarifindex;WZ08-23;H.v.Glas,-waren,Keramik,Verarb. v.Steinen u.Erden;91,4;2020=100;VST065;Index d.tarifl. Stundenverdienste ohne Sonderzahl.
62221;Vj. Index der Tarifverdienste und Arbeitszeiten;JAHR;Jahr;2020;DINSGF;Früheres Bundesgebiet / Neue Länder;DF;Früheres Bundesgebiet;WZ08C7;WZ2008 (ausgewählte Positionen): Tarifindex;WZ08-B-08;Produzierendes Gewerbe und Dienstleistungsbereich;100,0;2020=100;VST072;Index d.tarifl. Stundenverdienste mit Sonderzahl.
62221;Vj. Index der Tarifverdienste und Arbeitszeiten;JAHR;Jahr;2020;DINSGF;Früheres Bundesgebiet / Neue Länder;DF;Früheres Bundesgebiet;WZ08C7;WZ2008 (ausgewählte Positionen): Tarifindex;WZ08-B-08;Produzierendes Gewerbe und Dienstleistungsbereich;100,0;2020=100;VST073;Index d.tarifl. Monatsverdienste mit Sonderzahl.
62221;Vj. Index der Tarifverdienste und Arbeitszeiten;JAHR;Jahr;2020;DINSGF;Früheres Bundesgebiet / Neue Länder;DF;Früheres Bundesgebiet;WZ08C7;WZ2008 (ausgewählte Positionen): Tarifindex;WZ08-B-08;Produzierendes Gewerbe und Dienstleistungsbereich;38,5;h;VST019;Durchschnittliche tarifliche Wochenarbeitszeit
62221;Vj. Index der Tarifverdienste und Arbeitszeiten;JAHR;Jahr;2020;DINSGF;Früheres Bundesgebiet / Neue Länder;DF;Früheres Bundesgebiet;WZ08C7;WZ2008 (ausgewählte Positionen): Tarifindex;WZ08-B-08;Produzierendes Gewerbe und Dienstleistungsbereich;100,0;2020=100;VST066;Index d.tarifl. Monatsverdienste ohne Sonderzahl.
62221;Vj. Index der Tarifverdienste und Arbeitszeiten;JAHR;Jahr;2020;DINSGF;Früheres Bundesgebiet / Neue Länder;DF;Früheres Bundesgebiet;WZ08C7;WZ2008 (ausgewählte Positionen): Tarifindex;WZ08-B-08;Produzierendes Gewerbe und Dienstleistungsbereich;100,0;2020=100;VST018;Index der tariflichen Wochenarbeitszeit
62221;Vj. Index der Tarifverdienste und Arbeitszeiten;JAHR;Jahr;2020;DINSGF;Früheres Bundesgebiet / Neue Länder;DF;Früheres Bundesgebiet;WZ08C7;WZ2008 (ausgewählte Positionen): Tarifindex;WZ08-B-08;Produzierendes Gewerbe und Dienstleistungsbereich;100,0;2020=100;VST065;Index d.tarifl. Stundenverdienste ohne Sonderzahl.
62221;Vj. Index der Tarifverdienste und Arbeitszeiten;JAHR;Jahr;2017;DINSGF;Früheres Bundesgebiet / Neue Länder;DF;Früheres Bundesgebiet;WZ08C7;WZ2008 (ausgewählte Positionen): Tarifindex;WZ-X002;Investitionsgüterproduzenten;92,9;2020=100;VST072;Index d.tarifl. Stundenverdienste mit Sonderzahl.
62221;Vj. Index der Tarifverdienste und Arbeitszeiten;JAHR;Jahr;2017;DINSGF;Früheres Bundesgebiet / Neue Länder;DF;Früheres Bundesgebiet;WZ08C7;WZ2008 (ausgewählte Positionen): Tarifindex;WZ-X002;Investitionsgüterproduzenten;92,9;2020=100;VST073;Index d.tarifl. Monatsverdienste mit Sonderzahl.
62221;Vj. Index der Tarifverdienste und Arbeitszeiten;JAHR;Jahr;2017;DINSGF;Früheres Bundesgebiet / Neue Länder;DF;Früheres Bundesgebiet;WZ08C7;WZ2008 (ausgewählte Positionen): Tarifindex;WZ-X002;Investitionsgüterproduzenten;35,2;h;VST019;Durchschnittliche tarifliche Wochenarbeitszeit
62221;Vj. Index der Tarifverdienste und Arbeitszeiten;JAHR;Jahr;2017;DINSGF;Früheres Bundesgebiet / Neue Länder;DF;Früheres Bundesgebiet;WZ08C7;WZ2008 (ausgewählte Positionen): Tarifindex;WZ-X002;Investitionsgüterproduzenten;95,3;2020=100;VST066;Index d.tarifl. Monatsverdienste ohne Sonderzahl.
62221;Vj. Index der Tarifverdienste und Arbeitszeiten;JAHR;Jahr;2017;DINSGF;Früheres Bundesgebiet / Neue Länder;DF;Früheres Bundesgebiet;WZ08C7;WZ2008 (ausgewählte Positionen): Tarifindex;WZ-X002;Investitionsgüterproduzenten;100,0;2020=100;VST018;Index der tariflichen Wochenarbeitszeit
62221;Vj. Index der Tarifverdienste und Arbeitszeiten;JAHR;Jahr;2017;DINSGF;Früheres Bundesgebiet / Neue Länder;DF;Früheres Bundesgebiet;WZ08C7;WZ2008 (ausgewählte Positionen): Tarifindex;WZ-X002;Investitionsgüterproduzenten;95,3;2020=100;VST065;Index d.tarifl. Stundenverdienste ohne Sonderzahl.
62221;Vj. Index der Tarifverdienste und Arbeitszeiten;JAHR;Jahr;2016;DINSGF;Früheres Bundesgebiet / Neue Länder;DF;Früheres Bundesgebiet;WZ08C7;WZ2008 (ausgewählte Positionen): Tarifindex;WZ08-74;Sonst. freiberufl.,wissenschaftl. u. techn.Tätigk.;91,0;2020=100;VST072;Index d.tarifl. Stundenverdienste mit Sonderzahl.
62221;Vj. Index der Tarifverdienste und Arbeitszeiten;JAHR;Jahr;2016;DINSGF;Früheres Bundesgebiet / Neue Länder;DF;Früheres Bundesgebiet;WZ08C7;WZ2008 (ausgewählte Positionen): Tarifindex;WZ08-74;Sonst. freiberufl.,wissenschaftl. u. techn.Tätigk.;91,0;2020=100;VST073;Index d.tarifl. Monatsverdienste mit Sonderzahl.
62221;Vj. Index der Tarifverdienste und Arbeitszeiten;JAHR;Jahr;2016;DINSGF;Früheres Bundesgebiet / Neue Länder;DF;Früheres Bundesgebiet;WZ08C7;WZ2008 (ausgewählte Positionen): Tarifindex;WZ08-74;Sonst. freiberufl.,wissenschaftl. u. techn.Tätigk.;38,4;h;VST019;Durchschnittliche tarifliche Wochenarbeitszeit
62221;Vj. Index der Tarifverdienste und Arbeitszeiten;JAHR;Jahr;2016;DINSGF;Früheres Bundesgebiet / Neue Länder;DF;Früheres Bundesgebiet;WZ08C7;WZ2008 (ausgewählte Positionen): Tarifindex;WZ08-74;Sonst. freiberufl.,wissenschaftl. u. techn.Tätigk.;90,9;2020=100;VST066;Index d.tarifl. Monatsverdienste ohne Sonderzahl.
62221;Vj. Index der Tarifverdienste und Arbeitszeiten;JAHR;Jahr;2016;DINSGF;Früheres Bundesgebiet / Neue Länder;DF;Früheres Bundesgebiet;WZ08C7;WZ2008 (ausgewählte Positionen): Tarifindex;WZ08-74;Sonst. freiberufl.,wissenschaftl. u. techn.Tätigk.;100,0;2020=100;VST018;Index der tariflichen Wochenarbeitszeit
62221;Vj. Index der Tarifverdienste und Arbeitszeiten;JAHR;Jahr;2016;DINSGF;Früheres Bundesgebiet / Neue Länder;DF;Früheres Bundesgebiet;WZ08C7;WZ2008 (ausgewählte Positionen): Tarifindex;WZ08-74;Sonst. freiberufl.,wissenschaftl. u. techn.Tätigk.;90,9;2020=100;VST065;Index d.tarifl. Stundenverdienste ohne Sonderzahl.
62221;Vj. Index der Tarifverdienste und Arbeitszeiten;JAHR;Jahr;2016;DINSGF;Früheres Bundesgebiet / Neue Länder;DF;Früheres Bundesgebiet;WZ08C7;WZ2008 (ausgewählte Positionen): Tarifindex;WZ08-47;Einzelhandel (ohne Handel mit Kraftfahrzeugen);91,7;2020=100;VST072;Index d.tarifl. Stundenverdienste mit Sonderzahl.
62221;Vj. Index der Tarifverdienste und Arbeitszeiten;JAHR;Jahr;2016;DINSGF;Früheres Bundesgebiet / Neue Länder;DF;Früheres Bundesgebiet;WZ08C7;WZ2008 (ausgewählte Positionen): Tarifindex;WZ08-47;Einzelhandel (ohne Handel mit Kraftfahrzeugen);91,8;2020=100;VST073;Index d.tarifl. Monatsverdienste mit Sonderzahl.
62221;Vj. Index der Tarifverdienste und Arbeitszeiten;JAHR;Jahr;2016;DINSGF;Früheres Bundesgebiet / Neue Länder;DF;Früheres Bundesgebiet;WZ08C7;WZ2008 (ausgewählte Positionen): Tarifindex;WZ08-47;Einzelhandel (ohne Handel mit Kraftfahrzeugen);38,0;h;VST019;Durchschnittliche tarifliche Wochenarbeitszeit
62221;Vj. Index der Tarifverdienste und Arbeitszeiten;JAHR;Jahr;2016;DINSGF;Früheres Bundesgebiet / Neue Länder;DF;Früheres Bundesgebiet;WZ08C7;WZ2008 (ausgewählte Positionen): Tarifindex;WZ08-47;Einzelhandel (ohne Handel mit Kraftfahrzeugen);91,9;2020=100;VST066;Index d.tarifl. Monatsverdienste ohne Sonderzahl.
62221;Vj. Index der Tarifverdienste und Arbeitszeiten;JAHR;Jahr;2016;DINSGF;Früheres Bundesgebiet / Neue Länder;DF;Früheres Bundesgebiet;WZ08C7;WZ2008 (ausgewählte Positionen): Tarifindex;WZ08-47;Einzelhandel (ohne Handel mit Kraftfahrzeugen);100,0;2020=100;VST018;Index der tariflichen Wochenarbeitszeit
62221;Vj. Index der Tarifverdienste und Arbeitszeiten;JAHR;Jahr;2016;DINSGF;Früheres Bundesgebiet / Neue Länder;DF;Früheres Bundesgebiet;WZ08C7;WZ2008 (ausgewählte Positionen): Tarifindex;WZ08-47;Einzelhandel (ohne Handel mit Kraftfahrzeugen);91,8;2020=100;VST065;Index d.tarifl. Stundenverdienste ohne Sonderzahl.
62221;Vj. Index der Tarifverdienste und Arbeitszeiten;JAHR;Jahr;2021;DINSGF;Früheres Bundesgebiet / Neue Länder;DN;Neue Länder;WZ08C7;WZ2008 (ausgewählte Positionen): Tarifindex;WZ08-19;Kokerei und Mineralölverarbeitung;103,1;2020=100;VST072;Index d.tarifl. Stundenverdienste mit Sonderzahl.
62221;Vj. Index der Tarifverdienste und Arbeitszeiten;JAHR;Jahr;2021;DINSGF;Früheres Bundesgebiet / Neue Länder;DN;Neue Länder;WZ08C7;WZ2008 (ausgewählte Positionen): Tarifindex;WZ08-19;Kokerei und Mineralölverarbeitung;101,8;2020=100;VST073;Index d.tarifl. Monatsverdienste mit Sonderzahl.
62221;Vj. Index der Tarifverdienste und Arbeitszeiten;JAHR;Jahr;2021;DINSGF;Früheres Bundesgebiet / Neue Länder;DN;Neue Länder;WZ08C7;WZ2008 (ausgewählte Positionen): Tarifindex;WZ08-19;Kokerei und Mineralölverarbeitung;39,0;h;VST019;Durchschnittliche tarifliche Wochenarbeitszeit
62221;Vj. Index der Tarifverdienste und Arbeitszeiten;JAHR;Jahr;2021;DINSGF;Früheres Bundesgebiet / Neue Länder;DN;Neue Länder;WZ08C7;WZ2008 (ausgewählte Positionen): Tarifindex;WZ08-19;Kokerei und Mineralölverarbeitung;101,4;2020=100;VST066;Index d.tarifl. Monatsverdienste ohne Sonderzahl.
62221;Vj. Index der Tarifverdienste und Arbeitszeiten;JAHR;Jahr;2021;DINSGF;Früheres Bundesgebiet / Neue Länder;DN;Neue Länder;WZ08C7;WZ2008 (ausgewählte Positionen): Tarifindex;WZ08-19;Kokerei und Mineralölverarbeitung;98,7;2020=100;VST018;Index der tariflichen Wochenarbeitszeit
62221;Vj. Index der Tarifverdienste und Arbeitszeiten;JAHR;Jahr;2021;DINSGF;Früheres Bundesgebiet / Neue Länder;DN;Neue Länder;WZ08C7;WZ2008 (ausgewählte Positionen): Tarifindex;WZ08-19;Kokerei und Mineralölverarbeitung;102,7;2020=100;VST065;Index d.tarifl. Stundenverdienste ohne Sonderzahl.
62221;Vj. Index der Tarifverdienste und Arbeitszeiten;JAHR;Jahr;2016;DINSGF;Früheres Bundesgebiet / Neue Länder;DF;Früheres Bundesgebiet;WZ08C7;WZ2008 (ausgewählte Positionen): Tarifindex;WZ08-50;Schifffahrt;94,0;2020=100;VST072;Index d.tarifl. Stundenverdienste mit Sonderzahl.
62221;Vj. Index der Tarifverdienste und Arbeitszeiten;JAHR;Jahr;2016;DINSGF;Früheres Bundesgebiet / Neue Länder;DF;Früheres Bundesgebiet;WZ08C7;WZ2008 (ausgewählte Positionen): Tarifindex;WZ08-50;Schifffahrt;94,0;2020=100;VST073;Index d.tarifl. Monatsverdienste mit Sonderzahl.
62221;Vj. Index der Tarifverdienste und Arbeitszeiten;JAHR;Jahr;2016;DINSGF;Früheres Bundesgebiet / Neue Länder;DF;Früheres Bundesgebiet;WZ08C7;WZ2008 (ausgewählte Positionen): Tarifindex;WZ08-50;Schifffahrt;38,9;h;VST019;Durchschnittliche tarifliche Wochenarbeitszeit
62221;Vj. Index der Tarifverdienste und Arbeitszeiten;JAHR;Jahr;2016;DINSGF;Früheres Bundesgebiet / Neue Länder;DF;Früheres Bundesgebiet;WZ08C7;WZ2008 (ausgewählte Positionen): Tarifindex;WZ08-50;Schifffahrt;93,9;2020=100;VST066;Index d.tarifl. Monatsverdienste ohne Sonderzahl.
62221;Vj. Index der Tarifverdienste und Arbeitszeiten;JAHR;Jahr;2016;DINSGF;Früheres Bundesgebiet / Neue Länder;DF;Früheres Bundesgebiet;WZ08C7;WZ2008 (ausgewählte Positionen): Tarifindex;WZ08-50;Schifffahrt;100,0;2020=100;VST018;Index der tariflichen Wochenarbeitszeit
62221;Vj. Index der Tarifverdienste und Arbeitszeiten;JAHR;Jahr;2016;DINSGF;Früheres Bundesgebiet / Neue Länder;DF;Früheres Bundesgebiet;WZ08C7;WZ2008 (ausgewählte Positionen): Tarifindex;WZ08-50;Schifffahrt;93,9;2020=100;VST065;Index d.tarifl. Stundenverdienste ohne Sonderzahl.
62221;Vj. Index der Tarifverdienste und Arbeitszeiten;JAHR;Jahr;2018;DINSGF;Früheres Bundesgebiet / Neue Länder;DF;Früheres Bundesgebiet;WZ08C7;WZ2008 (ausgewählte Positionen): Tarifindex;WZ08-24-02;Metall- und Elektroindustrie;96,4;2020=100;VST072;Index d.tarifl. Stundenverdienste mit Sonderzahl.
62221;Vj. Index der Tarifverdienste und Arbeitszeiten;JAHR;Jahr;2018;DINSGF;Früheres Bundesgebiet / Neue Länder;DF;Früheres Bundesgebiet;WZ08C7;WZ2008 (ausgewählte Positionen): Tarifindex;WZ08-24-02;Metall- und Elektroindustrie;96,4;2020=100;VST073;Index d.tarifl. Monatsverdienste mit Sonderzahl.
62221;Vj. Index der Tarifverdienste und Arbeitszeiten;JAHR;Jahr;2018;DINSGF;Früheres Bundesgebiet / Neue Länder;DF;Früheres Bundesgebiet;WZ08C7;WZ2008 (ausgewählte Positionen): Tarifindex;WZ08-24-02;Metall- und Elektroindustrie;35,3;h;VST019;Durchschnittliche tarifliche Wochenarbeitszeit
62221;Vj. Index der Tarifverdienste und Arbeitszeiten;JAHR;Jahr;2018;DINSGF;Früheres Bundesgebiet / Neue Länder;DF;Früheres Bundesgebiet;WZ08C7;WZ2008 (ausgewählte Positionen): Tarifindex;WZ08-24-02;Metall- und Elektroindustrie;98,6;2020=100;VST066;Index d.tarifl. Monatsverdienste ohne Sonderzahl.
62221;Vj. Index der Tarifverdienste und Arbeitszeiten;JAHR;Jahr;2018;DINSGF;Früheres Bundesgebiet / Neue Länder;DF;Früheres Bundesgebiet;WZ08C7;WZ2008 (ausgewählte Positionen): Tarifindex;WZ08-24-02;Metall- und Elektroindustrie;100,0;2020=100;VST018;Index der tariflichen Wochenarbeitszeit
62221;Vj. Index der Tarifverdienste und Arbeitszeiten;JAHR;Jahr;2018;DINSGF;Früheres Bundesgebiet / Neue Länder;DF;Früheres Bundesgebiet;WZ08C7;WZ2008 (ausgewählte Positionen): Tarifindex;WZ08-24-02;Metall- und Elektroindustrie;98,6;2020=100;VST065;Index d.tarifl. Stundenverdienste ohne Sonderzahl.
62221;Vj. Index der Tarifverdienste und Arbeitszeiten;JAHR;Jahr;2023;DINSGF;Früheres Bundesgebiet / Neue Länder;DF;Früheres Bundesgebiet;WZ08C7;WZ2008 (ausgewählte Positionen): Tarifindex;WZ08-69-02;Rechts- und Steuerberatung, Unternehmensberatung;107,7;2020=100;VST072;Index d.tarifl. Stundenverdienste mit Sonderzahl.
62221;Vj. Index der Tarifverdienste und Arbeitszeiten;JAHR;Jahr;2023;DINSGF;Früheres Bundesgebiet / Neue Länder;DF;Früheres Bundesgebiet;WZ08C7;WZ2008 (ausgewählte Positionen): Tarifindex;WZ08-69-02;Rechts- und Steuerberatung, Unternehmensberatung;107,7;2020=100;VST073;Index d.tarifl. Monatsverdienste mit Sonderzahl.
62221;Vj. Index der Tarifverdienste und Arbeitszeiten;JAHR;Jahr;2023;DINSGF;Früheres Bundesgebiet / Neue Länder;DF;Früheres Bundesgebiet;WZ08C7;WZ2008 (ausgewählte Positionen): Tarifindex;WZ08-69-02;Rechts- und Steuerberatung, Unternehmensberatung;37,5;h;VST019;Durchschnittliche tarifliche Wochenarbeitszeit
62221;Vj. Index der Tarifverdienste und Arbeitszeiten;JAHR;Jahr;2023;DINSGF;Früheres Bundesgebiet / Neue Länder;DF;Früheres Bundesgebiet;WZ08C7;WZ2008 (ausgewählte Positionen): Tarifindex;WZ08-69-02;Rechts- und Steuerberatung, Unternehmensberatung;105,5;2020=100;VST066;Index d.tarifl. Monatsverdienste ohne Sonderzahl.
62221;Vj. Index der Tarifverdienste und Arbeitszeiten;JAHR;Jahr;2023;DINSGF;Früheres Bundesgebiet / Neue Länder;DF;Früheres Bundesgebiet;WZ08C7;WZ2008 (ausgewählte Positionen): Tarifindex;WZ08-69-02;Rechts- und Steuerberatung, Unternehmensberatung;100,0;2020=100;VST018;Index der tariflichen Wochenarbeitszeit
62221;Vj. Index der Tarifverdienste und Arbeitszeiten;JAHR;Jahr;2023;DINSGF;Früheres Bundesgebiet / Neue Länder;DF;Früheres Bundesgebiet;WZ08C7;WZ2008 (ausgewählte Positionen): Tarifindex;WZ08-69-02;Rechts- und Steuerberatung, Unternehmensberatung;105,5;2020=100;VST065;Index d.tarifl. Stundenverdienste ohne Sonderzahl.
62221;Vj. Index der Tarifverdienste und Arbeitszeiten;JAHR;Jahr;2022;DINSGF;Früheres Bundesgebiet / Neue Länder;DF;Früheres Bundesgebiet;WZ08C7;WZ2008 (ausgewählte Positionen): Tarifindex;WZ-X003;Gebrauchsgüterproduzenten;103,2;2020=100;VST072;Index d.tarifl. Stundenverdienste mit Sonderzahl.
62221;Vj. Index der Tarifverdienste und Arbeitszeiten;JAHR;Jahr;2022;DINSGF;Früheres Bundesgebiet / Neue Länder;DF;Früheres Bundesgebiet;WZ08C7;WZ2008 (ausgewählte Positionen): Tarifindex;WZ-X003;Gebrauchsgüterproduzenten;103,2;2020=100;VST073;Index d.tarifl. Monatsverdienste mit Sonderzahl.
62221;Vj. Index der Tarifverdienste und Arbeitszeiten;JAHR;Jahr;2022;DINSGF;Früheres Bundesgebiet / Neue Länder;DF;Früheres Bundesgebiet;WZ08C7;WZ2008 (ausgewählte Positionen): Tarifindex;WZ-X003;Gebrauchsgüterproduzenten;36,4;h;VST019;Durchschnittliche tarifliche Wochenarbeitszeit
62221;Vj. Index der Tarifverdienste und Arbeitszeiten;JAHR;Jahr;2022;DINSGF;Früheres Bundesgebiet / Neue Länder;DF;Früheres Bundesgebiet;WZ08C7;WZ2008 (ausgewählte Positionen): Tarifindex;WZ-X003;Gebrauchsgüterproduzenten;101,7;2020=100;VST066;Index d.tarifl. Monatsverdienste ohne Sonderzahl.
62221;Vj. Index der Tarifverdienste und Arbeitszeiten;JAHR;Jahr;2022;DINSGF;Früheres Bundesgebiet / Neue Länder;DF;Früheres Bundesgebiet;WZ08C7;WZ2008 (ausgewählte Positionen): Tarifindex;WZ-X003;Gebrauchsgüterproduzenten;100,0;2020=100;VST018;Index der tariflichen Wochenarbeitszeit
62221;Vj. Index der Tarifverdienste und Arbeitszeiten;JAHR;Jahr;2022;DINSGF;Früheres Bundesgebiet / Neue Länder;DF;Früheres Bundesgebiet;WZ08C7;WZ2008 (ausgewählte Positionen): Tarifindex;WZ-X003;Gebrauchsgüterproduzenten;101,7;2020=100;VST065;Index d.tarifl. Stundenverdienste ohne Sonderzahl.
62221;Vj. Index der Tarifverdienste und Arbeitszeiten;JAHR;Jahr;2018;DINSGF;Früheres Bundesgebiet / Neue Länder;DN;Neue Länder;WZ08C7;WZ2008 (ausgewählte Positionen): Tarifindex;WZ08-B-12;Prod. Gewerbe, Handel, Verkehr und Lagerei;95,1;2020=100;VST072;Index d.tarifl. Stundenverdienste mit Sonderzahl.
62221;Vj. Index der Tarifverdienste und Arbeitszeiten;JAHR;Jahr;2018;DINSGF;Früheres Bundesgebiet / Neue Länder;DN;Neue Länder;WZ08C7;WZ2008 (ausgewählte Positionen): Tarifindex;WZ08-B-12;Prod. Gewerbe, Handel, Verkehr und Lagerei;95,3;2020=100;VST073;Index d.tarifl. Monatsverdienste mit Sonderzahl.
62221;Vj. Index der Tarifverdienste und Arbeitszeiten;JAHR;Jahr;2018;DINSGF;Früheres Bundesgebiet / Neue Länder;DN;Neue Länder;WZ08C7;WZ2008 (ausgewählte Positionen): Tarifindex;WZ08-B-12;Prod. Gewerbe, Handel, Verkehr und Lagerei;38,7;h;VST019;Durchschnittliche tarifliche Wochenarbeitszeit
62221;Vj. Index der Tarifverdienste und Arbeitszeiten;JAHR;Jahr;2018;DINSGF;Früheres Bundesgebiet / Neue Länder;DN;Neue Länder;WZ08C7;WZ2008 (ausgewählte Positionen): Tarifindex;WZ08-B-12;Prod. Gewerbe, Handel, Verkehr und Lagerei;96,2;2020=100;VST066;Index d.tarifl. Monatsverdienste ohne Sonderzahl.
62221;Vj. Index der Tarifverdienste und Arbeitszeiten;JAHR;Jahr;2018;DINSGF;Früheres Bundesgebiet / Neue Länder;DN;Neue Länder;WZ08C7;WZ2008 (ausgewählte Positionen): Tarifindex;WZ08-B-12;Prod. Gewerbe, Handel, Verkehr und Lagerei;100,1;2020=100;VST018;Index der tariflichen Wochenarbeitszeit
62221;Vj. Index der Tarifverdienste und Arbeitszeiten;JAHR;Jahr;2018;DINSGF;Früheres Bundesgebiet / Neue Länder;DN;Neue Länder;WZ08C7;WZ2008 (ausgewählte Positionen): Tarifindex;WZ08-B-12;Prod. Gewerbe, Handel, Verkehr und Lagerei;96,1;2020=100;VST065;Index d.tarifl. Stundenverdienste ohne Sonderzahl.
62221;Vj. Index der Tarifverdienste und Arbeitszeiten;JAHR;Jahr;2021;DINSGF;Früheres Bundesgebiet / Neue Länder;DN;Neue Länder;WZ08C7;WZ2008 (ausgewählte Positionen): Tarifindex;WZ08-31;Herstellung von Möbeln;101,8;2020=100;VST072;Index d.tarifl. Stundenverdienste mit Sonderzahl.
62221;Vj. Index der Tarifverdienste und Arbeitszeiten;JAHR;Jahr;2021;DINSGF;Früheres Bundesgebiet / Neue Länder;DN;Neue Länder;WZ08C7;WZ2008 (ausgewählte Positionen): Tarifindex;WZ08-31;Herstellung von Möbeln;101,8;2020=100;VST073;Index d.tarifl. Monatsverdienste mit Sonderzahl.
62221;Vj. Index der Tarifverdienste und Arbeitszeiten;JAHR;Jahr;2021;DINSGF;Früheres Bundesgebiet / Neue Länder;DN;Neue Länder;WZ08C7;WZ2008 (ausgewählte Positionen): Tarifindex;WZ08-31;Herstellung von Möbeln;37,6;h;VST019;Durchschnittliche tarifliche Wochenarbeitszeit
62221;Vj. Index der Tarifverdienste und Arbeitszeiten;JAHR;Jahr;2021;DINSGF;Früheres Bundesgebiet / Neue Länder;DN;Neue Länder;WZ08C7;WZ2008 (ausgewählte Positionen): Tarifindex;WZ08-31;Herstellung von Möbeln;101,4;2020=100;VST066;Index d.tarifl. Monatsverdienste ohne Sonderzahl.
62221;Vj. Index der Tarifverdienste und Arbeitszeiten;JAHR;Jahr;2021;DINSGF;Früheres Bundesgebiet / Neue Länder;DN;Neue Länder;WZ08C7;WZ2008 (ausgewählte Positionen): Tarifindex;WZ08-31;Herstellung von Möbeln;100,0;2020=100;VST018;Index der tariflichen Wochenarbeitszeit
62221;Vj. Index der Tarifverdienste und Arbeitszeiten;JAHR;Jahr;2021;DINSGF;Früheres Bundesgebiet / Neue Länder;DN;Neue Länder;WZ08C7;WZ2008 (ausgewählte Positionen): Tarifindex;WZ08-31;Herstellung von Möbeln;101,4;2020=100;VST065;Index d.tarifl. Stundenverdienste ohne Sonderzahl.
62221;Vj. Index der Tarifverdienste und Arbeitszeiten;JAHR;Jahr;2021;DINSGF;Früheres Bundesgebiet / Neue Länder;DF;Früheres Bundesgebiet;WZ08C7;WZ2008 (ausgewählte Positionen): Tarifindex;WZ08-493;Sonstige Personenbeförderung im Landverkehr;100,8;2020=100;VST072;Index d.tarifl. Stundenverdienste mit Sonderzahl.
62221;Vj. Index der Tarifverdienste und Arbeitszeiten;JAHR;Jahr;2021;DINSGF;Früheres Bundesgebiet / Neue Länder;DF;Früheres Bundesgebiet;WZ08C7;WZ2008 (ausgewählte Positionen): Tarifindex;WZ08-493;Sonstige Personenbeförderung im Landverkehr;100,8;2020=100;VST073;Index d.tarifl. Monatsverdienste mit Sonderzahl.
62221;Vj. Index der Tarifverdienste und Arbeitszeiten;JAHR;Jahr;2021;DINSGF;Früheres Bundesgebiet / Neue Länder;DF;Früheres Bundesgebiet;WZ08C7;WZ2008 (ausgewählte Positionen): Tarifindex;WZ08-493;Sonstige Personenbeförderung im Landverkehr;39,0;h;VST019;Durchschnittliche tarifliche Wochenarbeitszeit
62221;Vj. Index der Tarifverdienste und Arbeitszeiten;JAHR;Jahr;2021;DINSGF;Früheres Bundesgebiet / Neue Länder;DF;Früheres Bundesgebiet;WZ08C7;WZ2008 (ausgewählte Positionen): Tarifindex;WZ08-493;Sonstige Personenbeförderung im Landverkehr;101,2;2020=100;VST066;Index d.tarifl. Monatsverdienste ohne Sonderzahl.
62221;Vj. Index der Tarifverdienste und Arbeitszeiten;JAHR;Jahr;2021;DINSGF;Früheres Bundesgebiet / Neue Länder;DF;Früheres Bundesgebiet;WZ08C7;WZ2008 (ausgewählte Positionen): Tarifindex;WZ08-493;Sonstige Personenbeförderung im Landverkehr;100,0;2020=100;VST018;Index der tariflichen Wochenarbeitszeit
62221;Vj. Index der Tarifverdienste und Arbeitszeiten;JAHR;Jahr;2021;DINSGF;Früheres Bundesgebiet / Neue Länder;DF;Früheres Bundesgebiet;WZ08C7;WZ2008 (ausgewählte Positionen): Tarifindex;WZ08-493;Sonstige Personenbeförderung im Landverkehr;101,2;2020=100;VST065;Index d.tarifl. Stundenverdienste ohne Sonderzahl.
62221;Vj. Index der Tarifverdienste und Arbeitszeiten;JAHR;Jahr;2016;DINSGF;Früheres Bundesgebiet / Neue Länder;DF;Früheres Bundesgebiet;WZ08C7;WZ2008 (ausgewählte Positionen): Tarifindex;WZ08-32;Herstellung von sonstigen Waren;90,4;2020=100;VST072;Index d.tarifl. Stundenverdienste mit Sonderzahl.
62221;Vj. Index der Tarifverdienste und Arbeitszeiten;JAHR;Jahr;2016;DINSGF;Früheres Bundesgebiet / Neue Länder;DF;Früheres Bundesgebiet;WZ08C7;WZ2008 (ausgewählte Positionen): Tarifindex;WZ08-32;Herstellung von sonstigen Waren;90,4;2020=100;VST073;Index d.tarifl. Monatsverdienste mit Sonderzahl.
62221;Vj. Index der Tarifverdienste und Arbeitszeiten;JAHR;Jahr;2016;DINSGF;Früheres Bundesgebiet / Neue Länder;DF;Früheres Bundesgebiet;WZ08C7;WZ2008 (ausgewählte Positionen): Tarifindex;WZ08-32;Herstellung von sonstigen Waren;36,5;h;VST019;Durchschnittliche tarifliche Wochenarbeitszeit
62221;Vj. Index der Tarifverdienste und Arbeitszeiten;JAHR;Jahr;2016;DINSGF;Früheres Bundesgebiet / Neue Länder;DF;Früheres Bundesgebiet;WZ08C7;WZ2008 (ausgewählte Positionen): Tarifindex;WZ08-32;Herstellung von sonstigen Waren;92,2;2020=100;VST066;Index d.tarifl. Monatsverdienste ohne Sonderzahl.
62221;Vj. Index der Tarifverdienste und Arbeitszeiten;JAHR;Jahr;2016;DINSGF;Früheres Bundesgebiet / Neue Länder;DF;Früheres Bundesgebiet;WZ08C7;WZ2008 (ausgewählte Positionen): Tarifindex;WZ08-32;Herstellung von sonstigen Waren;100,0;2020=100;VST018;Index der tariflichen Wochenarbeitszeit
62221;Vj. Index der Tarifverdienste und Arbeitszeiten;JAHR;Jahr;2016;DINSGF;Früheres Bundesgebiet / Neue Länder;DF;Früheres Bundesgebiet;WZ08C7;WZ2008 (ausgewählte Positionen): Tarifindex;WZ08-32;Herstellung von sonstigen Waren;92,2;2020=100;VST065;Index d.tarifl. Stundenverdienste ohne Sonderzahl.
62221;Vj. Index der Tarifverdienste und Arbeitszeiten;JAHR;Jahr;2018;DINSGF;Früheres Bundesgebiet / Neue Länder;DN;Neue Länder;WZ08C7;WZ2008 (ausgewählte Positionen): Tarifindex;WZ08-B-09;Produzierendes Gewerbe und wirtschaftl. Dienstl.;94,9;2020=100;VST072;Index d.tarifl. Stundenverdienste mit Sonderzahl.
62221;Vj. Index der Tarifverdienste und Arbeitszeiten;JAHR;Jahr;2018;DINSGF;Früheres Bundesgebiet / Neue Länder;DN;Neue Länder;WZ08C7;WZ2008 (ausgewählte Positionen): Tarifindex;WZ08-B-09;Produzierendes Gewerbe und wirtschaftl. Dienstl.;95,1;2020=100;VST073;Index d.tarifl. Monatsverdienste mit Sonderzahl.
62221;Vj. Index der Tarifverdienste und Arbeitszeiten;JAHR;Jahr;2018;DINSGF;Früheres Bundesgebiet / Neue Länder;DN;Neue Länder;WZ08C7;WZ2008 (ausgewählte Positionen): Tarifindex;WZ08-B-09;Produzierendes Gewerbe und wirtschaftl. Dienstl.;38,3;h;VST019;Durchschnittliche tarifliche Wochenarbeitszeit
62221;Vj. Index der Tarifverdienste und Arbeitszeiten;JAHR;Jahr;2018;DINSGF;Früheres Bundesgebiet / Neue Länder;DN;Neue Länder;WZ08C7;WZ2008 (ausgewählte Positionen): Tarifindex;WZ08-B-09;Produzierendes Gewerbe und wirtschaftl. Dienstl.;95,6;2020=100;VST066;Index d.tarifl. Monatsverdienste ohne Sonderzahl.
62221;Vj. Index der Tarifverdienste und Arbeitszeiten;JAHR;Jahr;2018;DINSGF;Früheres Bundesgebiet / Neue Länder;DN;Neue Länder;WZ08C7;WZ2008 (ausgewählte Positionen): Tarifindex;WZ08-B-09;Produzierendes Gewerbe und wirtschaftl. Dienstl.;100,2;2020=100;VST018;Index der tariflichen Wochenarbeitszeit
62221;Vj. Index der Tarifverdienste und Arbeitszeiten;JAHR;Jahr;2018;DINSGF;Früheres Bundesgebiet / Neue Länder;DN;Neue Länder;WZ08C7;WZ2008 (ausgewählte Positionen): Tarifindex;WZ08-B-09;Produzierendes Gewerbe und wirtschaftl. Dienstl.;95,5;2020=100;VST065;Index d.tarifl. Stundenverdienste ohne Sonderzahl.
62221;Vj. Index der Tarifverdienste und Arbeitszeiten;JAHR;Jahr;2021;DINSGF;Früheres Bundesgebiet / Neue Länder;DN;Neue Länder;WZ08C7;WZ2008 (ausgewählte Positionen): Tarifindex;WZ08-46;Großhandel (ohne Handel mit Kraftfahrzeugen);101,2;2020=100;VST072;Index d.tarifl. Stundenverdienste mit Sonderzahl.
62221;Vj. Index der Tarifverdienste und Arbeitszeiten;JAHR;Jahr;2021;DINSGF;Früheres Bundesgebiet / Neue Länder;DN;Neue Länder;WZ08C7;WZ2008 (ausgewählte Positionen): Tarifindex;WZ08-46;Großhandel (ohne Handel mit Kraftfahrzeugen);101,1;2020=100;VST073;Index d.tarifl. Monatsverdienste mit Sonderzahl.
62221;Vj. Index der Tarifverdienste und Arbeitszeiten;JAHR;Jahr;2021;DINSGF;Früheres Bundesgebiet / Neue Länder;DN;Neue Länder;WZ08C7;WZ2008 (ausgewählte Positionen): Tarifindex;WZ08-46;Großhandel (ohne Handel mit Kraftfahrzeugen);38,5;h;VST019;Durchschnittliche tarifliche Wochenarbeitszeit
62221;Vj. Index der Tarifverdienste und Arbeitszeiten;JAHR;Jahr;2021;DINSGF;Früheres Bundesgebiet / Neue Länder;DN;Neue Länder;WZ08C7;WZ2008 (ausgewählte Positionen): Tarifindex;WZ08-46;Großhandel (ohne Handel mit Kraftfahrzeugen);100,8;2020=100;VST066;Index d.tarifl. Monatsverdienste ohne Sonderzahl.
62221;Vj. Index der Tarifverdienste und Arbeitszeiten;JAHR;Jahr;2021;DINSGF;Früheres Bundesgebiet / Neue Länder;DN;Neue Länder;WZ08C7;WZ2008 (ausgewählte Positionen): Tarifindex;WZ08-46;Großhandel (ohne Handel mit Kraftfahrzeugen);99,9;2020=100;VST018;Index der tariflichen Wochenarbeitszeit
62221;Vj. Index der Tarifverdienste und Arbeitszeiten;JAHR;Jahr;2021;DINSGF;Früheres Bundesgebiet / Neue Länder;DN;Neue Länder;WZ08C7;WZ2008 (ausgewählte Positionen): Tarifindex;WZ08-46;Großhandel (ohne Handel mit Kraftfahrzeugen);100,9;2020=100;VST065;Index d.tarifl. Stundenverdienste ohne Sonderzahl.
62221;Vj. Index der Tarifverdienste und Arbeitszeiten;JAHR;Jahr;2021;DINSGF;Früheres Bundesgebiet / Neue Länder;DN;Neue Länder;WZ08C7;WZ2008 (ausgewählte Positionen): Tarifindex;WZ08-64;Erbringung von Finanzdienstleistungen;100,3;2020=100;VST072;Index d.tarifl. Stundenverdienste mit Sonderzahl.
62221;Vj. Index der Tarifverdienste und Arbeitszeiten;JAHR;Jahr;2021;DINSGF;Früheres Bundesgebiet / Neue Länder;DN;Neue Länder;WZ08C7;WZ2008 (ausgewählte Positionen): Tarifindex;WZ08-64;Erbringung von Finanzdienstleistungen;100,3;2020=100;VST073;Index d.tarifl. Monatsverdienste mit Sonderzahl.
62221;Vj. Index der Tarifverdienste und Arbeitszeiten;JAHR;Jahr;2021;DINSGF;Früheres Bundesgebiet / Neue Länder;DN;Neue Länder;WZ08C7;WZ2008 (ausgewählte Positionen): Tarifindex;WZ08-64;Erbringung von Finanzdienstleistungen;39,0;h;VST019;Durchschnittliche tarifliche Wochenarbeitszeit
62221;Vj. Index der Tarifverdienste und Arbeitszeiten;JAHR;Jahr;2021;DINSGF;Früheres Bundesgebiet / Neue Länder;DN;Neue Länder;WZ08C7;WZ2008 (ausgewählte Positionen): Tarifindex;WZ08-64;Erbringung von Finanzdienstleistungen;101,1;2020=100;VST066;Index d.tarifl. Monatsverdienste ohne Sonderzahl.
62221;Vj. Index der Tarifverdienste und Arbeitszeiten;JAHR;Jahr;2021;DINSGF;Früheres Bundesgebiet / Neue Länder;DN;Neue Länder;WZ08C7;WZ2008 (ausgewählte Positionen): Tarifindex;WZ08-64;Erbringung von Finanzdienstleistungen;100,0;2020=100;VST018;Index der tariflichen Wochenarbeitszeit
62221;Vj. Index der Tarifverdienste und Arbeitszeiten;JAHR;Jahr;2021;DINSGF;Früheres Bundesgebiet / Neue Länder;DN;Neue Länder;WZ08C7;WZ2008 (ausgewählte Positionen): Tarifindex;WZ08-64;Erbringung von Finanzdienstleistungen;101,1;2020=100;VST065;Index d.tarifl. Stundenverdienste ohne Sonderzahl.
62221;Vj. Index der Tarifverdienste und Arbeitszeiten;JAHR;Jahr;2016;DINSGF;Früheres Bundesgebiet / Neue Länder;DF;Früheres Bundesgebiet;WZ08C7;WZ2008 (ausgewählte Positionen): Tarifindex;WZ08-05;Kohlenbergbau;92,8;2020=100;VST072;Index d.tarifl. Stundenverdienste mit Sonderzahl.
62221;Vj. Index der Tarifverdienste und Arbeitszeiten;JAHR;Jahr;2016;DINSGF;Früheres Bundesgebiet / Neue Länder;DF;Früheres Bundesgebiet;WZ08C7;WZ2008 (ausgewählte Positionen): Tarifindex;WZ08-05;Kohlenbergbau;92,8;2020=100;VST073;Index d.tarifl. Monatsverdienste mit Sonderzahl.
62221;Vj. Index der Tarifverdienste und Arbeitszeiten;JAHR;Jahr;2016;DINSGF;Früheres Bundesgebiet / Neue Länder;DF;Früheres Bundesgebiet;WZ08C7;WZ2008 (ausgewählte Positionen): Tarifindex;WZ08-05;Kohlenbergbau;39,9;h;VST019;Durchschnittliche tarifliche Wochenarbeitszeit
62221;Vj. Index der Tarifverdienste und Arbeitszeiten;JAHR;Jahr;2016;DINSGF;Früheres Bundesgebiet / Neue Länder;DF;Früheres Bundesgebiet;WZ08C7;WZ2008 (ausgewählte Positionen): Tarifindex;WZ08-05;Kohlenbergbau;93,6;2020=100;VST066;Index d.tarifl. Monatsverdienste ohne Sonderzahl.
62221;Vj. Index der Tarifverdienste und Arbeitszeiten;JAHR;Jahr;2016;DINSGF;Früheres Bundesgebiet / Neue Länder;DF;Früheres Bundesgebiet;WZ08C7;WZ2008 (ausgewählte Positionen): Tarifindex;WZ08-05;Kohlenbergbau;100,0;2020=100;VST018;Index der tariflichen Wochenarbeitszeit
62221;Vj. Index der Tarifverdienste und Arbeitszeiten;JAHR;Jahr;2016;DINSGF;Früheres Bundesgebiet / Neue Länder;DF;Früheres Bundesgebiet;WZ08C7;WZ2008 (ausgewählte Positionen): Tarifindex;WZ08-05;Kohlenbergbau;93,6;2020=100;VST065;Index d.tarifl. Stundenverdienste ohne Sonderzahl.
62221;Vj. Index der Tarifverdienste und Arbeitszeiten;JAHR;Jahr;2020;DINSGF;Früheres Bundesgebiet / Neue Länder;DN;Neue Länder;WZ08C7;WZ2008 (ausgewählte Positionen): Tarifindex;WZ08-491-01;Personen- u. Güterbeförderung im Eisenbahnverkehr;100,0;2020=100;VST072;Index d.tarifl. Stundenverdienste mit Sonderzahl.
62221;Vj. Index der Tarifverdienste und Arbeitszeiten;JAHR;Jahr;2020;DINSGF;Früheres Bundesgebiet / Neue Länder;DN;Neue Länder;WZ08C7;WZ2008 (ausgewählte Positionen): Tarifindex;WZ08-491-01;Personen- u. Güterbeförderung im Eisenbahnverkehr;100,0;2020=100;VST073;Index d.tarifl. Monatsverdienste mit Sonderzahl.
62221;Vj. Index der Tarifverdienste und Arbeitszeiten;JAHR;Jahr;2020;DINSGF;Früheres Bundesgebiet / Neue Länder;DN;Neue Länder;WZ08C7;WZ2008 (ausgewählte Positionen): Tarifindex;WZ08-491-01;Personen- u. Güterbeförderung im Eisenbahnverkehr;39,9;h;VST019;Durchschnittliche tarifliche Wochenarbeitszeit
62221;Vj. Index der Tarifverdienste und Arbeitszeiten;JAHR;Jahr;2020;DINSGF;Früheres Bundesgebiet / Neue Länder;DN;Neue Länder;WZ08C7;WZ2008 (ausgewählte Positionen): Tarifindex;WZ08-491-01;Personen- u. Güterbeförderung im Eisenbahnverkehr;100,0;2020=100;VST066;Index d.tarifl. Monatsverdienste ohne Sonderzahl.
62221;Vj. Index der Tarifverdienste und Arbeitszeiten;JAHR;Jahr;2020;DINSGF;Früheres Bundesgebiet / Neue Länder;DN;Neue Länder;WZ08C7;WZ2008 (ausgewählte Positionen): Tarifindex;WZ08-491-01;Personen- u. Güterbeförderung im Eisenbahnverkehr;100,0;2020=100;VST018;Index der tariflichen Wochenarbeitszeit
62221;Vj. Index der Tarifverdienste und Arbeitszeiten;JAHR;Jahr;2020;DINSGF;Früheres Bundesgebiet / Neue Länder;DN;Neue Länder;WZ08C7;WZ2008 (ausgewählte Positionen): Tarifindex;WZ08-491-01;Personen- u. Güterbeförderung im Eisenbahnverkehr;100,0;2020=100;VST065;Index d.tarifl. Stundenverdienste ohne Sonderzahl.
62221;Vj. Index der Tarifverdienste und Arbeitszeiten;JAHR;Jahr;2017;DINSGF;Früheres Bundesgebiet / Neue Länder;DN;Neue Länder;WZ08C7;WZ2008 (ausgewählte Positionen): Tarifindex;WZ08-95;Reparatur von DV-Geräten und Gebrauchsgütern;93,1;2020=100;VST072;Index d.tarifl. Stundenverdienste mit Sonderzahl.
62221;Vj. Index der Tarifverdienste und Arbeitszeiten;JAHR;Jahr;2017;DINSGF;Früheres Bundesgebiet / Neue Länder;DN;Neue Länder;WZ08C7;WZ2008 (ausgewählte Positionen): Tarifindex;WZ08-95;Reparatur von DV-Geräten und Gebrauchsgütern;93,1;2020=100;VST073;Index d.tarifl. Monatsverdienste mit Sonderzahl.
62221;Vj. Index der Tarifverdienste und Arbeitszeiten;JAHR;Jahr;2017;DINSGF;Früheres Bundesgebiet / Neue Länder;DN;Neue Länder;WZ08C7;WZ2008 (ausgewählte Positionen): Tarifindex;WZ08-95;Reparatur von DV-Geräten und Gebrauchsgütern;37,7;h;VST019;Durchschnittliche tarifliche Wochenarbeitszeit
62221;Vj. Index der Tarifverdienste und Arbeitszeiten;JAHR;Jahr;2017;DINSGF;Früheres Bundesgebiet / Neue Länder;DN;Neue Länder;WZ08C7;WZ2008 (ausgewählte Positionen): Tarifindex;WZ08-95;Reparatur von DV-Geräten und Gebrauchsgütern;94,8;2020=100;VST066;Index d.tarifl. Monatsverdienste ohne Sonderzahl.
62221;Vj. Index der Tarifverdienste und Arbeitszeiten;JAHR;Jahr;2017;DINSGF;Früheres Bundesgebiet / Neue Länder;DN;Neue Länder;WZ08C7;WZ2008 (ausgewählte Positionen): Tarifindex;WZ08-95;Reparatur von DV-Geräten und Gebrauchsgütern;100,0;2020=100;VST018;Index der tariflichen Wochenarbeitszeit
62221;Vj. Index der Tarifverdienste und Arbeitszeiten;JAHR;Jahr;2017;DINSGF;Früheres Bundesgebiet / Neue Länder;DN;Neue Länder;WZ08C7;WZ2008 (ausgewählte Positionen): Tarifindex;WZ08-95;Reparatur von DV-Geräten und Gebrauchsgütern;94,8;2020=100;VST065;Index d.tarifl. Stundenverdienste ohne Sonderzahl.
62221;Vj. Index der Tarifverdienste und Arbeitszeiten;JAHR;Jahr;2016;DINSGF;Früheres Bundesgebiet / Neue Länder;DN;Neue Länder;WZ08C7;WZ2008 (ausgewählte Positionen): Tarifindex;WZ08-21;Herstellung von pharmazeutischen Erzeugnissen;89,0;2020=100;VST072;Index d.tarifl. Stundenverdienste mit Sonderzahl.
62221;Vj. Index der Tarifverdienste und Arbeitszeiten;JAHR;Jahr;2016;DINSGF;Früheres Bundesgebiet / Neue Länder;DN;Neue Länder;WZ08C7;WZ2008 (ausgewählte Positionen): Tarifindex;WZ08-21;Herstellung von pharmazeutischen Erzeugnissen;90,1;2020=100;VST073;Index d.tarifl. Monatsverdienste mit Sonderzahl.
62221;Vj. Index der Tarifverdienste und Arbeitszeiten;JAHR;Jahr;2016;DINSGF;Früheres Bundesgebiet / Neue Länder;DN;Neue Länder;WZ08C7;WZ2008 (ausgewählte Positionen): Tarifindex;WZ08-21;Herstellung von pharmazeutischen Erzeugnissen;39,9;h;VST019;Durchschnittliche tarifliche Wochenarbeitszeit
62221;Vj. Index der Tarifverdienste und Arbeitszeiten;JAHR;Jahr;2016;DINSGF;Früheres Bundesgebiet / Neue Länder;DN;Neue Länder;WZ08C7;WZ2008 (ausgewählte Positionen): Tarifindex;WZ08-21;Herstellung von pharmazeutischen Erzeugnissen;91,6;2020=100;VST066;Index d.tarifl. Monatsverdienste ohne Sonderzahl.
62221;Vj. Index der Tarifverdienste und Arbeitszeiten;JAHR;Jahr;2016;DINSGF;Früheres Bundesgebiet / Neue Länder;DN;Neue Länder;WZ08C7;WZ2008 (ausgewählte Positionen): Tarifindex;WZ08-21;Herstellung von pharmazeutischen Erzeugnissen;101,2;2020=100;VST018;Index der tariflichen Wochenarbeitszeit
62221;Vj. Index der Tarifverdienste und Arbeitszeiten;JAHR;Jahr;2016;DINSGF;Früheres Bundesgebiet / Neue Länder;DN;Neue Länder;WZ08C7;WZ2008 (ausgewählte Positionen): Tarifindex;WZ08-21;Herstellung von pharmazeutischen Erzeugnissen;90,6;2020=100;VST065;Index d.tarifl. Stundenverdienste ohne Sonderzahl.
62221;Vj. Index der Tarifverdienste und Arbeitszeiten;JAHR;Jahr;2018;DINSGF;Früheres Bundesgebiet / Neue Länder;DN;Neue Länder;WZ08C7;WZ2008 (ausgewählte Positionen): Tarifindex;WZ08-45;Kfz-Handel, Instandhaltung und Reparatur von Kfz;94,1;2020=100;VST072;Index d.tarifl. Stundenverdienste mit Sonderzahl.
62221;Vj. Index der Tarifverdienste und Arbeitszeiten;JAHR;Jahr;2018;DINSGF;Früheres Bundesgebiet / Neue Länder;DN;Neue Länder;WZ08C7;WZ2008 (ausgewählte Positionen): Tarifindex;WZ08-45;Kfz-Handel, Instandhaltung und Reparatur von Kfz;94,1;2020=100;VST073;Index d.tarifl. Monatsverdienste mit Sonderzahl.
62221;Vj. Index der Tarifverdienste und Arbeitszeiten;JAHR;Jahr;2018;DINSGF;Früheres Bundesgebiet / Neue Länder;DN;Neue Länder;WZ08C7;WZ2008 (ausgewählte Positionen): Tarifindex;WZ08-45;Kfz-Handel, Instandhaltung und Reparatur von Kfz;37,6;h;VST019;Durchschnittliche tarifliche Wochenarbeitszeit
62221;Vj. Index der Tarifverdienste und Arbeitszeiten;JAHR;Jahr;2018;DINSGF;Früheres Bundesgebiet / Neue Länder;DN;Neue Länder;WZ08C7;WZ2008 (ausgewählte Positionen): Tarifindex;WZ08-45;Kfz-Handel, Instandhaltung und Reparatur von Kfz;94,3;2020=100;VST066;Index d.tarifl. Monatsverdienste ohne Sonderzahl.
62221;Vj. Index der Tarifverdienste und Arbeitszeiten;JAHR;Jahr;2018;DINSGF;Früheres Bundesgebiet / Neue Länder;DN;Neue Länder;WZ08C7;WZ2008 (ausgewählte Positionen): Tarifindex;WZ08-45;Kfz-Handel, Instandhaltung und Reparatur von Kfz;100,0;2020=100;VST018;Index der tariflichen Wochenarbeitszeit
62221;Vj. Index der Tarifverdienste und Arbeitszeiten;JAHR;Jahr;2018;DINSGF;Früheres Bundesgebiet / Neue Länder;DN;Neue Länder;WZ08C7;WZ2008 (ausgewählte Positionen): Tarifindex;WZ08-45;Kfz-Handel, Instandhaltung und Reparatur von Kfz;94,3;2020=100;VST065;Index d.tarifl. Stundenverdienste ohne Sonderzahl.
62221;Vj. Index der Tarifverdienste und Arbeitszeiten;JAHR;Jahr;2023;DINSGF;Früheres Bundesgebiet / Neue Länder;DF;Früheres Bundesgebiet;WZ08C7;WZ2008 (ausgewählte Positionen): Tarifindex;WZ08-72-01;Forschung,Werbung u.Marktforschung,Veterinärwesen;106,2;2020=100;VST072;Index d.tarifl. Stundenverdienste mit Sonderzahl.
62221;Vj. Index der Tarifverdienste und Arbeitszeiten;JAHR;Jahr;2023;DINSGF;Früheres Bundesgebiet / Neue Länder;DF;Früheres Bundesgebiet;WZ08C7;WZ2008 (ausgewählte Positionen): Tarifindex;WZ08-72-01;Forschung,Werbung u.Marktforschung,Veterinärwesen;106,2;2020=100;VST073;Index d.tarifl. Monatsverdienste mit Sonderzahl.
62221;Vj. Index der Tarifverdienste und Arbeitszeiten;JAHR;Jahr;2023;DINSGF;Früheres Bundesgebiet / Neue Länder;DF;Früheres Bundesgebiet;WZ08C7;WZ2008 (ausgewählte Positionen): Tarifindex;WZ08-72-01;Forschung,Werbung u.Marktforschung,Veterinärwesen;38,9;h;VST019;Durchschnittliche tarifliche Wochenarbeitszeit
62221;Vj. Index der Tarifverdienste und Arbeitszeiten;JAHR;Jahr;2023;DINSGF;Früheres Bundesgebiet / Neue Länder;DF;Früheres Bundesgebiet;WZ08C7;WZ2008 (ausgewählte Positionen): Tarifindex;WZ08-72-01;Forschung,Werbung u.Marktforschung,Veterinärwesen;103,9;2020=100;VST066;Index d.tarifl. Monatsverdienste ohne Sonderzahl.
62221;Vj. Index der Tarifverdienste und Arbeitszeiten;JAHR;Jahr;2023;DINSGF;Früheres Bundesgebiet / Neue Länder;DF;Früheres Bundesgebiet;WZ08C7;WZ2008 (ausgewählte Positionen): Tarifindex;WZ08-72-01;Forschung,Werbung u.Marktforschung,Veterinärwesen;100,0;2020=100;VST018;Index der tariflichen Wochenarbeitszeit
62221;Vj. Index der Tarifverdienste und Arbeitszeiten;JAHR;Jahr;2023;DINSGF;Früheres Bundesgebiet / Neue Länder;DF;Früheres Bundesgebiet;WZ08C7;WZ2008 (ausgewählte Positionen): Tarifindex;WZ08-72-01;Forschung,Werbung u.Marktforschung,Veterinärwesen;103,9;2020=100;VST065;Index d.tarifl. Stundenverdienste ohne Sonderzahl.
62221;Vj. Index der Tarifverdienste und Arbeitszeiten;JAHR;Jahr;2020;DINSGF;Früheres Bundesgebiet / Neue Länder;DF;Früheres Bundesgebiet;WZ08C7;WZ2008 (ausgewählte Positionen): Tarifindex;WZ08-47;Einzelhandel (ohne Handel mit Kraftfahrzeugen);100,0;2020=100;VST072;Index d.tarifl. Stundenverdienste mit Sonderzahl.
62221;Vj. Index der Tarifverdienste und Arbeitszeiten;JAHR;Jahr;2020;DINSGF;Früheres Bundesgebiet / Neue Länder;DF;Früheres Bundesgebiet;WZ08C7;WZ2008 (ausgewählte Positionen): Tarifindex;WZ08-47;Einzelhandel (ohne Handel mit Kraftfahrzeugen);100,0;2020=100;VST073;Index d.tarifl. Monatsverdienste mit Sonderzahl.
62221;Vj. Index der Tarifverdienste und Arbeitszeiten;JAHR;Jahr;2020;DINSGF;Früheres Bundesgebiet / Neue Länder;DF;Früheres Bundesgebiet;WZ08C7;WZ2008 (ausgewählte Positionen): Tarifindex;WZ08-47;Einzelhandel (ohne Handel mit Kraftfahrzeugen);37,9;h;VST019;Durchschnittliche tarifliche Wochenarbeitszeit
62221;Vj. Index der Tarifverdienste und Arbeitszeiten;JAHR;Jahr;2020;DINSGF;Früheres Bundesgebiet / Neue Länder;DF;Früheres Bundesgebiet;WZ08C7;WZ2008 (ausgewählte Positionen): Tarifindex;WZ08-47;Einzelhandel (ohne Handel mit Kraftfahrzeugen);100,0;2020=100;VST066;Index d.tarifl. Monatsverdienste ohne Sonderzahl.
62221;Vj. Index der Tarifverdienste und Arbeitszeiten;JAHR;Jahr;2020;DINSGF;Früheres Bundesgebiet / Neue Länder;DF;Früheres Bundesgebiet;WZ08C7;WZ2008 (ausgewählte Positionen): Tarifindex;WZ08-47;Einzelhandel (ohne Handel mit Kraftfahrzeugen);100,0;2020=100;VST018;Index der tariflichen Wochenarbeitszeit
62221;Vj. Index der Tarifverdienste und Arbeitszeiten;JAHR;Jahr;2020;DINSGF;Früheres Bundesgebiet / Neue Länder;DF;Früheres Bundesgebiet;WZ08C7;WZ2008 (ausgewählte Positionen): Tarifindex;WZ08-47;Einzelhandel (ohne Handel mit Kraftfahrzeugen);100,0;2020=100;VST065;Index d.tarifl. Stundenverdienste ohne Sonderzahl.
62221;Vj. Index der Tarifverdienste und Arbeitszeiten;JAHR;Jahr;2022;DINSGF;Früheres Bundesgebiet / Neue Länder;DF;Früheres Bundesgebiet;WZ08C7;WZ2008 (ausgewählte Positionen): Tarifindex;WZ08-O-01;Öffentliche und persönliche Dienstleistungen;103,5;2020=100;VST072;Index d.tarifl. Stundenverdienste mit Sonderzahl.
62221;Vj. Index der Tarifverdienste und Arbeitszeiten;JAHR;Jahr;2022;DINSGF;Früheres Bundesgebiet / Neue Länder;DF;Früheres Bundesgebiet;WZ08C7;WZ2008 (ausgewählte Positionen): Tarifindex;WZ08-O-01;Öffentliche und persönliche Dienstleistungen;103,5;2020=100;VST073;Index d.tarifl. Monatsverdienste mit Sonderzahl.
62221;Vj. Index der Tarifverdienste und Arbeitszeiten;JAHR;Jahr;2022;DINSGF;Früheres Bundesgebiet / Neue Länder;DF;Früheres Bundesgebiet;WZ08C7;WZ2008 (ausgewählte Positionen): Tarifindex;WZ08-O-01;Öffentliche und persönliche Dienstleistungen;39,8;h;VST019;Durchschnittliche tarifliche Wochenarbeitszeit
62221;Vj. Index der Tarifverdienste und Arbeitszeiten;JAHR;Jahr;2022;DINSGF;Früheres Bundesgebiet / Neue Länder;DF;Früheres Bundesgebiet;WZ08C7;WZ2008 (ausgewählte Positionen): Tarifindex;WZ08-O-01;Öffentliche und persönliche Dienstleistungen;102,8;2020=100;VST066;Index d.tarifl. Monatsverdienste ohne Sonderzahl.
62221;Vj. Index der Tarifverdienste und Arbeitszeiten;JAHR;Jahr;2022;DINSGF;Früheres Bundesgebiet / Neue Länder;DF;Früheres Bundesgebiet;WZ08C7;WZ2008 (ausgewählte Positionen): Tarifindex;WZ08-O-01;Öffentliche und persönliche Dienstleistungen;100,0;2020=100;VST018;Index der tariflichen Wochenarbeitszeit
62221;Vj. Index der Tarifverdienste und Arbeitszeiten;JAHR;Jahr;2022;DINSGF;Früheres Bundesgebiet / Neue Länder;DF;Früheres Bundesgebiet;WZ08C7;WZ2008 (ausgewählte Positionen): Tarifindex;WZ08-O-01;Öffentliche und persönliche Dienstleistungen;102,8;2020=100;VST065;Index d.tarifl. Stundenverdienste ohne Sonderzahl.
62221;Vj. Index der Tarifverdienste und Arbeitszeiten;JAHR;Jahr;2018;DINSGF;Früheres Bundesgebiet / Neue Länder;DF;Früheres Bundesgebiet;WZ08C7;WZ2008 (ausgewählte Positionen): Tarifindex;WZ08-93;Dienstleistungen d.Sports,d.Unterhaltg.u.Erholung;94,6;2020=100;VST072;Index d.tarifl. Stundenverdienste mit Sonderzahl.
62221;Vj. Index der Tarifverdienste und Arbeitszeiten;JAHR;Jahr;2018;DINSGF;Früheres Bundesgebiet / Neue Länder;DF;Früheres Bundesgebiet;WZ08C7;WZ2008 (ausgewählte Positionen): Tarifindex;WZ08-93;Dienstleistungen d.Sports,d.Unterhaltg.u.Erholung;94,8;2020=100;VST073;Index d.tarifl. Monatsverdienste mit Sonderzahl.
62221;Vj. Index der Tarifverdienste und Arbeitszeiten;JAHR;Jahr;2018;DINSGF;Früheres Bundesgebiet / Neue Länder;DF;Früheres Bundesgebiet;WZ08C7;WZ2008 (ausgewählte Positionen): Tarifindex;WZ08-93;Dienstleistungen d.Sports,d.Unterhaltg.u.Erholung;39,1;h;VST019;Durchschnittliche tarifliche Wochenarbeitszeit
62221;Vj. Index der Tarifverdienste und Arbeitszeiten;JAHR;Jahr;2018;DINSGF;Früheres Bundesgebiet / Neue Länder;DF;Früheres Bundesgebiet;WZ08C7;WZ2008 (ausgewählte Positionen): Tarifindex;WZ08-93;Dienstleistungen d.Sports,d.Unterhaltg.u.Erholung;94,3;2020=100;VST066;Index d.tarifl. Monatsverdienste ohne Sonderzahl.
62221;Vj. Index der Tarifverdienste und Arbeitszeiten;JAHR;Jahr;2018;DINSGF;Früheres Bundesgebiet / Neue Länder;DF;Früheres Bundesgebiet;WZ08C7;WZ2008 (ausgewählte Positionen): Tarifindex;WZ08-93;Dienstleistungen d.Sports,d.Unterhaltg.u.Erholung;100,0;2020=100;VST018;Index der tariflichen Wochenarbeitszeit
62221;Vj. Index der Tarifverdienste und Arbeitszeiten;JAHR;Jahr;2018;DINSGF;Früheres Bundesgebiet / Neue Länder;DF;Früheres Bundesgebiet;WZ08C7;WZ2008 (ausgewählte Positionen): Tarifindex;WZ08-93;Dienstleistungen d.Sports,d.Unterhaltg.u.Erholung;94,3;2020=100;VST065;Index d.tarifl. Stundenverdienste ohne Sonderzahl.
62221;Vj. Index der Tarifverdienste und Arbeitszeiten;JAHR;Jahr;2022;DINSGF;Früheres Bundesgebiet / Neue Länder;DN;Neue Länder;WZ08C7;WZ2008 (ausgewählte Positionen): Tarifindex;WZ08-26;H.v. DV-Geräten, elektron. u. opt. Erzeugnissen;101,4;2020=100;VST072;Index d.tarifl. Stundenverdienste mit Sonderzahl.
62221;Vj. Index der Tarifverdienste und Arbeitszeiten;JAHR;Jahr;2022;DINSGF;Früheres Bundesgebiet / Neue Länder;DN;Neue Länder;WZ08C7;WZ2008 (ausgewählte Positionen): Tarifindex;WZ08-26;H.v. DV-Geräten, elektron. u. opt. Erzeugnissen;101,4;2020=100;VST073;Index d.tarifl. Monatsverdienste mit Sonderzahl.
62221;Vj. Index der Tarifverdienste und Arbeitszeiten;JAHR;Jahr;2022;DINSGF;Früheres Bundesgebiet / Neue Länder;DN;Neue Länder;WZ08C7;WZ2008 (ausgewählte Positionen): Tarifindex;WZ08-26;H.v. DV-Geräten, elektron. u. opt. Erzeugnissen;36,7;h;VST019;Durchschnittliche tarifliche Wochenarbeitszeit
62221;Vj. Index der Tarifverdienste und Arbeitszeiten;JAHR;Jahr;2022;DINSGF;Früheres Bundesgebiet / Neue Länder;DN;Neue Länder;WZ08C7;WZ2008 (ausgewählte Positionen): Tarifindex;WZ08-26;H.v. DV-Geräten, elektron. u. opt. Erzeugnissen;100,0;2020=100;VST066;Index d.tarifl. Monatsverdienste ohne Sonderzahl.
62221;Vj. Index der Tarifverdienste und Arbeitszeiten;JAHR;Jahr;2022;DINSGF;Früheres Bundesgebiet / Neue Länder;DN;Neue Länder;WZ08C7;WZ2008 (ausgewählte Positionen): Tarifindex;WZ08-26;H.v. DV-Geräten, elektron. u. opt. Erzeugnissen;100,0;2020=100;VST018;Index der tariflichen Wochenarbeitszeit
62221;Vj. Index der Tarifverdienste und Arbeitszeiten;JAHR;Jahr;2022;DINSGF;Früheres Bundesgebiet / Neue Länder;DN;Neue Länder;WZ08C7;WZ2008 (ausgewählte Positionen): Tarifindex;WZ08-26;H.v. DV-Geräten, elektron. u. opt. Erzeugnissen;100,0;2020=100;VST065;Index d.tarifl. Stundenverdienste ohne Sonderzahl.
62221;Vj. Index der Tarifverdienste und Arbeitszeiten;JAHR;Jahr;2016;DINSGF;Früheres Bundesgebiet / Neue Länder;DN;Neue Länder;WZ08C7;WZ2008 (ausgewählte Positionen): Tarifindex;WZ08-24;Metallerzeugung und -bearbeitung;90,7;2020=100;VST072;Index d.tarifl. Stundenverdienste mit Sonderzahl.
62221;Vj. Index der Tarifverdienste und Arbeitszeiten;JAHR;Jahr;2016;DINSGF;Früheres Bundesgebiet / Neue Länder;DN;Neue Länder;WZ08C7;WZ2008 (ausgewählte Positionen): Tarifindex;WZ08-24;Metallerzeugung und -bearbeitung;90,7;2020=100;VST073;Index d.tarifl. Monatsverdienste mit Sonderzahl.
62221;Vj. Index der Tarifverdienste und Arbeitszeiten;JAHR;Jahr;2016;DINSGF;Früheres Bundesgebiet / Neue Länder;DN;Neue Länder;WZ08C7;WZ2008 (ausgewählte Positionen): Tarifindex;WZ08-24;Metallerzeugung und -bearbeitung;36,0;h;VST019;Durchschnittliche tarifliche Wochenarbeitszeit
62221;Vj. Index der Tarifverdienste und Arbeitszeiten;JAHR;Jahr;2016;DINSGF;Früheres Bundesgebiet / Neue Länder;DN;Neue Länder;WZ08C7;WZ2008 (ausgewählte Positionen): Tarifindex;WZ08-24;Metallerzeugung und -bearbeitung;92,8;2020=100;VST066;Index d.tarifl. Monatsverdienste ohne Sonderzahl.
62221;Vj. Index der Tarifverdienste und Arbeitszeiten;JAHR;Jahr;2016;DINSGF;Früheres Bundesgebiet / Neue Länder;DN;Neue Länder;WZ08C7;WZ2008 (ausgewählte Positionen): Tarifindex;WZ08-24;Metallerzeugung und -bearbeitung;100,0;2020=100;VST018;Index der tariflichen Wochenarbeitszeit
62221;Vj. Index der Tarifverdienste und Arbeitszeiten;JAHR;Jahr;2016;DINSGF;Früheres Bundesgebiet / Neue Länder;DN;Neue Länder;WZ08C7;WZ2008 (ausgewählte Positionen): Tarifindex;WZ08-24;Metallerzeugung und -bearbeitung;92,8;2020=100;VST065;Index d.tarifl. Stundenverdienste ohne Sonderzahl.
62221;Vj. Index der Tarifverdienste und Arbeitszeiten;JAHR;Jahr;2018;DINSGF;Früheres Bundesgebiet / Neue Länder;DF;Früheres Bundesgebiet;WZ08C7;WZ2008 (ausgewählte Positionen): Tarifindex;WZ08-96;Sonstige überwiegend persönliche Dienstleistungen;93,9;2020=100;VST072;Index d.tarifl. Stundenverdienste mit Sonderzahl.
62221;Vj. Index der Tarifverdienste und Arbeitszeiten;JAHR;Jahr;2018;DINSGF;Früheres Bundesgebiet / Neue Länder;DF;Früheres Bundesgebiet;WZ08C7;WZ2008 (ausgewählte Positionen): Tarifindex;WZ08-96;Sonstige überwiegend persönliche Dienstleistungen;94,5;2020=100;VST073;Index d.tarifl. Monatsverdienste mit Sonderzahl.
62221;Vj. Index der Tarifverdienste und Arbeitszeiten;JAHR;Jahr;2018;DINSGF;Früheres Bundesgebiet / Neue Länder;DF;Früheres Bundesgebiet;WZ08C7;WZ2008 (ausgewählte Positionen): Tarifindex;WZ08-96;Sonstige überwiegend persönliche Dienstleistungen;38,8;h;VST019;Durchschnittliche tarifliche Wochenarbeitszeit
62221;Vj. Index der Tarifverdienste und Arbeitszeiten;JAHR;Jahr;2018;DINSGF;Früheres Bundesgebiet / Neue Länder;DF;Früheres Bundesgebiet;WZ08C7;WZ2008 (ausgewählte Positionen): Tarifindex;WZ08-96;Sonstige überwiegend persönliche Dienstleistungen;94,3;2020=100;VST066;Index d.tarifl. Monatsverdienste ohne Sonderzahl.
62221;Vj. Index der Tarifverdienste und Arbeitszeiten;JAHR;Jahr;2018;DINSGF;Früheres Bundesgebiet / Neue Länder;DF;Früheres Bundesgebiet;WZ08C7;WZ2008 (ausgewählte Positionen): Tarifindex;WZ08-96;Sonstige überwiegend persönliche Dienstleistungen;100,3;2020=100;VST018;Index der tariflichen Wochenarbeitszeit
62221;Vj. Index der Tarifverdienste und Arbeitszeiten;JAHR;Jahr;2018;DINSGF;Früheres Bundesgebiet / Neue Länder;DF;Früheres Bundesgebiet;WZ08C7;WZ2008 (ausgewählte Positionen): Tarifindex;WZ08-96;Sonstige überwiegend persönliche Dienstleistungen;93,7;2020=100;VST065;Index d.tarifl. Stundenverdienste ohne Sonderzahl.
62221;Vj. Index der Tarifverdienste und Arbeitszeiten;JAHR;Jahr;2022;DINSGF;Früheres Bundesgebiet / Neue Länder;DN;Neue Länder;WZ08C7;WZ2008 (ausgewählte Positionen): Tarifindex;WZ08-29;Herstellung von Kraftwagen und Kraftwagenteilen;102,6;2020=100;VST072;Index d.tarifl. Stundenverdienste mit Sonderzahl.
62221;Vj. Index der Tarifverdienste und Arbeitszeiten;JAHR;Jahr;2022;DINSGF;Früheres Bundesgebiet / Neue Länder;DN;Neue Länder;WZ08C7;WZ2008 (ausgewählte Positionen): Tarifindex;WZ08-29;Herstellung von Kraftwagen und Kraftwagenteilen;101,7;2020=100;VST073;Index d.tarifl. Monatsverdienste mit Sonderzahl.
62221;Vj. Index der Tarifverdienste und Arbeitszeiten;JAHR;Jahr;2022;DINSGF;Früheres Bundesgebiet / Neue Länder;DN;Neue Länder;WZ08C7;WZ2008 (ausgewählte Positionen): Tarifindex;WZ08-29;Herstellung von Kraftwagen und Kraftwagenteilen;37,7;h;VST019;Durchschnittliche tarifliche Wochenarbeitszeit
62221;Vj. Index der Tarifverdienste und Arbeitszeiten;JAHR;Jahr;2022;DINSGF;Früheres Bundesgebiet / Neue Länder;DN;Neue Länder;WZ08C7;WZ2008 (ausgewählte Positionen): Tarifindex;WZ08-29;Herstellung von Kraftwagen und Kraftwagenteilen;100,9;2020=100;VST066;Index d.tarifl. Monatsverdienste ohne Sonderzahl.
62221;Vj. Index der Tarifverdienste und Arbeitszeiten;JAHR;Jahr;2022;DINSGF;Früheres Bundesgebiet / Neue Länder;DN;Neue Länder;WZ08C7;WZ2008 (ausgewählte Positionen): Tarifindex;WZ08-29;Herstellung von Kraftwagen und Kraftwagenteilen;99,2;2020=100;VST018;Index der tariflichen Wochenarbeitszeit
62221;Vj. Index der Tarifverdienste und Arbeitszeiten;JAHR;Jahr;2022;DINSGF;Früheres Bundesgebiet / Neue Länder;DN;Neue Länder;WZ08C7;WZ2008 (ausgewählte Positionen): Tarifindex;WZ08-29;Herstellung von Kraftwagen und Kraftwagenteilen;101,9;2020=100;VST065;Index d.tarifl. Stundenverdienste ohne Sonderzahl.
62221;Vj. Index der Tarifverdienste und Arbeitszeiten;JAHR;Jahr;2025;DINSGF;Früheres Bundesgebiet / Neue Länder;DF;Früheres Bundesgebiet;WZ08C7;WZ2008 (ausgewählte Positionen): Tarifindex;WZ08-36;Wasserversorgung;116,4;2020=100;VST072;Index d.tarifl. Stundenverdienste mit Sonderzahl.
62221;Vj. Index der Tarifverdienste und Arbeitszeiten;JAHR;Jahr;2025;DINSGF;Früheres Bundesgebiet / Neue Länder;DF;Früheres Bundesgebiet;WZ08C7;WZ2008 (ausgewählte Positionen): Tarifindex;WZ08-36;Wasserversorgung;116,4;2020=100;VST073;Index d.tarifl. Monatsverdienste mit Sonderzahl.
62221;Vj. Index der Tarifverdienste und Arbeitszeiten;JAHR;Jahr;2025;DINSGF;Früheres Bundesgebiet / Neue Länder;DF;Früheres Bundesgebiet;WZ08C7;WZ2008 (ausgewählte Positionen): Tarifindex;WZ08-36;Wasserversorgung;38,9;h;VST019;Durchschnittliche tarifliche Wochenarbeitszeit
62221;Vj. Index der Tarifverdienste und Arbeitszeiten;JAHR;Jahr;2025;DINSGF;Früheres Bundesgebiet / Neue Länder;DF;Früheres Bundesgebiet;WZ08C7;WZ2008 (ausgewählte Positionen): Tarifindex;WZ08-36;Wasserversorgung;116,9;2020=100;VST066;Index d.tarifl. Monatsverdienste ohne Sonderzahl.
62221;Vj. Index der Tarifverdienste und Arbeitszeiten;JAHR;Jahr;2025;DINSGF;Früheres Bundesgebiet / Neue Länder;DF;Früheres Bundesgebiet;WZ08C7;WZ2008 (ausgewählte Positionen): Tarifindex;WZ08-36;Wasserversorgung;100,0;2020=100;VST018;Index der tariflichen Wochenarbeitszeit
62221;Vj. Index der Tarifverdienste und Arbeitszeiten;JAHR;Jahr;2025;DINSGF;Früheres Bundesgebiet / Neue Länder;DF;Früheres Bundesgebiet;WZ08C7;WZ2008 (ausgewählte Positionen): Tarifindex;WZ08-36;Wasserversorgung;116,9;2020=100;VST065;Index d.tarifl. Stundenverdienste ohne Sonderzahl.
62221;Vj. Index der Tarifverdienste und Arbeitszeiten;JAHR;Jahr;2017;DINSGF;Früheres Bundesgebiet / Neue Länder;DF;Früheres Bundesgebiet;WZ08C7;WZ2008 (ausgewählte Positionen): Tarifindex;WZ08-19;Kokerei und Mineralölverarbeitung;93,2;2020=100;VST072;Index d.tarifl. Stundenverdienste mit Sonderzahl.
62221;Vj. Index der Tarifverdienste und Arbeitszeiten;JAHR;Jahr;2017;DINSGF;Früheres Bundesgebiet / Neue Länder;DF;Früheres Bundesgebiet;WZ08C7;WZ2008 (ausgewählte Positionen): Tarifindex;WZ08-19;Kokerei und Mineralölverarbeitung;93,2;2020=100;VST073;Index d.tarifl. Monatsverdienste mit Sonderzahl.
62221;Vj. Index der Tarifverdienste und Arbeitszeiten;JAHR;Jahr;2017;DINSGF;Früheres Bundesgebiet / Neue Länder;DF;Früheres Bundesgebiet;WZ08C7;WZ2008 (ausgewählte Positionen): Tarifindex;WZ08-19;Kokerei und Mineralölverarbeitung;37,8;h;VST019;Durchschnittliche tarifliche Wochenarbeitszeit
62221;Vj. Index der Tarifverdienste und Arbeitszeiten;JAHR;Jahr;2017;DINSGF;Früheres Bundesgebiet / Neue Länder;DF;Früheres Bundesgebiet;WZ08C7;WZ2008 (ausgewählte Positionen): Tarifindex;WZ08-19;Kokerei und Mineralölverarbeitung;94,0;2020=100;VST066;Index d.tarifl. Monatsverdienste ohne Sonderzahl.
62221;Vj. Index der Tarifverdienste und Arbeitszeiten;JAHR;Jahr;2017;DINSGF;Früheres Bundesgebiet / Neue Länder;DF;Früheres Bundesgebiet;WZ08C7;WZ2008 (ausgewählte Positionen): Tarifindex;WZ08-19;Kokerei und Mineralölverarbeitung;100,0;2020=100;VST018;Index der tariflichen Wochenarbeitszeit
62221;Vj. Index der Tarifverdienste und Arbeitszeiten;JAHR;Jahr;2017;DINSGF;Früheres Bundesgebiet / Neue Länder;DF;Früheres Bundesgebiet;WZ08C7;WZ2008 (ausgewählte Positionen): Tarifindex;WZ08-19;Kokerei und Mineralölverarbeitung;94,0;2020=100;VST065;Index d.tarifl. Stundenverdienste ohne Sonderzahl.
62221;Vj. Index der Tarifverdienste und Arbeitszeiten;JAHR;Jahr;2020;DINSGF;Früheres Bundesgebiet / Neue Länder;DN;Neue Länder;WZ08C7;WZ2008 (ausgewählte Positionen): Tarifindex;WZ08-05;Kohlenbergbau;100,0;2020=100;VST072;Index d.tarifl. Stundenverdienste mit Sonderzahl.
62221;Vj. Index der Tarifverdienste und Arbeitszeiten;JAHR;Jahr;2020;DINSGF;Früheres Bundesgebiet / Neue Länder;DN;Neue Länder;WZ08C7;WZ2008 (ausgewählte Positionen): Tarifindex;WZ08-05;Kohlenbergbau;100,0;2020=100;VST073;Index d.tarifl. Monatsverdienste mit Sonderzahl.
62221;Vj. Index der Tarifverdienste und Arbeitszeiten;JAHR;Jahr;2020;DINSGF;Früheres Bundesgebiet / Neue Länder;DN;Neue Länder;WZ08C7;WZ2008 (ausgewählte Positionen): Tarifindex;WZ08-05;Kohlenbergbau;37,0;h;VST019;Durchschnittliche tarifliche Wochenarbeitszeit
62221;Vj. Index der Tarifverdienste und Arbeitszeiten;JAHR;Jahr;2020;DINSGF;Früheres Bundesgebiet / Neue Länder;DN;Neue Länder;WZ08C7;WZ2008 (ausgewählte Positionen): Tarifindex;WZ08-05;Kohlenbergbau;100,0;2020=100;VST066;Index d.tarifl. Monatsverdienste ohne Sonderzahl.
62221;Vj. Index der Tarifverdienste und Arbeitszeiten;JAHR;Jahr;2020;DINSGF;Früheres Bundesgebiet / Neue Länder;DN;Neue Länder;WZ08C7;WZ2008 (ausgewählte Positionen): Tarifindex;WZ08-05;Kohlenbergbau;100,0;2020=100;VST018;Index der tariflichen Wochenarbeitszeit
62221;Vj. Index der Tarifverdienste und Arbeitszeiten;JAHR;Jahr;2020;DINSGF;Früheres Bundesgebiet / Neue Länder;DN;Neue Länder;WZ08C7;WZ2008 (ausgewählte Positionen): Tarifindex;WZ08-05;Kohlenbergbau;100,0;2020=100;VST065;Index d.tarifl. Stundenverdienste ohne Sonderzahl.
62221;Vj. Index der Tarifverdienste und Arbeitszeiten;JAHR;Jahr;2016;DINSGF;Früheres Bundesgebiet / Neue Länder;DF;Früheres Bundesgebiet;WZ08C7;WZ2008 (ausgewählte Positionen): Tarifindex;WZ08-72;Forschung und Entwicklung;89,9;2020=100;VST072;Index d.tarifl. Stundenverdienste mit Sonderzahl.
62221;Vj. Index der Tarifverdienste und Arbeitszeiten;JAHR;Jahr;2016;DINSGF;Früheres Bundesgebiet / Neue Länder;DF;Früheres Bundesgebiet;WZ08C7;WZ2008 (ausgewählte Positionen): Tarifindex;WZ08-72;Forschung und Entwicklung;89,9;2020=100;VST073;Index d.tarifl. Monatsverdienste mit Sonderzahl.
62221;Vj. Index der Tarifverdienste und Arbeitszeiten;JAHR;Jahr;2016;DINSGF;Früheres Bundesgebiet / Neue Länder;DF;Früheres Bundesgebiet;WZ08C7;WZ2008 (ausgewählte Positionen): Tarifindex;WZ08-72;Forschung und Entwicklung;38,6;h;VST019;Durchschnittliche tarifliche Wochenarbeitszeit
62221;Vj. Index der Tarifverdienste und Arbeitszeiten;JAHR;Jahr;2016;DINSGF;Früheres Bundesgebiet / Neue Länder;DF;Früheres Bundesgebiet;WZ08C7;WZ2008 (ausgewählte Positionen): Tarifindex;WZ08-72;Forschung und Entwicklung;89,8;2020=100;VST066;Index d.tarifl. Monatsverdienste ohne Sonderzahl.
62221;Vj. Index der Tarifverdienste und Arbeitszeiten;JAHR;Jahr;2016;DINSGF;Früheres Bundesgebiet / Neue Länder;DF;Früheres Bundesgebiet;WZ08C7;WZ2008 (ausgewählte Positionen): Tarifindex;WZ08-72;Forschung und Entwicklung;100,0;2020=100;VST018;Index der tariflichen Wochenarbeitszeit
62221;Vj. Index der Tarifverdienste und Arbeitszeiten;JAHR;Jahr;2016;DINSGF;Früheres Bundesgebiet / Neue Länder;DF;Früheres Bundesgebiet;WZ08C7;WZ2008 (ausgewählte Positionen): Tarifindex;WZ08-72;Forschung und Entwicklung;89,8;2020=100;VST065;Index d.tarifl. Stundenverdienste ohne Sonderzahl.
62221;Vj. Index der Tarifverdienste und Arbeitszeiten;JAHR;Jahr;2018;DINSGF;Früheres Bundesgebiet / Neue Länder;DF;Früheres Bundesgebiet;WZ08C7;WZ2008 (ausgewählte Positionen): Tarifindex;WZ08-B-14;Kohlenbergbau, Gewinnung von Erdöl und Erdgas;96,0;2020=100;VST072;Index d.tarifl. Stundenverdienste mit Sonderzahl.
62221;Vj. Index der Tarifverdienste und Arbeitszeiten;JAHR;Jahr;2018;DINSGF;Früheres Bundesgebiet / Neue Länder;DF;Früheres Bundesgebiet;WZ08C7;WZ2008 (ausgewählte Positionen): Tarifindex;WZ08-B-14;Kohlenbergbau, Gewinnung von Erdöl und Erdgas;96,0;2020=100;VST073;Index d.tarifl. Monatsverdienste mit Sonderzahl.
62221;Vj. Index der Tarifverdienste und Arbeitszeiten;JAHR;Jahr;2018;DINSGF;Früheres Bundesgebiet / Neue Länder;DF;Früheres Bundesgebiet;WZ08C7;WZ2008 (ausgewählte Positionen): Tarifindex;WZ08-B-14;Kohlenbergbau, Gewinnung von Erdöl und Erdgas;39,6;h;VST019;Durchschnittliche tarifliche Wochenarbeitszeit
62221;Vj. Index der Tarifverdienste und Arbeitszeiten;JAHR;Jahr;2018;DINSGF;Früheres Bundesgebiet / Neue Länder;DF;Früheres Bundesgebiet;WZ08C7;WZ2008 (ausgewählte Positionen): Tarifindex;WZ08-B-14;Kohlenbergbau, Gewinnung von Erdöl und Erdgas;96,6;2020=100;VST066;Index d.tarifl. Monatsverdienste ohne Sonderzahl.
62221;Vj. Index der Tarifverdienste und Arbeitszeiten;JAHR;Jahr;2018;DINSGF;Früheres Bundesgebiet / Neue Länder;DF;Früheres Bundesgebiet;WZ08C7;WZ2008 (ausgewählte Positionen): Tarifindex;WZ08-B-14;Kohlenbergbau, Gewinnung von Erdöl und Erdgas;100,0;2020=100;VST018;Index der tariflichen Wochenarbeitszeit
62221;Vj. Index der Tarifverdienste und Arbeitszeiten;JAHR;Jahr;2018;DINSGF;Früheres Bundesgebiet / Neue Länder;DF;Früheres Bundesgebiet;WZ08C7;WZ2008 (ausgewählte Positionen): Tarifindex;WZ08-B-14;Kohlenbergbau, Gewinnung von Erdöl und Erdgas;96,6;2020=100;VST065;Index d.tarifl. Stundenverdienste ohne Sonderzahl.
62221;Vj. Index der Tarifverdienste und Arbeitszeiten;JAHR;Jahr;2017;DINSGF;Früheres Bundesgebiet / Neue Länder;DF;Früheres Bundesgebiet;WZ08C7;WZ2008 (ausgewählte Positionen): Tarifindex;WZ08-22;Herstellung von Gummi- und Kunststoffwaren;92,8;2020=100;VST072;Index d.tarifl. Stundenverdienste mit Sonderzahl.
62221;Vj. Index der Tarifverdienste und Arbeitszeiten;JAHR;Jahr;2017;DINSGF;Früheres Bundesgebiet / Neue Länder;DF;Früheres Bundesgebiet;WZ08C7;WZ2008 (ausgewählte Positionen): Tarifindex;WZ08-22;Herstellung von Gummi- und Kunststoffwaren;92,8;2020=100;VST073;Index d.tarifl. Monatsverdienste mit Sonderzahl.
62221;Vj. Index der Tarifverdienste und Arbeitszeiten;JAHR;Jahr;2017;DINSGF;Früheres Bundesgebiet / Neue Länder;DF;Früheres Bundesgebiet;WZ08C7;WZ2008 (ausgewählte Positionen): Tarifindex;WZ08-22;Herstellung von Gummi- und Kunststoffwaren;37,0;h;VST019;Durchschnittliche tarifliche Wochenarbeitszeit
62221;Vj. Index der Tarifverdienste und Arbeitszeiten;JAHR;Jahr;2017;DINSGF;Früheres Bundesgebiet / Neue Länder;DF;Früheres Bundesgebiet;WZ08C7;WZ2008 (ausgewählte Positionen): Tarifindex;WZ08-22;Herstellung von Gummi- und Kunststoffwaren;94,0;2020=100;VST066;Index d.tarifl. Monatsverdienste ohne Sonderzahl.
62221;Vj. Index der Tarifverdienste und Arbeitszeiten;JAHR;Jahr;2017;DINSGF;Früheres Bundesgebiet / Neue Länder;DF;Früheres Bundesgebiet;WZ08C7;WZ2008 (ausgewählte Positionen): Tarifindex;WZ08-22;Herstellung von Gummi- und Kunststoffwaren;100,0;2020=100;VST018;Index der tariflichen Wochenarbeitszeit
62221;Vj. Index der Tarifverdienste und Arbeitszeiten;JAHR;Jahr;2017;DINSGF;Früheres Bundesgebiet / Neue Länder;DF;Früheres Bundesgebiet;WZ08C7;WZ2008 (ausgewählte Positionen): Tarifindex;WZ08-22;Herstellung von Gummi- und Kunststoffwaren;94,0;2020=100;VST065;Index d.tarifl. Stundenverdienste ohne Sonderzahl.
62221;Vj. Index der Tarifverdienste und Arbeitszeiten;JAHR;Jahr;2025;DINSGF;Früheres Bundesgebiet / Neue Länder;DF;Früheres Bundesgebiet;WZ08C7;WZ2008 (ausgewählte Positionen): Tarifindex;WZ08-33;Reparatur u.Installation von Masch.u.Ausrüstungen;115,5;2020=100;VST072;Index d.tarifl. Stundenverdienste mit Sonderzahl.
62221;Vj. Index der Tarifverdienste und Arbeitszeiten;JAHR;Jahr;2025;DINSGF;Früheres Bundesgebiet / Neue Länder;DF;Früheres Bundesgebiet;WZ08C7;WZ2008 (ausgewählte Positionen): Tarifindex;WZ08-33;Reparatur u.Installation von Masch.u.Ausrüstungen;115,2;2020=100;VST073;Index d.tarifl. Monatsverdienste mit Sonderzahl.
62221;Vj. Index der Tarifverdienste und Arbeitszeiten;JAHR;Jahr;2025;DINSGF;Früheres Bundesgebiet / Neue Länder;DF;Früheres Bundesgebiet;WZ08C7;WZ2008 (ausgewählte Positionen): Tarifindex;WZ08-33;Reparatur u.Installation von Masch.u.Ausrüstungen;36,5;h;VST019;Durchschnittliche tarifliche Wochenarbeitszeit
62221;Vj. Index der Tarifverdienste und Arbeitszeiten;JAHR;Jahr;2025;DINSGF;Früheres Bundesgebiet / Neue Länder;DF;Früheres Bundesgebiet;WZ08C7;WZ2008 (ausgewählte Positionen): Tarifindex;WZ08-33;Reparatur u.Installation von Masch.u.Ausrüstungen;113,4;2020=100;VST066;Index d.tarifl. Monatsverdienste ohne Sonderzahl.
62221;Vj. Index der Tarifverdienste und Arbeitszeiten;JAHR;Jahr;2025;DINSGF;Früheres Bundesgebiet / Neue Länder;DF;Früheres Bundesgebiet;WZ08C7;WZ2008 (ausgewählte Positionen): Tarifindex;WZ08-33;Reparatur u.Installation von Masch.u.Ausrüstungen;99,7;2020=100;VST018;Index der tariflichen Wochenarbeitszeit
62221;Vj. Index der Tarifverdienste und Arbeitszeiten;JAHR;Jahr;2025;DINSGF;Früheres Bundesgebiet / Neue Länder;DF;Früheres Bundesgebiet;WZ08C7;WZ2008 (ausgewählte Positionen): Tarifindex;WZ08-33;Reparatur u.Installation von Masch.u.Ausrüstungen;113,7;2020=100;VST065;Index d.tarifl. Stundenverdienste ohne Sonderzahl.
62221;Vj. Index der Tarifverdienste und Arbeitszeiten;JAHR;Jahr;2023;DINSGF;Früheres Bundesgebiet / Neue Länder;DF;Früheres Bundesgebiet;WZ08C7;WZ2008 (ausgewählte Positionen): Tarifindex;WZ08-Q;Gesundheits- und Sozialwesen;108,2;2020=100;VST072;Index d.tarifl. Stundenverdienste mit Sonderzahl.
62221;Vj. Index der Tarifverdienste und Arbeitszeiten;JAHR;Jahr;2023;DINSGF;Früheres Bundesgebiet / Neue Länder;DF;Früheres Bundesgebiet;WZ08C7;WZ2008 (ausgewählte Positionen): Tarifindex;WZ08-Q;Gesundheits- und Sozialwesen;108,2;2020=100;VST073;Index d.tarifl. Monatsverdienste mit Sonderzahl.
62221;Vj. Index der Tarifverdienste und Arbeitszeiten;JAHR;Jahr;2023;DINSGF;Früheres Bundesgebiet / Neue Länder;DF;Früheres Bundesgebiet;WZ08C7;WZ2008 (ausgewählte Positionen): Tarifindex;WZ08-Q;Gesundheits- und Sozialwesen;39,2;h;VST019;Durchschnittliche tarifliche Wochenarbeitszeit
62221;Vj. Index der Tarifverdienste und Arbeitszeiten;JAHR;Jahr;2023;DINSGF;Früheres Bundesgebiet / Neue Länder;DF;Früheres Bundesgebiet;WZ08C7;WZ2008 (ausgewählte Positionen): Tarifindex;WZ08-Q;Gesundheits- und Sozialwesen;106,2;2020=100;VST066;Index d.tarifl. Monatsverdienste ohne Sonderzahl.
62221;Vj. Index der Tarifverdienste und Arbeitszeiten;JAHR;Jahr;2023;DINSGF;Früheres Bundesgebiet / Neue Länder;DF;Früheres Bundesgebiet;WZ08C7;WZ2008 (ausgewählte Positionen): Tarifindex;WZ08-Q;Gesundheits- und Sozialwesen;100,0;2020=100;VST018;Index der tariflichen Wochenarbeitszeit
62221;Vj. Index der Tarifverdienste und Arbeitszeiten;JAHR;Jahr;2023;DINSGF;Früheres Bundesgebiet / Neue Länder;DF;Früheres Bundesgebiet;WZ08C7;WZ2008 (ausgewählte Positionen): Tarifindex;WZ08-Q;Gesundheits- und Sozialwesen;106,2;2020=100;VST065;Index d.tarifl. Stundenverdienste ohne Sonderzahl.
62221;Vj. Index der Tarifverdienste und Arbeitszeiten;JAHR;Jahr;2019;DINSGF;Früheres Bundesgebiet / Neue Länder;DF;Früheres Bundesgebiet;WZ08C7;WZ2008 (ausgewählte Positionen): Tarifindex;WZ08-46;Großhandel (ohne Handel mit Kraftfahrzeugen);98,2;2020=100;VST072;Index d.tarifl. Stundenverdienste mit Sonderzahl.
62221;Vj. Index der Tarifverdienste und Arbeitszeiten;JAHR;Jahr;2019;DINSGF;Früheres Bundesgebiet / Neue Länder;DF;Früheres Bundesgebiet;WZ08C7;WZ2008 (ausgewählte Positionen): Tarifindex;WZ08-46;Großhandel (ohne Handel mit Kraftfahrzeugen);98,1;2020=100;VST073;Index d.tarifl. Monatsverdienste mit Sonderzahl.
62221;Vj. Index der Tarifverdienste und Arbeitszeiten;JAHR;Jahr;2019;DINSGF;Früheres Bundesgebiet / Neue Länder;DF;Früheres Bundesgebiet;WZ08C7;WZ2008 (ausgewählte Positionen): Tarifindex;WZ08-46;Großhandel (ohne Handel mit Kraftfahrzeugen);37,8;h;VST019;Durchschnittliche tarifliche Wochenarbeitszeit
62221;Vj. Index der Tarifverdienste und Arbeitszeiten;JAHR;Jahr;2019;DINSGF;Früheres Bundesgebiet / Neue Länder;DF;Früheres Bundesgebiet;WZ08C7;WZ2008 (ausgewählte Positionen): Tarifindex;WZ08-46;Großhandel (ohne Handel mit Kraftfahrzeugen);97,9;2020=100;VST066;Index d.tarifl. Monatsverdienste ohne Sonderzahl.
62221;Vj. Index der Tarifverdienste und Arbeitszeiten;JAHR;Jahr;2019;DINSGF;Früheres Bundesgebiet / Neue Länder;DF;Früheres Bundesgebiet;WZ08C7;WZ2008 (ausgewählte Positionen): Tarifindex;WZ08-46;Großhandel (ohne Handel mit Kraftfahrzeugen);100,0;2020=100;VST018;Index der tariflichen Wochenarbeitszeit
62221;Vj. Index der Tarifverdienste und Arbeitszeiten;JAHR;Jahr;2019;DINSGF;Früheres Bundesgebiet / Neue Länder;DF;Früheres Bundesgebiet;WZ08C7;WZ2008 (ausgewählte Positionen): Tarifindex;WZ08-46;Großhandel (ohne Handel mit Kraftfahrzeugen);97,9;2020=100;VST065;Index d.tarifl. Stundenverdienste ohne Sonderzahl.
62221;Vj. Index der Tarifverdienste und Arbeitszeiten;JAHR;Jahr;2019;DINSGF;Früheres Bundesgebiet / Neue Länder;DF;Früheres Bundesgebiet;WZ08C7;WZ2008 (ausgewählte Positionen): Tarifindex;WZ08-31;Herstellung von Möbeln;98,0;2020=100;VST072;Index d.tarifl. Stundenverdienste mit Sonderzahl.
62221;Vj. Index der Tarifverdienste und Arbeitszeiten;JAHR;Jahr;2019;DINSGF;Früheres Bundesgebiet / Neue Länder;DF;Früheres Bundesgebiet;WZ08C7;WZ2008 (ausgewählte Positionen): Tarifindex;WZ08-31;Herstellung von Möbeln;98,0;2020=100;VST073;Index d.tarifl. Monatsverdienste mit Sonderzahl.
62221;Vj. Index der Tarifverdienste und Arbeitszeiten;JAHR;Jahr;2019;DINSGF;Früheres Bundesgebiet / Neue Länder;DF;Früheres Bundesgebiet;WZ08C7;WZ2008 (ausgewählte Positionen): Tarifindex;WZ08-31;Herstellung von Möbeln;36,4;h;VST019;Durchschnittliche tarifliche Wochenarbeitszeit
62221;Vj. Index der Tarifverdienste und Arbeitszeiten;JAHR;Jahr;2019;DINSGF;Früheres Bundesgebiet / Neue Länder;DF;Früheres Bundesgebiet;WZ08C7;WZ2008 (ausgewählte Positionen): Tarifindex;WZ08-31;Herstellung von Möbeln;98,1;2020=100;VST066;Index d.tarifl. Monatsverdienste ohne Sonderzahl.
62221;Vj. Index der Tarifverdienste und Arbeitszeiten;JAHR;Jahr;2019;DINSGF;Früheres Bundesgebiet / Neue Länder;DF;Früheres Bundesgebiet;WZ08C7;WZ2008 (ausgewählte Positionen): Tarifindex;WZ08-31;Herstellung von Möbeln;100,0;2020=100;VST018;Index der tariflichen Wochenarbeitszeit
62221;Vj. Index der Tarifverdienste und Arbeitszeiten;JAHR;Jahr;2019;DINSGF;Früheres Bundesgebiet / Neue Länder;DF;Früheres Bundesgebiet;WZ08C7;WZ2008 (ausgewählte Positionen): Tarifindex;WZ08-31;Herstellung von Möbeln;98,1;2020=100;VST065;Index d.tarifl. Stundenverdienste ohne Sonderzahl.
62221;Vj. Index der Tarifverdienste und Arbeitszeiten;JAHR;Jahr;2023;DINSGF;Früheres Bundesgebiet / Neue Länder;DF;Früheres Bundesgebiet;WZ08C7;WZ2008 (ausgewählte Positionen): Tarifindex;WZ08-24;Metallerzeugung und -bearbeitung;107,9;2020=100;VST072;Index d.tarifl. Stundenverdienste mit Sonderzahl.
62221;Vj. Index der Tarifverdienste und Arbeitszeiten;JAHR;Jahr;2023;DINSGF;Früheres Bundesgebiet / Neue Länder;DF;Früheres Bundesgebiet;WZ08C7;WZ2008 (ausgewählte Positionen): Tarifindex;WZ08-24;Metallerzeugung und -bearbeitung;107,9;2020=100;VST073;Index d.tarifl. Monatsverdienste mit Sonderzahl.
62221;Vj. Index der Tarifverdienste und Arbeitszeiten;JAHR;Jahr;2023;DINSGF;Früheres Bundesgebiet / Neue Länder;DF;Früheres Bundesgebiet;WZ08C7;WZ2008 (ausgewählte Positionen): Tarifindex;WZ08-24;Metallerzeugung und -bearbeitung;35,2;h;VST019;Durchschnittliche tarifliche Wochenarbeitszeit
62221;Vj. Index der Tarifverdienste und Arbeitszeiten;JAHR;Jahr;2023;DINSGF;Früheres Bundesgebiet / Neue Länder;DF;Früheres Bundesgebiet;WZ08C7;WZ2008 (ausgewählte Positionen): Tarifindex;WZ08-24;Metallerzeugung und -bearbeitung;104,0;2020=100;VST066;Index d.tarifl. Monatsverdienste ohne Sonderzahl.
62221;Vj. Index der Tarifverdienste und Arbeitszeiten;JAHR;Jahr;2023;DINSGF;Früheres Bundesgebiet / Neue Länder;DF;Früheres Bundesgebiet;WZ08C7;WZ2008 (ausgewählte Positionen): Tarifindex;WZ08-24;Metallerzeugung und -bearbeitung;100,0;2020=100;VST018;Index der tariflichen Wochenarbeitszeit
62221;Vj. Index der Tarifverdienste und Arbeitszeiten;JAHR;Jahr;2023;DINSGF;Früheres Bundesgebiet / Neue Länder;DF;Früheres Bundesgebiet;WZ08C7;WZ2008 (ausgewählte Positionen): Tarifindex;WZ08-24;Metallerzeugung und -bearbeitung;104,0;2020=100;VST065;Index d.tarifl. Stundenverdienste ohne Sonderzahl.
62221;Vj. Index der Tarifverdienste und Arbeitszeiten;JAHR;Jahr;2022;DINSGF;Früheres Bundesgebiet / Neue Länder;DN;Neue Länder;WZ08C7;WZ2008 (ausgewählte Positionen): Tarifindex;WZ08-14;Herstellung von Bekleidung;-;2020=100;VST072;Index d.tarifl. Stundenverdienste mit Sonderzahl.
62221;Vj. Index der Tarifverdienste und Arbeitszeiten;JAHR;Jahr;2022;DINSGF;Früheres Bundesgebiet / Neue Länder;DN;Neue Länder;WZ08C7;WZ2008 (ausgewählte Positionen): Tarifindex;WZ08-14;Herstellung von Bekleidung;-;2020=100;VST073;Index d.tarifl. Monatsverdienste mit Sonderzahl.
62221;Vj. Index der Tarifverdienste und Arbeitszeiten;JAHR;Jahr;2022;DINSGF;Früheres Bundesgebiet / Neue Länder;DN;Neue Länder;WZ08C7;WZ2008 (ausgewählte Positionen): Tarifindex;WZ08-14;Herstellung von Bekleidung;-;h;VST019;Durchschnittliche tarifliche Wochenarbeitszeit
62221;Vj. Index der Tarifverdienste und Arbeitszeiten;JAHR;Jahr;2022;DINSGF;Früheres Bundesgebiet / Neue Länder;DN;Neue Länder;WZ08C7;WZ2008 (ausgewählte Positionen): Tarifindex;WZ08-14;Herstellung von Bekleidung;-;2020=100;VST066;Index d.tarifl. Monatsverdienste ohne Sonderzahl.
62221;Vj. Index der Tarifverdienste und Arbeitszeiten;JAHR;Jahr;2022;DINSGF;Früheres Bundesgebiet / Neue Länder;DN;Neue Länder;WZ08C7;WZ2008 (ausgewählte Positionen): Tarifindex;WZ08-14;Herstellung von Bekleidung;-;2020=100;VST018;Index der tariflichen Wochenarbeitszeit
62221;Vj. Index der Tarifverdienste und Arbeitszeiten;JAHR;Jahr;2022;DINSGF;Früheres Bundesgebiet / Neue Länder;DN;Neue Länder;WZ08C7;WZ2008 (ausgewählte Positionen): Tarifindex;WZ08-14;Herstellung von Bekleidung;-;2020=100;VST065;Index d.tarifl. Stundenverdienste ohne Sonderzahl.
62221;Vj. Index der Tarifverdienste und Arbeitszeiten;JAHR;Jahr;2023;DINSGF;Früheres Bundesgebiet / Neue Länder;DF;Früheres Bundesgebiet;WZ08C7;WZ2008 (ausgewählte Positionen): Tarifindex;WZ08-12;Tabakverarbeitung;110,0;2020=100;VST072;Index d.tarifl. Stundenverdienste mit Sonderzahl.
62221;Vj. Index der Tarifverdienste und Arbeitszeiten;JAHR;Jahr;2023;DINSGF;Früheres Bundesgebiet / Neue Länder;DF;Früheres Bundesgebiet;WZ08C7;WZ2008 (ausgewählte Positionen): Tarifindex;WZ08-12;Tabakverarbeitung;110,0;2020=100;VST073;Index d.tarifl. Monatsverdienste mit Sonderzahl.
62221;Vj. Index der Tarifverdienste und Arbeitszeiten;JAHR;Jahr;2023;DINSGF;Früheres Bundesgebiet / Neue Länder;DF;Früheres Bundesgebiet;WZ08C7;WZ2008 (ausgewählte Positionen): Tarifindex;WZ08-12;Tabakverarbeitung;37,8;h;VST019;Durchschnittliche tarifliche Wochenarbeitszeit
62221;Vj. Index der Tarifverdienste und Arbeitszeiten;JAHR;Jahr;2023;DINSGF;Früheres Bundesgebiet / Neue Länder;DF;Früheres Bundesgebiet;WZ08C7;WZ2008 (ausgewählte Positionen): Tarifindex;WZ08-12;Tabakverarbeitung;109,1;2020=100;VST066;Index d.tarifl. Monatsverdienste ohne Sonderzahl.
62221;Vj. Index der Tarifverdienste und Arbeitszeiten;JAHR;Jahr;2023;DINSGF;Früheres Bundesgebiet / Neue Länder;DF;Früheres Bundesgebiet;WZ08C7;WZ2008 (ausgewählte Positionen): Tarifindex;WZ08-12;Tabakverarbeitung;100,0;2020=100;VST018;Index der tariflichen Wochenarbeitszeit
62221;Vj. Index der Tarifverdienste und Arbeitszeiten;JAHR;Jahr;2023;DINSGF;Früheres Bundesgebiet / Neue Länder;DF;Früheres Bundesgebiet;WZ08C7;WZ2008 (ausgewählte Positionen): Tarifindex;WZ08-12;Tabakverarbeitung;109,1;2020=100;VST065;Index d.tarifl. Stundenverdienste ohne Sonderzahl.
62221;Vj. Index der Tarifverdienste und Arbeitszeiten;JAHR;Jahr;2019;DINSGF;Früheres Bundesgebiet / Neue Länder;DF;Früheres Bundesgebiet;WZ08C7;WZ2008 (ausgewählte Positionen): Tarifindex;WZ08-49;Landverkehr und Transport in Rohrfernleitungen;97,9;2020=100;VST072;Index d.tarifl. Stundenverdienste mit Sonderzahl.
62221;Vj. Index der Tarifverdienste und Arbeitszeiten;JAHR;Jahr;2019;DINSGF;Früheres Bundesgebiet / Neue Länder;DF;Früheres Bundesgebiet;WZ08C7;WZ2008 (ausgewählte Positionen): Tarifindex;WZ08-49;Landverkehr und Transport in Rohrfernleitungen;97,8;2020=100;VST073;Index d.tarifl. Monatsverdienste mit Sonderzahl.
62221;Vj. Index der Tarifverdienste und Arbeitszeiten;JAHR;Jahr;2019;DINSGF;Früheres Bundesgebiet / Neue Länder;DF;Früheres Bundesgebiet;WZ08C7;WZ2008 (ausgewählte Positionen): Tarifindex;WZ08-49;Landverkehr und Transport in Rohrfernleitungen;39,0;h;VST019;Durchschnittliche tarifliche Wochenarbeitszeit
62221;Vj. Index der Tarifverdienste und Arbeitszeiten;JAHR;Jahr;2019;DINSGF;Früheres Bundesgebiet / Neue Länder;DF;Früheres Bundesgebiet;WZ08C7;WZ2008 (ausgewählte Positionen): Tarifindex;WZ08-49;Landverkehr und Transport in Rohrfernleitungen;97,5;2020=100;VST066;Index d.tarifl. Monatsverdienste ohne Sonderzahl.
62221;Vj. Index der Tarifverdienste und Arbeitszeiten;JAHR;Jahr;2019;DINSGF;Früheres Bundesgebiet / Neue Länder;DF;Früheres Bundesgebiet;WZ08C7;WZ2008 (ausgewählte Positionen): Tarifindex;WZ08-49;Landverkehr und Transport in Rohrfernleitungen;100,0;2020=100;VST018;Index der tariflichen Wochenarbeitszeit
62221;Vj. Index der Tarifverdienste und Arbeitszeiten;JAHR;Jahr;2019;DINSGF;Früheres Bundesgebiet / Neue Länder;DF;Früheres Bundesgebiet;WZ08C7;WZ2008 (ausgewählte Positionen): Tarifindex;WZ08-49;Landverkehr und Transport in Rohrfernleitungen;97,6;2020=100;VST065;Index d.tarifl. Stundenverdienste ohne Sonderzahl.
62221;Vj. Index der Tarifverdienste und Arbeitszeiten;JAHR;Jahr;2016;DINSGF;Früheres Bundesgebiet / Neue Länder;DF;Früheres Bundesgebiet;WZ08C7;WZ2008 (ausgewählte Positionen): Tarifindex;WZ08-66;Mit Finanz- u. Versicherungsdienstl. verb. Tätigk.;93,3;2020=100;VST072;Index d.tarifl. Stundenverdienste mit Sonderzahl.
62221;Vj. Index der Tarifverdienste und Arbeitszeiten;JAHR;Jahr;2016;DINSGF;Früheres Bundesgebiet / Neue Länder;DF;Früheres Bundesgebiet;WZ08C7;WZ2008 (ausgewählte Positionen): Tarifindex;WZ08-66;Mit Finanz- u. Versicherungsdienstl. verb. Tätigk.;93,3;2020=100;VST073;Index d.tarifl. Monatsverdienste mit Sonderzahl.
62221;Vj. Index der Tarifverdienste und Arbeitszeiten;JAHR;Jahr;2016;DINSGF;Früheres Bundesgebiet / Neue Länder;DF;Früheres Bundesgebiet;WZ08C7;WZ2008 (ausgewählte Positionen): Tarifindex;WZ08-66;Mit Finanz- u. Versicherungsdienstl. verb. Tätigk.;38,1;h;VST019;Durchschnittliche tarifliche Wochenarbeitszeit
62221;Vj. Index der Tarifverdienste und Arbeitszeiten;JAHR;Jahr;2016;DINSGF;Früheres Bundesgebiet / Neue Länder;DF;Früheres Bundesgebiet;WZ08C7;WZ2008 (ausgewählte Positionen): Tarifindex;WZ08-66;Mit Finanz- u. Versicherungsdienstl. verb. Tätigk.;93,2;2020=100;VST066;Index d.tarifl. Monatsverdienste ohne Sonderzahl.
62221;Vj. Index der Tarifverdienste und Arbeitszeiten;JAHR;Jahr;2016;DINSGF;Früheres Bundesgebiet / Neue Länder;DF;Früheres Bundesgebiet;WZ08C7;WZ2008 (ausgewählte Positionen): Tarifindex;WZ08-66;Mit Finanz- u. Versicherungsdienstl. verb. Tätigk.;100,0;2020=100;VST018;Index der tariflichen Wochenarbeitszeit
62221;Vj. Index der Tarifverdienste und Arbeitszeiten;JAHR;Jahr;2016;DINSGF;Früheres Bundesgebiet / Neue Länder;DF;Früheres Bundesgebiet;WZ08C7;WZ2008 (ausgewählte Positionen): Tarifindex;WZ08-66;Mit Finanz- u. Versicherungsdienstl. verb. Tätigk.;93,2;2020=100;VST065;Index d.tarifl. Stundenverdienste ohne Sonderzahl.
62221;Vj. Index der Tarifverdienste und Arbeitszeiten;JAHR;Jahr;2023;DINSGF;Früheres Bundesgebiet / Neue Länder;DF;Früheres Bundesgebiet;WZ08C7;WZ2008 (ausgewählte Positionen): Tarifindex;WZ08-N;Sonstige wirtschaftliche Dienstleistungen;115,7;2020=100;VST072;Index d.tarifl. Stundenverdienste mit Sonderzahl.
62221;Vj. Index der Tarifverdienste und Arbeitszeiten;JAHR;Jahr;2023;DINSGF;Früheres Bundesgebiet / Neue Länder;DF;Früheres Bundesgebiet;WZ08C7;WZ2008 (ausgewählte Positionen): Tarifindex;WZ08-N;Sonstige wirtschaftliche Dienstleistungen;115,7;2020=100;VST073;Index d.tarifl. Monatsverdienste mit Sonderzahl.
62221;Vj. Index der Tarifverdienste und Arbeitszeiten;JAHR;Jahr;2023;DINSGF;Früheres Bundesgebiet / Neue Länder;DF;Früheres Bundesgebiet;WZ08C7;WZ2008 (ausgewählte Positionen): Tarifindex;WZ08-N;Sonstige wirtschaftliche Dienstleistungen;37,5;h;VST019;Durchschnittliche tarifliche Wochenarbeitszeit
62221;Vj. Index der Tarifverdienste und Arbeitszeiten;JAHR;Jahr;2023;DINSGF;Früheres Bundesgebiet / Neue Länder;DF;Früheres Bundesgebiet;WZ08C7;WZ2008 (ausgewählte Positionen): Tarifindex;WZ08-N;Sonstige wirtschaftliche Dienstleistungen;115,3;2020=100;VST066;Index d.tarifl. Monatsverdienste ohne Sonderzahl.
62221;Vj. Index der Tarifverdienste und Arbeitszeiten;JAHR;Jahr;2023;DINSGF;Früheres Bundesgebiet / Neue Länder;DF;Früheres Bundesgebiet;WZ08C7;WZ2008 (ausgewählte Positionen): Tarifindex;WZ08-N;Sonstige wirtschaftliche Dienstleistungen;100,0;2020=100;VST018;Index der tariflichen Wochenarbeitszeit
62221;Vj. Index der Tarifverdienste und Arbeitszeiten;JAHR;Jahr;2023;DINSGF;Früheres Bundesgebiet / Neue Länder;DF;Früheres Bundesgebiet;WZ08C7;WZ2008 (ausgewählte Positionen): Tarifindex;WZ08-N;Sonstige wirtschaftliche Dienstleistungen;115,3;2020=100;VST065;Index d.tarifl. Stundenverdienste ohne Sonderzahl.
62221;Vj. Index der Tarifverdienste und Arbeitszeiten;JAHR;Jahr;2018;DINSGF;Früheres Bundesgebiet / Neue Länder;DN;Neue Länder;WZ08C7;WZ2008 (ausgewählte Positionen): Tarifindex;WZ08-51;Luftfahrt;-;2020=100;VST072;Index d.tarifl. Stundenverdienste mit Sonderzahl.
62221;Vj. Index der Tarifverdienste und Arbeitszeiten;JAHR;Jahr;2018;DINSGF;Früheres Bundesgebiet / Neue Länder;DN;Neue Länder;WZ08C7;WZ2008 (ausgewählte Positionen): Tarifindex;WZ08-51;Luftfahrt;-;2020=100;VST073;Index d.tarifl. Monatsverdienste mit Sonderzahl.
62221;Vj. Index der Tarifverdienste und Arbeitszeiten;JAHR;Jahr;2018;DINSGF;Früheres Bundesgebiet / Neue Länder;DN;Neue Länder;WZ08C7;WZ2008 (ausgewählte Positionen): Tarifindex;WZ08-51;Luftfahrt;-;h;VST019;Durchschnittliche tarifliche Wochenarbeitszeit
62221;Vj. Index der Tarifverdienste und Arbeitszeiten;JAHR;Jahr;2018;DINSGF;Früheres Bundesgebiet / Neue Länder;DN;Neue Länder;WZ08C7;WZ2008 (ausgewählte Positionen): Tarifindex;WZ08-51;Luftfahrt;-;2020=100;VST066;Index d.tarifl. Monatsverdienste ohne Sonderzahl.
62221;Vj. Index der Tarifverdienste und Arbeitszeiten;JAHR;Jahr;2018;DINSGF;Früheres Bundesgebiet / Neue Länder;DN;Neue Länder;WZ08C7;WZ2008 (ausgewählte Positionen): Tarifindex;WZ08-51;Luftfahrt;-;2020=100;VST018;Index der tariflichen Wochenarbeitszeit
62221;Vj. Index der Tarifverdienste und Arbeitszeiten;JAHR;Jahr;2018;DINSGF;Früheres Bundesgebiet / Neue Länder;DN;Neue Länder;WZ08C7;WZ2008 (ausgewählte Positionen): Tarifindex;WZ08-51;Luftfahrt;-;2020=100;VST065;Index d.tarifl. Stundenverdienste ohne Sonderzahl.
62221;Vj. Index der Tarifverdienste und Arbeitszeiten;JAHR;Jahr;2018;DINSGF;Früheres Bundesgebiet / Neue Länder;DN;Neue Länder;WZ08C7;WZ2008 (ausgewählte Positionen): Tarifindex;WZ08-D;Energieversorgung;95,6;2020=100;VST072;Index d.tarifl. Stundenverdienste mit Sonderzahl.
62221;Vj. Index der Tarifverdienste und Arbeitszeiten;JAHR;Jahr;2018;DINSGF;Früheres Bundesgebiet / Neue Länder;DN;Neue Länder;WZ08C7;WZ2008 (ausgewählte Positionen): Tarifindex;WZ08-D;Energieversorgung;95,6;2020=100;VST073;Index d.tarifl. Monatsverdienste mit Sonderzahl.
62221;Vj. Index der Tarifverdienste und Arbeitszeiten;JAHR;Jahr;2018;DINSGF;Früheres Bundesgebiet / Neue Länder;DN;Neue Länder;WZ08C7;WZ2008 (ausgewählte Positionen): Tarifindex;WZ08-D;Energieversorgung;38,1;h;VST019;Durchschnittliche tarifliche Wochenarbeitszeit
62221;Vj. Index der Tarifverdienste und Arbeitszeiten;JAHR;Jahr;2018;DINSGF;Früheres Bundesgebiet / Neue Länder;DN;Neue Länder;WZ08C7;WZ2008 (ausgewählte Positionen): Tarifindex;WZ08-D;Energieversorgung;95,6;2020=100;VST066;Index d.tarifl. Monatsverdienste ohne Sonderzahl.
62221;Vj. Index der Tarifverdienste und Arbeitszeiten;JAHR;Jahr;2018;DINSGF;Früheres Bundesgebiet / Neue Länder;DN;Neue Länder;WZ08C7;WZ2008 (ausgewählte Positionen): Tarifindex;WZ08-D;Energieversorgung;100,1;2020=100;VST018;Index der tariflichen Wochenarbeitszeit
62221;Vj. Index der Tarifverdienste und Arbeitszeiten;JAHR;Jahr;2018;DINSGF;Früheres Bundesgebiet / Neue Länder;DN;Neue Länder;WZ08C7;WZ2008 (ausgewählte Positionen): Tarifindex;WZ08-D;Energieversorgung;95,5;2020=100;VST065;Index d.tarifl. Stundenverdienste ohne Sonderzahl.
62221;Vj. Index der Tarifverdienste und Arbeitszeiten;JAHR;Jahr;2018;DINSGF;Früheres Bundesgebiet / Neue Länder;DN;Neue Länder;WZ08C7;WZ2008 (ausgewählte Positionen): Tarifindex;WZ08-G;Handel, Instandhaltung und Reparatur von Kfz;95,3;2020=100;VST072;Index d.tarifl. Stundenverdienste mit Sonderzahl.
62221;Vj. Index der Tarifverdienste und Arbeitszeiten;JAHR;Jahr;2018;DINSGF;Früheres Bundesgebiet / Neue Länder;DN;Neue Länder;WZ08C7;WZ2008 (ausgewählte Positionen): Tarifindex;WZ08-G;Handel, Instandhaltung und Reparatur von Kfz;95,5;2020=100;VST073;Index d.tarifl. Monatsverdienste mit Sonderzahl.
62221;Vj. Index der Tarifverdienste und Arbeitszeiten;JAHR;Jahr;2018;DINSGF;Früheres Bundesgebiet / Neue Länder;DN;Neue Länder;WZ08C7;WZ2008 (ausgewählte Positionen): Tarifindex;WZ08-G;Handel, Instandhaltung und Reparatur von Kfz;38,4;h;VST019;Durchschnittliche tarifliche Wochenarbeitszeit
62221;Vj. Index der Tarifverdienste und Arbeitszeiten;JAHR;Jahr;2018;DINSGF;Früheres Bundesgebiet / Neue Länder;DN;Neue Länder;WZ08C7;WZ2008 (ausgewählte Positionen): Tarifindex;WZ08-G;Handel, Instandhaltung und Reparatur von Kfz;95,5;2020=100;VST066;Index d.tarifl. Monatsverdienste ohne Sonderzahl.
62221;Vj. Index der Tarifverdienste und Arbeitszeiten;JAHR;Jahr;2018;DINSGF;Früheres Bundesgebiet / Neue Länder;DN;Neue Länder;WZ08C7;WZ2008 (ausgewählte Positionen): Tarifindex;WZ08-G;Handel, Instandhaltung und Reparatur von Kfz;100,1;2020=100;VST018;Index der tariflichen Wochenarbeitszeit
62221;Vj. Index der Tarifverdienste und Arbeitszeiten;JAHR;Jahr;2018;DINSGF;Früheres Bundesgebiet / Neue Länder;DN;Neue Länder;WZ08C7;WZ2008 (ausgewählte Positionen): Tarifindex;WZ08-G;Handel, Instandhaltung und Reparatur von Kfz;95,4;2020=100;VST065;Index d.tarifl. Stundenverdienste ohne Sonderzahl.
62221;Vj. Index der Tarifverdienste und Arbeitszeiten;JAHR;Jahr;2018;DINSGF;Früheres Bundesgebiet / Neue Länder;DN;Neue Länder;WZ08C7;WZ2008 (ausgewählte Positionen): Tarifindex;WZ08-P;Erziehung und Unterricht;93,8;2020=100;VST072;Index d.tarifl. Stundenverdienste mit Sonderzahl.
62221;Vj. Index der Tarifverdienste und Arbeitszeiten;JAHR;Jahr;2018;DINSGF;Früheres Bundesgebiet / Neue Länder;DN;Neue Länder;WZ08C7;WZ2008 (ausgewählte Positionen): Tarifindex;WZ08-P;Erziehung und Unterricht;93,8;2020=100;VST073;Index d.tarifl. Monatsverdienste mit Sonderzahl.
62221;Vj. Index der Tarifverdienste und Arbeitszeiten;JAHR;Jahr;2018;DINSGF;Früheres Bundesgebiet / Neue Länder;DN;Neue Länder;WZ08C7;WZ2008 (ausgewählte Positionen): Tarifindex;WZ08-P;Erziehung und Unterricht;39,5;h;VST019;Durchschnittliche tarifliche Wochenarbeitszeit
62221;Vj. Index der Tarifverdienste und Arbeitszeiten;JAHR;Jahr;2018;DINSGF;Früheres Bundesgebiet / Neue Länder;DN;Neue Länder;WZ08C7;WZ2008 (ausgewählte Positionen): Tarifindex;WZ08-P;Erziehung und Unterricht;93,5;2020=100;VST066;Index d.tarifl. Monatsverdienste ohne Sonderzahl.
62221;Vj. Index der Tarifverdienste und Arbeitszeiten;JAHR;Jahr;2018;DINSGF;Früheres Bundesgebiet / Neue Länder;DN;Neue Länder;WZ08C7;WZ2008 (ausgewählte Positionen): Tarifindex;WZ08-P;Erziehung und Unterricht;100,0;2020=100;VST018;Index der tariflichen Wochenarbeitszeit
62221;Vj. Index der Tarifverdienste und Arbeitszeiten;JAHR;Jahr;2018;DINSGF;Früheres Bundesgebiet / Neue Länder;DN;Neue Länder;WZ08C7;WZ2008 (ausgewählte Positionen): Tarifindex;WZ08-P;Erziehung und Unterricht;93,5;2020=100;VST065;Index d.tarifl. Stundenverdienste ohne Sonderzahl.
62221;Vj. Index der Tarifverdienste und Arbeitszeiten;JAHR;Jahr;2021;DINSGF;Früheres Bundesgebiet / Neue Länder;DF;Früheres Bundesgebiet;WZ08C7;WZ2008 (ausgewählte Positionen): Tarifindex;WZ08-06;Gewinnung von Erdöl und Erdgas;101,3;2020=100;VST072;Index d.tarifl. Stundenverdienste mit Sonderzahl.
62221;Vj. Index der Tarifverdienste und Arbeitszeiten;JAHR;Jahr;2021;DINSGF;Früheres Bundesgebiet / Neue Länder;DF;Früheres Bundesgebiet;WZ08C7;WZ2008 (ausgewählte Positionen): Tarifindex;WZ08-06;Gewinnung von Erdöl und Erdgas;101,3;2020=100;VST073;Index d.tarifl. Monatsverdienste mit Sonderzahl.
62221;Vj. Index der Tarifverdienste und Arbeitszeiten;JAHR;Jahr;2021;DINSGF;Früheres Bundesgebiet / Neue Länder;DF;Früheres Bundesgebiet;WZ08C7;WZ2008 (ausgewählte Positionen): Tarifindex;WZ08-06;Gewinnung von Erdöl und Erdgas;38,0;h;VST019;Durchschnittliche tarifliche Wochenarbeitszeit
62221;Vj. Index der Tarifverdienste und Arbeitszeiten;JAHR;Jahr;2021;DINSGF;Früheres Bundesgebiet / Neue Länder;DF;Früheres Bundesgebiet;WZ08C7;WZ2008 (ausgewählte Positionen): Tarifindex;WZ08-06;Gewinnung von Erdöl und Erdgas;101,8;2020=100;VST066;Index d.tarifl. Monatsverdienste ohne Sonderzahl.
62221;Vj. Index der Tarifverdienste und Arbeitszeiten;JAHR;Jahr;2021;DINSGF;Früheres Bundesgebiet / Neue Länder;DF;Früheres Bundesgebiet;WZ08C7;WZ2008 (ausgewählte Positionen): Tarifindex;WZ08-06;Gewinnung von Erdöl und Erdgas;100,0;2020=100;VST018;Index der tariflichen Wochenarbeitszeit
62221;Vj. Index der Tarifverdienste und Arbeitszeiten;JAHR;Jahr;2021;DINSGF;Früheres Bundesgebiet / Neue Länder;DF;Früheres Bundesgebiet;WZ08C7;WZ2008 (ausgewählte Positionen): Tarifindex;WZ08-06;Gewinnung von Erdöl und Erdgas;101,8;2020=100;VST065;Index d.tarifl. Stundenverdienste ohne Sonderzahl.
62221;Vj. Index der Tarifverdienste und Arbeitszeiten;JAHR;Jahr;2018;DINSGF;Früheres Bundesgebiet / Neue Länder;DN;Neue Länder;WZ08C7;WZ2008 (ausgewählte Positionen): Tarifindex;WZ08-S;Erbringung von sonstigen Dienstleistungen;94,7;2020=100;VST072;Index d.tarifl. Stundenverdienste mit Sonderzahl.
62221;Vj. Index der Tarifverdienste und Arbeitszeiten;JAHR;Jahr;2018;DINSGF;Früheres Bundesgebiet / Neue Länder;DN;Neue Länder;WZ08C7;WZ2008 (ausgewählte Positionen): Tarifindex;WZ08-S;Erbringung von sonstigen Dienstleistungen;94,6;2020=100;VST073;Index d.tarifl. Monatsverdienste mit Sonderzahl.
62221;Vj. Index der Tarifverdienste und Arbeitszeiten;JAHR;Jahr;2018;DINSGF;Früheres Bundesgebiet / Neue Länder;DN;Neue Länder;WZ08C7;WZ2008 (ausgewählte Positionen): Tarifindex;WZ08-S;Erbringung von sonstigen Dienstleistungen;38,9;h;VST019;Durchschnittliche tarifliche Wochenarbeitszeit
62221;Vj. Index der Tarifverdienste und Arbeitszeiten;JAHR;Jahr;2018;DINSGF;Früheres Bundesgebiet / Neue Länder;DN;Neue Länder;WZ08C7;WZ2008 (ausgewählte Positionen): Tarifindex;WZ08-S;Erbringung von sonstigen Dienstleistungen;94,4;2020=100;VST066;Index d.tarifl. Monatsverdienste ohne Sonderzahl.
62221;Vj. Index der Tarifverdienste und Arbeitszeiten;JAHR;Jahr;2018;DINSGF;Früheres Bundesgebiet / Neue Länder;DN;Neue Länder;WZ08C7;WZ2008 (ausgewählte Positionen): Tarifindex;WZ08-S;Erbringung von sonstigen Dienstleistungen;100,1;2020=100;VST018;Index der tariflichen Wochenarbeitszeit
62221;Vj. Index der Tarifverdienste und Arbeitszeiten;JAHR;Jahr;2018;DINSGF;Früheres Bundesgebiet / Neue Länder;DN;Neue Länder;WZ08C7;WZ2008 (ausgewählte Positionen): Tarifindex;WZ08-S;Erbringung von sonstigen Dienstleistungen;94,4;2020=100;VST065;Index d.tarifl. Stundenverdienste ohne Sonderzahl.
62221;Vj. Index der Tarifverdienste und Arbeitszeiten;JAHR;Jahr;2023;DINSGF;Früheres Bundesgebiet / Neue Länder;DF;Früheres Bundesgebiet;WZ08C7;WZ2008 (ausgewählte Positionen): Tarifindex;WZ08-E;Wasserversorg.,Entsorg.,Beseitig.v.Umweltverschm.;107,2;2020=100;VST072;Index d.tarifl. Stundenverdienste mit Sonderzahl.
62221;Vj. Index der Tarifverdienste und Arbeitszeiten;JAHR;Jahr;2023;DINSGF;Früheres Bundesgebiet / Neue Länder;DF;Früheres Bundesgebiet;WZ08C7;WZ2008 (ausgewählte Positionen): Tarifindex;WZ08-E;Wasserversorg.,Entsorg.,Beseitig.v.Umweltverschm.;107,2;2020=100;VST073;Index d.tarifl. Monatsverdienste mit Sonderzahl.
62221;Vj. Index der Tarifverdienste und Arbeitszeiten;JAHR;Jahr;2023;DINSGF;Früheres Bundesgebiet / Neue Länder;DF;Früheres Bundesgebiet;WZ08C7;WZ2008 (ausgewählte Positionen): Tarifindex;WZ08-E;Wasserversorg.,Entsorg.,Beseitig.v.Umweltverschm.;38,9;h;VST019;Durchschnittliche tarifliche Wochenarbeitszeit
62221;Vj. Index der Tarifverdienste und Arbeitszeiten;JAHR;Jahr;2023;DINSGF;Früheres Bundesgebiet / Neue Länder;DF;Früheres Bundesgebiet;WZ08C7;WZ2008 (ausgewählte Positionen): Tarifindex;WZ08-E;Wasserversorg.,Entsorg.,Beseitig.v.Umweltverschm.;103,9;2020=100;VST066;Index d.tarifl. Monatsverdienste ohne Sonderzahl.
62221;Vj. Index der Tarifverdienste und Arbeitszeiten;JAHR;Jahr;2023;DINSGF;Früheres Bundesgebiet / Neue Länder;DF;Früheres Bundesgebiet;WZ08C7;WZ2008 (ausgewählte Positionen): Tarifindex;WZ08-E;Wasserversorg.,Entsorg.,Beseitig.v.Umweltverschm.;100,0;2020=100;VST018;Index der tariflichen Wochenarbeitszeit
62221;Vj. Index der Tarifverdienste und Arbeitszeiten;JAHR;Jahr;2023;DINSGF;Früheres Bundesgebiet / Neue Länder;DF;Früheres Bundesgebiet;WZ08C7;WZ2008 (ausgewählte Positionen): Tarifindex;WZ08-E;Wasserversorg.,Entsorg.,Beseitig.v.Umweltverschm.;103,9;2020=100;VST065;Index d.tarifl. Stundenverdienste ohne Sonderzahl.
62221;Vj. Index der Tarifverdienste und Arbeitszeiten;JAHR;Jahr;2022;DINSGF;Früheres Bundesgebiet / Neue Länder;DF;Früheres Bundesgebiet;WZ08C7;WZ2008 (ausgewählte Positionen): Tarifindex;WZ08-59;Film, TV-Programme, Kinos, Tonstudios, Musikverlag;103,0;2020=100;VST072;Index d.tarifl. Stundenverdienste mit Sonderzahl.
62221;Vj. Index der Tarifverdienste und Arbeitszeiten;JAHR;Jahr;2022;DINSGF;Früheres Bundesgebiet / Neue Länder;DF;Früheres Bundesgebiet;WZ08C7;WZ2008 (ausgewählte Positionen): Tarifindex;WZ08-59;Film, TV-Programme, Kinos, Tonstudios, Musikverlag;103,0;2020=100;VST073;Index d.tarifl. Monatsverdienste mit Sonderzahl.
62221;Vj. Index der Tarifverdienste und Arbeitszeiten;JAHR;Jahr;2022;DINSGF;Früheres Bundesgebiet / Neue Länder;DF;Früheres Bundesgebiet;WZ08C7;WZ2008 (ausgewählte Positionen): Tarifindex;WZ08-59;Film, TV-Programme, Kinos, Tonstudios, Musikverlag;39,0;h;VST019;Durchschnittliche tarifliche Wochenarbeitszeit
62221;Vj. Index der Tarifverdienste und Arbeitszeiten;JAHR;Jahr;2022;DINSGF;Früheres Bundesgebiet / Neue Länder;DF;Früheres Bundesgebiet;WZ08C7;WZ2008 (ausgewählte Positionen): Tarifindex;WZ08-59;Film, TV-Programme, Kinos, Tonstudios, Musikverlag;103,0;2020=100;VST066;Index d.tarifl. Monatsverdienste ohne Sonderzahl.
62221;Vj. Index der Tarifverdienste und Arbeitszeiten;JAHR;Jahr;2022;DINSGF;Früheres Bundesgebiet / Neue Länder;DF;Früheres Bundesgebiet;WZ08C7;WZ2008 (ausgewählte Positionen): Tarifindex;WZ08-59;Film, TV-Programme, Kinos, Tonstudios, Musikverlag;100,0;2020=100;VST018;Index der tariflichen Wochenarbeitszeit
62221;Vj. Index der Tarifverdienste und Arbeitszeiten;JAHR;Jahr;2022;DINSGF;Früheres Bundesgebiet / Neue Länder;DF;Früheres Bundesgebiet;WZ08C7;WZ2008 (ausgewählte Positionen): Tarifindex;WZ08-59;Film, TV-Programme, Kinos, Tonstudios, Musikverlag;103,0;2020=100;VST065;Index d.tarifl. Stundenverdienste ohne Sonderzahl.
62221;Vj. Index der Tarifverdienste und Arbeitszeiten;JAHR;Jahr;2017;DINSGF;Früheres Bundesgebiet / Neue Länder;DN;Neue Länder;WZ08C7;WZ2008 (ausgewählte Positionen): Tarifindex;WZ08-G-02;Dienstleistungsbereich;91,5;2020=100;VST072;Index d.tarifl. Stundenverdienste mit Sonderzahl.
62221;Vj. Index der Tarifverdienste und Arbeitszeiten;JAHR;Jahr;2017;DINSGF;Früheres Bundesgebiet / Neue Länder;DN;Neue Länder;WZ08C7;WZ2008 (ausgewählte Positionen): Tarifindex;WZ08-G-02;Dienstleistungsbereich;91,6;2020=100;VST073;Index d.tarifl. Monatsverdienste mit Sonderzahl.
62221;Vj. Index der Tarifverdienste und Arbeitszeiten;JAHR;Jahr;2017;DINSGF;Früheres Bundesgebiet / Neue Länder;DN;Neue Länder;WZ08C7;WZ2008 (ausgewählte Positionen): Tarifindex;WZ08-G-02;Dienstleistungsbereich;39,1;h;VST019;Durchschnittliche tarifliche Wochenarbeitszeit
62221;Vj. Index der Tarifverdienste und Arbeitszeiten;JAHR;Jahr;2017;DINSGF;Früheres Bundesgebiet / Neue Länder;DN;Neue Länder;WZ08C7;WZ2008 (ausgewählte Positionen): Tarifindex;WZ08-G-02;Dienstleistungsbereich;91,5;2020=100;VST066;Index d.tarifl. Monatsverdienste ohne Sonderzahl.
62221;Vj. Index der Tarifverdienste und Arbeitszeiten;JAHR;Jahr;2017;DINSGF;Früheres Bundesgebiet / Neue Länder;DN;Neue Länder;WZ08C7;WZ2008 (ausgewählte Positionen): Tarifindex;WZ08-G-02;Dienstleistungsbereich;100,1;2020=100;VST018;Index der tariflichen Wochenarbeitszeit
62221;Vj. Index der Tarifverdienste und Arbeitszeiten;JAHR;Jahr;2017;DINSGF;Früheres Bundesgebiet / Neue Länder;DN;Neue Länder;WZ08C7;WZ2008 (ausgewählte Positionen): Tarifindex;WZ08-G-02;Dienstleistungsbereich;91,5;2020=100;VST065;Index d.tarifl. Stundenverdienste ohne Sonderzahl.
62221;Vj. Index der Tarifverdienste und Arbeitszeiten;JAHR;Jahr;2025;DINSGF;Früheres Bundesgebiet / Neue Länder;DN;Neue Länder;WZ08C7;WZ2008 (ausgewählte Positionen): Tarifindex;WZ08-52-01;Lagerei und Kurierdienste;117,5;2020=100;VST072;Index d.tarifl. Stundenverdienste mit Sonderzahl.
62221;Vj. Index der Tarifverdienste und Arbeitszeiten;JAHR;Jahr;2025;DINSGF;Früheres Bundesgebiet / Neue Länder;DN;Neue Länder;WZ08C7;WZ2008 (ausgewählte Positionen): Tarifindex;WZ08-52-01;Lagerei und Kurierdienste;117,0;2020=100;VST073;Index d.tarifl. Monatsverdienste mit Sonderzahl.
62221;Vj. Index der Tarifverdienste und Arbeitszeiten;JAHR;Jahr;2025;DINSGF;Früheres Bundesgebiet / Neue Länder;DN;Neue Länder;WZ08C7;WZ2008 (ausgewählte Positionen): Tarifindex;WZ08-52-01;Lagerei und Kurierdienste;38,9;h;VST019;Durchschnittliche tarifliche Wochenarbeitszeit
62221;Vj. Index der Tarifverdienste und Arbeitszeiten;JAHR;Jahr;2025;DINSGF;Früheres Bundesgebiet / Neue Länder;DN;Neue Länder;WZ08C7;WZ2008 (ausgewählte Positionen): Tarifindex;WZ08-52-01;Lagerei und Kurierdienste;117,5;2020=100;VST066;Index d.tarifl. Monatsverdienste ohne Sonderzahl.
62221;Vj. Index der Tarifverdienste und Arbeitszeiten;JAHR;Jahr;2025;DINSGF;Früheres Bundesgebiet / Neue Länder;DN;Neue Länder;WZ08C7;WZ2008 (ausgewählte Positionen): Tarifindex;WZ08-52-01;Lagerei und Kurierdienste;99,6;2020=100;VST018;Index der tariflichen Wochenarbeitszeit
62221;Vj. Index der Tarifverdienste und Arbeitszeiten;JAHR;Jahr;2025;DINSGF;Früheres Bundesgebiet / Neue Länder;DN;Neue Länder;WZ08C7;WZ2008 (ausgewählte Positionen): Tarifindex;WZ08-52-01;Lagerei und Kurierdienste;118,0;2020=100;VST065;Index d.tarifl. Stundenverdienste ohne Sonderzahl.
62221;Vj. Index der Tarifverdienste und Arbeitszeiten;JAHR;Jahr;2019;DINSGF;Früheres Bundesgebiet / Neue Länder;DF;Früheres Bundesgebiet;WZ08C7;WZ2008 (ausgewählte Positionen): Tarifindex;WZ08-52;Lagerei, sonstige Dienstleistungen für den Verkehr;97,9;2020=100;VST072;Index d.tarifl. Stundenverdienste mit Sonderzahl.
62221;Vj. Index der Tarifverdienste und Arbeitszeiten;JAHR;Jahr;2019;DINSGF;Früheres Bundesgebiet / Neue Länder;DF;Früheres Bundesgebiet;WZ08C7;WZ2008 (ausgewählte Positionen): Tarifindex;WZ08-52;Lagerei, sonstige Dienstleistungen für den Verkehr;97,9;2020=100;VST073;Index d.tarifl. Monatsverdienste mit Sonderzahl.
62221;Vj. Index der Tarifverdienste und Arbeitszeiten;JAHR;Jahr;2019;DINSGF;Früheres Bundesgebiet / Neue Länder;DF;Früheres Bundesgebiet;WZ08C7;WZ2008 (ausgewählte Positionen): Tarifindex;WZ08-52;Lagerei, sonstige Dienstleistungen für den Verkehr;38,6;h;VST019;Durchschnittliche tarifliche Wochenarbeitszeit
62221;Vj. Index der Tarifverdienste und Arbeitszeiten;JAHR;Jahr;2019;DINSGF;Früheres Bundesgebiet / Neue Länder;DF;Früheres Bundesgebiet;WZ08C7;WZ2008 (ausgewählte Positionen): Tarifindex;WZ08-52;Lagerei, sonstige Dienstleistungen für den Verkehr;98,0;2020=100;VST066;Index d.tarifl. Monatsverdienste ohne Sonderzahl.
62221;Vj. Index der Tarifverdienste und Arbeitszeiten;JAHR;Jahr;2019;DINSGF;Früheres Bundesgebiet / Neue Länder;DF;Früheres Bundesgebiet;WZ08C7;WZ2008 (ausgewählte Positionen): Tarifindex;WZ08-52;Lagerei, sonstige Dienstleistungen für den Verkehr;100,0;2020=100;VST018;Index der tariflichen Wochenarbeitszeit
62221;Vj. Index der Tarifverdienste und Arbeitszeiten;JAHR;Jahr;2019;DINSGF;Früheres Bundesgebiet / Neue Länder;DF;Früheres Bundesgebiet;WZ08C7;WZ2008 (ausgewählte Positionen): Tarifindex;WZ08-52;Lagerei, sonstige Dienstleistungen für den Verkehr;98,0;2020=100;VST065;Index d.tarifl. Stundenverdienste ohne Sonderzahl.
62221;Vj. Index der Tarifverdienste und Arbeitszeiten;JAHR;Jahr;2023;DINSGF;Früheres Bundesgebiet / Neue Länder;DN;Neue Länder;WZ08C7;WZ2008 (ausgewählte Positionen): Tarifindex;WZ08-82;Dienstleistungen für Unternehmen u.Privatpers. ang;109,6;2020=100;VST072;Index d.tarifl. Stundenverdienste mit Sonderzahl.
62221;Vj. Index der Tarifverdienste und Arbeitszeiten;JAHR;Jahr;2023;DINSGF;Früheres Bundesgebiet / Neue Länder;DN;Neue Länder;WZ08C7;WZ2008 (ausgewählte Positionen): Tarifindex;WZ08-82;Dienstleistungen für Unternehmen u.Privatpers. ang;109,6;2020=100;VST073;Index d.tarifl. Monatsverdienste mit Sonderzahl.
62221;Vj. Index der Tarifverdienste und Arbeitszeiten;JAHR;Jahr;2023;DINSGF;Früheres Bundesgebiet / Neue Länder;DN;Neue Länder;WZ08C7;WZ2008 (ausgewählte Positionen): Tarifindex;WZ08-82;Dienstleistungen für Unternehmen u.Privatpers. ang;38,2;h;VST019;Durchschnittliche tarifliche Wochenarbeitszeit
62221;Vj. Index der Tarifverdienste und Arbeitszeiten;JAHR;Jahr;2023;DINSGF;Früheres Bundesgebiet / Neue Länder;DN;Neue Länder;WZ08C7;WZ2008 (ausgewählte Positionen): Tarifindex;WZ08-82;Dienstleistungen für Unternehmen u.Privatpers. ang;107,6;2020=100;VST066;Index d.tarifl. Monatsverdienste ohne Sonderzahl.
62221;Vj. Index der Tarifverdienste und Arbeitszeiten;JAHR;Jahr;2023;DINSGF;Früheres Bundesgebiet / Neue Länder;DN;Neue Länder;WZ08C7;WZ2008 (ausgewählte Positionen): Tarifindex;WZ08-82;Dienstleistungen für Unternehmen u.Privatpers. ang;100,0;2020=100;VST018;Index der tariflichen Wochenarbeitszeit
62221;Vj. Index der Tarifverdienste und Arbeitszeiten;JAHR;Jahr;2023;DINSGF;Früheres Bundesgebiet / Neue Länder;DN;Neue Länder;WZ08C7;WZ2008 (ausgewählte Positionen): Tarifindex;WZ08-82;Dienstleistungen für Unternehmen u.Privatpers. ang;107,6;2020=100;VST065;Index d.tarifl. Stundenverdienste ohne Sonderzahl.
62221;Vj. Index der Tarifverdienste und Arbeitszeiten;JAHR;Jahr;2023;DINSGF;Früheres Bundesgebiet / Neue Länder;DF;Früheres Bundesgebiet;WZ08C7;WZ2008 (ausgewählte Positionen): Tarifindex;WZ08-B;Bergbau und Gewinnung von Steinen und Erden;108,1;2020=100;VST072;Index d.tarifl. Stundenverdienste mit Sonderzahl.
62221;Vj. Index der Tarifverdienste und Arbeitszeiten;JAHR;Jahr;2023;DINSGF;Früheres Bundesgebiet / Neue Länder;DF;Früheres Bundesgebiet;WZ08C7;WZ2008 (ausgewählte Positionen): Tarifindex;WZ08-B;Bergbau und Gewinnung von Steinen und Erden;108,1;2020=100;VST073;Index d.tarifl. Monatsverdienste mit Sonderzahl.
62221;Vj. Index der Tarifverdienste und Arbeitszeiten;JAHR;Jahr;2023;DINSGF;Früheres Bundesgebiet / Neue Länder;DF;Früheres Bundesgebiet;WZ08C7;WZ2008 (ausgewählte Positionen): Tarifindex;WZ08-B;Bergbau und Gewinnung von Steinen und Erden;38,6;h;VST019;Durchschnittliche tarifliche Wochenarbeitszeit
62221;Vj. Index der Tarifverdienste und Arbeitszeiten;JAHR;Jahr;2023;DINSGF;Früheres Bundesgebiet / Neue Länder;DF;Früheres Bundesgebiet;WZ08C7;WZ2008 (ausgewählte Positionen): Tarifindex;WZ08-B;Bergbau und Gewinnung von Steinen und Erden;106,5;2020=100;VST066;Index d.tarifl. Monatsverdienste ohne Sonderzahl.
62221;Vj. Index der Tarifverdienste und Arbeitszeiten;JAHR;Jahr;2023;DINSGF;Früheres Bundesgebiet / Neue Länder;DF;Früheres Bundesgebiet;WZ08C7;WZ2008 (ausgewählte Positionen): Tarifindex;WZ08-B;Bergbau und Gewinnung von Steinen und Erden;100,0;2020=100;VST018;Index der tariflichen Wochenarbeitszeit
62221;Vj. Index der Tarifverdienste und Arbeitszeiten;JAHR;Jahr;2023;DINSGF;Früheres Bundesgebiet / Neue Länder;DF;Früheres Bundesgebiet;WZ08C7;WZ2008 (ausgewählte Positionen): Tarifindex;WZ08-B;Bergbau und Gewinnung von Steinen und Erden;106,6;2020=100;VST065;Index d.tarifl. Stundenverdienste ohne Sonderzahl.
62221;Vj. Index der Tarifverdienste und Arbeitszeiten;JAHR;Jahr;2017;DINSGF;Früheres Bundesgebiet / Neue Länder;DF;Früheres Bundesgebiet;WZ08C7;WZ2008 (ausgewählte Positionen): Tarifindex;WZ08-10-01;Ernährungsgewerbe und Tabakverarbeitung;93,1;2020=100;VST072;Index d.tarifl. Stundenverdienste mit Sonderzahl.
62221;Vj. Index der Tarifverdienste und Arbeitszeiten;JAHR;Jahr;2017;DINSGF;Früheres Bundesgebiet / Neue Länder;DF;Früheres Bundesgebiet;WZ08C7;WZ2008 (ausgewählte Positionen): Tarifindex;WZ08-10-01;Ernährungsgewerbe und Tabakverarbeitung;93,1;2020=100;VST073;Index d.tarifl. Monatsverdienste mit Sonderzahl.
62221;Vj. Index der Tarifverdienste und Arbeitszeiten;JAHR;Jahr;2017;DINSGF;Früheres Bundesgebiet / Neue Länder;DF;Früheres Bundesgebiet;WZ08C7;WZ2008 (ausgewählte Positionen): Tarifindex;WZ08-10-01;Ernährungsgewerbe und Tabakverarbeitung;38,3;h;VST019;Durchschnittliche tarifliche Wochenarbeitszeit
62221;Vj. Index der Tarifverdienste und Arbeitszeiten;JAHR;Jahr;2017;DINSGF;Früheres Bundesgebiet / Neue Länder;DF;Früheres Bundesgebiet;WZ08C7;WZ2008 (ausgewählte Positionen): Tarifindex;WZ08-10-01;Ernährungsgewerbe und Tabakverarbeitung;93,1;2020=100;VST066;Index d.tarifl. Monatsverdienste ohne Sonderzahl.
62221;Vj. Index der Tarifverdienste und Arbeitszeiten;JAHR;Jahr;2017;DINSGF;Früheres Bundesgebiet / Neue Länder;DF;Früheres Bundesgebiet;WZ08C7;WZ2008 (ausgewählte Positionen): Tarifindex;WZ08-10-01;Ernährungsgewerbe und Tabakverarbeitung;100,0;2020=100;VST018;Index der tariflichen Wochenarbeitszeit
62221;Vj. Index der Tarifverdienste und Arbeitszeiten;JAHR;Jahr;2017;DINSGF;Früheres Bundesgebiet / Neue Länder;DF;Früheres Bundesgebiet;WZ08C7;WZ2008 (ausgewählte Positionen): Tarifindex;WZ08-10-01;Ernährungsgewerbe und Tabakverarbeitung;93,1;2020=100;VST065;Index d.tarifl. Stundenverdienste ohne Sonderzahl.
62221;Vj. Index der Tarifverdienste und Arbeitszeiten;JAHR;Jahr;2016;DINSGF;Früheres Bundesgebiet / Neue Länder;DN;Neue Länder;WZ08C7;WZ2008 (ausgewählte Positionen): Tarifindex;WZ08-36;Wasserversorgung;89,9;2020=100;VST072;Index d.tarifl. Stundenverdienste mit Sonderzahl.
62221;Vj. Index der Tarifverdienste und Arbeitszeiten;JAHR;Jahr;2016;DINSGF;Früheres Bundesgebiet / Neue Länder;DN;Neue Länder;WZ08C7;WZ2008 (ausgewählte Positionen): Tarifindex;WZ08-36;Wasserversorgung;89,9;2020=100;VST073;Index d.tarifl. Monatsverdienste mit Sonderzahl.
62221;Vj. Index der Tarifverdienste und Arbeitszeiten;JAHR;Jahr;2016;DINSGF;Früheres Bundesgebiet / Neue Länder;DN;Neue Länder;WZ08C7;WZ2008 (ausgewählte Positionen): Tarifindex;WZ08-36;Wasserversorgung;39,0;h;VST019;Durchschnittliche tarifliche Wochenarbeitszeit
62221;Vj. Index der Tarifverdienste und Arbeitszeiten;JAHR;Jahr;2016;DINSGF;Früheres Bundesgebiet / Neue Länder;DN;Neue Länder;WZ08C7;WZ2008 (ausgewählte Positionen): Tarifindex;WZ08-36;Wasserversorgung;89,7;2020=100;VST066;Index d.tarifl. Monatsverdienste ohne Sonderzahl.
62221;Vj. Index der Tarifverdienste und Arbeitszeiten;JAHR;Jahr;2016;DINSGF;Früheres Bundesgebiet / Neue Länder;DN;Neue Länder;WZ08C7;WZ2008 (ausgewählte Positionen): Tarifindex;WZ08-36;Wasserversorgung;100,0;2020=100;VST018;Index der tariflichen Wochenarbeitszeit
62221;Vj. Index der Tarifverdienste und Arbeitszeiten;JAHR;Jahr;2016;DINSGF;Früheres Bundesgebiet / Neue Länder;DN;Neue Länder;WZ08C7;WZ2008 (ausgewählte Positionen): Tarifindex;WZ08-36;Wasserversorgung;89,7;2020=100;VST065;Index d.tarifl. Stundenverdienste ohne Sonderzahl.
62221;Vj. Index der Tarifverdienste und Arbeitszeiten;JAHR;Jahr;2022;DINSGF;Früheres Bundesgebiet / Neue Länder;DF;Früheres Bundesgebiet;WZ08C7;WZ2008 (ausgewählte Positionen): Tarifindex;WZ-X002;Investitionsgüterproduzenten;101,6;2020=100;VST072;Index d.tarifl. Stundenverdienste mit Sonderzahl.
62221;Vj. Index der Tarifverdienste und Arbeitszeiten;JAHR;Jahr;2022;DINSGF;Früheres Bundesgebiet / Neue Länder;DF;Früheres Bundesgebiet;WZ08C7;WZ2008 (ausgewählte Positionen): Tarifindex;WZ-X002;Investitionsgüterproduzenten;101,7;2020=100;VST073;Index d.tarifl. Monatsverdienste mit Sonderzahl.
62221;Vj. Index der Tarifverdienste und Arbeitszeiten;JAHR;Jahr;2022;DINSGF;Früheres Bundesgebiet / Neue Länder;DF;Früheres Bundesgebiet;WZ08C7;WZ2008 (ausgewählte Positionen): Tarifindex;WZ-X002;Investitionsgüterproduzenten;35,2;h;VST019;Durchschnittliche tarifliche Wochenarbeitszeit
62221;Vj. Index der Tarifverdienste und Arbeitszeiten;JAHR;Jahr;2022;DINSGF;Früheres Bundesgebiet / Neue Länder;DF;Früheres Bundesgebiet;WZ08C7;WZ2008 (ausgewählte Positionen): Tarifindex;WZ-X002;Investitionsgüterproduzenten;100,4;2020=100;VST066;Index d.tarifl. Monatsverdienste ohne Sonderzahl.
62221;Vj. Index der Tarifverdienste und Arbeitszeiten;JAHR;Jahr;2022;DINSGF;Früheres Bundesgebiet / Neue Länder;DF;Früheres Bundesgebiet;WZ08C7;WZ2008 (ausgewählte Positionen): Tarifindex;WZ-X002;Investitionsgüterproduzenten;100,0;2020=100;VST018;Index der tariflichen Wochenarbeitszeit
62221;Vj. Index der Tarifverdienste und Arbeitszeiten;JAHR;Jahr;2022;DINSGF;Früheres Bundesgebiet / Neue Länder;DF;Früheres Bundesgebiet;WZ08C7;WZ2008 (ausgewählte Positionen): Tarifindex;WZ-X002;Investitionsgüterproduzenten;100,4;2020=100;VST065;Index d.tarifl. Stundenverdienste ohne Sonderzahl.
62221;Vj. Index der Tarifverdienste und Arbeitszeiten;JAHR;Jahr;2022;DINSGF;Früheres Bundesgebiet / Neue Länder;DN;Neue Länder;WZ08C7;WZ2008 (ausgewählte Positionen): Tarifindex;WZ08-11;Getränkeherstellung;104,2;2020=100;VST072;Index d.tarifl. Stundenverdienste mit Sonderzahl.
62221;Vj. Index der Tarifverdienste und Arbeitszeiten;JAHR;Jahr;2022;DINSGF;Früheres Bundesgebiet / Neue Länder;DN;Neue Länder;WZ08C7;WZ2008 (ausgewählte Positionen): Tarifindex;WZ08-11;Getränkeherstellung;104,2;2020=100;VST073;Index d.tarifl. Monatsverdienste mit Sonderzahl.
62221;Vj. Index der Tarifverdienste und Arbeitszeiten;JAHR;Jahr;2022;DINSGF;Früheres Bundesgebiet / Neue Länder;DN;Neue Länder;WZ08C7;WZ2008 (ausgewählte Positionen): Tarifindex;WZ08-11;Getränkeherstellung;39,0;h;VST019;Durchschnittliche tarifliche Wochenarbeitszeit
62221;Vj. Index der Tarifverdienste und Arbeitszeiten;JAHR;Jahr;2022;DINSGF;Früheres Bundesgebiet / Neue Länder;DN;Neue Länder;WZ08C7;WZ2008 (ausgewählte Positionen): Tarifindex;WZ08-11;Getränkeherstellung;104,5;2020=100;VST066;Index d.tarifl. Monatsverdienste ohne Sonderzahl.
62221;Vj. Index der Tarifverdienste und Arbeitszeiten;JAHR;Jahr;2022;DINSGF;Früheres Bundesgebiet / Neue Länder;DN;Neue Länder;WZ08C7;WZ2008 (ausgewählte Positionen): Tarifindex;WZ08-11;Getränkeherstellung;100,0;2020=100;VST018;Index der tariflichen Wochenarbeitszeit
62221;Vj. Index der Tarifverdienste und Arbeitszeiten;JAHR;Jahr;2022;DINSGF;Früheres Bundesgebiet / Neue Länder;DN;Neue Länder;WZ08C7;WZ2008 (ausgewählte Positionen): Tarifindex;WZ08-11;Getränkeherstellung;104,5;2020=100;VST065;Index d.tarifl. Stundenverdienste ohne Sonderzahl.
62221;Vj. Index der Tarifverdienste und Arbeitszeiten;JAHR;Jahr;2018;DINSGF;Früheres Bundesgebiet / Neue Länder;DF;Früheres Bundesgebiet;WZ08C7;WZ2008 (ausgewählte Positionen): Tarifindex;WZ08-78;Vermittlung und Überlassung von Arbeitskräften;94,2;2020=100;VST072;Index d.tarifl. Stundenverdienste mit Sonderzahl.
62221;Vj. Index der Tarifverdienste und Arbeitszeiten;JAHR;Jahr;2018;DINSGF;Früheres Bundesgebiet / Neue Länder;DF;Früheres Bundesgebiet;WZ08C7;WZ2008 (ausgewählte Positionen): Tarifindex;WZ08-78;Vermittlung und Überlassung von Arbeitskräften;94,2;2020=100;VST073;Index d.tarifl. Monatsverdienste mit Sonderzahl.
62221;Vj. Index der Tarifverdienste und Arbeitszeiten;JAHR;Jahr;2018;DINSGF;Früheres Bundesgebiet / Neue Länder;DF;Früheres Bundesgebiet;WZ08C7;WZ2008 (ausgewählte Positionen): Tarifindex;WZ08-78;Vermittlung und Überlassung von Arbeitskräften;35,1;h;VST019;Durchschnittliche tarifliche Wochenarbeitszeit
62221;Vj. Index der Tarifverdienste und Arbeitszeiten;JAHR;Jahr;2018;DINSGF;Früheres Bundesgebiet / Neue Länder;DF;Früheres Bundesgebiet;WZ08C7;WZ2008 (ausgewählte Positionen): Tarifindex;WZ08-78;Vermittlung und Überlassung von Arbeitskräften;94,3;2020=100;VST066;Index d.tarifl. Monatsverdienste ohne Sonderzahl.
62221;Vj. Index der Tarifverdienste und Arbeitszeiten;JAHR;Jahr;2018;DINSGF;Früheres Bundesgebiet / Neue Länder;DF;Früheres Bundesgebiet;WZ08C7;WZ2008 (ausgewählte Positionen): Tarifindex;WZ08-78;Vermittlung und Überlassung von Arbeitskräften;100,0;2020=100;VST018;Index der tariflichen Wochenarbeitszeit
62221;Vj. Index der Tarifverdienste und Arbeitszeiten;JAHR;Jahr;2018;DINSGF;Früheres Bundesgebiet / Neue Länder;DF;Früheres Bundesgebiet;WZ08C7;WZ2008 (ausgewählte Positionen): Tarifindex;WZ08-78;Vermittlung und Überlassung von Arbeitskräften;94,3;2020=100;VST065;Index d.tarifl. Stundenverdienste ohne Sonderzahl.
62221;Vj. Index der Tarifverdienste und Arbeitszeiten;JAHR;Jahr;2019;DINSGF;Früheres Bundesgebiet / Neue Länder;DF;Früheres Bundesgebiet;WZ08C7;WZ2008 (ausgewählte Positionen): Tarifindex;WZ08-28;Maschinenbau;100,0;2020=100;VST072;Index d.tarifl. Stundenverdienste mit Sonderzahl.
62221;Vj. Index der Tarifverdienste und Arbeitszeiten;JAHR;Jahr;2019;DINSGF;Früheres Bundesgebiet / Neue Länder;DF;Früheres Bundesgebiet;WZ08C7;WZ2008 (ausgewählte Positionen): Tarifindex;WZ08-28;Maschinenbau;100,0;2020=100;VST073;Index d.tarifl. Monatsverdienste mit Sonderzahl.
62221;Vj. Index der Tarifverdienste und Arbeitszeiten;JAHR;Jahr;2019;DINSGF;Früheres Bundesgebiet / Neue Länder;DF;Früheres Bundesgebiet;WZ08C7;WZ2008 (ausgewählte Positionen): Tarifindex;WZ08-28;Maschinenbau;35,2;h;VST019;Durchschnittliche tarifliche Wochenarbeitszeit
62221;Vj. Index der Tarifverdienste und Arbeitszeiten;JAHR;Jahr;2019;DINSGF;Früheres Bundesgebiet / Neue Länder;DF;Früheres Bundesgebiet;WZ08C7;WZ2008 (ausgewählte Positionen): Tarifindex;WZ08-28;Maschinenbau;99,9;2020=100;VST066;Index d.tarifl. Monatsverdienste ohne Sonderzahl.
62221;Vj. Index der Tarifverdienste und Arbeitszeiten;JAHR;Jahr;2019;DINSGF;Früheres Bundesgebiet / Neue Länder;DF;Früheres Bundesgebiet;WZ08C7;WZ2008 (ausgewählte Positionen): Tarifindex;WZ08-28;Maschinenbau;100,0;2020=100;VST018;Index der tariflichen Wochenarbeitszeit
62221;Vj. Index der Tarifverdienste und Arbeitszeiten;JAHR;Jahr;2019;DINSGF;Früheres Bundesgebiet / Neue Länder;DF;Früheres Bundesgebiet;WZ08C7;WZ2008 (ausgewählte Positionen): Tarifindex;WZ08-28;Maschinenbau;99,9;2020=100;VST065;Index d.tarifl. Stundenverdienste ohne Sonderzahl.
62221;Vj. Index der Tarifverdienste und Arbeitszeiten;JAHR;Jahr;2023;DINSGF;Früheres Bundesgebiet / Neue Länder;DN;Neue Länder;WZ08C7;WZ2008 (ausgewählte Positionen): Tarifindex;WZ08-85;Erziehung und Unterricht;105,3;2020=100;VST072;Index d.tarifl. Stundenverdienste mit Sonderzahl.
62221;Vj. Index der Tarifverdienste und Arbeitszeiten;JAHR;Jahr;2023;DINSGF;Früheres Bundesgebiet / Neue Länder;DN;Neue Länder;WZ08C7;WZ2008 (ausgewählte Positionen): Tarifindex;WZ08-85;Erziehung und Unterricht;105,3;2020=100;VST073;Index d.tarifl. Monatsverdienste mit Sonderzahl.
62221;Vj. Index der Tarifverdienste und Arbeitszeiten;JAHR;Jahr;2023;DINSGF;Früheres Bundesgebiet / Neue Länder;DN;Neue Länder;WZ08C7;WZ2008 (ausgewählte Positionen): Tarifindex;WZ08-85;Erziehung und Unterricht;39,7;h;VST019;Durchschnittliche tarifliche Wochenarbeitszeit
62221;Vj. Index der Tarifverdienste und Arbeitszeiten;JAHR;Jahr;2023;DINSGF;Früheres Bundesgebiet / Neue Länder;DN;Neue Länder;WZ08C7;WZ2008 (ausgewählte Positionen): Tarifindex;WZ08-85;Erziehung und Unterricht;104,4;2020=100;VST066;Index d.tarifl. Monatsverdienste ohne Sonderzahl.
62221;Vj. Index der Tarifverdienste und Arbeitszeiten;JAHR;Jahr;2023;DINSGF;Früheres Bundesgebiet / Neue Länder;DN;Neue Länder;WZ08C7;WZ2008 (ausgewählte Positionen): Tarifindex;WZ08-85;Erziehung und Unterricht;100,0;2020=100;VST018;Index der tariflichen Wochenarbeitszeit
62221;Vj. Index der Tarifverdienste und Arbeitszeiten;JAHR;Jahr;2023;DINSGF;Früheres Bundesgebiet / Neue Länder;DN;Neue Länder;WZ08C7;WZ2008 (ausgewählte Positionen): Tarifindex;WZ08-85;Erziehung und Unterricht;104,4;2020=100;VST065;Index d.tarifl. Stundenverdienste ohne Sonderzahl.
62221;Vj. Index der Tarifverdienste und Arbeitszeiten;JAHR;Jahr;2025;DINSGF;Früheres Bundesgebiet / Neue Länder;DF;Früheres Bundesgebiet;WZ08C7;WZ2008 (ausgewählte Positionen): Tarifindex;WZ08-51;Luftfahrt;124,9;2020=100;VST072;Index d.tarifl. Stundenverdienste mit Sonderzahl.
62221;Vj. Index der Tarifverdienste und Arbeitszeiten;JAHR;Jahr;2025;DINSGF;Früheres Bundesgebiet / Neue Länder;DF;Früheres Bundesgebiet;WZ08C7;WZ2008 (ausgewählte Positionen): Tarifindex;WZ08-51;Luftfahrt;124,2;2020=100;VST073;Index d.tarifl. Monatsverdienste mit Sonderzahl.
62221;Vj. Index der Tarifverdienste und Arbeitszeiten;JAHR;Jahr;2025;DINSGF;Früheres Bundesgebiet / Neue Länder;DF;Früheres Bundesgebiet;WZ08C7;WZ2008 (ausgewählte Positionen): Tarifindex;WZ08-51;Luftfahrt;40,8;h;VST019;Durchschnittliche tarifliche Wochenarbeitszeit
62221;Vj. Index der Tarifverdienste und Arbeitszeiten;JAHR;Jahr;2025;DINSGF;Früheres Bundesgebiet / Neue Länder;DF;Früheres Bundesgebiet;WZ08C7;WZ2008 (ausgewählte Positionen): Tarifindex;WZ08-51;Luftfahrt;121,8;2020=100;VST066;Index d.tarifl. Monatsverdienste ohne Sonderzahl.
62221;Vj. Index der Tarifverdienste und Arbeitszeiten;JAHR;Jahr;2025;DINSGF;Früheres Bundesgebiet / Neue Länder;DF;Früheres Bundesgebiet;WZ08C7;WZ2008 (ausgewählte Positionen): Tarifindex;WZ08-51;Luftfahrt;99,4;2020=100;VST018;Index der tariflichen Wochenarbeitszeit
62221;Vj. Index der Tarifverdienste und Arbeitszeiten;JAHR;Jahr;2025;DINSGF;Früheres Bundesgebiet / Neue Länder;DF;Früheres Bundesgebiet;WZ08C7;WZ2008 (ausgewählte Positionen): Tarifindex;WZ08-51;Luftfahrt;122,4;2020=100;VST065;Index d.tarifl. Stundenverdienste ohne Sonderzahl.
62221;Vj. Index der Tarifverdienste und Arbeitszeiten;JAHR;Jahr;2018;DINSGF;Früheres Bundesgebiet / Neue Länder;DF;Früheres Bundesgebiet;WZ08C7;WZ2008 (ausgewählte Positionen): Tarifindex;WZ08-81;Gebäudebetreuung, Garten- und Landschaftsbau;95,6;2020=100;VST072;Index d.tarifl. Stundenverdienste mit Sonderzahl.
62221;Vj. Index der Tarifverdienste und Arbeitszeiten;JAHR;Jahr;2018;DINSGF;Früheres Bundesgebiet / Neue Länder;DF;Früheres Bundesgebiet;WZ08C7;WZ2008 (ausgewählte Positionen): Tarifindex;WZ08-81;Gebäudebetreuung, Garten- und Landschaftsbau;95,6;2020=100;VST073;Index d.tarifl. Monatsverdienste mit Sonderzahl.
62221;Vj. Index der Tarifverdienste und Arbeitszeiten;JAHR;Jahr;2018;DINSGF;Früheres Bundesgebiet / Neue Länder;DF;Früheres Bundesgebiet;WZ08C7;WZ2008 (ausgewählte Positionen): Tarifindex;WZ08-81;Gebäudebetreuung, Garten- und Landschaftsbau;38,9;h;VST019;Durchschnittliche tarifliche Wochenarbeitszeit
62221;Vj. Index der Tarifverdienste und Arbeitszeiten;JAHR;Jahr;2018;DINSGF;Früheres Bundesgebiet / Neue Länder;DF;Früheres Bundesgebiet;WZ08C7;WZ2008 (ausgewählte Positionen): Tarifindex;WZ08-81;Gebäudebetreuung, Garten- und Landschaftsbau;95,3;2020=100;VST066;Index d.tarifl. Monatsverdienste ohne Sonderzahl.
62221;Vj. Index der Tarifverdienste und Arbeitszeiten;JAHR;Jahr;2018;DINSGF;Früheres Bundesgebiet / Neue Länder;DF;Früheres Bundesgebiet;WZ08C7;WZ2008 (ausgewählte Positionen): Tarifindex;WZ08-81;Gebäudebetreuung, Garten- und Landschaftsbau;100,0;2020=100;VST018;Index der tariflichen Wochenarbeitszeit
62221;Vj. Index der Tarifverdienste und Arbeitszeiten;JAHR;Jahr;2018;DINSGF;Früheres Bundesgebiet / Neue Länder;DF;Früheres Bundesgebiet;WZ08C7;WZ2008 (ausgewählte Positionen): Tarifindex;WZ08-81;Gebäudebetreuung, Garten- und Landschaftsbau;95,3;2020=100;VST065;Index d.tarifl. Stundenverdienste ohne Sonderzahl.
62221;Vj. Index der Tarifverdienste und Arbeitszeiten;JAHR;Jahr;2016;DINSGF;Früheres Bundesgebiet / Neue Länder;DN;Neue Länder;WZ08C7;WZ2008 (ausgewählte Positionen): Tarifindex;WZ08-18;H.v. Druckerz., Vervielf.v.Ton-,Bild-,Datenträgern;94,3;2020=100;VST072;Index d.tarifl. Stundenverdienste mit Sonderzahl.
62221;Vj. Index der Tarifverdienste und Arbeitszeiten;JAHR;Jahr;2016;DINSGF;Früheres Bundesgebiet / Neue Länder;DN;Neue Länder;WZ08C7;WZ2008 (ausgewählte Positionen): Tarifindex;WZ08-18;H.v. Druckerz., Vervielf.v.Ton-,Bild-,Datenträgern;94,3;2020=100;VST073;Index d.tarifl. Monatsverdienste mit Sonderzahl.
62221;Vj. Index der Tarifverdienste und Arbeitszeiten;JAHR;Jahr;2016;DINSGF;Früheres Bundesgebiet / Neue Länder;DN;Neue Länder;WZ08C7;WZ2008 (ausgewählte Positionen): Tarifindex;WZ08-18;H.v. Druckerz., Vervielf.v.Ton-,Bild-,Datenträgern;38,0;h;VST019;Durchschnittliche tarifliche Wochenarbeitszeit
62221;Vj. Index der Tarifverdienste und Arbeitszeiten;JAHR;Jahr;2016;DINSGF;Früheres Bundesgebiet / Neue Länder;DN;Neue Länder;WZ08C7;WZ2008 (ausgewählte Positionen): Tarifindex;WZ08-18;H.v. Druckerz., Vervielf.v.Ton-,Bild-,Datenträgern;94,2;2020=100;VST066;Index d.tarifl. Monatsverdienste ohne Sonderzahl.
62221;Vj. Index der Tarifverdienste und Arbeitszeiten;JAHR;Jahr;2016;DINSGF;Früheres Bundesgebiet / Neue Länder;DN;Neue Länder;WZ08C7;WZ2008 (ausgewählte Positionen): Tarifindex;WZ08-18;H.v. Druckerz., Vervielf.v.Ton-,Bild-,Datenträgern;100,0;2020=100;VST018;Index der tariflichen Wochenarbeitszeit
62221;Vj. Index der Tarifverdienste und Arbeitszeiten;JAHR;Jahr;2016;DINSGF;Früheres Bundesgebiet / Neue Länder;DN;Neue Länder;WZ08C7;WZ2008 (ausgewählte Positionen): Tarifindex;WZ08-18;H.v. Druckerz., Vervielf.v.Ton-,Bild-,Datenträgern;94,2;2020=100;VST065;Index d.tarifl. Stundenverdienste ohne Sonderzahl.
62221;Vj. Index der Tarifverdienste und Arbeitszeiten;JAHR;Jahr;2024;DINSGF;Früheres Bundesgebiet / Neue Länder;DN;Neue Länder;WZ08C7;WZ2008 (ausgewählte Positionen): Tarifindex;WZ08-B-05;Produzierendes Gewerbe;114,7;2020=100;VST072;Index d.tarifl. Stundenverdienste mit Sonderzahl.
62221;Vj. Index der Tarifverdienste und Arbeitszeiten;JAHR;Jahr;2024;DINSGF;Früheres Bundesgebiet / Neue Länder;DN;Neue Länder;WZ08C7;WZ2008 (ausgewählte Positionen): Tarifindex;WZ08-B-05;Produzierendes Gewerbe;114,3;2020=100;VST073;Index d.tarifl. Monatsverdienste mit Sonderzahl.
62221;Vj. Index der Tarifverdienste und Arbeitszeiten;JAHR;Jahr;2024;DINSGF;Früheres Bundesgebiet / Neue Länder;DN;Neue Länder;WZ08C7;WZ2008 (ausgewählte Positionen): Tarifindex;WZ08-B-05;Produzierendes Gewerbe;38,5;h;VST019;Durchschnittliche tarifliche Wochenarbeitszeit
62221;Vj. Index der Tarifverdienste und Arbeitszeiten;JAHR;Jahr;2024;DINSGF;Früheres Bundesgebiet / Neue Länder;DN;Neue Länder;WZ08C7;WZ2008 (ausgewählte Positionen): Tarifindex;WZ08-B-05;Produzierendes Gewerbe;111,0;2020=100;VST066;Index d.tarifl. Monatsverdienste ohne Sonderzahl.
62221;Vj. Index der Tarifverdienste und Arbeitszeiten;JAHR;Jahr;2024;DINSGF;Früheres Bundesgebiet / Neue Länder;DN;Neue Länder;WZ08C7;WZ2008 (ausgewählte Positionen): Tarifindex;WZ08-B-05;Produzierendes Gewerbe;99,7;2020=100;VST018;Index der tariflichen Wochenarbeitszeit
62221;Vj. Index der Tarifverdienste und Arbeitszeiten;JAHR;Jahr;2024;DINSGF;Früheres Bundesgebiet / Neue Länder;DN;Neue Länder;WZ08C7;WZ2008 (ausgewählte Positionen): Tarifindex;WZ08-B-05;Produzierendes Gewerbe;111,5;2020=100;VST065;Index d.tarifl. Stundenverdienste ohne Sonderzahl.
62221;Vj. Index der Tarifverdienste und Arbeitszeiten;JAHR;Jahr;2022;DINSGF;Früheres Bundesgebiet / Neue Länder;DN;Neue Länder;WZ08C7;WZ2008 (ausgewählte Positionen): Tarifindex;WZ08-32;Herstellung von sonstigen Waren;103,0;2020=100;VST072;Index d.tarifl. Stundenverdienste mit Sonderzahl.
62221;Vj. Index der Tarifverdienste und Arbeitszeiten;JAHR;Jahr;2022;DINSGF;Früheres Bundesgebiet / Neue Länder;DN;Neue Länder;WZ08C7;WZ2008 (ausgewählte Positionen): Tarifindex;WZ08-32;Herstellung von sonstigen Waren;103,0;2020=100;VST073;Index d.tarifl. Monatsverdienste mit Sonderzahl.
62221;Vj. Index der Tarifverdienste und Arbeitszeiten;JAHR;Jahr;2022;DINSGF;Früheres Bundesgebiet / Neue Länder;DN;Neue Länder;WZ08C7;WZ2008 (ausgewählte Positionen): Tarifindex;WZ08-32;Herstellung von sonstigen Waren;38,0;h;VST019;Durchschnittliche tarifliche Wochenarbeitszeit
62221;Vj. Index der Tarifverdienste und Arbeitszeiten;JAHR;Jahr;2022;DINSGF;Früheres Bundesgebiet / Neue Länder;DN;Neue Länder;WZ08C7;WZ2008 (ausgewählte Positionen): Tarifindex;WZ08-32;Herstellung von sonstigen Waren;101,9;2020=100;VST066;Index d.tarifl. Monatsverdienste ohne Sonderzahl.
62221;Vj. Index der Tarifverdienste und Arbeitszeiten;JAHR;Jahr;2022;DINSGF;Früheres Bundesgebiet / Neue Länder;DN;Neue Länder;WZ08C7;WZ2008 (ausgewählte Positionen): Tarifindex;WZ08-32;Herstellung von sonstigen Waren;100,0;2020=100;VST018;Index der tariflichen Wochenarbeitszeit
62221;Vj. Index der Tarifverdienste und Arbeitszeiten;JAHR;Jahr;2022;DINSGF;Früheres Bundesgebiet / Neue Länder;DN;Neue Länder;WZ08C7;WZ2008 (ausgewählte Positionen): Tarifindex;WZ08-32;Herstellung von sonstigen Waren;101,9;2020=100;VST065;Index d.tarifl. Stundenverdienste ohne Sonderzahl.
62221;Vj. Index der Tarifverdienste und Arbeitszeiten;JAHR;Jahr;2020;DINSGF;Früheres Bundesgebiet / Neue Länder;DF;Früheres Bundesgebiet;WZ08C7;WZ2008 (ausgewählte Positionen): Tarifindex;WZ08-69-02;Rechts- und Steuerberatung, Unternehmensberatung;100,0;2020=100;VST072;Index d.tarifl. Stundenverdienste mit Sonderzahl.
62221;Vj. Index der Tarifverdienste und Arbeitszeiten;JAHR;Jahr;2020;DINSGF;Früheres Bundesgebiet / Neue Länder;DF;Früheres Bundesgebiet;WZ08C7;WZ2008 (ausgewählte Positionen): Tarifindex;WZ08-69-02;Rechts- und Steuerberatung, Unternehmensberatung;100,0;2020=100;VST073;Index d.tarifl. Monatsverdienste mit Sonderzahl.
62221;Vj. Index der Tarifverdienste und Arbeitszeiten;JAHR;Jahr;2020;DINSGF;Früheres Bundesgebiet / Neue Länder;DF;Früheres Bundesgebiet;WZ08C7;WZ2008 (ausgewählte Positionen): Tarifindex;WZ08-69-02;Rechts- und Steuerberatung, Unternehmensberatung;37,5;h;VST019;Durchschnittliche tarifliche Wochenarbeitszeit
62221;Vj. Index der Tarifverdienste und Arbeitszeiten;JAHR;Jahr;2020;DINSGF;Früheres Bundesgebiet / Neue Länder;DF;Früheres Bundesgebiet;WZ08C7;WZ2008 (ausgewählte Positionen): Tarifindex;WZ08-69-02;Rechts- und Steuerberatung, Unternehmensberatung;100,0;2020=100;VST066;Index d.tarifl. Monatsverdienste ohne Sonderzahl.
62221;Vj. Index der Tarifverdienste und Arbeitszeiten;JAHR;Jahr;2020;DINSGF;Früheres Bundesgebiet / Neue Länder;DF;Früheres Bundesgebiet;WZ08C7;WZ2008 (ausgewählte Positionen): Tarifindex;WZ08-69-02;Rechts- und Steuerberatung, Unternehmensberatung;100,0;2020=100;VST018;Index der tariflichen Wochenarbeitszeit
62221;Vj. Index der Tarifverdienste und Arbeitszeiten;JAHR;Jahr;2020;DINSGF;Früheres Bundesgebiet / Neue Länder;DF;Früheres Bundesgebiet;WZ08C7;WZ2008 (ausgewählte Positionen): Tarifindex;WZ08-69-02;Rechts- und Steuerberatung, Unternehmensberatung;100,0;2020=100;VST065;Index d.tarifl. Stundenverdienste ohne Sonderzahl.
62221;Vj. Index der Tarifverdienste und Arbeitszeiten;JAHR;Jahr;2020;DINSGF;Früheres Bundesgebiet / Neue Länder;DN;Neue Länder;WZ08C7;WZ2008 (ausgewählte Positionen): Tarifindex;WZ08-493;Sonstige Personenbeförderung im Landverkehr;100,0;2020=100;VST072;Index d.tarifl. Stundenverdienste mit Sonderzahl.
62221;Vj. Index der Tarifverdienste und Arbeitszeiten;JAHR;Jahr;2020;DINSGF;Früheres Bundesgebiet / Neue Länder;DN;Neue Länder;WZ08C7;WZ2008 (ausgewählte Positionen): Tarifindex;WZ08-493;Sonstige Personenbeförderung im Landverkehr;100,0;2020=100;VST073;Index d.tarifl. Monatsverdienste mit Sonderzahl.
62221;Vj. Index der Tarifverdienste und Arbeitszeiten;JAHR;Jahr;2020;DINSGF;Früheres Bundesgebiet / Neue Länder;DN;Neue Länder;WZ08C7;WZ2008 (ausgewählte Positionen): Tarifindex;WZ08-493;Sonstige Personenbeförderung im Landverkehr;39,2;h;VST019;Durchschnittliche tarifliche Wochenarbeitszeit
62221;Vj. Index der Tarifverdienste und Arbeitszeiten;JAHR;Jahr;2020;DINSGF;Früheres Bundesgebiet / Neue Länder;DN;Neue Länder;WZ08C7;WZ2008 (ausgewählte Positionen): Tarifindex;WZ08-493;Sonstige Personenbeförderung im Landverkehr;100,0;2020=100;VST066;Index d.tarifl. Monatsverdienste ohne Sonderzahl.
62221;Vj. Index der Tarifverdienste und Arbeitszeiten;JAHR;Jahr;2020;DINSGF;Früheres Bundesgebiet / Neue Länder;DN;Neue Länder;WZ08C7;WZ2008 (ausgewählte Positionen): Tarifindex;WZ08-493;Sonstige Personenbeförderung im Landverkehr;100,0;2020=100;VST018;Index der tariflichen Wochenarbeitszeit
62221;Vj. Index der Tarifverdienste und Arbeitszeiten;JAHR;Jahr;2020;DINSGF;Früheres Bundesgebiet / Neue Länder;DN;Neue Länder;WZ08C7;WZ2008 (ausgewählte Positionen): Tarifindex;WZ08-493;Sonstige Personenbeförderung im Landverkehr;100,0;2020=100;VST065;Index d.tarifl. Stundenverdienste ohne Sonderzahl.
62221;Vj. Index der Tarifverdienste und Arbeitszeiten;JAHR;Jahr;2016;DINSGF;Früheres Bundesgebiet / Neue Länder;DN;Neue Länder;WZ08C7;WZ2008 (ausgewählte Positionen): Tarifindex;WZ08-06;Gewinnung von Erdöl und Erdgas;93,4;2020=100;VST072;Index d.tarifl. Stundenverdienste mit Sonderzahl.
62221;Vj. Index der Tarifverdienste und Arbeitszeiten;JAHR;Jahr;2016;DINSGF;Früheres Bundesgebiet / Neue Länder;DN;Neue Länder;WZ08C7;WZ2008 (ausgewählte Positionen): Tarifindex;WZ08-06;Gewinnung von Erdöl und Erdgas;93,4;2020=100;VST073;Index d.tarifl. Monatsverdienste mit Sonderzahl.
62221;Vj. Index der Tarifverdienste und Arbeitszeiten;JAHR;Jahr;2016;DINSGF;Früheres Bundesgebiet / Neue Länder;DN;Neue Länder;WZ08C7;WZ2008 (ausgewählte Positionen): Tarifindex;WZ08-06;Gewinnung von Erdöl und Erdgas;38,0;h;VST019;Durchschnittliche tarifliche Wochenarbeitszeit
62221;Vj. Index der Tarifverdienste und Arbeitszeiten;JAHR;Jahr;2016;DINSGF;Früheres Bundesgebiet / Neue Länder;DN;Neue Länder;WZ08C7;WZ2008 (ausgewählte Positionen): Tarifindex;WZ08-06;Gewinnung von Erdöl und Erdgas;94,6;2020=100;VST066;Index d.tarifl. Monatsverdienste ohne Sonderzahl.
62221;Vj. Index der Tarifverdienste und Arbeitszeiten;JAHR;Jahr;2016;DINSGF;Früheres Bundesgebiet / Neue Länder;DN;Neue Länder;WZ08C7;WZ2008 (ausgewählte Positionen): Tarifindex;WZ08-06;Gewinnung von Erdöl und Erdgas;100,0;2020=100;VST018;Index der tariflichen Wochenarbeitszeit
62221;Vj. Index der Tarifverdienste und Arbeitszeiten;JAHR;Jahr;2016;DINSGF;Früheres Bundesgebiet / Neue Länder;DN;Neue Länder;WZ08C7;WZ2008 (ausgewählte Positionen): Tarifindex;WZ08-06;Gewinnung von Erdöl und Erdgas;94,6;2020=100;VST065;Index d.tarifl. Stundenverdienste ohne Sonderzahl.
62221;Vj. Index der Tarifverdienste und Arbeitszeiten;JAHR;Jahr;2021;DINSGF;Früheres Bundesgebiet / Neue Länder;DN;Neue Länder;WZ08C7;WZ2008 (ausgewählte Positionen): Tarifindex;WZ08-31-01;Möbelherstellung, Installation von Maschinen;101,9;2020=100;VST072;Index d.tarifl. Stundenverdienste mit Sonderzahl.
62221;Vj. Index der Tarifverdienste und Arbeitszeiten;JAHR;Jahr;2021;DINSGF;Früheres Bundesgebiet / Neue Länder;DN;Neue Länder;WZ08C7;WZ2008 (ausgewählte Positionen): Tarifindex;WZ08-31-01;Möbelherstellung, Installation von Maschinen;101,9;2020=100;VST073;Index d.tarifl. Monatsverdienste mit Sonderzahl.
62221;Vj. Index der Tarifverdienste und Arbeitszeiten;JAHR;Jahr;2021;DINSGF;Früheres Bundesgebiet / Neue Länder;DN;Neue Länder;WZ08C7;WZ2008 (ausgewählte Positionen): Tarifindex;WZ08-31-01;Möbelherstellung, Installation von Maschinen;38,1;h;VST019;Durchschnittliche tarifliche Wochenarbeitszeit
62221;Vj. Index der Tarifverdienste und Arbeitszeiten;JAHR;Jahr;2021;DINSGF;Früheres Bundesgebiet / Neue Länder;DN;Neue Länder;WZ08C7;WZ2008 (ausgewählte Positionen): Tarifindex;WZ08-31-01;Möbelherstellung, Installation von Maschinen;101,2;2020=100;VST066;Index d.tarifl. Monatsverdienste ohne Sonderzahl.
62221;Vj. Index der Tarifverdienste und Arbeitszeiten;JAHR;Jahr;2021;DINSGF;Früheres Bundesgebiet / Neue Länder;DN;Neue Länder;WZ08C7;WZ2008 (ausgewählte Positionen): Tarifindex;WZ08-31-01;Möbelherstellung, Installation von Maschinen;100,0;2020=100;VST018;Index der tariflichen Wochenarbeitszeit
62221;Vj. Index der Tarifverdienste und Arbeitszeiten;JAHR;Jahr;2021;DINSGF;Früheres Bundesgebiet / Neue Länder;DN;Neue Länder;WZ08C7;WZ2008 (ausgewählte Positionen): Tarifindex;WZ08-31-01;Möbelherstellung, Installation von Maschinen;101,2;2020=100;VST065;Index d.tarifl. Stundenverdienste ohne Sonderzahl.
62221;Vj. Index der Tarifverdienste und Arbeitszeiten;JAHR;Jahr;2016;DINSGF;Früheres Bundesgebiet / Neue Länder;DN;Neue Länder;WZ08C7;WZ2008 (ausgewählte Positionen): Tarifindex;WZ08-B-09;Produzierendes Gewerbe und wirtschaftl. Dienstl.;89,8;2020=100;VST072;Index d.tarifl. Stundenverdienste mit Sonderzahl.
62221;Vj. Index der Tarifverdienste und Arbeitszeiten;JAHR;Jahr;2016;DINSGF;Früheres Bundesgebiet / Neue Länder;DN;Neue Länder;WZ08C7;WZ2008 (ausgewählte Positionen): Tarifindex;WZ08-B-09;Produzierendes Gewerbe und wirtschaftl. Dienstl.;90,0;2020=100;VST073;Index d.tarifl. Monatsverdienste mit Sonderzahl.
62221;Vj. Index der Tarifverdienste und Arbeitszeiten;JAHR;Jahr;2016;DINSGF;Früheres Bundesgebiet / Neue Länder;DN;Neue Länder;WZ08C7;WZ2008 (ausgewählte Positionen): Tarifindex;WZ08-B-09;Produzierendes Gewerbe und wirtschaftl. Dienstl.;38,3;h;VST019;Durchschnittliche tarifliche Wochenarbeitszeit
62221;Vj. Index der Tarifverdienste und Arbeitszeiten;JAHR;Jahr;2016;DINSGF;Früheres Bundesgebiet / Neue Länder;DN;Neue Länder;WZ08C7;WZ2008 (ausgewählte Positionen): Tarifindex;WZ08-B-09;Produzierendes Gewerbe und wirtschaftl. Dienstl.;90,5;2020=100;VST066;Index d.tarifl. Monatsverdienste ohne Sonderzahl.
62221;Vj. Index der Tarifverdienste und Arbeitszeiten;JAHR;Jahr;2016;DINSGF;Früheres Bundesgebiet / Neue Länder;DN;Neue Länder;WZ08C7;WZ2008 (ausgewählte Positionen): Tarifindex;WZ08-B-09;Produzierendes Gewerbe und wirtschaftl. Dienstl.;100,2;2020=100;VST018;Index der tariflichen Wochenarbeitszeit
62221;Vj. Index der Tarifverdienste und Arbeitszeiten;JAHR;Jahr;2016;DINSGF;Früheres Bundesgebiet / Neue Länder;DN;Neue Länder;WZ08C7;WZ2008 (ausgewählte Positionen): Tarifindex;WZ08-B-09;Produzierendes Gewerbe und wirtschaftl. Dienstl.;90,4;2020=100;VST065;Index d.tarifl. Stundenverdienste ohne Sonderzahl.
62221;Vj. Index der Tarifverdienste und Arbeitszeiten;JAHR;Jahr;2022;DINSGF;Früheres Bundesgebiet / Neue Länder;DF;Früheres Bundesgebiet;WZ08C7;WZ2008 (ausgewählte Positionen): Tarifindex;WZ08-80;Wach- und Sicherheitsdienste sowie Detekteien;107,0;2020=100;VST072;Index d.tarifl. Stundenverdienste mit Sonderzahl.
62221;Vj. Index der Tarifverdienste und Arbeitszeiten;JAHR;Jahr;2022;DINSGF;Früheres Bundesgebiet / Neue Länder;DF;Früheres Bundesgebiet;WZ08C7;WZ2008 (ausgewählte Positionen): Tarifindex;WZ08-80;Wach- und Sicherheitsdienste sowie Detekteien;107,0;2020=100;VST073;Index d.tarifl. Monatsverdienste mit Sonderzahl.
62221;Vj. Index der Tarifverdienste und Arbeitszeiten;JAHR;Jahr;2022;DINSGF;Früheres Bundesgebiet / Neue Länder;DF;Früheres Bundesgebiet;WZ08C7;WZ2008 (ausgewählte Positionen): Tarifindex;WZ08-80;Wach- und Sicherheitsdienste sowie Detekteien;40,0;h;VST019;Durchschnittliche tarifliche Wochenarbeitszeit
62221;Vj. Index der Tarifverdienste und Arbeitszeiten;JAHR;Jahr;2022;DINSGF;Früheres Bundesgebiet / Neue Länder;DF;Früheres Bundesgebiet;WZ08C7;WZ2008 (ausgewählte Positionen): Tarifindex;WZ08-80;Wach- und Sicherheitsdienste sowie Detekteien;106,7;2020=100;VST066;Index d.tarifl. Monatsverdienste ohne Sonderzahl.
62221;Vj. Index der Tarifverdienste und Arbeitszeiten;JAHR;Jahr;2022;DINSGF;Früheres Bundesgebiet / Neue Länder;DF;Früheres Bundesgebiet;WZ08C7;WZ2008 (ausgewählte Positionen): Tarifindex;WZ08-80;Wach- und Sicherheitsdienste sowie Detekteien;100,0;2020=100;VST018;Index der tariflichen Wochenarbeitszeit
62221;Vj. Index der Tarifverdienste und Arbeitszeiten;JAHR;Jahr;2022;DINSGF;Früheres Bundesgebiet / Neue Länder;DF;Früheres Bundesgebiet;WZ08C7;WZ2008 (ausgewählte Positionen): Tarifindex;WZ08-80;Wach- und Sicherheitsdienste sowie Detekteien;106,7;2020=100;VST065;Index d.tarifl. Stundenverdienste ohne Sonderzahl.
62221;Vj. Index der Tarifverdienste und Arbeitszeiten;JAHR;Jahr;2025;DINSGF;Früheres Bundesgebiet / Neue Länder;DN;Neue Länder;WZ08C7;WZ2008 (ausgewählte Positionen): Tarifindex;WZ08-41-01;Hoch- und Tiefbau;123,3;2020=100;VST072;Index d.tarifl. Stundenverdienste mit Sonderzahl.
62221;Vj. Index der Tarifverdienste und Arbeitszeiten;JAHR;Jahr;2025;DINSGF;Früheres Bundesgebiet / Neue Länder;DN;Neue Länder;WZ08C7;WZ2008 (ausgewählte Positionen): Tarifindex;WZ08-41-01;Hoch- und Tiefbau;123,3;2020=100;VST073;Index d.tarifl. Monatsverdienste mit Sonderzahl.
62221;Vj. Index der Tarifverdienste und Arbeitszeiten;JAHR;Jahr;2025;DINSGF;Früheres Bundesgebiet / Neue Länder;DN;Neue Länder;WZ08C7;WZ2008 (ausgewählte Positionen): Tarifindex;WZ08-41-01;Hoch- und Tiefbau;40,0;h;VST019;Durchschnittliche tarifliche Wochenarbeitszeit
62221;Vj. Index der Tarifverdienste und Arbeitszeiten;JAHR;Jahr;2025;DINSGF;Früheres Bundesgebiet / Neue Länder;DN;Neue Länder;WZ08C7;WZ2008 (ausgewählte Positionen): Tarifindex;WZ08-41-01;Hoch- und Tiefbau;123,0;2020=100;VST066;Index d.tarifl. Monatsverdienste ohne Sonderzahl.
62221;Vj. Index der Tarifverdienste und Arbeitszeiten;JAHR;Jahr;2025;DINSGF;Früheres Bundesgebiet / Neue Länder;DN;Neue Länder;WZ08C7;WZ2008 (ausgewählte Positionen): Tarifindex;WZ08-41-01;Hoch- und Tiefbau;100,0;2020=100;VST018;Index der tariflichen Wochenarbeitszeit
62221;Vj. Index der Tarifverdienste und Arbeitszeiten;JAHR;Jahr;2025;DINSGF;Früheres Bundesgebiet / Neue Länder;DN;Neue Länder;WZ08C7;WZ2008 (ausgewählte Positionen): Tarifindex;WZ08-41-01;Hoch- und Tiefbau;123,0;2020=100;VST065;Index d.tarifl. Stundenverdienste ohne Sonderzahl.
62221;Vj. Index der Tarifverdienste und Arbeitszeiten;JAHR;Jahr;2016;DINSGF;Früheres Bundesgebiet / Neue Länder;DN;Neue Länder;WZ08C7;WZ2008 (ausgewählte Positionen): Tarifindex;WZ08-B-12;Prod. Gewerbe, Handel, Verkehr und Lagerei;89,9;2020=100;VST072;Index d.tarifl. Stundenverdienste mit Sonderzahl.
62221;Vj. Index der Tarifverdienste und Arbeitszeiten;JAHR;Jahr;2016;DINSGF;Früheres Bundesgebiet / Neue Länder;DN;Neue Länder;WZ08C7;WZ2008 (ausgewählte Positionen): Tarifindex;WZ08-B-12;Prod. Gewerbe, Handel, Verkehr und Lagerei;90,1;2020=100;VST073;Index d.tarifl. Monatsverdienste mit Sonderzahl.
62221;Vj. Index der Tarifverdienste und Arbeitszeiten;JAHR;Jahr;2016;DINSGF;Früheres Bundesgebiet / Neue Länder;DN;Neue Länder;WZ08C7;WZ2008 (ausgewählte Positionen): Tarifindex;WZ08-B-12;Prod. Gewerbe, Handel, Verkehr und Lagerei;38,7;h;VST019;Durchschnittliche tarifliche Wochenarbeitszeit
62221;Vj. Index der Tarifverdienste und Arbeitszeiten;JAHR;Jahr;2016;DINSGF;Früheres Bundesgebiet / Neue Länder;DN;Neue Länder;WZ08C7;WZ2008 (ausgewählte Positionen): Tarifindex;WZ08-B-12;Prod. Gewerbe, Handel, Verkehr und Lagerei;91,1;2020=100;VST066;Index d.tarifl. Monatsverdienste ohne Sonderzahl.
62221;Vj. Index der Tarifverdienste und Arbeitszeiten;JAHR;Jahr;2016;DINSGF;Früheres Bundesgebiet / Neue Länder;DN;Neue Länder;WZ08C7;WZ2008 (ausgewählte Positionen): Tarifindex;WZ08-B-12;Prod. Gewerbe, Handel, Verkehr und Lagerei;100,2;2020=100;VST018;Index der tariflichen Wochenarbeitszeit
62221;Vj. Index der Tarifverdienste und Arbeitszeiten;JAHR;Jahr;2016;DINSGF;Früheres Bundesgebiet / Neue Länder;DN;Neue Länder;WZ08C7;WZ2008 (ausgewählte Positionen): Tarifindex;WZ08-B-12;Prod. Gewerbe, Handel, Verkehr und Lagerei;90,9;2020=100;VST065;Index d.tarifl. Stundenverdienste ohne Sonderzahl.
62221;Vj. Index der Tarifverdienste und Arbeitszeiten;JAHR;Jahr;2019;DINSGF;Früheres Bundesgebiet / Neue Länder;DN;Neue Länder;WZ08C7;WZ2008 (ausgewählte Positionen): Tarifindex;WZ08-16;H.v. Holz-, Flecht-, Korb-u.Korkwaren (ohne Möbel);97,4;2020=100;VST072;Index d.tarifl. Stundenverdienste mit Sonderzahl.
62221;Vj. Index der Tarifverdienste und Arbeitszeiten;JAHR;Jahr;2019;DINSGF;Früheres Bundesgebiet / Neue Länder;DN;Neue Länder;WZ08C7;WZ2008 (ausgewählte Positionen): Tarifindex;WZ08-16;H.v. Holz-, Flecht-, Korb-u.Korkwaren (ohne Möbel);97,4;2020=100;VST073;Index d.tarifl. Monatsverdienste mit Sonderzahl.
62221;Vj. Index der Tarifverdienste und Arbeitszeiten;JAHR;Jahr;2019;DINSGF;Früheres Bundesgebiet / Neue Länder;DN;Neue Länder;WZ08C7;WZ2008 (ausgewählte Positionen): Tarifindex;WZ08-16;H.v. Holz-, Flecht-, Korb-u.Korkwaren (ohne Möbel);39,0;h;VST019;Durchschnittliche tarifliche Wochenarbeitszeit
62221;Vj. Index der Tarifverdienste und Arbeitszeiten;JAHR;Jahr;2019;DINSGF;Früheres Bundesgebiet / Neue Länder;DN;Neue Länder;WZ08C7;WZ2008 (ausgewählte Positionen): Tarifindex;WZ08-16;H.v. Holz-, Flecht-, Korb-u.Korkwaren (ohne Möbel);98,1;2020=100;VST066;Index d.tarifl. Monatsverdienste ohne Sonderzahl.
62221;Vj. Index der Tarifverdienste und Arbeitszeiten;JAHR;Jahr;2019;DINSGF;Früheres Bundesgebiet / Neue Länder;DN;Neue Länder;WZ08C7;WZ2008 (ausgewählte Positionen): Tarifindex;WZ08-16;H.v. Holz-, Flecht-, Korb-u.Korkwaren (ohne Möbel);100,0;2020=100;VST018;Index der tariflichen Wochenarbeitszeit
62221;Vj. Index der Tarifverdienste und Arbeitszeiten;JAHR;Jahr;2019;DINSGF;Früheres Bundesgebiet / Neue Länder;DN;Neue Länder;WZ08C7;WZ2008 (ausgewählte Positionen): Tarifindex;WZ08-16;H.v. Holz-, Flecht-, Korb-u.Korkwaren (ohne Möbel);98,1;2020=100;VST065;Index d.tarifl. Stundenverdienste ohne Sonderzahl.
62221;Vj. Index der Tarifverdienste und Arbeitszeiten;JAHR;Jahr;2023;DINSGF;Früheres Bundesgebiet / Neue Länder;DN;Neue Länder;WZ08C7;WZ2008 (ausgewählte Positionen): Tarifindex;WZ08-79;Reisebüros, -veranstalter u. sonst. Reservierungen;105,4;2020=100;VST072;Index d.tarifl. Stundenverdienste mit Sonderzahl.
62221;Vj. Index der Tarifverdienste und Arbeitszeiten;JAHR;Jahr;2023;DINSGF;Früheres Bundesgebiet / Neue Länder;DN;Neue Länder;WZ08C7;WZ2008 (ausgewählte Positionen): Tarifindex;WZ08-79;Reisebüros, -veranstalter u. sonst. Reservierungen;105,4;2020=100;VST073;Index d.tarifl. Monatsverdienste mit Sonderzahl.
62221;Vj. Index der Tarifverdienste und Arbeitszeiten;JAHR;Jahr;2023;DINSGF;Früheres Bundesgebiet / Neue Länder;DN;Neue Länder;WZ08C7;WZ2008 (ausgewählte Positionen): Tarifindex;WZ08-79;Reisebüros, -veranstalter u. sonst. Reservierungen;39,3;h;VST019;Durchschnittliche tarifliche Wochenarbeitszeit
62221;Vj. Index der Tarifverdienste und Arbeitszeiten;JAHR;Jahr;2023;DINSGF;Früheres Bundesgebiet / Neue Länder;DN;Neue Länder;WZ08C7;WZ2008 (ausgewählte Positionen): Tarifindex;WZ08-79;Reisebüros, -veranstalter u. sonst. Reservierungen;101,7;2020=100;VST066;Index d.tarifl. Monatsverdienste ohne Sonderzahl.
62221;Vj. Index der Tarifverdienste und Arbeitszeiten;JAHR;Jahr;2023;DINSGF;Früheres Bundesgebiet / Neue Länder;DN;Neue Länder;WZ08C7;WZ2008 (ausgewählte Positionen): Tarifindex;WZ08-79;Reisebüros, -veranstalter u. sonst. Reservierungen;100,0;2020=100;VST018;Index der tariflichen Wochenarbeitszeit
62221;Vj. Index der Tarifverdienste und Arbeitszeiten;JAHR;Jahr;2023;DINSGF;Früheres Bundesgebiet / Neue Länder;DN;Neue Länder;WZ08C7;WZ2008 (ausgewählte Positionen): Tarifindex;WZ08-79;Reisebüros, -veranstalter u. sonst. Reservierungen;101,7;2020=100;VST065;Index d.tarifl. Stundenverdienste ohne Sonderzahl.
62221;Vj. Index der Tarifverdienste und Arbeitszeiten;JAHR;Jahr;2023;DINSGF;Früheres Bundesgebiet / Neue Länder;DN;Neue Länder;WZ08C7;WZ2008 (ausgewählte Positionen): Tarifindex;WZ08-24-02;Metall- und Elektroindustrie;108,5;2020=100;VST072;Index d.tarifl. Stundenverdienste mit Sonderzahl.
62221;Vj. Index der Tarifverdienste und Arbeitszeiten;JAHR;Jahr;2023;DINSGF;Früheres Bundesgebiet / Neue Länder;DN;Neue Länder;WZ08C7;WZ2008 (ausgewählte Positionen): Tarifindex;WZ08-24-02;Metall- und Elektroindustrie;108,2;2020=100;VST073;Index d.tarifl. Monatsverdienste mit Sonderzahl.
62221;Vj. Index der Tarifverdienste und Arbeitszeiten;JAHR;Jahr;2023;DINSGF;Früheres Bundesgebiet / Neue Länder;DN;Neue Länder;WZ08C7;WZ2008 (ausgewählte Positionen): Tarifindex;WZ08-24-02;Metall- und Elektroindustrie;37,5;h;VST019;Durchschnittliche tarifliche Wochenarbeitszeit
62221;Vj. Index der Tarifverdienste und Arbeitszeiten;JAHR;Jahr;2023;DINSGF;Früheres Bundesgebiet / Neue Länder;DN;Neue Länder;WZ08C7;WZ2008 (ausgewählte Positionen): Tarifindex;WZ08-24-02;Metall- und Elektroindustrie;103,7;2020=100;VST066;Index d.tarifl. Monatsverdienste ohne Sonderzahl.
62221;Vj. Index der Tarifverdienste und Arbeitszeiten;JAHR;Jahr;2023;DINSGF;Früheres Bundesgebiet / Neue Länder;DN;Neue Länder;WZ08C7;WZ2008 (ausgewählte Positionen): Tarifindex;WZ08-24-02;Metall- und Elektroindustrie;99,8;2020=100;VST018;Index der tariflichen Wochenarbeitszeit
62221;Vj. Index der Tarifverdienste und Arbeitszeiten;JAHR;Jahr;2023;DINSGF;Früheres Bundesgebiet / Neue Länder;DN;Neue Länder;WZ08C7;WZ2008 (ausgewählte Positionen): Tarifindex;WZ08-24-02;Metall- und Elektroindustrie;104,0;2020=100;VST065;Index d.tarifl. Stundenverdienste ohne Sonderzahl.
62221;Vj. Index der Tarifverdienste und Arbeitszeiten;JAHR;Jahr;2017;DINSGF;Früheres Bundesgebiet / Neue Länder;DF;Früheres Bundesgebiet;WZ08C7;WZ2008 (ausgewählte Positionen): Tarifindex;WZ08-31-01;Möbelherstellung, Installation von Maschinen;92,9;2020=100;VST072;Index d.tarifl. Stundenverdienste mit Sonderzahl.
62221;Vj. Index der Tarifverdienste und Arbeitszeiten;JAHR;Jahr;2017;DINSGF;Früheres Bundesgebiet / Neue Länder;DF;Früheres Bundesgebiet;WZ08C7;WZ2008 (ausgewählte Positionen): Tarifindex;WZ08-31-01;Möbelherstellung, Installation von Maschinen;92,9;2020=100;VST073;Index d.tarifl. Monatsverdienste mit Sonderzahl.
62221;Vj. Index der Tarifverdienste und Arbeitszeiten;JAHR;Jahr;2017;DINSGF;Früheres Bundesgebiet / Neue Länder;DF;Früheres Bundesgebiet;WZ08C7;WZ2008 (ausgewählte Positionen): Tarifindex;WZ08-31-01;Möbelherstellung, Installation von Maschinen;36,6;h;VST019;Durchschnittliche tarifliche Wochenarbeitszeit
62221;Vj. Index der Tarifverdienste und Arbeitszeiten;JAHR;Jahr;2017;DINSGF;Früheres Bundesgebiet / Neue Länder;DF;Früheres Bundesgebiet;WZ08C7;WZ2008 (ausgewählte Positionen): Tarifindex;WZ08-31-01;Möbelherstellung, Installation von Maschinen;94,3;2020=100;VST066;Index d.tarifl. Monatsverdienste ohne Sonderzahl.
62221;Vj. Index der Tarifverdienste und Arbeitszeiten;JAHR;Jahr;2017;DINSGF;Früheres Bundesgebiet / Neue Länder;DF;Früheres Bundesgebiet;WZ08C7;WZ2008 (ausgewählte Positionen): Tarifindex;WZ08-31-01;Möbelherstellung, Installation von Maschinen;100,0;2020=100;VST018;Index der tariflichen Wochenarbeitszeit
62221;Vj. Index der Tarifverdienste und Arbeitszeiten;JAHR;Jahr;2017;DINSGF;Früheres Bundesgebiet / Neue Länder;DF;Früheres Bundesgebiet;WZ08C7;WZ2008 (ausgewählte Positionen): Tarifindex;WZ08-31-01;Möbelherstellung, Installation von Maschinen;94,3;2020=100;VST065;Index d.tarifl. Stundenverdienste ohne Sonderzahl.
62221;Vj. Index der Tarifverdienste und Arbeitszeiten;JAHR;Jahr;2019;DINSGF;Früheres Bundesgebiet / Neue Länder;DN;Neue Länder;WZ08C7;WZ2008 (ausgewählte Positionen): Tarifindex;WZ08-01;Landwirtschaft, Jagd und verbundene Tätigkeiten;86,4;2020=100;VST072;Index d.tarifl. Stundenverdienste mit Sonderzahl.
62221;Vj. Index der Tarifverdienste und Arbeitszeiten;JAHR;Jahr;2019;DINSGF;Früheres Bundesgebiet / Neue Länder;DN;Neue Länder;WZ08C7;WZ2008 (ausgewählte Positionen): Tarifindex;WZ08-01;Landwirtschaft, Jagd und verbundene Tätigkeiten;86,4;2020=100;VST073;Index d.tarifl. Monatsverdienste mit Sonderzahl.
62221;Vj. Index der Tarifverdienste und Arbeitszeiten;JAHR;Jahr;2019;DINSGF;Früheres Bundesgebiet / Neue Länder;DN;Neue Länder;WZ08C7;WZ2008 (ausgewählte Positionen): Tarifindex;WZ08-01;Landwirtschaft, Jagd und verbundene Tätigkeiten;39,9;h;VST019;Durchschnittliche tarifliche Wochenarbeitszeit
62221;Vj. Index der Tarifverdienste und Arbeitszeiten;JAHR;Jahr;2019;DINSGF;Früheres Bundesgebiet / Neue Länder;DN;Neue Länder;WZ08C7;WZ2008 (ausgewählte Positionen): Tarifindex;WZ08-01;Landwirtschaft, Jagd und verbundene Tätigkeiten;86,3;2020=100;VST066;Index d.tarifl. Monatsverdienste ohne Sonderzahl.
62221;Vj. Index der Tarifverdienste und Arbeitszeiten;JAHR;Jahr;2019;DINSGF;Früheres Bundesgebiet / Neue Länder;DN;Neue Länder;WZ08C7;WZ2008 (ausgewählte Positionen): Tarifindex;WZ08-01;Landwirtschaft, Jagd und verbundene Tätigkeiten;100,0;2020=100;VST018;Index der tariflichen Wochenarbeitszeit
62221;Vj. Index der Tarifverdienste und Arbeitszeiten;JAHR;Jahr;2019;DINSGF;Früheres Bundesgebiet / Neue Länder;DN;Neue Länder;WZ08C7;WZ2008 (ausgewählte Positionen): Tarifindex;WZ08-01;Landwirtschaft, Jagd und verbundene Tätigkeiten;86,3;2020=100;VST065;Index d.tarifl. Stundenverdienste ohne Sonderzahl.
62221;Vj. Index der Tarifverdienste und Arbeitszeiten;JAHR;Jahr;2022;DINSGF;Früheres Bundesgebiet / Neue Länder;DF;Früheres Bundesgebiet;WZ08C7;WZ2008 (ausgewählte Positionen): Tarifindex;WZ08-77;Vermietung von beweglichen Sachen;104,4;2020=100;VST072;Index d.tarifl. Stundenverdienste mit Sonderzahl.
62221;Vj. Index der Tarifverdienste und Arbeitszeiten;JAHR;Jahr;2022;DINSGF;Früheres Bundesgebiet / Neue Länder;DF;Früheres Bundesgebiet;WZ08C7;WZ2008 (ausgewählte Positionen): Tarifindex;WZ08-77;Vermietung von beweglichen Sachen;104,0;2020=100;VST073;Index d.tarifl. Monatsverdienste mit Sonderzahl.
62221;Vj. Index der Tarifverdienste und Arbeitszeiten;JAHR;Jahr;2022;DINSGF;Früheres Bundesgebiet / Neue Länder;DF;Früheres Bundesgebiet;WZ08C7;WZ2008 (ausgewählte Positionen): Tarifindex;WZ08-77;Vermietung von beweglichen Sachen;38,5;h;VST019;Durchschnittliche tarifliche Wochenarbeitszeit
62221;Vj. Index der Tarifverdienste und Arbeitszeiten;JAHR;Jahr;2022;DINSGF;Früheres Bundesgebiet / Neue Länder;DF;Früheres Bundesgebiet;WZ08C7;WZ2008 (ausgewählte Positionen): Tarifindex;WZ08-77;Vermietung von beweglichen Sachen;103,4;2020=100;VST066;Index d.tarifl. Monatsverdienste ohne Sonderzahl.
62221;Vj. Index der Tarifverdienste und Arbeitszeiten;JAHR;Jahr;2022;DINSGF;Früheres Bundesgebiet / Neue Länder;DF;Früheres Bundesgebiet;WZ08C7;WZ2008 (ausgewählte Positionen): Tarifindex;WZ08-77;Vermietung von beweglichen Sachen;99,5;2020=100;VST018;Index der tariflichen Wochenarbeitszeit
62221;Vj. Index der Tarifverdienste und Arbeitszeiten;JAHR;Jahr;2022;DINSGF;Früheres Bundesgebiet / Neue Länder;DF;Früheres Bundesgebiet;WZ08C7;WZ2008 (ausgewählte Positionen): Tarifindex;WZ08-77;Vermietung von beweglichen Sachen;103,8;2020=100;VST065;Index d.tarifl. Stundenverdienste ohne Sonderzahl.
62221;Vj. Index der Tarifverdienste und Arbeitszeiten;JAHR;Jahr;2022;DINSGF;Früheres Bundesgebiet / Neue Länder;DF;Früheres Bundesgebiet;WZ08C7;WZ2008 (ausgewählte Positionen): Tarifindex;WZ08-74;Sonst. freiberufl.,wissenschaftl. u. techn.Tätigk.;103,6;2020=100;VST072;Index d.tarifl. Stundenverdienste mit Sonderzahl.
62221;Vj. Index der Tarifverdienste und Arbeitszeiten;JAHR;Jahr;2022;DINSGF;Früheres Bundesgebiet / Neue Länder;DF;Früheres Bundesgebiet;WZ08C7;WZ2008 (ausgewählte Positionen): Tarifindex;WZ08-74;Sonst. freiberufl.,wissenschaftl. u. techn.Tätigk.;103,5;2020=100;VST073;Index d.tarifl. Monatsverdienste mit Sonderzahl.
62221;Vj. Index der Tarifverdienste und Arbeitszeiten;JAHR;Jahr;2022;DINSGF;Früheres Bundesgebiet / Neue Länder;DF;Früheres Bundesgebiet;WZ08C7;WZ2008 (ausgewählte Positionen): Tarifindex;WZ08-74;Sonst. freiberufl.,wissenschaftl. u. techn.Tätigk.;37,6;h;VST019;Durchschnittliche tarifliche Wochenarbeitszeit
62221;Vj. Index der Tarifverdienste und Arbeitszeiten;JAHR;Jahr;2022;DINSGF;Früheres Bundesgebiet / Neue Länder;DF;Früheres Bundesgebiet;WZ08C7;WZ2008 (ausgewählte Positionen): Tarifindex;WZ08-74;Sonst. freiberufl.,wissenschaftl. u. techn.Tätigk.;102,6;2020=100;VST066;Index d.tarifl. Monatsverdienste ohne Sonderzahl.
62221;Vj. Index der Tarifverdienste und Arbeitszeiten;JAHR;Jahr;2022;DINSGF;Früheres Bundesgebiet / Neue Länder;DF;Früheres Bundesgebiet;WZ08C7;WZ2008 (ausgewählte Positionen): Tarifindex;WZ08-74;Sonst. freiberufl.,wissenschaftl. u. techn.Tätigk.;99,9;2020=100;VST018;Index der tariflichen Wochenarbeitszeit
62221;Vj. Index der Tarifverdienste und Arbeitszeiten;JAHR;Jahr;2022;DINSGF;Früheres Bundesgebiet / Neue Länder;DF;Früheres Bundesgebiet;WZ08C7;WZ2008 (ausgewählte Positionen): Tarifindex;WZ08-74;Sonst. freiberufl.,wissenschaftl. u. techn.Tätigk.;102,7;2020=100;VST065;Index d.tarifl. Stundenverdienste ohne Sonderzahl.
62221;Vj. Index der Tarifverdienste und Arbeitszeiten;JAHR;Jahr;2022;DINSGF;Früheres Bundesgebiet / Neue Länder;DF;Früheres Bundesgebiet;WZ08C7;WZ2008 (ausgewählte Positionen): Tarifindex;WZ08-62;Dienstleistungen der Informationstechnologie;102,4;2020=100;VST072;Index d.tarifl. Stundenverdienste mit Sonderzahl.
62221;Vj. Index der Tarifverdienste und Arbeitszeiten;JAHR;Jahr;2022;DINSGF;Früheres Bundesgebiet / Neue Länder;DF;Früheres Bundesgebiet;WZ08C7;WZ2008 (ausgewählte Positionen): Tarifindex;WZ08-62;Dienstleistungen der Informationstechnologie;102,4;2020=100;VST073;Index d.tarifl. Monatsverdienste mit Sonderzahl.
62221;Vj. Index der Tarifverdienste und Arbeitszeiten;JAHR;Jahr;2022;DINSGF;Früheres Bundesgebiet / Neue Länder;DF;Früheres Bundesgebiet;WZ08C7;WZ2008 (ausgewählte Positionen): Tarifindex;WZ08-62;Dienstleistungen der Informationstechnologie;37,9;h;VST019;Durchschnittliche tarifliche Wochenarbeitszeit
62221;Vj. Index der Tarifverdienste und Arbeitszeiten;JAHR;Jahr;2022;DINSGF;Früheres Bundesgebiet / Neue Länder;DF;Früheres Bundesgebiet;WZ08C7;WZ2008 (ausgewählte Positionen): Tarifindex;WZ08-62;Dienstleistungen der Informationstechnologie;101,9;2020=100;VST066;Index d.tarifl. Monatsverdienste ohne Sonderzahl.
62221;Vj. Index der Tarifverdienste und Arbeitszeiten;JAHR;Jahr;2022;DINSGF;Früheres Bundesgebiet / Neue Länder;DF;Früheres Bundesgebiet;WZ08C7;WZ2008 (ausgewählte Positionen): Tarifindex;WZ08-62;Dienstleistungen der Informationstechnologie;100,0;2020=100;VST018;Index der tariflichen Wochenarbeitszeit
62221;Vj. Index der Tarifverdienste und Arbeitszeiten;JAHR;Jahr;2022;DINSGF;Früheres Bundesgebiet / Neue Länder;DF;Früheres Bundesgebiet;WZ08C7;WZ2008 (ausgewählte Positionen): Tarifindex;WZ08-62;Dienstleistungen der Informationstechnologie;101,9;2020=100;VST065;Index d.tarifl. Stundenverdienste ohne Sonderzahl.
62221;Vj. Index der Tarifverdienste und Arbeitszeiten;JAHR;Jahr;2021;DINSGF;Früheres Bundesgebiet / Neue Länder;DF;Früheres Bundesgebiet;WZ08C7;WZ2008 (ausgewählte Positionen): Tarifindex;WZ08-B-12;Prod. Gewerbe, Handel, Verkehr und Lagerei;101,3;2020=100;VST072;Index d.tarifl. Stundenverdienste mit Sonderzahl.
62221;Vj. Index der Tarifverdienste und Arbeitszeiten;JAHR;Jahr;2021;DINSGF;Früheres Bundesgebiet / Neue Länder;DF;Früheres Bundesgebiet;WZ08C7;WZ2008 (ausgewählte Positionen): Tarifindex;WZ08-B-12;Prod. Gewerbe, Handel, Verkehr und Lagerei;101,3;2020=100;VST073;Index d.tarifl. Monatsverdienste mit Sonderzahl.
62221;Vj. Index der Tarifverdienste und Arbeitszeiten;JAHR;Jahr;2021;DINSGF;Früheres Bundesgebiet / Neue Länder;DF;Früheres Bundesgebiet;WZ08C7;WZ2008 (ausgewählte Positionen): Tarifindex;WZ08-B-12;Prod. Gewerbe, Handel, Verkehr und Lagerei;37,1;h;VST019;Durchschnittliche tarifliche Wochenarbeitszeit
62221;Vj. Index der Tarifverdienste und Arbeitszeiten;JAHR;Jahr;2021;DINSGF;Früheres Bundesgebiet / Neue Länder;DF;Früheres Bundesgebiet;WZ08C7;WZ2008 (ausgewählte Positionen): Tarifindex;WZ08-B-12;Prod. Gewerbe, Handel, Verkehr und Lagerei;100,9;2020=100;VST066;Index d.tarifl. Monatsverdienste ohne Sonderzahl.
62221;Vj. Index der Tarifverdienste und Arbeitszeiten;JAHR;Jahr;2021;DINSGF;Früheres Bundesgebiet / Neue Länder;DF;Früheres Bundesgebiet;WZ08C7;WZ2008 (ausgewählte Positionen): Tarifindex;WZ08-B-12;Prod. Gewerbe, Handel, Verkehr und Lagerei;100,0;2020=100;VST018;Index der tariflichen Wochenarbeitszeit
62221;Vj. Index der Tarifverdienste und Arbeitszeiten;JAHR;Jahr;2021;DINSGF;Früheres Bundesgebiet / Neue Länder;DF;Früheres Bundesgebiet;WZ08C7;WZ2008 (ausgewählte Positionen): Tarifindex;WZ08-B-12;Prod. Gewerbe, Handel, Verkehr und Lagerei;100,9;2020=100;VST065;Index d.tarifl. Stundenverdienste ohne Sonderzahl.
62221;Vj. Index der Tarifverdienste und Arbeitszeiten;JAHR;Jahr;2025;DINSGF;Früheres Bundesgebiet / Neue Länder;DN;Neue Länder;WZ08C7;WZ2008 (ausgewählte Positionen): Tarifindex;WZ08-91;Bibliotheken, Archive, Museen, bot. u. zoo. Gärten;114,5;2020=100;VST072;Index d.tarifl. Stundenverdienste mit Sonderzahl.
62221;Vj. Index der Tarifverdienste und Arbeitszeiten;JAHR;Jahr;2025;DINSGF;Früheres Bundesgebiet / Neue Länder;DN;Neue Länder;WZ08C7;WZ2008 (ausgewählte Positionen): Tarifindex;WZ08-91;Bibliotheken, Archive, Museen, bot. u. zoo. Gärten;114,5;2020=100;VST073;Index d.tarifl. Monatsverdienste mit Sonderzahl.
62221;Vj. Index der Tarifverdienste und Arbeitszeiten;JAHR;Jahr;2025;DINSGF;Früheres Bundesgebiet / Neue Länder;DN;Neue Länder;WZ08C7;WZ2008 (ausgewählte Positionen): Tarifindex;WZ08-91;Bibliotheken, Archive, Museen, bot. u. zoo. Gärten;39,3;h;VST019;Durchschnittliche tarifliche Wochenarbeitszeit
62221;Vj. Index der Tarifverdienste und Arbeitszeiten;JAHR;Jahr;2025;DINSGF;Früheres Bundesgebiet / Neue Länder;DN;Neue Länder;WZ08C7;WZ2008 (ausgewählte Positionen): Tarifindex;WZ08-91;Bibliotheken, Archive, Museen, bot. u. zoo. Gärten;114,5;2020=100;VST066;Index d.tarifl. Monatsverdienste ohne Sonderzahl.
62221;Vj. Index der Tarifverdienste und Arbeitszeiten;JAHR;Jahr;2025;DINSGF;Früheres Bundesgebiet / Neue Länder;DN;Neue Länder;WZ08C7;WZ2008 (ausgewählte Positionen): Tarifindex;WZ08-91;Bibliotheken, Archive, Museen, bot. u. zoo. Gärten;100,0;2020=100;VST018;Index der tariflichen Wochenarbeitszeit
62221;Vj. Index der Tarifverdienste und Arbeitszeiten;JAHR;Jahr;2025;DINSGF;Früheres Bundesgebiet / Neue Länder;DN;Neue Länder;WZ08C7;WZ2008 (ausgewählte Positionen): Tarifindex;WZ08-91;Bibliotheken, Archive, Museen, bot. u. zoo. Gärten;114,5;2020=100;VST065;Index d.tarifl. Stundenverdienste ohne Sonderzahl.
62221;Vj. Index der Tarifverdienste und Arbeitszeiten;JAHR;Jahr;2021;DINSGF;Früheres Bundesgebiet / Neue Länder;DN;Neue Länder;WZ08C7;WZ2008 (ausgewählte Positionen): Tarifindex;WZ08-20-01;Chemische Industrie;102,7;2020=100;VST072;Index d.tarifl. Stundenverdienste mit Sonderzahl.
62221;Vj. Index der Tarifverdienste und Arbeitszeiten;JAHR;Jahr;2021;DINSGF;Früheres Bundesgebiet / Neue Länder;DN;Neue Länder;WZ08C7;WZ2008 (ausgewählte Positionen): Tarifindex;WZ08-20-01;Chemische Industrie;101,7;2020=100;VST073;Index d.tarifl. Monatsverdienste mit Sonderzahl.
62221;Vj. Index der Tarifverdienste und Arbeitszeiten;JAHR;Jahr;2021;DINSGF;Früheres Bundesgebiet / Neue Länder;DN;Neue Länder;WZ08C7;WZ2008 (ausgewählte Positionen): Tarifindex;WZ08-20-01;Chemische Industrie;38,8;h;VST019;Durchschnittliche tarifliche Wochenarbeitszeit
62221;Vj. Index der Tarifverdienste und Arbeitszeiten;JAHR;Jahr;2021;DINSGF;Früheres Bundesgebiet / Neue Länder;DN;Neue Länder;WZ08C7;WZ2008 (ausgewählte Positionen): Tarifindex;WZ08-20-01;Chemische Industrie;101,2;2020=100;VST066;Index d.tarifl. Monatsverdienste ohne Sonderzahl.
62221;Vj. Index der Tarifverdienste und Arbeitszeiten;JAHR;Jahr;2021;DINSGF;Früheres Bundesgebiet / Neue Länder;DN;Neue Länder;WZ08C7;WZ2008 (ausgewählte Positionen): Tarifindex;WZ08-20-01;Chemische Industrie;99,0;2020=100;VST018;Index der tariflichen Wochenarbeitszeit
62221;Vj. Index der Tarifverdienste und Arbeitszeiten;JAHR;Jahr;2021;DINSGF;Früheres Bundesgebiet / Neue Länder;DN;Neue Länder;WZ08C7;WZ2008 (ausgewählte Positionen): Tarifindex;WZ08-20-01;Chemische Industrie;102,2;2020=100;VST065;Index d.tarifl. Stundenverdienste ohne Sonderzahl.
62221;Vj. Index der Tarifverdienste und Arbeitszeiten;JAHR;Jahr;2021;DINSGF;Früheres Bundesgebiet / Neue Länder;DF;Früheres Bundesgebiet;WZ08C7;WZ2008 (ausgewählte Positionen): Tarifindex;WZ08-91;Bibliotheken, Archive, Museen, bot. u. zoo. Gärten;101,1;2020=100;VST072;Index d.tarifl. Stundenverdienste mit Sonderzahl.
62221;Vj. Index der Tarifverdienste und Arbeitszeiten;JAHR;Jahr;2021;DINSGF;Früheres Bundesgebiet / Neue Länder;DF;Früheres Bundesgebiet;WZ08C7;WZ2008 (ausgewählte Positionen): Tarifindex;WZ08-91;Bibliotheken, Archive, Museen, bot. u. zoo. Gärten;101,1;2020=100;VST073;Index d.tarifl. Monatsverdienste mit Sonderzahl.
62221;Vj. Index der Tarifverdienste und Arbeitszeiten;JAHR;Jahr;2021;DINSGF;Früheres Bundesgebiet / Neue Länder;DF;Früheres Bundesgebiet;WZ08C7;WZ2008 (ausgewählte Positionen): Tarifindex;WZ08-91;Bibliotheken, Archive, Museen, bot. u. zoo. Gärten;39,6;h;VST019;Durchschnittliche tarifliche Wochenarbeitszeit
62221;Vj. Index der Tarifverdienste und Arbeitszeiten;JAHR;Jahr;2021;DINSGF;Früheres Bundesgebiet / Neue Länder;DF;Früheres Bundesgebiet;WZ08C7;WZ2008 (ausgewählte Positionen): Tarifindex;WZ08-91;Bibliotheken, Archive, Museen, bot. u. zoo. Gärten;101,3;2020=100;VST066;Index d.tarifl. Monatsverdienste ohne Sonderzahl.
62221;Vj. Index der Tarifverdienste und Arbeitszeiten;JAHR;Jahr;2021;DINSGF;Früheres Bundesgebiet / Neue Länder;DF;Früheres Bundesgebiet;WZ08C7;WZ2008 (ausgewählte Positionen): Tarifindex;WZ08-91;Bibliotheken, Archive, Museen, bot. u. zoo. Gärten;100,0;2020=100;VST018;Index der tariflichen Wochenarbeitszeit
62221;Vj. Index der Tarifverdienste und Arbeitszeiten;JAHR;Jahr;2021;DINSGF;Früheres Bundesgebiet / Neue Länder;DF;Früheres Bundesgebiet;WZ08C7;WZ2008 (ausgewählte Positionen): Tarifindex;WZ08-91;Bibliotheken, Archive, Museen, bot. u. zoo. Gärten;101,3;2020=100;VST065;Index d.tarifl. Stundenverdienste ohne Sonderzahl.
62221;Vj. Index der Tarifverdienste und Arbeitszeiten;JAHR;Jahr;2020;DINSGF;Früheres Bundesgebiet / Neue Länder;DN;Neue Länder;WZ08C7;WZ2008 (ausgewählte Positionen): Tarifindex;WZ08-20;Herstellung von chemischen Erzeugnissen;100,0;2020=100;VST072;Index d.tarifl. Stundenverdienste mit Sonderzahl.
62221;Vj. Index der Tarifverdienste und Arbeitszeiten;JAHR;Jahr;2020;DINSGF;Früheres Bundesgebiet / Neue Länder;DN;Neue Länder;WZ08C7;WZ2008 (ausgewählte Positionen): Tarifindex;WZ08-20;Herstellung von chemischen Erzeugnissen;100,0;2020=100;VST073;Index d.tarifl. Monatsverdienste mit Sonderzahl.
62221;Vj. Index der Tarifverdienste und Arbeitszeiten;JAHR;Jahr;2020;DINSGF;Früheres Bundesgebiet / Neue Länder;DN;Neue Länder;WZ08C7;WZ2008 (ausgewählte Positionen): Tarifindex;WZ08-20;Herstellung von chemischen Erzeugnissen;39,1;h;VST019;Durchschnittliche tarifliche Wochenarbeitszeit
62221;Vj. Index der Tarifverdienste und Arbeitszeiten;JAHR;Jahr;2020;DINSGF;Früheres Bundesgebiet / Neue Länder;DN;Neue Länder;WZ08C7;WZ2008 (ausgewählte Positionen): Tarifindex;WZ08-20;Herstellung von chemischen Erzeugnissen;100,0;2020=100;VST066;Index d.tarifl. Monatsverdienste ohne Sonderzahl.
62221;Vj. Index der Tarifverdienste und Arbeitszeiten;JAHR;Jahr;2020;DINSGF;Früheres Bundesgebiet / Neue Länder;DN;Neue Länder;WZ08C7;WZ2008 (ausgewählte Positionen): Tarifindex;WZ08-20;Herstellung von chemischen Erzeugnissen;100,0;2020=100;VST018;Index der tariflichen Wochenarbeitszeit
62221;Vj. Index der Tarifverdienste und Arbeitszeiten;JAHR;Jahr;2020;DINSGF;Früheres Bundesgebiet / Neue Länder;DN;Neue Länder;WZ08C7;WZ2008 (ausgewählte Positionen): Tarifindex;WZ08-20;Herstellung von chemischen Erzeugnissen;100,0;2020=100;VST065;Index d.tarifl. Stundenverdienste ohne Sonderzahl.
62221;Vj. Index der Tarifverdienste und Arbeitszeiten;JAHR;Jahr;2021;DINSGF;Früheres Bundesgebiet / Neue Länder;DN;Neue Länder;WZ08C7;WZ2008 (ausgewählte Positionen): Tarifindex;WZ08-H-01;Verkehr und Lagerei, Information und Kommunikation;101,4;2020=100;VST072;Index d.tarifl. Stundenverdienste mit Sonderzahl.
62221;Vj. Index der Tarifverdienste und Arbeitszeiten;JAHR;Jahr;2021;DINSGF;Früheres Bundesgebiet / Neue Länder;DN;Neue Länder;WZ08C7;WZ2008 (ausgewählte Positionen): Tarifindex;WZ08-H-01;Verkehr und Lagerei, Information und Kommunikation;101,4;2020=100;VST073;Index d.tarifl. Monatsverdienste mit Sonderzahl.
62221;Vj. Index der Tarifverdienste und Arbeitszeiten;JAHR;Jahr;2021;DINSGF;Früheres Bundesgebiet / Neue Länder;DN;Neue Länder;WZ08C7;WZ2008 (ausgewählte Positionen): Tarifindex;WZ08-H-01;Verkehr und Lagerei, Information und Kommunikation;38,9;h;VST019;Durchschnittliche tarifliche Wochenarbeitszeit
62221;Vj. Index der Tarifverdienste und Arbeitszeiten;JAHR;Jahr;2021;DINSGF;Früheres Bundesgebiet / Neue Länder;DN;Neue Länder;WZ08C7;WZ2008 (ausgewählte Positionen): Tarifindex;WZ08-H-01;Verkehr und Lagerei, Information und Kommunikation;101,8;2020=100;VST066;Index d.tarifl. Monatsverdienste ohne Sonderzahl.
62221;Vj. Index der Tarifverdienste und Arbeitszeiten;JAHR;Jahr;2021;DINSGF;Früheres Bundesgebiet / Neue Länder;DN;Neue Länder;WZ08C7;WZ2008 (ausgewählte Positionen): Tarifindex;WZ08-H-01;Verkehr und Lagerei, Information und Kommunikation;100,0;2020=100;VST018;Index der tariflichen Wochenarbeitszeit
62221;Vj. Index der Tarifverdienste und Arbeitszeiten;JAHR;Jahr;2021;DINSGF;Früheres Bundesgebiet / Neue Länder;DN;Neue Länder;WZ08C7;WZ2008 (ausgewählte Positionen): Tarifindex;WZ08-H-01;Verkehr und Lagerei, Information und Kommunikation;101,8;2020=100;VST065;Index d.tarifl. Stundenverdienste ohne Sonderzahl.
62221;Vj. Index der Tarifverdienste und Arbeitszeiten;JAHR;Jahr;2025;DINSGF;Früheres Bundesgebiet / Neue Länder;DF;Früheres Bundesgebiet;WZ08C7;WZ2008 (ausgewählte Positionen): Tarifindex;WZ08-66;Mit Finanz- u. Versicherungsdienstl. verb. Tätigk.;113,4;2020=100;VST072;Index d.tarifl. Stundenverdienste mit Sonderzahl.
62221;Vj. Index der Tarifverdienste und Arbeitszeiten;JAHR;Jahr;2025;DINSGF;Früheres Bundesgebiet / Neue Länder;DF;Früheres Bundesgebiet;WZ08C7;WZ2008 (ausgewählte Positionen): Tarifindex;WZ08-66;Mit Finanz- u. Versicherungsdienstl. verb. Tätigk.;113,4;2020=100;VST073;Index d.tarifl. Monatsverdienste mit Sonderzahl.
62221;Vj. Index der Tarifverdienste und Arbeitszeiten;JAHR;Jahr;2025;DINSGF;Früheres Bundesgebiet / Neue Länder;DF;Früheres Bundesgebiet;WZ08C7;WZ2008 (ausgewählte Positionen): Tarifindex;WZ08-66;Mit Finanz- u. Versicherungsdienstl. verb. Tätigk.;38,0;h;VST019;Durchschnittliche tarifliche Wochenarbeitszeit
62221;Vj. Index der Tarifverdienste und Arbeitszeiten;JAHR;Jahr;2025;DINSGF;Früheres Bundesgebiet / Neue Länder;DF;Früheres Bundesgebiet;WZ08C7;WZ2008 (ausgewählte Positionen): Tarifindex;WZ08-66;Mit Finanz- u. Versicherungsdienstl. verb. Tätigk.;113,3;2020=100;VST066;Index d.tarifl. Monatsverdienste ohne Sonderzahl.
62221;Vj. Index der Tarifverdienste und Arbeitszeiten;JAHR;Jahr;2025;DINSGF;Früheres Bundesgebiet / Neue Länder;DF;Früheres Bundesgebiet;WZ08C7;WZ2008 (ausgewählte Positionen): Tarifindex;WZ08-66;Mit Finanz- u. Versicherungsdienstl. verb. Tätigk.;100,0;2020=100;VST018;Index der tariflichen Wochenarbeitszeit
62221;Vj. Index der Tarifverdienste und Arbeitszeiten;JAHR;Jahr;2025;DINSGF;Früheres Bundesgebiet / Neue Länder;DF;Früheres Bundesgebiet;WZ08C7;WZ2008 (ausgewählte Positionen): Tarifindex;WZ08-66;Mit Finanz- u. Versicherungsdienstl. verb. Tätigk.;113,3;2020=100;VST065;Index d.tarifl. Stundenverdienste ohne Sonderzahl.
62221;Vj. Index der Tarifverdienste und Arbeitszeiten;JAHR;Jahr;2025;DINSGF;Früheres Bundesgebiet / Neue Länder;DF;Früheres Bundesgebiet;WZ08C7;WZ2008 (ausgewählte Positionen): Tarifindex;WZ08-18;H.v. Druckerz., Vervielf.v.Ton-,Bild-,Datenträgern;111,2;2020=100;VST072;Index d.tarifl. Stundenverdienste mit Sonderzahl.
62221;Vj. Index der Tarifverdienste und Arbeitszeiten;JAHR;Jahr;2025;DINSGF;Früheres Bundesgebiet / Neue Länder;DF;Früheres Bundesgebiet;WZ08C7;WZ2008 (ausgewählte Positionen): Tarifindex;WZ08-18;H.v. Druckerz., Vervielf.v.Ton-,Bild-,Datenträgern;111,2;2020=100;VST073;Index d.tarifl. Monatsverdienste mit Sonderzahl.
62221;Vj. Index der Tarifverdienste und Arbeitszeiten;JAHR;Jahr;2025;DINSGF;Früheres Bundesgebiet / Neue Länder;DF;Früheres Bundesgebiet;WZ08C7;WZ2008 (ausgewählte Positionen): Tarifindex;WZ08-18;H.v. Druckerz., Vervielf.v.Ton-,Bild-,Datenträgern;35,3;h;VST019;Durchschnittliche tarifliche Wochenarbeitszeit
62221;Vj. Index der Tarifverdienste und Arbeitszeiten;JAHR;Jahr;2025;DINSGF;Früheres Bundesgebiet / Neue Länder;DF;Früheres Bundesgebiet;WZ08C7;WZ2008 (ausgewählte Positionen): Tarifindex;WZ08-18;H.v. Druckerz., Vervielf.v.Ton-,Bild-,Datenträgern;110,8;2020=100;VST066;Index d.tarifl. Monatsverdienste ohne Sonderzahl.
62221;Vj. Index der Tarifverdienste und Arbeitszeiten;JAHR;Jahr;2025;DINSGF;Früheres Bundesgebiet / Neue Länder;DF;Früheres Bundesgebiet;WZ08C7;WZ2008 (ausgewählte Positionen): Tarifindex;WZ08-18;H.v. Druckerz., Vervielf.v.Ton-,Bild-,Datenträgern;100,0;2020=100;VST018;Index der tariflichen Wochenarbeitszeit
62221;Vj. Index der Tarifverdienste und Arbeitszeiten;JAHR;Jahr;2025;DINSGF;Früheres Bundesgebiet / Neue Länder;DF;Früheres Bundesgebiet;WZ08C7;WZ2008 (ausgewählte Positionen): Tarifindex;WZ08-18;H.v. Druckerz., Vervielf.v.Ton-,Bild-,Datenträgern;110,8;2020=100;VST065;Index d.tarifl. Stundenverdienste ohne Sonderzahl.
62221;Vj. Index der Tarifverdienste und Arbeitszeiten;JAHR;Jahr;2025;DINSGF;Früheres Bundesgebiet / Neue Länder;DF;Früheres Bundesgebiet;WZ08C7;WZ2008 (ausgewählte Positionen): Tarifindex;WZ08-15;Herstellung von Leder, Lederwaren und Schuhen;113,7;2020=100;VST072;Index d.tarifl. Stundenverdienste mit Sonderzahl.
62221;Vj. Index der Tarifverdienste und Arbeitszeiten;JAHR;Jahr;2025;DINSGF;Früheres Bundesgebiet / Neue Länder;DF;Früheres Bundesgebiet;WZ08C7;WZ2008 (ausgewählte Positionen): Tarifindex;WZ08-15;Herstellung von Leder, Lederwaren und Schuhen;113,7;2020=100;VST073;Index d.tarifl. Monatsverdienste mit Sonderzahl.
62221;Vj. Index der Tarifverdienste und Arbeitszeiten;JAHR;Jahr;2025;DINSGF;Früheres Bundesgebiet / Neue Länder;DF;Früheres Bundesgebiet;WZ08C7;WZ2008 (ausgewählte Positionen): Tarifindex;WZ08-15;Herstellung von Leder, Lederwaren und Schuhen;38,4;h;VST019;Durchschnittliche tarifliche Wochenarbeitszeit
62221;Vj. Index der Tarifverdienste und Arbeitszeiten;JAHR;Jahr;2025;DINSGF;Früheres Bundesgebiet / Neue Länder;DF;Früheres Bundesgebiet;WZ08C7;WZ2008 (ausgewählte Positionen): Tarifindex;WZ08-15;Herstellung von Leder, Lederwaren und Schuhen;113,9;2020=100;VST066;Index d.tarifl. Monatsverdienste ohne Sonderzahl.
62221;Vj. Index der Tarifverdienste und Arbeitszeiten;JAHR;Jahr;2025;DINSGF;Früheres Bundesgebiet / Neue Länder;DF;Früheres Bundesgebiet;WZ08C7;WZ2008 (ausgewählte Positionen): Tarifindex;WZ08-15;Herstellung von Leder, Lederwaren und Schuhen;100,0;2020=100;VST018;Index der tariflichen Wochenarbeitszeit
62221;Vj. Index der Tarifverdienste und Arbeitszeiten;JAHR;Jahr;2025;DINSGF;Früheres Bundesgebiet / Neue Länder;DF;Früheres Bundesgebiet;WZ08C7;WZ2008 (ausgewählte Positionen): Tarifindex;WZ08-15;Herstellung von Leder, Lederwaren und Schuhen;113,9;2020=100;VST065;Index d.tarifl. Stundenverdienste ohne Sonderzahl.
62221;Vj. Index der Tarifverdienste und Arbeitszeiten;JAHR;Jahr;2017;DINSGF;Früheres Bundesgebiet / Neue Länder;DF;Früheres Bundesgebiet;WZ08C7;WZ2008 (ausgewählte Positionen): Tarifindex;WZ08-43;Vorb.Baustellenarbeiten, Bauinstall., sonst.Ausbau;92,7;2020=100;VST072;Index d.tarifl. Stundenverdienste mit Sonderzahl.
62221;Vj. Index der Tarifverdienste und Arbeitszeiten;JAHR;Jahr;2017;DINSGF;Früheres Bundesgebiet / Neue Länder;DF;Früheres Bundesgebiet;WZ08C7;WZ2008 (ausgewählte Positionen): Tarifindex;WZ08-43;Vorb.Baustellenarbeiten, Bauinstall., sonst.Ausbau;92,7;2020=100;VST073;Index d.tarifl. Monatsverdienste mit Sonderzahl.
62221;Vj. Index der Tarifverdienste und Arbeitszeiten;JAHR;Jahr;2017;DINSGF;Früheres Bundesgebiet / Neue Länder;DF;Früheres Bundesgebiet;WZ08C7;WZ2008 (ausgewählte Positionen): Tarifindex;WZ08-43;Vorb.Baustellenarbeiten, Bauinstall., sonst.Ausbau;38,7;h;VST019;Durchschnittliche tarifliche Wochenarbeitszeit
62221;Vj. Index der Tarifverdienste und Arbeitszeiten;JAHR;Jahr;2017;DINSGF;Früheres Bundesgebiet / Neue Länder;DF;Früheres Bundesgebiet;WZ08C7;WZ2008 (ausgewählte Positionen): Tarifindex;WZ08-43;Vorb.Baustellenarbeiten, Bauinstall., sonst.Ausbau;93,6;2020=100;VST066;Index d.tarifl. Monatsverdienste ohne Sonderzahl.
62221;Vj. Index der Tarifverdienste und Arbeitszeiten;JAHR;Jahr;2017;DINSGF;Früheres Bundesgebiet / Neue Länder;DF;Früheres Bundesgebiet;WZ08C7;WZ2008 (ausgewählte Positionen): Tarifindex;WZ08-43;Vorb.Baustellenarbeiten, Bauinstall., sonst.Ausbau;100,0;2020=100;VST018;Index der tariflichen Wochenarbeitszeit
62221;Vj. Index der Tarifverdienste und Arbeitszeiten;JAHR;Jahr;2017;DINSGF;Früheres Bundesgebiet / Neue Länder;DF;Früheres Bundesgebiet;WZ08C7;WZ2008 (ausgewählte Positionen): Tarifindex;WZ08-43;Vorb.Baustellenarbeiten, Bauinstall., sonst.Ausbau;93,6;2020=100;VST065;Index d.tarifl. Stundenverdienste ohne Sonderzahl.
62221;Vj. Index der Tarifverdienste und Arbeitszeiten;JAHR;Jahr;2019;DINSGF;Früheres Bundesgebiet / Neue Länder;DF;Früheres Bundesgebiet;WZ08C7;WZ2008 (ausgewählte Positionen): Tarifindex;WZ08-16;H.v. Holz-, Flecht-, Korb-u.Korkwaren (ohne Möbel);97,8;2020=100;VST072;Index d.tarifl. Stundenverdienste mit Sonderzahl.
62221;Vj. Index der Tarifverdienste und Arbeitszeiten;JAHR;Jahr;2019;DINSGF;Früheres Bundesgebiet / Neue Länder;DF;Früheres Bundesgebiet;WZ08C7;WZ2008 (ausgewählte Positionen): Tarifindex;WZ08-16;H.v. Holz-, Flecht-, Korb-u.Korkwaren (ohne Möbel);97,8;2020=100;VST073;Index d.tarifl. Monatsverdienste mit Sonderzahl.
62221;Vj. Index der Tarifverdienste und Arbeitszeiten;JAHR;Jahr;2019;DINSGF;Früheres Bundesgebiet / Neue Länder;DF;Früheres Bundesgebiet;WZ08C7;WZ2008 (ausgewählte Positionen): Tarifindex;WZ08-16;H.v. Holz-, Flecht-, Korb-u.Korkwaren (ohne Möbel);37,3;h;VST019;Durchschnittliche tarifliche Wochenarbeitszeit
62221;Vj. Index der Tarifverdienste und Arbeitszeiten;JAHR;Jahr;2019;DINSGF;Früheres Bundesgebiet / Neue Länder;DF;Früheres Bundesgebiet;WZ08C7;WZ2008 (ausgewählte Positionen): Tarifindex;WZ08-16;H.v. Holz-, Flecht-, Korb-u.Korkwaren (ohne Möbel);97,9;2020=100;VST066;Index d.tarifl. Monatsverdienste ohne Sonderzahl.
62221;Vj. Index der Tarifverdienste und Arbeitszeiten;JAHR;Jahr;2019;DINSGF;Früheres Bundesgebiet / Neue Länder;DF;Früheres Bundesgebiet;WZ08C7;WZ2008 (ausgewählte Positionen): Tarifindex;WZ08-16;H.v. Holz-, Flecht-, Korb-u.Korkwaren (ohne Möbel);100,0;2020=100;VST018;Index der tariflichen Wochenarbeitszeit
62221;Vj. Index der Tarifverdienste und Arbeitszeiten;JAHR;Jahr;2019;DINSGF;Früheres Bundesgebiet / Neue Länder;DF;Früheres Bundesgebiet;WZ08C7;WZ2008 (ausgewählte Positionen): Tarifindex;WZ08-16;H.v. Holz-, Flecht-, Korb-u.Korkwaren (ohne Möbel);97,9;2020=100;VST065;Index d.tarifl. Stundenverdienste ohne Sonderzahl.
62221;Vj. Index der Tarifverdienste und Arbeitszeiten;JAHR;Jahr;2018;DINSGF;Früheres Bundesgebiet / Neue Länder;DN;Neue Länder;WZ08C7;WZ2008 (ausgewählte Positionen): Tarifindex;WZ08-27;Herstellung von elektrischen Ausrüstungen;96,5;2020=100;VST072;Index d.tarifl. Stundenverdienste mit Sonderzahl.
62221;Vj. Index der Tarifverdienste und Arbeitszeiten;JAHR;Jahr;2018;DINSGF;Früheres Bundesgebiet / Neue Länder;DN;Neue Länder;WZ08C7;WZ2008 (ausgewählte Positionen): Tarifindex;WZ08-27;Herstellung von elektrischen Ausrüstungen;96,5;2020=100;VST073;Index d.tarifl. Monatsverdienste mit Sonderzahl.
62221;Vj. Index der Tarifverdienste und Arbeitszeiten;JAHR;Jahr;2018;DINSGF;Früheres Bundesgebiet / Neue Länder;DN;Neue Länder;WZ08C7;WZ2008 (ausgewählte Positionen): Tarifindex;WZ08-27;Herstellung von elektrischen Ausrüstungen;38,0;h;VST019;Durchschnittliche tarifliche Wochenarbeitszeit
62221;Vj. Index der Tarifverdienste und Arbeitszeiten;JAHR;Jahr;2018;DINSGF;Früheres Bundesgebiet / Neue Länder;DN;Neue Länder;WZ08C7;WZ2008 (ausgewählte Positionen): Tarifindex;WZ08-27;Herstellung von elektrischen Ausrüstungen;99,0;2020=100;VST066;Index d.tarifl. Monatsverdienste ohne Sonderzahl.
62221;Vj. Index der Tarifverdienste und Arbeitszeiten;JAHR;Jahr;2018;DINSGF;Früheres Bundesgebiet / Neue Länder;DN;Neue Länder;WZ08C7;WZ2008 (ausgewählte Positionen): Tarifindex;WZ08-27;Herstellung von elektrischen Ausrüstungen;100,0;2020=100;VST018;Index der tariflichen Wochenarbeitszeit
62221;Vj. Index der Tarifverdienste und Arbeitszeiten;JAHR;Jahr;2018;DINSGF;Früheres Bundesgebiet / Neue Länder;DN;Neue Länder;WZ08C7;WZ2008 (ausgewählte Positionen): Tarifindex;WZ08-27;Herstellung von elektrischen Ausrüstungen;99,0;2020=100;VST065;Index d.tarifl. Stundenverdienste ohne Sonderzahl.
62221;Vj. Index der Tarifverdienste und Arbeitszeiten;JAHR;Jahr;2024;DINSGF;Früheres Bundesgebiet / Neue Länder;DF;Früheres Bundesgebiet;WZ08C7;WZ2008 (ausgewählte Positionen): Tarifindex;WZ08-38-01;Recycling, Beseitigung von Umweltverschmutzungen;112,6;2020=100;VST072;Index d.tarifl. Stundenverdienste mit Sonderzahl.
62221;Vj. Index der Tarifverdienste und Arbeitszeiten;JAHR;Jahr;2024;DINSGF;Früheres Bundesgebiet / Neue Länder;DF;Früheres Bundesgebiet;WZ08C7;WZ2008 (ausgewählte Positionen): Tarifindex;WZ08-38-01;Recycling, Beseitigung von Umweltverschmutzungen;112,6;2020=100;VST073;Index d.tarifl. Monatsverdienste mit Sonderzahl.
62221;Vj. Index der Tarifverdienste und Arbeitszeiten;JAHR;Jahr;2024;DINSGF;Früheres Bundesgebiet / Neue Länder;DF;Früheres Bundesgebiet;WZ08C7;WZ2008 (ausgewählte Positionen): Tarifindex;WZ08-38-01;Recycling, Beseitigung von Umweltverschmutzungen;38,8;h;VST019;Durchschnittliche tarifliche Wochenarbeitszeit
62221;Vj. Index der Tarifverdienste und Arbeitszeiten;JAHR;Jahr;2024;DINSGF;Früheres Bundesgebiet / Neue Länder;DF;Früheres Bundesgebiet;WZ08C7;WZ2008 (ausgewählte Positionen): Tarifindex;WZ08-38-01;Recycling, Beseitigung von Umweltverschmutzungen;112,2;2020=100;VST066;Index d.tarifl. Monatsverdienste ohne Sonderzahl.
62221;Vj. Index der Tarifverdienste und Arbeitszeiten;JAHR;Jahr;2024;DINSGF;Früheres Bundesgebiet / Neue Länder;DF;Früheres Bundesgebiet;WZ08C7;WZ2008 (ausgewählte Positionen): Tarifindex;WZ08-38-01;Recycling, Beseitigung von Umweltverschmutzungen;100,0;2020=100;VST018;Index der tariflichen Wochenarbeitszeit
62221;Vj. Index der Tarifverdienste und Arbeitszeiten;JAHR;Jahr;2024;DINSGF;Früheres Bundesgebiet / Neue Länder;DF;Früheres Bundesgebiet;WZ08C7;WZ2008 (ausgewählte Positionen): Tarifindex;WZ08-38-01;Recycling, Beseitigung von Umweltverschmutzungen;112,2;2020=100;VST065;Index d.tarifl. Stundenverdienste ohne Sonderzahl.
62221;Vj. Index der Tarifverdienste und Arbeitszeiten;JAHR;Jahr;2020;DINSGF;Früheres Bundesgebiet / Neue Länder;DN;Neue Länder;WZ08C7;WZ2008 (ausgewählte Positionen): Tarifindex;WZ08-23;H.v.Glas,-waren,Keramik,Verarb. v.Steinen u.Erden;100,0;2020=100;VST072;Index d.tarifl. Stundenverdienste mit Sonderzahl.
62221;Vj. Index der Tarifverdienste und Arbeitszeiten;JAHR;Jahr;2020;DINSGF;Früheres Bundesgebiet / Neue Länder;DN;Neue Länder;WZ08C7;WZ2008 (ausgewählte Positionen): Tarifindex;WZ08-23;H.v.Glas,-waren,Keramik,Verarb. v.Steinen u.Erden;100,0;2020=100;VST073;Index d.tarifl. Monatsverdienste mit Sonderzahl.
62221;Vj. Index der Tarifverdienste und Arbeitszeiten;JAHR;Jahr;2020;DINSGF;Früheres Bundesgebiet / Neue Länder;DN;Neue Länder;WZ08C7;WZ2008 (ausgewählte Positionen): Tarifindex;WZ08-23;H.v.Glas,-waren,Keramik,Verarb. v.Steinen u.Erden;39,1;h;VST019;Durchschnittliche tarifliche Wochenarbeitszeit
62221;Vj. Index der Tarifverdienste und Arbeitszeiten;JAHR;Jahr;2020;DINSGF;Früheres Bundesgebiet / Neue Länder;DN;Neue Länder;WZ08C7;WZ2008 (ausgewählte Positionen): Tarifindex;WZ08-23;H.v.Glas,-waren,Keramik,Verarb. v.Steinen u.Erden;100,0;2020=100;VST066;Index d.tarifl. Monatsverdienste ohne Sonderzahl.
62221;Vj. Index der Tarifverdienste und Arbeitszeiten;JAHR;Jahr;2020;DINSGF;Früheres Bundesgebiet / Neue Länder;DN;Neue Länder;WZ08C7;WZ2008 (ausgewählte Positionen): Tarifindex;WZ08-23;H.v.Glas,-waren,Keramik,Verarb. v.Steinen u.Erden;100,0;2020=100;VST018;Index der tariflichen Wochenarbeitszeit
62221;Vj. Index der Tarifverdienste und Arbeitszeiten;JAHR;Jahr;2020;DINSGF;Früheres Bundesgebiet / Neue Länder;DN;Neue Länder;WZ08C7;WZ2008 (ausgewählte Positionen): Tarifindex;WZ08-23;H.v.Glas,-waren,Keramik,Verarb. v.Steinen u.Erden;100,0;2020=100;VST065;Index d.tarifl. Stundenverdienste ohne Sonderzahl.
62221;Vj. Index der Tarifverdienste und Arbeitszeiten;JAHR;Jahr;2016;DINSGF;Früheres Bundesgebiet / Neue Länder;DF;Früheres Bundesgebiet;WZ08C7;WZ2008 (ausgewählte Positionen): Tarifindex;WZ08-90;Kreative,künstlerische u.unterhaltende Tätigkeiten;89,9;2020=100;VST072;Index d.tarifl. Stundenverdienste mit Sonderzahl.
62221;Vj. Index der Tarifverdienste und Arbeitszeiten;JAHR;Jahr;2016;DINSGF;Früheres Bundesgebiet / Neue Länder;DF;Früheres Bundesgebiet;WZ08C7;WZ2008 (ausgewählte Positionen): Tarifindex;WZ08-90;Kreative,künstlerische u.unterhaltende Tätigkeiten;89,9;2020=100;VST073;Index d.tarifl. Monatsverdienste mit Sonderzahl.
62221;Vj. Index der Tarifverdienste und Arbeitszeiten;JAHR;Jahr;2016;DINSGF;Früheres Bundesgebiet / Neue Länder;DF;Früheres Bundesgebiet;WZ08C7;WZ2008 (ausgewählte Positionen): Tarifindex;WZ08-90;Kreative,künstlerische u.unterhaltende Tätigkeiten;39,1;h;VST019;Durchschnittliche tarifliche Wochenarbeitszeit
62221;Vj. Index der Tarifverdienste und Arbeitszeiten;JAHR;Jahr;2016;DINSGF;Früheres Bundesgebiet / Neue Länder;DF;Früheres Bundesgebiet;WZ08C7;WZ2008 (ausgewählte Positionen): Tarifindex;WZ08-90;Kreative,künstlerische u.unterhaltende Tätigkeiten;89,4;2020=100;VST066;Index d.tarifl. Monatsverdienste ohne Sonderzahl.
62221;Vj. Index der Tarifverdienste und Arbeitszeiten;JAHR;Jahr;2016;DINSGF;Früheres Bundesgebiet / Neue Länder;DF;Früheres Bundesgebiet;WZ08C7;WZ2008 (ausgewählte Positionen): Tarifindex;WZ08-90;Kreative,künstlerische u.unterhaltende Tätigkeiten;100,0;2020=100;VST018;Index der tariflichen Wochenarbeitszeit
62221;Vj. Index der Tarifverdienste und Arbeitszeiten;JAHR;Jahr;2016;DINSGF;Früheres Bundesgebiet / Neue Länder;DF;Früheres Bundesgebiet;WZ08C7;WZ2008 (ausgewählte Positionen): Tarifindex;WZ08-90;Kreative,künstlerische u.unterhaltende Tätigkeiten;89,4;2020=100;VST065;Index d.tarifl. Stundenverdienste ohne Sonderzahl.
62221;Vj. Index der Tarifverdienste und Arbeitszeiten;JAHR;Jahr;2025;DINSGF;Früheres Bundesgebiet / Neue Länder;DN;Neue Länder;WZ08C7;WZ2008 (ausgewählte Positionen): Tarifindex;WZ08-94;Interessenvertr., kirchl. u. sonst. Vereinigungen;117,9;2020=100;VST072;Index d.tarifl. Stundenverdienste mit Sonderzahl.
62221;Vj. Index der Tarifverdienste und Arbeitszeiten;JAHR;Jahr;2025;DINSGF;Früheres Bundesgebiet / Neue Länder;DN;Neue Länder;WZ08C7;WZ2008 (ausgewählte Positionen): Tarifindex;WZ08-94;Interessenvertr., kirchl. u. sonst. Vereinigungen;117,0;2020=100;VST073;Index d.tarifl. Monatsverdienste mit Sonderzahl.
62221;Vj. Index der Tarifverdienste und Arbeitszeiten;JAHR;Jahr;2025;DINSGF;Früheres Bundesgebiet / Neue Länder;DN;Neue Länder;WZ08C7;WZ2008 (ausgewählte Positionen): Tarifindex;WZ08-94;Interessenvertr., kirchl. u. sonst. Vereinigungen;39,4;h;VST019;Durchschnittliche tarifliche Wochenarbeitszeit
62221;Vj. Index der Tarifverdienste und Arbeitszeiten;JAHR;Jahr;2025;DINSGF;Früheres Bundesgebiet / Neue Länder;DN;Neue Länder;WZ08C7;WZ2008 (ausgewählte Positionen): Tarifindex;WZ08-94;Interessenvertr., kirchl. u. sonst. Vereinigungen;116,3;2020=100;VST066;Index d.tarifl. Monatsverdienste ohne Sonderzahl.
62221;Vj. Index der Tarifverdienste und Arbeitszeiten;JAHR;Jahr;2025;DINSGF;Früheres Bundesgebiet / Neue Länder;DN;Neue Länder;WZ08C7;WZ2008 (ausgewählte Positionen): Tarifindex;WZ08-94;Interessenvertr., kirchl. u. sonst. Vereinigungen;99,2;2020=100;VST018;Index der tariflichen Wochenarbeitszeit
62221;Vj. Index der Tarifverdienste und Arbeitszeiten;JAHR;Jahr;2025;DINSGF;Früheres Bundesgebiet / Neue Länder;DN;Neue Länder;WZ08C7;WZ2008 (ausgewählte Positionen): Tarifindex;WZ08-94;Interessenvertr., kirchl. u. sonst. Vereinigungen;117,1;2020=100;VST065;Index d.tarifl. Stundenverdienste ohne Sonderzahl.
62221;Vj. Index der Tarifverdienste und Arbeitszeiten;JAHR;Jahr;2017;DINSGF;Früheres Bundesgebiet / Neue Länder;DN;Neue Länder;WZ08C7;WZ2008 (ausgewählte Positionen): Tarifindex;WZ08-77;Vermietung von beweglichen Sachen;93,1;2020=100;VST072;Index d.tarifl. Stundenverdienste mit Sonderzahl.
62221;Vj. Index der Tarifverdienste und Arbeitszeiten;JAHR;Jahr;2017;DINSGF;Früheres Bundesgebiet / Neue Länder;DN;Neue Länder;WZ08C7;WZ2008 (ausgewählte Positionen): Tarifindex;WZ08-77;Vermietung von beweglichen Sachen;93,0;2020=100;VST073;Index d.tarifl. Monatsverdienste mit Sonderzahl.
62221;Vj. Index der Tarifverdienste und Arbeitszeiten;JAHR;Jahr;2017;DINSGF;Früheres Bundesgebiet / Neue Länder;DN;Neue Länder;WZ08C7;WZ2008 (ausgewählte Positionen): Tarifindex;WZ08-77;Vermietung von beweglichen Sachen;37,9;h;VST019;Durchschnittliche tarifliche Wochenarbeitszeit
62221;Vj. Index der Tarifverdienste und Arbeitszeiten;JAHR;Jahr;2017;DINSGF;Früheres Bundesgebiet / Neue Länder;DN;Neue Länder;WZ08C7;WZ2008 (ausgewählte Positionen): Tarifindex;WZ08-77;Vermietung von beweglichen Sachen;94,6;2020=100;VST066;Index d.tarifl. Monatsverdienste ohne Sonderzahl.
62221;Vj. Index der Tarifverdienste und Arbeitszeiten;JAHR;Jahr;2017;DINSGF;Früheres Bundesgebiet / Neue Länder;DN;Neue Länder;WZ08C7;WZ2008 (ausgewählte Positionen): Tarifindex;WZ08-77;Vermietung von beweglichen Sachen;100,0;2020=100;VST018;Index der tariflichen Wochenarbeitszeit
62221;Vj. Index der Tarifverdienste und Arbeitszeiten;JAHR;Jahr;2017;DINSGF;Früheres Bundesgebiet / Neue Länder;DN;Neue Länder;WZ08C7;WZ2008 (ausgewählte Positionen): Tarifindex;WZ08-77;Vermietung von beweglichen Sachen;94,6;2020=100;VST065;Index d.tarifl. Stundenverdienste ohne Sonderzahl.
62221;Vj. Index der Tarifverdienste und Arbeitszeiten;JAHR;Jahr;2019;DINSGF;Früheres Bundesgebiet / Neue Länder;DF;Früheres Bundesgebiet;WZ08C7;WZ2008 (ausgewählte Positionen): Tarifindex;WZ08-13;Herstellung von Textilien;98,6;2020=100;VST072;Index d.tarifl. Stundenverdienste mit Sonderzahl.
62221;Vj. Index der Tarifverdienste und Arbeitszeiten;JAHR;Jahr;2019;DINSGF;Früheres Bundesgebiet / Neue Länder;DF;Früheres Bundesgebiet;WZ08C7;WZ2008 (ausgewählte Positionen): Tarifindex;WZ08-13;Herstellung von Textilien;98,6;2020=100;VST073;Index d.tarifl. Monatsverdienste mit Sonderzahl.
62221;Vj. Index der Tarifverdienste und Arbeitszeiten;JAHR;Jahr;2019;DINSGF;Früheres Bundesgebiet / Neue Länder;DF;Früheres Bundesgebiet;WZ08C7;WZ2008 (ausgewählte Positionen): Tarifindex;WZ08-13;Herstellung von Textilien;37,1;h;VST019;Durchschnittliche tarifliche Wochenarbeitszeit
62221;Vj. Index der Tarifverdienste und Arbeitszeiten;JAHR;Jahr;2019;DINSGF;Früheres Bundesgebiet / Neue Länder;DF;Früheres Bundesgebiet;WZ08C7;WZ2008 (ausgewählte Positionen): Tarifindex;WZ08-13;Herstellung von Textilien;98,2;2020=100;VST066;Index d.tarifl. Monatsverdienste ohne Sonderzahl.
62221;Vj. Index der Tarifverdienste und Arbeitszeiten;JAHR;Jahr;2019;DINSGF;Früheres Bundesgebiet / Neue Länder;DF;Früheres Bundesgebiet;WZ08C7;WZ2008 (ausgewählte Positionen): Tarifindex;WZ08-13;Herstellung von Textilien;100,0;2020=100;VST018;Index der tariflichen Wochenarbeitszeit
62221;Vj. Index der Tarifverdienste und Arbeitszeiten;JAHR;Jahr;2019;DINSGF;Früheres Bundesgebiet / Neue Länder;DF;Früheres Bundesgebiet;WZ08C7;WZ2008 (ausgewählte Positionen): Tarifindex;WZ08-13;Herstellung von Textilien;98,1;2020=100;VST065;Index d.tarifl. Stundenverdienste ohne Sonderzahl.
62221;Vj. Index der Tarifverdienste und Arbeitszeiten;JAHR;Jahr;2016;DINSGF;Früheres Bundesgebiet / Neue Länder;DF;Früheres Bundesgebiet;WZ08C7;WZ2008 (ausgewählte Positionen): Tarifindex;WZ08-87;Heime (ohne Erholungs- und Ferienheime);88,9;2020=100;VST072;Index d.tarifl. Stundenverdienste mit Sonderzahl.
62221;Vj. Index der Tarifverdienste und Arbeitszeiten;JAHR;Jahr;2016;DINSGF;Früheres Bundesgebiet / Neue Länder;DF;Früheres Bundesgebiet;WZ08C7;WZ2008 (ausgewählte Positionen): Tarifindex;WZ08-87;Heime (ohne Erholungs- und Ferienheime);88,9;2020=100;VST073;Index d.tarifl. Monatsverdienste mit Sonderzahl.
62221;Vj. Index der Tarifverdienste und Arbeitszeiten;JAHR;Jahr;2016;DINSGF;Früheres Bundesgebiet / Neue Länder;DF;Früheres Bundesgebiet;WZ08C7;WZ2008 (ausgewählte Positionen): Tarifindex;WZ08-87;Heime (ohne Erholungs- und Ferienheime);39,1;h;VST019;Durchschnittliche tarifliche Wochenarbeitszeit
62221;Vj. Index der Tarifverdienste und Arbeitszeiten;JAHR;Jahr;2016;DINSGF;Früheres Bundesgebiet / Neue Länder;DF;Früheres Bundesgebiet;WZ08C7;WZ2008 (ausgewählte Positionen): Tarifindex;WZ08-87;Heime (ohne Erholungs- und Ferienheime);88,6;2020=100;VST066;Index d.tarifl. Monatsverdienste ohne Sonderzahl.
62221;Vj. Index der Tarifverdienste und Arbeitszeiten;JAHR;Jahr;2016;DINSGF;Früheres Bundesgebiet / Neue Länder;DF;Früheres Bundesgebiet;WZ08C7;WZ2008 (ausgewählte Positionen): Tarifindex;WZ08-87;Heime (ohne Erholungs- und Ferienheime);100,0;2020=100;VST018;Index der tariflichen Wochenarbeitszeit
62221;Vj. Index der Tarifverdienste und Arbeitszeiten;JAHR;Jahr;2016;DINSGF;Früheres Bundesgebiet / Neue Länder;DF;Früheres Bundesgebiet;WZ08C7;WZ2008 (ausgewählte Positionen): Tarifindex;WZ08-87;Heime (ohne Erholungs- und Ferienheime);88,6;2020=100;VST065;Index d.tarifl. Stundenverdienste ohne Sonderzahl.
62221;Vj. Index der Tarifverdienste und Arbeitszeiten;JAHR;Jahr;2017;DINSGF;Früheres Bundesgebiet / Neue Länder;DF;Früheres Bundesgebiet;WZ08C7;WZ2008 (ausgewählte Positionen): Tarifindex;WZ08-37;Abwasserentsorgung;92,2;2020=100;VST072;Index d.tarifl. Stundenverdienste mit Sonderzahl.
62221;Vj. Index der Tarifverdienste und Arbeitszeiten;JAHR;Jahr;2017;DINSGF;Früheres Bundesgebiet / Neue Länder;DF;Früheres Bundesgebiet;WZ08C7;WZ2008 (ausgewählte Positionen): Tarifindex;WZ08-37;Abwasserentsorgung;92,2;2020=100;VST073;Index d.tarifl. Monatsverdienste mit Sonderzahl.
62221;Vj. Index der Tarifverdienste und Arbeitszeiten;JAHR;Jahr;2017;DINSGF;Früheres Bundesgebiet / Neue Länder;DF;Früheres Bundesgebiet;WZ08C7;WZ2008 (ausgewählte Positionen): Tarifindex;WZ08-37;Abwasserentsorgung;39,0;h;VST019;Durchschnittliche tarifliche Wochenarbeitszeit
62221;Vj. Index der Tarifverdienste und Arbeitszeiten;JAHR;Jahr;2017;DINSGF;Früheres Bundesgebiet / Neue Länder;DF;Früheres Bundesgebiet;WZ08C7;WZ2008 (ausgewählte Positionen): Tarifindex;WZ08-37;Abwasserentsorgung;93,0;2020=100;VST066;Index d.tarifl. Monatsverdienste ohne Sonderzahl.
62221;Vj. Index der Tarifverdienste und Arbeitszeiten;JAHR;Jahr;2017;DINSGF;Früheres Bundesgebiet / Neue Länder;DF;Früheres Bundesgebiet;WZ08C7;WZ2008 (ausgewählte Positionen): Tarifindex;WZ08-37;Abwasserentsorgung;100,0;2020=100;VST018;Index der tariflichen Wochenarbeitszeit
62221;Vj. Index der Tarifverdienste und Arbeitszeiten;JAHR;Jahr;2017;DINSGF;Früheres Bundesgebiet / Neue Länder;DF;Früheres Bundesgebiet;WZ08C7;WZ2008 (ausgewählte Positionen): Tarifindex;WZ08-37;Abwasserentsorgung;93,0;2020=100;VST065;Index d.tarifl. Stundenverdienste ohne Sonderzahl.
62221;Vj. Index der Tarifverdienste und Arbeitszeiten;JAHR;Jahr;2022;DINSGF;Früheres Bundesgebiet / Neue Länder;DN;Neue Länder;WZ08C7;WZ2008 (ausgewählte Positionen): Tarifindex;WZ08-B-14;Kohlenbergbau, Gewinnung von Erdöl und Erdgas;104,8;2020=100;VST072;Index d.tarifl. Stundenverdienste mit Sonderzahl.
62221;Vj. Index der Tarifverdienste und Arbeitszeiten;JAHR;Jahr;2022;DINSGF;Früheres Bundesgebiet / Neue Länder;DN;Neue Länder;WZ08C7;WZ2008 (ausgewählte Positionen): Tarifindex;WZ08-B-14;Kohlenbergbau, Gewinnung von Erdöl und Erdgas;104,8;2020=100;VST073;Index d.tarifl. Monatsverdienste mit Sonderzahl.
62221;Vj. Index der Tarifverdienste und Arbeitszeiten;JAHR;Jahr;2022;DINSGF;Früheres Bundesgebiet / Neue Länder;DN;Neue Länder;WZ08C7;WZ2008 (ausgewählte Positionen): Tarifindex;WZ08-B-14;Kohlenbergbau, Gewinnung von Erdöl und Erdgas;37,0;h;VST019;Durchschnittliche tarifliche Wochenarbeitszeit
62221;Vj. Index der Tarifverdienste und Arbeitszeiten;JAHR;Jahr;2022;DINSGF;Früheres Bundesgebiet / Neue Länder;DN;Neue Länder;WZ08C7;WZ2008 (ausgewählte Positionen): Tarifindex;WZ08-B-14;Kohlenbergbau, Gewinnung von Erdöl und Erdgas;104,4;2020=100;VST066;Index d.tarifl. Monatsverdienste ohne Sonderzahl.
62221;Vj. Index der Tarifverdienste und Arbeitszeiten;JAHR;Jahr;2022;DINSGF;Früheres Bundesgebiet / Neue Länder;DN;Neue Länder;WZ08C7;WZ2008 (ausgewählte Positionen): Tarifindex;WZ08-B-14;Kohlenbergbau, Gewinnung von Erdöl und Erdgas;100,0;2020=100;VST018;Index der tariflichen Wochenarbeitszeit
62221;Vj. Index der Tarifverdienste und Arbeitszeiten;JAHR;Jahr;2022;DINSGF;Früheres Bundesgebiet / Neue Länder;DN;Neue Länder;WZ08C7;WZ2008 (ausgewählte Positionen): Tarifindex;WZ08-B-14;Kohlenbergbau, Gewinnung von Erdöl und Erdgas;104,4;2020=100;VST065;Index d.tarifl. Stundenverdienste ohne Sonderzahl.
62221;Vj. Index der Tarifverdienste und Arbeitszeiten;JAHR;Jahr;2025;DINSGF;Früheres Bundesgebiet / Neue Länder;DF;Früheres Bundesgebiet;WZ08C7;WZ2008 (ausgewählte Positionen): Tarifindex;WZ08-21;Herstellung von pharmazeutischen Erzeugnissen;115,9;2020=100;VST072;Index d.tarifl. Stundenverdienste mit Sonderzahl.
62221;Vj. Index der Tarifverdienste und Arbeitszeiten;JAHR;Jahr;2025;DINSGF;Früheres Bundesgebiet / Neue Länder;DF;Früheres Bundesgebiet;WZ08C7;WZ2008 (ausgewählte Positionen): Tarifindex;WZ08-21;Herstellung von pharmazeutischen Erzeugnissen;115,8;2020=100;VST073;Index d.tarifl. Monatsverdienste mit Sonderzahl.
62221;Vj. Index der Tarifverdienste und Arbeitszeiten;JAHR;Jahr;2025;DINSGF;Früheres Bundesgebiet / Neue Länder;DF;Früheres Bundesgebiet;WZ08C7;WZ2008 (ausgewählte Positionen): Tarifindex;WZ08-21;Herstellung von pharmazeutischen Erzeugnissen;37,5;h;VST019;Durchschnittliche tarifliche Wochenarbeitszeit
62221;Vj. Index der Tarifverdienste und Arbeitszeiten;JAHR;Jahr;2025;DINSGF;Früheres Bundesgebiet / Neue Länder;DF;Früheres Bundesgebiet;WZ08C7;WZ2008 (ausgewählte Positionen): Tarifindex;WZ08-21;Herstellung von pharmazeutischen Erzeugnissen;114,9;2020=100;VST066;Index d.tarifl. Monatsverdienste ohne Sonderzahl.
62221;Vj. Index der Tarifverdienste und Arbeitszeiten;JAHR;Jahr;2025;DINSGF;Früheres Bundesgebiet / Neue Länder;DF;Früheres Bundesgebiet;WZ08C7;WZ2008 (ausgewählte Positionen): Tarifindex;WZ08-21;Herstellung von pharmazeutischen Erzeugnissen;99,9;2020=100;VST018;Index der tariflichen Wochenarbeitszeit
62221;Vj. Index der Tarifverdienste und Arbeitszeiten;JAHR;Jahr;2025;DINSGF;Früheres Bundesgebiet / Neue Länder;DF;Früheres Bundesgebiet;WZ08C7;WZ2008 (ausgewählte Positionen): Tarifindex;WZ08-21;Herstellung von pharmazeutischen Erzeugnissen;115,0;2020=100;VST065;Index d.tarifl. Stundenverdienste ohne Sonderzahl.
62221;Vj. Index der Tarifverdienste und Arbeitszeiten;JAHR;Jahr;2021;DINSGF;Früheres Bundesgebiet / Neue Länder;DN;Neue Länder;WZ08C7;WZ2008 (ausgewählte Positionen): Tarifindex;WZ08-10-01;Ernährungsgewerbe und Tabakverarbeitung;102,2;2020=100;VST072;Index d.tarifl. Stundenverdienste mit Sonderzahl.
62221;Vj. Index der Tarifverdienste und Arbeitszeiten;JAHR;Jahr;2021;DINSGF;Früheres Bundesgebiet / Neue Länder;DN;Neue Länder;WZ08C7;WZ2008 (ausgewählte Positionen): Tarifindex;WZ08-10-01;Ernährungsgewerbe und Tabakverarbeitung;102,2;2020=100;VST073;Index d.tarifl. Monatsverdienste mit Sonderzahl.
62221;Vj. Index der Tarifverdienste und Arbeitszeiten;JAHR;Jahr;2021;DINSGF;Früheres Bundesgebiet / Neue Länder;DN;Neue Länder;WZ08C7;WZ2008 (ausgewählte Positionen): Tarifindex;WZ08-10-01;Ernährungsgewerbe und Tabakverarbeitung;38,7;h;VST019;Durchschnittliche tarifliche Wochenarbeitszeit
62221;Vj. Index der Tarifverdienste und Arbeitszeiten;JAHR;Jahr;2021;DINSGF;Früheres Bundesgebiet / Neue Länder;DN;Neue Länder;WZ08C7;WZ2008 (ausgewählte Positionen): Tarifindex;WZ08-10-01;Ernährungsgewerbe und Tabakverarbeitung;102,5;2020=100;VST066;Index d.tarifl. Monatsverdienste ohne Sonderzahl.
62221;Vj. Index der Tarifverdienste und Arbeitszeiten;JAHR;Jahr;2021;DINSGF;Früheres Bundesgebiet / Neue Länder;DN;Neue Länder;WZ08C7;WZ2008 (ausgewählte Positionen): Tarifindex;WZ08-10-01;Ernährungsgewerbe und Tabakverarbeitung;100,0;2020=100;VST018;Index der tariflichen Wochenarbeitszeit
62221;Vj. Index der Tarifverdienste und Arbeitszeiten;JAHR;Jahr;2021;DINSGF;Früheres Bundesgebiet / Neue Länder;DN;Neue Länder;WZ08C7;WZ2008 (ausgewählte Positionen): Tarifindex;WZ08-10-01;Ernährungsgewerbe und Tabakverarbeitung;102,5;2020=100;VST065;Index d.tarifl. Stundenverdienste ohne Sonderzahl.
62221;Vj. Index der Tarifverdienste und Arbeitszeiten;JAHR;Jahr;2019;DINSGF;Früheres Bundesgebiet / Neue Länder;DF;Früheres Bundesgebiet;WZ08C7;WZ2008 (ausgewählte Positionen): Tarifindex;WZ-X004;Verbrauchsgüterproduzenten;97,9;2020=100;VST072;Index d.tarifl. Stundenverdienste mit Sonderzahl.
62221;Vj. Index der Tarifverdienste und Arbeitszeiten;JAHR;Jahr;2019;DINSGF;Früheres Bundesgebiet / Neue Länder;DF;Früheres Bundesgebiet;WZ08C7;WZ2008 (ausgewählte Positionen): Tarifindex;WZ-X004;Verbrauchsgüterproduzenten;97,9;2020=100;VST073;Index d.tarifl. Monatsverdienste mit Sonderzahl.
62221;Vj. Index der Tarifverdienste und Arbeitszeiten;JAHR;Jahr;2019;DINSGF;Früheres Bundesgebiet / Neue Länder;DF;Früheres Bundesgebiet;WZ08C7;WZ2008 (ausgewählte Positionen): Tarifindex;WZ-X004;Verbrauchsgüterproduzenten;38,0;h;VST019;Durchschnittliche tarifliche Wochenarbeitszeit
62221;Vj. Index der Tarifverdienste und Arbeitszeiten;JAHR;Jahr;2019;DINSGF;Früheres Bundesgebiet / Neue Länder;DF;Früheres Bundesgebiet;WZ08C7;WZ2008 (ausgewählte Positionen): Tarifindex;WZ-X004;Verbrauchsgüterproduzenten;97,9;2020=100;VST066;Index d.tarifl. Monatsverdienste ohne Sonderzahl.
62221;Vj. Index der Tarifverdienste und Arbeitszeiten;JAHR;Jahr;2019;DINSGF;Früheres Bundesgebiet / Neue Länder;DF;Früheres Bundesgebiet;WZ08C7;WZ2008 (ausgewählte Positionen): Tarifindex;WZ-X004;Verbrauchsgüterproduzenten;100,0;2020=100;VST018;Index der tariflichen Wochenarbeitszeit
62221;Vj. Index der Tarifverdienste und Arbeitszeiten;JAHR;Jahr;2019;DINSGF;Früheres Bundesgebiet / Neue Länder;DF;Früheres Bundesgebiet;WZ08C7;WZ2008 (ausgewählte Positionen): Tarifindex;WZ-X004;Verbrauchsgüterproduzenten;97,9;2020=100;VST065;Index d.tarifl. Stundenverdienste ohne Sonderzahl.
62221;Vj. Index der Tarifverdienste und Arbeitszeiten;JAHR;Jahr;2018;DINSGF;Früheres Bundesgebiet / Neue Länder;DN;Neue Länder;WZ08C7;WZ2008 (ausgewählte Positionen): Tarifindex;WZ08-78;Vermittlung und Überlassung von Arbeitskräften;93,7;2020=100;VST072;Index d.tarifl. Stundenverdienste mit Sonderzahl.
62221;Vj. Index der Tarifverdienste und Arbeitszeiten;JAHR;Jahr;2018;DINSGF;Früheres Bundesgebiet / Neue Länder;DN;Neue Länder;WZ08C7;WZ2008 (ausgewählte Positionen): Tarifindex;WZ08-78;Vermittlung und Überlassung von Arbeitskräften;93,7;2020=100;VST073;Index d.tarifl. Monatsverdienste mit Sonderzahl.
62221;Vj. Index der Tarifverdienste und Arbeitszeiten;JAHR;Jahr;2018;DINSGF;Früheres Bundesgebiet / Neue Länder;DN;Neue Länder;WZ08C7;WZ2008 (ausgewählte Positionen): Tarifindex;WZ08-78;Vermittlung und Überlassung von Arbeitskräften;35,1;h;VST019;Durchschnittliche tarifliche Wochenarbeitszeit
62221;Vj. Index der Tarifverdienste und Arbeitszeiten;JAHR;Jahr;2018;DINSGF;Früheres Bundesgebiet / Neue Länder;DN;Neue Länder;WZ08C7;WZ2008 (ausgewählte Positionen): Tarifindex;WZ08-78;Vermittlung und Überlassung von Arbeitskräften;93,8;2020=100;VST066;Index d.tarifl. Monatsverdienste ohne Sonderzahl.
62221;Vj. Index der Tarifverdienste und Arbeitszeiten;JAHR;Jahr;2018;DINSGF;Früheres Bundesgebiet / Neue Länder;DN;Neue Länder;WZ08C7;WZ2008 (ausgewählte Positionen): Tarifindex;WZ08-78;Vermittlung und Überlassung von Arbeitskräften;100,0;2020=100;VST018;Index der tariflichen Wochenarbeitszeit
62221;Vj. Index der Tarifverdienste und Arbeitszeiten;JAHR;Jahr;2018;DINSGF;Früheres Bundesgebiet / Neue Länder;DN;Neue Länder;WZ08C7;WZ2008 (ausgewählte Positionen): Tarifindex;WZ08-78;Vermittlung und Überlassung von Arbeitskräften;93,8;2020=100;VST065;Index d.tarifl. Stundenverdienste ohne Sonderzahl.
62221;Vj. Index der Tarifverdienste und Arbeitszeiten;JAHR;Jahr;2020;DINSGF;Früheres Bundesgebiet / Neue Länder;DN;Neue Länder;WZ08C7;WZ2008 (ausgewählte Positionen): Tarifindex;WZ08-17;Herstellung von Papier, Pappe und Waren daraus;100,0;2020=100;VST072;Index d.tarifl. Stundenverdienste mit Sonderzahl.
62221;Vj. Index der Tarifverdienste und Arbeitszeiten;JAHR;Jahr;2020;DINSGF;Früheres Bundesgebiet / Neue Länder;DN;Neue Länder;WZ08C7;WZ2008 (ausgewählte Positionen): Tarifindex;WZ08-17;Herstellung von Papier, Pappe und Waren daraus;100,0;2020=100;VST073;Index d.tarifl. Monatsverdienste mit Sonderzahl.
62221;Vj. Index der Tarifverdienste und Arbeitszeiten;JAHR;Jahr;2020;DINSGF;Früheres Bundesgebiet / Neue Länder;DN;Neue Länder;WZ08C7;WZ2008 (ausgewählte Positionen): Tarifindex;WZ08-17;Herstellung von Papier, Pappe und Waren daraus;37,8;h;VST019;Durchschnittliche tarifliche Wochenarbeitszeit
62221;Vj. Index der Tarifverdienste und Arbeitszeiten;JAHR;Jahr;2020;DINSGF;Früheres Bundesgebiet / Neue Länder;DN;Neue Länder;WZ08C7;WZ2008 (ausgewählte Positionen): Tarifindex;WZ08-17;Herstellung von Papier, Pappe und Waren daraus;100,0;2020=100;VST066;Index d.tarifl. Monatsverdienste ohne Sonderzahl.
62221;Vj. Index der Tarifverdienste und Arbeitszeiten;JAHR;Jahr;2020;DINSGF;Früheres Bundesgebiet / Neue Länder;DN;Neue Länder;WZ08C7;WZ2008 (ausgewählte Positionen): Tarifindex;WZ08-17;Herstellung von Papier, Pappe und Waren daraus;100,0;2020=100;VST018;Index der tariflichen Wochenarbeitszeit
62221;Vj. Index der Tarifverdienste und Arbeitszeiten;JAHR;Jahr;2020;DINSGF;Früheres Bundesgebiet / Neue Länder;DN;Neue Länder;WZ08C7;WZ2008 (ausgewählte Positionen): Tarifindex;WZ08-17;Herstellung von Papier, Pappe und Waren daraus;100,0;2020=100;VST065;Index d.tarifl. Stundenverdienste ohne Sonderzahl.
62221;Vj. Index der Tarifverdienste und Arbeitszeiten;JAHR;Jahr;2018;DINSGF;Früheres Bundesgebiet / Neue Länder;DF;Früheres Bundesgebiet;WZ08C7;WZ2008 (ausgewählte Positionen): Tarifindex;WZ08-24-01;Metallgewerbe;96,0;2020=100;VST072;Index d.tarifl. Stundenverdienste mit Sonderzahl.
62221;Vj. Index der Tarifverdienste und Arbeitszeiten;JAHR;Jahr;2018;DINSGF;Früheres Bundesgebiet / Neue Länder;DF;Früheres Bundesgebiet;WZ08C7;WZ2008 (ausgewählte Positionen): Tarifindex;WZ08-24-01;Metallgewerbe;96,0;2020=100;VST073;Index d.tarifl. Monatsverdienste mit Sonderzahl.
62221;Vj. Index der Tarifverdienste und Arbeitszeiten;JAHR;Jahr;2018;DINSGF;Früheres Bundesgebiet / Neue Länder;DF;Früheres Bundesgebiet;WZ08C7;WZ2008 (ausgewählte Positionen): Tarifindex;WZ08-24-01;Metallgewerbe;35,4;h;VST019;Durchschnittliche tarifliche Wochenarbeitszeit
62221;Vj. Index der Tarifverdienste und Arbeitszeiten;JAHR;Jahr;2018;DINSGF;Früheres Bundesgebiet / Neue Länder;DF;Früheres Bundesgebiet;WZ08C7;WZ2008 (ausgewählte Positionen): Tarifindex;WZ08-24-01;Metallgewerbe;98,2;2020=100;VST066;Index d.tarifl. Monatsverdienste ohne Sonderzahl.
62221;Vj. Index der Tarifverdienste und Arbeitszeiten;JAHR;Jahr;2018;DINSGF;Früheres Bundesgebiet / Neue Länder;DF;Früheres Bundesgebiet;WZ08C7;WZ2008 (ausgewählte Positionen): Tarifindex;WZ08-24-01;Metallgewerbe;100,0;2020=100;VST018;Index der tariflichen Wochenarbeitszeit
62221;Vj. Index der Tarifverdienste und Arbeitszeiten;JAHR;Jahr;2018;DINSGF;Früheres Bundesgebiet / Neue Länder;DF;Früheres Bundesgebiet;WZ08C7;WZ2008 (ausgewählte Positionen): Tarifindex;WZ08-24-01;Metallgewerbe;98,2;2020=100;VST065;Index d.tarifl. Stundenverdienste ohne Sonderzahl.
62221;Vj. Index der Tarifverdienste und Arbeitszeiten;JAHR;Jahr;2018;DINSGF;Früheres Bundesgebiet / Neue Länder;DN;Neue Länder;WZ08C7;WZ2008 (ausgewählte Positionen): Tarifindex;WZ08-66;Mit Finanz- u. Versicherungsdienstl. verb. Tätigk.;96,4;2020=100;VST072;Index d.tarifl. Stundenverdienste mit Sonderzahl.
62221;Vj. Index der Tarifverdienste und Arbeitszeiten;JAHR;Jahr;2018;DINSGF;Früheres Bundesgebiet / Neue Länder;DN;Neue Länder;WZ08C7;WZ2008 (ausgewählte Positionen): Tarifindex;WZ08-66;Mit Finanz- u. Versicherungsdienstl. verb. Tätigk.;96,4;2020=100;VST073;Index d.tarifl. Monatsverdienste mit Sonderzahl.
62221;Vj. Index der Tarifverdienste und Arbeitszeiten;JAHR;Jahr;2018;DINSGF;Früheres Bundesgebiet / Neue Länder;DN;Neue Länder;WZ08C7;WZ2008 (ausgewählte Positionen): Tarifindex;WZ08-66;Mit Finanz- u. Versicherungsdienstl. verb. Tätigk.;38,1;h;VST019;Durchschnittliche tarifliche Wochenarbeitszeit
62221;Vj. Index der Tarifverdienste und Arbeitszeiten;JAHR;Jahr;2018;DINSGF;Früheres Bundesgebiet / Neue Länder;DN;Neue Länder;WZ08C7;WZ2008 (ausgewählte Positionen): Tarifindex;WZ08-66;Mit Finanz- u. Versicherungsdienstl. verb. Tätigk.;96,5;2020=100;VST066;Index d.tarifl. Monatsverdienste ohne Sonderzahl.
62221;Vj. Index der Tarifverdienste und Arbeitszeiten;JAHR;Jahr;2018;DINSGF;Früheres Bundesgebiet / Neue Länder;DN;Neue Länder;WZ08C7;WZ2008 (ausgewählte Positionen): Tarifindex;WZ08-66;Mit Finanz- u. Versicherungsdienstl. verb. Tätigk.;100,0;2020=100;VST018;Index der tariflichen Wochenarbeitszeit
62221;Vj. Index der Tarifverdienste und Arbeitszeiten;JAHR;Jahr;2018;DINSGF;Früheres Bundesgebiet / Neue Länder;DN;Neue Länder;WZ08C7;WZ2008 (ausgewählte Positionen): Tarifindex;WZ08-66;Mit Finanz- u. Versicherungsdienstl. verb. Tätigk.;96,5;2020=100;VST065;Index d.tarifl. Stundenverdienste ohne Sonderzahl.
62221;Vj. Index der Tarifverdienste und Arbeitszeiten;JAHR;Jahr;2016;DINSGF;Früheres Bundesgebiet / Neue Länder;DF;Früheres Bundesgebiet;WZ08C7;WZ2008 (ausgewählte Positionen): Tarifindex;WZ08-51;Luftfahrt;100,3;2020=100;VST072;Index d.tarifl. Stundenverdienste mit Sonderzahl.
62221;Vj. Index der Tarifverdienste und Arbeitszeiten;JAHR;Jahr;2016;DINSGF;Früheres Bundesgebiet / Neue Länder;DF;Früheres Bundesgebiet;WZ08C7;WZ2008 (ausgewählte Positionen): Tarifindex;WZ08-51;Luftfahrt;100,3;2020=100;VST073;Index d.tarifl. Monatsverdienste mit Sonderzahl.
62221;Vj. Index der Tarifverdienste und Arbeitszeiten;JAHR;Jahr;2016;DINSGF;Früheres Bundesgebiet / Neue Länder;DF;Früheres Bundesgebiet;WZ08C7;WZ2008 (ausgewählte Positionen): Tarifindex;WZ08-51;Luftfahrt;38,0;h;VST019;Durchschnittliche tarifliche Wochenarbeitszeit
62221;Vj. Index der Tarifverdienste und Arbeitszeiten;JAHR;Jahr;2016;DINSGF;Früheres Bundesgebiet / Neue Länder;DF;Früheres Bundesgebiet;WZ08C7;WZ2008 (ausgewählte Positionen): Tarifindex;WZ08-51;Luftfahrt;92,3;2020=100;VST066;Index d.tarifl. Monatsverdienste ohne Sonderzahl.
62221;Vj. Index der Tarifverdienste und Arbeitszeiten;JAHR;Jahr;2016;DINSGF;Früheres Bundesgebiet / Neue Länder;DF;Früheres Bundesgebiet;WZ08C7;WZ2008 (ausgewählte Positionen): Tarifindex;WZ08-51;Luftfahrt;100,0;2020=100;VST018;Index der tariflichen Wochenarbeitszeit
62221;Vj. Index der Tarifverdienste und Arbeitszeiten;JAHR;Jahr;2016;DINSGF;Früheres Bundesgebiet / Neue Länder;DF;Früheres Bundesgebiet;WZ08C7;WZ2008 (ausgewählte Positionen): Tarifindex;WZ08-51;Luftfahrt;92,3;2020=100;VST065;Index d.tarifl. Stundenverdienste ohne Sonderzahl.
62221;Vj. Index der Tarifverdienste und Arbeitszeiten;JAHR;Jahr;2017;DINSGF;Früheres Bundesgebiet / Neue Länder;DN;Neue Länder;WZ08C7;WZ2008 (ausgewählte Positionen): Tarifindex;WZ08-01-01;Land- und Forstwirtschaft;88,5;2020=100;VST072;Index d.tarifl. Stundenverdienste mit Sonderzahl.
62221;Vj. Index der Tarifverdienste und Arbeitszeiten;JAHR;Jahr;2017;DINSGF;Früheres Bundesgebiet / Neue Länder;DN;Neue Länder;WZ08C7;WZ2008 (ausgewählte Positionen): Tarifindex;WZ08-01-01;Land- und Forstwirtschaft;88,5;2020=100;VST073;Index d.tarifl. Monatsverdienste mit Sonderzahl.
62221;Vj. Index der Tarifverdienste und Arbeitszeiten;JAHR;Jahr;2017;DINSGF;Früheres Bundesgebiet / Neue Länder;DN;Neue Länder;WZ08C7;WZ2008 (ausgewählte Positionen): Tarifindex;WZ08-01-01;Land- und Forstwirtschaft;39,8;h;VST019;Durchschnittliche tarifliche Wochenarbeitszeit
62221;Vj. Index der Tarifverdienste und Arbeitszeiten;JAHR;Jahr;2017;DINSGF;Früheres Bundesgebiet / Neue Länder;DN;Neue Länder;WZ08C7;WZ2008 (ausgewählte Positionen): Tarifindex;WZ08-01-01;Land- und Forstwirtschaft;88,1;2020=100;VST066;Index d.tarifl. Monatsverdienste ohne Sonderzahl.
62221;Vj. Index der Tarifverdienste und Arbeitszeiten;JAHR;Jahr;2017;DINSGF;Früheres Bundesgebiet / Neue Länder;DN;Neue Länder;WZ08C7;WZ2008 (ausgewählte Positionen): Tarifindex;WZ08-01-01;Land- und Forstwirtschaft;100,0;2020=100;VST018;Index der tariflichen Wochenarbeitszeit
62221;Vj. Index der Tarifverdienste und Arbeitszeiten;JAHR;Jahr;2017;DINSGF;Früheres Bundesgebiet / Neue Länder;DN;Neue Länder;WZ08C7;WZ2008 (ausgewählte Positionen): Tarifindex;WZ08-01-01;Land- und Forstwirtschaft;88,1;2020=100;VST065;Index d.tarifl. Stundenverdienste ohne Sonderzahl.
62221;Vj. Index der Tarifverdienste und Arbeitszeiten;JAHR;Jahr;2016;DINSGF;Früheres Bundesgebiet / Neue Länder;DF;Früheres Bundesgebiet;WZ08C7;WZ2008 (ausgewählte Positionen): Tarifindex;WZ08-36;Wasserversorgung;90,2;2020=100;VST072;Index d.tarifl. Stundenverdienste mit Sonderzahl.
62221;Vj. Index der Tarifverdienste und Arbeitszeiten;JAHR;Jahr;2016;DINSGF;Früheres Bundesgebiet / Neue Länder;DF;Früheres Bundesgebiet;WZ08C7;WZ2008 (ausgewählte Positionen): Tarifindex;WZ08-36;Wasserversorgung;90,2;2020=100;VST073;Index d.tarifl. Monatsverdienste mit Sonderzahl.
62221;Vj. Index der Tarifverdienste und Arbeitszeiten;JAHR;Jahr;2016;DINSGF;Früheres Bundesgebiet / Neue Länder;DF;Früheres Bundesgebiet;WZ08C7;WZ2008 (ausgewählte Positionen): Tarifindex;WZ08-36;Wasserversorgung;39,0;h;VST019;Durchschnittliche tarifliche Wochenarbeitszeit
62221;Vj. Index der Tarifverdienste und Arbeitszeiten;JAHR;Jahr;2016;DINSGF;Früheres Bundesgebiet / Neue Länder;DF;Früheres Bundesgebiet;WZ08C7;WZ2008 (ausgewählte Positionen): Tarifindex;WZ08-36;Wasserversorgung;89,8;2020=100;VST066;Index d.tarifl. Monatsverdienste ohne Sonderzahl.
62221;Vj. Index der Tarifverdienste und Arbeitszeiten;JAHR;Jahr;2016;DINSGF;Früheres Bundesgebiet / Neue Länder;DF;Früheres Bundesgebiet;WZ08C7;WZ2008 (ausgewählte Positionen): Tarifindex;WZ08-36;Wasserversorgung;100,0;2020=100;VST018;Index der tariflichen Wochenarbeitszeit
62221;Vj. Index der Tarifverdienste und Arbeitszeiten;JAHR;Jahr;2016;DINSGF;Früheres Bundesgebiet / Neue Länder;DF;Früheres Bundesgebiet;WZ08C7;WZ2008 (ausgewählte Positionen): Tarifindex;WZ08-36;Wasserversorgung;89,8;2020=100;VST065;Index d.tarifl. Stundenverdienste ohne Sonderzahl.
62221;Vj. Index der Tarifverdienste und Arbeitszeiten;JAHR;Jahr;2018;DINSGF;Früheres Bundesgebiet / Neue Länder;DN;Neue Länder;WZ08C7;WZ2008 (ausgewählte Positionen): Tarifindex;WZ08-63;Informationsdienstleistungen;95,0;2020=100;VST072;Index d.tarifl. Stundenverdienste mit Sonderzahl.
62221;Vj. Index der Tarifverdienste und Arbeitszeiten;JAHR;Jahr;2018;DINSGF;Früheres Bundesgebiet / Neue Länder;DN;Neue Länder;WZ08C7;WZ2008 (ausgewählte Positionen): Tarifindex;WZ08-63;Informationsdienstleistungen;95,0;2020=100;VST073;Index d.tarifl. Monatsverdienste mit Sonderzahl.
62221;Vj. Index der Tarifverdienste und Arbeitszeiten;JAHR;Jahr;2018;DINSGF;Früheres Bundesgebiet / Neue Länder;DN;Neue Länder;WZ08C7;WZ2008 (ausgewählte Positionen): Tarifindex;WZ08-63;Informationsdienstleistungen;39,1;h;VST019;Durchschnittliche tarifliche Wochenarbeitszeit
62221;Vj. Index der Tarifverdienste und Arbeitszeiten;JAHR;Jahr;2018;DINSGF;Früheres Bundesgebiet / Neue Länder;DN;Neue Länder;WZ08C7;WZ2008 (ausgewählte Positionen): Tarifindex;WZ08-63;Informationsdienstleistungen;94,6;2020=100;VST066;Index d.tarifl. Monatsverdienste ohne Sonderzahl.
62221;Vj. Index der Tarifverdienste und Arbeitszeiten;JAHR;Jahr;2018;DINSGF;Früheres Bundesgebiet / Neue Länder;DN;Neue Länder;WZ08C7;WZ2008 (ausgewählte Positionen): Tarifindex;WZ08-63;Informationsdienstleistungen;100,0;2020=100;VST018;Index der tariflichen Wochenarbeitszeit
62221;Vj. Index der Tarifverdienste und Arbeitszeiten;JAHR;Jahr;2018;DINSGF;Früheres Bundesgebiet / Neue Länder;DN;Neue Länder;WZ08C7;WZ2008 (ausgewählte Positionen): Tarifindex;WZ08-63;Informationsdienstleistungen;94,6;2020=100;VST065;Index d.tarifl. Stundenverdienste ohne Sonderzahl.
62221;Vj. Index der Tarifverdienste und Arbeitszeiten;JAHR;Jahr;2019;DINSGF;Früheres Bundesgebiet / Neue Länder;DF;Früheres Bundesgebiet;WZ08C7;WZ2008 (ausgewählte Positionen): Tarifindex;WZ08-64;Erbringung von Finanzdienstleistungen;97,7;2020=100;VST072;Index d.tarifl. Stundenverdienste mit Sonderzahl.
62221;Vj. Index der Tarifverdienste und Arbeitszeiten;JAHR;Jahr;2019;DINSGF;Früheres Bundesgebiet / Neue Länder;DF;Früheres Bundesgebiet;WZ08C7;WZ2008 (ausgewählte Positionen): Tarifindex;WZ08-64;Erbringung von Finanzdienstleistungen;97,7;2020=100;VST073;Index d.tarifl. Monatsverdienste mit Sonderzahl.
62221;Vj. Index der Tarifverdienste und Arbeitszeiten;JAHR;Jahr;2019;DINSGF;Früheres Bundesgebiet / Neue Länder;DF;Früheres Bundesgebiet;WZ08C7;WZ2008 (ausgewählte Positionen): Tarifindex;WZ08-64;Erbringung von Finanzdienstleistungen;39,0;h;VST019;Durchschnittliche tarifliche Wochenarbeitszeit
62221;Vj. Index der Tarifverdienste und Arbeitszeiten;JAHR;Jahr;2019;DINSGF;Früheres Bundesgebiet / Neue Länder;DF;Früheres Bundesgebiet;WZ08C7;WZ2008 (ausgewählte Positionen): Tarifindex;WZ08-64;Erbringung von Finanzdienstleistungen;98,0;2020=100;VST066;Index d.tarifl. Monatsverdienste ohne Sonderzahl.
62221;Vj. Index der Tarifverdienste und Arbeitszeiten;JAHR;Jahr;2019;DINSGF;Früheres Bundesgebiet / Neue Länder;DF;Früheres Bundesgebiet;WZ08C7;WZ2008 (ausgewählte Positionen): Tarifindex;WZ08-64;Erbringung von Finanzdienstleistungen;100,0;2020=100;VST018;Index der tariflichen Wochenarbeitszeit
62221;Vj. Index der Tarifverdienste und Arbeitszeiten;JAHR;Jahr;2019;DINSGF;Früheres Bundesgebiet / Neue Länder;DF;Früheres Bundesgebiet;WZ08C7;WZ2008 (ausgewählte Positionen): Tarifindex;WZ08-64;Erbringung von Finanzdienstleistungen;98,0;2020=100;VST065;Index d.tarifl. Stundenverdienste ohne Sonderzahl.
62221;Vj. Index der Tarifverdienste und Arbeitszeiten;JAHR;Jahr;2017;DINSGF;Früheres Bundesgebiet / Neue Länder;DN;Neue Länder;WZ08C7;WZ2008 (ausgewählte Positionen): Tarifindex;WZ08-80;Wach- und Sicherheitsdienste sowie Detekteien;87,1;2020=100;VST072;Index d.tarifl. Stundenverdienste mit Sonderzahl.
62221;Vj. Index der Tarifverdienste und Arbeitszeiten;JAHR;Jahr;2017;DINSGF;Früheres Bundesgebiet / Neue Länder;DN;Neue Länder;WZ08C7;WZ2008 (ausgewählte Positionen): Tarifindex;WZ08-80;Wach- und Sicherheitsdienste sowie Detekteien;87,1;2020=100;VST073;Index d.tarifl. Monatsverdienste mit Sonderzahl.
62221;Vj. Index der Tarifverdienste und Arbeitszeiten;JAHR;Jahr;2017;DINSGF;Früheres Bundesgebiet / Neue Länder;DN;Neue Länder;WZ08C7;WZ2008 (ausgewählte Positionen): Tarifindex;WZ08-80;Wach- und Sicherheitsdienste sowie Detekteien;40,0;h;VST019;Durchschnittliche tarifliche Wochenarbeitszeit
62221;Vj. Index der Tarifverdienste und Arbeitszeiten;JAHR;Jahr;2017;DINSGF;Früheres Bundesgebiet / Neue Länder;DN;Neue Länder;WZ08C7;WZ2008 (ausgewählte Positionen): Tarifindex;WZ08-80;Wach- und Sicherheitsdienste sowie Detekteien;87,0;2020=100;VST066;Index d.tarifl. Monatsverdienste ohne Sonderzahl.
62221;Vj. Index der Tarifverdienste und Arbeitszeiten;JAHR;Jahr;2017;DINSGF;Früheres Bundesgebiet / Neue Länder;DN;Neue Länder;WZ08C7;WZ2008 (ausgewählte Positionen): Tarifindex;WZ08-80;Wach- und Sicherheitsdienste sowie Detekteien;100,0;2020=100;VST018;Index der tariflichen Wochenarbeitszeit
62221;Vj. Index der Tarifverdienste und Arbeitszeiten;JAHR;Jahr;2017;DINSGF;Früheres Bundesgebiet / Neue Länder;DN;Neue Länder;WZ08C7;WZ2008 (ausgewählte Positionen): Tarifindex;WZ08-80;Wach- und Sicherheitsdienste sowie Detekteien;87,0;2020=100;VST065;Index d.tarifl. Stundenverdienste ohne Sonderzahl.
62221;Vj. Index der Tarifverdienste und Arbeitszeiten;JAHR;Jahr;2019;DINSGF;Früheres Bundesgebiet / Neue Länder;DF;Früheres Bundesgebiet;WZ08C7;WZ2008 (ausgewählte Positionen): Tarifindex;WZ08-79;Reisebüros, -veranstalter u. sonst. Reservierungen;99,6;2020=100;VST072;Index d.tarifl. Stundenverdienste mit Sonderzahl.
62221;Vj. Index der Tarifverdienste und Arbeitszeiten;JAHR;Jahr;2019;DINSGF;Früheres Bundesgebiet / Neue Länder;DF;Früheres Bundesgebiet;WZ08C7;WZ2008 (ausgewählte Positionen): Tarifindex;WZ08-79;Reisebüros, -veranstalter u. sonst. Reservierungen;99,6;2020=100;VST073;Index d.tarifl. Monatsverdienste mit Sonderzahl.
62221;Vj. Index der Tarifverdienste und Arbeitszeiten;JAHR;Jahr;2019;DINSGF;Früheres Bundesgebiet / Neue Länder;DF;Früheres Bundesgebiet;WZ08C7;WZ2008 (ausgewählte Positionen): Tarifindex;WZ08-79;Reisebüros, -veranstalter u. sonst. Reservierungen;38,7;h;VST019;Durchschnittliche tarifliche Wochenarbeitszeit
62221;Vj. Index der Tarifverdienste und Arbeitszeiten;JAHR;Jahr;2019;DINSGF;Früheres Bundesgebiet / Neue Länder;DF;Früheres Bundesgebiet;WZ08C7;WZ2008 (ausgewählte Positionen): Tarifindex;WZ08-79;Reisebüros, -veranstalter u. sonst. Reservierungen;99,5;2020=100;VST066;Index d.tarifl. Monatsverdienste ohne Sonderzahl.
62221;Vj. Index der Tarifverdienste und Arbeitszeiten;JAHR;Jahr;2019;DINSGF;Früheres Bundesgebiet / Neue Länder;DF;Früheres Bundesgebiet;WZ08C7;WZ2008 (ausgewählte Positionen): Tarifindex;WZ08-79;Reisebüros, -veranstalter u. sonst. Reservierungen;100,0;2020=100;VST018;Index der tariflichen Wochenarbeitszeit
62221;Vj. Index der Tarifverdienste und Arbeitszeiten;JAHR;Jahr;2019;DINSGF;Früheres Bundesgebiet / Neue Länder;DF;Früheres Bundesgebiet;WZ08C7;WZ2008 (ausgewählte Positionen): Tarifindex;WZ08-79;Reisebüros, -veranstalter u. sonst. Reservierungen;99,5;2020=100;VST065;Index d.tarifl. Stundenverdienste ohne Sonderzahl.
62221;Vj. Index der Tarifverdienste und Arbeitszeiten;JAHR;Jahr;2020;DINSGF;Früheres Bundesgebiet / Neue Länder;DF;Früheres Bundesgebiet;WZ08C7;WZ2008 (ausgewählte Positionen): Tarifindex;WZ08-S;Erbringung von sonstigen Dienstleistungen;100,0;2020=100;VST072;Index d.tarifl. Stundenverdienste mit Sonderzahl.
62221;Vj. Index der Tarifverdienste und Arbeitszeiten;JAHR;Jahr;2020;DINSGF;Früheres Bundesgebiet / Neue Länder;DF;Früheres Bundesgebiet;WZ08C7;WZ2008 (ausgewählte Positionen): Tarifindex;WZ08-S;Erbringung von sonstigen Dienstleistungen;100,0;2020=100;VST073;Index d.tarifl. Monatsverdienste mit Sonderzahl.
62221;Vj. Index der Tarifverdienste und Arbeitszeiten;JAHR;Jahr;2020;DINSGF;Früheres Bundesgebiet / Neue Länder;DF;Früheres Bundesgebiet;WZ08C7;WZ2008 (ausgewählte Positionen): Tarifindex;WZ08-S;Erbringung von sonstigen Dienstleistungen;39,1;h;VST019;Durchschnittliche tarifliche Wochenarbeitszeit
62221;Vj. Index der Tarifverdienste und Arbeitszeiten;JAHR;Jahr;2020;DINSGF;Früheres Bundesgebiet / Neue Länder;DF;Früheres Bundesgebiet;WZ08C7;WZ2008 (ausgewählte Positionen): Tarifindex;WZ08-S;Erbringung von sonstigen Dienstleistungen;100,0;2020=100;VST066;Index d.tarifl. Monatsverdienste ohne Sonderzahl.
62221;Vj. Index der Tarifverdienste und Arbeitszeiten;JAHR;Jahr;2020;DINSGF;Früheres Bundesgebiet / Neue Länder;DF;Früheres Bundesgebiet;WZ08C7;WZ2008 (ausgewählte Positionen): Tarifindex;WZ08-S;Erbringung von sonstigen Dienstleistungen;100,0;2020=100;VST018;Index der tariflichen Wochenarbeitszeit
62221;Vj. Index der Tarifverdienste und Arbeitszeiten;JAHR;Jahr;2020;DINSGF;Früheres Bundesgebiet / Neue Länder;DF;Früheres Bundesgebiet;WZ08C7;WZ2008 (ausgewählte Positionen): Tarifindex;WZ08-S;Erbringung von sonstigen Dienstleistungen;100,0;2020=100;VST065;Index d.tarifl. Stundenverdienste ohne Sonderzahl.
62221;Vj. Index der Tarifverdienste und Arbeitszeiten;JAHR;Jahr;2018;DINSGF;Früheres Bundesgebiet / Neue Länder;DF;Früheres Bundesgebiet;WZ08C7;WZ2008 (ausgewählte Positionen): Tarifindex;WZ08-13-01;Textil- und Bekleidungsgewerbe;95,7;2020=100;VST072;Index d.tarifl. Stundenverdienste mit Sonderzahl.
62221;Vj. Index der Tarifverdienste und Arbeitszeiten;JAHR;Jahr;2018;DINSGF;Früheres Bundesgebiet / Neue Länder;DF;Früheres Bundesgebiet;WZ08C7;WZ2008 (ausgewählte Positionen): Tarifindex;WZ08-13-01;Textil- und Bekleidungsgewerbe;95,7;2020=100;VST073;Index d.tarifl. Monatsverdienste mit Sonderzahl.
62221;Vj. Index der Tarifverdienste und Arbeitszeiten;JAHR;Jahr;2018;DINSGF;Früheres Bundesgebiet / Neue Länder;DF;Früheres Bundesgebiet;WZ08C7;WZ2008 (ausgewählte Positionen): Tarifindex;WZ08-13-01;Textil- und Bekleidungsgewerbe;37,1;h;VST019;Durchschnittliche tarifliche Wochenarbeitszeit
62221;Vj. Index der Tarifverdienste und Arbeitszeiten;JAHR;Jahr;2018;DINSGF;Früheres Bundesgebiet / Neue Länder;DF;Früheres Bundesgebiet;WZ08C7;WZ2008 (ausgewählte Positionen): Tarifindex;WZ08-13-01;Textil- und Bekleidungsgewerbe;95,9;2020=100;VST066;Index d.tarifl. Monatsverdienste ohne Sonderzahl.
62221;Vj. Index der Tarifverdienste und Arbeitszeiten;JAHR;Jahr;2018;DINSGF;Früheres Bundesgebiet / Neue Länder;DF;Früheres Bundesgebiet;WZ08C7;WZ2008 (ausgewählte Positionen): Tarifindex;WZ08-13-01;Textil- und Bekleidungsgewerbe;100,0;2020=100;VST018;Index der tariflichen Wochenarbeitszeit
62221;Vj. Index der Tarifverdienste und Arbeitszeiten;JAHR;Jahr;2018;DINSGF;Früheres Bundesgebiet / Neue Länder;DF;Früheres Bundesgebiet;WZ08C7;WZ2008 (ausgewählte Positionen): Tarifindex;WZ08-13-01;Textil- und Bekleidungsgewerbe;95,9;2020=100;VST065;Index d.tarifl. Stundenverdienste ohne Sonderzahl.
62221;Vj. Index der Tarifverdienste und Arbeitszeiten;JAHR;Jahr;2021;DINSGF;Früheres Bundesgebiet / Neue Länder;DF;Früheres Bundesgebiet;WZ08C7;WZ2008 (ausgewählte Positionen): Tarifindex;WZ08-K;Erbringung v. Finanz- u. Versicherungsdienstleist.;101,1;2020=100;VST072;Index d.tarifl. Stundenverdienste mit Sonderzahl.
62221;Vj. Index der Tarifverdienste und Arbeitszeiten;JAHR;Jahr;2021;DINSGF;Früheres Bundesgebiet / Neue Länder;DF;Früheres Bundesgebiet;WZ08C7;WZ2008 (ausgewählte Positionen): Tarifindex;WZ08-K;Erbringung v. Finanz- u. Versicherungsdienstleist.;101,1;2020=100;VST073;Index d.tarifl. Monatsverdienste mit Sonderzahl.
62221;Vj. Index der Tarifverdienste und Arbeitszeiten;JAHR;Jahr;2021;DINSGF;Früheres Bundesgebiet / Neue Länder;DF;Früheres Bundesgebiet;WZ08C7;WZ2008 (ausgewählte Positionen): Tarifindex;WZ08-K;Erbringung v. Finanz- u. Versicherungsdienstleist.;38,7;h;VST019;Durchschnittliche tarifliche Wochenarbeitszeit
62221;Vj. Index der Tarifverdienste und Arbeitszeiten;JAHR;Jahr;2021;DINSGF;Früheres Bundesgebiet / Neue Länder;DF;Früheres Bundesgebiet;WZ08C7;WZ2008 (ausgewählte Positionen): Tarifindex;WZ08-K;Erbringung v. Finanz- u. Versicherungsdienstleist.;101,4;2020=100;VST066;Index d.tarifl. Monatsverdienste ohne Sonderzahl.
62221;Vj. Index der Tarifverdienste und Arbeitszeiten;JAHR;Jahr;2021;DINSGF;Früheres Bundesgebiet / Neue Länder;DF;Früheres Bundesgebiet;WZ08C7;WZ2008 (ausgewählte Positionen): Tarifindex;WZ08-K;Erbringung v. Finanz- u. Versicherungsdienstleist.;100,0;2020=100;VST018;Index der tariflichen Wochenarbeitszeit
62221;Vj. Index der Tarifverdienste und Arbeitszeiten;JAHR;Jahr;2021;DINSGF;Früheres Bundesgebiet / Neue Länder;DF;Früheres Bundesgebiet;WZ08C7;WZ2008 (ausgewählte Positionen): Tarifindex;WZ08-K;Erbringung v. Finanz- u. Versicherungsdienstleist.;101,4;2020=100;VST065;Index d.tarifl. Stundenverdienste ohne Sonderzahl.
62221;Vj. Index der Tarifverdienste und Arbeitszeiten;JAHR;Jahr;2025;DINSGF;Früheres Bundesgebiet / Neue Länder;DN;Neue Länder;WZ08C7;WZ2008 (ausgewählte Positionen): Tarifindex;WZ08-B-09;Produzierendes Gewerbe und wirtschaftl. Dienstl.;118,6;2020=100;VST072;Index d.tarifl. Stundenverdienste mit Sonderzahl.
62221;Vj. Index der Tarifverdienste und Arbeitszeiten;JAHR;Jahr;2025;DINSGF;Früheres Bundesgebiet / Neue Länder;DN;Neue Länder;WZ08C7;WZ2008 (ausgewählte Positionen): Tarifindex;WZ08-B-09;Produzierendes Gewerbe und wirtschaftl. Dienstl.;118,2;2020=100;VST073;Index d.tarifl. Monatsverdienste mit Sonderzahl.
62221;Vj. Index der Tarifverdienste und Arbeitszeiten;JAHR;Jahr;2025;DINSGF;Früheres Bundesgebiet / Neue Länder;DN;Neue Länder;WZ08C7;WZ2008 (ausgewählte Positionen): Tarifindex;WZ08-B-09;Produzierendes Gewerbe und wirtschaftl. Dienstl.;38,4;h;VST019;Durchschnittliche tarifliche Wochenarbeitszeit
62221;Vj. Index der Tarifverdienste und Arbeitszeiten;JAHR;Jahr;2025;DINSGF;Früheres Bundesgebiet / Neue Länder;DN;Neue Länder;WZ08C7;WZ2008 (ausgewählte Positionen): Tarifindex;WZ08-B-09;Produzierendes Gewerbe und wirtschaftl. Dienstl.;118,0;2020=100;VST066;Index d.tarifl. Monatsverdienste ohne Sonderzahl.
62221;Vj. Index der Tarifverdienste und Arbeitszeiten;JAHR;Jahr;2025;DINSGF;Früheres Bundesgebiet / Neue Länder;DN;Neue Länder;WZ08C7;WZ2008 (ausgewählte Positionen): Tarifindex;WZ08-B-09;Produzierendes Gewerbe und wirtschaftl. Dienstl.;99,7;2020=100;VST018;Index der tariflichen Wochenarbeitszeit
62221;Vj. Index der Tarifverdienste und Arbeitszeiten;JAHR;Jahr;2025;DINSGF;Früheres Bundesgebiet / Neue Länder;DN;Neue Länder;WZ08C7;WZ2008 (ausgewählte Positionen): Tarifindex;WZ08-B-09;Produzierendes Gewerbe und wirtschaftl. Dienstl.;118,4;2020=100;VST065;Index d.tarifl. Stundenverdienste ohne Sonderzahl.
62221;Vj. Index der Tarifverdienste und Arbeitszeiten;JAHR;Jahr;2018;DINSGF;Früheres Bundesgebiet / Neue Länder;DN;Neue Länder;WZ08C7;WZ2008 (ausgewählte Positionen): Tarifindex;WZ-X003;Gebrauchsgüterproduzenten;95,7;2020=100;VST072;Index d.tarifl. Stundenverdienste mit Sonderzahl.
62221;Vj. Index der Tarifverdienste und Arbeitszeiten;JAHR;Jahr;2018;DINSGF;Früheres Bundesgebiet / Neue Länder;DN;Neue Länder;WZ08C7;WZ2008 (ausgewählte Positionen): Tarifindex;WZ-X003;Gebrauchsgüterproduzenten;96,0;2020=100;VST073;Index d.tarifl. Monatsverdienste mit Sonderzahl.
62221;Vj. Index der Tarifverdienste und Arbeitszeiten;JAHR;Jahr;2018;DINSGF;Früheres Bundesgebiet / Neue Länder;DN;Neue Länder;WZ08C7;WZ2008 (ausgewählte Positionen): Tarifindex;WZ-X003;Gebrauchsgüterproduzenten;37,8;h;VST019;Durchschnittliche tarifliche Wochenarbeitszeit
62221;Vj. Index der Tarifverdienste und Arbeitszeiten;JAHR;Jahr;2018;DINSGF;Früheres Bundesgebiet / Neue Länder;DN;Neue Länder;WZ08C7;WZ2008 (ausgewählte Positionen): Tarifindex;WZ-X003;Gebrauchsgüterproduzenten;97,3;2020=100;VST066;Index d.tarifl. Monatsverdienste ohne Sonderzahl.
62221;Vj. Index der Tarifverdienste und Arbeitszeiten;JAHR;Jahr;2018;DINSGF;Früheres Bundesgebiet / Neue Länder;DN;Neue Länder;WZ08C7;WZ2008 (ausgewählte Positionen): Tarifindex;WZ-X003;Gebrauchsgüterproduzenten;100,4;2020=100;VST018;Index der tariflichen Wochenarbeitszeit
62221;Vj. Index der Tarifverdienste und Arbeitszeiten;JAHR;Jahr;2018;DINSGF;Früheres Bundesgebiet / Neue Länder;DN;Neue Länder;WZ08C7;WZ2008 (ausgewählte Positionen): Tarifindex;WZ-X003;Gebrauchsgüterproduzenten;97,0;2020=100;VST065;Index d.tarifl. Stundenverdienste ohne Sonderzahl.
62221;Vj. Index der Tarifverdienste und Arbeitszeiten;JAHR;Jahr;2021;DINSGF;Früheres Bundesgebiet / Neue Länder;DF;Früheres Bundesgebiet;WZ08C7;WZ2008 (ausgewählte Positionen): Tarifindex;WZ08-H;Verkehr und Lagerei;101,2;2020=100;VST072;Index d.tarifl. Stundenverdienste mit Sonderzahl.
62221;Vj. Index der Tarifverdienste und Arbeitszeiten;JAHR;Jahr;2021;DINSGF;Früheres Bundesgebiet / Neue Länder;DF;Früheres Bundesgebiet;WZ08C7;WZ2008 (ausgewählte Positionen): Tarifindex;WZ08-H;Verkehr und Lagerei;101,2;2020=100;VST073;Index d.tarifl. Monatsverdienste mit Sonderzahl.
62221;Vj. Index der Tarifverdienste und Arbeitszeiten;JAHR;Jahr;2021;DINSGF;Früheres Bundesgebiet / Neue Länder;DF;Früheres Bundesgebiet;WZ08C7;WZ2008 (ausgewählte Positionen): Tarifindex;WZ08-H;Verkehr und Lagerei;39,0;h;VST019;Durchschnittliche tarifliche Wochenarbeitszeit
62221;Vj. Index der Tarifverdienste und Arbeitszeiten;JAHR;Jahr;2021;DINSGF;Früheres Bundesgebiet / Neue Länder;DF;Früheres Bundesgebiet;WZ08C7;WZ2008 (ausgewählte Positionen): Tarifindex;WZ08-H;Verkehr und Lagerei;101,5;2020=100;VST066;Index d.tarifl. Monatsverdienste ohne Sonderzahl.
62221;Vj. Index der Tarifverdienste und Arbeitszeiten;JAHR;Jahr;2021;DINSGF;Früheres Bundesgebiet / Neue Länder;DF;Früheres Bundesgebiet;WZ08C7;WZ2008 (ausgewählte Positionen): Tarifindex;WZ08-H;Verkehr und Lagerei;100,0;2020=100;VST018;Index der tariflichen Wochenarbeitszeit
62221;Vj. Index der Tarifverdienste und Arbeitszeiten;JAHR;Jahr;2021;DINSGF;Früheres Bundesgebiet / Neue Länder;DF;Früheres Bundesgebiet;WZ08C7;WZ2008 (ausgewählte Positionen): Tarifindex;WZ08-H;Verkehr und Lagerei;101,5;2020=100;VST065;Index d.tarifl. Stundenverdienste ohne Sonderzahl.
62221;Vj. Index der Tarifverdienste und Arbeitszeiten;JAHR;Jahr;2018;DINSGF;Früheres Bundesgebiet / Neue Länder;DN;Neue Länder;WZ08C7;WZ2008 (ausgewählte Positionen): Tarifindex;WZ08-33;Reparatur u.Installation von Masch.u.Ausrüstungen;95,8;2020=100;VST072;Index d.tarifl. Stundenverdienste mit Sonderzahl.
62221;Vj. Index der Tarifverdienste und Arbeitszeiten;JAHR;Jahr;2018;DINSGF;Früheres Bundesgebiet / Neue Länder;DN;Neue Länder;WZ08C7;WZ2008 (ausgewählte Positionen): Tarifindex;WZ08-33;Reparatur u.Installation von Masch.u.Ausrüstungen;95,9;2020=100;VST073;Index d.tarifl. Monatsverdienste mit Sonderzahl.
62221;Vj. Index der Tarifverdienste und Arbeitszeiten;JAHR;Jahr;2018;DINSGF;Früheres Bundesgebiet / Neue Länder;DN;Neue Länder;WZ08C7;WZ2008 (ausgewählte Positionen): Tarifindex;WZ08-33;Reparatur u.Installation von Masch.u.Ausrüstungen;38,4;h;VST019;Durchschnittliche tarifliche Wochenarbeitszeit
62221;Vj. Index der Tarifverdienste und Arbeitszeiten;JAHR;Jahr;2018;DINSGF;Früheres Bundesgebiet / Neue Länder;DN;Neue Länder;WZ08C7;WZ2008 (ausgewählte Positionen): Tarifindex;WZ08-33;Reparatur u.Installation von Masch.u.Ausrüstungen;97,2;2020=100;VST066;Index d.tarifl. Monatsverdienste ohne Sonderzahl.
62221;Vj. Index der Tarifverdienste und Arbeitszeiten;JAHR;Jahr;2018;DINSGF;Früheres Bundesgebiet / Neue Länder;DN;Neue Länder;WZ08C7;WZ2008 (ausgewählte Positionen): Tarifindex;WZ08-33;Reparatur u.Installation von Masch.u.Ausrüstungen;100,0;2020=100;VST018;Index der tariflichen Wochenarbeitszeit
62221;Vj. Index der Tarifverdienste und Arbeitszeiten;JAHR;Jahr;2018;DINSGF;Früheres Bundesgebiet / Neue Länder;DN;Neue Länder;WZ08C7;WZ2008 (ausgewählte Positionen): Tarifindex;WZ08-33;Reparatur u.Installation von Masch.u.Ausrüstungen;97,3;2020=100;VST065;Index d.tarifl. Stundenverdienste ohne Sonderzahl.
62221;Vj. Index der Tarifverdienste und Arbeitszeiten;JAHR;Jahr;2018;DINSGF;Früheres Bundesgebiet / Neue Länder;DN;Neue Länder;WZ08C7;WZ2008 (ausgewählte Positionen): Tarifindex;WZ08-30;Sonstiger Fahrzeugbau;96,4;2020=100;VST072;Index d.tarifl. Stundenverdienste mit Sonderzahl.
62221;Vj. Index der Tarifverdienste und Arbeitszeiten;JAHR;Jahr;2018;DINSGF;Früheres Bundesgebiet / Neue Länder;DN;Neue Länder;WZ08C7;WZ2008 (ausgewählte Positionen): Tarifindex;WZ08-30;Sonstiger Fahrzeugbau;96,4;2020=100;VST073;Index d.tarifl. Monatsverdienste mit Sonderzahl.
62221;Vj. Index der Tarifverdienste und Arbeitszeiten;JAHR;Jahr;2018;DINSGF;Früheres Bundesgebiet / Neue Länder;DN;Neue Länder;WZ08C7;WZ2008 (ausgewählte Positionen): Tarifindex;WZ08-30;Sonstiger Fahrzeugbau;37,9;h;VST019;Durchschnittliche tarifliche Wochenarbeitszeit
62221;Vj. Index der Tarifverdienste und Arbeitszeiten;JAHR;Jahr;2018;DINSGF;Früheres Bundesgebiet / Neue Länder;DN;Neue Länder;WZ08C7;WZ2008 (ausgewählte Positionen): Tarifindex;WZ08-30;Sonstiger Fahrzeugbau;98,6;2020=100;VST066;Index d.tarifl. Monatsverdienste ohne Sonderzahl.
62221;Vj. Index der Tarifverdienste und Arbeitszeiten;JAHR;Jahr;2018;DINSGF;Früheres Bundesgebiet / Neue Länder;DN;Neue Länder;WZ08C7;WZ2008 (ausgewählte Positionen): Tarifindex;WZ08-30;Sonstiger Fahrzeugbau;100,0;2020=100;VST018;Index der tariflichen Wochenarbeitszeit
62221;Vj. Index der Tarifverdienste und Arbeitszeiten;JAHR;Jahr;2018;DINSGF;Früheres Bundesgebiet / Neue Länder;DN;Neue Länder;WZ08C7;WZ2008 (ausgewählte Positionen): Tarifindex;WZ08-30;Sonstiger Fahrzeugbau;98,6;2020=100;VST065;Index d.tarifl. Stundenverdienste ohne Sonderzahl.
62221;Vj. Index der Tarifverdienste und Arbeitszeiten;JAHR;Jahr;2022;DINSGF;Früheres Bundesgebiet / Neue Länder;DF;Früheres Bundesgebiet;WZ08C7;WZ2008 (ausgewählte Positionen): Tarifindex;WZ08-01-01;Land- und Forstwirtschaft;104,2;2020=100;VST072;Index d.tarifl. Stundenverdienste mit Sonderzahl.
62221;Vj. Index der Tarifverdienste und Arbeitszeiten;JAHR;Jahr;2022;DINSGF;Früheres Bundesgebiet / Neue Länder;DF;Früheres Bundesgebiet;WZ08C7;WZ2008 (ausgewählte Positionen): Tarifindex;WZ08-01-01;Land- und Forstwirtschaft;104,2;2020=100;VST073;Index d.tarifl. Monatsverdienste mit Sonderzahl.
62221;Vj. Index der Tarifverdienste und Arbeitszeiten;JAHR;Jahr;2022;DINSGF;Früheres Bundesgebiet / Neue Länder;DF;Früheres Bundesgebiet;WZ08C7;WZ2008 (ausgewählte Positionen): Tarifindex;WZ08-01-01;Land- und Forstwirtschaft;39,8;h;VST019;Durchschnittliche tarifliche Wochenarbeitszeit
62221;Vj. Index der Tarifverdienste und Arbeitszeiten;JAHR;Jahr;2022;DINSGF;Früheres Bundesgebiet / Neue Länder;DF;Früheres Bundesgebiet;WZ08C7;WZ2008 (ausgewählte Positionen): Tarifindex;WZ08-01-01;Land- und Forstwirtschaft;103,5;2020=100;VST066;Index d.tarifl. Monatsverdienste ohne Sonderzahl.
62221;Vj. Index der Tarifverdienste und Arbeitszeiten;JAHR;Jahr;2022;DINSGF;Früheres Bundesgebiet / Neue Länder;DF;Früheres Bundesgebiet;WZ08C7;WZ2008 (ausgewählte Positionen): Tarifindex;WZ08-01-01;Land- und Forstwirtschaft;100,0;2020=100;VST018;Index der tariflichen Wochenarbeitszeit
62221;Vj. Index der Tarifverdienste und Arbeitszeiten;JAHR;Jahr;2022;DINSGF;Früheres Bundesgebiet / Neue Länder;DF;Früheres Bundesgebiet;WZ08C7;WZ2008 (ausgewählte Positionen): Tarifindex;WZ08-01-01;Land- und Forstwirtschaft;103,5;2020=100;VST065;Index d.tarifl. Stundenverdienste ohne Sonderzahl.
62221;Vj. Index der Tarifverdienste und Arbeitszeiten;JAHR;Jahr;2021;DINSGF;Früheres Bundesgebiet / Neue Länder;DF;Früheres Bundesgebiet;WZ08C7;WZ2008 (ausgewählte Positionen): Tarifindex;WZ08-88;Sozialwesen (ohne Heime);101,3;2020=100;VST072;Index d.tarifl. Stundenverdienste mit Sonderzahl.
62221;Vj. Index der Tarifverdienste und Arbeitszeiten;JAHR;Jahr;2021;DINSGF;Früheres Bundesgebiet / Neue Länder;DF;Früheres Bundesgebiet;WZ08C7;WZ2008 (ausgewählte Positionen): Tarifindex;WZ08-88;Sozialwesen (ohne Heime);101,3;2020=100;VST073;Index d.tarifl. Monatsverdienste mit Sonderzahl.
62221;Vj. Index der Tarifverdienste und Arbeitszeiten;JAHR;Jahr;2021;DINSGF;Früheres Bundesgebiet / Neue Länder;DF;Früheres Bundesgebiet;WZ08C7;WZ2008 (ausgewählte Positionen): Tarifindex;WZ08-88;Sozialwesen (ohne Heime);39,1;h;VST019;Durchschnittliche tarifliche Wochenarbeitszeit
62221;Vj. Index der Tarifverdienste und Arbeitszeiten;JAHR;Jahr;2021;DINSGF;Früheres Bundesgebiet / Neue Länder;DF;Früheres Bundesgebiet;WZ08C7;WZ2008 (ausgewählte Positionen): Tarifindex;WZ08-88;Sozialwesen (ohne Heime);101,6;2020=100;VST066;Index d.tarifl. Monatsverdienste ohne Sonderzahl.
62221;Vj. Index der Tarifverdienste und Arbeitszeiten;JAHR;Jahr;2021;DINSGF;Früheres Bundesgebiet / Neue Länder;DF;Früheres Bundesgebiet;WZ08C7;WZ2008 (ausgewählte Positionen): Tarifindex;WZ08-88;Sozialwesen (ohne Heime);100,0;2020=100;VST018;Index der tariflichen Wochenarbeitszeit
62221;Vj. Index der Tarifverdienste und Arbeitszeiten;JAHR;Jahr;2021;DINSGF;Früheres Bundesgebiet / Neue Länder;DF;Früheres Bundesgebiet;WZ08C7;WZ2008 (ausgewählte Positionen): Tarifindex;WZ08-88;Sozialwesen (ohne Heime);101,6;2020=100;VST065;Index d.tarifl. Stundenverdienste ohne Sonderzahl.
62221;Vj. Index der Tarifverdienste und Arbeitszeiten;JAHR;Jahr;2018;DINSGF;Früheres Bundesgebiet / Neue Länder;DN;Neue Länder;WZ08C7;WZ2008 (ausgewählte Positionen): Tarifindex;WZ08-12;Tabakverarbeitung;95,3;2020=100;VST072;Index d.tarifl. Stundenverdienste mit Sonderzahl.
62221;Vj. Index der Tarifverdienste und Arbeitszeiten;JAHR;Jahr;2018;DINSGF;Früheres Bundesgebiet / Neue Länder;DN;Neue Länder;WZ08C7;WZ2008 (ausgewählte Positionen): Tarifindex;WZ08-12;Tabakverarbeitung;95,3;2020=100;VST073;Index d.tarifl. Monatsverdienste mit Sonderzahl.
62221;Vj. Index der Tarifverdienste und Arbeitszeiten;JAHR;Jahr;2018;DINSGF;Früheres Bundesgebiet / Neue Länder;DN;Neue Länder;WZ08C7;WZ2008 (ausgewählte Positionen): Tarifindex;WZ08-12;Tabakverarbeitung;37,9;h;VST019;Durchschnittliche tarifliche Wochenarbeitszeit
62221;Vj. Index der Tarifverdienste und Arbeitszeiten;JAHR;Jahr;2018;DINSGF;Früheres Bundesgebiet / Neue Länder;DN;Neue Länder;WZ08C7;WZ2008 (ausgewählte Positionen): Tarifindex;WZ08-12;Tabakverarbeitung;95,3;2020=100;VST066;Index d.tarifl. Monatsverdienste ohne Sonderzahl.
62221;Vj. Index der Tarifverdienste und Arbeitszeiten;JAHR;Jahr;2018;DINSGF;Früheres Bundesgebiet / Neue Länder;DN;Neue Länder;WZ08C7;WZ2008 (ausgewählte Positionen): Tarifindex;WZ08-12;Tabakverarbeitung;100,0;2020=100;VST018;Index der tariflichen Wochenarbeitszeit
62221;Vj. Index der Tarifverdienste und Arbeitszeiten;JAHR;Jahr;2018;DINSGF;Früheres Bundesgebiet / Neue Länder;DN;Neue Länder;WZ08C7;WZ2008 (ausgewählte Positionen): Tarifindex;WZ08-12;Tabakverarbeitung;95,3;2020=100;VST065;Index d.tarifl. Stundenverdienste ohne Sonderzahl.
62221;Vj. Index der Tarifverdienste und Arbeitszeiten;JAHR;Jahr;2025;DINSGF;Früheres Bundesgebiet / Neue Länder;DN;Neue Länder;WZ08C7;WZ2008 (ausgewählte Positionen): Tarifindex;WZ08-88;Sozialwesen (ohne Heime);120,9;2020=100;VST072;Index d.tarifl. Stundenverdienste mit Sonderzahl.
62221;Vj. Index der Tarifverdienste und Arbeitszeiten;JAHR;Jahr;2025;DINSGF;Früheres Bundesgebiet / Neue Länder;DN;Neue Länder;WZ08C7;WZ2008 (ausgewählte Positionen): Tarifindex;WZ08-88;Sozialwesen (ohne Heime);120,2;2020=100;VST073;Index d.tarifl. Monatsverdienste mit Sonderzahl.
62221;Vj. Index der Tarifverdienste und Arbeitszeiten;JAHR;Jahr;2025;DINSGF;Früheres Bundesgebiet / Neue Länder;DN;Neue Länder;WZ08C7;WZ2008 (ausgewählte Positionen): Tarifindex;WZ08-88;Sozialwesen (ohne Heime);39,1;h;VST019;Durchschnittliche tarifliche Wochenarbeitszeit
62221;Vj. Index der Tarifverdienste und Arbeitszeiten;JAHR;Jahr;2025;DINSGF;Früheres Bundesgebiet / Neue Länder;DN;Neue Länder;WZ08C7;WZ2008 (ausgewählte Positionen): Tarifindex;WZ08-88;Sozialwesen (ohne Heime);119,7;2020=100;VST066;Index d.tarifl. Monatsverdienste ohne Sonderzahl.
62221;Vj. Index der Tarifverdienste und Arbeitszeiten;JAHR;Jahr;2025;DINSGF;Früheres Bundesgebiet / Neue Länder;DN;Neue Länder;WZ08C7;WZ2008 (ausgewählte Positionen): Tarifindex;WZ08-88;Sozialwesen (ohne Heime);99,4;2020=100;VST018;Index der tariflichen Wochenarbeitszeit
62221;Vj. Index der Tarifverdienste und Arbeitszeiten;JAHR;Jahr;2025;DINSGF;Früheres Bundesgebiet / Neue Länder;DN;Neue Länder;WZ08C7;WZ2008 (ausgewählte Positionen): Tarifindex;WZ08-88;Sozialwesen (ohne Heime);120,4;2020=100;VST065;Index d.tarifl. Stundenverdienste ohne Sonderzahl.
62221;Vj. Index der Tarifverdienste und Arbeitszeiten;JAHR;Jahr;2017;DINSGF;Früheres Bundesgebiet / Neue Länder;DN;Neue Länder;WZ08C7;WZ2008 (ausgewählte Positionen): Tarifindex;WZ08-65;Versicherungen, Rückversicherungen, Pensionskassen;94,8;2020=100;VST072;Index d.tarifl. Stundenverdienste mit Sonderzahl.
62221;Vj. Index der Tarifverdienste und Arbeitszeiten;JAHR;Jahr;2017;DINSGF;Früheres Bundesgebiet / Neue Länder;DN;Neue Länder;WZ08C7;WZ2008 (ausgewählte Positionen): Tarifindex;WZ08-65;Versicherungen, Rückversicherungen, Pensionskassen;94,8;2020=100;VST073;Index d.tarifl. Monatsverdienste mit Sonderzahl.
62221;Vj. Index der Tarifverdienste und Arbeitszeiten;JAHR;Jahr;2017;DINSGF;Früheres Bundesgebiet / Neue Länder;DN;Neue Länder;WZ08C7;WZ2008 (ausgewählte Positionen): Tarifindex;WZ08-65;Versicherungen, Rückversicherungen, Pensionskassen;38,0;h;VST019;Durchschnittliche tarifliche Wochenarbeitszeit
62221;Vj. Index der Tarifverdienste und Arbeitszeiten;JAHR;Jahr;2017;DINSGF;Früheres Bundesgebiet / Neue Länder;DN;Neue Länder;WZ08C7;WZ2008 (ausgewählte Positionen): Tarifindex;WZ08-65;Versicherungen, Rückversicherungen, Pensionskassen;94,8;2020=100;VST066;Index d.tarifl. Monatsverdienste ohne Sonderzahl.
62221;Vj. Index der Tarifverdienste und Arbeitszeiten;JAHR;Jahr;2017;DINSGF;Früheres Bundesgebiet / Neue Länder;DN;Neue Länder;WZ08C7;WZ2008 (ausgewählte Positionen): Tarifindex;WZ08-65;Versicherungen, Rückversicherungen, Pensionskassen;100,0;2020=100;VST018;Index der tariflichen Wochenarbeitszeit
62221;Vj. Index der Tarifverdienste und Arbeitszeiten;JAHR;Jahr;2017;DINSGF;Früheres Bundesgebiet / Neue Länder;DN;Neue Länder;WZ08C7;WZ2008 (ausgewählte Positionen): Tarifindex;WZ08-65;Versicherungen, Rückversicherungen, Pensionskassen;94,8;2020=100;VST065;Index d.tarifl. Stundenverdienste ohne Sonderzahl.
62221;Vj. Index der Tarifverdienste und Arbeitszeiten;JAHR;Jahr;2017;DINSGF;Früheres Bundesgebiet / Neue Länder;DN;Neue Länder;WZ08C7;WZ2008 (ausgewählte Positionen): Tarifindex;WZ08-62;Dienstleistungen der Informationstechnologie;92,9;2020=100;VST072;Index d.tarifl. Stundenverdienste mit Sonderzahl.
62221;Vj. Index der Tarifverdienste und Arbeitszeiten;JAHR;Jahr;2017;DINSGF;Früheres Bundesgebiet / Neue Länder;DN;Neue Länder;WZ08C7;WZ2008 (ausgewählte Positionen): Tarifindex;WZ08-62;Dienstleistungen der Informationstechnologie;93,0;2020=100;VST073;Index d.tarifl. Monatsverdienste mit Sonderzahl.
62221;Vj. Index der Tarifverdienste und Arbeitszeiten;JAHR;Jahr;2017;DINSGF;Früheres Bundesgebiet / Neue Länder;DN;Neue Länder;WZ08C7;WZ2008 (ausgewählte Positionen): Tarifindex;WZ08-62;Dienstleistungen der Informationstechnologie;38,6;h;VST019;Durchschnittliche tarifliche Wochenarbeitszeit
62221;Vj. Index der Tarifverdienste und Arbeitszeiten;JAHR;Jahr;2017;DINSGF;Früheres Bundesgebiet / Neue Länder;DN;Neue Länder;WZ08C7;WZ2008 (ausgewählte Positionen): Tarifindex;WZ08-62;Dienstleistungen der Informationstechnologie;93,1;2020=100;VST066;Index d.tarifl. Monatsverdienste ohne Sonderzahl.
62221;Vj. Index der Tarifverdienste und Arbeitszeiten;JAHR;Jahr;2017;DINSGF;Früheres Bundesgebiet / Neue Länder;DN;Neue Länder;WZ08C7;WZ2008 (ausgewählte Positionen): Tarifindex;WZ08-62;Dienstleistungen der Informationstechnologie;100,1;2020=100;VST018;Index der tariflichen Wochenarbeitszeit
62221;Vj. Index der Tarifverdienste und Arbeitszeiten;JAHR;Jahr;2017;DINSGF;Früheres Bundesgebiet / Neue Länder;DN;Neue Länder;WZ08C7;WZ2008 (ausgewählte Positionen): Tarifindex;WZ08-62;Dienstleistungen der Informationstechnologie;93,0;2020=100;VST065;Index d.tarifl. Stundenverdienste ohne Sonderzahl.
62221;Vj. Index der Tarifverdienste und Arbeitszeiten;JAHR;Jahr;2022;DINSGF;Früheres Bundesgebiet / Neue Länder;DN;Neue Länder;WZ08C7;WZ2008 (ausgewählte Positionen): Tarifindex;WZ08-24-01;Metallgewerbe;102,2;2020=100;VST072;Index d.tarifl. Stundenverdienste mit Sonderzahl.
62221;Vj. Index der Tarifverdienste und Arbeitszeiten;JAHR;Jahr;2022;DINSGF;Früheres Bundesgebiet / Neue Länder;DN;Neue Länder;WZ08C7;WZ2008 (ausgewählte Positionen): Tarifindex;WZ08-24-01;Metallgewerbe;102,2;2020=100;VST073;Index d.tarifl. Monatsverdienste mit Sonderzahl.
62221;Vj. Index der Tarifverdienste und Arbeitszeiten;JAHR;Jahr;2022;DINSGF;Früheres Bundesgebiet / Neue Länder;DN;Neue Länder;WZ08C7;WZ2008 (ausgewählte Positionen): Tarifindex;WZ08-24-01;Metallgewerbe;36,8;h;VST019;Durchschnittliche tarifliche Wochenarbeitszeit
62221;Vj. Index der Tarifverdienste und Arbeitszeiten;JAHR;Jahr;2022;DINSGF;Früheres Bundesgebiet / Neue Länder;DN;Neue Länder;WZ08C7;WZ2008 (ausgewählte Positionen): Tarifindex;WZ08-24-01;Metallgewerbe;100,7;2020=100;VST066;Index d.tarifl. Monatsverdienste ohne Sonderzahl.
62221;Vj. Index der Tarifverdienste und Arbeitszeiten;JAHR;Jahr;2022;DINSGF;Früheres Bundesgebiet / Neue Länder;DN;Neue Länder;WZ08C7;WZ2008 (ausgewählte Positionen): Tarifindex;WZ08-24-01;Metallgewerbe;100,0;2020=100;VST018;Index der tariflichen Wochenarbeitszeit
62221;Vj. Index der Tarifverdienste und Arbeitszeiten;JAHR;Jahr;2022;DINSGF;Früheres Bundesgebiet / Neue Länder;DN;Neue Länder;WZ08C7;WZ2008 (ausgewählte Positionen): Tarifindex;WZ08-24-01;Metallgewerbe;100,7;2020=100;VST065;Index d.tarifl. Stundenverdienste ohne Sonderzahl.
62221;Vj. Index der Tarifverdienste und Arbeitszeiten;JAHR;Jahr;2022;DINSGF;Früheres Bundesgebiet / Neue Länder;DN;Neue Länder;WZ08C7;WZ2008 (ausgewählte Positionen): Tarifindex;WZ08-B-11;Produzierendes Gewerbe, Handel u.A.;103,5;2020=100;VST072;Index d.tarifl. Stundenverdienste mit Sonderzahl.
62221;Vj. Index der Tarifverdienste und Arbeitszeiten;JAHR;Jahr;2022;DINSGF;Früheres Bundesgebiet / Neue Länder;DN;Neue Länder;WZ08C7;WZ2008 (ausgewählte Positionen): Tarifindex;WZ08-B-11;Produzierendes Gewerbe, Handel u.A.;103,5;2020=100;VST073;Index d.tarifl. Monatsverdienste mit Sonderzahl.
62221;Vj. Index der Tarifverdienste und Arbeitszeiten;JAHR;Jahr;2022;DINSGF;Früheres Bundesgebiet / Neue Länder;DN;Neue Länder;WZ08C7;WZ2008 (ausgewählte Positionen): Tarifindex;WZ08-B-11;Produzierendes Gewerbe, Handel u.A.;39,1;h;VST019;Durchschnittliche tarifliche Wochenarbeitszeit
62221;Vj. Index der Tarifverdienste und Arbeitszeiten;JAHR;Jahr;2022;DINSGF;Früheres Bundesgebiet / Neue Länder;DN;Neue Länder;WZ08C7;WZ2008 (ausgewählte Positionen): Tarifindex;WZ08-B-11;Produzierendes Gewerbe, Handel u.A.;102,9;2020=100;VST066;Index d.tarifl. Monatsverdienste ohne Sonderzahl.
62221;Vj. Index der Tarifverdienste und Arbeitszeiten;JAHR;Jahr;2022;DINSGF;Früheres Bundesgebiet / Neue Länder;DN;Neue Länder;WZ08C7;WZ2008 (ausgewählte Positionen): Tarifindex;WZ08-B-11;Produzierendes Gewerbe, Handel u.A.;99,9;2020=100;VST018;Index der tariflichen Wochenarbeitszeit
62221;Vj. Index der Tarifverdienste und Arbeitszeiten;JAHR;Jahr;2022;DINSGF;Früheres Bundesgebiet / Neue Länder;DN;Neue Länder;WZ08C7;WZ2008 (ausgewählte Positionen): Tarifindex;WZ08-B-11;Produzierendes Gewerbe, Handel u.A.;103,0;2020=100;VST065;Index d.tarifl. Stundenverdienste ohne Sonderzahl.
62221;Vj. Index der Tarifverdienste und Arbeitszeiten;JAHR;Jahr;2020;DINSGF;Früheres Bundesgebiet / Neue Länder;DN;Neue Länder;WZ08C7;WZ2008 (ausgewählte Positionen): Tarifindex;WZ08-35;Energieversorgung;100,0;2020=100;VST072;Index d.tarifl. Stundenverdienste mit Sonderzahl.
62221;Vj. Index der Tarifverdienste und Arbeitszeiten;JAHR;Jahr;2020;DINSGF;Früheres Bundesgebiet / Neue Länder;DN;Neue Länder;WZ08C7;WZ2008 (ausgewählte Positionen): Tarifindex;WZ08-35;Energieversorgung;100,0;2020=100;VST073;Index d.tarifl. Monatsverdienste mit Sonderzahl.
62221;Vj. Index der Tarifverdienste und Arbeitszeiten;JAHR;Jahr;2020;DINSGF;Früheres Bundesgebiet / Neue Länder;DN;Neue Länder;WZ08C7;WZ2008 (ausgewählte Positionen): Tarifindex;WZ08-35;Energieversorgung;38,1;h;VST019;Durchschnittliche tarifliche Wochenarbeitszeit
62221;Vj. Index der Tarifverdienste und Arbeitszeiten;JAHR;Jahr;2020;DINSGF;Früheres Bundesgebiet / Neue Länder;DN;Neue Länder;WZ08C7;WZ2008 (ausgewählte Positionen): Tarifindex;WZ08-35;Energieversorgung;100,0;2020=100;VST066;Index d.tarifl. Monatsverdienste ohne Sonderzahl.
62221;Vj. Index der Tarifverdienste und Arbeitszeiten;JAHR;Jahr;2020;DINSGF;Früheres Bundesgebiet / Neue Länder;DN;Neue Länder;WZ08C7;WZ2008 (ausgewählte Positionen): Tarifindex;WZ08-35;Energieversorgung;100,0;2020=100;VST018;Index der tariflichen Wochenarbeitszeit
62221;Vj. Index der Tarifverdienste und Arbeitszeiten;JAHR;Jahr;2020;DINSGF;Früheres Bundesgebiet / Neue Länder;DN;Neue Länder;WZ08C7;WZ2008 (ausgewählte Positionen): Tarifindex;WZ08-35;Energieversorgung;100,0;2020=100;VST065;Index d.tarifl. Stundenverdienste ohne Sonderzahl.
62221;Vj. Index der Tarifverdienste und Arbeitszeiten;JAHR;Jahr;2018;DINSGF;Früheres Bundesgebiet / Neue Länder;DN;Neue Länder;WZ08C7;WZ2008 (ausgewählte Positionen): Tarifindex;WZ08-15;Herstellung von Leder, Lederwaren und Schuhen;-;2020=100;VST072;Index d.tarifl. Stundenverdienste mit Sonderzahl.
62221;Vj. Index der Tarifverdienste und Arbeitszeiten;JAHR;Jahr;2018;DINSGF;Früheres Bundesgebiet / Neue Länder;DN;Neue Länder;WZ08C7;WZ2008 (ausgewählte Positionen): Tarifindex;WZ08-15;Herstellung von Leder, Lederwaren und Schuhen;-;2020=100;VST073;Index d.tarifl. Monatsverdienste mit Sonderzahl.
62221;Vj. Index der Tarifverdienste und Arbeitszeiten;JAHR;Jahr;2018;DINSGF;Früheres Bundesgebiet / Neue Länder;DN;Neue Länder;WZ08C7;WZ2008 (ausgewählte Positionen): Tarifindex;WZ08-15;Herstellung von Leder, Lederwaren und Schuhen;-;h;VST019;Durchschnittliche tarifliche Wochenarbeitszeit
62221;Vj. Index der Tarifverdienste und Arbeitszeiten;JAHR;Jahr;2018;DINSGF;Früheres Bundesgebiet / Neue Länder;DN;Neue Länder;WZ08C7;WZ2008 (ausgewählte Positionen): Tarifindex;WZ08-15;Herstellung von Leder, Lederwaren und Schuhen;-;2020=100;VST066;Index d.tarifl. Monatsverdienste ohne Sonderzahl.
62221;Vj. Index der Tarifverdienste und Arbeitszeiten;JAHR;Jahr;2018;DINSGF;Früheres Bundesgebiet / Neue Länder;DN;Neue Länder;WZ08C7;WZ2008 (ausgewählte Positionen): Tarifindex;WZ08-15;Herstellung von Leder, Lederwaren und Schuhen;-;2020=100;VST018;Index der tariflichen Wochenarbeitszeit
62221;Vj. Index der Tarifverdienste und Arbeitszeiten;JAHR;Jahr;2018;DINSGF;Früheres Bundesgebiet / Neue Länder;DN;Neue Länder;WZ08C7;WZ2008 (ausgewählte Positionen): Tarifindex;WZ08-15;Herstellung von Leder, Lederwaren und Schuhen;-;2020=100;VST065;Index d.tarifl. Stundenverdienste ohne Sonderzahl.
62221;Vj. Index der Tarifverdienste und Arbeitszeiten;JAHR;Jahr;2016;DINSGF;Früheres Bundesgebiet / Neue Länder;DF;Früheres Bundesgebiet;WZ08C7;WZ2008 (ausgewählte Positionen): Tarifindex;WZ08-84;Öff. Verwaltung, Verteidigung, Sozialversicherung;89,6;2020=100;VST072;Index d.tarifl. Stundenverdienste mit Sonderzahl.
62221;Vj. Index der Tarifverdienste und Arbeitszeiten;JAHR;Jahr;2016;DINSGF;Früheres Bundesgebiet / Neue Länder;DF;Früheres Bundesgebiet;WZ08C7;WZ2008 (ausgewählte Positionen): Tarifindex;WZ08-84;Öff. Verwaltung, Verteidigung, Sozialversicherung;89,6;2020=100;VST073;Index d.tarifl. Monatsverdienste mit Sonderzahl.
62221;Vj. Index der Tarifverdienste und Arbeitszeiten;JAHR;Jahr;2016;DINSGF;Früheres Bundesgebiet / Neue Länder;DF;Früheres Bundesgebiet;WZ08C7;WZ2008 (ausgewählte Positionen): Tarifindex;WZ08-84;Öff. Verwaltung, Verteidigung, Sozialversicherung;40,1;h;VST019;Durchschnittliche tarifliche Wochenarbeitszeit
62221;Vj. Index der Tarifverdienste und Arbeitszeiten;JAHR;Jahr;2016;DINSGF;Früheres Bundesgebiet / Neue Länder;DF;Früheres Bundesgebiet;WZ08C7;WZ2008 (ausgewählte Positionen): Tarifindex;WZ08-84;Öff. Verwaltung, Verteidigung, Sozialversicherung;89,0;2020=100;VST066;Index d.tarifl. Monatsverdienste ohne Sonderzahl.
62221;Vj. Index der Tarifverdienste und Arbeitszeiten;JAHR;Jahr;2016;DINSGF;Früheres Bundesgebiet / Neue Länder;DF;Früheres Bundesgebiet;WZ08C7;WZ2008 (ausgewählte Positionen): Tarifindex;WZ08-84;Öff. Verwaltung, Verteidigung, Sozialversicherung;100,0;2020=100;VST018;Index der tariflichen Wochenarbeitszeit
62221;Vj. Index der Tarifverdienste und Arbeitszeiten;JAHR;Jahr;2016;DINSGF;Früheres Bundesgebiet / Neue Länder;DF;Früheres Bundesgebiet;WZ08C7;WZ2008 (ausgewählte Positionen): Tarifindex;WZ08-84;Öff. Verwaltung, Verteidigung, Sozialversicherung;89,0;2020=100;VST065;Index d.tarifl. Stundenverdienste ohne Sonderzahl.
62221;Vj. Index der Tarifverdienste und Arbeitszeiten;JAHR;Jahr;2017;DINSGF;Früheres Bundesgebiet / Neue Länder;DN;Neue Länder;WZ08C7;WZ2008 (ausgewählte Positionen): Tarifindex;WZ08-O-01;Öffentliche und persönliche Dienstleistungen;91,4;2020=100;VST072;Index d.tarifl. Stundenverdienste mit Sonderzahl.
62221;Vj. Index der Tarifverdienste und Arbeitszeiten;JAHR;Jahr;2017;DINSGF;Früheres Bundesgebiet / Neue Länder;DN;Neue Länder;WZ08C7;WZ2008 (ausgewählte Positionen): Tarifindex;WZ08-O-01;Öffentliche und persönliche Dienstleistungen;91,4;2020=100;VST073;Index d.tarifl. Monatsverdienste mit Sonderzahl.
62221;Vj. Index der Tarifverdienste und Arbeitszeiten;JAHR;Jahr;2017;DINSGF;Früheres Bundesgebiet / Neue Länder;DN;Neue Länder;WZ08C7;WZ2008 (ausgewählte Positionen): Tarifindex;WZ08-O-01;Öffentliche und persönliche Dienstleistungen;39,5;h;VST019;Durchschnittliche tarifliche Wochenarbeitszeit
62221;Vj. Index der Tarifverdienste und Arbeitszeiten;JAHR;Jahr;2017;DINSGF;Früheres Bundesgebiet / Neue Länder;DN;Neue Länder;WZ08C7;WZ2008 (ausgewählte Positionen): Tarifindex;WZ08-O-01;Öffentliche und persönliche Dienstleistungen;91,2;2020=100;VST066;Index d.tarifl. Monatsverdienste ohne Sonderzahl.
62221;Vj. Index der Tarifverdienste und Arbeitszeiten;JAHR;Jahr;2017;DINSGF;Früheres Bundesgebiet / Neue Länder;DN;Neue Länder;WZ08C7;WZ2008 (ausgewählte Positionen): Tarifindex;WZ08-O-01;Öffentliche und persönliche Dienstleistungen;100,0;2020=100;VST018;Index der tariflichen Wochenarbeitszeit
62221;Vj. Index der Tarifverdienste und Arbeitszeiten;JAHR;Jahr;2017;DINSGF;Früheres Bundesgebiet / Neue Länder;DN;Neue Länder;WZ08C7;WZ2008 (ausgewählte Positionen): Tarifindex;WZ08-O-01;Öffentliche und persönliche Dienstleistungen;91,2;2020=100;VST065;Index d.tarifl. Stundenverdienste ohne Sonderzahl.
62221;Vj. Index der Tarifverdienste und Arbeitszeiten;JAHR;Jahr;2017;DINSGF;Früheres Bundesgebiet / Neue Länder;DF;Früheres Bundesgebiet;WZ08C7;WZ2008 (ausgewählte Positionen): Tarifindex;WZ08-25;Herstellung von Metallerzeugnissen;92,7;2020=100;VST072;Index d.tarifl. Stundenverdienste mit Sonderzahl.
62221;Vj. Index der Tarifverdienste und Arbeitszeiten;JAHR;Jahr;2017;DINSGF;Früheres Bundesgebiet / Neue Länder;DF;Früheres Bundesgebiet;WZ08C7;WZ2008 (ausgewählte Positionen): Tarifindex;WZ08-25;Herstellung von Metallerzeugnissen;92,7;2020=100;VST073;Index d.tarifl. Monatsverdienste mit Sonderzahl.
62221;Vj. Index der Tarifverdienste und Arbeitszeiten;JAHR;Jahr;2017;DINSGF;Früheres Bundesgebiet / Neue Länder;DF;Früheres Bundesgebiet;WZ08C7;WZ2008 (ausgewählte Positionen): Tarifindex;WZ08-25;Herstellung von Metallerzeugnissen;35,6;h;VST019;Durchschnittliche tarifliche Wochenarbeitszeit
62221;Vj. Index der Tarifverdienste und Arbeitszeiten;JAHR;Jahr;2017;DINSGF;Früheres Bundesgebiet / Neue Länder;DF;Früheres Bundesgebiet;WZ08C7;WZ2008 (ausgewählte Positionen): Tarifindex;WZ08-25;Herstellung von Metallerzeugnissen;95,0;2020=100;VST066;Index d.tarifl. Monatsverdienste ohne Sonderzahl.
62221;Vj. Index der Tarifverdienste und Arbeitszeiten;JAHR;Jahr;2017;DINSGF;Früheres Bundesgebiet / Neue Länder;DF;Früheres Bundesgebiet;WZ08C7;WZ2008 (ausgewählte Positionen): Tarifindex;WZ08-25;Herstellung von Metallerzeugnissen;100,0;2020=100;VST018;Index der tariflichen Wochenarbeitszeit
62221;Vj. Index der Tarifverdienste und Arbeitszeiten;JAHR;Jahr;2017;DINSGF;Früheres Bundesgebiet / Neue Länder;DF;Früheres Bundesgebiet;WZ08C7;WZ2008 (ausgewählte Positionen): Tarifindex;WZ08-25;Herstellung von Metallerzeugnissen;95,0;2020=100;VST065;Index d.tarifl. Stundenverdienste ohne Sonderzahl.
62221;Vj. Index der Tarifverdienste und Arbeitszeiten;JAHR;Jahr;2022;DINSGF;Früheres Bundesgebiet / Neue Länder;DN;Neue Länder;WZ08C7;WZ2008 (ausgewählte Positionen): Tarifindex;WZ08-B-08;Produzierendes Gewerbe und Dienstleistungsbereich;104,0;2020=100;VST072;Index d.tarifl. Stundenverdienste mit Sonderzahl.
62221;Vj. Index der Tarifverdienste und Arbeitszeiten;JAHR;Jahr;2022;DINSGF;Früheres Bundesgebiet / Neue Länder;DN;Neue Länder;WZ08C7;WZ2008 (ausgewählte Positionen): Tarifindex;WZ08-B-08;Produzierendes Gewerbe und Dienstleistungsbereich;103,9;2020=100;VST073;Index d.tarifl. Monatsverdienste mit Sonderzahl.
62221;Vj. Index der Tarifverdienste und Arbeitszeiten;JAHR;Jahr;2022;DINSGF;Früheres Bundesgebiet / Neue Länder;DN;Neue Länder;WZ08C7;WZ2008 (ausgewählte Positionen): Tarifindex;WZ08-B-08;Produzierendes Gewerbe und Dienstleistungsbereich;39,1;h;VST019;Durchschnittliche tarifliche Wochenarbeitszeit
62221;Vj. Index der Tarifverdienste und Arbeitszeiten;JAHR;Jahr;2022;DINSGF;Früheres Bundesgebiet / Neue Länder;DN;Neue Länder;WZ08C7;WZ2008 (ausgewählte Positionen): Tarifindex;WZ08-B-08;Produzierendes Gewerbe und Dienstleistungsbereich;103,3;2020=100;VST066;Index d.tarifl. Monatsverdienste ohne Sonderzahl.
62221;Vj. Index der Tarifverdienste und Arbeitszeiten;JAHR;Jahr;2022;DINSGF;Früheres Bundesgebiet / Neue Länder;DN;Neue Länder;WZ08C7;WZ2008 (ausgewählte Positionen): Tarifindex;WZ08-B-08;Produzierendes Gewerbe und Dienstleistungsbereich;99,9;2020=100;VST018;Index der tariflichen Wochenarbeitszeit
62221;Vj. Index der Tarifverdienste und Arbeitszeiten;JAHR;Jahr;2022;DINSGF;Früheres Bundesgebiet / Neue Länder;DN;Neue Länder;WZ08C7;WZ2008 (ausgewählte Positionen): Tarifindex;WZ08-B-08;Produzierendes Gewerbe und Dienstleistungsbereich;103,3;2020=100;VST065;Index d.tarifl. Stundenverdienste ohne Sonderzahl.
62221;Vj. Index der Tarifverdienste und Arbeitszeiten;JAHR;Jahr;2021;DINSGF;Früheres Bundesgebiet / Neue Länder;DF;Früheres Bundesgebiet;WZ08C7;WZ2008 (ausgewählte Positionen): Tarifindex;WZ08-85;Erziehung und Unterricht;101,3;2020=100;VST072;Index d.tarifl. Stundenverdienste mit Sonderzahl.
62221;Vj. Index der Tarifverdienste und Arbeitszeiten;JAHR;Jahr;2021;DINSGF;Früheres Bundesgebiet / Neue Länder;DF;Früheres Bundesgebiet;WZ08C7;WZ2008 (ausgewählte Positionen): Tarifindex;WZ08-85;Erziehung und Unterricht;101,3;2020=100;VST073;Index d.tarifl. Monatsverdienste mit Sonderzahl.
62221;Vj. Index der Tarifverdienste und Arbeitszeiten;JAHR;Jahr;2021;DINSGF;Früheres Bundesgebiet / Neue Länder;DF;Früheres Bundesgebiet;WZ08C7;WZ2008 (ausgewählte Positionen): Tarifindex;WZ08-85;Erziehung und Unterricht;40,1;h;VST019;Durchschnittliche tarifliche Wochenarbeitszeit
62221;Vj. Index der Tarifverdienste und Arbeitszeiten;JAHR;Jahr;2021;DINSGF;Früheres Bundesgebiet / Neue Länder;DF;Früheres Bundesgebiet;WZ08C7;WZ2008 (ausgewählte Positionen): Tarifindex;WZ08-85;Erziehung und Unterricht;101,4;2020=100;VST066;Index d.tarifl. Monatsverdienste ohne Sonderzahl.
62221;Vj. Index der Tarifverdienste und Arbeitszeiten;JAHR;Jahr;2021;DINSGF;Früheres Bundesgebiet / Neue Länder;DF;Früheres Bundesgebiet;WZ08C7;WZ2008 (ausgewählte Positionen): Tarifindex;WZ08-85;Erziehung und Unterricht;100,0;2020=100;VST018;Index der tariflichen Wochenarbeitszeit
62221;Vj. Index der Tarifverdienste und Arbeitszeiten;JAHR;Jahr;2021;DINSGF;Früheres Bundesgebiet / Neue Länder;DF;Früheres Bundesgebiet;WZ08C7;WZ2008 (ausgewählte Positionen): Tarifindex;WZ08-85;Erziehung und Unterricht;101,4;2020=100;VST065;Index d.tarifl. Stundenverdienste ohne Sonderzahl.
62221;Vj. Index der Tarifverdienste und Arbeitszeiten;JAHR;Jahr;2024;DINSGF;Früheres Bundesgebiet / Neue Länder;DF;Früheres Bundesgebiet;WZ08C7;WZ2008 (ausgewählte Positionen): Tarifindex;WZ08-F;Baugewerbe;113,6;2020=100;VST072;Index d.tarifl. Stundenverdienste mit Sonderzahl.
62221;Vj. Index der Tarifverdienste und Arbeitszeiten;JAHR;Jahr;2024;DINSGF;Früheres Bundesgebiet / Neue Länder;DF;Früheres Bundesgebiet;WZ08C7;WZ2008 (ausgewählte Positionen): Tarifindex;WZ08-F;Baugewerbe;113,6;2020=100;VST073;Index d.tarifl. Monatsverdienste mit Sonderzahl.
62221;Vj. Index der Tarifverdienste und Arbeitszeiten;JAHR;Jahr;2024;DINSGF;Früheres Bundesgebiet / Neue Länder;DF;Früheres Bundesgebiet;WZ08C7;WZ2008 (ausgewählte Positionen): Tarifindex;WZ08-F;Baugewerbe;39,4;h;VST019;Durchschnittliche tarifliche Wochenarbeitszeit
62221;Vj. Index der Tarifverdienste und Arbeitszeiten;JAHR;Jahr;2024;DINSGF;Früheres Bundesgebiet / Neue Länder;DF;Früheres Bundesgebiet;WZ08C7;WZ2008 (ausgewählte Positionen): Tarifindex;WZ08-F;Baugewerbe;111,4;2020=100;VST066;Index d.tarifl. Monatsverdienste ohne Sonderzahl.
62221;Vj. Index der Tarifverdienste und Arbeitszeiten;JAHR;Jahr;2024;DINSGF;Früheres Bundesgebiet / Neue Länder;DF;Früheres Bundesgebiet;WZ08C7;WZ2008 (ausgewählte Positionen): Tarifindex;WZ08-F;Baugewerbe;100,0;2020=100;VST018;Index der tariflichen Wochenarbeitszeit
62221;Vj. Index der Tarifverdienste und Arbeitszeiten;JAHR;Jahr;2024;DINSGF;Früheres Bundesgebiet / Neue Länder;DF;Früheres Bundesgebiet;WZ08C7;WZ2008 (ausgewählte Positionen): Tarifindex;WZ08-F;Baugewerbe;111,4;2020=100;VST065;Index d.tarifl. Stundenverdienste ohne Sonderzahl.
62221;Vj. Index der Tarifverdienste und Arbeitszeiten;JAHR;Jahr;2024;DINSGF;Früheres Bundesgebiet / Neue Länder;DF;Früheres Bundesgebiet;WZ08C7;WZ2008 (ausgewählte Positionen): Tarifindex;WZ08-I;Gastgewerbe;120,9;2020=100;VST072;Index d.tarifl. Stundenverdienste mit Sonderzahl.
62221;Vj. Index der Tarifverdienste und Arbeitszeiten;JAHR;Jahr;2024;DINSGF;Früheres Bundesgebiet / Neue Länder;DF;Früheres Bundesgebiet;WZ08C7;WZ2008 (ausgewählte Positionen): Tarifindex;WZ08-I;Gastgewerbe;120,9;2020=100;VST073;Index d.tarifl. Monatsverdienste mit Sonderzahl.
62221;Vj. Index der Tarifverdienste und Arbeitszeiten;JAHR;Jahr;2024;DINSGF;Früheres Bundesgebiet / Neue Länder;DF;Früheres Bundesgebiet;WZ08C7;WZ2008 (ausgewählte Positionen): Tarifindex;WZ08-I;Gastgewerbe;39,0;h;VST019;Durchschnittliche tarifliche Wochenarbeitszeit
62221;Vj. Index der Tarifverdienste und Arbeitszeiten;JAHR;Jahr;2024;DINSGF;Früheres Bundesgebiet / Neue Länder;DF;Früheres Bundesgebiet;WZ08C7;WZ2008 (ausgewählte Positionen): Tarifindex;WZ08-I;Gastgewerbe;120,8;2020=100;VST066;Index d.tarifl. Monatsverdienste ohne Sonderzahl.
62221;Vj. Index der Tarifverdienste und Arbeitszeiten;JAHR;Jahr;2024;DINSGF;Früheres Bundesgebiet / Neue Länder;DF;Früheres Bundesgebiet;WZ08C7;WZ2008 (ausgewählte Positionen): Tarifindex;WZ08-I;Gastgewerbe;100,0;2020=100;VST018;Index der tariflichen Wochenarbeitszeit
62221;Vj. Index der Tarifverdienste und Arbeitszeiten;JAHR;Jahr;2024;DINSGF;Früheres Bundesgebiet / Neue Länder;DF;Früheres Bundesgebiet;WZ08C7;WZ2008 (ausgewählte Positionen): Tarifindex;WZ08-I;Gastgewerbe;120,8;2020=100;VST065;Index d.tarifl. Stundenverdienste ohne Sonderzahl.
62221;Vj. Index der Tarifverdienste und Arbeitszeiten;JAHR;Jahr;2017;DINSGF;Früheres Bundesgebiet / Neue Länder;DF;Früheres Bundesgebiet;WZ08C7;WZ2008 (ausgewählte Positionen): Tarifindex;WZ08-10;Herstellung von Nahrungs- und Futtermitteln;93,2;2020=100;VST072;Index d.tarifl. Stundenverdienste mit Sonderzahl.
62221;Vj. Index der Tarifverdienste und Arbeitszeiten;JAHR;Jahr;2017;DINSGF;Früheres Bundesgebiet / Neue Länder;DF;Früheres Bundesgebiet;WZ08C7;WZ2008 (ausgewählte Positionen): Tarifindex;WZ08-10;Herstellung von Nahrungs- und Futtermitteln;93,2;2020=100;VST073;Index d.tarifl. Monatsverdienste mit Sonderzahl.
62221;Vj. Index der Tarifverdienste und Arbeitszeiten;JAHR;Jahr;2017;DINSGF;Früheres Bundesgebiet / Neue Länder;DF;Früheres Bundesgebiet;WZ08C7;WZ2008 (ausgewählte Positionen): Tarifindex;WZ08-10;Herstellung von Nahrungs- und Futtermitteln;38,3;h;VST019;Durchschnittliche tarifliche Wochenarbeitszeit
62221;Vj. Index der Tarifverdienste und Arbeitszeiten;JAHR;Jahr;2017;DINSGF;Früheres Bundesgebiet / Neue Länder;DF;Früheres Bundesgebiet;WZ08C7;WZ2008 (ausgewählte Positionen): Tarifindex;WZ08-10;Herstellung von Nahrungs- und Futtermitteln;93,5;2020=100;VST066;Index d.tarifl. Monatsverdienste ohne Sonderzahl.
62221;Vj. Index der Tarifverdienste und Arbeitszeiten;JAHR;Jahr;2017;DINSGF;Früheres Bundesgebiet / Neue Länder;DF;Früheres Bundesgebiet;WZ08C7;WZ2008 (ausgewählte Positionen): Tarifindex;WZ08-10;Herstellung von Nahrungs- und Futtermitteln;100,0;2020=100;VST018;Index der tariflichen Wochenarbeitszeit
62221;Vj. Index der Tarifverdienste und Arbeitszeiten;JAHR;Jahr;2017;DINSGF;Früheres Bundesgebiet / Neue Länder;DF;Früheres Bundesgebiet;WZ08C7;WZ2008 (ausgewählte Positionen): Tarifindex;WZ08-10;Herstellung von Nahrungs- und Futtermitteln;93,5;2020=100;VST065;Index d.tarifl. Stundenverdienste ohne Sonderzahl.
62221;Vj. Index der Tarifverdienste und Arbeitszeiten;JAHR;Jahr;2022;DINSGF;Früheres Bundesgebiet / Neue Länder;DF;Früheres Bundesgebiet;WZ08C7;WZ2008 (ausgewählte Positionen): Tarifindex;WZ08-B-13;Prod. Gewerbe, Handel, Information u.Kommunikation;103,1;2020=100;VST072;Index d.tarifl. Stundenverdienste mit Sonderzahl.
62221;Vj. Index der Tarifverdienste und Arbeitszeiten;JAHR;Jahr;2022;DINSGF;Früheres Bundesgebiet / Neue Länder;DF;Früheres Bundesgebiet;WZ08C7;WZ2008 (ausgewählte Positionen): Tarifindex;WZ08-B-13;Prod. Gewerbe, Handel, Information u.Kommunikation;103,1;2020=100;VST073;Index d.tarifl. Monatsverdienste mit Sonderzahl.
62221;Vj. Index der Tarifverdienste und Arbeitszeiten;JAHR;Jahr;2022;DINSGF;Früheres Bundesgebiet / Neue Länder;DF;Früheres Bundesgebiet;WZ08C7;WZ2008 (ausgewählte Positionen): Tarifindex;WZ08-B-13;Prod. Gewerbe, Handel, Information u.Kommunikation;36,9;h;VST019;Durchschnittliche tarifliche Wochenarbeitszeit
62221;Vj. Index der Tarifverdienste und Arbeitszeiten;JAHR;Jahr;2022;DINSGF;Früheres Bundesgebiet / Neue Länder;DF;Früheres Bundesgebiet;WZ08C7;WZ2008 (ausgewählte Positionen): Tarifindex;WZ08-B-13;Prod. Gewerbe, Handel, Information u.Kommunikation;102,2;2020=100;VST066;Index d.tarifl. Monatsverdienste ohne Sonderzahl.
62221;Vj. Index der Tarifverdienste und Arbeitszeiten;JAHR;Jahr;2022;DINSGF;Früheres Bundesgebiet / Neue Länder;DF;Früheres Bundesgebiet;WZ08C7;WZ2008 (ausgewählte Positionen): Tarifindex;WZ08-B-13;Prod. Gewerbe, Handel, Information u.Kommunikation;100,0;2020=100;VST018;Index der tariflichen Wochenarbeitszeit
62221;Vj. Index der Tarifverdienste und Arbeitszeiten;JAHR;Jahr;2022;DINSGF;Früheres Bundesgebiet / Neue Länder;DF;Früheres Bundesgebiet;WZ08C7;WZ2008 (ausgewählte Positionen): Tarifindex;WZ08-B-13;Prod. Gewerbe, Handel, Information u.Kommunikation;102,2;2020=100;VST065;Index d.tarifl. Stundenverdienste ohne Sonderzahl.
62221;Vj. Index der Tarifverdienste und Arbeitszeiten;JAHR;Jahr;2024;DINSGF;Früheres Bundesgebiet / Neue Länder;DF;Früheres Bundesgebiet;WZ08C7;WZ2008 (ausgewählte Positionen): Tarifindex;WZ08-71;Architektur-,Ing.büros,techn.,physik.Untersuchung;112,1;2020=100;VST072;Index d.tarifl. Stundenverdienste mit Sonderzahl.
62221;Vj. Index der Tarifverdienste und Arbeitszeiten;JAHR;Jahr;2024;DINSGF;Früheres Bundesgebiet / Neue Länder;DF;Früheres Bundesgebiet;WZ08C7;WZ2008 (ausgewählte Positionen): Tarifindex;WZ08-71;Architektur-,Ing.büros,techn.,physik.Untersuchung;112,1;2020=100;VST073;Index d.tarifl. Monatsverdienste mit Sonderzahl.
62221;Vj. Index der Tarifverdienste und Arbeitszeiten;JAHR;Jahr;2024;DINSGF;Früheres Bundesgebiet / Neue Länder;DF;Früheres Bundesgebiet;WZ08C7;WZ2008 (ausgewählte Positionen): Tarifindex;WZ08-71;Architektur-,Ing.büros,techn.,physik.Untersuchung;37,0;h;VST019;Durchschnittliche tarifliche Wochenarbeitszeit
62221;Vj. Index der Tarifverdienste und Arbeitszeiten;JAHR;Jahr;2024;DINSGF;Früheres Bundesgebiet / Neue Länder;DF;Früheres Bundesgebiet;WZ08C7;WZ2008 (ausgewählte Positionen): Tarifindex;WZ08-71;Architektur-,Ing.büros,techn.,physik.Untersuchung;109,6;2020=100;VST066;Index d.tarifl. Monatsverdienste ohne Sonderzahl.
62221;Vj. Index der Tarifverdienste und Arbeitszeiten;JAHR;Jahr;2024;DINSGF;Früheres Bundesgebiet / Neue Länder;DF;Früheres Bundesgebiet;WZ08C7;WZ2008 (ausgewählte Positionen): Tarifindex;WZ08-71;Architektur-,Ing.büros,techn.,physik.Untersuchung;100,0;2020=100;VST018;Index der tariflichen Wochenarbeitszeit
62221;Vj. Index der Tarifverdienste und Arbeitszeiten;JAHR;Jahr;2024;DINSGF;Früheres Bundesgebiet / Neue Länder;DF;Früheres Bundesgebiet;WZ08C7;WZ2008 (ausgewählte Positionen): Tarifindex;WZ08-71;Architektur-,Ing.büros,techn.,physik.Untersuchung;109,6;2020=100;VST065;Index d.tarifl. Stundenverdienste ohne Sonderzahl.
62221;Vj. Index der Tarifverdienste und Arbeitszeiten;JAHR;Jahr;2022;DINSGF;Früheres Bundesgebiet / Neue Länder;DN;Neue Länder;WZ08C7;WZ2008 (ausgewählte Positionen): Tarifindex;WZ08-08-01;Gewinnung v. Steinen u. Erden, sonst. Bergbau, DL;105,4;2020=100;VST072;Index d.tarifl. Stundenverdienste mit Sonderzahl.
62221;Vj. Index der Tarifverdienste und Arbeitszeiten;JAHR;Jahr;2022;DINSGF;Früheres Bundesgebiet / Neue Länder;DN;Neue Länder;WZ08C7;WZ2008 (ausgewählte Positionen): Tarifindex;WZ08-08-01;Gewinnung v. Steinen u. Erden, sonst. Bergbau, DL;105,3;2020=100;VST073;Index d.tarifl. Monatsverdienste mit Sonderzahl.
62221;Vj. Index der Tarifverdienste und Arbeitszeiten;JAHR;Jahr;2022;DINSGF;Früheres Bundesgebiet / Neue Länder;DN;Neue Länder;WZ08C7;WZ2008 (ausgewählte Positionen): Tarifindex;WZ08-08-01;Gewinnung v. Steinen u. Erden, sonst. Bergbau, DL;39,4;h;VST019;Durchschnittliche tarifliche Wochenarbeitszeit
62221;Vj. Index der Tarifverdienste und Arbeitszeiten;JAHR;Jahr;2022;DINSGF;Früheres Bundesgebiet / Neue Länder;DN;Neue Länder;WZ08C7;WZ2008 (ausgewählte Positionen): Tarifindex;WZ08-08-01;Gewinnung v. Steinen u. Erden, sonst. Bergbau, DL;104,8;2020=100;VST066;Index d.tarifl. Monatsverdienste ohne Sonderzahl.
62221;Vj. Index der Tarifverdienste und Arbeitszeiten;JAHR;Jahr;2022;DINSGF;Früheres Bundesgebiet / Neue Länder;DN;Neue Länder;WZ08C7;WZ2008 (ausgewählte Positionen): Tarifindex;WZ08-08-01;Gewinnung v. Steinen u. Erden, sonst. Bergbau, DL;99,9;2020=100;VST018;Index der tariflichen Wochenarbeitszeit
62221;Vj. Index der Tarifverdienste und Arbeitszeiten;JAHR;Jahr;2022;DINSGF;Früheres Bundesgebiet / Neue Länder;DN;Neue Länder;WZ08C7;WZ2008 (ausgewählte Positionen): Tarifindex;WZ08-08-01;Gewinnung v. Steinen u. Erden, sonst. Bergbau, DL;104,8;2020=100;VST065;Index d.tarifl. Stundenverdienste ohne Sonderzahl.
62221;Vj. Index der Tarifverdienste und Arbeitszeiten;JAHR;Jahr;2022;DINSGF;Früheres Bundesgebiet / Neue Länder;DF;Früheres Bundesgebiet;WZ08C7;WZ2008 (ausgewählte Positionen): Tarifindex;WZ08-H-01;Verkehr und Lagerei, Information und Kommunikation;103,4;2020=100;VST072;Index d.tarifl. Stundenverdienste mit Sonderzahl.
62221;Vj. Index der Tarifverdienste und Arbeitszeiten;JAHR;Jahr;2022;DINSGF;Früheres Bundesgebiet / Neue Länder;DF;Früheres Bundesgebiet;WZ08C7;WZ2008 (ausgewählte Positionen): Tarifindex;WZ08-H-01;Verkehr und Lagerei, Information und Kommunikation;103,4;2020=100;VST073;Index d.tarifl. Monatsverdienste mit Sonderzahl.
62221;Vj. Index der Tarifverdienste und Arbeitszeiten;JAHR;Jahr;2022;DINSGF;Früheres Bundesgebiet / Neue Länder;DF;Früheres Bundesgebiet;WZ08C7;WZ2008 (ausgewählte Positionen): Tarifindex;WZ08-H-01;Verkehr und Lagerei, Information und Kommunikation;38,7;h;VST019;Durchschnittliche tarifliche Wochenarbeitszeit
62221;Vj. Index der Tarifverdienste und Arbeitszeiten;JAHR;Jahr;2022;DINSGF;Früheres Bundesgebiet / Neue Länder;DF;Früheres Bundesgebiet;WZ08C7;WZ2008 (ausgewählte Positionen): Tarifindex;WZ08-H-01;Verkehr und Lagerei, Information und Kommunikation;103,3;2020=100;VST066;Index d.tarifl. Monatsverdienste ohne Sonderzahl.
62221;Vj. Index der Tarifverdienste und Arbeitszeiten;JAHR;Jahr;2022;DINSGF;Früheres Bundesgebiet / Neue Länder;DF;Früheres Bundesgebiet;WZ08C7;WZ2008 (ausgewählte Positionen): Tarifindex;WZ08-H-01;Verkehr und Lagerei, Information und Kommunikation;100,0;2020=100;VST018;Index der tariflichen Wochenarbeitszeit
62221;Vj. Index der Tarifverdienste und Arbeitszeiten;JAHR;Jahr;2022;DINSGF;Früheres Bundesgebiet / Neue Länder;DF;Früheres Bundesgebiet;WZ08C7;WZ2008 (ausgewählte Positionen): Tarifindex;WZ08-H-01;Verkehr und Lagerei, Information und Kommunikation;103,3;2020=100;VST065;Index d.tarifl. Stundenverdienste ohne Sonderzahl.
62221;Vj. Index der Tarifverdienste und Arbeitszeiten;JAHR;Jahr;2025;DINSGF;Früheres Bundesgebiet / Neue Länder;DN;Neue Länder;WZ08C7;WZ2008 (ausgewählte Positionen): Tarifindex;WZ08-73;Werbung und Marktforschung;-;2020=100;VST072;Index d.tarifl. Stundenverdienste mit Sonderzahl.
62221;Vj. Index der Tarifverdienste und Arbeitszeiten;JAHR;Jahr;2025;DINSGF;Früheres Bundesgebiet / Neue Länder;DN;Neue Länder;WZ08C7;WZ2008 (ausgewählte Positionen): Tarifindex;WZ08-73;Werbung und Marktforschung;-;2020=100;VST073;Index d.tarifl. Monatsverdienste mit Sonderzahl.
62221;Vj. Index der Tarifverdienste und Arbeitszeiten;JAHR;Jahr;2025;DINSGF;Früheres Bundesgebiet / Neue Länder;DN;Neue Länder;WZ08C7;WZ2008 (ausgewählte Positionen): Tarifindex;WZ08-73;Werbung und Marktforschung;-;h;VST019;Durchschnittliche tarifliche Wochenarbeitszeit
62221;Vj. Index der Tarifverdienste und Arbeitszeiten;JAHR;Jahr;2025;DINSGF;Früheres Bundesgebiet / Neue Länder;DN;Neue Länder;WZ08C7;WZ2008 (ausgewählte Positionen): Tarifindex;WZ08-73;Werbung und Marktforschung;-;2020=100;VST066;Index d.tarifl. Monatsverdienste ohne Sonderzahl.
62221;Vj. Index der Tarifverdienste und Arbeitszeiten;JAHR;Jahr;2025;DINSGF;Früheres Bundesgebiet / Neue Länder;DN;Neue Länder;WZ08C7;WZ2008 (ausgewählte Positionen): Tarifindex;WZ08-73;Werbung und Marktforschung;-;2020=100;VST018;Index der tariflichen Wochenarbeitszeit
62221;Vj. Index der Tarifverdienste und Arbeitszeiten;JAHR;Jahr;2025;DINSGF;Früheres Bundesgebiet / Neue Länder;DN;Neue Länder;WZ08C7;WZ2008 (ausgewählte Positionen): Tarifindex;WZ08-73;Werbung und Marktforschung;-;2020=100;VST065;Index d.tarifl. Stundenverdienste ohne Sonderzahl.
62221;Vj. Index der Tarifverdienste und Arbeitszeiten;JAHR;Jahr;2024;DINSGF;Früheres Bundesgebiet / Neue Länder;DF;Früheres Bundesgebiet;WZ08C7;WZ2008 (ausgewählte Positionen): Tarifindex;WZ08-86;Gesundheitswesen;113,2;2020=100;VST072;Index d.tarifl. Stundenverdienste mit Sonderzahl.
62221;Vj. Index der Tarifverdienste und Arbeitszeiten;JAHR;Jahr;2024;DINSGF;Früheres Bundesgebiet / Neue Länder;DF;Früheres Bundesgebiet;WZ08C7;WZ2008 (ausgewählte Positionen): Tarifindex;WZ08-86;Gesundheitswesen;113,2;2020=100;VST073;Index d.tarifl. Monatsverdienste mit Sonderzahl.
62221;Vj. Index der Tarifverdienste und Arbeitszeiten;JAHR;Jahr;2024;DINSGF;Früheres Bundesgebiet / Neue Länder;DF;Früheres Bundesgebiet;WZ08C7;WZ2008 (ausgewählte Positionen): Tarifindex;WZ08-86;Gesundheitswesen;39,2;h;VST019;Durchschnittliche tarifliche Wochenarbeitszeit
62221;Vj. Index der Tarifverdienste und Arbeitszeiten;JAHR;Jahr;2024;DINSGF;Früheres Bundesgebiet / Neue Länder;DF;Früheres Bundesgebiet;WZ08C7;WZ2008 (ausgewählte Positionen): Tarifindex;WZ08-86;Gesundheitswesen;112,0;2020=100;VST066;Index d.tarifl. Monatsverdienste ohne Sonderzahl.
62221;Vj. Index der Tarifverdienste und Arbeitszeiten;JAHR;Jahr;2024;DINSGF;Früheres Bundesgebiet / Neue Länder;DF;Früheres Bundesgebiet;WZ08C7;WZ2008 (ausgewählte Positionen): Tarifindex;WZ08-86;Gesundheitswesen;99,5;2020=100;VST018;Index der tariflichen Wochenarbeitszeit
62221;Vj. Index der Tarifverdienste und Arbeitszeiten;JAHR;Jahr;2024;DINSGF;Früheres Bundesgebiet / Neue Länder;DF;Früheres Bundesgebiet;WZ08C7;WZ2008 (ausgewählte Positionen): Tarifindex;WZ08-86;Gesundheitswesen;112,0;2020=100;VST065;Index d.tarifl. Stundenverdienste ohne Sonderzahl.
62221;Vj. Index der Tarifverdienste und Arbeitszeiten;JAHR;Jahr;2024;DINSGF;Früheres Bundesgebiet / Neue Länder;DF;Früheres Bundesgebiet;WZ08C7;WZ2008 (ausgewählte Positionen): Tarifindex;WZ08-50;Schifffahrt;107,7;2020=100;VST072;Index d.tarifl. Stundenverdienste mit Sonderzahl.
62221;Vj. Index der Tarifverdienste und Arbeitszeiten;JAHR;Jahr;2024;DINSGF;Früheres Bundesgebiet / Neue Länder;DF;Früheres Bundesgebiet;WZ08C7;WZ2008 (ausgewählte Positionen): Tarifindex;WZ08-50;Schifffahrt;107,7;2020=100;VST073;Index d.tarifl. Monatsverdienste mit Sonderzahl.
62221;Vj. Index der Tarifverdienste und Arbeitszeiten;JAHR;Jahr;2024;DINSGF;Früheres Bundesgebiet / Neue Länder;DF;Früheres Bundesgebiet;WZ08C7;WZ2008 (ausgewählte Positionen): Tarifindex;WZ08-50;Schifffahrt;39,5;h;VST019;Durchschnittliche tarifliche Wochenarbeitszeit
62221;Vj. Index der Tarifverdienste und Arbeitszeiten;JAHR;Jahr;2024;DINSGF;Früheres Bundesgebiet / Neue Länder;DF;Früheres Bundesgebiet;WZ08C7;WZ2008 (ausgewählte Positionen): Tarifindex;WZ08-50;Schifffahrt;107,2;2020=100;VST066;Index d.tarifl. Monatsverdienste ohne Sonderzahl.
62221;Vj. Index der Tarifverdienste und Arbeitszeiten;JAHR;Jahr;2024;DINSGF;Früheres Bundesgebiet / Neue Länder;DF;Früheres Bundesgebiet;WZ08C7;WZ2008 (ausgewählte Positionen): Tarifindex;WZ08-50;Schifffahrt;100,0;2020=100;VST018;Index der tariflichen Wochenarbeitszeit
62221;Vj. Index der Tarifverdienste und Arbeitszeiten;JAHR;Jahr;2024;DINSGF;Früheres Bundesgebiet / Neue Länder;DF;Früheres Bundesgebiet;WZ08C7;WZ2008 (ausgewählte Positionen): Tarifindex;WZ08-50;Schifffahrt;107,2;2020=100;VST065;Index d.tarifl. Stundenverdienste ohne Sonderzahl.
62221;Vj. Index der Tarifverdienste und Arbeitszeiten;JAHR;Jahr;2024;DINSGF;Früheres Bundesgebiet / Neue Länder;DF;Früheres Bundesgebiet;WZ08C7;WZ2008 (ausgewählte Positionen): Tarifindex;WZ08-68;Grundstücks- und Wohnungswesen;112,2;2020=100;VST072;Index d.tarifl. Stundenverdienste mit Sonderzahl.
62221;Vj. Index der Tarifverdienste und Arbeitszeiten;JAHR;Jahr;2024;DINSGF;Früheres Bundesgebiet / Neue Länder;DF;Früheres Bundesgebiet;WZ08C7;WZ2008 (ausgewählte Positionen): Tarifindex;WZ08-68;Grundstücks- und Wohnungswesen;112,2;2020=100;VST073;Index d.tarifl. Monatsverdienste mit Sonderzahl.
62221;Vj. Index der Tarifverdienste und Arbeitszeiten;JAHR;Jahr;2024;DINSGF;Früheres Bundesgebiet / Neue Länder;DF;Früheres Bundesgebiet;WZ08C7;WZ2008 (ausgewählte Positionen): Tarifindex;WZ08-68;Grundstücks- und Wohnungswesen;38,1;h;VST019;Durchschnittliche tarifliche Wochenarbeitszeit
62221;Vj. Index der Tarifverdienste und Arbeitszeiten;JAHR;Jahr;2024;DINSGF;Früheres Bundesgebiet / Neue Länder;DF;Früheres Bundesgebiet;WZ08C7;WZ2008 (ausgewählte Positionen): Tarifindex;WZ08-68;Grundstücks- und Wohnungswesen;110,2;2020=100;VST066;Index d.tarifl. Monatsverdienste ohne Sonderzahl.
62221;Vj. Index der Tarifverdienste und Arbeitszeiten;JAHR;Jahr;2024;DINSGF;Früheres Bundesgebiet / Neue Länder;DF;Früheres Bundesgebiet;WZ08C7;WZ2008 (ausgewählte Positionen): Tarifindex;WZ08-68;Grundstücks- und Wohnungswesen;100,0;2020=100;VST018;Index der tariflichen Wochenarbeitszeit
62221;Vj. Index der Tarifverdienste und Arbeitszeiten;JAHR;Jahr;2024;DINSGF;Früheres Bundesgebiet / Neue Länder;DF;Früheres Bundesgebiet;WZ08C7;WZ2008 (ausgewählte Positionen): Tarifindex;WZ08-68;Grundstücks- und Wohnungswesen;110,2;2020=100;VST065;Index d.tarifl. Stundenverdienste ohne Sonderzahl.
62221;Vj. Index der Tarifverdienste und Arbeitszeiten;JAHR;Jahr;2024;DINSGF;Früheres Bundesgebiet / Neue Länder;DF;Früheres Bundesgebiet;WZ08C7;WZ2008 (ausgewählte Positionen): Tarifindex;WZ08-53;Post-, Kurier- und Expressdienste;112,9;2020=100;VST072;Index d.tarifl. Stundenverdienste mit Sonderzahl.
62221;Vj. Index der Tarifverdienste und Arbeitszeiten;JAHR;Jahr;2024;DINSGF;Früheres Bundesgebiet / Neue Länder;DF;Früheres Bundesgebiet;WZ08C7;WZ2008 (ausgewählte Positionen): Tarifindex;WZ08-53;Post-, Kurier- und Expressdienste;112,9;2020=100;VST073;Index d.tarifl. Monatsverdienste mit Sonderzahl.
62221;Vj. Index der Tarifverdienste und Arbeitszeiten;JAHR;Jahr;2024;DINSGF;Früheres Bundesgebiet / Neue Länder;DF;Früheres Bundesgebiet;WZ08C7;WZ2008 (ausgewählte Positionen): Tarifindex;WZ08-53;Post-, Kurier- und Expressdienste;39,1;h;VST019;Durchschnittliche tarifliche Wochenarbeitszeit
62221;Vj. Index der Tarifverdienste und Arbeitszeiten;JAHR;Jahr;2024;DINSGF;Früheres Bundesgebiet / Neue Länder;DF;Früheres Bundesgebiet;WZ08C7;WZ2008 (ausgewählte Positionen): Tarifindex;WZ08-53;Post-, Kurier- und Expressdienste;112,5;2020=100;VST066;Index d.tarifl. Monatsverdienste ohne Sonderzahl.
62221;Vj. Index der Tarifverdienste und Arbeitszeiten;JAHR;Jahr;2024;DINSGF;Früheres Bundesgebiet / Neue Länder;DF;Früheres Bundesgebiet;WZ08C7;WZ2008 (ausgewählte Positionen): Tarifindex;WZ08-53;Post-, Kurier- und Expressdienste;100,0;2020=100;VST018;Index der tariflichen Wochenarbeitszeit
62221;Vj. Index der Tarifverdienste und Arbeitszeiten;JAHR;Jahr;2024;DINSGF;Früheres Bundesgebiet / Neue Länder;DF;Früheres Bundesgebiet;WZ08C7;WZ2008 (ausgewählte Positionen): Tarifindex;WZ08-53;Post-, Kurier- und Expressdienste;112,5;2020=100;VST065;Index d.tarifl. Stundenverdienste ohne Sonderzahl.
62221;Vj. Index der Tarifverdienste und Arbeitszeiten;JAHR;Jahr;2024;DINSGF;Früheres Bundesgebiet / Neue Länder;DF;Früheres Bundesgebiet;WZ08C7;WZ2008 (ausgewählte Positionen): Tarifindex;WZ08-65;Versicherungen, Rückversicherungen, Pensionskassen;110,6;2020=100;VST072;Index d.tarifl. Stundenverdienste mit Sonderzahl.
62221;Vj. Index der Tarifverdienste und Arbeitszeiten;JAHR;Jahr;2024;DINSGF;Früheres Bundesgebiet / Neue Länder;DF;Früheres Bundesgebiet;WZ08C7;WZ2008 (ausgewählte Positionen): Tarifindex;WZ08-65;Versicherungen, Rückversicherungen, Pensionskassen;110,6;2020=100;VST073;Index d.tarifl. Monatsverdienste mit Sonderzahl.
62221;Vj. Index der Tarifverdienste und Arbeitszeiten;JAHR;Jahr;2024;DINSGF;Früheres Bundesgebiet / Neue Länder;DF;Früheres Bundesgebiet;WZ08C7;WZ2008 (ausgewählte Positionen): Tarifindex;WZ08-65;Versicherungen, Rückversicherungen, Pensionskassen;38,0;h;VST019;Durchschnittliche tarifliche Wochenarbeitszeit
62221;Vj. Index der Tarifverdienste und Arbeitszeiten;JAHR;Jahr;2024;DINSGF;Früheres Bundesgebiet / Neue Länder;DF;Früheres Bundesgebiet;WZ08C7;WZ2008 (ausgewählte Positionen): Tarifindex;WZ08-65;Versicherungen, Rückversicherungen, Pensionskassen;109,0;2020=100;VST066;Index d.tarifl. Monatsverdienste ohne Sonderzahl.
62221;Vj. Index der Tarifverdienste und Arbeitszeiten;JAHR;Jahr;2024;DINSGF;Früheres Bundesgebiet / Neue Länder;DF;Früheres Bundesgebiet;WZ08C7;WZ2008 (ausgewählte Positionen): Tarifindex;WZ08-65;Versicherungen, Rückversicherungen, Pensionskassen;100,0;2020=100;VST018;Index der tariflichen Wochenarbeitszeit
62221;Vj. Index der Tarifverdienste und Arbeitszeiten;JAHR;Jahr;2024;DINSGF;Früheres Bundesgebiet / Neue Länder;DF;Früheres Bundesgebiet;WZ08C7;WZ2008 (ausgewählte Positionen): Tarifindex;WZ08-65;Versicherungen, Rückversicherungen, Pensionskassen;109,0;2020=100;VST065;Index d.tarifl. Stundenverdienste ohne Sonderzahl.
62221;Vj. Index der Tarifverdienste und Arbeitszeiten;JAHR;Jahr;2018;DINSGF;Früheres Bundesgebiet / Neue Länder;DF;Früheres Bundesgebiet;WZ08C7;WZ2008 (ausgewählte Positionen): Tarifindex;WZ08-08-01;Gewinnung v. Steinen u. Erden, sonst. Bergbau, DL;95,0;2020=100;VST072;Index d.tarifl. Stundenverdienste mit Sonderzahl.
62221;Vj. Index der Tarifverdienste und Arbeitszeiten;JAHR;Jahr;2018;DINSGF;Früheres Bundesgebiet / Neue Länder;DF;Früheres Bundesgebiet;WZ08C7;WZ2008 (ausgewählte Positionen): Tarifindex;WZ08-08-01;Gewinnung v. Steinen u. Erden, sonst. Bergbau, DL;95,0;2020=100;VST073;Index d.tarifl. Monatsverdienste mit Sonderzahl.
62221;Vj. Index der Tarifverdienste und Arbeitszeiten;JAHR;Jahr;2018;DINSGF;Früheres Bundesgebiet / Neue Länder;DF;Früheres Bundesgebiet;WZ08C7;WZ2008 (ausgewählte Positionen): Tarifindex;WZ08-08-01;Gewinnung v. Steinen u. Erden, sonst. Bergbau, DL;37,5;h;VST019;Durchschnittliche tarifliche Wochenarbeitszeit
62221;Vj. Index der Tarifverdienste und Arbeitszeiten;JAHR;Jahr;2018;DINSGF;Früheres Bundesgebiet / Neue Länder;DF;Früheres Bundesgebiet;WZ08C7;WZ2008 (ausgewählte Positionen): Tarifindex;WZ08-08-01;Gewinnung v. Steinen u. Erden, sonst. Bergbau, DL;95,8;2020=100;VST066;Index d.tarifl. Monatsverdienste ohne Sonderzahl.
62221;Vj. Index der Tarifverdienste und Arbeitszeiten;JAHR;Jahr;2018;DINSGF;Früheres Bundesgebiet / Neue Länder;DF;Früheres Bundesgebiet;WZ08C7;WZ2008 (ausgewählte Positionen): Tarifindex;WZ08-08-01;Gewinnung v. Steinen u. Erden, sonst. Bergbau, DL;100,0;2020=100;VST018;Index der tariflichen Wochenarbeitszeit
62221;Vj. Index der Tarifverdienste und Arbeitszeiten;JAHR;Jahr;2018;DINSGF;Früheres Bundesgebiet / Neue Länder;DF;Früheres Bundesgebiet;WZ08C7;WZ2008 (ausgewählte Positionen): Tarifindex;WZ08-08-01;Gewinnung v. Steinen u. Erden, sonst. Bergbau, DL;95,8;2020=100;VST065;Index d.tarifl. Stundenverdienste ohne Sonderzahl.
62221;Vj. Index der Tarifverdienste und Arbeitszeiten;JAHR;Jahr;2022;DINSGF;Früheres Bundesgebiet / Neue Länder;DN;Neue Länder;WZ08C7;WZ2008 (ausgewählte Positionen): Tarifindex;WZ08-13-01;Textil- und Bekleidungsgewerbe;106,8;2020=100;VST072;Index d.tarifl. Stundenverdienste mit Sonderzahl.
62221;Vj. Index der Tarifverdienste und Arbeitszeiten;JAHR;Jahr;2022;DINSGF;Früheres Bundesgebiet / Neue Länder;DN;Neue Länder;WZ08C7;WZ2008 (ausgewählte Positionen): Tarifindex;WZ08-13-01;Textil- und Bekleidungsgewerbe;105,0;2020=100;VST073;Index d.tarifl. Monatsverdienste mit Sonderzahl.
62221;Vj. Index der Tarifverdienste und Arbeitszeiten;JAHR;Jahr;2022;DINSGF;Früheres Bundesgebiet / Neue Länder;DN;Neue Länder;WZ08C7;WZ2008 (ausgewählte Positionen): Tarifindex;WZ08-13-01;Textil- und Bekleidungsgewerbe;38,9;h;VST019;Durchschnittliche tarifliche Wochenarbeitszeit
62221;Vj. Index der Tarifverdienste und Arbeitszeiten;JAHR;Jahr;2022;DINSGF;Früheres Bundesgebiet / Neue Länder;DN;Neue Länder;WZ08C7;WZ2008 (ausgewählte Positionen): Tarifindex;WZ08-13-01;Textil- und Bekleidungsgewerbe;104,0;2020=100;VST066;Index d.tarifl. Monatsverdienste ohne Sonderzahl.
62221;Vj. Index der Tarifverdienste und Arbeitszeiten;JAHR;Jahr;2022;DINSGF;Früheres Bundesgebiet / Neue Länder;DN;Neue Länder;WZ08C7;WZ2008 (ausgewählte Positionen): Tarifindex;WZ08-13-01;Textil- und Bekleidungsgewerbe;98,4;2020=100;VST018;Index der tariflichen Wochenarbeitszeit
62221;Vj. Index der Tarifverdienste und Arbeitszeiten;JAHR;Jahr;2022;DINSGF;Früheres Bundesgebiet / Neue Länder;DN;Neue Länder;WZ08C7;WZ2008 (ausgewählte Positionen): Tarifindex;WZ08-13-01;Textil- und Bekleidungsgewerbe;105,7;2020=100;VST065;Index d.tarifl. Stundenverdienste ohne Sonderzahl.
62221;Vj. Index der Tarifverdienste und Arbeitszeiten;JAHR;Jahr;2018;DINSGF;Früheres Bundesgebiet / Neue Länder;DF;Früheres Bundesgebiet;WZ08C7;WZ2008 (ausgewählte Positionen): Tarifindex;WZ08-45;Kfz-Handel, Instandhaltung und Reparatur von Kfz;95,1;2020=100;VST072;Index d.tarifl. Stundenverdienste mit Sonderzahl.
62221;Vj. Index der Tarifverdienste und Arbeitszeiten;JAHR;Jahr;2018;DINSGF;Früheres Bundesgebiet / Neue Länder;DF;Früheres Bundesgebiet;WZ08C7;WZ2008 (ausgewählte Positionen): Tarifindex;WZ08-45;Kfz-Handel, Instandhaltung und Reparatur von Kfz;95,1;2020=100;VST073;Index d.tarifl. Monatsverdienste mit Sonderzahl.
62221;Vj. Index der Tarifverdienste und Arbeitszeiten;JAHR;Jahr;2018;DINSGF;Früheres Bundesgebiet / Neue Länder;DF;Früheres Bundesgebiet;WZ08C7;WZ2008 (ausgewählte Positionen): Tarifindex;WZ08-45;Kfz-Handel, Instandhaltung und Reparatur von Kfz;36,7;h;VST019;Durchschnittliche tarifliche Wochenarbeitszeit
62221;Vj. Index der Tarifverdienste und Arbeitszeiten;JAHR;Jahr;2018;DINSGF;Früheres Bundesgebiet / Neue Länder;DF;Früheres Bundesgebiet;WZ08C7;WZ2008 (ausgewählte Positionen): Tarifindex;WZ08-45;Kfz-Handel, Instandhaltung und Reparatur von Kfz;95,2;2020=100;VST066;Index d.tarifl. Monatsverdienste ohne Sonderzahl.
62221;Vj. Index der Tarifverdienste und Arbeitszeiten;JAHR;Jahr;2018;DINSGF;Früheres Bundesgebiet / Neue Länder;DF;Früheres Bundesgebiet;WZ08C7;WZ2008 (ausgewählte Positionen): Tarifindex;WZ08-45;Kfz-Handel, Instandhaltung und Reparatur von Kfz;100,0;2020=100;VST018;Index der tariflichen Wochenarbeitszeit
62221;Vj. Index der Tarifverdienste und Arbeitszeiten;JAHR;Jahr;2018;DINSGF;Früheres Bundesgebiet / Neue Länder;DF;Früheres Bundesgebiet;WZ08C7;WZ2008 (ausgewählte Positionen): Tarifindex;WZ08-45;Kfz-Handel, Instandhaltung und Reparatur von Kfz;95,2;2020=100;VST065;Index d.tarifl. Stundenverdienste ohne Sonderzahl.
62221;Vj. Index der Tarifverdienste und Arbeitszeiten;JAHR;Jahr;2017;DINSGF;Früheres Bundesgebiet / Neue Länder;DF;Früheres Bundesgebiet;WZ08C7;WZ2008 (ausgewählte Positionen): Tarifindex;WZ08-61;Telekommunikation;90,8;2020=100;VST072;Index d.tarifl. Stundenverdienste mit Sonderzahl.
62221;Vj. Index der Tarifverdienste und Arbeitszeiten;JAHR;Jahr;2017;DINSGF;Früheres Bundesgebiet / Neue Länder;DF;Früheres Bundesgebiet;WZ08C7;WZ2008 (ausgewählte Positionen): Tarifindex;WZ08-61;Telekommunikation;93,6;2020=100;VST073;Index d.tarifl. Monatsverdienste mit Sonderzahl.
62221;Vj. Index der Tarifverdienste und Arbeitszeiten;JAHR;Jahr;2017;DINSGF;Früheres Bundesgebiet / Neue Länder;DF;Früheres Bundesgebiet;WZ08C7;WZ2008 (ausgewählte Positionen): Tarifindex;WZ08-61;Telekommunikation;37,9;h;VST019;Durchschnittliche tarifliche Wochenarbeitszeit
62221;Vj. Index der Tarifverdienste und Arbeitszeiten;JAHR;Jahr;2017;DINSGF;Früheres Bundesgebiet / Neue Länder;DF;Früheres Bundesgebiet;WZ08C7;WZ2008 (ausgewählte Positionen): Tarifindex;WZ08-61;Telekommunikation;93,6;2020=100;VST066;Index d.tarifl. Monatsverdienste ohne Sonderzahl.
62221;Vj. Index der Tarifverdienste und Arbeitszeiten;JAHR;Jahr;2017;DINSGF;Früheres Bundesgebiet / Neue Länder;DF;Früheres Bundesgebiet;WZ08C7;WZ2008 (ausgewählte Positionen): Tarifindex;WZ08-61;Telekommunikation;102,8;2020=100;VST018;Index der tariflichen Wochenarbeitszeit
62221;Vj. Index der Tarifverdienste und Arbeitszeiten;JAHR;Jahr;2017;DINSGF;Früheres Bundesgebiet / Neue Länder;DF;Früheres Bundesgebiet;WZ08C7;WZ2008 (ausgewählte Positionen): Tarifindex;WZ08-61;Telekommunikation;90,8;2020=100;VST065;Index d.tarifl. Stundenverdienste ohne Sonderzahl.
62221;Vj. Index der Tarifverdienste und Arbeitszeiten;JAHR;Jahr;2024;DINSGF;Früheres Bundesgebiet / Neue Länder;DN;Neue Länder;WZ08C7;WZ2008 (ausgewählte Positionen): Tarifindex;WZ08-491-01;Personen- u. Güterbeförderung im Eisenbahnverkehr;111,5;2020=100;VST072;Index d.tarifl. Stundenverdienste mit Sonderzahl.
62221;Vj. Index der Tarifverdienste und Arbeitszeiten;JAHR;Jahr;2024;DINSGF;Früheres Bundesgebiet / Neue Länder;DN;Neue Länder;WZ08C7;WZ2008 (ausgewählte Positionen): Tarifindex;WZ08-491-01;Personen- u. Güterbeförderung im Eisenbahnverkehr;110,6;2020=100;VST073;Index d.tarifl. Monatsverdienste mit Sonderzahl.
62221;Vj. Index der Tarifverdienste und Arbeitszeiten;JAHR;Jahr;2024;DINSGF;Früheres Bundesgebiet / Neue Länder;DN;Neue Länder;WZ08C7;WZ2008 (ausgewählte Positionen): Tarifindex;WZ08-491-01;Personen- u. Güterbeförderung im Eisenbahnverkehr;39,7;h;VST019;Durchschnittliche tarifliche Wochenarbeitszeit
62221;Vj. Index der Tarifverdienste und Arbeitszeiten;JAHR;Jahr;2024;DINSGF;Früheres Bundesgebiet / Neue Länder;DN;Neue Länder;WZ08C7;WZ2008 (ausgewählte Positionen): Tarifindex;WZ08-491-01;Personen- u. Güterbeförderung im Eisenbahnverkehr;110,1;2020=100;VST066;Index d.tarifl. Monatsverdienste ohne Sonderzahl.
62221;Vj. Index der Tarifverdienste und Arbeitszeiten;JAHR;Jahr;2024;DINSGF;Früheres Bundesgebiet / Neue Länder;DN;Neue Länder;WZ08C7;WZ2008 (ausgewählte Positionen): Tarifindex;WZ08-491-01;Personen- u. Güterbeförderung im Eisenbahnverkehr;99,4;2020=100;VST018;Index der tariflichen Wochenarbeitszeit
62221;Vj. Index der Tarifverdienste und Arbeitszeiten;JAHR;Jahr;2024;DINSGF;Früheres Bundesgebiet / Neue Länder;DN;Neue Länder;WZ08C7;WZ2008 (ausgewählte Positionen): Tarifindex;WZ08-491-01;Personen- u. Güterbeförderung im Eisenbahnverkehr;110,8;2020=100;VST065;Index d.tarifl. Stundenverdienste ohne Sonderzahl.
62221;Vj. Index der Tarifverdienste und Arbeitszeiten;JAHR;Jahr;2024;DINSGF;Früheres Bundesgebiet / Neue Länder;DF;Früheres Bundesgebiet;WZ08C7;WZ2008 (ausgewählte Positionen): Tarifindex;WZ08-13;Herstellung von Textilien;112,2;2020=100;VST072;Index d.tarifl. Stundenverdienste mit Sonderzahl.
62221;Vj. Index der Tarifverdienste und Arbeitszeiten;JAHR;Jahr;2024;DINSGF;Früheres Bundesgebiet / Neue Länder;DF;Früheres Bundesgebiet;WZ08C7;WZ2008 (ausgewählte Positionen): Tarifindex;WZ08-13;Herstellung von Textilien;112,2;2020=100;VST073;Index d.tarifl. Monatsverdienste mit Sonderzahl.
62221;Vj. Index der Tarifverdienste und Arbeitszeiten;JAHR;Jahr;2024;DINSGF;Früheres Bundesgebiet / Neue Länder;DF;Früheres Bundesgebiet;WZ08C7;WZ2008 (ausgewählte Positionen): Tarifindex;WZ08-13;Herstellung von Textilien;37,0;h;VST019;Durchschnittliche tarifliche Wochenarbeitszeit
62221;Vj. Index der Tarifverdienste und Arbeitszeiten;JAHR;Jahr;2024;DINSGF;Früheres Bundesgebiet / Neue Länder;DF;Früheres Bundesgebiet;WZ08C7;WZ2008 (ausgewählte Positionen): Tarifindex;WZ08-13;Herstellung von Textilien;110,7;2020=100;VST066;Index d.tarifl. Monatsverdienste ohne Sonderzahl.
62221;Vj. Index der Tarifverdienste und Arbeitszeiten;JAHR;Jahr;2024;DINSGF;Früheres Bundesgebiet / Neue Länder;DF;Früheres Bundesgebiet;WZ08C7;WZ2008 (ausgewählte Positionen): Tarifindex;WZ08-13;Herstellung von Textilien;100,0;2020=100;VST018;Index der tariflichen Wochenarbeitszeit
62221;Vj. Index der Tarifverdienste und Arbeitszeiten;JAHR;Jahr;2024;DINSGF;Früheres Bundesgebiet / Neue Länder;DF;Früheres Bundesgebiet;WZ08C7;WZ2008 (ausgewählte Positionen): Tarifindex;WZ08-13;Herstellung von Textilien;110,7;2020=100;VST065;Index d.tarifl. Stundenverdienste ohne Sonderzahl.
62221;Vj. Index der Tarifverdienste und Arbeitszeiten;JAHR;Jahr;2023;DINSGF;Früheres Bundesgebiet / Neue Länder;DF;Früheres Bundesgebiet;WZ08C7;WZ2008 (ausgewählte Positionen): Tarifindex;WZ08-94;Interessenvertr., kirchl. u. sonst. Vereinigungen;106,4;2020=100;VST072;Index d.tarifl. Stundenverdienste mit Sonderzahl.
62221;Vj. Index der Tarifverdienste und Arbeitszeiten;JAHR;Jahr;2023;DINSGF;Früheres Bundesgebiet / Neue Länder;DF;Früheres Bundesgebiet;WZ08C7;WZ2008 (ausgewählte Positionen): Tarifindex;WZ08-94;Interessenvertr., kirchl. u. sonst. Vereinigungen;106,4;2020=100;VST073;Index d.tarifl. Monatsverdienste mit Sonderzahl.
62221;Vj. Index der Tarifverdienste und Arbeitszeiten;JAHR;Jahr;2023;DINSGF;Früheres Bundesgebiet / Neue Länder;DF;Früheres Bundesgebiet;WZ08C7;WZ2008 (ausgewählte Positionen): Tarifindex;WZ08-94;Interessenvertr., kirchl. u. sonst. Vereinigungen;39,3;h;VST019;Durchschnittliche tarifliche Wochenarbeitszeit
62221;Vj. Index der Tarifverdienste und Arbeitszeiten;JAHR;Jahr;2023;DINSGF;Früheres Bundesgebiet / Neue Länder;DF;Früheres Bundesgebiet;WZ08C7;WZ2008 (ausgewählte Positionen): Tarifindex;WZ08-94;Interessenvertr., kirchl. u. sonst. Vereinigungen;104,3;2020=100;VST066;Index d.tarifl. Monatsverdienste ohne Sonderzahl.
62221;Vj. Index der Tarifverdienste und Arbeitszeiten;JAHR;Jahr;2023;DINSGF;Früheres Bundesgebiet / Neue Länder;DF;Früheres Bundesgebiet;WZ08C7;WZ2008 (ausgewählte Positionen): Tarifindex;WZ08-94;Interessenvertr., kirchl. u. sonst. Vereinigungen;100,0;2020=100;VST018;Index der tariflichen Wochenarbeitszeit
62221;Vj. Index der Tarifverdienste und Arbeitszeiten;JAHR;Jahr;2023;DINSGF;Früheres Bundesgebiet / Neue Länder;DF;Früheres Bundesgebiet;WZ08C7;WZ2008 (ausgewählte Positionen): Tarifindex;WZ08-94;Interessenvertr., kirchl. u. sonst. Vereinigungen;104,3;2020=100;VST065;Index d.tarifl. Stundenverdienste ohne Sonderzahl.
62221;Vj. Index der Tarifverdienste und Arbeitszeiten;JAHR;Jahr;2016;DINSGF;Früheres Bundesgebiet / Neue Länder;DF;Früheres Bundesgebiet;WZ08C7;WZ2008 (ausgewählte Positionen): Tarifindex;WZ08-21;Herstellung von pharmazeutischen Erzeugnissen;90,5;2020=100;VST072;Index d.tarifl. Stundenverdienste mit Sonderzahl.
62221;Vj. Index der Tarifverdienste und Arbeitszeiten;JAHR;Jahr;2016;DINSGF;Früheres Bundesgebiet / Neue Länder;DF;Früheres Bundesgebiet;WZ08C7;WZ2008 (ausgewählte Positionen): Tarifindex;WZ08-21;Herstellung von pharmazeutischen Erzeugnissen;90,5;2020=100;VST073;Index d.tarifl. Monatsverdienste mit Sonderzahl.
62221;Vj. Index der Tarifverdienste und Arbeitszeiten;JAHR;Jahr;2016;DINSGF;Früheres Bundesgebiet / Neue Länder;DF;Früheres Bundesgebiet;WZ08C7;WZ2008 (ausgewählte Positionen): Tarifindex;WZ08-21;Herstellung von pharmazeutischen Erzeugnissen;37,5;h;VST019;Durchschnittliche tarifliche Wochenarbeitszeit
62221;Vj. Index der Tarifverdienste und Arbeitszeiten;JAHR;Jahr;2016;DINSGF;Früheres Bundesgebiet / Neue Länder;DF;Früheres Bundesgebiet;WZ08C7;WZ2008 (ausgewählte Positionen): Tarifindex;WZ08-21;Herstellung von pharmazeutischen Erzeugnissen;92,0;2020=100;VST066;Index d.tarifl. Monatsverdienste ohne Sonderzahl.
62221;Vj. Index der Tarifverdienste und Arbeitszeiten;JAHR;Jahr;2016;DINSGF;Früheres Bundesgebiet / Neue Länder;DF;Früheres Bundesgebiet;WZ08C7;WZ2008 (ausgewählte Positionen): Tarifindex;WZ08-21;Herstellung von pharmazeutischen Erzeugnissen;100,0;2020=100;VST018;Index der tariflichen Wochenarbeitszeit
62221;Vj. Index der Tarifverdienste und Arbeitszeiten;JAHR;Jahr;2016;DINSGF;Früheres Bundesgebiet / Neue Länder;DF;Früheres Bundesgebiet;WZ08C7;WZ2008 (ausgewählte Positionen): Tarifindex;WZ08-21;Herstellung von pharmazeutischen Erzeugnissen;92,0;2020=100;VST065;Index d.tarifl. Stundenverdienste ohne Sonderzahl.
62221;Vj. Index der Tarifverdienste und Arbeitszeiten;JAHR;Jahr;2023;DINSGF;Früheres Bundesgebiet / Neue Länder;DF;Früheres Bundesgebiet;WZ08C7;WZ2008 (ausgewählte Positionen): Tarifindex;WZ08-24-01;Metallgewerbe;108,0;2020=100;VST072;Index d.tarifl. Stundenverdienste mit Sonderzahl.
62221;Vj. Index der Tarifverdienste und Arbeitszeiten;JAHR;Jahr;2023;DINSGF;Früheres Bundesgebiet / Neue Länder;DF;Früheres Bundesgebiet;WZ08C7;WZ2008 (ausgewählte Positionen): Tarifindex;WZ08-24-01;Metallgewerbe;108,0;2020=100;VST073;Index d.tarifl. Monatsverdienste mit Sonderzahl.
62221;Vj. Index der Tarifverdienste und Arbeitszeiten;JAHR;Jahr;2023;DINSGF;Früheres Bundesgebiet / Neue Länder;DF;Früheres Bundesgebiet;WZ08C7;WZ2008 (ausgewählte Positionen): Tarifindex;WZ08-24-01;Metallgewerbe;35,5;h;VST019;Durchschnittliche tarifliche Wochenarbeitszeit
62221;Vj. Index der Tarifverdienste und Arbeitszeiten;JAHR;Jahr;2023;DINSGF;Früheres Bundesgebiet / Neue Länder;DF;Früheres Bundesgebiet;WZ08C7;WZ2008 (ausgewählte Positionen): Tarifindex;WZ08-24-01;Metallgewerbe;103,9;2020=100;VST066;Index d.tarifl. Monatsverdienste ohne Sonderzahl.
62221;Vj. Index der Tarifverdienste und Arbeitszeiten;JAHR;Jahr;2023;DINSGF;Früheres Bundesgebiet / Neue Länder;DF;Früheres Bundesgebiet;WZ08C7;WZ2008 (ausgewählte Positionen): Tarifindex;WZ08-24-01;Metallgewerbe;100,0;2020=100;VST018;Index der tariflichen Wochenarbeitszeit
62221;Vj. Index der Tarifverdienste und Arbeitszeiten;JAHR;Jahr;2023;DINSGF;Früheres Bundesgebiet / Neue Länder;DF;Früheres Bundesgebiet;WZ08C7;WZ2008 (ausgewählte Positionen): Tarifindex;WZ08-24-01;Metallgewerbe;103,9;2020=100;VST065;Index d.tarifl. Stundenverdienste ohne Sonderzahl.
62221;Vj. Index der Tarifverdienste und Arbeitszeiten;JAHR;Jahr;2025;DINSGF;Früheres Bundesgebiet / Neue Länder;DF;Früheres Bundesgebiet;WZ08C7;WZ2008 (ausgewählte Positionen): Tarifindex;WZ08-B-05;Produzierendes Gewerbe;114,5;2020=100;VST072;Index d.tarifl. Stundenverdienste mit Sonderzahl.
62221;Vj. Index der Tarifverdienste und Arbeitszeiten;JAHR;Jahr;2025;DINSGF;Früheres Bundesgebiet / Neue Länder;DF;Früheres Bundesgebiet;WZ08C7;WZ2008 (ausgewählte Positionen): Tarifindex;WZ08-B-05;Produzierendes Gewerbe;114,5;2020=100;VST073;Index d.tarifl. Monatsverdienste mit Sonderzahl.
62221;Vj. Index der Tarifverdienste und Arbeitszeiten;JAHR;Jahr;2025;DINSGF;Früheres Bundesgebiet / Neue Länder;DF;Früheres Bundesgebiet;WZ08C7;WZ2008 (ausgewählte Positionen): Tarifindex;WZ08-B-05;Produzierendes Gewerbe;36,7;h;VST019;Durchschnittliche tarifliche Wochenarbeitszeit
62221;Vj. Index der Tarifverdienste und Arbeitszeiten;JAHR;Jahr;2025;DINSGF;Früheres Bundesgebiet / Neue Länder;DF;Früheres Bundesgebiet;WZ08C7;WZ2008 (ausgewählte Positionen): Tarifindex;WZ08-B-05;Produzierendes Gewerbe;113,2;2020=100;VST066;Index d.tarifl. Monatsverdienste ohne Sonderzahl.
62221;Vj. Index der Tarifverdienste und Arbeitszeiten;JAHR;Jahr;2025;DINSGF;Früheres Bundesgebiet / Neue Länder;DF;Früheres Bundesgebiet;WZ08C7;WZ2008 (ausgewählte Positionen): Tarifindex;WZ08-B-05;Produzierendes Gewerbe;100,0;2020=100;VST018;Index der tariflichen Wochenarbeitszeit
62221;Vj. Index der Tarifverdienste und Arbeitszeiten;JAHR;Jahr;2025;DINSGF;Früheres Bundesgebiet / Neue Länder;DF;Früheres Bundesgebiet;WZ08C7;WZ2008 (ausgewählte Positionen): Tarifindex;WZ08-B-05;Produzierendes Gewerbe;113,2;2020=100;VST065;Index d.tarifl. Stundenverdienste ohne Sonderzahl.
62221;Vj. Index der Tarifverdienste und Arbeitszeiten;JAHR;Jahr;2025;DINSGF;Früheres Bundesgebiet / Neue Länder;DN;Neue Länder;WZ08C7;WZ2008 (ausgewählte Positionen): Tarifindex;WZ08-B-12;Prod. Gewerbe, Handel, Verkehr und Lagerei;117,6;2020=100;VST072;Index d.tarifl. Stundenverdienste mit Sonderzahl.
62221;Vj. Index der Tarifverdienste und Arbeitszeiten;JAHR;Jahr;2025;DINSGF;Früheres Bundesgebiet / Neue Länder;DN;Neue Länder;WZ08C7;WZ2008 (ausgewählte Positionen): Tarifindex;WZ08-B-12;Prod. Gewerbe, Handel, Verkehr und Lagerei;117,0;2020=100;VST073;Index d.tarifl. Monatsverdienste mit Sonderzahl.
62221;Vj. Index der Tarifverdienste und Arbeitszeiten;JAHR;Jahr;2025;DINSGF;Früheres Bundesgebiet / Neue Länder;DN;Neue Länder;WZ08C7;WZ2008 (ausgewählte Positionen): Tarifindex;WZ08-B-12;Prod. Gewerbe, Handel, Verkehr und Lagerei;38,5;h;VST019;Durchschnittliche tarifliche Wochenarbeitszeit
62221;Vj. Index der Tarifverdienste und Arbeitszeiten;JAHR;Jahr;2025;DINSGF;Früheres Bundesgebiet / Neue Länder;DN;Neue Länder;WZ08C7;WZ2008 (ausgewählte Positionen): Tarifindex;WZ08-B-12;Prod. Gewerbe, Handel, Verkehr und Lagerei;116,5;2020=100;VST066;Index d.tarifl. Monatsverdienste ohne Sonderzahl.
62221;Vj. Index der Tarifverdienste und Arbeitszeiten;JAHR;Jahr;2025;DINSGF;Früheres Bundesgebiet / Neue Länder;DN;Neue Länder;WZ08C7;WZ2008 (ausgewählte Positionen): Tarifindex;WZ08-B-12;Prod. Gewerbe, Handel, Verkehr und Lagerei;99,6;2020=100;VST018;Index der tariflichen Wochenarbeitszeit
62221;Vj. Index der Tarifverdienste und Arbeitszeiten;JAHR;Jahr;2025;DINSGF;Früheres Bundesgebiet / Neue Länder;DN;Neue Länder;WZ08C7;WZ2008 (ausgewählte Positionen): Tarifindex;WZ08-B-12;Prod. Gewerbe, Handel, Verkehr und Lagerei;117,1;2020=100;VST065;Index d.tarifl. Stundenverdienste ohne Sonderzahl.
62221;Vj. Index der Tarifverdienste und Arbeitszeiten;JAHR;Jahr;2018;DINSGF;Früheres Bundesgebiet / Neue Länder;DF;Früheres Bundesgebiet;WZ08C7;WZ2008 (ausgewählte Positionen): Tarifindex;WZ08-G-03;Wirtschaftliche Dienstleistungen;95,4;2020=100;VST072;Index d.tarifl. Stundenverdienste mit Sonderzahl.
62221;Vj. Index der Tarifverdienste und Arbeitszeiten;JAHR;Jahr;2018;DINSGF;Früheres Bundesgebiet / Neue Länder;DF;Früheres Bundesgebiet;WZ08C7;WZ2008 (ausgewählte Positionen): Tarifindex;WZ08-G-03;Wirtschaftliche Dienstleistungen;95,5;2020=100;VST073;Index d.tarifl. Monatsverdienste mit Sonderzahl.
62221;Vj. Index der Tarifverdienste und Arbeitszeiten;JAHR;Jahr;2018;DINSGF;Früheres Bundesgebiet / Neue Länder;DF;Früheres Bundesgebiet;WZ08C7;WZ2008 (ausgewählte Positionen): Tarifindex;WZ08-G-03;Wirtschaftliche Dienstleistungen;38,0;h;VST019;Durchschnittliche tarifliche Wochenarbeitszeit
62221;Vj. Index der Tarifverdienste und Arbeitszeiten;JAHR;Jahr;2018;DINSGF;Früheres Bundesgebiet / Neue Länder;DF;Früheres Bundesgebiet;WZ08C7;WZ2008 (ausgewählte Positionen): Tarifindex;WZ08-G-03;Wirtschaftliche Dienstleistungen;95,4;2020=100;VST066;Index d.tarifl. Monatsverdienste ohne Sonderzahl.
62221;Vj. Index der Tarifverdienste und Arbeitszeiten;JAHR;Jahr;2018;DINSGF;Früheres Bundesgebiet / Neue Länder;DF;Früheres Bundesgebiet;WZ08C7;WZ2008 (ausgewählte Positionen): Tarifindex;WZ08-G-03;Wirtschaftliche Dienstleistungen;100,0;2020=100;VST018;Index der tariflichen Wochenarbeitszeit
62221;Vj. Index der Tarifverdienste und Arbeitszeiten;JAHR;Jahr;2018;DINSGF;Früheres Bundesgebiet / Neue Länder;DF;Früheres Bundesgebiet;WZ08C7;WZ2008 (ausgewählte Positionen): Tarifindex;WZ08-G-03;Wirtschaftliche Dienstleistungen;95,4;2020=100;VST065;Index d.tarifl. Stundenverdienste ohne Sonderzahl.
62221;Vj. Index der Tarifverdienste und Arbeitszeiten;JAHR;Jahr;2024;DINSGF;Früheres Bundesgebiet / Neue Länder;DF;Früheres Bundesgebiet;WZ08C7;WZ2008 (ausgewählte Positionen): Tarifindex;WZ08-R;Kunst, Unterhaltung und Erholung;111,3;2020=100;VST072;Index d.tarifl. Stundenverdienste mit Sonderzahl.
62221;Vj. Index der Tarifverdienste und Arbeitszeiten;JAHR;Jahr;2024;DINSGF;Früheres Bundesgebiet / Neue Länder;DF;Früheres Bundesgebiet;WZ08C7;WZ2008 (ausgewählte Positionen): Tarifindex;WZ08-R;Kunst, Unterhaltung und Erholung;111,3;2020=100;VST073;Index d.tarifl. Monatsverdienste mit Sonderzahl.
62221;Vj. Index der Tarifverdienste und Arbeitszeiten;JAHR;Jahr;2024;DINSGF;Früheres Bundesgebiet / Neue Länder;DF;Früheres Bundesgebiet;WZ08C7;WZ2008 (ausgewählte Positionen): Tarifindex;WZ08-R;Kunst, Unterhaltung und Erholung;39,2;h;VST019;Durchschnittliche tarifliche Wochenarbeitszeit
62221;Vj. Index der Tarifverdienste und Arbeitszeiten;JAHR;Jahr;2024;DINSGF;Früheres Bundesgebiet / Neue Länder;DF;Früheres Bundesgebiet;WZ08C7;WZ2008 (ausgewählte Positionen): Tarifindex;WZ08-R;Kunst, Unterhaltung und Erholung;108,5;2020=100;VST066;Index d.tarifl. Monatsverdienste ohne Sonderzahl.
62221;Vj. Index der Tarifverdienste und Arbeitszeiten;JAHR;Jahr;2024;DINSGF;Früheres Bundesgebiet / Neue Länder;DF;Früheres Bundesgebiet;WZ08C7;WZ2008 (ausgewählte Positionen): Tarifindex;WZ08-R;Kunst, Unterhaltung und Erholung;100,0;2020=100;VST018;Index der tariflichen Wochenarbeitszeit
62221;Vj. Index der Tarifverdienste und Arbeitszeiten;JAHR;Jahr;2024;DINSGF;Früheres Bundesgebiet / Neue Länder;DF;Früheres Bundesgebiet;WZ08C7;WZ2008 (ausgewählte Positionen): Tarifindex;WZ08-R;Kunst, Unterhaltung und Erholung;108,5;2020=100;VST065;Index d.tarifl. Stundenverdienste ohne Sonderzahl.
62221;Vj. Index der Tarifverdienste und Arbeitszeiten;JAHR;Jahr;2025;DINSGF;Früheres Bundesgebiet / Neue Länder;DF;Früheres Bundesgebiet;WZ08C7;WZ2008 (ausgewählte Positionen): Tarifindex;WZ08-B-08;Produzierendes Gewerbe und Dienstleistungsbereich;115,3;2020=100;VST072;Index d.tarifl. Stundenverdienste mit Sonderzahl.
62221;Vj. Index der Tarifverdienste und Arbeitszeiten;JAHR;Jahr;2025;DINSGF;Früheres Bundesgebiet / Neue Länder;DF;Früheres Bundesgebiet;WZ08C7;WZ2008 (ausgewählte Positionen): Tarifindex;WZ08-B-08;Produzierendes Gewerbe und Dienstleistungsbereich;115,2;2020=100;VST073;Index d.tarifl. Monatsverdienste mit Sonderzahl.
62221;Vj. Index der Tarifverdienste und Arbeitszeiten;JAHR;Jahr;2025;DINSGF;Früheres Bundesgebiet / Neue Länder;DF;Früheres Bundesgebiet;WZ08C7;WZ2008 (ausgewählte Positionen): Tarifindex;WZ08-B-08;Produzierendes Gewerbe und Dienstleistungsbereich;38,5;h;VST019;Durchschnittliche tarifliche Wochenarbeitszeit
62221;Vj. Index der Tarifverdienste und Arbeitszeiten;JAHR;Jahr;2025;DINSGF;Früheres Bundesgebiet / Neue Länder;DF;Früheres Bundesgebiet;WZ08C7;WZ2008 (ausgewählte Positionen): Tarifindex;WZ08-B-08;Produzierendes Gewerbe und Dienstleistungsbereich;114,9;2020=100;VST066;Index d.tarifl. Monatsverdienste ohne Sonderzahl.
62221;Vj. Index der Tarifverdienste und Arbeitszeiten;JAHR;Jahr;2025;DINSGF;Früheres Bundesgebiet / Neue Länder;DF;Früheres Bundesgebiet;WZ08C7;WZ2008 (ausgewählte Positionen): Tarifindex;WZ08-B-08;Produzierendes Gewerbe und Dienstleistungsbereich;99,8;2020=100;VST018;Index der tariflichen Wochenarbeitszeit
62221;Vj. Index der Tarifverdienste und Arbeitszeiten;JAHR;Jahr;2025;DINSGF;Früheres Bundesgebiet / Neue Länder;DF;Früheres Bundesgebiet;WZ08C7;WZ2008 (ausgewählte Positionen): Tarifindex;WZ08-B-08;Produzierendes Gewerbe und Dienstleistungsbereich;114,9;2020=100;VST065;Index d.tarifl. Stundenverdienste ohne Sonderzahl.
62221;Vj. Index der Tarifverdienste und Arbeitszeiten;JAHR;Jahr;2022;DINSGF;Früheres Bundesgebiet / Neue Länder;DF;Früheres Bundesgebiet;WZ08C7;WZ2008 (ausgewählte Positionen): Tarifindex;WZ08-23;H.v.Glas,-waren,Keramik,Verarb. v.Steinen u.Erden;104,4;2020=100;VST072;Index d.tarifl. Stundenverdienste mit Sonderzahl.
62221;Vj. Index der Tarifverdienste und Arbeitszeiten;JAHR;Jahr;2022;DINSGF;Früheres Bundesgebiet / Neue Länder;DF;Früheres Bundesgebiet;WZ08C7;WZ2008 (ausgewählte Positionen): Tarifindex;WZ08-23;H.v.Glas,-waren,Keramik,Verarb. v.Steinen u.Erden;104,4;2020=100;VST073;Index d.tarifl. Monatsverdienste mit Sonderzahl.
62221;Vj. Index der Tarifverdienste und Arbeitszeiten;JAHR;Jahr;2022;DINSGF;Früheres Bundesgebiet / Neue Länder;DF;Früheres Bundesgebiet;WZ08C7;WZ2008 (ausgewählte Positionen): Tarifindex;WZ08-23;H.v.Glas,-waren,Keramik,Verarb. v.Steinen u.Erden;38,0;h;VST019;Durchschnittliche tarifliche Wochenarbeitszeit
62221;Vj. Index der Tarifverdienste und Arbeitszeiten;JAHR;Jahr;2022;DINSGF;Früheres Bundesgebiet / Neue Länder;DF;Früheres Bundesgebiet;WZ08C7;WZ2008 (ausgewählte Positionen): Tarifindex;WZ08-23;H.v.Glas,-waren,Keramik,Verarb. v.Steinen u.Erden;104,2;2020=100;VST066;Index d.tarifl. Monatsverdienste ohne Sonderzahl.
62221;Vj. Index der Tarifverdienste und Arbeitszeiten;JAHR;Jahr;2022;DINSGF;Früheres Bundesgebiet / Neue Länder;DF;Früheres Bundesgebiet;WZ08C7;WZ2008 (ausgewählte Positionen): Tarifindex;WZ08-23;H.v.Glas,-waren,Keramik,Verarb. v.Steinen u.Erden;100,0;2020=100;VST018;Index der tariflichen Wochenarbeitszeit
62221;Vj. Index der Tarifverdienste und Arbeitszeiten;JAHR;Jahr;2022;DINSGF;Früheres Bundesgebiet / Neue Länder;DF;Früheres Bundesgebiet;WZ08C7;WZ2008 (ausgewählte Positionen): Tarifindex;WZ08-23;H.v.Glas,-waren,Keramik,Verarb. v.Steinen u.Erden;104,2;2020=100;VST065;Index d.tarifl. Stundenverdienste ohne Sonderzahl.
62221;Vj. Index der Tarifverdienste und Arbeitszeiten;JAHR;Jahr;2022;DINSGF;Früheres Bundesgebiet / Neue Länder;DF;Früheres Bundesgebiet;WZ08C7;WZ2008 (ausgewählte Positionen): Tarifindex;WZ08-26;H.v. DV-Geräten, elektron. u. opt. Erzeugnissen;101,6;2020=100;VST072;Index d.tarifl. Stundenverdienste mit Sonderzahl.
62221;Vj. Index der Tarifverdienste und Arbeitszeiten;JAHR;Jahr;2022;DINSGF;Früheres Bundesgebiet / Neue Länder;DF;Früheres Bundesgebiet;WZ08C7;WZ2008 (ausgewählte Positionen): Tarifindex;WZ08-26;H.v. DV-Geräten, elektron. u. opt. Erzeugnissen;101,6;2020=100;VST073;Index d.tarifl. Monatsverdienste mit Sonderzahl.
62221;Vj. Index der Tarifverdienste und Arbeitszeiten;JAHR;Jahr;2022;DINSGF;Früheres Bundesgebiet / Neue Länder;DF;Früheres Bundesgebiet;WZ08C7;WZ2008 (ausgewählte Positionen): Tarifindex;WZ08-26;H.v. DV-Geräten, elektron. u. opt. Erzeugnissen;35,2;h;VST019;Durchschnittliche tarifliche Wochenarbeitszeit
62221;Vj. Index der Tarifverdienste und Arbeitszeiten;JAHR;Jahr;2022;DINSGF;Früheres Bundesgebiet / Neue Länder;DF;Früheres Bundesgebiet;WZ08C7;WZ2008 (ausgewählte Positionen): Tarifindex;WZ08-26;H.v. DV-Geräten, elektron. u. opt. Erzeugnissen;100,3;2020=100;VST066;Index d.tarifl. Monatsverdienste ohne Sonderzahl.
62221;Vj. Index der Tarifverdienste und Arbeitszeiten;JAHR;Jahr;2022;DINSGF;Früheres Bundesgebiet / Neue Länder;DF;Früheres Bundesgebiet;WZ08C7;WZ2008 (ausgewählte Positionen): Tarifindex;WZ08-26;H.v. DV-Geräten, elektron. u. opt. Erzeugnissen;100,0;2020=100;VST018;Index der tariflichen Wochenarbeitszeit
62221;Vj. Index der Tarifverdienste und Arbeitszeiten;JAHR;Jahr;2022;DINSGF;Früheres Bundesgebiet / Neue Länder;DF;Früheres Bundesgebiet;WZ08C7;WZ2008 (ausgewählte Positionen): Tarifindex;WZ08-26;H.v. DV-Geräten, elektron. u. opt. Erzeugnissen;100,3;2020=100;VST065;Index d.tarifl. Stundenverdienste ohne Sonderzahl.
62221;Vj. Index der Tarifverdienste und Arbeitszeiten;JAHR;Jahr;2019;DINSGF;Früheres Bundesgebiet / Neue Länder;DN;Neue Länder;WZ08C7;WZ2008 (ausgewählte Positionen): Tarifindex;WZ08-49;Landverkehr und Transport in Rohrfernleitungen;97,7;2020=100;VST072;Index d.tarifl. Stundenverdienste mit Sonderzahl.
62221;Vj. Index der Tarifverdienste und Arbeitszeiten;JAHR;Jahr;2019;DINSGF;Früheres Bundesgebiet / Neue Länder;DN;Neue Länder;WZ08C7;WZ2008 (ausgewählte Positionen): Tarifindex;WZ08-49;Landverkehr und Transport in Rohrfernleitungen;97,8;2020=100;VST073;Index d.tarifl. Monatsverdienste mit Sonderzahl.
62221;Vj. Index der Tarifverdienste und Arbeitszeiten;JAHR;Jahr;2019;DINSGF;Früheres Bundesgebiet / Neue Länder;DN;Neue Länder;WZ08C7;WZ2008 (ausgewählte Positionen): Tarifindex;WZ08-49;Landverkehr und Transport in Rohrfernleitungen;39,2;h;VST019;Durchschnittliche tarifliche Wochenarbeitszeit
62221;Vj. Index der Tarifverdienste und Arbeitszeiten;JAHR;Jahr;2019;DINSGF;Früheres Bundesgebiet / Neue Länder;DN;Neue Länder;WZ08C7;WZ2008 (ausgewählte Positionen): Tarifindex;WZ08-49;Landverkehr und Transport in Rohrfernleitungen;97,4;2020=100;VST066;Index d.tarifl. Monatsverdienste ohne Sonderzahl.
62221;Vj. Index der Tarifverdienste und Arbeitszeiten;JAHR;Jahr;2019;DINSGF;Früheres Bundesgebiet / Neue Länder;DN;Neue Länder;WZ08C7;WZ2008 (ausgewählte Positionen): Tarifindex;WZ08-49;Landverkehr und Transport in Rohrfernleitungen;100,1;2020=100;VST018;Index der tariflichen Wochenarbeitszeit
62221;Vj. Index der Tarifverdienste und Arbeitszeiten;JAHR;Jahr;2019;DINSGF;Früheres Bundesgebiet / Neue Länder;DN;Neue Länder;WZ08C7;WZ2008 (ausgewählte Positionen): Tarifindex;WZ08-49;Landverkehr und Transport in Rohrfernleitungen;97,3;2020=100;VST065;Index d.tarifl. Stundenverdienste ohne Sonderzahl.
62221;Vj. Index der Tarifverdienste und Arbeitszeiten;JAHR;Jahr;2025;DINSGF;Früheres Bundesgebiet / Neue Länder;DN;Neue Länder;WZ08C7;WZ2008 (ausgewählte Positionen): Tarifindex;WZ08-D-05;Energie- und Wasserversorgung, Entsorgung u.a.;116,6;2020=100;VST072;Index d.tarifl. Stundenverdienste mit Sonderzahl.
62221;Vj. Index der Tarifverdienste und Arbeitszeiten;JAHR;Jahr;2025;DINSGF;Früheres Bundesgebiet / Neue Länder;DN;Neue Länder;WZ08C7;WZ2008 (ausgewählte Positionen): Tarifindex;WZ08-D-05;Energie- und Wasserversorgung, Entsorgung u.a.;116,5;2020=100;VST073;Index d.tarifl. Monatsverdienste mit Sonderzahl.
62221;Vj. Index der Tarifverdienste und Arbeitszeiten;JAHR;Jahr;2025;DINSGF;Früheres Bundesgebiet / Neue Länder;DN;Neue Länder;WZ08C7;WZ2008 (ausgewählte Positionen): Tarifindex;WZ08-D-05;Energie- und Wasserversorgung, Entsorgung u.a.;38,5;h;VST019;Durchschnittliche tarifliche Wochenarbeitszeit
62221;Vj. Index der Tarifverdienste und Arbeitszeiten;JAHR;Jahr;2025;DINSGF;Früheres Bundesgebiet / Neue Länder;DN;Neue Länder;WZ08C7;WZ2008 (ausgewählte Positionen): Tarifindex;WZ08-D-05;Energie- und Wasserversorgung, Entsorgung u.a.;116,6;2020=100;VST066;Index d.tarifl. Monatsverdienste ohne Sonderzahl.
62221;Vj. Index der Tarifverdienste und Arbeitszeiten;JAHR;Jahr;2025;DINSGF;Früheres Bundesgebiet / Neue Länder;DN;Neue Länder;WZ08C7;WZ2008 (ausgewählte Positionen): Tarifindex;WZ08-D-05;Energie- und Wasserversorgung, Entsorgung u.a.;99,9;2020=100;VST018;Index der tariflichen Wochenarbeitszeit
62221;Vj. Index der Tarifverdienste und Arbeitszeiten;JAHR;Jahr;2025;DINSGF;Früheres Bundesgebiet / Neue Länder;DN;Neue Länder;WZ08C7;WZ2008 (ausgewählte Positionen): Tarifindex;WZ08-D-05;Energie- und Wasserversorgung, Entsorgung u.a.;116,7;2020=100;VST065;Index d.tarifl. Stundenverdienste ohne Sonderzahl.
62221;Vj. Index der Tarifverdienste und Arbeitszeiten;JAHR;Jahr;2020;DINSGF;Früheres Bundesgebiet / Neue Länder;DN;Neue Länder;WZ08C7;WZ2008 (ausgewählte Positionen): Tarifindex;WZ08-75;Veterinärwesen;100,0;2020=100;VST072;Index d.tarifl. Stundenverdienste mit Sonderzahl.
62221;Vj. Index der Tarifverdienste und Arbeitszeiten;JAHR;Jahr;2020;DINSGF;Früheres Bundesgebiet / Neue Länder;DN;Neue Länder;WZ08C7;WZ2008 (ausgewählte Positionen): Tarifindex;WZ08-75;Veterinärwesen;100,0;2020=100;VST073;Index d.tarifl. Monatsverdienste mit Sonderzahl.
62221;Vj. Index der Tarifverdienste und Arbeitszeiten;JAHR;Jahr;2020;DINSGF;Früheres Bundesgebiet / Neue Länder;DN;Neue Länder;WZ08C7;WZ2008 (ausgewählte Positionen): Tarifindex;WZ08-75;Veterinärwesen;40,0;h;VST019;Durchschnittliche tarifliche Wochenarbeitszeit
62221;Vj. Index der Tarifverdienste und Arbeitszeiten;JAHR;Jahr;2020;DINSGF;Früheres Bundesgebiet / Neue Länder;DN;Neue Länder;WZ08C7;WZ2008 (ausgewählte Positionen): Tarifindex;WZ08-75;Veterinärwesen;100,0;2020=100;VST066;Index d.tarifl. Monatsverdienste ohne Sonderzahl.
62221;Vj. Index der Tarifverdienste und Arbeitszeiten;JAHR;Jahr;2020;DINSGF;Früheres Bundesgebiet / Neue Länder;DN;Neue Länder;WZ08C7;WZ2008 (ausgewählte Positionen): Tarifindex;WZ08-75;Veterinärwesen;100,0;2020=100;VST018;Index der tariflichen Wochenarbeitszeit
62221;Vj. Index der Tarifverdienste und Arbeitszeiten;JAHR;Jahr;2020;DINSGF;Früheres Bundesgebiet / Neue Länder;DN;Neue Länder;WZ08C7;WZ2008 (ausgewählte Positionen): Tarifindex;WZ08-75;Veterinärwesen;100,0;2020=100;VST065;Index d.tarifl. Stundenverdienste ohne Sonderzahl.
62221;Vj. Index der Tarifverdienste und Arbeitszeiten;JAHR;Jahr;2019;DINSGF;Früheres Bundesgebiet / Neue Länder;DN;Neue Länder;WZ08C7;WZ2008 (ausgewählte Positionen): Tarifindex;WZ08-38-01;Recycling, Beseitigung von Umweltverschmutzungen;97,9;2020=100;VST072;Index d.tarifl. Stundenverdienste mit Sonderzahl.
62221;Vj. Index der Tarifverdienste und Arbeitszeiten;JAHR;Jahr;2019;DINSGF;Früheres Bundesgebiet / Neue Länder;DN;Neue Länder;WZ08C7;WZ2008 (ausgewählte Positionen): Tarifindex;WZ08-38-01;Recycling, Beseitigung von Umweltverschmutzungen;97,9;2020=100;VST073;Index d.tarifl. Monatsverdienste mit Sonderzahl.
62221;Vj. Index der Tarifverdienste und Arbeitszeiten;JAHR;Jahr;2019;DINSGF;Früheres Bundesgebiet / Neue Länder;DN;Neue Länder;WZ08C7;WZ2008 (ausgewählte Positionen): Tarifindex;WZ08-38-01;Recycling, Beseitigung von Umweltverschmutzungen;39,1;h;VST019;Durchschnittliche tarifliche Wochenarbeitszeit
62221;Vj. Index der Tarifverdienste und Arbeitszeiten;JAHR;Jahr;2019;DINSGF;Früheres Bundesgebiet / Neue Länder;DN;Neue Länder;WZ08C7;WZ2008 (ausgewählte Positionen): Tarifindex;WZ08-38-01;Recycling, Beseitigung von Umweltverschmutzungen;98,6;2020=100;VST066;Index d.tarifl. Monatsverdienste ohne Sonderzahl.
62221;Vj. Index der Tarifverdienste und Arbeitszeiten;JAHR;Jahr;2019;DINSGF;Früheres Bundesgebiet / Neue Länder;DN;Neue Länder;WZ08C7;WZ2008 (ausgewählte Positionen): Tarifindex;WZ08-38-01;Recycling, Beseitigung von Umweltverschmutzungen;100,0;2020=100;VST018;Index der tariflichen Wochenarbeitszeit
62221;Vj. Index der Tarifverdienste und Arbeitszeiten;JAHR;Jahr;2019;DINSGF;Früheres Bundesgebiet / Neue Länder;DN;Neue Länder;WZ08C7;WZ2008 (ausgewählte Positionen): Tarifindex;WZ08-38-01;Recycling, Beseitigung von Umweltverschmutzungen;98,6;2020=100;VST065;Index d.tarifl. Stundenverdienste ohne Sonderzahl.
62221;Vj. Index der Tarifverdienste und Arbeitszeiten;JAHR;Jahr;2020;DINSGF;Früheres Bundesgebiet / Neue Länder;DN;Neue Länder;WZ08C7;WZ2008 (ausgewählte Positionen): Tarifindex;WZ08-72;Forschung und Entwicklung;100,0;2020=100;VST072;Index d.tarifl. Stundenverdienste mit Sonderzahl.
62221;Vj. Index der Tarifverdienste und Arbeitszeiten;JAHR;Jahr;2020;DINSGF;Früheres Bundesgebiet / Neue Länder;DN;Neue Länder;WZ08C7;WZ2008 (ausgewählte Positionen): Tarifindex;WZ08-72;Forschung und Entwicklung;100,0;2020=100;VST073;Index d.tarifl. Monatsverdienste mit Sonderzahl.
62221;Vj. Index der Tarifverdienste und Arbeitszeiten;JAHR;Jahr;2020;DINSGF;Früheres Bundesgebiet / Neue Länder;DN;Neue Länder;WZ08C7;WZ2008 (ausgewählte Positionen): Tarifindex;WZ08-72;Forschung und Entwicklung;39,3;h;VST019;Durchschnittliche tarifliche Wochenarbeitszeit
62221;Vj. Index der Tarifverdienste und Arbeitszeiten;JAHR;Jahr;2020;DINSGF;Früheres Bundesgebiet / Neue Länder;DN;Neue Länder;WZ08C7;WZ2008 (ausgewählte Positionen): Tarifindex;WZ08-72;Forschung und Entwicklung;100,0;2020=100;VST066;Index d.tarifl. Monatsverdienste ohne Sonderzahl.
62221;Vj. Index der Tarifverdienste und Arbeitszeiten;JAHR;Jahr;2020;DINSGF;Früheres Bundesgebiet / Neue Länder;DN;Neue Länder;WZ08C7;WZ2008 (ausgewählte Positionen): Tarifindex;WZ08-72;Forschung und Entwicklung;100,0;2020=100;VST018;Index der tariflichen Wochenarbeitszeit
62221;Vj. Index der Tarifverdienste und Arbeitszeiten;JAHR;Jahr;2020;DINSGF;Früheres Bundesgebiet / Neue Länder;DN;Neue Länder;WZ08C7;WZ2008 (ausgewählte Positionen): Tarifindex;WZ08-72;Forschung und Entwicklung;100,0;2020=100;VST065;Index d.tarifl. Stundenverdienste ohne Sonderzahl.
62221;Vj. Index der Tarifverdienste und Arbeitszeiten;JAHR;Jahr;2017;DINSGF;Früheres Bundesgebiet / Neue Länder;DF;Früheres Bundesgebiet;WZ08C7;WZ2008 (ausgewählte Positionen): Tarifindex;WZ-X001;Vorleistungsgüterproduzenten;92,7;2020=100;VST072;Index d.tarifl. Stundenverdienste mit Sonderzahl.
62221;Vj. Index der Tarifverdienste und Arbeitszeiten;JAHR;Jahr;2017;DINSGF;Früheres Bundesgebiet / Neue Länder;DF;Früheres Bundesgebiet;WZ08C7;WZ2008 (ausgewählte Positionen): Tarifindex;WZ-X001;Vorleistungsgüterproduzenten;92,7;2020=100;VST073;Index d.tarifl. Monatsverdienste mit Sonderzahl.
62221;Vj. Index der Tarifverdienste und Arbeitszeiten;JAHR;Jahr;2017;DINSGF;Früheres Bundesgebiet / Neue Länder;DF;Früheres Bundesgebiet;WZ08C7;WZ2008 (ausgewählte Positionen): Tarifindex;WZ-X001;Vorleistungsgüterproduzenten;36,7;h;VST019;Durchschnittliche tarifliche Wochenarbeitszeit
62221;Vj. Index der Tarifverdienste und Arbeitszeiten;JAHR;Jahr;2017;DINSGF;Früheres Bundesgebiet / Neue Länder;DF;Früheres Bundesgebiet;WZ08C7;WZ2008 (ausgewählte Positionen): Tarifindex;WZ-X001;Vorleistungsgüterproduzenten;94,4;2020=100;VST066;Index d.tarifl. Monatsverdienste ohne Sonderzahl.
62221;Vj. Index der Tarifverdienste und Arbeitszeiten;JAHR;Jahr;2017;DINSGF;Früheres Bundesgebiet / Neue Länder;DF;Früheres Bundesgebiet;WZ08C7;WZ2008 (ausgewählte Positionen): Tarifindex;WZ-X001;Vorleistungsgüterproduzenten;100,0;2020=100;VST018;Index der tariflichen Wochenarbeitszeit
62221;Vj. Index der Tarifverdienste und Arbeitszeiten;JAHR;Jahr;2017;DINSGF;Früheres Bundesgebiet / Neue Länder;DF;Früheres Bundesgebiet;WZ08C7;WZ2008 (ausgewählte Positionen): Tarifindex;WZ-X001;Vorleistungsgüterproduzenten;94,4;2020=100;VST065;Index d.tarifl. Stundenverdienste ohne Sonderzahl.
62221;Vj. Index der Tarifverdienste und Arbeitszeiten;JAHR;Jahr;2016;DINSGF;Früheres Bundesgebiet / Neue Länder;DF;Früheres Bundesgebiet;WZ08C7;WZ2008 (ausgewählte Positionen): Tarifindex;WZ08-18;H.v. Druckerz., Vervielf.v.Ton-,Bild-,Datenträgern;93,5;2020=100;VST072;Index d.tarifl. Stundenverdienste mit Sonderzahl.
62221;Vj. Index der Tarifverdienste und Arbeitszeiten;JAHR;Jahr;2016;DINSGF;Früheres Bundesgebiet / Neue Länder;DF;Früheres Bundesgebiet;WZ08C7;WZ2008 (ausgewählte Positionen): Tarifindex;WZ08-18;H.v. Druckerz., Vervielf.v.Ton-,Bild-,Datenträgern;93,5;2020=100;VST073;Index d.tarifl. Monatsverdienste mit Sonderzahl.
62221;Vj. Index der Tarifverdienste und Arbeitszeiten;JAHR;Jahr;2016;DINSGF;Früheres Bundesgebiet / Neue Länder;DF;Früheres Bundesgebiet;WZ08C7;WZ2008 (ausgewählte Positionen): Tarifindex;WZ08-18;H.v. Druckerz., Vervielf.v.Ton-,Bild-,Datenträgern;35,3;h;VST019;Durchschnittliche tarifliche Wochenarbeitszeit
62221;Vj. Index der Tarifverdienste und Arbeitszeiten;JAHR;Jahr;2016;DINSGF;Früheres Bundesgebiet / Neue Länder;DF;Früheres Bundesgebiet;WZ08C7;WZ2008 (ausgewählte Positionen): Tarifindex;WZ08-18;H.v. Druckerz., Vervielf.v.Ton-,Bild-,Datenträgern;93,7;2020=100;VST066;Index d.tarifl. Monatsverdienste ohne Sonderzahl.
62221;Vj. Index der Tarifverdienste und Arbeitszeiten;JAHR;Jahr;2016;DINSGF;Früheres Bundesgebiet / Neue Länder;DF;Früheres Bundesgebiet;WZ08C7;WZ2008 (ausgewählte Positionen): Tarifindex;WZ08-18;H.v. Druckerz., Vervielf.v.Ton-,Bild-,Datenträgern;100,0;2020=100;VST018;Index der tariflichen Wochenarbeitszeit
62221;Vj. Index der Tarifverdienste und Arbeitszeiten;JAHR;Jahr;2016;DINSGF;Früheres Bundesgebiet / Neue Länder;DF;Früheres Bundesgebiet;WZ08C7;WZ2008 (ausgewählte Positionen): Tarifindex;WZ08-18;H.v. Druckerz., Vervielf.v.Ton-,Bild-,Datenträgern;93,7;2020=100;VST065;Index d.tarifl. Stundenverdienste ohne Sonderzahl.
62221;Vj. Index der Tarifverdienste und Arbeitszeiten;JAHR;Jahr;2016;DINSGF;Früheres Bundesgebiet / Neue Länder;DF;Früheres Bundesgebiet;WZ08C7;WZ2008 (ausgewählte Positionen): Tarifindex;WZ08-15;Herstellung von Leder, Lederwaren und Schuhen;94,7;2020=100;VST072;Index d.tarifl. Stundenverdienste mit Sonderzahl.
62221;Vj. Index der Tarifverdienste und Arbeitszeiten;JAHR;Jahr;2016;DINSGF;Früheres Bundesgebiet / Neue Länder;DF;Früheres Bundesgebiet;WZ08C7;WZ2008 (ausgewählte Positionen): Tarifindex;WZ08-15;Herstellung von Leder, Lederwaren und Schuhen;94,7;2020=100;VST073;Index d.tarifl. Monatsverdienste mit Sonderzahl.
62221;Vj. Index der Tarifverdienste und Arbeitszeiten;JAHR;Jahr;2016;DINSGF;Früheres Bundesgebiet / Neue Länder;DF;Früheres Bundesgebiet;WZ08C7;WZ2008 (ausgewählte Positionen): Tarifindex;WZ08-15;Herstellung von Leder, Lederwaren und Schuhen;38,8;h;VST019;Durchschnittliche tarifliche Wochenarbeitszeit
62221;Vj. Index der Tarifverdienste und Arbeitszeiten;JAHR;Jahr;2016;DINSGF;Früheres Bundesgebiet / Neue Länder;DF;Früheres Bundesgebiet;WZ08C7;WZ2008 (ausgewählte Positionen): Tarifindex;WZ08-15;Herstellung von Leder, Lederwaren und Schuhen;95,6;2020=100;VST066;Index d.tarifl. Monatsverdienste ohne Sonderzahl.
62221;Vj. Index der Tarifverdienste und Arbeitszeiten;JAHR;Jahr;2016;DINSGF;Früheres Bundesgebiet / Neue Länder;DF;Früheres Bundesgebiet;WZ08C7;WZ2008 (ausgewählte Positionen): Tarifindex;WZ08-15;Herstellung von Leder, Lederwaren und Schuhen;100,0;2020=100;VST018;Index der tariflichen Wochenarbeitszeit
62221;Vj. Index der Tarifverdienste und Arbeitszeiten;JAHR;Jahr;2016;DINSGF;Früheres Bundesgebiet / Neue Länder;DF;Früheres Bundesgebiet;WZ08C7;WZ2008 (ausgewählte Positionen): Tarifindex;WZ08-15;Herstellung von Leder, Lederwaren und Schuhen;95,6;2020=100;VST065;Index d.tarifl. Stundenverdienste ohne Sonderzahl.
62221;Vj. Index der Tarifverdienste und Arbeitszeiten;JAHR;Jahr;2022;DINSGF;Früheres Bundesgebiet / Neue Länder;DN;Neue Länder;WZ08C7;WZ2008 (ausgewählte Positionen): Tarifindex;WZ08-96;Sonstige überwiegend persönliche Dienstleistungen;103,9;2020=100;VST072;Index d.tarifl. Stundenverdienste mit Sonderzahl.
62221;Vj. Index der Tarifverdienste und Arbeitszeiten;JAHR;Jahr;2022;DINSGF;Früheres Bundesgebiet / Neue Länder;DN;Neue Länder;WZ08C7;WZ2008 (ausgewählte Positionen): Tarifindex;WZ08-96;Sonstige überwiegend persönliche Dienstleistungen;103,3;2020=100;VST073;Index d.tarifl. Monatsverdienste mit Sonderzahl.
62221;Vj. Index der Tarifverdienste und Arbeitszeiten;JAHR;Jahr;2022;DINSGF;Früheres Bundesgebiet / Neue Länder;DN;Neue Länder;WZ08C7;WZ2008 (ausgewählte Positionen): Tarifindex;WZ08-96;Sonstige überwiegend persönliche Dienstleistungen;38,5;h;VST019;Durchschnittliche tarifliche Wochenarbeitszeit
62221;Vj. Index der Tarifverdienste und Arbeitszeiten;JAHR;Jahr;2022;DINSGF;Früheres Bundesgebiet / Neue Länder;DN;Neue Länder;WZ08C7;WZ2008 (ausgewählte Positionen): Tarifindex;WZ08-96;Sonstige überwiegend persönliche Dienstleistungen;103,5;2020=100;VST066;Index d.tarifl. Monatsverdienste ohne Sonderzahl.
62221;Vj. Index der Tarifverdienste und Arbeitszeiten;JAHR;Jahr;2022;DINSGF;Früheres Bundesgebiet / Neue Länder;DN;Neue Länder;WZ08C7;WZ2008 (ausgewählte Positionen): Tarifindex;WZ08-96;Sonstige überwiegend persönliche Dienstleistungen;99,3;2020=100;VST018;Index der tariflichen Wochenarbeitszeit
62221;Vj. Index der Tarifverdienste und Arbeitszeiten;JAHR;Jahr;2022;DINSGF;Früheres Bundesgebiet / Neue Länder;DN;Neue Länder;WZ08C7;WZ2008 (ausgewählte Positionen): Tarifindex;WZ08-96;Sonstige überwiegend persönliche Dienstleistungen;104,2;2020=100;VST065;Index d.tarifl. Stundenverdienste ohne Sonderzahl.
62221;Vj. Index der Tarifverdienste und Arbeitszeiten;JAHR;Jahr;2024;DINSGF;Früheres Bundesgebiet / Neue Länder;DN;Neue Länder;WZ08C7;WZ2008 (ausgewählte Positionen): Tarifindex;WZ08-05;Kohlenbergbau;114,3;2020=100;VST072;Index d.tarifl. Stundenverdienste mit Sonderzahl.
62221;Vj. Index der Tarifverdienste und Arbeitszeiten;JAHR;Jahr;2024;DINSGF;Früheres Bundesgebiet / Neue Länder;DN;Neue Länder;WZ08C7;WZ2008 (ausgewählte Positionen): Tarifindex;WZ08-05;Kohlenbergbau;114,3;2020=100;VST073;Index d.tarifl. Monatsverdienste mit Sonderzahl.
62221;Vj. Index der Tarifverdienste und Arbeitszeiten;JAHR;Jahr;2024;DINSGF;Früheres Bundesgebiet / Neue Länder;DN;Neue Länder;WZ08C7;WZ2008 (ausgewählte Positionen): Tarifindex;WZ08-05;Kohlenbergbau;37,0;h;VST019;Durchschnittliche tarifliche Wochenarbeitszeit
62221;Vj. Index der Tarifverdienste und Arbeitszeiten;JAHR;Jahr;2024;DINSGF;Früheres Bundesgebiet / Neue Länder;DN;Neue Länder;WZ08C7;WZ2008 (ausgewählte Positionen): Tarifindex;WZ08-05;Kohlenbergbau;114,2;2020=100;VST066;Index d.tarifl. Monatsverdienste ohne Sonderzahl.
62221;Vj. Index der Tarifverdienste und Arbeitszeiten;JAHR;Jahr;2024;DINSGF;Früheres Bundesgebiet / Neue Länder;DN;Neue Länder;WZ08C7;WZ2008 (ausgewählte Positionen): Tarifindex;WZ08-05;Kohlenbergbau;100,0;2020=100;VST018;Index der tariflichen Wochenarbeitszeit
62221;Vj. Index der Tarifverdienste und Arbeitszeiten;JAHR;Jahr;2024;DINSGF;Früheres Bundesgebiet / Neue Länder;DN;Neue Länder;WZ08C7;WZ2008 (ausgewählte Positionen): Tarifindex;WZ08-05;Kohlenbergbau;114,2;2020=100;VST065;Index d.tarifl. Stundenverdienste ohne Sonderzahl.
62221;Vj. Index der Tarifverdienste und Arbeitszeiten;JAHR;Jahr;2017;DINSGF;Früheres Bundesgebiet / Neue Länder;DF;Früheres Bundesgebiet;WZ08C7;WZ2008 (ausgewählte Positionen): Tarifindex;WZ08-58;Verlagswesen;95,2;2020=100;VST072;Index d.tarifl. Stundenverdienste mit Sonderzahl.
62221;Vj. Index der Tarifverdienste und Arbeitszeiten;JAHR;Jahr;2017;DINSGF;Früheres Bundesgebiet / Neue Länder;DF;Früheres Bundesgebiet;WZ08C7;WZ2008 (ausgewählte Positionen): Tarifindex;WZ08-58;Verlagswesen;95,2;2020=100;VST073;Index d.tarifl. Monatsverdienste mit Sonderzahl.
62221;Vj. Index der Tarifverdienste und Arbeitszeiten;JAHR;Jahr;2017;DINSGF;Früheres Bundesgebiet / Neue Länder;DF;Früheres Bundesgebiet;WZ08C7;WZ2008 (ausgewählte Positionen): Tarifindex;WZ08-58;Verlagswesen;35,9;h;VST019;Durchschnittliche tarifliche Wochenarbeitszeit
62221;Vj. Index der Tarifverdienste und Arbeitszeiten;JAHR;Jahr;2017;DINSGF;Früheres Bundesgebiet / Neue Länder;DF;Früheres Bundesgebiet;WZ08C7;WZ2008 (ausgewählte Positionen): Tarifindex;WZ08-58;Verlagswesen;95,2;2020=100;VST066;Index d.tarifl. Monatsverdienste ohne Sonderzahl.
62221;Vj. Index der Tarifverdienste und Arbeitszeiten;JAHR;Jahr;2017;DINSGF;Früheres Bundesgebiet / Neue Länder;DF;Früheres Bundesgebiet;WZ08C7;WZ2008 (ausgewählte Positionen): Tarifindex;WZ08-58;Verlagswesen;100,0;2020=100;VST018;Index der tariflichen Wochenarbeitszeit
62221;Vj. Index der Tarifverdienste und Arbeitszeiten;JAHR;Jahr;2017;DINSGF;Früheres Bundesgebiet / Neue Länder;DF;Früheres Bundesgebiet;WZ08C7;WZ2008 (ausgewählte Positionen): Tarifindex;WZ08-58;Verlagswesen;95,2;2020=100;VST065;Index d.tarifl. Stundenverdienste ohne Sonderzahl.
62221;Vj. Index der Tarifverdienste und Arbeitszeiten;JAHR;Jahr;2017;DINSGF;Früheres Bundesgebiet / Neue Länder;DF;Früheres Bundesgebiet;WZ08C7;WZ2008 (ausgewählte Positionen): Tarifindex;WZ08-73;Werbung und Marktforschung;92,2;2020=100;VST072;Index d.tarifl. Stundenverdienste mit Sonderzahl.
62221;Vj. Index der Tarifverdienste und Arbeitszeiten;JAHR;Jahr;2017;DINSGF;Früheres Bundesgebiet / Neue Länder;DF;Früheres Bundesgebiet;WZ08C7;WZ2008 (ausgewählte Positionen): Tarifindex;WZ08-73;Werbung und Marktforschung;92,2;2020=100;VST073;Index d.tarifl. Monatsverdienste mit Sonderzahl.
62221;Vj. Index der Tarifverdienste und Arbeitszeiten;JAHR;Jahr;2017;DINSGF;Früheres Bundesgebiet / Neue Länder;DF;Früheres Bundesgebiet;WZ08C7;WZ2008 (ausgewählte Positionen): Tarifindex;WZ08-73;Werbung und Marktforschung;38,2;h;VST019;Durchschnittliche tarifliche Wochenarbeitszeit
62221;Vj. Index der Tarifverdienste und Arbeitszeiten;JAHR;Jahr;2017;DINSGF;Früheres Bundesgebiet / Neue Länder;DF;Früheres Bundesgebiet;WZ08C7;WZ2008 (ausgewählte Positionen): Tarifindex;WZ08-73;Werbung und Marktforschung;92,4;2020=100;VST066;Index d.tarifl. Monatsverdienste ohne Sonderzahl.
62221;Vj. Index der Tarifverdienste und Arbeitszeiten;JAHR;Jahr;2017;DINSGF;Früheres Bundesgebiet / Neue Länder;DF;Früheres Bundesgebiet;WZ08C7;WZ2008 (ausgewählte Positionen): Tarifindex;WZ08-73;Werbung und Marktforschung;100,0;2020=100;VST018;Index der tariflichen Wochenarbeitszeit
62221;Vj. Index der Tarifverdienste und Arbeitszeiten;JAHR;Jahr;2017;DINSGF;Früheres Bundesgebiet / Neue Länder;DF;Früheres Bundesgebiet;WZ08C7;WZ2008 (ausgewählte Positionen): Tarifindex;WZ08-73;Werbung und Marktforschung;92,4;2020=100;VST065;Index d.tarifl. Stundenverdienste ohne Sonderzahl.
62221;Vj. Index der Tarifverdienste und Arbeitszeiten;JAHR;Jahr;2024;DINSGF;Früheres Bundesgebiet / Neue Länder;DF;Früheres Bundesgebiet;WZ08C7;WZ2008 (ausgewählte Positionen): Tarifindex;WZ08-16;H.v. Holz-, Flecht-, Korb-u.Korkwaren (ohne Möbel);112,1;2020=100;VST072;Index d.tarifl. Stundenverdienste mit Sonderzahl.
62221;Vj. Index der Tarifverdienste und Arbeitszeiten;JAHR;Jahr;2024;DINSGF;Früheres Bundesgebiet / Neue Länder;DF;Früheres Bundesgebiet;WZ08C7;WZ2008 (ausgewählte Positionen): Tarifindex;WZ08-16;H.v. Holz-, Flecht-, Korb-u.Korkwaren (ohne Möbel);112,1;2020=100;VST073;Index d.tarifl. Monatsverdienste mit Sonderzahl.
62221;Vj. Index der Tarifverdienste und Arbeitszeiten;JAHR;Jahr;2024;DINSGF;Früheres Bundesgebiet / Neue Länder;DF;Früheres Bundesgebiet;WZ08C7;WZ2008 (ausgewählte Positionen): Tarifindex;WZ08-16;H.v. Holz-, Flecht-, Korb-u.Korkwaren (ohne Möbel);37,3;h;VST019;Durchschnittliche tarifliche Wochenarbeitszeit
62221;Vj. Index der Tarifverdienste und Arbeitszeiten;JAHR;Jahr;2024;DINSGF;Früheres Bundesgebiet / Neue Länder;DF;Früheres Bundesgebiet;WZ08C7;WZ2008 (ausgewählte Positionen): Tarifindex;WZ08-16;H.v. Holz-, Flecht-, Korb-u.Korkwaren (ohne Möbel);109,8;2020=100;VST066;Index d.tarifl. Monatsverdienste ohne Sonderzahl.
62221;Vj. Index der Tarifverdienste und Arbeitszeiten;JAHR;Jahr;2024;DINSGF;Früheres Bundesgebiet / Neue Länder;DF;Früheres Bundesgebiet;WZ08C7;WZ2008 (ausgewählte Positionen): Tarifindex;WZ08-16;H.v. Holz-, Flecht-, Korb-u.Korkwaren (ohne Möbel);100,0;2020=100;VST018;Index der tariflichen Wochenarbeitszeit
62221;Vj. Index der Tarifverdienste und Arbeitszeiten;JAHR;Jahr;2024;DINSGF;Früheres Bundesgebiet / Neue Länder;DF;Früheres Bundesgebiet;WZ08C7;WZ2008 (ausgewählte Positionen): Tarifindex;WZ08-16;H.v. Holz-, Flecht-, Korb-u.Korkwaren (ohne Möbel);109,8;2020=100;VST065;Index d.tarifl. Stundenverdienste ohne Sonderzahl.
62221;Vj. Index der Tarifverdienste und Arbeitszeiten;JAHR;Jahr;2018;DINSGF;Früheres Bundesgebiet / Neue Länder;DF;Früheres Bundesgebiet;WZ08C7;WZ2008 (ausgewählte Positionen): Tarifindex;WZ08-10-02;Ernährungsgewerbe;95,5;2020=100;VST072;Index d.tarifl. Stundenverdienste mit Sonderzahl.
62221;Vj. Index der Tarifverdienste und Arbeitszeiten;JAHR;Jahr;2018;DINSGF;Früheres Bundesgebiet / Neue Länder;DF;Früheres Bundesgebiet;WZ08C7;WZ2008 (ausgewählte Positionen): Tarifindex;WZ08-10-02;Ernährungsgewerbe;95,5;2020=100;VST073;Index d.tarifl. Monatsverdienste mit Sonderzahl.
62221;Vj. Index der Tarifverdienste und Arbeitszeiten;JAHR;Jahr;2018;DINSGF;Früheres Bundesgebiet / Neue Länder;DF;Früheres Bundesgebiet;WZ08C7;WZ2008 (ausgewählte Positionen): Tarifindex;WZ08-10-02;Ernährungsgewerbe;38,3;h;VST019;Durchschnittliche tarifliche Wochenarbeitszeit
62221;Vj. Index der Tarifverdienste und Arbeitszeiten;JAHR;Jahr;2018;DINSGF;Früheres Bundesgebiet / Neue Länder;DF;Früheres Bundesgebiet;WZ08C7;WZ2008 (ausgewählte Positionen): Tarifindex;WZ08-10-02;Ernährungsgewerbe;95,5;2020=100;VST066;Index d.tarifl. Monatsverdienste ohne Sonderzahl.
62221;Vj. Index der Tarifverdienste und Arbeitszeiten;JAHR;Jahr;2018;DINSGF;Früheres Bundesgebiet / Neue Länder;DF;Früheres Bundesgebiet;WZ08C7;WZ2008 (ausgewählte Positionen): Tarifindex;WZ08-10-02;Ernährungsgewerbe;100,0;2020=100;VST018;Index der tariflichen Wochenarbeitszeit
62221;Vj. Index der Tarifverdienste und Arbeitszeiten;JAHR;Jahr;2018;DINSGF;Früheres Bundesgebiet / Neue Länder;DF;Früheres Bundesgebiet;WZ08C7;WZ2008 (ausgewählte Positionen): Tarifindex;WZ08-10-02;Ernährungsgewerbe;95,5;2020=100;VST065;Index d.tarifl. Stundenverdienste ohne Sonderzahl.
62221;Vj. Index der Tarifverdienste und Arbeitszeiten;JAHR;Jahr;2024;DINSGF;Früheres Bundesgebiet / Neue Länder;DF;Früheres Bundesgebiet;WZ08C7;WZ2008 (ausgewählte Positionen): Tarifindex;WZ08-491-01;Personen- u. Güterbeförderung im Eisenbahnverkehr;110,7;2020=100;VST072;Index d.tarifl. Stundenverdienste mit Sonderzahl.
62221;Vj. Index der Tarifverdienste und Arbeitszeiten;JAHR;Jahr;2024;DINSGF;Früheres Bundesgebiet / Neue Länder;DF;Früheres Bundesgebiet;WZ08C7;WZ2008 (ausgewählte Positionen): Tarifindex;WZ08-491-01;Personen- u. Güterbeförderung im Eisenbahnverkehr;109,8;2020=100;VST073;Index d.tarifl. Monatsverdienste mit Sonderzahl.
62221;Vj. Index der Tarifverdienste und Arbeitszeiten;JAHR;Jahr;2024;DINSGF;Früheres Bundesgebiet / Neue Länder;DF;Früheres Bundesgebiet;WZ08C7;WZ2008 (ausgewählte Positionen): Tarifindex;WZ08-491-01;Personen- u. Güterbeförderung im Eisenbahnverkehr;39,7;h;VST019;Durchschnittliche tarifliche Wochenarbeitszeit
62221;Vj. Index der Tarifverdienste und Arbeitszeiten;JAHR;Jahr;2024;DINSGF;Früheres Bundesgebiet / Neue Länder;DF;Früheres Bundesgebiet;WZ08C7;WZ2008 (ausgewählte Positionen): Tarifindex;WZ08-491-01;Personen- u. Güterbeförderung im Eisenbahnverkehr;109,5;2020=100;VST066;Index d.tarifl. Monatsverdienste ohne Sonderzahl.
62221;Vj. Index der Tarifverdienste und Arbeitszeiten;JAHR;Jahr;2024;DINSGF;Früheres Bundesgebiet / Neue Länder;DF;Früheres Bundesgebiet;WZ08C7;WZ2008 (ausgewählte Positionen): Tarifindex;WZ08-491-01;Personen- u. Güterbeförderung im Eisenbahnverkehr;99,4;2020=100;VST018;Index der tariflichen Wochenarbeitszeit
62221;Vj. Index der Tarifverdienste und Arbeitszeiten;JAHR;Jahr;2024;DINSGF;Früheres Bundesgebiet / Neue Länder;DF;Früheres Bundesgebiet;WZ08C7;WZ2008 (ausgewählte Positionen): Tarifindex;WZ08-491-01;Personen- u. Güterbeförderung im Eisenbahnverkehr;110,2;2020=100;VST065;Index d.tarifl. Stundenverdienste ohne Sonderzahl.
62221;Vj. Index der Tarifverdienste und Arbeitszeiten;JAHR;Jahr;2022;DINSGF;Früheres Bundesgebiet / Neue Länder;DN;Neue Länder;WZ08C7;WZ2008 (ausgewählte Positionen): Tarifindex;WZ08-59;Film, TV-Programme, Kinos, Tonstudios, Musikverlag;-;2020=100;VST072;Index d.tarifl. Stundenverdienste mit Sonderzahl.
62221;Vj. Index der Tarifverdienste und Arbeitszeiten;JAHR;Jahr;2022;DINSGF;Früheres Bundesgebiet / Neue Länder;DN;Neue Länder;WZ08C7;WZ2008 (ausgewählte Positionen): Tarifindex;WZ08-59;Film, TV-Programme, Kinos, Tonstudios, Musikverlag;-;2020=100;VST073;Index d.tarifl. Monatsverdienste mit Sonderzahl.
62221;Vj. Index der Tarifverdienste und Arbeitszeiten;JAHR;Jahr;2022;DINSGF;Früheres Bundesgebiet / Neue Länder;DN;Neue Länder;WZ08C7;WZ2008 (ausgewählte Positionen): Tarifindex;WZ08-59;Film, TV-Programme, Kinos, Tonstudios, Musikverlag;-;h;VST019;Durchschnittliche tarifliche Wochenarbeitszeit
62221;Vj. Index der Tarifverdienste und Arbeitszeiten;JAHR;Jahr;2022;DINSGF;Früheres Bundesgebiet / Neue Länder;DN;Neue Länder;WZ08C7;WZ2008 (ausgewählte Positionen): Tarifindex;WZ08-59;Film, TV-Programme, Kinos, Tonstudios, Musikverlag;-;2020=100;VST066;Index d.tarifl. Monatsverdienste ohne Sonderzahl.
62221;Vj. Index der Tarifverdienste und Arbeitszeiten;JAHR;Jahr;2022;DINSGF;Früheres Bundesgebiet / Neue Länder;DN;Neue Länder;WZ08C7;WZ2008 (ausgewählte Positionen): Tarifindex;WZ08-59;Film, TV-Programme, Kinos, Tonstudios, Musikverlag;-;2020=100;VST018;Index der tariflichen Wochenarbeitszeit
62221;Vj. Index der Tarifverdienste und Arbeitszeiten;JAHR;Jahr;2022;DINSGF;Früheres Bundesgebiet / Neue Länder;DN;Neue Länder;WZ08C7;WZ2008 (ausgewählte Positionen): Tarifindex;WZ08-59;Film, TV-Programme, Kinos, Tonstudios, Musikverlag;-;2020=100;VST065;Index d.tarifl. Stundenverdienste ohne Sonderzahl.
62221;Vj. Index der Tarifverdienste und Arbeitszeiten;JAHR;Jahr;2016;DINSGF;Früheres Bundesgebiet / Neue Länder;DF;Früheres Bundesgebiet;WZ08C7;WZ2008 (ausgewählte Positionen): Tarifindex;WZ08-33;Reparatur u.Installation von Masch.u.Ausrüstungen;90,7;2020=100;VST072;Index d.tarifl. Stundenverdienste mit Sonderzahl.
62221;Vj. Index der Tarifverdienste und Arbeitszeiten;JAHR;Jahr;2016;DINSGF;Früheres Bundesgebiet / Neue Länder;DF;Früheres Bundesgebiet;WZ08C7;WZ2008 (ausgewählte Positionen): Tarifindex;WZ08-33;Reparatur u.Installation von Masch.u.Ausrüstungen;90,7;2020=100;VST073;Index d.tarifl. Monatsverdienste mit Sonderzahl.
62221;Vj. Index der Tarifverdienste und Arbeitszeiten;JAHR;Jahr;2016;DINSGF;Früheres Bundesgebiet / Neue Länder;DF;Früheres Bundesgebiet;WZ08C7;WZ2008 (ausgewählte Positionen): Tarifindex;WZ08-33;Reparatur u.Installation von Masch.u.Ausrüstungen;36,6;h;VST019;Durchschnittliche tarifliche Wochenarbeitszeit
62221;Vj. Index der Tarifverdienste und Arbeitszeiten;JAHR;Jahr;2016;DINSGF;Früheres Bundesgebiet / Neue Länder;DF;Früheres Bundesgebiet;WZ08C7;WZ2008 (ausgewählte Positionen): Tarifindex;WZ08-33;Reparatur u.Installation von Masch.u.Ausrüstungen;92,1;2020=100;VST066;Index d.tarifl. Monatsverdienste ohne Sonderzahl.
62221;Vj. Index der Tarifverdienste und Arbeitszeiten;JAHR;Jahr;2016;DINSGF;Früheres Bundesgebiet / Neue Länder;DF;Früheres Bundesgebiet;WZ08C7;WZ2008 (ausgewählte Positionen): Tarifindex;WZ08-33;Reparatur u.Installation von Masch.u.Ausrüstungen;100,0;2020=100;VST018;Index der tariflichen Wochenarbeitszeit
62221;Vj. Index der Tarifverdienste und Arbeitszeiten;JAHR;Jahr;2016;DINSGF;Früheres Bundesgebiet / Neue Länder;DF;Früheres Bundesgebiet;WZ08C7;WZ2008 (ausgewählte Positionen): Tarifindex;WZ08-33;Reparatur u.Installation von Masch.u.Ausrüstungen;92,0;2020=100;VST065;Index d.tarifl. Stundenverdienste ohne Sonderzahl.
62221;Vj. Index der Tarifverdienste und Arbeitszeiten;JAHR;Jahr;2017;DINSGF;Früheres Bundesgebiet / Neue Länder;DN;Neue Länder;WZ08C7;WZ2008 (ausgewählte Positionen): Tarifindex;WZ08-B-14;Kohlenbergbau, Gewinnung von Erdöl und Erdgas;95,8;2020=100;VST072;Index d.tarifl. Stundenverdienste mit Sonderzahl.
62221;Vj. Index der Tarifverdienste und Arbeitszeiten;JAHR;Jahr;2017;DINSGF;Früheres Bundesgebiet / Neue Länder;DN;Neue Länder;WZ08C7;WZ2008 (ausgewählte Positionen): Tarifindex;WZ08-B-14;Kohlenbergbau, Gewinnung von Erdöl und Erdgas;95,8;2020=100;VST073;Index d.tarifl. Monatsverdienste mit Sonderzahl.
62221;Vj. Index der Tarifverdienste und Arbeitszeiten;JAHR;Jahr;2017;DINSGF;Früheres Bundesgebiet / Neue Länder;DN;Neue Länder;WZ08C7;WZ2008 (ausgewählte Positionen): Tarifindex;WZ08-B-14;Kohlenbergbau, Gewinnung von Erdöl und Erdgas;37,0;h;VST019;Durchschnittliche tarifliche Wochenarbeitszeit
62221;Vj. Index der Tarifverdienste und Arbeitszeiten;JAHR;Jahr;2017;DINSGF;Früheres Bundesgebiet / Neue Länder;DN;Neue Länder;WZ08C7;WZ2008 (ausgewählte Positionen): Tarifindex;WZ08-B-14;Kohlenbergbau, Gewinnung von Erdöl und Erdgas;95,7;2020=100;VST066;Index d.tarifl. Monatsverdienste ohne Sonderzahl.
62221;Vj. Index der Tarifverdienste und Arbeitszeiten;JAHR;Jahr;2017;DINSGF;Früheres Bundesgebiet / Neue Länder;DN;Neue Länder;WZ08C7;WZ2008 (ausgewählte Positionen): Tarifindex;WZ08-B-14;Kohlenbergbau, Gewinnung von Erdöl und Erdgas;100,0;2020=100;VST018;Index der tariflichen Wochenarbeitszeit
62221;Vj. Index der Tarifverdienste und Arbeitszeiten;JAHR;Jahr;2017;DINSGF;Früheres Bundesgebiet / Neue Länder;DN;Neue Länder;WZ08C7;WZ2008 (ausgewählte Positionen): Tarifindex;WZ08-B-14;Kohlenbergbau, Gewinnung von Erdöl und Erdgas;95,7;2020=100;VST065;Index d.tarifl. Stundenverdienste ohne Sonderzahl.
62221;Vj. Index der Tarifverdienste und Arbeitszeiten;JAHR;Jahr;2020;DINSGF;Früheres Bundesgebiet / Neue Länder;DN;Neue Länder;WZ08C7;WZ2008 (ausgewählte Positionen): Tarifindex;WZ08-60;Rundfunkveranstalter;100,0;2020=100;VST072;Index d.tarifl. Stundenverdienste mit Sonderzahl.
62221;Vj. Index der Tarifverdienste und Arbeitszeiten;JAHR;Jahr;2020;DINSGF;Früheres Bundesgebiet / Neue Länder;DN;Neue Länder;WZ08C7;WZ2008 (ausgewählte Positionen): Tarifindex;WZ08-60;Rundfunkveranstalter;100,0;2020=100;VST073;Index d.tarifl. Monatsverdienste mit Sonderzahl.
62221;Vj. Index der Tarifverdienste und Arbeitszeiten;JAHR;Jahr;2020;DINSGF;Früheres Bundesgebiet / Neue Länder;DN;Neue Länder;WZ08C7;WZ2008 (ausgewählte Positionen): Tarifindex;WZ08-60;Rundfunkveranstalter;38,5;h;VST019;Durchschnittliche tarifliche Wochenarbeitszeit
62221;Vj. Index der Tarifverdienste und Arbeitszeiten;JAHR;Jahr;2020;DINSGF;Früheres Bundesgebiet / Neue Länder;DN;Neue Länder;WZ08C7;WZ2008 (ausgewählte Positionen): Tarifindex;WZ08-60;Rundfunkveranstalter;100,0;2020=100;VST066;Index d.tarifl. Monatsverdienste ohne Sonderzahl.
62221;Vj. Index der Tarifverdienste und Arbeitszeiten;JAHR;Jahr;2020;DINSGF;Früheres Bundesgebiet / Neue Länder;DN;Neue Länder;WZ08C7;WZ2008 (ausgewählte Positionen): Tarifindex;WZ08-60;Rundfunkveranstalter;100,0;2020=100;VST018;Index der tariflichen Wochenarbeitszeit
62221;Vj. Index der Tarifverdienste und Arbeitszeiten;JAHR;Jahr;2020;DINSGF;Früheres Bundesgebiet / Neue Länder;DN;Neue Länder;WZ08C7;WZ2008 (ausgewählte Positionen): Tarifindex;WZ08-60;Rundfunkveranstalter;100,0;2020=100;VST065;Index d.tarifl. Stundenverdienste ohne Sonderzahl.
62221;Vj. Index der Tarifverdienste und Arbeitszeiten;JAHR;Jahr;2017;DINSGF;Früheres Bundesgebiet / Neue Länder;DN;Neue Länder;WZ08C7;WZ2008 (ausgewählte Positionen): Tarifindex;WZ08-B-11;Produzierendes Gewerbe, Handel u.A.;92,1;2020=100;VST072;Index d.tarifl. Stundenverdienste mit Sonderzahl.
62221;Vj. Index der Tarifverdienste und Arbeitszeiten;JAHR;Jahr;2017;DINSGF;Früheres Bundesgebiet / Neue Länder;DN;Neue Länder;WZ08C7;WZ2008 (ausgewählte Positionen): Tarifindex;WZ08-B-11;Produzierendes Gewerbe, Handel u.A.;92,2;2020=100;VST073;Index d.tarifl. Monatsverdienste mit Sonderzahl.
62221;Vj. Index der Tarifverdienste und Arbeitszeiten;JAHR;Jahr;2017;DINSGF;Früheres Bundesgebiet / Neue Länder;DN;Neue Länder;WZ08C7;WZ2008 (ausgewählte Positionen): Tarifindex;WZ08-B-11;Produzierendes Gewerbe, Handel u.A.;39,2;h;VST019;Durchschnittliche tarifliche Wochenarbeitszeit
62221;Vj. Index der Tarifverdienste und Arbeitszeiten;JAHR;Jahr;2017;DINSGF;Früheres Bundesgebiet / Neue Länder;DN;Neue Länder;WZ08C7;WZ2008 (ausgewählte Positionen): Tarifindex;WZ08-B-11;Produzierendes Gewerbe, Handel u.A.;92,6;2020=100;VST066;Index d.tarifl. Monatsverdienste ohne Sonderzahl.
62221;Vj. Index der Tarifverdienste und Arbeitszeiten;JAHR;Jahr;2017;DINSGF;Früheres Bundesgebiet / Neue Länder;DN;Neue Länder;WZ08C7;WZ2008 (ausgewählte Positionen): Tarifindex;WZ08-B-11;Produzierendes Gewerbe, Handel u.A.;100,1;2020=100;VST018;Index der tariflichen Wochenarbeitszeit
62221;Vj. Index der Tarifverdienste und Arbeitszeiten;JAHR;Jahr;2017;DINSGF;Früheres Bundesgebiet / Neue Länder;DN;Neue Länder;WZ08C7;WZ2008 (ausgewählte Positionen): Tarifindex;WZ08-B-11;Produzierendes Gewerbe, Handel u.A.;92,5;2020=100;VST065;Index d.tarifl. Stundenverdienste ohne Sonderzahl.
62221;Vj. Index der Tarifverdienste und Arbeitszeiten;JAHR;Jahr;2019;DINSGF;Früheres Bundesgebiet / Neue Länder;DN;Neue Länder;WZ08C7;WZ2008 (ausgewählte Positionen): Tarifindex;WZ08-52;Lagerei, sonstige Dienstleistungen für den Verkehr;98,0;2020=100;VST072;Index d.tarifl. Stundenverdienste mit Sonderzahl.
62221;Vj. Index der Tarifverdienste und Arbeitszeiten;JAHR;Jahr;2019;DINSGF;Früheres Bundesgebiet / Neue Länder;DN;Neue Länder;WZ08C7;WZ2008 (ausgewählte Positionen): Tarifindex;WZ08-52;Lagerei, sonstige Dienstleistungen für den Verkehr;98,1;2020=100;VST073;Index d.tarifl. Monatsverdienste mit Sonderzahl.
62221;Vj. Index der Tarifverdienste und Arbeitszeiten;JAHR;Jahr;2019;DINSGF;Früheres Bundesgebiet / Neue Länder;DN;Neue Länder;WZ08C7;WZ2008 (ausgewählte Positionen): Tarifindex;WZ08-52;Lagerei, sonstige Dienstleistungen für den Verkehr;39,3;h;VST019;Durchschnittliche tarifliche Wochenarbeitszeit
62221;Vj. Index der Tarifverdienste und Arbeitszeiten;JAHR;Jahr;2019;DINSGF;Früheres Bundesgebiet / Neue Länder;DN;Neue Länder;WZ08C7;WZ2008 (ausgewählte Positionen): Tarifindex;WZ08-52;Lagerei, sonstige Dienstleistungen für den Verkehr;97,5;2020=100;VST066;Index d.tarifl. Monatsverdienste ohne Sonderzahl.
62221;Vj. Index der Tarifverdienste und Arbeitszeiten;JAHR;Jahr;2019;DINSGF;Früheres Bundesgebiet / Neue Länder;DN;Neue Länder;WZ08C7;WZ2008 (ausgewählte Positionen): Tarifindex;WZ08-52;Lagerei, sonstige Dienstleistungen für den Verkehr;100,1;2020=100;VST018;Index der tariflichen Wochenarbeitszeit
62221;Vj. Index der Tarifverdienste und Arbeitszeiten;JAHR;Jahr;2019;DINSGF;Früheres Bundesgebiet / Neue Länder;DN;Neue Länder;WZ08C7;WZ2008 (ausgewählte Positionen): Tarifindex;WZ08-52;Lagerei, sonstige Dienstleistungen für den Verkehr;97,5;2020=100;VST065;Index d.tarifl. Stundenverdienste ohne Sonderzahl.
62221;Vj. Index der Tarifverdienste und Arbeitszeiten;JAHR;Jahr;2021;DINSGF;Früheres Bundesgebiet / Neue Länder;DF;Früheres Bundesgebiet;WZ08C7;WZ2008 (ausgewählte Positionen): Tarifindex;WZ08-52-01;Lagerei und Kurierdienste;101,6;2020=100;VST072;Index d.tarifl. Stundenverdienste mit Sonderzahl.
62221;Vj. Index der Tarifverdienste und Arbeitszeiten;JAHR;Jahr;2021;DINSGF;Früheres Bundesgebiet / Neue Länder;DF;Früheres Bundesgebiet;WZ08C7;WZ2008 (ausgewählte Positionen): Tarifindex;WZ08-52-01;Lagerei und Kurierdienste;101,6;2020=100;VST073;Index d.tarifl. Monatsverdienste mit Sonderzahl.
62221;Vj. Index der Tarifverdienste und Arbeitszeiten;JAHR;Jahr;2021;DINSGF;Früheres Bundesgebiet / Neue Länder;DF;Früheres Bundesgebiet;WZ08C7;WZ2008 (ausgewählte Positionen): Tarifindex;WZ08-52-01;Lagerei und Kurierdienste;38,8;h;VST019;Durchschnittliche tarifliche Wochenarbeitszeit
62221;Vj. Index der Tarifverdienste und Arbeitszeiten;JAHR;Jahr;2021;DINSGF;Früheres Bundesgebiet / Neue Länder;DF;Früheres Bundesgebiet;WZ08C7;WZ2008 (ausgewählte Positionen): Tarifindex;WZ08-52-01;Lagerei und Kurierdienste;101,8;2020=100;VST066;Index d.tarifl. Monatsverdienste ohne Sonderzahl.
62221;Vj. Index der Tarifverdienste und Arbeitszeiten;JAHR;Jahr;2021;DINSGF;Früheres Bundesgebiet / Neue Länder;DF;Früheres Bundesgebiet;WZ08C7;WZ2008 (ausgewählte Positionen): Tarifindex;WZ08-52-01;Lagerei und Kurierdienste;100,0;2020=100;VST018;Index der tariflichen Wochenarbeitszeit
62221;Vj. Index der Tarifverdienste und Arbeitszeiten;JAHR;Jahr;2021;DINSGF;Früheres Bundesgebiet / Neue Länder;DF;Früheres Bundesgebiet;WZ08C7;WZ2008 (ausgewählte Positionen): Tarifindex;WZ08-52-01;Lagerei und Kurierdienste;101,8;2020=100;VST065;Index d.tarifl. Stundenverdienste ohne Sonderzahl.
62221;Vj. Index der Tarifverdienste und Arbeitszeiten;JAHR;Jahr;2018;DINSGF;Früheres Bundesgebiet / Neue Länder;DF;Früheres Bundesgebiet;WZ08C7;WZ2008 (ausgewählte Positionen): Tarifindex;WZ08-A;Land- und Forstwirtschaft, Fischerei;93,9;2020=100;VST072;Index d.tarifl. Stundenverdienste mit Sonderzahl.
62221;Vj. Index der Tarifverdienste und Arbeitszeiten;JAHR;Jahr;2018;DINSGF;Früheres Bundesgebiet / Neue Länder;DF;Früheres Bundesgebiet;WZ08C7;WZ2008 (ausgewählte Positionen): Tarifindex;WZ08-A;Land- und Forstwirtschaft, Fischerei;93,9;2020=100;VST073;Index d.tarifl. Monatsverdienste mit Sonderzahl.
62221;Vj. Index der Tarifverdienste und Arbeitszeiten;JAHR;Jahr;2018;DINSGF;Früheres Bundesgebiet / Neue Länder;DF;Früheres Bundesgebiet;WZ08C7;WZ2008 (ausgewählte Positionen): Tarifindex;WZ08-A;Land- und Forstwirtschaft, Fischerei;39,6;h;VST019;Durchschnittliche tarifliche Wochenarbeitszeit
62221;Vj. Index der Tarifverdienste und Arbeitszeiten;JAHR;Jahr;2018;DINSGF;Früheres Bundesgebiet / Neue Länder;DF;Früheres Bundesgebiet;WZ08C7;WZ2008 (ausgewählte Positionen): Tarifindex;WZ08-A;Land- und Forstwirtschaft, Fischerei;93,5;2020=100;VST066;Index d.tarifl. Monatsverdienste ohne Sonderzahl.
62221;Vj. Index der Tarifverdienste und Arbeitszeiten;JAHR;Jahr;2018;DINSGF;Früheres Bundesgebiet / Neue Länder;DF;Früheres Bundesgebiet;WZ08C7;WZ2008 (ausgewählte Positionen): Tarifindex;WZ08-A;Land- und Forstwirtschaft, Fischerei;100,0;2020=100;VST018;Index der tariflichen Wochenarbeitszeit
62221;Vj. Index der Tarifverdienste und Arbeitszeiten;JAHR;Jahr;2018;DINSGF;Früheres Bundesgebiet / Neue Länder;DF;Früheres Bundesgebiet;WZ08C7;WZ2008 (ausgewählte Positionen): Tarifindex;WZ08-A;Land- und Forstwirtschaft, Fischerei;93,5;2020=100;VST065;Index d.tarifl. Stundenverdienste ohne Sonderzahl.
62221;Vj. Index der Tarifverdienste und Arbeitszeiten;JAHR;Jahr;2016;DINSGF;Früheres Bundesgebiet / Neue Länder;DF;Früheres Bundesgebiet;WZ08C7;WZ2008 (ausgewählte Positionen): Tarifindex;WZ08-K;Erbringung v. Finanz- u. Versicherungsdienstleist.;93,1;2020=100;VST072;Index d.tarifl. Stundenverdienste mit Sonderzahl.
62221;Vj. Index der Tarifverdienste und Arbeitszeiten;JAHR;Jahr;2016;DINSGF;Früheres Bundesgebiet / Neue Länder;DF;Früheres Bundesgebiet;WZ08C7;WZ2008 (ausgewählte Positionen): Tarifindex;WZ08-K;Erbringung v. Finanz- u. Versicherungsdienstleist.;93,1;2020=100;VST073;Index d.tarifl. Monatsverdienste mit Sonderzahl.
62221;Vj. Index der Tarifverdienste und Arbeitszeiten;JAHR;Jahr;2016;DINSGF;Früheres Bundesgebiet / Neue Länder;DF;Früheres Bundesgebiet;WZ08C7;WZ2008 (ausgewählte Positionen): Tarifindex;WZ08-K;Erbringung v. Finanz- u. Versicherungsdienstleist.;38,8;h;VST019;Durchschnittliche tarifliche Wochenarbeitszeit
62221;Vj. Index der Tarifverdienste und Arbeitszeiten;JAHR;Jahr;2016;DINSGF;Früheres Bundesgebiet / Neue Länder;DF;Früheres Bundesgebiet;WZ08C7;WZ2008 (ausgewählte Positionen): Tarifindex;WZ08-K;Erbringung v. Finanz- u. Versicherungsdienstleist.;92,8;2020=100;VST066;Index d.tarifl. Monatsverdienste ohne Sonderzahl.
62221;Vj. Index der Tarifverdienste und Arbeitszeiten;JAHR;Jahr;2016;DINSGF;Früheres Bundesgebiet / Neue Länder;DF;Früheres Bundesgebiet;WZ08C7;WZ2008 (ausgewählte Positionen): Tarifindex;WZ08-K;Erbringung v. Finanz- u. Versicherungsdienstleist.;100,0;2020=100;VST018;Index der tariflichen Wochenarbeitszeit
62221;Vj. Index der Tarifverdienste und Arbeitszeiten;JAHR;Jahr;2016;DINSGF;Früheres Bundesgebiet / Neue Länder;DF;Früheres Bundesgebiet;WZ08C7;WZ2008 (ausgewählte Positionen): Tarifindex;WZ08-K;Erbringung v. Finanz- u. Versicherungsdienstleist.;92,8;2020=100;VST065;Index d.tarifl. Stundenverdienste ohne Sonderzahl.
62221;Vj. Index der Tarifverdienste und Arbeitszeiten;JAHR;Jahr;2018;DINSGF;Früheres Bundesgebiet / Neue Länder;DF;Früheres Bundesgebiet;WZ08C7;WZ2008 (ausgewählte Positionen): Tarifindex;WZ08-D;Energieversorgung;95,3;2020=100;VST072;Index d.tarifl. Stundenverdienste mit Sonderzahl.
62221;Vj. Index der Tarifverdienste und Arbeitszeiten;JAHR;Jahr;2018;DINSGF;Früheres Bundesgebiet / Neue Länder;DF;Früheres Bundesgebiet;WZ08C7;WZ2008 (ausgewählte Positionen): Tarifindex;WZ08-D;Energieversorgung;95,3;2020=100;VST073;Index d.tarifl. Monatsverdienste mit Sonderzahl.
62221;Vj. Index der Tarifverdienste und Arbeitszeiten;JAHR;Jahr;2018;DINSGF;Früheres Bundesgebiet / Neue Länder;DF;Früheres Bundesgebiet;WZ08C7;WZ2008 (ausgewählte Positionen): Tarifindex;WZ08-D;Energieversorgung;38,4;h;VST019;Durchschnittliche tarifliche Wochenarbeitszeit
62221;Vj. Index der Tarifverdienste und Arbeitszeiten;JAHR;Jahr;2018;DINSGF;Früheres Bundesgebiet / Neue Länder;DF;Früheres Bundesgebiet;WZ08C7;WZ2008 (ausgewählte Positionen): Tarifindex;WZ08-D;Energieversorgung;94,7;2020=100;VST066;Index d.tarifl. Monatsverdienste ohne Sonderzahl.
62221;Vj. Index der Tarifverdienste und Arbeitszeiten;JAHR;Jahr;2018;DINSGF;Früheres Bundesgebiet / Neue Länder;DF;Früheres Bundesgebiet;WZ08C7;WZ2008 (ausgewählte Positionen): Tarifindex;WZ08-D;Energieversorgung;100,0;2020=100;VST018;Index der tariflichen Wochenarbeitszeit
62221;Vj. Index der Tarifverdienste und Arbeitszeiten;JAHR;Jahr;2018;DINSGF;Früheres Bundesgebiet / Neue Länder;DF;Früheres Bundesgebiet;WZ08C7;WZ2008 (ausgewählte Positionen): Tarifindex;WZ08-D;Energieversorgung;94,7;2020=100;VST065;Index d.tarifl. Stundenverdienste ohne Sonderzahl.
62221;Vj. Index der Tarifverdienste und Arbeitszeiten;JAHR;Jahr;2019;DINSGF;Früheres Bundesgebiet / Neue Länder;DN;Neue Länder;WZ08C7;WZ2008 (ausgewählte Positionen): Tarifindex;WZ08-H;Verkehr und Lagerei;97,6;2020=100;VST072;Index d.tarifl. Stundenverdienste mit Sonderzahl.
62221;Vj. Index der Tarifverdienste und Arbeitszeiten;JAHR;Jahr;2019;DINSGF;Früheres Bundesgebiet / Neue Länder;DN;Neue Länder;WZ08C7;WZ2008 (ausgewählte Positionen): Tarifindex;WZ08-H;Verkehr und Lagerei;97,7;2020=100;VST073;Index d.tarifl. Monatsverdienste mit Sonderzahl.
62221;Vj. Index der Tarifverdienste und Arbeitszeiten;JAHR;Jahr;2019;DINSGF;Früheres Bundesgebiet / Neue Länder;DN;Neue Länder;WZ08C7;WZ2008 (ausgewählte Positionen): Tarifindex;WZ08-H;Verkehr und Lagerei;39,1;h;VST019;Durchschnittliche tarifliche Wochenarbeitszeit
62221;Vj. Index der Tarifverdienste und Arbeitszeiten;JAHR;Jahr;2019;DINSGF;Früheres Bundesgebiet / Neue Länder;DN;Neue Länder;WZ08C7;WZ2008 (ausgewählte Positionen): Tarifindex;WZ08-H;Verkehr und Lagerei;97,6;2020=100;VST066;Index d.tarifl. Monatsverdienste ohne Sonderzahl.
62221;Vj. Index der Tarifverdienste und Arbeitszeiten;JAHR;Jahr;2019;DINSGF;Früheres Bundesgebiet / Neue Länder;DN;Neue Länder;WZ08C7;WZ2008 (ausgewählte Positionen): Tarifindex;WZ08-H;Verkehr und Lagerei;100,1;2020=100;VST018;Index der tariflichen Wochenarbeitszeit
62221;Vj. Index der Tarifverdienste und Arbeitszeiten;JAHR;Jahr;2019;DINSGF;Früheres Bundesgebiet / Neue Länder;DN;Neue Länder;WZ08C7;WZ2008 (ausgewählte Positionen): Tarifindex;WZ08-H;Verkehr und Lagerei;97,6;2020=100;VST065;Index d.tarifl. Stundenverdienste ohne Sonderzahl.
62221;Vj. Index der Tarifverdienste und Arbeitszeiten;JAHR;Jahr;2022;DINSGF;Früheres Bundesgebiet / Neue Länder;DN;Neue Länder;WZ08C7;WZ2008 (ausgewählte Positionen): Tarifindex;WZ08-R;Kunst, Unterhaltung und Erholung;103,3;2020=100;VST072;Index d.tarifl. Stundenverdienste mit Sonderzahl.
62221;Vj. Index der Tarifverdienste und Arbeitszeiten;JAHR;Jahr;2022;DINSGF;Früheres Bundesgebiet / Neue Länder;DN;Neue Länder;WZ08C7;WZ2008 (ausgewählte Positionen): Tarifindex;WZ08-R;Kunst, Unterhaltung und Erholung;103,3;2020=100;VST073;Index d.tarifl. Monatsverdienste mit Sonderzahl.
62221;Vj. Index der Tarifverdienste und Arbeitszeiten;JAHR;Jahr;2022;DINSGF;Früheres Bundesgebiet / Neue Länder;DN;Neue Länder;WZ08C7;WZ2008 (ausgewählte Positionen): Tarifindex;WZ08-R;Kunst, Unterhaltung und Erholung;39,1;h;VST019;Durchschnittliche tarifliche Wochenarbeitszeit
62221;Vj. Index der Tarifverdienste und Arbeitszeiten;JAHR;Jahr;2022;DINSGF;Früheres Bundesgebiet / Neue Länder;DN;Neue Länder;WZ08C7;WZ2008 (ausgewählte Positionen): Tarifindex;WZ08-R;Kunst, Unterhaltung und Erholung;102,5;2020=100;VST066;Index d.tarifl. Monatsverdienste ohne Sonderzahl.
62221;Vj. Index der Tarifverdienste und Arbeitszeiten;JAHR;Jahr;2022;DINSGF;Früheres Bundesgebiet / Neue Länder;DN;Neue Länder;WZ08C7;WZ2008 (ausgewählte Positionen): Tarifindex;WZ08-R;Kunst, Unterhaltung und Erholung;100,0;2020=100;VST018;Index der tariflichen Wochenarbeitszeit
62221;Vj. Index der Tarifverdienste und Arbeitszeiten;JAHR;Jahr;2022;DINSGF;Früheres Bundesgebiet / Neue Länder;DN;Neue Länder;WZ08C7;WZ2008 (ausgewählte Positionen): Tarifindex;WZ08-R;Kunst, Unterhaltung und Erholung;102,5;2020=100;VST065;Index d.tarifl. Stundenverdienste ohne Sonderzahl.
62221;Vj. Index der Tarifverdienste und Arbeitszeiten;JAHR;Jahr;2022;DINSGF;Früheres Bundesgebiet / Neue Länder;DF;Früheres Bundesgebiet;WZ08C7;WZ2008 (ausgewählte Positionen): Tarifindex;WZ08-C;Verarbeitendes Gewerbe;102,5;2020=100;VST072;Index d.tarifl. Stundenverdienste mit Sonderzahl.
62221;Vj. Index der Tarifverdienste und Arbeitszeiten;JAHR;Jahr;2022;DINSGF;Früheres Bundesgebiet / Neue Länder;DF;Früheres Bundesgebiet;WZ08C7;WZ2008 (ausgewählte Positionen): Tarifindex;WZ08-C;Verarbeitendes Gewerbe;102,5;2020=100;VST073;Index d.tarifl. Monatsverdienste mit Sonderzahl.
62221;Vj. Index der Tarifverdienste und Arbeitszeiten;JAHR;Jahr;2022;DINSGF;Früheres Bundesgebiet / Neue Länder;DF;Früheres Bundesgebiet;WZ08C7;WZ2008 (ausgewählte Positionen): Tarifindex;WZ08-C;Verarbeitendes Gewerbe;36,0;h;VST019;Durchschnittliche tarifliche Wochenarbeitszeit
62221;Vj. Index der Tarifverdienste und Arbeitszeiten;JAHR;Jahr;2022;DINSGF;Früheres Bundesgebiet / Neue Länder;DF;Früheres Bundesgebiet;WZ08C7;WZ2008 (ausgewählte Positionen): Tarifindex;WZ08-C;Verarbeitendes Gewerbe;101,2;2020=100;VST066;Index d.tarifl. Monatsverdienste ohne Sonderzahl.
62221;Vj. Index der Tarifverdienste und Arbeitszeiten;JAHR;Jahr;2022;DINSGF;Früheres Bundesgebiet / Neue Länder;DF;Früheres Bundesgebiet;WZ08C7;WZ2008 (ausgewählte Positionen): Tarifindex;WZ08-C;Verarbeitendes Gewerbe;100,0;2020=100;VST018;Index der tariflichen Wochenarbeitszeit
62221;Vj. Index der Tarifverdienste und Arbeitszeiten;JAHR;Jahr;2022;DINSGF;Früheres Bundesgebiet / Neue Länder;DF;Früheres Bundesgebiet;WZ08C7;WZ2008 (ausgewählte Positionen): Tarifindex;WZ08-C;Verarbeitendes Gewerbe;101,2;2020=100;VST065;Index d.tarifl. Stundenverdienste ohne Sonderzahl.
62221;Vj. Index der Tarifverdienste und Arbeitszeiten;JAHR;Jahr;2022;DINSGF;Früheres Bundesgebiet / Neue Länder;DN;Neue Länder;WZ08C7;WZ2008 (ausgewählte Positionen): Tarifindex;WZ08-50;Schifffahrt;102,7;2020=100;VST072;Index d.tarifl. Stundenverdienste mit Sonderzahl.
62221;Vj. Index der Tarifverdienste und Arbeitszeiten;JAHR;Jahr;2022;DINSGF;Früheres Bundesgebiet / Neue Länder;DN;Neue Länder;WZ08C7;WZ2008 (ausgewählte Positionen): Tarifindex;WZ08-50;Schifffahrt;102,7;2020=100;VST073;Index d.tarifl. Monatsverdienste mit Sonderzahl.
62221;Vj. Index der Tarifverdienste und Arbeitszeiten;JAHR;Jahr;2022;DINSGF;Früheres Bundesgebiet / Neue Länder;DN;Neue Länder;WZ08C7;WZ2008 (ausgewählte Positionen): Tarifindex;WZ08-50;Schifffahrt;40,0;h;VST019;Durchschnittliche tarifliche Wochenarbeitszeit
62221;Vj. Index der Tarifverdienste und Arbeitszeiten;JAHR;Jahr;2022;DINSGF;Früheres Bundesgebiet / Neue Länder;DN;Neue Länder;WZ08C7;WZ2008 (ausgewählte Positionen): Tarifindex;WZ08-50;Schifffahrt;103,2;2020=100;VST066;Index d.tarifl. Monatsverdienste ohne Sonderzahl.
62221;Vj. Index der Tarifverdienste und Arbeitszeiten;JAHR;Jahr;2022;DINSGF;Früheres Bundesgebiet / Neue Länder;DN;Neue Länder;WZ08C7;WZ2008 (ausgewählte Positionen): Tarifindex;WZ08-50;Schifffahrt;100,0;2020=100;VST018;Index der tariflichen Wochenarbeitszeit
62221;Vj. Index der Tarifverdienste und Arbeitszeiten;JAHR;Jahr;2022;DINSGF;Früheres Bundesgebiet / Neue Länder;DN;Neue Länder;WZ08C7;WZ2008 (ausgewählte Positionen): Tarifindex;WZ08-50;Schifffahrt;103,2;2020=100;VST065;Index d.tarifl. Stundenverdienste ohne Sonderzahl.
62221;Vj. Index der Tarifverdienste und Arbeitszeiten;JAHR;Jahr;2022;DINSGF;Früheres Bundesgebiet / Neue Länder;DN;Neue Länder;WZ08C7;WZ2008 (ausgewählte Positionen): Tarifindex;WZ-X002;Investitionsgüterproduzenten;101,9;2020=100;VST072;Index d.tarifl. Stundenverdienste mit Sonderzahl.
62221;Vj. Index der Tarifverdienste und Arbeitszeiten;JAHR;Jahr;2022;DINSGF;Früheres Bundesgebiet / Neue Länder;DN;Neue Länder;WZ08C7;WZ2008 (ausgewählte Positionen): Tarifindex;WZ-X002;Investitionsgüterproduzenten;101,5;2020=100;VST073;Index d.tarifl. Monatsverdienste mit Sonderzahl.
62221;Vj. Index der Tarifverdienste und Arbeitszeiten;JAHR;Jahr;2022;DINSGF;Früheres Bundesgebiet / Neue Länder;DN;Neue Länder;WZ08C7;WZ2008 (ausgewählte Positionen): Tarifindex;WZ-X002;Investitionsgüterproduzenten;37,7;h;VST019;Durchschnittliche tarifliche Wochenarbeitszeit
62221;Vj. Index der Tarifverdienste und Arbeitszeiten;JAHR;Jahr;2022;DINSGF;Früheres Bundesgebiet / Neue Länder;DN;Neue Länder;WZ08C7;WZ2008 (ausgewählte Positionen): Tarifindex;WZ-X002;Investitionsgüterproduzenten;100,5;2020=100;VST066;Index d.tarifl. Monatsverdienste ohne Sonderzahl.
62221;Vj. Index der Tarifverdienste und Arbeitszeiten;JAHR;Jahr;2022;DINSGF;Früheres Bundesgebiet / Neue Länder;DN;Neue Länder;WZ08C7;WZ2008 (ausgewählte Positionen): Tarifindex;WZ-X002;Investitionsgüterproduzenten;99,6;2020=100;VST018;Index der tariflichen Wochenarbeitszeit
62221;Vj. Index der Tarifverdienste und Arbeitszeiten;JAHR;Jahr;2022;DINSGF;Früheres Bundesgebiet / Neue Länder;DN;Neue Länder;WZ08C7;WZ2008 (ausgewählte Positionen): Tarifindex;WZ-X002;Investitionsgüterproduzenten;100,9;2020=100;VST065;Index d.tarifl. Stundenverdienste ohne Sonderzahl.
62221;Vj. Index der Tarifverdienste und Arbeitszeiten;JAHR;Jahr;2019;DINSGF;Früheres Bundesgebiet / Neue Länder;DN;Neue Länder;WZ08C7;WZ2008 (ausgewählte Positionen): Tarifindex;WZ08-K;Erbringung v. Finanz- u. Versicherungsdienstleist.;97,8;2020=100;VST072;Index d.tarifl. Stundenverdienste mit Sonderzahl.
62221;Vj. Index der Tarifverdienste und Arbeitszeiten;JAHR;Jahr;2019;DINSGF;Früheres Bundesgebiet / Neue Länder;DN;Neue Länder;WZ08C7;WZ2008 (ausgewählte Positionen): Tarifindex;WZ08-K;Erbringung v. Finanz- u. Versicherungsdienstleist.;97,8;2020=100;VST073;Index d.tarifl. Monatsverdienste mit Sonderzahl.
62221;Vj. Index der Tarifverdienste und Arbeitszeiten;JAHR;Jahr;2019;DINSGF;Früheres Bundesgebiet / Neue Länder;DN;Neue Länder;WZ08C7;WZ2008 (ausgewählte Positionen): Tarifindex;WZ08-K;Erbringung v. Finanz- u. Versicherungsdienstleist.;38,9;h;VST019;Durchschnittliche tarifliche Wochenarbeitszeit
62221;Vj. Index der Tarifverdienste und Arbeitszeiten;JAHR;Jahr;2019;DINSGF;Früheres Bundesgebiet / Neue Länder;DN;Neue Länder;WZ08C7;WZ2008 (ausgewählte Positionen): Tarifindex;WZ08-K;Erbringung v. Finanz- u. Versicherungsdienstleist.;98,3;2020=100;VST066;Index d.tarifl. Monatsverdienste ohne Sonderzahl.
62221;Vj. Index der Tarifverdienste und Arbeitszeiten;JAHR;Jahr;2019;DINSGF;Früheres Bundesgebiet / Neue Länder;DN;Neue Länder;WZ08C7;WZ2008 (ausgewählte Positionen): Tarifindex;WZ08-K;Erbringung v. Finanz- u. Versicherungsdienstleist.;100,0;2020=100;VST018;Index der tariflichen Wochenarbeitszeit
62221;Vj. Index der Tarifverdienste und Arbeitszeiten;JAHR;Jahr;2019;DINSGF;Früheres Bundesgebiet / Neue Länder;DN;Neue Länder;WZ08C7;WZ2008 (ausgewählte Positionen): Tarifindex;WZ08-K;Erbringung v. Finanz- u. Versicherungsdienstleist.;98,3;2020=100;VST065;Index d.tarifl. Stundenverdienste ohne Sonderzahl.
62221;Vj. Index der Tarifverdienste und Arbeitszeiten;JAHR;Jahr;2022;DINSGF;Früheres Bundesgebiet / Neue Länder;DN;Neue Länder;WZ08C7;WZ2008 (ausgewählte Positionen): Tarifindex;WZ08-10-02;Ernährungsgewerbe;105,3;2020=100;VST072;Index d.tarifl. Stundenverdienste mit Sonderzahl.
62221;Vj. Index der Tarifverdienste und Arbeitszeiten;JAHR;Jahr;2022;DINSGF;Früheres Bundesgebiet / Neue Länder;DN;Neue Länder;WZ08C7;WZ2008 (ausgewählte Positionen): Tarifindex;WZ08-10-02;Ernährungsgewerbe;105,3;2020=100;VST073;Index d.tarifl. Monatsverdienste mit Sonderzahl.
62221;Vj. Index der Tarifverdienste und Arbeitszeiten;JAHR;Jahr;2022;DINSGF;Früheres Bundesgebiet / Neue Länder;DN;Neue Länder;WZ08C7;WZ2008 (ausgewählte Positionen): Tarifindex;WZ08-10-02;Ernährungsgewerbe;38,7;h;VST019;Durchschnittliche tarifliche Wochenarbeitszeit
62221;Vj. Index der Tarifverdienste und Arbeitszeiten;JAHR;Jahr;2022;DINSGF;Früheres Bundesgebiet / Neue Länder;DN;Neue Länder;WZ08C7;WZ2008 (ausgewählte Positionen): Tarifindex;WZ08-10-02;Ernährungsgewerbe;105,4;2020=100;VST066;Index d.tarifl. Monatsverdienste ohne Sonderzahl.
62221;Vj. Index der Tarifverdienste und Arbeitszeiten;JAHR;Jahr;2022;DINSGF;Früheres Bundesgebiet / Neue Länder;DN;Neue Länder;WZ08C7;WZ2008 (ausgewählte Positionen): Tarifindex;WZ08-10-02;Ernährungsgewerbe;100,0;2020=100;VST018;Index der tariflichen Wochenarbeitszeit
62221;Vj. Index der Tarifverdienste und Arbeitszeiten;JAHR;Jahr;2022;DINSGF;Früheres Bundesgebiet / Neue Länder;DN;Neue Länder;WZ08C7;WZ2008 (ausgewählte Positionen): Tarifindex;WZ08-10-02;Ernährungsgewerbe;105,5;2020=100;VST065;Index d.tarifl. Stundenverdienste ohne Sonderzahl.
62221;Vj. Index der Tarifverdienste und Arbeitszeiten;JAHR;Jahr;2022;DINSGF;Früheres Bundesgebiet / Neue Länder;DN;Neue Länder;WZ08C7;WZ2008 (ausgewählte Positionen): Tarifindex;WZ08-55-01;Gastgewerbe;110,8;2020=100;VST072;Index d.tarifl. Stundenverdienste mit Sonderzahl.
62221;Vj. Index der Tarifverdienste und Arbeitszeiten;JAHR;Jahr;2022;DINSGF;Früheres Bundesgebiet / Neue Länder;DN;Neue Länder;WZ08C7;WZ2008 (ausgewählte Positionen): Tarifindex;WZ08-55-01;Gastgewerbe;110,8;2020=100;VST073;Index d.tarifl. Monatsverdienste mit Sonderzahl.
62221;Vj. Index der Tarifverdienste und Arbeitszeiten;JAHR;Jahr;2022;DINSGF;Früheres Bundesgebiet / Neue Länder;DN;Neue Länder;WZ08C7;WZ2008 (ausgewählte Positionen): Tarifindex;WZ08-55-01;Gastgewerbe;39,4;h;VST019;Durchschnittliche tarifliche Wochenarbeitszeit
62221;Vj. Index der Tarifverdienste und Arbeitszeiten;JAHR;Jahr;2022;DINSGF;Früheres Bundesgebiet / Neue Länder;DN;Neue Länder;WZ08C7;WZ2008 (ausgewählte Positionen): Tarifindex;WZ08-55-01;Gastgewerbe;110,7;2020=100;VST066;Index d.tarifl. Monatsverdienste ohne Sonderzahl.
62221;Vj. Index der Tarifverdienste und Arbeitszeiten;JAHR;Jahr;2022;DINSGF;Früheres Bundesgebiet / Neue Länder;DN;Neue Länder;WZ08C7;WZ2008 (ausgewählte Positionen): Tarifindex;WZ08-55-01;Gastgewerbe;100,0;2020=100;VST018;Index der tariflichen Wochenarbeitszeit
62221;Vj. Index der Tarifverdienste und Arbeitszeiten;JAHR;Jahr;2022;DINSGF;Früheres Bundesgebiet / Neue Länder;DN;Neue Länder;WZ08C7;WZ2008 (ausgewählte Positionen): Tarifindex;WZ08-55-01;Gastgewerbe;110,7;2020=100;VST065;Index d.tarifl. Stundenverdienste ohne Sonderzahl.
62221;Vj. Index der Tarifverdienste und Arbeitszeiten;JAHR;Jahr;2016;DINSGF;Früheres Bundesgebiet / Neue Länder;DF;Früheres Bundesgebiet;WZ08C7;WZ2008 (ausgewählte Positionen): Tarifindex;WZ08-H;Verkehr und Lagerei;90,5;2020=100;VST072;Index d.tarifl. Stundenverdienste mit Sonderzahl.
62221;Vj. Index der Tarifverdienste und Arbeitszeiten;JAHR;Jahr;2016;DINSGF;Früheres Bundesgebiet / Neue Länder;DF;Früheres Bundesgebiet;WZ08C7;WZ2008 (ausgewählte Positionen): Tarifindex;WZ08-H;Verkehr und Lagerei;90,5;2020=100;VST073;Index d.tarifl. Monatsverdienste mit Sonderzahl.
62221;Vj. Index der Tarifverdienste und Arbeitszeiten;JAHR;Jahr;2016;DINSGF;Früheres Bundesgebiet / Neue Länder;DF;Früheres Bundesgebiet;WZ08C7;WZ2008 (ausgewählte Positionen): Tarifindex;WZ08-H;Verkehr und Lagerei;38,8;h;VST019;Durchschnittliche tarifliche Wochenarbeitszeit
62221;Vj. Index der Tarifverdienste und Arbeitszeiten;JAHR;Jahr;2016;DINSGF;Früheres Bundesgebiet / Neue Länder;DF;Früheres Bundesgebiet;WZ08C7;WZ2008 (ausgewählte Positionen): Tarifindex;WZ08-H;Verkehr und Lagerei;90,2;2020=100;VST066;Index d.tarifl. Monatsverdienste ohne Sonderzahl.
62221;Vj. Index der Tarifverdienste und Arbeitszeiten;JAHR;Jahr;2016;DINSGF;Früheres Bundesgebiet / Neue Länder;DF;Früheres Bundesgebiet;WZ08C7;WZ2008 (ausgewählte Positionen): Tarifindex;WZ08-H;Verkehr und Lagerei;100,0;2020=100;VST018;Index der tariflichen Wochenarbeitszeit
62221;Vj. Index der Tarifverdienste und Arbeitszeiten;JAHR;Jahr;2016;DINSGF;Früheres Bundesgebiet / Neue Länder;DF;Früheres Bundesgebiet;WZ08C7;WZ2008 (ausgewählte Positionen): Tarifindex;WZ08-H;Verkehr und Lagerei;90,1;2020=100;VST065;Index d.tarifl. Stundenverdienste ohne Sonderzahl.
62221;Vj. Index der Tarifverdienste und Arbeitszeiten;JAHR;Jahr;2020;DINSGF;Früheres Bundesgebiet / Neue Länder;DN;Neue Länder;WZ08C7;WZ2008 (ausgewählte Positionen): Tarifindex;WZ08-87;Heime (ohne Erholungs- und Ferienheime);100,0;2020=100;VST072;Index d.tarifl. Stundenverdienste mit Sonderzahl.
62221;Vj. Index der Tarifverdienste und Arbeitszeiten;JAHR;Jahr;2020;DINSGF;Früheres Bundesgebiet / Neue Länder;DN;Neue Länder;WZ08C7;WZ2008 (ausgewählte Positionen): Tarifindex;WZ08-87;Heime (ohne Erholungs- und Ferienheime);100,0;2020=100;VST073;Index d.tarifl. Monatsverdienste mit Sonderzahl.
62221;Vj. Index der Tarifverdienste und Arbeitszeiten;JAHR;Jahr;2020;DINSGF;Früheres Bundesgebiet / Neue Länder;DN;Neue Länder;WZ08C7;WZ2008 (ausgewählte Positionen): Tarifindex;WZ08-87;Heime (ohne Erholungs- und Ferienheime);39,4;h;VST019;Durchschnittliche tarifliche Wochenarbeitszeit
62221;Vj. Index der Tarifverdienste und Arbeitszeiten;JAHR;Jahr;2020;DINSGF;Früheres Bundesgebiet / Neue Länder;DN;Neue Länder;WZ08C7;WZ2008 (ausgewählte Positionen): Tarifindex;WZ08-87;Heime (ohne Erholungs- und Ferienheime);100,0;2020=100;VST066;Index d.tarifl. Monatsverdienste ohne Sonderzahl.
62221;Vj. Index der Tarifverdienste und Arbeitszeiten;JAHR;Jahr;2020;DINSGF;Früheres Bundesgebiet / Neue Länder;DN;Neue Länder;WZ08C7;WZ2008 (ausgewählte Positionen): Tarifindex;WZ08-87;Heime (ohne Erholungs- und Ferienheime);100,0;2020=100;VST018;Index der tariflichen Wochenarbeitszeit
62221;Vj. Index der Tarifverdienste und Arbeitszeiten;JAHR;Jahr;2020;DINSGF;Früheres Bundesgebiet / Neue Länder;DN;Neue Länder;WZ08C7;WZ2008 (ausgewählte Positionen): Tarifindex;WZ08-87;Heime (ohne Erholungs- und Ferienheime);100,0;2020=100;VST065;Index d.tarifl. Stundenverdienste ohne Sonderzahl.
62221;Vj. Index der Tarifverdienste und Arbeitszeiten;JAHR;Jahr;2023;DINSGF;Früheres Bundesgebiet / Neue Länder;DF;Früheres Bundesgebiet;WZ08C7;WZ2008 (ausgewählte Positionen): Tarifindex;WZ08-82;Dienstleistungen für Unternehmen u.Privatpers. ang;108,4;2020=100;VST072;Index d.tarifl. Stundenverdienste mit Sonderzahl.
62221;Vj. Index der Tarifverdienste und Arbeitszeiten;JAHR;Jahr;2023;DINSGF;Früheres Bundesgebiet / Neue Länder;DF;Früheres Bundesgebiet;WZ08C7;WZ2008 (ausgewählte Positionen): Tarifindex;WZ08-82;Dienstleistungen für Unternehmen u.Privatpers. ang;108,4;2020=100;VST073;Index d.tarifl. Monatsverdienste mit Sonderzahl.
62221;Vj. Index der Tarifverdienste und Arbeitszeiten;JAHR;Jahr;2023;DINSGF;Früheres Bundesgebiet / Neue Länder;DF;Früheres Bundesgebiet;WZ08C7;WZ2008 (ausgewählte Positionen): Tarifindex;WZ08-82;Dienstleistungen für Unternehmen u.Privatpers. ang;37,9;h;VST019;Durchschnittliche tarifliche Wochenarbeitszeit
62221;Vj. Index der Tarifverdienste und Arbeitszeiten;JAHR;Jahr;2023;DINSGF;Früheres Bundesgebiet / Neue Länder;DF;Früheres Bundesgebiet;WZ08C7;WZ2008 (ausgewählte Positionen): Tarifindex;WZ08-82;Dienstleistungen für Unternehmen u.Privatpers. ang;105,9;2020=100;VST066;Index d.tarifl. Monatsverdienste ohne Sonderzahl.
62221;Vj. Index der Tarifverdienste und Arbeitszeiten;JAHR;Jahr;2023;DINSGF;Früheres Bundesgebiet / Neue Länder;DF;Früheres Bundesgebiet;WZ08C7;WZ2008 (ausgewählte Positionen): Tarifindex;WZ08-82;Dienstleistungen für Unternehmen u.Privatpers. ang;100,0;2020=100;VST018;Index der tariflichen Wochenarbeitszeit
62221;Vj. Index der Tarifverdienste und Arbeitszeiten;JAHR;Jahr;2023;DINSGF;Früheres Bundesgebiet / Neue Länder;DF;Früheres Bundesgebiet;WZ08C7;WZ2008 (ausgewählte Positionen): Tarifindex;WZ08-82;Dienstleistungen für Unternehmen u.Privatpers. ang;105,9;2020=100;VST065;Index d.tarifl. Stundenverdienste ohne Sonderzahl.
62221;Vj. Index der Tarifverdienste und Arbeitszeiten;JAHR;Jahr;2022;DINSGF;Früheres Bundesgebiet / Neue Länder;DF;Früheres Bundesgebiet;WZ08C7;WZ2008 (ausgewählte Positionen): Tarifindex;WZ08-11;Getränkeherstellung;104,5;2020=100;VST072;Index d.tarifl. Stundenverdienste mit Sonderzahl.
62221;Vj. Index der Tarifverdienste und Arbeitszeiten;JAHR;Jahr;2022;DINSGF;Früheres Bundesgebiet / Neue Länder;DF;Früheres Bundesgebiet;WZ08C7;WZ2008 (ausgewählte Positionen): Tarifindex;WZ08-11;Getränkeherstellung;104,5;2020=100;VST073;Index d.tarifl. Monatsverdienste mit Sonderzahl.
62221;Vj. Index der Tarifverdienste und Arbeitszeiten;JAHR;Jahr;2022;DINSGF;Früheres Bundesgebiet / Neue Länder;DF;Früheres Bundesgebiet;WZ08C7;WZ2008 (ausgewählte Positionen): Tarifindex;WZ08-11;Getränkeherstellung;38,1;h;VST019;Durchschnittliche tarifliche Wochenarbeitszeit
62221;Vj. Index der Tarifverdienste und Arbeitszeiten;JAHR;Jahr;2022;DINSGF;Früheres Bundesgebiet / Neue Länder;DF;Früheres Bundesgebiet;WZ08C7;WZ2008 (ausgewählte Positionen): Tarifindex;WZ08-11;Getränkeherstellung;103,9;2020=100;VST066;Index d.tarifl. Monatsverdienste ohne Sonderzahl.
62221;Vj. Index der Tarifverdienste und Arbeitszeiten;JAHR;Jahr;2022;DINSGF;Früheres Bundesgebiet / Neue Länder;DF;Früheres Bundesgebiet;WZ08C7;WZ2008 (ausgewählte Positionen): Tarifindex;WZ08-11;Getränkeherstellung;100,0;2020=100;VST018;Index der tariflichen Wochenarbeitszeit
62221;Vj. Index der Tarifverdienste und Arbeitszeiten;JAHR;Jahr;2022;DINSGF;Früheres Bundesgebiet / Neue Länder;DF;Früheres Bundesgebiet;WZ08C7;WZ2008 (ausgewählte Positionen): Tarifindex;WZ08-11;Getränkeherstellung;103,9;2020=100;VST065;Index d.tarifl. Stundenverdienste ohne Sonderzahl.
62221;Vj. Index der Tarifverdienste und Arbeitszeiten;JAHR;Jahr;2021;DINSGF;Früheres Bundesgebiet / Neue Länder;DF;Früheres Bundesgebiet;WZ08C7;WZ2008 (ausgewählte Positionen): Tarifindex;WZ08-B-09;Produzierendes Gewerbe und wirtschaftl. Dienstl.;101,4;2020=100;VST072;Index d.tarifl. Stundenverdienste mit Sonderzahl.
62221;Vj. Index der Tarifverdienste und Arbeitszeiten;JAHR;Jahr;2021;DINSGF;Früheres Bundesgebiet / Neue Länder;DF;Früheres Bundesgebiet;WZ08C7;WZ2008 (ausgewählte Positionen): Tarifindex;WZ08-B-09;Produzierendes Gewerbe und wirtschaftl. Dienstl.;101,4;2020=100;VST073;Index d.tarifl. Monatsverdienste mit Sonderzahl.
62221;Vj. Index der Tarifverdienste und Arbeitszeiten;JAHR;Jahr;2021;DINSGF;Früheres Bundesgebiet / Neue Länder;DF;Früheres Bundesgebiet;WZ08C7;WZ2008 (ausgewählte Positionen): Tarifindex;WZ08-B-09;Produzierendes Gewerbe und wirtschaftl. Dienstl.;37,4;h;VST019;Durchschnittliche tarifliche Wochenarbeitszeit
62221;Vj. Index der Tarifverdienste und Arbeitszeiten;JAHR;Jahr;2021;DINSGF;Früheres Bundesgebiet / Neue Länder;DF;Früheres Bundesgebiet;WZ08C7;WZ2008 (ausgewählte Positionen): Tarifindex;WZ08-B-09;Produzierendes Gewerbe und wirtschaftl. Dienstl.;101,1;2020=100;VST066;Index d.tarifl. Monatsverdienste ohne Sonderzahl.
62221;Vj. Index der Tarifverdienste und Arbeitszeiten;JAHR;Jahr;2021;DINSGF;Früheres Bundesgebiet / Neue Länder;DF;Früheres Bundesgebiet;WZ08C7;WZ2008 (ausgewählte Positionen): Tarifindex;WZ08-B-09;Produzierendes Gewerbe und wirtschaftl. Dienstl.;100,0;2020=100;VST018;Index der tariflichen Wochenarbeitszeit
62221;Vj. Index der Tarifverdienste und Arbeitszeiten;JAHR;Jahr;2021;DINSGF;Früheres Bundesgebiet / Neue Länder;DF;Früheres Bundesgebiet;WZ08C7;WZ2008 (ausgewählte Positionen): Tarifindex;WZ08-B-09;Produzierendes Gewerbe und wirtschaftl. Dienstl.;101,1;2020=100;VST065;Index d.tarifl. Stundenverdienste ohne Sonderzahl.
62221;Vj. Index der Tarifverdienste und Arbeitszeiten;JAHR;Jahr;2016;DINSGF;Früheres Bundesgebiet / Neue Länder;DN;Neue Länder;WZ08C7;WZ2008 (ausgewählte Positionen): Tarifindex;WZ08-91;Bibliotheken, Archive, Museen, bot. u. zoo. Gärten;89,3;2020=100;VST072;Index d.tarifl. Stundenverdienste mit Sonderzahl.
62221;Vj. Index der Tarifverdienste und Arbeitszeiten;JAHR;Jahr;2016;DINSGF;Früheres Bundesgebiet / Neue Länder;DN;Neue Länder;WZ08C7;WZ2008 (ausgewählte Positionen): Tarifindex;WZ08-91;Bibliotheken, Archive, Museen, bot. u. zoo. Gärten;89,3;2020=100;VST073;Index d.tarifl. Monatsverdienste mit Sonderzahl.
62221;Vj. Index der Tarifverdienste und Arbeitszeiten;JAHR;Jahr;2016;DINSGF;Früheres Bundesgebiet / Neue Länder;DN;Neue Länder;WZ08C7;WZ2008 (ausgewählte Positionen): Tarifindex;WZ08-91;Bibliotheken, Archive, Museen, bot. u. zoo. Gärten;39,1;h;VST019;Durchschnittliche tarifliche Wochenarbeitszeit
62221;Vj. Index der Tarifverdienste und Arbeitszeiten;JAHR;Jahr;2016;DINSGF;Früheres Bundesgebiet / Neue Länder;DN;Neue Länder;WZ08C7;WZ2008 (ausgewählte Positionen): Tarifindex;WZ08-91;Bibliotheken, Archive, Museen, bot. u. zoo. Gärten;88,9;2020=100;VST066;Index d.tarifl. Monatsverdienste ohne Sonderzahl.
62221;Vj. Index der Tarifverdienste und Arbeitszeiten;JAHR;Jahr;2016;DINSGF;Früheres Bundesgebiet / Neue Länder;DN;Neue Länder;WZ08C7;WZ2008 (ausgewählte Positionen): Tarifindex;WZ08-91;Bibliotheken, Archive, Museen, bot. u. zoo. Gärten;100,0;2020=100;VST018;Index der tariflichen Wochenarbeitszeit
62221;Vj. Index der Tarifverdienste und Arbeitszeiten;JAHR;Jahr;2016;DINSGF;Früheres Bundesgebiet / Neue Länder;DN;Neue Länder;WZ08C7;WZ2008 (ausgewählte Positionen): Tarifindex;WZ08-91;Bibliotheken, Archive, Museen, bot. u. zoo. Gärten;88,9;2020=100;VST065;Index d.tarifl. Stundenverdienste ohne Sonderzahl.
62221;Vj. Index der Tarifverdienste und Arbeitszeiten;JAHR;Jahr;2019;DINSGF;Früheres Bundesgebiet / Neue Länder;DN;Neue Länder;WZ08C7;WZ2008 (ausgewählte Positionen): Tarifindex;WZ08-37;Abwasserentsorgung;97,5;2020=100;VST072;Index d.tarifl. Stundenverdienste mit Sonderzahl.
62221;Vj. Index der Tarifverdienste und Arbeitszeiten;JAHR;Jahr;2019;DINSGF;Früheres Bundesgebiet / Neue Länder;DN;Neue Länder;WZ08C7;WZ2008 (ausgewählte Positionen): Tarifindex;WZ08-37;Abwasserentsorgung;97,5;2020=100;VST073;Index d.tarifl. Monatsverdienste mit Sonderzahl.
62221;Vj. Index der Tarifverdienste und Arbeitszeiten;JAHR;Jahr;2019;DINSGF;Früheres Bundesgebiet / Neue Länder;DN;Neue Länder;WZ08C7;WZ2008 (ausgewählte Positionen): Tarifindex;WZ08-37;Abwasserentsorgung;39,0;h;VST019;Durchschnittliche tarifliche Wochenarbeitszeit
62221;Vj. Index der Tarifverdienste und Arbeitszeiten;JAHR;Jahr;2019;DINSGF;Früheres Bundesgebiet / Neue Länder;DN;Neue Länder;WZ08C7;WZ2008 (ausgewählte Positionen): Tarifindex;WZ08-37;Abwasserentsorgung;98,4;2020=100;VST066;Index d.tarifl. Monatsverdienste ohne Sonderzahl.
62221;Vj. Index der Tarifverdienste und Arbeitszeiten;JAHR;Jahr;2019;DINSGF;Früheres Bundesgebiet / Neue Länder;DN;Neue Länder;WZ08C7;WZ2008 (ausgewählte Positionen): Tarifindex;WZ08-37;Abwasserentsorgung;100,0;2020=100;VST018;Index der tariflichen Wochenarbeitszeit
62221;Vj. Index der Tarifverdienste und Arbeitszeiten;JAHR;Jahr;2019;DINSGF;Früheres Bundesgebiet / Neue Länder;DN;Neue Länder;WZ08C7;WZ2008 (ausgewählte Positionen): Tarifindex;WZ08-37;Abwasserentsorgung;98,4;2020=100;VST065;Index d.tarifl. Stundenverdienste ohne Sonderzahl.
62221;Vj. Index der Tarifverdienste und Arbeitszeiten;JAHR;Jahr;2019;DINSGF;Früheres Bundesgebiet / Neue Länder;DN;Neue Länder;WZ08C7;WZ2008 (ausgewählte Positionen): Tarifindex;WZ08-22;Herstellung von Gummi- und Kunststoffwaren;96,3;2020=100;VST072;Index d.tarifl. Stundenverdienste mit Sonderzahl.
62221;Vj. Index der Tarifverdienste und Arbeitszeiten;JAHR;Jahr;2019;DINSGF;Früheres Bundesgebiet / Neue Länder;DN;Neue Länder;WZ08C7;WZ2008 (ausgewählte Positionen): Tarifindex;WZ08-22;Herstellung von Gummi- und Kunststoffwaren;96,2;2020=100;VST073;Index d.tarifl. Monatsverdienste mit Sonderzahl.
62221;Vj. Index der Tarifverdienste und Arbeitszeiten;JAHR;Jahr;2019;DINSGF;Früheres Bundesgebiet / Neue Länder;DN;Neue Länder;WZ08C7;WZ2008 (ausgewählte Positionen): Tarifindex;WZ08-22;Herstellung von Gummi- und Kunststoffwaren;39,4;h;VST019;Durchschnittliche tarifliche Wochenarbeitszeit
62221;Vj. Index der Tarifverdienste und Arbeitszeiten;JAHR;Jahr;2019;DINSGF;Früheres Bundesgebiet / Neue Länder;DN;Neue Länder;WZ08C7;WZ2008 (ausgewählte Positionen): Tarifindex;WZ08-22;Herstellung von Gummi- und Kunststoffwaren;97,2;2020=100;VST066;Index d.tarifl. Monatsverdienste ohne Sonderzahl.
62221;Vj. Index der Tarifverdienste und Arbeitszeiten;JAHR;Jahr;2019;DINSGF;Früheres Bundesgebiet / Neue Länder;DN;Neue Länder;WZ08C7;WZ2008 (ausgewählte Positionen): Tarifindex;WZ08-22;Herstellung von Gummi- und Kunststoffwaren;100,0;2020=100;VST018;Index der tariflichen Wochenarbeitszeit
62221;Vj. Index der Tarifverdienste und Arbeitszeiten;JAHR;Jahr;2019;DINSGF;Früheres Bundesgebiet / Neue Länder;DN;Neue Länder;WZ08C7;WZ2008 (ausgewählte Positionen): Tarifindex;WZ08-22;Herstellung von Gummi- und Kunststoffwaren;97,1;2020=100;VST065;Index d.tarifl. Stundenverdienste ohne Sonderzahl.
62221;Vj. Index der Tarifverdienste und Arbeitszeiten;JAHR;Jahr;2022;DINSGF;Früheres Bundesgebiet / Neue Länder;DN;Neue Länder;WZ08C7;WZ2008 (ausgewählte Positionen): Tarifindex;WZ08-O;Öff. Verwaltung, Verteidigung, Sozialversicherung;102,9;2020=100;VST072;Index d.tarifl. Stundenverdienste mit Sonderzahl.
62221;Vj. Index der Tarifverdienste und Arbeitszeiten;JAHR;Jahr;2022;DINSGF;Früheres Bundesgebiet / Neue Länder;DN;Neue Länder;WZ08C7;WZ2008 (ausgewählte Positionen): Tarifindex;WZ08-O;Öff. Verwaltung, Verteidigung, Sozialversicherung;102,9;2020=100;VST073;Index d.tarifl. Monatsverdienste mit Sonderzahl.
62221;Vj. Index der Tarifverdienste und Arbeitszeiten;JAHR;Jahr;2022;DINSGF;Früheres Bundesgebiet / Neue Länder;DN;Neue Länder;WZ08C7;WZ2008 (ausgewählte Positionen): Tarifindex;WZ08-O;Öff. Verwaltung, Verteidigung, Sozialversicherung;39,8;h;VST019;Durchschnittliche tarifliche Wochenarbeitszeit
62221;Vj. Index der Tarifverdienste und Arbeitszeiten;JAHR;Jahr;2022;DINSGF;Früheres Bundesgebiet / Neue Länder;DN;Neue Länder;WZ08C7;WZ2008 (ausgewählte Positionen): Tarifindex;WZ08-O;Öff. Verwaltung, Verteidigung, Sozialversicherung;102,3;2020=100;VST066;Index d.tarifl. Monatsverdienste ohne Sonderzahl.
62221;Vj. Index der Tarifverdienste und Arbeitszeiten;JAHR;Jahr;2022;DINSGF;Früheres Bundesgebiet / Neue Länder;DN;Neue Länder;WZ08C7;WZ2008 (ausgewählte Positionen): Tarifindex;WZ08-O;Öff. Verwaltung, Verteidigung, Sozialversicherung;100,0;2020=100;VST018;Index der tariflichen Wochenarbeitszeit
62221;Vj. Index der Tarifverdienste und Arbeitszeiten;JAHR;Jahr;2022;DINSGF;Früheres Bundesgebiet / Neue Länder;DN;Neue Länder;WZ08C7;WZ2008 (ausgewählte Positionen): Tarifindex;WZ08-O;Öff. Verwaltung, Verteidigung, Sozialversicherung;102,3;2020=100;VST065;Index d.tarifl. Stundenverdienste ohne Sonderzahl.
62221;Vj. Index der Tarifverdienste und Arbeitszeiten;JAHR;Jahr;2017;DINSGF;Früheres Bundesgebiet / Neue Länder;DF;Früheres Bundesgebiet;WZ08C7;WZ2008 (ausgewählte Positionen): Tarifindex;WZ08-20-01;Chemische Industrie;92,8;2020=100;VST072;Index d.tarifl. Stundenverdienste mit Sonderzahl.
62221;Vj. Index der Tarifverdienste und Arbeitszeiten;JAHR;Jahr;2017;DINSGF;Früheres Bundesgebiet / Neue Länder;DF;Früheres Bundesgebiet;WZ08C7;WZ2008 (ausgewählte Positionen): Tarifindex;WZ08-20-01;Chemische Industrie;92,8;2020=100;VST073;Index d.tarifl. Monatsverdienste mit Sonderzahl.
62221;Vj. Index der Tarifverdienste und Arbeitszeiten;JAHR;Jahr;2017;DINSGF;Früheres Bundesgebiet / Neue Länder;DF;Früheres Bundesgebiet;WZ08C7;WZ2008 (ausgewählte Positionen): Tarifindex;WZ08-20-01;Chemische Industrie;37,5;h;VST019;Durchschnittliche tarifliche Wochenarbeitszeit
62221;Vj. Index der Tarifverdienste und Arbeitszeiten;JAHR;Jahr;2017;DINSGF;Früheres Bundesgebiet / Neue Länder;DF;Früheres Bundesgebiet;WZ08C7;WZ2008 (ausgewählte Positionen): Tarifindex;WZ08-20-01;Chemische Industrie;94,4;2020=100;VST066;Index d.tarifl. Monatsverdienste ohne Sonderzahl.
62221;Vj. Index der Tarifverdienste und Arbeitszeiten;JAHR;Jahr;2017;DINSGF;Früheres Bundesgebiet / Neue Länder;DF;Früheres Bundesgebiet;WZ08C7;WZ2008 (ausgewählte Positionen): Tarifindex;WZ08-20-01;Chemische Industrie;100,0;2020=100;VST018;Index der tariflichen Wochenarbeitszeit
62221;Vj. Index der Tarifverdienste und Arbeitszeiten;JAHR;Jahr;2017;DINSGF;Früheres Bundesgebiet / Neue Länder;DF;Früheres Bundesgebiet;WZ08C7;WZ2008 (ausgewählte Positionen): Tarifindex;WZ08-20-01;Chemische Industrie;94,4;2020=100;VST065;Index d.tarifl. Stundenverdienste ohne Sonderzahl.
62221;Vj. Index der Tarifverdienste und Arbeitszeiten;JAHR;Jahr;2022;DINSGF;Früheres Bundesgebiet / Neue Länder;DN;Neue Länder;WZ08C7;WZ2008 (ausgewählte Positionen): Tarifindex;WZ08-F;Baugewerbe;106,7;2020=100;VST072;Index d.tarifl. Stundenverdienste mit Sonderzahl.
62221;Vj. Index der Tarifverdienste und Arbeitszeiten;JAHR;Jahr;2022;DINSGF;Früheres Bundesgebiet / Neue Länder;DN;Neue Länder;WZ08C7;WZ2008 (ausgewählte Positionen): Tarifindex;WZ08-F;Baugewerbe;106,7;2020=100;VST073;Index d.tarifl. Monatsverdienste mit Sonderzahl.
62221;Vj. Index der Tarifverdienste und Arbeitszeiten;JAHR;Jahr;2022;DINSGF;Früheres Bundesgebiet / Neue Länder;DN;Neue Länder;WZ08C7;WZ2008 (ausgewählte Positionen): Tarifindex;WZ08-F;Baugewerbe;39,7;h;VST019;Durchschnittliche tarifliche Wochenarbeitszeit
62221;Vj. Index der Tarifverdienste und Arbeitszeiten;JAHR;Jahr;2022;DINSGF;Früheres Bundesgebiet / Neue Länder;DN;Neue Länder;WZ08C7;WZ2008 (ausgewählte Positionen): Tarifindex;WZ08-F;Baugewerbe;106,1;2020=100;VST066;Index d.tarifl. Monatsverdienste ohne Sonderzahl.
62221;Vj. Index der Tarifverdienste und Arbeitszeiten;JAHR;Jahr;2022;DINSGF;Früheres Bundesgebiet / Neue Länder;DN;Neue Länder;WZ08C7;WZ2008 (ausgewählte Positionen): Tarifindex;WZ08-F;Baugewerbe;100,0;2020=100;VST018;Index der tariflichen Wochenarbeitszeit
62221;Vj. Index der Tarifverdienste und Arbeitszeiten;JAHR;Jahr;2022;DINSGF;Früheres Bundesgebiet / Neue Länder;DN;Neue Länder;WZ08C7;WZ2008 (ausgewählte Positionen): Tarifindex;WZ08-F;Baugewerbe;106,1;2020=100;VST065;Index d.tarifl. Stundenverdienste ohne Sonderzahl.
62221;Vj. Index der Tarifverdienste und Arbeitszeiten;JAHR;Jahr;2022;DINSGF;Früheres Bundesgebiet / Neue Länder;DF;Früheres Bundesgebiet;WZ08C7;WZ2008 (ausgewählte Positionen): Tarifindex;WZ08-95;Reparatur von DV-Geräten und Gebrauchsgütern;103,3;2020=100;VST072;Index d.tarifl. Stundenverdienste mit Sonderzahl.
62221;Vj. Index der Tarifverdienste und Arbeitszeiten;JAHR;Jahr;2022;DINSGF;Früheres Bundesgebiet / Neue Länder;DF;Früheres Bundesgebiet;WZ08C7;WZ2008 (ausgewählte Positionen): Tarifindex;WZ08-95;Reparatur von DV-Geräten und Gebrauchsgütern;103,3;2020=100;VST073;Index d.tarifl. Monatsverdienste mit Sonderzahl.
62221;Vj. Index der Tarifverdienste und Arbeitszeiten;JAHR;Jahr;2022;DINSGF;Früheres Bundesgebiet / Neue Länder;DF;Früheres Bundesgebiet;WZ08C7;WZ2008 (ausgewählte Positionen): Tarifindex;WZ08-95;Reparatur von DV-Geräten und Gebrauchsgütern;36,6;h;VST019;Durchschnittliche tarifliche Wochenarbeitszeit
62221;Vj. Index der Tarifverdienste und Arbeitszeiten;JAHR;Jahr;2022;DINSGF;Früheres Bundesgebiet / Neue Länder;DF;Früheres Bundesgebiet;WZ08C7;WZ2008 (ausgewählte Positionen): Tarifindex;WZ08-95;Reparatur von DV-Geräten und Gebrauchsgütern;101,8;2020=100;VST066;Index d.tarifl. Monatsverdienste ohne Sonderzahl.
62221;Vj. Index der Tarifverdienste und Arbeitszeiten;JAHR;Jahr;2022;DINSGF;Früheres Bundesgebiet / Neue Länder;DF;Früheres Bundesgebiet;WZ08C7;WZ2008 (ausgewählte Positionen): Tarifindex;WZ08-95;Reparatur von DV-Geräten und Gebrauchsgütern;100,0;2020=100;VST018;Index der tariflichen Wochenarbeitszeit
62221;Vj. Index der Tarifverdienste und Arbeitszeiten;JAHR;Jahr;2022;DINSGF;Früheres Bundesgebiet / Neue Länder;DF;Früheres Bundesgebiet;WZ08C7;WZ2008 (ausgewählte Positionen): Tarifindex;WZ08-95;Reparatur von DV-Geräten und Gebrauchsgütern;101,8;2020=100;VST065;Index d.tarifl. Stundenverdienste ohne Sonderzahl.
62221;Vj. Index der Tarifverdienste und Arbeitszeiten;JAHR;Jahr;2022;DINSGF;Früheres Bundesgebiet / Neue Länder;DF;Früheres Bundesgebiet;WZ08C7;WZ2008 (ausgewählte Positionen): Tarifindex;WZ08-92;Spiel-, Wett- und Lotteriewesen;102,8;2020=100;VST072;Index d.tarifl. Stundenverdienste mit Sonderzahl.
62221;Vj. Index der Tarifverdienste und Arbeitszeiten;JAHR;Jahr;2022;DINSGF;Früheres Bundesgebiet / Neue Länder;DF;Früheres Bundesgebiet;WZ08C7;WZ2008 (ausgewählte Positionen): Tarifindex;WZ08-92;Spiel-, Wett- und Lotteriewesen;102,8;2020=100;VST073;Index d.tarifl. Monatsverdienste mit Sonderzahl.
62221;Vj. Index der Tarifverdienste und Arbeitszeiten;JAHR;Jahr;2022;DINSGF;Früheres Bundesgebiet / Neue Länder;DF;Früheres Bundesgebiet;WZ08C7;WZ2008 (ausgewählte Positionen): Tarifindex;WZ08-92;Spiel-, Wett- und Lotteriewesen;38,3;h;VST019;Durchschnittliche tarifliche Wochenarbeitszeit
62221;Vj. Index der Tarifverdienste und Arbeitszeiten;JAHR;Jahr;2022;DINSGF;Früheres Bundesgebiet / Neue Länder;DF;Früheres Bundesgebiet;WZ08C7;WZ2008 (ausgewählte Positionen): Tarifindex;WZ08-92;Spiel-, Wett- und Lotteriewesen;102,2;2020=100;VST066;Index d.tarifl. Monatsverdienste ohne Sonderzahl.
62221;Vj. Index der Tarifverdienste und Arbeitszeiten;JAHR;Jahr;2022;DINSGF;Früheres Bundesgebiet / Neue Länder;DF;Früheres Bundesgebiet;WZ08C7;WZ2008 (ausgewählte Positionen): Tarifindex;WZ08-92;Spiel-, Wett- und Lotteriewesen;100,0;2020=100;VST018;Index der tariflichen Wochenarbeitszeit
62221;Vj. Index der Tarifverdienste und Arbeitszeiten;JAHR;Jahr;2022;DINSGF;Früheres Bundesgebiet / Neue Länder;DF;Früheres Bundesgebiet;WZ08C7;WZ2008 (ausgewählte Positionen): Tarifindex;WZ08-92;Spiel-, Wett- und Lotteriewesen;102,2;2020=100;VST065;Index d.tarifl. Stundenverdienste ohne Sonderzahl.
62221;Vj. Index der Tarifverdienste und Arbeitszeiten;JAHR;Jahr;2022;DINSGF;Früheres Bundesgebiet / Neue Länder;DN;Neue Länder;WZ08C7;WZ2008 (ausgewählte Positionen): Tarifindex;WZ08-62;Dienstleistungen der Informationstechnologie;102,0;2020=100;VST072;Index d.tarifl. Stundenverdienste mit Sonderzahl.
62221;Vj. Index der Tarifverdienste und Arbeitszeiten;JAHR;Jahr;2022;DINSGF;Früheres Bundesgebiet / Neue Länder;DN;Neue Länder;WZ08C7;WZ2008 (ausgewählte Positionen): Tarifindex;WZ08-62;Dienstleistungen der Informationstechnologie;102,0;2020=100;VST073;Index d.tarifl. Monatsverdienste mit Sonderzahl.
62221;Vj. Index der Tarifverdienste und Arbeitszeiten;JAHR;Jahr;2022;DINSGF;Früheres Bundesgebiet / Neue Länder;DN;Neue Länder;WZ08C7;WZ2008 (ausgewählte Positionen): Tarifindex;WZ08-62;Dienstleistungen der Informationstechnologie;38,1;h;VST019;Durchschnittliche tarifliche Wochenarbeitszeit
62221;Vj. Index der Tarifverdienste und Arbeitszeiten;JAHR;Jahr;2022;DINSGF;Früheres Bundesgebiet / Neue Länder;DN;Neue Länder;WZ08C7;WZ2008 (ausgewählte Positionen): Tarifindex;WZ08-62;Dienstleistungen der Informationstechnologie;101,7;2020=100;VST066;Index d.tarifl. Monatsverdienste ohne Sonderzahl.
62221;Vj. Index der Tarifverdienste und Arbeitszeiten;JAHR;Jahr;2022;DINSGF;Früheres Bundesgebiet / Neue Länder;DN;Neue Länder;WZ08C7;WZ2008 (ausgewählte Positionen): Tarifindex;WZ08-62;Dienstleistungen der Informationstechnologie;100,0;2020=100;VST018;Index der tariflichen Wochenarbeitszeit
62221;Vj. Index der Tarifverdienste und Arbeitszeiten;JAHR;Jahr;2022;DINSGF;Früheres Bundesgebiet / Neue Länder;DN;Neue Länder;WZ08C7;WZ2008 (ausgewählte Positionen): Tarifindex;WZ08-62;Dienstleistungen der Informationstechnologie;101,7;2020=100;VST065;Index d.tarifl. Stundenverdienste ohne Sonderzahl.
62221;Vj. Index der Tarifverdienste und Arbeitszeiten;JAHR;Jahr;2018;DINSGF;Früheres Bundesgebiet / Neue Länder;DF;Früheres Bundesgebiet;WZ08C7;WZ2008 (ausgewählte Positionen): Tarifindex;WZ08-P;Erziehung und Unterricht;93,7;2020=100;VST072;Index d.tarifl. Stundenverdienste mit Sonderzahl.
62221;Vj. Index der Tarifverdienste und Arbeitszeiten;JAHR;Jahr;2018;DINSGF;Früheres Bundesgebiet / Neue Länder;DF;Früheres Bundesgebiet;WZ08C7;WZ2008 (ausgewählte Positionen): Tarifindex;WZ08-P;Erziehung und Unterricht;93,8;2020=100;VST073;Index d.tarifl. Monatsverdienste mit Sonderzahl.
62221;Vj. Index der Tarifverdienste und Arbeitszeiten;JAHR;Jahr;2018;DINSGF;Früheres Bundesgebiet / Neue Länder;DF;Früheres Bundesgebiet;WZ08C7;WZ2008 (ausgewählte Positionen): Tarifindex;WZ08-P;Erziehung und Unterricht;40,1;h;VST019;Durchschnittliche tarifliche Wochenarbeitszeit
62221;Vj. Index der Tarifverdienste und Arbeitszeiten;JAHR;Jahr;2018;DINSGF;Früheres Bundesgebiet / Neue Länder;DF;Früheres Bundesgebiet;WZ08C7;WZ2008 (ausgewählte Positionen): Tarifindex;WZ08-P;Erziehung und Unterricht;93,5;2020=100;VST066;Index d.tarifl. Monatsverdienste ohne Sonderzahl.
62221;Vj. Index der Tarifverdienste und Arbeitszeiten;JAHR;Jahr;2018;DINSGF;Früheres Bundesgebiet / Neue Länder;DF;Früheres Bundesgebiet;WZ08C7;WZ2008 (ausgewählte Positionen): Tarifindex;WZ08-P;Erziehung und Unterricht;100,0;2020=100;VST018;Index der tariflichen Wochenarbeitszeit
62221;Vj. Index der Tarifverdienste und Arbeitszeiten;JAHR;Jahr;2018;DINSGF;Früheres Bundesgebiet / Neue Länder;DF;Früheres Bundesgebiet;WZ08C7;WZ2008 (ausgewählte Positionen): Tarifindex;WZ08-P;Erziehung und Unterricht;93,5;2020=100;VST065;Index d.tarifl. Stundenverdienste ohne Sonderzahl.
62221;Vj. Index der Tarifverdienste und Arbeitszeiten;JAHR;Jahr;2018;DINSGF;Früheres Bundesgebiet / Neue Länder;DF;Früheres Bundesgebiet;WZ08C7;WZ2008 (ausgewählte Positionen): Tarifindex;WZ08-M;Freiberufliche, wiss. u. techn. Dienstleistungen;95,6;2020=100;VST072;Index d.tarifl. Stundenverdienste mit Sonderzahl.
62221;Vj. Index der Tarifverdienste und Arbeitszeiten;JAHR;Jahr;2018;DINSGF;Früheres Bundesgebiet / Neue Länder;DF;Früheres Bundesgebiet;WZ08C7;WZ2008 (ausgewählte Positionen): Tarifindex;WZ08-M;Freiberufliche, wiss. u. techn. Dienstleistungen;95,6;2020=100;VST073;Index d.tarifl. Monatsverdienste mit Sonderzahl.
62221;Vj. Index der Tarifverdienste und Arbeitszeiten;JAHR;Jahr;2018;DINSGF;Früheres Bundesgebiet / Neue Länder;DF;Früheres Bundesgebiet;WZ08C7;WZ2008 (ausgewählte Positionen): Tarifindex;WZ08-M;Freiberufliche, wiss. u. techn. Dienstleistungen;37,7;h;VST019;Durchschnittliche tarifliche Wochenarbeitszeit
62221;Vj. Index der Tarifverdienste und Arbeitszeiten;JAHR;Jahr;2018;DINSGF;Früheres Bundesgebiet / Neue Länder;DF;Früheres Bundesgebiet;WZ08C7;WZ2008 (ausgewählte Positionen): Tarifindex;WZ08-M;Freiberufliche, wiss. u. techn. Dienstleistungen;95,8;2020=100;VST066;Index d.tarifl. Monatsverdienste ohne Sonderzahl.
62221;Vj. Index der Tarifverdienste und Arbeitszeiten;JAHR;Jahr;2018;DINSGF;Früheres Bundesgebiet / Neue Länder;DF;Früheres Bundesgebiet;WZ08C7;WZ2008 (ausgewählte Positionen): Tarifindex;WZ08-M;Freiberufliche, wiss. u. techn. Dienstleistungen;100,1;2020=100;VST018;Index der tariflichen Wochenarbeitszeit
62221;Vj. Index der Tarifverdienste und Arbeitszeiten;JAHR;Jahr;2018;DINSGF;Früheres Bundesgebiet / Neue Länder;DF;Früheres Bundesgebiet;WZ08C7;WZ2008 (ausgewählte Positionen): Tarifindex;WZ08-M;Freiberufliche, wiss. u. techn. Dienstleistungen;95,7;2020=100;VST065;Index d.tarifl. Stundenverdienste ohne Sonderzahl.
62221;Vj. Index der Tarifverdienste und Arbeitszeiten;JAHR;Jahr;2017;DINSGF;Früheres Bundesgebiet / Neue Länder;DN;Neue Länder;WZ08C7;WZ2008 (ausgewählte Positionen): Tarifindex;WZ08-29-01;Fahrzeugbau;92,8;2020=100;VST072;Index d.tarifl. Stundenverdienste mit Sonderzahl.
62221;Vj. Index der Tarifverdienste und Arbeitszeiten;JAHR;Jahr;2017;DINSGF;Früheres Bundesgebiet / Neue Länder;DN;Neue Länder;WZ08C7;WZ2008 (ausgewählte Positionen): Tarifindex;WZ08-29-01;Fahrzeugbau;92,9;2020=100;VST073;Index d.tarifl. Monatsverdienste mit Sonderzahl.
62221;Vj. Index der Tarifverdienste und Arbeitszeiten;JAHR;Jahr;2017;DINSGF;Früheres Bundesgebiet / Neue Länder;DN;Neue Länder;WZ08C7;WZ2008 (ausgewählte Positionen): Tarifindex;WZ08-29-01;Fahrzeugbau;37,7;h;VST019;Durchschnittliche tarifliche Wochenarbeitszeit
62221;Vj. Index der Tarifverdienste und Arbeitszeiten;JAHR;Jahr;2017;DINSGF;Früheres Bundesgebiet / Neue Länder;DN;Neue Länder;WZ08C7;WZ2008 (ausgewählte Positionen): Tarifindex;WZ08-29-01;Fahrzeugbau;95,2;2020=100;VST066;Index d.tarifl. Monatsverdienste ohne Sonderzahl.
62221;Vj. Index der Tarifverdienste und Arbeitszeiten;JAHR;Jahr;2017;DINSGF;Früheres Bundesgebiet / Neue Länder;DN;Neue Länder;WZ08C7;WZ2008 (ausgewählte Positionen): Tarifindex;WZ08-29-01;Fahrzeugbau;100,1;2020=100;VST018;Index der tariflichen Wochenarbeitszeit
62221;Vj. Index der Tarifverdienste und Arbeitszeiten;JAHR;Jahr;2017;DINSGF;Früheres Bundesgebiet / Neue Länder;DN;Neue Länder;WZ08C7;WZ2008 (ausgewählte Positionen): Tarifindex;WZ08-29-01;Fahrzeugbau;95,1;2020=100;VST065;Index d.tarifl. Stundenverdienste ohne Sonderzahl.
62221;Vj. Index der Tarifverdienste und Arbeitszeiten;JAHR;Jahr;2022;DINSGF;Früheres Bundesgebiet / Neue Länder;DN;Neue Länder;WZ08C7;WZ2008 (ausgewählte Positionen): Tarifindex;WZ08-65;Versicherungen, Rückversicherungen, Pensionskassen;104,5;2020=100;VST072;Index d.tarifl. Stundenverdienste mit Sonderzahl.
62221;Vj. Index der Tarifverdienste und Arbeitszeiten;JAHR;Jahr;2022;DINSGF;Früheres Bundesgebiet / Neue Länder;DN;Neue Länder;WZ08C7;WZ2008 (ausgewählte Positionen): Tarifindex;WZ08-65;Versicherungen, Rückversicherungen, Pensionskassen;104,5;2020=100;VST073;Index d.tarifl. Monatsverdienste mit Sonderzahl.
62221;Vj. Index der Tarifverdienste und Arbeitszeiten;JAHR;Jahr;2022;DINSGF;Früheres Bundesgebiet / Neue Länder;DN;Neue Länder;WZ08C7;WZ2008 (ausgewählte Positionen): Tarifindex;WZ08-65;Versicherungen, Rückversicherungen, Pensionskassen;38,4;h;VST019;Durchschnittliche tarifliche Wochenarbeitszeit
62221;Vj. Index der Tarifverdienste und Arbeitszeiten;JAHR;Jahr;2022;DINSGF;Früheres Bundesgebiet / Neue Länder;DN;Neue Länder;WZ08C7;WZ2008 (ausgewählte Positionen): Tarifindex;WZ08-65;Versicherungen, Rückversicherungen, Pensionskassen;103,7;2020=100;VST066;Index d.tarifl. Monatsverdienste ohne Sonderzahl.
62221;Vj. Index der Tarifverdienste und Arbeitszeiten;JAHR;Jahr;2022;DINSGF;Früheres Bundesgebiet / Neue Länder;DN;Neue Länder;WZ08C7;WZ2008 (ausgewählte Positionen): Tarifindex;WZ08-65;Versicherungen, Rückversicherungen, Pensionskassen;100,0;2020=100;VST018;Index der tariflichen Wochenarbeitszeit
62221;Vj. Index der Tarifverdienste und Arbeitszeiten;JAHR;Jahr;2022;DINSGF;Früheres Bundesgebiet / Neue Länder;DN;Neue Länder;WZ08C7;WZ2008 (ausgewählte Positionen): Tarifindex;WZ08-65;Versicherungen, Rückversicherungen, Pensionskassen;103,7;2020=100;VST065;Index d.tarifl. Stundenverdienste ohne Sonderzahl.
62221;Vj. Index der Tarifverdienste und Arbeitszeiten;JAHR;Jahr;2021;DINSGF;Früheres Bundesgebiet / Neue Länder;DF;Früheres Bundesgebiet;WZ08C7;WZ2008 (ausgewählte Positionen): Tarifindex;WZ08-41-01;Hoch- und Tiefbau;102,2;2020=100;VST072;Index d.tarifl. Stundenverdienste mit Sonderzahl.
62221;Vj. Index der Tarifverdienste und Arbeitszeiten;JAHR;Jahr;2021;DINSGF;Früheres Bundesgebiet / Neue Länder;DF;Früheres Bundesgebiet;WZ08C7;WZ2008 (ausgewählte Positionen): Tarifindex;WZ08-41-01;Hoch- und Tiefbau;102,2;2020=100;VST073;Index d.tarifl. Monatsverdienste mit Sonderzahl.
62221;Vj. Index der Tarifverdienste und Arbeitszeiten;JAHR;Jahr;2021;DINSGF;Früheres Bundesgebiet / Neue Länder;DF;Früheres Bundesgebiet;WZ08C7;WZ2008 (ausgewählte Positionen): Tarifindex;WZ08-41-01;Hoch- und Tiefbau;39,9;h;VST019;Durchschnittliche tarifliche Wochenarbeitszeit
62221;Vj. Index der Tarifverdienste und Arbeitszeiten;JAHR;Jahr;2021;DINSGF;Früheres Bundesgebiet / Neue Länder;DF;Früheres Bundesgebiet;WZ08C7;WZ2008 (ausgewählte Positionen): Tarifindex;WZ08-41-01;Hoch- und Tiefbau;102,6;2020=100;VST066;Index d.tarifl. Monatsverdienste ohne Sonderzahl.
62221;Vj. Index der Tarifverdienste und Arbeitszeiten;JAHR;Jahr;2021;DINSGF;Früheres Bundesgebiet / Neue Länder;DF;Früheres Bundesgebiet;WZ08C7;WZ2008 (ausgewählte Positionen): Tarifindex;WZ08-41-01;Hoch- und Tiefbau;100,0;2020=100;VST018;Index der tariflichen Wochenarbeitszeit
62221;Vj. Index der Tarifverdienste und Arbeitszeiten;JAHR;Jahr;2021;DINSGF;Früheres Bundesgebiet / Neue Länder;DF;Früheres Bundesgebiet;WZ08C7;WZ2008 (ausgewählte Positionen): Tarifindex;WZ08-41-01;Hoch- und Tiefbau;102,6;2020=100;VST065;Index d.tarifl. Stundenverdienste ohne Sonderzahl.
62221;Vj. Index der Tarifverdienste und Arbeitszeiten;JAHR;Jahr;2017;DINSGF;Früheres Bundesgebiet / Neue Länder;DN;Neue Länder;WZ08C7;WZ2008 (ausgewählte Positionen): Tarifindex;WZ08-B-08;Produzierendes Gewerbe und Dienstleistungsbereich;91,6;2020=100;VST072;Index d.tarifl. Stundenverdienste mit Sonderzahl.
62221;Vj. Index der Tarifverdienste und Arbeitszeiten;JAHR;Jahr;2017;DINSGF;Früheres Bundesgebiet / Neue Länder;DN;Neue Länder;WZ08C7;WZ2008 (ausgewählte Positionen): Tarifindex;WZ08-B-08;Produzierendes Gewerbe und Dienstleistungsbereich;91,7;2020=100;VST073;Index d.tarifl. Monatsverdienste mit Sonderzahl.
62221;Vj. Index der Tarifverdienste und Arbeitszeiten;JAHR;Jahr;2017;DINSGF;Früheres Bundesgebiet / Neue Länder;DN;Neue Länder;WZ08C7;WZ2008 (ausgewählte Positionen): Tarifindex;WZ08-B-08;Produzierendes Gewerbe und Dienstleistungsbereich;39,0;h;VST019;Durchschnittliche tarifliche Wochenarbeitszeit
62221;Vj. Index der Tarifverdienste und Arbeitszeiten;JAHR;Jahr;2017;DINSGF;Früheres Bundesgebiet / Neue Länder;DN;Neue Länder;WZ08C7;WZ2008 (ausgewählte Positionen): Tarifindex;WZ08-B-08;Produzierendes Gewerbe und Dienstleistungsbereich;91,9;2020=100;VST066;Index d.tarifl. Monatsverdienste ohne Sonderzahl.
62221;Vj. Index der Tarifverdienste und Arbeitszeiten;JAHR;Jahr;2017;DINSGF;Früheres Bundesgebiet / Neue Länder;DN;Neue Länder;WZ08C7;WZ2008 (ausgewählte Positionen): Tarifindex;WZ08-B-08;Produzierendes Gewerbe und Dienstleistungsbereich;100,1;2020=100;VST018;Index der tariflichen Wochenarbeitszeit
62221;Vj. Index der Tarifverdienste und Arbeitszeiten;JAHR;Jahr;2017;DINSGF;Früheres Bundesgebiet / Neue Länder;DN;Neue Länder;WZ08C7;WZ2008 (ausgewählte Positionen): Tarifindex;WZ08-B-08;Produzierendes Gewerbe und Dienstleistungsbereich;91,8;2020=100;VST065;Index d.tarifl. Stundenverdienste ohne Sonderzahl.
62221;Vj. Index der Tarifverdienste und Arbeitszeiten;JAHR;Jahr;2025;DINSGF;Früheres Bundesgebiet / Neue Länder;DF;Früheres Bundesgebiet;WZ08C7;WZ2008 (ausgewählte Positionen): Tarifindex;WZ08-B-12;Prod. Gewerbe, Handel, Verkehr und Lagerei;115,1;2020=100;VST072;Index d.tarifl. Stundenverdienste mit Sonderzahl.
62221;Vj. Index der Tarifverdienste und Arbeitszeiten;JAHR;Jahr;2025;DINSGF;Früheres Bundesgebiet / Neue Länder;DF;Früheres Bundesgebiet;WZ08C7;WZ2008 (ausgewählte Positionen): Tarifindex;WZ08-B-12;Prod. Gewerbe, Handel, Verkehr und Lagerei;115,0;2020=100;VST073;Index d.tarifl. Monatsverdienste mit Sonderzahl.
62221;Vj. Index der Tarifverdienste und Arbeitszeiten;JAHR;Jahr;2025;DINSGF;Früheres Bundesgebiet / Neue Länder;DF;Früheres Bundesgebiet;WZ08C7;WZ2008 (ausgewählte Positionen): Tarifindex;WZ08-B-12;Prod. Gewerbe, Handel, Verkehr und Lagerei;37,1;h;VST019;Durchschnittliche tarifliche Wochenarbeitszeit
62221;Vj. Index der Tarifverdienste und Arbeitszeiten;JAHR;Jahr;2025;DINSGF;Früheres Bundesgebiet / Neue Länder;DF;Früheres Bundesgebiet;WZ08C7;WZ2008 (ausgewählte Positionen): Tarifindex;WZ08-B-12;Prod. Gewerbe, Handel, Verkehr und Lagerei;114,0;2020=100;VST066;Index d.tarifl. Monatsverdienste ohne Sonderzahl.
62221;Vj. Index der Tarifverdienste und Arbeitszeiten;JAHR;Jahr;2025;DINSGF;Früheres Bundesgebiet / Neue Länder;DF;Früheres Bundesgebiet;WZ08C7;WZ2008 (ausgewählte Positionen): Tarifindex;WZ08-B-12;Prod. Gewerbe, Handel, Verkehr und Lagerei;99,9;2020=100;VST018;Index der tariflichen Wochenarbeitszeit
62221;Vj. Index der Tarifverdienste und Arbeitszeiten;JAHR;Jahr;2025;DINSGF;Früheres Bundesgebiet / Neue Länder;DF;Früheres Bundesgebiet;WZ08C7;WZ2008 (ausgewählte Positionen): Tarifindex;WZ08-B-12;Prod. Gewerbe, Handel, Verkehr und Lagerei;114,1;2020=100;VST065;Index d.tarifl. Stundenverdienste ohne Sonderzahl.
62221;Vj. Index der Tarifverdienste und Arbeitszeiten;JAHR;Jahr;2022;DINSGF;Früheres Bundesgebiet / Neue Länder;DN;Neue Länder;WZ08C7;WZ2008 (ausgewählte Positionen): Tarifindex;WZ08-77;Vermietung von beweglichen Sachen;106,5;2020=100;VST072;Index d.tarifl. Stundenverdienste mit Sonderzahl.
62221;Vj. Index der Tarifverdienste und Arbeitszeiten;JAHR;Jahr;2022;DINSGF;Früheres Bundesgebiet / Neue Länder;DN;Neue Länder;WZ08C7;WZ2008 (ausgewählte Positionen): Tarifindex;WZ08-77;Vermietung von beweglichen Sachen;106,4;2020=100;VST073;Index d.tarifl. Monatsverdienste mit Sonderzahl.
62221;Vj. Index der Tarifverdienste und Arbeitszeiten;JAHR;Jahr;2022;DINSGF;Früheres Bundesgebiet / Neue Länder;DN;Neue Länder;WZ08C7;WZ2008 (ausgewählte Positionen): Tarifindex;WZ08-77;Vermietung von beweglichen Sachen;39,8;h;VST019;Durchschnittliche tarifliche Wochenarbeitszeit
62221;Vj. Index der Tarifverdienste und Arbeitszeiten;JAHR;Jahr;2022;DINSGF;Früheres Bundesgebiet / Neue Länder;DN;Neue Länder;WZ08C7;WZ2008 (ausgewählte Positionen): Tarifindex;WZ08-77;Vermietung von beweglichen Sachen;105,7;2020=100;VST066;Index d.tarifl. Monatsverdienste ohne Sonderzahl.
62221;Vj. Index der Tarifverdienste und Arbeitszeiten;JAHR;Jahr;2022;DINSGF;Früheres Bundesgebiet / Neue Länder;DN;Neue Länder;WZ08C7;WZ2008 (ausgewählte Positionen): Tarifindex;WZ08-77;Vermietung von beweglichen Sachen;99,9;2020=100;VST018;Index der tariflichen Wochenarbeitszeit
62221;Vj. Index der Tarifverdienste und Arbeitszeiten;JAHR;Jahr;2022;DINSGF;Früheres Bundesgebiet / Neue Länder;DN;Neue Länder;WZ08C7;WZ2008 (ausgewählte Positionen): Tarifindex;WZ08-77;Vermietung von beweglichen Sachen;105,8;2020=100;VST065;Index d.tarifl. Stundenverdienste ohne Sonderzahl.
62221;Vj. Index der Tarifverdienste und Arbeitszeiten;JAHR;Jahr;2016;DINSGF;Früheres Bundesgebiet / Neue Länder;DN;Neue Länder;WZ08C7;WZ2008 (ausgewählte Positionen): Tarifindex;WZ08-88;Sozialwesen (ohne Heime);88,2;2020=100;VST072;Index d.tarifl. Stundenverdienste mit Sonderzahl.
62221;Vj. Index der Tarifverdienste und Arbeitszeiten;JAHR;Jahr;2016;DINSGF;Früheres Bundesgebiet / Neue Länder;DN;Neue Länder;WZ08C7;WZ2008 (ausgewählte Positionen): Tarifindex;WZ08-88;Sozialwesen (ohne Heime);88,6;2020=100;VST073;Index d.tarifl. Monatsverdienste mit Sonderzahl.
62221;Vj. Index der Tarifverdienste und Arbeitszeiten;JAHR;Jahr;2016;DINSGF;Früheres Bundesgebiet / Neue Länder;DN;Neue Länder;WZ08C7;WZ2008 (ausgewählte Positionen): Tarifindex;WZ08-88;Sozialwesen (ohne Heime);39,4;h;VST019;Durchschnittliche tarifliche Wochenarbeitszeit
62221;Vj. Index der Tarifverdienste und Arbeitszeiten;JAHR;Jahr;2016;DINSGF;Früheres Bundesgebiet / Neue Länder;DN;Neue Länder;WZ08C7;WZ2008 (ausgewählte Positionen): Tarifindex;WZ08-88;Sozialwesen (ohne Heime);88,3;2020=100;VST066;Index d.tarifl. Monatsverdienste ohne Sonderzahl.
62221;Vj. Index der Tarifverdienste und Arbeitszeiten;JAHR;Jahr;2016;DINSGF;Früheres Bundesgebiet / Neue Länder;DN;Neue Länder;WZ08C7;WZ2008 (ausgewählte Positionen): Tarifindex;WZ08-88;Sozialwesen (ohne Heime);100,5;2020=100;VST018;Index der tariflichen Wochenarbeitszeit
62221;Vj. Index der Tarifverdienste und Arbeitszeiten;JAHR;Jahr;2016;DINSGF;Früheres Bundesgebiet / Neue Länder;DN;Neue Länder;WZ08C7;WZ2008 (ausgewählte Positionen): Tarifindex;WZ08-88;Sozialwesen (ohne Heime);88,0;2020=100;VST065;Index d.tarifl. Stundenverdienste ohne Sonderzahl.
62221;Vj. Index der Tarifverdienste und Arbeitszeiten;JAHR;Jahr;2022;DINSGF;Früheres Bundesgebiet / Neue Länder;DN;Neue Länder;WZ08C7;WZ2008 (ausgewählte Positionen): Tarifindex;WZ08-80;Wach- und Sicherheitsdienste sowie Detekteien;109,1;2020=100;VST072;Index d.tarifl. Stundenverdienste mit Sonderzahl.
62221;Vj. Index der Tarifverdienste und Arbeitszeiten;JAHR;Jahr;2022;DINSGF;Früheres Bundesgebiet / Neue Länder;DN;Neue Länder;WZ08C7;WZ2008 (ausgewählte Positionen): Tarifindex;WZ08-80;Wach- und Sicherheitsdienste sowie Detekteien;109,1;2020=100;VST073;Index d.tarifl. Monatsverdienste mit Sonderzahl.
62221;Vj. Index der Tarifverdienste und Arbeitszeiten;JAHR;Jahr;2022;DINSGF;Früheres Bundesgebiet / Neue Länder;DN;Neue Länder;WZ08C7;WZ2008 (ausgewählte Positionen): Tarifindex;WZ08-80;Wach- und Sicherheitsdienste sowie Detekteien;40,0;h;VST019;Durchschnittliche tarifliche Wochenarbeitszeit
62221;Vj. Index der Tarifverdienste und Arbeitszeiten;JAHR;Jahr;2022;DINSGF;Früheres Bundesgebiet / Neue Länder;DN;Neue Länder;WZ08C7;WZ2008 (ausgewählte Positionen): Tarifindex;WZ08-80;Wach- und Sicherheitsdienste sowie Detekteien;108,9;2020=100;VST066;Index d.tarifl. Monatsverdienste ohne Sonderzahl.
62221;Vj. Index der Tarifverdienste und Arbeitszeiten;JAHR;Jahr;2022;DINSGF;Früheres Bundesgebiet / Neue Länder;DN;Neue Länder;WZ08C7;WZ2008 (ausgewählte Positionen): Tarifindex;WZ08-80;Wach- und Sicherheitsdienste sowie Detekteien;100,0;2020=100;VST018;Index der tariflichen Wochenarbeitszeit
62221;Vj. Index der Tarifverdienste und Arbeitszeiten;JAHR;Jahr;2022;DINSGF;Früheres Bundesgebiet / Neue Länder;DN;Neue Länder;WZ08C7;WZ2008 (ausgewählte Positionen): Tarifindex;WZ08-80;Wach- und Sicherheitsdienste sowie Detekteien;108,9;2020=100;VST065;Index d.tarifl. Stundenverdienste ohne Sonderzahl.
62221;Vj. Index der Tarifverdienste und Arbeitszeiten;JAHR;Jahr;2018;DINSGF;Früheres Bundesgebiet / Neue Länder;DF;Früheres Bundesgebiet;WZ08C7;WZ2008 (ausgewählte Positionen): Tarifindex;WZ08-55-01;Gastgewerbe;96,0;2020=100;VST072;Index d.tarifl. Stundenverdienste mit Sonderzahl.
62221;Vj. Index der Tarifverdienste und Arbeitszeiten;JAHR;Jahr;2018;DINSGF;Früheres Bundesgebiet / Neue Länder;DF;Früheres Bundesgebiet;WZ08C7;WZ2008 (ausgewählte Positionen): Tarifindex;WZ08-55-01;Gastgewerbe;96,0;2020=100;VST073;Index d.tarifl. Monatsverdienste mit Sonderzahl.
62221;Vj. Index der Tarifverdienste und Arbeitszeiten;JAHR;Jahr;2018;DINSGF;Früheres Bundesgebiet / Neue Länder;DF;Früheres Bundesgebiet;WZ08C7;WZ2008 (ausgewählte Positionen): Tarifindex;WZ08-55-01;Gastgewerbe;39,0;h;VST019;Durchschnittliche tarifliche Wochenarbeitszeit
62221;Vj. Index der Tarifverdienste und Arbeitszeiten;JAHR;Jahr;2018;DINSGF;Früheres Bundesgebiet / Neue Länder;DF;Früheres Bundesgebiet;WZ08C7;WZ2008 (ausgewählte Positionen): Tarifindex;WZ08-55-01;Gastgewerbe;95,5;2020=100;VST066;Index d.tarifl. Monatsverdienste ohne Sonderzahl.
62221;Vj. Index der Tarifverdienste und Arbeitszeiten;JAHR;Jahr;2018;DINSGF;Früheres Bundesgebiet / Neue Länder;DF;Früheres Bundesgebiet;WZ08C7;WZ2008 (ausgewählte Positionen): Tarifindex;WZ08-55-01;Gastgewerbe;100,0;2020=100;VST018;Index der tariflichen Wochenarbeitszeit
62221;Vj. Index der Tarifverdienste und Arbeitszeiten;JAHR;Jahr;2018;DINSGF;Früheres Bundesgebiet / Neue Länder;DF;Früheres Bundesgebiet;WZ08C7;WZ2008 (ausgewählte Positionen): Tarifindex;WZ08-55-01;Gastgewerbe;95,5;2020=100;VST065;Index d.tarifl. Stundenverdienste ohne Sonderzahl.
62221;Vj. Index der Tarifverdienste und Arbeitszeiten;JAHR;Jahr;2016;DINSGF;Früheres Bundesgebiet / Neue Länder;DN;Neue Länder;WZ08C7;WZ2008 (ausgewählte Positionen): Tarifindex;WZ08-94;Interessenvertr., kirchl. u. sonst. Vereinigungen;89,3;2020=100;VST072;Index d.tarifl. Stundenverdienste mit Sonderzahl.
62221;Vj. Index der Tarifverdienste und Arbeitszeiten;JAHR;Jahr;2016;DINSGF;Früheres Bundesgebiet / Neue Länder;DN;Neue Länder;WZ08C7;WZ2008 (ausgewählte Positionen): Tarifindex;WZ08-94;Interessenvertr., kirchl. u. sonst. Vereinigungen;89,3;2020=100;VST073;Index d.tarifl. Monatsverdienste mit Sonderzahl.
62221;Vj. Index der Tarifverdienste und Arbeitszeiten;JAHR;Jahr;2016;DINSGF;Früheres Bundesgebiet / Neue Länder;DN;Neue Länder;WZ08C7;WZ2008 (ausgewählte Positionen): Tarifindex;WZ08-94;Interessenvertr., kirchl. u. sonst. Vereinigungen;39,2;h;VST019;Durchschnittliche tarifliche Wochenarbeitszeit
62221;Vj. Index der Tarifverdienste und Arbeitszeiten;JAHR;Jahr;2016;DINSGF;Früheres Bundesgebiet / Neue Länder;DN;Neue Länder;WZ08C7;WZ2008 (ausgewählte Positionen): Tarifindex;WZ08-94;Interessenvertr., kirchl. u. sonst. Vereinigungen;89,0;2020=100;VST066;Index d.tarifl. Monatsverdienste ohne Sonderzahl.
62221;Vj. Index der Tarifverdienste und Arbeitszeiten;JAHR;Jahr;2016;DINSGF;Früheres Bundesgebiet / Neue Länder;DN;Neue Länder;WZ08C7;WZ2008 (ausgewählte Positionen): Tarifindex;WZ08-94;Interessenvertr., kirchl. u. sonst. Vereinigungen;100,0;2020=100;VST018;Index der tariflichen Wochenarbeitszeit
62221;Vj. Index der Tarifverdienste und Arbeitszeiten;JAHR;Jahr;2016;DINSGF;Früheres Bundesgebiet / Neue Länder;DN;Neue Länder;WZ08C7;WZ2008 (ausgewählte Positionen): Tarifindex;WZ08-94;Interessenvertr., kirchl. u. sonst. Vereinigungen;89,0;2020=100;VST065;Index d.tarifl. Stundenverdienste ohne Sonderzahl.
62221;Vj. Index der Tarifverdienste und Arbeitszeiten;JAHR;Jahr;2018;DINSGF;Früheres Bundesgebiet / Neue Länder;DF;Früheres Bundesgebiet;WZ08C7;WZ2008 (ausgewählte Positionen): Tarifindex;WZ08-A-03;Gesamtwirtschaft;95,0;2020=100;VST072;Index d.tarifl. Stundenverdienste mit Sonderzahl.
62221;Vj. Index der Tarifverdienste und Arbeitszeiten;JAHR;Jahr;2018;DINSGF;Früheres Bundesgebiet / Neue Länder;DF;Früheres Bundesgebiet;WZ08C7;WZ2008 (ausgewählte Positionen): Tarifindex;WZ08-A-03;Gesamtwirtschaft;95,0;2020=100;VST073;Index d.tarifl. Monatsverdienste mit Sonderzahl.
62221;Vj. Index der Tarifverdienste und Arbeitszeiten;JAHR;Jahr;2018;DINSGF;Früheres Bundesgebiet / Neue Länder;DF;Früheres Bundesgebiet;WZ08C7;WZ2008 (ausgewählte Positionen): Tarifindex;WZ08-A-03;Gesamtwirtschaft;38,4;h;VST019;Durchschnittliche tarifliche Wochenarbeitszeit
62221;Vj. Index der Tarifverdienste und Arbeitszeiten;JAHR;Jahr;2018;DINSGF;Früheres Bundesgebiet / Neue Länder;DF;Früheres Bundesgebiet;WZ08C7;WZ2008 (ausgewählte Positionen): Tarifindex;WZ08-A-03;Gesamtwirtschaft;95,2;2020=100;VST066;Index d.tarifl. Monatsverdienste ohne Sonderzahl.
62221;Vj. Index der Tarifverdienste und Arbeitszeiten;JAHR;Jahr;2018;DINSGF;Früheres Bundesgebiet / Neue Länder;DF;Früheres Bundesgebiet;WZ08C7;WZ2008 (ausgewählte Positionen): Tarifindex;WZ08-A-03;Gesamtwirtschaft;100,0;2020=100;VST018;Index der tariflichen Wochenarbeitszeit
62221;Vj. Index der Tarifverdienste und Arbeitszeiten;JAHR;Jahr;2018;DINSGF;Früheres Bundesgebiet / Neue Länder;DF;Früheres Bundesgebiet;WZ08C7;WZ2008 (ausgewählte Positionen): Tarifindex;WZ08-A-03;Gesamtwirtschaft;95,2;2020=100;VST065;Index d.tarifl. Stundenverdienste ohne Sonderzahl.
62221;Vj. Index der Tarifverdienste und Arbeitszeiten;JAHR;Jahr;2025;DINSGF;Früheres Bundesgebiet / Neue Länder;DF;Früheres Bundesgebiet;WZ08C7;WZ2008 (ausgewählte Positionen): Tarifindex;WZ08-91;Bibliotheken, Archive, Museen, bot. u. zoo. Gärten;114,5;2020=100;VST072;Index d.tarifl. Stundenverdienste mit Sonderzahl.
62221;Vj. Index der Tarifverdienste und Arbeitszeiten;JAHR;Jahr;2025;DINSGF;Früheres Bundesgebiet / Neue Länder;DF;Früheres Bundesgebiet;WZ08C7;WZ2008 (ausgewählte Positionen): Tarifindex;WZ08-91;Bibliotheken, Archive, Museen, bot. u. zoo. Gärten;114,5;2020=100;VST073;Index d.tarifl. Monatsverdienste mit Sonderzahl.
62221;Vj. Index der Tarifverdienste und Arbeitszeiten;JAHR;Jahr;2025;DINSGF;Früheres Bundesgebiet / Neue Länder;DF;Früheres Bundesgebiet;WZ08C7;WZ2008 (ausgewählte Positionen): Tarifindex;WZ08-91;Bibliotheken, Archive, Museen, bot. u. zoo. Gärten;39,6;h;VST019;Durchschnittliche tarifliche Wochenarbeitszeit
62221;Vj. Index der Tarifverdienste und Arbeitszeiten;JAHR;Jahr;2025;DINSGF;Früheres Bundesgebiet / Neue Länder;DF;Früheres Bundesgebiet;WZ08C7;WZ2008 (ausgewählte Positionen): Tarifindex;WZ08-91;Bibliotheken, Archive, Museen, bot. u. zoo. Gärten;114,5;2020=100;VST066;Index d.tarifl. Monatsverdienste ohne Sonderzahl.
62221;Vj. Index der Tarifverdienste und Arbeitszeiten;JAHR;Jahr;2025;DINSGF;Früheres Bundesgebiet / Neue Länder;DF;Früheres Bundesgebiet;WZ08C7;WZ2008 (ausgewählte Positionen): Tarifindex;WZ08-91;Bibliotheken, Archive, Museen, bot. u. zoo. Gärten;100,0;2020=100;VST018;Index der tariflichen Wochenarbeitszeit
62221;Vj. Index der Tarifverdienste und Arbeitszeiten;JAHR;Jahr;2025;DINSGF;Früheres Bundesgebiet / Neue Länder;DF;Früheres Bundesgebiet;WZ08C7;WZ2008 (ausgewählte Positionen): Tarifindex;WZ08-91;Bibliotheken, Archive, Museen, bot. u. zoo. Gärten;114,5;2020=100;VST065;Index d.tarifl. Stundenverdienste ohne Sonderzahl.
62221;Vj. Index der Tarifverdienste und Arbeitszeiten;JAHR;Jahr;2022;DINSGF;Früheres Bundesgebiet / Neue Länder;DN;Neue Länder;WZ08C7;WZ2008 (ausgewählte Positionen): Tarifindex;WZ08-47;Einzelhandel (ohne Handel mit Kraftfahrzeugen);105,2;2020=100;VST072;Index d.tarifl. Stundenverdienste mit Sonderzahl.
62221;Vj. Index der Tarifverdienste und Arbeitszeiten;JAHR;Jahr;2022;DINSGF;Früheres Bundesgebiet / Neue Länder;DN;Neue Länder;WZ08C7;WZ2008 (ausgewählte Positionen): Tarifindex;WZ08-47;Einzelhandel (ohne Handel mit Kraftfahrzeugen);105,2;2020=100;VST073;Index d.tarifl. Monatsverdienste mit Sonderzahl.
62221;Vj. Index der Tarifverdienste und Arbeitszeiten;JAHR;Jahr;2022;DINSGF;Früheres Bundesgebiet / Neue Länder;DN;Neue Länder;WZ08C7;WZ2008 (ausgewählte Positionen): Tarifindex;WZ08-47;Einzelhandel (ohne Handel mit Kraftfahrzeugen);38,3;h;VST019;Durchschnittliche tarifliche Wochenarbeitszeit
62221;Vj. Index der Tarifverdienste und Arbeitszeiten;JAHR;Jahr;2022;DINSGF;Früheres Bundesgebiet / Neue Länder;DN;Neue Länder;WZ08C7;WZ2008 (ausgewählte Positionen): Tarifindex;WZ08-47;Einzelhandel (ohne Handel mit Kraftfahrzeugen);105,1;2020=100;VST066;Index d.tarifl. Monatsverdienste ohne Sonderzahl.
62221;Vj. Index der Tarifverdienste und Arbeitszeiten;JAHR;Jahr;2022;DINSGF;Früheres Bundesgebiet / Neue Länder;DN;Neue Länder;WZ08C7;WZ2008 (ausgewählte Positionen): Tarifindex;WZ08-47;Einzelhandel (ohne Handel mit Kraftfahrzeugen);100,0;2020=100;VST018;Index der tariflichen Wochenarbeitszeit
62221;Vj. Index der Tarifverdienste und Arbeitszeiten;JAHR;Jahr;2022;DINSGF;Früheres Bundesgebiet / Neue Länder;DN;Neue Länder;WZ08C7;WZ2008 (ausgewählte Positionen): Tarifindex;WZ08-47;Einzelhandel (ohne Handel mit Kraftfahrzeugen);105,1;2020=100;VST065;Index d.tarifl. Stundenverdienste ohne Sonderzahl.
62221;Vj. Index der Tarifverdienste und Arbeitszeiten;JAHR;Jahr;2024;DINSGF;Früheres Bundesgebiet / Neue Länder;DN;Neue Länder;WZ08C7;WZ2008 (ausgewählte Positionen): Tarifindex;WZ08-68;Grundstücks- und Wohnungswesen;111,9;2020=100;VST072;Index d.tarifl. Stundenverdienste mit Sonderzahl.
62221;Vj. Index der Tarifverdienste und Arbeitszeiten;JAHR;Jahr;2024;DINSGF;Früheres Bundesgebiet / Neue Länder;DN;Neue Länder;WZ08C7;WZ2008 (ausgewählte Positionen): Tarifindex;WZ08-68;Grundstücks- und Wohnungswesen;111,8;2020=100;VST073;Index d.tarifl. Monatsverdienste mit Sonderzahl.
62221;Vj. Index der Tarifverdienste und Arbeitszeiten;JAHR;Jahr;2024;DINSGF;Früheres Bundesgebiet / Neue Länder;DN;Neue Länder;WZ08C7;WZ2008 (ausgewählte Positionen): Tarifindex;WZ08-68;Grundstücks- und Wohnungswesen;37,9;h;VST019;Durchschnittliche tarifliche Wochenarbeitszeit
62221;Vj. Index der Tarifverdienste und Arbeitszeiten;JAHR;Jahr;2024;DINSGF;Früheres Bundesgebiet / Neue Länder;DN;Neue Länder;WZ08C7;WZ2008 (ausgewählte Positionen): Tarifindex;WZ08-68;Grundstücks- und Wohnungswesen;109,9;2020=100;VST066;Index d.tarifl. Monatsverdienste ohne Sonderzahl.
62221;Vj. Index der Tarifverdienste und Arbeitszeiten;JAHR;Jahr;2024;DINSGF;Früheres Bundesgebiet / Neue Länder;DN;Neue Länder;WZ08C7;WZ2008 (ausgewählte Positionen): Tarifindex;WZ08-68;Grundstücks- und Wohnungswesen;100,0;2020=100;VST018;Index der tariflichen Wochenarbeitszeit
62221;Vj. Index der Tarifverdienste und Arbeitszeiten;JAHR;Jahr;2024;DINSGF;Früheres Bundesgebiet / Neue Länder;DN;Neue Länder;WZ08C7;WZ2008 (ausgewählte Positionen): Tarifindex;WZ08-68;Grundstücks- und Wohnungswesen;109,9;2020=100;VST065;Index d.tarifl. Stundenverdienste ohne Sonderzahl.
62221;Vj. Index der Tarifverdienste und Arbeitszeiten;JAHR;Jahr;2020;DINSGF;Früheres Bundesgebiet / Neue Länder;DN;Neue Länder;WZ08C7;WZ2008 (ausgewählte Positionen): Tarifindex;WZ08-M;Freiberufliche, wiss. u. techn. Dienstleistungen;100,0;2020=100;VST072;Index d.tarifl. Stundenverdienste mit Sonderzahl.
62221;Vj. Index der Tarifverdienste und Arbeitszeiten;JAHR;Jahr;2020;DINSGF;Früheres Bundesgebiet / Neue Länder;DN;Neue Länder;WZ08C7;WZ2008 (ausgewählte Positionen): Tarifindex;WZ08-M;Freiberufliche, wiss. u. techn. Dienstleistungen;100,0;2020=100;VST073;Index d.tarifl. Monatsverdienste mit Sonderzahl.
62221;Vj. Index der Tarifverdienste und Arbeitszeiten;JAHR;Jahr;2020;DINSGF;Früheres Bundesgebiet / Neue Länder;DN;Neue Länder;WZ08C7;WZ2008 (ausgewählte Positionen): Tarifindex;WZ08-M;Freiberufliche, wiss. u. techn. Dienstleistungen;38,9;h;VST019;Durchschnittliche tarifliche Wochenarbeitszeit
62221;Vj. Index der Tarifverdienste und Arbeitszeiten;JAHR;Jahr;2020;DINSGF;Früheres Bundesgebiet / Neue Länder;DN;Neue Länder;WZ08C7;WZ2008 (ausgewählte Positionen): Tarifindex;WZ08-M;Freiberufliche, wiss. u. techn. Dienstleistungen;100,0;2020=100;VST066;Index d.tarifl. Monatsverdienste ohne Sonderzahl.
62221;Vj. Index der Tarifverdienste und Arbeitszeiten;JAHR;Jahr;2020;DINSGF;Früheres Bundesgebiet / Neue Länder;DN;Neue Länder;WZ08C7;WZ2008 (ausgewählte Positionen): Tarifindex;WZ08-M;Freiberufliche, wiss. u. techn. Dienstleistungen;100,0;2020=100;VST018;Index der tariflichen Wochenarbeitszeit
62221;Vj. Index der Tarifverdienste und Arbeitszeiten;JAHR;Jahr;2020;DINSGF;Früheres Bundesgebiet / Neue Länder;DN;Neue Länder;WZ08C7;WZ2008 (ausgewählte Positionen): Tarifindex;WZ08-M;Freiberufliche, wiss. u. techn. Dienstleistungen;100,0;2020=100;VST065;Index d.tarifl. Stundenverdienste ohne Sonderzahl.
62221;Vj. Index der Tarifverdienste und Arbeitszeiten;JAHR;Jahr;2016;DINSGF;Früheres Bundesgebiet / Neue Länder;DN;Neue Länder;WZ08C7;WZ2008 (ausgewählte Positionen): Tarifindex;WZ08-73;Werbung und Marktforschung;91,7;2020=100;VST072;Index d.tarifl. Stundenverdienste mit Sonderzahl.
62221;Vj. Index der Tarifverdienste und Arbeitszeiten;JAHR;Jahr;2016;DINSGF;Früheres Bundesgebiet / Neue Länder;DN;Neue Länder;WZ08C7;WZ2008 (ausgewählte Positionen): Tarifindex;WZ08-73;Werbung und Marktforschung;91,7;2020=100;VST073;Index d.tarifl. Monatsverdienste mit Sonderzahl.
62221;Vj. Index der Tarifverdienste und Arbeitszeiten;JAHR;Jahr;2016;DINSGF;Früheres Bundesgebiet / Neue Länder;DN;Neue Länder;WZ08C7;WZ2008 (ausgewählte Positionen): Tarifindex;WZ08-73;Werbung und Marktforschung;38,5;h;VST019;Durchschnittliche tarifliche Wochenarbeitszeit
62221;Vj. Index der Tarifverdienste und Arbeitszeiten;JAHR;Jahr;2016;DINSGF;Früheres Bundesgebiet / Neue Länder;DN;Neue Länder;WZ08C7;WZ2008 (ausgewählte Positionen): Tarifindex;WZ08-73;Werbung und Marktforschung;91,3;2020=100;VST066;Index d.tarifl. Monatsverdienste ohne Sonderzahl.
62221;Vj. Index der Tarifverdienste und Arbeitszeiten;JAHR;Jahr;2016;DINSGF;Früheres Bundesgebiet / Neue Länder;DN;Neue Länder;WZ08C7;WZ2008 (ausgewählte Positionen): Tarifindex;WZ08-73;Werbung und Marktforschung;100,0;2020=100;VST018;Index der tariflichen Wochenarbeitszeit
62221;Vj. Index der Tarifverdienste und Arbeitszeiten;JAHR;Jahr;2016;DINSGF;Früheres Bundesgebiet / Neue Länder;DN;Neue Länder;WZ08C7;WZ2008 (ausgewählte Positionen): Tarifindex;WZ08-73;Werbung und Marktforschung;91,3;2020=100;VST065;Index d.tarifl. Stundenverdienste ohne Sonderzahl.
62221;Vj. Index der Tarifverdienste und Arbeitszeiten;JAHR;Jahr;2019;DINSGF;Früheres Bundesgebiet / Neue Länder;DN;Neue Länder;WZ08C7;WZ2008 (ausgewählte Positionen): Tarifindex;WZ08-19;Kokerei und Mineralölverarbeitung;98,3;2020=100;VST072;Index d.tarifl. Stundenverdienste mit Sonderzahl.
62221;Vj. Index der Tarifverdienste und Arbeitszeiten;JAHR;Jahr;2019;DINSGF;Früheres Bundesgebiet / Neue Länder;DN;Neue Länder;WZ08C7;WZ2008 (ausgewählte Positionen): Tarifindex;WZ08-19;Kokerei und Mineralölverarbeitung;98,2;2020=100;VST073;Index d.tarifl. Monatsverdienste mit Sonderzahl.
62221;Vj. Index der Tarifverdienste und Arbeitszeiten;JAHR;Jahr;2019;DINSGF;Früheres Bundesgebiet / Neue Länder;DN;Neue Länder;WZ08C7;WZ2008 (ausgewählte Positionen): Tarifindex;WZ08-19;Kokerei und Mineralölverarbeitung;39,5;h;VST019;Durchschnittliche tarifliche Wochenarbeitszeit
62221;Vj. Index der Tarifverdienste und Arbeitszeiten;JAHR;Jahr;2019;DINSGF;Früheres Bundesgebiet / Neue Länder;DN;Neue Länder;WZ08C7;WZ2008 (ausgewählte Positionen): Tarifindex;WZ08-19;Kokerei und Mineralölverarbeitung;99,3;2020=100;VST066;Index d.tarifl. Monatsverdienste ohne Sonderzahl.
62221;Vj. Index der Tarifverdienste und Arbeitszeiten;JAHR;Jahr;2019;DINSGF;Früheres Bundesgebiet / Neue Länder;DN;Neue Länder;WZ08C7;WZ2008 (ausgewählte Positionen): Tarifindex;WZ08-19;Kokerei und Mineralölverarbeitung;100,0;2020=100;VST018;Index der tariflichen Wochenarbeitszeit
62221;Vj. Index der Tarifverdienste und Arbeitszeiten;JAHR;Jahr;2019;DINSGF;Früheres Bundesgebiet / Neue Länder;DN;Neue Länder;WZ08C7;WZ2008 (ausgewählte Positionen): Tarifindex;WZ08-19;Kokerei und Mineralölverarbeitung;99,3;2020=100;VST065;Index d.tarifl. Stundenverdienste ohne Sonderzahl.
62221;Vj. Index der Tarifverdienste und Arbeitszeiten;JAHR;Jahr;2016;DINSGF;Früheres Bundesgebiet / Neue Länder;DN;Neue Länder;WZ08C7;WZ2008 (ausgewählte Positionen): Tarifindex;WZ08-41-01;Hoch- und Tiefbau;88,0;2020=100;VST072;Index d.tarifl. Stundenverdienste mit Sonderzahl.
62221;Vj. Index der Tarifverdienste und Arbeitszeiten;JAHR;Jahr;2016;DINSGF;Früheres Bundesgebiet / Neue Länder;DN;Neue Länder;WZ08C7;WZ2008 (ausgewählte Positionen): Tarifindex;WZ08-41-01;Hoch- und Tiefbau;88,0;2020=100;VST073;Index d.tarifl. Monatsverdienste mit Sonderzahl.
62221;Vj. Index der Tarifverdienste und Arbeitszeiten;JAHR;Jahr;2016;DINSGF;Früheres Bundesgebiet / Neue Länder;DN;Neue Länder;WZ08C7;WZ2008 (ausgewählte Positionen): Tarifindex;WZ08-41-01;Hoch- und Tiefbau;40,0;h;VST019;Durchschnittliche tarifliche Wochenarbeitszeit
62221;Vj. Index der Tarifverdienste und Arbeitszeiten;JAHR;Jahr;2016;DINSGF;Früheres Bundesgebiet / Neue Länder;DN;Neue Länder;WZ08C7;WZ2008 (ausgewählte Positionen): Tarifindex;WZ08-41-01;Hoch- und Tiefbau;90,0;2020=100;VST066;Index d.tarifl. Monatsverdienste ohne Sonderzahl.
62221;Vj. Index der Tarifverdienste und Arbeitszeiten;JAHR;Jahr;2016;DINSGF;Früheres Bundesgebiet / Neue Länder;DN;Neue Länder;WZ08C7;WZ2008 (ausgewählte Positionen): Tarifindex;WZ08-41-01;Hoch- und Tiefbau;100,0;2020=100;VST018;Index der tariflichen Wochenarbeitszeit
62221;Vj. Index der Tarifverdienste und Arbeitszeiten;JAHR;Jahr;2016;DINSGF;Früheres Bundesgebiet / Neue Länder;DN;Neue Länder;WZ08C7;WZ2008 (ausgewählte Positionen): Tarifindex;WZ08-41-01;Hoch- und Tiefbau;90,0;2020=100;VST065;Index d.tarifl. Stundenverdienste ohne Sonderzahl.
62221;Vj. Index der Tarifverdienste und Arbeitszeiten;JAHR;Jahr;2022;DINSGF;Früheres Bundesgebiet / Neue Länder;DF;Früheres Bundesgebiet;WZ08C7;WZ2008 (ausgewählte Positionen): Tarifindex;WZ08-G-02;Dienstleistungsbereich;103,7;2020=100;VST072;Index d.tarifl. Stundenverdienste mit Sonderzahl.
62221;Vj. Index der Tarifverdienste und Arbeitszeiten;JAHR;Jahr;2022;DINSGF;Früheres Bundesgebiet / Neue Länder;DF;Früheres Bundesgebiet;WZ08C7;WZ2008 (ausgewählte Positionen): Tarifindex;WZ08-G-02;Dienstleistungsbereich;103,7;2020=100;VST073;Index d.tarifl. Monatsverdienste mit Sonderzahl.
62221;Vj. Index der Tarifverdienste und Arbeitszeiten;JAHR;Jahr;2022;DINSGF;Früheres Bundesgebiet / Neue Länder;DF;Früheres Bundesgebiet;WZ08C7;WZ2008 (ausgewählte Positionen): Tarifindex;WZ08-G-02;Dienstleistungsbereich;39,2;h;VST019;Durchschnittliche tarifliche Wochenarbeitszeit
62221;Vj. Index der Tarifverdienste und Arbeitszeiten;JAHR;Jahr;2022;DINSGF;Früheres Bundesgebiet / Neue Länder;DF;Früheres Bundesgebiet;WZ08C7;WZ2008 (ausgewählte Positionen): Tarifindex;WZ08-G-02;Dienstleistungsbereich;103,1;2020=100;VST066;Index d.tarifl. Monatsverdienste ohne Sonderzahl.
62221;Vj. Index der Tarifverdienste und Arbeitszeiten;JAHR;Jahr;2022;DINSGF;Früheres Bundesgebiet / Neue Länder;DF;Früheres Bundesgebiet;WZ08C7;WZ2008 (ausgewählte Positionen): Tarifindex;WZ08-G-02;Dienstleistungsbereich;100,0;2020=100;VST018;Index der tariflichen Wochenarbeitszeit
62221;Vj. Index der Tarifverdienste und Arbeitszeiten;JAHR;Jahr;2022;DINSGF;Früheres Bundesgebiet / Neue Länder;DF;Früheres Bundesgebiet;WZ08C7;WZ2008 (ausgewählte Positionen): Tarifindex;WZ08-G-02;Dienstleistungsbereich;103,1;2020=100;VST065;Index d.tarifl. Stundenverdienste ohne Sonderzahl.
62221;Vj. Index der Tarifverdienste und Arbeitszeiten;JAHR;Jahr;2020;DINSGF;Früheres Bundesgebiet / Neue Länder;DF;Früheres Bundesgebiet;WZ08C7;WZ2008 (ausgewählte Positionen): Tarifindex;WZ08-38-01;Recycling, Beseitigung von Umweltverschmutzungen;100,0;2020=100;VST072;Index d.tarifl. Stundenverdienste mit Sonderzahl.
62221;Vj. Index der Tarifverdienste und Arbeitszeiten;JAHR;Jahr;2020;DINSGF;Früheres Bundesgebiet / Neue Länder;DF;Früheres Bundesgebiet;WZ08C7;WZ2008 (ausgewählte Positionen): Tarifindex;WZ08-38-01;Recycling, Beseitigung von Umweltverschmutzungen;100,0;2020=100;VST073;Index d.tarifl. Monatsverdienste mit Sonderzahl.
62221;Vj. Index der Tarifverdienste und Arbeitszeiten;JAHR;Jahr;2020;DINSGF;Früheres Bundesgebiet / Neue Länder;DF;Früheres Bundesgebiet;WZ08C7;WZ2008 (ausgewählte Positionen): Tarifindex;WZ08-38-01;Recycling, Beseitigung von Umweltverschmutzungen;38,8;h;VST019;Durchschnittliche tarifliche Wochenarbeitszeit
62221;Vj. Index der Tarifverdienste und Arbeitszeiten;JAHR;Jahr;2020;DINSGF;Früheres Bundesgebiet / Neue Länder;DF;Früheres Bundesgebiet;WZ08C7;WZ2008 (ausgewählte Positionen): Tarifindex;WZ08-38-01;Recycling, Beseitigung von Umweltverschmutzungen;100,0;2020=100;VST066;Index d.tarifl. Monatsverdienste ohne Sonderzahl.
62221;Vj. Index der Tarifverdienste und Arbeitszeiten;JAHR;Jahr;2020;DINSGF;Früheres Bundesgebiet / Neue Länder;DF;Früheres Bundesgebiet;WZ08C7;WZ2008 (ausgewählte Positionen): Tarifindex;WZ08-38-01;Recycling, Beseitigung von Umweltverschmutzungen;100,0;2020=100;VST018;Index der tariflichen Wochenarbeitszeit
62221;Vj. Index der Tarifverdienste und Arbeitszeiten;JAHR;Jahr;2020;DINSGF;Früheres Bundesgebiet / Neue Länder;DF;Früheres Bundesgebiet;WZ08C7;WZ2008 (ausgewählte Positionen): Tarifindex;WZ08-38-01;Recycling, Beseitigung von Umweltverschmutzungen;100,0;2020=100;VST065;Index d.tarifl. Stundenverdienste ohne Sonderzahl.
62221;Vj. Index der Tarifverdienste und Arbeitszeiten;JAHR;Jahr;2024;DINSGF;Früheres Bundesgebiet / Neue Länder;DN;Neue Länder;WZ08C7;WZ2008 (ausgewählte Positionen): Tarifindex;WZ08-23;H.v.Glas,-waren,Keramik,Verarb. v.Steinen u.Erden;118,8;2020=100;VST072;Index d.tarifl. Stundenverdienste mit Sonderzahl.
62221;Vj. Index der Tarifverdienste und Arbeitszeiten;JAHR;Jahr;2024;DINSGF;Früheres Bundesgebiet / Neue Länder;DN;Neue Länder;WZ08C7;WZ2008 (ausgewählte Positionen): Tarifindex;WZ08-23;H.v.Glas,-waren,Keramik,Verarb. v.Steinen u.Erden;117,2;2020=100;VST073;Index d.tarifl. Monatsverdienste mit Sonderzahl.
62221;Vj. Index der Tarifverdienste und Arbeitszeiten;JAHR;Jahr;2024;DINSGF;Früheres Bundesgebiet / Neue Länder;DN;Neue Länder;WZ08C7;WZ2008 (ausgewählte Positionen): Tarifindex;WZ08-23;H.v.Glas,-waren,Keramik,Verarb. v.Steinen u.Erden;38,6;h;VST019;Durchschnittliche tarifliche Wochenarbeitszeit
62221;Vj. Index der Tarifverdienste und Arbeitszeiten;JAHR;Jahr;2024;DINSGF;Früheres Bundesgebiet / Neue Länder;DN;Neue Länder;WZ08C7;WZ2008 (ausgewählte Positionen): Tarifindex;WZ08-23;H.v.Glas,-waren,Keramik,Verarb. v.Steinen u.Erden;113,9;2020=100;VST066;Index d.tarifl. Monatsverdienste ohne Sonderzahl.
62221;Vj. Index der Tarifverdienste und Arbeitszeiten;JAHR;Jahr;2024;DINSGF;Früheres Bundesgebiet / Neue Länder;DN;Neue Länder;WZ08C7;WZ2008 (ausgewählte Positionen): Tarifindex;WZ08-23;H.v.Glas,-waren,Keramik,Verarb. v.Steinen u.Erden;98,8;2020=100;VST018;Index der tariflichen Wochenarbeitszeit
62221;Vj. Index der Tarifverdienste und Arbeitszeiten;JAHR;Jahr;2024;DINSGF;Früheres Bundesgebiet / Neue Länder;DN;Neue Länder;WZ08C7;WZ2008 (ausgewählte Positionen): Tarifindex;WZ08-23;H.v.Glas,-waren,Keramik,Verarb. v.Steinen u.Erden;115,5;2020=100;VST065;Index d.tarifl. Stundenverdienste ohne Sonderzahl.
62221;Vj. Index der Tarifverdienste und Arbeitszeiten;JAHR;Jahr;2020;DINSGF;Früheres Bundesgebiet / Neue Länder;DN;Neue Länder;WZ08C7;WZ2008 (ausgewählte Positionen): Tarifindex;WZ08-J;Information und Kommunikation;100,0;2020=100;VST072;Index d.tarifl. Stundenverdienste mit Sonderzahl.
62221;Vj. Index der Tarifverdienste und Arbeitszeiten;JAHR;Jahr;2020;DINSGF;Früheres Bundesgebiet / Neue Länder;DN;Neue Länder;WZ08C7;WZ2008 (ausgewählte Positionen): Tarifindex;WZ08-J;Information und Kommunikation;100,0;2020=100;VST073;Index d.tarifl. Monatsverdienste mit Sonderzahl.
62221;Vj. Index der Tarifverdienste und Arbeitszeiten;JAHR;Jahr;2020;DINSGF;Früheres Bundesgebiet / Neue Länder;DN;Neue Länder;WZ08C7;WZ2008 (ausgewählte Positionen): Tarifindex;WZ08-J;Information und Kommunikation;37,7;h;VST019;Durchschnittliche tarifliche Wochenarbeitszeit
62221;Vj. Index der Tarifverdienste und Arbeitszeiten;JAHR;Jahr;2020;DINSGF;Früheres Bundesgebiet / Neue Länder;DN;Neue Länder;WZ08C7;WZ2008 (ausgewählte Positionen): Tarifindex;WZ08-J;Information und Kommunikation;100,0;2020=100;VST066;Index d.tarifl. Monatsverdienste ohne Sonderzahl.
62221;Vj. Index der Tarifverdienste und Arbeitszeiten;JAHR;Jahr;2020;DINSGF;Früheres Bundesgebiet / Neue Länder;DN;Neue Länder;WZ08C7;WZ2008 (ausgewählte Positionen): Tarifindex;WZ08-J;Information und Kommunikation;100,0;2020=100;VST018;Index der tariflichen Wochenarbeitszeit
62221;Vj. Index der Tarifverdienste und Arbeitszeiten;JAHR;Jahr;2020;DINSGF;Früheres Bundesgebiet / Neue Länder;DN;Neue Länder;WZ08C7;WZ2008 (ausgewählte Positionen): Tarifindex;WZ08-J;Information und Kommunikation;100,0;2020=100;VST065;Index d.tarifl. Stundenverdienste ohne Sonderzahl.
62221;Vj. Index der Tarifverdienste und Arbeitszeiten;JAHR;Jahr;2022;DINSGF;Früheres Bundesgebiet / Neue Länder;DN;Neue Länder;WZ08C7;WZ2008 (ausgewählte Positionen): Tarifindex;WZ08-C;Verarbeitendes Gewerbe;103,4;2020=100;VST072;Index d.tarifl. Stundenverdienste mit Sonderzahl.
62221;Vj. Index der Tarifverdienste und Arbeitszeiten;JAHR;Jahr;2022;DINSGF;Früheres Bundesgebiet / Neue Länder;DN;Neue Länder;WZ08C7;WZ2008 (ausgewählte Positionen): Tarifindex;WZ08-C;Verarbeitendes Gewerbe;103,0;2020=100;VST073;Index d.tarifl. Monatsverdienste mit Sonderzahl.
62221;Vj. Index der Tarifverdienste und Arbeitszeiten;JAHR;Jahr;2022;DINSGF;Früheres Bundesgebiet / Neue Länder;DN;Neue Länder;WZ08C7;WZ2008 (ausgewählte Positionen): Tarifindex;WZ08-C;Verarbeitendes Gewerbe;38,0;h;VST019;Durchschnittliche tarifliche Wochenarbeitszeit
62221;Vj. Index der Tarifverdienste und Arbeitszeiten;JAHR;Jahr;2022;DINSGF;Früheres Bundesgebiet / Neue Länder;DN;Neue Länder;WZ08C7;WZ2008 (ausgewählte Positionen): Tarifindex;WZ08-C;Verarbeitendes Gewerbe;101,8;2020=100;VST066;Index d.tarifl. Monatsverdienste ohne Sonderzahl.
62221;Vj. Index der Tarifverdienste und Arbeitszeiten;JAHR;Jahr;2022;DINSGF;Früheres Bundesgebiet / Neue Länder;DN;Neue Länder;WZ08C7;WZ2008 (ausgewählte Positionen): Tarifindex;WZ08-C;Verarbeitendes Gewerbe;99,7;2020=100;VST018;Index der tariflichen Wochenarbeitszeit
62221;Vj. Index der Tarifverdienste und Arbeitszeiten;JAHR;Jahr;2022;DINSGF;Früheres Bundesgebiet / Neue Länder;DN;Neue Länder;WZ08C7;WZ2008 (ausgewählte Positionen): Tarifindex;WZ08-C;Verarbeitendes Gewerbe;102,2;2020=100;VST065;Index d.tarifl. Stundenverdienste ohne Sonderzahl.
62221;Vj. Index der Tarifverdienste und Arbeitszeiten;JAHR;Jahr;2022;DINSGF;Früheres Bundesgebiet / Neue Länder;DF;Früheres Bundesgebiet;WZ08C7;WZ2008 (ausgewählte Positionen): Tarifindex;WZ08-O;Öff. Verwaltung, Verteidigung, Sozialversicherung;103,1;2020=100;VST072;Index d.tarifl. Stundenverdienste mit Sonderzahl.
62221;Vj. Index der Tarifverdienste und Arbeitszeiten;JAHR;Jahr;2022;DINSGF;Früheres Bundesgebiet / Neue Länder;DF;Früheres Bundesgebiet;WZ08C7;WZ2008 (ausgewählte Positionen): Tarifindex;WZ08-O;Öff. Verwaltung, Verteidigung, Sozialversicherung;103,1;2020=100;VST073;Index d.tarifl. Monatsverdienste mit Sonderzahl.
62221;Vj. Index der Tarifverdienste und Arbeitszeiten;JAHR;Jahr;2022;DINSGF;Früheres Bundesgebiet / Neue Länder;DF;Früheres Bundesgebiet;WZ08C7;WZ2008 (ausgewählte Positionen): Tarifindex;WZ08-O;Öff. Verwaltung, Verteidigung, Sozialversicherung;40,1;h;VST019;Durchschnittliche tarifliche Wochenarbeitszeit
62221;Vj. Index der Tarifverdienste und Arbeitszeiten;JAHR;Jahr;2022;DINSGF;Früheres Bundesgebiet / Neue Länder;DF;Früheres Bundesgebiet;WZ08C7;WZ2008 (ausgewählte Positionen): Tarifindex;WZ08-O;Öff. Verwaltung, Verteidigung, Sozialversicherung;102,4;2020=100;VST066;Index d.tarifl. Monatsverdienste ohne Sonderzahl.
62221;Vj. Index der Tarifverdienste und Arbeitszeiten;JAHR;Jahr;2022;DINSGF;Früheres Bundesgebiet / Neue Länder;DF;Früheres Bundesgebiet;WZ08C7;WZ2008 (ausgewählte Positionen): Tarifindex;WZ08-O;Öff. Verwaltung, Verteidigung, Sozialversicherung;100,0;2020=100;VST018;Index der tariflichen Wochenarbeitszeit
62221;Vj. Index der Tarifverdienste und Arbeitszeiten;JAHR;Jahr;2022;DINSGF;Früheres Bundesgebiet / Neue Länder;DF;Früheres Bundesgebiet;WZ08C7;WZ2008 (ausgewählte Positionen): Tarifindex;WZ08-O;Öff. Verwaltung, Verteidigung, Sozialversicherung;102,4;2020=100;VST065;Index d.tarifl. Stundenverdienste ohne Sonderzahl.
62221;Vj. Index der Tarifverdienste und Arbeitszeiten;JAHR;Jahr;2020;DINSGF;Früheres Bundesgebiet / Neue Länder;DF;Früheres Bundesgebiet;WZ08C7;WZ2008 (ausgewählte Positionen): Tarifindex;WZ08-29;Herstellung von Kraftwagen und Kraftwagenteilen;100,0;2020=100;VST072;Index d.tarifl. Stundenverdienste mit Sonderzahl.
62221;Vj. Index der Tarifverdienste und Arbeitszeiten;JAHR;Jahr;2020;DINSGF;Früheres Bundesgebiet / Neue Länder;DF;Früheres Bundesgebiet;WZ08C7;WZ2008 (ausgewählte Positionen): Tarifindex;WZ08-29;Herstellung von Kraftwagen und Kraftwagenteilen;100,0;2020=100;VST073;Index d.tarifl. Monatsverdienste mit Sonderzahl.
62221;Vj. Index der Tarifverdienste und Arbeitszeiten;JAHR;Jahr;2020;DINSGF;Früheres Bundesgebiet / Neue Länder;DF;Früheres Bundesgebiet;WZ08C7;WZ2008 (ausgewählte Positionen): Tarifindex;WZ08-29;Herstellung von Kraftwagen und Kraftwagenteilen;35,2;h;VST019;Durchschnittliche tarifliche Wochenarbeitszeit
62221;Vj. Index der Tarifverdienste und Arbeitszeiten;JAHR;Jahr;2020;DINSGF;Früheres Bundesgebiet / Neue Länder;DF;Früheres Bundesgebiet;WZ08C7;WZ2008 (ausgewählte Positionen): Tarifindex;WZ08-29;Herstellung von Kraftwagen und Kraftwagenteilen;100,0;2020=100;VST066;Index d.tarifl. Monatsverdienste ohne Sonderzahl.
62221;Vj. Index der Tarifverdienste und Arbeitszeiten;JAHR;Jahr;2020;DINSGF;Früheres Bundesgebiet / Neue Länder;DF;Früheres Bundesgebiet;WZ08C7;WZ2008 (ausgewählte Positionen): Tarifindex;WZ08-29;Herstellung von Kraftwagen und Kraftwagenteilen;100,0;2020=100;VST018;Index der tariflichen Wochenarbeitszeit
62221;Vj. Index der Tarifverdienste und Arbeitszeiten;JAHR;Jahr;2020;DINSGF;Früheres Bundesgebiet / Neue Länder;DF;Früheres Bundesgebiet;WZ08C7;WZ2008 (ausgewählte Positionen): Tarifindex;WZ08-29;Herstellung von Kraftwagen und Kraftwagenteilen;100,0;2020=100;VST065;Index d.tarifl. Stundenverdienste ohne Sonderzahl.
62221;Vj. Index der Tarifverdienste und Arbeitszeiten;JAHR;Jahr;2020;DINSGF;Früheres Bundesgebiet / Neue Länder;DF;Früheres Bundesgebiet;WZ08C7;WZ2008 (ausgewählte Positionen): Tarifindex;WZ08-20;Herstellung von chemischen Erzeugnissen;100,0;2020=100;VST072;Index d.tarifl. Stundenverdienste mit Sonderzahl.
62221;Vj. Index der Tarifverdienste und Arbeitszeiten;JAHR;Jahr;2020;DINSGF;Früheres Bundesgebiet / Neue Länder;DF;Früheres Bundesgebiet;WZ08C7;WZ2008 (ausgewählte Positionen): Tarifindex;WZ08-20;Herstellung von chemischen Erzeugnissen;100,0;2020=100;VST073;Index d.tarifl. Monatsverdienste mit Sonderzahl.
62221;Vj. Index der Tarifverdienste und Arbeitszeiten;JAHR;Jahr;2020;DINSGF;Früheres Bundesgebiet / Neue Länder;DF;Früheres Bundesgebiet;WZ08C7;WZ2008 (ausgewählte Positionen): Tarifindex;WZ08-20;Herstellung von chemischen Erzeugnissen;37,5;h;VST019;Durchschnittliche tarifliche Wochenarbeitszeit
62221;Vj. Index der Tarifverdienste und Arbeitszeiten;JAHR;Jahr;2020;DINSGF;Früheres Bundesgebiet / Neue Länder;DF;Früheres Bundesgebiet;WZ08C7;WZ2008 (ausgewählte Positionen): Tarifindex;WZ08-20;Herstellung von chemischen Erzeugnissen;100,0;2020=100;VST066;Index d.tarifl. Monatsverdienste ohne Sonderzahl.
62221;Vj. Index der Tarifverdienste und Arbeitszeiten;JAHR;Jahr;2020;DINSGF;Früheres Bundesgebiet / Neue Länder;DF;Früheres Bundesgebiet;WZ08C7;WZ2008 (ausgewählte Positionen): Tarifindex;WZ08-20;Herstellung von chemischen Erzeugnissen;100,0;2020=100;VST018;Index der tariflichen Wochenarbeitszeit
62221;Vj. Index der Tarifverdienste und Arbeitszeiten;JAHR;Jahr;2020;DINSGF;Früheres Bundesgebiet / Neue Länder;DF;Früheres Bundesgebiet;WZ08C7;WZ2008 (ausgewählte Positionen): Tarifindex;WZ08-20;Herstellung von chemischen Erzeugnissen;100,0;2020=100;VST065;Index d.tarifl. Stundenverdienste ohne Sonderzahl.
62221;Vj. Index der Tarifverdienste und Arbeitszeiten;JAHR;Jahr;2024;DINSGF;Früheres Bundesgebiet / Neue Länder;DN;Neue Länder;WZ08C7;WZ2008 (ausgewählte Positionen): Tarifindex;WZ08-20;Herstellung von chemischen Erzeugnissen;114,1;2020=100;VST072;Index d.tarifl. Stundenverdienste mit Sonderzahl.
62221;Vj. Index der Tarifverdienste und Arbeitszeiten;JAHR;Jahr;2024;DINSGF;Früheres Bundesgebiet / Neue Länder;DN;Neue Länder;WZ08C7;WZ2008 (ausgewählte Positionen): Tarifindex;WZ08-20;Herstellung von chemischen Erzeugnissen;111,9;2020=100;VST073;Index d.tarifl. Monatsverdienste mit Sonderzahl.
62221;Vj. Index der Tarifverdienste und Arbeitszeiten;JAHR;Jahr;2024;DINSGF;Früheres Bundesgebiet / Neue Länder;DN;Neue Länder;WZ08C7;WZ2008 (ausgewählte Positionen): Tarifindex;WZ08-20;Herstellung von chemischen Erzeugnissen;38,4;h;VST019;Durchschnittliche tarifliche Wochenarbeitszeit
62221;Vj. Index der Tarifverdienste und Arbeitszeiten;JAHR;Jahr;2024;DINSGF;Früheres Bundesgebiet / Neue Länder;DN;Neue Länder;WZ08C7;WZ2008 (ausgewählte Positionen): Tarifindex;WZ08-20;Herstellung von chemischen Erzeugnissen;109,2;2020=100;VST066;Index d.tarifl. Monatsverdienste ohne Sonderzahl.
62221;Vj. Index der Tarifverdienste und Arbeitszeiten;JAHR;Jahr;2024;DINSGF;Früheres Bundesgebiet / Neue Länder;DN;Neue Länder;WZ08C7;WZ2008 (ausgewählte Positionen): Tarifindex;WZ08-20;Herstellung von chemischen Erzeugnissen;98,1;2020=100;VST018;Index der tariflichen Wochenarbeitszeit
62221;Vj. Index der Tarifverdienste und Arbeitszeiten;JAHR;Jahr;2024;DINSGF;Früheres Bundesgebiet / Neue Länder;DN;Neue Länder;WZ08C7;WZ2008 (ausgewählte Positionen): Tarifindex;WZ08-20;Herstellung von chemischen Erzeugnissen;111,4;2020=100;VST065;Index d.tarifl. Stundenverdienste ohne Sonderzahl.
62221;Vj. Index der Tarifverdienste und Arbeitszeiten;JAHR;Jahr;2017;DINSGF;Früheres Bundesgebiet / Neue Länder;DN;Neue Länder;WZ08C7;WZ2008 (ausgewählte Positionen): Tarifindex;WZ08-46;Großhandel (ohne Handel mit Kraftfahrzeugen);93,0;2020=100;VST072;Index d.tarifl. Stundenverdienste mit Sonderzahl.
62221;Vj. Index der Tarifverdienste und Arbeitszeiten;JAHR;Jahr;2017;DINSGF;Früheres Bundesgebiet / Neue Länder;DN;Neue Länder;WZ08C7;WZ2008 (ausgewählte Positionen): Tarifindex;WZ08-46;Großhandel (ohne Handel mit Kraftfahrzeugen);93,0;2020=100;VST073;Index d.tarifl. Monatsverdienste mit Sonderzahl.
62221;Vj. Index der Tarifverdienste und Arbeitszeiten;JAHR;Jahr;2017;DINSGF;Früheres Bundesgebiet / Neue Länder;DN;Neue Länder;WZ08C7;WZ2008 (ausgewählte Positionen): Tarifindex;WZ08-46;Großhandel (ohne Handel mit Kraftfahrzeugen);38,7;h;VST019;Durchschnittliche tarifliche Wochenarbeitszeit
62221;Vj. Index der Tarifverdienste und Arbeitszeiten;JAHR;Jahr;2017;DINSGF;Früheres Bundesgebiet / Neue Länder;DN;Neue Länder;WZ08C7;WZ2008 (ausgewählte Positionen): Tarifindex;WZ08-46;Großhandel (ohne Handel mit Kraftfahrzeugen);93,1;2020=100;VST066;Index d.tarifl. Monatsverdienste ohne Sonderzahl.
62221;Vj. Index der Tarifverdienste und Arbeitszeiten;JAHR;Jahr;2017;DINSGF;Früheres Bundesgebiet / Neue Länder;DN;Neue Länder;WZ08C7;WZ2008 (ausgewählte Positionen): Tarifindex;WZ08-46;Großhandel (ohne Handel mit Kraftfahrzeugen);100,0;2020=100;VST018;Index der tariflichen Wochenarbeitszeit
62221;Vj. Index der Tarifverdienste und Arbeitszeiten;JAHR;Jahr;2017;DINSGF;Früheres Bundesgebiet / Neue Länder;DN;Neue Länder;WZ08C7;WZ2008 (ausgewählte Positionen): Tarifindex;WZ08-46;Großhandel (ohne Handel mit Kraftfahrzeugen);93,1;2020=100;VST065;Index d.tarifl. Stundenverdienste ohne Sonderzahl.
62221;Vj. Index der Tarifverdienste und Arbeitszeiten;JAHR;Jahr;2017;DINSGF;Früheres Bundesgebiet / Neue Länder;DN;Neue Länder;WZ08C7;WZ2008 (ausgewählte Positionen): Tarifindex;WZ08-43;Vorb.Baustellenarbeiten, Bauinstall., sonst.Ausbau;90,1;2020=100;VST072;Index d.tarifl. Stundenverdienste mit Sonderzahl.
62221;Vj. Index der Tarifverdienste und Arbeitszeiten;JAHR;Jahr;2017;DINSGF;Früheres Bundesgebiet / Neue Länder;DN;Neue Länder;WZ08C7;WZ2008 (ausgewählte Positionen): Tarifindex;WZ08-43;Vorb.Baustellenarbeiten, Bauinstall., sonst.Ausbau;90,1;2020=100;VST073;Index d.tarifl. Monatsverdienste mit Sonderzahl.
62221;Vj. Index der Tarifverdienste und Arbeitszeiten;JAHR;Jahr;2017;DINSGF;Früheres Bundesgebiet / Neue Länder;DN;Neue Länder;WZ08C7;WZ2008 (ausgewählte Positionen): Tarifindex;WZ08-43;Vorb.Baustellenarbeiten, Bauinstall., sonst.Ausbau;39,7;h;VST019;Durchschnittliche tarifliche Wochenarbeitszeit
62221;Vj. Index der Tarifverdienste und Arbeitszeiten;JAHR;Jahr;2017;DINSGF;Früheres Bundesgebiet / Neue Länder;DN;Neue Länder;WZ08C7;WZ2008 (ausgewählte Positionen): Tarifindex;WZ08-43;Vorb.Baustellenarbeiten, Bauinstall., sonst.Ausbau;91,1;2020=100;VST066;Index d.tarifl. Monatsverdienste ohne Sonderzahl.
62221;Vj. Index der Tarifverdienste und Arbeitszeiten;JAHR;Jahr;2017;DINSGF;Früheres Bundesgebiet / Neue Länder;DN;Neue Länder;WZ08C7;WZ2008 (ausgewählte Positionen): Tarifindex;WZ08-43;Vorb.Baustellenarbeiten, Bauinstall., sonst.Ausbau;100,1;2020=100;VST018;Index der tariflichen Wochenarbeitszeit
62221;Vj. Index der Tarifverdienste und Arbeitszeiten;JAHR;Jahr;2017;DINSGF;Früheres Bundesgebiet / Neue Länder;DN;Neue Länder;WZ08C7;WZ2008 (ausgewählte Positionen): Tarifindex;WZ08-43;Vorb.Baustellenarbeiten, Bauinstall., sonst.Ausbau;91,0;2020=100;VST065;Index d.tarifl. Stundenverdienste ohne Sonderzahl.
62221;Vj. Index der Tarifverdienste und Arbeitszeiten;JAHR;Jahr;2022;DINSGF;Früheres Bundesgebiet / Neue Länder;DF;Früheres Bundesgebiet;WZ08C7;WZ2008 (ausgewählte Positionen): Tarifindex;WZ08-L;Grundstücks- und Wohnungswesen;103,8;2020=100;VST072;Index d.tarifl. Stundenverdienste mit Sonderzahl.
62221;Vj. Index der Tarifverdienste und Arbeitszeiten;JAHR;Jahr;2022;DINSGF;Früheres Bundesgebiet / Neue Länder;DF;Früheres Bundesgebiet;WZ08C7;WZ2008 (ausgewählte Positionen): Tarifindex;WZ08-L;Grundstücks- und Wohnungswesen;103,8;2020=100;VST073;Index d.tarifl. Monatsverdienste mit Sonderzahl.
62221;Vj. Index der Tarifverdienste und Arbeitszeiten;JAHR;Jahr;2022;DINSGF;Früheres Bundesgebiet / Neue Länder;DF;Früheres Bundesgebiet;WZ08C7;WZ2008 (ausgewählte Positionen): Tarifindex;WZ08-L;Grundstücks- und Wohnungswesen;38,1;h;VST019;Durchschnittliche tarifliche Wochenarbeitszeit
62221;Vj. Index der Tarifverdienste und Arbeitszeiten;JAHR;Jahr;2022;DINSGF;Früheres Bundesgebiet / Neue Länder;DF;Früheres Bundesgebiet;WZ08C7;WZ2008 (ausgewählte Positionen): Tarifindex;WZ08-L;Grundstücks- und Wohnungswesen;103,9;2020=100;VST066;Index d.tarifl. Monatsverdienste ohne Sonderzahl.
62221;Vj. Index der Tarifverdienste und Arbeitszeiten;JAHR;Jahr;2022;DINSGF;Früheres Bundesgebiet / Neue Länder;DF;Früheres Bundesgebiet;WZ08C7;WZ2008 (ausgewählte Positionen): Tarifindex;WZ08-L;Grundstücks- und Wohnungswesen;100,0;2020=100;VST018;Index der tariflichen Wochenarbeitszeit
62221;Vj. Index der Tarifverdienste und Arbeitszeiten;JAHR;Jahr;2022;DINSGF;Früheres Bundesgebiet / Neue Länder;DF;Früheres Bundesgebiet;WZ08C7;WZ2008 (ausgewählte Positionen): Tarifindex;WZ08-L;Grundstücks- und Wohnungswesen;103,9;2020=100;VST065;Index d.tarifl. Stundenverdienste ohne Sonderzahl.
62221;Vj. Index der Tarifverdienste und Arbeitszeiten;JAHR;Jahr;2024;DINSGF;Früheres Bundesgebiet / Neue Länder;DN;Neue Länder;WZ08C7;WZ2008 (ausgewählte Positionen): Tarifindex;WZ08-17;Herstellung von Papier, Pappe und Waren daraus;112,6;2020=100;VST072;Index d.tarifl. Stundenverdienste mit Sonderzahl.
62221;Vj. Index der Tarifverdienste und Arbeitszeiten;JAHR;Jahr;2024;DINSGF;Früheres Bundesgebiet / Neue Länder;DN;Neue Länder;WZ08C7;WZ2008 (ausgewählte Positionen): Tarifindex;WZ08-17;Herstellung von Papier, Pappe und Waren daraus;112,6;2020=100;VST073;Index d.tarifl. Monatsverdienste mit Sonderzahl.
62221;Vj. Index der Tarifverdienste und Arbeitszeiten;JAHR;Jahr;2024;DINSGF;Früheres Bundesgebiet / Neue Länder;DN;Neue Länder;WZ08C7;WZ2008 (ausgewählte Positionen): Tarifindex;WZ08-17;Herstellung von Papier, Pappe und Waren daraus;37,8;h;VST019;Durchschnittliche tarifliche Wochenarbeitszeit
62221;Vj. Index der Tarifverdienste und Arbeitszeiten;JAHR;Jahr;2024;DINSGF;Früheres Bundesgebiet / Neue Länder;DN;Neue Länder;WZ08C7;WZ2008 (ausgewählte Positionen): Tarifindex;WZ08-17;Herstellung von Papier, Pappe und Waren daraus;110,8;2020=100;VST066;Index d.tarifl. Monatsverdienste ohne Sonderzahl.
62221;Vj. Index der Tarifverdienste und Arbeitszeiten;JAHR;Jahr;2024;DINSGF;Früheres Bundesgebiet / Neue Länder;DN;Neue Länder;WZ08C7;WZ2008 (ausgewählte Positionen): Tarifindex;WZ08-17;Herstellung von Papier, Pappe und Waren daraus;100,0;2020=100;VST018;Index der tariflichen Wochenarbeitszeit
62221;Vj. Index der Tarifverdienste und Arbeitszeiten;JAHR;Jahr;2024;DINSGF;Früheres Bundesgebiet / Neue Länder;DN;Neue Länder;WZ08C7;WZ2008 (ausgewählte Positionen): Tarifindex;WZ08-17;Herstellung von Papier, Pappe und Waren daraus;110,8;2020=100;VST065;Index d.tarifl. Stundenverdienste ohne Sonderzahl.
62221;Vj. Index der Tarifverdienste und Arbeitszeiten;JAHR;Jahr;2020;DINSGF;Früheres Bundesgebiet / Neue Länder;DN;Neue Länder;WZ08C7;WZ2008 (ausgewählte Positionen): Tarifindex;WZ08-90;Kreative,künstlerische u.unterhaltende Tätigkeiten;100,0;2020=100;VST072;Index d.tarifl. Stundenverdienste mit Sonderzahl.
62221;Vj. Index der Tarifverdienste und Arbeitszeiten;JAHR;Jahr;2020;DINSGF;Früheres Bundesgebiet / Neue Länder;DN;Neue Länder;WZ08C7;WZ2008 (ausgewählte Positionen): Tarifindex;WZ08-90;Kreative,künstlerische u.unterhaltende Tätigkeiten;100,0;2020=100;VST073;Index d.tarifl. Monatsverdienste mit Sonderzahl.
62221;Vj. Index der Tarifverdienste und Arbeitszeiten;JAHR;Jahr;2020;DINSGF;Früheres Bundesgebiet / Neue Länder;DN;Neue Länder;WZ08C7;WZ2008 (ausgewählte Positionen): Tarifindex;WZ08-90;Kreative,künstlerische u.unterhaltende Tätigkeiten;39,0;h;VST019;Durchschnittliche tarifliche Wochenarbeitszeit
62221;Vj. Index der Tarifverdienste und Arbeitszeiten;JAHR;Jahr;2020;DINSGF;Früheres Bundesgebiet / Neue Länder;DN;Neue Länder;WZ08C7;WZ2008 (ausgewählte Positionen): Tarifindex;WZ08-90;Kreative,künstlerische u.unterhaltende Tätigkeiten;100,0;2020=100;VST066;Index d.tarifl. Monatsverdienste ohne Sonderzahl.
62221;Vj. Index der Tarifverdienste und Arbeitszeiten;JAHR;Jahr;2020;DINSGF;Früheres Bundesgebiet / Neue Länder;DN;Neue Länder;WZ08C7;WZ2008 (ausgewählte Positionen): Tarifindex;WZ08-90;Kreative,künstlerische u.unterhaltende Tätigkeiten;100,0;2020=100;VST018;Index der tariflichen Wochenarbeitszeit
62221;Vj. Index der Tarifverdienste und Arbeitszeiten;JAHR;Jahr;2020;DINSGF;Früheres Bundesgebiet / Neue Länder;DN;Neue Länder;WZ08C7;WZ2008 (ausgewählte Positionen): Tarifindex;WZ08-90;Kreative,künstlerische u.unterhaltende Tätigkeiten;100,0;2020=100;VST065;Index d.tarifl. Stundenverdienste ohne Sonderzahl.
62221;Vj. Index der Tarifverdienste und Arbeitszeiten;JAHR;Jahr;2017;DINSGF;Früheres Bundesgebiet / Neue Länder;DN;Neue Länder;WZ08C7;WZ2008 (ausgewählte Positionen): Tarifindex;WZ08-B;Bergbau und Gewinnung von Steinen und Erden;94,0;2020=100;VST072;Index d.tarifl. Stundenverdienste mit Sonderzahl.
62221;Vj. Index der Tarifverdienste und Arbeitszeiten;JAHR;Jahr;2017;DINSGF;Früheres Bundesgebiet / Neue Länder;DN;Neue Länder;WZ08C7;WZ2008 (ausgewählte Positionen): Tarifindex;WZ08-B;Bergbau und Gewinnung von Steinen und Erden;94,0;2020=100;VST073;Index d.tarifl. Monatsverdienste mit Sonderzahl.
62221;Vj. Index der Tarifverdienste und Arbeitszeiten;JAHR;Jahr;2017;DINSGF;Früheres Bundesgebiet / Neue Länder;DN;Neue Länder;WZ08C7;WZ2008 (ausgewählte Positionen): Tarifindex;WZ08-B;Bergbau und Gewinnung von Steinen und Erden;38,1;h;VST019;Durchschnittliche tarifliche Wochenarbeitszeit
62221;Vj. Index der Tarifverdienste und Arbeitszeiten;JAHR;Jahr;2017;DINSGF;Früheres Bundesgebiet / Neue Länder;DN;Neue Länder;WZ08C7;WZ2008 (ausgewählte Positionen): Tarifindex;WZ08-B;Bergbau und Gewinnung von Steinen und Erden;93,9;2020=100;VST066;Index d.tarifl. Monatsverdienste ohne Sonderzahl.
62221;Vj. Index der Tarifverdienste und Arbeitszeiten;JAHR;Jahr;2017;DINSGF;Früheres Bundesgebiet / Neue Länder;DN;Neue Länder;WZ08C7;WZ2008 (ausgewählte Positionen): Tarifindex;WZ08-B;Bergbau und Gewinnung von Steinen und Erden;100,0;2020=100;VST018;Index der tariflichen Wochenarbeitszeit
62221;Vj. Index der Tarifverdienste und Arbeitszeiten;JAHR;Jahr;2017;DINSGF;Früheres Bundesgebiet / Neue Länder;DN;Neue Länder;WZ08C7;WZ2008 (ausgewählte Positionen): Tarifindex;WZ08-B;Bergbau und Gewinnung von Steinen und Erden;93,9;2020=100;VST065;Index d.tarifl. Stundenverdienste ohne Sonderzahl.
62221;Vj. Index der Tarifverdienste und Arbeitszeiten;JAHR;Jahr;2018;DINSGF;Früheres Bundesgebiet / Neue Länder;DF;Früheres Bundesgebiet;WZ08C7;WZ2008 (ausgewählte Positionen): Tarifindex;WZ08-75;Veterinärwesen;93,9;2020=100;VST072;Index d.tarifl. Stundenverdienste mit Sonderzahl.
62221;Vj. Index der Tarifverdienste und Arbeitszeiten;JAHR;Jahr;2018;DINSGF;Früheres Bundesgebiet / Neue Länder;DF;Früheres Bundesgebiet;WZ08C7;WZ2008 (ausgewählte Positionen): Tarifindex;WZ08-75;Veterinärwesen;93,9;2020=100;VST073;Index d.tarifl. Monatsverdienste mit Sonderzahl.
62221;Vj. Index der Tarifverdienste und Arbeitszeiten;JAHR;Jahr;2018;DINSGF;Früheres Bundesgebiet / Neue Länder;DF;Früheres Bundesgebiet;WZ08C7;WZ2008 (ausgewählte Positionen): Tarifindex;WZ08-75;Veterinärwesen;39,7;h;VST019;Durchschnittliche tarifliche Wochenarbeitszeit
62221;Vj. Index der Tarifverdienste und Arbeitszeiten;JAHR;Jahr;2018;DINSGF;Früheres Bundesgebiet / Neue Länder;DF;Früheres Bundesgebiet;WZ08C7;WZ2008 (ausgewählte Positionen): Tarifindex;WZ08-75;Veterinärwesen;93,7;2020=100;VST066;Index d.tarifl. Monatsverdienste ohne Sonderzahl.
62221;Vj. Index der Tarifverdienste und Arbeitszeiten;JAHR;Jahr;2018;DINSGF;Früheres Bundesgebiet / Neue Länder;DF;Früheres Bundesgebiet;WZ08C7;WZ2008 (ausgewählte Positionen): Tarifindex;WZ08-75;Veterinärwesen;100,0;2020=100;VST018;Index der tariflichen Wochenarbeitszeit
62221;Vj. Index der Tarifverdienste und Arbeitszeiten;JAHR;Jahr;2018;DINSGF;Früheres Bundesgebiet / Neue Länder;DF;Früheres Bundesgebiet;WZ08C7;WZ2008 (ausgewählte Positionen): Tarifindex;WZ08-75;Veterinärwesen;93,7;2020=100;VST065;Index d.tarifl. Stundenverdienste ohne Sonderzahl.
62221;Vj. Index der Tarifverdienste und Arbeitszeiten;JAHR;Jahr;2016;DINSGF;Früheres Bundesgebiet / Neue Länder;DF;Früheres Bundesgebiet;WZ08C7;WZ2008 (ausgewählte Positionen): Tarifindex;WZ08-B-05;Produzierendes Gewerbe;90,5;2020=100;VST072;Index d.tarifl. Stundenverdienste mit Sonderzahl.
62221;Vj. Index der Tarifverdienste und Arbeitszeiten;JAHR;Jahr;2016;DINSGF;Früheres Bundesgebiet / Neue Länder;DF;Früheres Bundesgebiet;WZ08C7;WZ2008 (ausgewählte Positionen): Tarifindex;WZ08-B-05;Produzierendes Gewerbe;90,5;2020=100;VST073;Index d.tarifl. Monatsverdienste mit Sonderzahl.
62221;Vj. Index der Tarifverdienste und Arbeitszeiten;JAHR;Jahr;2016;DINSGF;Früheres Bundesgebiet / Neue Länder;DF;Früheres Bundesgebiet;WZ08C7;WZ2008 (ausgewählte Positionen): Tarifindex;WZ08-B-05;Produzierendes Gewerbe;36,7;h;VST019;Durchschnittliche tarifliche Wochenarbeitszeit
62221;Vj. Index der Tarifverdienste und Arbeitszeiten;JAHR;Jahr;2016;DINSGF;Früheres Bundesgebiet / Neue Länder;DF;Früheres Bundesgebiet;WZ08C7;WZ2008 (ausgewählte Positionen): Tarifindex;WZ08-B-05;Produzierendes Gewerbe;92,1;2020=100;VST066;Index d.tarifl. Monatsverdienste ohne Sonderzahl.
62221;Vj. Index der Tarifverdienste und Arbeitszeiten;JAHR;Jahr;2016;DINSGF;Früheres Bundesgebiet / Neue Länder;DF;Früheres Bundesgebiet;WZ08C7;WZ2008 (ausgewählte Positionen): Tarifindex;WZ08-B-05;Produzierendes Gewerbe;100,0;2020=100;VST018;Index der tariflichen Wochenarbeitszeit
62221;Vj. Index der Tarifverdienste und Arbeitszeiten;JAHR;Jahr;2016;DINSGF;Früheres Bundesgebiet / Neue Länder;DF;Früheres Bundesgebiet;WZ08C7;WZ2008 (ausgewählte Positionen): Tarifindex;WZ08-B-05;Produzierendes Gewerbe;92,1;2020=100;VST065;Index d.tarifl. Stundenverdienste ohne Sonderzahl.
62221;Vj. Index der Tarifverdienste und Arbeitszeiten;JAHR;Jahr;2020;DINSGF;Früheres Bundesgebiet / Neue Länder;DN;Neue Länder;WZ08C7;WZ2008 (ausgewählte Positionen): Tarifindex;WZ08-93;Dienstleistungen d.Sports,d.Unterhaltg.u.Erholung;100,0;2020=100;VST072;Index d.tarifl. Stundenverdienste mit Sonderzahl.
62221;Vj. Index der Tarifverdienste und Arbeitszeiten;JAHR;Jahr;2020;DINSGF;Früheres Bundesgebiet / Neue Länder;DN;Neue Länder;WZ08C7;WZ2008 (ausgewählte Positionen): Tarifindex;WZ08-93;Dienstleistungen d.Sports,d.Unterhaltg.u.Erholung;100,0;2020=100;VST073;Index d.tarifl. Monatsverdienste mit Sonderzahl.
62221;Vj. Index der Tarifverdienste und Arbeitszeiten;JAHR;Jahr;2020;DINSGF;Früheres Bundesgebiet / Neue Länder;DN;Neue Länder;WZ08C7;WZ2008 (ausgewählte Positionen): Tarifindex;WZ08-93;Dienstleistungen d.Sports,d.Unterhaltg.u.Erholung;38,8;h;VST019;Durchschnittliche tarifliche Wochenarbeitszeit
62221;Vj. Index der Tarifverdienste und Arbeitszeiten;JAHR;Jahr;2020;DINSGF;Früheres Bundesgebiet / Neue Länder;DN;Neue Länder;WZ08C7;WZ2008 (ausgewählte Positionen): Tarifindex;WZ08-93;Dienstleistungen d.Sports,d.Unterhaltg.u.Erholung;100,0;2020=100;VST066;Index d.tarifl. Monatsverdienste ohne Sonderzahl.
62221;Vj. Index der Tarifverdienste und Arbeitszeiten;JAHR;Jahr;2020;DINSGF;Früheres Bundesgebiet / Neue Länder;DN;Neue Länder;WZ08C7;WZ2008 (ausgewählte Positionen): Tarifindex;WZ08-93;Dienstleistungen d.Sports,d.Unterhaltg.u.Erholung;100,0;2020=100;VST018;Index der tariflichen Wochenarbeitszeit
62221;Vj. Index der Tarifverdienste und Arbeitszeiten;JAHR;Jahr;2020;DINSGF;Früheres Bundesgebiet / Neue Länder;DN;Neue Länder;WZ08C7;WZ2008 (ausgewählte Positionen): Tarifindex;WZ08-93;Dienstleistungen d.Sports,d.Unterhaltg.u.Erholung;100,0;2020=100;VST065;Index d.tarifl. Stundenverdienste ohne Sonderzahl.
62221;Vj. Index der Tarifverdienste und Arbeitszeiten;JAHR;Jahr;2018;DINSGF;Früheres Bundesgebiet / Neue Länder;DF;Früheres Bundesgebiet;WZ08C7;WZ2008 (ausgewählte Positionen): Tarifindex;WZ08-63;Informationsdienstleistungen;95,4;2020=100;VST072;Index d.tarifl. Stundenverdienste mit Sonderzahl.
62221;Vj. Index der Tarifverdienste und Arbeitszeiten;JAHR;Jahr;2018;DINSGF;Früheres Bundesgebiet / Neue Länder;DF;Früheres Bundesgebiet;WZ08C7;WZ2008 (ausgewählte Positionen): Tarifindex;WZ08-63;Informationsdienstleistungen;95,6;2020=100;VST073;Index d.tarifl. Monatsverdienste mit Sonderzahl.
62221;Vj. Index der Tarifverdienste und Arbeitszeiten;JAHR;Jahr;2018;DINSGF;Früheres Bundesgebiet / Neue Länder;DF;Früheres Bundesgebiet;WZ08C7;WZ2008 (ausgewählte Positionen): Tarifindex;WZ08-63;Informationsdienstleistungen;38,1;h;VST019;Durchschnittliche tarifliche Wochenarbeitszeit
62221;Vj. Index der Tarifverdienste und Arbeitszeiten;JAHR;Jahr;2018;DINSGF;Früheres Bundesgebiet / Neue Länder;DF;Früheres Bundesgebiet;WZ08C7;WZ2008 (ausgewählte Positionen): Tarifindex;WZ08-63;Informationsdienstleistungen;95,5;2020=100;VST066;Index d.tarifl. Monatsverdienste ohne Sonderzahl.
62221;Vj. Index der Tarifverdienste und Arbeitszeiten;JAHR;Jahr;2018;DINSGF;Früheres Bundesgebiet / Neue Länder;DF;Früheres Bundesgebiet;WZ08C7;WZ2008 (ausgewählte Positionen): Tarifindex;WZ08-63;Informationsdienstleistungen;100,1;2020=100;VST018;Index der tariflichen Wochenarbeitszeit
62221;Vj. Index der Tarifverdienste und Arbeitszeiten;JAHR;Jahr;2018;DINSGF;Früheres Bundesgebiet / Neue Länder;DF;Früheres Bundesgebiet;WZ08C7;WZ2008 (ausgewählte Positionen): Tarifindex;WZ08-63;Informationsdienstleistungen;95,3;2020=100;VST065;Index d.tarifl. Stundenverdienste ohne Sonderzahl.
62221;Vj. Index der Tarifverdienste und Arbeitszeiten;JAHR;Jahr;2024;DINSGF;Früheres Bundesgebiet / Neue Länder;DN;Neue Länder;WZ08C7;WZ2008 (ausgewählte Positionen): Tarifindex;WZ08-69-02;Rechts- und Steuerberatung, Unternehmensberatung;116,2;2020=100;VST072;Index d.tarifl. Stundenverdienste mit Sonderzahl.
62221;Vj. Index der Tarifverdienste und Arbeitszeiten;JAHR;Jahr;2024;DINSGF;Früheres Bundesgebiet / Neue Länder;DN;Neue Länder;WZ08C7;WZ2008 (ausgewählte Positionen): Tarifindex;WZ08-69-02;Rechts- und Steuerberatung, Unternehmensberatung;116,1;2020=100;VST073;Index d.tarifl. Monatsverdienste mit Sonderzahl.
62221;Vj. Index der Tarifverdienste und Arbeitszeiten;JAHR;Jahr;2024;DINSGF;Früheres Bundesgebiet / Neue Länder;DN;Neue Länder;WZ08C7;WZ2008 (ausgewählte Positionen): Tarifindex;WZ08-69-02;Rechts- und Steuerberatung, Unternehmensberatung;38,3;h;VST019;Durchschnittliche tarifliche Wochenarbeitszeit
62221;Vj. Index der Tarifverdienste und Arbeitszeiten;JAHR;Jahr;2024;DINSGF;Früheres Bundesgebiet / Neue Länder;DN;Neue Länder;WZ08C7;WZ2008 (ausgewählte Positionen): Tarifindex;WZ08-69-02;Rechts- und Steuerberatung, Unternehmensberatung;111,4;2020=100;VST066;Index d.tarifl. Monatsverdienste ohne Sonderzahl.
62221;Vj. Index der Tarifverdienste und Arbeitszeiten;JAHR;Jahr;2024;DINSGF;Früheres Bundesgebiet / Neue Länder;DN;Neue Länder;WZ08C7;WZ2008 (ausgewählte Positionen): Tarifindex;WZ08-69-02;Rechts- und Steuerberatung, Unternehmensberatung;99,9;2020=100;VST018;Index der tariflichen Wochenarbeitszeit
62221;Vj. Index der Tarifverdienste und Arbeitszeiten;JAHR;Jahr;2024;DINSGF;Früheres Bundesgebiet / Neue Länder;DN;Neue Länder;WZ08C7;WZ2008 (ausgewählte Positionen): Tarifindex;WZ08-69-02;Rechts- und Steuerberatung, Unternehmensberatung;111,6;2020=100;VST065;Index d.tarifl. Stundenverdienste ohne Sonderzahl.
62221;Vj. Index der Tarifverdienste und Arbeitszeiten;JAHR;Jahr;2018;DINSGF;Früheres Bundesgebiet / Neue Länder;DF;Früheres Bundesgebiet;WZ08C7;WZ2008 (ausgewählte Positionen): Tarifindex;WZ08-60;Rundfunkveranstalter;94,9;2020=100;VST072;Index d.tarifl. Stundenverdienste mit Sonderzahl.
62221;Vj. Index der Tarifverdienste und Arbeitszeiten;JAHR;Jahr;2018;DINSGF;Früheres Bundesgebiet / Neue Länder;DF;Früheres Bundesgebiet;WZ08C7;WZ2008 (ausgewählte Positionen): Tarifindex;WZ08-60;Rundfunkveranstalter;94,9;2020=100;VST073;Index d.tarifl. Monatsverdienste mit Sonderzahl.
62221;Vj. Index der Tarifverdienste und Arbeitszeiten;JAHR;Jahr;2018;DINSGF;Früheres Bundesgebiet / Neue Länder;DF;Früheres Bundesgebiet;WZ08C7;WZ2008 (ausgewählte Positionen): Tarifindex;WZ08-60;Rundfunkveranstalter;38,7;h;VST019;Durchschnittliche tarifliche Wochenarbeitszeit
62221;Vj. Index der Tarifverdienste und Arbeitszeiten;JAHR;Jahr;2018;DINSGF;Früheres Bundesgebiet / Neue Länder;DF;Früheres Bundesgebiet;WZ08C7;WZ2008 (ausgewählte Positionen): Tarifindex;WZ08-60;Rundfunkveranstalter;95,5;2020=100;VST066;Index d.tarifl. Monatsverdienste ohne Sonderzahl.
62221;Vj. Index der Tarifverdienste und Arbeitszeiten;JAHR;Jahr;2018;DINSGF;Früheres Bundesgebiet / Neue Länder;DF;Früheres Bundesgebiet;WZ08C7;WZ2008 (ausgewählte Positionen): Tarifindex;WZ08-60;Rundfunkveranstalter;100,0;2020=100;VST018;Index der tariflichen Wochenarbeitszeit
62221;Vj. Index der Tarifverdienste und Arbeitszeiten;JAHR;Jahr;2018;DINSGF;Früheres Bundesgebiet / Neue Länder;DF;Früheres Bundesgebiet;WZ08C7;WZ2008 (ausgewählte Positionen): Tarifindex;WZ08-60;Rundfunkveranstalter;95,5;2020=100;VST065;Index d.tarifl. Stundenverdienste ohne Sonderzahl.
62221;Vj. Index der Tarifverdienste und Arbeitszeiten;JAHR;Jahr;2024;DINSGF;Früheres Bundesgebiet / Neue Länder;DF;Früheres Bundesgebiet;WZ08C7;WZ2008 (ausgewählte Positionen): Tarifindex;WZ08-31;Herstellung von Möbeln;112,9;2020=100;VST072;Index d.tarifl. Stundenverdienste mit Sonderzahl.
62221;Vj. Index der Tarifverdienste und Arbeitszeiten;JAHR;Jahr;2024;DINSGF;Früheres Bundesgebiet / Neue Länder;DF;Früheres Bundesgebiet;WZ08C7;WZ2008 (ausgewählte Positionen): Tarifindex;WZ08-31;Herstellung von Möbeln;112,9;2020=100;VST073;Index d.tarifl. Monatsverdienste mit Sonderzahl.
62221;Vj. Index der Tarifverdienste und Arbeitszeiten;JAHR;Jahr;2024;DINSGF;Früheres Bundesgebiet / Neue Länder;DF;Früheres Bundesgebiet;WZ08C7;WZ2008 (ausgewählte Positionen): Tarifindex;WZ08-31;Herstellung von Möbeln;36,7;h;VST019;Durchschnittliche tarifliche Wochenarbeitszeit
62221;Vj. Index der Tarifverdienste und Arbeitszeiten;JAHR;Jahr;2024;DINSGF;Früheres Bundesgebiet / Neue Länder;DF;Früheres Bundesgebiet;WZ08C7;WZ2008 (ausgewählte Positionen): Tarifindex;WZ08-31;Herstellung von Möbeln;109,2;2020=100;VST066;Index d.tarifl. Monatsverdienste ohne Sonderzahl.
62221;Vj. Index der Tarifverdienste und Arbeitszeiten;JAHR;Jahr;2024;DINSGF;Früheres Bundesgebiet / Neue Länder;DF;Früheres Bundesgebiet;WZ08C7;WZ2008 (ausgewählte Positionen): Tarifindex;WZ08-31;Herstellung von Möbeln;100,0;2020=100;VST018;Index der tariflichen Wochenarbeitszeit
62221;Vj. Index der Tarifverdienste und Arbeitszeiten;JAHR;Jahr;2024;DINSGF;Früheres Bundesgebiet / Neue Länder;DF;Früheres Bundesgebiet;WZ08C7;WZ2008 (ausgewählte Positionen): Tarifindex;WZ08-31;Herstellung von Möbeln;109,2;2020=100;VST065;Index d.tarifl. Stundenverdienste ohne Sonderzahl.
62221;Vj. Index der Tarifverdienste und Arbeitszeiten;JAHR;Jahr;2016;DINSGF;Früheres Bundesgebiet / Neue Länder;DF;Früheres Bundesgebiet;WZ08C7;WZ2008 (ausgewählte Positionen): Tarifindex;WZ08-B-08;Produzierendes Gewerbe und Dienstleistungsbereich;90,1;2020=100;VST072;Index d.tarifl. Stundenverdienste mit Sonderzahl.
62221;Vj. Index der Tarifverdienste und Arbeitszeiten;JAHR;Jahr;2016;DINSGF;Früheres Bundesgebiet / Neue Länder;DF;Früheres Bundesgebiet;WZ08C7;WZ2008 (ausgewählte Positionen): Tarifindex;WZ08-B-08;Produzierendes Gewerbe und Dienstleistungsbereich;90,1;2020=100;VST073;Index d.tarifl. Monatsverdienste mit Sonderzahl.
62221;Vj. Index der Tarifverdienste und Arbeitszeiten;JAHR;Jahr;2016;DINSGF;Früheres Bundesgebiet / Neue Länder;DF;Früheres Bundesgebiet;WZ08C7;WZ2008 (ausgewählte Positionen): Tarifindex;WZ08-B-08;Produzierendes Gewerbe und Dienstleistungsbereich;38,4;h;VST019;Durchschnittliche tarifliche Wochenarbeitszeit
62221;Vj. Index der Tarifverdienste und Arbeitszeiten;JAHR;Jahr;2016;DINSGF;Früheres Bundesgebiet / Neue Länder;DF;Früheres Bundesgebiet;WZ08C7;WZ2008 (ausgewählte Positionen): Tarifindex;WZ08-B-08;Produzierendes Gewerbe und Dienstleistungsbereich;90,2;2020=100;VST066;Index d.tarifl. Monatsverdienste ohne Sonderzahl.
62221;Vj. Index der Tarifverdienste und Arbeitszeiten;JAHR;Jahr;2016;DINSGF;Früheres Bundesgebiet / Neue Länder;DF;Früheres Bundesgebiet;WZ08C7;WZ2008 (ausgewählte Positionen): Tarifindex;WZ08-B-08;Produzierendes Gewerbe und Dienstleistungsbereich;100,0;2020=100;VST018;Index der tariflichen Wochenarbeitszeit
62221;Vj. Index der Tarifverdienste und Arbeitszeiten;JAHR;Jahr;2016;DINSGF;Früheres Bundesgebiet / Neue Länder;DF;Früheres Bundesgebiet;WZ08C7;WZ2008 (ausgewählte Positionen): Tarifindex;WZ08-B-08;Produzierendes Gewerbe und Dienstleistungsbereich;90,2;2020=100;VST065;Index d.tarifl. Stundenverdienste ohne Sonderzahl.
62221;Vj. Index der Tarifverdienste und Arbeitszeiten;JAHR;Jahr;2018;DINSGF;Früheres Bundesgebiet / Neue Länder;DF;Früheres Bundesgebiet;WZ08C7;WZ2008 (ausgewählte Positionen): Tarifindex;WZ08-12;Tabakverarbeitung;95,3;2020=100;VST072;Index d.tarifl. Stundenverdienste mit Sonderzahl.
62221;Vj. Index der Tarifverdienste und Arbeitszeiten;JAHR;Jahr;2018;DINSGF;Früheres Bundesgebiet / Neue Länder;DF;Früheres Bundesgebiet;WZ08C7;WZ2008 (ausgewählte Positionen): Tarifindex;WZ08-12;Tabakverarbeitung;95,3;2020=100;VST073;Index d.tarifl. Monatsverdienste mit Sonderzahl.
62221;Vj. Index der Tarifverdienste und Arbeitszeiten;JAHR;Jahr;2018;DINSGF;Früheres Bundesgebiet / Neue Länder;DF;Früheres Bundesgebiet;WZ08C7;WZ2008 (ausgewählte Positionen): Tarifindex;WZ08-12;Tabakverarbeitung;37,6;h;VST019;Durchschnittliche tarifliche Wochenarbeitszeit
62221;Vj. Index der Tarifverdienste und Arbeitszeiten;JAHR;Jahr;2018;DINSGF;Früheres Bundesgebiet / Neue Länder;DF;Früheres Bundesgebiet;WZ08C7;WZ2008 (ausgewählte Positionen): Tarifindex;WZ08-12;Tabakverarbeitung;95,2;2020=100;VST066;Index d.tarifl. Monatsverdienste ohne Sonderzahl.
62221;Vj. Index der Tarifverdienste und Arbeitszeiten;JAHR;Jahr;2018;DINSGF;Früheres Bundesgebiet / Neue Länder;DF;Früheres Bundesgebiet;WZ08C7;WZ2008 (ausgewählte Positionen): Tarifindex;WZ08-12;Tabakverarbeitung;100,0;2020=100;VST018;Index der tariflichen Wochenarbeitszeit
62221;Vj. Index der Tarifverdienste und Arbeitszeiten;JAHR;Jahr;2018;DINSGF;Früheres Bundesgebiet / Neue Länder;DF;Früheres Bundesgebiet;WZ08C7;WZ2008 (ausgewählte Positionen): Tarifindex;WZ08-12;Tabakverarbeitung;95,2;2020=100;VST065;Index d.tarifl. Stundenverdienste ohne Sonderzahl.
62221;Vj. Index der Tarifverdienste und Arbeitszeiten;JAHR;Jahr;2018;DINSGF;Früheres Bundesgebiet / Neue Länder;DF;Früheres Bundesgebiet;WZ08C7;WZ2008 (ausgewählte Positionen): Tarifindex;WZ-X003;Gebrauchsgüterproduzenten;96,0;2020=100;VST072;Index d.tarifl. Stundenverdienste mit Sonderzahl.
62221;Vj. Index der Tarifverdienste und Arbeitszeiten;JAHR;Jahr;2018;DINSGF;Früheres Bundesgebiet / Neue Länder;DF;Früheres Bundesgebiet;WZ08C7;WZ2008 (ausgewählte Positionen): Tarifindex;WZ-X003;Gebrauchsgüterproduzenten;96,0;2020=100;VST073;Index d.tarifl. Monatsverdienste mit Sonderzahl.
62221;Vj. Index der Tarifverdienste und Arbeitszeiten;JAHR;Jahr;2018;DINSGF;Früheres Bundesgebiet / Neue Länder;DF;Früheres Bundesgebiet;WZ08C7;WZ2008 (ausgewählte Positionen): Tarifindex;WZ-X003;Gebrauchsgüterproduzenten;36,5;h;VST019;Durchschnittliche tarifliche Wochenarbeitszeit
62221;Vj. Index der Tarifverdienste und Arbeitszeiten;JAHR;Jahr;2018;DINSGF;Früheres Bundesgebiet / Neue Länder;DF;Früheres Bundesgebiet;WZ08C7;WZ2008 (ausgewählte Positionen): Tarifindex;WZ-X003;Gebrauchsgüterproduzenten;97,0;2020=100;VST066;Index d.tarifl. Monatsverdienste ohne Sonderzahl.
62221;Vj. Index der Tarifverdienste und Arbeitszeiten;JAHR;Jahr;2018;DINSGF;Früheres Bundesgebiet / Neue Länder;DF;Früheres Bundesgebiet;WZ08C7;WZ2008 (ausgewählte Positionen): Tarifindex;WZ-X003;Gebrauchsgüterproduzenten;100,0;2020=100;VST018;Index der tariflichen Wochenarbeitszeit
62221;Vj. Index der Tarifverdienste und Arbeitszeiten;JAHR;Jahr;2018;DINSGF;Früheres Bundesgebiet / Neue Länder;DF;Früheres Bundesgebiet;WZ08C7;WZ2008 (ausgewählte Positionen): Tarifindex;WZ-X003;Gebrauchsgüterproduzenten;97,0;2020=100;VST065;Index d.tarifl. Stundenverdienste ohne Sonderzahl.
62221;Vj. Index der Tarifverdienste und Arbeitszeiten;JAHR;Jahr;2024;DINSGF;Früheres Bundesgebiet / Neue Länder;DF;Früheres Bundesgebiet;WZ08C7;WZ2008 (ausgewählte Positionen): Tarifindex;WZ08-46;Großhandel (ohne Handel mit Kraftfahrzeugen);115,3;2020=100;VST072;Index d.tarifl. Stundenverdienste mit Sonderzahl.
62221;Vj. Index der Tarifverdienste und Arbeitszeiten;JAHR;Jahr;2024;DINSGF;Früheres Bundesgebiet / Neue Länder;DF;Früheres Bundesgebiet;WZ08C7;WZ2008 (ausgewählte Positionen): Tarifindex;WZ08-46;Großhandel (ohne Handel mit Kraftfahrzeugen);115,3;2020=100;VST073;Index d.tarifl. Monatsverdienste mit Sonderzahl.
62221;Vj. Index der Tarifverdienste und Arbeitszeiten;JAHR;Jahr;2024;DINSGF;Früheres Bundesgebiet / Neue Länder;DF;Früheres Bundesgebiet;WZ08C7;WZ2008 (ausgewählte Positionen): Tarifindex;WZ08-46;Großhandel (ohne Handel mit Kraftfahrzeugen);37,7;h;VST019;Durchschnittliche tarifliche Wochenarbeitszeit
62221;Vj. Index der Tarifverdienste und Arbeitszeiten;JAHR;Jahr;2024;DINSGF;Früheres Bundesgebiet / Neue Länder;DF;Früheres Bundesgebiet;WZ08C7;WZ2008 (ausgewählte Positionen): Tarifindex;WZ08-46;Großhandel (ohne Handel mit Kraftfahrzeugen);109,3;2020=100;VST066;Index d.tarifl. Monatsverdienste ohne Sonderzahl.
62221;Vj. Index der Tarifverdienste und Arbeitszeiten;JAHR;Jahr;2024;DINSGF;Früheres Bundesgebiet / Neue Länder;DF;Früheres Bundesgebiet;WZ08C7;WZ2008 (ausgewählte Positionen): Tarifindex;WZ08-46;Großhandel (ohne Handel mit Kraftfahrzeugen);100,0;2020=100;VST018;Index der tariflichen Wochenarbeitszeit
62221;Vj. Index der Tarifverdienste und Arbeitszeiten;JAHR;Jahr;2024;DINSGF;Früheres Bundesgebiet / Neue Länder;DF;Früheres Bundesgebiet;WZ08C7;WZ2008 (ausgewählte Positionen): Tarifindex;WZ08-46;Großhandel (ohne Handel mit Kraftfahrzeugen);109,3;2020=100;VST065;Index d.tarifl. Stundenverdienste ohne Sonderzahl.
62221;Vj. Index der Tarifverdienste und Arbeitszeiten;JAHR;Jahr;2018;DINSGF;Früheres Bundesgebiet / Neue Länder;DF;Früheres Bundesgebiet;WZ08C7;WZ2008 (ausgewählte Positionen): Tarifindex;WZ08-27;Herstellung von elektrischen Ausrüstungen;96,5;2020=100;VST072;Index d.tarifl. Stundenverdienste mit Sonderzahl.
62221;Vj. Index der Tarifverdienste und Arbeitszeiten;JAHR;Jahr;2018;DINSGF;Früheres Bundesgebiet / Neue Länder;DF;Früheres Bundesgebiet;WZ08C7;WZ2008 (ausgewählte Positionen): Tarifindex;WZ08-27;Herstellung von elektrischen Ausrüstungen;96,5;2020=100;VST073;Index d.tarifl. Monatsverdienste mit Sonderzahl.
62221;Vj. Index der Tarifverdienste und Arbeitszeiten;JAHR;Jahr;2018;DINSGF;Früheres Bundesgebiet / Neue Länder;DF;Früheres Bundesgebiet;WZ08C7;WZ2008 (ausgewählte Positionen): Tarifindex;WZ08-27;Herstellung von elektrischen Ausrüstungen;35,1;h;VST019;Durchschnittliche tarifliche Wochenarbeitszeit
62221;Vj. Index der Tarifverdienste und Arbeitszeiten;JAHR;Jahr;2018;DINSGF;Früheres Bundesgebiet / Neue Länder;DF;Früheres Bundesgebiet;WZ08C7;WZ2008 (ausgewählte Positionen): Tarifindex;WZ08-27;Herstellung von elektrischen Ausrüstungen;98,9;2020=100;VST066;Index d.tarifl. Monatsverdienste ohne Sonderzahl.
62221;Vj. Index der Tarifverdienste und Arbeitszeiten;JAHR;Jahr;2018;DINSGF;Früheres Bundesgebiet / Neue Länder;DF;Früheres Bundesgebiet;WZ08C7;WZ2008 (ausgewählte Positionen): Tarifindex;WZ08-27;Herstellung von elektrischen Ausrüstungen;100,0;2020=100;VST018;Index der tariflichen Wochenarbeitszeit
62221;Vj. Index der Tarifverdienste und Arbeitszeiten;JAHR;Jahr;2018;DINSGF;Früheres Bundesgebiet / Neue Länder;DF;Früheres Bundesgebiet;WZ08C7;WZ2008 (ausgewählte Positionen): Tarifindex;WZ08-27;Herstellung von elektrischen Ausrüstungen;98,9;2020=100;VST065;Index d.tarifl. Stundenverdienste ohne Sonderzahl.
62221;Vj. Index der Tarifverdienste und Arbeitszeiten;JAHR;Jahr;2018;DINSGF;Früheres Bundesgebiet / Neue Länder;DF;Früheres Bundesgebiet;WZ08C7;WZ2008 (ausgewählte Positionen): Tarifindex;WZ08-24;Metallerzeugung und -bearbeitung;95,7;2020=100;VST072;Index d.tarifl. Stundenverdienste mit Sonderzahl.
62221;Vj. Index der Tarifverdienste und Arbeitszeiten;JAHR;Jahr;2018;DINSGF;Früheres Bundesgebiet / Neue Länder;DF;Früheres Bundesgebiet;WZ08C7;WZ2008 (ausgewählte Positionen): Tarifindex;WZ08-24;Metallerzeugung und -bearbeitung;95,7;2020=100;VST073;Index d.tarifl. Monatsverdienste mit Sonderzahl.
62221;Vj. Index der Tarifverdienste und Arbeitszeiten;JAHR;Jahr;2018;DINSGF;Früheres Bundesgebiet / Neue Länder;DF;Früheres Bundesgebiet;WZ08C7;WZ2008 (ausgewählte Positionen): Tarifindex;WZ08-24;Metallerzeugung und -bearbeitung;35,1;h;VST019;Durchschnittliche tarifliche Wochenarbeitszeit
62221;Vj. Index der Tarifverdienste und Arbeitszeiten;JAHR;Jahr;2018;DINSGF;Früheres Bundesgebiet / Neue Länder;DF;Früheres Bundesgebiet;WZ08C7;WZ2008 (ausgewählte Positionen): Tarifindex;WZ08-24;Metallerzeugung und -bearbeitung;97,9;2020=100;VST066;Index d.tarifl. Monatsverdienste ohne Sonderzahl.
62221;Vj. Index der Tarifverdienste und Arbeitszeiten;JAHR;Jahr;2018;DINSGF;Früheres Bundesgebiet / Neue Länder;DF;Früheres Bundesgebiet;WZ08C7;WZ2008 (ausgewählte Positionen): Tarifindex;WZ08-24;Metallerzeugung und -bearbeitung;100,0;2020=100;VST018;Index der tariflichen Wochenarbeitszeit
62221;Vj. Index der Tarifverdienste und Arbeitszeiten;JAHR;Jahr;2018;DINSGF;Früheres Bundesgebiet / Neue Länder;DF;Früheres Bundesgebiet;WZ08C7;WZ2008 (ausgewählte Positionen): Tarifindex;WZ08-24;Metallerzeugung und -bearbeitung;97,9;2020=100;VST065;Index d.tarifl. Stundenverdienste ohne Sonderzahl.
62221;Vj. Index der Tarifverdienste und Arbeitszeiten;JAHR;Jahr;2025;DINSGF;Früheres Bundesgebiet / Neue Länder;DF;Früheres Bundesgebiet;WZ08C7;WZ2008 (ausgewählte Positionen): Tarifindex;WZ08-K;Erbringung v. Finanz- u. Versicherungsdienstleist.;113,3;2020=100;VST072;Index d.tarifl. Stundenverdienste mit Sonderzahl.
62221;Vj. Index der Tarifverdienste und Arbeitszeiten;JAHR;Jahr;2025;DINSGF;Früheres Bundesgebiet / Neue Länder;DF;Früheres Bundesgebiet;WZ08C7;WZ2008 (ausgewählte Positionen): Tarifindex;WZ08-K;Erbringung v. Finanz- u. Versicherungsdienstleist.;113,3;2020=100;VST073;Index d.tarifl. Monatsverdienste mit Sonderzahl.
62221;Vj. Index der Tarifverdienste und Arbeitszeiten;JAHR;Jahr;2025;DINSGF;Früheres Bundesgebiet / Neue Länder;DF;Früheres Bundesgebiet;WZ08C7;WZ2008 (ausgewählte Positionen): Tarifindex;WZ08-K;Erbringung v. Finanz- u. Versicherungsdienstleist.;38,7;h;VST019;Durchschnittliche tarifliche Wochenarbeitszeit
62221;Vj. Index der Tarifverdienste und Arbeitszeiten;JAHR;Jahr;2025;DINSGF;Früheres Bundesgebiet / Neue Länder;DF;Früheres Bundesgebiet;WZ08C7;WZ2008 (ausgewählte Positionen): Tarifindex;WZ08-K;Erbringung v. Finanz- u. Versicherungsdienstleist.;113,3;2020=100;VST066;Index d.tarifl. Monatsverdienste ohne Sonderzahl.
62221;Vj. Index der Tarifverdienste und Arbeitszeiten;JAHR;Jahr;2025;DINSGF;Früheres Bundesgebiet / Neue Länder;DF;Früheres Bundesgebiet;WZ08C7;WZ2008 (ausgewählte Positionen): Tarifindex;WZ08-K;Erbringung v. Finanz- u. Versicherungsdienstleist.;100,0;2020=100;VST018;Index der tariflichen Wochenarbeitszeit
62221;Vj. Index der Tarifverdienste und Arbeitszeiten;JAHR;Jahr;2025;DINSGF;Früheres Bundesgebiet / Neue Länder;DF;Früheres Bundesgebiet;WZ08C7;WZ2008 (ausgewählte Positionen): Tarifindex;WZ08-K;Erbringung v. Finanz- u. Versicherungsdienstleist.;113,3;2020=100;VST065;Index d.tarifl. Stundenverdienste ohne Sonderzahl.
62221;Vj. Index der Tarifverdienste und Arbeitszeiten;JAHR;Jahr;2016;DINSGF;Früheres Bundesgebiet / Neue Länder;DF;Früheres Bundesgebiet;WZ08C7;WZ2008 (ausgewählte Positionen): Tarifindex;WZ08-B-11;Produzierendes Gewerbe, Handel u.A.;90,6;2020=100;VST072;Index d.tarifl. Stundenverdienste mit Sonderzahl.
62221;Vj. Index der Tarifverdienste und Arbeitszeiten;JAHR;Jahr;2016;DINSGF;Früheres Bundesgebiet / Neue Länder;DF;Früheres Bundesgebiet;WZ08C7;WZ2008 (ausgewählte Positionen): Tarifindex;WZ08-B-11;Produzierendes Gewerbe, Handel u.A.;90,6;2020=100;VST073;Index d.tarifl. Monatsverdienste mit Sonderzahl.
62221;Vj. Index der Tarifverdienste und Arbeitszeiten;JAHR;Jahr;2016;DINSGF;Früheres Bundesgebiet / Neue Länder;DF;Früheres Bundesgebiet;WZ08C7;WZ2008 (ausgewählte Positionen): Tarifindex;WZ08-B-11;Produzierendes Gewerbe, Handel u.A.;38,1;h;VST019;Durchschnittliche tarifliche Wochenarbeitszeit
62221;Vj. Index der Tarifverdienste und Arbeitszeiten;JAHR;Jahr;2016;DINSGF;Früheres Bundesgebiet / Neue Länder;DF;Früheres Bundesgebiet;WZ08C7;WZ2008 (ausgewählte Positionen): Tarifindex;WZ08-B-11;Produzierendes Gewerbe, Handel u.A.;91,0;2020=100;VST066;Index d.tarifl. Monatsverdienste ohne Sonderzahl.
62221;Vj. Index der Tarifverdienste und Arbeitszeiten;JAHR;Jahr;2016;DINSGF;Früheres Bundesgebiet / Neue Länder;DF;Früheres Bundesgebiet;WZ08C7;WZ2008 (ausgewählte Positionen): Tarifindex;WZ08-B-11;Produzierendes Gewerbe, Handel u.A.;100,0;2020=100;VST018;Index der tariflichen Wochenarbeitszeit
62221;Vj. Index der Tarifverdienste und Arbeitszeiten;JAHR;Jahr;2016;DINSGF;Früheres Bundesgebiet / Neue Länder;DF;Früheres Bundesgebiet;WZ08C7;WZ2008 (ausgewählte Positionen): Tarifindex;WZ08-B-11;Produzierendes Gewerbe, Handel u.A.;91,0;2020=100;VST065;Index d.tarifl. Stundenverdienste ohne Sonderzahl.
62221;Vj. Index der Tarifverdienste und Arbeitszeiten;JAHR;Jahr;2022;DINSGF;Früheres Bundesgebiet / Neue Länder;DF;Früheres Bundesgebiet;WZ08C7;WZ2008 (ausgewählte Positionen): Tarifindex;WZ08-D-06;Energie- und Wasserversorgung;103,5;2020=100;VST072;Index d.tarifl. Stundenverdienste mit Sonderzahl.
62221;Vj. Index der Tarifverdienste und Arbeitszeiten;JAHR;Jahr;2022;DINSGF;Früheres Bundesgebiet / Neue Länder;DF;Früheres Bundesgebiet;WZ08C7;WZ2008 (ausgewählte Positionen): Tarifindex;WZ08-D-06;Energie- und Wasserversorgung;103,5;2020=100;VST073;Index d.tarifl. Monatsverdienste mit Sonderzahl.
62221;Vj. Index der Tarifverdienste und Arbeitszeiten;JAHR;Jahr;2022;DINSGF;Früheres Bundesgebiet / Neue Länder;DF;Früheres Bundesgebiet;WZ08C7;WZ2008 (ausgewählte Positionen): Tarifindex;WZ08-D-06;Energie- und Wasserversorgung;38,3;h;VST019;Durchschnittliche tarifliche Wochenarbeitszeit
62221;Vj. Index der Tarifverdienste und Arbeitszeiten;JAHR;Jahr;2022;DINSGF;Früheres Bundesgebiet / Neue Länder;DF;Früheres Bundesgebiet;WZ08C7;WZ2008 (ausgewählte Positionen): Tarifindex;WZ08-D-06;Energie- und Wasserversorgung;103,4;2020=100;VST066;Index d.tarifl. Monatsverdienste ohne Sonderzahl.
62221;Vj. Index der Tarifverdienste und Arbeitszeiten;JAHR;Jahr;2022;DINSGF;Früheres Bundesgebiet / Neue Länder;DF;Früheres Bundesgebiet;WZ08C7;WZ2008 (ausgewählte Positionen): Tarifindex;WZ08-D-06;Energie- und Wasserversorgung;100,0;2020=100;VST018;Index der tariflichen Wochenarbeitszeit
62221;Vj. Index der Tarifverdienste und Arbeitszeiten;JAHR;Jahr;2022;DINSGF;Früheres Bundesgebiet / Neue Länder;DF;Früheres Bundesgebiet;WZ08C7;WZ2008 (ausgewählte Positionen): Tarifindex;WZ08-D-06;Energie- und Wasserversorgung;103,4;2020=100;VST065;Index d.tarifl. Stundenverdienste ohne Sonderzahl.
62221;Vj. Index der Tarifverdienste und Arbeitszeiten;JAHR;Jahr;2016;DINSGF;Früheres Bundesgebiet / Neue Länder;DN;Neue Länder;WZ08C7;WZ2008 (ausgewählte Positionen): Tarifindex;WZ08-D-05;Energie- und Wasserversorgung, Entsorgung u.a.;92,3;2020=100;VST072;Index d.tarifl. Stundenverdienste mit Sonderzahl.
62221;Vj. Index der Tarifverdienste und Arbeitszeiten;JAHR;Jahr;2016;DINSGF;Früheres Bundesgebiet / Neue Länder;DN;Neue Länder;WZ08C7;WZ2008 (ausgewählte Positionen): Tarifindex;WZ08-D-05;Energie- und Wasserversorgung, Entsorgung u.a.;92,4;2020=100;VST073;Index d.tarifl. Monatsverdienste mit Sonderzahl.
62221;Vj. Index der Tarifverdienste und Arbeitszeiten;JAHR;Jahr;2016;DINSGF;Früheres Bundesgebiet / Neue Länder;DN;Neue Länder;WZ08C7;WZ2008 (ausgewählte Positionen): Tarifindex;WZ08-D-05;Energie- und Wasserversorgung, Entsorgung u.a.;38,5;h;VST019;Durchschnittliche tarifliche Wochenarbeitszeit
62221;Vj. Index der Tarifverdienste und Arbeitszeiten;JAHR;Jahr;2016;DINSGF;Früheres Bundesgebiet / Neue Länder;DN;Neue Länder;WZ08C7;WZ2008 (ausgewählte Positionen): Tarifindex;WZ08-D-05;Energie- und Wasserversorgung, Entsorgung u.a.;91,8;2020=100;VST066;Index d.tarifl. Monatsverdienste ohne Sonderzahl.
62221;Vj. Index der Tarifverdienste und Arbeitszeiten;JAHR;Jahr;2016;DINSGF;Früheres Bundesgebiet / Neue Länder;DN;Neue Länder;WZ08C7;WZ2008 (ausgewählte Positionen): Tarifindex;WZ08-D-05;Energie- und Wasserversorgung, Entsorgung u.a.;100,0;2020=100;VST018;Index der tariflichen Wochenarbeitszeit
62221;Vj. Index der Tarifverdienste und Arbeitszeiten;JAHR;Jahr;2016;DINSGF;Früheres Bundesgebiet / Neue Länder;DN;Neue Länder;WZ08C7;WZ2008 (ausgewählte Positionen): Tarifindex;WZ08-D-05;Energie- und Wasserversorgung, Entsorgung u.a.;91,8;2020=100;VST065;Index d.tarifl. Stundenverdienste ohne Sonderzahl.
62221;Vj. Index der Tarifverdienste und Arbeitszeiten;JAHR;Jahr;2018;DINSGF;Früheres Bundesgebiet / Neue Länder;DF;Früheres Bundesgebiet;WZ08C7;WZ2008 (ausgewählte Positionen): Tarifindex;WZ08-30;Sonstiger Fahrzeugbau;96,6;2020=100;VST072;Index d.tarifl. Stundenverdienste mit Sonderzahl.
62221;Vj. Index der Tarifverdienste und Arbeitszeiten;JAHR;Jahr;2018;DINSGF;Früheres Bundesgebiet / Neue Länder;DF;Früheres Bundesgebiet;WZ08C7;WZ2008 (ausgewählte Positionen): Tarifindex;WZ08-30;Sonstiger Fahrzeugbau;96,6;2020=100;VST073;Index d.tarifl. Monatsverdienste mit Sonderzahl.
62221;Vj. Index der Tarifverdienste und Arbeitszeiten;JAHR;Jahr;2018;DINSGF;Früheres Bundesgebiet / Neue Länder;DF;Früheres Bundesgebiet;WZ08C7;WZ2008 (ausgewählte Positionen): Tarifindex;WZ08-30;Sonstiger Fahrzeugbau;35,1;h;VST019;Durchschnittliche tarifliche Wochenarbeitszeit
62221;Vj. Index der Tarifverdienste und Arbeitszeiten;JAHR;Jahr;2018;DINSGF;Früheres Bundesgebiet / Neue Länder;DF;Früheres Bundesgebiet;WZ08C7;WZ2008 (ausgewählte Positionen): Tarifindex;WZ08-30;Sonstiger Fahrzeugbau;98,9;2020=100;VST066;Index d.tarifl. Monatsverdienste ohne Sonderzahl.
62221;Vj. Index der Tarifverdienste und Arbeitszeiten;JAHR;Jahr;2018;DINSGF;Früheres Bundesgebiet / Neue Länder;DF;Früheres Bundesgebiet;WZ08C7;WZ2008 (ausgewählte Positionen): Tarifindex;WZ08-30;Sonstiger Fahrzeugbau;100,0;2020=100;VST018;Index der tariflichen Wochenarbeitszeit
62221;Vj. Index der Tarifverdienste und Arbeitszeiten;JAHR;Jahr;2018;DINSGF;Früheres Bundesgebiet / Neue Länder;DF;Früheres Bundesgebiet;WZ08C7;WZ2008 (ausgewählte Positionen): Tarifindex;WZ08-30;Sonstiger Fahrzeugbau;98,9;2020=100;VST065;Index d.tarifl. Stundenverdienste ohne Sonderzahl.
62221;Vj. Index der Tarifverdienste und Arbeitszeiten;JAHR;Jahr;2025;DINSGF;Früheres Bundesgebiet / Neue Länder;DN;Neue Länder;WZ08C7;WZ2008 (ausgewählte Positionen): Tarifindex;WZ08-10-01;Ernährungsgewerbe und Tabakverarbeitung;123,1;2020=100;VST072;Index d.tarifl. Stundenverdienste mit Sonderzahl.
62221;Vj. Index der Tarifverdienste und Arbeitszeiten;JAHR;Jahr;2025;DINSGF;Früheres Bundesgebiet / Neue Länder;DN;Neue Länder;WZ08C7;WZ2008 (ausgewählte Positionen): Tarifindex;WZ08-10-01;Ernährungsgewerbe und Tabakverarbeitung;122,2;2020=100;VST073;Index d.tarifl. Monatsverdienste mit Sonderzahl.
62221;Vj. Index der Tarifverdienste und Arbeitszeiten;JAHR;Jahr;2025;DINSGF;Früheres Bundesgebiet / Neue Länder;DN;Neue Länder;WZ08C7;WZ2008 (ausgewählte Positionen): Tarifindex;WZ08-10-01;Ernährungsgewerbe und Tabakverarbeitung;38,5;h;VST019;Durchschnittliche tarifliche Wochenarbeitszeit
62221;Vj. Index der Tarifverdienste und Arbeitszeiten;JAHR;Jahr;2025;DINSGF;Früheres Bundesgebiet / Neue Länder;DN;Neue Länder;WZ08C7;WZ2008 (ausgewählte Positionen): Tarifindex;WZ08-10-01;Ernährungsgewerbe und Tabakverarbeitung;122,2;2020=100;VST066;Index d.tarifl. Monatsverdienste ohne Sonderzahl.
62221;Vj. Index der Tarifverdienste und Arbeitszeiten;JAHR;Jahr;2025;DINSGF;Früheres Bundesgebiet / Neue Länder;DN;Neue Länder;WZ08C7;WZ2008 (ausgewählte Positionen): Tarifindex;WZ08-10-01;Ernährungsgewerbe und Tabakverarbeitung;99,3;2020=100;VST018;Index der tariflichen Wochenarbeitszeit
62221;Vj. Index der Tarifverdienste und Arbeitszeiten;JAHR;Jahr;2025;DINSGF;Früheres Bundesgebiet / Neue Länder;DN;Neue Länder;WZ08C7;WZ2008 (ausgewählte Positionen): Tarifindex;WZ08-10-01;Ernährungsgewerbe und Tabakverarbeitung;123,1;2020=100;VST065;Index d.tarifl. Stundenverdienste ohne Sonderzahl.
62221;Vj. Index der Tarifverdienste und Arbeitszeiten;JAHR;Jahr;2024;DINSGF;Früheres Bundesgebiet / Neue Länder;DF;Früheres Bundesgebiet;WZ08C7;WZ2008 (ausgewählte Positionen): Tarifindex;WZ08-28;Maschinenbau;112,1;2020=100;VST072;Index d.tarifl. Stundenverdienste mit Sonderzahl.
62221;Vj. Index der Tarifverdienste und Arbeitszeiten;JAHR;Jahr;2024;DINSGF;Früheres Bundesgebiet / Neue Länder;DF;Früheres Bundesgebiet;WZ08C7;WZ2008 (ausgewählte Positionen): Tarifindex;WZ08-28;Maschinenbau;112,1;2020=100;VST073;Index d.tarifl. Monatsverdienste mit Sonderzahl.
62221;Vj. Index der Tarifverdienste und Arbeitszeiten;JAHR;Jahr;2024;DINSGF;Früheres Bundesgebiet / Neue Länder;DF;Früheres Bundesgebiet;WZ08C7;WZ2008 (ausgewählte Positionen): Tarifindex;WZ08-28;Maschinenbau;35,3;h;VST019;Durchschnittliche tarifliche Wochenarbeitszeit
62221;Vj. Index der Tarifverdienste und Arbeitszeiten;JAHR;Jahr;2024;DINSGF;Früheres Bundesgebiet / Neue Länder;DF;Früheres Bundesgebiet;WZ08C7;WZ2008 (ausgewählte Positionen): Tarifindex;WZ08-28;Maschinenbau;107,8;2020=100;VST066;Index d.tarifl. Monatsverdienste ohne Sonderzahl.
62221;Vj. Index der Tarifverdienste und Arbeitszeiten;JAHR;Jahr;2024;DINSGF;Früheres Bundesgebiet / Neue Länder;DF;Früheres Bundesgebiet;WZ08C7;WZ2008 (ausgewählte Positionen): Tarifindex;WZ08-28;Maschinenbau;100,0;2020=100;VST018;Index der tariflichen Wochenarbeitszeit
62221;Vj. Index der Tarifverdienste und Arbeitszeiten;JAHR;Jahr;2024;DINSGF;Früheres Bundesgebiet / Neue Länder;DF;Früheres Bundesgebiet;WZ08C7;WZ2008 (ausgewählte Positionen): Tarifindex;WZ08-28;Maschinenbau;107,8;2020=100;VST065;Index d.tarifl. Stundenverdienste ohne Sonderzahl.
62221;Vj. Index der Tarifverdienste und Arbeitszeiten;JAHR;Jahr;2018;DINSGF;Früheres Bundesgebiet / Neue Länder;DN;Neue Länder;WZ08C7;WZ2008 (ausgewählte Positionen): Tarifindex;WZ08-72-01;Forschung,Werbung u.Marktforschung,Veterinärwesen;94,8;2020=100;VST072;Index d.tarifl. Stundenverdienste mit Sonderzahl.
62221;Vj. Index der Tarifverdienste und Arbeitszeiten;JAHR;Jahr;2018;DINSGF;Früheres Bundesgebiet / Neue Länder;DN;Neue Länder;WZ08C7;WZ2008 (ausgewählte Positionen): Tarifindex;WZ08-72-01;Forschung,Werbung u.Marktforschung,Veterinärwesen;94,8;2020=100;VST073;Index d.tarifl. Monatsverdienste mit Sonderzahl.
62221;Vj. Index der Tarifverdienste und Arbeitszeiten;JAHR;Jahr;2018;DINSGF;Früheres Bundesgebiet / Neue Länder;DN;Neue Länder;WZ08C7;WZ2008 (ausgewählte Positionen): Tarifindex;WZ08-72-01;Forschung,Werbung u.Marktforschung,Veterinärwesen;38,9;h;VST019;Durchschnittliche tarifliche Wochenarbeitszeit
62221;Vj. Index der Tarifverdienste und Arbeitszeiten;JAHR;Jahr;2018;DINSGF;Früheres Bundesgebiet / Neue Länder;DN;Neue Länder;WZ08C7;WZ2008 (ausgewählte Positionen): Tarifindex;WZ08-72-01;Forschung,Werbung u.Marktforschung,Veterinärwesen;94,3;2020=100;VST066;Index d.tarifl. Monatsverdienste ohne Sonderzahl.
62221;Vj. Index der Tarifverdienste und Arbeitszeiten;JAHR;Jahr;2018;DINSGF;Früheres Bundesgebiet / Neue Länder;DN;Neue Länder;WZ08C7;WZ2008 (ausgewählte Positionen): Tarifindex;WZ08-72-01;Forschung,Werbung u.Marktforschung,Veterinärwesen;100,0;2020=100;VST018;Index der tariflichen Wochenarbeitszeit
62221;Vj. Index der Tarifverdienste und Arbeitszeiten;JAHR;Jahr;2018;DINSGF;Früheres Bundesgebiet / Neue Länder;DN;Neue Länder;WZ08C7;WZ2008 (ausgewählte Positionen): Tarifindex;WZ08-72-01;Forschung,Werbung u.Marktforschung,Veterinärwesen;94,3;2020=100;VST065;Index d.tarifl. Stundenverdienste ohne Sonderzahl.
62221;Vj. Index der Tarifverdienste und Arbeitszeiten;JAHR;Jahr;2017;DINSGF;Früheres Bundesgebiet / Neue Länder;DF;Früheres Bundesgebiet;WZ08C7;WZ2008 (ausgewählte Positionen): Tarifindex;WZ08-493;Sonstige Personenbeförderung im Landverkehr;90,8;2020=100;VST072;Index d.tarifl. Stundenverdienste mit Sonderzahl.
62221;Vj. Index der Tarifverdienste und Arbeitszeiten;JAHR;Jahr;2017;DINSGF;Früheres Bundesgebiet / Neue Länder;DF;Früheres Bundesgebiet;WZ08C7;WZ2008 (ausgewählte Positionen): Tarifindex;WZ08-493;Sonstige Personenbeförderung im Landverkehr;90,9;2020=100;VST073;Index d.tarifl. Monatsverdienste mit Sonderzahl.
62221;Vj. Index der Tarifverdienste und Arbeitszeiten;JAHR;Jahr;2017;DINSGF;Früheres Bundesgebiet / Neue Länder;DF;Früheres Bundesgebiet;WZ08C7;WZ2008 (ausgewählte Positionen): Tarifindex;WZ08-493;Sonstige Personenbeförderung im Landverkehr;39,1;h;VST019;Durchschnittliche tarifliche Wochenarbeitszeit
62221;Vj. Index der Tarifverdienste und Arbeitszeiten;JAHR;Jahr;2017;DINSGF;Früheres Bundesgebiet / Neue Länder;DF;Früheres Bundesgebiet;WZ08C7;WZ2008 (ausgewählte Positionen): Tarifindex;WZ08-493;Sonstige Personenbeförderung im Landverkehr;91,4;2020=100;VST066;Index d.tarifl. Monatsverdienste ohne Sonderzahl.
62221;Vj. Index der Tarifverdienste und Arbeitszeiten;JAHR;Jahr;2017;DINSGF;Früheres Bundesgebiet / Neue Länder;DF;Früheres Bundesgebiet;WZ08C7;WZ2008 (ausgewählte Positionen): Tarifindex;WZ08-493;Sonstige Personenbeförderung im Landverkehr;100,1;2020=100;VST018;Index der tariflichen Wochenarbeitszeit
62221;Vj. Index der Tarifverdienste und Arbeitszeiten;JAHR;Jahr;2017;DINSGF;Früheres Bundesgebiet / Neue Länder;DF;Früheres Bundesgebiet;WZ08C7;WZ2008 (ausgewählte Positionen): Tarifindex;WZ08-493;Sonstige Personenbeförderung im Landverkehr;91,4;2020=100;VST065;Index d.tarifl. Stundenverdienste ohne Sonderzahl.
62221;Vj. Index der Tarifverdienste und Arbeitszeiten;JAHR;Jahr;2020;DINSGF;Früheres Bundesgebiet / Neue Länder;DF;Früheres Bundesgebiet;WZ08C7;WZ2008 (ausgewählte Positionen): Tarifindex;WZ08-32;Herstellung von sonstigen Waren;100,0;2020=100;VST072;Index d.tarifl. Stundenverdienste mit Sonderzahl.
62221;Vj. Index der Tarifverdienste und Arbeitszeiten;JAHR;Jahr;2020;DINSGF;Früheres Bundesgebiet / Neue Länder;DF;Früheres Bundesgebiet;WZ08C7;WZ2008 (ausgewählte Positionen): Tarifindex;WZ08-32;Herstellung von sonstigen Waren;100,0;2020=100;VST073;Index d.tarifl. Monatsverdienste mit Sonderzahl.
62221;Vj. Index der Tarifverdienste und Arbeitszeiten;JAHR;Jahr;2020;DINSGF;Früheres Bundesgebiet / Neue Länder;DF;Früheres Bundesgebiet;WZ08C7;WZ2008 (ausgewählte Positionen): Tarifindex;WZ08-32;Herstellung von sonstigen Waren;36,2;h;VST019;Durchschnittliche tarifliche Wochenarbeitszeit
62221;Vj. Index der Tarifverdienste und Arbeitszeiten;JAHR;Jahr;2020;DINSGF;Früheres Bundesgebiet / Neue Länder;DF;Früheres Bundesgebiet;WZ08C7;WZ2008 (ausgewählte Positionen): Tarifindex;WZ08-32;Herstellung von sonstigen Waren;100,0;2020=100;VST066;Index d.tarifl. Monatsverdienste ohne Sonderzahl.
62221;Vj. Index der Tarifverdienste und Arbeitszeiten;JAHR;Jahr;2020;DINSGF;Früheres Bundesgebiet / Neue Länder;DF;Früheres Bundesgebiet;WZ08C7;WZ2008 (ausgewählte Positionen): Tarifindex;WZ08-32;Herstellung von sonstigen Waren;100,0;2020=100;VST018;Index der tariflichen Wochenarbeitszeit
62221;Vj. Index der Tarifverdienste und Arbeitszeiten;JAHR;Jahr;2020;DINSGF;Früheres Bundesgebiet / Neue Länder;DF;Früheres Bundesgebiet;WZ08C7;WZ2008 (ausgewählte Positionen): Tarifindex;WZ08-32;Herstellung von sonstigen Waren;100,0;2020=100;VST065;Index d.tarifl. Stundenverdienste ohne Sonderzahl.
62221;Vj. Index der Tarifverdienste und Arbeitszeiten;JAHR;Jahr;2017;DINSGF;Früheres Bundesgebiet / Neue Länder;DN;Neue Länder;WZ08C7;WZ2008 (ausgewählte Positionen): Tarifindex;WZ08-Q;Gesundheits- und Sozialwesen;91,3;2020=100;VST072;Index d.tarifl. Stundenverdienste mit Sonderzahl.
62221;Vj. Index der Tarifverdienste und Arbeitszeiten;JAHR;Jahr;2017;DINSGF;Früheres Bundesgebiet / Neue Länder;DN;Neue Länder;WZ08C7;WZ2008 (ausgewählte Positionen): Tarifindex;WZ08-Q;Gesundheits- und Sozialwesen;91,3;2020=100;VST073;Index d.tarifl. Monatsverdienste mit Sonderzahl.
62221;Vj. Index der Tarifverdienste und Arbeitszeiten;JAHR;Jahr;2017;DINSGF;Früheres Bundesgebiet / Neue Länder;DN;Neue Länder;WZ08C7;WZ2008 (ausgewählte Positionen): Tarifindex;WZ08-Q;Gesundheits- und Sozialwesen;39,4;h;VST019;Durchschnittliche tarifliche Wochenarbeitszeit
62221;Vj. Index der Tarifverdienste und Arbeitszeiten;JAHR;Jahr;2017;DINSGF;Früheres Bundesgebiet / Neue Länder;DN;Neue Länder;WZ08C7;WZ2008 (ausgewählte Positionen): Tarifindex;WZ08-Q;Gesundheits- und Sozialwesen;91,6;2020=100;VST066;Index d.tarifl. Monatsverdienste ohne Sonderzahl.
62221;Vj. Index der Tarifverdienste und Arbeitszeiten;JAHR;Jahr;2017;DINSGF;Früheres Bundesgebiet / Neue Länder;DN;Neue Länder;WZ08C7;WZ2008 (ausgewählte Positionen): Tarifindex;WZ08-Q;Gesundheits- und Sozialwesen;100,1;2020=100;VST018;Index der tariflichen Wochenarbeitszeit
62221;Vj. Index der Tarifverdienste und Arbeitszeiten;JAHR;Jahr;2017;DINSGF;Früheres Bundesgebiet / Neue Länder;DN;Neue Länder;WZ08C7;WZ2008 (ausgewählte Positionen): Tarifindex;WZ08-Q;Gesundheits- und Sozialwesen;91,6;2020=100;VST065;Index d.tarifl. Stundenverdienste ohne Sonderzahl.
62221;Vj. Index der Tarifverdienste und Arbeitszeiten;JAHR;Jahr;2017;DINSGF;Früheres Bundesgebiet / Neue Länder;DN;Neue Länder;WZ08C7;WZ2008 (ausgewählte Positionen): Tarifindex;WZ08-N;Sonstige wirtschaftliche Dienstleistungen;91,0;2020=100;VST072;Index d.tarifl. Stundenverdienste mit Sonderzahl.
62221;Vj. Index der Tarifverdienste und Arbeitszeiten;JAHR;Jahr;2017;DINSGF;Früheres Bundesgebiet / Neue Länder;DN;Neue Länder;WZ08C7;WZ2008 (ausgewählte Positionen): Tarifindex;WZ08-N;Sonstige wirtschaftliche Dienstleistungen;91,0;2020=100;VST073;Index d.tarifl. Monatsverdienste mit Sonderzahl.
62221;Vj. Index der Tarifverdienste und Arbeitszeiten;JAHR;Jahr;2017;DINSGF;Früheres Bundesgebiet / Neue Länder;DN;Neue Länder;WZ08C7;WZ2008 (ausgewählte Positionen): Tarifindex;WZ08-N;Sonstige wirtschaftliche Dienstleistungen;36,8;h;VST019;Durchschnittliche tarifliche Wochenarbeitszeit
62221;Vj. Index der Tarifverdienste und Arbeitszeiten;JAHR;Jahr;2017;DINSGF;Früheres Bundesgebiet / Neue Länder;DN;Neue Länder;WZ08C7;WZ2008 (ausgewählte Positionen): Tarifindex;WZ08-N;Sonstige wirtschaftliche Dienstleistungen;90,9;2020=100;VST066;Index d.tarifl. Monatsverdienste ohne Sonderzahl.
62221;Vj. Index der Tarifverdienste und Arbeitszeiten;JAHR;Jahr;2017;DINSGF;Früheres Bundesgebiet / Neue Länder;DN;Neue Länder;WZ08C7;WZ2008 (ausgewählte Positionen): Tarifindex;WZ08-N;Sonstige wirtschaftliche Dienstleistungen;100,0;2020=100;VST018;Index der tariflichen Wochenarbeitszeit
62221;Vj. Index der Tarifverdienste und Arbeitszeiten;JAHR;Jahr;2017;DINSGF;Früheres Bundesgebiet / Neue Länder;DN;Neue Länder;WZ08C7;WZ2008 (ausgewählte Positionen): Tarifindex;WZ08-N;Sonstige wirtschaftliche Dienstleistungen;90,9;2020=100;VST065;Index d.tarifl. Stundenverdienste ohne Sonderzahl.
62221;Vj. Index der Tarifverdienste und Arbeitszeiten;JAHR;Jahr;2021;DINSGF;Früheres Bundesgebiet / Neue Länder;DN;Neue Länder;WZ08C7;WZ2008 (ausgewählte Positionen): Tarifindex;WZ08-B-09;Produzierendes Gewerbe und wirtschaftl. Dienstl.;101,8;2020=100;VST072;Index d.tarifl. Stundenverdienste mit Sonderzahl.
62221;Vj. Index der Tarifverdienste und Arbeitszeiten;JAHR;Jahr;2021;DINSGF;Früheres Bundesgebiet / Neue Länder;DN;Neue Länder;WZ08C7;WZ2008 (ausgewählte Positionen): Tarifindex;WZ08-B-09;Produzierendes Gewerbe und wirtschaftl. Dienstl.;101,8;2020=100;VST073;Index d.tarifl. Monatsverdienste mit Sonderzahl.
62221;Vj. Index der Tarifverdienste und Arbeitszeiten;JAHR;Jahr;2021;DINSGF;Früheres Bundesgebiet / Neue Länder;DN;Neue Länder;WZ08C7;WZ2008 (ausgewählte Positionen): Tarifindex;WZ08-B-09;Produzierendes Gewerbe und wirtschaftl. Dienstl.;38,5;h;VST019;Durchschnittliche tarifliche Wochenarbeitszeit
62221;Vj. Index der Tarifverdienste und Arbeitszeiten;JAHR;Jahr;2021;DINSGF;Früheres Bundesgebiet / Neue Länder;DN;Neue Länder;WZ08C7;WZ2008 (ausgewählte Positionen): Tarifindex;WZ08-B-09;Produzierendes Gewerbe und wirtschaftl. Dienstl.;101,7;2020=100;VST066;Index d.tarifl. Monatsverdienste ohne Sonderzahl.
62221;Vj. Index der Tarifverdienste und Arbeitszeiten;JAHR;Jahr;2021;DINSGF;Früheres Bundesgebiet / Neue Länder;DN;Neue Länder;WZ08C7;WZ2008 (ausgewählte Positionen): Tarifindex;WZ08-B-09;Produzierendes Gewerbe und wirtschaftl. Dienstl.;100,0;2020=100;VST018;Index der tariflichen Wochenarbeitszeit
62221;Vj. Index der Tarifverdienste und Arbeitszeiten;JAHR;Jahr;2021;DINSGF;Früheres Bundesgebiet / Neue Länder;DN;Neue Länder;WZ08C7;WZ2008 (ausgewählte Positionen): Tarifindex;WZ08-B-09;Produzierendes Gewerbe und wirtschaftl. Dienstl.;101,8;2020=100;VST065;Index d.tarifl. Stundenverdienste ohne Sonderzahl.
62221;Vj. Index der Tarifverdienste und Arbeitszeiten;JAHR;Jahr;2021;DINSGF;Früheres Bundesgebiet / Neue Länder;DN;Neue Länder;WZ08C7;WZ2008 (ausgewählte Positionen): Tarifindex;WZ08-D-06;Energie- und Wasserversorgung;102,0;2020=100;VST072;Index d.tarifl. Stundenverdienste mit Sonderzahl.
62221;Vj. Index der Tarifverdienste und Arbeitszeiten;JAHR;Jahr;2021;DINSGF;Früheres Bundesgebiet / Neue Länder;DN;Neue Länder;WZ08C7;WZ2008 (ausgewählte Positionen): Tarifindex;WZ08-D-06;Energie- und Wasserversorgung;102,0;2020=100;VST073;Index d.tarifl. Monatsverdienste mit Sonderzahl.
62221;Vj. Index der Tarifverdienste und Arbeitszeiten;JAHR;Jahr;2021;DINSGF;Früheres Bundesgebiet / Neue Länder;DN;Neue Länder;WZ08C7;WZ2008 (ausgewählte Positionen): Tarifindex;WZ08-D-06;Energie- und Wasserversorgung;38,4;h;VST019;Durchschnittliche tarifliche Wochenarbeitszeit
62221;Vj. Index der Tarifverdienste und Arbeitszeiten;JAHR;Jahr;2021;DINSGF;Früheres Bundesgebiet / Neue Länder;DN;Neue Länder;WZ08C7;WZ2008 (ausgewählte Positionen): Tarifindex;WZ08-D-06;Energie- und Wasserversorgung;102,1;2020=100;VST066;Index d.tarifl. Monatsverdienste ohne Sonderzahl.
62221;Vj. Index der Tarifverdienste und Arbeitszeiten;JAHR;Jahr;2021;DINSGF;Früheres Bundesgebiet / Neue Länder;DN;Neue Länder;WZ08C7;WZ2008 (ausgewählte Positionen): Tarifindex;WZ08-D-06;Energie- und Wasserversorgung;100,0;2020=100;VST018;Index der tariflichen Wochenarbeitszeit
62221;Vj. Index der Tarifverdienste und Arbeitszeiten;JAHR;Jahr;2021;DINSGF;Früheres Bundesgebiet / Neue Länder;DN;Neue Länder;WZ08C7;WZ2008 (ausgewählte Positionen): Tarifindex;WZ08-D-06;Energie- und Wasserversorgung;102,1;2020=100;VST065;Index d.tarifl. Stundenverdienste ohne Sonderzahl.
62221;Vj. Index der Tarifverdienste und Arbeitszeiten;JAHR;Jahr;2024;DINSGF;Früheres Bundesgebiet / Neue Länder;DN;Neue Länder;WZ08C7;WZ2008 (ausgewählte Positionen): Tarifindex;WZ08-53;Post-, Kurier- und Expressdienste;113,7;2020=100;VST072;Index d.tarifl. Stundenverdienste mit Sonderzahl.
62221;Vj. Index der Tarifverdienste und Arbeitszeiten;JAHR;Jahr;2024;DINSGF;Früheres Bundesgebiet / Neue Länder;DN;Neue Länder;WZ08C7;WZ2008 (ausgewählte Positionen): Tarifindex;WZ08-53;Post-, Kurier- und Expressdienste;113,7;2020=100;VST073;Index d.tarifl. Monatsverdienste mit Sonderzahl.
62221;Vj. Index der Tarifverdienste und Arbeitszeiten;JAHR;Jahr;2024;DINSGF;Früheres Bundesgebiet / Neue Länder;DN;Neue Länder;WZ08C7;WZ2008 (ausgewählte Positionen): Tarifindex;WZ08-53;Post-, Kurier- und Expressdienste;38,5;h;VST019;Durchschnittliche tarifliche Wochenarbeitszeit
62221;Vj. Index der Tarifverdienste und Arbeitszeiten;JAHR;Jahr;2024;DINSGF;Früheres Bundesgebiet / Neue Länder;DN;Neue Länder;WZ08C7;WZ2008 (ausgewählte Positionen): Tarifindex;WZ08-53;Post-, Kurier- und Expressdienste;112,7;2020=100;VST066;Index d.tarifl. Monatsverdienste ohne Sonderzahl.
62221;Vj. Index der Tarifverdienste und Arbeitszeiten;JAHR;Jahr;2024;DINSGF;Früheres Bundesgebiet / Neue Länder;DN;Neue Länder;WZ08C7;WZ2008 (ausgewählte Positionen): Tarifindex;WZ08-53;Post-, Kurier- und Expressdienste;100,0;2020=100;VST018;Index der tariflichen Wochenarbeitszeit
62221;Vj. Index der Tarifverdienste und Arbeitszeiten;JAHR;Jahr;2024;DINSGF;Früheres Bundesgebiet / Neue Länder;DN;Neue Länder;WZ08C7;WZ2008 (ausgewählte Positionen): Tarifindex;WZ08-53;Post-, Kurier- und Expressdienste;112,7;2020=100;VST065;Index d.tarifl. Stundenverdienste ohne Sonderzahl.
62221;Vj. Index der Tarifverdienste und Arbeitszeiten;JAHR;Jahr;2025;DINSGF;Früheres Bundesgebiet / Neue Länder;DF;Früheres Bundesgebiet;WZ08C7;WZ2008 (ausgewählte Positionen): Tarifindex;WZ08-H;Verkehr und Lagerei;118,3;2020=100;VST072;Index d.tarifl. Stundenverdienste mit Sonderzahl.
62221;Vj. Index der Tarifverdienste und Arbeitszeiten;JAHR;Jahr;2025;DINSGF;Früheres Bundesgebiet / Neue Länder;DF;Früheres Bundesgebiet;WZ08C7;WZ2008 (ausgewählte Positionen): Tarifindex;WZ08-H;Verkehr und Lagerei;117,7;2020=100;VST073;Index d.tarifl. Monatsverdienste mit Sonderzahl.
62221;Vj. Index der Tarifverdienste und Arbeitszeiten;JAHR;Jahr;2025;DINSGF;Früheres Bundesgebiet / Neue Länder;DF;Früheres Bundesgebiet;WZ08C7;WZ2008 (ausgewählte Positionen): Tarifindex;WZ08-H;Verkehr und Lagerei;38,8;h;VST019;Durchschnittliche tarifliche Wochenarbeitszeit
62221;Vj. Index der Tarifverdienste und Arbeitszeiten;JAHR;Jahr;2025;DINSGF;Früheres Bundesgebiet / Neue Länder;DF;Früheres Bundesgebiet;WZ08C7;WZ2008 (ausgewählte Positionen): Tarifindex;WZ08-H;Verkehr und Lagerei;117,5;2020=100;VST066;Index d.tarifl. Monatsverdienste ohne Sonderzahl.
62221;Vj. Index der Tarifverdienste und Arbeitszeiten;JAHR;Jahr;2025;DINSGF;Früheres Bundesgebiet / Neue Länder;DF;Früheres Bundesgebiet;WZ08C7;WZ2008 (ausgewählte Positionen): Tarifindex;WZ08-H;Verkehr und Lagerei;99,6;2020=100;VST018;Index der tariflichen Wochenarbeitszeit
62221;Vj. Index der Tarifverdienste und Arbeitszeiten;JAHR;Jahr;2025;DINSGF;Früheres Bundesgebiet / Neue Länder;DF;Früheres Bundesgebiet;WZ08C7;WZ2008 (ausgewählte Positionen): Tarifindex;WZ08-H;Verkehr und Lagerei;118,0;2020=100;VST065;Index d.tarifl. Stundenverdienste ohne Sonderzahl.
62221;Vj. Index der Tarifverdienste und Arbeitszeiten;JAHR;Jahr;2018;DINSGF;Früheres Bundesgebiet / Neue Länder;DN;Neue Länder;WZ08C7;WZ2008 (ausgewählte Positionen): Tarifindex;WZ08-24-02;Metall- und Elektroindustrie;96,1;2020=100;VST072;Index d.tarifl. Stundenverdienste mit Sonderzahl.
62221;Vj. Index der Tarifverdienste und Arbeitszeiten;JAHR;Jahr;2018;DINSGF;Früheres Bundesgebiet / Neue Länder;DN;Neue Länder;WZ08C7;WZ2008 (ausgewählte Positionen): Tarifindex;WZ08-24-02;Metall- und Elektroindustrie;96,1;2020=100;VST073;Index d.tarifl. Monatsverdienste mit Sonderzahl.
62221;Vj. Index der Tarifverdienste und Arbeitszeiten;JAHR;Jahr;2018;DINSGF;Früheres Bundesgebiet / Neue Länder;DN;Neue Länder;WZ08C7;WZ2008 (ausgewählte Positionen): Tarifindex;WZ08-24-02;Metall- und Elektroindustrie;37,6;h;VST019;Durchschnittliche tarifliche Wochenarbeitszeit
62221;Vj. Index der Tarifverdienste und Arbeitszeiten;JAHR;Jahr;2018;DINSGF;Früheres Bundesgebiet / Neue Länder;DN;Neue Länder;WZ08C7;WZ2008 (ausgewählte Positionen): Tarifindex;WZ08-24-02;Metall- und Elektroindustrie;98,4;2020=100;VST066;Index d.tarifl. Monatsverdienste ohne Sonderzahl.
62221;Vj. Index der Tarifverdienste und Arbeitszeiten;JAHR;Jahr;2018;DINSGF;Früheres Bundesgebiet / Neue Länder;DN;Neue Länder;WZ08C7;WZ2008 (ausgewählte Positionen): Tarifindex;WZ08-24-02;Metall- und Elektroindustrie;100,0;2020=100;VST018;Index der tariflichen Wochenarbeitszeit
62221;Vj. Index der Tarifverdienste und Arbeitszeiten;JAHR;Jahr;2018;DINSGF;Früheres Bundesgebiet / Neue Länder;DN;Neue Länder;WZ08C7;WZ2008 (ausgewählte Positionen): Tarifindex;WZ08-24-02;Metall- und Elektroindustrie;98,3;2020=100;VST065;Index d.tarifl. Stundenverdienste ohne Sonderzahl.
62221;Vj. Index der Tarifverdienste und Arbeitszeiten;JAHR;Jahr;2024;DINSGF;Früheres Bundesgebiet / Neue Länder;DF;Früheres Bundesgebiet;WZ08C7;WZ2008 (ausgewählte Positionen): Tarifindex;WZ08-01;Landwirtschaft, Jagd und verbundene Tätigkeiten;117,0;2020=100;VST072;Index d.tarifl. Stundenverdienste mit Sonderzahl.
62221;Vj. Index der Tarifverdienste und Arbeitszeiten;JAHR;Jahr;2024;DINSGF;Früheres Bundesgebiet / Neue Länder;DF;Früheres Bundesgebiet;WZ08C7;WZ2008 (ausgewählte Positionen): Tarifindex;WZ08-01;Landwirtschaft, Jagd und verbundene Tätigkeiten;117,0;2020=100;VST073;Index d.tarifl. Monatsverdienste mit Sonderzahl.
62221;Vj. Index der Tarifverdienste und Arbeitszeiten;JAHR;Jahr;2024;DINSGF;Früheres Bundesgebiet / Neue Länder;DF;Früheres Bundesgebiet;WZ08C7;WZ2008 (ausgewählte Positionen): Tarifindex;WZ08-01;Landwirtschaft, Jagd und verbundene Tätigkeiten;39,5;h;VST019;Durchschnittliche tarifliche Wochenarbeitszeit
62221;Vj. Index der Tarifverdienste und Arbeitszeiten;JAHR;Jahr;2024;DINSGF;Früheres Bundesgebiet / Neue Länder;DF;Früheres Bundesgebiet;WZ08C7;WZ2008 (ausgewählte Positionen): Tarifindex;WZ08-01;Landwirtschaft, Jagd und verbundene Tätigkeiten;115,9;2020=100;VST066;Index d.tarifl. Monatsverdienste ohne Sonderzahl.
62221;Vj. Index der Tarifverdienste und Arbeitszeiten;JAHR;Jahr;2024;DINSGF;Früheres Bundesgebiet / Neue Länder;DF;Früheres Bundesgebiet;WZ08C7;WZ2008 (ausgewählte Positionen): Tarifindex;WZ08-01;Landwirtschaft, Jagd und verbundene Tätigkeiten;100,0;2020=100;VST018;Index der tariflichen Wochenarbeitszeit
62221;Vj. Index der Tarifverdienste und Arbeitszeiten;JAHR;Jahr;2024;DINSGF;Früheres Bundesgebiet / Neue Länder;DF;Früheres Bundesgebiet;WZ08C7;WZ2008 (ausgewählte Positionen): Tarifindex;WZ08-01;Landwirtschaft, Jagd und verbundene Tätigkeiten;115,9;2020=100;VST065;Index d.tarifl. Stundenverdienste ohne Sonderzahl.
62221;Vj. Index der Tarifverdienste und Arbeitszeiten;JAHR;Jahr;2020;DINSGF;Früheres Bundesgebiet / Neue Länder;DF;Früheres Bundesgebiet;WZ08C7;WZ2008 (ausgewählte Positionen): Tarifindex;WZ08-35;Energieversorgung;100,0;2020=100;VST072;Index d.tarifl. Stundenverdienste mit Sonderzahl.
62221;Vj. Index der Tarifverdienste und Arbeitszeiten;JAHR;Jahr;2020;DINSGF;Früheres Bundesgebiet / Neue Länder;DF;Früheres Bundesgebiet;WZ08C7;WZ2008 (ausgewählte Positionen): Tarifindex;WZ08-35;Energieversorgung;100,0;2020=100;VST073;Index d.tarifl. Monatsverdienste mit Sonderzahl.
62221;Vj. Index der Tarifverdienste und Arbeitszeiten;JAHR;Jahr;2020;DINSGF;Früheres Bundesgebiet / Neue Länder;DF;Früheres Bundesgebiet;WZ08C7;WZ2008 (ausgewählte Positionen): Tarifindex;WZ08-35;Energieversorgung;38,2;h;VST019;Durchschnittliche tarifliche Wochenarbeitszeit
62221;Vj. Index der Tarifverdienste und Arbeitszeiten;JAHR;Jahr;2020;DINSGF;Früheres Bundesgebiet / Neue Länder;DF;Früheres Bundesgebiet;WZ08C7;WZ2008 (ausgewählte Positionen): Tarifindex;WZ08-35;Energieversorgung;100,0;2020=100;VST066;Index d.tarifl. Monatsverdienste ohne Sonderzahl.
62221;Vj. Index der Tarifverdienste und Arbeitszeiten;JAHR;Jahr;2020;DINSGF;Früheres Bundesgebiet / Neue Länder;DF;Früheres Bundesgebiet;WZ08C7;WZ2008 (ausgewählte Positionen): Tarifindex;WZ08-35;Energieversorgung;100,0;2020=100;VST018;Index der tariflichen Wochenarbeitszeit
62221;Vj. Index der Tarifverdienste und Arbeitszeiten;JAHR;Jahr;2020;DINSGF;Früheres Bundesgebiet / Neue Länder;DF;Früheres Bundesgebiet;WZ08C7;WZ2008 (ausgewählte Positionen): Tarifindex;WZ08-35;Energieversorgung;100,0;2020=100;VST065;Index d.tarifl. Stundenverdienste ohne Sonderzahl.
62221;Vj. Index der Tarifverdienste und Arbeitszeiten;JAHR;Jahr;2025;DINSGF;Früheres Bundesgebiet / Neue Länder;DF;Früheres Bundesgebiet;WZ08C7;WZ2008 (ausgewählte Positionen): Tarifindex;WZ08-85;Erziehung und Unterricht;113,5;2020=100;VST072;Index d.tarifl. Stundenverdienste mit Sonderzahl.
62221;Vj. Index der Tarifverdienste und Arbeitszeiten;JAHR;Jahr;2025;DINSGF;Früheres Bundesgebiet / Neue Länder;DF;Früheres Bundesgebiet;WZ08C7;WZ2008 (ausgewählte Positionen): Tarifindex;WZ08-85;Erziehung und Unterricht;113,5;2020=100;VST073;Index d.tarifl. Monatsverdienste mit Sonderzahl.
62221;Vj. Index der Tarifverdienste und Arbeitszeiten;JAHR;Jahr;2025;DINSGF;Früheres Bundesgebiet / Neue Länder;DF;Früheres Bundesgebiet;WZ08C7;WZ2008 (ausgewählte Positionen): Tarifindex;WZ08-85;Erziehung und Unterricht;40,1;h;VST019;Durchschnittliche tarifliche Wochenarbeitszeit
62221;Vj. Index der Tarifverdienste und Arbeitszeiten;JAHR;Jahr;2025;DINSGF;Früheres Bundesgebiet / Neue Länder;DF;Früheres Bundesgebiet;WZ08C7;WZ2008 (ausgewählte Positionen): Tarifindex;WZ08-85;Erziehung und Unterricht;113,5;2020=100;VST066;Index d.tarifl. Monatsverdienste ohne Sonderzahl.
62221;Vj. Index der Tarifverdienste und Arbeitszeiten;JAHR;Jahr;2025;DINSGF;Früheres Bundesgebiet / Neue Länder;DF;Früheres Bundesgebiet;WZ08C7;WZ2008 (ausgewählte Positionen): Tarifindex;WZ08-85;Erziehung und Unterricht;100,0;2020=100;VST018;Index der tariflichen Wochenarbeitszeit
62221;Vj. Index der Tarifverdienste und Arbeitszeiten;JAHR;Jahr;2025;DINSGF;Früheres Bundesgebiet / Neue Länder;DF;Früheres Bundesgebiet;WZ08C7;WZ2008 (ausgewählte Positionen): Tarifindex;WZ08-85;Erziehung und Unterricht;113,5;2020=100;VST065;Index d.tarifl. Stundenverdienste ohne Sonderzahl.
62221;Vj. Index der Tarifverdienste und Arbeitszeiten;JAHR;Jahr;2017;DINSGF;Früheres Bundesgebiet / Neue Länder;DN;Neue Länder;WZ08C7;WZ2008 (ausgewählte Positionen): Tarifindex;WZ08-31;Herstellung von Möbeln;92,8;2020=100;VST072;Index d.tarifl. Stundenverdienste mit Sonderzahl.
62221;Vj. Index der Tarifverdienste und Arbeitszeiten;JAHR;Jahr;2017;DINSGF;Früheres Bundesgebiet / Neue Länder;DN;Neue Länder;WZ08C7;WZ2008 (ausgewählte Positionen): Tarifindex;WZ08-31;Herstellung von Möbeln;93,2;2020=100;VST073;Index d.tarifl. Monatsverdienste mit Sonderzahl.
62221;Vj. Index der Tarifverdienste und Arbeitszeiten;JAHR;Jahr;2017;DINSGF;Früheres Bundesgebiet / Neue Länder;DN;Neue Länder;WZ08C7;WZ2008 (ausgewählte Positionen): Tarifindex;WZ08-31;Herstellung von Möbeln;38,9;h;VST019;Durchschnittliche tarifliche Wochenarbeitszeit
62221;Vj. Index der Tarifverdienste und Arbeitszeiten;JAHR;Jahr;2017;DINSGF;Früheres Bundesgebiet / Neue Länder;DN;Neue Länder;WZ08C7;WZ2008 (ausgewählte Positionen): Tarifindex;WZ08-31;Herstellung von Möbeln;93,9;2020=100;VST066;Index d.tarifl. Monatsverdienste ohne Sonderzahl.
62221;Vj. Index der Tarifverdienste und Arbeitszeiten;JAHR;Jahr;2017;DINSGF;Früheres Bundesgebiet / Neue Länder;DN;Neue Länder;WZ08C7;WZ2008 (ausgewählte Positionen): Tarifindex;WZ08-31;Herstellung von Möbeln;100,4;2020=100;VST018;Index der tariflichen Wochenarbeitszeit
62221;Vj. Index der Tarifverdienste und Arbeitszeiten;JAHR;Jahr;2017;DINSGF;Früheres Bundesgebiet / Neue Länder;DN;Neue Länder;WZ08C7;WZ2008 (ausgewählte Positionen): Tarifindex;WZ08-31;Herstellung von Möbeln;93,6;2020=100;VST065;Index d.tarifl. Stundenverdienste ohne Sonderzahl.
62221;Vj. Index der Tarifverdienste und Arbeitszeiten;JAHR;Jahr;2025;DINSGF;Früheres Bundesgebiet / Neue Länder;DF;Früheres Bundesgebiet;WZ08C7;WZ2008 (ausgewählte Positionen): Tarifindex;WZ08-88;Sozialwesen (ohne Heime);117,2;2020=100;VST072;Index d.tarifl. Stundenverdienste mit Sonderzahl.
62221;Vj. Index der Tarifverdienste und Arbeitszeiten;JAHR;Jahr;2025;DINSGF;Früheres Bundesgebiet / Neue Länder;DF;Früheres Bundesgebiet;WZ08C7;WZ2008 (ausgewählte Positionen): Tarifindex;WZ08-88;Sozialwesen (ohne Heime);117,3;2020=100;VST073;Index d.tarifl. Monatsverdienste mit Sonderzahl.
62221;Vj. Index der Tarifverdienste und Arbeitszeiten;JAHR;Jahr;2025;DINSGF;Früheres Bundesgebiet / Neue Länder;DF;Früheres Bundesgebiet;WZ08C7;WZ2008 (ausgewählte Positionen): Tarifindex;WZ08-88;Sozialwesen (ohne Heime);39,1;h;VST019;Durchschnittliche tarifliche Wochenarbeitszeit
62221;Vj. Index der Tarifverdienste und Arbeitszeiten;JAHR;Jahr;2025;DINSGF;Früheres Bundesgebiet / Neue Länder;DF;Früheres Bundesgebiet;WZ08C7;WZ2008 (ausgewählte Positionen): Tarifindex;WZ08-88;Sozialwesen (ohne Heime);117,2;2020=100;VST066;Index d.tarifl. Monatsverdienste ohne Sonderzahl.
62221;Vj. Index der Tarifverdienste und Arbeitszeiten;JAHR;Jahr;2025;DINSGF;Früheres Bundesgebiet / Neue Länder;DF;Früheres Bundesgebiet;WZ08C7;WZ2008 (ausgewählte Positionen): Tarifindex;WZ08-88;Sozialwesen (ohne Heime);100,0;2020=100;VST018;Index der tariflichen Wochenarbeitszeit
62221;Vj. Index der Tarifverdienste und Arbeitszeiten;JAHR;Jahr;2025;DINSGF;Früheres Bundesgebiet / Neue Länder;DF;Früheres Bundesgebiet;WZ08C7;WZ2008 (ausgewählte Positionen): Tarifindex;WZ08-88;Sozialwesen (ohne Heime);117,2;2020=100;VST065;Index d.tarifl. Stundenverdienste ohne Sonderzahl.
62221;Vj. Index der Tarifverdienste und Arbeitszeiten;JAHR;Jahr;2017;DINSGF;Früheres Bundesgebiet / Neue Länder;DN;Neue Länder;WZ08C7;WZ2008 (ausgewählte Positionen): Tarifindex;WZ08-58;Verlagswesen;94,9;2020=100;VST072;Index d.tarifl. Stundenverdienste mit Sonderzahl.
62221;Vj. Index der Tarifverdienste und Arbeitszeiten;JAHR;Jahr;2017;DINSGF;Früheres Bundesgebiet / Neue Länder;DN;Neue Länder;WZ08C7;WZ2008 (ausgewählte Positionen): Tarifindex;WZ08-58;Verlagswesen;94,9;2020=100;VST073;Index d.tarifl. Monatsverdienste mit Sonderzahl.
62221;Vj. Index der Tarifverdienste und Arbeitszeiten;JAHR;Jahr;2017;DINSGF;Früheres Bundesgebiet / Neue Länder;DN;Neue Länder;WZ08C7;WZ2008 (ausgewählte Positionen): Tarifindex;WZ08-58;Verlagswesen;36,4;h;VST019;Durchschnittliche tarifliche Wochenarbeitszeit
62221;Vj. Index der Tarifverdienste und Arbeitszeiten;JAHR;Jahr;2017;DINSGF;Früheres Bundesgebiet / Neue Länder;DN;Neue Länder;WZ08C7;WZ2008 (ausgewählte Positionen): Tarifindex;WZ08-58;Verlagswesen;94,9;2020=100;VST066;Index d.tarifl. Monatsverdienste ohne Sonderzahl.
62221;Vj. Index der Tarifverdienste und Arbeitszeiten;JAHR;Jahr;2017;DINSGF;Früheres Bundesgebiet / Neue Länder;DN;Neue Länder;WZ08C7;WZ2008 (ausgewählte Positionen): Tarifindex;WZ08-58;Verlagswesen;100,0;2020=100;VST018;Index der tariflichen Wochenarbeitszeit
62221;Vj. Index der Tarifverdienste und Arbeitszeiten;JAHR;Jahr;2017;DINSGF;Früheres Bundesgebiet / Neue Länder;DN;Neue Länder;WZ08C7;WZ2008 (ausgewählte Positionen): Tarifindex;WZ08-58;Verlagswesen;94,9;2020=100;VST065;Index d.tarifl. Stundenverdienste ohne Sonderzahl.
62221;Vj. Index der Tarifverdienste und Arbeitszeiten;JAHR;Jahr;2017;DINSGF;Früheres Bundesgebiet / Neue Länder;DN;Neue Länder;WZ08C7;WZ2008 (ausgewählte Positionen): Tarifindex;WZ08-E;Wasserversorg.,Entsorg.,Beseitig.v.Umweltverschm.;92,7;2020=100;VST072;Index d.tarifl. Stundenverdienste mit Sonderzahl.
62221;Vj. Index der Tarifverdienste und Arbeitszeiten;JAHR;Jahr;2017;DINSGF;Früheres Bundesgebiet / Neue Länder;DN;Neue Länder;WZ08C7;WZ2008 (ausgewählte Positionen): Tarifindex;WZ08-E;Wasserversorg.,Entsorg.,Beseitig.v.Umweltverschm.;92,7;2020=100;VST073;Index d.tarifl. Monatsverdienste mit Sonderzahl.
62221;Vj. Index der Tarifverdienste und Arbeitszeiten;JAHR;Jahr;2017;DINSGF;Früheres Bundesgebiet / Neue Länder;DN;Neue Länder;WZ08C7;WZ2008 (ausgewählte Positionen): Tarifindex;WZ08-E;Wasserversorg.,Entsorg.,Beseitig.v.Umweltverschm.;39,0;h;VST019;Durchschnittliche tarifliche Wochenarbeitszeit
62221;Vj. Index der Tarifverdienste und Arbeitszeiten;JAHR;Jahr;2017;DINSGF;Früheres Bundesgebiet / Neue Länder;DN;Neue Länder;WZ08C7;WZ2008 (ausgewählte Positionen): Tarifindex;WZ08-E;Wasserversorg.,Entsorg.,Beseitig.v.Umweltverschm.;93,2;2020=100;VST066;Index d.tarifl. Monatsverdienste ohne Sonderzahl.
62221;Vj. Index der Tarifverdienste und Arbeitszeiten;JAHR;Jahr;2017;DINSGF;Früheres Bundesgebiet / Neue Länder;DN;Neue Länder;WZ08C7;WZ2008 (ausgewählte Positionen): Tarifindex;WZ08-E;Wasserversorg.,Entsorg.,Beseitig.v.Umweltverschm.;100,0;2020=100;VST018;Index der tariflichen Wochenarbeitszeit
62221;Vj. Index der Tarifverdienste und Arbeitszeiten;JAHR;Jahr;2017;DINSGF;Früheres Bundesgebiet / Neue Länder;DN;Neue Länder;WZ08C7;WZ2008 (ausgewählte Positionen): Tarifindex;WZ08-E;Wasserversorg.,Entsorg.,Beseitig.v.Umweltverschm.;93,2;2020=100;VST065;Index d.tarifl. Stundenverdienste ohne Sonderzahl.
62221;Vj. Index der Tarifverdienste und Arbeitszeiten;JAHR;Jahr;2020;DINSGF;Früheres Bundesgebiet / Neue Länder;DF;Früheres Bundesgebiet;WZ08C7;WZ2008 (ausgewählte Positionen): Tarifindex;WZ08-F;Baugewerbe;100,0;2020=100;VST072;Index d.tarifl. Stundenverdienste mit Sonderzahl.
62221;Vj. Index der Tarifverdienste und Arbeitszeiten;JAHR;Jahr;2020;DINSGF;Früheres Bundesgebiet / Neue Länder;DF;Früheres Bundesgebiet;WZ08C7;WZ2008 (ausgewählte Positionen): Tarifindex;WZ08-F;Baugewerbe;100,0;2020=100;VST073;Index d.tarifl. Monatsverdienste mit Sonderzahl.
62221;Vj. Index der Tarifverdienste und Arbeitszeiten;JAHR;Jahr;2020;DINSGF;Früheres Bundesgebiet / Neue Länder;DF;Früheres Bundesgebiet;WZ08C7;WZ2008 (ausgewählte Positionen): Tarifindex;WZ08-F;Baugewerbe;39,4;h;VST019;Durchschnittliche tarifliche Wochenarbeitszeit
62221;Vj. Index der Tarifverdienste und Arbeitszeiten;JAHR;Jahr;2020;DINSGF;Früheres Bundesgebiet / Neue Länder;DF;Früheres Bundesgebiet;WZ08C7;WZ2008 (ausgewählte Positionen): Tarifindex;WZ08-F;Baugewerbe;100,0;2020=100;VST066;Index d.tarifl. Monatsverdienste ohne Sonderzahl.
62221;Vj. Index der Tarifverdienste und Arbeitszeiten;JAHR;Jahr;2020;DINSGF;Früheres Bundesgebiet / Neue Länder;DF;Früheres Bundesgebiet;WZ08C7;WZ2008 (ausgewählte Positionen): Tarifindex;WZ08-F;Baugewerbe;100,0;2020=100;VST018;Index der tariflichen Wochenarbeitszeit
62221;Vj. Index der Tarifverdienste und Arbeitszeiten;JAHR;Jahr;2020;DINSGF;Früheres Bundesgebiet / Neue Länder;DF;Früheres Bundesgebiet;WZ08C7;WZ2008 (ausgewählte Positionen): Tarifindex;WZ08-F;Baugewerbe;100,0;2020=100;VST065;Index d.tarifl. Stundenverdienste ohne Sonderzahl.
62221;Vj. Index der Tarifverdienste und Arbeitszeiten;JAHR;Jahr;2020;DINSGF;Früheres Bundesgebiet / Neue Länder;DF;Früheres Bundesgebiet;WZ08C7;WZ2008 (ausgewählte Positionen): Tarifindex;WZ08-I;Gastgewerbe;100,0;2020=100;VST072;Index d.tarifl. Stundenverdienste mit Sonderzahl.
62221;Vj. Index der Tarifverdienste und Arbeitszeiten;JAHR;Jahr;2020;DINSGF;Früheres Bundesgebiet / Neue Länder;DF;Früheres Bundesgebiet;WZ08C7;WZ2008 (ausgewählte Positionen): Tarifindex;WZ08-I;Gastgewerbe;100,0;2020=100;VST073;Index d.tarifl. Monatsverdienste mit Sonderzahl.
62221;Vj. Index der Tarifverdienste und Arbeitszeiten;JAHR;Jahr;2020;DINSGF;Früheres Bundesgebiet / Neue Länder;DF;Früheres Bundesgebiet;WZ08C7;WZ2008 (ausgewählte Positionen): Tarifindex;WZ08-I;Gastgewerbe;39,0;h;VST019;Durchschnittliche tarifliche Wochenarbeitszeit
62221;Vj. Index der Tarifverdienste und Arbeitszeiten;JAHR;Jahr;2020;DINSGF;Früheres Bundesgebiet / Neue Länder;DF;Früheres Bundesgebiet;WZ08C7;WZ2008 (ausgewählte Positionen): Tarifindex;WZ08-I;Gastgewerbe;100,0;2020=100;VST066;Index d.tarifl. Monatsverdienste ohne Sonderzahl.
62221;Vj. Index der Tarifverdienste und Arbeitszeiten;JAHR;Jahr;2020;DINSGF;Früheres Bundesgebiet / Neue Länder;DF;Früheres Bundesgebiet;WZ08C7;WZ2008 (ausgewählte Positionen): Tarifindex;WZ08-I;Gastgewerbe;100,0;2020=100;VST018;Index der tariflichen Wochenarbeitszeit
62221;Vj. Index der Tarifverdienste und Arbeitszeiten;JAHR;Jahr;2020;DINSGF;Früheres Bundesgebiet / Neue Länder;DF;Früheres Bundesgebiet;WZ08C7;WZ2008 (ausgewählte Positionen): Tarifindex;WZ08-I;Gastgewerbe;100,0;2020=100;VST065;Index d.tarifl. Stundenverdienste ohne Sonderzahl.
62221;Vj. Index der Tarifverdienste und Arbeitszeiten;JAHR;Jahr;2024;DINSGF;Früheres Bundesgebiet / Neue Länder;DN;Neue Länder;WZ08C7;WZ2008 (ausgewählte Positionen): Tarifindex;WZ08-35;Energieversorgung;116,3;2020=100;VST072;Index d.tarifl. Stundenverdienste mit Sonderzahl.
62221;Vj. Index der Tarifverdienste und Arbeitszeiten;JAHR;Jahr;2024;DINSGF;Früheres Bundesgebiet / Neue Länder;DN;Neue Länder;WZ08C7;WZ2008 (ausgewählte Positionen): Tarifindex;WZ08-35;Energieversorgung;116,2;2020=100;VST073;Index d.tarifl. Monatsverdienste mit Sonderzahl.
62221;Vj. Index der Tarifverdienste und Arbeitszeiten;JAHR;Jahr;2024;DINSGF;Früheres Bundesgebiet / Neue Länder;DN;Neue Länder;WZ08C7;WZ2008 (ausgewählte Positionen): Tarifindex;WZ08-35;Energieversorgung;38,1;h;VST019;Durchschnittliche tarifliche Wochenarbeitszeit
62221;Vj. Index der Tarifverdienste und Arbeitszeiten;JAHR;Jahr;2024;DINSGF;Früheres Bundesgebiet / Neue Länder;DN;Neue Länder;WZ08C7;WZ2008 (ausgewählte Positionen): Tarifindex;WZ08-35;Energieversorgung;112,6;2020=100;VST066;Index d.tarifl. Monatsverdienste ohne Sonderzahl.
62221;Vj. Index der Tarifverdienste und Arbeitszeiten;JAHR;Jahr;2024;DINSGF;Früheres Bundesgebiet / Neue Länder;DN;Neue Länder;WZ08C7;WZ2008 (ausgewählte Positionen): Tarifindex;WZ08-35;Energieversorgung;99,9;2020=100;VST018;Index der tariflichen Wochenarbeitszeit
62221;Vj. Index der Tarifverdienste und Arbeitszeiten;JAHR;Jahr;2024;DINSGF;Früheres Bundesgebiet / Neue Länder;DN;Neue Länder;WZ08C7;WZ2008 (ausgewählte Positionen): Tarifindex;WZ08-35;Energieversorgung;112,7;2020=100;VST065;Index d.tarifl. Stundenverdienste ohne Sonderzahl.
62221;Vj. Index der Tarifverdienste und Arbeitszeiten;JAHR;Jahr;2020;DINSGF;Früheres Bundesgebiet / Neue Länder;DF;Früheres Bundesgebiet;WZ08C7;WZ2008 (ausgewählte Positionen): Tarifindex;WZ08-17;Herstellung von Papier, Pappe und Waren daraus;100,0;2020=100;VST072;Index d.tarifl. Stundenverdienste mit Sonderzahl.
62221;Vj. Index der Tarifverdienste und Arbeitszeiten;JAHR;Jahr;2020;DINSGF;Früheres Bundesgebiet / Neue Länder;DF;Früheres Bundesgebiet;WZ08C7;WZ2008 (ausgewählte Positionen): Tarifindex;WZ08-17;Herstellung von Papier, Pappe und Waren daraus;100,0;2020=100;VST073;Index d.tarifl. Monatsverdienste mit Sonderzahl.
62221;Vj. Index der Tarifverdienste und Arbeitszeiten;JAHR;Jahr;2020;DINSGF;Früheres Bundesgebiet / Neue Länder;DF;Früheres Bundesgebiet;WZ08C7;WZ2008 (ausgewählte Positionen): Tarifindex;WZ08-17;Herstellung von Papier, Pappe und Waren daraus;36,3;h;VST019;Durchschnittliche tarifliche Wochenarbeitszeit
62221;Vj. Index der Tarifverdienste und Arbeitszeiten;JAHR;Jahr;2020;DINSGF;Früheres Bundesgebiet / Neue Länder;DF;Früheres Bundesgebiet;WZ08C7;WZ2008 (ausgewählte Positionen): Tarifindex;WZ08-17;Herstellung von Papier, Pappe und Waren daraus;100,0;2020=100;VST066;Index d.tarifl. Monatsverdienste ohne Sonderzahl.
62221;Vj. Index der Tarifverdienste und Arbeitszeiten;JAHR;Jahr;2020;DINSGF;Früheres Bundesgebiet / Neue Länder;DF;Früheres Bundesgebiet;WZ08C7;WZ2008 (ausgewählte Positionen): Tarifindex;WZ08-17;Herstellung von Papier, Pappe und Waren daraus;100,0;2020=100;VST018;Index der tariflichen Wochenarbeitszeit
62221;Vj. Index der Tarifverdienste und Arbeitszeiten;JAHR;Jahr;2020;DINSGF;Früheres Bundesgebiet / Neue Länder;DF;Früheres Bundesgebiet;WZ08C7;WZ2008 (ausgewählte Positionen): Tarifindex;WZ08-17;Herstellung von Papier, Pappe und Waren daraus;100,0;2020=100;VST065;Index d.tarifl. Stundenverdienste ohne Sonderzahl.
62221;Vj. Index der Tarifverdienste und Arbeitszeiten;JAHR;Jahr;2020;DINSGF;Früheres Bundesgebiet / Neue Länder;DF;Früheres Bundesgebiet;WZ08C7;WZ2008 (ausgewählte Positionen): Tarifindex;WZ08-14;Herstellung von Bekleidung;100,0;2020=100;VST072;Index d.tarifl. Stundenverdienste mit Sonderzahl.
62221;Vj. Index der Tarifverdienste und Arbeitszeiten;JAHR;Jahr;2020;DINSGF;Früheres Bundesgebiet / Neue Länder;DF;Früheres Bundesgebiet;WZ08C7;WZ2008 (ausgewählte Positionen): Tarifindex;WZ08-14;Herstellung von Bekleidung;100,0;2020=100;VST073;Index d.tarifl. Monatsverdienste mit Sonderzahl.
62221;Vj. Index der Tarifverdienste und Arbeitszeiten;JAHR;Jahr;2020;DINSGF;Früheres Bundesgebiet / Neue Länder;DF;Früheres Bundesgebiet;WZ08C7;WZ2008 (ausgewählte Positionen): Tarifindex;WZ08-14;Herstellung von Bekleidung;37,0;h;VST019;Durchschnittliche tarifliche Wochenarbeitszeit
62221;Vj. Index der Tarifverdienste und Arbeitszeiten;JAHR;Jahr;2020;DINSGF;Früheres Bundesgebiet / Neue Länder;DF;Früheres Bundesgebiet;WZ08C7;WZ2008 (ausgewählte Positionen): Tarifindex;WZ08-14;Herstellung von Bekleidung;100,0;2020=100;VST066;Index d.tarifl. Monatsverdienste ohne Sonderzahl.
62221;Vj. Index der Tarifverdienste und Arbeitszeiten;JAHR;Jahr;2020;DINSGF;Früheres Bundesgebiet / Neue Länder;DF;Früheres Bundesgebiet;WZ08C7;WZ2008 (ausgewählte Positionen): Tarifindex;WZ08-14;Herstellung von Bekleidung;100,0;2020=100;VST018;Index der tariflichen Wochenarbeitszeit
62221;Vj. Index der Tarifverdienste und Arbeitszeiten;JAHR;Jahr;2020;DINSGF;Früheres Bundesgebiet / Neue Länder;DF;Früheres Bundesgebiet;WZ08C7;WZ2008 (ausgewählte Positionen): Tarifindex;WZ08-14;Herstellung von Bekleidung;100,0;2020=100;VST065;Index d.tarifl. Stundenverdienste ohne Sonderzahl.
62221;Vj. Index der Tarifverdienste und Arbeitszeiten;JAHR;Jahr;2024;DINSGF;Früheres Bundesgebiet / Neue Länder;DN;Neue Länder;WZ08C7;WZ2008 (ausgewählte Positionen): Tarifindex;WZ08-I;Gastgewerbe;124,7;2020=100;VST072;Index d.tarifl. Stundenverdienste mit Sonderzahl.
62221;Vj. Index der Tarifverdienste und Arbeitszeiten;JAHR;Jahr;2024;DINSGF;Früheres Bundesgebiet / Neue Länder;DN;Neue Länder;WZ08C7;WZ2008 (ausgewählte Positionen): Tarifindex;WZ08-I;Gastgewerbe;124,7;2020=100;VST073;Index d.tarifl. Monatsverdienste mit Sonderzahl.
62221;Vj. Index der Tarifverdienste und Arbeitszeiten;JAHR;Jahr;2024;DINSGF;Früheres Bundesgebiet / Neue Länder;DN;Neue Länder;WZ08C7;WZ2008 (ausgewählte Positionen): Tarifindex;WZ08-I;Gastgewerbe;39,4;h;VST019;Durchschnittliche tarifliche Wochenarbeitszeit
62221;Vj. Index der Tarifverdienste und Arbeitszeiten;JAHR;Jahr;2024;DINSGF;Früheres Bundesgebiet / Neue Länder;DN;Neue Länder;WZ08C7;WZ2008 (ausgewählte Positionen): Tarifindex;WZ08-I;Gastgewerbe;124,1;2020=100;VST066;Index d.tarifl. Monatsverdienste ohne Sonderzahl.
62221;Vj. Index der Tarifverdienste und Arbeitszeiten;JAHR;Jahr;2024;DINSGF;Früheres Bundesgebiet / Neue Länder;DN;Neue Länder;WZ08C7;WZ2008 (ausgewählte Positionen): Tarifindex;WZ08-I;Gastgewerbe;100,0;2020=100;VST018;Index der tariflichen Wochenarbeitszeit
62221;Vj. Index der Tarifverdienste und Arbeitszeiten;JAHR;Jahr;2024;DINSGF;Früheres Bundesgebiet / Neue Länder;DN;Neue Länder;WZ08C7;WZ2008 (ausgewählte Positionen): Tarifindex;WZ08-I;Gastgewerbe;124,1;2020=100;VST065;Index d.tarifl. Stundenverdienste ohne Sonderzahl.
62221;Vj. Index der Tarifverdienste und Arbeitszeiten;JAHR;Jahr;2017;DINSGF;Früheres Bundesgebiet / Neue Länder;DN;Neue Länder;WZ08C7;WZ2008 (ausgewählte Positionen): Tarifindex;WZ08-10;Herstellung von Nahrungs- und Futtermitteln;92,9;2020=100;VST072;Index d.tarifl. Stundenverdienste mit Sonderzahl.
62221;Vj. Index der Tarifverdienste und Arbeitszeiten;JAHR;Jahr;2017;DINSGF;Früheres Bundesgebiet / Neue Länder;DN;Neue Länder;WZ08C7;WZ2008 (ausgewählte Positionen): Tarifindex;WZ08-10;Herstellung von Nahrungs- und Futtermitteln;92,9;2020=100;VST073;Index d.tarifl. Monatsverdienste mit Sonderzahl.
62221;Vj. Index der Tarifverdienste und Arbeitszeiten;JAHR;Jahr;2017;DINSGF;Früheres Bundesgebiet / Neue Länder;DN;Neue Länder;WZ08C7;WZ2008 (ausgewählte Positionen): Tarifindex;WZ08-10;Herstellung von Nahrungs- und Futtermitteln;38,7;h;VST019;Durchschnittliche tarifliche Wochenarbeitszeit
62221;Vj. Index der Tarifverdienste und Arbeitszeiten;JAHR;Jahr;2017;DINSGF;Früheres Bundesgebiet / Neue Länder;DN;Neue Länder;WZ08C7;WZ2008 (ausgewählte Positionen): Tarifindex;WZ08-10;Herstellung von Nahrungs- und Futtermitteln;93,4;2020=100;VST066;Index d.tarifl. Monatsverdienste ohne Sonderzahl.
62221;Vj. Index der Tarifverdienste und Arbeitszeiten;JAHR;Jahr;2017;DINSGF;Früheres Bundesgebiet / Neue Länder;DN;Neue Länder;WZ08C7;WZ2008 (ausgewählte Positionen): Tarifindex;WZ08-10;Herstellung von Nahrungs- und Futtermitteln;100,0;2020=100;VST018;Index der tariflichen Wochenarbeitszeit
62221;Vj. Index der Tarifverdienste und Arbeitszeiten;JAHR;Jahr;2017;DINSGF;Früheres Bundesgebiet / Neue Länder;DN;Neue Länder;WZ08C7;WZ2008 (ausgewählte Positionen): Tarifindex;WZ08-10;Herstellung von Nahrungs- und Futtermitteln;93,4;2020=100;VST065;Index d.tarifl. Stundenverdienste ohne Sonderzahl.
62221;Vj. Index der Tarifverdienste und Arbeitszeiten;JAHR;Jahr;2017;DINSGF;Früheres Bundesgebiet / Neue Länder;DN;Neue Länder;WZ08C7;WZ2008 (ausgewählte Positionen): Tarifindex;WZ08-25;Herstellung von Metallerzeugnissen;92,8;2020=100;VST072;Index d.tarifl. Stundenverdienste mit Sonderzahl.
62221;Vj. Index der Tarifverdienste und Arbeitszeiten;JAHR;Jahr;2017;DINSGF;Früheres Bundesgebiet / Neue Länder;DN;Neue Länder;WZ08C7;WZ2008 (ausgewählte Positionen): Tarifindex;WZ08-25;Herstellung von Metallerzeugnissen;92,8;2020=100;VST073;Index d.tarifl. Monatsverdienste mit Sonderzahl.
62221;Vj. Index der Tarifverdienste und Arbeitszeiten;JAHR;Jahr;2017;DINSGF;Früheres Bundesgebiet / Neue Länder;DN;Neue Länder;WZ08C7;WZ2008 (ausgewählte Positionen): Tarifindex;WZ08-25;Herstellung von Metallerzeugnissen;37,6;h;VST019;Durchschnittliche tarifliche Wochenarbeitszeit
62221;Vj. Index der Tarifverdienste und Arbeitszeiten;JAHR;Jahr;2017;DINSGF;Früheres Bundesgebiet / Neue Länder;DN;Neue Länder;WZ08C7;WZ2008 (ausgewählte Positionen): Tarifindex;WZ08-25;Herstellung von Metallerzeugnissen;95,5;2020=100;VST066;Index d.tarifl. Monatsverdienste ohne Sonderzahl.
62221;Vj. Index der Tarifverdienste und Arbeitszeiten;JAHR;Jahr;2017;DINSGF;Früheres Bundesgebiet / Neue Länder;DN;Neue Länder;WZ08C7;WZ2008 (ausgewählte Positionen): Tarifindex;WZ08-25;Herstellung von Metallerzeugnissen;100,0;2020=100;VST018;Index der tariflichen Wochenarbeitszeit
62221;Vj. Index der Tarifverdienste und Arbeitszeiten;JAHR;Jahr;2017;DINSGF;Früheres Bundesgebiet / Neue Länder;DN;Neue Länder;WZ08C7;WZ2008 (ausgewählte Positionen): Tarifindex;WZ08-25;Herstellung von Metallerzeugnissen;95,5;2020=100;VST065;Index d.tarifl. Stundenverdienste ohne Sonderzahl.
62221;Vj. Index der Tarifverdienste und Arbeitszeiten;JAHR;Jahr;2020;DINSGF;Früheres Bundesgebiet / Neue Länder;DF;Früheres Bundesgebiet;WZ08C7;WZ2008 (ausgewählte Positionen): Tarifindex;WZ08-71;Architektur-,Ing.büros,techn.,physik.Untersuchung;100,0;2020=100;VST072;Index d.tarifl. Stundenverdienste mit Sonderzahl.
62221;Vj. Index der Tarifverdienste und Arbeitszeiten;JAHR;Jahr;2020;DINSGF;Früheres Bundesgebiet / Neue Länder;DF;Früheres Bundesgebiet;WZ08C7;WZ2008 (ausgewählte Positionen): Tarifindex;WZ08-71;Architektur-,Ing.büros,techn.,physik.Untersuchung;100,0;2020=100;VST073;Index d.tarifl. Monatsverdienste mit Sonderzahl.
62221;Vj. Index der Tarifverdienste und Arbeitszeiten;JAHR;Jahr;2020;DINSGF;Früheres Bundesgebiet / Neue Länder;DF;Früheres Bundesgebiet;WZ08C7;WZ2008 (ausgewählte Positionen): Tarifindex;WZ08-71;Architektur-,Ing.büros,techn.,physik.Untersuchung;37,0;h;VST019;Durchschnittliche tarifliche Wochenarbeitszeit
62221;Vj. Index der Tarifverdienste und Arbeitszeiten;JAHR;Jahr;2020;DINSGF;Früheres Bundesgebiet / Neue Länder;DF;Früheres Bundesgebiet;WZ08C7;WZ2008 (ausgewählte Positionen): Tarifindex;WZ08-71;Architektur-,Ing.büros,techn.,physik.Untersuchung;100,0;2020=100;VST066;Index d.tarifl. Monatsverdienste ohne Sonderzahl.
62221;Vj. Index der Tarifverdienste und Arbeitszeiten;JAHR;Jahr;2020;DINSGF;Früheres Bundesgebiet / Neue Länder;DF;Früheres Bundesgebiet;WZ08C7;WZ2008 (ausgewählte Positionen): Tarifindex;WZ08-71;Architektur-,Ing.büros,techn.,physik.Untersuchung;100,0;2020=100;VST018;Index der tariflichen Wochenarbeitszeit
62221;Vj. Index der Tarifverdienste und Arbeitszeiten;JAHR;Jahr;2020;DINSGF;Früheres Bundesgebiet / Neue Länder;DF;Früheres Bundesgebiet;WZ08C7;WZ2008 (ausgewählte Positionen): Tarifindex;WZ08-71;Architektur-,Ing.büros,techn.,physik.Untersuchung;100,0;2020=100;VST065;Index d.tarifl. Stundenverdienste ohne Sonderzahl.
62221;Vj. Index der Tarifverdienste und Arbeitszeiten;JAHR;Jahr;2020;DINSGF;Früheres Bundesgebiet / Neue Länder;DF;Früheres Bundesgebiet;WZ08C7;WZ2008 (ausgewählte Positionen): Tarifindex;WZ08-86;Gesundheitswesen;100,0;2020=100;VST072;Index d.tarifl. Stundenverdienste mit Sonderzahl.
62221;Vj. Index der Tarifverdienste und Arbeitszeiten;JAHR;Jahr;2020;DINSGF;Früheres Bundesgebiet / Neue Länder;DF;Früheres Bundesgebiet;WZ08C7;WZ2008 (ausgewählte Positionen): Tarifindex;WZ08-86;Gesundheitswesen;100,0;2020=100;VST073;Index d.tarifl. Monatsverdienste mit Sonderzahl.
62221;Vj. Index der Tarifverdienste und Arbeitszeiten;JAHR;Jahr;2020;DINSGF;Früheres Bundesgebiet / Neue Länder;DF;Früheres Bundesgebiet;WZ08C7;WZ2008 (ausgewählte Positionen): Tarifindex;WZ08-86;Gesundheitswesen;39,2;h;VST019;Durchschnittliche tarifliche Wochenarbeitszeit
62221;Vj. Index der Tarifverdienste und Arbeitszeiten;JAHR;Jahr;2020;DINSGF;Früheres Bundesgebiet / Neue Länder;DF;Früheres Bundesgebiet;WZ08C7;WZ2008 (ausgewählte Positionen): Tarifindex;WZ08-86;Gesundheitswesen;100,0;2020=100;VST066;Index d.tarifl. Monatsverdienste ohne Sonderzahl.
62221;Vj. Index der Tarifverdienste und Arbeitszeiten;JAHR;Jahr;2020;DINSGF;Früheres Bundesgebiet / Neue Länder;DF;Früheres Bundesgebiet;WZ08C7;WZ2008 (ausgewählte Positionen): Tarifindex;WZ08-86;Gesundheitswesen;100,0;2020=100;VST018;Index der tariflichen Wochenarbeitszeit
62221;Vj. Index der Tarifverdienste und Arbeitszeiten;JAHR;Jahr;2020;DINSGF;Früheres Bundesgebiet / Neue Länder;DF;Früheres Bundesgebiet;WZ08C7;WZ2008 (ausgewählte Positionen): Tarifindex;WZ08-86;Gesundheitswesen;100,0;2020=100;VST065;Index d.tarifl. Stundenverdienste ohne Sonderzahl.
62221;Vj. Index der Tarifverdienste und Arbeitszeiten;JAHR;Jahr;2017;DINSGF;Früheres Bundesgebiet / Neue Länder;DN;Neue Länder;WZ08C7;WZ2008 (ausgewählte Positionen): Tarifindex;WZ-X001;Vorleistungsgüterproduzenten;92,2;2020=100;VST072;Index d.tarifl. Stundenverdienste mit Sonderzahl.
62221;Vj. Index der Tarifverdienste und Arbeitszeiten;JAHR;Jahr;2017;DINSGF;Früheres Bundesgebiet / Neue Länder;DN;Neue Länder;WZ08C7;WZ2008 (ausgewählte Positionen): Tarifindex;WZ-X001;Vorleistungsgüterproduzenten;92,4;2020=100;VST073;Index d.tarifl. Monatsverdienste mit Sonderzahl.
62221;Vj. Index der Tarifverdienste und Arbeitszeiten;JAHR;Jahr;2017;DINSGF;Früheres Bundesgebiet / Neue Länder;DN;Neue Länder;WZ08C7;WZ2008 (ausgewählte Positionen): Tarifindex;WZ-X001;Vorleistungsgüterproduzenten;38,5;h;VST019;Durchschnittliche tarifliche Wochenarbeitszeit
62221;Vj. Index der Tarifverdienste und Arbeitszeiten;JAHR;Jahr;2017;DINSGF;Früheres Bundesgebiet / Neue Länder;DN;Neue Länder;WZ08C7;WZ2008 (ausgewählte Positionen): Tarifindex;WZ-X001;Vorleistungsgüterproduzenten;93,7;2020=100;VST066;Index d.tarifl. Monatsverdienste ohne Sonderzahl.
62221;Vj. Index der Tarifverdienste und Arbeitszeiten;JAHR;Jahr;2017;DINSGF;Früheres Bundesgebiet / Neue Länder;DN;Neue Länder;WZ08C7;WZ2008 (ausgewählte Positionen): Tarifindex;WZ-X001;Vorleistungsgüterproduzenten;100,3;2020=100;VST018;Index der tariflichen Wochenarbeitszeit
62221;Vj. Index der Tarifverdienste und Arbeitszeiten;JAHR;Jahr;2017;DINSGF;Früheres Bundesgebiet / Neue Länder;DN;Neue Länder;WZ08C7;WZ2008 (ausgewählte Positionen): Tarifindex;WZ-X001;Vorleistungsgüterproduzenten;93,5;2020=100;VST065;Index d.tarifl. Stundenverdienste ohne Sonderzahl.
62221;Vj. Index der Tarifverdienste und Arbeitszeiten;JAHR;Jahr;2024;DINSGF;Früheres Bundesgebiet / Neue Länder;DN;Neue Länder;WZ08C7;WZ2008 (ausgewählte Positionen): Tarifindex;WZ08-71;Architektur-,Ing.büros,techn.,physik.Untersuchung;111,7;2020=100;VST072;Index d.tarifl. Stundenverdienste mit Sonderzahl.
62221;Vj. Index der Tarifverdienste und Arbeitszeiten;JAHR;Jahr;2024;DINSGF;Früheres Bundesgebiet / Neue Länder;DN;Neue Länder;WZ08C7;WZ2008 (ausgewählte Positionen): Tarifindex;WZ08-71;Architektur-,Ing.büros,techn.,physik.Untersuchung;111,5;2020=100;VST073;Index d.tarifl. Monatsverdienste mit Sonderzahl.
62221;Vj. Index der Tarifverdienste und Arbeitszeiten;JAHR;Jahr;2024;DINSGF;Früheres Bundesgebiet / Neue Länder;DN;Neue Länder;WZ08C7;WZ2008 (ausgewählte Positionen): Tarifindex;WZ08-71;Architektur-,Ing.büros,techn.,physik.Untersuchung;38,0;h;VST019;Durchschnittliche tarifliche Wochenarbeitszeit
62221;Vj. Index der Tarifverdienste und Arbeitszeiten;JAHR;Jahr;2024;DINSGF;Früheres Bundesgebiet / Neue Länder;DN;Neue Länder;WZ08C7;WZ2008 (ausgewählte Positionen): Tarifindex;WZ08-71;Architektur-,Ing.büros,techn.,physik.Untersuchung;109,2;2020=100;VST066;Index d.tarifl. Monatsverdienste ohne Sonderzahl.
62221;Vj. Index der Tarifverdienste und Arbeitszeiten;JAHR;Jahr;2024;DINSGF;Früheres Bundesgebiet / Neue Länder;DN;Neue Länder;WZ08C7;WZ2008 (ausgewählte Positionen): Tarifindex;WZ08-71;Architektur-,Ing.büros,techn.,physik.Untersuchung;99,8;2020=100;VST018;Index der tariflichen Wochenarbeitszeit
62221;Vj. Index der Tarifverdienste und Arbeitszeiten;JAHR;Jahr;2024;DINSGF;Früheres Bundesgebiet / Neue Länder;DN;Neue Länder;WZ08C7;WZ2008 (ausgewählte Positionen): Tarifindex;WZ08-71;Architektur-,Ing.büros,techn.,physik.Untersuchung;109,4;2020=100;VST065;Index d.tarifl. Stundenverdienste ohne Sonderzahl.
62221;Vj. Index der Tarifverdienste und Arbeitszeiten;JAHR;Jahr;2016;DINSGF;Früheres Bundesgebiet / Neue Länder;DN;Neue Länder;WZ08C7;WZ2008 (ausgewählte Positionen): Tarifindex;WZ08-52-01;Lagerei und Kurierdienste;88,6;2020=100;VST072;Index d.tarifl. Stundenverdienste mit Sonderzahl.
62221;Vj. Index der Tarifverdienste und Arbeitszeiten;JAHR;Jahr;2016;DINSGF;Früheres Bundesgebiet / Neue Länder;DN;Neue Länder;WZ08C7;WZ2008 (ausgewählte Positionen): Tarifindex;WZ08-52-01;Lagerei und Kurierdienste;88,7;2020=100;VST073;Index d.tarifl. Monatsverdienste mit Sonderzahl.
62221;Vj. Index der Tarifverdienste und Arbeitszeiten;JAHR;Jahr;2016;DINSGF;Früheres Bundesgebiet / Neue Länder;DN;Neue Länder;WZ08C7;WZ2008 (ausgewählte Positionen): Tarifindex;WZ08-52-01;Lagerei und Kurierdienste;39,1;h;VST019;Durchschnittliche tarifliche Wochenarbeitszeit
62221;Vj. Index der Tarifverdienste und Arbeitszeiten;JAHR;Jahr;2016;DINSGF;Früheres Bundesgebiet / Neue Länder;DN;Neue Länder;WZ08C7;WZ2008 (ausgewählte Positionen): Tarifindex;WZ08-52-01;Lagerei und Kurierdienste;89,4;2020=100;VST066;Index d.tarifl. Monatsverdienste ohne Sonderzahl.
62221;Vj. Index der Tarifverdienste und Arbeitszeiten;JAHR;Jahr;2016;DINSGF;Früheres Bundesgebiet / Neue Länder;DN;Neue Länder;WZ08C7;WZ2008 (ausgewählte Positionen): Tarifindex;WZ08-52-01;Lagerei und Kurierdienste;100,1;2020=100;VST018;Index der tariflichen Wochenarbeitszeit
62221;Vj. Index der Tarifverdienste und Arbeitszeiten;JAHR;Jahr;2016;DINSGF;Früheres Bundesgebiet / Neue Länder;DN;Neue Länder;WZ08C7;WZ2008 (ausgewählte Positionen): Tarifindex;WZ08-52-01;Lagerei und Kurierdienste;89,2;2020=100;VST065;Index d.tarifl. Stundenverdienste ohne Sonderzahl.
62221;Vj. Index der Tarifverdienste und Arbeitszeiten;JAHR;Jahr;2017;DINSGF;Früheres Bundesgebiet / Neue Länder;DN;Neue Länder;WZ08C7;WZ2008 (ausgewählte Positionen): Tarifindex;WZ-X004;Verbrauchsgüterproduzenten;92,8;2020=100;VST072;Index d.tarifl. Stundenverdienste mit Sonderzahl.
62221;Vj. Index der Tarifverdienste und Arbeitszeiten;JAHR;Jahr;2017;DINSGF;Früheres Bundesgebiet / Neue Länder;DN;Neue Länder;WZ08C7;WZ2008 (ausgewählte Positionen): Tarifindex;WZ-X004;Verbrauchsgüterproduzenten;92,8;2020=100;VST073;Index d.tarifl. Monatsverdienste mit Sonderzahl.
62221;Vj. Index der Tarifverdienste und Arbeitszeiten;JAHR;Jahr;2017;DINSGF;Früheres Bundesgebiet / Neue Länder;DN;Neue Länder;WZ08C7;WZ2008 (ausgewählte Positionen): Tarifindex;WZ-X004;Verbrauchsgüterproduzenten;38,7;h;VST019;Durchschnittliche tarifliche Wochenarbeitszeit
62221;Vj. Index der Tarifverdienste und Arbeitszeiten;JAHR;Jahr;2017;DINSGF;Früheres Bundesgebiet / Neue Länder;DN;Neue Länder;WZ08C7;WZ2008 (ausgewählte Positionen): Tarifindex;WZ-X004;Verbrauchsgüterproduzenten;93,1;2020=100;VST066;Index d.tarifl. Monatsverdienste ohne Sonderzahl.
62221;Vj. Index der Tarifverdienste und Arbeitszeiten;JAHR;Jahr;2017;DINSGF;Früheres Bundesgebiet / Neue Länder;DN;Neue Länder;WZ08C7;WZ2008 (ausgewählte Positionen): Tarifindex;WZ-X004;Verbrauchsgüterproduzenten;100,0;2020=100;VST018;Index der tariflichen Wochenarbeitszeit
62221;Vj. Index der Tarifverdienste und Arbeitszeiten;JAHR;Jahr;2017;DINSGF;Früheres Bundesgebiet / Neue Länder;DN;Neue Länder;WZ08C7;WZ2008 (ausgewählte Positionen): Tarifindex;WZ-X004;Verbrauchsgüterproduzenten;93,1;2020=100;VST065;Index d.tarifl. Stundenverdienste ohne Sonderzahl.
62221;Vj. Index der Tarifverdienste und Arbeitszeiten;JAHR;Jahr;2017;DINSGF;Früheres Bundesgebiet / Neue Länder;DF;Früheres Bundesgebiet;WZ08C7;WZ2008 (ausgewählte Positionen): Tarifindex;WZ08-D-05;Energie- und Wasserversorgung, Entsorgung u.a.;92,6;2020=100;VST072;Index d.tarifl. Stundenverdienste mit Sonderzahl.
62221;Vj. Index der Tarifverdienste und Arbeitszeiten;JAHR;Jahr;2017;DINSGF;Früheres Bundesgebiet / Neue Länder;DF;Früheres Bundesgebiet;WZ08C7;WZ2008 (ausgewählte Positionen): Tarifindex;WZ08-D-05;Energie- und Wasserversorgung, Entsorgung u.a.;92,6;2020=100;VST073;Index d.tarifl. Monatsverdienste mit Sonderzahl.
62221;Vj. Index der Tarifverdienste und Arbeitszeiten;JAHR;Jahr;2017;DINSGF;Früheres Bundesgebiet / Neue Länder;DF;Früheres Bundesgebiet;WZ08C7;WZ2008 (ausgewählte Positionen): Tarifindex;WZ08-D-05;Energie- und Wasserversorgung, Entsorgung u.a.;38,7;h;VST019;Durchschnittliche tarifliche Wochenarbeitszeit
62221;Vj. Index der Tarifverdienste und Arbeitszeiten;JAHR;Jahr;2017;DINSGF;Früheres Bundesgebiet / Neue Länder;DF;Früheres Bundesgebiet;WZ08C7;WZ2008 (ausgewählte Positionen): Tarifindex;WZ08-D-05;Energie- und Wasserversorgung, Entsorgung u.a.;93,1;2020=100;VST066;Index d.tarifl. Monatsverdienste ohne Sonderzahl.
62221;Vj. Index der Tarifverdienste und Arbeitszeiten;JAHR;Jahr;2017;DINSGF;Früheres Bundesgebiet / Neue Länder;DF;Früheres Bundesgebiet;WZ08C7;WZ2008 (ausgewählte Positionen): Tarifindex;WZ08-D-05;Energie- und Wasserversorgung, Entsorgung u.a.;100,0;2020=100;VST018;Index der tariflichen Wochenarbeitszeit
62221;Vj. Index der Tarifverdienste und Arbeitszeiten;JAHR;Jahr;2017;DINSGF;Früheres Bundesgebiet / Neue Länder;DF;Früheres Bundesgebiet;WZ08C7;WZ2008 (ausgewählte Positionen): Tarifindex;WZ08-D-05;Energie- und Wasserversorgung, Entsorgung u.a.;93,1;2020=100;VST065;Index d.tarifl. Stundenverdienste ohne Sonderzahl.
62221;Vj. Index der Tarifverdienste und Arbeitszeiten;JAHR;Jahr;2017;DINSGF;Früheres Bundesgebiet / Neue Länder;DN;Neue Länder;WZ08C7;WZ2008 (ausgewählte Positionen): Tarifindex;WZ08-28;Maschinenbau;92,7;2020=100;VST072;Index d.tarifl. Stundenverdienste mit Sonderzahl.
62221;Vj. Index der Tarifverdienste und Arbeitszeiten;JAHR;Jahr;2017;DINSGF;Früheres Bundesgebiet / Neue Länder;DN;Neue Länder;WZ08C7;WZ2008 (ausgewählte Positionen): Tarifindex;WZ08-28;Maschinenbau;92,8;2020=100;VST073;Index d.tarifl. Monatsverdienste mit Sonderzahl.
62221;Vj. Index der Tarifverdienste und Arbeitszeiten;JAHR;Jahr;2017;DINSGF;Früheres Bundesgebiet / Neue Länder;DN;Neue Länder;WZ08C7;WZ2008 (ausgewählte Positionen): Tarifindex;WZ08-28;Maschinenbau;37,9;h;VST019;Durchschnittliche tarifliche Wochenarbeitszeit
62221;Vj. Index der Tarifverdienste und Arbeitszeiten;JAHR;Jahr;2017;DINSGF;Früheres Bundesgebiet / Neue Länder;DN;Neue Länder;WZ08C7;WZ2008 (ausgewählte Positionen): Tarifindex;WZ08-28;Maschinenbau;95,4;2020=100;VST066;Index d.tarifl. Monatsverdienste ohne Sonderzahl.
62221;Vj. Index der Tarifverdienste und Arbeitszeiten;JAHR;Jahr;2017;DINSGF;Früheres Bundesgebiet / Neue Länder;DN;Neue Länder;WZ08C7;WZ2008 (ausgewählte Positionen): Tarifindex;WZ08-28;Maschinenbau;100,1;2020=100;VST018;Index der tariflichen Wochenarbeitszeit
62221;Vj. Index der Tarifverdienste und Arbeitszeiten;JAHR;Jahr;2017;DINSGF;Früheres Bundesgebiet / Neue Länder;DN;Neue Länder;WZ08C7;WZ2008 (ausgewählte Positionen): Tarifindex;WZ08-28;Maschinenbau;95,3;2020=100;VST065;Index d.tarifl. Stundenverdienste ohne Sonderzahl.
62221;Vj. Index der Tarifverdienste und Arbeitszeiten;JAHR;Jahr;2017;DINSGF;Früheres Bundesgebiet / Neue Länder;DN;Neue Länder;WZ08C7;WZ2008 (ausgewählte Positionen): Tarifindex;WZ08-13;Herstellung von Textilien;92,5;2020=100;VST072;Index d.tarifl. Stundenverdienste mit Sonderzahl.
62221;Vj. Index der Tarifverdienste und Arbeitszeiten;JAHR;Jahr;2017;DINSGF;Früheres Bundesgebiet / Neue Länder;DN;Neue Länder;WZ08C7;WZ2008 (ausgewählte Positionen): Tarifindex;WZ08-13;Herstellung von Textilien;93,7;2020=100;VST073;Index d.tarifl. Monatsverdienste mit Sonderzahl.
62221;Vj. Index der Tarifverdienste und Arbeitszeiten;JAHR;Jahr;2017;DINSGF;Früheres Bundesgebiet / Neue Länder;DN;Neue Länder;WZ08C7;WZ2008 (ausgewählte Positionen): Tarifindex;WZ08-13;Herstellung von Textilien;39,8;h;VST019;Durchschnittliche tarifliche Wochenarbeitszeit
62221;Vj. Index der Tarifverdienste und Arbeitszeiten;JAHR;Jahr;2017;DINSGF;Früheres Bundesgebiet / Neue Länder;DN;Neue Länder;WZ08C7;WZ2008 (ausgewählte Positionen): Tarifindex;WZ08-13;Herstellung von Textilien;93,8;2020=100;VST066;Index d.tarifl. Monatsverdienste ohne Sonderzahl.
62221;Vj. Index der Tarifverdienste und Arbeitszeiten;JAHR;Jahr;2017;DINSGF;Früheres Bundesgebiet / Neue Länder;DN;Neue Länder;WZ08C7;WZ2008 (ausgewählte Positionen): Tarifindex;WZ08-13;Herstellung von Textilien;101,2;2020=100;VST018;Index der tariflichen Wochenarbeitszeit
62221;Vj. Index der Tarifverdienste und Arbeitszeiten;JAHR;Jahr;2017;DINSGF;Früheres Bundesgebiet / Neue Länder;DN;Neue Länder;WZ08C7;WZ2008 (ausgewählte Positionen): Tarifindex;WZ08-13;Herstellung von Textilien;92,7;2020=100;VST065;Index d.tarifl. Stundenverdienste ohne Sonderzahl.
62221;Vj. Index der Tarifverdienste und Arbeitszeiten;JAHR;Jahr;2018;DINSGF;Früheres Bundesgebiet / Neue Länder;DN;Neue Länder;WZ08C7;WZ2008 (ausgewählte Positionen): Tarifindex;WZ08-A-03;Gesamtwirtschaft;94,4;2020=100;VST072;Index d.tarifl. Stundenverdienste mit Sonderzahl.
62221;Vj. Index der Tarifverdienste und Arbeitszeiten;JAHR;Jahr;2018;DINSGF;Früheres Bundesgebiet / Neue Länder;DN;Neue Länder;WZ08C7;WZ2008 (ausgewählte Positionen): Tarifindex;WZ08-A-03;Gesamtwirtschaft;94,5;2020=100;VST073;Index d.tarifl. Monatsverdienste mit Sonderzahl.
62221;Vj. Index der Tarifverdienste und Arbeitszeiten;JAHR;Jahr;2018;DINSGF;Früheres Bundesgebiet / Neue Länder;DN;Neue Länder;WZ08C7;WZ2008 (ausgewählte Positionen): Tarifindex;WZ08-A-03;Gesamtwirtschaft;39,0;h;VST019;Durchschnittliche tarifliche Wochenarbeitszeit
62221;Vj. Index der Tarifverdienste und Arbeitszeiten;JAHR;Jahr;2018;DINSGF;Früheres Bundesgebiet / Neue Länder;DN;Neue Länder;WZ08C7;WZ2008 (ausgewählte Positionen): Tarifindex;WZ08-A-03;Gesamtwirtschaft;94,5;2020=100;VST066;Index d.tarifl. Monatsverdienste ohne Sonderzahl.
62221;Vj. Index der Tarifverdienste und Arbeitszeiten;JAHR;Jahr;2018;DINSGF;Früheres Bundesgebiet / Neue Länder;DN;Neue Länder;WZ08C7;WZ2008 (ausgewählte Positionen): Tarifindex;WZ08-A-03;Gesamtwirtschaft;100,1;2020=100;VST018;Index der tariflichen Wochenarbeitszeit
62221;Vj. Index der Tarifverdienste und Arbeitszeiten;JAHR;Jahr;2018;DINSGF;Früheres Bundesgebiet / Neue Länder;DN;Neue Länder;WZ08C7;WZ2008 (ausgewählte Positionen): Tarifindex;WZ08-A-03;Gesamtwirtschaft;94,4;2020=100;VST065;Index d.tarifl. Stundenverdienste ohne Sonderzahl.
62221;Vj. Index der Tarifverdienste und Arbeitszeiten;JAHR;Jahr;2024;DINSGF;Früheres Bundesgebiet / Neue Länder;DN;Neue Länder;WZ08C7;WZ2008 (ausgewählte Positionen): Tarifindex;WZ08-L;Grundstücks- und Wohnungswesen;111,9;2020=100;VST072;Index d.tarifl. Stundenverdienste mit Sonderzahl.
62221;Vj. Index der Tarifverdienste und Arbeitszeiten;JAHR;Jahr;2024;DINSGF;Früheres Bundesgebiet / Neue Länder;DN;Neue Länder;WZ08C7;WZ2008 (ausgewählte Positionen): Tarifindex;WZ08-L;Grundstücks- und Wohnungswesen;111,8;2020=100;VST073;Index d.tarifl. Monatsverdienste mit Sonderzahl.
62221;Vj. Index der Tarifverdienste und Arbeitszeiten;JAHR;Jahr;2024;DINSGF;Früheres Bundesgebiet / Neue Länder;DN;Neue Länder;WZ08C7;WZ2008 (ausgewählte Positionen): Tarifindex;WZ08-L;Grundstücks- und Wohnungswesen;37,9;h;VST019;Durchschnittliche tarifliche Wochenarbeitszeit
62221;Vj. Index der Tarifverdienste und Arbeitszeiten;JAHR;Jahr;2024;DINSGF;Früheres Bundesgebiet / Neue Länder;DN;Neue Länder;WZ08C7;WZ2008 (ausgewählte Positionen): Tarifindex;WZ08-L;Grundstücks- und Wohnungswesen;109,9;2020=100;VST066;Index d.tarifl. Monatsverdienste ohne Sonderzahl.
62221;Vj. Index der Tarifverdienste und Arbeitszeiten;JAHR;Jahr;2024;DINSGF;Früheres Bundesgebiet / Neue Länder;DN;Neue Länder;WZ08C7;WZ2008 (ausgewählte Positionen): Tarifindex;WZ08-L;Grundstücks- und Wohnungswesen;100,0;2020=100;VST018;Index der tariflichen Wochenarbeitszeit
62221;Vj. Index der Tarifverdienste und Arbeitszeiten;JAHR;Jahr;2024;DINSGF;Früheres Bundesgebiet / Neue Länder;DN;Neue Länder;WZ08C7;WZ2008 (ausgewählte Positionen): Tarifindex;WZ08-L;Grundstücks- und Wohnungswesen;109,9;2020=100;VST065;Index d.tarifl. Stundenverdienste ohne Sonderzahl.
62221;Vj. Index der Tarifverdienste und Arbeitszeiten;JAHR;Jahr;2020;DINSGF;Früheres Bundesgebiet / Neue Länder;DF;Früheres Bundesgebiet;WZ08C7;WZ2008 (ausgewählte Positionen): Tarifindex;WZ08-65;Versicherungen, Rückversicherungen, Pensionskassen;100,0;2020=100;VST072;Index d.tarifl. Stundenverdienste mit Sonderzahl.
62221;Vj. Index der Tarifverdienste und Arbeitszeiten;JAHR;Jahr;2020;DINSGF;Früheres Bundesgebiet / Neue Länder;DF;Früheres Bundesgebiet;WZ08C7;WZ2008 (ausgewählte Positionen): Tarifindex;WZ08-65;Versicherungen, Rückversicherungen, Pensionskassen;100,0;2020=100;VST073;Index d.tarifl. Monatsverdienste mit Sonderzahl.
62221;Vj. Index der Tarifverdienste und Arbeitszeiten;JAHR;Jahr;2020;DINSGF;Früheres Bundesgebiet / Neue Länder;DF;Früheres Bundesgebiet;WZ08C7;WZ2008 (ausgewählte Positionen): Tarifindex;WZ08-65;Versicherungen, Rückversicherungen, Pensionskassen;38,0;h;VST019;Durchschnittliche tarifliche Wochenarbeitszeit
62221;Vj. Index der Tarifverdienste und Arbeitszeiten;JAHR;Jahr;2020;DINSGF;Früheres Bundesgebiet / Neue Länder;DF;Früheres Bundesgebiet;WZ08C7;WZ2008 (ausgewählte Positionen): Tarifindex;WZ08-65;Versicherungen, Rückversicherungen, Pensionskassen;100,0;2020=100;VST066;Index d.tarifl. Monatsverdienste ohne Sonderzahl.
62221;Vj. Index der Tarifverdienste und Arbeitszeiten;JAHR;Jahr;2020;DINSGF;Früheres Bundesgebiet / Neue Länder;DF;Früheres Bundesgebiet;WZ08C7;WZ2008 (ausgewählte Positionen): Tarifindex;WZ08-65;Versicherungen, Rückversicherungen, Pensionskassen;100,0;2020=100;VST018;Index der tariflichen Wochenarbeitszeit
62221;Vj. Index der Tarifverdienste und Arbeitszeiten;JAHR;Jahr;2020;DINSGF;Früheres Bundesgebiet / Neue Länder;DF;Früheres Bundesgebiet;WZ08C7;WZ2008 (ausgewählte Positionen): Tarifindex;WZ08-65;Versicherungen, Rückversicherungen, Pensionskassen;100,0;2020=100;VST065;Index d.tarifl. Stundenverdienste ohne Sonderzahl.
62221;Vj. Index der Tarifverdienste und Arbeitszeiten;JAHR;Jahr;2018;DINSGF;Früheres Bundesgebiet / Neue Länder;DN;Neue Länder;WZ08C7;WZ2008 (ausgewählte Positionen): Tarifindex;WZ08-G-03;Wirtschaftliche Dienstleistungen;94,6;2020=100;VST072;Index d.tarifl. Stundenverdienste mit Sonderzahl.
62221;Vj. Index der Tarifverdienste und Arbeitszeiten;JAHR;Jahr;2018;DINSGF;Früheres Bundesgebiet / Neue Länder;DN;Neue Länder;WZ08C7;WZ2008 (ausgewählte Positionen): Tarifindex;WZ08-G-03;Wirtschaftliche Dienstleistungen;94,8;2020=100;VST073;Index d.tarifl. Monatsverdienste mit Sonderzahl.
62221;Vj. Index der Tarifverdienste und Arbeitszeiten;JAHR;Jahr;2018;DINSGF;Früheres Bundesgebiet / Neue Länder;DN;Neue Länder;WZ08C7;WZ2008 (ausgewählte Positionen): Tarifindex;WZ08-G-03;Wirtschaftliche Dienstleistungen;38,1;h;VST019;Durchschnittliche tarifliche Wochenarbeitszeit
62221;Vj. Index der Tarifverdienste und Arbeitszeiten;JAHR;Jahr;2018;DINSGF;Früheres Bundesgebiet / Neue Länder;DN;Neue Länder;WZ08C7;WZ2008 (ausgewählte Positionen): Tarifindex;WZ08-G-03;Wirtschaftliche Dienstleistungen;94,7;2020=100;VST066;Index d.tarifl. Monatsverdienste ohne Sonderzahl.
62221;Vj. Index der Tarifverdienste und Arbeitszeiten;JAHR;Jahr;2018;DINSGF;Früheres Bundesgebiet / Neue Länder;DN;Neue Länder;WZ08C7;WZ2008 (ausgewählte Positionen): Tarifindex;WZ08-G-03;Wirtschaftliche Dienstleistungen;100,1;2020=100;VST018;Index der tariflichen Wochenarbeitszeit
62221;Vj. Index der Tarifverdienste und Arbeitszeiten;JAHR;Jahr;2018;DINSGF;Früheres Bundesgebiet / Neue Länder;DN;Neue Länder;WZ08C7;WZ2008 (ausgewählte Positionen): Tarifindex;WZ08-G-03;Wirtschaftliche Dienstleistungen;94,6;2020=100;VST065;Index d.tarifl. Stundenverdienste ohne Sonderzahl.
62221;Vj. Index der Tarifverdienste und Arbeitszeiten;JAHR;Jahr;2021;DINSGF;Früheres Bundesgebiet / Neue Länder;DN;Neue Länder;WZ08C7;WZ2008 (ausgewählte Positionen): Tarifindex;WZ08-B-12;Prod. Gewerbe, Handel, Verkehr und Lagerei;101,7;2020=100;VST072;Index d.tarifl. Stundenverdienste mit Sonderzahl.
62221;Vj. Index der Tarifverdienste und Arbeitszeiten;JAHR;Jahr;2021;DINSGF;Früheres Bundesgebiet / Neue Länder;DN;Neue Länder;WZ08C7;WZ2008 (ausgewählte Positionen): Tarifindex;WZ08-B-12;Prod. Gewerbe, Handel, Verkehr und Lagerei;101,6;2020=100;VST073;Index d.tarifl. Monatsverdienste mit Sonderzahl.
62221;Vj. Index der Tarifverdienste und Arbeitszeiten;JAHR;Jahr;2021;DINSGF;Früheres Bundesgebiet / Neue Länder;DN;Neue Länder;WZ08C7;WZ2008 (ausgewählte Positionen): Tarifindex;WZ08-B-12;Prod. Gewerbe, Handel, Verkehr und Lagerei;38,6;h;VST019;Durchschnittliche tarifliche Wochenarbeitszeit
62221;Vj. Index der Tarifverdienste und Arbeitszeiten;JAHR;Jahr;2021;DINSGF;Früheres Bundesgebiet / Neue Länder;DN;Neue Länder;WZ08C7;WZ2008 (ausgewählte Positionen): Tarifindex;WZ08-B-12;Prod. Gewerbe, Handel, Verkehr und Lagerei;101,5;2020=100;VST066;Index d.tarifl. Monatsverdienste ohne Sonderzahl.
62221;Vj. Index der Tarifverdienste und Arbeitszeiten;JAHR;Jahr;2021;DINSGF;Früheres Bundesgebiet / Neue Länder;DN;Neue Länder;WZ08C7;WZ2008 (ausgewählte Positionen): Tarifindex;WZ08-B-12;Prod. Gewerbe, Handel, Verkehr und Lagerei;99,9;2020=100;VST018;Index der tariflichen Wochenarbeitszeit
62221;Vj. Index der Tarifverdienste und Arbeitszeiten;JAHR;Jahr;2021;DINSGF;Früheres Bundesgebiet / Neue Länder;DN;Neue Länder;WZ08C7;WZ2008 (ausgewählte Positionen): Tarifindex;WZ08-B-12;Prod. Gewerbe, Handel, Verkehr und Lagerei;101,6;2020=100;VST065;Index d.tarifl. Stundenverdienste ohne Sonderzahl.
62221;Vj. Index der Tarifverdienste und Arbeitszeiten;JAHR;Jahr;2018;DINSGF;Früheres Bundesgebiet / Neue Länder;DN;Neue Länder;WZ08C7;WZ2008 (ausgewählte Positionen): Tarifindex;WZ08-85;Erziehung und Unterricht;93,8;2020=100;VST072;Index d.tarifl. Stundenverdienste mit Sonderzahl.
62221;Vj. Index der Tarifverdienste und Arbeitszeiten;JAHR;Jahr;2018;DINSGF;Früheres Bundesgebiet / Neue Länder;DN;Neue Länder;WZ08C7;WZ2008 (ausgewählte Positionen): Tarifindex;WZ08-85;Erziehung und Unterricht;93,8;2020=100;VST073;Index d.tarifl. Monatsverdienste mit Sonderzahl.
62221;Vj. Index der Tarifverdienste und Arbeitszeiten;JAHR;Jahr;2018;DINSGF;Früheres Bundesgebiet / Neue Länder;DN;Neue Länder;WZ08C7;WZ2008 (ausgewählte Positionen): Tarifindex;WZ08-85;Erziehung und Unterricht;39,5;h;VST019;Durchschnittliche tarifliche Wochenarbeitszeit
62221;Vj. Index der Tarifverdienste und Arbeitszeiten;JAHR;Jahr;2018;DINSGF;Früheres Bundesgebiet / Neue Länder;DN;Neue Länder;WZ08C7;WZ2008 (ausgewählte Positionen): Tarifindex;WZ08-85;Erziehung und Unterricht;93,5;2020=100;VST066;Index d.tarifl. Monatsverdienste ohne Sonderzahl.
62221;Vj. Index der Tarifverdienste und Arbeitszeiten;JAHR;Jahr;2018;DINSGF;Früheres Bundesgebiet / Neue Länder;DN;Neue Länder;WZ08C7;WZ2008 (ausgewählte Positionen): Tarifindex;WZ08-85;Erziehung und Unterricht;100,0;2020=100;VST018;Index der tariflichen Wochenarbeitszeit
62221;Vj. Index der Tarifverdienste und Arbeitszeiten;JAHR;Jahr;2018;DINSGF;Früheres Bundesgebiet / Neue Länder;DN;Neue Länder;WZ08C7;WZ2008 (ausgewählte Positionen): Tarifindex;WZ08-85;Erziehung und Unterricht;93,5;2020=100;VST065;Index d.tarifl. Stundenverdienste ohne Sonderzahl.
62221;Vj. Index der Tarifverdienste und Arbeitszeiten;JAHR;Jahr;2018;DINSGF;Früheres Bundesgebiet / Neue Länder;DN;Neue Länder;WZ08C7;WZ2008 (ausgewählte Positionen): Tarifindex;WZ08-82;Dienstleistungen für Unternehmen u.Privatpers. ang;95,3;2020=100;VST072;Index d.tarifl. Stundenverdienste mit Sonderzahl.
62221;Vj. Index der Tarifverdienste und Arbeitszeiten;JAHR;Jahr;2018;DINSGF;Früheres Bundesgebiet / Neue Länder;DN;Neue Länder;WZ08C7;WZ2008 (ausgewählte Positionen): Tarifindex;WZ08-82;Dienstleistungen für Unternehmen u.Privatpers. ang;95,3;2020=100;VST073;Index d.tarifl. Monatsverdienste mit Sonderzahl.
62221;Vj. Index der Tarifverdienste und Arbeitszeiten;JAHR;Jahr;2018;DINSGF;Früheres Bundesgebiet / Neue Länder;DN;Neue Länder;WZ08C7;WZ2008 (ausgewählte Positionen): Tarifindex;WZ08-82;Dienstleistungen für Unternehmen u.Privatpers. ang;39,1;h;VST019;Durchschnittliche tarifliche Wochenarbeitszeit
62221;Vj. Index der Tarifverdienste und Arbeitszeiten;JAHR;Jahr;2018;DINSGF;Früheres Bundesgebiet / Neue Länder;DN;Neue Länder;WZ08C7;WZ2008 (ausgewählte Positionen): Tarifindex;WZ08-82;Dienstleistungen für Unternehmen u.Privatpers. ang;95,1;2020=100;VST066;Index d.tarifl. Monatsverdienste ohne Sonderzahl.
62221;Vj. Index der Tarifverdienste und Arbeitszeiten;JAHR;Jahr;2018;DINSGF;Früheres Bundesgebiet / Neue Länder;DN;Neue Länder;WZ08C7;WZ2008 (ausgewählte Positionen): Tarifindex;WZ08-82;Dienstleistungen für Unternehmen u.Privatpers. ang;100,0;2020=100;VST018;Index der tariflichen Wochenarbeitszeit
62221;Vj. Index der Tarifverdienste und Arbeitszeiten;JAHR;Jahr;2018;DINSGF;Früheres Bundesgebiet / Neue Länder;DN;Neue Länder;WZ08C7;WZ2008 (ausgewählte Positionen): Tarifindex;WZ08-82;Dienstleistungen für Unternehmen u.Privatpers. ang;95,0;2020=100;VST065;Index d.tarifl. Stundenverdienste ohne Sonderzahl.
62221;Vj. Index der Tarifverdienste und Arbeitszeiten;JAHR;Jahr;2024;DINSGF;Früheres Bundesgebiet / Neue Länder;DN;Neue Länder;WZ08C7;WZ2008 (ausgewählte Positionen): Tarifindex;WZ08-92;Spiel-, Wett- und Lotteriewesen;111,1;2020=100;VST072;Index d.tarifl. Stundenverdienste mit Sonderzahl.
62221;Vj. Index der Tarifverdienste und Arbeitszeiten;JAHR;Jahr;2024;DINSGF;Früheres Bundesgebiet / Neue Länder;DN;Neue Länder;WZ08C7;WZ2008 (ausgewählte Positionen): Tarifindex;WZ08-92;Spiel-, Wett- und Lotteriewesen;110,6;2020=100;VST073;Index d.tarifl. Monatsverdienste mit Sonderzahl.
62221;Vj. Index der Tarifverdienste und Arbeitszeiten;JAHR;Jahr;2024;DINSGF;Früheres Bundesgebiet / Neue Länder;DN;Neue Länder;WZ08C7;WZ2008 (ausgewählte Positionen): Tarifindex;WZ08-92;Spiel-, Wett- und Lotteriewesen;39,1;h;VST019;Durchschnittliche tarifliche Wochenarbeitszeit
62221;Vj. Index der Tarifverdienste und Arbeitszeiten;JAHR;Jahr;2024;DINSGF;Früheres Bundesgebiet / Neue Länder;DN;Neue Länder;WZ08C7;WZ2008 (ausgewählte Positionen): Tarifindex;WZ08-92;Spiel-, Wett- und Lotteriewesen;109,0;2020=100;VST066;Index d.tarifl. Monatsverdienste ohne Sonderzahl.
62221;Vj. Index der Tarifverdienste und Arbeitszeiten;JAHR;Jahr;2024;DINSGF;Früheres Bundesgebiet / Neue Länder;DN;Neue Länder;WZ08C7;WZ2008 (ausgewählte Positionen): Tarifindex;WZ08-92;Spiel-, Wett- und Lotteriewesen;99,6;2020=100;VST018;Index der tariflichen Wochenarbeitszeit
62221;Vj. Index der Tarifverdienste und Arbeitszeiten;JAHR;Jahr;2024;DINSGF;Früheres Bundesgebiet / Neue Länder;DN;Neue Länder;WZ08C7;WZ2008 (ausgewählte Positionen): Tarifindex;WZ08-92;Spiel-, Wett- und Lotteriewesen;109,5;2020=100;VST065;Index d.tarifl. Stundenverdienste ohne Sonderzahl.
62221;Vj. Index der Tarifverdienste und Arbeitszeiten;JAHR;Jahr;2020;DINSGF;Früheres Bundesgebiet / Neue Länder;DF;Früheres Bundesgebiet;WZ08C7;WZ2008 (ausgewählte Positionen): Tarifindex;WZ08-53;Post-, Kurier- und Expressdienste;100,0;2020=100;VST072;Index d.tarifl. Stundenverdienste mit Sonderzahl.
62221;Vj. Index der Tarifverdienste und Arbeitszeiten;JAHR;Jahr;2020;DINSGF;Früheres Bundesgebiet / Neue Länder;DF;Früheres Bundesgebiet;WZ08C7;WZ2008 (ausgewählte Positionen): Tarifindex;WZ08-53;Post-, Kurier- und Expressdienste;100,0;2020=100;VST073;Index d.tarifl. Monatsverdienste mit Sonderzahl.
62221;Vj. Index der Tarifverdienste und Arbeitszeiten;JAHR;Jahr;2020;DINSGF;Früheres Bundesgebiet / Neue Länder;DF;Früheres Bundesgebiet;WZ08C7;WZ2008 (ausgewählte Positionen): Tarifindex;WZ08-53;Post-, Kurier- und Expressdienste;39,1;h;VST019;Durchschnittliche tarifliche Wochenarbeitszeit
62221;Vj. Index der Tarifverdienste und Arbeitszeiten;JAHR;Jahr;2020;DINSGF;Früheres Bundesgebiet / Neue Länder;DF;Früheres Bundesgebiet;WZ08C7;WZ2008 (ausgewählte Positionen): Tarifindex;WZ08-53;Post-, Kurier- und Expressdienste;100,0;2020=100;VST066;Index d.tarifl. Monatsverdienste ohne Sonderzahl.
62221;Vj. Index der Tarifverdienste und Arbeitszeiten;JAHR;Jahr;2020;DINSGF;Früheres Bundesgebiet / Neue Länder;DF;Früheres Bundesgebiet;WZ08C7;WZ2008 (ausgewählte Positionen): Tarifindex;WZ08-53;Post-, Kurier- und Expressdienste;100,0;2020=100;VST018;Index der tariflichen Wochenarbeitszeit
62221;Vj. Index der Tarifverdienste und Arbeitszeiten;JAHR;Jahr;2020;DINSGF;Früheres Bundesgebiet / Neue Länder;DF;Früheres Bundesgebiet;WZ08C7;WZ2008 (ausgewählte Positionen): Tarifindex;WZ08-53;Post-, Kurier- und Expressdienste;100,0;2020=100;VST065;Index d.tarifl. Stundenverdienste ohne Sonderzahl.
62221;Vj. Index der Tarifverdienste und Arbeitszeiten;JAHR;Jahr;2020;DINSGF;Früheres Bundesgebiet / Neue Länder;DF;Früheres Bundesgebiet;WZ08C7;WZ2008 (ausgewählte Positionen): Tarifindex;WZ08-50;Schifffahrt;100,0;2020=100;VST072;Index d.tarifl. Stundenverdienste mit Sonderzahl.
62221;Vj. Index der Tarifverdienste und Arbeitszeiten;JAHR;Jahr;2020;DINSGF;Früheres Bundesgebiet / Neue Länder;DF;Früheres Bundesgebiet;WZ08C7;WZ2008 (ausgewählte Positionen): Tarifindex;WZ08-50;Schifffahrt;100,0;2020=100;VST073;Index d.tarifl. Monatsverdienste mit Sonderzahl.
62221;Vj. Index der Tarifverdienste und Arbeitszeiten;JAHR;Jahr;2020;DINSGF;Früheres Bundesgebiet / Neue Länder;DF;Früheres Bundesgebiet;WZ08C7;WZ2008 (ausgewählte Positionen): Tarifindex;WZ08-50;Schifffahrt;39,5;h;VST019;Durchschnittliche tarifliche Wochenarbeitszeit
62221;Vj. Index der Tarifverdienste und Arbeitszeiten;JAHR;Jahr;2020;DINSGF;Früheres Bundesgebiet / Neue Länder;DF;Früheres Bundesgebiet;WZ08C7;WZ2008 (ausgewählte Positionen): Tarifindex;WZ08-50;Schifffahrt;100,0;2020=100;VST066;Index d.tarifl. Monatsverdienste ohne Sonderzahl.
62221;Vj. Index der Tarifverdienste und Arbeitszeiten;JAHR;Jahr;2020;DINSGF;Früheres Bundesgebiet / Neue Länder;DF;Früheres Bundesgebiet;WZ08C7;WZ2008 (ausgewählte Positionen): Tarifindex;WZ08-50;Schifffahrt;100,0;2020=100;VST018;Index der tariflichen Wochenarbeitszeit
62221;Vj. Index der Tarifverdienste und Arbeitszeiten;JAHR;Jahr;2020;DINSGF;Früheres Bundesgebiet / Neue Länder;DF;Früheres Bundesgebiet;WZ08C7;WZ2008 (ausgewählte Positionen): Tarifindex;WZ08-50;Schifffahrt;100,0;2020=100;VST065;Index d.tarifl. Stundenverdienste ohne Sonderzahl.
62221;Vj. Index der Tarifverdienste und Arbeitszeiten;JAHR;Jahr;2024;DINSGF;Früheres Bundesgebiet / Neue Länder;DN;Neue Länder;WZ08C7;WZ2008 (ausgewählte Positionen): Tarifindex;WZ08-74;Sonst. freiberufl.,wissenschaftl. u. techn.Tätigk.;111,6;2020=100;VST072;Index d.tarifl. Stundenverdienste mit Sonderzahl.
62221;Vj. Index der Tarifverdienste und Arbeitszeiten;JAHR;Jahr;2024;DINSGF;Früheres Bundesgebiet / Neue Länder;DN;Neue Länder;WZ08C7;WZ2008 (ausgewählte Positionen): Tarifindex;WZ08-74;Sonst. freiberufl.,wissenschaftl. u. techn.Tätigk.;111,6;2020=100;VST073;Index d.tarifl. Monatsverdienste mit Sonderzahl.
62221;Vj. Index der Tarifverdienste und Arbeitszeiten;JAHR;Jahr;2024;DINSGF;Früheres Bundesgebiet / Neue Länder;DN;Neue Länder;WZ08C7;WZ2008 (ausgewählte Positionen): Tarifindex;WZ08-74;Sonst. freiberufl.,wissenschaftl. u. techn.Tätigk.;39,1;h;VST019;Durchschnittliche tarifliche Wochenarbeitszeit
62221;Vj. Index der Tarifverdienste und Arbeitszeiten;JAHR;Jahr;2024;DINSGF;Früheres Bundesgebiet / Neue Länder;DN;Neue Länder;WZ08C7;WZ2008 (ausgewählte Positionen): Tarifindex;WZ08-74;Sonst. freiberufl.,wissenschaftl. u. techn.Tätigk.;110,0;2020=100;VST066;Index d.tarifl. Monatsverdienste ohne Sonderzahl.
62221;Vj. Index der Tarifverdienste und Arbeitszeiten;JAHR;Jahr;2024;DINSGF;Früheres Bundesgebiet / Neue Länder;DN;Neue Länder;WZ08C7;WZ2008 (ausgewählte Positionen): Tarifindex;WZ08-74;Sonst. freiberufl.,wissenschaftl. u. techn.Tätigk.;100,0;2020=100;VST018;Index der tariflichen Wochenarbeitszeit
62221;Vj. Index der Tarifverdienste und Arbeitszeiten;JAHR;Jahr;2024;DINSGF;Früheres Bundesgebiet / Neue Länder;DN;Neue Länder;WZ08C7;WZ2008 (ausgewählte Positionen): Tarifindex;WZ08-74;Sonst. freiberufl.,wissenschaftl. u. techn.Tätigk.;110,0;2020=100;VST065;Index d.tarifl. Stundenverdienste ohne Sonderzahl.
62221;Vj. Index der Tarifverdienste und Arbeitszeiten;JAHR;Jahr;2024;DINSGF;Früheres Bundesgebiet / Neue Länder;DN;Neue Länder;WZ08C7;WZ2008 (ausgewählte Positionen): Tarifindex;WZ08-86;Gesundheitswesen;114,4;2020=100;VST072;Index d.tarifl. Stundenverdienste mit Sonderzahl.
62221;Vj. Index der Tarifverdienste und Arbeitszeiten;JAHR;Jahr;2024;DINSGF;Früheres Bundesgebiet / Neue Länder;DN;Neue Länder;WZ08C7;WZ2008 (ausgewählte Positionen): Tarifindex;WZ08-86;Gesundheitswesen;114,0;2020=100;VST073;Index d.tarifl. Monatsverdienste mit Sonderzahl.
62221;Vj. Index der Tarifverdienste und Arbeitszeiten;JAHR;Jahr;2024;DINSGF;Früheres Bundesgebiet / Neue Länder;DN;Neue Länder;WZ08C7;WZ2008 (ausgewählte Positionen): Tarifindex;WZ08-86;Gesundheitswesen;39,4;h;VST019;Durchschnittliche tarifliche Wochenarbeitszeit
62221;Vj. Index der Tarifverdienste und Arbeitszeiten;JAHR;Jahr;2024;DINSGF;Früheres Bundesgebiet / Neue Länder;DN;Neue Länder;WZ08C7;WZ2008 (ausgewählte Positionen): Tarifindex;WZ08-86;Gesundheitswesen;111,5;2020=100;VST066;Index d.tarifl. Monatsverdienste ohne Sonderzahl.
62221;Vj. Index der Tarifverdienste und Arbeitszeiten;JAHR;Jahr;2024;DINSGF;Früheres Bundesgebiet / Neue Länder;DN;Neue Länder;WZ08C7;WZ2008 (ausgewählte Positionen): Tarifindex;WZ08-86;Gesundheitswesen;99,6;2020=100;VST018;Index der tariflichen Wochenarbeitszeit
62221;Vj. Index der Tarifverdienste und Arbeitszeiten;JAHR;Jahr;2024;DINSGF;Früheres Bundesgebiet / Neue Länder;DN;Neue Länder;WZ08C7;WZ2008 (ausgewählte Positionen): Tarifindex;WZ08-86;Gesundheitswesen;111,9;2020=100;VST065;Index d.tarifl. Stundenverdienste ohne Sonderzahl.
62221;Vj. Index der Tarifverdienste und Arbeitszeiten;JAHR;Jahr;2020;DINSGF;Früheres Bundesgebiet / Neue Länder;DF;Früheres Bundesgebiet;WZ08C7;WZ2008 (ausgewählte Positionen): Tarifindex;WZ08-68;Grundstücks- und Wohnungswesen;100,0;2020=100;VST072;Index d.tarifl. Stundenverdienste mit Sonderzahl.
62221;Vj. Index der Tarifverdienste und Arbeitszeiten;JAHR;Jahr;2020;DINSGF;Früheres Bundesgebiet / Neue Länder;DF;Früheres Bundesgebiet;WZ08C7;WZ2008 (ausgewählte Positionen): Tarifindex;WZ08-68;Grundstücks- und Wohnungswesen;100,0;2020=100;VST073;Index d.tarifl. Monatsverdienste mit Sonderzahl.
62221;Vj. Index der Tarifverdienste und Arbeitszeiten;JAHR;Jahr;2020;DINSGF;Früheres Bundesgebiet / Neue Länder;DF;Früheres Bundesgebiet;WZ08C7;WZ2008 (ausgewählte Positionen): Tarifindex;WZ08-68;Grundstücks- und Wohnungswesen;38,1;h;VST019;Durchschnittliche tarifliche Wochenarbeitszeit
62221;Vj. Index der Tarifverdienste und Arbeitszeiten;JAHR;Jahr;2020;DINSGF;Früheres Bundesgebiet / Neue Länder;DF;Früheres Bundesgebiet;WZ08C7;WZ2008 (ausgewählte Positionen): Tarifindex;WZ08-68;Grundstücks- und Wohnungswesen;100,0;2020=100;VST066;Index d.tarifl. Monatsverdienste ohne Sonderzahl.
62221;Vj. Index der Tarifverdienste und Arbeitszeiten;JAHR;Jahr;2020;DINSGF;Früheres Bundesgebiet / Neue Länder;DF;Früheres Bundesgebiet;WZ08C7;WZ2008 (ausgewählte Positionen): Tarifindex;WZ08-68;Grundstücks- und Wohnungswesen;100,0;2020=100;VST018;Index der tariflichen Wochenarbeitszeit
62221;Vj. Index der Tarifverdienste und Arbeitszeiten;JAHR;Jahr;2020;DINSGF;Früheres Bundesgebiet / Neue Länder;DF;Früheres Bundesgebiet;WZ08C7;WZ2008 (ausgewählte Positionen): Tarifindex;WZ08-68;Grundstücks- und Wohnungswesen;100,0;2020=100;VST065;Index d.tarifl. Stundenverdienste ohne Sonderzahl.
62221;Vj. Index der Tarifverdienste und Arbeitszeiten;JAHR;Jahr;2017;DINSGF;Früheres Bundesgebiet / Neue Länder;DN;Neue Länder;WZ08C7;WZ2008 (ausgewählte Positionen): Tarifindex;WZ08-64;Erbringung von Finanzdienstleistungen;93,4;2020=100;VST072;Index d.tarifl. Stundenverdienste mit Sonderzahl.
62221;Vj. Index der Tarifverdienste und Arbeitszeiten;JAHR;Jahr;2017;DINSGF;Früheres Bundesgebiet / Neue Länder;DN;Neue Länder;WZ08C7;WZ2008 (ausgewählte Positionen): Tarifindex;WZ08-64;Erbringung von Finanzdienstleistungen;93,4;2020=100;VST073;Index d.tarifl. Monatsverdienste mit Sonderzahl.
62221;Vj. Index der Tarifverdienste und Arbeitszeiten;JAHR;Jahr;2017;DINSGF;Früheres Bundesgebiet / Neue Länder;DN;Neue Länder;WZ08C7;WZ2008 (ausgewählte Positionen): Tarifindex;WZ08-64;Erbringung von Finanzdienstleistungen;39,0;h;VST019;Durchschnittliche tarifliche Wochenarbeitszeit
62221;Vj. Index der Tarifverdienste und Arbeitszeiten;JAHR;Jahr;2017;DINSGF;Früheres Bundesgebiet / Neue Länder;DN;Neue Länder;WZ08C7;WZ2008 (ausgewählte Positionen): Tarifindex;WZ08-64;Erbringung von Finanzdienstleistungen;93,9;2020=100;VST066;Index d.tarifl. Monatsverdienste ohne Sonderzahl.
62221;Vj. Index der Tarifverdienste und Arbeitszeiten;JAHR;Jahr;2017;DINSGF;Früheres Bundesgebiet / Neue Länder;DN;Neue Länder;WZ08C7;WZ2008 (ausgewählte Positionen): Tarifindex;WZ08-64;Erbringung von Finanzdienstleistungen;100,0;2020=100;VST018;Index der tariflichen Wochenarbeitszeit
62221;Vj. Index der Tarifverdienste und Arbeitszeiten;JAHR;Jahr;2017;DINSGF;Früheres Bundesgebiet / Neue Länder;DN;Neue Länder;WZ08C7;WZ2008 (ausgewählte Positionen): Tarifindex;WZ08-64;Erbringung von Finanzdienstleistungen;93,9;2020=100;VST065;Index d.tarifl. Stundenverdienste ohne Sonderzahl.
62221;Vj. Index der Tarifverdienste und Arbeitszeiten;JAHR;Jahr;2018;DINSGF;Früheres Bundesgebiet / Neue Länder;DN;Neue Länder;WZ08C7;WZ2008 (ausgewählte Positionen): Tarifindex;WZ08-79;Reisebüros, -veranstalter u. sonst. Reservierungen;96,3;2020=100;VST072;Index d.tarifl. Stundenverdienste mit Sonderzahl.
62221;Vj. Index der Tarifverdienste und Arbeitszeiten;JAHR;Jahr;2018;DINSGF;Früheres Bundesgebiet / Neue Länder;DN;Neue Länder;WZ08C7;WZ2008 (ausgewählte Positionen): Tarifindex;WZ08-79;Reisebüros, -veranstalter u. sonst. Reservierungen;96,3;2020=100;VST073;Index d.tarifl. Monatsverdienste mit Sonderzahl.
62221;Vj. Index der Tarifverdienste und Arbeitszeiten;JAHR;Jahr;2018;DINSGF;Früheres Bundesgebiet / Neue Länder;DN;Neue Länder;WZ08C7;WZ2008 (ausgewählte Positionen): Tarifindex;WZ08-79;Reisebüros, -veranstalter u. sonst. Reservierungen;38,9;h;VST019;Durchschnittliche tarifliche Wochenarbeitszeit
62221;Vj. Index der Tarifverdienste und Arbeitszeiten;JAHR;Jahr;2018;DINSGF;Früheres Bundesgebiet / Neue Länder;DN;Neue Länder;WZ08C7;WZ2008 (ausgewählte Positionen): Tarifindex;WZ08-79;Reisebüros, -veranstalter u. sonst. Reservierungen;95,9;2020=100;VST066;Index d.tarifl. Monatsverdienste ohne Sonderzahl.
62221;Vj. Index der Tarifverdienste und Arbeitszeiten;JAHR;Jahr;2018;DINSGF;Früheres Bundesgebiet / Neue Länder;DN;Neue Länder;WZ08C7;WZ2008 (ausgewählte Positionen): Tarifindex;WZ08-79;Reisebüros, -veranstalter u. sonst. Reservierungen;100,0;2020=100;VST018;Index der tariflichen Wochenarbeitszeit
62221;Vj. Index der Tarifverdienste und Arbeitszeiten;JAHR;Jahr;2018;DINSGF;Früheres Bundesgebiet / Neue Länder;DN;Neue Länder;WZ08C7;WZ2008 (ausgewählte Positionen): Tarifindex;WZ08-79;Reisebüros, -veranstalter u. sonst. Reservierungen;95,9;2020=100;VST065;Index d.tarifl. Stundenverdienste ohne Sonderzahl.
62221;Vj. Index der Tarifverdienste und Arbeitszeiten;JAHR;Jahr;2025;DINSGF;Früheres Bundesgebiet / Neue Länder;DN;Neue Länder;WZ08C7;WZ2008 (ausgewählte Positionen): Tarifindex;WZ08-25;Herstellung von Metallerzeugnissen;114,2;2020=100;VST072;Index d.tarifl. Stundenverdienste mit Sonderzahl.
62221;Vj. Index der Tarifverdienste und Arbeitszeiten;JAHR;Jahr;2025;DINSGF;Früheres Bundesgebiet / Neue Länder;DN;Neue Länder;WZ08C7;WZ2008 (ausgewählte Positionen): Tarifindex;WZ08-25;Herstellung von Metallerzeugnissen;114,2;2020=100;VST073;Index d.tarifl. Monatsverdienste mit Sonderzahl.
62221;Vj. Index der Tarifverdienste und Arbeitszeiten;JAHR;Jahr;2025;DINSGF;Früheres Bundesgebiet / Neue Länder;DN;Neue Länder;WZ08C7;WZ2008 (ausgewählte Positionen): Tarifindex;WZ08-25;Herstellung von Metallerzeugnissen;37,7;h;VST019;Durchschnittliche tarifliche Wochenarbeitszeit
62221;Vj. Index der Tarifverdienste und Arbeitszeiten;JAHR;Jahr;2025;DINSGF;Früheres Bundesgebiet / Neue Länder;DN;Neue Länder;WZ08C7;WZ2008 (ausgewählte Positionen): Tarifindex;WZ08-25;Herstellung von Metallerzeugnissen;111,2;2020=100;VST066;Index d.tarifl. Monatsverdienste ohne Sonderzahl.
62221;Vj. Index der Tarifverdienste und Arbeitszeiten;JAHR;Jahr;2025;DINSGF;Früheres Bundesgebiet / Neue Länder;DN;Neue Länder;WZ08C7;WZ2008 (ausgewählte Positionen): Tarifindex;WZ08-25;Herstellung von Metallerzeugnissen;100,0;2020=100;VST018;Index der tariflichen Wochenarbeitszeit
62221;Vj. Index der Tarifverdienste und Arbeitszeiten;JAHR;Jahr;2025;DINSGF;Früheres Bundesgebiet / Neue Länder;DN;Neue Länder;WZ08C7;WZ2008 (ausgewählte Positionen): Tarifindex;WZ08-25;Herstellung von Metallerzeugnissen;111,2;2020=100;VST065;Index d.tarifl. Stundenverdienste ohne Sonderzahl.
62221;Vj. Index der Tarifverdienste und Arbeitszeiten;JAHR;Jahr;2018;DINSGF;Früheres Bundesgebiet / Neue Länder;DN;Neue Länder;WZ08C7;WZ2008 (ausgewählte Positionen): Tarifindex;WZ08-14;Herstellung von Bekleidung;-;2020=100;VST072;Index d.tarifl. Stundenverdienste mit Sonderzahl.
62221;Vj. Index der Tarifverdienste und Arbeitszeiten;JAHR;Jahr;2018;DINSGF;Früheres Bundesgebiet / Neue Länder;DN;Neue Länder;WZ08C7;WZ2008 (ausgewählte Positionen): Tarifindex;WZ08-14;Herstellung von Bekleidung;-;2020=100;VST073;Index d.tarifl. Monatsverdienste mit Sonderzahl.
62221;Vj. Index der Tarifverdienste und Arbeitszeiten;JAHR;Jahr;2018;DINSGF;Früheres Bundesgebiet / Neue Länder;DN;Neue Länder;WZ08C7;WZ2008 (ausgewählte Positionen): Tarifindex;WZ08-14;Herstellung von Bekleidung;-;h;VST019;Durchschnittliche tarifliche Wochenarbeitszeit
62221;Vj. Index der Tarifverdienste und Arbeitszeiten;JAHR;Jahr;2018;DINSGF;Früheres Bundesgebiet / Neue Länder;DN;Neue Länder;WZ08C7;WZ2008 (ausgewählte Positionen): Tarifindex;WZ08-14;Herstellung von Bekleidung;-;2020=100;VST066;Index d.tarifl. Monatsverdienste ohne Sonderzahl.
62221;Vj. Index der Tarifverdienste und Arbeitszeiten;JAHR;Jahr;2018;DINSGF;Früheres Bundesgebiet / Neue Länder;DN;Neue Länder;WZ08C7;WZ2008 (ausgewählte Positionen): Tarifindex;WZ08-14;Herstellung von Bekleidung;-;2020=100;VST018;Index der tariflichen Wochenarbeitszeit
62221;Vj. Index der Tarifverdienste und Arbeitszeiten;JAHR;Jahr;2018;DINSGF;Früheres Bundesgebiet / Neue Länder;DN;Neue Länder;WZ08C7;WZ2008 (ausgewählte Positionen): Tarifindex;WZ08-14;Herstellung von Bekleidung;-;2020=100;VST065;Index d.tarifl. Stundenverdienste ohne Sonderzahl.
62221;Vj. Index der Tarifverdienste und Arbeitszeiten;JAHR;Jahr;2019;DINSGF;Früheres Bundesgebiet / Neue Länder;DF;Früheres Bundesgebiet;WZ08C7;WZ2008 (ausgewählte Positionen): Tarifindex;WZ08-Q;Gesundheits- und Sozialwesen;97,6;2020=100;VST072;Index d.tarifl. Stundenverdienste mit Sonderzahl.
62221;Vj. Index der Tarifverdienste und Arbeitszeiten;JAHR;Jahr;2019;DINSGF;Früheres Bundesgebiet / Neue Länder;DF;Früheres Bundesgebiet;WZ08C7;WZ2008 (ausgewählte Positionen): Tarifindex;WZ08-Q;Gesundheits- und Sozialwesen;97,6;2020=100;VST073;Index d.tarifl. Monatsverdienste mit Sonderzahl.
62221;Vj. Index der Tarifverdienste und Arbeitszeiten;JAHR;Jahr;2019;DINSGF;Früheres Bundesgebiet / Neue Länder;DF;Früheres Bundesgebiet;WZ08C7;WZ2008 (ausgewählte Positionen): Tarifindex;WZ08-Q;Gesundheits- und Sozialwesen;39,1;h;VST019;Durchschnittliche tarifliche Wochenarbeitszeit
62221;Vj. Index der Tarifverdienste und Arbeitszeiten;JAHR;Jahr;2019;DINSGF;Früheres Bundesgebiet / Neue Länder;DF;Früheres Bundesgebiet;WZ08C7;WZ2008 (ausgewählte Positionen): Tarifindex;WZ08-Q;Gesundheits- und Sozialwesen;97,8;2020=100;VST066;Index d.tarifl. Monatsverdienste ohne Sonderzahl.
62221;Vj. Index der Tarifverdienste und Arbeitszeiten;JAHR;Jahr;2019;DINSGF;Früheres Bundesgebiet / Neue Länder;DF;Früheres Bundesgebiet;WZ08C7;WZ2008 (ausgewählte Positionen): Tarifindex;WZ08-Q;Gesundheits- und Sozialwesen;100,0;2020=100;VST018;Index der tariflichen Wochenarbeitszeit
62221;Vj. Index der Tarifverdienste und Arbeitszeiten;JAHR;Jahr;2019;DINSGF;Früheres Bundesgebiet / Neue Länder;DF;Früheres Bundesgebiet;WZ08C7;WZ2008 (ausgewählte Positionen): Tarifindex;WZ08-Q;Gesundheits- und Sozialwesen;97,8;2020=100;VST065;Index d.tarifl. Stundenverdienste ohne Sonderzahl.
62221;Vj. Index der Tarifverdienste und Arbeitszeiten;JAHR;Jahr;2022;DINSGF;Früheres Bundesgebiet / Neue Länder;DF;Früheres Bundesgebiet;WZ08C7;WZ2008 (ausgewählte Positionen): Tarifindex;WZ08-B-14;Kohlenbergbau, Gewinnung von Erdöl und Erdgas;105,4;2020=100;VST072;Index d.tarifl. Stundenverdienste mit Sonderzahl.
62221;Vj. Index der Tarifverdienste und Arbeitszeiten;JAHR;Jahr;2022;DINSGF;Früheres Bundesgebiet / Neue Länder;DF;Früheres Bundesgebiet;WZ08C7;WZ2008 (ausgewählte Positionen): Tarifindex;WZ08-B-14;Kohlenbergbau, Gewinnung von Erdöl und Erdgas;105,3;2020=100;VST073;Index d.tarifl. Monatsverdienste mit Sonderzahl.
62221;Vj. Index der Tarifverdienste und Arbeitszeiten;JAHR;Jahr;2022;DINSGF;Früheres Bundesgebiet / Neue Länder;DF;Früheres Bundesgebiet;WZ08C7;WZ2008 (ausgewählte Positionen): Tarifindex;WZ08-B-14;Kohlenbergbau, Gewinnung von Erdöl und Erdgas;39,5;h;VST019;Durchschnittliche tarifliche Wochenarbeitszeit
62221;Vj. Index der Tarifverdienste und Arbeitszeiten;JAHR;Jahr;2022;DINSGF;Früheres Bundesgebiet / Neue Länder;DF;Früheres Bundesgebiet;WZ08C7;WZ2008 (ausgewählte Positionen): Tarifindex;WZ08-B-14;Kohlenbergbau, Gewinnung von Erdöl und Erdgas;103,8;2020=100;VST066;Index d.tarifl. Monatsverdienste ohne Sonderzahl.
62221;Vj. Index der Tarifverdienste und Arbeitszeiten;JAHR;Jahr;2022;DINSGF;Früheres Bundesgebiet / Neue Länder;DF;Früheres Bundesgebiet;WZ08C7;WZ2008 (ausgewählte Positionen): Tarifindex;WZ08-B-14;Kohlenbergbau, Gewinnung von Erdöl und Erdgas;99,9;2020=100;VST018;Index der tariflichen Wochenarbeitszeit
62221;Vj. Index der Tarifverdienste und Arbeitszeiten;JAHR;Jahr;2022;DINSGF;Früheres Bundesgebiet / Neue Länder;DF;Früheres Bundesgebiet;WZ08C7;WZ2008 (ausgewählte Positionen): Tarifindex;WZ08-B-14;Kohlenbergbau, Gewinnung von Erdöl und Erdgas;103,9;2020=100;VST065;Index d.tarifl. Stundenverdienste ohne Sonderzahl.
62221;Vj. Index der Tarifverdienste und Arbeitszeiten;JAHR;Jahr;2021;DINSGF;Früheres Bundesgebiet / Neue Länder;DF;Früheres Bundesgebiet;WZ08C7;WZ2008 (ausgewählte Positionen): Tarifindex;WZ08-87;Heime (ohne Erholungs- und Ferienheime);101,7;2020=100;VST072;Index d.tarifl. Stundenverdienste mit Sonderzahl.
62221;Vj. Index der Tarifverdienste und Arbeitszeiten;JAHR;Jahr;2021;DINSGF;Früheres Bundesgebiet / Neue Länder;DF;Früheres Bundesgebiet;WZ08C7;WZ2008 (ausgewählte Positionen): Tarifindex;WZ08-87;Heime (ohne Erholungs- und Ferienheime);101,7;2020=100;VST073;Index d.tarifl. Monatsverdienste mit Sonderzahl.
62221;Vj. Index der Tarifverdienste und Arbeitszeiten;JAHR;Jahr;2021;DINSGF;Früheres Bundesgebiet / Neue Länder;DF;Früheres Bundesgebiet;WZ08C7;WZ2008 (ausgewählte Positionen): Tarifindex;WZ08-87;Heime (ohne Erholungs- und Ferienheime);39,0;h;VST019;Durchschnittliche tarifliche Wochenarbeitszeit
62221;Vj. Index der Tarifverdienste und Arbeitszeiten;JAHR;Jahr;2021;DINSGF;Früheres Bundesgebiet / Neue Länder;DF;Früheres Bundesgebiet;WZ08C7;WZ2008 (ausgewählte Positionen): Tarifindex;WZ08-87;Heime (ohne Erholungs- und Ferienheime);101,9;2020=100;VST066;Index d.tarifl. Monatsverdienste ohne Sonderzahl.
62221;Vj. Index der Tarifverdienste und Arbeitszeiten;JAHR;Jahr;2021;DINSGF;Früheres Bundesgebiet / Neue Länder;DF;Früheres Bundesgebiet;WZ08C7;WZ2008 (ausgewählte Positionen): Tarifindex;WZ08-87;Heime (ohne Erholungs- und Ferienheime);100,0;2020=100;VST018;Index der tariflichen Wochenarbeitszeit
62221;Vj. Index der Tarifverdienste und Arbeitszeiten;JAHR;Jahr;2021;DINSGF;Früheres Bundesgebiet / Neue Länder;DF;Früheres Bundesgebiet;WZ08C7;WZ2008 (ausgewählte Positionen): Tarifindex;WZ08-87;Heime (ohne Erholungs- und Ferienheime);101,9;2020=100;VST065;Index d.tarifl. Stundenverdienste ohne Sonderzahl.
62221;Vj. Index der Tarifverdienste und Arbeitszeiten;JAHR;Jahr;2022;DINSGF;Früheres Bundesgebiet / Neue Länder;DN;Neue Länder;WZ08C7;WZ2008 (ausgewählte Positionen): Tarifindex;WZ08-P;Erziehung und Unterricht;103,1;2020=100;VST072;Index d.tarifl. Stundenverdienste mit Sonderzahl.
62221;Vj. Index der Tarifverdienste und Arbeitszeiten;JAHR;Jahr;2022;DINSGF;Früheres Bundesgebiet / Neue Länder;DN;Neue Länder;WZ08C7;WZ2008 (ausgewählte Positionen): Tarifindex;WZ08-P;Erziehung und Unterricht;103,1;2020=100;VST073;Index d.tarifl. Monatsverdienste mit Sonderzahl.
62221;Vj. Index der Tarifverdienste und Arbeitszeiten;JAHR;Jahr;2022;DINSGF;Früheres Bundesgebiet / Neue Länder;DN;Neue Länder;WZ08C7;WZ2008 (ausgewählte Positionen): Tarifindex;WZ08-P;Erziehung und Unterricht;39,7;h;VST019;Durchschnittliche tarifliche Wochenarbeitszeit
62221;Vj. Index der Tarifverdienste und Arbeitszeiten;JAHR;Jahr;2022;DINSGF;Früheres Bundesgebiet / Neue Länder;DN;Neue Länder;WZ08C7;WZ2008 (ausgewählte Positionen): Tarifindex;WZ08-P;Erziehung und Unterricht;102,0;2020=100;VST066;Index d.tarifl. Monatsverdienste ohne Sonderzahl.
62221;Vj. Index der Tarifverdienste und Arbeitszeiten;JAHR;Jahr;2022;DINSGF;Früheres Bundesgebiet / Neue Länder;DN;Neue Länder;WZ08C7;WZ2008 (ausgewählte Positionen): Tarifindex;WZ08-P;Erziehung und Unterricht;100,0;2020=100;VST018;Index der tariflichen Wochenarbeitszeit
62221;Vj. Index der Tarifverdienste und Arbeitszeiten;JAHR;Jahr;2022;DINSGF;Früheres Bundesgebiet / Neue Länder;DN;Neue Länder;WZ08C7;WZ2008 (ausgewählte Positionen): Tarifindex;WZ08-P;Erziehung und Unterricht;102,0;2020=100;VST065;Index d.tarifl. Stundenverdienste ohne Sonderzahl.
62221;Vj. Index der Tarifverdienste und Arbeitszeiten;JAHR;Jahr;2021;DINSGF;Früheres Bundesgebiet / Neue Länder;DF;Früheres Bundesgebiet;WZ08C7;WZ2008 (ausgewählte Positionen): Tarifindex;WZ08-B-08;Produzierendes Gewerbe und Dienstleistungsbereich;101,3;2020=100;VST072;Index d.tarifl. Stundenverdienste mit Sonderzahl.
62221;Vj. Index der Tarifverdienste und Arbeitszeiten;JAHR;Jahr;2021;DINSGF;Früheres Bundesgebiet / Neue Länder;DF;Früheres Bundesgebiet;WZ08C7;WZ2008 (ausgewählte Positionen): Tarifindex;WZ08-B-08;Produzierendes Gewerbe und Dienstleistungsbereich;101,3;2020=100;VST073;Index d.tarifl. Monatsverdienste mit Sonderzahl.
62221;Vj. Index der Tarifverdienste und Arbeitszeiten;JAHR;Jahr;2021;DINSGF;Früheres Bundesgebiet / Neue Länder;DF;Früheres Bundesgebiet;WZ08C7;WZ2008 (ausgewählte Positionen): Tarifindex;WZ08-B-08;Produzierendes Gewerbe und Dienstleistungsbereich;38,5;h;VST019;Durchschnittliche tarifliche Wochenarbeitszeit
62221;Vj. Index der Tarifverdienste und Arbeitszeiten;JAHR;Jahr;2021;DINSGF;Früheres Bundesgebiet / Neue Länder;DF;Früheres Bundesgebiet;WZ08C7;WZ2008 (ausgewählte Positionen): Tarifindex;WZ08-B-08;Produzierendes Gewerbe und Dienstleistungsbereich;101,4;2020=100;VST066;Index d.tarifl. Monatsverdienste ohne Sonderzahl.
62221;Vj. Index der Tarifverdienste und Arbeitszeiten;JAHR;Jahr;2021;DINSGF;Früheres Bundesgebiet / Neue Länder;DF;Früheres Bundesgebiet;WZ08C7;WZ2008 (ausgewählte Positionen): Tarifindex;WZ08-B-08;Produzierendes Gewerbe und Dienstleistungsbereich;100,0;2020=100;VST018;Index der tariflichen Wochenarbeitszeit
62221;Vj. Index der Tarifverdienste und Arbeitszeiten;JAHR;Jahr;2021;DINSGF;Früheres Bundesgebiet / Neue Länder;DF;Früheres Bundesgebiet;WZ08C7;WZ2008 (ausgewählte Positionen): Tarifindex;WZ08-B-08;Produzierendes Gewerbe und Dienstleistungsbereich;101,4;2020=100;VST065;Index d.tarifl. Stundenverdienste ohne Sonderzahl.
62221;Vj. Index der Tarifverdienste und Arbeitszeiten;JAHR;Jahr;2020;DINSGF;Früheres Bundesgebiet / Neue Länder;DF;Früheres Bundesgebiet;WZ08C7;WZ2008 (ausgewählte Positionen): Tarifindex;WZ08-16;H.v. Holz-, Flecht-, Korb-u.Korkwaren (ohne Möbel);100,0;2020=100;VST072;Index d.tarifl. Stundenverdienste mit Sonderzahl.
62221;Vj. Index der Tarifverdienste und Arbeitszeiten;JAHR;Jahr;2020;DINSGF;Früheres Bundesgebiet / Neue Länder;DF;Früheres Bundesgebiet;WZ08C7;WZ2008 (ausgewählte Positionen): Tarifindex;WZ08-16;H.v. Holz-, Flecht-, Korb-u.Korkwaren (ohne Möbel);100,0;2020=100;VST073;Index d.tarifl. Monatsverdienste mit Sonderzahl.
62221;Vj. Index der Tarifverdienste und Arbeitszeiten;JAHR;Jahr;2020;DINSGF;Früheres Bundesgebiet / Neue Länder;DF;Früheres Bundesgebiet;WZ08C7;WZ2008 (ausgewählte Positionen): Tarifindex;WZ08-16;H.v. Holz-, Flecht-, Korb-u.Korkwaren (ohne Möbel);37,3;h;VST019;Durchschnittliche tarifliche Wochenarbeitszeit
62221;Vj. Index der Tarifverdienste und Arbeitszeiten;JAHR;Jahr;2020;DINSGF;Früheres Bundesgebiet / Neue Länder;DF;Früheres Bundesgebiet;WZ08C7;WZ2008 (ausgewählte Positionen): Tarifindex;WZ08-16;H.v. Holz-, Flecht-, Korb-u.Korkwaren (ohne Möbel);100,0;2020=100;VST066;Index d.tarifl. Monatsverdienste ohne Sonderzahl.
62221;Vj. Index der Tarifverdienste und Arbeitszeiten;JAHR;Jahr;2020;DINSGF;Früheres Bundesgebiet / Neue Länder;DF;Früheres Bundesgebiet;WZ08C7;WZ2008 (ausgewählte Positionen): Tarifindex;WZ08-16;H.v. Holz-, Flecht-, Korb-u.Korkwaren (ohne Möbel);100,0;2020=100;VST018;Index der tariflichen Wochenarbeitszeit
62221;Vj. Index der Tarifverdienste und Arbeitszeiten;JAHR;Jahr;2020;DINSGF;Früheres Bundesgebiet / Neue Länder;DF;Früheres Bundesgebiet;WZ08C7;WZ2008 (ausgewählte Positionen): Tarifindex;WZ08-16;H.v. Holz-, Flecht-, Korb-u.Korkwaren (ohne Möbel);100,0;2020=100;VST065;Index d.tarifl. Stundenverdienste ohne Sonderzahl.
62221;Vj. Index der Tarifverdienste und Arbeitszeiten;JAHR;Jahr;2025;DINSGF;Früheres Bundesgebiet / Neue Länder;DF;Früheres Bundesgebiet;WZ08C7;WZ2008 (ausgewählte Positionen): Tarifindex;WZ08-J;Information und Kommunikation;111,8;2020=100;VST072;Index d.tarifl. Stundenverdienste mit Sonderzahl.
62221;Vj. Index der Tarifverdienste und Arbeitszeiten;JAHR;Jahr;2025;DINSGF;Früheres Bundesgebiet / Neue Länder;DF;Früheres Bundesgebiet;WZ08C7;WZ2008 (ausgewählte Positionen): Tarifindex;WZ08-J;Information und Kommunikation;111,9;2020=100;VST073;Index d.tarifl. Monatsverdienste mit Sonderzahl.
62221;Vj. Index der Tarifverdienste und Arbeitszeiten;JAHR;Jahr;2025;DINSGF;Früheres Bundesgebiet / Neue Länder;DF;Früheres Bundesgebiet;WZ08C7;WZ2008 (ausgewählte Positionen): Tarifindex;WZ08-J;Information und Kommunikation;37,7;h;VST019;Durchschnittliche tarifliche Wochenarbeitszeit
62221;Vj. Index der Tarifverdienste und Arbeitszeiten;JAHR;Jahr;2025;DINSGF;Früheres Bundesgebiet / Neue Länder;DF;Früheres Bundesgebiet;WZ08C7;WZ2008 (ausgewählte Positionen): Tarifindex;WZ08-J;Information und Kommunikation;111,6;2020=100;VST066;Index d.tarifl. Monatsverdienste ohne Sonderzahl.
62221;Vj. Index der Tarifverdienste und Arbeitszeiten;JAHR;Jahr;2025;DINSGF;Früheres Bundesgebiet / Neue Länder;DF;Früheres Bundesgebiet;WZ08C7;WZ2008 (ausgewählte Positionen): Tarifindex;WZ08-J;Information und Kommunikation;100,1;2020=100;VST018;Index der tariflichen Wochenarbeitszeit
62221;Vj. Index der Tarifverdienste und Arbeitszeiten;JAHR;Jahr;2025;DINSGF;Früheres Bundesgebiet / Neue Länder;DF;Früheres Bundesgebiet;WZ08C7;WZ2008 (ausgewählte Positionen): Tarifindex;WZ08-J;Information und Kommunikation;111,5;2020=100;VST065;Index d.tarifl. Stundenverdienste ohne Sonderzahl.
62221;Vj. Index der Tarifverdienste und Arbeitszeiten;JAHR;Jahr;2018;DINSGF;Früheres Bundesgebiet / Neue Länder;DF;Früheres Bundesgebiet;WZ08C7;WZ2008 (ausgewählte Positionen): Tarifindex;WZ-X002;Investitionsgüterproduzenten;96,5;2020=100;VST072;Index d.tarifl. Stundenverdienste mit Sonderzahl.
62221;Vj. Index der Tarifverdienste und Arbeitszeiten;JAHR;Jahr;2018;DINSGF;Früheres Bundesgebiet / Neue Länder;DF;Früheres Bundesgebiet;WZ08C7;WZ2008 (ausgewählte Positionen): Tarifindex;WZ-X002;Investitionsgüterproduzenten;96,5;2020=100;VST073;Index d.tarifl. Monatsverdienste mit Sonderzahl.
62221;Vj. Index der Tarifverdienste und Arbeitszeiten;JAHR;Jahr;2018;DINSGF;Früheres Bundesgebiet / Neue Länder;DF;Früheres Bundesgebiet;WZ08C7;WZ2008 (ausgewählte Positionen): Tarifindex;WZ-X002;Investitionsgüterproduzenten;35,2;h;VST019;Durchschnittliche tarifliche Wochenarbeitszeit
62221;Vj. Index der Tarifverdienste und Arbeitszeiten;JAHR;Jahr;2018;DINSGF;Früheres Bundesgebiet / Neue Länder;DF;Früheres Bundesgebiet;WZ08C7;WZ2008 (ausgewählte Positionen): Tarifindex;WZ-X002;Investitionsgüterproduzenten;98,8;2020=100;VST066;Index d.tarifl. Monatsverdienste ohne Sonderzahl.
62221;Vj. Index der Tarifverdienste und Arbeitszeiten;JAHR;Jahr;2018;DINSGF;Früheres Bundesgebiet / Neue Länder;DF;Früheres Bundesgebiet;WZ08C7;WZ2008 (ausgewählte Positionen): Tarifindex;WZ-X002;Investitionsgüterproduzenten;100,0;2020=100;VST018;Index der tariflichen Wochenarbeitszeit
62221;Vj. Index der Tarifverdienste und Arbeitszeiten;JAHR;Jahr;2018;DINSGF;Früheres Bundesgebiet / Neue Länder;DF;Früheres Bundesgebiet;WZ08C7;WZ2008 (ausgewählte Positionen): Tarifindex;WZ-X002;Investitionsgüterproduzenten;98,8;2020=100;VST065;Index d.tarifl. Stundenverdienste ohne Sonderzahl.
62221;Vj. Index der Tarifverdienste und Arbeitszeiten;JAHR;Jahr;2016;DINSGF;Früheres Bundesgebiet / Neue Länder;DF;Früheres Bundesgebiet;WZ08C7;WZ2008 (ausgewählte Positionen): Tarifindex;WZ08-35;Energieversorgung;91,2;2020=100;VST072;Index d.tarifl. Stundenverdienste mit Sonderzahl.
62221;Vj. Index der Tarifverdienste und Arbeitszeiten;JAHR;Jahr;2016;DINSGF;Früheres Bundesgebiet / Neue Länder;DF;Früheres Bundesgebiet;WZ08C7;WZ2008 (ausgewählte Positionen): Tarifindex;WZ08-35;Energieversorgung;91,2;2020=100;VST073;Index d.tarifl. Monatsverdienste mit Sonderzahl.
62221;Vj. Index der Tarifverdienste und Arbeitszeiten;JAHR;Jahr;2016;DINSGF;Früheres Bundesgebiet / Neue Länder;DF;Früheres Bundesgebiet;WZ08C7;WZ2008 (ausgewählte Positionen): Tarifindex;WZ08-35;Energieversorgung;38,4;h;VST019;Durchschnittliche tarifliche Wochenarbeitszeit
62221;Vj. Index der Tarifverdienste und Arbeitszeiten;JAHR;Jahr;2016;DINSGF;Früheres Bundesgebiet / Neue Länder;DF;Früheres Bundesgebiet;WZ08C7;WZ2008 (ausgewählte Positionen): Tarifindex;WZ08-35;Energieversorgung;90,8;2020=100;VST066;Index d.tarifl. Monatsverdienste ohne Sonderzahl.
62221;Vj. Index der Tarifverdienste und Arbeitszeiten;JAHR;Jahr;2016;DINSGF;Früheres Bundesgebiet / Neue Länder;DF;Früheres Bundesgebiet;WZ08C7;WZ2008 (ausgewählte Positionen): Tarifindex;WZ08-35;Energieversorgung;100,0;2020=100;VST018;Index der tariflichen Wochenarbeitszeit
62221;Vj. Index der Tarifverdienste und Arbeitszeiten;JAHR;Jahr;2016;DINSGF;Früheres Bundesgebiet / Neue Länder;DF;Früheres Bundesgebiet;WZ08C7;WZ2008 (ausgewählte Positionen): Tarifindex;WZ08-35;Energieversorgung;90,8;2020=100;VST065;Index d.tarifl. Stundenverdienste ohne Sonderzahl.
62221;Vj. Index der Tarifverdienste und Arbeitszeiten;JAHR;Jahr;2024;DINSGF;Früheres Bundesgebiet / Neue Länder;DN;Neue Länder;WZ08C7;WZ2008 (ausgewählte Positionen): Tarifindex;WZ08-19;Kokerei und Mineralölverarbeitung;115,6;2020=100;VST072;Index d.tarifl. Stundenverdienste mit Sonderzahl.
62221;Vj. Index der Tarifverdienste und Arbeitszeiten;JAHR;Jahr;2024;DINSGF;Früheres Bundesgebiet / Neue Länder;DN;Neue Länder;WZ08C7;WZ2008 (ausgewählte Positionen): Tarifindex;WZ08-19;Kokerei und Mineralölverarbeitung;112,7;2020=100;VST073;Index d.tarifl. Monatsverdienste mit Sonderzahl.
62221;Vj. Index der Tarifverdienste und Arbeitszeiten;JAHR;Jahr;2024;DINSGF;Früheres Bundesgebiet / Neue Länder;DN;Neue Länder;WZ08C7;WZ2008 (ausgewählte Positionen): Tarifindex;WZ08-19;Kokerei und Mineralölverarbeitung;38,5;h;VST019;Durchschnittliche tarifliche Wochenarbeitszeit
62221;Vj. Index der Tarifverdienste und Arbeitszeiten;JAHR;Jahr;2024;DINSGF;Früheres Bundesgebiet / Neue Länder;DN;Neue Länder;WZ08C7;WZ2008 (ausgewählte Positionen): Tarifindex;WZ08-19;Kokerei und Mineralölverarbeitung;109,4;2020=100;VST066;Index d.tarifl. Monatsverdienste ohne Sonderzahl.
62221;Vj. Index der Tarifverdienste und Arbeitszeiten;JAHR;Jahr;2024;DINSGF;Früheres Bundesgebiet / Neue Länder;DN;Neue Länder;WZ08C7;WZ2008 (ausgewählte Positionen): Tarifindex;WZ08-19;Kokerei und Mineralölverarbeitung;97,5;2020=100;VST018;Index der tariflichen Wochenarbeitszeit
62221;Vj. Index der Tarifverdienste und Arbeitszeiten;JAHR;Jahr;2024;DINSGF;Früheres Bundesgebiet / Neue Länder;DN;Neue Länder;WZ08C7;WZ2008 (ausgewählte Positionen): Tarifindex;WZ08-19;Kokerei und Mineralölverarbeitung;112,2;2020=100;VST065;Index d.tarifl. Stundenverdienste ohne Sonderzahl.
62221;Vj. Index der Tarifverdienste und Arbeitszeiten;JAHR;Jahr;2018;DINSGF;Früheres Bundesgebiet / Neue Länder;DF;Früheres Bundesgebiet;WZ08C7;WZ2008 (ausgewählte Positionen): Tarifindex;WZ08-62;Dienstleistungen der Informationstechnologie;95,4;2020=100;VST072;Index d.tarifl. Stundenverdienste mit Sonderzahl.
62221;Vj. Index der Tarifverdienste und Arbeitszeiten;JAHR;Jahr;2018;DINSGF;Früheres Bundesgebiet / Neue Länder;DF;Früheres Bundesgebiet;WZ08C7;WZ2008 (ausgewählte Positionen): Tarifindex;WZ08-62;Dienstleistungen der Informationstechnologie;95,5;2020=100;VST073;Index d.tarifl. Monatsverdienste mit Sonderzahl.
62221;Vj. Index der Tarifverdienste und Arbeitszeiten;JAHR;Jahr;2018;DINSGF;Früheres Bundesgebiet / Neue Länder;DF;Früheres Bundesgebiet;WZ08C7;WZ2008 (ausgewählte Positionen): Tarifindex;WZ08-62;Dienstleistungen der Informationstechnologie;37,5;h;VST019;Durchschnittliche tarifliche Wochenarbeitszeit
62221;Vj. Index der Tarifverdienste und Arbeitszeiten;JAHR;Jahr;2018;DINSGF;Früheres Bundesgebiet / Neue Länder;DF;Früheres Bundesgebiet;WZ08C7;WZ2008 (ausgewählte Positionen): Tarifindex;WZ08-62;Dienstleistungen der Informationstechnologie;95,7;2020=100;VST066;Index d.tarifl. Monatsverdienste ohne Sonderzahl.
62221;Vj. Index der Tarifverdienste und Arbeitszeiten;JAHR;Jahr;2018;DINSGF;Früheres Bundesgebiet / Neue Länder;DF;Früheres Bundesgebiet;WZ08C7;WZ2008 (ausgewählte Positionen): Tarifindex;WZ08-62;Dienstleistungen der Informationstechnologie;100,1;2020=100;VST018;Index der tariflichen Wochenarbeitszeit
62221;Vj. Index der Tarifverdienste und Arbeitszeiten;JAHR;Jahr;2018;DINSGF;Früheres Bundesgebiet / Neue Länder;DF;Früheres Bundesgebiet;WZ08C7;WZ2008 (ausgewählte Positionen): Tarifindex;WZ08-62;Dienstleistungen der Informationstechnologie;95,7;2020=100;VST065;Index d.tarifl. Stundenverdienste ohne Sonderzahl.
62221;Vj. Index der Tarifverdienste und Arbeitszeiten;JAHR;Jahr;2022;DINSGF;Früheres Bundesgebiet / Neue Länder;DN;Neue Länder;WZ08C7;WZ2008 (ausgewählte Positionen): Tarifindex;WZ08-D;Energieversorgung;104,6;2020=100;VST072;Index d.tarifl. Stundenverdienste mit Sonderzahl.
62221;Vj. Index der Tarifverdienste und Arbeitszeiten;JAHR;Jahr;2022;DINSGF;Früheres Bundesgebiet / Neue Länder;DN;Neue Länder;WZ08C7;WZ2008 (ausgewählte Positionen): Tarifindex;WZ08-D;Energieversorgung;104,6;2020=100;VST073;Index d.tarifl. Monatsverdienste mit Sonderzahl.
62221;Vj. Index der Tarifverdienste und Arbeitszeiten;JAHR;Jahr;2022;DINSGF;Früheres Bundesgebiet / Neue Länder;DN;Neue Länder;WZ08C7;WZ2008 (ausgewählte Positionen): Tarifindex;WZ08-D;Energieversorgung;38,1;h;VST019;Durchschnittliche tarifliche Wochenarbeitszeit
62221;Vj. Index der Tarifverdienste und Arbeitszeiten;JAHR;Jahr;2022;DINSGF;Früheres Bundesgebiet / Neue Länder;DN;Neue Länder;WZ08C7;WZ2008 (ausgewählte Positionen): Tarifindex;WZ08-D;Energieversorgung;104,0;2020=100;VST066;Index d.tarifl. Monatsverdienste ohne Sonderzahl.
62221;Vj. Index der Tarifverdienste und Arbeitszeiten;JAHR;Jahr;2022;DINSGF;Früheres Bundesgebiet / Neue Länder;DN;Neue Länder;WZ08C7;WZ2008 (ausgewählte Positionen): Tarifindex;WZ08-D;Energieversorgung;100,0;2020=100;VST018;Index der tariflichen Wochenarbeitszeit
62221;Vj. Index der Tarifverdienste und Arbeitszeiten;JAHR;Jahr;2022;DINSGF;Früheres Bundesgebiet / Neue Länder;DN;Neue Länder;WZ08C7;WZ2008 (ausgewählte Positionen): Tarifindex;WZ08-D;Energieversorgung;104,1;2020=100;VST065;Index d.tarifl. Stundenverdienste ohne Sonderzahl.
62221;Vj. Index der Tarifverdienste und Arbeitszeiten;JAHR;Jahr;2016;DINSGF;Früheres Bundesgebiet / Neue Länder;DN;Neue Länder;WZ08C7;WZ2008 (ausgewählte Positionen): Tarifindex;WZ08-58;Verlagswesen;93,7;2020=100;VST072;Index d.tarifl. Stundenverdienste mit Sonderzahl.
62221;Vj. Index der Tarifverdienste und Arbeitszeiten;JAHR;Jahr;2016;DINSGF;Früheres Bundesgebiet / Neue Länder;DN;Neue Länder;WZ08C7;WZ2008 (ausgewählte Positionen): Tarifindex;WZ08-58;Verlagswesen;93,7;2020=100;VST073;Index d.tarifl. Monatsverdienste mit Sonderzahl.
62221;Vj. Index der Tarifverdienste und Arbeitszeiten;JAHR;Jahr;2016;DINSGF;Früheres Bundesgebiet / Neue Länder;DN;Neue Länder;WZ08C7;WZ2008 (ausgewählte Positionen): Tarifindex;WZ08-58;Verlagswesen;36,4;h;VST019;Durchschnittliche tarifliche Wochenarbeitszeit
62221;Vj. Index der Tarifverdienste und Arbeitszeiten;JAHR;Jahr;2016;DINSGF;Früheres Bundesgebiet / Neue Länder;DN;Neue Länder;WZ08C7;WZ2008 (ausgewählte Positionen): Tarifindex;WZ08-58;Verlagswesen;93,5;2020=100;VST066;Index d.tarifl. Monatsverdienste ohne Sonderzahl.
62221;Vj. Index der Tarifverdienste und Arbeitszeiten;JAHR;Jahr;2016;DINSGF;Früheres Bundesgebiet / Neue Länder;DN;Neue Länder;WZ08C7;WZ2008 (ausgewählte Positionen): Tarifindex;WZ08-58;Verlagswesen;100,0;2020=100;VST018;Index der tariflichen Wochenarbeitszeit
62221;Vj. Index der Tarifverdienste und Arbeitszeiten;JAHR;Jahr;2016;DINSGF;Früheres Bundesgebiet / Neue Länder;DN;Neue Länder;WZ08C7;WZ2008 (ausgewählte Positionen): Tarifindex;WZ08-58;Verlagswesen;93,5;2020=100;VST065;Index d.tarifl. Stundenverdienste ohne Sonderzahl.
62221;Vj. Index der Tarifverdienste und Arbeitszeiten;JAHR;Jahr;2023;DINSGF;Früheres Bundesgebiet / Neue Länder;DN;Neue Länder;WZ08C7;WZ2008 (ausgewählte Positionen): Tarifindex;WZ08-66;Mit Finanz- u. Versicherungsdienstl. verb. Tätigk.;108,9;2020=100;VST072;Index d.tarifl. Stundenverdienste mit Sonderzahl.
62221;Vj. Index der Tarifverdienste und Arbeitszeiten;JAHR;Jahr;2023;DINSGF;Früheres Bundesgebiet / Neue Länder;DN;Neue Länder;WZ08C7;WZ2008 (ausgewählte Positionen): Tarifindex;WZ08-66;Mit Finanz- u. Versicherungsdienstl. verb. Tätigk.;108,9;2020=100;VST073;Index d.tarifl. Monatsverdienste mit Sonderzahl.
62221;Vj. Index der Tarifverdienste und Arbeitszeiten;JAHR;Jahr;2023;DINSGF;Früheres Bundesgebiet / Neue Länder;DN;Neue Länder;WZ08C7;WZ2008 (ausgewählte Positionen): Tarifindex;WZ08-66;Mit Finanz- u. Versicherungsdienstl. verb. Tätigk.;38,1;h;VST019;Durchschnittliche tarifliche Wochenarbeitszeit
62221;Vj. Index der Tarifverdienste und Arbeitszeiten;JAHR;Jahr;2023;DINSGF;Früheres Bundesgebiet / Neue Länder;DN;Neue Länder;WZ08C7;WZ2008 (ausgewählte Positionen): Tarifindex;WZ08-66;Mit Finanz- u. Versicherungsdienstl. verb. Tätigk.;106,5;2020=100;VST066;Index d.tarifl. Monatsverdienste ohne Sonderzahl.
62221;Vj. Index der Tarifverdienste und Arbeitszeiten;JAHR;Jahr;2023;DINSGF;Früheres Bundesgebiet / Neue Länder;DN;Neue Länder;WZ08C7;WZ2008 (ausgewählte Positionen): Tarifindex;WZ08-66;Mit Finanz- u. Versicherungsdienstl. verb. Tätigk.;100,0;2020=100;VST018;Index der tariflichen Wochenarbeitszeit
62221;Vj. Index der Tarifverdienste und Arbeitszeiten;JAHR;Jahr;2023;DINSGF;Früheres Bundesgebiet / Neue Länder;DN;Neue Länder;WZ08C7;WZ2008 (ausgewählte Positionen): Tarifindex;WZ08-66;Mit Finanz- u. Versicherungsdienstl. verb. Tätigk.;106,5;2020=100;VST065;Index d.tarifl. Stundenverdienste ohne Sonderzahl.
62221;Vj. Index der Tarifverdienste und Arbeitszeiten;JAHR;Jahr;2016;DINSGF;Früheres Bundesgebiet / Neue Länder;DN;Neue Länder;WZ08C7;WZ2008 (ausgewählte Positionen): Tarifindex;WZ08-N;Sonstige wirtschaftliche Dienstleistungen;88,1;2020=100;VST072;Index d.tarifl. Stundenverdienste mit Sonderzahl.
62221;Vj. Index der Tarifverdienste und Arbeitszeiten;JAHR;Jahr;2016;DINSGF;Früheres Bundesgebiet / Neue Länder;DN;Neue Länder;WZ08C7;WZ2008 (ausgewählte Positionen): Tarifindex;WZ08-N;Sonstige wirtschaftliche Dienstleistungen;88,1;2020=100;VST073;Index d.tarifl. Monatsverdienste mit Sonderzahl.
62221;Vj. Index der Tarifverdienste und Arbeitszeiten;JAHR;Jahr;2016;DINSGF;Früheres Bundesgebiet / Neue Länder;DN;Neue Länder;WZ08C7;WZ2008 (ausgewählte Positionen): Tarifindex;WZ08-N;Sonstige wirtschaftliche Dienstleistungen;36,8;h;VST019;Durchschnittliche tarifliche Wochenarbeitszeit
62221;Vj. Index der Tarifverdienste und Arbeitszeiten;JAHR;Jahr;2016;DINSGF;Früheres Bundesgebiet / Neue Länder;DN;Neue Länder;WZ08C7;WZ2008 (ausgewählte Positionen): Tarifindex;WZ08-N;Sonstige wirtschaftliche Dienstleistungen;87,9;2020=100;VST066;Index d.tarifl. Monatsverdienste ohne Sonderzahl.
62221;Vj. Index der Tarifverdienste und Arbeitszeiten;JAHR;Jahr;2016;DINSGF;Früheres Bundesgebiet / Neue Länder;DN;Neue Länder;WZ08C7;WZ2008 (ausgewählte Positionen): Tarifindex;WZ08-N;Sonstige wirtschaftliche Dienstleistungen;100,0;2020=100;VST018;Index der tariflichen Wochenarbeitszeit
62221;Vj. Index der Tarifverdienste und Arbeitszeiten;JAHR;Jahr;2016;DINSGF;Früheres Bundesgebiet / Neue Länder;DN;Neue Länder;WZ08C7;WZ2008 (ausgewählte Positionen): Tarifindex;WZ08-N;Sonstige wirtschaftliche Dienstleistungen;87,9;2020=100;VST065;Index d.tarifl. Stundenverdienste ohne Sonderzahl.
62221;Vj. Index der Tarifverdienste und Arbeitszeiten;JAHR;Jahr;2019;DINSGF;Früheres Bundesgebiet / Neue Länder;DF;Früheres Bundesgebiet;WZ08C7;WZ2008 (ausgewählte Positionen): Tarifindex;WZ08-E;Wasserversorg.,Entsorg.,Beseitig.v.Umweltverschm.;97,5;2020=100;VST072;Index d.tarifl. Stundenverdienste mit Sonderzahl.
62221;Vj. Index der Tarifverdienste und Arbeitszeiten;JAHR;Jahr;2019;DINSGF;Früheres Bundesgebiet / Neue Länder;DF;Früheres Bundesgebiet;WZ08C7;WZ2008 (ausgewählte Positionen): Tarifindex;WZ08-E;Wasserversorg.,Entsorg.,Beseitig.v.Umweltverschm.;97,5;2020=100;VST073;Index d.tarifl. Monatsverdienste mit Sonderzahl.
62221;Vj. Index der Tarifverdienste und Arbeitszeiten;JAHR;Jahr;2019;DINSGF;Früheres Bundesgebiet / Neue Länder;DF;Früheres Bundesgebiet;WZ08C7;WZ2008 (ausgewählte Positionen): Tarifindex;WZ08-E;Wasserversorg.,Entsorg.,Beseitig.v.Umweltverschm.;39,0;h;VST019;Durchschnittliche tarifliche Wochenarbeitszeit
62221;Vj. Index der Tarifverdienste und Arbeitszeiten;JAHR;Jahr;2019;DINSGF;Früheres Bundesgebiet / Neue Länder;DF;Früheres Bundesgebiet;WZ08C7;WZ2008 (ausgewählte Positionen): Tarifindex;WZ08-E;Wasserversorg.,Entsorg.,Beseitig.v.Umweltverschm.;98,4;2020=100;VST066;Index d.tarifl. Monatsverdienste ohne Sonderzahl.
62221;Vj. Index der Tarifverdienste und Arbeitszeiten;JAHR;Jahr;2019;DINSGF;Früheres Bundesgebiet / Neue Länder;DF;Früheres Bundesgebiet;WZ08C7;WZ2008 (ausgewählte Positionen): Tarifindex;WZ08-E;Wasserversorg.,Entsorg.,Beseitig.v.Umweltverschm.;100,0;2020=100;VST018;Index der tariflichen Wochenarbeitszeit
62221;Vj. Index der Tarifverdienste und Arbeitszeiten;JAHR;Jahr;2019;DINSGF;Früheres Bundesgebiet / Neue Länder;DF;Früheres Bundesgebiet;WZ08C7;WZ2008 (ausgewählte Positionen): Tarifindex;WZ08-E;Wasserversorg.,Entsorg.,Beseitig.v.Umweltverschm.;98,4;2020=100;VST065;Index d.tarifl. Stundenverdienste ohne Sonderzahl.
62221;Vj. Index der Tarifverdienste und Arbeitszeiten;JAHR;Jahr;2018;DINSGF;Früheres Bundesgebiet / Neue Länder;DF;Früheres Bundesgebiet;WZ08C7;WZ2008 (ausgewählte Positionen): Tarifindex;WZ08-59;Film, TV-Programme, Kinos, Tonstudios, Musikverlag;94,7;2020=100;VST072;Index d.tarifl. Stundenverdienste mit Sonderzahl.
62221;Vj. Index der Tarifverdienste und Arbeitszeiten;JAHR;Jahr;2018;DINSGF;Früheres Bundesgebiet / Neue Länder;DF;Früheres Bundesgebiet;WZ08C7;WZ2008 (ausgewählte Positionen): Tarifindex;WZ08-59;Film, TV-Programme, Kinos, Tonstudios, Musikverlag;94,7;2020=100;VST073;Index d.tarifl. Monatsverdienste mit Sonderzahl.
62221;Vj. Index der Tarifverdienste und Arbeitszeiten;JAHR;Jahr;2018;DINSGF;Früheres Bundesgebiet / Neue Länder;DF;Früheres Bundesgebiet;WZ08C7;WZ2008 (ausgewählte Positionen): Tarifindex;WZ08-59;Film, TV-Programme, Kinos, Tonstudios, Musikverlag;38,7;h;VST019;Durchschnittliche tarifliche Wochenarbeitszeit
62221;Vj. Index der Tarifverdienste und Arbeitszeiten;JAHR;Jahr;2018;DINSGF;Früheres Bundesgebiet / Neue Länder;DF;Früheres Bundesgebiet;WZ08C7;WZ2008 (ausgewählte Positionen): Tarifindex;WZ08-59;Film, TV-Programme, Kinos, Tonstudios, Musikverlag;95,2;2020=100;VST066;Index d.tarifl. Monatsverdienste ohne Sonderzahl.
62221;Vj. Index der Tarifverdienste und Arbeitszeiten;JAHR;Jahr;2018;DINSGF;Früheres Bundesgebiet / Neue Länder;DF;Früheres Bundesgebiet;WZ08C7;WZ2008 (ausgewählte Positionen): Tarifindex;WZ08-59;Film, TV-Programme, Kinos, Tonstudios, Musikverlag;100,0;2020=100;VST018;Index der tariflichen Wochenarbeitszeit
62221;Vj. Index der Tarifverdienste und Arbeitszeiten;JAHR;Jahr;2018;DINSGF;Früheres Bundesgebiet / Neue Länder;DF;Früheres Bundesgebiet;WZ08C7;WZ2008 (ausgewählte Positionen): Tarifindex;WZ08-59;Film, TV-Programme, Kinos, Tonstudios, Musikverlag;95,2;2020=100;VST065;Index d.tarifl. Stundenverdienste ohne Sonderzahl.
62221;Vj. Index der Tarifverdienste und Arbeitszeiten;JAHR;Jahr;2023;DINSGF;Früheres Bundesgebiet / Neue Länder;DN;Neue Länder;WZ08C7;WZ2008 (ausgewählte Positionen): Tarifindex;WZ08-72-01;Forschung,Werbung u.Marktforschung,Veterinärwesen;106,0;2020=100;VST072;Index d.tarifl. Stundenverdienste mit Sonderzahl.
62221;Vj. Index der Tarifverdienste und Arbeitszeiten;JAHR;Jahr;2023;DINSGF;Früheres Bundesgebiet / Neue Länder;DN;Neue Länder;WZ08C7;WZ2008 (ausgewählte Positionen): Tarifindex;WZ08-72-01;Forschung,Werbung u.Marktforschung,Veterinärwesen;106,0;2020=100;VST073;Index d.tarifl. Monatsverdienste mit Sonderzahl.
62221;Vj. Index der Tarifverdienste und Arbeitszeiten;JAHR;Jahr;2023;DINSGF;Früheres Bundesgebiet / Neue Länder;DN;Neue Länder;WZ08C7;WZ2008 (ausgewählte Positionen): Tarifindex;WZ08-72-01;Forschung,Werbung u.Marktforschung,Veterinärwesen;39,3;h;VST019;Durchschnittliche tarifliche Wochenarbeitszeit
62221;Vj. Index der Tarifverdienste und Arbeitszeiten;JAHR;Jahr;2023;DINSGF;Früheres Bundesgebiet / Neue Länder;DN;Neue Länder;WZ08C7;WZ2008 (ausgewählte Positionen): Tarifindex;WZ08-72-01;Forschung,Werbung u.Marktforschung,Veterinärwesen;103,7;2020=100;VST066;Index d.tarifl. Monatsverdienste ohne Sonderzahl.
62221;Vj. Index der Tarifverdienste und Arbeitszeiten;JAHR;Jahr;2023;DINSGF;Früheres Bundesgebiet / Neue Länder;DN;Neue Länder;WZ08C7;WZ2008 (ausgewählte Positionen): Tarifindex;WZ08-72-01;Forschung,Werbung u.Marktforschung,Veterinärwesen;100,0;2020=100;VST018;Index der tariflichen Wochenarbeitszeit
62221;Vj. Index der Tarifverdienste und Arbeitszeiten;JAHR;Jahr;2023;DINSGF;Früheres Bundesgebiet / Neue Länder;DN;Neue Länder;WZ08C7;WZ2008 (ausgewählte Positionen): Tarifindex;WZ08-72-01;Forschung,Werbung u.Marktforschung,Veterinärwesen;103,7;2020=100;VST065;Index d.tarifl. Stundenverdienste ohne Sonderzahl.
62221;Vj. Index der Tarifverdienste und Arbeitszeiten;JAHR;Jahr;2024;DINSGF;Früheres Bundesgebiet / Neue Länder;DN;Neue Länder;WZ08C7;WZ2008 (ausgewählte Positionen): Tarifindex;WZ08-72;Forschung und Entwicklung;111,0;2020=100;VST072;Index d.tarifl. Stundenverdienste mit Sonderzahl.
62221;Vj. Index der Tarifverdienste und Arbeitszeiten;JAHR;Jahr;2024;DINSGF;Früheres Bundesgebiet / Neue Länder;DN;Neue Länder;WZ08C7;WZ2008 (ausgewählte Positionen): Tarifindex;WZ08-72;Forschung und Entwicklung;111,0;2020=100;VST073;Index d.tarifl. Monatsverdienste mit Sonderzahl.
62221;Vj. Index der Tarifverdienste und Arbeitszeiten;JAHR;Jahr;2024;DINSGF;Früheres Bundesgebiet / Neue Länder;DN;Neue Länder;WZ08C7;WZ2008 (ausgewählte Positionen): Tarifindex;WZ08-72;Forschung und Entwicklung;39,3;h;VST019;Durchschnittliche tarifliche Wochenarbeitszeit
62221;Vj. Index der Tarifverdienste und Arbeitszeiten;JAHR;Jahr;2024;DINSGF;Früheres Bundesgebiet / Neue Länder;DN;Neue Länder;WZ08C7;WZ2008 (ausgewählte Positionen): Tarifindex;WZ08-72;Forschung und Entwicklung;109,2;2020=100;VST066;Index d.tarifl. Monatsverdienste ohne Sonderzahl.
62221;Vj. Index der Tarifverdienste und Arbeitszeiten;JAHR;Jahr;2024;DINSGF;Früheres Bundesgebiet / Neue Länder;DN;Neue Länder;WZ08C7;WZ2008 (ausgewählte Positionen): Tarifindex;WZ08-72;Forschung und Entwicklung;100,0;2020=100;VST018;Index der tariflichen Wochenarbeitszeit
62221;Vj. Index der Tarifverdienste und Arbeitszeiten;JAHR;Jahr;2024;DINSGF;Früheres Bundesgebiet / Neue Länder;DN;Neue Länder;WZ08C7;WZ2008 (ausgewählte Positionen): Tarifindex;WZ08-72;Forschung und Entwicklung;109,2;2020=100;VST065;Index d.tarifl. Stundenverdienste ohne Sonderzahl.
62221;Vj. Index der Tarifverdienste und Arbeitszeiten;JAHR;Jahr;2023;DINSGF;Früheres Bundesgebiet / Neue Länder;DN;Neue Länder;WZ08C7;WZ2008 (ausgewählte Positionen): Tarifindex;WZ08-01;Landwirtschaft, Jagd und verbundene Tätigkeiten;107,4;2020=100;VST072;Index d.tarifl. Stundenverdienste mit Sonderzahl.
62221;Vj. Index der Tarifverdienste und Arbeitszeiten;JAHR;Jahr;2023;DINSGF;Früheres Bundesgebiet / Neue Länder;DN;Neue Länder;WZ08C7;WZ2008 (ausgewählte Positionen): Tarifindex;WZ08-01;Landwirtschaft, Jagd und verbundene Tätigkeiten;107,4;2020=100;VST073;Index d.tarifl. Monatsverdienste mit Sonderzahl.
62221;Vj. Index der Tarifverdienste und Arbeitszeiten;JAHR;Jahr;2023;DINSGF;Früheres Bundesgebiet / Neue Länder;DN;Neue Länder;WZ08C7;WZ2008 (ausgewählte Positionen): Tarifindex;WZ08-01;Landwirtschaft, Jagd und verbundene Tätigkeiten;39,7;h;VST019;Durchschnittliche tarifliche Wochenarbeitszeit
62221;Vj. Index der Tarifverdienste und Arbeitszeiten;JAHR;Jahr;2023;DINSGF;Früheres Bundesgebiet / Neue Länder;DN;Neue Länder;WZ08C7;WZ2008 (ausgewählte Positionen): Tarifindex;WZ08-01;Landwirtschaft, Jagd und verbundene Tätigkeiten;106,7;2020=100;VST066;Index d.tarifl. Monatsverdienste ohne Sonderzahl.
62221;Vj. Index der Tarifverdienste und Arbeitszeiten;JAHR;Jahr;2023;DINSGF;Früheres Bundesgebiet / Neue Länder;DN;Neue Länder;WZ08C7;WZ2008 (ausgewählte Positionen): Tarifindex;WZ08-01;Landwirtschaft, Jagd und verbundene Tätigkeiten;100,0;2020=100;VST018;Index der tariflichen Wochenarbeitszeit
62221;Vj. Index der Tarifverdienste und Arbeitszeiten;JAHR;Jahr;2023;DINSGF;Früheres Bundesgebiet / Neue Länder;DN;Neue Länder;WZ08C7;WZ2008 (ausgewählte Positionen): Tarifindex;WZ08-01;Landwirtschaft, Jagd und verbundene Tätigkeiten;106,7;2020=100;VST065;Index d.tarifl. Stundenverdienste ohne Sonderzahl.
62221;Vj. Index der Tarifverdienste und Arbeitszeiten;JAHR;Jahr;2025;DINSGF;Früheres Bundesgebiet / Neue Länder;DF;Früheres Bundesgebiet;WZ08C7;WZ2008 (ausgewählte Positionen): Tarifindex;WZ08-73;Werbung und Marktforschung;113,0;2020=100;VST072;Index d.tarifl. Stundenverdienste mit Sonderzahl.
62221;Vj. Index der Tarifverdienste und Arbeitszeiten;JAHR;Jahr;2025;DINSGF;Früheres Bundesgebiet / Neue Länder;DF;Früheres Bundesgebiet;WZ08C7;WZ2008 (ausgewählte Positionen): Tarifindex;WZ08-73;Werbung und Marktforschung;113,0;2020=100;VST073;Index d.tarifl. Monatsverdienste mit Sonderzahl.
62221;Vj. Index der Tarifverdienste und Arbeitszeiten;JAHR;Jahr;2025;DINSGF;Früheres Bundesgebiet / Neue Länder;DF;Früheres Bundesgebiet;WZ08C7;WZ2008 (ausgewählte Positionen): Tarifindex;WZ08-73;Werbung und Marktforschung;38,6;h;VST019;Durchschnittliche tarifliche Wochenarbeitszeit
62221;Vj. Index der Tarifverdienste und Arbeitszeiten;JAHR;Jahr;2025;DINSGF;Früheres Bundesgebiet / Neue Länder;DF;Früheres Bundesgebiet;WZ08C7;WZ2008 (ausgewählte Positionen): Tarifindex;WZ08-73;Werbung und Marktforschung;110,6;2020=100;VST066;Index d.tarifl. Monatsverdienste ohne Sonderzahl.
62221;Vj. Index der Tarifverdienste und Arbeitszeiten;JAHR;Jahr;2025;DINSGF;Früheres Bundesgebiet / Neue Länder;DF;Früheres Bundesgebiet;WZ08C7;WZ2008 (ausgewählte Positionen): Tarifindex;WZ08-73;Werbung und Marktforschung;100,0;2020=100;VST018;Index der tariflichen Wochenarbeitszeit
62221;Vj. Index der Tarifverdienste und Arbeitszeiten;JAHR;Jahr;2025;DINSGF;Früheres Bundesgebiet / Neue Länder;DF;Früheres Bundesgebiet;WZ08C7;WZ2008 (ausgewählte Positionen): Tarifindex;WZ08-73;Werbung und Marktforschung;110,6;2020=100;VST065;Index d.tarifl. Stundenverdienste ohne Sonderzahl.
62221;Vj. Index der Tarifverdienste und Arbeitszeiten;JAHR;Jahr;2021;DINSGF;Früheres Bundesgebiet / Neue Länder;DN;Neue Länder;WZ08C7;WZ2008 (ausgewählte Positionen): Tarifindex;WZ08-D-05;Energie- und Wasserversorgung, Entsorgung u.a.;101,8;2020=100;VST072;Index d.tarifl. Stundenverdienste mit Sonderzahl.
62221;Vj. Index der Tarifverdienste und Arbeitszeiten;JAHR;Jahr;2021;DINSGF;Früheres Bundesgebiet / Neue Länder;DN;Neue Länder;WZ08C7;WZ2008 (ausgewählte Positionen): Tarifindex;WZ08-D-05;Energie- und Wasserversorgung, Entsorgung u.a.;101,8;2020=100;VST073;Index d.tarifl. Monatsverdienste mit Sonderzahl.
62221;Vj. Index der Tarifverdienste und Arbeitszeiten;JAHR;Jahr;2021;DINSGF;Früheres Bundesgebiet / Neue Länder;DN;Neue Länder;WZ08C7;WZ2008 (ausgewählte Positionen): Tarifindex;WZ08-D-05;Energie- und Wasserversorgung, Entsorgung u.a.;38,5;h;VST019;Durchschnittliche tarifliche Wochenarbeitszeit
62221;Vj. Index der Tarifverdienste und Arbeitszeiten;JAHR;Jahr;2021;DINSGF;Früheres Bundesgebiet / Neue Länder;DN;Neue Länder;WZ08C7;WZ2008 (ausgewählte Positionen): Tarifindex;WZ08-D-05;Energie- und Wasserversorgung, Entsorgung u.a.;102,0;2020=100;VST066;Index d.tarifl. Monatsverdienste ohne Sonderzahl.
62221;Vj. Index der Tarifverdienste und Arbeitszeiten;JAHR;Jahr;2021;DINSGF;Früheres Bundesgebiet / Neue Länder;DN;Neue Länder;WZ08C7;WZ2008 (ausgewählte Positionen): Tarifindex;WZ08-D-05;Energie- und Wasserversorgung, Entsorgung u.a.;100,0;2020=100;VST018;Index der tariflichen Wochenarbeitszeit
62221;Vj. Index der Tarifverdienste und Arbeitszeiten;JAHR;Jahr;2021;DINSGF;Früheres Bundesgebiet / Neue Länder;DN;Neue Länder;WZ08C7;WZ2008 (ausgewählte Positionen): Tarifindex;WZ08-D-05;Energie- und Wasserversorgung, Entsorgung u.a.;102,0;2020=100;VST065;Index d.tarifl. Stundenverdienste ohne Sonderzahl.
62221;Vj. Index der Tarifverdienste und Arbeitszeiten;JAHR;Jahr;2024;DINSGF;Früheres Bundesgebiet / Neue Länder;DF;Früheres Bundesgebiet;WZ08C7;WZ2008 (ausgewählte Positionen): Tarifindex;WZ08-52;Lagerei, sonstige Dienstleistungen für den Verkehr;113,1;2020=100;VST072;Index d.tarifl. Stundenverdienste mit Sonderzahl.
62221;Vj. Index der Tarifverdienste und Arbeitszeiten;JAHR;Jahr;2024;DINSGF;Früheres Bundesgebiet / Neue Länder;DF;Früheres Bundesgebiet;WZ08C7;WZ2008 (ausgewählte Positionen): Tarifindex;WZ08-52;Lagerei, sonstige Dienstleistungen für den Verkehr;113,0;2020=100;VST073;Index d.tarifl. Monatsverdienste mit Sonderzahl.
62221;Vj. Index der Tarifverdienste und Arbeitszeiten;JAHR;Jahr;2024;DINSGF;Früheres Bundesgebiet / Neue Länder;DF;Früheres Bundesgebiet;WZ08C7;WZ2008 (ausgewählte Positionen): Tarifindex;WZ08-52;Lagerei, sonstige Dienstleistungen für den Verkehr;38,5;h;VST019;Durchschnittliche tarifliche Wochenarbeitszeit
62221;Vj. Index der Tarifverdienste und Arbeitszeiten;JAHR;Jahr;2024;DINSGF;Früheres Bundesgebiet / Neue Länder;DF;Früheres Bundesgebiet;WZ08C7;WZ2008 (ausgewählte Positionen): Tarifindex;WZ08-52;Lagerei, sonstige Dienstleistungen für den Verkehr;111,5;2020=100;VST066;Index d.tarifl. Monatsverdienste ohne Sonderzahl.
62221;Vj. Index der Tarifverdienste und Arbeitszeiten;JAHR;Jahr;2024;DINSGF;Früheres Bundesgebiet / Neue Länder;DF;Früheres Bundesgebiet;WZ08C7;WZ2008 (ausgewählte Positionen): Tarifindex;WZ08-52;Lagerei, sonstige Dienstleistungen für den Verkehr;99,9;2020=100;VST018;Index der tariflichen Wochenarbeitszeit
62221;Vj. Index der Tarifverdienste und Arbeitszeiten;JAHR;Jahr;2024;DINSGF;Früheres Bundesgebiet / Neue Länder;DF;Früheres Bundesgebiet;WZ08C7;WZ2008 (ausgewählte Positionen): Tarifindex;WZ08-52;Lagerei, sonstige Dienstleistungen für den Verkehr;111,6;2020=100;VST065;Index d.tarifl. Stundenverdienste ohne Sonderzahl.
62221;Vj. Index der Tarifverdienste und Arbeitszeiten;JAHR;Jahr;2025;DINSGF;Früheres Bundesgebiet / Neue Länder;DF;Früheres Bundesgebiet;WZ08C7;WZ2008 (ausgewählte Positionen): Tarifindex;WZ08-17;Herstellung von Papier, Pappe und Waren daraus;112,4;2020=100;VST072;Index d.tarifl. Stundenverdienste mit Sonderzahl.
62221;Vj. Index der Tarifverdienste und Arbeitszeiten;JAHR;Jahr;2025;DINSGF;Früheres Bundesgebiet / Neue Länder;DF;Früheres Bundesgebiet;WZ08C7;WZ2008 (ausgewählte Positionen): Tarifindex;WZ08-17;Herstellung von Papier, Pappe und Waren daraus;112,4;2020=100;VST073;Index d.tarifl. Monatsverdienste mit Sonderzahl.
62221;Vj. Index der Tarifverdienste und Arbeitszeiten;JAHR;Jahr;2025;DINSGF;Früheres Bundesgebiet / Neue Länder;DF;Früheres Bundesgebiet;WZ08C7;WZ2008 (ausgewählte Positionen): Tarifindex;WZ08-17;Herstellung von Papier, Pappe und Waren daraus;36,3;h;VST019;Durchschnittliche tarifliche Wochenarbeitszeit
62221;Vj. Index der Tarifverdienste und Arbeitszeiten;JAHR;Jahr;2025;DINSGF;Früheres Bundesgebiet / Neue Länder;DF;Früheres Bundesgebiet;WZ08C7;WZ2008 (ausgewählte Positionen): Tarifindex;WZ08-17;Herstellung von Papier, Pappe und Waren daraus;112,7;2020=100;VST066;Index d.tarifl. Monatsverdienste ohne Sonderzahl.
62221;Vj. Index der Tarifverdienste und Arbeitszeiten;JAHR;Jahr;2025;DINSGF;Früheres Bundesgebiet / Neue Länder;DF;Früheres Bundesgebiet;WZ08C7;WZ2008 (ausgewählte Positionen): Tarifindex;WZ08-17;Herstellung von Papier, Pappe und Waren daraus;100,0;2020=100;VST018;Index der tariflichen Wochenarbeitszeit
62221;Vj. Index der Tarifverdienste und Arbeitszeiten;JAHR;Jahr;2025;DINSGF;Früheres Bundesgebiet / Neue Länder;DF;Früheres Bundesgebiet;WZ08C7;WZ2008 (ausgewählte Positionen): Tarifindex;WZ08-17;Herstellung von Papier, Pappe und Waren daraus;112,7;2020=100;VST065;Index d.tarifl. Stundenverdienste ohne Sonderzahl.
62221;Vj. Index der Tarifverdienste und Arbeitszeiten;JAHR;Jahr;2016;DINSGF;Früheres Bundesgebiet / Neue Länder;DF;Früheres Bundesgebiet;WZ08C7;WZ2008 (ausgewählte Positionen): Tarifindex;WZ08-D-05;Energie- und Wasserversorgung, Entsorgung u.a.;90,7;2020=100;VST072;Index d.tarifl. Stundenverdienste mit Sonderzahl.
62221;Vj. Index der Tarifverdienste und Arbeitszeiten;JAHR;Jahr;2016;DINSGF;Früheres Bundesgebiet / Neue Länder;DF;Früheres Bundesgebiet;WZ08C7;WZ2008 (ausgewählte Positionen): Tarifindex;WZ08-D-05;Energie- und Wasserversorgung, Entsorgung u.a.;90,7;2020=100;VST073;Index d.tarifl. Monatsverdienste mit Sonderzahl.
62221;Vj. Index der Tarifverdienste und Arbeitszeiten;JAHR;Jahr;2016;DINSGF;Früheres Bundesgebiet / Neue Länder;DF;Früheres Bundesgebiet;WZ08C7;WZ2008 (ausgewählte Positionen): Tarifindex;WZ08-D-05;Energie- und Wasserversorgung, Entsorgung u.a.;38,7;h;VST019;Durchschnittliche tarifliche Wochenarbeitszeit
62221;Vj. Index der Tarifverdienste und Arbeitszeiten;JAHR;Jahr;2016;DINSGF;Früheres Bundesgebiet / Neue Länder;DF;Früheres Bundesgebiet;WZ08C7;WZ2008 (ausgewählte Positionen): Tarifindex;WZ08-D-05;Energie- und Wasserversorgung, Entsorgung u.a.;90,5;2020=100;VST066;Index d.tarifl. Monatsverdienste ohne Sonderzahl.
62221;Vj. Index der Tarifverdienste und Arbeitszeiten;JAHR;Jahr;2016;DINSGF;Früheres Bundesgebiet / Neue Länder;DF;Früheres Bundesgebiet;WZ08C7;WZ2008 (ausgewählte Positionen): Tarifindex;WZ08-D-05;Energie- und Wasserversorgung, Entsorgung u.a.;100,0;2020=100;VST018;Index der tariflichen Wochenarbeitszeit
62221;Vj. Index der Tarifverdienste und Arbeitszeiten;JAHR;Jahr;2016;DINSGF;Früheres Bundesgebiet / Neue Länder;DF;Früheres Bundesgebiet;WZ08C7;WZ2008 (ausgewählte Positionen): Tarifindex;WZ08-D-05;Energie- und Wasserversorgung, Entsorgung u.a.;90,5;2020=100;VST065;Index d.tarifl. Stundenverdienste ohne Sonderzahl.
62221;Vj. Index der Tarifverdienste und Arbeitszeiten;JAHR;Jahr;2016;DINSGF;Früheres Bundesgebiet / Neue Länder;DN;Neue Länder;WZ08C7;WZ2008 (ausgewählte Positionen): Tarifindex;WZ-X001;Vorleistungsgüterproduzenten;89,9;2020=100;VST072;Index d.tarifl. Stundenverdienste mit Sonderzahl.
62221;Vj. Index der Tarifverdienste und Arbeitszeiten;JAHR;Jahr;2016;DINSGF;Früheres Bundesgebiet / Neue Länder;DN;Neue Länder;WZ08C7;WZ2008 (ausgewählte Positionen): Tarifindex;WZ-X001;Vorleistungsgüterproduzenten;90,1;2020=100;VST073;Index d.tarifl. Monatsverdienste mit Sonderzahl.
62221;Vj. Index der Tarifverdienste und Arbeitszeiten;JAHR;Jahr;2016;DINSGF;Früheres Bundesgebiet / Neue Länder;DN;Neue Länder;WZ08C7;WZ2008 (ausgewählte Positionen): Tarifindex;WZ-X001;Vorleistungsgüterproduzenten;38,5;h;VST019;Durchschnittliche tarifliche Wochenarbeitszeit
62221;Vj. Index der Tarifverdienste und Arbeitszeiten;JAHR;Jahr;2016;DINSGF;Früheres Bundesgebiet / Neue Länder;DN;Neue Länder;WZ08C7;WZ2008 (ausgewählte Positionen): Tarifindex;WZ-X001;Vorleistungsgüterproduzenten;91,4;2020=100;VST066;Index d.tarifl. Monatsverdienste ohne Sonderzahl.
62221;Vj. Index der Tarifverdienste und Arbeitszeiten;JAHR;Jahr;2016;DINSGF;Früheres Bundesgebiet / Neue Länder;DN;Neue Länder;WZ08C7;WZ2008 (ausgewählte Positionen): Tarifindex;WZ-X001;Vorleistungsgüterproduzenten;100,3;2020=100;VST018;Index der tariflichen Wochenarbeitszeit
62221;Vj. Index der Tarifverdienste und Arbeitszeiten;JAHR;Jahr;2016;DINSGF;Früheres Bundesgebiet / Neue Länder;DN;Neue Länder;WZ08C7;WZ2008 (ausgewählte Positionen): Tarifindex;WZ-X001;Vorleistungsgüterproduzenten;91,2;2020=100;VST065;Index d.tarifl. Stundenverdienste ohne Sonderzahl.
62221;Vj. Index der Tarifverdienste und Arbeitszeiten;JAHR;Jahr;2022;DINSGF;Früheres Bundesgebiet / Neue Länder;DF;Früheres Bundesgebiet;WZ08C7;WZ2008 (ausgewählte Positionen): Tarifindex;WZ08-43;Vorb.Baustellenarbeiten, Bauinstall., sonst.Ausbau;104,8;2020=100;VST072;Index d.tarifl. Stundenverdienste mit Sonderzahl.
62221;Vj. Index der Tarifverdienste und Arbeitszeiten;JAHR;Jahr;2022;DINSGF;Früheres Bundesgebiet / Neue Länder;DF;Früheres Bundesgebiet;WZ08C7;WZ2008 (ausgewählte Positionen): Tarifindex;WZ08-43;Vorb.Baustellenarbeiten, Bauinstall., sonst.Ausbau;104,7;2020=100;VST073;Index d.tarifl. Monatsverdienste mit Sonderzahl.
62221;Vj. Index der Tarifverdienste und Arbeitszeiten;JAHR;Jahr;2022;DINSGF;Früheres Bundesgebiet / Neue Länder;DF;Früheres Bundesgebiet;WZ08C7;WZ2008 (ausgewählte Positionen): Tarifindex;WZ08-43;Vorb.Baustellenarbeiten, Bauinstall., sonst.Ausbau;39,0;h;VST019;Durchschnittliche tarifliche Wochenarbeitszeit
62221;Vj. Index der Tarifverdienste und Arbeitszeiten;JAHR;Jahr;2022;DINSGF;Früheres Bundesgebiet / Neue Länder;DF;Früheres Bundesgebiet;WZ08C7;WZ2008 (ausgewählte Positionen): Tarifindex;WZ08-43;Vorb.Baustellenarbeiten, Bauinstall., sonst.Ausbau;104,3;2020=100;VST066;Index d.tarifl. Monatsverdienste ohne Sonderzahl.
62221;Vj. Index der Tarifverdienste und Arbeitszeiten;JAHR;Jahr;2022;DINSGF;Früheres Bundesgebiet / Neue Länder;DF;Früheres Bundesgebiet;WZ08C7;WZ2008 (ausgewählte Positionen): Tarifindex;WZ08-43;Vorb.Baustellenarbeiten, Bauinstall., sonst.Ausbau;100,0;2020=100;VST018;Index der tariflichen Wochenarbeitszeit
62221;Vj. Index der Tarifverdienste und Arbeitszeiten;JAHR;Jahr;2022;DINSGF;Früheres Bundesgebiet / Neue Länder;DF;Früheres Bundesgebiet;WZ08C7;WZ2008 (ausgewählte Positionen): Tarifindex;WZ08-43;Vorb.Baustellenarbeiten, Bauinstall., sonst.Ausbau;104,4;2020=100;VST065;Index d.tarifl. Stundenverdienste ohne Sonderzahl.
62221;Vj. Index der Tarifverdienste und Arbeitszeiten;JAHR;Jahr;2016;DINSGF;Früheres Bundesgebiet / Neue Länder;DN;Neue Länder;WZ08C7;WZ2008 (ausgewählte Positionen): Tarifindex;WZ08-491-01;Personen- u. Güterbeförderung im Eisenbahnverkehr;90,0;2020=100;VST072;Index d.tarifl. Stundenverdienste mit Sonderzahl.
62221;Vj. Index der Tarifverdienste und Arbeitszeiten;JAHR;Jahr;2016;DINSGF;Früheres Bundesgebiet / Neue Länder;DN;Neue Länder;WZ08C7;WZ2008 (ausgewählte Positionen): Tarifindex;WZ08-491-01;Personen- u. Güterbeförderung im Eisenbahnverkehr;91,2;2020=100;VST073;Index d.tarifl. Monatsverdienste mit Sonderzahl.
62221;Vj. Index der Tarifverdienste und Arbeitszeiten;JAHR;Jahr;2016;DINSGF;Früheres Bundesgebiet / Neue Länder;DN;Neue Länder;WZ08C7;WZ2008 (ausgewählte Positionen): Tarifindex;WZ08-491-01;Personen- u. Güterbeförderung im Eisenbahnverkehr;39,6;h;VST019;Durchschnittliche tarifliche Wochenarbeitszeit
62221;Vj. Index der Tarifverdienste und Arbeitszeiten;JAHR;Jahr;2016;DINSGF;Früheres Bundesgebiet / Neue Länder;DN;Neue Länder;WZ08C7;WZ2008 (ausgewählte Positionen): Tarifindex;WZ08-491-01;Personen- u. Güterbeförderung im Eisenbahnverkehr;91,4;2020=100;VST066;Index d.tarifl. Monatsverdienste ohne Sonderzahl.
62221;Vj. Index der Tarifverdienste und Arbeitszeiten;JAHR;Jahr;2016;DINSGF;Früheres Bundesgebiet / Neue Länder;DN;Neue Länder;WZ08C7;WZ2008 (ausgewählte Positionen): Tarifindex;WZ08-491-01;Personen- u. Güterbeförderung im Eisenbahnverkehr;101,1;2020=100;VST018;Index der tariflichen Wochenarbeitszeit
62221;Vj. Index der Tarifverdienste und Arbeitszeiten;JAHR;Jahr;2016;DINSGF;Früheres Bundesgebiet / Neue Länder;DN;Neue Länder;WZ08C7;WZ2008 (ausgewählte Positionen): Tarifindex;WZ08-491-01;Personen- u. Güterbeförderung im Eisenbahnverkehr;90,2;2020=100;VST065;Index d.tarifl. Stundenverdienste ohne Sonderzahl.
62221;Vj. Index der Tarifverdienste und Arbeitszeiten;JAHR;Jahr;2021;DINSGF;Früheres Bundesgebiet / Neue Länder;DN;Neue Länder;WZ08C7;WZ2008 (ausgewählte Positionen): Tarifindex;WZ08-A;Land- und Forstwirtschaft, Fischerei;101,4;2020=100;VST072;Index d.tarifl. Stundenverdienste mit Sonderzahl.
62221;Vj. Index der Tarifverdienste und Arbeitszeiten;JAHR;Jahr;2021;DINSGF;Früheres Bundesgebiet / Neue Länder;DN;Neue Länder;WZ08C7;WZ2008 (ausgewählte Positionen): Tarifindex;WZ08-A;Land- und Forstwirtschaft, Fischerei;101,4;2020=100;VST073;Index d.tarifl. Monatsverdienste mit Sonderzahl.
62221;Vj. Index der Tarifverdienste und Arbeitszeiten;JAHR;Jahr;2021;DINSGF;Früheres Bundesgebiet / Neue Länder;DN;Neue Länder;WZ08C7;WZ2008 (ausgewählte Positionen): Tarifindex;WZ08-A;Land- und Forstwirtschaft, Fischerei;39,8;h;VST019;Durchschnittliche tarifliche Wochenarbeitszeit
62221;Vj. Index der Tarifverdienste und Arbeitszeiten;JAHR;Jahr;2021;DINSGF;Früheres Bundesgebiet / Neue Länder;DN;Neue Länder;WZ08C7;WZ2008 (ausgewählte Positionen): Tarifindex;WZ08-A;Land- und Forstwirtschaft, Fischerei;101,3;2020=100;VST066;Index d.tarifl. Monatsverdienste ohne Sonderzahl.
62221;Vj. Index der Tarifverdienste und Arbeitszeiten;JAHR;Jahr;2021;DINSGF;Früheres Bundesgebiet / Neue Länder;DN;Neue Länder;WZ08C7;WZ2008 (ausgewählte Positionen): Tarifindex;WZ08-A;Land- und Forstwirtschaft, Fischerei;100,0;2020=100;VST018;Index der tariflichen Wochenarbeitszeit
62221;Vj. Index der Tarifverdienste und Arbeitszeiten;JAHR;Jahr;2021;DINSGF;Früheres Bundesgebiet / Neue Länder;DN;Neue Länder;WZ08C7;WZ2008 (ausgewählte Positionen): Tarifindex;WZ08-A;Land- und Forstwirtschaft, Fischerei;101,3;2020=100;VST065;Index d.tarifl. Stundenverdienste ohne Sonderzahl.
62221;Vj. Index der Tarifverdienste und Arbeitszeiten;JAHR;Jahr;2024;DINSGF;Früheres Bundesgebiet / Neue Länder;DF;Früheres Bundesgebiet;WZ08C7;WZ2008 (ausgewählte Positionen): Tarifindex;WZ08-G;Handel, Instandhaltung und Reparatur von Kfz;116,0;2020=100;VST072;Index d.tarifl. Stundenverdienste mit Sonderzahl.
62221;Vj. Index der Tarifverdienste und Arbeitszeiten;JAHR;Jahr;2024;DINSGF;Früheres Bundesgebiet / Neue Länder;DF;Früheres Bundesgebiet;WZ08C7;WZ2008 (ausgewählte Positionen): Tarifindex;WZ08-G;Handel, Instandhaltung und Reparatur von Kfz;115,9;2020=100;VST073;Index d.tarifl. Monatsverdienste mit Sonderzahl.
62221;Vj. Index der Tarifverdienste und Arbeitszeiten;JAHR;Jahr;2024;DINSGF;Früheres Bundesgebiet / Neue Länder;DF;Früheres Bundesgebiet;WZ08C7;WZ2008 (ausgewählte Positionen): Tarifindex;WZ08-G;Handel, Instandhaltung und Reparatur von Kfz;37,6;h;VST019;Durchschnittliche tarifliche Wochenarbeitszeit
62221;Vj. Index der Tarifverdienste und Arbeitszeiten;JAHR;Jahr;2024;DINSGF;Früheres Bundesgebiet / Neue Länder;DF;Früheres Bundesgebiet;WZ08C7;WZ2008 (ausgewählte Positionen): Tarifindex;WZ08-G;Handel, Instandhaltung und Reparatur von Kfz;109,8;2020=100;VST066;Index d.tarifl. Monatsverdienste ohne Sonderzahl.
62221;Vj. Index der Tarifverdienste und Arbeitszeiten;JAHR;Jahr;2024;DINSGF;Früheres Bundesgebiet / Neue Länder;DF;Früheres Bundesgebiet;WZ08C7;WZ2008 (ausgewählte Positionen): Tarifindex;WZ08-G;Handel, Instandhaltung und Reparatur von Kfz;100,0;2020=100;VST018;Index der tariflichen Wochenarbeitszeit
62221;Vj. Index der Tarifverdienste und Arbeitszeiten;JAHR;Jahr;2024;DINSGF;Früheres Bundesgebiet / Neue Länder;DF;Früheres Bundesgebiet;WZ08C7;WZ2008 (ausgewählte Positionen): Tarifindex;WZ08-G;Handel, Instandhaltung und Reparatur von Kfz;109,9;2020=100;VST065;Index d.tarifl. Stundenverdienste ohne Sonderzahl.
62221;Vj. Index der Tarifverdienste und Arbeitszeiten;JAHR;Jahr;2019;DINSGF;Früheres Bundesgebiet / Neue Länder;DN;Neue Länder;WZ08C7;WZ2008 (ausgewählte Positionen): Tarifindex;WZ08-20;Herstellung von chemischen Erzeugnissen;98,2;2020=100;VST072;Index d.tarifl. Stundenverdienste mit Sonderzahl.
62221;Vj. Index der Tarifverdienste und Arbeitszeiten;JAHR;Jahr;2019;DINSGF;Früheres Bundesgebiet / Neue Länder;DN;Neue Länder;WZ08C7;WZ2008 (ausgewählte Positionen): Tarifindex;WZ08-20;Herstellung von chemischen Erzeugnissen;98,1;2020=100;VST073;Index d.tarifl. Monatsverdienste mit Sonderzahl.
62221;Vj. Index der Tarifverdienste und Arbeitszeiten;JAHR;Jahr;2019;DINSGF;Früheres Bundesgebiet / Neue Länder;DN;Neue Länder;WZ08C7;WZ2008 (ausgewählte Positionen): Tarifindex;WZ08-20;Herstellung von chemischen Erzeugnissen;39,2;h;VST019;Durchschnittliche tarifliche Wochenarbeitszeit
62221;Vj. Index der Tarifverdienste und Arbeitszeiten;JAHR;Jahr;2019;DINSGF;Früheres Bundesgebiet / Neue Länder;DN;Neue Länder;WZ08C7;WZ2008 (ausgewählte Positionen): Tarifindex;WZ08-20;Herstellung von chemischen Erzeugnissen;98,8;2020=100;VST066;Index d.tarifl. Monatsverdienste ohne Sonderzahl.
62221;Vj. Index der Tarifverdienste und Arbeitszeiten;JAHR;Jahr;2019;DINSGF;Früheres Bundesgebiet / Neue Länder;DN;Neue Länder;WZ08C7;WZ2008 (ausgewählte Positionen): Tarifindex;WZ08-20;Herstellung von chemischen Erzeugnissen;100,0;2020=100;VST018;Index der tariflichen Wochenarbeitszeit
62221;Vj. Index der Tarifverdienste und Arbeitszeiten;JAHR;Jahr;2019;DINSGF;Früheres Bundesgebiet / Neue Länder;DN;Neue Länder;WZ08C7;WZ2008 (ausgewählte Positionen): Tarifindex;WZ08-20;Herstellung von chemischen Erzeugnissen;98,9;2020=100;VST065;Index d.tarifl. Stundenverdienste ohne Sonderzahl.
62221;Vj. Index der Tarifverdienste und Arbeitszeiten;JAHR;Jahr;2024;DINSGF;Früheres Bundesgebiet / Neue Länder;DF;Früheres Bundesgebiet;WZ08C7;WZ2008 (ausgewählte Positionen): Tarifindex;WZ08-24-02;Metall- und Elektroindustrie;112,1;2020=100;VST072;Index d.tarifl. Stundenverdienste mit Sonderzahl.
62221;Vj. Index der Tarifverdienste und Arbeitszeiten;JAHR;Jahr;2024;DINSGF;Früheres Bundesgebiet / Neue Länder;DF;Früheres Bundesgebiet;WZ08C7;WZ2008 (ausgewählte Positionen): Tarifindex;WZ08-24-02;Metall- und Elektroindustrie;112,1;2020=100;VST073;Index d.tarifl. Monatsverdienste mit Sonderzahl.
62221;Vj. Index der Tarifverdienste und Arbeitszeiten;JAHR;Jahr;2024;DINSGF;Früheres Bundesgebiet / Neue Länder;DF;Früheres Bundesgebiet;WZ08C7;WZ2008 (ausgewählte Positionen): Tarifindex;WZ08-24-02;Metall- und Elektroindustrie;35,4;h;VST019;Durchschnittliche tarifliche Wochenarbeitszeit
62221;Vj. Index der Tarifverdienste und Arbeitszeiten;JAHR;Jahr;2024;DINSGF;Früheres Bundesgebiet / Neue Länder;DF;Früheres Bundesgebiet;WZ08C7;WZ2008 (ausgewählte Positionen): Tarifindex;WZ08-24-02;Metall- und Elektroindustrie;108,0;2020=100;VST066;Index d.tarifl. Monatsverdienste ohne Sonderzahl.
62221;Vj. Index der Tarifverdienste und Arbeitszeiten;JAHR;Jahr;2024;DINSGF;Früheres Bundesgebiet / Neue Länder;DF;Früheres Bundesgebiet;WZ08C7;WZ2008 (ausgewählte Positionen): Tarifindex;WZ08-24-02;Metall- und Elektroindustrie;100,0;2020=100;VST018;Index der tariflichen Wochenarbeitszeit
62221;Vj. Index der Tarifverdienste und Arbeitszeiten;JAHR;Jahr;2024;DINSGF;Früheres Bundesgebiet / Neue Länder;DF;Früheres Bundesgebiet;WZ08C7;WZ2008 (ausgewählte Positionen): Tarifindex;WZ08-24-02;Metall- und Elektroindustrie;108,0;2020=100;VST065;Index d.tarifl. Stundenverdienste ohne Sonderzahl.
62221;Vj. Index der Tarifverdienste und Arbeitszeiten;JAHR;Jahr;2019;DINSGF;Früheres Bundesgebiet / Neue Länder;DN;Neue Länder;WZ08C7;WZ2008 (ausgewählte Positionen): Tarifindex;WZ08-85;Erziehung und Unterricht;97,1;2020=100;VST072;Index d.tarifl. Stundenverdienste mit Sonderzahl.
62221;Vj. Index der Tarifverdienste und Arbeitszeiten;JAHR;Jahr;2019;DINSGF;Früheres Bundesgebiet / Neue Länder;DN;Neue Länder;WZ08C7;WZ2008 (ausgewählte Positionen): Tarifindex;WZ08-85;Erziehung und Unterricht;97,1;2020=100;VST073;Index d.tarifl. Monatsverdienste mit Sonderzahl.
62221;Vj. Index der Tarifverdienste und Arbeitszeiten;JAHR;Jahr;2019;DINSGF;Früheres Bundesgebiet / Neue Länder;DN;Neue Länder;WZ08C7;WZ2008 (ausgewählte Positionen): Tarifindex;WZ08-85;Erziehung und Unterricht;39,5;h;VST019;Durchschnittliche tarifliche Wochenarbeitszeit
62221;Vj. Index der Tarifverdienste und Arbeitszeiten;JAHR;Jahr;2019;DINSGF;Früheres Bundesgebiet / Neue Länder;DN;Neue Länder;WZ08C7;WZ2008 (ausgewählte Positionen): Tarifindex;WZ08-85;Erziehung und Unterricht;96,0;2020=100;VST066;Index d.tarifl. Monatsverdienste ohne Sonderzahl.
62221;Vj. Index der Tarifverdienste und Arbeitszeiten;JAHR;Jahr;2019;DINSGF;Früheres Bundesgebiet / Neue Länder;DN;Neue Länder;WZ08C7;WZ2008 (ausgewählte Positionen): Tarifindex;WZ08-85;Erziehung und Unterricht;100,0;2020=100;VST018;Index der tariflichen Wochenarbeitszeit
62221;Vj. Index der Tarifverdienste und Arbeitszeiten;JAHR;Jahr;2019;DINSGF;Früheres Bundesgebiet / Neue Länder;DN;Neue Länder;WZ08C7;WZ2008 (ausgewählte Positionen): Tarifindex;WZ08-85;Erziehung und Unterricht;96,0;2020=100;VST065;Index d.tarifl. Stundenverdienste ohne Sonderzahl.
62221;Vj. Index der Tarifverdienste und Arbeitszeiten;JAHR;Jahr;2020;DINSGF;Früheres Bundesgebiet / Neue Länder;DF;Früheres Bundesgebiet;WZ08C7;WZ2008 (ausgewählte Positionen): Tarifindex;WZ08-84;Öff. Verwaltung, Verteidigung, Sozialversicherung;100,0;2020=100;VST072;Index d.tarifl. Stundenverdienste mit Sonderzahl.
62221;Vj. Index der Tarifverdienste und Arbeitszeiten;JAHR;Jahr;2020;DINSGF;Früheres Bundesgebiet / Neue Länder;DF;Früheres Bundesgebiet;WZ08C7;WZ2008 (ausgewählte Positionen): Tarifindex;WZ08-84;Öff. Verwaltung, Verteidigung, Sozialversicherung;100,0;2020=100;VST073;Index d.tarifl. Monatsverdienste mit Sonderzahl.
62221;Vj. Index der Tarifverdienste und Arbeitszeiten;JAHR;Jahr;2020;DINSGF;Früheres Bundesgebiet / Neue Länder;DF;Früheres Bundesgebiet;WZ08C7;WZ2008 (ausgewählte Positionen): Tarifindex;WZ08-84;Öff. Verwaltung, Verteidigung, Sozialversicherung;40,1;h;VST019;Durchschnittliche tarifliche Wochenarbeitszeit
62221;Vj. Index der Tarifverdienste und Arbeitszeiten;JAHR;Jahr;2020;DINSGF;Früheres Bundesgebiet / Neue Länder;DF;Früheres Bundesgebiet;WZ08C7;WZ2008 (ausgewählte Positionen): Tarifindex;WZ08-84;Öff. Verwaltung, Verteidigung, Sozialversicherung;100,0;2020=100;VST066;Index d.tarifl. Monatsverdienste ohne Sonderzahl.
62221;Vj. Index der Tarifverdienste und Arbeitszeiten;JAHR;Jahr;2020;DINSGF;Früheres Bundesgebiet / Neue Länder;DF;Früheres Bundesgebiet;WZ08C7;WZ2008 (ausgewählte Positionen): Tarifindex;WZ08-84;Öff. Verwaltung, Verteidigung, Sozialversicherung;100,0;2020=100;VST018;Index der tariflichen Wochenarbeitszeit
62221;Vj. Index der Tarifverdienste und Arbeitszeiten;JAHR;Jahr;2020;DINSGF;Früheres Bundesgebiet / Neue Länder;DF;Früheres Bundesgebiet;WZ08C7;WZ2008 (ausgewählte Positionen): Tarifindex;WZ08-84;Öff. Verwaltung, Verteidigung, Sozialversicherung;100,0;2020=100;VST065;Index d.tarifl. Stundenverdienste ohne Sonderzahl.
62221;Vj. Index der Tarifverdienste und Arbeitszeiten;JAHR;Jahr;2019;DINSGF;Früheres Bundesgebiet / Neue Länder;DN;Neue Länder;WZ08C7;WZ2008 (ausgewählte Positionen): Tarifindex;WZ08-35;Energieversorgung;98,2;2020=100;VST072;Index d.tarifl. Stundenverdienste mit Sonderzahl.
62221;Vj. Index der Tarifverdienste und Arbeitszeiten;JAHR;Jahr;2019;DINSGF;Früheres Bundesgebiet / Neue Länder;DN;Neue Länder;WZ08C7;WZ2008 (ausgewählte Positionen): Tarifindex;WZ08-35;Energieversorgung;98,1;2020=100;VST073;Index d.tarifl. Monatsverdienste mit Sonderzahl.
62221;Vj. Index der Tarifverdienste und Arbeitszeiten;JAHR;Jahr;2019;DINSGF;Früheres Bundesgebiet / Neue Länder;DN;Neue Länder;WZ08C7;WZ2008 (ausgewählte Positionen): Tarifindex;WZ08-35;Energieversorgung;38,1;h;VST019;Durchschnittliche tarifliche Wochenarbeitszeit
62221;Vj. Index der Tarifverdienste und Arbeitszeiten;JAHR;Jahr;2019;DINSGF;Früheres Bundesgebiet / Neue Länder;DN;Neue Länder;WZ08C7;WZ2008 (ausgewählte Positionen): Tarifindex;WZ08-35;Energieversorgung;98,2;2020=100;VST066;Index d.tarifl. Monatsverdienste ohne Sonderzahl.
62221;Vj. Index der Tarifverdienste und Arbeitszeiten;JAHR;Jahr;2019;DINSGF;Früheres Bundesgebiet / Neue Länder;DN;Neue Länder;WZ08C7;WZ2008 (ausgewählte Positionen): Tarifindex;WZ08-35;Energieversorgung;100,0;2020=100;VST018;Index der tariflichen Wochenarbeitszeit
62221;Vj. Index der Tarifverdienste und Arbeitszeiten;JAHR;Jahr;2019;DINSGF;Früheres Bundesgebiet / Neue Länder;DN;Neue Länder;WZ08C7;WZ2008 (ausgewählte Positionen): Tarifindex;WZ08-35;Energieversorgung;98,2;2020=100;VST065;Index d.tarifl. Stundenverdienste ohne Sonderzahl.
62221;Vj. Index der Tarifverdienste und Arbeitszeiten;JAHR;Jahr;2017;DINSGF;Früheres Bundesgebiet / Neue Länder;DN;Neue Länder;WZ08C7;WZ2008 (ausgewählte Positionen): Tarifindex;WZ08-11;Getränkeherstellung;92,1;2020=100;VST072;Index d.tarifl. Stundenverdienste mit Sonderzahl.
62221;Vj. Index der Tarifverdienste und Arbeitszeiten;JAHR;Jahr;2017;DINSGF;Früheres Bundesgebiet / Neue Länder;DN;Neue Länder;WZ08C7;WZ2008 (ausgewählte Positionen): Tarifindex;WZ08-11;Getränkeherstellung;92,1;2020=100;VST073;Index d.tarifl. Monatsverdienste mit Sonderzahl.
62221;Vj. Index der Tarifverdienste und Arbeitszeiten;JAHR;Jahr;2017;DINSGF;Früheres Bundesgebiet / Neue Länder;DN;Neue Länder;WZ08C7;WZ2008 (ausgewählte Positionen): Tarifindex;WZ08-11;Getränkeherstellung;38,9;h;VST019;Durchschnittliche tarifliche Wochenarbeitszeit
62221;Vj. Index der Tarifverdienste und Arbeitszeiten;JAHR;Jahr;2017;DINSGF;Früheres Bundesgebiet / Neue Länder;DN;Neue Länder;WZ08C7;WZ2008 (ausgewählte Positionen): Tarifindex;WZ08-11;Getränkeherstellung;91,7;2020=100;VST066;Index d.tarifl. Monatsverdienste ohne Sonderzahl.
62221;Vj. Index der Tarifverdienste und Arbeitszeiten;JAHR;Jahr;2017;DINSGF;Früheres Bundesgebiet / Neue Länder;DN;Neue Länder;WZ08C7;WZ2008 (ausgewählte Positionen): Tarifindex;WZ08-11;Getränkeherstellung;100,0;2020=100;VST018;Index der tariflichen Wochenarbeitszeit
62221;Vj. Index der Tarifverdienste und Arbeitszeiten;JAHR;Jahr;2017;DINSGF;Früheres Bundesgebiet / Neue Länder;DN;Neue Länder;WZ08C7;WZ2008 (ausgewählte Positionen): Tarifindex;WZ08-11;Getränkeherstellung;91,7;2020=100;VST065;Index d.tarifl. Stundenverdienste ohne Sonderzahl.
62221;Vj. Index der Tarifverdienste und Arbeitszeiten;JAHR;Jahr;2020;DINSGF;Früheres Bundesgebiet / Neue Länder;DF;Früheres Bundesgebiet;WZ08C7;WZ2008 (ausgewählte Positionen): Tarifindex;WZ08-491-01;Personen- u. Güterbeförderung im Eisenbahnverkehr;100,0;2020=100;VST072;Index d.tarifl. Stundenverdienste mit Sonderzahl.
62221;Vj. Index der Tarifverdienste und Arbeitszeiten;JAHR;Jahr;2020;DINSGF;Früheres Bundesgebiet / Neue Länder;DF;Früheres Bundesgebiet;WZ08C7;WZ2008 (ausgewählte Positionen): Tarifindex;WZ08-491-01;Personen- u. Güterbeförderung im Eisenbahnverkehr;100,0;2020=100;VST073;Index d.tarifl. Monatsverdienste mit Sonderzahl.
62221;Vj. Index der Tarifverdienste und Arbeitszeiten;JAHR;Jahr;2020;DINSGF;Früheres Bundesgebiet / Neue Länder;DF;Früheres Bundesgebiet;WZ08C7;WZ2008 (ausgewählte Positionen): Tarifindex;WZ08-491-01;Personen- u. Güterbeförderung im Eisenbahnverkehr;39,9;h;VST019;Durchschnittliche tarifliche Wochenarbeitszeit
62221;Vj. Index der Tarifverdienste und Arbeitszeiten;JAHR;Jahr;2020;DINSGF;Früheres Bundesgebiet / Neue Länder;DF;Früheres Bundesgebiet;WZ08C7;WZ2008 (ausgewählte Positionen): Tarifindex;WZ08-491-01;Personen- u. Güterbeförderung im Eisenbahnverkehr;100,0;2020=100;VST066;Index d.tarifl. Monatsverdienste ohne Sonderzahl.
62221;Vj. Index der Tarifverdienste und Arbeitszeiten;JAHR;Jahr;2020;DINSGF;Früheres Bundesgebiet / Neue Länder;DF;Früheres Bundesgebiet;WZ08C7;WZ2008 (ausgewählte Positionen): Tarifindex;WZ08-491-01;Personen- u. Güterbeförderung im Eisenbahnverkehr;100,0;2020=100;VST018;Index der tariflichen Wochenarbeitszeit
62221;Vj. Index der Tarifverdienste und Arbeitszeiten;JAHR;Jahr;2020;DINSGF;Früheres Bundesgebiet / Neue Länder;DF;Früheres Bundesgebiet;WZ08C7;WZ2008 (ausgewählte Positionen): Tarifindex;WZ08-491-01;Personen- u. Güterbeförderung im Eisenbahnverkehr;100,0;2020=100;VST065;Index d.tarifl. Stundenverdienste ohne Sonderzahl.
62221;Vj. Index der Tarifverdienste und Arbeitszeiten;JAHR;Jahr;2019;DINSGF;Früheres Bundesgebiet / Neue Länder;DN;Neue Länder;WZ08C7;WZ2008 (ausgewählte Positionen): Tarifindex;WZ08-17;Herstellung von Papier, Pappe und Waren daraus;97,4;2020=100;VST072;Index d.tarifl. Stundenverdienste mit Sonderzahl.
62221;Vj. Index der Tarifverdienste und Arbeitszeiten;JAHR;Jahr;2019;DINSGF;Früheres Bundesgebiet / Neue Länder;DN;Neue Länder;WZ08C7;WZ2008 (ausgewählte Positionen): Tarifindex;WZ08-17;Herstellung von Papier, Pappe und Waren daraus;97,4;2020=100;VST073;Index d.tarifl. Monatsverdienste mit Sonderzahl.
62221;Vj. Index der Tarifverdienste und Arbeitszeiten;JAHR;Jahr;2019;DINSGF;Früheres Bundesgebiet / Neue Länder;DN;Neue Länder;WZ08C7;WZ2008 (ausgewählte Positionen): Tarifindex;WZ08-17;Herstellung von Papier, Pappe und Waren daraus;37,9;h;VST019;Durchschnittliche tarifliche Wochenarbeitszeit
62221;Vj. Index der Tarifverdienste und Arbeitszeiten;JAHR;Jahr;2019;DINSGF;Früheres Bundesgebiet / Neue Länder;DN;Neue Länder;WZ08C7;WZ2008 (ausgewählte Positionen): Tarifindex;WZ08-17;Herstellung von Papier, Pappe und Waren daraus;98,6;2020=100;VST066;Index d.tarifl. Monatsverdienste ohne Sonderzahl.
62221;Vj. Index der Tarifverdienste und Arbeitszeiten;JAHR;Jahr;2019;DINSGF;Früheres Bundesgebiet / Neue Länder;DN;Neue Länder;WZ08C7;WZ2008 (ausgewählte Positionen): Tarifindex;WZ08-17;Herstellung von Papier, Pappe und Waren daraus;100,1;2020=100;VST018;Index der tariflichen Wochenarbeitszeit
62221;Vj. Index der Tarifverdienste und Arbeitszeiten;JAHR;Jahr;2019;DINSGF;Früheres Bundesgebiet / Neue Länder;DN;Neue Länder;WZ08C7;WZ2008 (ausgewählte Positionen): Tarifindex;WZ08-17;Herstellung von Papier, Pappe und Waren daraus;98,5;2020=100;VST065;Index d.tarifl. Stundenverdienste ohne Sonderzahl.
62221;Vj. Index der Tarifverdienste und Arbeitszeiten;JAHR;Jahr;2021;DINSGF;Früheres Bundesgebiet / Neue Länder;DN;Neue Länder;WZ08C7;WZ2008 (ausgewählte Positionen): Tarifindex;WZ08-95;Reparatur von DV-Geräten und Gebrauchsgütern;101,6;2020=100;VST072;Index d.tarifl. Stundenverdienste mit Sonderzahl.
62221;Vj. Index der Tarifverdienste und Arbeitszeiten;JAHR;Jahr;2021;DINSGF;Früheres Bundesgebiet / Neue Länder;DN;Neue Länder;WZ08C7;WZ2008 (ausgewählte Positionen): Tarifindex;WZ08-95;Reparatur von DV-Geräten und Gebrauchsgütern;101,6;2020=100;VST073;Index d.tarifl. Monatsverdienste mit Sonderzahl.
62221;Vj. Index der Tarifverdienste und Arbeitszeiten;JAHR;Jahr;2021;DINSGF;Früheres Bundesgebiet / Neue Länder;DN;Neue Länder;WZ08C7;WZ2008 (ausgewählte Positionen): Tarifindex;WZ08-95;Reparatur von DV-Geräten und Gebrauchsgütern;36,1;h;VST019;Durchschnittliche tarifliche Wochenarbeitszeit
62221;Vj. Index der Tarifverdienste und Arbeitszeiten;JAHR;Jahr;2021;DINSGF;Früheres Bundesgebiet / Neue Länder;DN;Neue Länder;WZ08C7;WZ2008 (ausgewählte Positionen): Tarifindex;WZ08-95;Reparatur von DV-Geräten und Gebrauchsgütern;101,1;2020=100;VST066;Index d.tarifl. Monatsverdienste ohne Sonderzahl.
62221;Vj. Index der Tarifverdienste und Arbeitszeiten;JAHR;Jahr;2021;DINSGF;Früheres Bundesgebiet / Neue Länder;DN;Neue Länder;WZ08C7;WZ2008 (ausgewählte Positionen): Tarifindex;WZ08-95;Reparatur von DV-Geräten und Gebrauchsgütern;100,0;2020=100;VST018;Index der tariflichen Wochenarbeitszeit
62221;Vj. Index der Tarifverdienste und Arbeitszeiten;JAHR;Jahr;2021;DINSGF;Früheres Bundesgebiet / Neue Länder;DN;Neue Länder;WZ08C7;WZ2008 (ausgewählte Positionen): Tarifindex;WZ08-95;Reparatur von DV-Geräten und Gebrauchsgütern;101,1;2020=100;VST065;Index d.tarifl. Stundenverdienste ohne Sonderzahl.
62221;Vj. Index der Tarifverdienste und Arbeitszeiten;JAHR;Jahr;2022;DINSGF;Früheres Bundesgebiet / Neue Länder;DF;Früheres Bundesgebiet;WZ08C7;WZ2008 (ausgewählte Positionen): Tarifindex;WZ08-93;Dienstleistungen d.Sports,d.Unterhaltg.u.Erholung;102,9;2020=100;VST072;Index d.tarifl. Stundenverdienste mit Sonderzahl.
62221;Vj. Index der Tarifverdienste und Arbeitszeiten;JAHR;Jahr;2022;DINSGF;Früheres Bundesgebiet / Neue Länder;DF;Früheres Bundesgebiet;WZ08C7;WZ2008 (ausgewählte Positionen): Tarifindex;WZ08-93;Dienstleistungen d.Sports,d.Unterhaltg.u.Erholung;102,9;2020=100;VST073;Index d.tarifl. Monatsverdienste mit Sonderzahl.
62221;Vj. Index der Tarifverdienste und Arbeitszeiten;JAHR;Jahr;2022;DINSGF;Früheres Bundesgebiet / Neue Länder;DF;Früheres Bundesgebiet;WZ08C7;WZ2008 (ausgewählte Positionen): Tarifindex;WZ08-93;Dienstleistungen d.Sports,d.Unterhaltg.u.Erholung;38,9;h;VST019;Durchschnittliche tarifliche Wochenarbeitszeit
62221;Vj. Index der Tarifverdienste und Arbeitszeiten;JAHR;Jahr;2022;DINSGF;Früheres Bundesgebiet / Neue Länder;DF;Früheres Bundesgebiet;WZ08C7;WZ2008 (ausgewählte Positionen): Tarifindex;WZ08-93;Dienstleistungen d.Sports,d.Unterhaltg.u.Erholung;102,7;2020=100;VST066;Index d.tarifl. Monatsverdienste ohne Sonderzahl.
62221;Vj. Index der Tarifverdienste und Arbeitszeiten;JAHR;Jahr;2022;DINSGF;Früheres Bundesgebiet / Neue Länder;DF;Früheres Bundesgebiet;WZ08C7;WZ2008 (ausgewählte Positionen): Tarifindex;WZ08-93;Dienstleistungen d.Sports,d.Unterhaltg.u.Erholung;100,0;2020=100;VST018;Index der tariflichen Wochenarbeitszeit
62221;Vj. Index der Tarifverdienste und Arbeitszeiten;JAHR;Jahr;2022;DINSGF;Früheres Bundesgebiet / Neue Länder;DF;Früheres Bundesgebiet;WZ08C7;WZ2008 (ausgewählte Positionen): Tarifindex;WZ08-93;Dienstleistungen d.Sports,d.Unterhaltg.u.Erholung;102,7;2020=100;VST065;Index d.tarifl. Stundenverdienste ohne Sonderzahl.
62221;Vj. Index der Tarifverdienste und Arbeitszeiten;JAHR;Jahr;2025;DINSGF;Früheres Bundesgebiet / Neue Länder;DN;Neue Länder;WZ08C7;WZ2008 (ausgewählte Positionen): Tarifindex;WZ08-75;Veterinärwesen;119,5;2020=100;VST072;Index d.tarifl. Stundenverdienste mit Sonderzahl.
62221;Vj. Index der Tarifverdienste und Arbeitszeiten;JAHR;Jahr;2025;DINSGF;Früheres Bundesgebiet / Neue Länder;DN;Neue Länder;WZ08C7;WZ2008 (ausgewählte Positionen): Tarifindex;WZ08-75;Veterinärwesen;119,5;2020=100;VST073;Index d.tarifl. Monatsverdienste mit Sonderzahl.
62221;Vj. Index der Tarifverdienste und Arbeitszeiten;JAHR;Jahr;2025;DINSGF;Früheres Bundesgebiet / Neue Länder;DN;Neue Länder;WZ08C7;WZ2008 (ausgewählte Positionen): Tarifindex;WZ08-75;Veterinärwesen;40,0;h;VST019;Durchschnittliche tarifliche Wochenarbeitszeit
62221;Vj. Index der Tarifverdienste und Arbeitszeiten;JAHR;Jahr;2025;DINSGF;Früheres Bundesgebiet / Neue Länder;DN;Neue Länder;WZ08C7;WZ2008 (ausgewählte Positionen): Tarifindex;WZ08-75;Veterinärwesen;119,5;2020=100;VST066;Index d.tarifl. Monatsverdienste ohne Sonderzahl.
62221;Vj. Index der Tarifverdienste und Arbeitszeiten;JAHR;Jahr;2025;DINSGF;Früheres Bundesgebiet / Neue Länder;DN;Neue Länder;WZ08C7;WZ2008 (ausgewählte Positionen): Tarifindex;WZ08-75;Veterinärwesen;100,0;2020=100;VST018;Index der tariflichen Wochenarbeitszeit
62221;Vj. Index der Tarifverdienste und Arbeitszeiten;JAHR;Jahr;2025;DINSGF;Früheres Bundesgebiet / Neue Länder;DN;Neue Länder;WZ08C7;WZ2008 (ausgewählte Positionen): Tarifindex;WZ08-75;Veterinärwesen;119,5;2020=100;VST065;Index d.tarifl. Stundenverdienste ohne Sonderzahl.
62221;Vj. Index der Tarifverdienste und Arbeitszeiten;JAHR;Jahr;2018;DINSGF;Früheres Bundesgebiet / Neue Länder;DN;Neue Länder;WZ08C7;WZ2008 (ausgewählte Positionen): Tarifindex;WZ08-29;Herstellung von Kraftwagen und Kraftwagenteilen;96,3;2020=100;VST072;Index d.tarifl. Stundenverdienste mit Sonderzahl.
62221;Vj. Index der Tarifverdienste und Arbeitszeiten;JAHR;Jahr;2018;DINSGF;Früheres Bundesgebiet / Neue Länder;DN;Neue Länder;WZ08C7;WZ2008 (ausgewählte Positionen): Tarifindex;WZ08-29;Herstellung von Kraftwagen und Kraftwagenteilen;96,4;2020=100;VST073;Index d.tarifl. Monatsverdienste mit Sonderzahl.
62221;Vj. Index der Tarifverdienste und Arbeitszeiten;JAHR;Jahr;2018;DINSGF;Früheres Bundesgebiet / Neue Länder;DN;Neue Länder;WZ08C7;WZ2008 (ausgewählte Positionen): Tarifindex;WZ08-29;Herstellung von Kraftwagen und Kraftwagenteilen;37,7;h;VST019;Durchschnittliche tarifliche Wochenarbeitszeit
62221;Vj. Index der Tarifverdienste und Arbeitszeiten;JAHR;Jahr;2018;DINSGF;Früheres Bundesgebiet / Neue Länder;DN;Neue Länder;WZ08C7;WZ2008 (ausgewählte Positionen): Tarifindex;WZ08-29;Herstellung von Kraftwagen und Kraftwagenteilen;98,6;2020=100;VST066;Index d.tarifl. Monatsverdienste ohne Sonderzahl.
62221;Vj. Index der Tarifverdienste und Arbeitszeiten;JAHR;Jahr;2018;DINSGF;Früheres Bundesgebiet / Neue Länder;DN;Neue Länder;WZ08C7;WZ2008 (ausgewählte Positionen): Tarifindex;WZ08-29;Herstellung von Kraftwagen und Kraftwagenteilen;100,1;2020=100;VST018;Index der tariflichen Wochenarbeitszeit
62221;Vj. Index der Tarifverdienste und Arbeitszeiten;JAHR;Jahr;2018;DINSGF;Früheres Bundesgebiet / Neue Länder;DN;Neue Länder;WZ08C7;WZ2008 (ausgewählte Positionen): Tarifindex;WZ08-29;Herstellung von Kraftwagen und Kraftwagenteilen;98,6;2020=100;VST065;Index d.tarifl. Stundenverdienste ohne Sonderzahl.
62221;Vj. Index der Tarifverdienste und Arbeitszeiten;JAHR;Jahr;2021;DINSGF;Früheres Bundesgebiet / Neue Länder;DN;Neue Länder;WZ08C7;WZ2008 (ausgewählte Positionen): Tarifindex;WZ08-M;Freiberufliche, wiss. u. techn. Dienstleistungen;101,5;2020=100;VST072;Index d.tarifl. Stundenverdienste mit Sonderzahl.
62221;Vj. Index der Tarifverdienste und Arbeitszeiten;JAHR;Jahr;2021;DINSGF;Früheres Bundesgebiet / Neue Länder;DN;Neue Länder;WZ08C7;WZ2008 (ausgewählte Positionen): Tarifindex;WZ08-M;Freiberufliche, wiss. u. techn. Dienstleistungen;101,4;2020=100;VST073;Index d.tarifl. Monatsverdienste mit Sonderzahl.
62221;Vj. Index der Tarifverdienste und Arbeitszeiten;JAHR;Jahr;2021;DINSGF;Früheres Bundesgebiet / Neue Länder;DN;Neue Länder;WZ08C7;WZ2008 (ausgewählte Positionen): Tarifindex;WZ08-M;Freiberufliche, wiss. u. techn. Dienstleistungen;38,9;h;VST019;Durchschnittliche tarifliche Wochenarbeitszeit
62221;Vj. Index der Tarifverdienste und Arbeitszeiten;JAHR;Jahr;2021;DINSGF;Früheres Bundesgebiet / Neue Länder;DN;Neue Länder;WZ08C7;WZ2008 (ausgewählte Positionen): Tarifindex;WZ08-M;Freiberufliche, wiss. u. techn. Dienstleistungen;101,4;2020=100;VST066;Index d.tarifl. Monatsverdienste ohne Sonderzahl.
62221;Vj. Index der Tarifverdienste und Arbeitszeiten;JAHR;Jahr;2021;DINSGF;Früheres Bundesgebiet / Neue Länder;DN;Neue Länder;WZ08C7;WZ2008 (ausgewählte Positionen): Tarifindex;WZ08-M;Freiberufliche, wiss. u. techn. Dienstleistungen;100,0;2020=100;VST018;Index der tariflichen Wochenarbeitszeit
62221;Vj. Index der Tarifverdienste und Arbeitszeiten;JAHR;Jahr;2021;DINSGF;Früheres Bundesgebiet / Neue Länder;DN;Neue Länder;WZ08C7;WZ2008 (ausgewählte Positionen): Tarifindex;WZ08-M;Freiberufliche, wiss. u. techn. Dienstleistungen;101,5;2020=100;VST065;Index d.tarifl. Stundenverdienste ohne Sonderzahl.
62221;Vj. Index der Tarifverdienste und Arbeitszeiten;JAHR;Jahr;2025;DINSGF;Früheres Bundesgebiet / Neue Länder;DF;Früheres Bundesgebiet;WZ08C7;WZ2008 (ausgewählte Positionen): Tarifindex;WZ08-52-01;Lagerei und Kurierdienste;116,9;2020=100;VST072;Index d.tarifl. Stundenverdienste mit Sonderzahl.
62221;Vj. Index der Tarifverdienste und Arbeitszeiten;JAHR;Jahr;2025;DINSGF;Früheres Bundesgebiet / Neue Länder;DF;Früheres Bundesgebiet;WZ08C7;WZ2008 (ausgewählte Positionen): Tarifindex;WZ08-52-01;Lagerei und Kurierdienste;116,6;2020=100;VST073;Index d.tarifl. Monatsverdienste mit Sonderzahl.
62221;Vj. Index der Tarifverdienste und Arbeitszeiten;JAHR;Jahr;2025;DINSGF;Früheres Bundesgebiet / Neue Länder;DF;Früheres Bundesgebiet;WZ08C7;WZ2008 (ausgewählte Positionen): Tarifindex;WZ08-52-01;Lagerei und Kurierdienste;38,7;h;VST019;Durchschnittliche tarifliche Wochenarbeitszeit
62221;Vj. Index der Tarifverdienste und Arbeitszeiten;JAHR;Jahr;2025;DINSGF;Früheres Bundesgebiet / Neue Länder;DF;Früheres Bundesgebiet;WZ08C7;WZ2008 (ausgewählte Positionen): Tarifindex;WZ08-52-01;Lagerei und Kurierdienste;116,7;2020=100;VST066;Index d.tarifl. Monatsverdienste ohne Sonderzahl.
62221;Vj. Index der Tarifverdienste und Arbeitszeiten;JAHR;Jahr;2025;DINSGF;Früheres Bundesgebiet / Neue Länder;DF;Früheres Bundesgebiet;WZ08C7;WZ2008 (ausgewählte Positionen): Tarifindex;WZ08-52-01;Lagerei und Kurierdienste;99,8;2020=100;VST018;Index der tariflichen Wochenarbeitszeit
62221;Vj. Index der Tarifverdienste und Arbeitszeiten;JAHR;Jahr;2025;DINSGF;Früheres Bundesgebiet / Neue Länder;DF;Früheres Bundesgebiet;WZ08C7;WZ2008 (ausgewählte Positionen): Tarifindex;WZ08-52-01;Lagerei und Kurierdienste;117,0;2020=100;VST065;Index d.tarifl. Stundenverdienste ohne Sonderzahl.
62221;Vj. Index der Tarifverdienste und Arbeitszeiten;JAHR;Jahr;2020;DINSGF;Früheres Bundesgebiet / Neue Länder;DF;Früheres Bundesgebiet;WZ08C7;WZ2008 (ausgewählte Positionen): Tarifindex;WZ08-66;Mit Finanz- u. Versicherungsdienstl. verb. Tätigk.;100,0;2020=100;VST072;Index d.tarifl. Stundenverdienste mit Sonderzahl.
62221;Vj. Index der Tarifverdienste und Arbeitszeiten;JAHR;Jahr;2020;DINSGF;Früheres Bundesgebiet / Neue Länder;DF;Früheres Bundesgebiet;WZ08C7;WZ2008 (ausgewählte Positionen): Tarifindex;WZ08-66;Mit Finanz- u. Versicherungsdienstl. verb. Tätigk.;100,0;2020=100;VST073;Index d.tarifl. Monatsverdienste mit Sonderzahl.
62221;Vj. Index der Tarifverdienste und Arbeitszeiten;JAHR;Jahr;2020;DINSGF;Früheres Bundesgebiet / Neue Länder;DF;Früheres Bundesgebiet;WZ08C7;WZ2008 (ausgewählte Positionen): Tarifindex;WZ08-66;Mit Finanz- u. Versicherungsdienstl. verb. Tätigk.;38,0;h;VST019;Durchschnittliche tarifliche Wochenarbeitszeit
62221;Vj. Index der Tarifverdienste und Arbeitszeiten;JAHR;Jahr;2020;DINSGF;Früheres Bundesgebiet / Neue Länder;DF;Früheres Bundesgebiet;WZ08C7;WZ2008 (ausgewählte Positionen): Tarifindex;WZ08-66;Mit Finanz- u. Versicherungsdienstl. verb. Tätigk.;100,0;2020=100;VST066;Index d.tarifl. Monatsverdienste ohne Sonderzahl.
62221;Vj. Index der Tarifverdienste und Arbeitszeiten;JAHR;Jahr;2020;DINSGF;Früheres Bundesgebiet / Neue Länder;DF;Früheres Bundesgebiet;WZ08C7;WZ2008 (ausgewählte Positionen): Tarifindex;WZ08-66;Mit Finanz- u. Versicherungsdienstl. verb. Tätigk.;100,0;2020=100;VST018;Index der tariflichen Wochenarbeitszeit
62221;Vj. Index der Tarifverdienste und Arbeitszeiten;JAHR;Jahr;2020;DINSGF;Früheres Bundesgebiet / Neue Länder;DF;Früheres Bundesgebiet;WZ08C7;WZ2008 (ausgewählte Positionen): Tarifindex;WZ08-66;Mit Finanz- u. Versicherungsdienstl. verb. Tätigk.;100,0;2020=100;VST065;Index d.tarifl. Stundenverdienste ohne Sonderzahl.
62221;Vj. Index der Tarifverdienste und Arbeitszeiten;JAHR;Jahr;2023;DINSGF;Früheres Bundesgebiet / Neue Länder;DN;Neue Länder;WZ08C7;WZ2008 (ausgewählte Positionen): Tarifindex;WZ08-16;H.v. Holz-, Flecht-, Korb-u.Korkwaren (ohne Möbel);109,6;2020=100;VST072;Index d.tarifl. Stundenverdienste mit Sonderzahl.
62221;Vj. Index der Tarifverdienste und Arbeitszeiten;JAHR;Jahr;2023;DINSGF;Früheres Bundesgebiet / Neue Länder;DN;Neue Länder;WZ08C7;WZ2008 (ausgewählte Positionen): Tarifindex;WZ08-16;H.v. Holz-, Flecht-, Korb-u.Korkwaren (ohne Möbel);108,6;2020=100;VST073;Index d.tarifl. Monatsverdienste mit Sonderzahl.
62221;Vj. Index der Tarifverdienste und Arbeitszeiten;JAHR;Jahr;2023;DINSGF;Früheres Bundesgebiet / Neue Länder;DN;Neue Länder;WZ08C7;WZ2008 (ausgewählte Positionen): Tarifindex;WZ08-16;H.v. Holz-, Flecht-, Korb-u.Korkwaren (ohne Möbel);38,7;h;VST019;Durchschnittliche tarifliche Wochenarbeitszeit
62221;Vj. Index der Tarifverdienste und Arbeitszeiten;JAHR;Jahr;2023;DINSGF;Früheres Bundesgebiet / Neue Länder;DN;Neue Länder;WZ08C7;WZ2008 (ausgewählte Positionen): Tarifindex;WZ08-16;H.v. Holz-, Flecht-, Korb-u.Korkwaren (ohne Möbel);108,3;2020=100;VST066;Index d.tarifl. Monatsverdienste ohne Sonderzahl.
62221;Vj. Index der Tarifverdienste und Arbeitszeiten;JAHR;Jahr;2023;DINSGF;Früheres Bundesgebiet / Neue Länder;DN;Neue Länder;WZ08C7;WZ2008 (ausgewählte Positionen): Tarifindex;WZ08-16;H.v. Holz-, Flecht-, Korb-u.Korkwaren (ohne Möbel);98,9;2020=100;VST018;Index der tariflichen Wochenarbeitszeit
62221;Vj. Index der Tarifverdienste und Arbeitszeiten;JAHR;Jahr;2023;DINSGF;Früheres Bundesgebiet / Neue Länder;DN;Neue Länder;WZ08C7;WZ2008 (ausgewählte Positionen): Tarifindex;WZ08-16;H.v. Holz-, Flecht-, Korb-u.Korkwaren (ohne Möbel);109,4;2020=100;VST065;Index d.tarifl. Stundenverdienste ohne Sonderzahl.
62221;Vj. Index der Tarifverdienste und Arbeitszeiten;JAHR;Jahr;2024;DINSGF;Früheres Bundesgebiet / Neue Länder;DF;Früheres Bundesgebiet;WZ08C7;WZ2008 (ausgewählte Positionen): Tarifindex;WZ08-49;Landverkehr und Transport in Rohrfernleitungen;113,9;2020=100;VST072;Index d.tarifl. Stundenverdienste mit Sonderzahl.
62221;Vj. Index der Tarifverdienste und Arbeitszeiten;JAHR;Jahr;2024;DINSGF;Früheres Bundesgebiet / Neue Länder;DF;Früheres Bundesgebiet;WZ08C7;WZ2008 (ausgewählte Positionen): Tarifindex;WZ08-49;Landverkehr und Transport in Rohrfernleitungen;113,2;2020=100;VST073;Index d.tarifl. Monatsverdienste mit Sonderzahl.
62221;Vj. Index der Tarifverdienste und Arbeitszeiten;JAHR;Jahr;2024;DINSGF;Früheres Bundesgebiet / Neue Länder;DF;Früheres Bundesgebiet;WZ08C7;WZ2008 (ausgewählte Positionen): Tarifindex;WZ08-49;Landverkehr und Transport in Rohrfernleitungen;38,9;h;VST019;Durchschnittliche tarifliche Wochenarbeitszeit
62221;Vj. Index der Tarifverdienste und Arbeitszeiten;JAHR;Jahr;2024;DINSGF;Früheres Bundesgebiet / Neue Länder;DF;Früheres Bundesgebiet;WZ08C7;WZ2008 (ausgewählte Positionen): Tarifindex;WZ08-49;Landverkehr und Transport in Rohrfernleitungen;112,4;2020=100;VST066;Index d.tarifl. Monatsverdienste ohne Sonderzahl.
62221;Vj. Index der Tarifverdienste und Arbeitszeiten;JAHR;Jahr;2024;DINSGF;Früheres Bundesgebiet / Neue Länder;DF;Früheres Bundesgebiet;WZ08C7;WZ2008 (ausgewählte Positionen): Tarifindex;WZ08-49;Landverkehr und Transport in Rohrfernleitungen;99,5;2020=100;VST018;Index der tariflichen Wochenarbeitszeit
62221;Vj. Index der Tarifverdienste und Arbeitszeiten;JAHR;Jahr;2024;DINSGF;Früheres Bundesgebiet / Neue Länder;DF;Früheres Bundesgebiet;WZ08C7;WZ2008 (ausgewählte Positionen): Tarifindex;WZ08-49;Landverkehr und Transport in Rohrfernleitungen;113,0;2020=100;VST065;Index d.tarifl. Stundenverdienste ohne Sonderzahl.
62221;Vj. Index der Tarifverdienste und Arbeitszeiten;JAHR;Jahr;2016;DINSGF;Früheres Bundesgebiet / Neue Länder;DN;Neue Länder;WZ08C7;WZ2008 (ausgewählte Positionen): Tarifindex;WZ08-61;Telekommunikation;87,8;2020=100;VST072;Index d.tarifl. Stundenverdienste mit Sonderzahl.
62221;Vj. Index der Tarifverdienste und Arbeitszeiten;JAHR;Jahr;2016;DINSGF;Früheres Bundesgebiet / Neue Länder;DN;Neue Länder;WZ08C7;WZ2008 (ausgewählte Positionen): Tarifindex;WZ08-61;Telekommunikation;91,9;2020=100;VST073;Index d.tarifl. Monatsverdienste mit Sonderzahl.
62221;Vj. Index der Tarifverdienste und Arbeitszeiten;JAHR;Jahr;2016;DINSGF;Früheres Bundesgebiet / Neue Länder;DN;Neue Länder;WZ08C7;WZ2008 (ausgewählte Positionen): Tarifindex;WZ08-61;Telekommunikation;37,8;h;VST019;Durchschnittliche tarifliche Wochenarbeitszeit
62221;Vj. Index der Tarifverdienste und Arbeitszeiten;JAHR;Jahr;2016;DINSGF;Früheres Bundesgebiet / Neue Länder;DN;Neue Länder;WZ08C7;WZ2008 (ausgewählte Positionen): Tarifindex;WZ08-61;Telekommunikation;91,6;2020=100;VST066;Index d.tarifl. Monatsverdienste ohne Sonderzahl.
62221;Vj. Index der Tarifverdienste und Arbeitszeiten;JAHR;Jahr;2016;DINSGF;Früheres Bundesgebiet / Neue Länder;DN;Neue Länder;WZ08C7;WZ2008 (ausgewählte Positionen): Tarifindex;WZ08-61;Telekommunikation;104,5;2020=100;VST018;Index der tariflichen Wochenarbeitszeit
62221;Vj. Index der Tarifverdienste und Arbeitszeiten;JAHR;Jahr;2016;DINSGF;Früheres Bundesgebiet / Neue Länder;DN;Neue Länder;WZ08C7;WZ2008 (ausgewählte Positionen): Tarifindex;WZ08-61;Telekommunikation;87,5;2020=100;VST065;Index d.tarifl. Stundenverdienste ohne Sonderzahl.
62221;Vj. Index der Tarifverdienste und Arbeitszeiten;JAHR;Jahr;2024;DINSGF;Früheres Bundesgebiet / Neue Länder;DN;Neue Länder;WZ08C7;WZ2008 (ausgewählte Positionen): Tarifindex;WZ08-87;Heime (ohne Erholungs- und Ferienheime);118,1;2020=100;VST072;Index d.tarifl. Stundenverdienste mit Sonderzahl.
62221;Vj. Index der Tarifverdienste und Arbeitszeiten;JAHR;Jahr;2024;DINSGF;Früheres Bundesgebiet / Neue Länder;DN;Neue Länder;WZ08C7;WZ2008 (ausgewählte Positionen): Tarifindex;WZ08-87;Heime (ohne Erholungs- und Ferienheime);117,7;2020=100;VST073;Index d.tarifl. Monatsverdienste mit Sonderzahl.
62221;Vj. Index der Tarifverdienste und Arbeitszeiten;JAHR;Jahr;2024;DINSGF;Früheres Bundesgebiet / Neue Länder;DN;Neue Länder;WZ08C7;WZ2008 (ausgewählte Positionen): Tarifindex;WZ08-87;Heime (ohne Erholungs- und Ferienheime);39,3;h;VST019;Durchschnittliche tarifliche Wochenarbeitszeit
62221;Vj. Index der Tarifverdienste und Arbeitszeiten;JAHR;Jahr;2024;DINSGF;Früheres Bundesgebiet / Neue Länder;DN;Neue Länder;WZ08C7;WZ2008 (ausgewählte Positionen): Tarifindex;WZ08-87;Heime (ohne Erholungs- und Ferienheime);113,9;2020=100;VST066;Index d.tarifl. Monatsverdienste ohne Sonderzahl.
62221;Vj. Index der Tarifverdienste und Arbeitszeiten;JAHR;Jahr;2024;DINSGF;Früheres Bundesgebiet / Neue Länder;DN;Neue Länder;WZ08C7;WZ2008 (ausgewählte Positionen): Tarifindex;WZ08-87;Heime (ohne Erholungs- und Ferienheime);99,6;2020=100;VST018;Index der tariflichen Wochenarbeitszeit
62221;Vj. Index der Tarifverdienste und Arbeitszeiten;JAHR;Jahr;2024;DINSGF;Früheres Bundesgebiet / Neue Länder;DN;Neue Länder;WZ08C7;WZ2008 (ausgewählte Positionen): Tarifindex;WZ08-87;Heime (ohne Erholungs- und Ferienheime);114,3;2020=100;VST065;Index d.tarifl. Stundenverdienste ohne Sonderzahl.
62221;Vj. Index der Tarifverdienste und Arbeitszeiten;JAHR;Jahr;2021;DINSGF;Früheres Bundesgebiet / Neue Länder;DF;Früheres Bundesgebiet;WZ08C7;WZ2008 (ausgewählte Positionen): Tarifindex;WZ08-72;Forschung und Entwicklung;101,2;2020=100;VST072;Index d.tarifl. Stundenverdienste mit Sonderzahl.
62221;Vj. Index der Tarifverdienste und Arbeitszeiten;JAHR;Jahr;2021;DINSGF;Früheres Bundesgebiet / Neue Länder;DF;Früheres Bundesgebiet;WZ08C7;WZ2008 (ausgewählte Positionen): Tarifindex;WZ08-72;Forschung und Entwicklung;101,2;2020=100;VST073;Index d.tarifl. Monatsverdienste mit Sonderzahl.
62221;Vj. Index der Tarifverdienste und Arbeitszeiten;JAHR;Jahr;2021;DINSGF;Früheres Bundesgebiet / Neue Länder;DF;Früheres Bundesgebiet;WZ08C7;WZ2008 (ausgewählte Positionen): Tarifindex;WZ08-72;Forschung und Entwicklung;38,9;h;VST019;Durchschnittliche tarifliche Wochenarbeitszeit
62221;Vj. Index der Tarifverdienste und Arbeitszeiten;JAHR;Jahr;2021;DINSGF;Früheres Bundesgebiet / Neue Länder;DF;Früheres Bundesgebiet;WZ08C7;WZ2008 (ausgewählte Positionen): Tarifindex;WZ08-72;Forschung und Entwicklung;101,2;2020=100;VST066;Index d.tarifl. Monatsverdienste ohne Sonderzahl.
62221;Vj. Index der Tarifverdienste und Arbeitszeiten;JAHR;Jahr;2021;DINSGF;Früheres Bundesgebiet / Neue Länder;DF;Früheres Bundesgebiet;WZ08C7;WZ2008 (ausgewählte Positionen): Tarifindex;WZ08-72;Forschung und Entwicklung;100,0;2020=100;VST018;Index der tariflichen Wochenarbeitszeit
62221;Vj. Index der Tarifverdienste und Arbeitszeiten;JAHR;Jahr;2021;DINSGF;Früheres Bundesgebiet / Neue Länder;DF;Früheres Bundesgebiet;WZ08C7;WZ2008 (ausgewählte Positionen): Tarifindex;WZ08-72;Forschung und Entwicklung;101,2;2020=100;VST065;Index d.tarifl. Stundenverdienste ohne Sonderzahl.
62221;Vj. Index der Tarifverdienste und Arbeitszeiten;JAHR;Jahr;2025;DINSGF;Früheres Bundesgebiet / Neue Länder;DF;Früheres Bundesgebiet;WZ08C7;WZ2008 (ausgewählte Positionen): Tarifindex;WZ08-20;Herstellung von chemischen Erzeugnissen;115,6;2020=100;VST072;Index d.tarifl. Stundenverdienste mit Sonderzahl.
62221;Vj. Index der Tarifverdienste und Arbeitszeiten;JAHR;Jahr;2025;DINSGF;Früheres Bundesgebiet / Neue Länder;DF;Früheres Bundesgebiet;WZ08C7;WZ2008 (ausgewählte Positionen): Tarifindex;WZ08-20;Herstellung von chemischen Erzeugnissen;115,6;2020=100;VST073;Index d.tarifl. Monatsverdienste mit Sonderzahl.
62221;Vj. Index der Tarifverdienste und Arbeitszeiten;JAHR;Jahr;2025;DINSGF;Früheres Bundesgebiet / Neue Länder;DF;Früheres Bundesgebiet;WZ08C7;WZ2008 (ausgewählte Positionen): Tarifindex;WZ08-20;Herstellung von chemischen Erzeugnissen;37,5;h;VST019;Durchschnittliche tarifliche Wochenarbeitszeit
62221;Vj. Index der Tarifverdienste und Arbeitszeiten;JAHR;Jahr;2025;DINSGF;Früheres Bundesgebiet / Neue Länder;DF;Früheres Bundesgebiet;WZ08C7;WZ2008 (ausgewählte Positionen): Tarifindex;WZ08-20;Herstellung von chemischen Erzeugnissen;114,8;2020=100;VST066;Index d.tarifl. Monatsverdienste ohne Sonderzahl.
62221;Vj. Index der Tarifverdienste und Arbeitszeiten;JAHR;Jahr;2025;DINSGF;Früheres Bundesgebiet / Neue Länder;DF;Früheres Bundesgebiet;WZ08C7;WZ2008 (ausgewählte Positionen): Tarifindex;WZ08-20;Herstellung von chemischen Erzeugnissen;100,0;2020=100;VST018;Index der tariflichen Wochenarbeitszeit
62221;Vj. Index der Tarifverdienste und Arbeitszeiten;JAHR;Jahr;2025;DINSGF;Früheres Bundesgebiet / Neue Länder;DF;Früheres Bundesgebiet;WZ08C7;WZ2008 (ausgewählte Positionen): Tarifindex;WZ08-20;Herstellung von chemischen Erzeugnissen;114,8;2020=100;VST065;Index d.tarifl. Stundenverdienste ohne Sonderzahl.
62221;Vj. Index der Tarifverdienste und Arbeitszeiten;JAHR;Jahr;2017;DINSGF;Früheres Bundesgebiet / Neue Länder;DF;Früheres Bundesgebiet;WZ08C7;WZ2008 (ausgewählte Positionen): Tarifindex;WZ08-B-12;Prod. Gewerbe, Handel, Verkehr und Lagerei;92,8;2020=100;VST072;Index d.tarifl. Stundenverdienste mit Sonderzahl.
62221;Vj. Index der Tarifverdienste und Arbeitszeiten;JAHR;Jahr;2017;DINSGF;Früheres Bundesgebiet / Neue Länder;DF;Früheres Bundesgebiet;WZ08C7;WZ2008 (ausgewählte Positionen): Tarifindex;WZ08-B-12;Prod. Gewerbe, Handel, Verkehr und Lagerei;92,8;2020=100;VST073;Index d.tarifl. Monatsverdienste mit Sonderzahl.
62221;Vj. Index der Tarifverdienste und Arbeitszeiten;JAHR;Jahr;2017;DINSGF;Früheres Bundesgebiet / Neue Länder;DF;Früheres Bundesgebiet;WZ08C7;WZ2008 (ausgewählte Positionen): Tarifindex;WZ08-B-12;Prod. Gewerbe, Handel, Verkehr und Lagerei;37,1;h;VST019;Durchschnittliche tarifliche Wochenarbeitszeit
62221;Vj. Index der Tarifverdienste und Arbeitszeiten;JAHR;Jahr;2017;DINSGF;Früheres Bundesgebiet / Neue Länder;DF;Früheres Bundesgebiet;WZ08C7;WZ2008 (ausgewählte Positionen): Tarifindex;WZ08-B-12;Prod. Gewerbe, Handel, Verkehr und Lagerei;94,2;2020=100;VST066;Index d.tarifl. Monatsverdienste ohne Sonderzahl.
62221;Vj. Index der Tarifverdienste und Arbeitszeiten;JAHR;Jahr;2017;DINSGF;Früheres Bundesgebiet / Neue Länder;DF;Früheres Bundesgebiet;WZ08C7;WZ2008 (ausgewählte Positionen): Tarifindex;WZ08-B-12;Prod. Gewerbe, Handel, Verkehr und Lagerei;100,0;2020=100;VST018;Index der tariflichen Wochenarbeitszeit
62221;Vj. Index der Tarifverdienste und Arbeitszeiten;JAHR;Jahr;2017;DINSGF;Früheres Bundesgebiet / Neue Länder;DF;Früheres Bundesgebiet;WZ08C7;WZ2008 (ausgewählte Positionen): Tarifindex;WZ08-B-12;Prod. Gewerbe, Handel, Verkehr und Lagerei;94,2;2020=100;VST065;Index d.tarifl. Stundenverdienste ohne Sonderzahl.
62221;Vj. Index der Tarifverdienste und Arbeitszeiten;JAHR;Jahr;2021;DINSGF;Früheres Bundesgebiet / Neue Länder;DF;Früheres Bundesgebiet;WZ08C7;WZ2008 (ausgewählte Positionen): Tarifindex;WZ08-31-01;Möbelherstellung, Installation von Maschinen;101,3;2020=100;VST072;Index d.tarifl. Stundenverdienste mit Sonderzahl.
62221;Vj. Index der Tarifverdienste und Arbeitszeiten;JAHR;Jahr;2021;DINSGF;Früheres Bundesgebiet / Neue Länder;DF;Früheres Bundesgebiet;WZ08C7;WZ2008 (ausgewählte Positionen): Tarifindex;WZ08-31-01;Möbelherstellung, Installation von Maschinen;101,3;2020=100;VST073;Index d.tarifl. Monatsverdienste mit Sonderzahl.
62221;Vj. Index der Tarifverdienste und Arbeitszeiten;JAHR;Jahr;2021;DINSGF;Früheres Bundesgebiet / Neue Länder;DF;Früheres Bundesgebiet;WZ08C7;WZ2008 (ausgewählte Positionen): Tarifindex;WZ08-31-01;Möbelherstellung, Installation von Maschinen;36,5;h;VST019;Durchschnittliche tarifliche Wochenarbeitszeit
62221;Vj. Index der Tarifverdienste und Arbeitszeiten;JAHR;Jahr;2021;DINSGF;Früheres Bundesgebiet / Neue Länder;DF;Früheres Bundesgebiet;WZ08C7;WZ2008 (ausgewählte Positionen): Tarifindex;WZ08-31-01;Möbelherstellung, Installation von Maschinen;100,8;2020=100;VST066;Index d.tarifl. Monatsverdienste ohne Sonderzahl.
62221;Vj. Index der Tarifverdienste und Arbeitszeiten;JAHR;Jahr;2021;DINSGF;Früheres Bundesgebiet / Neue Länder;DF;Früheres Bundesgebiet;WZ08C7;WZ2008 (ausgewählte Positionen): Tarifindex;WZ08-31-01;Möbelherstellung, Installation von Maschinen;100,0;2020=100;VST018;Index der tariflichen Wochenarbeitszeit
62221;Vj. Index der Tarifverdienste und Arbeitszeiten;JAHR;Jahr;2021;DINSGF;Früheres Bundesgebiet / Neue Länder;DF;Früheres Bundesgebiet;WZ08C7;WZ2008 (ausgewählte Positionen): Tarifindex;WZ08-31-01;Möbelherstellung, Installation von Maschinen;100,8;2020=100;VST065;Index d.tarifl. Stundenverdienste ohne Sonderzahl.
62221;Vj. Index der Tarifverdienste und Arbeitszeiten;JAHR;Jahr;2017;DINSGF;Früheres Bundesgebiet / Neue Länder;DN;Neue Länder;WZ08C7;WZ2008 (ausgewählte Positionen): Tarifindex;WZ08-10-01;Ernährungsgewerbe und Tabakverarbeitung;92,8;2020=100;VST072;Index d.tarifl. Stundenverdienste mit Sonderzahl.
62221;Vj. Index der Tarifverdienste und Arbeitszeiten;JAHR;Jahr;2017;DINSGF;Früheres Bundesgebiet / Neue Länder;DN;Neue Länder;WZ08C7;WZ2008 (ausgewählte Positionen): Tarifindex;WZ08-10-01;Ernährungsgewerbe und Tabakverarbeitung;92,8;2020=100;VST073;Index d.tarifl. Monatsverdienste mit Sonderzahl.
62221;Vj. Index der Tarifverdienste und Arbeitszeiten;JAHR;Jahr;2017;DINSGF;Früheres Bundesgebiet / Neue Länder;DN;Neue Länder;WZ08C7;WZ2008 (ausgewählte Positionen): Tarifindex;WZ08-10-01;Ernährungsgewerbe und Tabakverarbeitung;38,7;h;VST019;Durchschnittliche tarifliche Wochenarbeitszeit
62221;Vj. Index der Tarifverdienste und Arbeitszeiten;JAHR;Jahr;2017;DINSGF;Früheres Bundesgebiet / Neue Länder;DN;Neue Länder;WZ08C7;WZ2008 (ausgewählte Positionen): Tarifindex;WZ08-10-01;Ernährungsgewerbe und Tabakverarbeitung;93,0;2020=100;VST066;Index d.tarifl. Monatsverdienste ohne Sonderzahl.
62221;Vj. Index der Tarifverdienste und Arbeitszeiten;JAHR;Jahr;2017;DINSGF;Früheres Bundesgebiet / Neue Länder;DN;Neue Länder;WZ08C7;WZ2008 (ausgewählte Positionen): Tarifindex;WZ08-10-01;Ernährungsgewerbe und Tabakverarbeitung;100,0;2020=100;VST018;Index der tariflichen Wochenarbeitszeit
62221;Vj. Index der Tarifverdienste und Arbeitszeiten;JAHR;Jahr;2017;DINSGF;Früheres Bundesgebiet / Neue Länder;DN;Neue Länder;WZ08C7;WZ2008 (ausgewählte Positionen): Tarifindex;WZ08-10-01;Ernährungsgewerbe und Tabakverarbeitung;93,0;2020=100;VST065;Index d.tarifl. Stundenverdienste ohne Sonderzahl.
62221;Vj. Index der Tarifverdienste und Arbeitszeiten;JAHR;Jahr;2016;DINSGF;Früheres Bundesgebiet / Neue Länder;DN;Neue Länder;WZ08C7;WZ2008 (ausgewählte Positionen): Tarifindex;WZ08-43;Vorb.Baustellenarbeiten, Bauinstall., sonst.Ausbau;87,2;2020=100;VST072;Index d.tarifl. Stundenverdienste mit Sonderzahl.
62221;Vj. Index der Tarifverdienste und Arbeitszeiten;JAHR;Jahr;2016;DINSGF;Früheres Bundesgebiet / Neue Länder;DN;Neue Länder;WZ08C7;WZ2008 (ausgewählte Positionen): Tarifindex;WZ08-43;Vorb.Baustellenarbeiten, Bauinstall., sonst.Ausbau;87,3;2020=100;VST073;Index d.tarifl. Monatsverdienste mit Sonderzahl.
62221;Vj. Index der Tarifverdienste und Arbeitszeiten;JAHR;Jahr;2016;DINSGF;Früheres Bundesgebiet / Neue Länder;DN;Neue Länder;WZ08C7;WZ2008 (ausgewählte Positionen): Tarifindex;WZ08-43;Vorb.Baustellenarbeiten, Bauinstall., sonst.Ausbau;39,8;h;VST019;Durchschnittliche tarifliche Wochenarbeitszeit
62221;Vj. Index der Tarifverdienste und Arbeitszeiten;JAHR;Jahr;2016;DINSGF;Früheres Bundesgebiet / Neue Länder;DN;Neue Länder;WZ08C7;WZ2008 (ausgewählte Positionen): Tarifindex;WZ08-43;Vorb.Baustellenarbeiten, Bauinstall., sonst.Ausbau;88,3;2020=100;VST066;Index d.tarifl. Monatsverdienste ohne Sonderzahl.
62221;Vj. Index der Tarifverdienste und Arbeitszeiten;JAHR;Jahr;2016;DINSGF;Früheres Bundesgebiet / Neue Länder;DN;Neue Länder;WZ08C7;WZ2008 (ausgewählte Positionen): Tarifindex;WZ08-43;Vorb.Baustellenarbeiten, Bauinstall., sonst.Ausbau;100,1;2020=100;VST018;Index der tariflichen Wochenarbeitszeit
62221;Vj. Index der Tarifverdienste und Arbeitszeiten;JAHR;Jahr;2016;DINSGF;Früheres Bundesgebiet / Neue Länder;DN;Neue Länder;WZ08C7;WZ2008 (ausgewählte Positionen): Tarifindex;WZ08-43;Vorb.Baustellenarbeiten, Bauinstall., sonst.Ausbau;88,3;2020=100;VST065;Index d.tarifl. Stundenverdienste ohne Sonderzahl.
62221;Vj. Index der Tarifverdienste und Arbeitszeiten;JAHR;Jahr;2016;DINSGF;Früheres Bundesgebiet / Neue Länder;DN;Neue Länder;WZ08C7;WZ2008 (ausgewählte Positionen): Tarifindex;WZ08-B;Bergbau und Gewinnung von Steinen und Erden;93,4;2020=100;VST072;Index d.tarifl. Stundenverdienste mit Sonderzahl.
62221;Vj. Index der Tarifverdienste und Arbeitszeiten;JAHR;Jahr;2016;DINSGF;Früheres Bundesgebiet / Neue Länder;DN;Neue Länder;WZ08C7;WZ2008 (ausgewählte Positionen): Tarifindex;WZ08-B;Bergbau und Gewinnung von Steinen und Erden;93,4;2020=100;VST073;Index d.tarifl. Monatsverdienste mit Sonderzahl.
62221;Vj. Index der Tarifverdienste und Arbeitszeiten;JAHR;Jahr;2016;DINSGF;Früheres Bundesgebiet / Neue Länder;DN;Neue Länder;WZ08C7;WZ2008 (ausgewählte Positionen): Tarifindex;WZ08-B;Bergbau und Gewinnung von Steinen und Erden;38,1;h;VST019;Durchschnittliche tarifliche Wochenarbeitszeit
62221;Vj. Index der Tarifverdienste und Arbeitszeiten;JAHR;Jahr;2016;DINSGF;Früheres Bundesgebiet / Neue Länder;DN;Neue Länder;WZ08C7;WZ2008 (ausgewählte Positionen): Tarifindex;WZ08-B;Bergbau und Gewinnung von Steinen und Erden;92,3;2020=100;VST066;Index d.tarifl. Monatsverdienste ohne Sonderzahl.
62221;Vj. Index der Tarifverdienste und Arbeitszeiten;JAHR;Jahr;2016;DINSGF;Früheres Bundesgebiet / Neue Länder;DN;Neue Länder;WZ08C7;WZ2008 (ausgewählte Positionen): Tarifindex;WZ08-B;Bergbau und Gewinnung von Steinen und Erden;100,0;2020=100;VST018;Index der tariflichen Wochenarbeitszeit
62221;Vj. Index der Tarifverdienste und Arbeitszeiten;JAHR;Jahr;2016;DINSGF;Früheres Bundesgebiet / Neue Länder;DN;Neue Länder;WZ08C7;WZ2008 (ausgewählte Positionen): Tarifindex;WZ08-B;Bergbau und Gewinnung von Steinen und Erden;92,3;2020=100;VST065;Index d.tarifl. Stundenverdienste ohne Sonderzahl.
62221;Vj. Index der Tarifverdienste und Arbeitszeiten;JAHR;Jahr;2017;DINSGF;Früheres Bundesgebiet / Neue Länder;DF;Früheres Bundesgebiet;WZ08C7;WZ2008 (ausgewählte Positionen): Tarifindex;WZ08-06;Gewinnung von Erdöl und Erdgas;93,9;2020=100;VST072;Index d.tarifl. Stundenverdienste mit Sonderzahl.
62221;Vj. Index der Tarifverdienste und Arbeitszeiten;JAHR;Jahr;2017;DINSGF;Früheres Bundesgebiet / Neue Länder;DF;Früheres Bundesgebiet;WZ08C7;WZ2008 (ausgewählte Positionen): Tarifindex;WZ08-06;Gewinnung von Erdöl und Erdgas;93,9;2020=100;VST073;Index d.tarifl. Monatsverdienste mit Sonderzahl.
62221;Vj. Index der Tarifverdienste und Arbeitszeiten;JAHR;Jahr;2017;DINSGF;Früheres Bundesgebiet / Neue Länder;DF;Früheres Bundesgebiet;WZ08C7;WZ2008 (ausgewählte Positionen): Tarifindex;WZ08-06;Gewinnung von Erdöl und Erdgas;37,8;h;VST019;Durchschnittliche tarifliche Wochenarbeitszeit
62221;Vj. Index der Tarifverdienste und Arbeitszeiten;JAHR;Jahr;2017;DINSGF;Früheres Bundesgebiet / Neue Länder;DF;Früheres Bundesgebiet;WZ08C7;WZ2008 (ausgewählte Positionen): Tarifindex;WZ08-06;Gewinnung von Erdöl und Erdgas;93,4;2020=100;VST066;Index d.tarifl. Monatsverdienste ohne Sonderzahl.
62221;Vj. Index der Tarifverdienste und Arbeitszeiten;JAHR;Jahr;2017;DINSGF;Früheres Bundesgebiet / Neue Länder;DF;Früheres Bundesgebiet;WZ08C7;WZ2008 (ausgewählte Positionen): Tarifindex;WZ08-06;Gewinnung von Erdöl und Erdgas;100,0;2020=100;VST018;Index der tariflichen Wochenarbeitszeit
62221;Vj. Index der Tarifverdienste und Arbeitszeiten;JAHR;Jahr;2017;DINSGF;Früheres Bundesgebiet / Neue Länder;DF;Früheres Bundesgebiet;WZ08C7;WZ2008 (ausgewählte Positionen): Tarifindex;WZ08-06;Gewinnung von Erdöl und Erdgas;93,4;2020=100;VST065;Index d.tarifl. Stundenverdienste ohne Sonderzahl.
62221;Vj. Index der Tarifverdienste und Arbeitszeiten;JAHR;Jahr;2023;DINSGF;Früheres Bundesgebiet / Neue Länder;DF;Früheres Bundesgebiet;WZ08C7;WZ2008 (ausgewählte Positionen): Tarifindex;WZ08-64;Erbringung von Finanzdienstleistungen;105,5;2020=100;VST072;Index d.tarifl. Stundenverdienste mit Sonderzahl.
62221;Vj. Index der Tarifverdienste und Arbeitszeiten;JAHR;Jahr;2023;DINSGF;Früheres Bundesgebiet / Neue Länder;DF;Früheres Bundesgebiet;WZ08C7;WZ2008 (ausgewählte Positionen): Tarifindex;WZ08-64;Erbringung von Finanzdienstleistungen;105,5;2020=100;VST073;Index d.tarifl. Monatsverdienste mit Sonderzahl.
62221;Vj. Index der Tarifverdienste und Arbeitszeiten;JAHR;Jahr;2023;DINSGF;Früheres Bundesgebiet / Neue Länder;DF;Früheres Bundesgebiet;WZ08C7;WZ2008 (ausgewählte Positionen): Tarifindex;WZ08-64;Erbringung von Finanzdienstleistungen;39,0;h;VST019;Durchschnittliche tarifliche Wochenarbeitszeit
62221;Vj. Index der Tarifverdienste und Arbeitszeiten;JAHR;Jahr;2023;DINSGF;Früheres Bundesgebiet / Neue Länder;DF;Früheres Bundesgebiet;WZ08C7;WZ2008 (ausgewählte Positionen): Tarifindex;WZ08-64;Erbringung von Finanzdienstleistungen;104,5;2020=100;VST066;Index d.tarifl. Monatsverdienste ohne Sonderzahl.
62221;Vj. Index der Tarifverdienste und Arbeitszeiten;JAHR;Jahr;2023;DINSGF;Früheres Bundesgebiet / Neue Länder;DF;Früheres Bundesgebiet;WZ08C7;WZ2008 (ausgewählte Positionen): Tarifindex;WZ08-64;Erbringung von Finanzdienstleistungen;100,0;2020=100;VST018;Index der tariflichen Wochenarbeitszeit
62221;Vj. Index der Tarifverdienste und Arbeitszeiten;JAHR;Jahr;2023;DINSGF;Früheres Bundesgebiet / Neue Länder;DF;Früheres Bundesgebiet;WZ08C7;WZ2008 (ausgewählte Positionen): Tarifindex;WZ08-64;Erbringung von Finanzdienstleistungen;104,5;2020=100;VST065;Index d.tarifl. Stundenverdienste ohne Sonderzahl.
62221;Vj. Index der Tarifverdienste und Arbeitszeiten;JAHR;Jahr;2020;DINSGF;Früheres Bundesgebiet / Neue Länder;DN;Neue Länder;WZ08C7;WZ2008 (ausgewählte Positionen): Tarifindex;WZ08-36;Wasserversorgung;100,0;2020=100;VST072;Index d.tarifl. Stundenverdienste mit Sonderzahl.
62221;Vj. Index der Tarifverdienste und Arbeitszeiten;JAHR;Jahr;2020;DINSGF;Früheres Bundesgebiet / Neue Länder;DN;Neue Länder;WZ08C7;WZ2008 (ausgewählte Positionen): Tarifindex;WZ08-36;Wasserversorgung;100,0;2020=100;VST073;Index d.tarifl. Monatsverdienste mit Sonderzahl.
62221;Vj. Index der Tarifverdienste und Arbeitszeiten;JAHR;Jahr;2020;DINSGF;Früheres Bundesgebiet / Neue Länder;DN;Neue Länder;WZ08C7;WZ2008 (ausgewählte Positionen): Tarifindex;WZ08-36;Wasserversorgung;39,1;h;VST019;Durchschnittliche tarifliche Wochenarbeitszeit
62221;Vj. Index der Tarifverdienste und Arbeitszeiten;JAHR;Jahr;2020;DINSGF;Früheres Bundesgebiet / Neue Länder;DN;Neue Länder;WZ08C7;WZ2008 (ausgewählte Positionen): Tarifindex;WZ08-36;Wasserversorgung;100,0;2020=100;VST066;Index d.tarifl. Monatsverdienste ohne Sonderzahl.
62221;Vj. Index der Tarifverdienste und Arbeitszeiten;JAHR;Jahr;2020;DINSGF;Früheres Bundesgebiet / Neue Länder;DN;Neue Länder;WZ08C7;WZ2008 (ausgewählte Positionen): Tarifindex;WZ08-36;Wasserversorgung;100,0;2020=100;VST018;Index der tariflichen Wochenarbeitszeit
62221;Vj. Index der Tarifverdienste und Arbeitszeiten;JAHR;Jahr;2020;DINSGF;Früheres Bundesgebiet / Neue Länder;DN;Neue Länder;WZ08C7;WZ2008 (ausgewählte Positionen): Tarifindex;WZ08-36;Wasserversorgung;100,0;2020=100;VST065;Index d.tarifl. Stundenverdienste ohne Sonderzahl.
62221;Vj. Index der Tarifverdienste und Arbeitszeiten;JAHR;Jahr;2019;DINSGF;Früheres Bundesgebiet / Neue Länder;DF;Früheres Bundesgebiet;WZ08C7;WZ2008 (ausgewählte Positionen): Tarifindex;WZ08-65;Versicherungen, Rückversicherungen, Pensionskassen;98,3;2020=100;VST072;Index d.tarifl. Stundenverdienste mit Sonderzahl.
62221;Vj. Index der Tarifverdienste und Arbeitszeiten;JAHR;Jahr;2019;DINSGF;Früheres Bundesgebiet / Neue Länder;DF;Früheres Bundesgebiet;WZ08C7;WZ2008 (ausgewählte Positionen): Tarifindex;WZ08-65;Versicherungen, Rückversicherungen, Pensionskassen;98,3;2020=100;VST073;Index d.tarifl. Monatsverdienste mit Sonderzahl.
62221;Vj. Index der Tarifverdienste und Arbeitszeiten;JAHR;Jahr;2019;DINSGF;Früheres Bundesgebiet / Neue Länder;DF;Früheres Bundesgebiet;WZ08C7;WZ2008 (ausgewählte Positionen): Tarifindex;WZ08-65;Versicherungen, Rückversicherungen, Pensionskassen;38,0;h;VST019;Durchschnittliche tarifliche Wochenarbeitszeit
62221;Vj. Index der Tarifverdienste und Arbeitszeiten;JAHR;Jahr;2019;DINSGF;Früheres Bundesgebiet / Neue Länder;DF;Früheres Bundesgebiet;WZ08C7;WZ2008 (ausgewählte Positionen): Tarifindex;WZ08-65;Versicherungen, Rückversicherungen, Pensionskassen;98,0;2020=100;VST066;Index d.tarifl. Monatsverdienste ohne Sonderzahl.
62221;Vj. Index der Tarifverdienste und Arbeitszeiten;JAHR;Jahr;2019;DINSGF;Früheres Bundesgebiet / Neue Länder;DF;Früheres Bundesgebiet;WZ08C7;WZ2008 (ausgewählte Positionen): Tarifindex;WZ08-65;Versicherungen, Rückversicherungen, Pensionskassen;100,0;2020=100;VST018;Index der tariflichen Wochenarbeitszeit
62221;Vj. Index der Tarifverdienste und Arbeitszeiten;JAHR;Jahr;2019;DINSGF;Früheres Bundesgebiet / Neue Länder;DF;Früheres Bundesgebiet;WZ08C7;WZ2008 (ausgewählte Positionen): Tarifindex;WZ08-65;Versicherungen, Rückversicherungen, Pensionskassen;98,0;2020=100;VST065;Index d.tarifl. Stundenverdienste ohne Sonderzahl.
62221;Vj. Index der Tarifverdienste und Arbeitszeiten;JAHR;Jahr;2025;DINSGF;Früheres Bundesgebiet / Neue Länder;DN;Neue Länder;WZ08C7;WZ2008 (ausgewählte Positionen): Tarifindex;WZ08-93;Dienstleistungen d.Sports,d.Unterhaltg.u.Erholung;118,8;2020=100;VST072;Index d.tarifl. Stundenverdienste mit Sonderzahl.
62221;Vj. Index der Tarifverdienste und Arbeitszeiten;JAHR;Jahr;2025;DINSGF;Früheres Bundesgebiet / Neue Länder;DN;Neue Länder;WZ08C7;WZ2008 (ausgewählte Positionen): Tarifindex;WZ08-93;Dienstleistungen d.Sports,d.Unterhaltg.u.Erholung;118,8;2020=100;VST073;Index d.tarifl. Monatsverdienste mit Sonderzahl.
62221;Vj. Index der Tarifverdienste und Arbeitszeiten;JAHR;Jahr;2025;DINSGF;Früheres Bundesgebiet / Neue Länder;DN;Neue Länder;WZ08C7;WZ2008 (ausgewählte Positionen): Tarifindex;WZ08-93;Dienstleistungen d.Sports,d.Unterhaltg.u.Erholung;38,8;h;VST019;Durchschnittliche tarifliche Wochenarbeitszeit
62221;Vj. Index der Tarifverdienste und Arbeitszeiten;JAHR;Jahr;2025;DINSGF;Früheres Bundesgebiet / Neue Länder;DN;Neue Länder;WZ08C7;WZ2008 (ausgewählte Positionen): Tarifindex;WZ08-93;Dienstleistungen d.Sports,d.Unterhaltg.u.Erholung;119,2;2020=100;VST066;Index d.tarifl. Monatsverdienste ohne Sonderzahl.
62221;Vj. Index der Tarifverdienste und Arbeitszeiten;JAHR;Jahr;2025;DINSGF;Früheres Bundesgebiet / Neue Länder;DN;Neue Länder;WZ08C7;WZ2008 (ausgewählte Positionen): Tarifindex;WZ08-93;Dienstleistungen d.Sports,d.Unterhaltg.u.Erholung;100,0;2020=100;VST018;Index der tariflichen Wochenarbeitszeit
62221;Vj. Index der Tarifverdienste und Arbeitszeiten;JAHR;Jahr;2025;DINSGF;Früheres Bundesgebiet / Neue Länder;DN;Neue Länder;WZ08C7;WZ2008 (ausgewählte Positionen): Tarifindex;WZ08-93;Dienstleistungen d.Sports,d.Unterhaltg.u.Erholung;119,2;2020=100;VST065;Index d.tarifl. Stundenverdienste ohne Sonderzahl.
62221;Vj. Index der Tarifverdienste und Arbeitszeiten;JAHR;Jahr;2019;DINSGF;Früheres Bundesgebiet / Neue Länder;DF;Früheres Bundesgebiet;WZ08C7;WZ2008 (ausgewählte Positionen): Tarifindex;WZ08-72-01;Forschung,Werbung u.Marktforschung,Veterinärwesen;97,9;2020=100;VST072;Index d.tarifl. Stundenverdienste mit Sonderzahl.
62221;Vj. Index der Tarifverdienste und Arbeitszeiten;JAHR;Jahr;2019;DINSGF;Früheres Bundesgebiet / Neue Länder;DF;Früheres Bundesgebiet;WZ08C7;WZ2008 (ausgewählte Positionen): Tarifindex;WZ08-72-01;Forschung,Werbung u.Marktforschung,Veterinärwesen;97,9;2020=100;VST073;Index d.tarifl. Monatsverdienste mit Sonderzahl.
62221;Vj. Index der Tarifverdienste und Arbeitszeiten;JAHR;Jahr;2019;DINSGF;Früheres Bundesgebiet / Neue Länder;DF;Früheres Bundesgebiet;WZ08C7;WZ2008 (ausgewählte Positionen): Tarifindex;WZ08-72-01;Forschung,Werbung u.Marktforschung,Veterinärwesen;38,6;h;VST019;Durchschnittliche tarifliche Wochenarbeitszeit
62221;Vj. Index der Tarifverdienste und Arbeitszeiten;JAHR;Jahr;2019;DINSGF;Früheres Bundesgebiet / Neue Länder;DF;Früheres Bundesgebiet;WZ08C7;WZ2008 (ausgewählte Positionen): Tarifindex;WZ08-72-01;Forschung,Werbung u.Marktforschung,Veterinärwesen;98,1;2020=100;VST066;Index d.tarifl. Monatsverdienste ohne Sonderzahl.
62221;Vj. Index der Tarifverdienste und Arbeitszeiten;JAHR;Jahr;2019;DINSGF;Früheres Bundesgebiet / Neue Länder;DF;Früheres Bundesgebiet;WZ08C7;WZ2008 (ausgewählte Positionen): Tarifindex;WZ08-72-01;Forschung,Werbung u.Marktforschung,Veterinärwesen;100,0;2020=100;VST018;Index der tariflichen Wochenarbeitszeit
62221;Vj. Index der Tarifverdienste und Arbeitszeiten;JAHR;Jahr;2019;DINSGF;Früheres Bundesgebiet / Neue Länder;DF;Früheres Bundesgebiet;WZ08C7;WZ2008 (ausgewählte Positionen): Tarifindex;WZ08-72-01;Forschung,Werbung u.Marktforschung,Veterinärwesen;98,1;2020=100;VST065;Index d.tarifl. Stundenverdienste ohne Sonderzahl.
62221;Vj. Index der Tarifverdienste und Arbeitszeiten;JAHR;Jahr;2023;DINSGF;Früheres Bundesgebiet / Neue Länder;DF;Früheres Bundesgebiet;WZ08C7;WZ2008 (ausgewählte Positionen): Tarifindex;WZ08-46;Großhandel (ohne Handel mit Kraftfahrzeugen);106,6;2020=100;VST072;Index d.tarifl. Stundenverdienste mit Sonderzahl.
62221;Vj. Index der Tarifverdienste und Arbeitszeiten;JAHR;Jahr;2023;DINSGF;Früheres Bundesgebiet / Neue Länder;DF;Früheres Bundesgebiet;WZ08C7;WZ2008 (ausgewählte Positionen): Tarifindex;WZ08-46;Großhandel (ohne Handel mit Kraftfahrzeugen);106,6;2020=100;VST073;Index d.tarifl. Monatsverdienste mit Sonderzahl.
62221;Vj. Index der Tarifverdienste und Arbeitszeiten;JAHR;Jahr;2023;DINSGF;Früheres Bundesgebiet / Neue Länder;DF;Früheres Bundesgebiet;WZ08C7;WZ2008 (ausgewählte Positionen): Tarifindex;WZ08-46;Großhandel (ohne Handel mit Kraftfahrzeugen);37,7;h;VST019;Durchschnittliche tarifliche Wochenarbeitszeit
62221;Vj. Index der Tarifverdienste und Arbeitszeiten;JAHR;Jahr;2023;DINSGF;Früheres Bundesgebiet / Neue Länder;DF;Früheres Bundesgebiet;WZ08C7;WZ2008 (ausgewählte Positionen): Tarifindex;WZ08-46;Großhandel (ohne Handel mit Kraftfahrzeugen);105,1;2020=100;VST066;Index d.tarifl. Monatsverdienste ohne Sonderzahl.
62221;Vj. Index der Tarifverdienste und Arbeitszeiten;JAHR;Jahr;2023;DINSGF;Früheres Bundesgebiet / Neue Länder;DF;Früheres Bundesgebiet;WZ08C7;WZ2008 (ausgewählte Positionen): Tarifindex;WZ08-46;Großhandel (ohne Handel mit Kraftfahrzeugen);100,0;2020=100;VST018;Index der tariflichen Wochenarbeitszeit
62221;Vj. Index der Tarifverdienste und Arbeitszeiten;JAHR;Jahr;2023;DINSGF;Früheres Bundesgebiet / Neue Länder;DF;Früheres Bundesgebiet;WZ08C7;WZ2008 (ausgewählte Positionen): Tarifindex;WZ08-46;Großhandel (ohne Handel mit Kraftfahrzeugen);105,1;2020=100;VST065;Index d.tarifl. Stundenverdienste ohne Sonderzahl.
62221;Vj. Index der Tarifverdienste und Arbeitszeiten;JAHR;Jahr;2020;DINSGF;Früheres Bundesgebiet / Neue Länder;DN;Neue Länder;WZ08C7;WZ2008 (ausgewählte Positionen): Tarifindex;WZ08-18;H.v. Druckerz., Vervielf.v.Ton-,Bild-,Datenträgern;100,0;2020=100;VST072;Index d.tarifl. Stundenverdienste mit Sonderzahl.
62221;Vj. Index der Tarifverdienste und Arbeitszeiten;JAHR;Jahr;2020;DINSGF;Früheres Bundesgebiet / Neue Länder;DN;Neue Länder;WZ08C7;WZ2008 (ausgewählte Positionen): Tarifindex;WZ08-18;H.v. Druckerz., Vervielf.v.Ton-,Bild-,Datenträgern;100,0;2020=100;VST073;Index d.tarifl. Monatsverdienste mit Sonderzahl.
62221;Vj. Index der Tarifverdienste und Arbeitszeiten;JAHR;Jahr;2020;DINSGF;Früheres Bundesgebiet / Neue Länder;DN;Neue Länder;WZ08C7;WZ2008 (ausgewählte Positionen): Tarifindex;WZ08-18;H.v. Druckerz., Vervielf.v.Ton-,Bild-,Datenträgern;36,2;h;VST019;Durchschnittliche tarifliche Wochenarbeitszeit
62221;Vj. Index der Tarifverdienste und Arbeitszeiten;JAHR;Jahr;2020;DINSGF;Früheres Bundesgebiet / Neue Länder;DN;Neue Länder;WZ08C7;WZ2008 (ausgewählte Positionen): Tarifindex;WZ08-18;H.v. Druckerz., Vervielf.v.Ton-,Bild-,Datenträgern;100,0;2020=100;VST066;Index d.tarifl. Monatsverdienste ohne Sonderzahl.
62221;Vj. Index der Tarifverdienste und Arbeitszeiten;JAHR;Jahr;2020;DINSGF;Früheres Bundesgebiet / Neue Länder;DN;Neue Länder;WZ08C7;WZ2008 (ausgewählte Positionen): Tarifindex;WZ08-18;H.v. Druckerz., Vervielf.v.Ton-,Bild-,Datenträgern;100,0;2020=100;VST018;Index der tariflichen Wochenarbeitszeit
62221;Vj. Index der Tarifverdienste und Arbeitszeiten;JAHR;Jahr;2020;DINSGF;Früheres Bundesgebiet / Neue Länder;DN;Neue Länder;WZ08C7;WZ2008 (ausgewählte Positionen): Tarifindex;WZ08-18;H.v. Druckerz., Vervielf.v.Ton-,Bild-,Datenträgern;100,0;2020=100;VST065;Index d.tarifl. Stundenverdienste ohne Sonderzahl.
62221;Vj. Index der Tarifverdienste und Arbeitszeiten;JAHR;Jahr;2023;DINSGF;Früheres Bundesgebiet / Neue Länder;DF;Früheres Bundesgebiet;WZ08C7;WZ2008 (ausgewählte Positionen): Tarifindex;WZ08-31;Herstellung von Möbeln;106,8;2020=100;VST072;Index d.tarifl. Stundenverdienste mit Sonderzahl.
62221;Vj. Index der Tarifverdienste und Arbeitszeiten;JAHR;Jahr;2023;DINSGF;Früheres Bundesgebiet / Neue Länder;DF;Früheres Bundesgebiet;WZ08C7;WZ2008 (ausgewählte Positionen): Tarifindex;WZ08-31;Herstellung von Möbeln;106,8;2020=100;VST073;Index d.tarifl. Monatsverdienste mit Sonderzahl.
62221;Vj. Index der Tarifverdienste und Arbeitszeiten;JAHR;Jahr;2023;DINSGF;Früheres Bundesgebiet / Neue Länder;DF;Früheres Bundesgebiet;WZ08C7;WZ2008 (ausgewählte Positionen): Tarifindex;WZ08-31;Herstellung von Möbeln;36,7;h;VST019;Durchschnittliche tarifliche Wochenarbeitszeit
62221;Vj. Index der Tarifverdienste und Arbeitszeiten;JAHR;Jahr;2023;DINSGF;Früheres Bundesgebiet / Neue Länder;DF;Früheres Bundesgebiet;WZ08C7;WZ2008 (ausgewählte Positionen): Tarifindex;WZ08-31;Herstellung von Möbeln;105,8;2020=100;VST066;Index d.tarifl. Monatsverdienste ohne Sonderzahl.
62221;Vj. Index der Tarifverdienste und Arbeitszeiten;JAHR;Jahr;2023;DINSGF;Früheres Bundesgebiet / Neue Länder;DF;Früheres Bundesgebiet;WZ08C7;WZ2008 (ausgewählte Positionen): Tarifindex;WZ08-31;Herstellung von Möbeln;100,0;2020=100;VST018;Index der tariflichen Wochenarbeitszeit
62221;Vj. Index der Tarifverdienste und Arbeitszeiten;JAHR;Jahr;2023;DINSGF;Früheres Bundesgebiet / Neue Länder;DF;Früheres Bundesgebiet;WZ08C7;WZ2008 (ausgewählte Positionen): Tarifindex;WZ08-31;Herstellung von Möbeln;105,8;2020=100;VST065;Index d.tarifl. Stundenverdienste ohne Sonderzahl.
62221;Vj. Index der Tarifverdienste und Arbeitszeiten;JAHR;Jahr;2018;DINSGF;Früheres Bundesgebiet / Neue Länder;DN;Neue Länder;WZ08C7;WZ2008 (ausgewählte Positionen): Tarifindex;WZ08-32;Herstellung von sonstigen Waren;96,1;2020=100;VST072;Index d.tarifl. Stundenverdienste mit Sonderzahl.
62221;Vj. Index der Tarifverdienste und Arbeitszeiten;JAHR;Jahr;2018;DINSGF;Früheres Bundesgebiet / Neue Länder;DN;Neue Länder;WZ08C7;WZ2008 (ausgewählte Positionen): Tarifindex;WZ08-32;Herstellung von sonstigen Waren;96,4;2020=100;VST073;Index d.tarifl. Monatsverdienste mit Sonderzahl.
62221;Vj. Index der Tarifverdienste und Arbeitszeiten;JAHR;Jahr;2018;DINSGF;Früheres Bundesgebiet / Neue Länder;DN;Neue Länder;WZ08C7;WZ2008 (ausgewählte Positionen): Tarifindex;WZ08-32;Herstellung von sonstigen Waren;36,6;h;VST019;Durchschnittliche tarifliche Wochenarbeitszeit
62221;Vj. Index der Tarifverdienste und Arbeitszeiten;JAHR;Jahr;2018;DINSGF;Früheres Bundesgebiet / Neue Länder;DN;Neue Länder;WZ08C7;WZ2008 (ausgewählte Positionen): Tarifindex;WZ08-32;Herstellung von sonstigen Waren;98,3;2020=100;VST066;Index d.tarifl. Monatsverdienste ohne Sonderzahl.
62221;Vj. Index der Tarifverdienste und Arbeitszeiten;JAHR;Jahr;2018;DINSGF;Früheres Bundesgebiet / Neue Länder;DN;Neue Länder;WZ08C7;WZ2008 (ausgewählte Positionen): Tarifindex;WZ08-32;Herstellung von sonstigen Waren;100,4;2020=100;VST018;Index der tariflichen Wochenarbeitszeit
62221;Vj. Index der Tarifverdienste und Arbeitszeiten;JAHR;Jahr;2018;DINSGF;Früheres Bundesgebiet / Neue Länder;DN;Neue Länder;WZ08C7;WZ2008 (ausgewählte Positionen): Tarifindex;WZ08-32;Herstellung von sonstigen Waren;98,0;2020=100;VST065;Index d.tarifl. Stundenverdienste ohne Sonderzahl.
62221;Vj. Index der Tarifverdienste und Arbeitszeiten;JAHR;Jahr;2016;DINSGF;Früheres Bundesgebiet / Neue Länder;DF;Früheres Bundesgebiet;WZ08C7;WZ2008 (ausgewählte Positionen): Tarifindex;WZ08-85;Erziehung und Unterricht;89,2;2020=100;VST072;Index d.tarifl. Stundenverdienste mit Sonderzahl.
62221;Vj. Index der Tarifverdienste und Arbeitszeiten;JAHR;Jahr;2016;DINSGF;Früheres Bundesgebiet / Neue Länder;DF;Früheres Bundesgebiet;WZ08C7;WZ2008 (ausgewählte Positionen): Tarifindex;WZ08-85;Erziehung und Unterricht;89,2;2020=100;VST073;Index d.tarifl. Monatsverdienste mit Sonderzahl.
62221;Vj. Index der Tarifverdienste und Arbeitszeiten;JAHR;Jahr;2016;DINSGF;Früheres Bundesgebiet / Neue Länder;DF;Früheres Bundesgebiet;WZ08C7;WZ2008 (ausgewählte Positionen): Tarifindex;WZ08-85;Erziehung und Unterricht;40,1;h;VST019;Durchschnittliche tarifliche Wochenarbeitszeit
62221;Vj. Index der Tarifverdienste und Arbeitszeiten;JAHR;Jahr;2016;DINSGF;Früheres Bundesgebiet / Neue Länder;DF;Früheres Bundesgebiet;WZ08C7;WZ2008 (ausgewählte Positionen): Tarifindex;WZ08-85;Erziehung und Unterricht;88,5;2020=100;VST066;Index d.tarifl. Monatsverdienste ohne Sonderzahl.
62221;Vj. Index der Tarifverdienste und Arbeitszeiten;JAHR;Jahr;2016;DINSGF;Früheres Bundesgebiet / Neue Länder;DF;Früheres Bundesgebiet;WZ08C7;WZ2008 (ausgewählte Positionen): Tarifindex;WZ08-85;Erziehung und Unterricht;100,0;2020=100;VST018;Index der tariflichen Wochenarbeitszeit
62221;Vj. Index der Tarifverdienste und Arbeitszeiten;JAHR;Jahr;2016;DINSGF;Früheres Bundesgebiet / Neue Länder;DF;Früheres Bundesgebiet;WZ08C7;WZ2008 (ausgewählte Positionen): Tarifindex;WZ08-85;Erziehung und Unterricht;88,5;2020=100;VST065;Index d.tarifl. Stundenverdienste ohne Sonderzahl.
62221;Vj. Index der Tarifverdienste und Arbeitszeiten;JAHR;Jahr;2021;DINSGF;Früheres Bundesgebiet / Neue Länder;DF;Früheres Bundesgebiet;WZ08C7;WZ2008 (ausgewählte Positionen): Tarifindex;WZ08-90;Kreative,künstlerische u.unterhaltende Tätigkeiten;101,0;2020=100;VST072;Index d.tarifl. Stundenverdienste mit Sonderzahl.
62221;Vj. Index der Tarifverdienste und Arbeitszeiten;JAHR;Jahr;2021;DINSGF;Früheres Bundesgebiet / Neue Länder;DF;Früheres Bundesgebiet;WZ08C7;WZ2008 (ausgewählte Positionen): Tarifindex;WZ08-90;Kreative,künstlerische u.unterhaltende Tätigkeiten;101,0;2020=100;VST073;Index d.tarifl. Monatsverdienste mit Sonderzahl.
62221;Vj. Index der Tarifverdienste und Arbeitszeiten;JAHR;Jahr;2021;DINSGF;Früheres Bundesgebiet / Neue Länder;DF;Früheres Bundesgebiet;WZ08C7;WZ2008 (ausgewählte Positionen): Tarifindex;WZ08-90;Kreative,künstlerische u.unterhaltende Tätigkeiten;39,2;h;VST019;Durchschnittliche tarifliche Wochenarbeitszeit
62221;Vj. Index der Tarifverdienste und Arbeitszeiten;JAHR;Jahr;2021;DINSGF;Früheres Bundesgebiet / Neue Länder;DF;Früheres Bundesgebiet;WZ08C7;WZ2008 (ausgewählte Positionen): Tarifindex;WZ08-90;Kreative,künstlerische u.unterhaltende Tätigkeiten;101,2;2020=100;VST066;Index d.tarifl. Monatsverdienste ohne Sonderzahl.
62221;Vj. Index der Tarifverdienste und Arbeitszeiten;JAHR;Jahr;2021;DINSGF;Früheres Bundesgebiet / Neue Länder;DF;Früheres Bundesgebiet;WZ08C7;WZ2008 (ausgewählte Positionen): Tarifindex;WZ08-90;Kreative,künstlerische u.unterhaltende Tätigkeiten;100,0;2020=100;VST018;Index der tariflichen Wochenarbeitszeit
62221;Vj. Index der Tarifverdienste und Arbeitszeiten;JAHR;Jahr;2021;DINSGF;Früheres Bundesgebiet / Neue Länder;DF;Früheres Bundesgebiet;WZ08C7;WZ2008 (ausgewählte Positionen): Tarifindex;WZ08-90;Kreative,künstlerische u.unterhaltende Tätigkeiten;101,2;2020=100;VST065;Index d.tarifl. Stundenverdienste ohne Sonderzahl.
62221;Vj. Index der Tarifverdienste und Arbeitszeiten;JAHR;Jahr;2025;DINSGF;Früheres Bundesgebiet / Neue Länder;DF;Früheres Bundesgebiet;WZ08C7;WZ2008 (ausgewählte Positionen): Tarifindex;WZ08-41-01;Hoch- und Tiefbau;119,4;2020=100;VST072;Index d.tarifl. Stundenverdienste mit Sonderzahl.
62221;Vj. Index der Tarifverdienste und Arbeitszeiten;JAHR;Jahr;2025;DINSGF;Früheres Bundesgebiet / Neue Länder;DF;Früheres Bundesgebiet;WZ08C7;WZ2008 (ausgewählte Positionen): Tarifindex;WZ08-41-01;Hoch- und Tiefbau;119,4;2020=100;VST073;Index d.tarifl. Monatsverdienste mit Sonderzahl.
62221;Vj. Index der Tarifverdienste und Arbeitszeiten;JAHR;Jahr;2025;DINSGF;Früheres Bundesgebiet / Neue Länder;DF;Früheres Bundesgebiet;WZ08C7;WZ2008 (ausgewählte Positionen): Tarifindex;WZ08-41-01;Hoch- und Tiefbau;39,9;h;VST019;Durchschnittliche tarifliche Wochenarbeitszeit
62221;Vj. Index der Tarifverdienste und Arbeitszeiten;JAHR;Jahr;2025;DINSGF;Früheres Bundesgebiet / Neue Länder;DF;Früheres Bundesgebiet;WZ08C7;WZ2008 (ausgewählte Positionen): Tarifindex;WZ08-41-01;Hoch- und Tiefbau;119,5;2020=100;VST066;Index d.tarifl. Monatsverdienste ohne Sonderzahl.
62221;Vj. Index der Tarifverdienste und Arbeitszeiten;JAHR;Jahr;2025;DINSGF;Früheres Bundesgebiet / Neue Länder;DF;Früheres Bundesgebiet;WZ08C7;WZ2008 (ausgewählte Positionen): Tarifindex;WZ08-41-01;Hoch- und Tiefbau;100,0;2020=100;VST018;Index der tariflichen Wochenarbeitszeit
62221;Vj. Index der Tarifverdienste und Arbeitszeiten;JAHR;Jahr;2025;DINSGF;Früheres Bundesgebiet / Neue Länder;DF;Früheres Bundesgebiet;WZ08C7;WZ2008 (ausgewählte Positionen): Tarifindex;WZ08-41-01;Hoch- und Tiefbau;119,5;2020=100;VST065;Index d.tarifl. Stundenverdienste ohne Sonderzahl.
62221;Vj. Index der Tarifverdienste und Arbeitszeiten;JAHR;Jahr;2023;DINSGF;Früheres Bundesgebiet / Neue Länder;DF;Früheres Bundesgebiet;WZ08C7;WZ2008 (ausgewählte Positionen): Tarifindex;WZ08-28;Maschinenbau;107,7;2020=100;VST072;Index d.tarifl. Stundenverdienste mit Sonderzahl.
62221;Vj. Index der Tarifverdienste und Arbeitszeiten;JAHR;Jahr;2023;DINSGF;Früheres Bundesgebiet / Neue Länder;DF;Früheres Bundesgebiet;WZ08C7;WZ2008 (ausgewählte Positionen): Tarifindex;WZ08-28;Maschinenbau;107,7;2020=100;VST073;Index d.tarifl. Monatsverdienste mit Sonderzahl.
62221;Vj. Index der Tarifverdienste und Arbeitszeiten;JAHR;Jahr;2023;DINSGF;Früheres Bundesgebiet / Neue Länder;DF;Früheres Bundesgebiet;WZ08C7;WZ2008 (ausgewählte Positionen): Tarifindex;WZ08-28;Maschinenbau;35,3;h;VST019;Durchschnittliche tarifliche Wochenarbeitszeit
62221;Vj. Index der Tarifverdienste und Arbeitszeiten;JAHR;Jahr;2023;DINSGF;Früheres Bundesgebiet / Neue Länder;DF;Früheres Bundesgebiet;WZ08C7;WZ2008 (ausgewählte Positionen): Tarifindex;WZ08-28;Maschinenbau;103,3;2020=100;VST066;Index d.tarifl. Monatsverdienste ohne Sonderzahl.
62221;Vj. Index der Tarifverdienste und Arbeitszeiten;JAHR;Jahr;2023;DINSGF;Früheres Bundesgebiet / Neue Länder;DF;Früheres Bundesgebiet;WZ08C7;WZ2008 (ausgewählte Positionen): Tarifindex;WZ08-28;Maschinenbau;100,0;2020=100;VST018;Index der tariflichen Wochenarbeitszeit
62221;Vj. Index der Tarifverdienste und Arbeitszeiten;JAHR;Jahr;2023;DINSGF;Früheres Bundesgebiet / Neue Länder;DF;Früheres Bundesgebiet;WZ08C7;WZ2008 (ausgewählte Positionen): Tarifindex;WZ08-28;Maschinenbau;103,3;2020=100;VST065;Index d.tarifl. Stundenverdienste ohne Sonderzahl.
62221;Vj. Index der Tarifverdienste und Arbeitszeiten;JAHR;Jahr;2020;DINSGF;Früheres Bundesgebiet / Neue Länder;DN;Neue Länder;WZ08C7;WZ2008 (ausgewählte Positionen): Tarifindex;WZ08-21;Herstellung von pharmazeutischen Erzeugnissen;100,0;2020=100;VST072;Index d.tarifl. Stundenverdienste mit Sonderzahl.
62221;Vj. Index der Tarifverdienste und Arbeitszeiten;JAHR;Jahr;2020;DINSGF;Früheres Bundesgebiet / Neue Länder;DN;Neue Länder;WZ08C7;WZ2008 (ausgewählte Positionen): Tarifindex;WZ08-21;Herstellung von pharmazeutischen Erzeugnissen;100,0;2020=100;VST073;Index d.tarifl. Monatsverdienste mit Sonderzahl.
62221;Vj. Index der Tarifverdienste und Arbeitszeiten;JAHR;Jahr;2020;DINSGF;Früheres Bundesgebiet / Neue Länder;DN;Neue Länder;WZ08C7;WZ2008 (ausgewählte Positionen): Tarifindex;WZ08-21;Herstellung von pharmazeutischen Erzeugnissen;39,4;h;VST019;Durchschnittliche tarifliche Wochenarbeitszeit
62221;Vj. Index der Tarifverdienste und Arbeitszeiten;JAHR;Jahr;2020;DINSGF;Früheres Bundesgebiet / Neue Länder;DN;Neue Länder;WZ08C7;WZ2008 (ausgewählte Positionen): Tarifindex;WZ08-21;Herstellung von pharmazeutischen Erzeugnissen;100,0;2020=100;VST066;Index d.tarifl. Monatsverdienste ohne Sonderzahl.
62221;Vj. Index der Tarifverdienste und Arbeitszeiten;JAHR;Jahr;2020;DINSGF;Früheres Bundesgebiet / Neue Länder;DN;Neue Länder;WZ08C7;WZ2008 (ausgewählte Positionen): Tarifindex;WZ08-21;Herstellung von pharmazeutischen Erzeugnissen;100,0;2020=100;VST018;Index der tariflichen Wochenarbeitszeit
62221;Vj. Index der Tarifverdienste und Arbeitszeiten;JAHR;Jahr;2020;DINSGF;Früheres Bundesgebiet / Neue Länder;DN;Neue Länder;WZ08C7;WZ2008 (ausgewählte Positionen): Tarifindex;WZ08-21;Herstellung von pharmazeutischen Erzeugnissen;100,0;2020=100;VST065;Index d.tarifl. Stundenverdienste ohne Sonderzahl.
62221;Vj. Index der Tarifverdienste und Arbeitszeiten;JAHR;Jahr;2023;DINSGF;Früheres Bundesgebiet / Neue Länder;DF;Früheres Bundesgebiet;WZ08C7;WZ2008 (ausgewählte Positionen): Tarifindex;WZ-X004;Verbrauchsgüterproduzenten;110,2;2020=100;VST072;Index d.tarifl. Stundenverdienste mit Sonderzahl.
62221;Vj. Index der Tarifverdienste und Arbeitszeiten;JAHR;Jahr;2023;DINSGF;Früheres Bundesgebiet / Neue Länder;DF;Früheres Bundesgebiet;WZ08C7;WZ2008 (ausgewählte Positionen): Tarifindex;WZ-X004;Verbrauchsgüterproduzenten;110,2;2020=100;VST073;Index d.tarifl. Monatsverdienste mit Sonderzahl.
62221;Vj. Index der Tarifverdienste und Arbeitszeiten;JAHR;Jahr;2023;DINSGF;Früheres Bundesgebiet / Neue Länder;DF;Früheres Bundesgebiet;WZ08C7;WZ2008 (ausgewählte Positionen): Tarifindex;WZ-X004;Verbrauchsgüterproduzenten;38,0;h;VST019;Durchschnittliche tarifliche Wochenarbeitszeit
62221;Vj. Index der Tarifverdienste und Arbeitszeiten;JAHR;Jahr;2023;DINSGF;Früheres Bundesgebiet / Neue Länder;DF;Früheres Bundesgebiet;WZ08C7;WZ2008 (ausgewählte Positionen): Tarifindex;WZ-X004;Verbrauchsgüterproduzenten;108,5;2020=100;VST066;Index d.tarifl. Monatsverdienste ohne Sonderzahl.
62221;Vj. Index der Tarifverdienste und Arbeitszeiten;JAHR;Jahr;2023;DINSGF;Früheres Bundesgebiet / Neue Länder;DF;Früheres Bundesgebiet;WZ08C7;WZ2008 (ausgewählte Positionen): Tarifindex;WZ-X004;Verbrauchsgüterproduzenten;100,0;2020=100;VST018;Index der tariflichen Wochenarbeitszeit
62221;Vj. Index der Tarifverdienste und Arbeitszeiten;JAHR;Jahr;2023;DINSGF;Früheres Bundesgebiet / Neue Länder;DF;Früheres Bundesgebiet;WZ08C7;WZ2008 (ausgewählte Positionen): Tarifindex;WZ-X004;Verbrauchsgüterproduzenten;108,5;2020=100;VST065;Index d.tarifl. Stundenverdienste ohne Sonderzahl.
62221;Vj. Index der Tarifverdienste und Arbeitszeiten;JAHR;Jahr;2025;DINSGF;Früheres Bundesgebiet / Neue Länder;DN;Neue Länder;WZ08C7;WZ2008 (ausgewählte Positionen): Tarifindex;WZ08-B;Bergbau und Gewinnung von Steinen und Erden;117,3;2020=100;VST072;Index d.tarifl. Stundenverdienste mit Sonderzahl.
62221;Vj. Index der Tarifverdienste und Arbeitszeiten;JAHR;Jahr;2025;DINSGF;Früheres Bundesgebiet / Neue Länder;DN;Neue Länder;WZ08C7;WZ2008 (ausgewählte Positionen): Tarifindex;WZ08-B;Bergbau und Gewinnung von Steinen und Erden;117,2;2020=100;VST073;Index d.tarifl. Monatsverdienste mit Sonderzahl.
62221;Vj. Index der Tarifverdienste und Arbeitszeiten;JAHR;Jahr;2025;DINSGF;Früheres Bundesgebiet / Neue Länder;DN;Neue Länder;WZ08C7;WZ2008 (ausgewählte Positionen): Tarifindex;WZ08-B;Bergbau und Gewinnung von Steinen und Erden;37,9;h;VST019;Durchschnittliche tarifliche Wochenarbeitszeit
62221;Vj. Index der Tarifverdienste und Arbeitszeiten;JAHR;Jahr;2025;DINSGF;Früheres Bundesgebiet / Neue Länder;DN;Neue Länder;WZ08C7;WZ2008 (ausgewählte Positionen): Tarifindex;WZ08-B;Bergbau und Gewinnung von Steinen und Erden;116,9;2020=100;VST066;Index d.tarifl. Monatsverdienste ohne Sonderzahl.
62221;Vj. Index der Tarifverdienste und Arbeitszeiten;JAHR;Jahr;2025;DINSGF;Früheres Bundesgebiet / Neue Länder;DN;Neue Länder;WZ08C7;WZ2008 (ausgewählte Positionen): Tarifindex;WZ08-B;Bergbau und Gewinnung von Steinen und Erden;100,0;2020=100;VST018;Index der tariflichen Wochenarbeitszeit
62221;Vj. Index der Tarifverdienste und Arbeitszeiten;JAHR;Jahr;2025;DINSGF;Früheres Bundesgebiet / Neue Länder;DN;Neue Länder;WZ08C7;WZ2008 (ausgewählte Positionen): Tarifindex;WZ08-B;Bergbau und Gewinnung von Steinen und Erden;116,9;2020=100;VST065;Index d.tarifl. Stundenverdienste ohne Sonderzahl.
62221;Vj. Index der Tarifverdienste und Arbeitszeiten;JAHR;Jahr;2025;DINSGF;Früheres Bundesgebiet / Neue Länder;DF;Früheres Bundesgebiet;WZ08C7;WZ2008 (ausgewählte Positionen): Tarifindex;WZ08-D-05;Energie- und Wasserversorgung, Entsorgung u.a.;116,8;2020=100;VST072;Index d.tarifl. Stundenverdienste mit Sonderzahl.
62221;Vj. Index der Tarifverdienste und Arbeitszeiten;JAHR;Jahr;2025;DINSGF;Früheres Bundesgebiet / Neue Länder;DF;Früheres Bundesgebiet;WZ08C7;WZ2008 (ausgewählte Positionen): Tarifindex;WZ08-D-05;Energie- und Wasserversorgung, Entsorgung u.a.;117,0;2020=100;VST073;Index d.tarifl. Monatsverdienste mit Sonderzahl.
62221;Vj. Index der Tarifverdienste und Arbeitszeiten;JAHR;Jahr;2025;DINSGF;Früheres Bundesgebiet / Neue Länder;DF;Früheres Bundesgebiet;WZ08C7;WZ2008 (ausgewählte Positionen): Tarifindex;WZ08-D-05;Energie- und Wasserversorgung, Entsorgung u.a.;38,5;h;VST019;Durchschnittliche tarifliche Wochenarbeitszeit
62221;Vj. Index der Tarifverdienste und Arbeitszeiten;JAHR;Jahr;2025;DINSGF;Früheres Bundesgebiet / Neue Länder;DF;Früheres Bundesgebiet;WZ08C7;WZ2008 (ausgewählte Positionen): Tarifindex;WZ08-D-05;Energie- und Wasserversorgung, Entsorgung u.a.;117,2;2020=100;VST066;Index d.tarifl. Monatsverdienste ohne Sonderzahl.
62221;Vj. Index der Tarifverdienste und Arbeitszeiten;JAHR;Jahr;2025;DINSGF;Früheres Bundesgebiet / Neue Länder;DF;Früheres Bundesgebiet;WZ08C7;WZ2008 (ausgewählte Positionen): Tarifindex;WZ08-D-05;Energie- und Wasserversorgung, Entsorgung u.a.;100,1;2020=100;VST018;Index der tariflichen Wochenarbeitszeit
62221;Vj. Index der Tarifverdienste und Arbeitszeiten;JAHR;Jahr;2025;DINSGF;Früheres Bundesgebiet / Neue Länder;DF;Früheres Bundesgebiet;WZ08C7;WZ2008 (ausgewählte Positionen): Tarifindex;WZ08-D-05;Energie- und Wasserversorgung, Entsorgung u.a.;117,0;2020=100;VST065;Index d.tarifl. Stundenverdienste ohne Sonderzahl.
62221;Vj. Index der Tarifverdienste und Arbeitszeiten;JAHR;Jahr;2021;DINSGF;Früheres Bundesgebiet / Neue Länder;DF;Früheres Bundesgebiet;WZ08C7;WZ2008 (ausgewählte Positionen): Tarifindex;WZ08-20-01;Chemische Industrie;101,7;2020=100;VST072;Index d.tarifl. Stundenverdienste mit Sonderzahl.
62221;Vj. Index der Tarifverdienste und Arbeitszeiten;JAHR;Jahr;2021;DINSGF;Früheres Bundesgebiet / Neue Länder;DF;Früheres Bundesgebiet;WZ08C7;WZ2008 (ausgewählte Positionen): Tarifindex;WZ08-20-01;Chemische Industrie;101,7;2020=100;VST073;Index d.tarifl. Monatsverdienste mit Sonderzahl.
62221;Vj. Index der Tarifverdienste und Arbeitszeiten;JAHR;Jahr;2021;DINSGF;Früheres Bundesgebiet / Neue Länder;DF;Früheres Bundesgebiet;WZ08C7;WZ2008 (ausgewählte Positionen): Tarifindex;WZ08-20-01;Chemische Industrie;37,5;h;VST019;Durchschnittliche tarifliche Wochenarbeitszeit
62221;Vj. Index der Tarifverdienste und Arbeitszeiten;JAHR;Jahr;2021;DINSGF;Früheres Bundesgebiet / Neue Länder;DF;Früheres Bundesgebiet;WZ08C7;WZ2008 (ausgewählte Positionen): Tarifindex;WZ08-20-01;Chemische Industrie;101,4;2020=100;VST066;Index d.tarifl. Monatsverdienste ohne Sonderzahl.
62221;Vj. Index der Tarifverdienste und Arbeitszeiten;JAHR;Jahr;2021;DINSGF;Früheres Bundesgebiet / Neue Länder;DF;Früheres Bundesgebiet;WZ08C7;WZ2008 (ausgewählte Positionen): Tarifindex;WZ08-20-01;Chemische Industrie;100,0;2020=100;VST018;Index der tariflichen Wochenarbeitszeit
62221;Vj. Index der Tarifverdienste und Arbeitszeiten;JAHR;Jahr;2021;DINSGF;Früheres Bundesgebiet / Neue Länder;DF;Früheres Bundesgebiet;WZ08C7;WZ2008 (ausgewählte Positionen): Tarifindex;WZ08-20-01;Chemische Industrie;101,4;2020=100;VST065;Index d.tarifl. Stundenverdienste ohne Sonderzahl.
62221;Vj. Index der Tarifverdienste und Arbeitszeiten;JAHR;Jahr;2022;DINSGF;Früheres Bundesgebiet / Neue Länder;DN;Neue Länder;WZ08C7;WZ2008 (ausgewählte Positionen): Tarifindex;WZ08-78;Vermittlung und Überlassung von Arbeitskräften;110,9;2020=100;VST072;Index d.tarifl. Stundenverdienste mit Sonderzahl.
62221;Vj. Index der Tarifverdienste und Arbeitszeiten;JAHR;Jahr;2022;DINSGF;Früheres Bundesgebiet / Neue Länder;DN;Neue Länder;WZ08C7;WZ2008 (ausgewählte Positionen): Tarifindex;WZ08-78;Vermittlung und Überlassung von Arbeitskräften;110,9;2020=100;VST073;Index d.tarifl. Monatsverdienste mit Sonderzahl.
62221;Vj. Index der Tarifverdienste und Arbeitszeiten;JAHR;Jahr;2022;DINSGF;Früheres Bundesgebiet / Neue Länder;DN;Neue Länder;WZ08C7;WZ2008 (ausgewählte Positionen): Tarifindex;WZ08-78;Vermittlung und Überlassung von Arbeitskräften;35,2;h;VST019;Durchschnittliche tarifliche Wochenarbeitszeit
62221;Vj. Index der Tarifverdienste und Arbeitszeiten;JAHR;Jahr;2022;DINSGF;Früheres Bundesgebiet / Neue Länder;DN;Neue Länder;WZ08C7;WZ2008 (ausgewählte Positionen): Tarifindex;WZ08-78;Vermittlung und Überlassung von Arbeitskräften;110,8;2020=100;VST066;Index d.tarifl. Monatsverdienste ohne Sonderzahl.
62221;Vj. Index der Tarifverdienste und Arbeitszeiten;JAHR;Jahr;2022;DINSGF;Früheres Bundesgebiet / Neue Länder;DN;Neue Länder;WZ08C7;WZ2008 (ausgewählte Positionen): Tarifindex;WZ08-78;Vermittlung und Überlassung von Arbeitskräften;100,0;2020=100;VST018;Index der tariflichen Wochenarbeitszeit
62221;Vj. Index der Tarifverdienste und Arbeitszeiten;JAHR;Jahr;2022;DINSGF;Früheres Bundesgebiet / Neue Länder;DN;Neue Länder;WZ08C7;WZ2008 (ausgewählte Positionen): Tarifindex;WZ08-78;Vermittlung und Überlassung von Arbeitskräften;110,8;2020=100;VST065;Index d.tarifl. Stundenverdienste ohne Sonderzahl.
62221;Vj. Index der Tarifverdienste und Arbeitszeiten;JAHR;Jahr;2021;DINSGF;Früheres Bundesgebiet / Neue Länder;DN;Neue Länder;WZ08C7;WZ2008 (ausgewählte Positionen): Tarifindex;WZ08-60;Rundfunkveranstalter;101,4;2020=100;VST072;Index d.tarifl. Stundenverdienste mit Sonderzahl.
62221;Vj. Index der Tarifverdienste und Arbeitszeiten;JAHR;Jahr;2021;DINSGF;Früheres Bundesgebiet / Neue Länder;DN;Neue Länder;WZ08C7;WZ2008 (ausgewählte Positionen): Tarifindex;WZ08-60;Rundfunkveranstalter;101,4;2020=100;VST073;Index d.tarifl. Monatsverdienste mit Sonderzahl.
62221;Vj. Index der Tarifverdienste und Arbeitszeiten;JAHR;Jahr;2021;DINSGF;Früheres Bundesgebiet / Neue Länder;DN;Neue Länder;WZ08C7;WZ2008 (ausgewählte Positionen): Tarifindex;WZ08-60;Rundfunkveranstalter;38,5;h;VST019;Durchschnittliche tarifliche Wochenarbeitszeit
62221;Vj. Index der Tarifverdienste und Arbeitszeiten;JAHR;Jahr;2021;DINSGF;Früheres Bundesgebiet / Neue Länder;DN;Neue Länder;WZ08C7;WZ2008 (ausgewählte Positionen): Tarifindex;WZ08-60;Rundfunkveranstalter;101,9;2020=100;VST066;Index d.tarifl. Monatsverdienste ohne Sonderzahl.
62221;Vj. Index der Tarifverdienste und Arbeitszeiten;JAHR;Jahr;2021;DINSGF;Früheres Bundesgebiet / Neue Länder;DN;Neue Länder;WZ08C7;WZ2008 (ausgewählte Positionen): Tarifindex;WZ08-60;Rundfunkveranstalter;100,0;2020=100;VST018;Index der tariflichen Wochenarbeitszeit
62221;Vj. Index der Tarifverdienste und Arbeitszeiten;JAHR;Jahr;2021;DINSGF;Früheres Bundesgebiet / Neue Länder;DN;Neue Länder;WZ08C7;WZ2008 (ausgewählte Positionen): Tarifindex;WZ08-60;Rundfunkveranstalter;101,9;2020=100;VST065;Index d.tarifl. Stundenverdienste ohne Sonderzahl.
62221;Vj. Index der Tarifverdienste und Arbeitszeiten;JAHR;Jahr;2022;DINSGF;Früheres Bundesgebiet / Neue Länder;DF;Früheres Bundesgebiet;WZ08C7;WZ2008 (ausgewählte Positionen): Tarifindex;WZ08-10;Herstellung von Nahrungs- und Futtermitteln;104,7;2020=100;VST072;Index d.tarifl. Stundenverdienste mit Sonderzahl.
62221;Vj. Index der Tarifverdienste und Arbeitszeiten;JAHR;Jahr;2022;DINSGF;Früheres Bundesgebiet / Neue Länder;DF;Früheres Bundesgebiet;WZ08C7;WZ2008 (ausgewählte Positionen): Tarifindex;WZ08-10;Herstellung von Nahrungs- und Futtermitteln;104,7;2020=100;VST073;Index d.tarifl. Monatsverdienste mit Sonderzahl.
62221;Vj. Index der Tarifverdienste und Arbeitszeiten;JAHR;Jahr;2022;DINSGF;Früheres Bundesgebiet / Neue Länder;DF;Früheres Bundesgebiet;WZ08C7;WZ2008 (ausgewählte Positionen): Tarifindex;WZ08-10;Herstellung von Nahrungs- und Futtermitteln;38,1;h;VST019;Durchschnittliche tarifliche Wochenarbeitszeit
62221;Vj. Index der Tarifverdienste und Arbeitszeiten;JAHR;Jahr;2022;DINSGF;Früheres Bundesgebiet / Neue Länder;DF;Früheres Bundesgebiet;WZ08C7;WZ2008 (ausgewählte Positionen): Tarifindex;WZ08-10;Herstellung von Nahrungs- und Futtermitteln;104,7;2020=100;VST066;Index d.tarifl. Monatsverdienste ohne Sonderzahl.
62221;Vj. Index der Tarifverdienste und Arbeitszeiten;JAHR;Jahr;2022;DINSGF;Früheres Bundesgebiet / Neue Länder;DF;Früheres Bundesgebiet;WZ08C7;WZ2008 (ausgewählte Positionen): Tarifindex;WZ08-10;Herstellung von Nahrungs- und Futtermitteln;100,0;2020=100;VST018;Index der tariflichen Wochenarbeitszeit
62221;Vj. Index der Tarifverdienste und Arbeitszeiten;JAHR;Jahr;2022;DINSGF;Früheres Bundesgebiet / Neue Länder;DF;Früheres Bundesgebiet;WZ08C7;WZ2008 (ausgewählte Positionen): Tarifindex;WZ08-10;Herstellung von Nahrungs- und Futtermitteln;104,7;2020=100;VST065;Index d.tarifl. Stundenverdienste ohne Sonderzahl.
62221;Vj. Index der Tarifverdienste und Arbeitszeiten;JAHR;Jahr;2018;DINSGF;Früheres Bundesgebiet / Neue Länder;DN;Neue Länder;WZ08C7;WZ2008 (ausgewählte Positionen): Tarifindex;WZ08-B-14;Kohlenbergbau, Gewinnung von Erdöl und Erdgas;96,4;2020=100;VST072;Index d.tarifl. Stundenverdienste mit Sonderzahl.
62221;Vj. Index der Tarifverdienste und Arbeitszeiten;JAHR;Jahr;2018;DINSGF;Früheres Bundesgebiet / Neue Länder;DN;Neue Länder;WZ08C7;WZ2008 (ausgewählte Positionen): Tarifindex;WZ08-B-14;Kohlenbergbau, Gewinnung von Erdöl und Erdgas;96,4;2020=100;VST073;Index d.tarifl. Monatsverdienste mit Sonderzahl.
62221;Vj. Index der Tarifverdienste und Arbeitszeiten;JAHR;Jahr;2018;DINSGF;Früheres Bundesgebiet / Neue Länder;DN;Neue Länder;WZ08C7;WZ2008 (ausgewählte Positionen): Tarifindex;WZ08-B-14;Kohlenbergbau, Gewinnung von Erdöl und Erdgas;37,0;h;VST019;Durchschnittliche tarifliche Wochenarbeitszeit
62221;Vj. Index der Tarifverdienste und Arbeitszeiten;JAHR;Jahr;2018;DINSGF;Früheres Bundesgebiet / Neue Länder;DN;Neue Länder;WZ08C7;WZ2008 (ausgewählte Positionen): Tarifindex;WZ08-B-14;Kohlenbergbau, Gewinnung von Erdöl und Erdgas;96,2;2020=100;VST066;Index d.tarifl. Monatsverdienste ohne Sonderzahl.
62221;Vj. Index der Tarifverdienste und Arbeitszeiten;JAHR;Jahr;2018;DINSGF;Früheres Bundesgebiet / Neue Länder;DN;Neue Länder;WZ08C7;WZ2008 (ausgewählte Positionen): Tarifindex;WZ08-B-14;Kohlenbergbau, Gewinnung von Erdöl und Erdgas;100,0;2020=100;VST018;Index der tariflichen Wochenarbeitszeit
62221;Vj. Index der Tarifverdienste und Arbeitszeiten;JAHR;Jahr;2018;DINSGF;Früheres Bundesgebiet / Neue Länder;DN;Neue Länder;WZ08C7;WZ2008 (ausgewählte Positionen): Tarifindex;WZ08-B-14;Kohlenbergbau, Gewinnung von Erdöl und Erdgas;96,2;2020=100;VST065;Index d.tarifl. Stundenverdienste ohne Sonderzahl.
62221;Vj. Index der Tarifverdienste und Arbeitszeiten;JAHR;Jahr;2024;DINSGF;Früheres Bundesgebiet / Neue Länder;DN;Neue Länder;WZ08C7;WZ2008 (ausgewählte Positionen): Tarifindex;WZ08-37;Abwasserentsorgung;112,2;2020=100;VST072;Index d.tarifl. Stundenverdienste mit Sonderzahl.
62221;Vj. Index der Tarifverdienste und Arbeitszeiten;JAHR;Jahr;2024;DINSGF;Früheres Bundesgebiet / Neue Länder;DN;Neue Länder;WZ08C7;WZ2008 (ausgewählte Positionen): Tarifindex;WZ08-37;Abwasserentsorgung;112,2;2020=100;VST073;Index d.tarifl. Monatsverdienste mit Sonderzahl.
62221;Vj. Index der Tarifverdienste und Arbeitszeiten;JAHR;Jahr;2024;DINSGF;Früheres Bundesgebiet / Neue Länder;DN;Neue Länder;WZ08C7;WZ2008 (ausgewählte Positionen): Tarifindex;WZ08-37;Abwasserentsorgung;39,0;h;VST019;Durchschnittliche tarifliche Wochenarbeitszeit
62221;Vj. Index der Tarifverdienste und Arbeitszeiten;JAHR;Jahr;2024;DINSGF;Früheres Bundesgebiet / Neue Länder;DN;Neue Länder;WZ08C7;WZ2008 (ausgewählte Positionen): Tarifindex;WZ08-37;Abwasserentsorgung;112,1;2020=100;VST066;Index d.tarifl. Monatsverdienste ohne Sonderzahl.
62221;Vj. Index der Tarifverdienste und Arbeitszeiten;JAHR;Jahr;2024;DINSGF;Früheres Bundesgebiet / Neue Länder;DN;Neue Länder;WZ08C7;WZ2008 (ausgewählte Positionen): Tarifindex;WZ08-37;Abwasserentsorgung;100,0;2020=100;VST018;Index der tariflichen Wochenarbeitszeit
62221;Vj. Index der Tarifverdienste und Arbeitszeiten;JAHR;Jahr;2024;DINSGF;Früheres Bundesgebiet / Neue Länder;DN;Neue Länder;WZ08C7;WZ2008 (ausgewählte Positionen): Tarifindex;WZ08-37;Abwasserentsorgung;112,1;2020=100;VST065;Index d.tarifl. Stundenverdienste ohne Sonderzahl.
62221;Vj. Index der Tarifverdienste und Arbeitszeiten;JAHR;Jahr;2017;DINSGF;Früheres Bundesgebiet / Neue Länder;DF;Früheres Bundesgebiet;WZ08C7;WZ2008 (ausgewählte Positionen): Tarifindex;WZ08-88;Sozialwesen (ohne Heime);92,2;2020=100;VST072;Index d.tarifl. Stundenverdienste mit Sonderzahl.
62221;Vj. Index der Tarifverdienste und Arbeitszeiten;JAHR;Jahr;2017;DINSGF;Früheres Bundesgebiet / Neue Länder;DF;Früheres Bundesgebiet;WZ08C7;WZ2008 (ausgewählte Positionen): Tarifindex;WZ08-88;Sozialwesen (ohne Heime);92,2;2020=100;VST073;Index d.tarifl. Monatsverdienste mit Sonderzahl.
62221;Vj. Index der Tarifverdienste und Arbeitszeiten;JAHR;Jahr;2017;DINSGF;Früheres Bundesgebiet / Neue Länder;DF;Früheres Bundesgebiet;WZ08C7;WZ2008 (ausgewählte Positionen): Tarifindex;WZ08-88;Sozialwesen (ohne Heime);39,0;h;VST019;Durchschnittliche tarifliche Wochenarbeitszeit
62221;Vj. Index der Tarifverdienste und Arbeitszeiten;JAHR;Jahr;2017;DINSGF;Früheres Bundesgebiet / Neue Länder;DF;Früheres Bundesgebiet;WZ08C7;WZ2008 (ausgewählte Positionen): Tarifindex;WZ08-88;Sozialwesen (ohne Heime);92,5;2020=100;VST066;Index d.tarifl. Monatsverdienste ohne Sonderzahl.
62221;Vj. Index der Tarifverdienste und Arbeitszeiten;JAHR;Jahr;2017;DINSGF;Früheres Bundesgebiet / Neue Länder;DF;Früheres Bundesgebiet;WZ08C7;WZ2008 (ausgewählte Positionen): Tarifindex;WZ08-88;Sozialwesen (ohne Heime);100,0;2020=100;VST018;Index der tariflichen Wochenarbeitszeit
62221;Vj. Index der Tarifverdienste und Arbeitszeiten;JAHR;Jahr;2017;DINSGF;Früheres Bundesgebiet / Neue Länder;DF;Früheres Bundesgebiet;WZ08C7;WZ2008 (ausgewählte Positionen): Tarifindex;WZ08-88;Sozialwesen (ohne Heime);92,5;2020=100;VST065;Index d.tarifl. Stundenverdienste ohne Sonderzahl.
62221;Vj. Index der Tarifverdienste und Arbeitszeiten;JAHR;Jahr;2025;DINSGF;Früheres Bundesgebiet / Neue Länder;DF;Früheres Bundesgebiet;WZ08C7;WZ2008 (ausgewählte Positionen): Tarifindex;WZ08-35;Energieversorgung;117,3;2020=100;VST072;Index d.tarifl. Stundenverdienste mit Sonderzahl.
62221;Vj. Index der Tarifverdienste und Arbeitszeiten;JAHR;Jahr;2025;DINSGF;Früheres Bundesgebiet / Neue Länder;DF;Früheres Bundesgebiet;WZ08C7;WZ2008 (ausgewählte Positionen): Tarifindex;WZ08-35;Energieversorgung;117,6;2020=100;VST073;Index d.tarifl. Monatsverdienste mit Sonderzahl.
62221;Vj. Index der Tarifverdienste und Arbeitszeiten;JAHR;Jahr;2025;DINSGF;Früheres Bundesgebiet / Neue Länder;DF;Früheres Bundesgebiet;WZ08C7;WZ2008 (ausgewählte Positionen): Tarifindex;WZ08-35;Energieversorgung;38,3;h;VST019;Durchschnittliche tarifliche Wochenarbeitszeit
62221;Vj. Index der Tarifverdienste und Arbeitszeiten;JAHR;Jahr;2025;DINSGF;Früheres Bundesgebiet / Neue Länder;DF;Früheres Bundesgebiet;WZ08C7;WZ2008 (ausgewählte Positionen): Tarifindex;WZ08-35;Energieversorgung;117,8;2020=100;VST066;Index d.tarifl. Monatsverdienste ohne Sonderzahl.
62221;Vj. Index der Tarifverdienste und Arbeitszeiten;JAHR;Jahr;2025;DINSGF;Früheres Bundesgebiet / Neue Länder;DF;Früheres Bundesgebiet;WZ08C7;WZ2008 (ausgewählte Positionen): Tarifindex;WZ08-35;Energieversorgung;100,3;2020=100;VST018;Index der tariflichen Wochenarbeitszeit
62221;Vj. Index der Tarifverdienste und Arbeitszeiten;JAHR;Jahr;2025;DINSGF;Früheres Bundesgebiet / Neue Länder;DF;Früheres Bundesgebiet;WZ08C7;WZ2008 (ausgewählte Positionen): Tarifindex;WZ08-35;Energieversorgung;117,5;2020=100;VST065;Index d.tarifl. Stundenverdienste ohne Sonderzahl.
62221;Vj. Index der Tarifverdienste und Arbeitszeiten;JAHR;Jahr;2017;DINSGF;Früheres Bundesgebiet / Neue Länder;DF;Früheres Bundesgebiet;WZ08C7;WZ2008 (ausgewählte Positionen): Tarifindex;WZ08-K;Erbringung v. Finanz- u. Versicherungsdienstleist.;94,4;2020=100;VST072;Index d.tarifl. Stundenverdienste mit Sonderzahl.
62221;Vj. Index der Tarifverdienste und Arbeitszeiten;JAHR;Jahr;2017;DINSGF;Früheres Bundesgebiet / Neue Länder;DF;Früheres Bundesgebiet;WZ08C7;WZ2008 (ausgewählte Positionen): Tarifindex;WZ08-K;Erbringung v. Finanz- u. Versicherungsdienstleist.;94,4;2020=100;VST073;Index d.tarifl. Monatsverdienste mit Sonderzahl.
62221;Vj. Index der Tarifverdienste und Arbeitszeiten;JAHR;Jahr;2017;DINSGF;Früheres Bundesgebiet / Neue Länder;DF;Früheres Bundesgebiet;WZ08C7;WZ2008 (ausgewählte Positionen): Tarifindex;WZ08-K;Erbringung v. Finanz- u. Versicherungsdienstleist.;38,8;h;VST019;Durchschnittliche tarifliche Wochenarbeitszeit
62221;Vj. Index der Tarifverdienste und Arbeitszeiten;JAHR;Jahr;2017;DINSGF;Früheres Bundesgebiet / Neue Länder;DF;Früheres Bundesgebiet;WZ08C7;WZ2008 (ausgewählte Positionen): Tarifindex;WZ08-K;Erbringung v. Finanz- u. Versicherungsdienstleist.;94,6;2020=100;VST066;Index d.tarifl. Monatsverdienste ohne Sonderzahl.
62221;Vj. Index der Tarifverdienste und Arbeitszeiten;JAHR;Jahr;2017;DINSGF;Früheres Bundesgebiet / Neue Länder;DF;Früheres Bundesgebiet;WZ08C7;WZ2008 (ausgewählte Positionen): Tarifindex;WZ08-K;Erbringung v. Finanz- u. Versicherungsdienstleist.;100,0;2020=100;VST018;Index der tariflichen Wochenarbeitszeit
62221;Vj. Index der Tarifverdienste und Arbeitszeiten;JAHR;Jahr;2017;DINSGF;Früheres Bundesgebiet / Neue Länder;DF;Früheres Bundesgebiet;WZ08C7;WZ2008 (ausgewählte Positionen): Tarifindex;WZ08-K;Erbringung v. Finanz- u. Versicherungsdienstleist.;94,6;2020=100;VST065;Index d.tarifl. Stundenverdienste ohne Sonderzahl.
62221;Vj. Index der Tarifverdienste und Arbeitszeiten;JAHR;Jahr;2019;DINSGF;Früheres Bundesgebiet / Neue Länder;DF;Früheres Bundesgebiet;WZ08C7;WZ2008 (ausgewählte Positionen): Tarifindex;WZ08-47;Einzelhandel (ohne Handel mit Kraftfahrzeugen);97,6;2020=100;VST072;Index d.tarifl. Stundenverdienste mit Sonderzahl.
62221;Vj. Index der Tarifverdienste und Arbeitszeiten;JAHR;Jahr;2019;DINSGF;Früheres Bundesgebiet / Neue Länder;DF;Früheres Bundesgebiet;WZ08C7;WZ2008 (ausgewählte Positionen): Tarifindex;WZ08-47;Einzelhandel (ohne Handel mit Kraftfahrzeugen);97,7;2020=100;VST073;Index d.tarifl. Monatsverdienste mit Sonderzahl.
62221;Vj. Index der Tarifverdienste und Arbeitszeiten;JAHR;Jahr;2019;DINSGF;Früheres Bundesgebiet / Neue Länder;DF;Früheres Bundesgebiet;WZ08C7;WZ2008 (ausgewählte Positionen): Tarifindex;WZ08-47;Einzelhandel (ohne Handel mit Kraftfahrzeugen);37,9;h;VST019;Durchschnittliche tarifliche Wochenarbeitszeit
62221;Vj. Index der Tarifverdienste und Arbeitszeiten;JAHR;Jahr;2019;DINSGF;Früheres Bundesgebiet / Neue Länder;DF;Früheres Bundesgebiet;WZ08C7;WZ2008 (ausgewählte Positionen): Tarifindex;WZ08-47;Einzelhandel (ohne Handel mit Kraftfahrzeugen);97,4;2020=100;VST066;Index d.tarifl. Monatsverdienste ohne Sonderzahl.
62221;Vj. Index der Tarifverdienste und Arbeitszeiten;JAHR;Jahr;2019;DINSGF;Früheres Bundesgebiet / Neue Länder;DF;Früheres Bundesgebiet;WZ08C7;WZ2008 (ausgewählte Positionen): Tarifindex;WZ08-47;Einzelhandel (ohne Handel mit Kraftfahrzeugen);100,0;2020=100;VST018;Index der tariflichen Wochenarbeitszeit
62221;Vj. Index der Tarifverdienste und Arbeitszeiten;JAHR;Jahr;2019;DINSGF;Früheres Bundesgebiet / Neue Länder;DF;Früheres Bundesgebiet;WZ08C7;WZ2008 (ausgewählte Positionen): Tarifindex;WZ08-47;Einzelhandel (ohne Handel mit Kraftfahrzeugen);97,4;2020=100;VST065;Index d.tarifl. Stundenverdienste ohne Sonderzahl.
62221;Vj. Index der Tarifverdienste und Arbeitszeiten;JAHR;Jahr;2023;DINSGF;Früheres Bundesgebiet / Neue Länder;DN;Neue Länder;WZ08C7;WZ2008 (ausgewählte Positionen): Tarifindex;WZ08-84;Öff. Verwaltung, Verteidigung, Sozialversicherung;105,9;2020=100;VST072;Index d.tarifl. Stundenverdienste mit Sonderzahl.
62221;Vj. Index der Tarifverdienste und Arbeitszeiten;JAHR;Jahr;2023;DINSGF;Früheres Bundesgebiet / Neue Länder;DN;Neue Länder;WZ08C7;WZ2008 (ausgewählte Positionen): Tarifindex;WZ08-84;Öff. Verwaltung, Verteidigung, Sozialversicherung;105,9;2020=100;VST073;Index d.tarifl. Monatsverdienste mit Sonderzahl.
62221;Vj. Index der Tarifverdienste und Arbeitszeiten;JAHR;Jahr;2023;DINSGF;Früheres Bundesgebiet / Neue Länder;DN;Neue Länder;WZ08C7;WZ2008 (ausgewählte Positionen): Tarifindex;WZ08-84;Öff. Verwaltung, Verteidigung, Sozialversicherung;39,8;h;VST019;Durchschnittliche tarifliche Wochenarbeitszeit
62221;Vj. Index der Tarifverdienste und Arbeitszeiten;JAHR;Jahr;2023;DINSGF;Früheres Bundesgebiet / Neue Länder;DN;Neue Länder;WZ08C7;WZ2008 (ausgewählte Positionen): Tarifindex;WZ08-84;Öff. Verwaltung, Verteidigung, Sozialversicherung;103,8;2020=100;VST066;Index d.tarifl. Monatsverdienste ohne Sonderzahl.
62221;Vj. Index der Tarifverdienste und Arbeitszeiten;JAHR;Jahr;2023;DINSGF;Früheres Bundesgebiet / Neue Länder;DN;Neue Länder;WZ08C7;WZ2008 (ausgewählte Positionen): Tarifindex;WZ08-84;Öff. Verwaltung, Verteidigung, Sozialversicherung;100,0;2020=100;VST018;Index der tariflichen Wochenarbeitszeit
62221;Vj. Index der Tarifverdienste und Arbeitszeiten;JAHR;Jahr;2023;DINSGF;Früheres Bundesgebiet / Neue Länder;DN;Neue Länder;WZ08C7;WZ2008 (ausgewählte Positionen): Tarifindex;WZ08-84;Öff. Verwaltung, Verteidigung, Sozialversicherung;103,8;2020=100;VST065;Index d.tarifl. Stundenverdienste ohne Sonderzahl.
62221;Vj. Index der Tarifverdienste und Arbeitszeiten;JAHR;Jahr;2022;DINSGF;Früheres Bundesgebiet / Neue Länder;DF;Früheres Bundesgebiet;WZ08C7;WZ2008 (ausgewählte Positionen): Tarifindex;WZ08-61;Telekommunikation;103,3;2020=100;VST072;Index d.tarifl. Stundenverdienste mit Sonderzahl.
62221;Vj. Index der Tarifverdienste und Arbeitszeiten;JAHR;Jahr;2022;DINSGF;Früheres Bundesgebiet / Neue Länder;DF;Früheres Bundesgebiet;WZ08C7;WZ2008 (ausgewählte Positionen): Tarifindex;WZ08-61;Telekommunikation;103,3;2020=100;VST073;Index d.tarifl. Monatsverdienste mit Sonderzahl.
62221;Vj. Index der Tarifverdienste und Arbeitszeiten;JAHR;Jahr;2022;DINSGF;Früheres Bundesgebiet / Neue Länder;DF;Früheres Bundesgebiet;WZ08C7;WZ2008 (ausgewählte Positionen): Tarifindex;WZ08-61;Telekommunikation;37,4;h;VST019;Durchschnittliche tarifliche Wochenarbeitszeit
62221;Vj. Index der Tarifverdienste und Arbeitszeiten;JAHR;Jahr;2022;DINSGF;Früheres Bundesgebiet / Neue Länder;DF;Früheres Bundesgebiet;WZ08C7;WZ2008 (ausgewählte Positionen): Tarifindex;WZ08-61;Telekommunikation;103,3;2020=100;VST066;Index d.tarifl. Monatsverdienste ohne Sonderzahl.
62221;Vj. Index der Tarifverdienste und Arbeitszeiten;JAHR;Jahr;2022;DINSGF;Früheres Bundesgebiet / Neue Länder;DF;Früheres Bundesgebiet;WZ08C7;WZ2008 (ausgewählte Positionen): Tarifindex;WZ08-61;Telekommunikation;100,0;2020=100;VST018;Index der tariflichen Wochenarbeitszeit
62221;Vj. Index der Tarifverdienste und Arbeitszeiten;JAHR;Jahr;2022;DINSGF;Früheres Bundesgebiet / Neue Länder;DF;Früheres Bundesgebiet;WZ08C7;WZ2008 (ausgewählte Positionen): Tarifindex;WZ08-61;Telekommunikation;103,3;2020=100;VST065;Index d.tarifl. Stundenverdienste ohne Sonderzahl.
62221;Vj. Index der Tarifverdienste und Arbeitszeiten;JAHR;Jahr;2024;DINSGF;Früheres Bundesgebiet / Neue Länder;DN;Neue Länder;WZ08C7;WZ2008 (ausgewählte Positionen): Tarifindex;WZ08-J;Information und Kommunikation;109,0;2020=100;VST072;Index d.tarifl. Stundenverdienste mit Sonderzahl.
62221;Vj. Index der Tarifverdienste und Arbeitszeiten;JAHR;Jahr;2024;DINSGF;Früheres Bundesgebiet / Neue Länder;DN;Neue Länder;WZ08C7;WZ2008 (ausgewählte Positionen): Tarifindex;WZ08-J;Information und Kommunikation;109,0;2020=100;VST073;Index d.tarifl. Monatsverdienste mit Sonderzahl.
62221;Vj. Index der Tarifverdienste und Arbeitszeiten;JAHR;Jahr;2024;DINSGF;Früheres Bundesgebiet / Neue Länder;DN;Neue Länder;WZ08C7;WZ2008 (ausgewählte Positionen): Tarifindex;WZ08-J;Information und Kommunikation;37,7;h;VST019;Durchschnittliche tarifliche Wochenarbeitszeit
62221;Vj. Index der Tarifverdienste und Arbeitszeiten;JAHR;Jahr;2024;DINSGF;Früheres Bundesgebiet / Neue Länder;DN;Neue Länder;WZ08C7;WZ2008 (ausgewählte Positionen): Tarifindex;WZ08-J;Information und Kommunikation;107,9;2020=100;VST066;Index d.tarifl. Monatsverdienste ohne Sonderzahl.
62221;Vj. Index der Tarifverdienste und Arbeitszeiten;JAHR;Jahr;2024;DINSGF;Früheres Bundesgebiet / Neue Länder;DN;Neue Länder;WZ08C7;WZ2008 (ausgewählte Positionen): Tarifindex;WZ08-J;Information und Kommunikation;100,0;2020=100;VST018;Index der tariflichen Wochenarbeitszeit
62221;Vj. Index der Tarifverdienste und Arbeitszeiten;JAHR;Jahr;2024;DINSGF;Früheres Bundesgebiet / Neue Länder;DN;Neue Länder;WZ08C7;WZ2008 (ausgewählte Positionen): Tarifindex;WZ08-J;Information und Kommunikation;107,9;2020=100;VST065;Index d.tarifl. Stundenverdienste ohne Sonderzahl.
62221;Vj. Index der Tarifverdienste und Arbeitszeiten;JAHR;Jahr;2019;DINSGF;Früheres Bundesgebiet / Neue Länder;DN;Neue Länder;WZ08C7;WZ2008 (ausgewählte Positionen): Tarifindex;WZ08-493;Sonstige Personenbeförderung im Landverkehr;97,4;2020=100;VST072;Index d.tarifl. Stundenverdienste mit Sonderzahl.
62221;Vj. Index der Tarifverdienste und Arbeitszeiten;JAHR;Jahr;2019;DINSGF;Früheres Bundesgebiet / Neue Länder;DN;Neue Länder;WZ08C7;WZ2008 (ausgewählte Positionen): Tarifindex;WZ08-493;Sonstige Personenbeförderung im Landverkehr;97,5;2020=100;VST073;Index d.tarifl. Monatsverdienste mit Sonderzahl.
62221;Vj. Index der Tarifverdienste und Arbeitszeiten;JAHR;Jahr;2019;DINSGF;Früheres Bundesgebiet / Neue Länder;DN;Neue Länder;WZ08C7;WZ2008 (ausgewählte Positionen): Tarifindex;WZ08-493;Sonstige Personenbeförderung im Landverkehr;39,2;h;VST019;Durchschnittliche tarifliche Wochenarbeitszeit
62221;Vj. Index der Tarifverdienste und Arbeitszeiten;JAHR;Jahr;2019;DINSGF;Früheres Bundesgebiet / Neue Länder;DN;Neue Länder;WZ08C7;WZ2008 (ausgewählte Positionen): Tarifindex;WZ08-493;Sonstige Personenbeförderung im Landverkehr;97,5;2020=100;VST066;Index d.tarifl. Monatsverdienste ohne Sonderzahl.
62221;Vj. Index der Tarifverdienste und Arbeitszeiten;JAHR;Jahr;2019;DINSGF;Früheres Bundesgebiet / Neue Länder;DN;Neue Länder;WZ08C7;WZ2008 (ausgewählte Positionen): Tarifindex;WZ08-493;Sonstige Personenbeförderung im Landverkehr;100,2;2020=100;VST018;Index der tariflichen Wochenarbeitszeit
62221;Vj. Index der Tarifverdienste und Arbeitszeiten;JAHR;Jahr;2019;DINSGF;Früheres Bundesgebiet / Neue Länder;DN;Neue Länder;WZ08C7;WZ2008 (ausgewählte Positionen): Tarifindex;WZ08-493;Sonstige Personenbeförderung im Landverkehr;97,3;2020=100;VST065;Index d.tarifl. Stundenverdienste ohne Sonderzahl.
62221;Vj. Index der Tarifverdienste und Arbeitszeiten;JAHR;Jahr;2017;DINSGF;Früheres Bundesgebiet / Neue Länder;DF;Früheres Bundesgebiet;WZ08C7;WZ2008 (ausgewählte Positionen): Tarifindex;WZ08-B-09;Produzierendes Gewerbe und wirtschaftl. Dienstl.;93,0;2020=100;VST072;Index d.tarifl. Stundenverdienste mit Sonderzahl.
62221;Vj. Index der Tarifverdienste und Arbeitszeiten;JAHR;Jahr;2017;DINSGF;Früheres Bundesgebiet / Neue Länder;DF;Früheres Bundesgebiet;WZ08C7;WZ2008 (ausgewählte Positionen): Tarifindex;WZ08-B-09;Produzierendes Gewerbe und wirtschaftl. Dienstl.;93,0;2020=100;VST073;Index d.tarifl. Monatsverdienste mit Sonderzahl.
62221;Vj. Index der Tarifverdienste und Arbeitszeiten;JAHR;Jahr;2017;DINSGF;Früheres Bundesgebiet / Neue Länder;DF;Früheres Bundesgebiet;WZ08C7;WZ2008 (ausgewählte Positionen): Tarifindex;WZ08-B-09;Produzierendes Gewerbe und wirtschaftl. Dienstl.;37,4;h;VST019;Durchschnittliche tarifliche Wochenarbeitszeit
62221;Vj. Index der Tarifverdienste und Arbeitszeiten;JAHR;Jahr;2017;DINSGF;Früheres Bundesgebiet / Neue Länder;DF;Früheres Bundesgebiet;WZ08C7;WZ2008 (ausgewählte Positionen): Tarifindex;WZ08-B-09;Produzierendes Gewerbe und wirtschaftl. Dienstl.;94,0;2020=100;VST066;Index d.tarifl. Monatsverdienste ohne Sonderzahl.
62221;Vj. Index der Tarifverdienste und Arbeitszeiten;JAHR;Jahr;2017;DINSGF;Früheres Bundesgebiet / Neue Länder;DF;Früheres Bundesgebiet;WZ08C7;WZ2008 (ausgewählte Positionen): Tarifindex;WZ08-B-09;Produzierendes Gewerbe und wirtschaftl. Dienstl.;100,0;2020=100;VST018;Index der tariflichen Wochenarbeitszeit
62221;Vj. Index der Tarifverdienste und Arbeitszeiten;JAHR;Jahr;2017;DINSGF;Früheres Bundesgebiet / Neue Länder;DF;Früheres Bundesgebiet;WZ08C7;WZ2008 (ausgewählte Positionen): Tarifindex;WZ08-B-09;Produzierendes Gewerbe und wirtschaftl. Dienstl.;94,0;2020=100;VST065;Index d.tarifl. Stundenverdienste ohne Sonderzahl.
62221;Vj. Index der Tarifverdienste und Arbeitszeiten;JAHR;Jahr;2020;DINSGF;Früheres Bundesgebiet / Neue Länder;DF;Früheres Bundesgebiet;WZ08C7;WZ2008 (ausgewählte Positionen): Tarifindex;WZ08-51;Luftfahrt;100,0;2020=100;VST072;Index d.tarifl. Stundenverdienste mit Sonderzahl.
62221;Vj. Index der Tarifverdienste und Arbeitszeiten;JAHR;Jahr;2020;DINSGF;Früheres Bundesgebiet / Neue Länder;DF;Früheres Bundesgebiet;WZ08C7;WZ2008 (ausgewählte Positionen): Tarifindex;WZ08-51;Luftfahrt;100,0;2020=100;VST073;Index d.tarifl. Monatsverdienste mit Sonderzahl.
62221;Vj. Index der Tarifverdienste und Arbeitszeiten;JAHR;Jahr;2020;DINSGF;Früheres Bundesgebiet / Neue Länder;DF;Früheres Bundesgebiet;WZ08C7;WZ2008 (ausgewählte Positionen): Tarifindex;WZ08-51;Luftfahrt;41,1;h;VST019;Durchschnittliche tarifliche Wochenarbeitszeit
62221;Vj. Index der Tarifverdienste und Arbeitszeiten;JAHR;Jahr;2020;DINSGF;Früheres Bundesgebiet / Neue Länder;DF;Früheres Bundesgebiet;WZ08C7;WZ2008 (ausgewählte Positionen): Tarifindex;WZ08-51;Luftfahrt;100,0;2020=100;VST066;Index d.tarifl. Monatsverdienste ohne Sonderzahl.
62221;Vj. Index der Tarifverdienste und Arbeitszeiten;JAHR;Jahr;2020;DINSGF;Früheres Bundesgebiet / Neue Länder;DF;Früheres Bundesgebiet;WZ08C7;WZ2008 (ausgewählte Positionen): Tarifindex;WZ08-51;Luftfahrt;100,0;2020=100;VST018;Index der tariflichen Wochenarbeitszeit
62221;Vj. Index der Tarifverdienste und Arbeitszeiten;JAHR;Jahr;2020;DINSGF;Früheres Bundesgebiet / Neue Länder;DF;Früheres Bundesgebiet;WZ08C7;WZ2008 (ausgewählte Positionen): Tarifindex;WZ08-51;Luftfahrt;100,0;2020=100;VST065;Index d.tarifl. Stundenverdienste ohne Sonderzahl.
62221;Vj. Index der Tarifverdienste und Arbeitszeiten;JAHR;Jahr;2017;DINSGF;Früheres Bundesgebiet / Neue Länder;DN;Neue Länder;WZ08C7;WZ2008 (ausgewählte Positionen): Tarifindex;WZ08-B-13;Prod. Gewerbe, Handel, Information u.Kommunikation;92,3;2020=100;VST072;Index d.tarifl. Stundenverdienste mit Sonderzahl.
62221;Vj. Index der Tarifverdienste und Arbeitszeiten;JAHR;Jahr;2017;DINSGF;Früheres Bundesgebiet / Neue Länder;DN;Neue Länder;WZ08C7;WZ2008 (ausgewählte Positionen): Tarifindex;WZ08-B-13;Prod. Gewerbe, Handel, Information u.Kommunikation;92,5;2020=100;VST073;Index d.tarifl. Monatsverdienste mit Sonderzahl.
62221;Vj. Index der Tarifverdienste und Arbeitszeiten;JAHR;Jahr;2017;DINSGF;Früheres Bundesgebiet / Neue Länder;DN;Neue Länder;WZ08C7;WZ2008 (ausgewählte Positionen): Tarifindex;WZ08-B-13;Prod. Gewerbe, Handel, Information u.Kommunikation;38,6;h;VST019;Durchschnittliche tarifliche Wochenarbeitszeit
62221;Vj. Index der Tarifverdienste und Arbeitszeiten;JAHR;Jahr;2017;DINSGF;Früheres Bundesgebiet / Neue Länder;DN;Neue Länder;WZ08C7;WZ2008 (ausgewählte Positionen): Tarifindex;WZ08-B-13;Prod. Gewerbe, Handel, Information u.Kommunikation;93,6;2020=100;VST066;Index d.tarifl. Monatsverdienste ohne Sonderzahl.
62221;Vj. Index der Tarifverdienste und Arbeitszeiten;JAHR;Jahr;2017;DINSGF;Früheres Bundesgebiet / Neue Länder;DN;Neue Länder;WZ08C7;WZ2008 (ausgewählte Positionen): Tarifindex;WZ08-B-13;Prod. Gewerbe, Handel, Information u.Kommunikation;100,2;2020=100;VST018;Index der tariflichen Wochenarbeitszeit
62221;Vj. Index der Tarifverdienste und Arbeitszeiten;JAHR;Jahr;2017;DINSGF;Früheres Bundesgebiet / Neue Länder;DN;Neue Länder;WZ08C7;WZ2008 (ausgewählte Positionen): Tarifindex;WZ08-B-13;Prod. Gewerbe, Handel, Information u.Kommunikation;93,4;2020=100;VST065;Index d.tarifl. Stundenverdienste ohne Sonderzahl.
62221;Vj. Index der Tarifverdienste und Arbeitszeiten;JAHR;Jahr;2023;DINSGF;Früheres Bundesgebiet / Neue Länder;DF;Früheres Bundesgebiet;WZ08C7;WZ2008 (ausgewählte Positionen): Tarifindex;WZ08-79;Reisebüros, -veranstalter u. sonst. Reservierungen;102,1;2020=100;VST072;Index d.tarifl. Stundenverdienste mit Sonderzahl.
62221;Vj. Index der Tarifverdienste und Arbeitszeiten;JAHR;Jahr;2023;DINSGF;Früheres Bundesgebiet / Neue Länder;DF;Früheres Bundesgebiet;WZ08C7;WZ2008 (ausgewählte Positionen): Tarifindex;WZ08-79;Reisebüros, -veranstalter u. sonst. Reservierungen;102,1;2020=100;VST073;Index d.tarifl. Monatsverdienste mit Sonderzahl.
62221;Vj. Index der Tarifverdienste und Arbeitszeiten;JAHR;Jahr;2023;DINSGF;Früheres Bundesgebiet / Neue Länder;DF;Früheres Bundesgebiet;WZ08C7;WZ2008 (ausgewählte Positionen): Tarifindex;WZ08-79;Reisebüros, -veranstalter u. sonst. Reservierungen;38,7;h;VST019;Durchschnittliche tarifliche Wochenarbeitszeit
62221;Vj. Index der Tarifverdienste und Arbeitszeiten;JAHR;Jahr;2023;DINSGF;Früheres Bundesgebiet / Neue Länder;DF;Früheres Bundesgebiet;WZ08C7;WZ2008 (ausgewählte Positionen): Tarifindex;WZ08-79;Reisebüros, -veranstalter u. sonst. Reservierungen;101,1;2020=100;VST066;Index d.tarifl. Monatsverdienste ohne Sonderzahl.
62221;Vj. Index der Tarifverdienste und Arbeitszeiten;JAHR;Jahr;2023;DINSGF;Früheres Bundesgebiet / Neue Länder;DF;Früheres Bundesgebiet;WZ08C7;WZ2008 (ausgewählte Positionen): Tarifindex;WZ08-79;Reisebüros, -veranstalter u. sonst. Reservierungen;100,0;2020=100;VST018;Index der tariflichen Wochenarbeitszeit
62221;Vj. Index der Tarifverdienste und Arbeitszeiten;JAHR;Jahr;2023;DINSGF;Früheres Bundesgebiet / Neue Länder;DF;Früheres Bundesgebiet;WZ08C7;WZ2008 (ausgewählte Positionen): Tarifindex;WZ08-79;Reisebüros, -veranstalter u. sonst. Reservierungen;101,1;2020=100;VST065;Index d.tarifl. Stundenverdienste ohne Sonderzahl.
62221;Vj. Index der Tarifverdienste und Arbeitszeiten;JAHR;Jahr;2023;DINSGF;Früheres Bundesgebiet / Neue Länder;DF;Früheres Bundesgebiet;WZ08C7;WZ2008 (ausgewählte Positionen): Tarifindex;WZ08-11;Getränkeherstellung;110,1;2020=100;VST072;Index d.tarifl. Stundenverdienste mit Sonderzahl.
62221;Vj. Index der Tarifverdienste und Arbeitszeiten;JAHR;Jahr;2023;DINSGF;Früheres Bundesgebiet / Neue Länder;DF;Früheres Bundesgebiet;WZ08C7;WZ2008 (ausgewählte Positionen): Tarifindex;WZ08-11;Getränkeherstellung;110,1;2020=100;VST073;Index d.tarifl. Monatsverdienste mit Sonderzahl.
62221;Vj. Index der Tarifverdienste und Arbeitszeiten;JAHR;Jahr;2023;DINSGF;Früheres Bundesgebiet / Neue Länder;DF;Früheres Bundesgebiet;WZ08C7;WZ2008 (ausgewählte Positionen): Tarifindex;WZ08-11;Getränkeherstellung;38,1;h;VST019;Durchschnittliche tarifliche Wochenarbeitszeit
62221;Vj. Index der Tarifverdienste und Arbeitszeiten;JAHR;Jahr;2023;DINSGF;Früheres Bundesgebiet / Neue Länder;DF;Früheres Bundesgebiet;WZ08C7;WZ2008 (ausgewählte Positionen): Tarifindex;WZ08-11;Getränkeherstellung;107,7;2020=100;VST066;Index d.tarifl. Monatsverdienste ohne Sonderzahl.
62221;Vj. Index der Tarifverdienste und Arbeitszeiten;JAHR;Jahr;2023;DINSGF;Früheres Bundesgebiet / Neue Länder;DF;Früheres Bundesgebiet;WZ08C7;WZ2008 (ausgewählte Positionen): Tarifindex;WZ08-11;Getränkeherstellung;100,0;2020=100;VST018;Index der tariflichen Wochenarbeitszeit
62221;Vj. Index der Tarifverdienste und Arbeitszeiten;JAHR;Jahr;2023;DINSGF;Früheres Bundesgebiet / Neue Länder;DF;Früheres Bundesgebiet;WZ08C7;WZ2008 (ausgewählte Positionen): Tarifindex;WZ08-11;Getränkeherstellung;107,7;2020=100;VST065;Index d.tarifl. Stundenverdienste ohne Sonderzahl.
62221;Vj. Index der Tarifverdienste und Arbeitszeiten;JAHR;Jahr;2019;DINSGF;Früheres Bundesgebiet / Neue Länder;DF;Früheres Bundesgebiet;WZ08C7;WZ2008 (ausgewählte Positionen): Tarifindex;WZ08-50;Schifffahrt;98,5;2020=100;VST072;Index d.tarifl. Stundenverdienste mit Sonderzahl.
62221;Vj. Index der Tarifverdienste und Arbeitszeiten;JAHR;Jahr;2019;DINSGF;Früheres Bundesgebiet / Neue Länder;DF;Früheres Bundesgebiet;WZ08C7;WZ2008 (ausgewählte Positionen): Tarifindex;WZ08-50;Schifffahrt;98,5;2020=100;VST073;Index d.tarifl. Monatsverdienste mit Sonderzahl.
62221;Vj. Index der Tarifverdienste und Arbeitszeiten;JAHR;Jahr;2019;DINSGF;Früheres Bundesgebiet / Neue Länder;DF;Früheres Bundesgebiet;WZ08C7;WZ2008 (ausgewählte Positionen): Tarifindex;WZ08-50;Schifffahrt;38,9;h;VST019;Durchschnittliche tarifliche Wochenarbeitszeit
62221;Vj. Index der Tarifverdienste und Arbeitszeiten;JAHR;Jahr;2019;DINSGF;Früheres Bundesgebiet / Neue Länder;DF;Früheres Bundesgebiet;WZ08C7;WZ2008 (ausgewählte Positionen): Tarifindex;WZ08-50;Schifffahrt;98,3;2020=100;VST066;Index d.tarifl. Monatsverdienste ohne Sonderzahl.
62221;Vj. Index der Tarifverdienste und Arbeitszeiten;JAHR;Jahr;2019;DINSGF;Früheres Bundesgebiet / Neue Länder;DF;Früheres Bundesgebiet;WZ08C7;WZ2008 (ausgewählte Positionen): Tarifindex;WZ08-50;Schifffahrt;100,0;2020=100;VST018;Index der tariflichen Wochenarbeitszeit
62221;Vj. Index der Tarifverdienste und Arbeitszeiten;JAHR;Jahr;2019;DINSGF;Früheres Bundesgebiet / Neue Länder;DF;Früheres Bundesgebiet;WZ08C7;WZ2008 (ausgewählte Positionen): Tarifindex;WZ08-50;Schifffahrt;98,3;2020=100;VST065;Index d.tarifl. Stundenverdienste ohne Sonderzahl.
62221;Vj. Index der Tarifverdienste und Arbeitszeiten;JAHR;Jahr;2017;DINSGF;Früheres Bundesgebiet / Neue Länder;DN;Neue Länder;WZ08C7;WZ2008 (ausgewählte Positionen): Tarifindex;WZ08-H-01;Verkehr und Lagerei, Information und Kommunikation;91,4;2020=100;VST072;Index d.tarifl. Stundenverdienste mit Sonderzahl.
62221;Vj. Index der Tarifverdienste und Arbeitszeiten;JAHR;Jahr;2017;DINSGF;Früheres Bundesgebiet / Neue Länder;DN;Neue Länder;WZ08C7;WZ2008 (ausgewählte Positionen): Tarifindex;WZ08-H-01;Verkehr und Lagerei, Information und Kommunikation;92,1;2020=100;VST073;Index d.tarifl. Monatsverdienste mit Sonderzahl.
62221;Vj. Index der Tarifverdienste und Arbeitszeiten;JAHR;Jahr;2017;DINSGF;Früheres Bundesgebiet / Neue Länder;DN;Neue Länder;WZ08C7;WZ2008 (ausgewählte Positionen): Tarifindex;WZ08-H-01;Verkehr und Lagerei, Information und Kommunikation;39,1;h;VST019;Durchschnittliche tarifliche Wochenarbeitszeit
62221;Vj. Index der Tarifverdienste und Arbeitszeiten;JAHR;Jahr;2017;DINSGF;Früheres Bundesgebiet / Neue Länder;DN;Neue Länder;WZ08C7;WZ2008 (ausgewählte Positionen): Tarifindex;WZ08-H-01;Verkehr und Lagerei, Information und Kommunikation;92,2;2020=100;VST066;Index d.tarifl. Monatsverdienste ohne Sonderzahl.
62221;Vj. Index der Tarifverdienste und Arbeitszeiten;JAHR;Jahr;2017;DINSGF;Früheres Bundesgebiet / Neue Länder;DN;Neue Länder;WZ08C7;WZ2008 (ausgewählte Positionen): Tarifindex;WZ08-H-01;Verkehr und Lagerei, Information und Kommunikation;100,6;2020=100;VST018;Index der tariflichen Wochenarbeitszeit
62221;Vj. Index der Tarifverdienste und Arbeitszeiten;JAHR;Jahr;2017;DINSGF;Früheres Bundesgebiet / Neue Länder;DN;Neue Länder;WZ08C7;WZ2008 (ausgewählte Positionen): Tarifindex;WZ08-H-01;Verkehr und Lagerei, Information und Kommunikation;91,6;2020=100;VST065;Index d.tarifl. Stundenverdienste ohne Sonderzahl.
62221;Vj. Index der Tarifverdienste und Arbeitszeiten;JAHR;Jahr;2018;DINSGF;Früheres Bundesgebiet / Neue Länder;DN;Neue Länder;WZ08C7;WZ2008 (ausgewählte Positionen): Tarifindex;WZ08-24-01;Metallgewerbe;95,4;2020=100;VST072;Index d.tarifl. Stundenverdienste mit Sonderzahl.
62221;Vj. Index der Tarifverdienste und Arbeitszeiten;JAHR;Jahr;2018;DINSGF;Früheres Bundesgebiet / Neue Länder;DN;Neue Länder;WZ08C7;WZ2008 (ausgewählte Positionen): Tarifindex;WZ08-24-01;Metallgewerbe;95,4;2020=100;VST073;Index d.tarifl. Monatsverdienste mit Sonderzahl.
62221;Vj. Index der Tarifverdienste und Arbeitszeiten;JAHR;Jahr;2018;DINSGF;Früheres Bundesgebiet / Neue Länder;DN;Neue Länder;WZ08C7;WZ2008 (ausgewählte Positionen): Tarifindex;WZ08-24-01;Metallgewerbe;36,5;h;VST019;Durchschnittliche tarifliche Wochenarbeitszeit
62221;Vj. Index der Tarifverdienste und Arbeitszeiten;JAHR;Jahr;2018;DINSGF;Früheres Bundesgebiet / Neue Länder;DN;Neue Länder;WZ08C7;WZ2008 (ausgewählte Positionen): Tarifindex;WZ08-24-01;Metallgewerbe;97,8;2020=100;VST066;Index d.tarifl. Monatsverdienste ohne Sonderzahl.
62221;Vj. Index der Tarifverdienste und Arbeitszeiten;JAHR;Jahr;2018;DINSGF;Früheres Bundesgebiet / Neue Länder;DN;Neue Länder;WZ08C7;WZ2008 (ausgewählte Positionen): Tarifindex;WZ08-24-01;Metallgewerbe;100,0;2020=100;VST018;Index der tariflichen Wochenarbeitszeit
62221;Vj. Index der Tarifverdienste und Arbeitszeiten;JAHR;Jahr;2018;DINSGF;Früheres Bundesgebiet / Neue Länder;DN;Neue Länder;WZ08C7;WZ2008 (ausgewählte Positionen): Tarifindex;WZ08-24-01;Metallgewerbe;97,8;2020=100;VST065;Index d.tarifl. Stundenverdienste ohne Sonderzahl.
62221;Vj. Index der Tarifverdienste und Arbeitszeiten;JAHR;Jahr;2022;DINSGF;Früheres Bundesgebiet / Neue Länder;DF;Früheres Bundesgebiet;WZ08C7;WZ2008 (ausgewählte Positionen): Tarifindex;WZ08-05;Kohlenbergbau;105,7;2020=100;VST072;Index d.tarifl. Stundenverdienste mit Sonderzahl.
62221;Vj. Index der Tarifverdienste und Arbeitszeiten;JAHR;Jahr;2022;DINSGF;Früheres Bundesgebiet / Neue Länder;DF;Früheres Bundesgebiet;WZ08C7;WZ2008 (ausgewählte Positionen): Tarifindex;WZ08-05;Kohlenbergbau;105,7;2020=100;VST073;Index d.tarifl. Monatsverdienste mit Sonderzahl.
62221;Vj. Index der Tarifverdienste und Arbeitszeiten;JAHR;Jahr;2022;DINSGF;Früheres Bundesgebiet / Neue Länder;DF;Früheres Bundesgebiet;WZ08C7;WZ2008 (ausgewählte Positionen): Tarifindex;WZ08-05;Kohlenbergbau;40,0;h;VST019;Durchschnittliche tarifliche Wochenarbeitszeit
62221;Vj. Index der Tarifverdienste und Arbeitszeiten;JAHR;Jahr;2022;DINSGF;Früheres Bundesgebiet / Neue Länder;DF;Früheres Bundesgebiet;WZ08C7;WZ2008 (ausgewählte Positionen): Tarifindex;WZ08-05;Kohlenbergbau;103,6;2020=100;VST066;Index d.tarifl. Monatsverdienste ohne Sonderzahl.
62221;Vj. Index der Tarifverdienste und Arbeitszeiten;JAHR;Jahr;2022;DINSGF;Früheres Bundesgebiet / Neue Länder;DF;Früheres Bundesgebiet;WZ08C7;WZ2008 (ausgewählte Positionen): Tarifindex;WZ08-05;Kohlenbergbau;100,0;2020=100;VST018;Index der tariflichen Wochenarbeitszeit
62221;Vj. Index der Tarifverdienste und Arbeitszeiten;JAHR;Jahr;2022;DINSGF;Früheres Bundesgebiet / Neue Länder;DF;Früheres Bundesgebiet;WZ08C7;WZ2008 (ausgewählte Positionen): Tarifindex;WZ08-05;Kohlenbergbau;103,6;2020=100;VST065;Index d.tarifl. Stundenverdienste ohne Sonderzahl.
62221;Vj. Index der Tarifverdienste und Arbeitszeiten;JAHR;Jahr;2023;DINSGF;Früheres Bundesgebiet / Neue Länder;DN;Neue Länder;WZ08C7;WZ2008 (ausgewählte Positionen): Tarifindex;WZ08-33;Reparatur u.Installation von Masch.u.Ausrüstungen;109,6;2020=100;VST072;Index d.tarifl. Stundenverdienste mit Sonderzahl.
62221;Vj. Index der Tarifverdienste und Arbeitszeiten;JAHR;Jahr;2023;DINSGF;Früheres Bundesgebiet / Neue Länder;DN;Neue Länder;WZ08C7;WZ2008 (ausgewählte Positionen): Tarifindex;WZ08-33;Reparatur u.Installation von Masch.u.Ausrüstungen;109,6;2020=100;VST073;Index d.tarifl. Monatsverdienste mit Sonderzahl.
62221;Vj. Index der Tarifverdienste und Arbeitszeiten;JAHR;Jahr;2023;DINSGF;Früheres Bundesgebiet / Neue Länder;DN;Neue Länder;WZ08C7;WZ2008 (ausgewählte Positionen): Tarifindex;WZ08-33;Reparatur u.Installation von Masch.u.Ausrüstungen;38,1;h;VST019;Durchschnittliche tarifliche Wochenarbeitszeit
62221;Vj. Index der Tarifverdienste und Arbeitszeiten;JAHR;Jahr;2023;DINSGF;Früheres Bundesgebiet / Neue Länder;DN;Neue Länder;WZ08C7;WZ2008 (ausgewählte Positionen): Tarifindex;WZ08-33;Reparatur u.Installation von Masch.u.Ausrüstungen;105,6;2020=100;VST066;Index d.tarifl. Monatsverdienste ohne Sonderzahl.
62221;Vj. Index der Tarifverdienste und Arbeitszeiten;JAHR;Jahr;2023;DINSGF;Früheres Bundesgebiet / Neue Länder;DN;Neue Länder;WZ08C7;WZ2008 (ausgewählte Positionen): Tarifindex;WZ08-33;Reparatur u.Installation von Masch.u.Ausrüstungen;100,0;2020=100;VST018;Index der tariflichen Wochenarbeitszeit
62221;Vj. Index der Tarifverdienste und Arbeitszeiten;JAHR;Jahr;2023;DINSGF;Früheres Bundesgebiet / Neue Länder;DN;Neue Länder;WZ08C7;WZ2008 (ausgewählte Positionen): Tarifindex;WZ08-33;Reparatur u.Installation von Masch.u.Ausrüstungen;105,6;2020=100;VST065;Index d.tarifl. Stundenverdienste ohne Sonderzahl.
62221;Vj. Index der Tarifverdienste und Arbeitszeiten;JAHR;Jahr;2022;DINSGF;Früheres Bundesgebiet / Neue Länder;DF;Früheres Bundesgebiet;WZ08C7;WZ2008 (ausgewählte Positionen): Tarifindex;WZ08-08-01;Gewinnung v. Steinen u. Erden, sonst. Bergbau, DL;103,5;2020=100;VST072;Index d.tarifl. Stundenverdienste mit Sonderzahl.
62221;Vj. Index der Tarifverdienste und Arbeitszeiten;JAHR;Jahr;2022;DINSGF;Früheres Bundesgebiet / Neue Länder;DF;Früheres Bundesgebiet;WZ08C7;WZ2008 (ausgewählte Positionen): Tarifindex;WZ08-08-01;Gewinnung v. Steinen u. Erden, sonst. Bergbau, DL;103,5;2020=100;VST073;Index d.tarifl. Monatsverdienste mit Sonderzahl.
62221;Vj. Index der Tarifverdienste und Arbeitszeiten;JAHR;Jahr;2022;DINSGF;Früheres Bundesgebiet / Neue Länder;DF;Früheres Bundesgebiet;WZ08C7;WZ2008 (ausgewählte Positionen): Tarifindex;WZ08-08-01;Gewinnung v. Steinen u. Erden, sonst. Bergbau, DL;38,0;h;VST019;Durchschnittliche tarifliche Wochenarbeitszeit
62221;Vj. Index der Tarifverdienste und Arbeitszeiten;JAHR;Jahr;2022;DINSGF;Früheres Bundesgebiet / Neue Länder;DF;Früheres Bundesgebiet;WZ08C7;WZ2008 (ausgewählte Positionen): Tarifindex;WZ08-08-01;Gewinnung v. Steinen u. Erden, sonst. Bergbau, DL;103,6;2020=100;VST066;Index d.tarifl. Monatsverdienste ohne Sonderzahl.
62221;Vj. Index der Tarifverdienste und Arbeitszeiten;JAHR;Jahr;2022;DINSGF;Früheres Bundesgebiet / Neue Länder;DF;Früheres Bundesgebiet;WZ08C7;WZ2008 (ausgewählte Positionen): Tarifindex;WZ08-08-01;Gewinnung v. Steinen u. Erden, sonst. Bergbau, DL;100,0;2020=100;VST018;Index der tariflichen Wochenarbeitszeit
62221;Vj. Index der Tarifverdienste und Arbeitszeiten;JAHR;Jahr;2022;DINSGF;Früheres Bundesgebiet / Neue Länder;DF;Früheres Bundesgebiet;WZ08C7;WZ2008 (ausgewählte Positionen): Tarifindex;WZ08-08-01;Gewinnung v. Steinen u. Erden, sonst. Bergbau, DL;103,6;2020=100;VST065;Index d.tarifl. Stundenverdienste ohne Sonderzahl.
62221;Vj. Index der Tarifverdienste und Arbeitszeiten;JAHR;Jahr;2017;DINSGF;Früheres Bundesgebiet / Neue Länder;DF;Früheres Bundesgebiet;WZ08C7;WZ2008 (ausgewählte Positionen): Tarifindex;WZ08-O-01;Öffentliche und persönliche Dienstleistungen;91,8;2020=100;VST072;Index d.tarifl. Stundenverdienste mit Sonderzahl.
62221;Vj. Index der Tarifverdienste und Arbeitszeiten;JAHR;Jahr;2017;DINSGF;Früheres Bundesgebiet / Neue Länder;DF;Früheres Bundesgebiet;WZ08C7;WZ2008 (ausgewählte Positionen): Tarifindex;WZ08-O-01;Öffentliche und persönliche Dienstleistungen;91,8;2020=100;VST073;Index d.tarifl. Monatsverdienste mit Sonderzahl.
62221;Vj. Index der Tarifverdienste und Arbeitszeiten;JAHR;Jahr;2017;DINSGF;Früheres Bundesgebiet / Neue Länder;DF;Früheres Bundesgebiet;WZ08C7;WZ2008 (ausgewählte Positionen): Tarifindex;WZ08-O-01;Öffentliche und persönliche Dienstleistungen;39,7;h;VST019;Durchschnittliche tarifliche Wochenarbeitszeit
62221;Vj. Index der Tarifverdienste und Arbeitszeiten;JAHR;Jahr;2017;DINSGF;Früheres Bundesgebiet / Neue Länder;DF;Früheres Bundesgebiet;WZ08C7;WZ2008 (ausgewählte Positionen): Tarifindex;WZ08-O-01;Öffentliche und persönliche Dienstleistungen;91,7;2020=100;VST066;Index d.tarifl. Monatsverdienste ohne Sonderzahl.
62221;Vj. Index der Tarifverdienste und Arbeitszeiten;JAHR;Jahr;2017;DINSGF;Früheres Bundesgebiet / Neue Länder;DF;Früheres Bundesgebiet;WZ08C7;WZ2008 (ausgewählte Positionen): Tarifindex;WZ08-O-01;Öffentliche und persönliche Dienstleistungen;100,0;2020=100;VST018;Index der tariflichen Wochenarbeitszeit
62221;Vj. Index der Tarifverdienste und Arbeitszeiten;JAHR;Jahr;2017;DINSGF;Früheres Bundesgebiet / Neue Länder;DF;Früheres Bundesgebiet;WZ08C7;WZ2008 (ausgewählte Positionen): Tarifindex;WZ08-O-01;Öffentliche und persönliche Dienstleistungen;91,7;2020=100;VST065;Index d.tarifl. Stundenverdienste ohne Sonderzahl.
62221;Vj. Index der Tarifverdienste und Arbeitszeiten;JAHR;Jahr;2023;DINSGF;Früheres Bundesgebiet / Neue Länder;DF;Früheres Bundesgebiet;WZ08C7;WZ2008 (ausgewählte Positionen): Tarifindex;WZ08-13-01;Textil- und Bekleidungsgewerbe;108,4;2020=100;VST072;Index d.tarifl. Stundenverdienste mit Sonderzahl.
62221;Vj. Index der Tarifverdienste und Arbeitszeiten;JAHR;Jahr;2023;DINSGF;Früheres Bundesgebiet / Neue Länder;DF;Früheres Bundesgebiet;WZ08C7;WZ2008 (ausgewählte Positionen): Tarifindex;WZ08-13-01;Textil- und Bekleidungsgewerbe;108,4;2020=100;VST073;Index d.tarifl. Monatsverdienste mit Sonderzahl.
62221;Vj. Index der Tarifverdienste und Arbeitszeiten;JAHR;Jahr;2023;DINSGF;Früheres Bundesgebiet / Neue Länder;DF;Früheres Bundesgebiet;WZ08C7;WZ2008 (ausgewählte Positionen): Tarifindex;WZ08-13-01;Textil- und Bekleidungsgewerbe;37,0;h;VST019;Durchschnittliche tarifliche Wochenarbeitszeit
62221;Vj. Index der Tarifverdienste und Arbeitszeiten;JAHR;Jahr;2023;DINSGF;Früheres Bundesgebiet / Neue Länder;DF;Früheres Bundesgebiet;WZ08C7;WZ2008 (ausgewählte Positionen): Tarifindex;WZ08-13-01;Textil- und Bekleidungsgewerbe;105,5;2020=100;VST066;Index d.tarifl. Monatsverdienste ohne Sonderzahl.
62221;Vj. Index der Tarifverdienste und Arbeitszeiten;JAHR;Jahr;2023;DINSGF;Früheres Bundesgebiet / Neue Länder;DF;Früheres Bundesgebiet;WZ08C7;WZ2008 (ausgewählte Positionen): Tarifindex;WZ08-13-01;Textil- und Bekleidungsgewerbe;100,0;2020=100;VST018;Index der tariflichen Wochenarbeitszeit
62221;Vj. Index der Tarifverdienste und Arbeitszeiten;JAHR;Jahr;2023;DINSGF;Früheres Bundesgebiet / Neue Länder;DF;Früheres Bundesgebiet;WZ08C7;WZ2008 (ausgewählte Positionen): Tarifindex;WZ08-13-01;Textil- und Bekleidungsgewerbe;105,5;2020=100;VST065;Index d.tarifl. Stundenverdienste ohne Sonderzahl.
62221;Vj. Index der Tarifverdienste und Arbeitszeiten;JAHR;Jahr;2017;DINSGF;Früheres Bundesgebiet / Neue Länder;DF;Früheres Bundesgebiet;WZ08C7;WZ2008 (ausgewählte Positionen): Tarifindex;WZ08-91;Bibliotheken, Archive, Museen, bot. u. zoo. Gärten;91,7;2020=100;VST072;Index d.tarifl. Stundenverdienste mit Sonderzahl.
62221;Vj. Index der Tarifverdienste und Arbeitszeiten;JAHR;Jahr;2017;DINSGF;Früheres Bundesgebiet / Neue Länder;DF;Früheres Bundesgebiet;WZ08C7;WZ2008 (ausgewählte Positionen): Tarifindex;WZ08-91;Bibliotheken, Archive, Museen, bot. u. zoo. Gärten;91,7;2020=100;VST073;Index d.tarifl. Monatsverdienste mit Sonderzahl.
62221;Vj. Index der Tarifverdienste und Arbeitszeiten;JAHR;Jahr;2017;DINSGF;Früheres Bundesgebiet / Neue Länder;DF;Früheres Bundesgebiet;WZ08C7;WZ2008 (ausgewählte Positionen): Tarifindex;WZ08-91;Bibliotheken, Archive, Museen, bot. u. zoo. Gärten;39,3;h;VST019;Durchschnittliche tarifliche Wochenarbeitszeit
62221;Vj. Index der Tarifverdienste und Arbeitszeiten;JAHR;Jahr;2017;DINSGF;Früheres Bundesgebiet / Neue Länder;DF;Früheres Bundesgebiet;WZ08C7;WZ2008 (ausgewählte Positionen): Tarifindex;WZ08-91;Bibliotheken, Archive, Museen, bot. u. zoo. Gärten;91,7;2020=100;VST066;Index d.tarifl. Monatsverdienste ohne Sonderzahl.
62221;Vj. Index der Tarifverdienste und Arbeitszeiten;JAHR;Jahr;2017;DINSGF;Früheres Bundesgebiet / Neue Länder;DF;Früheres Bundesgebiet;WZ08C7;WZ2008 (ausgewählte Positionen): Tarifindex;WZ08-91;Bibliotheken, Archive, Museen, bot. u. zoo. Gärten;100,0;2020=100;VST018;Index der tariflichen Wochenarbeitszeit
62221;Vj. Index der Tarifverdienste und Arbeitszeiten;JAHR;Jahr;2017;DINSGF;Früheres Bundesgebiet / Neue Länder;DF;Früheres Bundesgebiet;WZ08C7;WZ2008 (ausgewählte Positionen): Tarifindex;WZ08-91;Bibliotheken, Archive, Museen, bot. u. zoo. Gärten;91,7;2020=100;VST065;Index d.tarifl. Stundenverdienste ohne Sonderzahl.
62221;Vj. Index der Tarifverdienste und Arbeitszeiten;JAHR;Jahr;2022;DINSGF;Früheres Bundesgebiet / Neue Länder;DF;Früheres Bundesgebiet;WZ08C7;WZ2008 (ausgewählte Positionen): Tarifindex;WZ08-58;Verlagswesen;102,5;2020=100;VST072;Index d.tarifl. Stundenverdienste mit Sonderzahl.
62221;Vj. Index der Tarifverdienste und Arbeitszeiten;JAHR;Jahr;2022;DINSGF;Früheres Bundesgebiet / Neue Länder;DF;Früheres Bundesgebiet;WZ08C7;WZ2008 (ausgewählte Positionen): Tarifindex;WZ08-58;Verlagswesen;102,5;2020=100;VST073;Index d.tarifl. Monatsverdienste mit Sonderzahl.
62221;Vj. Index der Tarifverdienste und Arbeitszeiten;JAHR;Jahr;2022;DINSGF;Früheres Bundesgebiet / Neue Länder;DF;Früheres Bundesgebiet;WZ08C7;WZ2008 (ausgewählte Positionen): Tarifindex;WZ08-58;Verlagswesen;36,2;h;VST019;Durchschnittliche tarifliche Wochenarbeitszeit
62221;Vj. Index der Tarifverdienste und Arbeitszeiten;JAHR;Jahr;2022;DINSGF;Früheres Bundesgebiet / Neue Länder;DF;Früheres Bundesgebiet;WZ08C7;WZ2008 (ausgewählte Positionen): Tarifindex;WZ08-58;Verlagswesen;102,2;2020=100;VST066;Index d.tarifl. Monatsverdienste ohne Sonderzahl.
62221;Vj. Index der Tarifverdienste und Arbeitszeiten;JAHR;Jahr;2022;DINSGF;Früheres Bundesgebiet / Neue Länder;DF;Früheres Bundesgebiet;WZ08C7;WZ2008 (ausgewählte Positionen): Tarifindex;WZ08-58;Verlagswesen;100,0;2020=100;VST018;Index der tariflichen Wochenarbeitszeit
62221;Vj. Index der Tarifverdienste und Arbeitszeiten;JAHR;Jahr;2022;DINSGF;Früheres Bundesgebiet / Neue Länder;DF;Früheres Bundesgebiet;WZ08C7;WZ2008 (ausgewählte Positionen): Tarifindex;WZ08-58;Verlagswesen;102,2;2020=100;VST065;Index d.tarifl. Stundenverdienste ohne Sonderzahl.
62221;Vj. Index der Tarifverdienste und Arbeitszeiten;JAHR;Jahr;2024;DINSGF;Früheres Bundesgebiet / Neue Länder;DN;Neue Länder;WZ08C7;WZ2008 (ausgewählte Positionen): Tarifindex;WZ08-90;Kreative,künstlerische u.unterhaltende Tätigkeiten;111,3;2020=100;VST072;Index d.tarifl. Stundenverdienste mit Sonderzahl.
62221;Vj. Index der Tarifverdienste und Arbeitszeiten;JAHR;Jahr;2024;DINSGF;Früheres Bundesgebiet / Neue Länder;DN;Neue Länder;WZ08C7;WZ2008 (ausgewählte Positionen): Tarifindex;WZ08-90;Kreative,künstlerische u.unterhaltende Tätigkeiten;111,3;2020=100;VST073;Index d.tarifl. Monatsverdienste mit Sonderzahl.
62221;Vj. Index der Tarifverdienste und Arbeitszeiten;JAHR;Jahr;2024;DINSGF;Früheres Bundesgebiet / Neue Länder;DN;Neue Länder;WZ08C7;WZ2008 (ausgewählte Positionen): Tarifindex;WZ08-90;Kreative,künstlerische u.unterhaltende Tätigkeiten;39,0;h;VST019;Durchschnittliche tarifliche Wochenarbeitszeit
62221;Vj. Index der Tarifverdienste und Arbeitszeiten;JAHR;Jahr;2024;DINSGF;Früheres Bundesgebiet / Neue Länder;DN;Neue Länder;WZ08C7;WZ2008 (ausgewählte Positionen): Tarifindex;WZ08-90;Kreative,künstlerische u.unterhaltende Tätigkeiten;107,8;2020=100;VST066;Index d.tarifl. Monatsverdienste ohne Sonderzahl.
62221;Vj. Index der Tarifverdienste und Arbeitszeiten;JAHR;Jahr;2024;DINSGF;Früheres Bundesgebiet / Neue Länder;DN;Neue Länder;WZ08C7;WZ2008 (ausgewählte Positionen): Tarifindex;WZ08-90;Kreative,künstlerische u.unterhaltende Tätigkeiten;100,0;2020=100;VST018;Index der tariflichen Wochenarbeitszeit
62221;Vj. Index der Tarifverdienste und Arbeitszeiten;JAHR;Jahr;2024;DINSGF;Früheres Bundesgebiet / Neue Länder;DN;Neue Länder;WZ08C7;WZ2008 (ausgewählte Positionen): Tarifindex;WZ08-90;Kreative,künstlerische u.unterhaltende Tätigkeiten;107,8;2020=100;VST065;Index d.tarifl. Stundenverdienste ohne Sonderzahl.
62221;Vj. Index der Tarifverdienste und Arbeitszeiten;JAHR;Jahr;2020;DINSGF;Früheres Bundesgebiet / Neue Länder;DF;Früheres Bundesgebiet;WZ08C7;WZ2008 (ausgewählte Positionen): Tarifindex;WZ08-49;Landverkehr und Transport in Rohrfernleitungen;100,0;2020=100;VST072;Index d.tarifl. Stundenverdienste mit Sonderzahl.
62221;Vj. Index der Tarifverdienste und Arbeitszeiten;JAHR;Jahr;2020;DINSGF;Früheres Bundesgebiet / Neue Länder;DF;Früheres Bundesgebiet;WZ08C7;WZ2008 (ausgewählte Positionen): Tarifindex;WZ08-49;Landverkehr und Transport in Rohrfernleitungen;100,0;2020=100;VST073;Index d.tarifl. Monatsverdienste mit Sonderzahl.
62221;Vj. Index der Tarifverdienste und Arbeitszeiten;JAHR;Jahr;2020;DINSGF;Früheres Bundesgebiet / Neue Länder;DF;Früheres Bundesgebiet;WZ08C7;WZ2008 (ausgewählte Positionen): Tarifindex;WZ08-49;Landverkehr und Transport in Rohrfernleitungen;39,1;h;VST019;Durchschnittliche tarifliche Wochenarbeitszeit
62221;Vj. Index der Tarifverdienste und Arbeitszeiten;JAHR;Jahr;2020;DINSGF;Früheres Bundesgebiet / Neue Länder;DF;Früheres Bundesgebiet;WZ08C7;WZ2008 (ausgewählte Positionen): Tarifindex;WZ08-49;Landverkehr und Transport in Rohrfernleitungen;100,0;2020=100;VST066;Index d.tarifl. Monatsverdienste ohne Sonderzahl.
62221;Vj. Index der Tarifverdienste und Arbeitszeiten;JAHR;Jahr;2020;DINSGF;Früheres Bundesgebiet / Neue Länder;DF;Früheres Bundesgebiet;WZ08C7;WZ2008 (ausgewählte Positionen): Tarifindex;WZ08-49;Landverkehr und Transport in Rohrfernleitungen;100,0;2020=100;VST018;Index der tariflichen Wochenarbeitszeit
62221;Vj. Index der Tarifverdienste und Arbeitszeiten;JAHR;Jahr;2020;DINSGF;Früheres Bundesgebiet / Neue Länder;DF;Früheres Bundesgebiet;WZ08C7;WZ2008 (ausgewählte Positionen): Tarifindex;WZ08-49;Landverkehr und Transport in Rohrfernleitungen;100,0;2020=100;VST065;Index d.tarifl. Stundenverdienste ohne Sonderzahl.
62221;Vj. Index der Tarifverdienste und Arbeitszeiten;JAHR;Jahr;2021;DINSGF;Früheres Bundesgebiet / Neue Länder;DN;Neue Länder;WZ08C7;WZ2008 (ausgewählte Positionen): Tarifindex;WZ08-77;Vermietung von beweglichen Sachen;103,0;2020=100;VST072;Index d.tarifl. Stundenverdienste mit Sonderzahl.
62221;Vj. Index der Tarifverdienste und Arbeitszeiten;JAHR;Jahr;2021;DINSGF;Früheres Bundesgebiet / Neue Länder;DN;Neue Länder;WZ08C7;WZ2008 (ausgewählte Positionen): Tarifindex;WZ08-77;Vermietung von beweglichen Sachen;103,0;2020=100;VST073;Index d.tarifl. Monatsverdienste mit Sonderzahl.
62221;Vj. Index der Tarifverdienste und Arbeitszeiten;JAHR;Jahr;2021;DINSGF;Früheres Bundesgebiet / Neue Länder;DN;Neue Länder;WZ08C7;WZ2008 (ausgewählte Positionen): Tarifindex;WZ08-77;Vermietung von beweglichen Sachen;39,8;h;VST019;Durchschnittliche tarifliche Wochenarbeitszeit
62221;Vj. Index der Tarifverdienste und Arbeitszeiten;JAHR;Jahr;2021;DINSGF;Früheres Bundesgebiet / Neue Länder;DN;Neue Länder;WZ08C7;WZ2008 (ausgewählte Positionen): Tarifindex;WZ08-77;Vermietung von beweglichen Sachen;102,4;2020=100;VST066;Index d.tarifl. Monatsverdienste ohne Sonderzahl.
62221;Vj. Index der Tarifverdienste und Arbeitszeiten;JAHR;Jahr;2021;DINSGF;Früheres Bundesgebiet / Neue Länder;DN;Neue Länder;WZ08C7;WZ2008 (ausgewählte Positionen): Tarifindex;WZ08-77;Vermietung von beweglichen Sachen;100,0;2020=100;VST018;Index der tariflichen Wochenarbeitszeit
62221;Vj. Index der Tarifverdienste und Arbeitszeiten;JAHR;Jahr;2021;DINSGF;Früheres Bundesgebiet / Neue Länder;DN;Neue Länder;WZ08C7;WZ2008 (ausgewählte Positionen): Tarifindex;WZ08-77;Vermietung von beweglichen Sachen;102,4;2020=100;VST065;Index d.tarifl. Stundenverdienste ohne Sonderzahl.
62221;Vj. Index der Tarifverdienste und Arbeitszeiten;JAHR;Jahr;2024;DINSGF;Früheres Bundesgebiet / Neue Länder;DN;Neue Länder;WZ08C7;WZ2008 (ausgewählte Positionen): Tarifindex;WZ08-38-01;Recycling, Beseitigung von Umweltverschmutzungen;114,4;2020=100;VST072;Index d.tarifl. Stundenverdienste mit Sonderzahl.
62221;Vj. Index der Tarifverdienste und Arbeitszeiten;JAHR;Jahr;2024;DINSGF;Früheres Bundesgebiet / Neue Länder;DN;Neue Länder;WZ08C7;WZ2008 (ausgewählte Positionen): Tarifindex;WZ08-38-01;Recycling, Beseitigung von Umweltverschmutzungen;114,4;2020=100;VST073;Index d.tarifl. Monatsverdienste mit Sonderzahl.
62221;Vj. Index der Tarifverdienste und Arbeitszeiten;JAHR;Jahr;2024;DINSGF;Früheres Bundesgebiet / Neue Länder;DN;Neue Länder;WZ08C7;WZ2008 (ausgewählte Positionen): Tarifindex;WZ08-38-01;Recycling, Beseitigung von Umweltverschmutzungen;39,2;h;VST019;Durchschnittliche tarifliche Wochenarbeitszeit
62221;Vj. Index der Tarifverdienste und Arbeitszeiten;JAHR;Jahr;2024;DINSGF;Früheres Bundesgebiet / Neue Länder;DN;Neue Länder;WZ08C7;WZ2008 (ausgewählte Positionen): Tarifindex;WZ08-38-01;Recycling, Beseitigung von Umweltverschmutzungen;112,6;2020=100;VST066;Index d.tarifl. Monatsverdienste ohne Sonderzahl.
62221;Vj. Index der Tarifverdienste und Arbeitszeiten;JAHR;Jahr;2024;DINSGF;Früheres Bundesgebiet / Neue Länder;DN;Neue Länder;WZ08C7;WZ2008 (ausgewählte Positionen): Tarifindex;WZ08-38-01;Recycling, Beseitigung von Umweltverschmutzungen;100,0;2020=100;VST018;Index der tariflichen Wochenarbeitszeit
62221;Vj. Index der Tarifverdienste und Arbeitszeiten;JAHR;Jahr;2024;DINSGF;Früheres Bundesgebiet / Neue Länder;DN;Neue Länder;WZ08C7;WZ2008 (ausgewählte Positionen): Tarifindex;WZ08-38-01;Recycling, Beseitigung von Umweltverschmutzungen;112,6;2020=100;VST065;Index d.tarifl. Stundenverdienste ohne Sonderzahl.
62221;Vj. Index der Tarifverdienste und Arbeitszeiten;JAHR;Jahr;2022;DINSGF;Früheres Bundesgebiet / Neue Länder;DF;Früheres Bundesgebiet;WZ08C7;WZ2008 (ausgewählte Positionen): Tarifindex;WZ-X001;Vorleistungsgüterproduzenten;103,3;2020=100;VST072;Index d.tarifl. Stundenverdienste mit Sonderzahl.
62221;Vj. Index der Tarifverdienste und Arbeitszeiten;JAHR;Jahr;2022;DINSGF;Früheres Bundesgebiet / Neue Länder;DF;Früheres Bundesgebiet;WZ08C7;WZ2008 (ausgewählte Positionen): Tarifindex;WZ-X001;Vorleistungsgüterproduzenten;103,3;2020=100;VST073;Index d.tarifl. Monatsverdienste mit Sonderzahl.
62221;Vj. Index der Tarifverdienste und Arbeitszeiten;JAHR;Jahr;2022;DINSGF;Früheres Bundesgebiet / Neue Länder;DF;Früheres Bundesgebiet;WZ08C7;WZ2008 (ausgewählte Positionen): Tarifindex;WZ-X001;Vorleistungsgüterproduzenten;36,7;h;VST019;Durchschnittliche tarifliche Wochenarbeitszeit
62221;Vj. Index der Tarifverdienste und Arbeitszeiten;JAHR;Jahr;2022;DINSGF;Früheres Bundesgebiet / Neue Länder;DF;Früheres Bundesgebiet;WZ08C7;WZ2008 (ausgewählte Positionen): Tarifindex;WZ-X001;Vorleistungsgüterproduzenten;101,9;2020=100;VST066;Index d.tarifl. Monatsverdienste ohne Sonderzahl.
62221;Vj. Index der Tarifverdienste und Arbeitszeiten;JAHR;Jahr;2022;DINSGF;Früheres Bundesgebiet / Neue Länder;DF;Früheres Bundesgebiet;WZ08C7;WZ2008 (ausgewählte Positionen): Tarifindex;WZ-X001;Vorleistungsgüterproduzenten;100,0;2020=100;VST018;Index der tariflichen Wochenarbeitszeit
62221;Vj. Index der Tarifverdienste und Arbeitszeiten;JAHR;Jahr;2022;DINSGF;Früheres Bundesgebiet / Neue Länder;DF;Früheres Bundesgebiet;WZ08C7;WZ2008 (ausgewählte Positionen): Tarifindex;WZ-X001;Vorleistungsgüterproduzenten;101,9;2020=100;VST065;Index d.tarifl. Stundenverdienste ohne Sonderzahl.
62221;Vj. Index der Tarifverdienste und Arbeitszeiten;JAHR;Jahr;2021;DINSGF;Früheres Bundesgebiet / Neue Länder;DN;Neue Länder;WZ08C7;WZ2008 (ausgewählte Positionen): Tarifindex;WZ08-80;Wach- und Sicherheitsdienste sowie Detekteien;102,5;2020=100;VST072;Index d.tarifl. Stundenverdienste mit Sonderzahl.
62221;Vj. Index der Tarifverdienste und Arbeitszeiten;JAHR;Jahr;2021;DINSGF;Früheres Bundesgebiet / Neue Länder;DN;Neue Länder;WZ08C7;WZ2008 (ausgewählte Positionen): Tarifindex;WZ08-80;Wach- und Sicherheitsdienste sowie Detekteien;102,5;2020=100;VST073;Index d.tarifl. Monatsverdienste mit Sonderzahl.
62221;Vj. Index der Tarifverdienste und Arbeitszeiten;JAHR;Jahr;2021;DINSGF;Früheres Bundesgebiet / Neue Länder;DN;Neue Länder;WZ08C7;WZ2008 (ausgewählte Positionen): Tarifindex;WZ08-80;Wach- und Sicherheitsdienste sowie Detekteien;40,0;h;VST019;Durchschnittliche tarifliche Wochenarbeitszeit
62221;Vj. Index der Tarifverdienste und Arbeitszeiten;JAHR;Jahr;2021;DINSGF;Früheres Bundesgebiet / Neue Länder;DN;Neue Länder;WZ08C7;WZ2008 (ausgewählte Positionen): Tarifindex;WZ08-80;Wach- und Sicherheitsdienste sowie Detekteien;102,5;2020=100;VST066;Index d.tarifl. Monatsverdienste ohne Sonderzahl.
62221;Vj. Index der Tarifverdienste und Arbeitszeiten;JAHR;Jahr;2021;DINSGF;Früheres Bundesgebiet / Neue Länder;DN;Neue Länder;WZ08C7;WZ2008 (ausgewählte Positionen): Tarifindex;WZ08-80;Wach- und Sicherheitsdienste sowie Detekteien;100,0;2020=100;VST018;Index der tariflichen Wochenarbeitszeit
62221;Vj. Index der Tarifverdienste und Arbeitszeiten;JAHR;Jahr;2021;DINSGF;Früheres Bundesgebiet / Neue Länder;DN;Neue Länder;WZ08C7;WZ2008 (ausgewählte Positionen): Tarifindex;WZ08-80;Wach- und Sicherheitsdienste sowie Detekteien;102,5;2020=100;VST065;Index d.tarifl. Stundenverdienste ohne Sonderzahl.
62221;Vj. Index der Tarifverdienste und Arbeitszeiten;JAHR;Jahr;2021;DINSGF;Früheres Bundesgebiet / Neue Länder;DN;Neue Länder;WZ08C7;WZ2008 (ausgewählte Positionen): Tarifindex;WZ08-O-01;Öffentliche und persönliche Dienstleistungen;101,3;2020=100;VST072;Index d.tarifl. Stundenverdienste mit Sonderzahl.
62221;Vj. Index der Tarifverdienste und Arbeitszeiten;JAHR;Jahr;2021;DINSGF;Früheres Bundesgebiet / Neue Länder;DN;Neue Länder;WZ08C7;WZ2008 (ausgewählte Positionen): Tarifindex;WZ08-O-01;Öffentliche und persönliche Dienstleistungen;101,2;2020=100;VST073;Index d.tarifl. Monatsverdienste mit Sonderzahl.
62221;Vj. Index der Tarifverdienste und Arbeitszeiten;JAHR;Jahr;2021;DINSGF;Früheres Bundesgebiet / Neue Länder;DN;Neue Länder;WZ08C7;WZ2008 (ausgewählte Positionen): Tarifindex;WZ08-O-01;Öffentliche und persönliche Dienstleistungen;39,6;h;VST019;Durchschnittliche tarifliche Wochenarbeitszeit
62221;Vj. Index der Tarifverdienste und Arbeitszeiten;JAHR;Jahr;2021;DINSGF;Früheres Bundesgebiet / Neue Länder;DN;Neue Länder;WZ08C7;WZ2008 (ausgewählte Positionen): Tarifindex;WZ08-O-01;Öffentliche und persönliche Dienstleistungen;101,5;2020=100;VST066;Index d.tarifl. Monatsverdienste ohne Sonderzahl.
62221;Vj. Index der Tarifverdienste und Arbeitszeiten;JAHR;Jahr;2021;DINSGF;Früheres Bundesgebiet / Neue Länder;DN;Neue Länder;WZ08C7;WZ2008 (ausgewählte Positionen): Tarifindex;WZ08-O-01;Öffentliche und persönliche Dienstleistungen;100,0;2020=100;VST018;Index der tariflichen Wochenarbeitszeit
62221;Vj. Index der Tarifverdienste und Arbeitszeiten;JAHR;Jahr;2021;DINSGF;Früheres Bundesgebiet / Neue Länder;DN;Neue Länder;WZ08C7;WZ2008 (ausgewählte Positionen): Tarifindex;WZ08-O-01;Öffentliche und persönliche Dienstleistungen;101,6;2020=100;VST065;Index d.tarifl. Stundenverdienste ohne Sonderzahl.
62221;Vj. Index der Tarifverdienste und Arbeitszeiten;JAHR;Jahr;2021;DINSGF;Früheres Bundesgebiet / Neue Länder;DN;Neue Länder;WZ08C7;WZ2008 (ausgewählte Positionen): Tarifindex;WZ08-24;Metallerzeugung und -bearbeitung;101,4;2020=100;VST072;Index d.tarifl. Stundenverdienste mit Sonderzahl.
62221;Vj. Index der Tarifverdienste und Arbeitszeiten;JAHR;Jahr;2021;DINSGF;Früheres Bundesgebiet / Neue Länder;DN;Neue Länder;WZ08C7;WZ2008 (ausgewählte Positionen): Tarifindex;WZ08-24;Metallerzeugung und -bearbeitung;101,4;2020=100;VST073;Index d.tarifl. Monatsverdienste mit Sonderzahl.
62221;Vj. Index der Tarifverdienste und Arbeitszeiten;JAHR;Jahr;2021;DINSGF;Früheres Bundesgebiet / Neue Länder;DN;Neue Länder;WZ08C7;WZ2008 (ausgewählte Positionen): Tarifindex;WZ08-24;Metallerzeugung und -bearbeitung;36,2;h;VST019;Durchschnittliche tarifliche Wochenarbeitszeit
62221;Vj. Index der Tarifverdienste und Arbeitszeiten;JAHR;Jahr;2021;DINSGF;Früheres Bundesgebiet / Neue Länder;DN;Neue Länder;WZ08C7;WZ2008 (ausgewählte Positionen): Tarifindex;WZ08-24;Metallerzeugung und -bearbeitung;100,0;2020=100;VST066;Index d.tarifl. Monatsverdienste ohne Sonderzahl.
62221;Vj. Index der Tarifverdienste und Arbeitszeiten;JAHR;Jahr;2021;DINSGF;Früheres Bundesgebiet / Neue Länder;DN;Neue Länder;WZ08C7;WZ2008 (ausgewählte Positionen): Tarifindex;WZ08-24;Metallerzeugung und -bearbeitung;100,0;2020=100;VST018;Index der tariflichen Wochenarbeitszeit
62221;Vj. Index der Tarifverdienste und Arbeitszeiten;JAHR;Jahr;2021;DINSGF;Früheres Bundesgebiet / Neue Länder;DN;Neue Länder;WZ08C7;WZ2008 (ausgewählte Positionen): Tarifindex;WZ08-24;Metallerzeugung und -bearbeitung;100,0;2020=100;VST065;Index d.tarifl. Stundenverdienste ohne Sonderzahl.
62221;Vj. Index der Tarifverdienste und Arbeitszeiten;JAHR;Jahr;2022;DINSGF;Früheres Bundesgebiet / Neue Länder;DF;Früheres Bundesgebiet;WZ08C7;WZ2008 (ausgewählte Positionen): Tarifindex;WZ08-25;Herstellung von Metallerzeugnissen;101,9;2020=100;VST072;Index d.tarifl. Stundenverdienste mit Sonderzahl.
62221;Vj. Index der Tarifverdienste und Arbeitszeiten;JAHR;Jahr;2022;DINSGF;Früheres Bundesgebiet / Neue Länder;DF;Früheres Bundesgebiet;WZ08C7;WZ2008 (ausgewählte Positionen): Tarifindex;WZ08-25;Herstellung von Metallerzeugnissen;101,9;2020=100;VST073;Index d.tarifl. Monatsverdienste mit Sonderzahl.
62221;Vj. Index der Tarifverdienste und Arbeitszeiten;JAHR;Jahr;2022;DINSGF;Früheres Bundesgebiet / Neue Länder;DF;Früheres Bundesgebiet;WZ08C7;WZ2008 (ausgewählte Positionen): Tarifindex;WZ08-25;Herstellung von Metallerzeugnissen;35,8;h;VST019;Durchschnittliche tarifliche Wochenarbeitszeit
62221;Vj. Index der Tarifverdienste und Arbeitszeiten;JAHR;Jahr;2022;DINSGF;Früheres Bundesgebiet / Neue Länder;DF;Früheres Bundesgebiet;WZ08C7;WZ2008 (ausgewählte Positionen): Tarifindex;WZ08-25;Herstellung von Metallerzeugnissen;100,7;2020=100;VST066;Index d.tarifl. Monatsverdienste ohne Sonderzahl.
62221;Vj. Index der Tarifverdienste und Arbeitszeiten;JAHR;Jahr;2022;DINSGF;Früheres Bundesgebiet / Neue Länder;DF;Früheres Bundesgebiet;WZ08C7;WZ2008 (ausgewählte Positionen): Tarifindex;WZ08-25;Herstellung von Metallerzeugnissen;100,0;2020=100;VST018;Index der tariflichen Wochenarbeitszeit
62221;Vj. Index der Tarifverdienste und Arbeitszeiten;JAHR;Jahr;2022;DINSGF;Früheres Bundesgebiet / Neue Länder;DF;Früheres Bundesgebiet;WZ08C7;WZ2008 (ausgewählte Positionen): Tarifindex;WZ08-25;Herstellung von Metallerzeugnissen;100,7;2020=100;VST065;Index d.tarifl. Stundenverdienste ohne Sonderzahl.
62221;Vj. Index der Tarifverdienste und Arbeitszeiten;JAHR;Jahr;2017;DINSGF;Früheres Bundesgebiet / Neue Länder;DN;Neue Länder;WZ08C7;WZ2008 (ausgewählte Positionen): Tarifindex;WZ08-26;H.v. DV-Geräten, elektron. u. opt. Erzeugnissen;93,3;2020=100;VST072;Index d.tarifl. Stundenverdienste mit Sonderzahl.
62221;Vj. Index der Tarifverdienste und Arbeitszeiten;JAHR;Jahr;2017;DINSGF;Früheres Bundesgebiet / Neue Länder;DN;Neue Länder;WZ08C7;WZ2008 (ausgewählte Positionen): Tarifindex;WZ08-26;H.v. DV-Geräten, elektron. u. opt. Erzeugnissen;93,3;2020=100;VST073;Index d.tarifl. Monatsverdienste mit Sonderzahl.
62221;Vj. Index der Tarifverdienste und Arbeitszeiten;JAHR;Jahr;2017;DINSGF;Früheres Bundesgebiet / Neue Länder;DN;Neue Länder;WZ08C7;WZ2008 (ausgewählte Positionen): Tarifindex;WZ08-26;H.v. DV-Geräten, elektron. u. opt. Erzeugnissen;37,3;h;VST019;Durchschnittliche tarifliche Wochenarbeitszeit
62221;Vj. Index der Tarifverdienste und Arbeitszeiten;JAHR;Jahr;2017;DINSGF;Früheres Bundesgebiet / Neue Länder;DN;Neue Länder;WZ08C7;WZ2008 (ausgewählte Positionen): Tarifindex;WZ08-26;H.v. DV-Geräten, elektron. u. opt. Erzeugnissen;95,5;2020=100;VST066;Index d.tarifl. Monatsverdienste ohne Sonderzahl.
62221;Vj. Index der Tarifverdienste und Arbeitszeiten;JAHR;Jahr;2017;DINSGF;Früheres Bundesgebiet / Neue Länder;DN;Neue Länder;WZ08C7;WZ2008 (ausgewählte Positionen): Tarifindex;WZ08-26;H.v. DV-Geräten, elektron. u. opt. Erzeugnissen;100,0;2020=100;VST018;Index der tariflichen Wochenarbeitszeit
62221;Vj. Index der Tarifverdienste und Arbeitszeiten;JAHR;Jahr;2017;DINSGF;Früheres Bundesgebiet / Neue Länder;DN;Neue Länder;WZ08C7;WZ2008 (ausgewählte Positionen): Tarifindex;WZ08-26;H.v. DV-Geräten, elektron. u. opt. Erzeugnissen;95,5;2020=100;VST065;Index d.tarifl. Stundenverdienste ohne Sonderzahl.
62221;Vj. Index der Tarifverdienste und Arbeitszeiten;JAHR;Jahr;2022;DINSGF;Früheres Bundesgebiet / Neue Länder;DN;Neue Länder;WZ08C7;WZ2008 (ausgewählte Positionen): Tarifindex;WZ08-63;Informationsdienstleistungen;104,0;2020=100;VST072;Index d.tarifl. Stundenverdienste mit Sonderzahl.
62221;Vj. Index der Tarifverdienste und Arbeitszeiten;JAHR;Jahr;2022;DINSGF;Früheres Bundesgebiet / Neue Länder;DN;Neue Länder;WZ08C7;WZ2008 (ausgewählte Positionen): Tarifindex;WZ08-63;Informationsdienstleistungen;104,0;2020=100;VST073;Index d.tarifl. Monatsverdienste mit Sonderzahl.
62221;Vj. Index der Tarifverdienste und Arbeitszeiten;JAHR;Jahr;2022;DINSGF;Früheres Bundesgebiet / Neue Länder;DN;Neue Länder;WZ08C7;WZ2008 (ausgewählte Positionen): Tarifindex;WZ08-63;Informationsdienstleistungen;38,2;h;VST019;Durchschnittliche tarifliche Wochenarbeitszeit
62221;Vj. Index der Tarifverdienste und Arbeitszeiten;JAHR;Jahr;2022;DINSGF;Früheres Bundesgebiet / Neue Länder;DN;Neue Länder;WZ08C7;WZ2008 (ausgewählte Positionen): Tarifindex;WZ08-63;Informationsdienstleistungen;103,0;2020=100;VST066;Index d.tarifl. Monatsverdienste ohne Sonderzahl.
62221;Vj. Index der Tarifverdienste und Arbeitszeiten;JAHR;Jahr;2022;DINSGF;Früheres Bundesgebiet / Neue Länder;DN;Neue Länder;WZ08C7;WZ2008 (ausgewählte Positionen): Tarifindex;WZ08-63;Informationsdienstleistungen;100,0;2020=100;VST018;Index der tariflichen Wochenarbeitszeit
62221;Vj. Index der Tarifverdienste und Arbeitszeiten;JAHR;Jahr;2022;DINSGF;Früheres Bundesgebiet / Neue Länder;DN;Neue Länder;WZ08C7;WZ2008 (ausgewählte Positionen): Tarifindex;WZ08-63;Informationsdienstleistungen;103,0;2020=100;VST065;Index d.tarifl. Stundenverdienste ohne Sonderzahl.
62221;Vj. Index der Tarifverdienste und Arbeitszeiten;JAHR;Jahr;2025;DINSGF;Früheres Bundesgebiet / Neue Länder;DN;Neue Länder;WZ08C7;WZ2008 (ausgewählte Positionen): Tarifindex;WZ08-10;Herstellung von Nahrungs- und Futtermitteln;124,5;2020=100;VST072;Index d.tarifl. Stundenverdienste mit Sonderzahl.
62221;Vj. Index der Tarifverdienste und Arbeitszeiten;JAHR;Jahr;2025;DINSGF;Früheres Bundesgebiet / Neue Länder;DN;Neue Länder;WZ08C7;WZ2008 (ausgewählte Positionen): Tarifindex;WZ08-10;Herstellung von Nahrungs- und Futtermitteln;123,3;2020=100;VST073;Index d.tarifl. Monatsverdienste mit Sonderzahl.
62221;Vj. Index der Tarifverdienste und Arbeitszeiten;JAHR;Jahr;2025;DINSGF;Früheres Bundesgebiet / Neue Länder;DN;Neue Länder;WZ08C7;WZ2008 (ausgewählte Positionen): Tarifindex;WZ08-10;Herstellung von Nahrungs- und Futtermitteln;38,4;h;VST019;Durchschnittliche tarifliche Wochenarbeitszeit
62221;Vj. Index der Tarifverdienste und Arbeitszeiten;JAHR;Jahr;2025;DINSGF;Früheres Bundesgebiet / Neue Länder;DN;Neue Länder;WZ08C7;WZ2008 (ausgewählte Positionen): Tarifindex;WZ08-10;Herstellung von Nahrungs- und Futtermitteln;123,2;2020=100;VST066;Index d.tarifl. Monatsverdienste ohne Sonderzahl.
62221;Vj. Index der Tarifverdienste und Arbeitszeiten;JAHR;Jahr;2025;DINSGF;Früheres Bundesgebiet / Neue Länder;DN;Neue Länder;WZ08C7;WZ2008 (ausgewählte Positionen): Tarifindex;WZ08-10;Herstellung von Nahrungs- und Futtermitteln;99,1;2020=100;VST018;Index der tariflichen Wochenarbeitszeit
62221;Vj. Index der Tarifverdienste und Arbeitszeiten;JAHR;Jahr;2025;DINSGF;Früheres Bundesgebiet / Neue Länder;DN;Neue Länder;WZ08C7;WZ2008 (ausgewählte Positionen): Tarifindex;WZ08-10;Herstellung von Nahrungs- und Futtermitteln;124,5;2020=100;VST065;Index d.tarifl. Stundenverdienste ohne Sonderzahl.
62221;Vj. Index der Tarifverdienste und Arbeitszeiten;JAHR;Jahr;2025;DINSGF;Früheres Bundesgebiet / Neue Länder;DN;Neue Länder;WZ08C7;WZ2008 (ausgewählte Positionen): Tarifindex;WZ08-491-01;Personen- u. Güterbeförderung im Eisenbahnverkehr;124,0;2020=100;VST072;Index d.tarifl. Stundenverdienste mit Sonderzahl.
62221;Vj. Index der Tarifverdienste und Arbeitszeiten;JAHR;Jahr;2025;DINSGF;Früheres Bundesgebiet / Neue Länder;DN;Neue Länder;WZ08C7;WZ2008 (ausgewählte Positionen): Tarifindex;WZ08-491-01;Personen- u. Güterbeförderung im Eisenbahnverkehr;121,1;2020=100;VST073;Index d.tarifl. Monatsverdienste mit Sonderzahl.
62221;Vj. Index der Tarifverdienste und Arbeitszeiten;JAHR;Jahr;2025;DINSGF;Früheres Bundesgebiet / Neue Länder;DN;Neue Länder;WZ08C7;WZ2008 (ausgewählte Positionen): Tarifindex;WZ08-491-01;Personen- u. Güterbeförderung im Eisenbahnverkehr;38,9;h;VST019;Durchschnittliche tarifliche Wochenarbeitszeit
62221;Vj. Index der Tarifverdienste und Arbeitszeiten;JAHR;Jahr;2025;DINSGF;Früheres Bundesgebiet / Neue Länder;DN;Neue Länder;WZ08C7;WZ2008 (ausgewählte Positionen): Tarifindex;WZ08-491-01;Personen- u. Güterbeförderung im Eisenbahnverkehr;120,6;2020=100;VST066;Index d.tarifl. Monatsverdienste ohne Sonderzahl.
62221;Vj. Index der Tarifverdienste und Arbeitszeiten;JAHR;Jahr;2025;DINSGF;Früheres Bundesgebiet / Neue Länder;DN;Neue Länder;WZ08C7;WZ2008 (ausgewählte Positionen): Tarifindex;WZ08-491-01;Personen- u. Güterbeförderung im Eisenbahnverkehr;97,6;2020=100;VST018;Index der tariflichen Wochenarbeitszeit
62221;Vj. Index der Tarifverdienste und Arbeitszeiten;JAHR;Jahr;2025;DINSGF;Früheres Bundesgebiet / Neue Länder;DN;Neue Länder;WZ08C7;WZ2008 (ausgewählte Positionen): Tarifindex;WZ08-491-01;Personen- u. Güterbeförderung im Eisenbahnverkehr;123,5;2020=100;VST065;Index d.tarifl. Stundenverdienste ohne Sonderzahl.
62221;Vj. Index der Tarifverdienste und Arbeitszeiten;JAHR;Jahr;2024;DINSGF;Früheres Bundesgebiet / Neue Länder;DN;Neue Länder;WZ08C7;WZ2008 (ausgewählte Positionen): Tarifindex;WZ08-22;Herstellung von Gummi- und Kunststoffwaren;112,8;2020=100;VST072;Index d.tarifl. Stundenverdienste mit Sonderzahl.
62221;Vj. Index der Tarifverdienste und Arbeitszeiten;JAHR;Jahr;2024;DINSGF;Früheres Bundesgebiet / Neue Länder;DN;Neue Länder;WZ08C7;WZ2008 (ausgewählte Positionen): Tarifindex;WZ08-22;Herstellung von Gummi- und Kunststoffwaren;110,6;2020=100;VST073;Index d.tarifl. Monatsverdienste mit Sonderzahl.
62221;Vj. Index der Tarifverdienste und Arbeitszeiten;JAHR;Jahr;2024;DINSGF;Früheres Bundesgebiet / Neue Länder;DN;Neue Länder;WZ08C7;WZ2008 (ausgewählte Positionen): Tarifindex;WZ08-22;Herstellung von Gummi- und Kunststoffwaren;38,6;h;VST019;Durchschnittliche tarifliche Wochenarbeitszeit
62221;Vj. Index der Tarifverdienste und Arbeitszeiten;JAHR;Jahr;2024;DINSGF;Früheres Bundesgebiet / Neue Länder;DN;Neue Länder;WZ08C7;WZ2008 (ausgewählte Positionen): Tarifindex;WZ08-22;Herstellung von Gummi- und Kunststoffwaren;106,9;2020=100;VST066;Index d.tarifl. Monatsverdienste ohne Sonderzahl.
62221;Vj. Index der Tarifverdienste und Arbeitszeiten;JAHR;Jahr;2024;DINSGF;Früheres Bundesgebiet / Neue Länder;DN;Neue Länder;WZ08C7;WZ2008 (ausgewählte Positionen): Tarifindex;WZ08-22;Herstellung von Gummi- und Kunststoffwaren;98,1;2020=100;VST018;Index der tariflichen Wochenarbeitszeit
62221;Vj. Index der Tarifverdienste und Arbeitszeiten;JAHR;Jahr;2024;DINSGF;Früheres Bundesgebiet / Neue Länder;DN;Neue Länder;WZ08C7;WZ2008 (ausgewählte Positionen): Tarifindex;WZ08-22;Herstellung von Gummi- und Kunststoffwaren;109,0;2020=100;VST065;Index d.tarifl. Stundenverdienste ohne Sonderzahl.
62221;Vj. Index der Tarifverdienste und Arbeitszeiten;JAHR;Jahr;2023;DINSGF;Früheres Bundesgebiet / Neue Länder;DN;Neue Länder;WZ08C7;WZ2008 (ausgewählte Positionen): Tarifindex;WZ08-51;Luftfahrt;109,0;2020=100;VST072;Index d.tarifl. Stundenverdienste mit Sonderzahl.
62221;Vj. Index der Tarifverdienste und Arbeitszeiten;JAHR;Jahr;2023;DINSGF;Früheres Bundesgebiet / Neue Länder;DN;Neue Länder;WZ08C7;WZ2008 (ausgewählte Positionen): Tarifindex;WZ08-51;Luftfahrt;109,0;2020=100;VST073;Index d.tarifl. Monatsverdienste mit Sonderzahl.
62221;Vj. Index der Tarifverdienste und Arbeitszeiten;JAHR;Jahr;2023;DINSGF;Früheres Bundesgebiet / Neue Länder;DN;Neue Länder;WZ08C7;WZ2008 (ausgewählte Positionen): Tarifindex;WZ08-51;Luftfahrt;39,8;h;VST019;Durchschnittliche tarifliche Wochenarbeitszeit
62221;Vj. Index der Tarifverdienste und Arbeitszeiten;JAHR;Jahr;2023;DINSGF;Früheres Bundesgebiet / Neue Länder;DN;Neue Länder;WZ08C7;WZ2008 (ausgewählte Positionen): Tarifindex;WZ08-51;Luftfahrt;104,6;2020=100;VST066;Index d.tarifl. Monatsverdienste ohne Sonderzahl.
62221;Vj. Index der Tarifverdienste und Arbeitszeiten;JAHR;Jahr;2023;DINSGF;Früheres Bundesgebiet / Neue Länder;DN;Neue Länder;WZ08C7;WZ2008 (ausgewählte Positionen): Tarifindex;WZ08-51;Luftfahrt;100,0;2020=100;VST018;Index der tariflichen Wochenarbeitszeit
62221;Vj. Index der Tarifverdienste und Arbeitszeiten;JAHR;Jahr;2023;DINSGF;Früheres Bundesgebiet / Neue Länder;DN;Neue Länder;WZ08C7;WZ2008 (ausgewählte Positionen): Tarifindex;WZ08-51;Luftfahrt;104,6;2020=100;VST065;Index d.tarifl. Stundenverdienste ohne Sonderzahl.
62221;Vj. Index der Tarifverdienste und Arbeitszeiten;JAHR;Jahr;2021;DINSGF;Früheres Bundesgebiet / Neue Länder;DN;Neue Länder;WZ08C7;WZ2008 (ausgewählte Positionen): Tarifindex;WZ08-06;Gewinnung von Erdöl und Erdgas;100,7;2020=100;VST072;Index d.tarifl. Stundenverdienste mit Sonderzahl.
62221;Vj. Index der Tarifverdienste und Arbeitszeiten;JAHR;Jahr;2021;DINSGF;Früheres Bundesgebiet / Neue Länder;DN;Neue Länder;WZ08C7;WZ2008 (ausgewählte Positionen): Tarifindex;WZ08-06;Gewinnung von Erdöl und Erdgas;100,7;2020=100;VST073;Index d.tarifl. Monatsverdienste mit Sonderzahl.
62221;Vj. Index der Tarifverdienste und Arbeitszeiten;JAHR;Jahr;2021;DINSGF;Früheres Bundesgebiet / Neue Länder;DN;Neue Länder;WZ08C7;WZ2008 (ausgewählte Positionen): Tarifindex;WZ08-06;Gewinnung von Erdöl und Erdgas;38,0;h;VST019;Durchschnittliche tarifliche Wochenarbeitszeit
62221;Vj. Index der Tarifverdienste und Arbeitszeiten;JAHR;Jahr;2021;DINSGF;Früheres Bundesgebiet / Neue Länder;DN;Neue Länder;WZ08C7;WZ2008 (ausgewählte Positionen): Tarifindex;WZ08-06;Gewinnung von Erdöl und Erdgas;102,3;2020=100;VST066;Index d.tarifl. Monatsverdienste ohne Sonderzahl.
62221;Vj. Index der Tarifverdienste und Arbeitszeiten;JAHR;Jahr;2021;DINSGF;Früheres Bundesgebiet / Neue Länder;DN;Neue Länder;WZ08C7;WZ2008 (ausgewählte Positionen): Tarifindex;WZ08-06;Gewinnung von Erdöl und Erdgas;100,0;2020=100;VST018;Index der tariflichen Wochenarbeitszeit
62221;Vj. Index der Tarifverdienste und Arbeitszeiten;JAHR;Jahr;2021;DINSGF;Früheres Bundesgebiet / Neue Länder;DN;Neue Länder;WZ08C7;WZ2008 (ausgewählte Positionen): Tarifindex;WZ08-06;Gewinnung von Erdöl und Erdgas;102,3;2020=100;VST065;Index d.tarifl. Stundenverdienste ohne Sonderzahl.
62221;Vj. Index der Tarifverdienste und Arbeitszeiten;JAHR;Jahr;2016;DINSGF;Früheres Bundesgebiet / Neue Länder;DN;Neue Länder;WZ08C7;WZ2008 (ausgewählte Positionen): Tarifindex;WZ08-05;Kohlenbergbau;95,6;2020=100;VST072;Index d.tarifl. Stundenverdienste mit Sonderzahl.
62221;Vj. Index der Tarifverdienste und Arbeitszeiten;JAHR;Jahr;2016;DINSGF;Früheres Bundesgebiet / Neue Länder;DN;Neue Länder;WZ08C7;WZ2008 (ausgewählte Positionen): Tarifindex;WZ08-05;Kohlenbergbau;95,6;2020=100;VST073;Index d.tarifl. Monatsverdienste mit Sonderzahl.
62221;Vj. Index der Tarifverdienste und Arbeitszeiten;JAHR;Jahr;2016;DINSGF;Früheres Bundesgebiet / Neue Länder;DN;Neue Länder;WZ08C7;WZ2008 (ausgewählte Positionen): Tarifindex;WZ08-05;Kohlenbergbau;37,0;h;VST019;Durchschnittliche tarifliche Wochenarbeitszeit
62221;Vj. Index der Tarifverdienste und Arbeitszeiten;JAHR;Jahr;2016;DINSGF;Früheres Bundesgebiet / Neue Länder;DN;Neue Länder;WZ08C7;WZ2008 (ausgewählte Positionen): Tarifindex;WZ08-05;Kohlenbergbau;94,1;2020=100;VST066;Index d.tarifl. Monatsverdienste ohne Sonderzahl.
62221;Vj. Index der Tarifverdienste und Arbeitszeiten;JAHR;Jahr;2016;DINSGF;Früheres Bundesgebiet / Neue Länder;DN;Neue Länder;WZ08C7;WZ2008 (ausgewählte Positionen): Tarifindex;WZ08-05;Kohlenbergbau;100,0;2020=100;VST018;Index der tariflichen Wochenarbeitszeit
62221;Vj. Index der Tarifverdienste und Arbeitszeiten;JAHR;Jahr;2016;DINSGF;Früheres Bundesgebiet / Neue Länder;DN;Neue Länder;WZ08C7;WZ2008 (ausgewählte Positionen): Tarifindex;WZ08-05;Kohlenbergbau;94,1;2020=100;VST065;Index d.tarifl. Stundenverdienste ohne Sonderzahl.
62221;Vj. Index der Tarifverdienste und Arbeitszeiten;JAHR;Jahr;2024;DINSGF;Früheres Bundesgebiet / Neue Länder;DF;Früheres Bundesgebiet;WZ08C7;WZ2008 (ausgewählte Positionen): Tarifindex;WZ08-B-05;Produzierendes Gewerbe;112,6;2020=100;VST072;Index d.tarifl. Stundenverdienste mit Sonderzahl.
62221;Vj. Index der Tarifverdienste und Arbeitszeiten;JAHR;Jahr;2024;DINSGF;Früheres Bundesgebiet / Neue Länder;DF;Früheres Bundesgebiet;WZ08C7;WZ2008 (ausgewählte Positionen): Tarifindex;WZ08-B-05;Produzierendes Gewerbe;112,6;2020=100;VST073;Index d.tarifl. Monatsverdienste mit Sonderzahl.
62221;Vj. Index der Tarifverdienste und Arbeitszeiten;JAHR;Jahr;2024;DINSGF;Früheres Bundesgebiet / Neue Länder;DF;Früheres Bundesgebiet;WZ08C7;WZ2008 (ausgewählte Positionen): Tarifindex;WZ08-B-05;Produzierendes Gewerbe;36,7;h;VST019;Durchschnittliche tarifliche Wochenarbeitszeit
62221;Vj. Index der Tarifverdienste und Arbeitszeiten;JAHR;Jahr;2024;DINSGF;Früheres Bundesgebiet / Neue Länder;DF;Früheres Bundesgebiet;WZ08C7;WZ2008 (ausgewählte Positionen): Tarifindex;WZ08-B-05;Produzierendes Gewerbe;109,4;2020=100;VST066;Index d.tarifl. Monatsverdienste ohne Sonderzahl.
62221;Vj. Index der Tarifverdienste und Arbeitszeiten;JAHR;Jahr;2024;DINSGF;Früheres Bundesgebiet / Neue Länder;DF;Früheres Bundesgebiet;WZ08C7;WZ2008 (ausgewählte Positionen): Tarifindex;WZ08-B-05;Produzierendes Gewerbe;100,0;2020=100;VST018;Index der tariflichen Wochenarbeitszeit
62221;Vj. Index der Tarifverdienste und Arbeitszeiten;JAHR;Jahr;2024;DINSGF;Früheres Bundesgebiet / Neue Länder;DF;Früheres Bundesgebiet;WZ08C7;WZ2008 (ausgewählte Positionen): Tarifindex;WZ08-B-05;Produzierendes Gewerbe;109,4;2020=100;VST065;Index d.tarifl. Stundenverdienste ohne Sonderzahl.
62221;Vj. Index der Tarifverdienste und Arbeitszeiten;JAHR;Jahr;2025;DINSGF;Früheres Bundesgebiet / Neue Länder;DN;Neue Länder;WZ08C7;WZ2008 (ausgewählte Positionen): Tarifindex;WZ-X001;Vorleistungsgüterproduzenten;117,2;2020=100;VST072;Index d.tarifl. Stundenverdienste mit Sonderzahl.
62221;Vj. Index der Tarifverdienste und Arbeitszeiten;JAHR;Jahr;2025;DINSGF;Früheres Bundesgebiet / Neue Länder;DN;Neue Länder;WZ08C7;WZ2008 (ausgewählte Positionen): Tarifindex;WZ-X001;Vorleistungsgüterproduzenten;116,1;2020=100;VST073;Index d.tarifl. Monatsverdienste mit Sonderzahl.
62221;Vj. Index der Tarifverdienste und Arbeitszeiten;JAHR;Jahr;2025;DINSGF;Früheres Bundesgebiet / Neue Länder;DN;Neue Länder;WZ08C7;WZ2008 (ausgewählte Positionen): Tarifindex;WZ-X001;Vorleistungsgüterproduzenten;38,0;h;VST019;Durchschnittliche tarifliche Wochenarbeitszeit
62221;Vj. Index der Tarifverdienste und Arbeitszeiten;JAHR;Jahr;2025;DINSGF;Früheres Bundesgebiet / Neue Länder;DN;Neue Länder;WZ08C7;WZ2008 (ausgewählte Positionen): Tarifindex;WZ-X001;Vorleistungsgüterproduzenten;115,1;2020=100;VST066;Index d.tarifl. Monatsverdienste ohne Sonderzahl.
62221;Vj. Index der Tarifverdienste und Arbeitszeiten;JAHR;Jahr;2025;DINSGF;Früheres Bundesgebiet / Neue Länder;DN;Neue Länder;WZ08C7;WZ2008 (ausgewählte Positionen): Tarifindex;WZ-X001;Vorleistungsgüterproduzenten;99,2;2020=100;VST018;Index der tariflichen Wochenarbeitszeit
62221;Vj. Index der Tarifverdienste und Arbeitszeiten;JAHR;Jahr;2025;DINSGF;Früheres Bundesgebiet / Neue Länder;DN;Neue Länder;WZ08C7;WZ2008 (ausgewählte Positionen): Tarifindex;WZ-X001;Vorleistungsgüterproduzenten;116,1;2020=100;VST065;Index d.tarifl. Stundenverdienste ohne Sonderzahl.
62221;Vj. Index der Tarifverdienste und Arbeitszeiten;JAHR;Jahr;2020;DINSGF;Früheres Bundesgebiet / Neue Länder;DF;Früheres Bundesgebiet;WZ08C7;WZ2008 (ausgewählte Positionen): Tarifindex;WZ08-01;Landwirtschaft, Jagd und verbundene Tätigkeiten;100,0;2020=100;VST072;Index d.tarifl. Stundenverdienste mit Sonderzahl.
62221;Vj. Index der Tarifverdienste und Arbeitszeiten;JAHR;Jahr;2020;DINSGF;Früheres Bundesgebiet / Neue Länder;DF;Früheres Bundesgebiet;WZ08C7;WZ2008 (ausgewählte Positionen): Tarifindex;WZ08-01;Landwirtschaft, Jagd und verbundene Tätigkeiten;100,0;2020=100;VST073;Index d.tarifl. Monatsverdienste mit Sonderzahl.
62221;Vj. Index der Tarifverdienste und Arbeitszeiten;JAHR;Jahr;2020;DINSGF;Früheres Bundesgebiet / Neue Länder;DF;Früheres Bundesgebiet;WZ08C7;WZ2008 (ausgewählte Positionen): Tarifindex;WZ08-01;Landwirtschaft, Jagd und verbundene Tätigkeiten;39,5;h;VST019;Durchschnittliche tarifliche Wochenarbeitszeit
62221;Vj. Index der Tarifverdienste und Arbeitszeiten;JAHR;Jahr;2020;DINSGF;Früheres Bundesgebiet / Neue Länder;DF;Früheres Bundesgebiet;WZ08C7;WZ2008 (ausgewählte Positionen): Tarifindex;WZ08-01;Landwirtschaft, Jagd und verbundene Tätigkeiten;100,0;2020=100;VST066;Index d.tarifl. Monatsverdienste ohne Sonderzahl.
62221;Vj. Index der Tarifverdienste und Arbeitszeiten;JAHR;Jahr;2020;DINSGF;Früheres Bundesgebiet / Neue Länder;DF;Früheres Bundesgebiet;WZ08C7;WZ2008 (ausgewählte Positionen): Tarifindex;WZ08-01;Landwirtschaft, Jagd und verbundene Tätigkeiten;100,0;2020=100;VST018;Index der tariflichen Wochenarbeitszeit
62221;Vj. Index der Tarifverdienste und Arbeitszeiten;JAHR;Jahr;2020;DINSGF;Früheres Bundesgebiet / Neue Länder;DF;Früheres Bundesgebiet;WZ08C7;WZ2008 (ausgewählte Positionen): Tarifindex;WZ08-01;Landwirtschaft, Jagd und verbundene Tätigkeiten;100,0;2020=100;VST065;Index d.tarifl. Stundenverdienste ohne Sonderzahl.
62221;Vj. Index der Tarifverdienste und Arbeitszeiten;JAHR;Jahr;2024;DINSGF;Früheres Bundesgebiet / Neue Länder;DF;Früheres Bundesgebiet;WZ08C7;WZ2008 (ausgewählte Positionen): Tarifindex;WZ08-32;Herstellung von sonstigen Waren;112,3;2020=100;VST072;Index d.tarifl. Stundenverdienste mit Sonderzahl.
62221;Vj. Index der Tarifverdienste und Arbeitszeiten;JAHR;Jahr;2024;DINSGF;Früheres Bundesgebiet / Neue Länder;DF;Früheres Bundesgebiet;WZ08C7;WZ2008 (ausgewählte Positionen): Tarifindex;WZ08-32;Herstellung von sonstigen Waren;112,3;2020=100;VST073;Index d.tarifl. Monatsverdienste mit Sonderzahl.
62221;Vj. Index der Tarifverdienste und Arbeitszeiten;JAHR;Jahr;2024;DINSGF;Früheres Bundesgebiet / Neue Länder;DF;Früheres Bundesgebiet;WZ08C7;WZ2008 (ausgewählte Positionen): Tarifindex;WZ08-32;Herstellung von sonstigen Waren;36,2;h;VST019;Durchschnittliche tarifliche Wochenarbeitszeit
62221;Vj. Index der Tarifverdienste und Arbeitszeiten;JAHR;Jahr;2024;DINSGF;Früheres Bundesgebiet / Neue Länder;DF;Früheres Bundesgebiet;WZ08C7;WZ2008 (ausgewählte Positionen): Tarifindex;WZ08-32;Herstellung von sonstigen Waren;108,4;2020=100;VST066;Index d.tarifl. Monatsverdienste ohne Sonderzahl.
62221;Vj. Index der Tarifverdienste und Arbeitszeiten;JAHR;Jahr;2024;DINSGF;Früheres Bundesgebiet / Neue Länder;DF;Früheres Bundesgebiet;WZ08C7;WZ2008 (ausgewählte Positionen): Tarifindex;WZ08-32;Herstellung von sonstigen Waren;100,0;2020=100;VST018;Index der tariflichen Wochenarbeitszeit
62221;Vj. Index der Tarifverdienste und Arbeitszeiten;JAHR;Jahr;2024;DINSGF;Früheres Bundesgebiet / Neue Länder;DF;Früheres Bundesgebiet;WZ08C7;WZ2008 (ausgewählte Positionen): Tarifindex;WZ08-32;Herstellung von sonstigen Waren;108,4;2020=100;VST065;Index d.tarifl. Stundenverdienste ohne Sonderzahl.
62221;Vj. Index der Tarifverdienste und Arbeitszeiten;JAHR;Jahr;2022;DINSGF;Früheres Bundesgebiet / Neue Länder;DN;Neue Länder;WZ08C7;WZ2008 (ausgewählte Positionen): Tarifindex;WZ08-01-01;Land- und Forstwirtschaft;103,7;2020=100;VST072;Index d.tarifl. Stundenverdienste mit Sonderzahl.
62221;Vj. Index der Tarifverdienste und Arbeitszeiten;JAHR;Jahr;2022;DINSGF;Früheres Bundesgebiet / Neue Länder;DN;Neue Länder;WZ08C7;WZ2008 (ausgewählte Positionen): Tarifindex;WZ08-01-01;Land- und Forstwirtschaft;103,7;2020=100;VST073;Index d.tarifl. Monatsverdienste mit Sonderzahl.
62221;Vj. Index der Tarifverdienste und Arbeitszeiten;JAHR;Jahr;2022;DINSGF;Früheres Bundesgebiet / Neue Länder;DN;Neue Länder;WZ08C7;WZ2008 (ausgewählte Positionen): Tarifindex;WZ08-01-01;Land- und Forstwirtschaft;39,8;h;VST019;Durchschnittliche tarifliche Wochenarbeitszeit
62221;Vj. Index der Tarifverdienste und Arbeitszeiten;JAHR;Jahr;2022;DINSGF;Früheres Bundesgebiet / Neue Länder;DN;Neue Länder;WZ08C7;WZ2008 (ausgewählte Positionen): Tarifindex;WZ08-01-01;Land- und Forstwirtschaft;103,0;2020=100;VST066;Index d.tarifl. Monatsverdienste ohne Sonderzahl.
62221;Vj. Index der Tarifverdienste und Arbeitszeiten;JAHR;Jahr;2022;DINSGF;Früheres Bundesgebiet / Neue Länder;DN;Neue Länder;WZ08C7;WZ2008 (ausgewählte Positionen): Tarifindex;WZ08-01-01;Land- und Forstwirtschaft;100,0;2020=100;VST018;Index der tariflichen Wochenarbeitszeit
62221;Vj. Index der Tarifverdienste und Arbeitszeiten;JAHR;Jahr;2022;DINSGF;Früheres Bundesgebiet / Neue Länder;DN;Neue Länder;WZ08C7;WZ2008 (ausgewählte Positionen): Tarifindex;WZ08-01-01;Land- und Forstwirtschaft;103,0;2020=100;VST065;Index d.tarifl. Stundenverdienste ohne Sonderzahl.
62221;Vj. Index der Tarifverdienste und Arbeitszeiten;JAHR;Jahr;2022;DINSGF;Früheres Bundesgebiet / Neue Länder;DN;Neue Länder;WZ08C7;WZ2008 (ausgewählte Positionen): Tarifindex;WZ08-81;Gebäudebetreuung, Garten- und Landschaftsbau;109,2;2020=100;VST072;Index d.tarifl. Stundenverdienste mit Sonderzahl.
62221;Vj. Index der Tarifverdienste und Arbeitszeiten;JAHR;Jahr;2022;DINSGF;Früheres Bundesgebiet / Neue Länder;DN;Neue Länder;WZ08C7;WZ2008 (ausgewählte Positionen): Tarifindex;WZ08-81;Gebäudebetreuung, Garten- und Landschaftsbau;109,2;2020=100;VST073;Index d.tarifl. Monatsverdienste mit Sonderzahl.
62221;Vj. Index der Tarifverdienste und Arbeitszeiten;JAHR;Jahr;2022;DINSGF;Früheres Bundesgebiet / Neue Länder;DN;Neue Länder;WZ08C7;WZ2008 (ausgewählte Positionen): Tarifindex;WZ08-81;Gebäudebetreuung, Garten- und Landschaftsbau;39,0;h;VST019;Durchschnittliche tarifliche Wochenarbeitszeit
62221;Vj. Index der Tarifverdienste und Arbeitszeiten;JAHR;Jahr;2022;DINSGF;Früheres Bundesgebiet / Neue Länder;DN;Neue Länder;WZ08C7;WZ2008 (ausgewählte Positionen): Tarifindex;WZ08-81;Gebäudebetreuung, Garten- und Landschaftsbau;109,4;2020=100;VST066;Index d.tarifl. Monatsverdienste ohne Sonderzahl.
62221;Vj. Index der Tarifverdienste und Arbeitszeiten;JAHR;Jahr;2022;DINSGF;Früheres Bundesgebiet / Neue Länder;DN;Neue Länder;WZ08C7;WZ2008 (ausgewählte Positionen): Tarifindex;WZ08-81;Gebäudebetreuung, Garten- und Landschaftsbau;100,0;2020=100;VST018;Index der tariflichen Wochenarbeitszeit
62221;Vj. Index der Tarifverdienste und Arbeitszeiten;JAHR;Jahr;2022;DINSGF;Früheres Bundesgebiet / Neue Länder;DN;Neue Länder;WZ08C7;WZ2008 (ausgewählte Positionen): Tarifindex;WZ08-81;Gebäudebetreuung, Garten- und Landschaftsbau;109,4;2020=100;VST065;Index d.tarifl. Stundenverdienste ohne Sonderzahl.
62221;Vj. Index der Tarifverdienste und Arbeitszeiten;JAHR;Jahr;2023;DINSGF;Früheres Bundesgebiet / Neue Länder;DF;Früheres Bundesgebiet;WZ08C7;WZ2008 (ausgewählte Positionen): Tarifindex;WZ08-26;H.v. DV-Geräten, elektron. u. opt. Erzeugnissen;107,5;2020=100;VST072;Index d.tarifl. Stundenverdienste mit Sonderzahl.
62221;Vj. Index der Tarifverdienste und Arbeitszeiten;JAHR;Jahr;2023;DINSGF;Früheres Bundesgebiet / Neue Länder;DF;Früheres Bundesgebiet;WZ08C7;WZ2008 (ausgewählte Positionen): Tarifindex;WZ08-26;H.v. DV-Geräten, elektron. u. opt. Erzeugnissen;107,5;2020=100;VST073;Index d.tarifl. Monatsverdienste mit Sonderzahl.
62221;Vj. Index der Tarifverdienste und Arbeitszeiten;JAHR;Jahr;2023;DINSGF;Früheres Bundesgebiet / Neue Länder;DF;Früheres Bundesgebiet;WZ08C7;WZ2008 (ausgewählte Positionen): Tarifindex;WZ08-26;H.v. DV-Geräten, elektron. u. opt. Erzeugnissen;35,2;h;VST019;Durchschnittliche tarifliche Wochenarbeitszeit
62221;Vj. Index der Tarifverdienste und Arbeitszeiten;JAHR;Jahr;2023;DINSGF;Früheres Bundesgebiet / Neue Länder;DF;Früheres Bundesgebiet;WZ08C7;WZ2008 (ausgewählte Positionen): Tarifindex;WZ08-26;H.v. DV-Geräten, elektron. u. opt. Erzeugnissen;103,3;2020=100;VST066;Index d.tarifl. Monatsverdienste ohne Sonderzahl.
62221;Vj. Index der Tarifverdienste und Arbeitszeiten;JAHR;Jahr;2023;DINSGF;Früheres Bundesgebiet / Neue Länder;DF;Früheres Bundesgebiet;WZ08C7;WZ2008 (ausgewählte Positionen): Tarifindex;WZ08-26;H.v. DV-Geräten, elektron. u. opt. Erzeugnissen;100,0;2020=100;VST018;Index der tariflichen Wochenarbeitszeit
62221;Vj. Index der Tarifverdienste und Arbeitszeiten;JAHR;Jahr;2023;DINSGF;Früheres Bundesgebiet / Neue Länder;DF;Früheres Bundesgebiet;WZ08C7;WZ2008 (ausgewählte Positionen): Tarifindex;WZ08-26;H.v. DV-Geräten, elektron. u. opt. Erzeugnissen;103,3;2020=100;VST065;Index d.tarifl. Stundenverdienste ohne Sonderzahl.
62221;Vj. Index der Tarifverdienste und Arbeitszeiten;JAHR;Jahr;2023;DINSGF;Früheres Bundesgebiet / Neue Länder;DN;Neue Länder;WZ08C7;WZ2008 (ausgewählte Positionen): Tarifindex;WZ08-G;Handel, Instandhaltung und Reparatur von Kfz;106,6;2020=100;VST072;Index d.tarifl. Stundenverdienste mit Sonderzahl.
62221;Vj. Index der Tarifverdienste und Arbeitszeiten;JAHR;Jahr;2023;DINSGF;Früheres Bundesgebiet / Neue Länder;DN;Neue Länder;WZ08C7;WZ2008 (ausgewählte Positionen): Tarifindex;WZ08-G;Handel, Instandhaltung und Reparatur von Kfz;106,5;2020=100;VST073;Index d.tarifl. Monatsverdienste mit Sonderzahl.
62221;Vj. Index der Tarifverdienste und Arbeitszeiten;JAHR;Jahr;2023;DINSGF;Früheres Bundesgebiet / Neue Länder;DN;Neue Länder;WZ08C7;WZ2008 (ausgewählte Positionen): Tarifindex;WZ08-G;Handel, Instandhaltung und Reparatur von Kfz;38,2;h;VST019;Durchschnittliche tarifliche Wochenarbeitszeit
62221;Vj. Index der Tarifverdienste und Arbeitszeiten;JAHR;Jahr;2023;DINSGF;Früheres Bundesgebiet / Neue Länder;DN;Neue Länder;WZ08C7;WZ2008 (ausgewählte Positionen): Tarifindex;WZ08-G;Handel, Instandhaltung und Reparatur von Kfz;105,9;2020=100;VST066;Index d.tarifl. Monatsverdienste ohne Sonderzahl.
62221;Vj. Index der Tarifverdienste und Arbeitszeiten;JAHR;Jahr;2023;DINSGF;Früheres Bundesgebiet / Neue Länder;DN;Neue Länder;WZ08C7;WZ2008 (ausgewählte Positionen): Tarifindex;WZ08-G;Handel, Instandhaltung und Reparatur von Kfz;100,0;2020=100;VST018;Index der tariflichen Wochenarbeitszeit
62221;Vj. Index der Tarifverdienste und Arbeitszeiten;JAHR;Jahr;2023;DINSGF;Früheres Bundesgebiet / Neue Länder;DN;Neue Länder;WZ08C7;WZ2008 (ausgewählte Positionen): Tarifindex;WZ08-G;Handel, Instandhaltung und Reparatur von Kfz;105,9;2020=100;VST065;Index d.tarifl. Stundenverdienste ohne Sonderzahl.
62221;Vj. Index der Tarifverdienste und Arbeitszeiten;JAHR;Jahr;2018;DINSGF;Früheres Bundesgebiet / Neue Länder;DF;Früheres Bundesgebiet;WZ08C7;WZ2008 (ausgewählte Positionen): Tarifindex;WZ08-N;Sonstige wirtschaftliche Dienstleistungen;94,7;2020=100;VST072;Index d.tarifl. Stundenverdienste mit Sonderzahl.
62221;Vj. Index der Tarifverdienste und Arbeitszeiten;JAHR;Jahr;2018;DINSGF;Früheres Bundesgebiet / Neue Länder;DF;Früheres Bundesgebiet;WZ08C7;WZ2008 (ausgewählte Positionen): Tarifindex;WZ08-N;Sonstige wirtschaftliche Dienstleistungen;94,7;2020=100;VST073;Index d.tarifl. Monatsverdienste mit Sonderzahl.
62221;Vj. Index der Tarifverdienste und Arbeitszeiten;JAHR;Jahr;2018;DINSGF;Früheres Bundesgebiet / Neue Länder;DF;Früheres Bundesgebiet;WZ08C7;WZ2008 (ausgewählte Positionen): Tarifindex;WZ08-N;Sonstige wirtschaftliche Dienstleistungen;36,9;h;VST019;Durchschnittliche tarifliche Wochenarbeitszeit
62221;Vj. Index der Tarifverdienste und Arbeitszeiten;JAHR;Jahr;2018;DINSGF;Früheres Bundesgebiet / Neue Länder;DF;Früheres Bundesgebiet;WZ08C7;WZ2008 (ausgewählte Positionen): Tarifindex;WZ08-N;Sonstige wirtschaftliche Dienstleistungen;94,7;2020=100;VST066;Index d.tarifl. Monatsverdienste ohne Sonderzahl.
62221;Vj. Index der Tarifverdienste und Arbeitszeiten;JAHR;Jahr;2018;DINSGF;Früheres Bundesgebiet / Neue Länder;DF;Früheres Bundesgebiet;WZ08C7;WZ2008 (ausgewählte Positionen): Tarifindex;WZ08-N;Sonstige wirtschaftliche Dienstleistungen;100,0;2020=100;VST018;Index der tariflichen Wochenarbeitszeit
62221;Vj. Index der Tarifverdienste und Arbeitszeiten;JAHR;Jahr;2018;DINSGF;Früheres Bundesgebiet / Neue Länder;DF;Früheres Bundesgebiet;WZ08C7;WZ2008 (ausgewählte Positionen): Tarifindex;WZ08-N;Sonstige wirtschaftliche Dienstleistungen;94,7;2020=100;VST065;Index d.tarifl. Stundenverdienste ohne Sonderzahl.
62221;Vj. Index der Tarifverdienste und Arbeitszeiten;JAHR;Jahr;2025;DINSGF;Früheres Bundesgebiet / Neue Länder;DF;Früheres Bundesgebiet;WZ08C7;WZ2008 (ausgewählte Positionen): Tarifindex;WZ08-B-11;Produzierendes Gewerbe, Handel u.A.;114,7;2020=100;VST072;Index d.tarifl. Stundenverdienste mit Sonderzahl.
62221;Vj. Index der Tarifverdienste und Arbeitszeiten;JAHR;Jahr;2025;DINSGF;Früheres Bundesgebiet / Neue Länder;DF;Früheres Bundesgebiet;WZ08C7;WZ2008 (ausgewählte Positionen): Tarifindex;WZ08-B-11;Produzierendes Gewerbe, Handel u.A.;114,7;2020=100;VST073;Index d.tarifl. Monatsverdienste mit Sonderzahl.
62221;Vj. Index der Tarifverdienste und Arbeitszeiten;JAHR;Jahr;2025;DINSGF;Früheres Bundesgebiet / Neue Länder;DF;Früheres Bundesgebiet;WZ08C7;WZ2008 (ausgewählte Positionen): Tarifindex;WZ08-B-11;Produzierendes Gewerbe, Handel u.A.;38,1;h;VST019;Durchschnittliche tarifliche Wochenarbeitszeit
62221;Vj. Index der Tarifverdienste und Arbeitszeiten;JAHR;Jahr;2025;DINSGF;Früheres Bundesgebiet / Neue Länder;DF;Früheres Bundesgebiet;WZ08C7;WZ2008 (ausgewählte Positionen): Tarifindex;WZ08-B-11;Produzierendes Gewerbe, Handel u.A.;114,1;2020=100;VST066;Index d.tarifl. Monatsverdienste ohne Sonderzahl.
62221;Vj. Index der Tarifverdienste und Arbeitszeiten;JAHR;Jahr;2025;DINSGF;Früheres Bundesgebiet / Neue Länder;DF;Früheres Bundesgebiet;WZ08C7;WZ2008 (ausgewählte Positionen): Tarifindex;WZ08-B-11;Produzierendes Gewerbe, Handel u.A.;100,0;2020=100;VST018;Index der tariflichen Wochenarbeitszeit
62221;Vj. Index der Tarifverdienste und Arbeitszeiten;JAHR;Jahr;2025;DINSGF;Früheres Bundesgebiet / Neue Länder;DF;Früheres Bundesgebiet;WZ08C7;WZ2008 (ausgewählte Positionen): Tarifindex;WZ08-B-11;Produzierendes Gewerbe, Handel u.A.;114,1;2020=100;VST065;Index d.tarifl. Stundenverdienste ohne Sonderzahl.
62221;Vj. Index der Tarifverdienste und Arbeitszeiten;JAHR;Jahr;2023;DINSGF;Früheres Bundesgebiet / Neue Länder;DN;Neue Länder;WZ08C7;WZ2008 (ausgewählte Positionen): Tarifindex;WZ08-S;Erbringung von sonstigen Dienstleistungen;107,6;2020=100;VST072;Index d.tarifl. Stundenverdienste mit Sonderzahl.
62221;Vj. Index der Tarifverdienste und Arbeitszeiten;JAHR;Jahr;2023;DINSGF;Früheres Bundesgebiet / Neue Länder;DN;Neue Länder;WZ08C7;WZ2008 (ausgewählte Positionen): Tarifindex;WZ08-S;Erbringung von sonstigen Dienstleistungen;107,5;2020=100;VST073;Index d.tarifl. Monatsverdienste mit Sonderzahl.
62221;Vj. Index der Tarifverdienste und Arbeitszeiten;JAHR;Jahr;2023;DINSGF;Früheres Bundesgebiet / Neue Länder;DN;Neue Länder;WZ08C7;WZ2008 (ausgewählte Positionen): Tarifindex;WZ08-S;Erbringung von sonstigen Dienstleistungen;39,5;h;VST019;Durchschnittliche tarifliche Wochenarbeitszeit
62221;Vj. Index der Tarifverdienste und Arbeitszeiten;JAHR;Jahr;2023;DINSGF;Früheres Bundesgebiet / Neue Länder;DN;Neue Länder;WZ08C7;WZ2008 (ausgewählte Positionen): Tarifindex;WZ08-S;Erbringung von sonstigen Dienstleistungen;106,1;2020=100;VST066;Index d.tarifl. Monatsverdienste ohne Sonderzahl.
62221;Vj. Index der Tarifverdienste und Arbeitszeiten;JAHR;Jahr;2023;DINSGF;Früheres Bundesgebiet / Neue Länder;DN;Neue Länder;WZ08C7;WZ2008 (ausgewählte Positionen): Tarifindex;WZ08-S;Erbringung von sonstigen Dienstleistungen;99,9;2020=100;VST018;Index der tariflichen Wochenarbeitszeit
62221;Vj. Index der Tarifverdienste und Arbeitszeiten;JAHR;Jahr;2023;DINSGF;Früheres Bundesgebiet / Neue Länder;DN;Neue Länder;WZ08C7;WZ2008 (ausgewählte Positionen): Tarifindex;WZ08-S;Erbringung von sonstigen Dienstleistungen;106,2;2020=100;VST065;Index d.tarifl. Stundenverdienste ohne Sonderzahl.
62221;Vj. Index der Tarifverdienste und Arbeitszeiten;JAHR;Jahr;2018;DINSGF;Früheres Bundesgebiet / Neue Länder;DN;Neue Länder;WZ08C7;WZ2008 (ausgewählte Positionen): Tarifindex;WZ08-13-01;Textil- und Bekleidungsgewerbe;94,4;2020=100;VST072;Index d.tarifl. Stundenverdienste mit Sonderzahl.
62221;Vj. Index der Tarifverdienste und Arbeitszeiten;JAHR;Jahr;2018;DINSGF;Früheres Bundesgebiet / Neue Länder;DN;Neue Länder;WZ08C7;WZ2008 (ausgewählte Positionen): Tarifindex;WZ08-13-01;Textil- und Bekleidungsgewerbe;95,5;2020=100;VST073;Index d.tarifl. Monatsverdienste mit Sonderzahl.
62221;Vj. Index der Tarifverdienste und Arbeitszeiten;JAHR;Jahr;2018;DINSGF;Früheres Bundesgebiet / Neue Länder;DN;Neue Länder;WZ08C7;WZ2008 (ausgewählte Positionen): Tarifindex;WZ08-13-01;Textil- und Bekleidungsgewerbe;39,8;h;VST019;Durchschnittliche tarifliche Wochenarbeitszeit
62221;Vj. Index der Tarifverdienste und Arbeitszeiten;JAHR;Jahr;2018;DINSGF;Früheres Bundesgebiet / Neue Länder;DN;Neue Länder;WZ08C7;WZ2008 (ausgewählte Positionen): Tarifindex;WZ08-13-01;Textil- und Bekleidungsgewerbe;95,6;2020=100;VST066;Index d.tarifl. Monatsverdienste ohne Sonderzahl.
62221;Vj. Index der Tarifverdienste und Arbeitszeiten;JAHR;Jahr;2018;DINSGF;Früheres Bundesgebiet / Neue Länder;DN;Neue Länder;WZ08C7;WZ2008 (ausgewählte Positionen): Tarifindex;WZ08-13-01;Textil- und Bekleidungsgewerbe;101,2;2020=100;VST018;Index der tariflichen Wochenarbeitszeit
62221;Vj. Index der Tarifverdienste und Arbeitszeiten;JAHR;Jahr;2018;DINSGF;Früheres Bundesgebiet / Neue Länder;DN;Neue Länder;WZ08C7;WZ2008 (ausgewählte Positionen): Tarifindex;WZ08-13-01;Textil- und Bekleidungsgewerbe;94,4;2020=100;VST065;Index d.tarifl. Stundenverdienste ohne Sonderzahl.
62221;Vj. Index der Tarifverdienste und Arbeitszeiten;JAHR;Jahr;2024;DINSGF;Früheres Bundesgebiet / Neue Länder;DF;Früheres Bundesgebiet;WZ08C7;WZ2008 (ausgewählte Positionen): Tarifindex;WZ08-14;Herstellung von Bekleidung;112,0;2020=100;VST072;Index d.tarifl. Stundenverdienste mit Sonderzahl.
62221;Vj. Index der Tarifverdienste und Arbeitszeiten;JAHR;Jahr;2024;DINSGF;Früheres Bundesgebiet / Neue Länder;DF;Früheres Bundesgebiet;WZ08C7;WZ2008 (ausgewählte Positionen): Tarifindex;WZ08-14;Herstellung von Bekleidung;112,0;2020=100;VST073;Index d.tarifl. Monatsverdienste mit Sonderzahl.
62221;Vj. Index der Tarifverdienste und Arbeitszeiten;JAHR;Jahr;2024;DINSGF;Früheres Bundesgebiet / Neue Länder;DF;Früheres Bundesgebiet;WZ08C7;WZ2008 (ausgewählte Positionen): Tarifindex;WZ08-14;Herstellung von Bekleidung;37,0;h;VST019;Durchschnittliche tarifliche Wochenarbeitszeit
62221;Vj. Index der Tarifverdienste und Arbeitszeiten;JAHR;Jahr;2024;DINSGF;Früheres Bundesgebiet / Neue Länder;DF;Früheres Bundesgebiet;WZ08C7;WZ2008 (ausgewählte Positionen): Tarifindex;WZ08-14;Herstellung von Bekleidung;110,7;2020=100;VST066;Index d.tarifl. Monatsverdienste ohne Sonderzahl.
62221;Vj. Index der Tarifverdienste und Arbeitszeiten;JAHR;Jahr;2024;DINSGF;Früheres Bundesgebiet / Neue Länder;DF;Früheres Bundesgebiet;WZ08C7;WZ2008 (ausgewählte Positionen): Tarifindex;WZ08-14;Herstellung von Bekleidung;100,0;2020=100;VST018;Index der tariflichen Wochenarbeitszeit
62221;Vj. Index der Tarifverdienste und Arbeitszeiten;JAHR;Jahr;2024;DINSGF;Früheres Bundesgebiet / Neue Länder;DF;Früheres Bundesgebiet;WZ08C7;WZ2008 (ausgewählte Positionen): Tarifindex;WZ08-14;Herstellung von Bekleidung;110,7;2020=100;VST065;Index d.tarifl. Stundenverdienste ohne Sonderzahl.
62221;Vj. Index der Tarifverdienste und Arbeitszeiten;JAHR;Jahr;2022;DINSGF;Früheres Bundesgebiet / Neue Länder;DN;Neue Länder;WZ08C7;WZ2008 (ausgewählte Positionen): Tarifindex;WZ08-G-02;Dienstleistungsbereich;103,9;2020=100;VST072;Index d.tarifl. Stundenverdienste mit Sonderzahl.
62221;Vj. Index der Tarifverdienste und Arbeitszeiten;JAHR;Jahr;2022;DINSGF;Früheres Bundesgebiet / Neue Länder;DN;Neue Länder;WZ08C7;WZ2008 (ausgewählte Positionen): Tarifindex;WZ08-G-02;Dienstleistungsbereich;103,9;2020=100;VST073;Index d.tarifl. Monatsverdienste mit Sonderzahl.
62221;Vj. Index der Tarifverdienste und Arbeitszeiten;JAHR;Jahr;2022;DINSGF;Früheres Bundesgebiet / Neue Länder;DN;Neue Länder;WZ08C7;WZ2008 (ausgewählte Positionen): Tarifindex;WZ08-G-02;Dienstleistungsbereich;39,2;h;VST019;Durchschnittliche tarifliche Wochenarbeitszeit
62221;Vj. Index der Tarifverdienste und Arbeitszeiten;JAHR;Jahr;2022;DINSGF;Früheres Bundesgebiet / Neue Länder;DN;Neue Länder;WZ08C7;WZ2008 (ausgewählte Positionen): Tarifindex;WZ08-G-02;Dienstleistungsbereich;103,2;2020=100;VST066;Index d.tarifl. Monatsverdienste ohne Sonderzahl.
62221;Vj. Index der Tarifverdienste und Arbeitszeiten;JAHR;Jahr;2022;DINSGF;Früheres Bundesgebiet / Neue Länder;DN;Neue Länder;WZ08C7;WZ2008 (ausgewählte Positionen): Tarifindex;WZ08-G-02;Dienstleistungsbereich;99,9;2020=100;VST018;Index der tariflichen Wochenarbeitszeit
62221;Vj. Index der Tarifverdienste und Arbeitszeiten;JAHR;Jahr;2022;DINSGF;Früheres Bundesgebiet / Neue Länder;DN;Neue Länder;WZ08C7;WZ2008 (ausgewählte Positionen): Tarifindex;WZ08-G-02;Dienstleistungsbereich;103,3;2020=100;VST065;Index d.tarifl. Stundenverdienste ohne Sonderzahl.
62221;Vj. Index der Tarifverdienste und Arbeitszeiten;JAHR;Jahr;2020;DINSGF;Früheres Bundesgebiet / Neue Länder;DN;Neue Länder;WZ08C7;WZ2008 (ausgewählte Positionen): Tarifindex;WZ08-L;Grundstücks- und Wohnungswesen;100,0;2020=100;VST072;Index d.tarifl. Stundenverdienste mit Sonderzahl.
62221;Vj. Index der Tarifverdienste und Arbeitszeiten;JAHR;Jahr;2020;DINSGF;Früheres Bundesgebiet / Neue Länder;DN;Neue Länder;WZ08C7;WZ2008 (ausgewählte Positionen): Tarifindex;WZ08-L;Grundstücks- und Wohnungswesen;100,0;2020=100;VST073;Index d.tarifl. Monatsverdienste mit Sonderzahl.
62221;Vj. Index der Tarifverdienste und Arbeitszeiten;JAHR;Jahr;2020;DINSGF;Früheres Bundesgebiet / Neue Länder;DN;Neue Länder;WZ08C7;WZ2008 (ausgewählte Positionen): Tarifindex;WZ08-L;Grundstücks- und Wohnungswesen;37,9;h;VST019;Durchschnittliche tarifliche Wochenarbeitszeit
62221;Vj. Index der Tarifverdienste und Arbeitszeiten;JAHR;Jahr;2020;DINSGF;Früheres Bundesgebiet / Neue Länder;DN;Neue Länder;WZ08C7;WZ2008 (ausgewählte Positionen): Tarifindex;WZ08-L;Grundstücks- und Wohnungswesen;100,0;2020=100;VST066;Index d.tarifl. Monatsverdienste ohne Sonderzahl.
62221;Vj. Index der Tarifverdienste und Arbeitszeiten;JAHR;Jahr;2020;DINSGF;Früheres Bundesgebiet / Neue Länder;DN;Neue Länder;WZ08C7;WZ2008 (ausgewählte Positionen): Tarifindex;WZ08-L;Grundstücks- und Wohnungswesen;100,0;2020=100;VST018;Index der tariflichen Wochenarbeitszeit
62221;Vj. Index der Tarifverdienste und Arbeitszeiten;JAHR;Jahr;2020;DINSGF;Früheres Bundesgebiet / Neue Länder;DN;Neue Länder;WZ08C7;WZ2008 (ausgewählte Positionen): Tarifindex;WZ08-L;Grundstücks- und Wohnungswesen;100,0;2020=100;VST065;Index d.tarifl. Stundenverdienste ohne Sonderzahl.
62221;Vj. Index der Tarifverdienste und Arbeitszeiten;JAHR;Jahr;2024;DINSGF;Früheres Bundesgebiet / Neue Länder;DF;Früheres Bundesgebiet;WZ08C7;WZ2008 (ausgewählte Positionen): Tarifindex;WZ08-29;Herstellung von Kraftwagen und Kraftwagenteilen;111,8;2020=100;VST072;Index d.tarifl. Stundenverdienste mit Sonderzahl.
62221;Vj. Index der Tarifverdienste und Arbeitszeiten;JAHR;Jahr;2024;DINSGF;Früheres Bundesgebiet / Neue Länder;DF;Früheres Bundesgebiet;WZ08C7;WZ2008 (ausgewählte Positionen): Tarifindex;WZ08-29;Herstellung von Kraftwagen und Kraftwagenteilen;111,8;2020=100;VST073;Index d.tarifl. Monatsverdienste mit Sonderzahl.
62221;Vj. Index der Tarifverdienste und Arbeitszeiten;JAHR;Jahr;2024;DINSGF;Früheres Bundesgebiet / Neue Länder;DF;Früheres Bundesgebiet;WZ08C7;WZ2008 (ausgewählte Positionen): Tarifindex;WZ08-29;Herstellung von Kraftwagen und Kraftwagenteilen;35,2;h;VST019;Durchschnittliche tarifliche Wochenarbeitszeit
62221;Vj. Index der Tarifverdienste und Arbeitszeiten;JAHR;Jahr;2024;DINSGF;Früheres Bundesgebiet / Neue Länder;DF;Früheres Bundesgebiet;WZ08C7;WZ2008 (ausgewählte Positionen): Tarifindex;WZ08-29;Herstellung von Kraftwagen und Kraftwagenteilen;108,3;2020=100;VST066;Index d.tarifl. Monatsverdienste ohne Sonderzahl.
62221;Vj. Index der Tarifverdienste und Arbeitszeiten;JAHR;Jahr;2024;DINSGF;Früheres Bundesgebiet / Neue Länder;DF;Früheres Bundesgebiet;WZ08C7;WZ2008 (ausgewählte Positionen): Tarifindex;WZ08-29;Herstellung von Kraftwagen und Kraftwagenteilen;100,0;2020=100;VST018;Index der tariflichen Wochenarbeitszeit
62221;Vj. Index der Tarifverdienste und Arbeitszeiten;JAHR;Jahr;2024;DINSGF;Früheres Bundesgebiet / Neue Länder;DF;Früheres Bundesgebiet;WZ08C7;WZ2008 (ausgewählte Positionen): Tarifindex;WZ08-29;Herstellung von Kraftwagen und Kraftwagenteilen;108,3;2020=100;VST065;Index d.tarifl. Stundenverdienste ohne Sonderzahl.
62221;Vj. Index der Tarifverdienste und Arbeitszeiten;JAHR;Jahr;2020;DINSGF;Früheres Bundesgebiet / Neue Länder;DN;Neue Länder;WZ08C7;WZ2008 (ausgewählte Positionen): Tarifindex;WZ08-74;Sonst. freiberufl.,wissenschaftl. u. techn.Tätigk.;100,0;2020=100;VST072;Index d.tarifl. Stundenverdienste mit Sonderzahl.
62221;Vj. Index der Tarifverdienste und Arbeitszeiten;JAHR;Jahr;2020;DINSGF;Früheres Bundesgebiet / Neue Länder;DN;Neue Länder;WZ08C7;WZ2008 (ausgewählte Positionen): Tarifindex;WZ08-74;Sonst. freiberufl.,wissenschaftl. u. techn.Tätigk.;100,0;2020=100;VST073;Index d.tarifl. Monatsverdienste mit Sonderzahl.
62221;Vj. Index der Tarifverdienste und Arbeitszeiten;JAHR;Jahr;2020;DINSGF;Früheres Bundesgebiet / Neue Länder;DN;Neue Länder;WZ08C7;WZ2008 (ausgewählte Positionen): Tarifindex;WZ08-74;Sonst. freiberufl.,wissenschaftl. u. techn.Tätigk.;39,1;h;VST019;Durchschnittliche tarifliche Wochenarbeitszeit
62221;Vj. Index der Tarifverdienste und Arbeitszeiten;JAHR;Jahr;2020;DINSGF;Früheres Bundesgebiet / Neue Länder;DN;Neue Länder;WZ08C7;WZ2008 (ausgewählte Positionen): Tarifindex;WZ08-74;Sonst. freiberufl.,wissenschaftl. u. techn.Tätigk.;100,0;2020=100;VST066;Index d.tarifl. Monatsverdienste ohne Sonderzahl.
62221;Vj. Index der Tarifverdienste und Arbeitszeiten;JAHR;Jahr;2020;DINSGF;Früheres Bundesgebiet / Neue Länder;DN;Neue Länder;WZ08C7;WZ2008 (ausgewählte Positionen): Tarifindex;WZ08-74;Sonst. freiberufl.,wissenschaftl. u. techn.Tätigk.;100,0;2020=100;VST018;Index der tariflichen Wochenarbeitszeit
62221;Vj. Index der Tarifverdienste und Arbeitszeiten;JAHR;Jahr;2020;DINSGF;Früheres Bundesgebiet / Neue Länder;DN;Neue Länder;WZ08C7;WZ2008 (ausgewählte Positionen): Tarifindex;WZ08-74;Sonst. freiberufl.,wissenschaftl. u. techn.Tätigk.;100,0;2020=100;VST065;Index d.tarifl. Stundenverdienste ohne Sonderzahl.
62221;Vj. Index der Tarifverdienste und Arbeitszeiten;JAHR;Jahr;2022;DINSGF;Früheres Bundesgebiet / Neue Länder;DN;Neue Länder;WZ08C7;WZ2008 (ausgewählte Positionen): Tarifindex;WZ-X003;Gebrauchsgüterproduzenten;103,5;2020=100;VST072;Index d.tarifl. Stundenverdienste mit Sonderzahl.
62221;Vj. Index der Tarifverdienste und Arbeitszeiten;JAHR;Jahr;2022;DINSGF;Früheres Bundesgebiet / Neue Länder;DN;Neue Länder;WZ08C7;WZ2008 (ausgewählte Positionen): Tarifindex;WZ-X003;Gebrauchsgüterproduzenten;103,5;2020=100;VST073;Index d.tarifl. Monatsverdienste mit Sonderzahl.
62221;Vj. Index der Tarifverdienste und Arbeitszeiten;JAHR;Jahr;2022;DINSGF;Früheres Bundesgebiet / Neue Länder;DN;Neue Länder;WZ08C7;WZ2008 (ausgewählte Positionen): Tarifindex;WZ-X003;Gebrauchsgüterproduzenten;37,9;h;VST019;Durchschnittliche tarifliche Wochenarbeitszeit
62221;Vj. Index der Tarifverdienste und Arbeitszeiten;JAHR;Jahr;2022;DINSGF;Früheres Bundesgebiet / Neue Länder;DN;Neue Länder;WZ08C7;WZ2008 (ausgewählte Positionen): Tarifindex;WZ-X003;Gebrauchsgüterproduzenten;102,3;2020=100;VST066;Index d.tarifl. Monatsverdienste ohne Sonderzahl.
62221;Vj. Index der Tarifverdienste und Arbeitszeiten;JAHR;Jahr;2022;DINSGF;Früheres Bundesgebiet / Neue Länder;DN;Neue Länder;WZ08C7;WZ2008 (ausgewählte Positionen): Tarifindex;WZ-X003;Gebrauchsgüterproduzenten;100,0;2020=100;VST018;Index der tariflichen Wochenarbeitszeit
62221;Vj. Index der Tarifverdienste und Arbeitszeiten;JAHR;Jahr;2022;DINSGF;Früheres Bundesgebiet / Neue Länder;DN;Neue Länder;WZ08C7;WZ2008 (ausgewählte Positionen): Tarifindex;WZ-X003;Gebrauchsgüterproduzenten;102,3;2020=100;VST065;Index d.tarifl. Stundenverdienste ohne Sonderzahl.
62221;Vj. Index der Tarifverdienste und Arbeitszeiten;JAHR;Jahr;2018;DINSGF;Früheres Bundesgebiet / Neue Länder;DF;Früheres Bundesgebiet;WZ08C7;WZ2008 (ausgewählte Positionen): Tarifindex;WZ08-B;Bergbau und Gewinnung von Steinen und Erden;95,4;2020=100;VST072;Index d.tarifl. Stundenverdienste mit Sonderzahl.
62221;Vj. Index der Tarifverdienste und Arbeitszeiten;JAHR;Jahr;2018;DINSGF;Früheres Bundesgebiet / Neue Länder;DF;Früheres Bundesgebiet;WZ08C7;WZ2008 (ausgewählte Positionen): Tarifindex;WZ08-B;Bergbau und Gewinnung von Steinen und Erden;95,4;2020=100;VST073;Index d.tarifl. Monatsverdienste mit Sonderzahl.
62221;Vj. Index der Tarifverdienste und Arbeitszeiten;JAHR;Jahr;2018;DINSGF;Früheres Bundesgebiet / Neue Länder;DF;Früheres Bundesgebiet;WZ08C7;WZ2008 (ausgewählte Positionen): Tarifindex;WZ08-B;Bergbau und Gewinnung von Steinen und Erden;38,5;h;VST019;Durchschnittliche tarifliche Wochenarbeitszeit
62221;Vj. Index der Tarifverdienste und Arbeitszeiten;JAHR;Jahr;2018;DINSGF;Früheres Bundesgebiet / Neue Länder;DF;Früheres Bundesgebiet;WZ08C7;WZ2008 (ausgewählte Positionen): Tarifindex;WZ08-B;Bergbau und Gewinnung von Steinen und Erden;96,3;2020=100;VST066;Index d.tarifl. Monatsverdienste ohne Sonderzahl.
62221;Vj. Index der Tarifverdienste und Arbeitszeiten;JAHR;Jahr;2018;DINSGF;Früheres Bundesgebiet / Neue Länder;DF;Früheres Bundesgebiet;WZ08C7;WZ2008 (ausgewählte Positionen): Tarifindex;WZ08-B;Bergbau und Gewinnung von Steinen und Erden;100,0;2020=100;VST018;Index der tariflichen Wochenarbeitszeit
62221;Vj. Index der Tarifverdienste und Arbeitszeiten;JAHR;Jahr;2018;DINSGF;Früheres Bundesgebiet / Neue Länder;DF;Früheres Bundesgebiet;WZ08C7;WZ2008 (ausgewählte Positionen): Tarifindex;WZ08-B;Bergbau und Gewinnung von Steinen und Erden;96,3;2020=100;VST065;Index d.tarifl. Stundenverdienste ohne Sonderzahl.
62221;Vj. Index der Tarifverdienste und Arbeitszeiten;JAHR;Jahr;2025;DINSGF;Früheres Bundesgebiet / Neue Länder;DN;Neue Länder;WZ08C7;WZ2008 (ausgewählte Positionen): Tarifindex;WZ08-61;Telekommunikation;116,2;2020=100;VST072;Index d.tarifl. Stundenverdienste mit Sonderzahl.
62221;Vj. Index der Tarifverdienste und Arbeitszeiten;JAHR;Jahr;2025;DINSGF;Früheres Bundesgebiet / Neue Länder;DN;Neue Länder;WZ08C7;WZ2008 (ausgewählte Positionen): Tarifindex;WZ08-61;Telekommunikation;116,2;2020=100;VST073;Index d.tarifl. Monatsverdienste mit Sonderzahl.
62221;Vj. Index der Tarifverdienste und Arbeitszeiten;JAHR;Jahr;2025;DINSGF;Früheres Bundesgebiet / Neue Länder;DN;Neue Länder;WZ08C7;WZ2008 (ausgewählte Positionen): Tarifindex;WZ08-61;Telekommunikation;36,3;h;VST019;Durchschnittliche tarifliche Wochenarbeitszeit
62221;Vj. Index der Tarifverdienste und Arbeitszeiten;JAHR;Jahr;2025;DINSGF;Früheres Bundesgebiet / Neue Länder;DN;Neue Länder;WZ08C7;WZ2008 (ausgewählte Positionen): Tarifindex;WZ08-61;Telekommunikation;116,3;2020=100;VST066;Index d.tarifl. Monatsverdienste ohne Sonderzahl.
62221;Vj. Index der Tarifverdienste und Arbeitszeiten;JAHR;Jahr;2025;DINSGF;Früheres Bundesgebiet / Neue Länder;DN;Neue Länder;WZ08C7;WZ2008 (ausgewählte Positionen): Tarifindex;WZ08-61;Telekommunikation;100,0;2020=100;VST018;Index der tariflichen Wochenarbeitszeit
62221;Vj. Index der Tarifverdienste und Arbeitszeiten;JAHR;Jahr;2025;DINSGF;Früheres Bundesgebiet / Neue Länder;DN;Neue Länder;WZ08C7;WZ2008 (ausgewählte Positionen): Tarifindex;WZ08-61;Telekommunikation;116,3;2020=100;VST065;Index d.tarifl. Stundenverdienste ohne Sonderzahl.
62221;Vj. Index der Tarifverdienste und Arbeitszeiten;JAHR;Jahr;2016;DINSGF;Früheres Bundesgebiet / Neue Länder;DF;Früheres Bundesgebiet;WZ08C7;WZ2008 (ausgewählte Positionen): Tarifindex;WZ08-J;Information und Kommunikation;91,2;2020=100;VST072;Index d.tarifl. Stundenverdienste mit Sonderzahl.
62221;Vj. Index der Tarifverdienste und Arbeitszeiten;JAHR;Jahr;2016;DINSGF;Früheres Bundesgebiet / Neue Länder;DF;Früheres Bundesgebiet;WZ08C7;WZ2008 (ausgewählte Positionen): Tarifindex;WZ08-J;Information und Kommunikation;91,7;2020=100;VST073;Index d.tarifl. Monatsverdienste mit Sonderzahl.
62221;Vj. Index der Tarifverdienste und Arbeitszeiten;JAHR;Jahr;2016;DINSGF;Früheres Bundesgebiet / Neue Länder;DF;Früheres Bundesgebiet;WZ08C7;WZ2008 (ausgewählte Positionen): Tarifindex;WZ08-J;Information und Kommunikation;37,5;h;VST019;Durchschnittliche tarifliche Wochenarbeitszeit
62221;Vj. Index der Tarifverdienste und Arbeitszeiten;JAHR;Jahr;2016;DINSGF;Früheres Bundesgebiet / Neue Länder;DF;Früheres Bundesgebiet;WZ08C7;WZ2008 (ausgewählte Positionen): Tarifindex;WZ08-J;Information und Kommunikation;92,1;2020=100;VST066;Index d.tarifl. Monatsverdienste ohne Sonderzahl.
62221;Vj. Index der Tarifverdienste und Arbeitszeiten;JAHR;Jahr;2016;DINSGF;Früheres Bundesgebiet / Neue Länder;DF;Früheres Bundesgebiet;WZ08C7;WZ2008 (ausgewählte Positionen): Tarifindex;WZ08-J;Information und Kommunikation;100,6;2020=100;VST018;Index der tariflichen Wochenarbeitszeit
62221;Vj. Index der Tarifverdienste und Arbeitszeiten;JAHR;Jahr;2016;DINSGF;Früheres Bundesgebiet / Neue Länder;DF;Früheres Bundesgebiet;WZ08C7;WZ2008 (ausgewählte Positionen): Tarifindex;WZ08-J;Information und Kommunikation;91,5;2020=100;VST065;Index d.tarifl. Stundenverdienste ohne Sonderzahl.
62221;Vj. Index der Tarifverdienste und Arbeitszeiten;JAHR;Jahr;2022;DINSGF;Früheres Bundesgebiet / Neue Länder;DF;Früheres Bundesgebiet;WZ08C7;WZ2008 (ausgewählte Positionen): Tarifindex;WZ08-29-01;Fahrzeugbau;101,7;2020=100;VST072;Index d.tarifl. Stundenverdienste mit Sonderzahl.
62221;Vj. Index der Tarifverdienste und Arbeitszeiten;JAHR;Jahr;2022;DINSGF;Früheres Bundesgebiet / Neue Länder;DF;Früheres Bundesgebiet;WZ08C7;WZ2008 (ausgewählte Positionen): Tarifindex;WZ08-29-01;Fahrzeugbau;101,7;2020=100;VST073;Index d.tarifl. Monatsverdienste mit Sonderzahl.
62221;Vj. Index der Tarifverdienste und Arbeitszeiten;JAHR;Jahr;2022;DINSGF;Früheres Bundesgebiet / Neue Länder;DF;Früheres Bundesgebiet;WZ08C7;WZ2008 (ausgewählte Positionen): Tarifindex;WZ08-29-01;Fahrzeugbau;35,2;h;VST019;Durchschnittliche tarifliche Wochenarbeitszeit
62221;Vj. Index der Tarifverdienste und Arbeitszeiten;JAHR;Jahr;2022;DINSGF;Früheres Bundesgebiet / Neue Länder;DF;Früheres Bundesgebiet;WZ08C7;WZ2008 (ausgewählte Positionen): Tarifindex;WZ08-29-01;Fahrzeugbau;100,7;2020=100;VST066;Index d.tarifl. Monatsverdienste ohne Sonderzahl.
62221;Vj. Index der Tarifverdienste und Arbeitszeiten;JAHR;Jahr;2022;DINSGF;Früheres Bundesgebiet / Neue Länder;DF;Früheres Bundesgebiet;WZ08C7;WZ2008 (ausgewählte Positionen): Tarifindex;WZ08-29-01;Fahrzeugbau;100,0;2020=100;VST018;Index der tariflichen Wochenarbeitszeit
62221;Vj. Index der Tarifverdienste und Arbeitszeiten;JAHR;Jahr;2022;DINSGF;Früheres Bundesgebiet / Neue Länder;DF;Früheres Bundesgebiet;WZ08C7;WZ2008 (ausgewählte Positionen): Tarifindex;WZ08-29-01;Fahrzeugbau;100,7;2020=100;VST065;Index d.tarifl. Stundenverdienste ohne Sonderzahl.
62221;Vj. Index der Tarifverdienste und Arbeitszeiten;JAHR;Jahr;2022;DINSGF;Früheres Bundesgebiet / Neue Länder;DF;Früheres Bundesgebiet;WZ08C7;WZ2008 (ausgewählte Positionen): Tarifindex;WZ08-10-01;Ernährungsgewerbe und Tabakverarbeitung;104,8;2020=100;VST072;Index d.tarifl. Stundenverdienste mit Sonderzahl.
62221;Vj. Index der Tarifverdienste und Arbeitszeiten;JAHR;Jahr;2022;DINSGF;Früheres Bundesgebiet / Neue Länder;DF;Früheres Bundesgebiet;WZ08C7;WZ2008 (ausgewählte Positionen): Tarifindex;WZ08-10-01;Ernährungsgewerbe und Tabakverarbeitung;104,8;2020=100;VST073;Index d.tarifl. Monatsverdienste mit Sonderzahl.
62221;Vj. Index der Tarifverdienste und Arbeitszeiten;JAHR;Jahr;2022;DINSGF;Früheres Bundesgebiet / Neue Länder;DF;Früheres Bundesgebiet;WZ08C7;WZ2008 (ausgewählte Positionen): Tarifindex;WZ08-10-01;Ernährungsgewerbe und Tabakverarbeitung;38,1;h;VST019;Durchschnittliche tarifliche Wochenarbeitszeit
62221;Vj. Index der Tarifverdienste und Arbeitszeiten;JAHR;Jahr;2022;DINSGF;Früheres Bundesgebiet / Neue Länder;DF;Früheres Bundesgebiet;WZ08C7;WZ2008 (ausgewählte Positionen): Tarifindex;WZ08-10-01;Ernährungsgewerbe und Tabakverarbeitung;104,5;2020=100;VST066;Index d.tarifl. Monatsverdienste ohne Sonderzahl.
62221;Vj. Index der Tarifverdienste und Arbeitszeiten;JAHR;Jahr;2022;DINSGF;Früheres Bundesgebiet / Neue Länder;DF;Früheres Bundesgebiet;WZ08C7;WZ2008 (ausgewählte Positionen): Tarifindex;WZ08-10-01;Ernährungsgewerbe und Tabakverarbeitung;100,0;2020=100;VST018;Index der tariflichen Wochenarbeitszeit
62221;Vj. Index der Tarifverdienste und Arbeitszeiten;JAHR;Jahr;2022;DINSGF;Früheres Bundesgebiet / Neue Länder;DF;Früheres Bundesgebiet;WZ08C7;WZ2008 (ausgewählte Positionen): Tarifindex;WZ08-10-01;Ernährungsgewerbe und Tabakverarbeitung;104,5;2020=100;VST065;Index d.tarifl. Stundenverdienste ohne Sonderzahl.
62221;Vj. Index der Tarifverdienste und Arbeitszeiten;JAHR;Jahr;2018;DINSGF;Früheres Bundesgebiet / Neue Länder;DF;Früheres Bundesgebiet;WZ08C7;WZ2008 (ausgewählte Positionen): Tarifindex;WZ08-94;Interessenvertr., kirchl. u. sonst. Vereinigungen;94,6;2020=100;VST072;Index d.tarifl. Stundenverdienste mit Sonderzahl.
62221;Vj. Index der Tarifverdienste und Arbeitszeiten;JAHR;Jahr;2018;DINSGF;Früheres Bundesgebiet / Neue Länder;DF;Früheres Bundesgebiet;WZ08C7;WZ2008 (ausgewählte Positionen): Tarifindex;WZ08-94;Interessenvertr., kirchl. u. sonst. Vereinigungen;94,7;2020=100;VST073;Index d.tarifl. Monatsverdienste mit Sonderzahl.
62221;Vj. Index der Tarifverdienste und Arbeitszeiten;JAHR;Jahr;2018;DINSGF;Früheres Bundesgebiet / Neue Länder;DF;Früheres Bundesgebiet;WZ08C7;WZ2008 (ausgewählte Positionen): Tarifindex;WZ08-94;Interessenvertr., kirchl. u. sonst. Vereinigungen;39,1;h;VST019;Durchschnittliche tarifliche Wochenarbeitszeit
62221;Vj. Index der Tarifverdienste und Arbeitszeiten;JAHR;Jahr;2018;DINSGF;Früheres Bundesgebiet / Neue Länder;DF;Früheres Bundesgebiet;WZ08C7;WZ2008 (ausgewählte Positionen): Tarifindex;WZ08-94;Interessenvertr., kirchl. u. sonst. Vereinigungen;94,1;2020=100;VST066;Index d.tarifl. Monatsverdienste ohne Sonderzahl.
62221;Vj. Index der Tarifverdienste und Arbeitszeiten;JAHR;Jahr;2018;DINSGF;Früheres Bundesgebiet / Neue Länder;DF;Früheres Bundesgebiet;WZ08C7;WZ2008 (ausgewählte Positionen): Tarifindex;WZ08-94;Interessenvertr., kirchl. u. sonst. Vereinigungen;100,0;2020=100;VST018;Index der tariflichen Wochenarbeitszeit
62221;Vj. Index der Tarifverdienste und Arbeitszeiten;JAHR;Jahr;2018;DINSGF;Früheres Bundesgebiet / Neue Länder;DF;Früheres Bundesgebiet;WZ08C7;WZ2008 (ausgewählte Positionen): Tarifindex;WZ08-94;Interessenvertr., kirchl. u. sonst. Vereinigungen;94,1;2020=100;VST065;Index d.tarifl. Stundenverdienste ohne Sonderzahl.
62221;Vj. Index der Tarifverdienste und Arbeitszeiten;JAHR;Jahr;2022;DINSGF;Früheres Bundesgebiet / Neue Länder;DN;Neue Länder;WZ08C7;WZ2008 (ausgewählte Positionen): Tarifindex;WZ08-45;Kfz-Handel, Instandhaltung und Reparatur von Kfz;103,6;2020=100;VST072;Index d.tarifl. Stundenverdienste mit Sonderzahl.
62221;Vj. Index der Tarifverdienste und Arbeitszeiten;JAHR;Jahr;2022;DINSGF;Früheres Bundesgebiet / Neue Länder;DN;Neue Länder;WZ08C7;WZ2008 (ausgewählte Positionen): Tarifindex;WZ08-45;Kfz-Handel, Instandhaltung und Reparatur von Kfz;103,6;2020=100;VST073;Index d.tarifl. Monatsverdienste mit Sonderzahl.
62221;Vj. Index der Tarifverdienste und Arbeitszeiten;JAHR;Jahr;2022;DINSGF;Früheres Bundesgebiet / Neue Länder;DN;Neue Länder;WZ08C7;WZ2008 (ausgewählte Positionen): Tarifindex;WZ08-45;Kfz-Handel, Instandhaltung und Reparatur von Kfz;37,3;h;VST019;Durchschnittliche tarifliche Wochenarbeitszeit
62221;Vj. Index der Tarifverdienste und Arbeitszeiten;JAHR;Jahr;2022;DINSGF;Früheres Bundesgebiet / Neue Länder;DN;Neue Länder;WZ08C7;WZ2008 (ausgewählte Positionen): Tarifindex;WZ08-45;Kfz-Handel, Instandhaltung und Reparatur von Kfz;103,0;2020=100;VST066;Index d.tarifl. Monatsverdienste ohne Sonderzahl.
62221;Vj. Index der Tarifverdienste und Arbeitszeiten;JAHR;Jahr;2022;DINSGF;Früheres Bundesgebiet / Neue Länder;DN;Neue Länder;WZ08C7;WZ2008 (ausgewählte Positionen): Tarifindex;WZ08-45;Kfz-Handel, Instandhaltung und Reparatur von Kfz;100,0;2020=100;VST018;Index der tariflichen Wochenarbeitszeit
62221;Vj. Index der Tarifverdienste und Arbeitszeiten;JAHR;Jahr;2022;DINSGF;Früheres Bundesgebiet / Neue Länder;DN;Neue Länder;WZ08C7;WZ2008 (ausgewählte Positionen): Tarifindex;WZ08-45;Kfz-Handel, Instandhaltung und Reparatur von Kfz;103,0;2020=100;VST065;Index d.tarifl. Stundenverdienste ohne Sonderzahl.
62221;Vj. Index der Tarifverdienste und Arbeitszeiten;JAHR;Jahr;2020;DINSGF;Früheres Bundesgebiet / Neue Länder;DN;Neue Länder;WZ08C7;WZ2008 (ausgewählte Positionen): Tarifindex;WZ08-92;Spiel-, Wett- und Lotteriewesen;100,0;2020=100;VST072;Index d.tarifl. Stundenverdienste mit Sonderzahl.
62221;Vj. Index der Tarifverdienste und Arbeitszeiten;JAHR;Jahr;2020;DINSGF;Früheres Bundesgebiet / Neue Länder;DN;Neue Länder;WZ08C7;WZ2008 (ausgewählte Positionen): Tarifindex;WZ08-92;Spiel-, Wett- und Lotteriewesen;100,0;2020=100;VST073;Index d.tarifl. Monatsverdienste mit Sonderzahl.
62221;Vj. Index der Tarifverdienste und Arbeitszeiten;JAHR;Jahr;2020;DINSGF;Früheres Bundesgebiet / Neue Länder;DN;Neue Länder;WZ08C7;WZ2008 (ausgewählte Positionen): Tarifindex;WZ08-92;Spiel-, Wett- und Lotteriewesen;39,3;h;VST019;Durchschnittliche tarifliche Wochenarbeitszeit
62221;Vj. Index der Tarifverdienste und Arbeitszeiten;JAHR;Jahr;2020;DINSGF;Früheres Bundesgebiet / Neue Länder;DN;Neue Länder;WZ08C7;WZ2008 (ausgewählte Positionen): Tarifindex;WZ08-92;Spiel-, Wett- und Lotteriewesen;100,0;2020=100;VST066;Index d.tarifl. Monatsverdienste ohne Sonderzahl.
62221;Vj. Index der Tarifverdienste und Arbeitszeiten;JAHR;Jahr;2020;DINSGF;Früheres Bundesgebiet / Neue Länder;DN;Neue Länder;WZ08C7;WZ2008 (ausgewählte Positionen): Tarifindex;WZ08-92;Spiel-, Wett- und Lotteriewesen;100,0;2020=100;VST018;Index der tariflichen Wochenarbeitszeit
62221;Vj. Index der Tarifverdienste und Arbeitszeiten;JAHR;Jahr;2020;DINSGF;Früheres Bundesgebiet / Neue Länder;DN;Neue Länder;WZ08C7;WZ2008 (ausgewählte Positionen): Tarifindex;WZ08-92;Spiel-, Wett- und Lotteriewesen;100,0;2020=100;VST065;Index d.tarifl. Stundenverdienste ohne Sonderzahl.
62221;Vj. Index der Tarifverdienste und Arbeitszeiten;JAHR;Jahr;2021;DINSGF;Früheres Bundesgebiet / Neue Länder;DF;Früheres Bundesgebiet;WZ08C7;WZ2008 (ausgewählte Positionen): Tarifindex;WZ08-19;Kokerei und Mineralölverarbeitung;101,9;2020=100;VST072;Index d.tarifl. Stundenverdienste mit Sonderzahl.
62221;Vj. Index der Tarifverdienste und Arbeitszeiten;JAHR;Jahr;2021;DINSGF;Früheres Bundesgebiet / Neue Länder;DF;Früheres Bundesgebiet;WZ08C7;WZ2008 (ausgewählte Positionen): Tarifindex;WZ08-19;Kokerei und Mineralölverarbeitung;101,9;2020=100;VST073;Index d.tarifl. Monatsverdienste mit Sonderzahl.
62221;Vj. Index der Tarifverdienste und Arbeitszeiten;JAHR;Jahr;2021;DINSGF;Früheres Bundesgebiet / Neue Länder;DF;Früheres Bundesgebiet;WZ08C7;WZ2008 (ausgewählte Positionen): Tarifindex;WZ08-19;Kokerei und Mineralölverarbeitung;37,4;h;VST019;Durchschnittliche tarifliche Wochenarbeitszeit
62221;Vj. Index der Tarifverdienste und Arbeitszeiten;JAHR;Jahr;2021;DINSGF;Früheres Bundesgebiet / Neue Länder;DF;Früheres Bundesgebiet;WZ08C7;WZ2008 (ausgewählte Positionen): Tarifindex;WZ08-19;Kokerei und Mineralölverarbeitung;101,6;2020=100;VST066;Index d.tarifl. Monatsverdienste ohne Sonderzahl.
62221;Vj. Index der Tarifverdienste und Arbeitszeiten;JAHR;Jahr;2021;DINSGF;Früheres Bundesgebiet / Neue Länder;DF;Früheres Bundesgebiet;WZ08C7;WZ2008 (ausgewählte Positionen): Tarifindex;WZ08-19;Kokerei und Mineralölverarbeitung;100,0;2020=100;VST018;Index der tariflichen Wochenarbeitszeit
62221;Vj. Index der Tarifverdienste und Arbeitszeiten;JAHR;Jahr;2021;DINSGF;Früheres Bundesgebiet / Neue Länder;DF;Früheres Bundesgebiet;WZ08C7;WZ2008 (ausgewählte Positionen): Tarifindex;WZ08-19;Kokerei und Mineralölverarbeitung;101,6;2020=100;VST065;Index d.tarifl. Stundenverdienste ohne Sonderzahl.
62221;Vj. Index der Tarifverdienste und Arbeitszeiten;JAHR;Jahr;2022;DINSGF;Früheres Bundesgebiet / Neue Länder;DN;Neue Länder;WZ08C7;WZ2008 (ausgewählte Positionen): Tarifindex;WZ08-30;Sonstiger Fahrzeugbau;101,8;2020=100;VST072;Index d.tarifl. Stundenverdienste mit Sonderzahl.
62221;Vj. Index der Tarifverdienste und Arbeitszeiten;JAHR;Jahr;2022;DINSGF;Früheres Bundesgebiet / Neue Länder;DN;Neue Länder;WZ08C7;WZ2008 (ausgewählte Positionen): Tarifindex;WZ08-30;Sonstiger Fahrzeugbau;101,8;2020=100;VST073;Index d.tarifl. Monatsverdienste mit Sonderzahl.
62221;Vj. Index der Tarifverdienste und Arbeitszeiten;JAHR;Jahr;2022;DINSGF;Früheres Bundesgebiet / Neue Länder;DN;Neue Länder;WZ08C7;WZ2008 (ausgewählte Positionen): Tarifindex;WZ08-30;Sonstiger Fahrzeugbau;38,4;h;VST019;Durchschnittliche tarifliche Wochenarbeitszeit
62221;Vj. Index der Tarifverdienste und Arbeitszeiten;JAHR;Jahr;2022;DINSGF;Früheres Bundesgebiet / Neue Länder;DN;Neue Länder;WZ08C7;WZ2008 (ausgewählte Positionen): Tarifindex;WZ08-30;Sonstiger Fahrzeugbau;100,4;2020=100;VST066;Index d.tarifl. Monatsverdienste ohne Sonderzahl.
62221;Vj. Index der Tarifverdienste und Arbeitszeiten;JAHR;Jahr;2022;DINSGF;Früheres Bundesgebiet / Neue Länder;DN;Neue Länder;WZ08C7;WZ2008 (ausgewählte Positionen): Tarifindex;WZ08-30;Sonstiger Fahrzeugbau;100,0;2020=100;VST018;Index der tariflichen Wochenarbeitszeit
62221;Vj. Index der Tarifverdienste und Arbeitszeiten;JAHR;Jahr;2022;DINSGF;Früheres Bundesgebiet / Neue Länder;DN;Neue Länder;WZ08C7;WZ2008 (ausgewählte Positionen): Tarifindex;WZ08-30;Sonstiger Fahrzeugbau;100,4;2020=100;VST065;Index d.tarifl. Stundenverdienste ohne Sonderzahl.
62221;Vj. Index der Tarifverdienste und Arbeitszeiten;JAHR;Jahr;2025;DINSGF;Früheres Bundesgebiet / Neue Länder;DN;Neue Länder;WZ08C7;WZ2008 (ausgewählte Positionen): Tarifindex;WZ08-N;Sonstige wirtschaftliche Dienstleistungen;131,6;2020=100;VST072;Index d.tarifl. Stundenverdienste mit Sonderzahl.
62221;Vj. Index der Tarifverdienste und Arbeitszeiten;JAHR;Jahr;2025;DINSGF;Früheres Bundesgebiet / Neue Länder;DN;Neue Länder;WZ08C7;WZ2008 (ausgewählte Positionen): Tarifindex;WZ08-N;Sonstige wirtschaftliche Dienstleistungen;131,6;2020=100;VST073;Index d.tarifl. Monatsverdienste mit Sonderzahl.
62221;Vj. Index der Tarifverdienste und Arbeitszeiten;JAHR;Jahr;2025;DINSGF;Früheres Bundesgebiet / Neue Länder;DN;Neue Länder;WZ08C7;WZ2008 (ausgewählte Positionen): Tarifindex;WZ08-N;Sonstige wirtschaftliche Dienstleistungen;37,6;h;VST019;Durchschnittliche tarifliche Wochenarbeitszeit
62221;Vj. Index der Tarifverdienste und Arbeitszeiten;JAHR;Jahr;2025;DINSGF;Früheres Bundesgebiet / Neue Länder;DN;Neue Länder;WZ08C7;WZ2008 (ausgewählte Positionen): Tarifindex;WZ08-N;Sonstige wirtschaftliche Dienstleistungen;131,6;2020=100;VST066;Index d.tarifl. Monatsverdienste ohne Sonderzahl.
62221;Vj. Index der Tarifverdienste und Arbeitszeiten;JAHR;Jahr;2025;DINSGF;Früheres Bundesgebiet / Neue Länder;DN;Neue Länder;WZ08C7;WZ2008 (ausgewählte Positionen): Tarifindex;WZ08-N;Sonstige wirtschaftliche Dienstleistungen;100,0;2020=100;VST018;Index der tariflichen Wochenarbeitszeit
62221;Vj. Index der Tarifverdienste und Arbeitszeiten;JAHR;Jahr;2025;DINSGF;Früheres Bundesgebiet / Neue Länder;DN;Neue Länder;WZ08C7;WZ2008 (ausgewählte Positionen): Tarifindex;WZ08-N;Sonstige wirtschaftliche Dienstleistungen;131,6;2020=100;VST065;Index d.tarifl. Stundenverdienste ohne Sonderzahl.
62221;Vj. Index der Tarifverdienste und Arbeitszeiten;JAHR;Jahr;2025;DINSGF;Früheres Bundesgebiet / Neue Länder;DN;Neue Länder;WZ08C7;WZ2008 (ausgewählte Positionen): Tarifindex;WZ08-58;Verlagswesen;110,2;2020=100;VST072;Index d.tarifl. Stundenverdienste mit Sonderzahl.
62221;Vj. Index der Tarifverdienste und Arbeitszeiten;JAHR;Jahr;2025;DINSGF;Früheres Bundesgebiet / Neue Länder;DN;Neue Länder;WZ08C7;WZ2008 (ausgewählte Positionen): Tarifindex;WZ08-58;Verlagswesen;110,2;2020=100;VST073;Index d.tarifl. Monatsverdienste mit Sonderzahl.
62221;Vj. Index der Tarifverdienste und Arbeitszeiten;JAHR;Jahr;2025;DINSGF;Früheres Bundesgebiet / Neue Länder;DN;Neue Länder;WZ08C7;WZ2008 (ausgewählte Positionen): Tarifindex;WZ08-58;Verlagswesen;37,4;h;VST019;Durchschnittliche tarifliche Wochenarbeitszeit
62221;Vj. Index der Tarifverdienste und Arbeitszeiten;JAHR;Jahr;2025;DINSGF;Früheres Bundesgebiet / Neue Länder;DN;Neue Länder;WZ08C7;WZ2008 (ausgewählte Positionen): Tarifindex;WZ08-58;Verlagswesen;109,9;2020=100;VST066;Index d.tarifl. Monatsverdienste ohne Sonderzahl.
62221;Vj. Index der Tarifverdienste und Arbeitszeiten;JAHR;Jahr;2025;DINSGF;Früheres Bundesgebiet / Neue Länder;DN;Neue Länder;WZ08C7;WZ2008 (ausgewählte Positionen): Tarifindex;WZ08-58;Verlagswesen;99,5;2020=100;VST018;Index der tariflichen Wochenarbeitszeit
62221;Vj. Index der Tarifverdienste und Arbeitszeiten;JAHR;Jahr;2025;DINSGF;Früheres Bundesgebiet / Neue Länder;DN;Neue Länder;WZ08C7;WZ2008 (ausgewählte Positionen): Tarifindex;WZ08-58;Verlagswesen;109,9;2020=100;VST065;Index d.tarifl. Stundenverdienste ohne Sonderzahl.
62221;Vj. Index der Tarifverdienste und Arbeitszeiten;JAHR;Jahr;2021;DINSGF;Früheres Bundesgebiet / Neue Länder;DF;Früheres Bundesgebiet;WZ08C7;WZ2008 (ausgewählte Positionen): Tarifindex;WZ08-37;Abwasserentsorgung;100,5;2020=100;VST072;Index d.tarifl. Stundenverdienste mit Sonderzahl.
62221;Vj. Index der Tarifverdienste und Arbeitszeiten;JAHR;Jahr;2021;DINSGF;Früheres Bundesgebiet / Neue Länder;DF;Früheres Bundesgebiet;WZ08C7;WZ2008 (ausgewählte Positionen): Tarifindex;WZ08-37;Abwasserentsorgung;100,5;2020=100;VST073;Index d.tarifl. Monatsverdienste mit Sonderzahl.
62221;Vj. Index der Tarifverdienste und Arbeitszeiten;JAHR;Jahr;2021;DINSGF;Früheres Bundesgebiet / Neue Länder;DF;Früheres Bundesgebiet;WZ08C7;WZ2008 (ausgewählte Positionen): Tarifindex;WZ08-37;Abwasserentsorgung;39,0;h;VST019;Durchschnittliche tarifliche Wochenarbeitszeit
62221;Vj. Index der Tarifverdienste und Arbeitszeiten;JAHR;Jahr;2021;DINSGF;Früheres Bundesgebiet / Neue Länder;DF;Früheres Bundesgebiet;WZ08C7;WZ2008 (ausgewählte Positionen): Tarifindex;WZ08-37;Abwasserentsorgung;101,3;2020=100;VST066;Index d.tarifl. Monatsverdienste ohne Sonderzahl.
62221;Vj. Index der Tarifverdienste und Arbeitszeiten;JAHR;Jahr;2021;DINSGF;Früheres Bundesgebiet / Neue Länder;DF;Früheres Bundesgebiet;WZ08C7;WZ2008 (ausgewählte Positionen): Tarifindex;WZ08-37;Abwasserentsorgung;100,0;2020=100;VST018;Index der tariflichen Wochenarbeitszeit
62221;Vj. Index der Tarifverdienste und Arbeitszeiten;JAHR;Jahr;2021;DINSGF;Früheres Bundesgebiet / Neue Länder;DF;Früheres Bundesgebiet;WZ08C7;WZ2008 (ausgewählte Positionen): Tarifindex;WZ08-37;Abwasserentsorgung;101,3;2020=100;VST065;Index d.tarifl. Stundenverdienste ohne Sonderzahl.
62221;Vj. Index der Tarifverdienste und Arbeitszeiten;JAHR;Jahr;2018;DINSGF;Früheres Bundesgebiet / Neue Länder;DF;Früheres Bundesgebiet;WZ08C7;WZ2008 (ausgewählte Positionen): Tarifindex;WZ08-01-01;Land- und Forstwirtschaft;93,9;2020=100;VST072;Index d.tarifl. Stundenverdienste mit Sonderzahl.
62221;Vj. Index der Tarifverdienste und Arbeitszeiten;JAHR;Jahr;2018;DINSGF;Früheres Bundesgebiet / Neue Länder;DF;Früheres Bundesgebiet;WZ08C7;WZ2008 (ausgewählte Positionen): Tarifindex;WZ08-01-01;Land- und Forstwirtschaft;93,9;2020=100;VST073;Index d.tarifl. Monatsverdienste mit Sonderzahl.
62221;Vj. Index der Tarifverdienste und Arbeitszeiten;JAHR;Jahr;2018;DINSGF;Früheres Bundesgebiet / Neue Länder;DF;Früheres Bundesgebiet;WZ08C7;WZ2008 (ausgewählte Positionen): Tarifindex;WZ08-01-01;Land- und Forstwirtschaft;39,6;h;VST019;Durchschnittliche tarifliche Wochenarbeitszeit
62221;Vj. Index der Tarifverdienste und Arbeitszeiten;JAHR;Jahr;2018;DINSGF;Früheres Bundesgebiet / Neue Länder;DF;Früheres Bundesgebiet;WZ08C7;WZ2008 (ausgewählte Positionen): Tarifindex;WZ08-01-01;Land- und Forstwirtschaft;93,5;2020=100;VST066;Index d.tarifl. Monatsverdienste ohne Sonderzahl.
62221;Vj. Index der Tarifverdienste und Arbeitszeiten;JAHR;Jahr;2018;DINSGF;Früheres Bundesgebiet / Neue Länder;DF;Früheres Bundesgebiet;WZ08C7;WZ2008 (ausgewählte Positionen): Tarifindex;WZ08-01-01;Land- und Forstwirtschaft;100,0;2020=100;VST018;Index der tariflichen Wochenarbeitszeit
62221;Vj. Index der Tarifverdienste und Arbeitszeiten;JAHR;Jahr;2018;DINSGF;Früheres Bundesgebiet / Neue Länder;DF;Früheres Bundesgebiet;WZ08C7;WZ2008 (ausgewählte Positionen): Tarifindex;WZ08-01-01;Land- und Forstwirtschaft;93,5;2020=100;VST065;Index d.tarifl. Stundenverdienste ohne Sonderzahl.
62221;Vj. Index der Tarifverdienste und Arbeitszeiten;JAHR;Jahr;2022;DINSGF;Früheres Bundesgebiet / Neue Länder;DN;Neue Länder;WZ08C7;WZ2008 (ausgewählte Positionen): Tarifindex;WZ08-12;Tabakverarbeitung;108,5;2020=100;VST072;Index d.tarifl. Stundenverdienste mit Sonderzahl.
62221;Vj. Index der Tarifverdienste und Arbeitszeiten;JAHR;Jahr;2022;DINSGF;Früheres Bundesgebiet / Neue Länder;DN;Neue Länder;WZ08C7;WZ2008 (ausgewählte Positionen): Tarifindex;WZ08-12;Tabakverarbeitung;108,5;2020=100;VST073;Index d.tarifl. Monatsverdienste mit Sonderzahl.
62221;Vj. Index der Tarifverdienste und Arbeitszeiten;JAHR;Jahr;2022;DINSGF;Früheres Bundesgebiet / Neue Länder;DN;Neue Länder;WZ08C7;WZ2008 (ausgewählte Positionen): Tarifindex;WZ08-12;Tabakverarbeitung;38,2;h;VST019;Durchschnittliche tarifliche Wochenarbeitszeit
62221;Vj. Index der Tarifverdienste und Arbeitszeiten;JAHR;Jahr;2022;DINSGF;Früheres Bundesgebiet / Neue Länder;DN;Neue Länder;WZ08C7;WZ2008 (ausgewählte Positionen): Tarifindex;WZ08-12;Tabakverarbeitung;104,7;2020=100;VST066;Index d.tarifl. Monatsverdienste ohne Sonderzahl.
62221;Vj. Index der Tarifverdienste und Arbeitszeiten;JAHR;Jahr;2022;DINSGF;Früheres Bundesgebiet / Neue Länder;DN;Neue Länder;WZ08C7;WZ2008 (ausgewählte Positionen): Tarifindex;WZ08-12;Tabakverarbeitung;100,0;2020=100;VST018;Index der tariflichen Wochenarbeitszeit
62221;Vj. Index der Tarifverdienste und Arbeitszeiten;JAHR;Jahr;2022;DINSGF;Früheres Bundesgebiet / Neue Länder;DN;Neue Länder;WZ08C7;WZ2008 (ausgewählte Positionen): Tarifindex;WZ08-12;Tabakverarbeitung;104,7;2020=100;VST065;Index d.tarifl. Stundenverdienste ohne Sonderzahl.
62221;Vj. Index der Tarifverdienste und Arbeitszeiten;JAHR;Jahr;2022;DINSGF;Früheres Bundesgebiet / Neue Länder;DN;Neue Länder;WZ08C7;WZ2008 (ausgewählte Positionen): Tarifindex;WZ08-27;Herstellung von elektrischen Ausrüstungen;101,4;2020=100;VST072;Index d.tarifl. Stundenverdienste mit Sonderzahl.
62221;Vj. Index der Tarifverdienste und Arbeitszeiten;JAHR;Jahr;2022;DINSGF;Früheres Bundesgebiet / Neue Länder;DN;Neue Länder;WZ08C7;WZ2008 (ausgewählte Positionen): Tarifindex;WZ08-27;Herstellung von elektrischen Ausrüstungen;101,4;2020=100;VST073;Index d.tarifl. Monatsverdienste mit Sonderzahl.
62221;Vj. Index der Tarifverdienste und Arbeitszeiten;JAHR;Jahr;2022;DINSGF;Früheres Bundesgebiet / Neue Länder;DN;Neue Länder;WZ08C7;WZ2008 (ausgewählte Positionen): Tarifindex;WZ08-27;Herstellung von elektrischen Ausrüstungen;37,8;h;VST019;Durchschnittliche tarifliche Wochenarbeitszeit
62221;Vj. Index der Tarifverdienste und Arbeitszeiten;JAHR;Jahr;2022;DINSGF;Früheres Bundesgebiet / Neue Länder;DN;Neue Länder;WZ08C7;WZ2008 (ausgewählte Positionen): Tarifindex;WZ08-27;Herstellung von elektrischen Ausrüstungen;100,0;2020=100;VST066;Index d.tarifl. Monatsverdienste ohne Sonderzahl.
62221;Vj. Index der Tarifverdienste und Arbeitszeiten;JAHR;Jahr;2022;DINSGF;Früheres Bundesgebiet / Neue Länder;DN;Neue Länder;WZ08C7;WZ2008 (ausgewählte Positionen): Tarifindex;WZ08-27;Herstellung von elektrischen Ausrüstungen;100,0;2020=100;VST018;Index der tariflichen Wochenarbeitszeit
62221;Vj. Index der Tarifverdienste und Arbeitszeiten;JAHR;Jahr;2022;DINSGF;Früheres Bundesgebiet / Neue Länder;DN;Neue Länder;WZ08C7;WZ2008 (ausgewählte Positionen): Tarifindex;WZ08-27;Herstellung von elektrischen Ausrüstungen;100,0;2020=100;VST065;Index d.tarifl. Stundenverdienste ohne Sonderzahl.
62221;Vj. Index der Tarifverdienste und Arbeitszeiten;JAHR;Jahr;2021;DINSGF;Früheres Bundesgebiet / Neue Länder;DF;Früheres Bundesgebiet;WZ08C7;WZ2008 (ausgewählte Positionen): Tarifindex;WZ08-22;Herstellung von Gummi- und Kunststoffwaren;101,4;2020=100;VST072;Index d.tarifl. Stundenverdienste mit Sonderzahl.
62221;Vj. Index der Tarifverdienste und Arbeitszeiten;JAHR;Jahr;2021;DINSGF;Früheres Bundesgebiet / Neue Länder;DF;Früheres Bundesgebiet;WZ08C7;WZ2008 (ausgewählte Positionen): Tarifindex;WZ08-22;Herstellung von Gummi- und Kunststoffwaren;101,4;2020=100;VST073;Index d.tarifl. Monatsverdienste mit Sonderzahl.
62221;Vj. Index der Tarifverdienste und Arbeitszeiten;JAHR;Jahr;2021;DINSGF;Früheres Bundesgebiet / Neue Länder;DF;Früheres Bundesgebiet;WZ08C7;WZ2008 (ausgewählte Positionen): Tarifindex;WZ08-22;Herstellung von Gummi- und Kunststoffwaren;36,9;h;VST019;Durchschnittliche tarifliche Wochenarbeitszeit
62221;Vj. Index der Tarifverdienste und Arbeitszeiten;JAHR;Jahr;2021;DINSGF;Früheres Bundesgebiet / Neue Länder;DF;Früheres Bundesgebiet;WZ08C7;WZ2008 (ausgewählte Positionen): Tarifindex;WZ08-22;Herstellung von Gummi- und Kunststoffwaren;100,9;2020=100;VST066;Index d.tarifl. Monatsverdienste ohne Sonderzahl.
62221;Vj. Index der Tarifverdienste und Arbeitszeiten;JAHR;Jahr;2021;DINSGF;Früheres Bundesgebiet / Neue Länder;DF;Früheres Bundesgebiet;WZ08C7;WZ2008 (ausgewählte Positionen): Tarifindex;WZ08-22;Herstellung von Gummi- und Kunststoffwaren;100,0;2020=100;VST018;Index der tariflichen Wochenarbeitszeit
62221;Vj. Index der Tarifverdienste und Arbeitszeiten;JAHR;Jahr;2021;DINSGF;Früheres Bundesgebiet / Neue Länder;DF;Früheres Bundesgebiet;WZ08C7;WZ2008 (ausgewählte Positionen): Tarifindex;WZ08-22;Herstellung von Gummi- und Kunststoffwaren;100,9;2020=100;VST065;Index d.tarifl. Stundenverdienste ohne Sonderzahl.
62221;Vj. Index der Tarifverdienste und Arbeitszeiten;JAHR;Jahr;2016;DINSGF;Früheres Bundesgebiet / Neue Länder;DN;Neue Länder;WZ08C7;WZ2008 (ausgewählte Positionen): Tarifindex;WZ08-23;H.v.Glas,-waren,Keramik,Verarb. v.Steinen u.Erden;89,5;2020=100;VST072;Index d.tarifl. Stundenverdienste mit Sonderzahl.
62221;Vj. Index der Tarifverdienste und Arbeitszeiten;JAHR;Jahr;2016;DINSGF;Früheres Bundesgebiet / Neue Länder;DN;Neue Länder;WZ08C7;WZ2008 (ausgewählte Positionen): Tarifindex;WZ08-23;H.v.Glas,-waren,Keramik,Verarb. v.Steinen u.Erden;89,9;2020=100;VST073;Index d.tarifl. Monatsverdienste mit Sonderzahl.
62221;Vj. Index der Tarifverdienste und Arbeitszeiten;JAHR;Jahr;2016;DINSGF;Früheres Bundesgebiet / Neue Länder;DN;Neue Länder;WZ08C7;WZ2008 (ausgewählte Positionen): Tarifindex;WZ08-23;H.v.Glas,-waren,Keramik,Verarb. v.Steinen u.Erden;39,0;h;VST019;Durchschnittliche tarifliche Wochenarbeitszeit
62221;Vj. Index der Tarifverdienste und Arbeitszeiten;JAHR;Jahr;2016;DINSGF;Früheres Bundesgebiet / Neue Länder;DN;Neue Länder;WZ08C7;WZ2008 (ausgewählte Positionen): Tarifindex;WZ08-23;H.v.Glas,-waren,Keramik,Verarb. v.Steinen u.Erden;90,5;2020=100;VST066;Index d.tarifl. Monatsverdienste ohne Sonderzahl.
62221;Vj. Index der Tarifverdienste und Arbeitszeiten;JAHR;Jahr;2016;DINSGF;Früheres Bundesgebiet / Neue Länder;DN;Neue Länder;WZ08C7;WZ2008 (ausgewählte Positionen): Tarifindex;WZ08-23;H.v.Glas,-waren,Keramik,Verarb. v.Steinen u.Erden;100,4;2020=100;VST018;Index der tariflichen Wochenarbeitszeit
62221;Vj. Index der Tarifverdienste und Arbeitszeiten;JAHR;Jahr;2016;DINSGF;Früheres Bundesgebiet / Neue Länder;DN;Neue Länder;WZ08C7;WZ2008 (ausgewählte Positionen): Tarifindex;WZ08-23;H.v.Glas,-waren,Keramik,Verarb. v.Steinen u.Erden;90,1;2020=100;VST065;Index d.tarifl. Stundenverdienste ohne Sonderzahl.
62221;Vj. Index der Tarifverdienste und Arbeitszeiten;JAHR;Jahr;2025;DINSGF;Früheres Bundesgebiet / Neue Länder;DN;Neue Länder;WZ08C7;WZ2008 (ausgewählte Positionen): Tarifindex;WZ08-43;Vorb.Baustellenarbeiten, Bauinstall., sonst.Ausbau;118,6;2020=100;VST072;Index d.tarifl. Stundenverdienste mit Sonderzahl.
62221;Vj. Index der Tarifverdienste und Arbeitszeiten;JAHR;Jahr;2025;DINSGF;Früheres Bundesgebiet / Neue Länder;DN;Neue Länder;WZ08C7;WZ2008 (ausgewählte Positionen): Tarifindex;WZ08-43;Vorb.Baustellenarbeiten, Bauinstall., sonst.Ausbau;118,5;2020=100;VST073;Index d.tarifl. Monatsverdienste mit Sonderzahl.
62221;Vj. Index der Tarifverdienste und Arbeitszeiten;JAHR;Jahr;2025;DINSGF;Früheres Bundesgebiet / Neue Länder;DN;Neue Länder;WZ08C7;WZ2008 (ausgewählte Positionen): Tarifindex;WZ08-43;Vorb.Baustellenarbeiten, Bauinstall., sonst.Ausbau;39,5;h;VST019;Durchschnittliche tarifliche Wochenarbeitszeit
62221;Vj. Index der Tarifverdienste und Arbeitszeiten;JAHR;Jahr;2025;DINSGF;Früheres Bundesgebiet / Neue Länder;DN;Neue Länder;WZ08C7;WZ2008 (ausgewählte Positionen): Tarifindex;WZ08-43;Vorb.Baustellenarbeiten, Bauinstall., sonst.Ausbau;118,6;2020=100;VST066;Index d.tarifl. Monatsverdienste ohne Sonderzahl.
62221;Vj. Index der Tarifverdienste und Arbeitszeiten;JAHR;Jahr;2025;DINSGF;Früheres Bundesgebiet / Neue Länder;DN;Neue Länder;WZ08C7;WZ2008 (ausgewählte Positionen): Tarifindex;WZ08-43;Vorb.Baustellenarbeiten, Bauinstall., sonst.Ausbau;100,0;2020=100;VST018;Index der tariflichen Wochenarbeitszeit
62221;Vj. Index der Tarifverdienste und Arbeitszeiten;JAHR;Jahr;2025;DINSGF;Früheres Bundesgebiet / Neue Länder;DN;Neue Länder;WZ08C7;WZ2008 (ausgewählte Positionen): Tarifindex;WZ08-43;Vorb.Baustellenarbeiten, Bauinstall., sonst.Ausbau;118,6;2020=100;VST065;Index d.tarifl. Stundenverdienste ohne Sonderzahl.
62221;Vj. Index der Tarifverdienste und Arbeitszeiten;JAHR;Jahr;2025;DINSGF;Früheres Bundesgebiet / Neue Länder;DF;Früheres Bundesgebiet;WZ08C7;WZ2008 (ausgewählte Positionen): Tarifindex;WZ08-87;Heime (ohne Erholungs- und Ferienheime);118,3;2020=100;VST072;Index d.tarifl. Stundenverdienste mit Sonderzahl.
62221;Vj. Index der Tarifverdienste und Arbeitszeiten;JAHR;Jahr;2025;DINSGF;Früheres Bundesgebiet / Neue Länder;DF;Früheres Bundesgebiet;WZ08C7;WZ2008 (ausgewählte Positionen): Tarifindex;WZ08-87;Heime (ohne Erholungs- und Ferienheime);118,3;2020=100;VST073;Index d.tarifl. Monatsverdienste mit Sonderzahl.
62221;Vj. Index der Tarifverdienste und Arbeitszeiten;JAHR;Jahr;2025;DINSGF;Früheres Bundesgebiet / Neue Länder;DF;Früheres Bundesgebiet;WZ08C7;WZ2008 (ausgewählte Positionen): Tarifindex;WZ08-87;Heime (ohne Erholungs- und Ferienheime);39,0;h;VST019;Durchschnittliche tarifliche Wochenarbeitszeit
62221;Vj. Index der Tarifverdienste und Arbeitszeiten;JAHR;Jahr;2025;DINSGF;Früheres Bundesgebiet / Neue Länder;DF;Früheres Bundesgebiet;WZ08C7;WZ2008 (ausgewählte Positionen): Tarifindex;WZ08-87;Heime (ohne Erholungs- und Ferienheime);118,2;2020=100;VST066;Index d.tarifl. Monatsverdienste ohne Sonderzahl.
62221;Vj. Index der Tarifverdienste und Arbeitszeiten;JAHR;Jahr;2025;DINSGF;Früheres Bundesgebiet / Neue Länder;DF;Früheres Bundesgebiet;WZ08C7;WZ2008 (ausgewählte Positionen): Tarifindex;WZ08-87;Heime (ohne Erholungs- und Ferienheime);100,0;2020=100;VST018;Index der tariflichen Wochenarbeitszeit
62221;Vj. Index der Tarifverdienste und Arbeitszeiten;JAHR;Jahr;2025;DINSGF;Früheres Bundesgebiet / Neue Länder;DF;Früheres Bundesgebiet;WZ08C7;WZ2008 (ausgewählte Positionen): Tarifindex;WZ08-87;Heime (ohne Erholungs- und Ferienheime);118,2;2020=100;VST065;Index d.tarifl. Stundenverdienste ohne Sonderzahl.
62221;Vj. Index der Tarifverdienste und Arbeitszeiten;JAHR;Jahr;2022;DINSGF;Früheres Bundesgebiet / Neue Länder;DN;Neue Länder;WZ08C7;WZ2008 (ausgewählte Positionen): Tarifindex;WZ08-B-13;Prod. Gewerbe, Handel, Information u.Kommunikation;104,4;2020=100;VST072;Index d.tarifl. Stundenverdienste mit Sonderzahl.
62221;Vj. Index der Tarifverdienste und Arbeitszeiten;JAHR;Jahr;2022;DINSGF;Früheres Bundesgebiet / Neue Länder;DN;Neue Länder;WZ08C7;WZ2008 (ausgewählte Positionen): Tarifindex;WZ08-B-13;Prod. Gewerbe, Handel, Information u.Kommunikation;104,2;2020=100;VST073;Index d.tarifl. Monatsverdienste mit Sonderzahl.
62221;Vj. Index der Tarifverdienste und Arbeitszeiten;JAHR;Jahr;2022;DINSGF;Früheres Bundesgebiet / Neue Länder;DN;Neue Länder;WZ08C7;WZ2008 (ausgewählte Positionen): Tarifindex;WZ08-B-13;Prod. Gewerbe, Handel, Information u.Kommunikation;38,5;h;VST019;Durchschnittliche tarifliche Wochenarbeitszeit
62221;Vj. Index der Tarifverdienste und Arbeitszeiten;JAHR;Jahr;2022;DINSGF;Früheres Bundesgebiet / Neue Länder;DN;Neue Länder;WZ08C7;WZ2008 (ausgewählte Positionen): Tarifindex;WZ08-B-13;Prod. Gewerbe, Handel, Information u.Kommunikation;103,4;2020=100;VST066;Index d.tarifl. Monatsverdienste ohne Sonderzahl.
62221;Vj. Index der Tarifverdienste und Arbeitszeiten;JAHR;Jahr;2022;DINSGF;Früheres Bundesgebiet / Neue Länder;DN;Neue Länder;WZ08C7;WZ2008 (ausgewählte Positionen): Tarifindex;WZ08-B-13;Prod. Gewerbe, Handel, Information u.Kommunikation;99,9;2020=100;VST018;Index der tariflichen Wochenarbeitszeit
62221;Vj. Index der Tarifverdienste und Arbeitszeiten;JAHR;Jahr;2022;DINSGF;Früheres Bundesgebiet / Neue Länder;DN;Neue Länder;WZ08C7;WZ2008 (ausgewählte Positionen): Tarifindex;WZ08-B-13;Prod. Gewerbe, Handel, Information u.Kommunikation;103,6;2020=100;VST065;Index d.tarifl. Stundenverdienste ohne Sonderzahl.
62221;Vj. Index der Tarifverdienste und Arbeitszeiten;JAHR;Jahr;2017;DINSGF;Früheres Bundesgebiet / Neue Länder;DF;Früheres Bundesgebiet;WZ08C7;WZ2008 (ausgewählte Positionen): Tarifindex;WZ08-92;Spiel-, Wett- und Lotteriewesen;94,7;2020=100;VST072;Index d.tarifl. Stundenverdienste mit Sonderzahl.
62221;Vj. Index der Tarifverdienste und Arbeitszeiten;JAHR;Jahr;2017;DINSGF;Früheres Bundesgebiet / Neue Länder;DF;Früheres Bundesgebiet;WZ08C7;WZ2008 (ausgewählte Positionen): Tarifindex;WZ08-92;Spiel-, Wett- und Lotteriewesen;94,7;2020=100;VST073;Index d.tarifl. Monatsverdienste mit Sonderzahl.
62221;Vj. Index der Tarifverdienste und Arbeitszeiten;JAHR;Jahr;2017;DINSGF;Früheres Bundesgebiet / Neue Länder;DF;Früheres Bundesgebiet;WZ08C7;WZ2008 (ausgewählte Positionen): Tarifindex;WZ08-92;Spiel-, Wett- und Lotteriewesen;38,7;h;VST019;Durchschnittliche tarifliche Wochenarbeitszeit
62221;Vj. Index der Tarifverdienste und Arbeitszeiten;JAHR;Jahr;2017;DINSGF;Früheres Bundesgebiet / Neue Länder;DF;Früheres Bundesgebiet;WZ08C7;WZ2008 (ausgewählte Positionen): Tarifindex;WZ08-92;Spiel-, Wett- und Lotteriewesen;94,8;2020=100;VST066;Index d.tarifl. Monatsverdienste ohne Sonderzahl.
62221;Vj. Index der Tarifverdienste und Arbeitszeiten;JAHR;Jahr;2017;DINSGF;Früheres Bundesgebiet / Neue Länder;DF;Früheres Bundesgebiet;WZ08C7;WZ2008 (ausgewählte Positionen): Tarifindex;WZ08-92;Spiel-, Wett- und Lotteriewesen;100,0;2020=100;VST018;Index der tariflichen Wochenarbeitszeit
62221;Vj. Index der Tarifverdienste und Arbeitszeiten;JAHR;Jahr;2017;DINSGF;Früheres Bundesgebiet / Neue Länder;DF;Früheres Bundesgebiet;WZ08C7;WZ2008 (ausgewählte Positionen): Tarifindex;WZ08-92;Spiel-, Wett- und Lotteriewesen;94,8;2020=100;VST065;Index d.tarifl. Stundenverdienste ohne Sonderzahl.
62221;Vj. Index der Tarifverdienste und Arbeitszeiten;JAHR;Jahr;2018;DINSGF;Früheres Bundesgebiet / Neue Länder;DF;Früheres Bundesgebiet;WZ08C7;WZ2008 (ausgewählte Positionen): Tarifindex;WZ08-11;Getränkeherstellung;94,8;2020=100;VST072;Index d.tarifl. Stundenverdienste mit Sonderzahl.
62221;Vj. Index der Tarifverdienste und Arbeitszeiten;JAHR;Jahr;2018;DINSGF;Früheres Bundesgebiet / Neue Länder;DF;Früheres Bundesgebiet;WZ08C7;WZ2008 (ausgewählte Positionen): Tarifindex;WZ08-11;Getränkeherstellung;94,8;2020=100;VST073;Index d.tarifl. Monatsverdienste mit Sonderzahl.
62221;Vj. Index der Tarifverdienste und Arbeitszeiten;JAHR;Jahr;2018;DINSGF;Früheres Bundesgebiet / Neue Länder;DF;Früheres Bundesgebiet;WZ08C7;WZ2008 (ausgewählte Positionen): Tarifindex;WZ08-11;Getränkeherstellung;38,3;h;VST019;Durchschnittliche tarifliche Wochenarbeitszeit
62221;Vj. Index der Tarifverdienste und Arbeitszeiten;JAHR;Jahr;2018;DINSGF;Früheres Bundesgebiet / Neue Länder;DF;Früheres Bundesgebiet;WZ08C7;WZ2008 (ausgewählte Positionen): Tarifindex;WZ08-11;Getränkeherstellung;94,8;2020=100;VST066;Index d.tarifl. Monatsverdienste ohne Sonderzahl.
62221;Vj. Index der Tarifverdienste und Arbeitszeiten;JAHR;Jahr;2018;DINSGF;Früheres Bundesgebiet / Neue Länder;DF;Früheres Bundesgebiet;WZ08C7;WZ2008 (ausgewählte Positionen): Tarifindex;WZ08-11;Getränkeherstellung;100,0;2020=100;VST018;Index der tariflichen Wochenarbeitszeit
62221;Vj. Index der Tarifverdienste und Arbeitszeiten;JAHR;Jahr;2018;DINSGF;Früheres Bundesgebiet / Neue Länder;DF;Früheres Bundesgebiet;WZ08C7;WZ2008 (ausgewählte Positionen): Tarifindex;WZ08-11;Getränkeherstellung;94,9;2020=100;VST065;Index d.tarifl. Stundenverdienste ohne Sonderzahl.
62221;Vj. Index der Tarifverdienste und Arbeitszeiten;JAHR;Jahr;2024;DINSGF;Früheres Bundesgebiet / Neue Länder;DF;Früheres Bundesgebiet;WZ08C7;WZ2008 (ausgewählte Positionen): Tarifindex;WZ08-47;Einzelhandel (ohne Handel mit Kraftfahrzeugen);117,4;2020=100;VST072;Index d.tarifl. Stundenverdienste mit Sonderzahl.
62221;Vj. Index der Tarifverdienste und Arbeitszeiten;JAHR;Jahr;2024;DINSGF;Früheres Bundesgebiet / Neue Länder;DF;Früheres Bundesgebiet;WZ08C7;WZ2008 (ausgewählte Positionen): Tarifindex;WZ08-47;Einzelhandel (ohne Handel mit Kraftfahrzeugen);117,2;2020=100;VST073;Index d.tarifl. Monatsverdienste mit Sonderzahl.
62221;Vj. Index der Tarifverdienste und Arbeitszeiten;JAHR;Jahr;2024;DINSGF;Früheres Bundesgebiet / Neue Länder;DF;Früheres Bundesgebiet;WZ08C7;WZ2008 (ausgewählte Positionen): Tarifindex;WZ08-47;Einzelhandel (ohne Handel mit Kraftfahrzeugen);37,8;h;VST019;Durchschnittliche tarifliche Wochenarbeitszeit
62221;Vj. Index der Tarifverdienste und Arbeitszeiten;JAHR;Jahr;2024;DINSGF;Früheres Bundesgebiet / Neue Länder;DF;Früheres Bundesgebiet;WZ08C7;WZ2008 (ausgewählte Positionen): Tarifindex;WZ08-47;Einzelhandel (ohne Handel mit Kraftfahrzeugen);110,3;2020=100;VST066;Index d.tarifl. Monatsverdienste ohne Sonderzahl.
62221;Vj. Index der Tarifverdienste und Arbeitszeiten;JAHR;Jahr;2024;DINSGF;Früheres Bundesgebiet / Neue Länder;DF;Früheres Bundesgebiet;WZ08C7;WZ2008 (ausgewählte Positionen): Tarifindex;WZ08-47;Einzelhandel (ohne Handel mit Kraftfahrzeugen);99,9;2020=100;VST018;Index der tariflichen Wochenarbeitszeit
62221;Vj. Index der Tarifverdienste und Arbeitszeiten;JAHR;Jahr;2024;DINSGF;Früheres Bundesgebiet / Neue Länder;DF;Früheres Bundesgebiet;WZ08C7;WZ2008 (ausgewählte Positionen): Tarifindex;WZ08-47;Einzelhandel (ohne Handel mit Kraftfahrzeugen);110,4;2020=100;VST065;Index d.tarifl. Stundenverdienste ohne Sonderzahl.
62221;Vj. Index der Tarifverdienste und Arbeitszeiten;JAHR;Jahr;2017;DINSGF;Früheres Bundesgebiet / Neue Länder;DF;Früheres Bundesgebiet;WZ08C7;WZ2008 (ausgewählte Positionen): Tarifindex;WZ08-B-13;Prod. Gewerbe, Handel, Information u.Kommunikation;92,8;2020=100;VST072;Index d.tarifl. Stundenverdienste mit Sonderzahl.
62221;Vj. Index der Tarifverdienste und Arbeitszeiten;JAHR;Jahr;2017;DINSGF;Früheres Bundesgebiet / Neue Länder;DF;Früheres Bundesgebiet;WZ08C7;WZ2008 (ausgewählte Positionen): Tarifindex;WZ08-B-13;Prod. Gewerbe, Handel, Information u.Kommunikation;92,9;2020=100;VST073;Index d.tarifl. Monatsverdienste mit Sonderzahl.
62221;Vj. Index der Tarifverdienste und Arbeitszeiten;JAHR;Jahr;2017;DINSGF;Früheres Bundesgebiet / Neue Länder;DF;Früheres Bundesgebiet;WZ08C7;WZ2008 (ausgewählte Positionen): Tarifindex;WZ08-B-13;Prod. Gewerbe, Handel, Information u.Kommunikation;36,9;h;VST019;Durchschnittliche tarifliche Wochenarbeitszeit
62221;Vj. Index der Tarifverdienste und Arbeitszeiten;JAHR;Jahr;2017;DINSGF;Früheres Bundesgebiet / Neue Länder;DF;Früheres Bundesgebiet;WZ08C7;WZ2008 (ausgewählte Positionen): Tarifindex;WZ08-B-13;Prod. Gewerbe, Handel, Information u.Kommunikation;94,3;2020=100;VST066;Index d.tarifl. Monatsverdienste ohne Sonderzahl.
62221;Vj. Index der Tarifverdienste und Arbeitszeiten;JAHR;Jahr;2017;DINSGF;Früheres Bundesgebiet / Neue Länder;DF;Früheres Bundesgebiet;WZ08C7;WZ2008 (ausgewählte Positionen): Tarifindex;WZ08-B-13;Prod. Gewerbe, Handel, Information u.Kommunikation;100,0;2020=100;VST018;Index der tariflichen Wochenarbeitszeit
62221;Vj. Index der Tarifverdienste und Arbeitszeiten;JAHR;Jahr;2017;DINSGF;Früheres Bundesgebiet / Neue Länder;DF;Früheres Bundesgebiet;WZ08C7;WZ2008 (ausgewählte Positionen): Tarifindex;WZ08-B-13;Prod. Gewerbe, Handel, Information u.Kommunikation;94,3;2020=100;VST065;Index d.tarifl. Stundenverdienste ohne Sonderzahl.
62221;Vj. Index der Tarifverdienste und Arbeitszeiten;JAHR;Jahr;2016;DINSGF;Früheres Bundesgebiet / Neue Länder;DF;Früheres Bundesgebiet;WZ08C7;WZ2008 (ausgewählte Positionen): Tarifindex;WZ08-86;Gesundheitswesen;89,2;2020=100;VST072;Index d.tarifl. Stundenverdienste mit Sonderzahl.
62221;Vj. Index der Tarifverdienste und Arbeitszeiten;JAHR;Jahr;2016;DINSGF;Früheres Bundesgebiet / Neue Länder;DF;Früheres Bundesgebiet;WZ08C7;WZ2008 (ausgewählte Positionen): Tarifindex;WZ08-86;Gesundheitswesen;89,2;2020=100;VST073;Index d.tarifl. Monatsverdienste mit Sonderzahl.
62221;Vj. Index der Tarifverdienste und Arbeitszeiten;JAHR;Jahr;2016;DINSGF;Früheres Bundesgebiet / Neue Länder;DF;Früheres Bundesgebiet;WZ08C7;WZ2008 (ausgewählte Positionen): Tarifindex;WZ08-86;Gesundheitswesen;39,2;h;VST019;Durchschnittliche tarifliche Wochenarbeitszeit
62221;Vj. Index der Tarifverdienste und Arbeitszeiten;JAHR;Jahr;2016;DINSGF;Früheres Bundesgebiet / Neue Länder;DF;Früheres Bundesgebiet;WZ08C7;WZ2008 (ausgewählte Positionen): Tarifindex;WZ08-86;Gesundheitswesen;89,1;2020=100;VST066;Index d.tarifl. Monatsverdienste ohne Sonderzahl.
62221;Vj. Index der Tarifverdienste und Arbeitszeiten;JAHR;Jahr;2016;DINSGF;Früheres Bundesgebiet / Neue Länder;DF;Früheres Bundesgebiet;WZ08C7;WZ2008 (ausgewählte Positionen): Tarifindex;WZ08-86;Gesundheitswesen;100,0;2020=100;VST018;Index der tariflichen Wochenarbeitszeit
62221;Vj. Index der Tarifverdienste und Arbeitszeiten;JAHR;Jahr;2016;DINSGF;Früheres Bundesgebiet / Neue Länder;DF;Früheres Bundesgebiet;WZ08C7;WZ2008 (ausgewählte Positionen): Tarifindex;WZ08-86;Gesundheitswesen;89,1;2020=100;VST065;Index d.tarifl. Stundenverdienste ohne Sonderzahl.
62221;Vj. Index der Tarifverdienste und Arbeitszeiten;JAHR;Jahr;2023;DINSGF;Früheres Bundesgebiet / Neue Länder;DF;Früheres Bundesgebiet;WZ08C7;WZ2008 (ausgewählte Positionen): Tarifindex;WZ08-63;Informationsdienstleistungen;106,0;2020=100;VST072;Index d.tarifl. Stundenverdienste mit Sonderzahl.
62221;Vj. Index der Tarifverdienste und Arbeitszeiten;JAHR;Jahr;2023;DINSGF;Früheres Bundesgebiet / Neue Länder;DF;Früheres Bundesgebiet;WZ08C7;WZ2008 (ausgewählte Positionen): Tarifindex;WZ08-63;Informationsdienstleistungen;106,0;2020=100;VST073;Index d.tarifl. Monatsverdienste mit Sonderzahl.
62221;Vj. Index der Tarifverdienste und Arbeitszeiten;JAHR;Jahr;2023;DINSGF;Früheres Bundesgebiet / Neue Länder;DF;Früheres Bundesgebiet;WZ08C7;WZ2008 (ausgewählte Positionen): Tarifindex;WZ08-63;Informationsdienstleistungen;38,4;h;VST019;Durchschnittliche tarifliche Wochenarbeitszeit
62221;Vj. Index der Tarifverdienste und Arbeitszeiten;JAHR;Jahr;2023;DINSGF;Früheres Bundesgebiet / Neue Länder;DF;Früheres Bundesgebiet;WZ08C7;WZ2008 (ausgewählte Positionen): Tarifindex;WZ08-63;Informationsdienstleistungen;103,8;2020=100;VST066;Index d.tarifl. Monatsverdienste ohne Sonderzahl.
62221;Vj. Index der Tarifverdienste und Arbeitszeiten;JAHR;Jahr;2023;DINSGF;Früheres Bundesgebiet / Neue Länder;DF;Früheres Bundesgebiet;WZ08C7;WZ2008 (ausgewählte Positionen): Tarifindex;WZ08-63;Informationsdienstleistungen;100,0;2020=100;VST018;Index der tariflichen Wochenarbeitszeit
62221;Vj. Index der Tarifverdienste und Arbeitszeiten;JAHR;Jahr;2023;DINSGF;Früheres Bundesgebiet / Neue Länder;DF;Früheres Bundesgebiet;WZ08C7;WZ2008 (ausgewählte Positionen): Tarifindex;WZ08-63;Informationsdienstleistungen;103,8;2020=100;VST065;Index d.tarifl. Stundenverdienste ohne Sonderzahl.
62221;Vj. Index der Tarifverdienste und Arbeitszeiten;JAHR;Jahr;2021;DINSGF;Früheres Bundesgebiet / Neue Länder;DN;Neue Länder;WZ08C7;WZ2008 (ausgewählte Positionen): Tarifindex;WZ08-25;Herstellung von Metallerzeugnissen;101,2;2020=100;VST072;Index d.tarifl. Stundenverdienste mit Sonderzahl.
62221;Vj. Index der Tarifverdienste und Arbeitszeiten;JAHR;Jahr;2021;DINSGF;Früheres Bundesgebiet / Neue Länder;DN;Neue Länder;WZ08C7;WZ2008 (ausgewählte Positionen): Tarifindex;WZ08-25;Herstellung von Metallerzeugnissen;101,2;2020=100;VST073;Index d.tarifl. Monatsverdienste mit Sonderzahl.
62221;Vj. Index der Tarifverdienste und Arbeitszeiten;JAHR;Jahr;2021;DINSGF;Früheres Bundesgebiet / Neue Länder;DN;Neue Länder;WZ08C7;WZ2008 (ausgewählte Positionen): Tarifindex;WZ08-25;Herstellung von Metallerzeugnissen;37,7;h;VST019;Durchschnittliche tarifliche Wochenarbeitszeit
62221;Vj. Index der Tarifverdienste und Arbeitszeiten;JAHR;Jahr;2021;DINSGF;Früheres Bundesgebiet / Neue Länder;DN;Neue Länder;WZ08C7;WZ2008 (ausgewählte Positionen): Tarifindex;WZ08-25;Herstellung von Metallerzeugnissen;100,1;2020=100;VST066;Index d.tarifl. Monatsverdienste ohne Sonderzahl.
62221;Vj. Index der Tarifverdienste und Arbeitszeiten;JAHR;Jahr;2021;DINSGF;Früheres Bundesgebiet / Neue Länder;DN;Neue Länder;WZ08C7;WZ2008 (ausgewählte Positionen): Tarifindex;WZ08-25;Herstellung von Metallerzeugnissen;100,0;2020=100;VST018;Index der tariflichen Wochenarbeitszeit
62221;Vj. Index der Tarifverdienste und Arbeitszeiten;JAHR;Jahr;2021;DINSGF;Früheres Bundesgebiet / Neue Länder;DN;Neue Länder;WZ08C7;WZ2008 (ausgewählte Positionen): Tarifindex;WZ08-25;Herstellung von Metallerzeugnissen;100,1;2020=100;VST065;Index d.tarifl. Stundenverdienste ohne Sonderzahl.
62221;Vj. Index der Tarifverdienste und Arbeitszeiten;JAHR;Jahr;2019;DINSGF;Früheres Bundesgebiet / Neue Länder;DF;Früheres Bundesgebiet;WZ08C7;WZ2008 (ausgewählte Positionen): Tarifindex;WZ08-29;Herstellung von Kraftwagen und Kraftwagenteilen;100,0;2020=100;VST072;Index d.tarifl. Stundenverdienste mit Sonderzahl.
62221;Vj. Index der Tarifverdienste und Arbeitszeiten;JAHR;Jahr;2019;DINSGF;Früheres Bundesgebiet / Neue Länder;DF;Früheres Bundesgebiet;WZ08C7;WZ2008 (ausgewählte Positionen): Tarifindex;WZ08-29;Herstellung von Kraftwagen und Kraftwagenteilen;100,0;2020=100;VST073;Index d.tarifl. Monatsverdienste mit Sonderzahl.
62221;Vj. Index der Tarifverdienste und Arbeitszeiten;JAHR;Jahr;2019;DINSGF;Früheres Bundesgebiet / Neue Länder;DF;Früheres Bundesgebiet;WZ08C7;WZ2008 (ausgewählte Positionen): Tarifindex;WZ08-29;Herstellung von Kraftwagen und Kraftwagenteilen;35,2;h;VST019;Durchschnittliche tarifliche Wochenarbeitszeit
62221;Vj. Index der Tarifverdienste und Arbeitszeiten;JAHR;Jahr;2019;DINSGF;Früheres Bundesgebiet / Neue Länder;DF;Früheres Bundesgebiet;WZ08C7;WZ2008 (ausgewählte Positionen): Tarifindex;WZ08-29;Herstellung von Kraftwagen und Kraftwagenteilen;99,9;2020=100;VST066;Index d.tarifl. Monatsverdienste ohne Sonderzahl.
62221;Vj. Index der Tarifverdienste und Arbeitszeiten;JAHR;Jahr;2019;DINSGF;Früheres Bundesgebiet / Neue Länder;DF;Früheres Bundesgebiet;WZ08C7;WZ2008 (ausgewählte Positionen): Tarifindex;WZ08-29;Herstellung von Kraftwagen und Kraftwagenteilen;100,0;2020=100;VST018;Index der tariflichen Wochenarbeitszeit
62221;Vj. Index der Tarifverdienste und Arbeitszeiten;JAHR;Jahr;2019;DINSGF;Früheres Bundesgebiet / Neue Länder;DF;Früheres Bundesgebiet;WZ08C7;WZ2008 (ausgewählte Positionen): Tarifindex;WZ08-29;Herstellung von Kraftwagen und Kraftwagenteilen;99,9;2020=100;VST065;Index d.tarifl. Stundenverdienste ohne Sonderzahl.
62221;Vj. Index der Tarifverdienste und Arbeitszeiten;JAHR;Jahr;2017;DINSGF;Früheres Bundesgebiet / Neue Länder;DN;Neue Länder;WZ08C7;WZ2008 (ausgewählte Positionen): Tarifindex;WZ08-C;Verarbeitendes Gewerbe;92,4;2020=100;VST072;Index d.tarifl. Stundenverdienste mit Sonderzahl.
62221;Vj. Index der Tarifverdienste und Arbeitszeiten;JAHR;Jahr;2017;DINSGF;Früheres Bundesgebiet / Neue Länder;DN;Neue Länder;WZ08C7;WZ2008 (ausgewählte Positionen): Tarifindex;WZ08-C;Verarbeitendes Gewerbe;92,6;2020=100;VST073;Index d.tarifl. Monatsverdienste mit Sonderzahl.
62221;Vj. Index der Tarifverdienste und Arbeitszeiten;JAHR;Jahr;2017;DINSGF;Früheres Bundesgebiet / Neue Länder;DN;Neue Länder;WZ08C7;WZ2008 (ausgewählte Positionen): Tarifindex;WZ08-C;Verarbeitendes Gewerbe;38,1;h;VST019;Durchschnittliche tarifliche Wochenarbeitszeit
62221;Vj. Index der Tarifverdienste und Arbeitszeiten;JAHR;Jahr;2017;DINSGF;Früheres Bundesgebiet / Neue Länder;DN;Neue Länder;WZ08C7;WZ2008 (ausgewählte Positionen): Tarifindex;WZ08-C;Verarbeitendes Gewerbe;94,5;2020=100;VST066;Index d.tarifl. Monatsverdienste ohne Sonderzahl.
62221;Vj. Index der Tarifverdienste und Arbeitszeiten;JAHR;Jahr;2017;DINSGF;Früheres Bundesgebiet / Neue Länder;DN;Neue Länder;WZ08C7;WZ2008 (ausgewählte Positionen): Tarifindex;WZ08-C;Verarbeitendes Gewerbe;100,2;2020=100;VST018;Index der tariflichen Wochenarbeitszeit
62221;Vj. Index der Tarifverdienste und Arbeitszeiten;JAHR;Jahr;2017;DINSGF;Früheres Bundesgebiet / Neue Länder;DN;Neue Länder;WZ08C7;WZ2008 (ausgewählte Positionen): Tarifindex;WZ08-C;Verarbeitendes Gewerbe;94,3;2020=100;VST065;Index d.tarifl. Stundenverdienste ohne Sonderzahl.
62221;Vj. Index der Tarifverdienste und Arbeitszeiten;JAHR;Jahr;2017;DINSGF;Früheres Bundesgebiet / Neue Länder;DN;Neue Länder;WZ08C7;WZ2008 (ausgewählte Positionen): Tarifindex;WZ08-O;Öff. Verwaltung, Verteidigung, Sozialversicherung;91,9;2020=100;VST072;Index d.tarifl. Stundenverdienste mit Sonderzahl.
62221;Vj. Index der Tarifverdienste und Arbeitszeiten;JAHR;Jahr;2017;DINSGF;Früheres Bundesgebiet / Neue Länder;DN;Neue Länder;WZ08C7;WZ2008 (ausgewählte Positionen): Tarifindex;WZ08-O;Öff. Verwaltung, Verteidigung, Sozialversicherung;91,9;2020=100;VST073;Index d.tarifl. Monatsverdienste mit Sonderzahl.
62221;Vj. Index der Tarifverdienste und Arbeitszeiten;JAHR;Jahr;2017;DINSGF;Früheres Bundesgebiet / Neue Länder;DN;Neue Länder;WZ08C7;WZ2008 (ausgewählte Positionen): Tarifindex;WZ08-O;Öff. Verwaltung, Verteidigung, Sozialversicherung;39,7;h;VST019;Durchschnittliche tarifliche Wochenarbeitszeit
62221;Vj. Index der Tarifverdienste und Arbeitszeiten;JAHR;Jahr;2017;DINSGF;Früheres Bundesgebiet / Neue Länder;DN;Neue Länder;WZ08C7;WZ2008 (ausgewählte Positionen): Tarifindex;WZ08-O;Öff. Verwaltung, Verteidigung, Sozialversicherung;91,6;2020=100;VST066;Index d.tarifl. Monatsverdienste ohne Sonderzahl.
62221;Vj. Index der Tarifverdienste und Arbeitszeiten;JAHR;Jahr;2017;DINSGF;Früheres Bundesgebiet / Neue Länder;DN;Neue Länder;WZ08C7;WZ2008 (ausgewählte Positionen): Tarifindex;WZ08-O;Öff. Verwaltung, Verteidigung, Sozialversicherung;100,0;2020=100;VST018;Index der tariflichen Wochenarbeitszeit
62221;Vj. Index der Tarifverdienste und Arbeitszeiten;JAHR;Jahr;2017;DINSGF;Früheres Bundesgebiet / Neue Länder;DN;Neue Länder;WZ08C7;WZ2008 (ausgewählte Positionen): Tarifindex;WZ08-O;Öff. Verwaltung, Verteidigung, Sozialversicherung;91,6;2020=100;VST065;Index d.tarifl. Stundenverdienste ohne Sonderzahl.
62221;Vj. Index der Tarifverdienste und Arbeitszeiten;JAHR;Jahr;2021;DINSGF;Früheres Bundesgebiet / Neue Länder;DF;Früheres Bundesgebiet;WZ08C7;WZ2008 (ausgewählte Positionen): Tarifindex;WZ08-73;Werbung und Marktforschung;100,5;2020=100;VST072;Index d.tarifl. Stundenverdienste mit Sonderzahl.
62221;Vj. Index der Tarifverdienste und Arbeitszeiten;JAHR;Jahr;2021;DINSGF;Früheres Bundesgebiet / Neue Länder;DF;Früheres Bundesgebiet;WZ08C7;WZ2008 (ausgewählte Positionen): Tarifindex;WZ08-73;Werbung und Marktforschung;100,5;2020=100;VST073;Index d.tarifl. Monatsverdienste mit Sonderzahl.
62221;Vj. Index der Tarifverdienste und Arbeitszeiten;JAHR;Jahr;2021;DINSGF;Früheres Bundesgebiet / Neue Länder;DF;Früheres Bundesgebiet;WZ08C7;WZ2008 (ausgewählte Positionen): Tarifindex;WZ08-73;Werbung und Marktforschung;38,6;h;VST019;Durchschnittliche tarifliche Wochenarbeitszeit
62221;Vj. Index der Tarifverdienste und Arbeitszeiten;JAHR;Jahr;2021;DINSGF;Früheres Bundesgebiet / Neue Länder;DF;Früheres Bundesgebiet;WZ08C7;WZ2008 (ausgewählte Positionen): Tarifindex;WZ08-73;Werbung und Marktforschung;102,1;2020=100;VST066;Index d.tarifl. Monatsverdienste ohne Sonderzahl.
62221;Vj. Index der Tarifverdienste und Arbeitszeiten;JAHR;Jahr;2021;DINSGF;Früheres Bundesgebiet / Neue Länder;DF;Früheres Bundesgebiet;WZ08C7;WZ2008 (ausgewählte Positionen): Tarifindex;WZ08-73;Werbung und Marktforschung;100,0;2020=100;VST018;Index der tariflichen Wochenarbeitszeit
62221;Vj. Index der Tarifverdienste und Arbeitszeiten;JAHR;Jahr;2021;DINSGF;Früheres Bundesgebiet / Neue Länder;DF;Früheres Bundesgebiet;WZ08C7;WZ2008 (ausgewählte Positionen): Tarifindex;WZ08-73;Werbung und Marktforschung;102,1;2020=100;VST065;Index d.tarifl. Stundenverdienste ohne Sonderzahl.
62221;Vj. Index der Tarifverdienste und Arbeitszeiten;JAHR;Jahr;2023;DINSGF;Früheres Bundesgebiet / Neue Länder;DF;Früheres Bundesgebiet;WZ08C7;WZ2008 (ausgewählte Positionen): Tarifindex;WZ08-01-01;Land- und Forstwirtschaft;108,8;2020=100;VST072;Index d.tarifl. Stundenverdienste mit Sonderzahl.
62221;Vj. Index der Tarifverdienste und Arbeitszeiten;JAHR;Jahr;2023;DINSGF;Früheres Bundesgebiet / Neue Länder;DF;Früheres Bundesgebiet;WZ08C7;WZ2008 (ausgewählte Positionen): Tarifindex;WZ08-01-01;Land- und Forstwirtschaft;108,8;2020=100;VST073;Index d.tarifl. Monatsverdienste mit Sonderzahl.
62221;Vj. Index der Tarifverdienste und Arbeitszeiten;JAHR;Jahr;2023;DINSGF;Früheres Bundesgebiet / Neue Länder;DF;Früheres Bundesgebiet;WZ08C7;WZ2008 (ausgewählte Positionen): Tarifindex;WZ08-01-01;Land- und Forstwirtschaft;39,8;h;VST019;Durchschnittliche tarifliche Wochenarbeitszeit
62221;Vj. Index der Tarifverdienste und Arbeitszeiten;JAHR;Jahr;2023;DINSGF;Früheres Bundesgebiet / Neue Länder;DF;Früheres Bundesgebiet;WZ08C7;WZ2008 (ausgewählte Positionen): Tarifindex;WZ08-01-01;Land- und Forstwirtschaft;108,0;2020=100;VST066;Index d.tarifl. Monatsverdienste ohne Sonderzahl.
62221;Vj. Index der Tarifverdienste und Arbeitszeiten;JAHR;Jahr;2023;DINSGF;Früheres Bundesgebiet / Neue Länder;DF;Früheres Bundesgebiet;WZ08C7;WZ2008 (ausgewählte Positionen): Tarifindex;WZ08-01-01;Land- und Forstwirtschaft;100,0;2020=100;VST018;Index der tariflichen Wochenarbeitszeit
62221;Vj. Index der Tarifverdienste und Arbeitszeiten;JAHR;Jahr;2023;DINSGF;Früheres Bundesgebiet / Neue Länder;DF;Früheres Bundesgebiet;WZ08C7;WZ2008 (ausgewählte Positionen): Tarifindex;WZ08-01-01;Land- und Forstwirtschaft;108,0;2020=100;VST065;Index d.tarifl. Stundenverdienste ohne Sonderzahl.
62221;Vj. Index der Tarifverdienste und Arbeitszeiten;JAHR;Jahr;2020;DINSGF;Früheres Bundesgebiet / Neue Länder;DN;Neue Länder;WZ08C7;WZ2008 (ausgewählte Positionen): Tarifindex;WZ08-19;Kokerei und Mineralölverarbeitung;100,0;2020=100;VST072;Index d.tarifl. Stundenverdienste mit Sonderzahl.
62221;Vj. Index der Tarifverdienste und Arbeitszeiten;JAHR;Jahr;2020;DINSGF;Früheres Bundesgebiet / Neue Länder;DN;Neue Länder;WZ08C7;WZ2008 (ausgewählte Positionen): Tarifindex;WZ08-19;Kokerei und Mineralölverarbeitung;100,0;2020=100;VST073;Index d.tarifl. Monatsverdienste mit Sonderzahl.
62221;Vj. Index der Tarifverdienste und Arbeitszeiten;JAHR;Jahr;2020;DINSGF;Früheres Bundesgebiet / Neue Länder;DN;Neue Länder;WZ08C7;WZ2008 (ausgewählte Positionen): Tarifindex;WZ08-19;Kokerei und Mineralölverarbeitung;39,5;h;VST019;Durchschnittliche tarifliche Wochenarbeitszeit
62221;Vj. Index der Tarifverdienste und Arbeitszeiten;JAHR;Jahr;2020;DINSGF;Früheres Bundesgebiet / Neue Länder;DN;Neue Länder;WZ08C7;WZ2008 (ausgewählte Positionen): Tarifindex;WZ08-19;Kokerei und Mineralölverarbeitung;100,0;2020=100;VST066;Index d.tarifl. Monatsverdienste ohne Sonderzahl.
62221;Vj. Index der Tarifverdienste und Arbeitszeiten;JAHR;Jahr;2020;DINSGF;Früheres Bundesgebiet / Neue Länder;DN;Neue Länder;WZ08C7;WZ2008 (ausgewählte Positionen): Tarifindex;WZ08-19;Kokerei und Mineralölverarbeitung;100,0;2020=100;VST018;Index der tariflichen Wochenarbeitszeit
62221;Vj. Index der Tarifverdienste und Arbeitszeiten;JAHR;Jahr;2020;DINSGF;Früheres Bundesgebiet / Neue Länder;DN;Neue Länder;WZ08C7;WZ2008 (ausgewählte Positionen): Tarifindex;WZ08-19;Kokerei und Mineralölverarbeitung;100,0;2020=100;VST065;Index d.tarifl. Stundenverdienste ohne Sonderzahl.
62221;Vj. Index der Tarifverdienste und Arbeitszeiten;JAHR;Jahr;2018;DINSGF;Früheres Bundesgebiet / Neue Länder;DN;Neue Länder;WZ08C7;WZ2008 (ausgewählte Positionen): Tarifindex;WZ08-65;Versicherungen, Rückversicherungen, Pensionskassen;96,4;2020=100;VST072;Index d.tarifl. Stundenverdienste mit Sonderzahl.
62221;Vj. Index der Tarifverdienste und Arbeitszeiten;JAHR;Jahr;2018;DINSGF;Früheres Bundesgebiet / Neue Länder;DN;Neue Länder;WZ08C7;WZ2008 (ausgewählte Positionen): Tarifindex;WZ08-65;Versicherungen, Rückversicherungen, Pensionskassen;96,4;2020=100;VST073;Index d.tarifl. Monatsverdienste mit Sonderzahl.
62221;Vj. Index der Tarifverdienste und Arbeitszeiten;JAHR;Jahr;2018;DINSGF;Früheres Bundesgebiet / Neue Länder;DN;Neue Länder;WZ08C7;WZ2008 (ausgewählte Positionen): Tarifindex;WZ08-65;Versicherungen, Rückversicherungen, Pensionskassen;38,0;h;VST019;Durchschnittliche tarifliche Wochenarbeitszeit
62221;Vj. Index der Tarifverdienste und Arbeitszeiten;JAHR;Jahr;2018;DINSGF;Früheres Bundesgebiet / Neue Länder;DN;Neue Länder;WZ08C7;WZ2008 (ausgewählte Positionen): Tarifindex;WZ08-65;Versicherungen, Rückversicherungen, Pensionskassen;96,4;2020=100;VST066;Index d.tarifl. Monatsverdienste ohne Sonderzahl.
62221;Vj. Index der Tarifverdienste und Arbeitszeiten;JAHR;Jahr;2018;DINSGF;Früheres Bundesgebiet / Neue Länder;DN;Neue Länder;WZ08C7;WZ2008 (ausgewählte Positionen): Tarifindex;WZ08-65;Versicherungen, Rückversicherungen, Pensionskassen;100,0;2020=100;VST018;Index der tariflichen Wochenarbeitszeit
62221;Vj. Index der Tarifverdienste und Arbeitszeiten;JAHR;Jahr;2018;DINSGF;Früheres Bundesgebiet / Neue Länder;DN;Neue Länder;WZ08C7;WZ2008 (ausgewählte Positionen): Tarifindex;WZ08-65;Versicherungen, Rückversicherungen, Pensionskassen;96,4;2020=100;VST065;Index d.tarifl. Stundenverdienste ohne Sonderzahl.
62221;Vj. Index der Tarifverdienste und Arbeitszeiten;JAHR;Jahr;2023;DINSGF;Früheres Bundesgebiet / Neue Länder;DN;Neue Länder;WZ08C7;WZ2008 (ausgewählte Positionen): Tarifindex;WZ08-24-01;Metallgewerbe;108,2;2020=100;VST072;Index d.tarifl. Stundenverdienste mit Sonderzahl.
62221;Vj. Index der Tarifverdienste und Arbeitszeiten;JAHR;Jahr;2023;DINSGF;Früheres Bundesgebiet / Neue Länder;DN;Neue Länder;WZ08C7;WZ2008 (ausgewählte Positionen): Tarifindex;WZ08-24-01;Metallgewerbe;108,2;2020=100;VST073;Index d.tarifl. Monatsverdienste mit Sonderzahl.
62221;Vj. Index der Tarifverdienste und Arbeitszeiten;JAHR;Jahr;2023;DINSGF;Früheres Bundesgebiet / Neue Länder;DN;Neue Länder;WZ08C7;WZ2008 (ausgewählte Positionen): Tarifindex;WZ08-24-01;Metallgewerbe;36,8;h;VST019;Durchschnittliche tarifliche Wochenarbeitszeit
62221;Vj. Index der Tarifverdienste und Arbeitszeiten;JAHR;Jahr;2023;DINSGF;Früheres Bundesgebiet / Neue Länder;DN;Neue Länder;WZ08C7;WZ2008 (ausgewählte Positionen): Tarifindex;WZ08-24-01;Metallgewerbe;103,9;2020=100;VST066;Index d.tarifl. Monatsverdienste ohne Sonderzahl.
62221;Vj. Index der Tarifverdienste und Arbeitszeiten;JAHR;Jahr;2023;DINSGF;Früheres Bundesgebiet / Neue Länder;DN;Neue Länder;WZ08C7;WZ2008 (ausgewählte Positionen): Tarifindex;WZ08-24-01;Metallgewerbe;100,0;2020=100;VST018;Index der tariflichen Wochenarbeitszeit
62221;Vj. Index der Tarifverdienste und Arbeitszeiten;JAHR;Jahr;2023;DINSGF;Früheres Bundesgebiet / Neue Länder;DN;Neue Länder;WZ08C7;WZ2008 (ausgewählte Positionen): Tarifindex;WZ08-24-01;Metallgewerbe;103,9;2020=100;VST065;Index d.tarifl. Stundenverdienste ohne Sonderzahl.
62221;Vj. Index der Tarifverdienste und Arbeitszeiten;JAHR;Jahr;2020;DINSGF;Früheres Bundesgebiet / Neue Länder;DN;Neue Länder;WZ08C7;WZ2008 (ausgewählte Positionen): Tarifindex;WZ08-52-01;Lagerei und Kurierdienste;100,0;2020=100;VST072;Index d.tarifl. Stundenverdienste mit Sonderzahl.
62221;Vj. Index der Tarifverdienste und Arbeitszeiten;JAHR;Jahr;2020;DINSGF;Früheres Bundesgebiet / Neue Länder;DN;Neue Länder;WZ08C7;WZ2008 (ausgewählte Positionen): Tarifindex;WZ08-52-01;Lagerei und Kurierdienste;100,0;2020=100;VST073;Index d.tarifl. Monatsverdienste mit Sonderzahl.
62221;Vj. Index der Tarifverdienste und Arbeitszeiten;JAHR;Jahr;2020;DINSGF;Früheres Bundesgebiet / Neue Länder;DN;Neue Länder;WZ08C7;WZ2008 (ausgewählte Positionen): Tarifindex;WZ08-52-01;Lagerei und Kurierdienste;39,0;h;VST019;Durchschnittliche tarifliche Wochenarbeitszeit
62221;Vj. Index der Tarifverdienste und Arbeitszeiten;JAHR;Jahr;2020;DINSGF;Früheres Bundesgebiet / Neue Länder;DN;Neue Länder;WZ08C7;WZ2008 (ausgewählte Positionen): Tarifindex;WZ08-52-01;Lagerei und Kurierdienste;100,0;2020=100;VST066;Index d.tarifl. Monatsverdienste ohne Sonderzahl.
62221;Vj. Index der Tarifverdienste und Arbeitszeiten;JAHR;Jahr;2020;DINSGF;Früheres Bundesgebiet / Neue Länder;DN;Neue Länder;WZ08C7;WZ2008 (ausgewählte Positionen): Tarifindex;WZ08-52-01;Lagerei und Kurierdienste;100,0;2020=100;VST018;Index der tariflichen Wochenarbeitszeit
62221;Vj. Index der Tarifverdienste und Arbeitszeiten;JAHR;Jahr;2020;DINSGF;Früheres Bundesgebiet / Neue Länder;DN;Neue Länder;WZ08C7;WZ2008 (ausgewählte Positionen): Tarifindex;WZ08-52-01;Lagerei und Kurierdienste;100,0;2020=100;VST065;Index d.tarifl. Stundenverdienste ohne Sonderzahl.
62221;Vj. Index der Tarifverdienste und Arbeitszeiten;JAHR;Jahr;2017;DINSGF;Früheres Bundesgebiet / Neue Länder;DF;Früheres Bundesgebiet;WZ08C7;WZ2008 (ausgewählte Positionen): Tarifindex;WZ08-D-06;Energie- und Wasserversorgung;92,8;2020=100;VST072;Index d.tarifl. Stundenverdienste mit Sonderzahl.
62221;Vj. Index der Tarifverdienste und Arbeitszeiten;JAHR;Jahr;2017;DINSGF;Früheres Bundesgebiet / Neue Länder;DF;Früheres Bundesgebiet;WZ08C7;WZ2008 (ausgewählte Positionen): Tarifindex;WZ08-D-06;Energie- und Wasserversorgung;92,8;2020=100;VST073;Index d.tarifl. Monatsverdienste mit Sonderzahl.
62221;Vj. Index der Tarifverdienste und Arbeitszeiten;JAHR;Jahr;2017;DINSGF;Früheres Bundesgebiet / Neue Länder;DF;Früheres Bundesgebiet;WZ08C7;WZ2008 (ausgewählte Positionen): Tarifindex;WZ08-D-06;Energie- und Wasserversorgung;38,5;h;VST019;Durchschnittliche tarifliche Wochenarbeitszeit
62221;Vj. Index der Tarifverdienste und Arbeitszeiten;JAHR;Jahr;2017;DINSGF;Früheres Bundesgebiet / Neue Länder;DF;Früheres Bundesgebiet;WZ08C7;WZ2008 (ausgewählte Positionen): Tarifindex;WZ08-D-06;Energie- und Wasserversorgung;93,1;2020=100;VST066;Index d.tarifl. Monatsverdienste ohne Sonderzahl.
62221;Vj. Index der Tarifverdienste und Arbeitszeiten;JAHR;Jahr;2017;DINSGF;Früheres Bundesgebiet / Neue Länder;DF;Früheres Bundesgebiet;WZ08C7;WZ2008 (ausgewählte Positionen): Tarifindex;WZ08-D-06;Energie- und Wasserversorgung;100,0;2020=100;VST018;Index der tariflichen Wochenarbeitszeit
62221;Vj. Index der Tarifverdienste und Arbeitszeiten;JAHR;Jahr;2017;DINSGF;Früheres Bundesgebiet / Neue Länder;DF;Früheres Bundesgebiet;WZ08C7;WZ2008 (ausgewählte Positionen): Tarifindex;WZ08-D-06;Energie- und Wasserversorgung;93,1;2020=100;VST065;Index d.tarifl. Stundenverdienste ohne Sonderzahl.
62221;Vj. Index der Tarifverdienste und Arbeitszeiten;JAHR;Jahr;2019;DINSGF;Früheres Bundesgebiet / Neue Länder;DN;Neue Länder;WZ08C7;WZ2008 (ausgewählte Positionen): Tarifindex;WZ08-71;Architektur-,Ing.büros,techn.,physik.Untersuchung;98,9;2020=100;VST072;Index d.tarifl. Stundenverdienste mit Sonderzahl.
62221;Vj. Index der Tarifverdienste und Arbeitszeiten;JAHR;Jahr;2019;DINSGF;Früheres Bundesgebiet / Neue Länder;DN;Neue Länder;WZ08C7;WZ2008 (ausgewählte Positionen): Tarifindex;WZ08-71;Architektur-,Ing.büros,techn.,physik.Untersuchung;98,9;2020=100;VST073;Index d.tarifl. Monatsverdienste mit Sonderzahl.
62221;Vj. Index der Tarifverdienste und Arbeitszeiten;JAHR;Jahr;2019;DINSGF;Früheres Bundesgebiet / Neue Länder;DN;Neue Länder;WZ08C7;WZ2008 (ausgewählte Positionen): Tarifindex;WZ08-71;Architektur-,Ing.büros,techn.,physik.Untersuchung;38,1;h;VST019;Durchschnittliche tarifliche Wochenarbeitszeit
62221;Vj. Index der Tarifverdienste und Arbeitszeiten;JAHR;Jahr;2019;DINSGF;Früheres Bundesgebiet / Neue Länder;DN;Neue Länder;WZ08C7;WZ2008 (ausgewählte Positionen): Tarifindex;WZ08-71;Architektur-,Ing.büros,techn.,physik.Untersuchung;98,4;2020=100;VST066;Index d.tarifl. Monatsverdienste ohne Sonderzahl.
62221;Vj. Index der Tarifverdienste und Arbeitszeiten;JAHR;Jahr;2019;DINSGF;Früheres Bundesgebiet / Neue Länder;DN;Neue Länder;WZ08C7;WZ2008 (ausgewählte Positionen): Tarifindex;WZ08-71;Architektur-,Ing.büros,techn.,physik.Untersuchung;100,0;2020=100;VST018;Index der tariflichen Wochenarbeitszeit
62221;Vj. Index der Tarifverdienste und Arbeitszeiten;JAHR;Jahr;2019;DINSGF;Früheres Bundesgebiet / Neue Länder;DN;Neue Länder;WZ08C7;WZ2008 (ausgewählte Positionen): Tarifindex;WZ08-71;Architektur-,Ing.büros,techn.,physik.Untersuchung;98,4;2020=100;VST065;Index d.tarifl. Stundenverdienste ohne Sonderzahl.
62221;Vj. Index der Tarifverdienste und Arbeitszeiten;JAHR;Jahr;2019;DINSGF;Früheres Bundesgebiet / Neue Länder;DN;Neue Länder;WZ08C7;WZ2008 (ausgewählte Positionen): Tarifindex;WZ08-68;Grundstücks- und Wohnungswesen;97,6;2020=100;VST072;Index d.tarifl. Stundenverdienste mit Sonderzahl.
62221;Vj. Index der Tarifverdienste und Arbeitszeiten;JAHR;Jahr;2019;DINSGF;Früheres Bundesgebiet / Neue Länder;DN;Neue Länder;WZ08C7;WZ2008 (ausgewählte Positionen): Tarifindex;WZ08-68;Grundstücks- und Wohnungswesen;97,6;2020=100;VST073;Index d.tarifl. Monatsverdienste mit Sonderzahl.
62221;Vj. Index der Tarifverdienste und Arbeitszeiten;JAHR;Jahr;2019;DINSGF;Früheres Bundesgebiet / Neue Länder;DN;Neue Länder;WZ08C7;WZ2008 (ausgewählte Positionen): Tarifindex;WZ08-68;Grundstücks- und Wohnungswesen;37,2;h;VST019;Durchschnittliche tarifliche Wochenarbeitszeit
62221;Vj. Index der Tarifverdienste und Arbeitszeiten;JAHR;Jahr;2019;DINSGF;Früheres Bundesgebiet / Neue Länder;DN;Neue Länder;WZ08C7;WZ2008 (ausgewählte Positionen): Tarifindex;WZ08-68;Grundstücks- und Wohnungswesen;98,4;2020=100;VST066;Index d.tarifl. Monatsverdienste ohne Sonderzahl.
62221;Vj. Index der Tarifverdienste und Arbeitszeiten;JAHR;Jahr;2019;DINSGF;Früheres Bundesgebiet / Neue Länder;DN;Neue Länder;WZ08C7;WZ2008 (ausgewählte Positionen): Tarifindex;WZ08-68;Grundstücks- und Wohnungswesen;100,0;2020=100;VST018;Index der tariflichen Wochenarbeitszeit
62221;Vj. Index der Tarifverdienste und Arbeitszeiten;JAHR;Jahr;2019;DINSGF;Früheres Bundesgebiet / Neue Länder;DN;Neue Länder;WZ08C7;WZ2008 (ausgewählte Positionen): Tarifindex;WZ08-68;Grundstücks- und Wohnungswesen;98,4;2020=100;VST065;Index d.tarifl. Stundenverdienste ohne Sonderzahl.
62221;Vj. Index der Tarifverdienste und Arbeitszeiten;JAHR;Jahr;2021;DINSGF;Früheres Bundesgebiet / Neue Länder;DF;Früheres Bundesgebiet;WZ08C7;WZ2008 (ausgewählte Positionen): Tarifindex;WZ08-36;Wasserversorgung;100,8;2020=100;VST072;Index d.tarifl. Stundenverdienste mit Sonderzahl.
62221;Vj. Index der Tarifverdienste und Arbeitszeiten;JAHR;Jahr;2021;DINSGF;Früheres Bundesgebiet / Neue Länder;DF;Früheres Bundesgebiet;WZ08C7;WZ2008 (ausgewählte Positionen): Tarifindex;WZ08-36;Wasserversorgung;100,8;2020=100;VST073;Index d.tarifl. Monatsverdienste mit Sonderzahl.
62221;Vj. Index der Tarifverdienste und Arbeitszeiten;JAHR;Jahr;2021;DINSGF;Früheres Bundesgebiet / Neue Länder;DF;Früheres Bundesgebiet;WZ08C7;WZ2008 (ausgewählte Positionen): Tarifindex;WZ08-36;Wasserversorgung;38,9;h;VST019;Durchschnittliche tarifliche Wochenarbeitszeit
62221;Vj. Index der Tarifverdienste und Arbeitszeiten;JAHR;Jahr;2021;DINSGF;Früheres Bundesgebiet / Neue Länder;DF;Früheres Bundesgebiet;WZ08C7;WZ2008 (ausgewählte Positionen): Tarifindex;WZ08-36;Wasserversorgung;101,5;2020=100;VST066;Index d.tarifl. Monatsverdienste ohne Sonderzahl.
62221;Vj. Index der Tarifverdienste und Arbeitszeiten;JAHR;Jahr;2021;DINSGF;Früheres Bundesgebiet / Neue Länder;DF;Früheres Bundesgebiet;WZ08C7;WZ2008 (ausgewählte Positionen): Tarifindex;WZ08-36;Wasserversorgung;100,0;2020=100;VST018;Index der tariflichen Wochenarbeitszeit
62221;Vj. Index der Tarifverdienste und Arbeitszeiten;JAHR;Jahr;2021;DINSGF;Früheres Bundesgebiet / Neue Länder;DF;Früheres Bundesgebiet;WZ08C7;WZ2008 (ausgewählte Positionen): Tarifindex;WZ08-36;Wasserversorgung;101,5;2020=100;VST065;Index d.tarifl. Stundenverdienste ohne Sonderzahl.
62221;Vj. Index der Tarifverdienste und Arbeitszeiten;JAHR;Jahr;2016;DINSGF;Früheres Bundesgebiet / Neue Länder;DN;Neue Länder;WZ08C7;WZ2008 (ausgewählte Positionen): Tarifindex;WZ08-75;Veterinärwesen;90,6;2020=100;VST072;Index d.tarifl. Stundenverdienste mit Sonderzahl.
62221;Vj. Index der Tarifverdienste und Arbeitszeiten;JAHR;Jahr;2016;DINSGF;Früheres Bundesgebiet / Neue Länder;DN;Neue Länder;WZ08C7;WZ2008 (ausgewählte Positionen): Tarifindex;WZ08-75;Veterinärwesen;90,6;2020=100;VST073;Index d.tarifl. Monatsverdienste mit Sonderzahl.
62221;Vj. Index der Tarifverdienste und Arbeitszeiten;JAHR;Jahr;2016;DINSGF;Früheres Bundesgebiet / Neue Länder;DN;Neue Länder;WZ08C7;WZ2008 (ausgewählte Positionen): Tarifindex;WZ08-75;Veterinärwesen;39,7;h;VST019;Durchschnittliche tarifliche Wochenarbeitszeit
62221;Vj. Index der Tarifverdienste und Arbeitszeiten;JAHR;Jahr;2016;DINSGF;Früheres Bundesgebiet / Neue Länder;DN;Neue Länder;WZ08C7;WZ2008 (ausgewählte Positionen): Tarifindex;WZ08-75;Veterinärwesen;90,2;2020=100;VST066;Index d.tarifl. Monatsverdienste ohne Sonderzahl.
62221;Vj. Index der Tarifverdienste und Arbeitszeiten;JAHR;Jahr;2016;DINSGF;Früheres Bundesgebiet / Neue Länder;DN;Neue Länder;WZ08C7;WZ2008 (ausgewählte Positionen): Tarifindex;WZ08-75;Veterinärwesen;100,0;2020=100;VST018;Index der tariflichen Wochenarbeitszeit
62221;Vj. Index der Tarifverdienste und Arbeitszeiten;JAHR;Jahr;2016;DINSGF;Früheres Bundesgebiet / Neue Länder;DN;Neue Länder;WZ08C7;WZ2008 (ausgewählte Positionen): Tarifindex;WZ08-75;Veterinärwesen;90,2;2020=100;VST065;Index d.tarifl. Stundenverdienste ohne Sonderzahl.
62221;Vj. Index der Tarifverdienste und Arbeitszeiten;JAHR;Jahr;2023;DINSGF;Früheres Bundesgebiet / Neue Länder;DF;Früheres Bundesgebiet;WZ08C7;WZ2008 (ausgewählte Positionen): Tarifindex;WZ-X003;Gebrauchsgüterproduzenten;107,6;2020=100;VST072;Index d.tarifl. Stundenverdienste mit Sonderzahl.
62221;Vj. Index der Tarifverdienste und Arbeitszeiten;JAHR;Jahr;2023;DINSGF;Früheres Bundesgebiet / Neue Länder;DF;Früheres Bundesgebiet;WZ08C7;WZ2008 (ausgewählte Positionen): Tarifindex;WZ-X003;Gebrauchsgüterproduzenten;107,6;2020=100;VST073;Index d.tarifl. Monatsverdienste mit Sonderzahl.
62221;Vj. Index der Tarifverdienste und Arbeitszeiten;JAHR;Jahr;2023;DINSGF;Früheres Bundesgebiet / Neue Länder;DF;Früheres Bundesgebiet;WZ08C7;WZ2008 (ausgewählte Positionen): Tarifindex;WZ-X003;Gebrauchsgüterproduzenten;36,4;h;VST019;Durchschnittliche tarifliche Wochenarbeitszeit
62221;Vj. Index der Tarifverdienste und Arbeitszeiten;JAHR;Jahr;2023;DINSGF;Früheres Bundesgebiet / Neue Länder;DF;Früheres Bundesgebiet;WZ08C7;WZ2008 (ausgewählte Positionen): Tarifindex;WZ-X003;Gebrauchsgüterproduzenten;104,6;2020=100;VST066;Index d.tarifl. Monatsverdienste ohne Sonderzahl.
62221;Vj. Index der Tarifverdienste und Arbeitszeiten;JAHR;Jahr;2023;DINSGF;Früheres Bundesgebiet / Neue Länder;DF;Früheres Bundesgebiet;WZ08C7;WZ2008 (ausgewählte Positionen): Tarifindex;WZ-X003;Gebrauchsgüterproduzenten;100,0;2020=100;VST018;Index der tariflichen Wochenarbeitszeit
62221;Vj. Index der Tarifverdienste und Arbeitszeiten;JAHR;Jahr;2023;DINSGF;Früheres Bundesgebiet / Neue Länder;DF;Früheres Bundesgebiet;WZ08C7;WZ2008 (ausgewählte Positionen): Tarifindex;WZ-X003;Gebrauchsgüterproduzenten;104,6;2020=100;VST065;Index d.tarifl. Stundenverdienste ohne Sonderzahl.
62221;Vj. Index der Tarifverdienste und Arbeitszeiten;JAHR;Jahr;2017;DINSGF;Früheres Bundesgebiet / Neue Länder;DN;Neue Länder;WZ08C7;WZ2008 (ausgewählte Positionen): Tarifindex;WZ08-59;Film, TV-Programme, Kinos, Tonstudios, Musikverlag;-;2020=100;VST072;Index d.tarifl. Stundenverdienste mit Sonderzahl.
62221;Vj. Index der Tarifverdienste und Arbeitszeiten;JAHR;Jahr;2017;DINSGF;Früheres Bundesgebiet / Neue Länder;DN;Neue Länder;WZ08C7;WZ2008 (ausgewählte Positionen): Tarifindex;WZ08-59;Film, TV-Programme, Kinos, Tonstudios, Musikverlag;-;2020=100;VST073;Index d.tarifl. Monatsverdienste mit Sonderzahl.
62221;Vj. Index der Tarifverdienste und Arbeitszeiten;JAHR;Jahr;2017;DINSGF;Früheres Bundesgebiet / Neue Länder;DN;Neue Länder;WZ08C7;WZ2008 (ausgewählte Positionen): Tarifindex;WZ08-59;Film, TV-Programme, Kinos, Tonstudios, Musikverlag;-;h;VST019;Durchschnittliche tarifliche Wochenarbeitszeit
62221;Vj. Index der Tarifverdienste und Arbeitszeiten;JAHR;Jahr;2017;DINSGF;Früheres Bundesgebiet / Neue Länder;DN;Neue Länder;WZ08C7;WZ2008 (ausgewählte Positionen): Tarifindex;WZ08-59;Film, TV-Programme, Kinos, Tonstudios, Musikverlag;-;2020=100;VST066;Index d.tarifl. Monatsverdienste ohne Sonderzahl.
62221;Vj. Index der Tarifverdienste und Arbeitszeiten;JAHR;Jahr;2017;DINSGF;Früheres Bundesgebiet / Neue Länder;DN;Neue Länder;WZ08C7;WZ2008 (ausgewählte Positionen): Tarifindex;WZ08-59;Film, TV-Programme, Kinos, Tonstudios, Musikverlag;-;2020=100;VST018;Index der tariflichen Wochenarbeitszeit
62221;Vj. Index der Tarifverdienste und Arbeitszeiten;JAHR;Jahr;2017;DINSGF;Früheres Bundesgebiet / Neue Länder;DN;Neue Länder;WZ08C7;WZ2008 (ausgewählte Positionen): Tarifindex;WZ08-59;Film, TV-Programme, Kinos, Tonstudios, Musikverlag;-;2020=100;VST065;Index d.tarifl. Stundenverdienste ohne Sonderzahl.
62221;Vj. Index der Tarifverdienste und Arbeitszeiten;JAHR;Jahr;2022;DINSGF;Früheres Bundesgebiet / Neue Länder;DN;Neue Länder;WZ08C7;WZ2008 (ausgewählte Positionen): Tarifindex;WZ08-G-03;Wirtschaftliche Dienstleistungen;105,1;2020=100;VST072;Index d.tarifl. Stundenverdienste mit Sonderzahl.
62221;Vj. Index der Tarifverdienste und Arbeitszeiten;JAHR;Jahr;2022;DINSGF;Früheres Bundesgebiet / Neue Länder;DN;Neue Länder;WZ08C7;WZ2008 (ausgewählte Positionen): Tarifindex;WZ08-G-03;Wirtschaftliche Dienstleistungen;105,1;2020=100;VST073;Index d.tarifl. Monatsverdienste mit Sonderzahl.
62221;Vj. Index der Tarifverdienste und Arbeitszeiten;JAHR;Jahr;2022;DINSGF;Früheres Bundesgebiet / Neue Länder;DN;Neue Länder;WZ08C7;WZ2008 (ausgewählte Positionen): Tarifindex;WZ08-G-03;Wirtschaftliche Dienstleistungen;38,4;h;VST019;Durchschnittliche tarifliche Wochenarbeitszeit
62221;Vj. Index der Tarifverdienste und Arbeitszeiten;JAHR;Jahr;2022;DINSGF;Früheres Bundesgebiet / Neue Länder;DN;Neue Länder;WZ08C7;WZ2008 (ausgewählte Positionen): Tarifindex;WZ08-G-03;Wirtschaftliche Dienstleistungen;105,1;2020=100;VST066;Index d.tarifl. Monatsverdienste ohne Sonderzahl.
62221;Vj. Index der Tarifverdienste und Arbeitszeiten;JAHR;Jahr;2022;DINSGF;Früheres Bundesgebiet / Neue Länder;DN;Neue Länder;WZ08C7;WZ2008 (ausgewählte Positionen): Tarifindex;WZ08-G-03;Wirtschaftliche Dienstleistungen;100,0;2020=100;VST018;Index der tariflichen Wochenarbeitszeit
62221;Vj. Index der Tarifverdienste und Arbeitszeiten;JAHR;Jahr;2022;DINSGF;Früheres Bundesgebiet / Neue Länder;DN;Neue Länder;WZ08C7;WZ2008 (ausgewählte Positionen): Tarifindex;WZ08-G-03;Wirtschaftliche Dienstleistungen;105,1;2020=100;VST065;Index d.tarifl. Stundenverdienste ohne Sonderzahl.
62221;Vj. Index der Tarifverdienste und Arbeitszeiten;JAHR;Jahr;2017;DINSGF;Früheres Bundesgebiet / Neue Länder;DN;Neue Länder;WZ08C7;WZ2008 (ausgewählte Positionen): Tarifindex;WZ08-55-01;Gastgewerbe;90,9;2020=100;VST072;Index d.tarifl. Stundenverdienste mit Sonderzahl.
62221;Vj. Index der Tarifverdienste und Arbeitszeiten;JAHR;Jahr;2017;DINSGF;Früheres Bundesgebiet / Neue Länder;DN;Neue Länder;WZ08C7;WZ2008 (ausgewählte Positionen): Tarifindex;WZ08-55-01;Gastgewerbe;90,9;2020=100;VST073;Index d.tarifl. Monatsverdienste mit Sonderzahl.
62221;Vj. Index der Tarifverdienste und Arbeitszeiten;JAHR;Jahr;2017;DINSGF;Früheres Bundesgebiet / Neue Länder;DN;Neue Länder;WZ08C7;WZ2008 (ausgewählte Positionen): Tarifindex;WZ08-55-01;Gastgewerbe;39,4;h;VST019;Durchschnittliche tarifliche Wochenarbeitszeit
62221;Vj. Index der Tarifverdienste und Arbeitszeiten;JAHR;Jahr;2017;DINSGF;Früheres Bundesgebiet / Neue Länder;DN;Neue Länder;WZ08C7;WZ2008 (ausgewählte Positionen): Tarifindex;WZ08-55-01;Gastgewerbe;90,5;2020=100;VST066;Index d.tarifl. Monatsverdienste ohne Sonderzahl.
62221;Vj. Index der Tarifverdienste und Arbeitszeiten;JAHR;Jahr;2017;DINSGF;Früheres Bundesgebiet / Neue Länder;DN;Neue Länder;WZ08C7;WZ2008 (ausgewählte Positionen): Tarifindex;WZ08-55-01;Gastgewerbe;100,0;2020=100;VST018;Index der tariflichen Wochenarbeitszeit
62221;Vj. Index der Tarifverdienste und Arbeitszeiten;JAHR;Jahr;2017;DINSGF;Früheres Bundesgebiet / Neue Länder;DN;Neue Länder;WZ08C7;WZ2008 (ausgewählte Positionen): Tarifindex;WZ08-55-01;Gastgewerbe;90,5;2020=100;VST065;Index d.tarifl. Stundenverdienste ohne Sonderzahl.
62221;Vj. Index der Tarifverdienste und Arbeitszeiten;JAHR;Jahr;2020;DINSGF;Früheres Bundesgebiet / Neue Länder;DF;Früheres Bundesgebiet;WZ08C7;WZ2008 (ausgewählte Positionen): Tarifindex;WZ08-52;Lagerei, sonstige Dienstleistungen für den Verkehr;100,0;2020=100;VST072;Index d.tarifl. Stundenverdienste mit Sonderzahl.
62221;Vj. Index der Tarifverdienste und Arbeitszeiten;JAHR;Jahr;2020;DINSGF;Früheres Bundesgebiet / Neue Länder;DF;Früheres Bundesgebiet;WZ08C7;WZ2008 (ausgewählte Positionen): Tarifindex;WZ08-52;Lagerei, sonstige Dienstleistungen für den Verkehr;100,0;2020=100;VST073;Index d.tarifl. Monatsverdienste mit Sonderzahl.
62221;Vj. Index der Tarifverdienste und Arbeitszeiten;JAHR;Jahr;2020;DINSGF;Früheres Bundesgebiet / Neue Länder;DF;Früheres Bundesgebiet;WZ08C7;WZ2008 (ausgewählte Positionen): Tarifindex;WZ08-52;Lagerei, sonstige Dienstleistungen für den Verkehr;38,5;h;VST019;Durchschnittliche tarifliche Wochenarbeitszeit
62221;Vj. Index der Tarifverdienste und Arbeitszeiten;JAHR;Jahr;2020;DINSGF;Früheres Bundesgebiet / Neue Länder;DF;Früheres Bundesgebiet;WZ08C7;WZ2008 (ausgewählte Positionen): Tarifindex;WZ08-52;Lagerei, sonstige Dienstleistungen für den Verkehr;100,0;2020=100;VST066;Index d.tarifl. Monatsverdienste ohne Sonderzahl.
62221;Vj. Index der Tarifverdienste und Arbeitszeiten;JAHR;Jahr;2020;DINSGF;Früheres Bundesgebiet / Neue Länder;DF;Früheres Bundesgebiet;WZ08C7;WZ2008 (ausgewählte Positionen): Tarifindex;WZ08-52;Lagerei, sonstige Dienstleistungen für den Verkehr;100,0;2020=100;VST018;Index der tariflichen Wochenarbeitszeit
62221;Vj. Index der Tarifverdienste und Arbeitszeiten;JAHR;Jahr;2020;DINSGF;Früheres Bundesgebiet / Neue Länder;DF;Früheres Bundesgebiet;WZ08C7;WZ2008 (ausgewählte Positionen): Tarifindex;WZ08-52;Lagerei, sonstige Dienstleistungen für den Verkehr;100,0;2020=100;VST065;Index d.tarifl. Stundenverdienste ohne Sonderzahl.
62221;Vj. Index der Tarifverdienste und Arbeitszeiten;JAHR;Jahr;2022;DINSGF;Früheres Bundesgebiet / Neue Länder;DF;Früheres Bundesgebiet;WZ08C7;WZ2008 (ausgewählte Positionen): Tarifindex;WZ08-493;Sonstige Personenbeförderung im Landverkehr;102,7;2020=100;VST072;Index d.tarifl. Stundenverdienste mit Sonderzahl.
62221;Vj. Index der Tarifverdienste und Arbeitszeiten;JAHR;Jahr;2022;DINSGF;Früheres Bundesgebiet / Neue Länder;DF;Früheres Bundesgebiet;WZ08C7;WZ2008 (ausgewählte Positionen): Tarifindex;WZ08-493;Sonstige Personenbeförderung im Landverkehr;102,7;2020=100;VST073;Index d.tarifl. Monatsverdienste mit Sonderzahl.
62221;Vj. Index der Tarifverdienste und Arbeitszeiten;JAHR;Jahr;2022;DINSGF;Früheres Bundesgebiet / Neue Länder;DF;Früheres Bundesgebiet;WZ08C7;WZ2008 (ausgewählte Positionen): Tarifindex;WZ08-493;Sonstige Personenbeförderung im Landverkehr;39,0;h;VST019;Durchschnittliche tarifliche Wochenarbeitszeit
62221;Vj. Index der Tarifverdienste und Arbeitszeiten;JAHR;Jahr;2022;DINSGF;Früheres Bundesgebiet / Neue Länder;DF;Früheres Bundesgebiet;WZ08C7;WZ2008 (ausgewählte Positionen): Tarifindex;WZ08-493;Sonstige Personenbeförderung im Landverkehr;103,3;2020=100;VST066;Index d.tarifl. Monatsverdienste ohne Sonderzahl.
62221;Vj. Index der Tarifverdienste und Arbeitszeiten;JAHR;Jahr;2022;DINSGF;Früheres Bundesgebiet / Neue Länder;DF;Früheres Bundesgebiet;WZ08C7;WZ2008 (ausgewählte Positionen): Tarifindex;WZ08-493;Sonstige Personenbeförderung im Landverkehr;100,0;2020=100;VST018;Index der tariflichen Wochenarbeitszeit
62221;Vj. Index der Tarifverdienste und Arbeitszeiten;JAHR;Jahr;2022;DINSGF;Früheres Bundesgebiet / Neue Länder;DF;Früheres Bundesgebiet;WZ08C7;WZ2008 (ausgewählte Positionen): Tarifindex;WZ08-493;Sonstige Personenbeförderung im Landverkehr;103,3;2020=100;VST065;Index d.tarifl. Stundenverdienste ohne Sonderzahl.
62221;Vj. Index der Tarifverdienste und Arbeitszeiten;JAHR;Jahr;2018;DINSGF;Früheres Bundesgebiet / Neue Länder;DN;Neue Länder;WZ08C7;WZ2008 (ausgewählte Positionen): Tarifindex;WZ08-84;Öff. Verwaltung, Verteidigung, Sozialversicherung;94,5;2020=100;VST072;Index d.tarifl. Stundenverdienste mit Sonderzahl.
62221;Vj. Index der Tarifverdienste und Arbeitszeiten;JAHR;Jahr;2018;DINSGF;Früheres Bundesgebiet / Neue Länder;DN;Neue Länder;WZ08C7;WZ2008 (ausgewählte Positionen): Tarifindex;WZ08-84;Öff. Verwaltung, Verteidigung, Sozialversicherung;94,5;2020=100;VST073;Index d.tarifl. Monatsverdienste mit Sonderzahl.
62221;Vj. Index der Tarifverdienste und Arbeitszeiten;JAHR;Jahr;2018;DINSGF;Früheres Bundesgebiet / Neue Länder;DN;Neue Länder;WZ08C7;WZ2008 (ausgewählte Positionen): Tarifindex;WZ08-84;Öff. Verwaltung, Verteidigung, Sozialversicherung;39,7;h;VST019;Durchschnittliche tarifliche Wochenarbeitszeit
62221;Vj. Index der Tarifverdienste und Arbeitszeiten;JAHR;Jahr;2018;DINSGF;Früheres Bundesgebiet / Neue Länder;DN;Neue Länder;WZ08C7;WZ2008 (ausgewählte Positionen): Tarifindex;WZ08-84;Öff. Verwaltung, Verteidigung, Sozialversicherung;94,1;2020=100;VST066;Index d.tarifl. Monatsverdienste ohne Sonderzahl.
62221;Vj. Index der Tarifverdienste und Arbeitszeiten;JAHR;Jahr;2018;DINSGF;Früheres Bundesgebiet / Neue Länder;DN;Neue Länder;WZ08C7;WZ2008 (ausgewählte Positionen): Tarifindex;WZ08-84;Öff. Verwaltung, Verteidigung, Sozialversicherung;100,0;2020=100;VST018;Index der tariflichen Wochenarbeitszeit
62221;Vj. Index der Tarifverdienste und Arbeitszeiten;JAHR;Jahr;2018;DINSGF;Früheres Bundesgebiet / Neue Länder;DN;Neue Länder;WZ08C7;WZ2008 (ausgewählte Positionen): Tarifindex;WZ08-84;Öff. Verwaltung, Verteidigung, Sozialversicherung;94,1;2020=100;VST065;Index d.tarifl. Stundenverdienste ohne Sonderzahl.
62221;Vj. Index der Tarifverdienste und Arbeitszeiten;JAHR;Jahr;2023;DINSGF;Früheres Bundesgebiet / Neue Länder;DN;Neue Länder;WZ08C7;WZ2008 (ausgewählte Positionen): Tarifindex;WZ08-15;Herstellung von Leder, Lederwaren und Schuhen;-;2020=100;VST072;Index d.tarifl. Stundenverdienste mit Sonderzahl.
62221;Vj. Index der Tarifverdienste und Arbeitszeiten;JAHR;Jahr;2023;DINSGF;Früheres Bundesgebiet / Neue Länder;DN;Neue Länder;WZ08C7;WZ2008 (ausgewählte Positionen): Tarifindex;WZ08-15;Herstellung von Leder, Lederwaren und Schuhen;-;2020=100;VST073;Index d.tarifl. Monatsverdienste mit Sonderzahl.
62221;Vj. Index der Tarifverdienste und Arbeitszeiten;JAHR;Jahr;2023;DINSGF;Früheres Bundesgebiet / Neue Länder;DN;Neue Länder;WZ08C7;WZ2008 (ausgewählte Positionen): Tarifindex;WZ08-15;Herstellung von Leder, Lederwaren und Schuhen;-;h;VST019;Durchschnittliche tarifliche Wochenarbeitszeit
62221;Vj. Index der Tarifverdienste und Arbeitszeiten;JAHR;Jahr;2023;DINSGF;Früheres Bundesgebiet / Neue Länder;DN;Neue Länder;WZ08C7;WZ2008 (ausgewählte Positionen): Tarifindex;WZ08-15;Herstellung von Leder, Lederwaren und Schuhen;-;2020=100;VST066;Index d.tarifl. Monatsverdienste ohne Sonderzahl.
62221;Vj. Index der Tarifverdienste und Arbeitszeiten;JAHR;Jahr;2023;DINSGF;Früheres Bundesgebiet / Neue Länder;DN;Neue Länder;WZ08C7;WZ2008 (ausgewählte Positionen): Tarifindex;WZ08-15;Herstellung von Leder, Lederwaren und Schuhen;-;2020=100;VST018;Index der tariflichen Wochenarbeitszeit
62221;Vj. Index der Tarifverdienste und Arbeitszeiten;JAHR;Jahr;2023;DINSGF;Früheres Bundesgebiet / Neue Länder;DN;Neue Länder;WZ08C7;WZ2008 (ausgewählte Positionen): Tarifindex;WZ08-15;Herstellung von Leder, Lederwaren und Schuhen;-;2020=100;VST065;Index d.tarifl. Stundenverdienste ohne Sonderzahl.
62221;Vj. Index der Tarifverdienste und Arbeitszeiten;JAHR;Jahr;2019;DINSGF;Früheres Bundesgebiet / Neue Länder;DF;Früheres Bundesgebiet;WZ08C7;WZ2008 (ausgewählte Positionen): Tarifindex;WZ08-82;Dienstleistungen für Unternehmen u.Privatpers. ang;98,0;2020=100;VST072;Index d.tarifl. Stundenverdienste mit Sonderzahl.
62221;Vj. Index der Tarifverdienste und Arbeitszeiten;JAHR;Jahr;2019;DINSGF;Früheres Bundesgebiet / Neue Länder;DF;Früheres Bundesgebiet;WZ08C7;WZ2008 (ausgewählte Positionen): Tarifindex;WZ08-82;Dienstleistungen für Unternehmen u.Privatpers. ang;98,1;2020=100;VST073;Index d.tarifl. Monatsverdienste mit Sonderzahl.
62221;Vj. Index der Tarifverdienste und Arbeitszeiten;JAHR;Jahr;2019;DINSGF;Früheres Bundesgebiet / Neue Länder;DF;Früheres Bundesgebiet;WZ08C7;WZ2008 (ausgewählte Positionen): Tarifindex;WZ08-82;Dienstleistungen für Unternehmen u.Privatpers. ang;37,4;h;VST019;Durchschnittliche tarifliche Wochenarbeitszeit
62221;Vj. Index der Tarifverdienste und Arbeitszeiten;JAHR;Jahr;2019;DINSGF;Früheres Bundesgebiet / Neue Länder;DF;Früheres Bundesgebiet;WZ08C7;WZ2008 (ausgewählte Positionen): Tarifindex;WZ08-82;Dienstleistungen für Unternehmen u.Privatpers. ang;98,2;2020=100;VST066;Index d.tarifl. Monatsverdienste ohne Sonderzahl.
62221;Vj. Index der Tarifverdienste und Arbeitszeiten;JAHR;Jahr;2019;DINSGF;Früheres Bundesgebiet / Neue Länder;DF;Früheres Bundesgebiet;WZ08C7;WZ2008 (ausgewählte Positionen): Tarifindex;WZ08-82;Dienstleistungen für Unternehmen u.Privatpers. ang;100,0;2020=100;VST018;Index der tariflichen Wochenarbeitszeit
62221;Vj. Index der Tarifverdienste und Arbeitszeiten;JAHR;Jahr;2019;DINSGF;Früheres Bundesgebiet / Neue Länder;DF;Früheres Bundesgebiet;WZ08C7;WZ2008 (ausgewählte Positionen): Tarifindex;WZ08-82;Dienstleistungen für Unternehmen u.Privatpers. ang;98,2;2020=100;VST065;Index d.tarifl. Stundenverdienste ohne Sonderzahl.
62221;Vj. Index der Tarifverdienste und Arbeitszeiten;JAHR;Jahr;2022;DINSGF;Früheres Bundesgebiet / Neue Länder;DN;Neue Länder;WZ08C7;WZ2008 (ausgewählte Positionen): Tarifindex;WZ08-46;Großhandel (ohne Handel mit Kraftfahrzeugen);104,8;2020=100;VST072;Index d.tarifl. Stundenverdienste mit Sonderzahl.
62221;Vj. Index der Tarifverdienste und Arbeitszeiten;JAHR;Jahr;2022;DINSGF;Früheres Bundesgebiet / Neue Länder;DN;Neue Länder;WZ08C7;WZ2008 (ausgewählte Positionen): Tarifindex;WZ08-46;Großhandel (ohne Handel mit Kraftfahrzeugen);104,7;2020=100;VST073;Index d.tarifl. Monatsverdienste mit Sonderzahl.
62221;Vj. Index der Tarifverdienste und Arbeitszeiten;JAHR;Jahr;2022;DINSGF;Früheres Bundesgebiet / Neue Länder;DN;Neue Länder;WZ08C7;WZ2008 (ausgewählte Positionen): Tarifindex;WZ08-46;Großhandel (ohne Handel mit Kraftfahrzeugen);38,5;h;VST019;Durchschnittliche tarifliche Wochenarbeitszeit
62221;Vj. Index der Tarifverdienste und Arbeitszeiten;JAHR;Jahr;2022;DINSGF;Früheres Bundesgebiet / Neue Länder;DN;Neue Länder;WZ08C7;WZ2008 (ausgewählte Positionen): Tarifindex;WZ08-46;Großhandel (ohne Handel mit Kraftfahrzeugen);103,3;2020=100;VST066;Index d.tarifl. Monatsverdienste ohne Sonderzahl.
62221;Vj. Index der Tarifverdienste und Arbeitszeiten;JAHR;Jahr;2022;DINSGF;Früheres Bundesgebiet / Neue Länder;DN;Neue Länder;WZ08C7;WZ2008 (ausgewählte Positionen): Tarifindex;WZ08-46;Großhandel (ohne Handel mit Kraftfahrzeugen);99,9;2020=100;VST018;Index der tariflichen Wochenarbeitszeit
62221;Vj. Index der Tarifverdienste und Arbeitszeiten;JAHR;Jahr;2022;DINSGF;Früheres Bundesgebiet / Neue Länder;DN;Neue Länder;WZ08C7;WZ2008 (ausgewählte Positionen): Tarifindex;WZ08-46;Großhandel (ohne Handel mit Kraftfahrzeugen);103,4;2020=100;VST065;Index d.tarifl. Stundenverdienste ohne Sonderzahl.
62221;Vj. Index der Tarifverdienste und Arbeitszeiten;JAHR;Jahr;2024;DINSGF;Früheres Bundesgebiet / Neue Länder;DN;Neue Länder;WZ08C7;WZ2008 (ausgewählte Positionen): Tarifindex;WZ08-K;Erbringung v. Finanz- u. Versicherungsdienstleist.;109,7;2020=100;VST072;Index d.tarifl. Stundenverdienste mit Sonderzahl.
62221;Vj. Index der Tarifverdienste und Arbeitszeiten;JAHR;Jahr;2024;DINSGF;Früheres Bundesgebiet / Neue Länder;DN;Neue Länder;WZ08C7;WZ2008 (ausgewählte Positionen): Tarifindex;WZ08-K;Erbringung v. Finanz- u. Versicherungsdienstleist.;109,7;2020=100;VST073;Index d.tarifl. Monatsverdienste mit Sonderzahl.
62221;Vj. Index der Tarifverdienste und Arbeitszeiten;JAHR;Jahr;2024;DINSGF;Früheres Bundesgebiet / Neue Länder;DN;Neue Länder;WZ08C7;WZ2008 (ausgewählte Positionen): Tarifindex;WZ08-K;Erbringung v. Finanz- u. Versicherungsdienstleist.;38,9;h;VST019;Durchschnittliche tarifliche Wochenarbeitszeit
62221;Vj. Index der Tarifverdienste und Arbeitszeiten;JAHR;Jahr;2024;DINSGF;Früheres Bundesgebiet / Neue Länder;DN;Neue Länder;WZ08C7;WZ2008 (ausgewählte Positionen): Tarifindex;WZ08-K;Erbringung v. Finanz- u. Versicherungsdienstleist.;110,0;2020=100;VST066;Index d.tarifl. Monatsverdienste ohne Sonderzahl.
62221;Vj. Index der Tarifverdienste und Arbeitszeiten;JAHR;Jahr;2024;DINSGF;Früheres Bundesgebiet / Neue Länder;DN;Neue Länder;WZ08C7;WZ2008 (ausgewählte Positionen): Tarifindex;WZ08-K;Erbringung v. Finanz- u. Versicherungsdienstleist.;100,0;2020=100;VST018;Index der tariflichen Wochenarbeitszeit
62221;Vj. Index der Tarifverdienste und Arbeitszeiten;JAHR;Jahr;2024;DINSGF;Früheres Bundesgebiet / Neue Länder;DN;Neue Länder;WZ08C7;WZ2008 (ausgewählte Positionen): Tarifindex;WZ08-K;Erbringung v. Finanz- u. Versicherungsdienstleist.;110,0;2020=100;VST065;Index d.tarifl. Stundenverdienste ohne Sonderzahl.
62221;Vj. Index der Tarifverdienste und Arbeitszeiten;JAHR;Jahr;2022;DINSGF;Früheres Bundesgebiet / Neue Länder;DN;Neue Länder;WZ08C7;WZ2008 (ausgewählte Positionen): Tarifindex;WZ08-31;Herstellung von Möbeln;104,7;2020=100;VST072;Index d.tarifl. Stundenverdienste mit Sonderzahl.
62221;Vj. Index der Tarifverdienste und Arbeitszeiten;JAHR;Jahr;2022;DINSGF;Früheres Bundesgebiet / Neue Länder;DN;Neue Länder;WZ08C7;WZ2008 (ausgewählte Positionen): Tarifindex;WZ08-31;Herstellung von Möbeln;104,7;2020=100;VST073;Index d.tarifl. Monatsverdienste mit Sonderzahl.
62221;Vj. Index der Tarifverdienste und Arbeitszeiten;JAHR;Jahr;2022;DINSGF;Früheres Bundesgebiet / Neue Länder;DN;Neue Länder;WZ08C7;WZ2008 (ausgewählte Positionen): Tarifindex;WZ08-31;Herstellung von Möbeln;37,6;h;VST019;Durchschnittliche tarifliche Wochenarbeitszeit
62221;Vj. Index der Tarifverdienste und Arbeitszeiten;JAHR;Jahr;2022;DINSGF;Früheres Bundesgebiet / Neue Länder;DN;Neue Länder;WZ08C7;WZ2008 (ausgewählte Positionen): Tarifindex;WZ08-31;Herstellung von Möbeln;103,7;2020=100;VST066;Index d.tarifl. Monatsverdienste ohne Sonderzahl.
62221;Vj. Index der Tarifverdienste und Arbeitszeiten;JAHR;Jahr;2022;DINSGF;Früheres Bundesgebiet / Neue Länder;DN;Neue Länder;WZ08C7;WZ2008 (ausgewählte Positionen): Tarifindex;WZ08-31;Herstellung von Möbeln;100,0;2020=100;VST018;Index der tariflichen Wochenarbeitszeit
62221;Vj. Index der Tarifverdienste und Arbeitszeiten;JAHR;Jahr;2022;DINSGF;Früheres Bundesgebiet / Neue Länder;DN;Neue Länder;WZ08C7;WZ2008 (ausgewählte Positionen): Tarifindex;WZ08-31;Herstellung von Möbeln;103,7;2020=100;VST065;Index d.tarifl. Stundenverdienste ohne Sonderzahl.
62221;Vj. Index der Tarifverdienste und Arbeitszeiten;JAHR;Jahr;2020;DINSGF;Früheres Bundesgebiet / Neue Länder;DF;Früheres Bundesgebiet;WZ08C7;WZ2008 (ausgewählte Positionen): Tarifindex;WZ08-G;Handel, Instandhaltung und Reparatur von Kfz;100,0;2020=100;VST072;Index d.tarifl. Stundenverdienste mit Sonderzahl.
62221;Vj. Index der Tarifverdienste und Arbeitszeiten;JAHR;Jahr;2020;DINSGF;Früheres Bundesgebiet / Neue Länder;DF;Früheres Bundesgebiet;WZ08C7;WZ2008 (ausgewählte Positionen): Tarifindex;WZ08-G;Handel, Instandhaltung und Reparatur von Kfz;100,0;2020=100;VST073;Index d.tarifl. Monatsverdienste mit Sonderzahl.
62221;Vj. Index der Tarifverdienste und Arbeitszeiten;JAHR;Jahr;2020;DINSGF;Früheres Bundesgebiet / Neue Länder;DF;Früheres Bundesgebiet;WZ08C7;WZ2008 (ausgewählte Positionen): Tarifindex;WZ08-G;Handel, Instandhaltung und Reparatur von Kfz;37,7;h;VST019;Durchschnittliche tarifliche Wochenarbeitszeit
62221;Vj. Index der Tarifverdienste und Arbeitszeiten;JAHR;Jahr;2020;DINSGF;Früheres Bundesgebiet / Neue Länder;DF;Früheres Bundesgebiet;WZ08C7;WZ2008 (ausgewählte Positionen): Tarifindex;WZ08-G;Handel, Instandhaltung und Reparatur von Kfz;100,0;2020=100;VST066;Index d.tarifl. Monatsverdienste ohne Sonderzahl.
62221;Vj. Index der Tarifverdienste und Arbeitszeiten;JAHR;Jahr;2020;DINSGF;Früheres Bundesgebiet / Neue Länder;DF;Früheres Bundesgebiet;WZ08C7;WZ2008 (ausgewählte Positionen): Tarifindex;WZ08-G;Handel, Instandhaltung und Reparatur von Kfz;100,0;2020=100;VST018;Index der tariflichen Wochenarbeitszeit
62221;Vj. Index der Tarifverdienste und Arbeitszeiten;JAHR;Jahr;2020;DINSGF;Früheres Bundesgebiet / Neue Länder;DF;Früheres Bundesgebiet;WZ08C7;WZ2008 (ausgewählte Positionen): Tarifindex;WZ08-G;Handel, Instandhaltung und Reparatur von Kfz;100,0;2020=100;VST065;Index d.tarifl. Stundenverdienste ohne Sonderzahl.
62221;Vj. Index der Tarifverdienste und Arbeitszeiten;JAHR;Jahr;2022;DINSGF;Früheres Bundesgebiet / Neue Länder;DF;Früheres Bundesgebiet;WZ08C7;WZ2008 (ausgewählte Positionen): Tarifindex;WZ08-G-03;Wirtschaftliche Dienstleistungen;104,3;2020=100;VST072;Index d.tarifl. Stundenverdienste mit Sonderzahl.
62221;Vj. Index der Tarifverdienste und Arbeitszeiten;JAHR;Jahr;2022;DINSGF;Früheres Bundesgebiet / Neue Länder;DF;Früheres Bundesgebiet;WZ08C7;WZ2008 (ausgewählte Positionen): Tarifindex;WZ08-G-03;Wirtschaftliche Dienstleistungen;104,3;2020=100;VST073;Index d.tarifl. Monatsverdienste mit Sonderzahl.
62221;Vj. Index der Tarifverdienste und Arbeitszeiten;JAHR;Jahr;2022;DINSGF;Früheres Bundesgebiet / Neue Länder;DF;Früheres Bundesgebiet;WZ08C7;WZ2008 (ausgewählte Positionen): Tarifindex;WZ08-G-03;Wirtschaftliche Dienstleistungen;38,1;h;VST019;Durchschnittliche tarifliche Wochenarbeitszeit
62221;Vj. Index der Tarifverdienste und Arbeitszeiten;JAHR;Jahr;2022;DINSGF;Früheres Bundesgebiet / Neue Länder;DF;Früheres Bundesgebiet;WZ08C7;WZ2008 (ausgewählte Positionen): Tarifindex;WZ08-G-03;Wirtschaftliche Dienstleistungen;104,1;2020=100;VST066;Index d.tarifl. Monatsverdienste ohne Sonderzahl.
62221;Vj. Index der Tarifverdienste und Arbeitszeiten;JAHR;Jahr;2022;DINSGF;Früheres Bundesgebiet / Neue Länder;DF;Früheres Bundesgebiet;WZ08C7;WZ2008 (ausgewählte Positionen): Tarifindex;WZ08-G-03;Wirtschaftliche Dienstleistungen;100,0;2020=100;VST018;Index der tariflichen Wochenarbeitszeit
62221;Vj. Index der Tarifverdienste und Arbeitszeiten;JAHR;Jahr;2022;DINSGF;Früheres Bundesgebiet / Neue Länder;DF;Früheres Bundesgebiet;WZ08C7;WZ2008 (ausgewählte Positionen): Tarifindex;WZ08-G-03;Wirtschaftliche Dienstleistungen;104,1;2020=100;VST065;Index d.tarifl. Stundenverdienste ohne Sonderzahl.
62221;Vj. Index der Tarifverdienste und Arbeitszeiten;JAHR;Jahr;2016;DINSGF;Früheres Bundesgebiet / Neue Länder;DN;Neue Länder;WZ08C7;WZ2008 (ausgewählte Positionen): Tarifindex;WZ08-20-01;Chemische Industrie;89,5;2020=100;VST072;Index d.tarifl. Stundenverdienste mit Sonderzahl.
62221;Vj. Index der Tarifverdienste und Arbeitszeiten;JAHR;Jahr;2016;DINSGF;Früheres Bundesgebiet / Neue Länder;DN;Neue Länder;WZ08C7;WZ2008 (ausgewählte Positionen): Tarifindex;WZ08-20-01;Chemische Industrie;90,5;2020=100;VST073;Index d.tarifl. Monatsverdienste mit Sonderzahl.
62221;Vj. Index der Tarifverdienste und Arbeitszeiten;JAHR;Jahr;2016;DINSGF;Früheres Bundesgebiet / Neue Länder;DN;Neue Länder;WZ08C7;WZ2008 (ausgewählte Positionen): Tarifindex;WZ08-20-01;Chemische Industrie;39,7;h;VST019;Durchschnittliche tarifliche Wochenarbeitszeit
62221;Vj. Index der Tarifverdienste und Arbeitszeiten;JAHR;Jahr;2016;DINSGF;Früheres Bundesgebiet / Neue Länder;DN;Neue Länder;WZ08C7;WZ2008 (ausgewählte Positionen): Tarifindex;WZ08-20-01;Chemische Industrie;91,8;2020=100;VST066;Index d.tarifl. Monatsverdienste ohne Sonderzahl.
62221;Vj. Index der Tarifverdienste und Arbeitszeiten;JAHR;Jahr;2016;DINSGF;Früheres Bundesgebiet / Neue Länder;DN;Neue Länder;WZ08C7;WZ2008 (ausgewählte Positionen): Tarifindex;WZ08-20-01;Chemische Industrie;101,1;2020=100;VST018;Index der tariflichen Wochenarbeitszeit
62221;Vj. Index der Tarifverdienste und Arbeitszeiten;JAHR;Jahr;2016;DINSGF;Früheres Bundesgebiet / Neue Länder;DN;Neue Länder;WZ08C7;WZ2008 (ausgewählte Positionen): Tarifindex;WZ08-20-01;Chemische Industrie;90,8;2020=100;VST065;Index d.tarifl. Stundenverdienste ohne Sonderzahl.
62221;Vj. Index der Tarifverdienste und Arbeitszeiten;JAHR;Jahr;2024;DINSGF;Früheres Bundesgebiet / Neue Länder;DF;Früheres Bundesgebiet;WZ08C7;WZ2008 (ausgewählte Positionen): Tarifindex;WZ08-84;Öff. Verwaltung, Verteidigung, Sozialversicherung;111,1;2020=100;VST072;Index d.tarifl. Stundenverdienste mit Sonderzahl.
62221;Vj. Index der Tarifverdienste und Arbeitszeiten;JAHR;Jahr;2024;DINSGF;Früheres Bundesgebiet / Neue Länder;DF;Früheres Bundesgebiet;WZ08C7;WZ2008 (ausgewählte Positionen): Tarifindex;WZ08-84;Öff. Verwaltung, Verteidigung, Sozialversicherung;111,1;2020=100;VST073;Index d.tarifl. Monatsverdienste mit Sonderzahl.
62221;Vj. Index der Tarifverdienste und Arbeitszeiten;JAHR;Jahr;2024;DINSGF;Früheres Bundesgebiet / Neue Länder;DF;Früheres Bundesgebiet;WZ08C7;WZ2008 (ausgewählte Positionen): Tarifindex;WZ08-84;Öff. Verwaltung, Verteidigung, Sozialversicherung;40,1;h;VST019;Durchschnittliche tarifliche Wochenarbeitszeit
62221;Vj. Index der Tarifverdienste und Arbeitszeiten;JAHR;Jahr;2024;DINSGF;Früheres Bundesgebiet / Neue Länder;DF;Früheres Bundesgebiet;WZ08C7;WZ2008 (ausgewählte Positionen): Tarifindex;WZ08-84;Öff. Verwaltung, Verteidigung, Sozialversicherung;108,5;2020=100;VST066;Index d.tarifl. Monatsverdienste ohne Sonderzahl.
62221;Vj. Index der Tarifverdienste und Arbeitszeiten;JAHR;Jahr;2024;DINSGF;Früheres Bundesgebiet / Neue Länder;DF;Früheres Bundesgebiet;WZ08C7;WZ2008 (ausgewählte Positionen): Tarifindex;WZ08-84;Öff. Verwaltung, Verteidigung, Sozialversicherung;100,0;2020=100;VST018;Index der tariflichen Wochenarbeitszeit
62221;Vj. Index der Tarifverdienste und Arbeitszeiten;JAHR;Jahr;2024;DINSGF;Früheres Bundesgebiet / Neue Länder;DF;Früheres Bundesgebiet;WZ08C7;WZ2008 (ausgewählte Positionen): Tarifindex;WZ08-84;Öff. Verwaltung, Verteidigung, Sozialversicherung;108,5;2020=100;VST065;Index d.tarifl. Stundenverdienste ohne Sonderzahl.
62221;Vj. Index der Tarifverdienste und Arbeitszeiten;JAHR;Jahr;2025;DINSGF;Früheres Bundesgebiet / Neue Länder;DF;Früheres Bundesgebiet;WZ08C7;WZ2008 (ausgewählte Positionen): Tarifindex;WZ08-68;Grundstücks- und Wohnungswesen;114,9;2020=100;VST072;Index d.tarifl. Stundenverdienste mit Sonderzahl.
62221;Vj. Index der Tarifverdienste und Arbeitszeiten;JAHR;Jahr;2025;DINSGF;Früheres Bundesgebiet / Neue Länder;DF;Früheres Bundesgebiet;WZ08C7;WZ2008 (ausgewählte Positionen): Tarifindex;WZ08-68;Grundstücks- und Wohnungswesen;114,9;2020=100;VST073;Index d.tarifl. Monatsverdienste mit Sonderzahl.
62221;Vj. Index der Tarifverdienste und Arbeitszeiten;JAHR;Jahr;2025;DINSGF;Früheres Bundesgebiet / Neue Länder;DF;Früheres Bundesgebiet;WZ08C7;WZ2008 (ausgewählte Positionen): Tarifindex;WZ08-68;Grundstücks- und Wohnungswesen;38,1;h;VST019;Durchschnittliche tarifliche Wochenarbeitszeit
62221;Vj. Index der Tarifverdienste und Arbeitszeiten;JAHR;Jahr;2025;DINSGF;Früheres Bundesgebiet / Neue Länder;DF;Früheres Bundesgebiet;WZ08C7;WZ2008 (ausgewählte Positionen): Tarifindex;WZ08-68;Grundstücks- und Wohnungswesen;115,4;2020=100;VST066;Index d.tarifl. Monatsverdienste ohne Sonderzahl.
62221;Vj. Index der Tarifverdienste und Arbeitszeiten;JAHR;Jahr;2025;DINSGF;Früheres Bundesgebiet / Neue Länder;DF;Früheres Bundesgebiet;WZ08C7;WZ2008 (ausgewählte Positionen): Tarifindex;WZ08-68;Grundstücks- und Wohnungswesen;100,0;2020=100;VST018;Index der tariflichen Wochenarbeitszeit
62221;Vj. Index der Tarifverdienste und Arbeitszeiten;JAHR;Jahr;2025;DINSGF;Früheres Bundesgebiet / Neue Länder;DF;Früheres Bundesgebiet;WZ08C7;WZ2008 (ausgewählte Positionen): Tarifindex;WZ08-68;Grundstücks- und Wohnungswesen;115,4;2020=100;VST065;Index d.tarifl. Stundenverdienste ohne Sonderzahl.
62221;Vj. Index der Tarifverdienste und Arbeitszeiten;JAHR;Jahr;2025;DINSGF;Früheres Bundesgebiet / Neue Länder;DF;Früheres Bundesgebiet;WZ08C7;WZ2008 (ausgewählte Positionen): Tarifindex;WZ08-53;Post-, Kurier- und Expressdienste;115,8;2020=100;VST072;Index d.tarifl. Stundenverdienste mit Sonderzahl.
62221;Vj. Index der Tarifverdienste und Arbeitszeiten;JAHR;Jahr;2025;DINSGF;Früheres Bundesgebiet / Neue Länder;DF;Früheres Bundesgebiet;WZ08C7;WZ2008 (ausgewählte Positionen): Tarifindex;WZ08-53;Post-, Kurier- und Expressdienste;115,8;2020=100;VST073;Index d.tarifl. Monatsverdienste mit Sonderzahl.
62221;Vj. Index der Tarifverdienste und Arbeitszeiten;JAHR;Jahr;2025;DINSGF;Früheres Bundesgebiet / Neue Länder;DF;Früheres Bundesgebiet;WZ08C7;WZ2008 (ausgewählte Positionen): Tarifindex;WZ08-53;Post-, Kurier- und Expressdienste;39,1;h;VST019;Durchschnittliche tarifliche Wochenarbeitszeit
62221;Vj. Index der Tarifverdienste und Arbeitszeiten;JAHR;Jahr;2025;DINSGF;Früheres Bundesgebiet / Neue Länder;DF;Früheres Bundesgebiet;WZ08C7;WZ2008 (ausgewählte Positionen): Tarifindex;WZ08-53;Post-, Kurier- und Expressdienste;116,4;2020=100;VST066;Index d.tarifl. Monatsverdienste ohne Sonderzahl.
62221;Vj. Index der Tarifverdienste und Arbeitszeiten;JAHR;Jahr;2025;DINSGF;Früheres Bundesgebiet / Neue Länder;DF;Früheres Bundesgebiet;WZ08C7;WZ2008 (ausgewählte Positionen): Tarifindex;WZ08-53;Post-, Kurier- und Expressdienste;100,0;2020=100;VST018;Index der tariflichen Wochenarbeitszeit
62221;Vj. Index der Tarifverdienste und Arbeitszeiten;JAHR;Jahr;2025;DINSGF;Früheres Bundesgebiet / Neue Länder;DF;Früheres Bundesgebiet;WZ08C7;WZ2008 (ausgewählte Positionen): Tarifindex;WZ08-53;Post-, Kurier- und Expressdienste;116,4;2020=100;VST065;Index d.tarifl. Stundenverdienste ohne Sonderzahl.
62221;Vj. Index der Tarifverdienste und Arbeitszeiten;JAHR;Jahr;2017;DINSGF;Früheres Bundesgebiet / Neue Länder;DN;Neue Länder;WZ08C7;WZ2008 (ausgewählte Positionen): Tarifindex;WZ-X002;Investitionsgüterproduzenten;92,8;2020=100;VST072;Index d.tarifl. Stundenverdienste mit Sonderzahl.
62221;Vj. Index der Tarifverdienste und Arbeitszeiten;JAHR;Jahr;2017;DINSGF;Früheres Bundesgebiet / Neue Länder;DN;Neue Länder;WZ08C7;WZ2008 (ausgewählte Positionen): Tarifindex;WZ-X002;Investitionsgüterproduzenten;92,9;2020=100;VST073;Index d.tarifl. Monatsverdienste mit Sonderzahl.
62221;Vj. Index der Tarifverdienste und Arbeitszeiten;JAHR;Jahr;2017;DINSGF;Früheres Bundesgebiet / Neue Länder;DN;Neue Länder;WZ08C7;WZ2008 (ausgewählte Positionen): Tarifindex;WZ-X002;Investitionsgüterproduzenten;37,8;h;VST019;Durchschnittliche tarifliche Wochenarbeitszeit
62221;Vj. Index der Tarifverdienste und Arbeitszeiten;JAHR;Jahr;2017;DINSGF;Früheres Bundesgebiet / Neue Länder;DN;Neue Länder;WZ08C7;WZ2008 (ausgewählte Positionen): Tarifindex;WZ-X002;Investitionsgüterproduzenten;95,2;2020=100;VST066;Index d.tarifl. Monatsverdienste ohne Sonderzahl.
62221;Vj. Index der Tarifverdienste und Arbeitszeiten;JAHR;Jahr;2017;DINSGF;Früheres Bundesgebiet / Neue Länder;DN;Neue Länder;WZ08C7;WZ2008 (ausgewählte Positionen): Tarifindex;WZ-X002;Investitionsgüterproduzenten;100,1;2020=100;VST018;Index der tariflichen Wochenarbeitszeit
62221;Vj. Index der Tarifverdienste und Arbeitszeiten;JAHR;Jahr;2017;DINSGF;Früheres Bundesgebiet / Neue Länder;DN;Neue Länder;WZ08C7;WZ2008 (ausgewählte Positionen): Tarifindex;WZ-X002;Investitionsgüterproduzenten;95,2;2020=100;VST065;Index d.tarifl. Stundenverdienste ohne Sonderzahl.
62221;Vj. Index der Tarifverdienste und Arbeitszeiten;JAHR;Jahr;2017;DINSGF;Früheres Bundesgebiet / Neue Länder;DF;Früheres Bundesgebiet;WZ08C7;WZ2008 (ausgewählte Positionen): Tarifindex;WZ08-05;Kohlenbergbau;96,2;2020=100;VST072;Index d.tarifl. Stundenverdienste mit Sonderzahl.
62221;Vj. Index der Tarifverdienste und Arbeitszeiten;JAHR;Jahr;2017;DINSGF;Früheres Bundesgebiet / Neue Länder;DF;Früheres Bundesgebiet;WZ08C7;WZ2008 (ausgewählte Positionen): Tarifindex;WZ08-05;Kohlenbergbau;96,2;2020=100;VST073;Index d.tarifl. Monatsverdienste mit Sonderzahl.
62221;Vj. Index der Tarifverdienste und Arbeitszeiten;JAHR;Jahr;2017;DINSGF;Früheres Bundesgebiet / Neue Länder;DF;Früheres Bundesgebiet;WZ08C7;WZ2008 (ausgewählte Positionen): Tarifindex;WZ08-05;Kohlenbergbau;39,9;h;VST019;Durchschnittliche tarifliche Wochenarbeitszeit
62221;Vj. Index der Tarifverdienste und Arbeitszeiten;JAHR;Jahr;2017;DINSGF;Früheres Bundesgebiet / Neue Länder;DF;Früheres Bundesgebiet;WZ08C7;WZ2008 (ausgewählte Positionen): Tarifindex;WZ08-05;Kohlenbergbau;95,8;2020=100;VST066;Index d.tarifl. Monatsverdienste ohne Sonderzahl.
62221;Vj. Index der Tarifverdienste und Arbeitszeiten;JAHR;Jahr;2017;DINSGF;Früheres Bundesgebiet / Neue Länder;DF;Früheres Bundesgebiet;WZ08C7;WZ2008 (ausgewählte Positionen): Tarifindex;WZ08-05;Kohlenbergbau;100,0;2020=100;VST018;Index der tariflichen Wochenarbeitszeit
62221;Vj. Index der Tarifverdienste und Arbeitszeiten;JAHR;Jahr;2017;DINSGF;Früheres Bundesgebiet / Neue Länder;DF;Früheres Bundesgebiet;WZ08C7;WZ2008 (ausgewählte Positionen): Tarifindex;WZ08-05;Kohlenbergbau;95,8;2020=100;VST065;Index d.tarifl. Stundenverdienste ohne Sonderzahl.
62221;Vj. Index der Tarifverdienste und Arbeitszeiten;JAHR;Jahr;2016;DINSGF;Früheres Bundesgebiet / Neue Länder;DN;Neue Länder;WZ08C7;WZ2008 (ausgewählte Positionen): Tarifindex;WZ08-60;Rundfunkveranstalter;89,1;2020=100;VST072;Index d.tarifl. Stundenverdienste mit Sonderzahl.
62221;Vj. Index der Tarifverdienste und Arbeitszeiten;JAHR;Jahr;2016;DINSGF;Früheres Bundesgebiet / Neue Länder;DN;Neue Länder;WZ08C7;WZ2008 (ausgewählte Positionen): Tarifindex;WZ08-60;Rundfunkveranstalter;89,1;2020=100;VST073;Index d.tarifl. Monatsverdienste mit Sonderzahl.
62221;Vj. Index der Tarifverdienste und Arbeitszeiten;JAHR;Jahr;2016;DINSGF;Früheres Bundesgebiet / Neue Länder;DN;Neue Länder;WZ08C7;WZ2008 (ausgewählte Positionen): Tarifindex;WZ08-60;Rundfunkveranstalter;38,5;h;VST019;Durchschnittliche tarifliche Wochenarbeitszeit
62221;Vj. Index der Tarifverdienste und Arbeitszeiten;JAHR;Jahr;2016;DINSGF;Früheres Bundesgebiet / Neue Länder;DN;Neue Länder;WZ08C7;WZ2008 (ausgewählte Positionen): Tarifindex;WZ08-60;Rundfunkveranstalter;89,3;2020=100;VST066;Index d.tarifl. Monatsverdienste ohne Sonderzahl.
62221;Vj. Index der Tarifverdienste und Arbeitszeiten;JAHR;Jahr;2016;DINSGF;Früheres Bundesgebiet / Neue Länder;DN;Neue Länder;WZ08C7;WZ2008 (ausgewählte Positionen): Tarifindex;WZ08-60;Rundfunkveranstalter;100,0;2020=100;VST018;Index der tariflichen Wochenarbeitszeit
62221;Vj. Index der Tarifverdienste und Arbeitszeiten;JAHR;Jahr;2016;DINSGF;Früheres Bundesgebiet / Neue Länder;DN;Neue Länder;WZ08C7;WZ2008 (ausgewählte Positionen): Tarifindex;WZ08-60;Rundfunkveranstalter;89,3;2020=100;VST065;Index d.tarifl. Stundenverdienste ohne Sonderzahl.
62221;Vj. Index der Tarifverdienste und Arbeitszeiten;JAHR;Jahr;2019;DINSGF;Früheres Bundesgebiet / Neue Länder;DF;Früheres Bundesgebiet;WZ08C7;WZ2008 (ausgewählte Positionen): Tarifindex;WZ08-F;Baugewerbe;99,3;2020=100;VST072;Index d.tarifl. Stundenverdienste mit Sonderzahl.
62221;Vj. Index der Tarifverdienste und Arbeitszeiten;JAHR;Jahr;2019;DINSGF;Früheres Bundesgebiet / Neue Länder;DF;Früheres Bundesgebiet;WZ08C7;WZ2008 (ausgewählte Positionen): Tarifindex;WZ08-F;Baugewerbe;99,3;2020=100;VST073;Index d.tarifl. Monatsverdienste mit Sonderzahl.
62221;Vj. Index der Tarifverdienste und Arbeitszeiten;JAHR;Jahr;2019;DINSGF;Früheres Bundesgebiet / Neue Länder;DF;Früheres Bundesgebiet;WZ08C7;WZ2008 (ausgewählte Positionen): Tarifindex;WZ08-F;Baugewerbe;39,2;h;VST019;Durchschnittliche tarifliche Wochenarbeitszeit
62221;Vj. Index der Tarifverdienste und Arbeitszeiten;JAHR;Jahr;2019;DINSGF;Früheres Bundesgebiet / Neue Länder;DF;Früheres Bundesgebiet;WZ08C7;WZ2008 (ausgewählte Positionen): Tarifindex;WZ08-F;Baugewerbe;99,1;2020=100;VST066;Index d.tarifl. Monatsverdienste ohne Sonderzahl.
62221;Vj. Index der Tarifverdienste und Arbeitszeiten;JAHR;Jahr;2019;DINSGF;Früheres Bundesgebiet / Neue Länder;DF;Früheres Bundesgebiet;WZ08C7;WZ2008 (ausgewählte Positionen): Tarifindex;WZ08-F;Baugewerbe;100,0;2020=100;VST018;Index der tariflichen Wochenarbeitszeit
62221;Vj. Index der Tarifverdienste und Arbeitszeiten;JAHR;Jahr;2019;DINSGF;Früheres Bundesgebiet / Neue Länder;DF;Früheres Bundesgebiet;WZ08C7;WZ2008 (ausgewählte Positionen): Tarifindex;WZ08-F;Baugewerbe;99,1;2020=100;VST065;Index d.tarifl. Stundenverdienste ohne Sonderzahl.
62221;Vj. Index der Tarifverdienste und Arbeitszeiten;JAHR;Jahr;2018;DINSGF;Früheres Bundesgebiet / Neue Länder;DN;Neue Länder;WZ08C7;WZ2008 (ausgewählte Positionen): Tarifindex;WZ08-F;Baugewerbe;94,5;2020=100;VST072;Index d.tarifl. Stundenverdienste mit Sonderzahl.
62221;Vj. Index der Tarifverdienste und Arbeitszeiten;JAHR;Jahr;2018;DINSGF;Früheres Bundesgebiet / Neue Länder;DN;Neue Länder;WZ08C7;WZ2008 (ausgewählte Positionen): Tarifindex;WZ08-F;Baugewerbe;94,5;2020=100;VST073;Index d.tarifl. Monatsverdienste mit Sonderzahl.
62221;Vj. Index der Tarifverdienste und Arbeitszeiten;JAHR;Jahr;2018;DINSGF;Früheres Bundesgebiet / Neue Länder;DN;Neue Länder;WZ08C7;WZ2008 (ausgewählte Positionen): Tarifindex;WZ08-F;Baugewerbe;39,8;h;VST019;Durchschnittliche tarifliche Wochenarbeitszeit
62221;Vj. Index der Tarifverdienste und Arbeitszeiten;JAHR;Jahr;2018;DINSGF;Früheres Bundesgebiet / Neue Länder;DN;Neue Länder;WZ08C7;WZ2008 (ausgewählte Positionen): Tarifindex;WZ08-F;Baugewerbe;95,5;2020=100;VST066;Index d.tarifl. Monatsverdienste ohne Sonderzahl.
62221;Vj. Index der Tarifverdienste und Arbeitszeiten;JAHR;Jahr;2018;DINSGF;Früheres Bundesgebiet / Neue Länder;DN;Neue Länder;WZ08C7;WZ2008 (ausgewählte Positionen): Tarifindex;WZ08-F;Baugewerbe;100,0;2020=100;VST018;Index der tariflichen Wochenarbeitszeit
62221;Vj. Index der Tarifverdienste und Arbeitszeiten;JAHR;Jahr;2018;DINSGF;Früheres Bundesgebiet / Neue Länder;DN;Neue Länder;WZ08C7;WZ2008 (ausgewählte Positionen): Tarifindex;WZ08-F;Baugewerbe;95,4;2020=100;VST065;Index d.tarifl. Stundenverdienste ohne Sonderzahl.
62221;Vj. Index der Tarifverdienste und Arbeitszeiten;JAHR;Jahr;2018;DINSGF;Früheres Bundesgebiet / Neue Länder;DF;Früheres Bundesgebiet;WZ08C7;WZ2008 (ausgewählte Positionen): Tarifindex;WZ08-95;Reparatur von DV-Geräten und Gebrauchsgütern;96,1;2020=100;VST072;Index d.tarifl. Stundenverdienste mit Sonderzahl.
62221;Vj. Index der Tarifverdienste und Arbeitszeiten;JAHR;Jahr;2018;DINSGF;Früheres Bundesgebiet / Neue Länder;DF;Früheres Bundesgebiet;WZ08C7;WZ2008 (ausgewählte Positionen): Tarifindex;WZ08-95;Reparatur von DV-Geräten und Gebrauchsgütern;96,2;2020=100;VST073;Index d.tarifl. Monatsverdienste mit Sonderzahl.
62221;Vj. Index der Tarifverdienste und Arbeitszeiten;JAHR;Jahr;2018;DINSGF;Früheres Bundesgebiet / Neue Länder;DF;Früheres Bundesgebiet;WZ08C7;WZ2008 (ausgewählte Positionen): Tarifindex;WZ08-95;Reparatur von DV-Geräten und Gebrauchsgütern;36,7;h;VST019;Durchschnittliche tarifliche Wochenarbeitszeit
62221;Vj. Index der Tarifverdienste und Arbeitszeiten;JAHR;Jahr;2018;DINSGF;Früheres Bundesgebiet / Neue Länder;DF;Früheres Bundesgebiet;WZ08C7;WZ2008 (ausgewählte Positionen): Tarifindex;WZ08-95;Reparatur von DV-Geräten und Gebrauchsgütern;97,5;2020=100;VST066;Index d.tarifl. Monatsverdienste ohne Sonderzahl.
62221;Vj. Index der Tarifverdienste und Arbeitszeiten;JAHR;Jahr;2018;DINSGF;Früheres Bundesgebiet / Neue Länder;DF;Früheres Bundesgebiet;WZ08C7;WZ2008 (ausgewählte Positionen): Tarifindex;WZ08-95;Reparatur von DV-Geräten und Gebrauchsgütern;100,1;2020=100;VST018;Index der tariflichen Wochenarbeitszeit
62221;Vj. Index der Tarifverdienste und Arbeitszeiten;JAHR;Jahr;2018;DINSGF;Früheres Bundesgebiet / Neue Länder;DF;Früheres Bundesgebiet;WZ08C7;WZ2008 (ausgewählte Positionen): Tarifindex;WZ08-95;Reparatur von DV-Geräten und Gebrauchsgütern;97,4;2020=100;VST065;Index d.tarifl. Stundenverdienste ohne Sonderzahl.
62221;Vj. Index der Tarifverdienste und Arbeitszeiten;JAHR;Jahr;2025;DINSGF;Früheres Bundesgebiet / Neue Länder;DN;Neue Länder;WZ08C7;WZ2008 (ausgewählte Positionen): Tarifindex;WZ08-M;Freiberufliche, wiss. u. techn. Dienstleistungen;115,3;2020=100;VST072;Index d.tarifl. Stundenverdienste mit Sonderzahl.
62221;Vj. Index der Tarifverdienste und Arbeitszeiten;JAHR;Jahr;2025;DINSGF;Früheres Bundesgebiet / Neue Länder;DN;Neue Länder;WZ08C7;WZ2008 (ausgewählte Positionen): Tarifindex;WZ08-M;Freiberufliche, wiss. u. techn. Dienstleistungen;115,3;2020=100;VST073;Index d.tarifl. Monatsverdienste mit Sonderzahl.
62221;Vj. Index der Tarifverdienste und Arbeitszeiten;JAHR;Jahr;2025;DINSGF;Früheres Bundesgebiet / Neue Länder;DN;Neue Länder;WZ08C7;WZ2008 (ausgewählte Positionen): Tarifindex;WZ08-M;Freiberufliche, wiss. u. techn. Dienstleistungen;38,9;h;VST019;Durchschnittliche tarifliche Wochenarbeitszeit
62221;Vj. Index der Tarifverdienste und Arbeitszeiten;JAHR;Jahr;2025;DINSGF;Früheres Bundesgebiet / Neue Länder;DN;Neue Länder;WZ08C7;WZ2008 (ausgewählte Positionen): Tarifindex;WZ08-M;Freiberufliche, wiss. u. techn. Dienstleistungen;114,9;2020=100;VST066;Index d.tarifl. Monatsverdienste ohne Sonderzahl.
62221;Vj. Index der Tarifverdienste und Arbeitszeiten;JAHR;Jahr;2025;DINSGF;Früheres Bundesgebiet / Neue Länder;DN;Neue Länder;WZ08C7;WZ2008 (ausgewählte Positionen): Tarifindex;WZ08-M;Freiberufliche, wiss. u. techn. Dienstleistungen;99,9;2020=100;VST018;Index der tariflichen Wochenarbeitszeit
62221;Vj. Index der Tarifverdienste und Arbeitszeiten;JAHR;Jahr;2025;DINSGF;Früheres Bundesgebiet / Neue Länder;DN;Neue Länder;WZ08C7;WZ2008 (ausgewählte Positionen): Tarifindex;WZ08-M;Freiberufliche, wiss. u. techn. Dienstleistungen;115,0;2020=100;VST065;Index d.tarifl. Stundenverdienste ohne Sonderzahl.
62221;Vj. Index der Tarifverdienste und Arbeitszeiten;JAHR;Jahr;2025;DINSGF;Früheres Bundesgebiet / Neue Länder;DF;Früheres Bundesgebiet;WZ08C7;WZ2008 (ausgewählte Positionen): Tarifindex;WZ08-72;Forschung und Entwicklung;114,2;2020=100;VST072;Index d.tarifl. Stundenverdienste mit Sonderzahl.
62221;Vj. Index der Tarifverdienste und Arbeitszeiten;JAHR;Jahr;2025;DINSGF;Früheres Bundesgebiet / Neue Länder;DF;Früheres Bundesgebiet;WZ08C7;WZ2008 (ausgewählte Positionen): Tarifindex;WZ08-72;Forschung und Entwicklung;114,2;2020=100;VST073;Index d.tarifl. Monatsverdienste mit Sonderzahl.
62221;Vj. Index der Tarifverdienste und Arbeitszeiten;JAHR;Jahr;2025;DINSGF;Früheres Bundesgebiet / Neue Länder;DF;Früheres Bundesgebiet;WZ08C7;WZ2008 (ausgewählte Positionen): Tarifindex;WZ08-72;Forschung und Entwicklung;38,9;h;VST019;Durchschnittliche tarifliche Wochenarbeitszeit
62221;Vj. Index der Tarifverdienste und Arbeitszeiten;JAHR;Jahr;2025;DINSGF;Früheres Bundesgebiet / Neue Länder;DF;Früheres Bundesgebiet;WZ08C7;WZ2008 (ausgewählte Positionen): Tarifindex;WZ08-72;Forschung und Entwicklung;113,7;2020=100;VST066;Index d.tarifl. Monatsverdienste ohne Sonderzahl.
62221;Vj. Index der Tarifverdienste und Arbeitszeiten;JAHR;Jahr;2025;DINSGF;Früheres Bundesgebiet / Neue Länder;DF;Früheres Bundesgebiet;WZ08C7;WZ2008 (ausgewählte Positionen): Tarifindex;WZ08-72;Forschung und Entwicklung;100,0;2020=100;VST018;Index der tariflichen Wochenarbeitszeit
62221;Vj. Index der Tarifverdienste und Arbeitszeiten;JAHR;Jahr;2025;DINSGF;Früheres Bundesgebiet / Neue Länder;DF;Früheres Bundesgebiet;WZ08C7;WZ2008 (ausgewählte Positionen): Tarifindex;WZ08-72;Forschung und Entwicklung;113,7;2020=100;VST065;Index d.tarifl. Stundenverdienste ohne Sonderzahl.
62221;Vj. Index der Tarifverdienste und Arbeitszeiten;JAHR;Jahr;2022;DINSGF;Früheres Bundesgebiet / Neue Länder;DN;Neue Länder;WZ08C7;WZ2008 (ausgewählte Positionen): Tarifindex;WZ08-H-01;Verkehr und Lagerei, Information und Kommunikation;103,8;2020=100;VST072;Index d.tarifl. Stundenverdienste mit Sonderzahl.
62221;Vj. Index der Tarifverdienste und Arbeitszeiten;JAHR;Jahr;2022;DINSGF;Früheres Bundesgebiet / Neue Länder;DN;Neue Länder;WZ08C7;WZ2008 (ausgewählte Positionen): Tarifindex;WZ08-H-01;Verkehr und Lagerei, Information und Kommunikation;103,8;2020=100;VST073;Index d.tarifl. Monatsverdienste mit Sonderzahl.
62221;Vj. Index der Tarifverdienste und Arbeitszeiten;JAHR;Jahr;2022;DINSGF;Früheres Bundesgebiet / Neue Länder;DN;Neue Länder;WZ08C7;WZ2008 (ausgewählte Positionen): Tarifindex;WZ08-H-01;Verkehr und Lagerei, Information und Kommunikation;38,9;h;VST019;Durchschnittliche tarifliche Wochenarbeitszeit
62221;Vj. Index der Tarifverdienste und Arbeitszeiten;JAHR;Jahr;2022;DINSGF;Früheres Bundesgebiet / Neue Länder;DN;Neue Länder;WZ08C7;WZ2008 (ausgewählte Positionen): Tarifindex;WZ08-H-01;Verkehr und Lagerei, Information und Kommunikation;103,9;2020=100;VST066;Index d.tarifl. Monatsverdienste ohne Sonderzahl.
62221;Vj. Index der Tarifverdienste und Arbeitszeiten;JAHR;Jahr;2022;DINSGF;Früheres Bundesgebiet / Neue Länder;DN;Neue Länder;WZ08C7;WZ2008 (ausgewählte Positionen): Tarifindex;WZ08-H-01;Verkehr und Lagerei, Information und Kommunikation;100,0;2020=100;VST018;Index der tariflichen Wochenarbeitszeit
62221;Vj. Index der Tarifverdienste und Arbeitszeiten;JAHR;Jahr;2022;DINSGF;Früheres Bundesgebiet / Neue Länder;DN;Neue Länder;WZ08C7;WZ2008 (ausgewählte Positionen): Tarifindex;WZ08-H-01;Verkehr und Lagerei, Information und Kommunikation;103,9;2020=100;VST065;Index d.tarifl. Stundenverdienste ohne Sonderzahl.
62221;Vj. Index der Tarifverdienste und Arbeitszeiten;JAHR;Jahr;2019;DINSGF;Früheres Bundesgebiet / Neue Länder;DF;Früheres Bundesgebiet;WZ08C7;WZ2008 (ausgewählte Positionen): Tarifindex;WZ08-14;Herstellung von Bekleidung;98,3;2020=100;VST072;Index d.tarifl. Stundenverdienste mit Sonderzahl.
62221;Vj. Index der Tarifverdienste und Arbeitszeiten;JAHR;Jahr;2019;DINSGF;Früheres Bundesgebiet / Neue Länder;DF;Früheres Bundesgebiet;WZ08C7;WZ2008 (ausgewählte Positionen): Tarifindex;WZ08-14;Herstellung von Bekleidung;98,3;2020=100;VST073;Index d.tarifl. Monatsverdienste mit Sonderzahl.
62221;Vj. Index der Tarifverdienste und Arbeitszeiten;JAHR;Jahr;2019;DINSGF;Früheres Bundesgebiet / Neue Länder;DF;Früheres Bundesgebiet;WZ08C7;WZ2008 (ausgewählte Positionen): Tarifindex;WZ08-14;Herstellung von Bekleidung;37,1;h;VST019;Durchschnittliche tarifliche Wochenarbeitszeit
62221;Vj. Index der Tarifverdienste und Arbeitszeiten;JAHR;Jahr;2019;DINSGF;Früheres Bundesgebiet / Neue Länder;DF;Früheres Bundesgebiet;WZ08C7;WZ2008 (ausgewählte Positionen): Tarifindex;WZ08-14;Herstellung von Bekleidung;97,9;2020=100;VST066;Index d.tarifl. Monatsverdienste ohne Sonderzahl.
62221;Vj. Index der Tarifverdienste und Arbeitszeiten;JAHR;Jahr;2019;DINSGF;Früheres Bundesgebiet / Neue Länder;DF;Früheres Bundesgebiet;WZ08C7;WZ2008 (ausgewählte Positionen): Tarifindex;WZ08-14;Herstellung von Bekleidung;100,0;2020=100;VST018;Index der tariflichen Wochenarbeitszeit
62221;Vj. Index der Tarifverdienste und Arbeitszeiten;JAHR;Jahr;2019;DINSGF;Früheres Bundesgebiet / Neue Länder;DF;Früheres Bundesgebiet;WZ08C7;WZ2008 (ausgewählte Positionen): Tarifindex;WZ08-14;Herstellung von Bekleidung;97,9;2020=100;VST065;Index d.tarifl. Stundenverdienste ohne Sonderzahl.
62221;Vj. Index der Tarifverdienste und Arbeitszeiten;JAHR;Jahr;2020;DINSGF;Früheres Bundesgebiet / Neue Länder;DN;Neue Länder;WZ08C7;WZ2008 (ausgewählte Positionen): Tarifindex;WZ08-91;Bibliotheken, Archive, Museen, bot. u. zoo. Gärten;100,0;2020=100;VST072;Index d.tarifl. Stundenverdienste mit Sonderzahl.
62221;Vj. Index der Tarifverdienste und Arbeitszeiten;JAHR;Jahr;2020;DINSGF;Früheres Bundesgebiet / Neue Länder;DN;Neue Länder;WZ08C7;WZ2008 (ausgewählte Positionen): Tarifindex;WZ08-91;Bibliotheken, Archive, Museen, bot. u. zoo. Gärten;100,0;2020=100;VST073;Index d.tarifl. Monatsverdienste mit Sonderzahl.
62221;Vj. Index der Tarifverdienste und Arbeitszeiten;JAHR;Jahr;2020;DINSGF;Früheres Bundesgebiet / Neue Länder;DN;Neue Länder;WZ08C7;WZ2008 (ausgewählte Positionen): Tarifindex;WZ08-91;Bibliotheken, Archive, Museen, bot. u. zoo. Gärten;39,3;h;VST019;Durchschnittliche tarifliche Wochenarbeitszeit
62221;Vj. Index der Tarifverdienste und Arbeitszeiten;JAHR;Jahr;2020;DINSGF;Früheres Bundesgebiet / Neue Länder;DN;Neue Länder;WZ08C7;WZ2008 (ausgewählte Positionen): Tarifindex;WZ08-91;Bibliotheken, Archive, Museen, bot. u. zoo. Gärten;100,0;2020=100;VST066;Index d.tarifl. Monatsverdienste ohne Sonderzahl.
62221;Vj. Index der Tarifverdienste und Arbeitszeiten;JAHR;Jahr;2020;DINSGF;Früheres Bundesgebiet / Neue Länder;DN;Neue Länder;WZ08C7;WZ2008 (ausgewählte Positionen): Tarifindex;WZ08-91;Bibliotheken, Archive, Museen, bot. u. zoo. Gärten;100,0;2020=100;VST018;Index der tariflichen Wochenarbeitszeit
62221;Vj. Index der Tarifverdienste und Arbeitszeiten;JAHR;Jahr;2020;DINSGF;Früheres Bundesgebiet / Neue Länder;DN;Neue Länder;WZ08C7;WZ2008 (ausgewählte Positionen): Tarifindex;WZ08-91;Bibliotheken, Archive, Museen, bot. u. zoo. Gärten;100,0;2020=100;VST065;Index d.tarifl. Stundenverdienste ohne Sonderzahl.
62221;Vj. Index der Tarifverdienste und Arbeitszeiten;JAHR;Jahr;2022;DINSGF;Früheres Bundesgebiet / Neue Länder;DF;Früheres Bundesgebiet;WZ08C7;WZ2008 (ausgewählte Positionen): Tarifindex;WZ08-M;Freiberufliche, wiss. u. techn. Dienstleistungen;103,3;2020=100;VST072;Index d.tarifl. Stundenverdienste mit Sonderzahl.
62221;Vj. Index der Tarifverdienste und Arbeitszeiten;JAHR;Jahr;2022;DINSGF;Früheres Bundesgebiet / Neue Länder;DF;Früheres Bundesgebiet;WZ08C7;WZ2008 (ausgewählte Positionen): Tarifindex;WZ08-M;Freiberufliche, wiss. u. techn. Dienstleistungen;103,3;2020=100;VST073;Index d.tarifl. Monatsverdienste mit Sonderzahl.
62221;Vj. Index der Tarifverdienste und Arbeitszeiten;JAHR;Jahr;2022;DINSGF;Früheres Bundesgebiet / Neue Länder;DF;Früheres Bundesgebiet;WZ08C7;WZ2008 (ausgewählte Positionen): Tarifindex;WZ08-M;Freiberufliche, wiss. u. techn. Dienstleistungen;37,9;h;VST019;Durchschnittliche tarifliche Wochenarbeitszeit
62221;Vj. Index der Tarifverdienste und Arbeitszeiten;JAHR;Jahr;2022;DINSGF;Früheres Bundesgebiet / Neue Länder;DF;Früheres Bundesgebiet;WZ08C7;WZ2008 (ausgewählte Positionen): Tarifindex;WZ08-M;Freiberufliche, wiss. u. techn. Dienstleistungen;102,8;2020=100;VST066;Index d.tarifl. Monatsverdienste ohne Sonderzahl.
62221;Vj. Index der Tarifverdienste und Arbeitszeiten;JAHR;Jahr;2022;DINSGF;Früheres Bundesgebiet / Neue Länder;DF;Früheres Bundesgebiet;WZ08C7;WZ2008 (ausgewählte Positionen): Tarifindex;WZ08-M;Freiberufliche, wiss. u. techn. Dienstleistungen;100,0;2020=100;VST018;Index der tariflichen Wochenarbeitszeit
62221;Vj. Index der Tarifverdienste und Arbeitszeiten;JAHR;Jahr;2022;DINSGF;Früheres Bundesgebiet / Neue Länder;DF;Früheres Bundesgebiet;WZ08C7;WZ2008 (ausgewählte Positionen): Tarifindex;WZ08-M;Freiberufliche, wiss. u. techn. Dienstleistungen;102,8;2020=100;VST065;Index d.tarifl. Stundenverdienste ohne Sonderzahl.
62221;Vj. Index der Tarifverdienste und Arbeitszeiten;JAHR;Jahr;2018;DINSGF;Früheres Bundesgebiet / Neue Länder;DF;Früheres Bundesgebiet;WZ08C7;WZ2008 (ausgewählte Positionen): Tarifindex;WZ08-26;H.v. DV-Geräten, elektron. u. opt. Erzeugnissen;96,5;2020=100;VST072;Index d.tarifl. Stundenverdienste mit Sonderzahl.
62221;Vj. Index der Tarifverdienste und Arbeitszeiten;JAHR;Jahr;2018;DINSGF;Früheres Bundesgebiet / Neue Länder;DF;Früheres Bundesgebiet;WZ08C7;WZ2008 (ausgewählte Positionen): Tarifindex;WZ08-26;H.v. DV-Geräten, elektron. u. opt. Erzeugnissen;96,5;2020=100;VST073;Index d.tarifl. Monatsverdienste mit Sonderzahl.
62221;Vj. Index der Tarifverdienste und Arbeitszeiten;JAHR;Jahr;2018;DINSGF;Früheres Bundesgebiet / Neue Länder;DF;Früheres Bundesgebiet;WZ08C7;WZ2008 (ausgewählte Positionen): Tarifindex;WZ08-26;H.v. DV-Geräten, elektron. u. opt. Erzeugnissen;35,2;h;VST019;Durchschnittliche tarifliche Wochenarbeitszeit
62221;Vj. Index der Tarifverdienste und Arbeitszeiten;JAHR;Jahr;2018;DINSGF;Früheres Bundesgebiet / Neue Länder;DF;Früheres Bundesgebiet;WZ08C7;WZ2008 (ausgewählte Positionen): Tarifindex;WZ08-26;H.v. DV-Geräten, elektron. u. opt. Erzeugnissen;98,8;2020=100;VST066;Index d.tarifl. Monatsverdienste ohne Sonderzahl.
62221;Vj. Index der Tarifverdienste und Arbeitszeiten;JAHR;Jahr;2018;DINSGF;Früheres Bundesgebiet / Neue Länder;DF;Früheres Bundesgebiet;WZ08C7;WZ2008 (ausgewählte Positionen): Tarifindex;WZ08-26;H.v. DV-Geräten, elektron. u. opt. Erzeugnissen;100,0;2020=100;VST018;Index der tariflichen Wochenarbeitszeit
62221;Vj. Index der Tarifverdienste und Arbeitszeiten;JAHR;Jahr;2018;DINSGF;Früheres Bundesgebiet / Neue Länder;DF;Früheres Bundesgebiet;WZ08C7;WZ2008 (ausgewählte Positionen): Tarifindex;WZ08-26;H.v. DV-Geräten, elektron. u. opt. Erzeugnissen;98,8;2020=100;VST065;Index d.tarifl. Stundenverdienste ohne Sonderzahl.
62221;Vj. Index der Tarifverdienste und Arbeitszeiten;JAHR;Jahr;2024;DINSGF;Früheres Bundesgebiet / Neue Länder;DF;Früheres Bundesgebiet;WZ08C7;WZ2008 (ausgewählte Positionen): Tarifindex;WZ08-66;Mit Finanz- u. Versicherungsdienstl. verb. Tätigk.;110,5;2020=100;VST072;Index d.tarifl. Stundenverdienste mit Sonderzahl.
62221;Vj. Index der Tarifverdienste und Arbeitszeiten;JAHR;Jahr;2024;DINSGF;Früheres Bundesgebiet / Neue Länder;DF;Früheres Bundesgebiet;WZ08C7;WZ2008 (ausgewählte Positionen): Tarifindex;WZ08-66;Mit Finanz- u. Versicherungsdienstl. verb. Tätigk.;110,5;2020=100;VST073;Index d.tarifl. Monatsverdienste mit Sonderzahl.
62221;Vj. Index der Tarifverdienste und Arbeitszeiten;JAHR;Jahr;2024;DINSGF;Früheres Bundesgebiet / Neue Länder;DF;Früheres Bundesgebiet;WZ08C7;WZ2008 (ausgewählte Positionen): Tarifindex;WZ08-66;Mit Finanz- u. Versicherungsdienstl. verb. Tätigk.;38,0;h;VST019;Durchschnittliche tarifliche Wochenarbeitszeit
62221;Vj. Index der Tarifverdienste und Arbeitszeiten;JAHR;Jahr;2024;DINSGF;Früheres Bundesgebiet / Neue Länder;DF;Früheres Bundesgebiet;WZ08C7;WZ2008 (ausgewählte Positionen): Tarifindex;WZ08-66;Mit Finanz- u. Versicherungsdienstl. verb. Tätigk.;108,9;2020=100;VST066;Index d.tarifl. Monatsverdienste ohne Sonderzahl.
62221;Vj. Index der Tarifverdienste und Arbeitszeiten;JAHR;Jahr;2024;DINSGF;Früheres Bundesgebiet / Neue Länder;DF;Früheres Bundesgebiet;WZ08C7;WZ2008 (ausgewählte Positionen): Tarifindex;WZ08-66;Mit Finanz- u. Versicherungsdienstl. verb. Tätigk.;100,0;2020=100;VST018;Index der tariflichen Wochenarbeitszeit
62221;Vj. Index der Tarifverdienste und Arbeitszeiten;JAHR;Jahr;2024;DINSGF;Früheres Bundesgebiet / Neue Länder;DF;Früheres Bundesgebiet;WZ08C7;WZ2008 (ausgewählte Positionen): Tarifindex;WZ08-66;Mit Finanz- u. Versicherungsdienstl. verb. Tätigk.;108,9;2020=100;VST065;Index d.tarifl. Stundenverdienste ohne Sonderzahl.
62221;Vj. Index der Tarifverdienste und Arbeitszeiten;JAHR;Jahr;2017;DINSGF;Früheres Bundesgebiet / Neue Länder;DN;Neue Länder;WZ08C7;WZ2008 (ausgewählte Positionen): Tarifindex;WZ08-08-01;Gewinnung v. Steinen u. Erden, sonst. Bergbau, DL;88,9;2020=100;VST072;Index d.tarifl. Stundenverdienste mit Sonderzahl.
62221;Vj. Index der Tarifverdienste und Arbeitszeiten;JAHR;Jahr;2017;DINSGF;Früheres Bundesgebiet / Neue Länder;DN;Neue Länder;WZ08C7;WZ2008 (ausgewählte Positionen): Tarifindex;WZ08-08-01;Gewinnung v. Steinen u. Erden, sonst. Bergbau, DL;88,9;2020=100;VST073;Index d.tarifl. Monatsverdienste mit Sonderzahl.
62221;Vj. Index der Tarifverdienste und Arbeitszeiten;JAHR;Jahr;2017;DINSGF;Früheres Bundesgebiet / Neue Länder;DN;Neue Länder;WZ08C7;WZ2008 (ausgewählte Positionen): Tarifindex;WZ08-08-01;Gewinnung v. Steinen u. Erden, sonst. Bergbau, DL;40,0;h;VST019;Durchschnittliche tarifliche Wochenarbeitszeit
62221;Vj. Index der Tarifverdienste und Arbeitszeiten;JAHR;Jahr;2017;DINSGF;Früheres Bundesgebiet / Neue Länder;DN;Neue Länder;WZ08C7;WZ2008 (ausgewählte Positionen): Tarifindex;WZ08-08-01;Gewinnung v. Steinen u. Erden, sonst. Bergbau, DL;88,9;2020=100;VST066;Index d.tarifl. Monatsverdienste ohne Sonderzahl.
62221;Vj. Index der Tarifverdienste und Arbeitszeiten;JAHR;Jahr;2017;DINSGF;Früheres Bundesgebiet / Neue Länder;DN;Neue Länder;WZ08C7;WZ2008 (ausgewählte Positionen): Tarifindex;WZ08-08-01;Gewinnung v. Steinen u. Erden, sonst. Bergbau, DL;100,0;2020=100;VST018;Index der tariflichen Wochenarbeitszeit
62221;Vj. Index der Tarifverdienste und Arbeitszeiten;JAHR;Jahr;2017;DINSGF;Früheres Bundesgebiet / Neue Länder;DN;Neue Länder;WZ08C7;WZ2008 (ausgewählte Positionen): Tarifindex;WZ08-08-01;Gewinnung v. Steinen u. Erden, sonst. Bergbau, DL;88,9;2020=100;VST065;Index d.tarifl. Stundenverdienste ohne Sonderzahl.
62221;Vj. Index der Tarifverdienste und Arbeitszeiten;JAHR;Jahr;2017;DINSGF;Früheres Bundesgebiet / Neue Länder;DF;Früheres Bundesgebiet;WZ08C7;WZ2008 (ausgewählte Positionen): Tarifindex;WZ08-H-01;Verkehr und Lagerei, Information und Kommunikation;92,4;2020=100;VST072;Index d.tarifl. Stundenverdienste mit Sonderzahl.
62221;Vj. Index der Tarifverdienste und Arbeitszeiten;JAHR;Jahr;2017;DINSGF;Früheres Bundesgebiet / Neue Länder;DF;Früheres Bundesgebiet;WZ08C7;WZ2008 (ausgewählte Positionen): Tarifindex;WZ08-H-01;Verkehr und Lagerei, Information und Kommunikation;92,5;2020=100;VST073;Index d.tarifl. Monatsverdienste mit Sonderzahl.
62221;Vj. Index der Tarifverdienste und Arbeitszeiten;JAHR;Jahr;2017;DINSGF;Früheres Bundesgebiet / Neue Länder;DF;Früheres Bundesgebiet;WZ08C7;WZ2008 (ausgewählte Positionen): Tarifindex;WZ08-H-01;Verkehr und Lagerei, Information und Kommunikation;38,5;h;VST019;Durchschnittliche tarifliche Wochenarbeitszeit
62221;Vj. Index der Tarifverdienste und Arbeitszeiten;JAHR;Jahr;2017;DINSGF;Früheres Bundesgebiet / Neue Länder;DF;Früheres Bundesgebiet;WZ08C7;WZ2008 (ausgewählte Positionen): Tarifindex;WZ08-H-01;Verkehr und Lagerei, Information und Kommunikation;93,0;2020=100;VST066;Index d.tarifl. Monatsverdienste ohne Sonderzahl.
62221;Vj. Index der Tarifverdienste und Arbeitszeiten;JAHR;Jahr;2017;DINSGF;Früheres Bundesgebiet / Neue Länder;DF;Früheres Bundesgebiet;WZ08C7;WZ2008 (ausgewählte Positionen): Tarifindex;WZ08-H-01;Verkehr und Lagerei, Information und Kommunikation;100,2;2020=100;VST018;Index der tariflichen Wochenarbeitszeit
62221;Vj. Index der Tarifverdienste und Arbeitszeiten;JAHR;Jahr;2017;DINSGF;Früheres Bundesgebiet / Neue Länder;DF;Früheres Bundesgebiet;WZ08C7;WZ2008 (ausgewählte Positionen): Tarifindex;WZ08-H-01;Verkehr und Lagerei, Information und Kommunikation;92,7;2020=100;VST065;Index d.tarifl. Stundenverdienste ohne Sonderzahl.
62221;Vj. Index der Tarifverdienste und Arbeitszeiten;JAHR;Jahr;2022;DINSGF;Früheres Bundesgebiet / Neue Länder;DN;Neue Länder;WZ08C7;WZ2008 (ausgewählte Positionen): Tarifindex;WZ08-28;Maschinenbau;101,1;2020=100;VST072;Index d.tarifl. Stundenverdienste mit Sonderzahl.
62221;Vj. Index der Tarifverdienste und Arbeitszeiten;JAHR;Jahr;2022;DINSGF;Früheres Bundesgebiet / Neue Länder;DN;Neue Länder;WZ08C7;WZ2008 (ausgewählte Positionen): Tarifindex;WZ08-28;Maschinenbau;101,1;2020=100;VST073;Index d.tarifl. Monatsverdienste mit Sonderzahl.
62221;Vj. Index der Tarifverdienste und Arbeitszeiten;JAHR;Jahr;2022;DINSGF;Früheres Bundesgebiet / Neue Länder;DN;Neue Länder;WZ08C7;WZ2008 (ausgewählte Positionen): Tarifindex;WZ08-28;Maschinenbau;37,6;h;VST019;Durchschnittliche tarifliche Wochenarbeitszeit
62221;Vj. Index der Tarifverdienste und Arbeitszeiten;JAHR;Jahr;2022;DINSGF;Früheres Bundesgebiet / Neue Länder;DN;Neue Länder;WZ08C7;WZ2008 (ausgewählte Positionen): Tarifindex;WZ08-28;Maschinenbau;100,0;2020=100;VST066;Index d.tarifl. Monatsverdienste ohne Sonderzahl.
62221;Vj. Index der Tarifverdienste und Arbeitszeiten;JAHR;Jahr;2022;DINSGF;Früheres Bundesgebiet / Neue Länder;DN;Neue Länder;WZ08C7;WZ2008 (ausgewählte Positionen): Tarifindex;WZ08-28;Maschinenbau;100,0;2020=100;VST018;Index der tariflichen Wochenarbeitszeit
62221;Vj. Index der Tarifverdienste und Arbeitszeiten;JAHR;Jahr;2022;DINSGF;Früheres Bundesgebiet / Neue Länder;DN;Neue Länder;WZ08C7;WZ2008 (ausgewählte Positionen): Tarifindex;WZ08-28;Maschinenbau;100,0;2020=100;VST065;Index d.tarifl. Stundenverdienste ohne Sonderzahl.
62221;Vj. Index der Tarifverdienste und Arbeitszeiten;JAHR;Jahr;2019;DINSGF;Früheres Bundesgebiet / Neue Länder;DF;Früheres Bundesgebiet;WZ08C7;WZ2008 (ausgewählte Positionen): Tarifindex;WZ08-32;Herstellung von sonstigen Waren;98,8;2020=100;VST072;Index d.tarifl. Stundenverdienste mit Sonderzahl.
62221;Vj. Index der Tarifverdienste und Arbeitszeiten;JAHR;Jahr;2019;DINSGF;Früheres Bundesgebiet / Neue Länder;DF;Früheres Bundesgebiet;WZ08C7;WZ2008 (ausgewählte Positionen): Tarifindex;WZ08-32;Herstellung von sonstigen Waren;98,8;2020=100;VST073;Index d.tarifl. Monatsverdienste mit Sonderzahl.
62221;Vj. Index der Tarifverdienste und Arbeitszeiten;JAHR;Jahr;2019;DINSGF;Früheres Bundesgebiet / Neue Länder;DF;Früheres Bundesgebiet;WZ08C7;WZ2008 (ausgewählte Positionen): Tarifindex;WZ08-32;Herstellung von sonstigen Waren;36,5;h;VST019;Durchschnittliche tarifliche Wochenarbeitszeit
62221;Vj. Index der Tarifverdienste und Arbeitszeiten;JAHR;Jahr;2019;DINSGF;Früheres Bundesgebiet / Neue Länder;DF;Früheres Bundesgebiet;WZ08C7;WZ2008 (ausgewählte Positionen): Tarifindex;WZ08-32;Herstellung von sonstigen Waren;99,4;2020=100;VST066;Index d.tarifl. Monatsverdienste ohne Sonderzahl.
62221;Vj. Index der Tarifverdienste und Arbeitszeiten;JAHR;Jahr;2019;DINSGF;Früheres Bundesgebiet / Neue Länder;DF;Früheres Bundesgebiet;WZ08C7;WZ2008 (ausgewählte Positionen): Tarifindex;WZ08-32;Herstellung von sonstigen Waren;100,0;2020=100;VST018;Index der tariflichen Wochenarbeitszeit
62221;Vj. Index der Tarifverdienste und Arbeitszeiten;JAHR;Jahr;2019;DINSGF;Früheres Bundesgebiet / Neue Länder;DF;Früheres Bundesgebiet;WZ08C7;WZ2008 (ausgewählte Positionen): Tarifindex;WZ08-32;Herstellung von sonstigen Waren;99,4;2020=100;VST065;Index d.tarifl. Stundenverdienste ohne Sonderzahl.
62221;Vj. Index der Tarifverdienste und Arbeitszeiten;JAHR;Jahr;2017;DINSGF;Früheres Bundesgebiet / Neue Länder;DN;Neue Länder;WZ08C7;WZ2008 (ausgewählte Positionen): Tarifindex;WZ08-96;Sonstige überwiegend persönliche Dienstleistungen;93,2;2020=100;VST072;Index d.tarifl. Stundenverdienste mit Sonderzahl.
62221;Vj. Index der Tarifverdienste und Arbeitszeiten;JAHR;Jahr;2017;DINSGF;Früheres Bundesgebiet / Neue Länder;DN;Neue Länder;WZ08C7;WZ2008 (ausgewählte Positionen): Tarifindex;WZ08-96;Sonstige überwiegend persönliche Dienstleistungen;93,3;2020=100;VST073;Index d.tarifl. Monatsverdienste mit Sonderzahl.
62221;Vj. Index der Tarifverdienste und Arbeitszeiten;JAHR;Jahr;2017;DINSGF;Früheres Bundesgebiet / Neue Länder;DN;Neue Länder;WZ08C7;WZ2008 (ausgewählte Positionen): Tarifindex;WZ08-96;Sonstige überwiegend persönliche Dienstleistungen;38,3;h;VST019;Durchschnittliche tarifliche Wochenarbeitszeit
62221;Vj. Index der Tarifverdienste und Arbeitszeiten;JAHR;Jahr;2017;DINSGF;Früheres Bundesgebiet / Neue Länder;DN;Neue Länder;WZ08C7;WZ2008 (ausgewählte Positionen): Tarifindex;WZ08-96;Sonstige überwiegend persönliche Dienstleistungen;93,6;2020=100;VST066;Index d.tarifl. Monatsverdienste ohne Sonderzahl.
62221;Vj. Index der Tarifverdienste und Arbeitszeiten;JAHR;Jahr;2017;DINSGF;Früheres Bundesgebiet / Neue Länder;DN;Neue Länder;WZ08C7;WZ2008 (ausgewählte Positionen): Tarifindex;WZ08-96;Sonstige überwiegend persönliche Dienstleistungen;100,0;2020=100;VST018;Index der tariflichen Wochenarbeitszeit
62221;Vj. Index der Tarifverdienste und Arbeitszeiten;JAHR;Jahr;2017;DINSGF;Früheres Bundesgebiet / Neue Länder;DN;Neue Länder;WZ08C7;WZ2008 (ausgewählte Positionen): Tarifindex;WZ08-96;Sonstige überwiegend persönliche Dienstleistungen;93,6;2020=100;VST065;Index d.tarifl. Stundenverdienste ohne Sonderzahl.
62221;Vj. Index der Tarifverdienste und Arbeitszeiten;JAHR;Jahr;2019;DINSGF;Früheres Bundesgebiet / Neue Länder;DN;Neue Länder;WZ08C7;WZ2008 (ausgewählte Positionen): Tarifindex;WZ08-86;Gesundheitswesen;97,1;2020=100;VST072;Index d.tarifl. Stundenverdienste mit Sonderzahl.
62221;Vj. Index der Tarifverdienste und Arbeitszeiten;JAHR;Jahr;2019;DINSGF;Früheres Bundesgebiet / Neue Länder;DN;Neue Länder;WZ08C7;WZ2008 (ausgewählte Positionen): Tarifindex;WZ08-86;Gesundheitswesen;97,1;2020=100;VST073;Index d.tarifl. Monatsverdienste mit Sonderzahl.
62221;Vj. Index der Tarifverdienste und Arbeitszeiten;JAHR;Jahr;2019;DINSGF;Früheres Bundesgebiet / Neue Länder;DN;Neue Länder;WZ08C7;WZ2008 (ausgewählte Positionen): Tarifindex;WZ08-86;Gesundheitswesen;39,4;h;VST019;Durchschnittliche tarifliche Wochenarbeitszeit
62221;Vj. Index der Tarifverdienste und Arbeitszeiten;JAHR;Jahr;2019;DINSGF;Früheres Bundesgebiet / Neue Länder;DN;Neue Länder;WZ08C7;WZ2008 (ausgewählte Positionen): Tarifindex;WZ08-86;Gesundheitswesen;97,1;2020=100;VST066;Index d.tarifl. Monatsverdienste ohne Sonderzahl.
62221;Vj. Index der Tarifverdienste und Arbeitszeiten;JAHR;Jahr;2019;DINSGF;Früheres Bundesgebiet / Neue Länder;DN;Neue Länder;WZ08C7;WZ2008 (ausgewählte Positionen): Tarifindex;WZ08-86;Gesundheitswesen;100,0;2020=100;VST018;Index der tariflichen Wochenarbeitszeit
62221;Vj. Index der Tarifverdienste und Arbeitszeiten;JAHR;Jahr;2019;DINSGF;Früheres Bundesgebiet / Neue Länder;DN;Neue Länder;WZ08C7;WZ2008 (ausgewählte Positionen): Tarifindex;WZ08-86;Gesundheitswesen;97,1;2020=100;VST065;Index d.tarifl. Stundenverdienste ohne Sonderzahl.
62221;Vj. Index der Tarifverdienste und Arbeitszeiten;JAHR;Jahr;2022;DINSGF;Früheres Bundesgebiet / Neue Länder;DF;Früheres Bundesgebiet;WZ08C7;WZ2008 (ausgewählte Positionen): Tarifindex;WZ08-10-02;Ernährungsgewerbe;104,7;2020=100;VST072;Index d.tarifl. Stundenverdienste mit Sonderzahl.
62221;Vj. Index der Tarifverdienste und Arbeitszeiten;JAHR;Jahr;2022;DINSGF;Früheres Bundesgebiet / Neue Länder;DF;Früheres Bundesgebiet;WZ08C7;WZ2008 (ausgewählte Positionen): Tarifindex;WZ08-10-02;Ernährungsgewerbe;104,7;2020=100;VST073;Index d.tarifl. Monatsverdienste mit Sonderzahl.
62221;Vj. Index der Tarifverdienste und Arbeitszeiten;JAHR;Jahr;2022;DINSGF;Früheres Bundesgebiet / Neue Länder;DF;Früheres Bundesgebiet;WZ08C7;WZ2008 (ausgewählte Positionen): Tarifindex;WZ08-10-02;Ernährungsgewerbe;38,1;h;VST019;Durchschnittliche tarifliche Wochenarbeitszeit
62221;Vj. Index der Tarifverdienste und Arbeitszeiten;JAHR;Jahr;2022;DINSGF;Früheres Bundesgebiet / Neue Länder;DF;Früheres Bundesgebiet;WZ08C7;WZ2008 (ausgewählte Positionen): Tarifindex;WZ08-10-02;Ernährungsgewerbe;104,5;2020=100;VST066;Index d.tarifl. Monatsverdienste ohne Sonderzahl.
62221;Vj. Index der Tarifverdienste und Arbeitszeiten;JAHR;Jahr;2022;DINSGF;Früheres Bundesgebiet / Neue Länder;DF;Früheres Bundesgebiet;WZ08C7;WZ2008 (ausgewählte Positionen): Tarifindex;WZ08-10-02;Ernährungsgewerbe;100,0;2020=100;VST018;Index der tariflichen Wochenarbeitszeit
62221;Vj. Index der Tarifverdienste und Arbeitszeiten;JAHR;Jahr;2022;DINSGF;Früheres Bundesgebiet / Neue Länder;DF;Früheres Bundesgebiet;WZ08C7;WZ2008 (ausgewählte Positionen): Tarifindex;WZ08-10-02;Ernährungsgewerbe;104,5;2020=100;VST065;Index d.tarifl. Stundenverdienste ohne Sonderzahl.
62221;Vj. Index der Tarifverdienste und Arbeitszeiten;JAHR;Jahr;2022;DINSGF;Früheres Bundesgebiet / Neue Länder;DF;Früheres Bundesgebiet;WZ08C7;WZ2008 (ausgewählte Positionen): Tarifindex;WZ08-55-01;Gastgewerbe;108,8;2020=100;VST072;Index d.tarifl. Stundenverdienste mit Sonderzahl.
62221;Vj. Index der Tarifverdienste und Arbeitszeiten;JAHR;Jahr;2022;DINSGF;Früheres Bundesgebiet / Neue Länder;DF;Früheres Bundesgebiet;WZ08C7;WZ2008 (ausgewählte Positionen): Tarifindex;WZ08-55-01;Gastgewerbe;108,8;2020=100;VST073;Index d.tarifl. Monatsverdienste mit Sonderzahl.
62221;Vj. Index der Tarifverdienste und Arbeitszeiten;JAHR;Jahr;2022;DINSGF;Früheres Bundesgebiet / Neue Länder;DF;Früheres Bundesgebiet;WZ08C7;WZ2008 (ausgewählte Positionen): Tarifindex;WZ08-55-01;Gastgewerbe;39,0;h;VST019;Durchschnittliche tarifliche Wochenarbeitszeit
62221;Vj. Index der Tarifverdienste und Arbeitszeiten;JAHR;Jahr;2022;DINSGF;Früheres Bundesgebiet / Neue Länder;DF;Früheres Bundesgebiet;WZ08C7;WZ2008 (ausgewählte Positionen): Tarifindex;WZ08-55-01;Gastgewerbe;108,8;2020=100;VST066;Index d.tarifl. Monatsverdienste ohne Sonderzahl.
62221;Vj. Index der Tarifverdienste und Arbeitszeiten;JAHR;Jahr;2022;DINSGF;Früheres Bundesgebiet / Neue Länder;DF;Früheres Bundesgebiet;WZ08C7;WZ2008 (ausgewählte Positionen): Tarifindex;WZ08-55-01;Gastgewerbe;100,0;2020=100;VST018;Index der tariflichen Wochenarbeitszeit
62221;Vj. Index der Tarifverdienste und Arbeitszeiten;JAHR;Jahr;2022;DINSGF;Früheres Bundesgebiet / Neue Länder;DF;Früheres Bundesgebiet;WZ08C7;WZ2008 (ausgewählte Positionen): Tarifindex;WZ08-55-01;Gastgewerbe;108,8;2020=100;VST065;Index d.tarifl. Stundenverdienste ohne Sonderzahl.
62221;Vj. Index der Tarifverdienste und Arbeitszeiten;JAHR;Jahr;2025;DINSGF;Früheres Bundesgebiet / Neue Länder;DN;Neue Länder;WZ08C7;WZ2008 (ausgewählte Positionen): Tarifindex;WZ08-A;Land- und Forstwirtschaft, Fischerei;115,8;2020=100;VST072;Index d.tarifl. Stundenverdienste mit Sonderzahl.
62221;Vj. Index der Tarifverdienste und Arbeitszeiten;JAHR;Jahr;2025;DINSGF;Früheres Bundesgebiet / Neue Länder;DN;Neue Länder;WZ08C7;WZ2008 (ausgewählte Positionen): Tarifindex;WZ08-A;Land- und Forstwirtschaft, Fischerei;115,6;2020=100;VST073;Index d.tarifl. Monatsverdienste mit Sonderzahl.
62221;Vj. Index der Tarifverdienste und Arbeitszeiten;JAHR;Jahr;2025;DINSGF;Früheres Bundesgebiet / Neue Länder;DN;Neue Länder;WZ08C7;WZ2008 (ausgewählte Positionen): Tarifindex;WZ08-A;Land- und Forstwirtschaft, Fischerei;39,7;h;VST019;Durchschnittliche tarifliche Wochenarbeitszeit
62221;Vj. Index der Tarifverdienste und Arbeitszeiten;JAHR;Jahr;2025;DINSGF;Früheres Bundesgebiet / Neue Länder;DN;Neue Länder;WZ08C7;WZ2008 (ausgewählte Positionen): Tarifindex;WZ08-A;Land- und Forstwirtschaft, Fischerei;116,1;2020=100;VST066;Index d.tarifl. Monatsverdienste ohne Sonderzahl.
62221;Vj. Index der Tarifverdienste und Arbeitszeiten;JAHR;Jahr;2025;DINSGF;Früheres Bundesgebiet / Neue Länder;DN;Neue Länder;WZ08C7;WZ2008 (ausgewählte Positionen): Tarifindex;WZ08-A;Land- und Forstwirtschaft, Fischerei;99,9;2020=100;VST018;Index der tariflichen Wochenarbeitszeit
62221;Vj. Index der Tarifverdienste und Arbeitszeiten;JAHR;Jahr;2025;DINSGF;Früheres Bundesgebiet / Neue Länder;DN;Neue Länder;WZ08C7;WZ2008 (ausgewählte Positionen): Tarifindex;WZ08-A;Land- und Forstwirtschaft, Fischerei;116,3;2020=100;VST065;Index d.tarifl. Stundenverdienste ohne Sonderzahl.
62221;Vj. Index der Tarifverdienste und Arbeitszeiten;JAHR;Jahr;2021;DINSGF;Früheres Bundesgebiet / Neue Länder;DN;Neue Länder;WZ08C7;WZ2008 (ausgewählte Positionen): Tarifindex;WZ08-29-01;Fahrzeugbau;100,8;2020=100;VST072;Index d.tarifl. Stundenverdienste mit Sonderzahl.
62221;Vj. Index der Tarifverdienste und Arbeitszeiten;JAHR;Jahr;2021;DINSGF;Früheres Bundesgebiet / Neue Länder;DN;Neue Länder;WZ08C7;WZ2008 (ausgewählte Positionen): Tarifindex;WZ08-29-01;Fahrzeugbau;100,8;2020=100;VST073;Index d.tarifl. Monatsverdienste mit Sonderzahl.
62221;Vj. Index der Tarifverdienste und Arbeitszeiten;JAHR;Jahr;2021;DINSGF;Früheres Bundesgebiet / Neue Länder;DN;Neue Länder;WZ08C7;WZ2008 (ausgewählte Positionen): Tarifindex;WZ08-29-01;Fahrzeugbau;38,1;h;VST019;Durchschnittliche tarifliche Wochenarbeitszeit
62221;Vj. Index der Tarifverdienste und Arbeitszeiten;JAHR;Jahr;2021;DINSGF;Früheres Bundesgebiet / Neue Länder;DN;Neue Länder;WZ08C7;WZ2008 (ausgewählte Positionen): Tarifindex;WZ08-29-01;Fahrzeugbau;100,1;2020=100;VST066;Index d.tarifl. Monatsverdienste ohne Sonderzahl.
62221;Vj. Index der Tarifverdienste und Arbeitszeiten;JAHR;Jahr;2021;DINSGF;Früheres Bundesgebiet / Neue Länder;DN;Neue Länder;WZ08C7;WZ2008 (ausgewählte Positionen): Tarifindex;WZ08-29-01;Fahrzeugbau;100,0;2020=100;VST018;Index der tariflichen Wochenarbeitszeit
62221;Vj. Index der Tarifverdienste und Arbeitszeiten;JAHR;Jahr;2021;DINSGF;Früheres Bundesgebiet / Neue Länder;DN;Neue Länder;WZ08C7;WZ2008 (ausgewählte Positionen): Tarifindex;WZ08-29-01;Fahrzeugbau;100,1;2020=100;VST065;Index d.tarifl. Stundenverdienste ohne Sonderzahl.
62221;Vj. Index der Tarifverdienste und Arbeitszeiten;JAHR;Jahr;2020;DINSGF;Früheres Bundesgebiet / Neue Länder;DN;Neue Länder;WZ08C7;WZ2008 (ausgewählte Positionen): Tarifindex;WZ08-B-05;Produzierendes Gewerbe;100,0;2020=100;VST072;Index d.tarifl. Stundenverdienste mit Sonderzahl.
62221;Vj. Index der Tarifverdienste und Arbeitszeiten;JAHR;Jahr;2020;DINSGF;Früheres Bundesgebiet / Neue Länder;DN;Neue Länder;WZ08C7;WZ2008 (ausgewählte Positionen): Tarifindex;WZ08-B-05;Produzierendes Gewerbe;100,0;2020=100;VST073;Index d.tarifl. Monatsverdienste mit Sonderzahl.
62221;Vj. Index der Tarifverdienste und Arbeitszeiten;JAHR;Jahr;2020;DINSGF;Früheres Bundesgebiet / Neue Länder;DN;Neue Länder;WZ08C7;WZ2008 (ausgewählte Positionen): Tarifindex;WZ08-B-05;Produzierendes Gewerbe;38,6;h;VST019;Durchschnittliche tarifliche Wochenarbeitszeit
62221;Vj. Index der Tarifverdienste und Arbeitszeiten;JAHR;Jahr;2020;DINSGF;Früheres Bundesgebiet / Neue Länder;DN;Neue Länder;WZ08C7;WZ2008 (ausgewählte Positionen): Tarifindex;WZ08-B-05;Produzierendes Gewerbe;100,0;2020=100;VST066;Index d.tarifl. Monatsverdienste ohne Sonderzahl.
62221;Vj. Index der Tarifverdienste und Arbeitszeiten;JAHR;Jahr;2020;DINSGF;Früheres Bundesgebiet / Neue Länder;DN;Neue Länder;WZ08C7;WZ2008 (ausgewählte Positionen): Tarifindex;WZ08-B-05;Produzierendes Gewerbe;100,0;2020=100;VST018;Index der tariflichen Wochenarbeitszeit
62221;Vj. Index der Tarifverdienste und Arbeitszeiten;JAHR;Jahr;2020;DINSGF;Früheres Bundesgebiet / Neue Länder;DN;Neue Länder;WZ08C7;WZ2008 (ausgewählte Positionen): Tarifindex;WZ08-B-05;Produzierendes Gewerbe;100,0;2020=100;VST065;Index d.tarifl. Stundenverdienste ohne Sonderzahl.
62221;Vj. Index der Tarifverdienste und Arbeitszeiten;JAHR;Jahr;2024;DINSGF;Früheres Bundesgebiet / Neue Länder;DN;Neue Länder;WZ08C7;WZ2008 (ausgewählte Positionen): Tarifindex;WZ08-21;Herstellung von pharmazeutischen Erzeugnissen;115,2;2020=100;VST072;Index d.tarifl. Stundenverdienste mit Sonderzahl.
62221;Vj. Index der Tarifverdienste und Arbeitszeiten;JAHR;Jahr;2024;DINSGF;Früheres Bundesgebiet / Neue Länder;DN;Neue Länder;WZ08C7;WZ2008 (ausgewählte Positionen): Tarifindex;WZ08-21;Herstellung von pharmazeutischen Erzeugnissen;112,4;2020=100;VST073;Index d.tarifl. Monatsverdienste mit Sonderzahl.
62221;Vj. Index der Tarifverdienste und Arbeitszeiten;JAHR;Jahr;2024;DINSGF;Früheres Bundesgebiet / Neue Länder;DN;Neue Länder;WZ08C7;WZ2008 (ausgewählte Positionen): Tarifindex;WZ08-21;Herstellung von pharmazeutischen Erzeugnissen;38,5;h;VST019;Durchschnittliche tarifliche Wochenarbeitszeit
62221;Vj. Index der Tarifverdienste und Arbeitszeiten;JAHR;Jahr;2024;DINSGF;Früheres Bundesgebiet / Neue Länder;DN;Neue Länder;WZ08C7;WZ2008 (ausgewählte Positionen): Tarifindex;WZ08-21;Herstellung von pharmazeutischen Erzeugnissen;109,1;2020=100;VST066;Index d.tarifl. Monatsverdienste ohne Sonderzahl.
62221;Vj. Index der Tarifverdienste und Arbeitszeiten;JAHR;Jahr;2024;DINSGF;Früheres Bundesgebiet / Neue Länder;DN;Neue Länder;WZ08C7;WZ2008 (ausgewählte Positionen): Tarifindex;WZ08-21;Herstellung von pharmazeutischen Erzeugnissen;97,6;2020=100;VST018;Index der tariflichen Wochenarbeitszeit
62221;Vj. Index der Tarifverdienste und Arbeitszeiten;JAHR;Jahr;2024;DINSGF;Früheres Bundesgebiet / Neue Länder;DN;Neue Länder;WZ08C7;WZ2008 (ausgewählte Positionen): Tarifindex;WZ08-21;Herstellung von pharmazeutischen Erzeugnissen;111,8;2020=100;VST065;Index d.tarifl. Stundenverdienste ohne Sonderzahl.
62221;Vj. Index der Tarifverdienste und Arbeitszeiten;JAHR;Jahr;2023;DINSGF;Früheres Bundesgebiet / Neue Länder;DN;Neue Länder;WZ08C7;WZ2008 (ausgewählte Positionen): Tarifindex;WZ08-52;Lagerei, sonstige Dienstleistungen für den Verkehr;107,0;2020=100;VST072;Index d.tarifl. Stundenverdienste mit Sonderzahl.
62221;Vj. Index der Tarifverdienste und Arbeitszeiten;JAHR;Jahr;2023;DINSGF;Früheres Bundesgebiet / Neue Länder;DN;Neue Länder;WZ08C7;WZ2008 (ausgewählte Positionen): Tarifindex;WZ08-52;Lagerei, sonstige Dienstleistungen für den Verkehr;106,9;2020=100;VST073;Index d.tarifl. Monatsverdienste mit Sonderzahl.
62221;Vj. Index der Tarifverdienste und Arbeitszeiten;JAHR;Jahr;2023;DINSGF;Früheres Bundesgebiet / Neue Länder;DN;Neue Länder;WZ08C7;WZ2008 (ausgewählte Positionen): Tarifindex;WZ08-52;Lagerei, sonstige Dienstleistungen für den Verkehr;39,4;h;VST019;Durchschnittliche tarifliche Wochenarbeitszeit
62221;Vj. Index der Tarifverdienste und Arbeitszeiten;JAHR;Jahr;2023;DINSGF;Früheres Bundesgebiet / Neue Länder;DN;Neue Länder;WZ08C7;WZ2008 (ausgewählte Positionen): Tarifindex;WZ08-52;Lagerei, sonstige Dienstleistungen für den Verkehr;105,2;2020=100;VST066;Index d.tarifl. Monatsverdienste ohne Sonderzahl.
62221;Vj. Index der Tarifverdienste und Arbeitszeiten;JAHR;Jahr;2023;DINSGF;Früheres Bundesgebiet / Neue Länder;DN;Neue Länder;WZ08C7;WZ2008 (ausgewählte Positionen): Tarifindex;WZ08-52;Lagerei, sonstige Dienstleistungen für den Verkehr;100,0;2020=100;VST018;Index der tariflichen Wochenarbeitszeit
62221;Vj. Index der Tarifverdienste und Arbeitszeiten;JAHR;Jahr;2023;DINSGF;Früheres Bundesgebiet / Neue Länder;DN;Neue Länder;WZ08C7;WZ2008 (ausgewählte Positionen): Tarifindex;WZ08-52;Lagerei, sonstige Dienstleistungen für den Verkehr;105,2;2020=100;VST065;Index d.tarifl. Stundenverdienste ohne Sonderzahl.
62221;Vj. Index der Tarifverdienste und Arbeitszeiten;JAHR;Jahr;2024;DINSGF;Früheres Bundesgebiet / Neue Länder;DN;Neue Länder;WZ08C7;WZ2008 (ausgewählte Positionen): Tarifindex;WZ08-36;Wasserversorgung;112,2;2020=100;VST072;Index d.tarifl. Stundenverdienste mit Sonderzahl.
62221;Vj. Index der Tarifverdienste und Arbeitszeiten;JAHR;Jahr;2024;DINSGF;Früheres Bundesgebiet / Neue Länder;DN;Neue Länder;WZ08C7;WZ2008 (ausgewählte Positionen): Tarifindex;WZ08-36;Wasserversorgung;112,1;2020=100;VST073;Index d.tarifl. Monatsverdienste mit Sonderzahl.
62221;Vj. Index der Tarifverdienste und Arbeitszeiten;JAHR;Jahr;2024;DINSGF;Früheres Bundesgebiet / Neue Länder;DN;Neue Länder;WZ08C7;WZ2008 (ausgewählte Positionen): Tarifindex;WZ08-36;Wasserversorgung;39,1;h;VST019;Durchschnittliche tarifliche Wochenarbeitszeit
62221;Vj. Index der Tarifverdienste und Arbeitszeiten;JAHR;Jahr;2024;DINSGF;Früheres Bundesgebiet / Neue Länder;DN;Neue Länder;WZ08C7;WZ2008 (ausgewählte Positionen): Tarifindex;WZ08-36;Wasserversorgung;111,8;2020=100;VST066;Index d.tarifl. Monatsverdienste ohne Sonderzahl.
62221;Vj. Index der Tarifverdienste und Arbeitszeiten;JAHR;Jahr;2024;DINSGF;Früheres Bundesgebiet / Neue Länder;DN;Neue Länder;WZ08C7;WZ2008 (ausgewählte Positionen): Tarifindex;WZ08-36;Wasserversorgung;99,9;2020=100;VST018;Index der tariflichen Wochenarbeitszeit
62221;Vj. Index der Tarifverdienste und Arbeitszeiten;JAHR;Jahr;2024;DINSGF;Früheres Bundesgebiet / Neue Länder;DN;Neue Länder;WZ08C7;WZ2008 (ausgewählte Positionen): Tarifindex;WZ08-36;Wasserversorgung;111,9;2020=100;VST065;Index d.tarifl. Stundenverdienste ohne Sonderzahl.
62221;Vj. Index der Tarifverdienste und Arbeitszeiten;JAHR;Jahr;2020;DINSGF;Früheres Bundesgebiet / Neue Länder;DF;Früheres Bundesgebiet;WZ08C7;WZ2008 (ausgewählte Positionen): Tarifindex;WZ08-33;Reparatur u.Installation von Masch.u.Ausrüstungen;100,0;2020=100;VST072;Index d.tarifl. Stundenverdienste mit Sonderzahl.
62221;Vj. Index der Tarifverdienste und Arbeitszeiten;JAHR;Jahr;2020;DINSGF;Früheres Bundesgebiet / Neue Länder;DF;Früheres Bundesgebiet;WZ08C7;WZ2008 (ausgewählte Positionen): Tarifindex;WZ08-33;Reparatur u.Installation von Masch.u.Ausrüstungen;100,0;2020=100;VST073;Index d.tarifl. Monatsverdienste mit Sonderzahl.
62221;Vj. Index der Tarifverdienste und Arbeitszeiten;JAHR;Jahr;2020;DINSGF;Früheres Bundesgebiet / Neue Länder;DF;Früheres Bundesgebiet;WZ08C7;WZ2008 (ausgewählte Positionen): Tarifindex;WZ08-33;Reparatur u.Installation von Masch.u.Ausrüstungen;36,7;h;VST019;Durchschnittliche tarifliche Wochenarbeitszeit
62221;Vj. Index der Tarifverdienste und Arbeitszeiten;JAHR;Jahr;2020;DINSGF;Früheres Bundesgebiet / Neue Länder;DF;Früheres Bundesgebiet;WZ08C7;WZ2008 (ausgewählte Positionen): Tarifindex;WZ08-33;Reparatur u.Installation von Masch.u.Ausrüstungen;100,0;2020=100;VST066;Index d.tarifl. Monatsverdienste ohne Sonderzahl.
62221;Vj. Index der Tarifverdienste und Arbeitszeiten;JAHR;Jahr;2020;DINSGF;Früheres Bundesgebiet / Neue Länder;DF;Früheres Bundesgebiet;WZ08C7;WZ2008 (ausgewählte Positionen): Tarifindex;WZ08-33;Reparatur u.Installation von Masch.u.Ausrüstungen;100,0;2020=100;VST018;Index der tariflichen Wochenarbeitszeit
62221;Vj. Index der Tarifverdienste und Arbeitszeiten;JAHR;Jahr;2020;DINSGF;Früheres Bundesgebiet / Neue Länder;DF;Früheres Bundesgebiet;WZ08C7;WZ2008 (ausgewählte Positionen): Tarifindex;WZ08-33;Reparatur u.Installation von Masch.u.Ausrüstungen;100,0;2020=100;VST065;Index d.tarifl. Stundenverdienste ohne Sonderzahl.
62221;Vj. Index der Tarifverdienste und Arbeitszeiten;JAHR;Jahr;2024;DINSGF;Früheres Bundesgebiet / Neue Länder;DN;Neue Länder;WZ08C7;WZ2008 (ausgewählte Positionen): Tarifindex;WZ08-493;Sonstige Personenbeförderung im Landverkehr;118,7;2020=100;VST072;Index d.tarifl. Stundenverdienste mit Sonderzahl.
62221;Vj. Index der Tarifverdienste und Arbeitszeiten;JAHR;Jahr;2024;DINSGF;Früheres Bundesgebiet / Neue Länder;DN;Neue Länder;WZ08C7;WZ2008 (ausgewählte Positionen): Tarifindex;WZ08-493;Sonstige Personenbeförderung im Landverkehr;117,8;2020=100;VST073;Index d.tarifl. Monatsverdienste mit Sonderzahl.
62221;Vj. Index der Tarifverdienste und Arbeitszeiten;JAHR;Jahr;2024;DINSGF;Früheres Bundesgebiet / Neue Länder;DN;Neue Länder;WZ08C7;WZ2008 (ausgewählte Positionen): Tarifindex;WZ08-493;Sonstige Personenbeförderung im Landverkehr;38,8;h;VST019;Durchschnittliche tarifliche Wochenarbeitszeit
62221;Vj. Index der Tarifverdienste und Arbeitszeiten;JAHR;Jahr;2024;DINSGF;Früheres Bundesgebiet / Neue Länder;DN;Neue Länder;WZ08C7;WZ2008 (ausgewählte Positionen): Tarifindex;WZ08-493;Sonstige Personenbeförderung im Landverkehr;117,1;2020=100;VST066;Index d.tarifl. Monatsverdienste ohne Sonderzahl.
62221;Vj. Index der Tarifverdienste und Arbeitszeiten;JAHR;Jahr;2024;DINSGF;Früheres Bundesgebiet / Neue Länder;DN;Neue Länder;WZ08C7;WZ2008 (ausgewählte Positionen): Tarifindex;WZ08-493;Sonstige Personenbeförderung im Landverkehr;99,1;2020=100;VST018;Index der tariflichen Wochenarbeitszeit
62221;Vj. Index der Tarifverdienste und Arbeitszeiten;JAHR;Jahr;2024;DINSGF;Früheres Bundesgebiet / Neue Länder;DN;Neue Länder;WZ08C7;WZ2008 (ausgewählte Positionen): Tarifindex;WZ08-493;Sonstige Personenbeförderung im Landverkehr;118,1;2020=100;VST065;Index d.tarifl. Stundenverdienste ohne Sonderzahl.
62221;Vj. Index der Tarifverdienste und Arbeitszeiten;JAHR;Jahr;2017;DINSGF;Früheres Bundesgebiet / Neue Länder;DN;Neue Länder;WZ08C7;WZ2008 (ausgewählte Positionen): Tarifindex;WZ08-78;Vermittlung und Überlassung von Arbeitskräften;91,2;2020=100;VST072;Index d.tarifl. Stundenverdienste mit Sonderzahl.
62221;Vj. Index der Tarifverdienste und Arbeitszeiten;JAHR;Jahr;2017;DINSGF;Früheres Bundesgebiet / Neue Länder;DN;Neue Länder;WZ08C7;WZ2008 (ausgewählte Positionen): Tarifindex;WZ08-78;Vermittlung und Überlassung von Arbeitskräften;91,2;2020=100;VST073;Index d.tarifl. Monatsverdienste mit Sonderzahl.
62221;Vj. Index der Tarifverdienste und Arbeitszeiten;JAHR;Jahr;2017;DINSGF;Früheres Bundesgebiet / Neue Länder;DN;Neue Länder;WZ08C7;WZ2008 (ausgewählte Positionen): Tarifindex;WZ08-78;Vermittlung und Überlassung von Arbeitskräften;35,1;h;VST019;Durchschnittliche tarifliche Wochenarbeitszeit
62221;Vj. Index der Tarifverdienste und Arbeitszeiten;JAHR;Jahr;2017;DINSGF;Früheres Bundesgebiet / Neue Länder;DN;Neue Länder;WZ08C7;WZ2008 (ausgewählte Positionen): Tarifindex;WZ08-78;Vermittlung und Überlassung von Arbeitskräften;91,3;2020=100;VST066;Index d.tarifl. Monatsverdienste ohne Sonderzahl.
62221;Vj. Index der Tarifverdienste und Arbeitszeiten;JAHR;Jahr;2017;DINSGF;Früheres Bundesgebiet / Neue Länder;DN;Neue Länder;WZ08C7;WZ2008 (ausgewählte Positionen): Tarifindex;WZ08-78;Vermittlung und Überlassung von Arbeitskräften;100,0;2020=100;VST018;Index der tariflichen Wochenarbeitszeit
62221;Vj. Index der Tarifverdienste und Arbeitszeiten;JAHR;Jahr;2017;DINSGF;Früheres Bundesgebiet / Neue Länder;DN;Neue Länder;WZ08C7;WZ2008 (ausgewählte Positionen): Tarifindex;WZ08-78;Vermittlung und Überlassung von Arbeitskräften;91,3;2020=100;VST065;Index d.tarifl. Stundenverdienste ohne Sonderzahl.
62221;Vj. Index der Tarifverdienste und Arbeitszeiten;JAHR;Jahr;2018;DINSGF;Früheres Bundesgebiet / Neue Länder;DN;Neue Länder;WZ08C7;WZ2008 (ausgewählte Positionen): Tarifindex;WZ08-50;Schifffahrt;96,0;2020=100;VST072;Index d.tarifl. Stundenverdienste mit Sonderzahl.
62221;Vj. Index der Tarifverdienste und Arbeitszeiten;JAHR;Jahr;2018;DINSGF;Früheres Bundesgebiet / Neue Länder;DN;Neue Länder;WZ08C7;WZ2008 (ausgewählte Positionen): Tarifindex;WZ08-50;Schifffahrt;96,0;2020=100;VST073;Index d.tarifl. Monatsverdienste mit Sonderzahl.
62221;Vj. Index der Tarifverdienste und Arbeitszeiten;JAHR;Jahr;2018;DINSGF;Früheres Bundesgebiet / Neue Länder;DN;Neue Länder;WZ08C7;WZ2008 (ausgewählte Positionen): Tarifindex;WZ08-50;Schifffahrt;39,1;h;VST019;Durchschnittliche tarifliche Wochenarbeitszeit
62221;Vj. Index der Tarifverdienste und Arbeitszeiten;JAHR;Jahr;2018;DINSGF;Früheres Bundesgebiet / Neue Länder;DN;Neue Länder;WZ08C7;WZ2008 (ausgewählte Positionen): Tarifindex;WZ08-50;Schifffahrt;95,0;2020=100;VST066;Index d.tarifl. Monatsverdienste ohne Sonderzahl.
62221;Vj. Index der Tarifverdienste und Arbeitszeiten;JAHR;Jahr;2018;DINSGF;Früheres Bundesgebiet / Neue Länder;DN;Neue Länder;WZ08C7;WZ2008 (ausgewählte Positionen): Tarifindex;WZ08-50;Schifffahrt;100,0;2020=100;VST018;Index der tariflichen Wochenarbeitszeit
62221;Vj. Index der Tarifverdienste und Arbeitszeiten;JAHR;Jahr;2018;DINSGF;Früheres Bundesgebiet / Neue Länder;DN;Neue Länder;WZ08C7;WZ2008 (ausgewählte Positionen): Tarifindex;WZ08-50;Schifffahrt;95,0;2020=100;VST065;Index d.tarifl. Stundenverdienste ohne Sonderzahl.
62221;Vj. Index der Tarifverdienste und Arbeitszeiten;JAHR;Jahr;2018;DINSGF;Früheres Bundesgebiet / Neue Länder;DN;Neue Länder;WZ08C7;WZ2008 (ausgewählte Positionen): Tarifindex;WZ08-R;Kunst, Unterhaltung und Erholung;94,5;2020=100;VST072;Index d.tarifl. Stundenverdienste mit Sonderzahl.
62221;Vj. Index der Tarifverdienste und Arbeitszeiten;JAHR;Jahr;2018;DINSGF;Früheres Bundesgebiet / Neue Länder;DN;Neue Länder;WZ08C7;WZ2008 (ausgewählte Positionen): Tarifindex;WZ08-R;Kunst, Unterhaltung und Erholung;94,5;2020=100;VST073;Index d.tarifl. Monatsverdienste mit Sonderzahl.
62221;Vj. Index der Tarifverdienste und Arbeitszeiten;JAHR;Jahr;2018;DINSGF;Früheres Bundesgebiet / Neue Länder;DN;Neue Länder;WZ08C7;WZ2008 (ausgewählte Positionen): Tarifindex;WZ08-R;Kunst, Unterhaltung und Erholung;39,0;h;VST019;Durchschnittliche tarifliche Wochenarbeitszeit
62221;Vj. Index der Tarifverdienste und Arbeitszeiten;JAHR;Jahr;2018;DINSGF;Früheres Bundesgebiet / Neue Länder;DN;Neue Länder;WZ08C7;WZ2008 (ausgewählte Positionen): Tarifindex;WZ08-R;Kunst, Unterhaltung und Erholung;93,9;2020=100;VST066;Index d.tarifl. Monatsverdienste ohne Sonderzahl.
62221;Vj. Index der Tarifverdienste und Arbeitszeiten;JAHR;Jahr;2018;DINSGF;Früheres Bundesgebiet / Neue Länder;DN;Neue Länder;WZ08C7;WZ2008 (ausgewählte Positionen): Tarifindex;WZ08-R;Kunst, Unterhaltung und Erholung;100,0;2020=100;VST018;Index der tariflichen Wochenarbeitszeit
62221;Vj. Index der Tarifverdienste und Arbeitszeiten;JAHR;Jahr;2018;DINSGF;Früheres Bundesgebiet / Neue Länder;DN;Neue Länder;WZ08C7;WZ2008 (ausgewählte Positionen): Tarifindex;WZ08-R;Kunst, Unterhaltung und Erholung;93,8;2020=100;VST065;Index d.tarifl. Stundenverdienste ohne Sonderzahl.
62221;Vj. Index der Tarifverdienste und Arbeitszeiten;JAHR;Jahr;2017;DINSGF;Früheres Bundesgebiet / Neue Länder;DN;Neue Länder;WZ08C7;WZ2008 (ausgewählte Positionen): Tarifindex;WZ08-81;Gebäudebetreuung, Garten- und Landschaftsbau;90,8;2020=100;VST072;Index d.tarifl. Stundenverdienste mit Sonderzahl.
62221;Vj. Index der Tarifverdienste und Arbeitszeiten;JAHR;Jahr;2017;DINSGF;Früheres Bundesgebiet / Neue Länder;DN;Neue Länder;WZ08C7;WZ2008 (ausgewählte Positionen): Tarifindex;WZ08-81;Gebäudebetreuung, Garten- und Landschaftsbau;90,8;2020=100;VST073;Index d.tarifl. Monatsverdienste mit Sonderzahl.
62221;Vj. Index der Tarifverdienste und Arbeitszeiten;JAHR;Jahr;2017;DINSGF;Früheres Bundesgebiet / Neue Länder;DN;Neue Länder;WZ08C7;WZ2008 (ausgewählte Positionen): Tarifindex;WZ08-81;Gebäudebetreuung, Garten- und Landschaftsbau;39,0;h;VST019;Durchschnittliche tarifliche Wochenarbeitszeit
62221;Vj. Index der Tarifverdienste und Arbeitszeiten;JAHR;Jahr;2017;DINSGF;Früheres Bundesgebiet / Neue Länder;DN;Neue Länder;WZ08C7;WZ2008 (ausgewählte Positionen): Tarifindex;WZ08-81;Gebäudebetreuung, Garten- und Landschaftsbau;90,6;2020=100;VST066;Index d.tarifl. Monatsverdienste ohne Sonderzahl.
62221;Vj. Index der Tarifverdienste und Arbeitszeiten;JAHR;Jahr;2017;DINSGF;Früheres Bundesgebiet / Neue Länder;DN;Neue Länder;WZ08C7;WZ2008 (ausgewählte Positionen): Tarifindex;WZ08-81;Gebäudebetreuung, Garten- und Landschaftsbau;100,0;2020=100;VST018;Index der tariflichen Wochenarbeitszeit
62221;Vj. Index der Tarifverdienste und Arbeitszeiten;JAHR;Jahr;2017;DINSGF;Früheres Bundesgebiet / Neue Länder;DN;Neue Länder;WZ08C7;WZ2008 (ausgewählte Positionen): Tarifindex;WZ08-81;Gebäudebetreuung, Garten- und Landschaftsbau;90,6;2020=100;VST065;Index d.tarifl. Stundenverdienste ohne Sonderzahl.
62221;Vj. Index der Tarifverdienste und Arbeitszeiten;JAHR;Jahr;2025;DINSGF;Früheres Bundesgebiet / Neue Länder;DN;Neue Länder;WZ08C7;WZ2008 (ausgewählte Positionen): Tarifindex;WZ08-31-01;Möbelherstellung, Installation von Maschinen;118,1;2020=100;VST072;Index d.tarifl. Stundenverdienste mit Sonderzahl.
62221;Vj. Index der Tarifverdienste und Arbeitszeiten;JAHR;Jahr;2025;DINSGF;Früheres Bundesgebiet / Neue Länder;DN;Neue Länder;WZ08C7;WZ2008 (ausgewählte Positionen): Tarifindex;WZ08-31-01;Möbelherstellung, Installation von Maschinen;117,3;2020=100;VST073;Index d.tarifl. Monatsverdienste mit Sonderzahl.
62221;Vj. Index der Tarifverdienste und Arbeitszeiten;JAHR;Jahr;2025;DINSGF;Früheres Bundesgebiet / Neue Länder;DN;Neue Länder;WZ08C7;WZ2008 (ausgewählte Positionen): Tarifindex;WZ08-31-01;Möbelherstellung, Installation von Maschinen;37,8;h;VST019;Durchschnittliche tarifliche Wochenarbeitszeit
62221;Vj. Index der Tarifverdienste und Arbeitszeiten;JAHR;Jahr;2025;DINSGF;Früheres Bundesgebiet / Neue Länder;DN;Neue Länder;WZ08C7;WZ2008 (ausgewählte Positionen): Tarifindex;WZ08-31-01;Möbelherstellung, Installation von Maschinen;115,9;2020=100;VST066;Index d.tarifl. Monatsverdienste ohne Sonderzahl.
62221;Vj. Index der Tarifverdienste und Arbeitszeiten;JAHR;Jahr;2025;DINSGF;Früheres Bundesgebiet / Neue Länder;DN;Neue Länder;WZ08C7;WZ2008 (ausgewählte Positionen): Tarifindex;WZ08-31-01;Möbelherstellung, Installation von Maschinen;99,4;2020=100;VST018;Index der tariflichen Wochenarbeitszeit
62221;Vj. Index der Tarifverdienste und Arbeitszeiten;JAHR;Jahr;2025;DINSGF;Früheres Bundesgebiet / Neue Länder;DN;Neue Länder;WZ08C7;WZ2008 (ausgewählte Positionen): Tarifindex;WZ08-31-01;Möbelherstellung, Installation von Maschinen;116,7;2020=100;VST065;Index d.tarifl. Stundenverdienste ohne Sonderzahl.
62221;Vj. Index der Tarifverdienste und Arbeitszeiten;JAHR;Jahr;2018;DINSGF;Früheres Bundesgebiet / Neue Länder;DN;Neue Länder;WZ08C7;WZ2008 (ausgewählte Positionen): Tarifindex;WZ08-47;Einzelhandel (ohne Handel mit Kraftfahrzeugen);95,4;2020=100;VST072;Index d.tarifl. Stundenverdienste mit Sonderzahl.
62221;Vj. Index der Tarifverdienste und Arbeitszeiten;JAHR;Jahr;2018;DINSGF;Früheres Bundesgebiet / Neue Länder;DN;Neue Länder;WZ08C7;WZ2008 (ausgewählte Positionen): Tarifindex;WZ08-47;Einzelhandel (ohne Handel mit Kraftfahrzeugen);95,7;2020=100;VST073;Index d.tarifl. Monatsverdienste mit Sonderzahl.
62221;Vj. Index der Tarifverdienste und Arbeitszeiten;JAHR;Jahr;2018;DINSGF;Früheres Bundesgebiet / Neue Länder;DN;Neue Länder;WZ08C7;WZ2008 (ausgewählte Positionen): Tarifindex;WZ08-47;Einzelhandel (ohne Handel mit Kraftfahrzeugen);38,4;h;VST019;Durchschnittliche tarifliche Wochenarbeitszeit
62221;Vj. Index der Tarifverdienste und Arbeitszeiten;JAHR;Jahr;2018;DINSGF;Früheres Bundesgebiet / Neue Länder;DN;Neue Länder;WZ08C7;WZ2008 (ausgewählte Positionen): Tarifindex;WZ08-47;Einzelhandel (ohne Handel mit Kraftfahrzeugen);95,6;2020=100;VST066;Index d.tarifl. Monatsverdienste ohne Sonderzahl.
62221;Vj. Index der Tarifverdienste und Arbeitszeiten;JAHR;Jahr;2018;DINSGF;Früheres Bundesgebiet / Neue Länder;DN;Neue Länder;WZ08C7;WZ2008 (ausgewählte Positionen): Tarifindex;WZ08-47;Einzelhandel (ohne Handel mit Kraftfahrzeugen);100,2;2020=100;VST018;Index der tariflichen Wochenarbeitszeit
62221;Vj. Index der Tarifverdienste und Arbeitszeiten;JAHR;Jahr;2018;DINSGF;Früheres Bundesgebiet / Neue Länder;DN;Neue Länder;WZ08C7;WZ2008 (ausgewählte Positionen): Tarifindex;WZ08-47;Einzelhandel (ohne Handel mit Kraftfahrzeugen);95,3;2020=100;VST065;Index d.tarifl. Stundenverdienste ohne Sonderzahl.
62221;Vj. Index der Tarifverdienste und Arbeitszeiten;JAHR;Jahr;2017;DINSGF;Früheres Bundesgebiet / Neue Länder;DF;Früheres Bundesgebiet;WZ08C7;WZ2008 (ausgewählte Positionen): Tarifindex;WZ08-29-01;Fahrzeugbau;92,8;2020=100;VST072;Index d.tarifl. Stundenverdienste mit Sonderzahl.
62221;Vj. Index der Tarifverdienste und Arbeitszeiten;JAHR;Jahr;2017;DINSGF;Früheres Bundesgebiet / Neue Länder;DF;Früheres Bundesgebiet;WZ08C7;WZ2008 (ausgewählte Positionen): Tarifindex;WZ08-29-01;Fahrzeugbau;92,8;2020=100;VST073;Index d.tarifl. Monatsverdienste mit Sonderzahl.
62221;Vj. Index der Tarifverdienste und Arbeitszeiten;JAHR;Jahr;2017;DINSGF;Früheres Bundesgebiet / Neue Länder;DF;Früheres Bundesgebiet;WZ08C7;WZ2008 (ausgewählte Positionen): Tarifindex;WZ08-29-01;Fahrzeugbau;35,2;h;VST019;Durchschnittliche tarifliche Wochenarbeitszeit
62221;Vj. Index der Tarifverdienste und Arbeitszeiten;JAHR;Jahr;2017;DINSGF;Früheres Bundesgebiet / Neue Länder;DF;Früheres Bundesgebiet;WZ08C7;WZ2008 (ausgewählte Positionen): Tarifindex;WZ08-29-01;Fahrzeugbau;95,2;2020=100;VST066;Index d.tarifl. Monatsverdienste ohne Sonderzahl.
62221;Vj. Index der Tarifverdienste und Arbeitszeiten;JAHR;Jahr;2017;DINSGF;Früheres Bundesgebiet / Neue Länder;DF;Früheres Bundesgebiet;WZ08C7;WZ2008 (ausgewählte Positionen): Tarifindex;WZ08-29-01;Fahrzeugbau;100,0;2020=100;VST018;Index der tariflichen Wochenarbeitszeit
62221;Vj. Index der Tarifverdienste und Arbeitszeiten;JAHR;Jahr;2017;DINSGF;Früheres Bundesgebiet / Neue Länder;DF;Früheres Bundesgebiet;WZ08C7;WZ2008 (ausgewählte Positionen): Tarifindex;WZ08-29-01;Fahrzeugbau;95,2;2020=100;VST065;Index d.tarifl. Stundenverdienste ohne Sonderzahl.
62221;Vj. Index der Tarifverdienste und Arbeitszeiten;JAHR;Jahr;2020;DINSGF;Früheres Bundesgebiet / Neue Länder;DF;Früheres Bundesgebiet;WZ08C7;WZ2008 (ausgewählte Positionen): Tarifindex;WZ08-15;Herstellung von Leder, Lederwaren und Schuhen;100,0;2020=100;VST072;Index d.tarifl. Stundenverdienste mit Sonderzahl.
62221;Vj. Index der Tarifverdienste und Arbeitszeiten;JAHR;Jahr;2020;DINSGF;Früheres Bundesgebiet / Neue Länder;DF;Früheres Bundesgebiet;WZ08C7;WZ2008 (ausgewählte Positionen): Tarifindex;WZ08-15;Herstellung von Leder, Lederwaren und Schuhen;100,0;2020=100;VST073;Index d.tarifl. Monatsverdienste mit Sonderzahl.
62221;Vj. Index der Tarifverdienste und Arbeitszeiten;JAHR;Jahr;2020;DINSGF;Früheres Bundesgebiet / Neue Länder;DF;Früheres Bundesgebiet;WZ08C7;WZ2008 (ausgewählte Positionen): Tarifindex;WZ08-15;Herstellung von Leder, Lederwaren und Schuhen;38,4;h;VST019;Durchschnittliche tarifliche Wochenarbeitszeit
62221;Vj. Index der Tarifverdienste und Arbeitszeiten;JAHR;Jahr;2020;DINSGF;Früheres Bundesgebiet / Neue Länder;DF;Früheres Bundesgebiet;WZ08C7;WZ2008 (ausgewählte Positionen): Tarifindex;WZ08-15;Herstellung von Leder, Lederwaren und Schuhen;100,0;2020=100;VST066;Index d.tarifl. Monatsverdienste ohne Sonderzahl.
62221;Vj. Index der Tarifverdienste und Arbeitszeiten;JAHR;Jahr;2020;DINSGF;Früheres Bundesgebiet / Neue Länder;DF;Früheres Bundesgebiet;WZ08C7;WZ2008 (ausgewählte Positionen): Tarifindex;WZ08-15;Herstellung von Leder, Lederwaren und Schuhen;100,0;2020=100;VST018;Index der tariflichen Wochenarbeitszeit
62221;Vj. Index der Tarifverdienste und Arbeitszeiten;JAHR;Jahr;2020;DINSGF;Früheres Bundesgebiet / Neue Länder;DF;Früheres Bundesgebiet;WZ08C7;WZ2008 (ausgewählte Positionen): Tarifindex;WZ08-15;Herstellung von Leder, Lederwaren und Schuhen;100,0;2020=100;VST065;Index d.tarifl. Stundenverdienste ohne Sonderzahl.
62221;Vj. Index der Tarifverdienste und Arbeitszeiten;JAHR;Jahr;2019;DINSGF;Früheres Bundesgebiet / Neue Länder;DF;Früheres Bundesgebiet;WZ08C7;WZ2008 (ausgewählte Positionen): Tarifindex;WZ08-R;Kunst, Unterhaltung und Erholung;97,4;2020=100;VST072;Index d.tarifl. Stundenverdienste mit Sonderzahl.
62221;Vj. Index der Tarifverdienste und Arbeitszeiten;JAHR;Jahr;2019;DINSGF;Früheres Bundesgebiet / Neue Länder;DF;Früheres Bundesgebiet;WZ08C7;WZ2008 (ausgewählte Positionen): Tarifindex;WZ08-R;Kunst, Unterhaltung und Erholung;97,4;2020=100;VST073;Index d.tarifl. Monatsverdienste mit Sonderzahl.
62221;Vj. Index der Tarifverdienste und Arbeitszeiten;JAHR;Jahr;2019;DINSGF;Früheres Bundesgebiet / Neue Länder;DF;Früheres Bundesgebiet;WZ08C7;WZ2008 (ausgewählte Positionen): Tarifindex;WZ08-R;Kunst, Unterhaltung und Erholung;39,1;h;VST019;Durchschnittliche tarifliche Wochenarbeitszeit
62221;Vj. Index der Tarifverdienste und Arbeitszeiten;JAHR;Jahr;2019;DINSGF;Früheres Bundesgebiet / Neue Länder;DF;Früheres Bundesgebiet;WZ08C7;WZ2008 (ausgewählte Positionen): Tarifindex;WZ08-R;Kunst, Unterhaltung und Erholung;97,5;2020=100;VST066;Index d.tarifl. Monatsverdienste ohne Sonderzahl.
62221;Vj. Index der Tarifverdienste und Arbeitszeiten;JAHR;Jahr;2019;DINSGF;Früheres Bundesgebiet / Neue Länder;DF;Früheres Bundesgebiet;WZ08C7;WZ2008 (ausgewählte Positionen): Tarifindex;WZ08-R;Kunst, Unterhaltung und Erholung;100,0;2020=100;VST018;Index der tariflichen Wochenarbeitszeit
62221;Vj. Index der Tarifverdienste und Arbeitszeiten;JAHR;Jahr;2019;DINSGF;Früheres Bundesgebiet / Neue Länder;DF;Früheres Bundesgebiet;WZ08C7;WZ2008 (ausgewählte Positionen): Tarifindex;WZ08-R;Kunst, Unterhaltung und Erholung;97,4;2020=100;VST065;Index d.tarifl. Stundenverdienste ohne Sonderzahl.
62221;Vj. Index der Tarifverdienste und Arbeitszeiten;JAHR;Jahr;2021;DINSGF;Früheres Bundesgebiet / Neue Länder;DF;Früheres Bundesgebiet;WZ08C7;WZ2008 (ausgewählte Positionen): Tarifindex;WZ08-J;Information und Kommunikation;101,1;2020=100;VST072;Index d.tarifl. Stundenverdienste mit Sonderzahl.
62221;Vj. Index der Tarifverdienste und Arbeitszeiten;JAHR;Jahr;2021;DINSGF;Früheres Bundesgebiet / Neue Länder;DF;Früheres Bundesgebiet;WZ08C7;WZ2008 (ausgewählte Positionen): Tarifindex;WZ08-J;Information und Kommunikation;101,1;2020=100;VST073;Index d.tarifl. Monatsverdienste mit Sonderzahl.
62221;Vj. Index der Tarifverdienste und Arbeitszeiten;JAHR;Jahr;2021;DINSGF;Früheres Bundesgebiet / Neue Länder;DF;Früheres Bundesgebiet;WZ08C7;WZ2008 (ausgewählte Positionen): Tarifindex;WZ08-J;Information und Kommunikation;37,7;h;VST019;Durchschnittliche tarifliche Wochenarbeitszeit
62221;Vj. Index der Tarifverdienste und Arbeitszeiten;JAHR;Jahr;2021;DINSGF;Früheres Bundesgebiet / Neue Länder;DF;Früheres Bundesgebiet;WZ08C7;WZ2008 (ausgewählte Positionen): Tarifindex;WZ08-J;Information und Kommunikation;101,4;2020=100;VST066;Index d.tarifl. Monatsverdienste ohne Sonderzahl.
62221;Vj. Index der Tarifverdienste und Arbeitszeiten;JAHR;Jahr;2021;DINSGF;Früheres Bundesgebiet / Neue Länder;DF;Früheres Bundesgebiet;WZ08C7;WZ2008 (ausgewählte Positionen): Tarifindex;WZ08-J;Information und Kommunikation;100,0;2020=100;VST018;Index der tariflichen Wochenarbeitszeit
62221;Vj. Index der Tarifverdienste und Arbeitszeiten;JAHR;Jahr;2021;DINSGF;Früheres Bundesgebiet / Neue Länder;DF;Früheres Bundesgebiet;WZ08C7;WZ2008 (ausgewählte Positionen): Tarifindex;WZ08-J;Information und Kommunikation;101,4;2020=100;VST065;Index d.tarifl. Stundenverdienste ohne Sonderzahl.
62221;Vj. Index der Tarifverdienste und Arbeitszeiten;JAHR;Jahr;2017;DINSGF;Früheres Bundesgebiet / Neue Länder;DN;Neue Länder;WZ08C7;WZ2008 (ausgewählte Positionen): Tarifindex;WZ08-63;Informationsdienstleistungen;92,4;2020=100;VST072;Index d.tarifl. Stundenverdienste mit Sonderzahl.
62221;Vj. Index der Tarifverdienste und Arbeitszeiten;JAHR;Jahr;2017;DINSGF;Früheres Bundesgebiet / Neue Länder;DN;Neue Länder;WZ08C7;WZ2008 (ausgewählte Positionen): Tarifindex;WZ08-63;Informationsdienstleistungen;92,4;2020=100;VST073;Index d.tarifl. Monatsverdienste mit Sonderzahl.
62221;Vj. Index der Tarifverdienste und Arbeitszeiten;JAHR;Jahr;2017;DINSGF;Früheres Bundesgebiet / Neue Länder;DN;Neue Länder;WZ08C7;WZ2008 (ausgewählte Positionen): Tarifindex;WZ08-63;Informationsdienstleistungen;39,1;h;VST019;Durchschnittliche tarifliche Wochenarbeitszeit
62221;Vj. Index der Tarifverdienste und Arbeitszeiten;JAHR;Jahr;2017;DINSGF;Früheres Bundesgebiet / Neue Länder;DN;Neue Länder;WZ08C7;WZ2008 (ausgewählte Positionen): Tarifindex;WZ08-63;Informationsdienstleistungen;92,2;2020=100;VST066;Index d.tarifl. Monatsverdienste ohne Sonderzahl.
62221;Vj. Index der Tarifverdienste und Arbeitszeiten;JAHR;Jahr;2017;DINSGF;Früheres Bundesgebiet / Neue Länder;DN;Neue Länder;WZ08C7;WZ2008 (ausgewählte Positionen): Tarifindex;WZ08-63;Informationsdienstleistungen;100,0;2020=100;VST018;Index der tariflichen Wochenarbeitszeit
62221;Vj. Index der Tarifverdienste und Arbeitszeiten;JAHR;Jahr;2017;DINSGF;Früheres Bundesgebiet / Neue Länder;DN;Neue Länder;WZ08C7;WZ2008 (ausgewählte Positionen): Tarifindex;WZ08-63;Informationsdienstleistungen;92,2;2020=100;VST065;Index d.tarifl. Stundenverdienste ohne Sonderzahl.
62221;Vj. Index der Tarifverdienste und Arbeitszeiten;JAHR;Jahr;2023;DINSGF;Früheres Bundesgebiet / Neue Länder;DN;Neue Länder;WZ08C7;WZ2008 (ausgewählte Positionen): Tarifindex;WZ08-H;Verkehr und Lagerei;108,8;2020=100;VST072;Index d.tarifl. Stundenverdienste mit Sonderzahl.
62221;Vj. Index der Tarifverdienste und Arbeitszeiten;JAHR;Jahr;2023;DINSGF;Früheres Bundesgebiet / Neue Länder;DN;Neue Länder;WZ08C7;WZ2008 (ausgewählte Positionen): Tarifindex;WZ08-H;Verkehr und Lagerei;108,7;2020=100;VST073;Index d.tarifl. Monatsverdienste mit Sonderzahl.
62221;Vj. Index der Tarifverdienste und Arbeitszeiten;JAHR;Jahr;2023;DINSGF;Früheres Bundesgebiet / Neue Länder;DN;Neue Länder;WZ08C7;WZ2008 (ausgewählte Positionen): Tarifindex;WZ08-H;Verkehr und Lagerei;39,1;h;VST019;Durchschnittliche tarifliche Wochenarbeitszeit
62221;Vj. Index der Tarifverdienste und Arbeitszeiten;JAHR;Jahr;2023;DINSGF;Früheres Bundesgebiet / Neue Länder;DN;Neue Länder;WZ08C7;WZ2008 (ausgewählte Positionen): Tarifindex;WZ08-H;Verkehr und Lagerei;105,8;2020=100;VST066;Index d.tarifl. Monatsverdienste ohne Sonderzahl.
62221;Vj. Index der Tarifverdienste und Arbeitszeiten;JAHR;Jahr;2023;DINSGF;Früheres Bundesgebiet / Neue Länder;DN;Neue Länder;WZ08C7;WZ2008 (ausgewählte Positionen): Tarifindex;WZ08-H;Verkehr und Lagerei;99,9;2020=100;VST018;Index der tariflichen Wochenarbeitszeit
62221;Vj. Index der Tarifverdienste und Arbeitszeiten;JAHR;Jahr;2023;DINSGF;Früheres Bundesgebiet / Neue Länder;DN;Neue Länder;WZ08C7;WZ2008 (ausgewählte Positionen): Tarifindex;WZ08-H;Verkehr und Lagerei;105,8;2020=100;VST065;Index d.tarifl. Stundenverdienste ohne Sonderzahl.
62221;Vj. Index der Tarifverdienste und Arbeitszeiten;JAHR;Jahr;2023;DINSGF;Früheres Bundesgebiet / Neue Länder;DN;Neue Länder;WZ08C7;WZ2008 (ausgewählte Positionen): Tarifindex;WZ08-49;Landverkehr und Transport in Rohrfernleitungen;110,6;2020=100;VST072;Index d.tarifl. Stundenverdienste mit Sonderzahl.
62221;Vj. Index der Tarifverdienste und Arbeitszeiten;JAHR;Jahr;2023;DINSGF;Früheres Bundesgebiet / Neue Länder;DN;Neue Länder;WZ08C7;WZ2008 (ausgewählte Positionen): Tarifindex;WZ08-49;Landverkehr und Transport in Rohrfernleitungen;110,4;2020=100;VST073;Index d.tarifl. Monatsverdienste mit Sonderzahl.
62221;Vj. Index der Tarifverdienste und Arbeitszeiten;JAHR;Jahr;2023;DINSGF;Früheres Bundesgebiet / Neue Länder;DN;Neue Länder;WZ08C7;WZ2008 (ausgewählte Positionen): Tarifindex;WZ08-49;Landverkehr und Transport in Rohrfernleitungen;39,2;h;VST019;Durchschnittliche tarifliche Wochenarbeitszeit
62221;Vj. Index der Tarifverdienste und Arbeitszeiten;JAHR;Jahr;2023;DINSGF;Früheres Bundesgebiet / Neue Länder;DN;Neue Länder;WZ08C7;WZ2008 (ausgewählte Positionen): Tarifindex;WZ08-49;Landverkehr und Transport in Rohrfernleitungen;107,2;2020=100;VST066;Index d.tarifl. Monatsverdienste ohne Sonderzahl.
62221;Vj. Index der Tarifverdienste und Arbeitszeiten;JAHR;Jahr;2023;DINSGF;Früheres Bundesgebiet / Neue Länder;DN;Neue Länder;WZ08C7;WZ2008 (ausgewählte Positionen): Tarifindex;WZ08-49;Landverkehr und Transport in Rohrfernleitungen;99,8;2020=100;VST018;Index der tariflichen Wochenarbeitszeit
62221;Vj. Index der Tarifverdienste und Arbeitszeiten;JAHR;Jahr;2023;DINSGF;Früheres Bundesgebiet / Neue Länder;DN;Neue Länder;WZ08C7;WZ2008 (ausgewählte Positionen): Tarifindex;WZ08-49;Landverkehr und Transport in Rohrfernleitungen;107,4;2020=100;VST065;Index d.tarifl. Stundenverdienste ohne Sonderzahl.
62221;Vj. Index der Tarifverdienste und Arbeitszeiten;JAHR;Jahr;2024;DINSGF;Früheres Bundesgebiet / Neue Länder;DN;Neue Länder;WZ08C7;WZ2008 (ausgewählte Positionen): Tarifindex;WZ08-18;H.v. Druckerz., Vervielf.v.Ton-,Bild-,Datenträgern;111,3;2020=100;VST072;Index d.tarifl. Stundenverdienste mit Sonderzahl.
62221;Vj. Index der Tarifverdienste und Arbeitszeiten;JAHR;Jahr;2024;DINSGF;Früheres Bundesgebiet / Neue Länder;DN;Neue Länder;WZ08C7;WZ2008 (ausgewählte Positionen): Tarifindex;WZ08-18;H.v. Druckerz., Vervielf.v.Ton-,Bild-,Datenträgern;111,3;2020=100;VST073;Index d.tarifl. Monatsverdienste mit Sonderzahl.
62221;Vj. Index der Tarifverdienste und Arbeitszeiten;JAHR;Jahr;2024;DINSGF;Früheres Bundesgebiet / Neue Länder;DN;Neue Länder;WZ08C7;WZ2008 (ausgewählte Positionen): Tarifindex;WZ08-18;H.v. Druckerz., Vervielf.v.Ton-,Bild-,Datenträgern;36,2;h;VST019;Durchschnittliche tarifliche Wochenarbeitszeit
62221;Vj. Index der Tarifverdienste und Arbeitszeiten;JAHR;Jahr;2024;DINSGF;Früheres Bundesgebiet / Neue Länder;DN;Neue Länder;WZ08C7;WZ2008 (ausgewählte Positionen): Tarifindex;WZ08-18;H.v. Druckerz., Vervielf.v.Ton-,Bild-,Datenträgern;108,3;2020=100;VST066;Index d.tarifl. Monatsverdienste ohne Sonderzahl.
62221;Vj. Index der Tarifverdienste und Arbeitszeiten;JAHR;Jahr;2024;DINSGF;Früheres Bundesgebiet / Neue Länder;DN;Neue Länder;WZ08C7;WZ2008 (ausgewählte Positionen): Tarifindex;WZ08-18;H.v. Druckerz., Vervielf.v.Ton-,Bild-,Datenträgern;100,0;2020=100;VST018;Index der tariflichen Wochenarbeitszeit
62221;Vj. Index der Tarifverdienste und Arbeitszeiten;JAHR;Jahr;2024;DINSGF;Früheres Bundesgebiet / Neue Länder;DN;Neue Länder;WZ08C7;WZ2008 (ausgewählte Positionen): Tarifindex;WZ08-18;H.v. Druckerz., Vervielf.v.Ton-,Bild-,Datenträgern;108,3;2020=100;VST065;Index d.tarifl. Stundenverdienste ohne Sonderzahl.
62221;Vj. Index der Tarifverdienste und Arbeitszeiten;JAHR;Jahr;2025;DINSGF;Früheres Bundesgebiet / Neue Länder;DF;Früheres Bundesgebiet;WZ08C7;WZ2008 (ausgewählte Positionen): Tarifindex;WZ08-90;Kreative,künstlerische u.unterhaltende Tätigkeiten;113,8;2020=100;VST072;Index d.tarifl. Stundenverdienste mit Sonderzahl.
62221;Vj. Index der Tarifverdienste und Arbeitszeiten;JAHR;Jahr;2025;DINSGF;Früheres Bundesgebiet / Neue Länder;DF;Früheres Bundesgebiet;WZ08C7;WZ2008 (ausgewählte Positionen): Tarifindex;WZ08-90;Kreative,künstlerische u.unterhaltende Tätigkeiten;113,8;2020=100;VST073;Index d.tarifl. Monatsverdienste mit Sonderzahl.
62221;Vj. Index der Tarifverdienste und Arbeitszeiten;JAHR;Jahr;2025;DINSGF;Früheres Bundesgebiet / Neue Länder;DF;Früheres Bundesgebiet;WZ08C7;WZ2008 (ausgewählte Positionen): Tarifindex;WZ08-90;Kreative,künstlerische u.unterhaltende Tätigkeiten;39,2;h;VST019;Durchschnittliche tarifliche Wochenarbeitszeit
62221;Vj. Index der Tarifverdienste und Arbeitszeiten;JAHR;Jahr;2025;DINSGF;Früheres Bundesgebiet / Neue Länder;DF;Früheres Bundesgebiet;WZ08C7;WZ2008 (ausgewählte Positionen): Tarifindex;WZ08-90;Kreative,künstlerische u.unterhaltende Tätigkeiten;113,9;2020=100;VST066;Index d.tarifl. Monatsverdienste ohne Sonderzahl.
62221;Vj. Index der Tarifverdienste und Arbeitszeiten;JAHR;Jahr;2025;DINSGF;Früheres Bundesgebiet / Neue Länder;DF;Früheres Bundesgebiet;WZ08C7;WZ2008 (ausgewählte Positionen): Tarifindex;WZ08-90;Kreative,künstlerische u.unterhaltende Tätigkeiten;100,0;2020=100;VST018;Index der tariflichen Wochenarbeitszeit
62221;Vj. Index der Tarifverdienste und Arbeitszeiten;JAHR;Jahr;2025;DINSGF;Früheres Bundesgebiet / Neue Länder;DF;Früheres Bundesgebiet;WZ08C7;WZ2008 (ausgewählte Positionen): Tarifindex;WZ08-90;Kreative,künstlerische u.unterhaltende Tätigkeiten;113,9;2020=100;VST065;Index d.tarifl. Stundenverdienste ohne Sonderzahl.
62221;Vj. Index der Tarifverdienste und Arbeitszeiten;JAHR;Jahr;2022;DINSGF;Früheres Bundesgebiet / Neue Länder;DN;Neue Länder;WZ08C7;WZ2008 (ausgewählte Positionen): Tarifindex;WZ08-13;Herstellung von Textilien;106,8;2020=100;VST072;Index d.tarifl. Stundenverdienste mit Sonderzahl.
62221;Vj. Index der Tarifverdienste und Arbeitszeiten;JAHR;Jahr;2022;DINSGF;Früheres Bundesgebiet / Neue Länder;DN;Neue Länder;WZ08C7;WZ2008 (ausgewählte Positionen): Tarifindex;WZ08-13;Herstellung von Textilien;105,0;2020=100;VST073;Index d.tarifl. Monatsverdienste mit Sonderzahl.
62221;Vj. Index der Tarifverdienste und Arbeitszeiten;JAHR;Jahr;2022;DINSGF;Früheres Bundesgebiet / Neue Länder;DN;Neue Länder;WZ08C7;WZ2008 (ausgewählte Positionen): Tarifindex;WZ08-13;Herstellung von Textilien;38,9;h;VST019;Durchschnittliche tarifliche Wochenarbeitszeit
62221;Vj. Index der Tarifverdienste und Arbeitszeiten;JAHR;Jahr;2022;DINSGF;Früheres Bundesgebiet / Neue Länder;DN;Neue Länder;WZ08C7;WZ2008 (ausgewählte Positionen): Tarifindex;WZ08-13;Herstellung von Textilien;104,0;2020=100;VST066;Index d.tarifl. Monatsverdienste ohne Sonderzahl.
62221;Vj. Index der Tarifverdienste und Arbeitszeiten;JAHR;Jahr;2022;DINSGF;Früheres Bundesgebiet / Neue Länder;DN;Neue Länder;WZ08C7;WZ2008 (ausgewählte Positionen): Tarifindex;WZ08-13;Herstellung von Textilien;98,4;2020=100;VST018;Index der tariflichen Wochenarbeitszeit
62221;Vj. Index der Tarifverdienste und Arbeitszeiten;JAHR;Jahr;2022;DINSGF;Früheres Bundesgebiet / Neue Länder;DN;Neue Länder;WZ08C7;WZ2008 (ausgewählte Positionen): Tarifindex;WZ08-13;Herstellung von Textilien;105,7;2020=100;VST065;Index d.tarifl. Stundenverdienste ohne Sonderzahl.
62221;Vj. Index der Tarifverdienste und Arbeitszeiten;JAHR;Jahr;2018;DINSGF;Früheres Bundesgebiet / Neue Länder;DF;Früheres Bundesgebiet;WZ08C7;WZ2008 (ausgewählte Positionen): Tarifindex;WZ08-80;Wach- und Sicherheitsdienste sowie Detekteien;92,4;2020=100;VST072;Index d.tarifl. Stundenverdienste mit Sonderzahl.
62221;Vj. Index der Tarifverdienste und Arbeitszeiten;JAHR;Jahr;2018;DINSGF;Früheres Bundesgebiet / Neue Länder;DF;Früheres Bundesgebiet;WZ08C7;WZ2008 (ausgewählte Positionen): Tarifindex;WZ08-80;Wach- und Sicherheitsdienste sowie Detekteien;92,4;2020=100;VST073;Index d.tarifl. Monatsverdienste mit Sonderzahl.
62221;Vj. Index der Tarifverdienste und Arbeitszeiten;JAHR;Jahr;2018;DINSGF;Früheres Bundesgebiet / Neue Länder;DF;Früheres Bundesgebiet;WZ08C7;WZ2008 (ausgewählte Positionen): Tarifindex;WZ08-80;Wach- und Sicherheitsdienste sowie Detekteien;40,0;h;VST019;Durchschnittliche tarifliche Wochenarbeitszeit
62221;Vj. Index der Tarifverdienste und Arbeitszeiten;JAHR;Jahr;2018;DINSGF;Früheres Bundesgebiet / Neue Länder;DF;Früheres Bundesgebiet;WZ08C7;WZ2008 (ausgewählte Positionen): Tarifindex;WZ08-80;Wach- und Sicherheitsdienste sowie Detekteien;92,4;2020=100;VST066;Index d.tarifl. Monatsverdienste ohne Sonderzahl.
62221;Vj. Index der Tarifverdienste und Arbeitszeiten;JAHR;Jahr;2018;DINSGF;Früheres Bundesgebiet / Neue Länder;DF;Früheres Bundesgebiet;WZ08C7;WZ2008 (ausgewählte Positionen): Tarifindex;WZ08-80;Wach- und Sicherheitsdienste sowie Detekteien;100,0;2020=100;VST018;Index der tariflichen Wochenarbeitszeit
62221;Vj. Index der Tarifverdienste und Arbeitszeiten;JAHR;Jahr;2018;DINSGF;Früheres Bundesgebiet / Neue Länder;DF;Früheres Bundesgebiet;WZ08C7;WZ2008 (ausgewählte Positionen): Tarifindex;WZ08-80;Wach- und Sicherheitsdienste sowie Detekteien;92,4;2020=100;VST065;Index d.tarifl. Stundenverdienste ohne Sonderzahl.
62221;Vj. Index der Tarifverdienste und Arbeitszeiten;JAHR;Jahr;2023;DINSGF;Früheres Bundesgebiet / Neue Länder;DF;Früheres Bundesgebiet;WZ08C7;WZ2008 (ausgewählte Positionen): Tarifindex;WZ08-P;Erziehung und Unterricht;105,2;2020=100;VST072;Index d.tarifl. Stundenverdienste mit Sonderzahl.
62221;Vj. Index der Tarifverdienste und Arbeitszeiten;JAHR;Jahr;2023;DINSGF;Früheres Bundesgebiet / Neue Länder;DF;Früheres Bundesgebiet;WZ08C7;WZ2008 (ausgewählte Positionen): Tarifindex;WZ08-P;Erziehung und Unterricht;105,2;2020=100;VST073;Index d.tarifl. Monatsverdienste mit Sonderzahl.
62221;Vj. Index der Tarifverdienste und Arbeitszeiten;JAHR;Jahr;2023;DINSGF;Früheres Bundesgebiet / Neue Länder;DF;Früheres Bundesgebiet;WZ08C7;WZ2008 (ausgewählte Positionen): Tarifindex;WZ08-P;Erziehung und Unterricht;40,1;h;VST019;Durchschnittliche tarifliche Wochenarbeitszeit
62221;Vj. Index der Tarifverdienste und Arbeitszeiten;JAHR;Jahr;2023;DINSGF;Früheres Bundesgebiet / Neue Länder;DF;Früheres Bundesgebiet;WZ08C7;WZ2008 (ausgewählte Positionen): Tarifindex;WZ08-P;Erziehung und Unterricht;104,5;2020=100;VST066;Index d.tarifl. Monatsverdienste ohne Sonderzahl.
62221;Vj. Index der Tarifverdienste und Arbeitszeiten;JAHR;Jahr;2023;DINSGF;Früheres Bundesgebiet / Neue Länder;DF;Früheres Bundesgebiet;WZ08C7;WZ2008 (ausgewählte Positionen): Tarifindex;WZ08-P;Erziehung und Unterricht;100,0;2020=100;VST018;Index der tariflichen Wochenarbeitszeit
62221;Vj. Index der Tarifverdienste und Arbeitszeiten;JAHR;Jahr;2023;DINSGF;Früheres Bundesgebiet / Neue Länder;DF;Früheres Bundesgebiet;WZ08C7;WZ2008 (ausgewählte Positionen): Tarifindex;WZ08-P;Erziehung und Unterricht;104,5;2020=100;VST065;Index d.tarifl. Stundenverdienste ohne Sonderzahl.
62221;Vj. Index der Tarifverdienste und Arbeitszeiten;JAHR;Jahr;2021;DINSGF;Früheres Bundesgebiet / Neue Länder;DN;Neue Länder;WZ08C7;WZ2008 (ausgewählte Positionen): Tarifindex;WZ08-94;Interessenvertr., kirchl. u. sonst. Vereinigungen;101,8;2020=100;VST072;Index d.tarifl. Stundenverdienste mit Sonderzahl.
62221;Vj. Index der Tarifverdienste und Arbeitszeiten;JAHR;Jahr;2021;DINSGF;Früheres Bundesgebiet / Neue Länder;DN;Neue Länder;WZ08C7;WZ2008 (ausgewählte Positionen): Tarifindex;WZ08-94;Interessenvertr., kirchl. u. sonst. Vereinigungen;101,8;2020=100;VST073;Index d.tarifl. Monatsverdienste mit Sonderzahl.
62221;Vj. Index der Tarifverdienste und Arbeitszeiten;JAHR;Jahr;2021;DINSGF;Früheres Bundesgebiet / Neue Länder;DN;Neue Länder;WZ08C7;WZ2008 (ausgewählte Positionen): Tarifindex;WZ08-94;Interessenvertr., kirchl. u. sonst. Vereinigungen;39,7;h;VST019;Durchschnittliche tarifliche Wochenarbeitszeit
62221;Vj. Index der Tarifverdienste und Arbeitszeiten;JAHR;Jahr;2021;DINSGF;Früheres Bundesgebiet / Neue Länder;DN;Neue Länder;WZ08C7;WZ2008 (ausgewählte Positionen): Tarifindex;WZ08-94;Interessenvertr., kirchl. u. sonst. Vereinigungen;101,8;2020=100;VST066;Index d.tarifl. Monatsverdienste ohne Sonderzahl.
62221;Vj. Index der Tarifverdienste und Arbeitszeiten;JAHR;Jahr;2021;DINSGF;Früheres Bundesgebiet / Neue Länder;DN;Neue Länder;WZ08C7;WZ2008 (ausgewählte Positionen): Tarifindex;WZ08-94;Interessenvertr., kirchl. u. sonst. Vereinigungen;100,0;2020=100;VST018;Index der tariflichen Wochenarbeitszeit
62221;Vj. Index der Tarifverdienste und Arbeitszeiten;JAHR;Jahr;2021;DINSGF;Früheres Bundesgebiet / Neue Länder;DN;Neue Länder;WZ08C7;WZ2008 (ausgewählte Positionen): Tarifindex;WZ08-94;Interessenvertr., kirchl. u. sonst. Vereinigungen;101,8;2020=100;VST065;Index d.tarifl. Stundenverdienste ohne Sonderzahl.
62221;Vj. Index der Tarifverdienste und Arbeitszeiten;JAHR;Jahr;2022;DINSGF;Früheres Bundesgebiet / Neue Länder;DF;Früheres Bundesgebiet;WZ08C7;WZ2008 (ausgewählte Positionen): Tarifindex;WZ08-75;Veterinärwesen;106,1;2020=100;VST072;Index d.tarifl. Stundenverdienste mit Sonderzahl.
62221;Vj. Index der Tarifverdienste und Arbeitszeiten;JAHR;Jahr;2022;DINSGF;Früheres Bundesgebiet / Neue Länder;DF;Früheres Bundesgebiet;WZ08C7;WZ2008 (ausgewählte Positionen): Tarifindex;WZ08-75;Veterinärwesen;106,1;2020=100;VST073;Index d.tarifl. Monatsverdienste mit Sonderzahl.
62221;Vj. Index der Tarifverdienste und Arbeitszeiten;JAHR;Jahr;2022;DINSGF;Früheres Bundesgebiet / Neue Länder;DF;Früheres Bundesgebiet;WZ08C7;WZ2008 (ausgewählte Positionen): Tarifindex;WZ08-75;Veterinärwesen;39,9;h;VST019;Durchschnittliche tarifliche Wochenarbeitszeit
62221;Vj. Index der Tarifverdienste und Arbeitszeiten;JAHR;Jahr;2022;DINSGF;Früheres Bundesgebiet / Neue Länder;DF;Früheres Bundesgebiet;WZ08C7;WZ2008 (ausgewählte Positionen): Tarifindex;WZ08-75;Veterinärwesen;105,5;2020=100;VST066;Index d.tarifl. Monatsverdienste ohne Sonderzahl.
62221;Vj. Index der Tarifverdienste und Arbeitszeiten;JAHR;Jahr;2022;DINSGF;Früheres Bundesgebiet / Neue Länder;DF;Früheres Bundesgebiet;WZ08C7;WZ2008 (ausgewählte Positionen): Tarifindex;WZ08-75;Veterinärwesen;100,0;2020=100;VST018;Index der tariflichen Wochenarbeitszeit
62221;Vj. Index der Tarifverdienste und Arbeitszeiten;JAHR;Jahr;2022;DINSGF;Früheres Bundesgebiet / Neue Länder;DF;Früheres Bundesgebiet;WZ08C7;WZ2008 (ausgewählte Positionen): Tarifindex;WZ08-75;Veterinärwesen;105,5;2020=100;VST065;Index d.tarifl. Stundenverdienste ohne Sonderzahl.
62221;Vj. Index der Tarifverdienste und Arbeitszeiten;JAHR;Jahr;2016;DINSGF;Früheres Bundesgebiet / Neue Länder;DF;Früheres Bundesgebiet;WZ08C7;WZ2008 (ausgewählte Positionen): Tarifindex;WZ08-17;Herstellung von Papier, Pappe und Waren daraus;90,8;2020=100;VST072;Index d.tarifl. Stundenverdienste mit Sonderzahl.
62221;Vj. Index der Tarifverdienste und Arbeitszeiten;JAHR;Jahr;2016;DINSGF;Früheres Bundesgebiet / Neue Länder;DF;Früheres Bundesgebiet;WZ08C7;WZ2008 (ausgewählte Positionen): Tarifindex;WZ08-17;Herstellung von Papier, Pappe und Waren daraus;90,8;2020=100;VST073;Index d.tarifl. Monatsverdienste mit Sonderzahl.
62221;Vj. Index der Tarifverdienste und Arbeitszeiten;JAHR;Jahr;2016;DINSGF;Früheres Bundesgebiet / Neue Länder;DF;Früheres Bundesgebiet;WZ08C7;WZ2008 (ausgewählte Positionen): Tarifindex;WZ08-17;Herstellung von Papier, Pappe und Waren daraus;36,8;h;VST019;Durchschnittliche tarifliche Wochenarbeitszeit
62221;Vj. Index der Tarifverdienste und Arbeitszeiten;JAHR;Jahr;2016;DINSGF;Früheres Bundesgebiet / Neue Länder;DF;Früheres Bundesgebiet;WZ08C7;WZ2008 (ausgewählte Positionen): Tarifindex;WZ08-17;Herstellung von Papier, Pappe und Waren daraus;92,0;2020=100;VST066;Index d.tarifl. Monatsverdienste ohne Sonderzahl.
62221;Vj. Index der Tarifverdienste und Arbeitszeiten;JAHR;Jahr;2016;DINSGF;Früheres Bundesgebiet / Neue Länder;DF;Früheres Bundesgebiet;WZ08C7;WZ2008 (ausgewählte Positionen): Tarifindex;WZ08-17;Herstellung von Papier, Pappe und Waren daraus;100,0;2020=100;VST018;Index der tariflichen Wochenarbeitszeit
62221;Vj. Index der Tarifverdienste und Arbeitszeiten;JAHR;Jahr;2016;DINSGF;Früheres Bundesgebiet / Neue Länder;DF;Früheres Bundesgebiet;WZ08C7;WZ2008 (ausgewählte Positionen): Tarifindex;WZ08-17;Herstellung von Papier, Pappe und Waren daraus;92,0;2020=100;VST065;Index d.tarifl. Stundenverdienste ohne Sonderzahl.
62221;Vj. Index der Tarifverdienste und Arbeitszeiten;JAHR;Jahr;2025;DINSGF;Früheres Bundesgebiet / Neue Länder;DN;Neue Länder;WZ08C7;WZ2008 (ausgewählte Positionen): Tarifindex;WZ08-20-01;Chemische Industrie;117,5;2020=100;VST072;Index d.tarifl. Stundenverdienste mit Sonderzahl.
62221;Vj. Index der Tarifverdienste und Arbeitszeiten;JAHR;Jahr;2025;DINSGF;Früheres Bundesgebiet / Neue Länder;DN;Neue Länder;WZ08C7;WZ2008 (ausgewählte Positionen): Tarifindex;WZ08-20-01;Chemische Industrie;115,0;2020=100;VST073;Index d.tarifl. Monatsverdienste mit Sonderzahl.
62221;Vj. Index der Tarifverdienste und Arbeitszeiten;JAHR;Jahr;2025;DINSGF;Früheres Bundesgebiet / Neue Länder;DN;Neue Länder;WZ08C7;WZ2008 (ausgewählte Positionen): Tarifindex;WZ08-20-01;Chemische Industrie;38,4;h;VST019;Durchschnittliche tarifliche Wochenarbeitszeit
62221;Vj. Index der Tarifverdienste und Arbeitszeiten;JAHR;Jahr;2025;DINSGF;Früheres Bundesgebiet / Neue Länder;DN;Neue Länder;WZ08C7;WZ2008 (ausgewählte Positionen): Tarifindex;WZ08-20-01;Chemische Industrie;114,2;2020=100;VST066;Index d.tarifl. Monatsverdienste ohne Sonderzahl.
62221;Vj. Index der Tarifverdienste und Arbeitszeiten;JAHR;Jahr;2025;DINSGF;Früheres Bundesgebiet / Neue Länder;DN;Neue Länder;WZ08C7;WZ2008 (ausgewählte Positionen): Tarifindex;WZ08-20-01;Chemische Industrie;98,0;2020=100;VST018;Index der tariflichen Wochenarbeitszeit
62221;Vj. Index der Tarifverdienste und Arbeitszeiten;JAHR;Jahr;2025;DINSGF;Früheres Bundesgebiet / Neue Länder;DN;Neue Länder;WZ08C7;WZ2008 (ausgewählte Positionen): Tarifindex;WZ08-20-01;Chemische Industrie;116,7;2020=100;VST065;Index d.tarifl. Stundenverdienste ohne Sonderzahl.
62221;Vj. Index der Tarifverdienste und Arbeitszeiten;JAHR;Jahr;2023;DINSGF;Früheres Bundesgebiet / Neue Länder;DN;Neue Länder;WZ08C7;WZ2008 (ausgewählte Positionen): Tarifindex;WZ08-A-03;Gesamtwirtschaft;107,6;2020=100;VST072;Index d.tarifl. Stundenverdienste mit Sonderzahl.
62221;Vj. Index der Tarifverdienste und Arbeitszeiten;JAHR;Jahr;2023;DINSGF;Früheres Bundesgebiet / Neue Länder;DN;Neue Länder;WZ08C7;WZ2008 (ausgewählte Positionen): Tarifindex;WZ08-A-03;Gesamtwirtschaft;107,5;2020=100;VST073;Index d.tarifl. Monatsverdienste mit Sonderzahl.
62221;Vj. Index der Tarifverdienste und Arbeitszeiten;JAHR;Jahr;2023;DINSGF;Früheres Bundesgebiet / Neue Länder;DN;Neue Länder;WZ08C7;WZ2008 (ausgewählte Positionen): Tarifindex;WZ08-A-03;Gesamtwirtschaft;39,1;h;VST019;Durchschnittliche tarifliche Wochenarbeitszeit
62221;Vj. Index der Tarifverdienste und Arbeitszeiten;JAHR;Jahr;2023;DINSGF;Früheres Bundesgebiet / Neue Länder;DN;Neue Länder;WZ08C7;WZ2008 (ausgewählte Positionen): Tarifindex;WZ08-A-03;Gesamtwirtschaft;105,8;2020=100;VST066;Index d.tarifl. Monatsverdienste ohne Sonderzahl.
62221;Vj. Index der Tarifverdienste und Arbeitszeiten;JAHR;Jahr;2023;DINSGF;Früheres Bundesgebiet / Neue Länder;DN;Neue Länder;WZ08C7;WZ2008 (ausgewählte Positionen): Tarifindex;WZ08-A-03;Gesamtwirtschaft;99,9;2020=100;VST018;Index der tariflichen Wochenarbeitszeit
62221;Vj. Index der Tarifverdienste und Arbeitszeiten;JAHR;Jahr;2023;DINSGF;Früheres Bundesgebiet / Neue Länder;DN;Neue Länder;WZ08C7;WZ2008 (ausgewählte Positionen): Tarifindex;WZ08-A-03;Gesamtwirtschaft;105,9;2020=100;VST065;Index d.tarifl. Stundenverdienste ohne Sonderzahl.
62221;Vj. Index der Tarifverdienste und Arbeitszeiten;JAHR;Jahr;2017;DINSGF;Früheres Bundesgebiet / Neue Länder;DF;Früheres Bundesgebiet;WZ08C7;WZ2008 (ausgewählte Positionen): Tarifindex;WZ08-23;H.v.Glas,-waren,Keramik,Verarb. v.Steinen u.Erden;92,6;2020=100;VST072;Index d.tarifl. Stundenverdienste mit Sonderzahl.
62221;Vj. Index der Tarifverdienste und Arbeitszeiten;JAHR;Jahr;2017;DINSGF;Früheres Bundesgebiet / Neue Länder;DF;Früheres Bundesgebiet;WZ08C7;WZ2008 (ausgewählte Positionen): Tarifindex;WZ08-23;H.v.Glas,-waren,Keramik,Verarb. v.Steinen u.Erden;92,6;2020=100;VST073;Index d.tarifl. Monatsverdienste mit Sonderzahl.
62221;Vj. Index der Tarifverdienste und Arbeitszeiten;JAHR;Jahr;2017;DINSGF;Früheres Bundesgebiet / Neue Länder;DF;Früheres Bundesgebiet;WZ08C7;WZ2008 (ausgewählte Positionen): Tarifindex;WZ08-23;H.v.Glas,-waren,Keramik,Verarb. v.Steinen u.Erden;37,9;h;VST019;Durchschnittliche tarifliche Wochenarbeitszeit
62221;Vj. Index der Tarifverdienste und Arbeitszeiten;JAHR;Jahr;2017;DINSGF;Früheres Bundesgebiet / Neue Länder;DF;Früheres Bundesgebiet;WZ08C7;WZ2008 (ausgewählte Positionen): Tarifindex;WZ08-23;H.v.Glas,-waren,Keramik,Verarb. v.Steinen u.Erden;93,5;2020=100;VST066;Index d.tarifl. Monatsverdienste ohne Sonderzahl.
62221;Vj. Index der Tarifverdienste und Arbeitszeiten;JAHR;Jahr;2017;DINSGF;Früheres Bundesgebiet / Neue Länder;DF;Früheres Bundesgebiet;WZ08C7;WZ2008 (ausgewählte Positionen): Tarifindex;WZ08-23;H.v.Glas,-waren,Keramik,Verarb. v.Steinen u.Erden;100,0;2020=100;VST018;Index der tariflichen Wochenarbeitszeit
62221;Vj. Index der Tarifverdienste und Arbeitszeiten;JAHR;Jahr;2017;DINSGF;Früheres Bundesgebiet / Neue Länder;DF;Früheres Bundesgebiet;WZ08C7;WZ2008 (ausgewählte Positionen): Tarifindex;WZ08-23;H.v.Glas,-waren,Keramik,Verarb. v.Steinen u.Erden;93,5;2020=100;VST065;Index d.tarifl. Stundenverdienste ohne Sonderzahl.
62221;Vj. Index der Tarifverdienste und Arbeitszeiten;JAHR;Jahr;2019;DINSGF;Früheres Bundesgebiet / Neue Länder;DN;Neue Länder;WZ08C7;WZ2008 (ausgewählte Positionen): Tarifindex;WZ08-I;Gastgewerbe;96,9;2020=100;VST072;Index d.tarifl. Stundenverdienste mit Sonderzahl.
62221;Vj. Index der Tarifverdienste und Arbeitszeiten;JAHR;Jahr;2019;DINSGF;Früheres Bundesgebiet / Neue Länder;DN;Neue Länder;WZ08C7;WZ2008 (ausgewählte Positionen): Tarifindex;WZ08-I;Gastgewerbe;96,9;2020=100;VST073;Index d.tarifl. Monatsverdienste mit Sonderzahl.
62221;Vj. Index der Tarifverdienste und Arbeitszeiten;JAHR;Jahr;2019;DINSGF;Früheres Bundesgebiet / Neue Länder;DN;Neue Länder;WZ08C7;WZ2008 (ausgewählte Positionen): Tarifindex;WZ08-I;Gastgewerbe;39,5;h;VST019;Durchschnittliche tarifliche Wochenarbeitszeit
62221;Vj. Index der Tarifverdienste und Arbeitszeiten;JAHR;Jahr;2019;DINSGF;Früheres Bundesgebiet / Neue Länder;DN;Neue Länder;WZ08C7;WZ2008 (ausgewählte Positionen): Tarifindex;WZ08-I;Gastgewerbe;96,5;2020=100;VST066;Index d.tarifl. Monatsverdienste ohne Sonderzahl.
62221;Vj. Index der Tarifverdienste und Arbeitszeiten;JAHR;Jahr;2019;DINSGF;Früheres Bundesgebiet / Neue Länder;DN;Neue Länder;WZ08C7;WZ2008 (ausgewählte Positionen): Tarifindex;WZ08-I;Gastgewerbe;100,0;2020=100;VST018;Index der tariflichen Wochenarbeitszeit
62221;Vj. Index der Tarifverdienste und Arbeitszeiten;JAHR;Jahr;2019;DINSGF;Früheres Bundesgebiet / Neue Länder;DN;Neue Länder;WZ08C7;WZ2008 (ausgewählte Positionen): Tarifindex;WZ08-I;Gastgewerbe;96,5;2020=100;VST065;Index d.tarifl. Stundenverdienste ohne Sonderzahl.
62221;Vj. Index der Tarifverdienste und Arbeitszeiten;JAHR;Jahr;2021;DINSGF;Früheres Bundesgebiet / Neue Länder;DF;Früheres Bundesgebiet;WZ08C7;WZ2008 (ausgewählte Positionen): Tarifindex;WZ08-18;H.v. Druckerz., Vervielf.v.Ton-,Bild-,Datenträgern;101,3;2020=100;VST072;Index d.tarifl. Stundenverdienste mit Sonderzahl.
62221;Vj. Index der Tarifverdienste und Arbeitszeiten;JAHR;Jahr;2021;DINSGF;Früheres Bundesgebiet / Neue Länder;DF;Früheres Bundesgebiet;WZ08C7;WZ2008 (ausgewählte Positionen): Tarifindex;WZ08-18;H.v. Druckerz., Vervielf.v.Ton-,Bild-,Datenträgern;101,3;2020=100;VST073;Index d.tarifl. Monatsverdienste mit Sonderzahl.
62221;Vj. Index der Tarifverdienste und Arbeitszeiten;JAHR;Jahr;2021;DINSGF;Früheres Bundesgebiet / Neue Länder;DF;Früheres Bundesgebiet;WZ08C7;WZ2008 (ausgewählte Positionen): Tarifindex;WZ08-18;H.v. Druckerz., Vervielf.v.Ton-,Bild-,Datenträgern;35,3;h;VST019;Durchschnittliche tarifliche Wochenarbeitszeit
62221;Vj. Index der Tarifverdienste und Arbeitszeiten;JAHR;Jahr;2021;DINSGF;Früheres Bundesgebiet / Neue Länder;DF;Früheres Bundesgebiet;WZ08C7;WZ2008 (ausgewählte Positionen): Tarifindex;WZ08-18;H.v. Druckerz., Vervielf.v.Ton-,Bild-,Datenträgern;101,4;2020=100;VST066;Index d.tarifl. Monatsverdienste ohne Sonderzahl.
62221;Vj. Index der Tarifverdienste und Arbeitszeiten;JAHR;Jahr;2021;DINSGF;Früheres Bundesgebiet / Neue Länder;DF;Früheres Bundesgebiet;WZ08C7;WZ2008 (ausgewählte Positionen): Tarifindex;WZ08-18;H.v. Druckerz., Vervielf.v.Ton-,Bild-,Datenträgern;100,0;2020=100;VST018;Index der tariflichen Wochenarbeitszeit
62221;Vj. Index der Tarifverdienste und Arbeitszeiten;JAHR;Jahr;2021;DINSGF;Früheres Bundesgebiet / Neue Länder;DF;Früheres Bundesgebiet;WZ08C7;WZ2008 (ausgewählte Positionen): Tarifindex;WZ08-18;H.v. Druckerz., Vervielf.v.Ton-,Bild-,Datenträgern;101,4;2020=100;VST065;Index d.tarifl. Stundenverdienste ohne Sonderzahl.
62221;Vj. Index der Tarifverdienste und Arbeitszeiten;JAHR;Jahr;2020;DINSGF;Früheres Bundesgebiet / Neue Länder;DN;Neue Länder;WZ08C7;WZ2008 (ausgewählte Positionen): Tarifindex;WZ08-37;Abwasserentsorgung;100,0;2020=100;VST072;Index d.tarifl. Stundenverdienste mit Sonderzahl.
62221;Vj. Index der Tarifverdienste und Arbeitszeiten;JAHR;Jahr;2020;DINSGF;Früheres Bundesgebiet / Neue Länder;DN;Neue Länder;WZ08C7;WZ2008 (ausgewählte Positionen): Tarifindex;WZ08-37;Abwasserentsorgung;100,0;2020=100;VST073;Index d.tarifl. Monatsverdienste mit Sonderzahl.
62221;Vj. Index der Tarifverdienste und Arbeitszeiten;JAHR;Jahr;2020;DINSGF;Früheres Bundesgebiet / Neue Länder;DN;Neue Länder;WZ08C7;WZ2008 (ausgewählte Positionen): Tarifindex;WZ08-37;Abwasserentsorgung;39,0;h;VST019;Durchschnittliche tarifliche Wochenarbeitszeit
62221;Vj. Index der Tarifverdienste und Arbeitszeiten;JAHR;Jahr;2020;DINSGF;Früheres Bundesgebiet / Neue Länder;DN;Neue Länder;WZ08C7;WZ2008 (ausgewählte Positionen): Tarifindex;WZ08-37;Abwasserentsorgung;100,0;2020=100;VST066;Index d.tarifl. Monatsverdienste ohne Sonderzahl.
62221;Vj. Index der Tarifverdienste und Arbeitszeiten;JAHR;Jahr;2020;DINSGF;Früheres Bundesgebiet / Neue Länder;DN;Neue Länder;WZ08C7;WZ2008 (ausgewählte Positionen): Tarifindex;WZ08-37;Abwasserentsorgung;100,0;2020=100;VST018;Index der tariflichen Wochenarbeitszeit
62221;Vj. Index der Tarifverdienste und Arbeitszeiten;JAHR;Jahr;2020;DINSGF;Früheres Bundesgebiet / Neue Länder;DN;Neue Länder;WZ08C7;WZ2008 (ausgewählte Positionen): Tarifindex;WZ08-37;Abwasserentsorgung;100,0;2020=100;VST065;Index d.tarifl. Stundenverdienste ohne Sonderzahl.
62221;Vj. Index der Tarifverdienste und Arbeitszeiten;JAHR;Jahr;2021;DINSGF;Früheres Bundesgebiet / Neue Länder;DF;Früheres Bundesgebiet;WZ08C7;WZ2008 (ausgewählte Positionen): Tarifindex;WZ08-D-05;Energie- und Wasserversorgung, Entsorgung u.a.;101,4;2020=100;VST072;Index d.tarifl. Stundenverdienste mit Sonderzahl.
62221;Vj. Index der Tarifverdienste und Arbeitszeiten;JAHR;Jahr;2021;DINSGF;Früheres Bundesgebiet / Neue Länder;DF;Früheres Bundesgebiet;WZ08C7;WZ2008 (ausgewählte Positionen): Tarifindex;WZ08-D-05;Energie- und Wasserversorgung, Entsorgung u.a.;101,4;2020=100;VST073;Index d.tarifl. Monatsverdienste mit Sonderzahl.
62221;Vj. Index der Tarifverdienste und Arbeitszeiten;JAHR;Jahr;2021;DINSGF;Früheres Bundesgebiet / Neue Länder;DF;Früheres Bundesgebiet;WZ08C7;WZ2008 (ausgewählte Positionen): Tarifindex;WZ08-D-05;Energie- und Wasserversorgung, Entsorgung u.a.;38,5;h;VST019;Durchschnittliche tarifliche Wochenarbeitszeit
62221;Vj. Index der Tarifverdienste und Arbeitszeiten;JAHR;Jahr;2021;DINSGF;Früheres Bundesgebiet / Neue Länder;DF;Früheres Bundesgebiet;WZ08C7;WZ2008 (ausgewählte Positionen): Tarifindex;WZ08-D-05;Energie- und Wasserversorgung, Entsorgung u.a.;101,6;2020=100;VST066;Index d.tarifl. Monatsverdienste ohne Sonderzahl.
62221;Vj. Index der Tarifverdienste und Arbeitszeiten;JAHR;Jahr;2021;DINSGF;Früheres Bundesgebiet / Neue Länder;DF;Früheres Bundesgebiet;WZ08C7;WZ2008 (ausgewählte Positionen): Tarifindex;WZ08-D-05;Energie- und Wasserversorgung, Entsorgung u.a.;100,0;2020=100;VST018;Index der tariflichen Wochenarbeitszeit
62221;Vj. Index der Tarifverdienste und Arbeitszeiten;JAHR;Jahr;2021;DINSGF;Früheres Bundesgebiet / Neue Länder;DF;Früheres Bundesgebiet;WZ08C7;WZ2008 (ausgewählte Positionen): Tarifindex;WZ08-D-05;Energie- und Wasserversorgung, Entsorgung u.a.;101,6;2020=100;VST065;Index d.tarifl. Stundenverdienste ohne Sonderzahl.
62221;Vj. Index der Tarifverdienste und Arbeitszeiten;JAHR;Jahr;2022;DINSGF;Früheres Bundesgebiet / Neue Länder;DN;Neue Länder;WZ08C7;WZ2008 (ausgewählte Positionen): Tarifindex;WZ-X004;Verbrauchsgüterproduzenten;105,4;2020=100;VST072;Index d.tarifl. Stundenverdienste mit Sonderzahl.
62221;Vj. Index der Tarifverdienste und Arbeitszeiten;JAHR;Jahr;2022;DINSGF;Früheres Bundesgebiet / Neue Länder;DN;Neue Länder;WZ08C7;WZ2008 (ausgewählte Positionen): Tarifindex;WZ-X004;Verbrauchsgüterproduzenten;105,3;2020=100;VST073;Index d.tarifl. Monatsverdienste mit Sonderzahl.
62221;Vj. Index der Tarifverdienste und Arbeitszeiten;JAHR;Jahr;2022;DINSGF;Früheres Bundesgebiet / Neue Länder;DN;Neue Länder;WZ08C7;WZ2008 (ausgewählte Positionen): Tarifindex;WZ-X004;Verbrauchsgüterproduzenten;38,6;h;VST019;Durchschnittliche tarifliche Wochenarbeitszeit
62221;Vj. Index der Tarifverdienste und Arbeitszeiten;JAHR;Jahr;2022;DINSGF;Früheres Bundesgebiet / Neue Länder;DN;Neue Länder;WZ08C7;WZ2008 (ausgewählte Positionen): Tarifindex;WZ-X004;Verbrauchsgüterproduzenten;105,3;2020=100;VST066;Index d.tarifl. Monatsverdienste ohne Sonderzahl.
62221;Vj. Index der Tarifverdienste und Arbeitszeiten;JAHR;Jahr;2022;DINSGF;Früheres Bundesgebiet / Neue Länder;DN;Neue Länder;WZ08C7;WZ2008 (ausgewählte Positionen): Tarifindex;WZ-X004;Verbrauchsgüterproduzenten;100,0;2020=100;VST018;Index der tariflichen Wochenarbeitszeit
62221;Vj. Index der Tarifverdienste und Arbeitszeiten;JAHR;Jahr;2022;DINSGF;Früheres Bundesgebiet / Neue Länder;DN;Neue Länder;WZ08C7;WZ2008 (ausgewählte Positionen): Tarifindex;WZ-X004;Verbrauchsgüterproduzenten;105,4;2020=100;VST065;Index d.tarifl. Stundenverdienste ohne Sonderzahl.
62221;Vj. Index der Tarifverdienste und Arbeitszeiten;JAHR;Jahr;2017;DINSGF;Früheres Bundesgebiet / Neue Länder;DF;Früheres Bundesgebiet;WZ08C7;WZ2008 (ausgewählte Positionen): Tarifindex;WZ08-74;Sonst. freiberufl.,wissenschaftl. u. techn.Tätigk.;92,9;2020=100;VST072;Index d.tarifl. Stundenverdienste mit Sonderzahl.
62221;Vj. Index der Tarifverdienste und Arbeitszeiten;JAHR;Jahr;2017;DINSGF;Früheres Bundesgebiet / Neue Länder;DF;Früheres Bundesgebiet;WZ08C7;WZ2008 (ausgewählte Positionen): Tarifindex;WZ08-74;Sonst. freiberufl.,wissenschaftl. u. techn.Tätigk.;92,9;2020=100;VST073;Index d.tarifl. Monatsverdienste mit Sonderzahl.
62221;Vj. Index der Tarifverdienste und Arbeitszeiten;JAHR;Jahr;2017;DINSGF;Früheres Bundesgebiet / Neue Länder;DF;Früheres Bundesgebiet;WZ08C7;WZ2008 (ausgewählte Positionen): Tarifindex;WZ08-74;Sonst. freiberufl.,wissenschaftl. u. techn.Tätigk.;38,4;h;VST019;Durchschnittliche tarifliche Wochenarbeitszeit
62221;Vj. Index der Tarifverdienste und Arbeitszeiten;JAHR;Jahr;2017;DINSGF;Früheres Bundesgebiet / Neue Länder;DF;Früheres Bundesgebiet;WZ08C7;WZ2008 (ausgewählte Positionen): Tarifindex;WZ08-74;Sonst. freiberufl.,wissenschaftl. u. techn.Tätigk.;93,3;2020=100;VST066;Index d.tarifl. Monatsverdienste ohne Sonderzahl.
62221;Vj. Index der Tarifverdienste und Arbeitszeiten;JAHR;Jahr;2017;DINSGF;Früheres Bundesgebiet / Neue Länder;DF;Früheres Bundesgebiet;WZ08C7;WZ2008 (ausgewählte Positionen): Tarifindex;WZ08-74;Sonst. freiberufl.,wissenschaftl. u. techn.Tätigk.;100,0;2020=100;VST018;Index der tariflichen Wochenarbeitszeit
62221;Vj. Index der Tarifverdienste und Arbeitszeiten;JAHR;Jahr;2017;DINSGF;Früheres Bundesgebiet / Neue Länder;DF;Früheres Bundesgebiet;WZ08C7;WZ2008 (ausgewählte Positionen): Tarifindex;WZ08-74;Sonst. freiberufl.,wissenschaftl. u. techn.Tätigk.;93,3;2020=100;VST065;Index d.tarifl. Stundenverdienste ohne Sonderzahl.
62221;Vj. Index der Tarifverdienste und Arbeitszeiten;JAHR;Jahr;2016;DINSGF;Früheres Bundesgebiet / Neue Länder;DN;Neue Länder;WZ08C7;WZ2008 (ausgewählte Positionen): Tarifindex;WZ08-31-01;Möbelherstellung, Installation von Maschinen;89,7;2020=100;VST072;Index d.tarifl. Stundenverdienste mit Sonderzahl.
62221;Vj. Index der Tarifverdienste und Arbeitszeiten;JAHR;Jahr;2016;DINSGF;Früheres Bundesgebiet / Neue Länder;DN;Neue Länder;WZ08C7;WZ2008 (ausgewählte Positionen): Tarifindex;WZ08-31-01;Möbelherstellung, Installation von Maschinen;89,8;2020=100;VST073;Index d.tarifl. Monatsverdienste mit Sonderzahl.
62221;Vj. Index der Tarifverdienste und Arbeitszeiten;JAHR;Jahr;2016;DINSGF;Früheres Bundesgebiet / Neue Länder;DN;Neue Länder;WZ08C7;WZ2008 (ausgewählte Positionen): Tarifindex;WZ08-31-01;Möbelherstellung, Installation von Maschinen;38,3;h;VST019;Durchschnittliche tarifliche Wochenarbeitszeit
62221;Vj. Index der Tarifverdienste und Arbeitszeiten;JAHR;Jahr;2016;DINSGF;Früheres Bundesgebiet / Neue Länder;DN;Neue Länder;WZ08C7;WZ2008 (ausgewählte Positionen): Tarifindex;WZ08-31-01;Möbelherstellung, Installation von Maschinen;91,2;2020=100;VST066;Index d.tarifl. Monatsverdienste ohne Sonderzahl.
62221;Vj. Index der Tarifverdienste und Arbeitszeiten;JAHR;Jahr;2016;DINSGF;Früheres Bundesgebiet / Neue Länder;DN;Neue Länder;WZ08C7;WZ2008 (ausgewählte Positionen): Tarifindex;WZ08-31-01;Möbelherstellung, Installation von Maschinen;100,1;2020=100;VST018;Index der tariflichen Wochenarbeitszeit
62221;Vj. Index der Tarifverdienste und Arbeitszeiten;JAHR;Jahr;2016;DINSGF;Früheres Bundesgebiet / Neue Länder;DN;Neue Länder;WZ08C7;WZ2008 (ausgewählte Positionen): Tarifindex;WZ08-31-01;Möbelherstellung, Installation von Maschinen;91,1;2020=100;VST065;Index d.tarifl. Stundenverdienste ohne Sonderzahl.
62221;Vj. Index der Tarifverdienste und Arbeitszeiten;JAHR;Jahr;2020;DINSGF;Früheres Bundesgebiet / Neue Länder;DN;Neue Länder;WZ08C7;WZ2008 (ausgewählte Positionen): Tarifindex;WZ08-88;Sozialwesen (ohne Heime);100,0;2020=100;VST072;Index d.tarifl. Stundenverdienste mit Sonderzahl.
62221;Vj. Index der Tarifverdienste und Arbeitszeiten;JAHR;Jahr;2020;DINSGF;Früheres Bundesgebiet / Neue Länder;DN;Neue Länder;WZ08C7;WZ2008 (ausgewählte Positionen): Tarifindex;WZ08-88;Sozialwesen (ohne Heime);100,0;2020=100;VST073;Index d.tarifl. Monatsverdienste mit Sonderzahl.
62221;Vj. Index der Tarifverdienste und Arbeitszeiten;JAHR;Jahr;2020;DINSGF;Früheres Bundesgebiet / Neue Länder;DN;Neue Länder;WZ08C7;WZ2008 (ausgewählte Positionen): Tarifindex;WZ08-88;Sozialwesen (ohne Heime);39,4;h;VST019;Durchschnittliche tarifliche Wochenarbeitszeit
62221;Vj. Index der Tarifverdienste und Arbeitszeiten;JAHR;Jahr;2020;DINSGF;Früheres Bundesgebiet / Neue Länder;DN;Neue Länder;WZ08C7;WZ2008 (ausgewählte Positionen): Tarifindex;WZ08-88;Sozialwesen (ohne Heime);100,0;2020=100;VST066;Index d.tarifl. Monatsverdienste ohne Sonderzahl.
62221;Vj. Index der Tarifverdienste und Arbeitszeiten;JAHR;Jahr;2020;DINSGF;Früheres Bundesgebiet / Neue Länder;DN;Neue Länder;WZ08C7;WZ2008 (ausgewählte Positionen): Tarifindex;WZ08-88;Sozialwesen (ohne Heime);100,0;2020=100;VST018;Index der tariflichen Wochenarbeitszeit
62221;Vj. Index der Tarifverdienste und Arbeitszeiten;JAHR;Jahr;2020;DINSGF;Früheres Bundesgebiet / Neue Länder;DN;Neue Länder;WZ08C7;WZ2008 (ausgewählte Positionen): Tarifindex;WZ08-88;Sozialwesen (ohne Heime);100,0;2020=100;VST065;Index d.tarifl. Stundenverdienste ohne Sonderzahl.
62221;Vj. Index der Tarifverdienste und Arbeitszeiten;JAHR;Jahr;2016;DINSGF;Früheres Bundesgebiet / Neue Länder;DN;Neue Länder;WZ08C7;WZ2008 (ausgewählte Positionen): Tarifindex;WZ08-93;Dienstleistungen d.Sports,d.Unterhaltg.u.Erholung;89,6;2020=100;VST072;Index d.tarifl. Stundenverdienste mit Sonderzahl.
62221;Vj. Index der Tarifverdienste und Arbeitszeiten;JAHR;Jahr;2016;DINSGF;Früheres Bundesgebiet / Neue Länder;DN;Neue Länder;WZ08C7;WZ2008 (ausgewählte Positionen): Tarifindex;WZ08-93;Dienstleistungen d.Sports,d.Unterhaltg.u.Erholung;89,5;2020=100;VST073;Index d.tarifl. Monatsverdienste mit Sonderzahl.
62221;Vj. Index der Tarifverdienste und Arbeitszeiten;JAHR;Jahr;2016;DINSGF;Früheres Bundesgebiet / Neue Länder;DN;Neue Länder;WZ08C7;WZ2008 (ausgewählte Positionen): Tarifindex;WZ08-93;Dienstleistungen d.Sports,d.Unterhaltg.u.Erholung;38,9;h;VST019;Durchschnittliche tarifliche Wochenarbeitszeit
62221;Vj. Index der Tarifverdienste und Arbeitszeiten;JAHR;Jahr;2016;DINSGF;Früheres Bundesgebiet / Neue Länder;DN;Neue Länder;WZ08C7;WZ2008 (ausgewählte Positionen): Tarifindex;WZ08-93;Dienstleistungen d.Sports,d.Unterhaltg.u.Erholung;89,1;2020=100;VST066;Index d.tarifl. Monatsverdienste ohne Sonderzahl.
62221;Vj. Index der Tarifverdienste und Arbeitszeiten;JAHR;Jahr;2016;DINSGF;Früheres Bundesgebiet / Neue Länder;DN;Neue Länder;WZ08C7;WZ2008 (ausgewählte Positionen): Tarifindex;WZ08-93;Dienstleistungen d.Sports,d.Unterhaltg.u.Erholung;100,0;2020=100;VST018;Index der tariflichen Wochenarbeitszeit
62221;Vj. Index der Tarifverdienste und Arbeitszeiten;JAHR;Jahr;2016;DINSGF;Früheres Bundesgebiet / Neue Länder;DN;Neue Länder;WZ08C7;WZ2008 (ausgewählte Positionen): Tarifindex;WZ08-93;Dienstleistungen d.Sports,d.Unterhaltg.u.Erholung;89,1;2020=100;VST065;Index d.tarifl. Stundenverdienste ohne Sonderzahl.
62221;Vj. Index der Tarifverdienste und Arbeitszeiten;JAHR;Jahr;2024;DINSGF;Früheres Bundesgebiet / Neue Länder;DF;Früheres Bundesgebiet;WZ08C7;WZ2008 (ausgewählte Positionen): Tarifindex;WZ08-51;Luftfahrt;121,4;2020=100;VST072;Index d.tarifl. Stundenverdienste mit Sonderzahl.
62221;Vj. Index der Tarifverdienste und Arbeitszeiten;JAHR;Jahr;2024;DINSGF;Früheres Bundesgebiet / Neue Länder;DF;Früheres Bundesgebiet;WZ08C7;WZ2008 (ausgewählte Positionen): Tarifindex;WZ08-51;Luftfahrt;121,0;2020=100;VST073;Index d.tarifl. Monatsverdienste mit Sonderzahl.
62221;Vj. Index der Tarifverdienste und Arbeitszeiten;JAHR;Jahr;2024;DINSGF;Früheres Bundesgebiet / Neue Länder;DF;Früheres Bundesgebiet;WZ08C7;WZ2008 (ausgewählte Positionen): Tarifindex;WZ08-51;Luftfahrt;41,0;h;VST019;Durchschnittliche tarifliche Wochenarbeitszeit
62221;Vj. Index der Tarifverdienste und Arbeitszeiten;JAHR;Jahr;2024;DINSGF;Früheres Bundesgebiet / Neue Länder;DF;Früheres Bundesgebiet;WZ08C7;WZ2008 (ausgewählte Positionen): Tarifindex;WZ08-51;Luftfahrt;114,6;2020=100;VST066;Index d.tarifl. Monatsverdienste ohne Sonderzahl.
62221;Vj. Index der Tarifverdienste und Arbeitszeiten;JAHR;Jahr;2024;DINSGF;Früheres Bundesgebiet / Neue Länder;DF;Früheres Bundesgebiet;WZ08C7;WZ2008 (ausgewählte Positionen): Tarifindex;WZ08-51;Luftfahrt;99,7;2020=100;VST018;Index der tariflichen Wochenarbeitszeit
62221;Vj. Index der Tarifverdienste und Arbeitszeiten;JAHR;Jahr;2024;DINSGF;Früheres Bundesgebiet / Neue Länder;DF;Früheres Bundesgebiet;WZ08C7;WZ2008 (ausgewählte Positionen): Tarifindex;WZ08-51;Luftfahrt;114,9;2020=100;VST065;Index d.tarifl. Stundenverdienste ohne Sonderzahl.
62221;Vj. Index der Tarifverdienste und Arbeitszeiten;JAHR;Jahr;2019;DINSGF;Früheres Bundesgebiet / Neue Länder;DF;Früheres Bundesgebiet;WZ08C7;WZ2008 (ausgewählte Positionen): Tarifindex;WZ08-24-02;Metall- und Elektroindustrie;99,8;2020=100;VST072;Index d.tarifl. Stundenverdienste mit Sonderzahl.
62221;Vj. Index der Tarifverdienste und Arbeitszeiten;JAHR;Jahr;2019;DINSGF;Früheres Bundesgebiet / Neue Länder;DF;Früheres Bundesgebiet;WZ08C7;WZ2008 (ausgewählte Positionen): Tarifindex;WZ08-24-02;Metall- und Elektroindustrie;99,8;2020=100;VST073;Index d.tarifl. Monatsverdienste mit Sonderzahl.
62221;Vj. Index der Tarifverdienste und Arbeitszeiten;JAHR;Jahr;2019;DINSGF;Früheres Bundesgebiet / Neue Länder;DF;Früheres Bundesgebiet;WZ08C7;WZ2008 (ausgewählte Positionen): Tarifindex;WZ08-24-02;Metall- und Elektroindustrie;35,3;h;VST019;Durchschnittliche tarifliche Wochenarbeitszeit
62221;Vj. Index der Tarifverdienste und Arbeitszeiten;JAHR;Jahr;2019;DINSGF;Früheres Bundesgebiet / Neue Länder;DF;Früheres Bundesgebiet;WZ08C7;WZ2008 (ausgewählte Positionen): Tarifindex;WZ08-24-02;Metall- und Elektroindustrie;99,8;2020=100;VST066;Index d.tarifl. Monatsverdienste ohne Sonderzahl.
62221;Vj. Index der Tarifverdienste und Arbeitszeiten;JAHR;Jahr;2019;DINSGF;Früheres Bundesgebiet / Neue Länder;DF;Früheres Bundesgebiet;WZ08C7;WZ2008 (ausgewählte Positionen): Tarifindex;WZ08-24-02;Metall- und Elektroindustrie;100,0;2020=100;VST018;Index der tariflichen Wochenarbeitszeit
62221;Vj. Index der Tarifverdienste und Arbeitszeiten;JAHR;Jahr;2019;DINSGF;Früheres Bundesgebiet / Neue Länder;DF;Früheres Bundesgebiet;WZ08C7;WZ2008 (ausgewählte Positionen): Tarifindex;WZ08-24-02;Metall- und Elektroindustrie;99,8;2020=100;VST065;Index d.tarifl. Stundenverdienste ohne Sonderzahl.
62221;Vj. Index der Tarifverdienste und Arbeitszeiten;JAHR;Jahr;2024;DINSGF;Früheres Bundesgebiet / Neue Länder;DF;Früheres Bundesgebiet;WZ08C7;WZ2008 (ausgewählte Positionen): Tarifindex;WZ08-69-02;Rechts- und Steuerberatung, Unternehmensberatung;112,7;2020=100;VST072;Index d.tarifl. Stundenverdienste mit Sonderzahl.
62221;Vj. Index der Tarifverdienste und Arbeitszeiten;JAHR;Jahr;2024;DINSGF;Früheres Bundesgebiet / Neue Länder;DF;Früheres Bundesgebiet;WZ08C7;WZ2008 (ausgewählte Positionen): Tarifindex;WZ08-69-02;Rechts- und Steuerberatung, Unternehmensberatung;112,7;2020=100;VST073;Index d.tarifl. Monatsverdienste mit Sonderzahl.
62221;Vj. Index der Tarifverdienste und Arbeitszeiten;JAHR;Jahr;2024;DINSGF;Früheres Bundesgebiet / Neue Länder;DF;Früheres Bundesgebiet;WZ08C7;WZ2008 (ausgewählte Positionen): Tarifindex;WZ08-69-02;Rechts- und Steuerberatung, Unternehmensberatung;37,5;h;VST019;Durchschnittliche tarifliche Wochenarbeitszeit
62221;Vj. Index der Tarifverdienste und Arbeitszeiten;JAHR;Jahr;2024;DINSGF;Früheres Bundesgebiet / Neue Länder;DF;Früheres Bundesgebiet;WZ08C7;WZ2008 (ausgewählte Positionen): Tarifindex;WZ08-69-02;Rechts- und Steuerberatung, Unternehmensberatung;110,0;2020=100;VST066;Index d.tarifl. Monatsverdienste ohne Sonderzahl.
62221;Vj. Index der Tarifverdienste und Arbeitszeiten;JAHR;Jahr;2024;DINSGF;Früheres Bundesgebiet / Neue Länder;DF;Früheres Bundesgebiet;WZ08C7;WZ2008 (ausgewählte Positionen): Tarifindex;WZ08-69-02;Rechts- und Steuerberatung, Unternehmensberatung;100,0;2020=100;VST018;Index der tariflichen Wochenarbeitszeit
62221;Vj. Index der Tarifverdienste und Arbeitszeiten;JAHR;Jahr;2024;DINSGF;Früheres Bundesgebiet / Neue Länder;DF;Früheres Bundesgebiet;WZ08C7;WZ2008 (ausgewählte Positionen): Tarifindex;WZ08-69-02;Rechts- und Steuerberatung, Unternehmensberatung;110,0;2020=100;VST065;Index d.tarifl. Stundenverdienste ohne Sonderzahl.
62221;Vj. Index der Tarifverdienste und Arbeitszeiten;JAHR;Jahr;2016;DINSGF;Früheres Bundesgebiet / Neue Länder;DF;Früheres Bundesgebiet;WZ08C7;WZ2008 (ausgewählte Positionen): Tarifindex;WZ08-41-01;Hoch- und Tiefbau;90,0;2020=100;VST072;Index d.tarifl. Stundenverdienste mit Sonderzahl.
62221;Vj. Index der Tarifverdienste und Arbeitszeiten;JAHR;Jahr;2016;DINSGF;Früheres Bundesgebiet / Neue Länder;DF;Früheres Bundesgebiet;WZ08C7;WZ2008 (ausgewählte Positionen): Tarifindex;WZ08-41-01;Hoch- und Tiefbau;90,0;2020=100;VST073;Index d.tarifl. Monatsverdienste mit Sonderzahl.
62221;Vj. Index der Tarifverdienste und Arbeitszeiten;JAHR;Jahr;2016;DINSGF;Früheres Bundesgebiet / Neue Länder;DF;Früheres Bundesgebiet;WZ08C7;WZ2008 (ausgewählte Positionen): Tarifindex;WZ08-41-01;Hoch- und Tiefbau;40,0;h;VST019;Durchschnittliche tarifliche Wochenarbeitszeit
62221;Vj. Index der Tarifverdienste und Arbeitszeiten;JAHR;Jahr;2016;DINSGF;Früheres Bundesgebiet / Neue Länder;DF;Früheres Bundesgebiet;WZ08C7;WZ2008 (ausgewählte Positionen): Tarifindex;WZ08-41-01;Hoch- und Tiefbau;91,6;2020=100;VST066;Index d.tarifl. Monatsverdienste ohne Sonderzahl.
62221;Vj. Index der Tarifverdienste und Arbeitszeiten;JAHR;Jahr;2016;DINSGF;Früheres Bundesgebiet / Neue Länder;DF;Früheres Bundesgebiet;WZ08C7;WZ2008 (ausgewählte Positionen): Tarifindex;WZ08-41-01;Hoch- und Tiefbau;100,0;2020=100;VST018;Index der tariflichen Wochenarbeitszeit
62221;Vj. Index der Tarifverdienste und Arbeitszeiten;JAHR;Jahr;2016;DINSGF;Früheres Bundesgebiet / Neue Länder;DF;Früheres Bundesgebiet;WZ08C7;WZ2008 (ausgewählte Positionen): Tarifindex;WZ08-41-01;Hoch- und Tiefbau;91,6;2020=100;VST065;Index d.tarifl. Stundenverdienste ohne Sonderzahl.
62221;Vj. Index der Tarifverdienste und Arbeitszeiten;JAHR;Jahr;2025;DINSGF;Früheres Bundesgebiet / Neue Länder;DN;Neue Länder;WZ08C7;WZ2008 (ausgewählte Positionen): Tarifindex;WZ08-60;Rundfunkveranstalter;111,5;2020=100;VST072;Index d.tarifl. Stundenverdienste mit Sonderzahl.
62221;Vj. Index der Tarifverdienste und Arbeitszeiten;JAHR;Jahr;2025;DINSGF;Früheres Bundesgebiet / Neue Länder;DN;Neue Länder;WZ08C7;WZ2008 (ausgewählte Positionen): Tarifindex;WZ08-60;Rundfunkveranstalter;111,5;2020=100;VST073;Index d.tarifl. Monatsverdienste mit Sonderzahl.
62221;Vj. Index der Tarifverdienste und Arbeitszeiten;JAHR;Jahr;2025;DINSGF;Früheres Bundesgebiet / Neue Länder;DN;Neue Länder;WZ08C7;WZ2008 (ausgewählte Positionen): Tarifindex;WZ08-60;Rundfunkveranstalter;38,5;h;VST019;Durchschnittliche tarifliche Wochenarbeitszeit
62221;Vj. Index der Tarifverdienste und Arbeitszeiten;JAHR;Jahr;2025;DINSGF;Früheres Bundesgebiet / Neue Länder;DN;Neue Länder;WZ08C7;WZ2008 (ausgewählte Positionen): Tarifindex;WZ08-60;Rundfunkveranstalter;110,4;2020=100;VST066;Index d.tarifl. Monatsverdienste ohne Sonderzahl.
62221;Vj. Index der Tarifverdienste und Arbeitszeiten;JAHR;Jahr;2025;DINSGF;Früheres Bundesgebiet / Neue Länder;DN;Neue Länder;WZ08C7;WZ2008 (ausgewählte Positionen): Tarifindex;WZ08-60;Rundfunkveranstalter;100,0;2020=100;VST018;Index der tariflichen Wochenarbeitszeit
62221;Vj. Index der Tarifverdienste und Arbeitszeiten;JAHR;Jahr;2025;DINSGF;Früheres Bundesgebiet / Neue Länder;DN;Neue Länder;WZ08C7;WZ2008 (ausgewählte Positionen): Tarifindex;WZ08-60;Rundfunkveranstalter;110,4;2020=100;VST065;Index d.tarifl. Stundenverdienste ohne Sonderzahl.
62221;Vj. Index der Tarifverdienste und Arbeitszeiten;JAHR;Jahr;2023;DINSGF;Früheres Bundesgebiet / Neue Länder;DF;Früheres Bundesgebiet;WZ08C7;WZ2008 (ausgewählte Positionen): Tarifindex;WZ08-45;Kfz-Handel, Instandhaltung und Reparatur von Kfz;107,1;2020=100;VST072;Index d.tarifl. Stundenverdienste mit Sonderzahl.
62221;Vj. Index der Tarifverdienste und Arbeitszeiten;JAHR;Jahr;2023;DINSGF;Früheres Bundesgebiet / Neue Länder;DF;Früheres Bundesgebiet;WZ08C7;WZ2008 (ausgewählte Positionen): Tarifindex;WZ08-45;Kfz-Handel, Instandhaltung und Reparatur von Kfz;107,1;2020=100;VST073;Index d.tarifl. Monatsverdienste mit Sonderzahl.
62221;Vj. Index der Tarifverdienste und Arbeitszeiten;JAHR;Jahr;2023;DINSGF;Früheres Bundesgebiet / Neue Länder;DF;Früheres Bundesgebiet;WZ08C7;WZ2008 (ausgewählte Positionen): Tarifindex;WZ08-45;Kfz-Handel, Instandhaltung und Reparatur von Kfz;36,5;h;VST019;Durchschnittliche tarifliche Wochenarbeitszeit
62221;Vj. Index der Tarifverdienste und Arbeitszeiten;JAHR;Jahr;2023;DINSGF;Früheres Bundesgebiet / Neue Länder;DF;Früheres Bundesgebiet;WZ08C7;WZ2008 (ausgewählte Positionen): Tarifindex;WZ08-45;Kfz-Handel, Instandhaltung und Reparatur von Kfz;104,9;2020=100;VST066;Index d.tarifl. Monatsverdienste ohne Sonderzahl.
62221;Vj. Index der Tarifverdienste und Arbeitszeiten;JAHR;Jahr;2023;DINSGF;Früheres Bundesgebiet / Neue Länder;DF;Früheres Bundesgebiet;WZ08C7;WZ2008 (ausgewählte Positionen): Tarifindex;WZ08-45;Kfz-Handel, Instandhaltung und Reparatur von Kfz;100,0;2020=100;VST018;Index der tariflichen Wochenarbeitszeit
62221;Vj. Index der Tarifverdienste und Arbeitszeiten;JAHR;Jahr;2023;DINSGF;Früheres Bundesgebiet / Neue Länder;DF;Früheres Bundesgebiet;WZ08C7;WZ2008 (ausgewählte Positionen): Tarifindex;WZ08-45;Kfz-Handel, Instandhaltung und Reparatur von Kfz;104,9;2020=100;VST065;Index d.tarifl. Stundenverdienste ohne Sonderzahl.
62221;Vj. Index der Tarifverdienste und Arbeitszeiten;JAHR;Jahr;2021;DINSGF;Früheres Bundesgebiet / Neue Länder;DF;Früheres Bundesgebiet;WZ08C7;WZ2008 (ausgewählte Positionen): Tarifindex;WZ08-21;Herstellung von pharmazeutischen Erzeugnissen;101,7;2020=100;VST072;Index d.tarifl. Stundenverdienste mit Sonderzahl.
62221;Vj. Index der Tarifverdienste und Arbeitszeiten;JAHR;Jahr;2021;DINSGF;Früheres Bundesgebiet / Neue Länder;DF;Früheres Bundesgebiet;WZ08C7;WZ2008 (ausgewählte Positionen): Tarifindex;WZ08-21;Herstellung von pharmazeutischen Erzeugnissen;101,7;2020=100;VST073;Index d.tarifl. Monatsverdienste mit Sonderzahl.
62221;Vj. Index der Tarifverdienste und Arbeitszeiten;JAHR;Jahr;2021;DINSGF;Früheres Bundesgebiet / Neue Länder;DF;Früheres Bundesgebiet;WZ08C7;WZ2008 (ausgewählte Positionen): Tarifindex;WZ08-21;Herstellung von pharmazeutischen Erzeugnissen;37,5;h;VST019;Durchschnittliche tarifliche Wochenarbeitszeit
62221;Vj. Index der Tarifverdienste und Arbeitszeiten;JAHR;Jahr;2021;DINSGF;Früheres Bundesgebiet / Neue Länder;DF;Früheres Bundesgebiet;WZ08C7;WZ2008 (ausgewählte Positionen): Tarifindex;WZ08-21;Herstellung von pharmazeutischen Erzeugnissen;101,4;2020=100;VST066;Index d.tarifl. Monatsverdienste ohne Sonderzahl.
62221;Vj. Index der Tarifverdienste und Arbeitszeiten;JAHR;Jahr;2021;DINSGF;Früheres Bundesgebiet / Neue Länder;DF;Früheres Bundesgebiet;WZ08C7;WZ2008 (ausgewählte Positionen): Tarifindex;WZ08-21;Herstellung von pharmazeutischen Erzeugnissen;100,0;2020=100;VST018;Index der tariflichen Wochenarbeitszeit
62221;Vj. Index der Tarifverdienste und Arbeitszeiten;JAHR;Jahr;2021;DINSGF;Früheres Bundesgebiet / Neue Länder;DF;Früheres Bundesgebiet;WZ08C7;WZ2008 (ausgewählte Positionen): Tarifindex;WZ08-21;Herstellung von pharmazeutischen Erzeugnissen;101,5;2020=100;VST065;Index d.tarifl. Stundenverdienste ohne Sonderzahl.
62221;Vj. Index der Tarifverdienste und Arbeitszeiten;JAHR;Jahr;2016;DINSGF;Früheres Bundesgebiet / Neue Länder;DN;Neue Länder;WZ08C7;WZ2008 (ausgewählte Positionen): Tarifindex;WZ08-M;Freiberufliche, wiss. u. techn. Dienstleistungen;89,7;2020=100;VST072;Index d.tarifl. Stundenverdienste mit Sonderzahl.
62221;Vj. Index der Tarifverdienste und Arbeitszeiten;JAHR;Jahr;2016;DINSGF;Früheres Bundesgebiet / Neue Länder;DN;Neue Länder;WZ08C7;WZ2008 (ausgewählte Positionen): Tarifindex;WZ08-M;Freiberufliche, wiss. u. techn. Dienstleistungen;90,0;2020=100;VST073;Index d.tarifl. Monatsverdienste mit Sonderzahl.
62221;Vj. Index der Tarifverdienste und Arbeitszeiten;JAHR;Jahr;2016;DINSGF;Früheres Bundesgebiet / Neue Länder;DN;Neue Länder;WZ08C7;WZ2008 (ausgewählte Positionen): Tarifindex;WZ08-M;Freiberufliche, wiss. u. techn. Dienstleistungen;38,7;h;VST019;Durchschnittliche tarifliche Wochenarbeitszeit
62221;Vj. Index der Tarifverdienste und Arbeitszeiten;JAHR;Jahr;2016;DINSGF;Früheres Bundesgebiet / Neue Länder;DN;Neue Länder;WZ08C7;WZ2008 (ausgewählte Positionen): Tarifindex;WZ08-M;Freiberufliche, wiss. u. techn. Dienstleistungen;89,8;2020=100;VST066;Index d.tarifl. Monatsverdienste ohne Sonderzahl.
62221;Vj. Index der Tarifverdienste und Arbeitszeiten;JAHR;Jahr;2016;DINSGF;Früheres Bundesgebiet / Neue Länder;DN;Neue Länder;WZ08C7;WZ2008 (ausgewählte Positionen): Tarifindex;WZ08-M;Freiberufliche, wiss. u. techn. Dienstleistungen;100,1;2020=100;VST018;Index der tariflichen Wochenarbeitszeit
62221;Vj. Index der Tarifverdienste und Arbeitszeiten;JAHR;Jahr;2016;DINSGF;Früheres Bundesgebiet / Neue Länder;DN;Neue Länder;WZ08C7;WZ2008 (ausgewählte Positionen): Tarifindex;WZ08-M;Freiberufliche, wiss. u. techn. Dienstleistungen;89,5;2020=100;VST065;Index d.tarifl. Stundenverdienste ohne Sonderzahl.
62221;Vj. Index der Tarifverdienste und Arbeitszeiten;JAHR;Jahr;2019;DINSGF;Früheres Bundesgebiet / Neue Länder;DN;Neue Länder;WZ08C7;WZ2008 (ausgewählte Positionen): Tarifindex;WZ08-53;Post-, Kurier- und Expressdienste;97,1;2020=100;VST072;Index d.tarifl. Stundenverdienste mit Sonderzahl.
62221;Vj. Index der Tarifverdienste und Arbeitszeiten;JAHR;Jahr;2019;DINSGF;Früheres Bundesgebiet / Neue Länder;DN;Neue Länder;WZ08C7;WZ2008 (ausgewählte Positionen): Tarifindex;WZ08-53;Post-, Kurier- und Expressdienste;97,1;2020=100;VST073;Index d.tarifl. Monatsverdienste mit Sonderzahl.
62221;Vj. Index der Tarifverdienste und Arbeitszeiten;JAHR;Jahr;2019;DINSGF;Früheres Bundesgebiet / Neue Länder;DN;Neue Länder;WZ08C7;WZ2008 (ausgewählte Positionen): Tarifindex;WZ08-53;Post-, Kurier- und Expressdienste;38,9;h;VST019;Durchschnittliche tarifliche Wochenarbeitszeit
62221;Vj. Index der Tarifverdienste und Arbeitszeiten;JAHR;Jahr;2019;DINSGF;Früheres Bundesgebiet / Neue Länder;DN;Neue Länder;WZ08C7;WZ2008 (ausgewählte Positionen): Tarifindex;WZ08-53;Post-, Kurier- und Expressdienste;98,2;2020=100;VST066;Index d.tarifl. Monatsverdienste ohne Sonderzahl.
62221;Vj. Index der Tarifverdienste und Arbeitszeiten;JAHR;Jahr;2019;DINSGF;Früheres Bundesgebiet / Neue Länder;DN;Neue Länder;WZ08C7;WZ2008 (ausgewählte Positionen): Tarifindex;WZ08-53;Post-, Kurier- und Expressdienste;100,0;2020=100;VST018;Index der tariflichen Wochenarbeitszeit
62221;Vj. Index der Tarifverdienste und Arbeitszeiten;JAHR;Jahr;2019;DINSGF;Früheres Bundesgebiet / Neue Länder;DN;Neue Länder;WZ08C7;WZ2008 (ausgewählte Positionen): Tarifindex;WZ08-53;Post-, Kurier- und Expressdienste;98,2;2020=100;VST065;Index d.tarifl. Stundenverdienste ohne Sonderzahl.
62221;Vj. Index der Tarifverdienste und Arbeitszeiten;JAHR;Jahr;2022;DINSGF;Früheres Bundesgebiet / Neue Länder;DF;Früheres Bundesgebiet;WZ08C7;WZ2008 (ausgewählte Positionen): Tarifindex;WZ08-A;Land- und Forstwirtschaft, Fischerei;104,2;2020=100;VST072;Index d.tarifl. Stundenverdienste mit Sonderzahl.
62221;Vj. Index der Tarifverdienste und Arbeitszeiten;JAHR;Jahr;2022;DINSGF;Früheres Bundesgebiet / Neue Länder;DF;Früheres Bundesgebiet;WZ08C7;WZ2008 (ausgewählte Positionen): Tarifindex;WZ08-A;Land- und Forstwirtschaft, Fischerei;104,2;2020=100;VST073;Index d.tarifl. Monatsverdienste mit Sonderzahl.
62221;Vj. Index der Tarifverdienste und Arbeitszeiten;JAHR;Jahr;2022;DINSGF;Früheres Bundesgebiet / Neue Länder;DF;Früheres Bundesgebiet;WZ08C7;WZ2008 (ausgewählte Positionen): Tarifindex;WZ08-A;Land- und Forstwirtschaft, Fischerei;39,8;h;VST019;Durchschnittliche tarifliche Wochenarbeitszeit
62221;Vj. Index der Tarifverdienste und Arbeitszeiten;JAHR;Jahr;2022;DINSGF;Früheres Bundesgebiet / Neue Länder;DF;Früheres Bundesgebiet;WZ08C7;WZ2008 (ausgewählte Positionen): Tarifindex;WZ08-A;Land- und Forstwirtschaft, Fischerei;103,5;2020=100;VST066;Index d.tarifl. Monatsverdienste ohne Sonderzahl.
62221;Vj. Index der Tarifverdienste und Arbeitszeiten;JAHR;Jahr;2022;DINSGF;Früheres Bundesgebiet / Neue Länder;DF;Früheres Bundesgebiet;WZ08C7;WZ2008 (ausgewählte Positionen): Tarifindex;WZ08-A;Land- und Forstwirtschaft, Fischerei;100,0;2020=100;VST018;Index der tariflichen Wochenarbeitszeit
62221;Vj. Index der Tarifverdienste und Arbeitszeiten;JAHR;Jahr;2022;DINSGF;Früheres Bundesgebiet / Neue Länder;DF;Früheres Bundesgebiet;WZ08C7;WZ2008 (ausgewählte Positionen): Tarifindex;WZ08-A;Land- und Forstwirtschaft, Fischerei;103,4;2020=100;VST065;Index d.tarifl. Stundenverdienste ohne Sonderzahl.
62221;Vj. Index der Tarifverdienste und Arbeitszeiten;JAHR;Jahr;2016;DINSGF;Früheres Bundesgebiet / Neue Länder;DF;Früheres Bundesgebiet;WZ08C7;WZ2008 (ausgewählte Positionen): Tarifindex;WZ08-68;Grundstücks- und Wohnungswesen;90,8;2020=100;VST072;Index d.tarifl. Stundenverdienste mit Sonderzahl.
62221;Vj. Index der Tarifverdienste und Arbeitszeiten;JAHR;Jahr;2016;DINSGF;Früheres Bundesgebiet / Neue Länder;DF;Früheres Bundesgebiet;WZ08C7;WZ2008 (ausgewählte Positionen): Tarifindex;WZ08-68;Grundstücks- und Wohnungswesen;90,8;2020=100;VST073;Index d.tarifl. Monatsverdienste mit Sonderzahl.
62221;Vj. Index der Tarifverdienste und Arbeitszeiten;JAHR;Jahr;2016;DINSGF;Früheres Bundesgebiet / Neue Länder;DF;Früheres Bundesgebiet;WZ08C7;WZ2008 (ausgewählte Positionen): Tarifindex;WZ08-68;Grundstücks- und Wohnungswesen;38,2;h;VST019;Durchschnittliche tarifliche Wochenarbeitszeit
62221;Vj. Index der Tarifverdienste und Arbeitszeiten;JAHR;Jahr;2016;DINSGF;Früheres Bundesgebiet / Neue Länder;DF;Früheres Bundesgebiet;WZ08C7;WZ2008 (ausgewählte Positionen): Tarifindex;WZ08-68;Grundstücks- und Wohnungswesen;91,0;2020=100;VST066;Index d.tarifl. Monatsverdienste ohne Sonderzahl.
62221;Vj. Index der Tarifverdienste und Arbeitszeiten;JAHR;Jahr;2016;DINSGF;Früheres Bundesgebiet / Neue Länder;DF;Früheres Bundesgebiet;WZ08C7;WZ2008 (ausgewählte Positionen): Tarifindex;WZ08-68;Grundstücks- und Wohnungswesen;100,0;2020=100;VST018;Index der tariflichen Wochenarbeitszeit
62221;Vj. Index der Tarifverdienste und Arbeitszeiten;JAHR;Jahr;2016;DINSGF;Früheres Bundesgebiet / Neue Länder;DF;Früheres Bundesgebiet;WZ08C7;WZ2008 (ausgewählte Positionen): Tarifindex;WZ08-68;Grundstücks- und Wohnungswesen;91,0;2020=100;VST065;Index d.tarifl. Stundenverdienste ohne Sonderzahl.
62221;Vj. Index der Tarifverdienste und Arbeitszeiten;JAHR;Jahr;2022;DINSGF;Früheres Bundesgebiet / Neue Länder;DN;Neue Länder;WZ08C7;WZ2008 (ausgewählte Positionen): Tarifindex;WZ08-64;Erbringung von Finanzdienstleistungen;101,5;2020=100;VST072;Index d.tarifl. Stundenverdienste mit Sonderzahl.
62221;Vj. Index der Tarifverdienste und Arbeitszeiten;JAHR;Jahr;2022;DINSGF;Früheres Bundesgebiet / Neue Länder;DN;Neue Länder;WZ08C7;WZ2008 (ausgewählte Positionen): Tarifindex;WZ08-64;Erbringung von Finanzdienstleistungen;101,5;2020=100;VST073;Index d.tarifl. Monatsverdienste mit Sonderzahl.
62221;Vj. Index der Tarifverdienste und Arbeitszeiten;JAHR;Jahr;2022;DINSGF;Früheres Bundesgebiet / Neue Länder;DN;Neue Länder;WZ08C7;WZ2008 (ausgewählte Positionen): Tarifindex;WZ08-64;Erbringung von Finanzdienstleistungen;39,0;h;VST019;Durchschnittliche tarifliche Wochenarbeitszeit
62221;Vj. Index der Tarifverdienste und Arbeitszeiten;JAHR;Jahr;2022;DINSGF;Früheres Bundesgebiet / Neue Länder;DN;Neue Länder;WZ08C7;WZ2008 (ausgewählte Positionen): Tarifindex;WZ08-64;Erbringung von Finanzdienstleistungen;102,3;2020=100;VST066;Index d.tarifl. Monatsverdienste ohne Sonderzahl.
62221;Vj. Index der Tarifverdienste und Arbeitszeiten;JAHR;Jahr;2022;DINSGF;Früheres Bundesgebiet / Neue Länder;DN;Neue Länder;WZ08C7;WZ2008 (ausgewählte Positionen): Tarifindex;WZ08-64;Erbringung von Finanzdienstleistungen;100,0;2020=100;VST018;Index der tariflichen Wochenarbeitszeit
62221;Vj. Index der Tarifverdienste und Arbeitszeiten;JAHR;Jahr;2022;DINSGF;Früheres Bundesgebiet / Neue Länder;DN;Neue Länder;WZ08C7;WZ2008 (ausgewählte Positionen): Tarifindex;WZ08-64;Erbringung von Finanzdienstleistungen;102,3;2020=100;VST065;Index d.tarifl. Stundenverdienste ohne Sonderzahl.
62221;Vj. Index der Tarifverdienste und Arbeitszeiten;JAHR;Jahr;2018;DINSGF;Früheres Bundesgebiet / Neue Länder;DF;Früheres Bundesgebiet;WZ08C7;WZ2008 (ausgewählte Positionen): Tarifindex;WZ08-77;Vermietung von beweglichen Sachen;96,5;2020=100;VST072;Index d.tarifl. Stundenverdienste mit Sonderzahl.
62221;Vj. Index der Tarifverdienste und Arbeitszeiten;JAHR;Jahr;2018;DINSGF;Früheres Bundesgebiet / Neue Länder;DF;Früheres Bundesgebiet;WZ08C7;WZ2008 (ausgewählte Positionen): Tarifindex;WZ08-77;Vermietung von beweglichen Sachen;96,6;2020=100;VST073;Index d.tarifl. Monatsverdienste mit Sonderzahl.
62221;Vj. Index der Tarifverdienste und Arbeitszeiten;JAHR;Jahr;2018;DINSGF;Früheres Bundesgebiet / Neue Länder;DF;Früheres Bundesgebiet;WZ08C7;WZ2008 (ausgewählte Positionen): Tarifindex;WZ08-77;Vermietung von beweglichen Sachen;37,6;h;VST019;Durchschnittliche tarifliche Wochenarbeitszeit
62221;Vj. Index der Tarifverdienste und Arbeitszeiten;JAHR;Jahr;2018;DINSGF;Früheres Bundesgebiet / Neue Länder;DF;Früheres Bundesgebiet;WZ08C7;WZ2008 (ausgewählte Positionen): Tarifindex;WZ08-77;Vermietung von beweglichen Sachen;97,5;2020=100;VST066;Index d.tarifl. Monatsverdienste ohne Sonderzahl.
62221;Vj. Index der Tarifverdienste und Arbeitszeiten;JAHR;Jahr;2018;DINSGF;Früheres Bundesgebiet / Neue Länder;DF;Früheres Bundesgebiet;WZ08C7;WZ2008 (ausgewählte Positionen): Tarifindex;WZ08-77;Vermietung von beweglichen Sachen;100,0;2020=100;VST018;Index der tariflichen Wochenarbeitszeit
62221;Vj. Index der Tarifverdienste und Arbeitszeiten;JAHR;Jahr;2018;DINSGF;Früheres Bundesgebiet / Neue Länder;DF;Früheres Bundesgebiet;WZ08C7;WZ2008 (ausgewählte Positionen): Tarifindex;WZ08-77;Vermietung von beweglichen Sachen;97,5;2020=100;VST065;Index d.tarifl. Stundenverdienste ohne Sonderzahl.
62221;Vj. Index der Tarifverdienste und Arbeitszeiten;JAHR;Jahr;2017;DINSGF;Früheres Bundesgebiet / Neue Länder;DN;Neue Länder;WZ08C7;WZ2008 (ausgewählte Positionen): Tarifindex;WZ08-D-06;Energie- und Wasserversorgung;94,6;2020=100;VST072;Index d.tarifl. Stundenverdienste mit Sonderzahl.
62221;Vj. Index der Tarifverdienste und Arbeitszeiten;JAHR;Jahr;2017;DINSGF;Früheres Bundesgebiet / Neue Länder;DN;Neue Länder;WZ08C7;WZ2008 (ausgewählte Positionen): Tarifindex;WZ08-D-06;Energie- und Wasserversorgung;94,6;2020=100;VST073;Index d.tarifl. Monatsverdienste mit Sonderzahl.
62221;Vj. Index der Tarifverdienste und Arbeitszeiten;JAHR;Jahr;2017;DINSGF;Früheres Bundesgebiet / Neue Länder;DN;Neue Länder;WZ08C7;WZ2008 (ausgewählte Positionen): Tarifindex;WZ08-D-06;Energie- und Wasserversorgung;38,3;h;VST019;Durchschnittliche tarifliche Wochenarbeitszeit
62221;Vj. Index der Tarifverdienste und Arbeitszeiten;JAHR;Jahr;2017;DINSGF;Früheres Bundesgebiet / Neue Länder;DN;Neue Länder;WZ08C7;WZ2008 (ausgewählte Positionen): Tarifindex;WZ08-D-06;Energie- und Wasserversorgung;94,4;2020=100;VST066;Index d.tarifl. Monatsverdienste ohne Sonderzahl.
62221;Vj. Index der Tarifverdienste und Arbeitszeiten;JAHR;Jahr;2017;DINSGF;Früheres Bundesgebiet / Neue Länder;DN;Neue Länder;WZ08C7;WZ2008 (ausgewählte Positionen): Tarifindex;WZ08-D-06;Energie- und Wasserversorgung;100,0;2020=100;VST018;Index der tariflichen Wochenarbeitszeit
62221;Vj. Index der Tarifverdienste und Arbeitszeiten;JAHR;Jahr;2017;DINSGF;Früheres Bundesgebiet / Neue Länder;DN;Neue Länder;WZ08C7;WZ2008 (ausgewählte Positionen): Tarifindex;WZ08-D-06;Energie- und Wasserversorgung;94,3;2020=100;VST065;Index d.tarifl. Stundenverdienste ohne Sonderzahl.
62221;Vj. Index der Tarifverdienste und Arbeitszeiten;JAHR;Jahr;2018;DINSGF;Früheres Bundesgebiet / Neue Länder;DF;Früheres Bundesgebiet;WZ08C7;WZ2008 (ausgewählte Positionen): Tarifindex;WZ08-O;Öff. Verwaltung, Verteidigung, Sozialversicherung;94,1;2020=100;VST072;Index d.tarifl. Stundenverdienste mit Sonderzahl.
62221;Vj. Index der Tarifverdienste und Arbeitszeiten;JAHR;Jahr;2018;DINSGF;Früheres Bundesgebiet / Neue Länder;DF;Früheres Bundesgebiet;WZ08C7;WZ2008 (ausgewählte Positionen): Tarifindex;WZ08-O;Öff. Verwaltung, Verteidigung, Sozialversicherung;94,1;2020=100;VST073;Index d.tarifl. Monatsverdienste mit Sonderzahl.
62221;Vj. Index der Tarifverdienste und Arbeitszeiten;JAHR;Jahr;2018;DINSGF;Früheres Bundesgebiet / Neue Länder;DF;Früheres Bundesgebiet;WZ08C7;WZ2008 (ausgewählte Positionen): Tarifindex;WZ08-O;Öff. Verwaltung, Verteidigung, Sozialversicherung;40,1;h;VST019;Durchschnittliche tarifliche Wochenarbeitszeit
62221;Vj. Index der Tarifverdienste und Arbeitszeiten;JAHR;Jahr;2018;DINSGF;Früheres Bundesgebiet / Neue Länder;DF;Früheres Bundesgebiet;WZ08C7;WZ2008 (ausgewählte Positionen): Tarifindex;WZ08-O;Öff. Verwaltung, Verteidigung, Sozialversicherung;93,8;2020=100;VST066;Index d.tarifl. Monatsverdienste ohne Sonderzahl.
62221;Vj. Index der Tarifverdienste und Arbeitszeiten;JAHR;Jahr;2018;DINSGF;Früheres Bundesgebiet / Neue Länder;DF;Früheres Bundesgebiet;WZ08C7;WZ2008 (ausgewählte Positionen): Tarifindex;WZ08-O;Öff. Verwaltung, Verteidigung, Sozialversicherung;100,0;2020=100;VST018;Index der tariflichen Wochenarbeitszeit
62221;Vj. Index der Tarifverdienste und Arbeitszeiten;JAHR;Jahr;2018;DINSGF;Früheres Bundesgebiet / Neue Länder;DF;Früheres Bundesgebiet;WZ08C7;WZ2008 (ausgewählte Positionen): Tarifindex;WZ08-O;Öff. Verwaltung, Verteidigung, Sozialversicherung;93,8;2020=100;VST065;Index d.tarifl. Stundenverdienste ohne Sonderzahl.
62221;Vj. Index der Tarifverdienste und Arbeitszeiten;JAHR;Jahr;2020;DINSGF;Früheres Bundesgebiet / Neue Länder;DN;Neue Länder;WZ08C7;WZ2008 (ausgewählte Positionen): Tarifindex;WZ08-38-01;Recycling, Beseitigung von Umweltverschmutzungen;100,0;2020=100;VST072;Index d.tarifl. Stundenverdienste mit Sonderzahl.
62221;Vj. Index der Tarifverdienste und Arbeitszeiten;JAHR;Jahr;2020;DINSGF;Früheres Bundesgebiet / Neue Länder;DN;Neue Länder;WZ08C7;WZ2008 (ausgewählte Positionen): Tarifindex;WZ08-38-01;Recycling, Beseitigung von Umweltverschmutzungen;100,0;2020=100;VST073;Index d.tarifl. Monatsverdienste mit Sonderzahl.
62221;Vj. Index der Tarifverdienste und Arbeitszeiten;JAHR;Jahr;2020;DINSGF;Früheres Bundesgebiet / Neue Länder;DN;Neue Länder;WZ08C7;WZ2008 (ausgewählte Positionen): Tarifindex;WZ08-38-01;Recycling, Beseitigung von Umweltverschmutzungen;39,2;h;VST019;Durchschnittliche tarifliche Wochenarbeitszeit
62221;Vj. Index der Tarifverdienste und Arbeitszeiten;JAHR;Jahr;2020;DINSGF;Früheres Bundesgebiet / Neue Länder;DN;Neue Länder;WZ08C7;WZ2008 (ausgewählte Positionen): Tarifindex;WZ08-38-01;Recycling, Beseitigung von Umweltverschmutzungen;100,0;2020=100;VST066;Index d.tarifl. Monatsverdienste ohne Sonderzahl.
62221;Vj. Index der Tarifverdienste und Arbeitszeiten;JAHR;Jahr;2020;DINSGF;Früheres Bundesgebiet / Neue Länder;DN;Neue Länder;WZ08C7;WZ2008 (ausgewählte Positionen): Tarifindex;WZ08-38-01;Recycling, Beseitigung von Umweltverschmutzungen;100,0;2020=100;VST018;Index der tariflichen Wochenarbeitszeit
62221;Vj. Index der Tarifverdienste und Arbeitszeiten;JAHR;Jahr;2020;DINSGF;Früheres Bundesgebiet / Neue Länder;DN;Neue Länder;WZ08C7;WZ2008 (ausgewählte Positionen): Tarifindex;WZ08-38-01;Recycling, Beseitigung von Umweltverschmutzungen;100,0;2020=100;VST065;Index d.tarifl. Stundenverdienste ohne Sonderzahl.
62221;Vj. Index der Tarifverdienste und Arbeitszeiten;JAHR;Jahr;2020;DINSGF;Früheres Bundesgebiet / Neue Länder;DN;Neue Länder;WZ08C7;WZ2008 (ausgewählte Positionen): Tarifindex;WZ08-73;Werbung und Marktforschung;-;2020=100;VST072;Index d.tarifl. Stundenverdienste mit Sonderzahl.
62221;Vj. Index der Tarifverdienste und Arbeitszeiten;JAHR;Jahr;2020;DINSGF;Früheres Bundesgebiet / Neue Länder;DN;Neue Länder;WZ08C7;WZ2008 (ausgewählte Positionen): Tarifindex;WZ08-73;Werbung und Marktforschung;-;2020=100;VST073;Index d.tarifl. Monatsverdienste mit Sonderzahl.
62221;Vj. Index der Tarifverdienste und Arbeitszeiten;JAHR;Jahr;2020;DINSGF;Früheres Bundesgebiet / Neue Länder;DN;Neue Länder;WZ08C7;WZ2008 (ausgewählte Positionen): Tarifindex;WZ08-73;Werbung und Marktforschung;-;h;VST019;Durchschnittliche tarifliche Wochenarbeitszeit
62221;Vj. Index der Tarifverdienste und Arbeitszeiten;JAHR;Jahr;2020;DINSGF;Früheres Bundesgebiet / Neue Länder;DN;Neue Länder;WZ08C7;WZ2008 (ausgewählte Positionen): Tarifindex;WZ08-73;Werbung und Marktforschung;-;2020=100;VST066;Index d.tarifl. Monatsverdienste ohne Sonderzahl.
62221;Vj. Index der Tarifverdienste und Arbeitszeiten;JAHR;Jahr;2020;DINSGF;Früheres Bundesgebiet / Neue Länder;DN;Neue Länder;WZ08C7;WZ2008 (ausgewählte Positionen): Tarifindex;WZ08-73;Werbung und Marktforschung;-;2020=100;VST018;Index der tariflichen Wochenarbeitszeit
62221;Vj. Index der Tarifverdienste und Arbeitszeiten;JAHR;Jahr;2020;DINSGF;Früheres Bundesgebiet / Neue Länder;DN;Neue Länder;WZ08C7;WZ2008 (ausgewählte Positionen): Tarifindex;WZ08-73;Werbung und Marktforschung;-;2020=100;VST065;Index d.tarifl. Stundenverdienste ohne Sonderzahl.
62221;Vj. Index der Tarifverdienste und Arbeitszeiten;JAHR;Jahr;2016;DINSGF;Früheres Bundesgebiet / Neue Länder;DN;Neue Länder;WZ08C7;WZ2008 (ausgewählte Positionen): Tarifindex;WZ08-A;Land- und Forstwirtschaft, Fischerei;87,0;2020=100;VST072;Index d.tarifl. Stundenverdienste mit Sonderzahl.
62221;Vj. Index der Tarifverdienste und Arbeitszeiten;JAHR;Jahr;2016;DINSGF;Früheres Bundesgebiet / Neue Länder;DN;Neue Länder;WZ08C7;WZ2008 (ausgewählte Positionen): Tarifindex;WZ08-A;Land- und Forstwirtschaft, Fischerei;87,0;2020=100;VST073;Index d.tarifl. Monatsverdienste mit Sonderzahl.
62221;Vj. Index der Tarifverdienste und Arbeitszeiten;JAHR;Jahr;2016;DINSGF;Früheres Bundesgebiet / Neue Länder;DN;Neue Länder;WZ08C7;WZ2008 (ausgewählte Positionen): Tarifindex;WZ08-A;Land- und Forstwirtschaft, Fischerei;39,8;h;VST019;Durchschnittliche tarifliche Wochenarbeitszeit
62221;Vj. Index der Tarifverdienste und Arbeitszeiten;JAHR;Jahr;2016;DINSGF;Früheres Bundesgebiet / Neue Länder;DN;Neue Länder;WZ08C7;WZ2008 (ausgewählte Positionen): Tarifindex;WZ08-A;Land- und Forstwirtschaft, Fischerei;86,6;2020=100;VST066;Index d.tarifl. Monatsverdienste ohne Sonderzahl.
62221;Vj. Index der Tarifverdienste und Arbeitszeiten;JAHR;Jahr;2016;DINSGF;Früheres Bundesgebiet / Neue Länder;DN;Neue Länder;WZ08C7;WZ2008 (ausgewählte Positionen): Tarifindex;WZ08-A;Land- und Forstwirtschaft, Fischerei;100,0;2020=100;VST018;Index der tariflichen Wochenarbeitszeit
62221;Vj. Index der Tarifverdienste und Arbeitszeiten;JAHR;Jahr;2016;DINSGF;Früheres Bundesgebiet / Neue Länder;DN;Neue Länder;WZ08C7;WZ2008 (ausgewählte Positionen): Tarifindex;WZ08-A;Land- und Forstwirtschaft, Fischerei;86,6;2020=100;VST065;Index d.tarifl. Stundenverdienste ohne Sonderzahl.
62221;Vj. Index der Tarifverdienste und Arbeitszeiten;JAHR;Jahr;2020;DINSGF;Früheres Bundesgebiet / Neue Länder;DN;Neue Länder;WZ08C7;WZ2008 (ausgewählte Positionen): Tarifindex;WZ08-41-01;Hoch- und Tiefbau;100,0;2020=100;VST072;Index d.tarifl. Stundenverdienste mit Sonderzahl.
62221;Vj. Index der Tarifverdienste und Arbeitszeiten;JAHR;Jahr;2020;DINSGF;Früheres Bundesgebiet / Neue Länder;DN;Neue Länder;WZ08C7;WZ2008 (ausgewählte Positionen): Tarifindex;WZ08-41-01;Hoch- und Tiefbau;100,0;2020=100;VST073;Index d.tarifl. Monatsverdienste mit Sonderzahl.
62221;Vj. Index der Tarifverdienste und Arbeitszeiten;JAHR;Jahr;2020;DINSGF;Früheres Bundesgebiet / Neue Länder;DN;Neue Länder;WZ08C7;WZ2008 (ausgewählte Positionen): Tarifindex;WZ08-41-01;Hoch- und Tiefbau;40,0;h;VST019;Durchschnittliche tarifliche Wochenarbeitszeit
62221;Vj. Index der Tarifverdienste und Arbeitszeiten;JAHR;Jahr;2020;DINSGF;Früheres Bundesgebiet / Neue Länder;DN;Neue Länder;WZ08C7;WZ2008 (ausgewählte Positionen): Tarifindex;WZ08-41-01;Hoch- und Tiefbau;100,0;2020=100;VST066;Index d.tarifl. Monatsverdienste ohne Sonderzahl.
62221;Vj. Index der Tarifverdienste und Arbeitszeiten;JAHR;Jahr;2020;DINSGF;Früheres Bundesgebiet / Neue Länder;DN;Neue Länder;WZ08C7;WZ2008 (ausgewählte Positionen): Tarifindex;WZ08-41-01;Hoch- und Tiefbau;100,0;2020=100;VST018;Index der tariflichen Wochenarbeitszeit
62221;Vj. Index der Tarifverdienste und Arbeitszeiten;JAHR;Jahr;2020;DINSGF;Früheres Bundesgebiet / Neue Länder;DN;Neue Länder;WZ08C7;WZ2008 (ausgewählte Positionen): Tarifindex;WZ08-41-01;Hoch- und Tiefbau;100,0;2020=100;VST065;Index d.tarifl. Stundenverdienste ohne Sonderzahl.
62221;Vj. Index der Tarifverdienste und Arbeitszeiten;JAHR;Jahr;2022;DINSGF;Früheres Bundesgebiet / Neue Länder;DN;Neue Länder;WZ08C7;WZ2008 (ausgewählte Positionen): Tarifindex;WZ08-Q;Gesundheits- und Sozialwesen;105,4;2020=100;VST072;Index d.tarifl. Stundenverdienste mit Sonderzahl.
62221;Vj. Index der Tarifverdienste und Arbeitszeiten;JAHR;Jahr;2022;DINSGF;Früheres Bundesgebiet / Neue Länder;DN;Neue Länder;WZ08C7;WZ2008 (ausgewählte Positionen): Tarifindex;WZ08-Q;Gesundheits- und Sozialwesen;105,1;2020=100;VST073;Index d.tarifl. Monatsverdienste mit Sonderzahl.
62221;Vj. Index der Tarifverdienste und Arbeitszeiten;JAHR;Jahr;2022;DINSGF;Früheres Bundesgebiet / Neue Länder;DN;Neue Länder;WZ08C7;WZ2008 (ausgewählte Positionen): Tarifindex;WZ08-Q;Gesundheits- und Sozialwesen;39,3;h;VST019;Durchschnittliche tarifliche Wochenarbeitszeit
62221;Vj. Index der Tarifverdienste und Arbeitszeiten;JAHR;Jahr;2022;DINSGF;Früheres Bundesgebiet / Neue Länder;DN;Neue Länder;WZ08C7;WZ2008 (ausgewählte Positionen): Tarifindex;WZ08-Q;Gesundheits- und Sozialwesen;104,2;2020=100;VST066;Index d.tarifl. Monatsverdienste ohne Sonderzahl.
62221;Vj. Index der Tarifverdienste und Arbeitszeiten;JAHR;Jahr;2022;DINSGF;Früheres Bundesgebiet / Neue Länder;DN;Neue Länder;WZ08C7;WZ2008 (ausgewählte Positionen): Tarifindex;WZ08-Q;Gesundheits- und Sozialwesen;99,7;2020=100;VST018;Index der tariflichen Wochenarbeitszeit
62221;Vj. Index der Tarifverdienste und Arbeitszeiten;JAHR;Jahr;2022;DINSGF;Früheres Bundesgebiet / Neue Länder;DN;Neue Länder;WZ08C7;WZ2008 (ausgewählte Positionen): Tarifindex;WZ08-Q;Gesundheits- und Sozialwesen;104,5;2020=100;VST065;Index d.tarifl. Stundenverdienste ohne Sonderzahl.
62221;Vj. Index der Tarifverdienste und Arbeitszeiten;JAHR;Jahr;2025;DINSGF;Früheres Bundesgebiet / Neue Länder;DN;Neue Länder;WZ08C7;WZ2008 (ausgewählte Positionen): Tarifindex;WZ08-24;Metallerzeugung und -bearbeitung;113,6;2020=100;VST072;Index d.tarifl. Stundenverdienste mit Sonderzahl.
62221;Vj. Index der Tarifverdienste und Arbeitszeiten;JAHR;Jahr;2025;DINSGF;Früheres Bundesgebiet / Neue Länder;DN;Neue Länder;WZ08C7;WZ2008 (ausgewählte Positionen): Tarifindex;WZ08-24;Metallerzeugung und -bearbeitung;113,6;2020=100;VST073;Index d.tarifl. Monatsverdienste mit Sonderzahl.
62221;Vj. Index der Tarifverdienste und Arbeitszeiten;JAHR;Jahr;2025;DINSGF;Früheres Bundesgebiet / Neue Länder;DN;Neue Länder;WZ08C7;WZ2008 (ausgewählte Positionen): Tarifindex;WZ08-24;Metallerzeugung und -bearbeitung;36,2;h;VST019;Durchschnittliche tarifliche Wochenarbeitszeit
62221;Vj. Index der Tarifverdienste und Arbeitszeiten;JAHR;Jahr;2025;DINSGF;Früheres Bundesgebiet / Neue Länder;DN;Neue Länder;WZ08C7;WZ2008 (ausgewählte Positionen): Tarifindex;WZ08-24;Metallerzeugung und -bearbeitung;110,9;2020=100;VST066;Index d.tarifl. Monatsverdienste ohne Sonderzahl.
62221;Vj. Index der Tarifverdienste und Arbeitszeiten;JAHR;Jahr;2025;DINSGF;Früheres Bundesgebiet / Neue Länder;DN;Neue Länder;WZ08C7;WZ2008 (ausgewählte Positionen): Tarifindex;WZ08-24;Metallerzeugung und -bearbeitung;100,0;2020=100;VST018;Index der tariflichen Wochenarbeitszeit
62221;Vj. Index der Tarifverdienste und Arbeitszeiten;JAHR;Jahr;2025;DINSGF;Früheres Bundesgebiet / Neue Länder;DN;Neue Länder;WZ08C7;WZ2008 (ausgewählte Positionen): Tarifindex;WZ08-24;Metallerzeugung und -bearbeitung;110,9;2020=100;VST065;Index d.tarifl. Stundenverdienste ohne Sonderzahl.
62221;Vj. Index der Tarifverdienste und Arbeitszeiten;JAHR;Jahr;2018;DINSGF;Früheres Bundesgebiet / Neue Länder;DF;Früheres Bundesgebiet;WZ08C7;WZ2008 (ausgewählte Positionen): Tarifindex;WZ08-C;Verarbeitendes Gewerbe;96,2;2020=100;VST072;Index d.tarifl. Stundenverdienste mit Sonderzahl.
62221;Vj. Index der Tarifverdienste und Arbeitszeiten;JAHR;Jahr;2018;DINSGF;Früheres Bundesgebiet / Neue Länder;DF;Früheres Bundesgebiet;WZ08C7;WZ2008 (ausgewählte Positionen): Tarifindex;WZ08-C;Verarbeitendes Gewerbe;96,2;2020=100;VST073;Index d.tarifl. Monatsverdienste mit Sonderzahl.
62221;Vj. Index der Tarifverdienste und Arbeitszeiten;JAHR;Jahr;2018;DINSGF;Früheres Bundesgebiet / Neue Länder;DF;Früheres Bundesgebiet;WZ08C7;WZ2008 (ausgewählte Positionen): Tarifindex;WZ08-C;Verarbeitendes Gewerbe;36,0;h;VST019;Durchschnittliche tarifliche Wochenarbeitszeit
62221;Vj. Index der Tarifverdienste und Arbeitszeiten;JAHR;Jahr;2018;DINSGF;Früheres Bundesgebiet / Neue Länder;DF;Früheres Bundesgebiet;WZ08C7;WZ2008 (ausgewählte Positionen): Tarifindex;WZ08-C;Verarbeitendes Gewerbe;97,8;2020=100;VST066;Index d.tarifl. Monatsverdienste ohne Sonderzahl.
62221;Vj. Index der Tarifverdienste und Arbeitszeiten;JAHR;Jahr;2018;DINSGF;Früheres Bundesgebiet / Neue Länder;DF;Früheres Bundesgebiet;WZ08C7;WZ2008 (ausgewählte Positionen): Tarifindex;WZ08-C;Verarbeitendes Gewerbe;100,0;2020=100;VST018;Index der tariflichen Wochenarbeitszeit
62221;Vj. Index der Tarifverdienste und Arbeitszeiten;JAHR;Jahr;2018;DINSGF;Früheres Bundesgebiet / Neue Länder;DF;Früheres Bundesgebiet;WZ08C7;WZ2008 (ausgewählte Positionen): Tarifindex;WZ08-C;Verarbeitendes Gewerbe;97,8;2020=100;VST065;Index d.tarifl. Stundenverdienste ohne Sonderzahl.
62221;Vj. Index der Tarifverdienste und Arbeitszeiten;JAHR;Jahr;2022;DINSGF;Früheres Bundesgebiet / Neue Länder;DN;Neue Länder;WZ08C7;WZ2008 (ausgewählte Positionen): Tarifindex;WZ08-E;Wasserversorg.,Entsorg.,Beseitig.v.Umweltverschm.;102,8;2020=100;VST072;Index d.tarifl. Stundenverdienste mit Sonderzahl.
62221;Vj. Index der Tarifverdienste und Arbeitszeiten;JAHR;Jahr;2022;DINSGF;Früheres Bundesgebiet / Neue Länder;DN;Neue Länder;WZ08C7;WZ2008 (ausgewählte Positionen): Tarifindex;WZ08-E;Wasserversorg.,Entsorg.,Beseitig.v.Umweltverschm.;102,8;2020=100;VST073;Index d.tarifl. Monatsverdienste mit Sonderzahl.
62221;Vj. Index der Tarifverdienste und Arbeitszeiten;JAHR;Jahr;2022;DINSGF;Früheres Bundesgebiet / Neue Länder;DN;Neue Länder;WZ08C7;WZ2008 (ausgewählte Positionen): Tarifindex;WZ08-E;Wasserversorg.,Entsorg.,Beseitig.v.Umweltverschm.;39,1;h;VST019;Durchschnittliche tarifliche Wochenarbeitszeit
62221;Vj. Index der Tarifverdienste und Arbeitszeiten;JAHR;Jahr;2022;DINSGF;Früheres Bundesgebiet / Neue Länder;DN;Neue Länder;WZ08C7;WZ2008 (ausgewählte Positionen): Tarifindex;WZ08-E;Wasserversorg.,Entsorg.,Beseitig.v.Umweltverschm.;103,3;2020=100;VST066;Index d.tarifl. Monatsverdienste ohne Sonderzahl.
62221;Vj. Index der Tarifverdienste und Arbeitszeiten;JAHR;Jahr;2022;DINSGF;Früheres Bundesgebiet / Neue Länder;DN;Neue Länder;WZ08C7;WZ2008 (ausgewählte Positionen): Tarifindex;WZ08-E;Wasserversorg.,Entsorg.,Beseitig.v.Umweltverschm.;100,0;2020=100;VST018;Index der tariflichen Wochenarbeitszeit
62221;Vj. Index der Tarifverdienste und Arbeitszeiten;JAHR;Jahr;2022;DINSGF;Früheres Bundesgebiet / Neue Länder;DN;Neue Länder;WZ08C7;WZ2008 (ausgewählte Positionen): Tarifindex;WZ08-E;Wasserversorg.,Entsorg.,Beseitig.v.Umweltverschm.;103,3;2020=100;VST065;Index d.tarifl. Stundenverdienste ohne Sonderzahl.
62221;Vj. Index der Tarifverdienste und Arbeitszeiten;JAHR;Jahr;2022;DINSGF;Früheres Bundesgebiet / Neue Länder;DF;Früheres Bundesgebiet;WZ08C7;WZ2008 (ausgewählte Positionen): Tarifindex;WZ08-60;Rundfunkveranstalter;101,2;2020=100;VST072;Index d.tarifl. Stundenverdienste mit Sonderzahl.
62221;Vj. Index der Tarifverdienste und Arbeitszeiten;JAHR;Jahr;2022;DINSGF;Früheres Bundesgebiet / Neue Länder;DF;Früheres Bundesgebiet;WZ08C7;WZ2008 (ausgewählte Positionen): Tarifindex;WZ08-60;Rundfunkveranstalter;101,2;2020=100;VST073;Index d.tarifl. Monatsverdienste mit Sonderzahl.
62221;Vj. Index der Tarifverdienste und Arbeitszeiten;JAHR;Jahr;2022;DINSGF;Früheres Bundesgebiet / Neue Länder;DF;Früheres Bundesgebiet;WZ08C7;WZ2008 (ausgewählte Positionen): Tarifindex;WZ08-60;Rundfunkveranstalter;38,6;h;VST019;Durchschnittliche tarifliche Wochenarbeitszeit
62221;Vj. Index der Tarifverdienste und Arbeitszeiten;JAHR;Jahr;2022;DINSGF;Früheres Bundesgebiet / Neue Länder;DF;Früheres Bundesgebiet;WZ08C7;WZ2008 (ausgewählte Positionen): Tarifindex;WZ08-60;Rundfunkveranstalter;103,0;2020=100;VST066;Index d.tarifl. Monatsverdienste ohne Sonderzahl.
62221;Vj. Index der Tarifverdienste und Arbeitszeiten;JAHR;Jahr;2022;DINSGF;Früheres Bundesgebiet / Neue Länder;DF;Früheres Bundesgebiet;WZ08C7;WZ2008 (ausgewählte Positionen): Tarifindex;WZ08-60;Rundfunkveranstalter;100,0;2020=100;VST018;Index der tariflichen Wochenarbeitszeit
62221;Vj. Index der Tarifverdienste und Arbeitszeiten;JAHR;Jahr;2022;DINSGF;Früheres Bundesgebiet / Neue Länder;DF;Früheres Bundesgebiet;WZ08C7;WZ2008 (ausgewählte Positionen): Tarifindex;WZ08-60;Rundfunkveranstalter;103,0;2020=100;VST065;Index d.tarifl. Stundenverdienste ohne Sonderzahl.
62221;Vj. Index der Tarifverdienste und Arbeitszeiten;JAHR;Jahr;2025;DINSGF;Früheres Bundesgebiet / Neue Länder;DN;Neue Länder;WZ08C7;WZ2008 (ausgewählte Positionen): Tarifindex;WZ08-06;Gewinnung von Erdöl und Erdgas;113,3;2020=100;VST072;Index d.tarifl. Stundenverdienste mit Sonderzahl.
62221;Vj. Index der Tarifverdienste und Arbeitszeiten;JAHR;Jahr;2025;DINSGF;Früheres Bundesgebiet / Neue Länder;DN;Neue Länder;WZ08C7;WZ2008 (ausgewählte Positionen): Tarifindex;WZ08-06;Gewinnung von Erdöl und Erdgas;113,3;2020=100;VST073;Index d.tarifl. Monatsverdienste mit Sonderzahl.
62221;Vj. Index der Tarifverdienste und Arbeitszeiten;JAHR;Jahr;2025;DINSGF;Früheres Bundesgebiet / Neue Länder;DN;Neue Länder;WZ08C7;WZ2008 (ausgewählte Positionen): Tarifindex;WZ08-06;Gewinnung von Erdöl und Erdgas;38,0;h;VST019;Durchschnittliche tarifliche Wochenarbeitszeit
62221;Vj. Index der Tarifverdienste und Arbeitszeiten;JAHR;Jahr;2025;DINSGF;Früheres Bundesgebiet / Neue Länder;DN;Neue Länder;WZ08C7;WZ2008 (ausgewählte Positionen): Tarifindex;WZ08-06;Gewinnung von Erdöl und Erdgas;115,7;2020=100;VST066;Index d.tarifl. Monatsverdienste ohne Sonderzahl.
62221;Vj. Index der Tarifverdienste und Arbeitszeiten;JAHR;Jahr;2025;DINSGF;Früheres Bundesgebiet / Neue Länder;DN;Neue Länder;WZ08C7;WZ2008 (ausgewählte Positionen): Tarifindex;WZ08-06;Gewinnung von Erdöl und Erdgas;100,0;2020=100;VST018;Index der tariflichen Wochenarbeitszeit
62221;Vj. Index der Tarifverdienste und Arbeitszeiten;JAHR;Jahr;2025;DINSGF;Früheres Bundesgebiet / Neue Länder;DN;Neue Länder;WZ08C7;WZ2008 (ausgewählte Positionen): Tarifindex;WZ08-06;Gewinnung von Erdöl und Erdgas;115,7;2020=100;VST065;Index d.tarifl. Stundenverdienste ohne Sonderzahl.
62221;Vj. Index der Tarifverdienste und Arbeitszeiten;JAHR;Jahr;2021;DINSGF;Früheres Bundesgebiet / Neue Länder;DN;Neue Länder;WZ08C7;WZ2008 (ausgewählte Positionen): Tarifindex;WZ08-10;Herstellung von Nahrungs- und Futtermitteln;102,1;2020=100;VST072;Index d.tarifl. Stundenverdienste mit Sonderzahl.
62221;Vj. Index der Tarifverdienste und Arbeitszeiten;JAHR;Jahr;2021;DINSGF;Früheres Bundesgebiet / Neue Länder;DN;Neue Länder;WZ08C7;WZ2008 (ausgewählte Positionen): Tarifindex;WZ08-10;Herstellung von Nahrungs- und Futtermitteln;102,1;2020=100;VST073;Index d.tarifl. Monatsverdienste mit Sonderzahl.
62221;Vj. Index der Tarifverdienste und Arbeitszeiten;JAHR;Jahr;2021;DINSGF;Früheres Bundesgebiet / Neue Länder;DN;Neue Länder;WZ08C7;WZ2008 (ausgewählte Positionen): Tarifindex;WZ08-10;Herstellung von Nahrungs- und Futtermitteln;38,7;h;VST019;Durchschnittliche tarifliche Wochenarbeitszeit
62221;Vj. Index der Tarifverdienste und Arbeitszeiten;JAHR;Jahr;2021;DINSGF;Früheres Bundesgebiet / Neue Länder;DN;Neue Länder;WZ08C7;WZ2008 (ausgewählte Positionen): Tarifindex;WZ08-10;Herstellung von Nahrungs- und Futtermitteln;102,6;2020=100;VST066;Index d.tarifl. Monatsverdienste ohne Sonderzahl.
62221;Vj. Index der Tarifverdienste und Arbeitszeiten;JAHR;Jahr;2021;DINSGF;Früheres Bundesgebiet / Neue Länder;DN;Neue Länder;WZ08C7;WZ2008 (ausgewählte Positionen): Tarifindex;WZ08-10;Herstellung von Nahrungs- und Futtermitteln;100,0;2020=100;VST018;Index der tariflichen Wochenarbeitszeit
62221;Vj. Index der Tarifverdienste und Arbeitszeiten;JAHR;Jahr;2021;DINSGF;Früheres Bundesgebiet / Neue Länder;DN;Neue Länder;WZ08C7;WZ2008 (ausgewählte Positionen): Tarifindex;WZ08-10;Herstellung von Nahrungs- und Futtermitteln;102,6;2020=100;VST065;Index d.tarifl. Stundenverdienste ohne Sonderzahl.
62221;Vj. Index der Tarifverdienste und Arbeitszeiten;JAHR;Jahr;2016;DINSGF;Früheres Bundesgebiet / Neue Länder;DF;Früheres Bundesgebiet;WZ08C7;WZ2008 (ausgewählte Positionen): Tarifindex;WZ08-71;Architektur-,Ing.büros,techn.,physik.Untersuchung;91,1;2020=100;VST072;Index d.tarifl. Stundenverdienste mit Sonderzahl.
62221;Vj. Index der Tarifverdienste und Arbeitszeiten;JAHR;Jahr;2016;DINSGF;Früheres Bundesgebiet / Neue Länder;DF;Früheres Bundesgebiet;WZ08C7;WZ2008 (ausgewählte Positionen): Tarifindex;WZ08-71;Architektur-,Ing.büros,techn.,physik.Untersuchung;91,4;2020=100;VST073;Index d.tarifl. Monatsverdienste mit Sonderzahl.
62221;Vj. Index der Tarifverdienste und Arbeitszeiten;JAHR;Jahr;2016;DINSGF;Früheres Bundesgebiet / Neue Länder;DF;Früheres Bundesgebiet;WZ08C7;WZ2008 (ausgewählte Positionen): Tarifindex;WZ08-71;Architektur-,Ing.büros,techn.,physik.Untersuchung;37,1;h;VST019;Durchschnittliche tarifliche Wochenarbeitszeit
62221;Vj. Index der Tarifverdienste und Arbeitszeiten;JAHR;Jahr;2016;DINSGF;Früheres Bundesgebiet / Neue Länder;DF;Früheres Bundesgebiet;WZ08C7;WZ2008 (ausgewählte Positionen): Tarifindex;WZ08-71;Architektur-,Ing.büros,techn.,physik.Untersuchung;91,6;2020=100;VST066;Index d.tarifl. Monatsverdienste ohne Sonderzahl.
62221;Vj. Index der Tarifverdienste und Arbeitszeiten;JAHR;Jahr;2016;DINSGF;Früheres Bundesgebiet / Neue Länder;DF;Früheres Bundesgebiet;WZ08C7;WZ2008 (ausgewählte Positionen): Tarifindex;WZ08-71;Architektur-,Ing.büros,techn.,physik.Untersuchung;100,2;2020=100;VST018;Index der tariflichen Wochenarbeitszeit
62221;Vj. Index der Tarifverdienste und Arbeitszeiten;JAHR;Jahr;2016;DINSGF;Früheres Bundesgebiet / Neue Länder;DF;Früheres Bundesgebiet;WZ08C7;WZ2008 (ausgewählte Positionen): Tarifindex;WZ08-71;Architektur-,Ing.büros,techn.,physik.Untersuchung;91,3;2020=100;VST065;Index d.tarifl. Stundenverdienste ohne Sonderzahl.
62221;Vj. Index der Tarifverdienste und Arbeitszeiten;JAHR;Jahr;2024;DINSGF;Früheres Bundesgebiet / Neue Länder;DF;Früheres Bundesgebiet;WZ08C7;WZ2008 (ausgewählte Positionen): Tarifindex;WZ08-S;Erbringung von sonstigen Dienstleistungen;111,8;2020=100;VST072;Index d.tarifl. Stundenverdienste mit Sonderzahl.
62221;Vj. Index der Tarifverdienste und Arbeitszeiten;JAHR;Jahr;2024;DINSGF;Früheres Bundesgebiet / Neue Länder;DF;Früheres Bundesgebiet;WZ08C7;WZ2008 (ausgewählte Positionen): Tarifindex;WZ08-S;Erbringung von sonstigen Dienstleistungen;111,7;2020=100;VST073;Index d.tarifl. Monatsverdienste mit Sonderzahl.
62221;Vj. Index der Tarifverdienste und Arbeitszeiten;JAHR;Jahr;2024;DINSGF;Früheres Bundesgebiet / Neue Länder;DF;Früheres Bundesgebiet;WZ08C7;WZ2008 (ausgewählte Positionen): Tarifindex;WZ08-S;Erbringung von sonstigen Dienstleistungen;39,1;h;VST019;Durchschnittliche tarifliche Wochenarbeitszeit
62221;Vj. Index der Tarifverdienste und Arbeitszeiten;JAHR;Jahr;2024;DINSGF;Früheres Bundesgebiet / Neue Länder;DF;Früheres Bundesgebiet;WZ08C7;WZ2008 (ausgewählte Positionen): Tarifindex;WZ08-S;Erbringung von sonstigen Dienstleistungen;109,9;2020=100;VST066;Index d.tarifl. Monatsverdienste ohne Sonderzahl.
62221;Vj. Index der Tarifverdienste und Arbeitszeiten;JAHR;Jahr;2024;DINSGF;Früheres Bundesgebiet / Neue Länder;DF;Früheres Bundesgebiet;WZ08C7;WZ2008 (ausgewählte Positionen): Tarifindex;WZ08-S;Erbringung von sonstigen Dienstleistungen;100,0;2020=100;VST018;Index der tariflichen Wochenarbeitszeit
62221;Vj. Index der Tarifverdienste und Arbeitszeiten;JAHR;Jahr;2024;DINSGF;Früheres Bundesgebiet / Neue Länder;DF;Früheres Bundesgebiet;WZ08C7;WZ2008 (ausgewählte Positionen): Tarifindex;WZ08-S;Erbringung von sonstigen Dienstleistungen;109,9;2020=100;VST065;Index d.tarifl. Stundenverdienste ohne Sonderzahl.
62221;Vj. Index der Tarifverdienste und Arbeitszeiten;JAHR;Jahr;2016;DINSGF;Früheres Bundesgebiet / Neue Länder;DF;Früheres Bundesgebiet;WZ08C7;WZ2008 (ausgewählte Positionen): Tarifindex;WZ08-38-01;Recycling, Beseitigung von Umweltverschmutzungen;89,0;2020=100;VST072;Index d.tarifl. Stundenverdienste mit Sonderzahl.
62221;Vj. Index der Tarifverdienste und Arbeitszeiten;JAHR;Jahr;2016;DINSGF;Früheres Bundesgebiet / Neue Länder;DF;Früheres Bundesgebiet;WZ08C7;WZ2008 (ausgewählte Positionen): Tarifindex;WZ08-38-01;Recycling, Beseitigung von Umweltverschmutzungen;89,0;2020=100;VST073;Index d.tarifl. Monatsverdienste mit Sonderzahl.
62221;Vj. Index der Tarifverdienste und Arbeitszeiten;JAHR;Jahr;2016;DINSGF;Früheres Bundesgebiet / Neue Länder;DF;Früheres Bundesgebiet;WZ08C7;WZ2008 (ausgewählte Positionen): Tarifindex;WZ08-38-01;Recycling, Beseitigung von Umweltverschmutzungen;39,0;h;VST019;Durchschnittliche tarifliche Wochenarbeitszeit
62221;Vj. Index der Tarifverdienste und Arbeitszeiten;JAHR;Jahr;2016;DINSGF;Früheres Bundesgebiet / Neue Länder;DF;Früheres Bundesgebiet;WZ08C7;WZ2008 (ausgewählte Positionen): Tarifindex;WZ08-38-01;Recycling, Beseitigung von Umweltverschmutzungen;89,7;2020=100;VST066;Index d.tarifl. Monatsverdienste ohne Sonderzahl.
62221;Vj. Index der Tarifverdienste und Arbeitszeiten;JAHR;Jahr;2016;DINSGF;Früheres Bundesgebiet / Neue Länder;DF;Früheres Bundesgebiet;WZ08C7;WZ2008 (ausgewählte Positionen): Tarifindex;WZ08-38-01;Recycling, Beseitigung von Umweltverschmutzungen;100,0;2020=100;VST018;Index der tariflichen Wochenarbeitszeit
62221;Vj. Index der Tarifverdienste und Arbeitszeiten;JAHR;Jahr;2016;DINSGF;Früheres Bundesgebiet / Neue Länder;DF;Früheres Bundesgebiet;WZ08C7;WZ2008 (ausgewählte Positionen): Tarifindex;WZ08-38-01;Recycling, Beseitigung von Umweltverschmutzungen;89,7;2020=100;VST065;Index d.tarifl. Stundenverdienste ohne Sonderzahl.
62221;Vj. Index der Tarifverdienste und Arbeitszeiten;JAHR;Jahr;2023;DINSGF;Früheres Bundesgebiet / Neue Länder;DF;Früheres Bundesgebiet;WZ08C7;WZ2008 (ausgewählte Positionen): Tarifindex;WZ08-78;Vermittlung und Überlassung von Arbeitskräften;119,2;2020=100;VST072;Index d.tarifl. Stundenverdienste mit Sonderzahl.
62221;Vj. Index der Tarifverdienste und Arbeitszeiten;JAHR;Jahr;2023;DINSGF;Früheres Bundesgebiet / Neue Länder;DF;Früheres Bundesgebiet;WZ08C7;WZ2008 (ausgewählte Positionen): Tarifindex;WZ08-78;Vermittlung und Überlassung von Arbeitskräften;119,2;2020=100;VST073;Index d.tarifl. Monatsverdienste mit Sonderzahl.
62221;Vj. Index der Tarifverdienste und Arbeitszeiten;JAHR;Jahr;2023;DINSGF;Früheres Bundesgebiet / Neue Länder;DF;Früheres Bundesgebiet;WZ08C7;WZ2008 (ausgewählte Positionen): Tarifindex;WZ08-78;Vermittlung und Überlassung von Arbeitskräften;35,1;h;VST019;Durchschnittliche tarifliche Wochenarbeitszeit
62221;Vj. Index der Tarifverdienste und Arbeitszeiten;JAHR;Jahr;2023;DINSGF;Früheres Bundesgebiet / Neue Länder;DF;Früheres Bundesgebiet;WZ08C7;WZ2008 (ausgewählte Positionen): Tarifindex;WZ08-78;Vermittlung und Überlassung von Arbeitskräften;119,1;2020=100;VST066;Index d.tarifl. Monatsverdienste ohne Sonderzahl.
62221;Vj. Index der Tarifverdienste und Arbeitszeiten;JAHR;Jahr;2023;DINSGF;Früheres Bundesgebiet / Neue Länder;DF;Früheres Bundesgebiet;WZ08C7;WZ2008 (ausgewählte Positionen): Tarifindex;WZ08-78;Vermittlung und Überlassung von Arbeitskräften;100,0;2020=100;VST018;Index der tariflichen Wochenarbeitszeit
62221;Vj. Index der Tarifverdienste und Arbeitszeiten;JAHR;Jahr;2023;DINSGF;Früheres Bundesgebiet / Neue Länder;DF;Früheres Bundesgebiet;WZ08C7;WZ2008 (ausgewählte Positionen): Tarifindex;WZ08-78;Vermittlung und Überlassung von Arbeitskräften;119,1;2020=100;VST065;Index d.tarifl. Stundenverdienste ohne Sonderzahl.
62221;Vj. Index der Tarifverdienste und Arbeitszeiten;JAHR;Jahr;2020;DINSGF;Früheres Bundesgebiet / Neue Länder;DN;Neue Länder;WZ08C7;WZ2008 (ausgewählte Positionen): Tarifindex;WZ08-22;Herstellung von Gummi- und Kunststoffwaren;100,0;2020=100;VST072;Index d.tarifl. Stundenverdienste mit Sonderzahl.
62221;Vj. Index der Tarifverdienste und Arbeitszeiten;JAHR;Jahr;2020;DINSGF;Früheres Bundesgebiet / Neue Länder;DN;Neue Länder;WZ08C7;WZ2008 (ausgewählte Positionen): Tarifindex;WZ08-22;Herstellung von Gummi- und Kunststoffwaren;100,0;2020=100;VST073;Index d.tarifl. Monatsverdienste mit Sonderzahl.
62221;Vj. Index der Tarifverdienste und Arbeitszeiten;JAHR;Jahr;2020;DINSGF;Früheres Bundesgebiet / Neue Länder;DN;Neue Länder;WZ08C7;WZ2008 (ausgewählte Positionen): Tarifindex;WZ08-22;Herstellung von Gummi- und Kunststoffwaren;39,4;h;VST019;Durchschnittliche tarifliche Wochenarbeitszeit
62221;Vj. Index der Tarifverdienste und Arbeitszeiten;JAHR;Jahr;2020;DINSGF;Früheres Bundesgebiet / Neue Länder;DN;Neue Länder;WZ08C7;WZ2008 (ausgewählte Positionen): Tarifindex;WZ08-22;Herstellung von Gummi- und Kunststoffwaren;100,0;2020=100;VST066;Index d.tarifl. Monatsverdienste ohne Sonderzahl.
62221;Vj. Index der Tarifverdienste und Arbeitszeiten;JAHR;Jahr;2020;DINSGF;Früheres Bundesgebiet / Neue Länder;DN;Neue Länder;WZ08C7;WZ2008 (ausgewählte Positionen): Tarifindex;WZ08-22;Herstellung von Gummi- und Kunststoffwaren;100,0;2020=100;VST018;Index der tariflichen Wochenarbeitszeit
62221;Vj. Index der Tarifverdienste und Arbeitszeiten;JAHR;Jahr;2020;DINSGF;Früheres Bundesgebiet / Neue Länder;DN;Neue Länder;WZ08C7;WZ2008 (ausgewählte Positionen): Tarifindex;WZ08-22;Herstellung von Gummi- und Kunststoffwaren;100,0;2020=100;VST065;Index d.tarifl. Stundenverdienste ohne Sonderzahl.
62221;Vj. Index der Tarifverdienste und Arbeitszeiten;JAHR;Jahr;2020;DINSGF;Früheres Bundesgebiet / Neue Länder;DF;Früheres Bundesgebiet;WZ08C7;WZ2008 (ausgewählte Positionen): Tarifindex;WZ08-B-05;Produzierendes Gewerbe;100,0;2020=100;VST072;Index d.tarifl. Stundenverdienste mit Sonderzahl.
62221;Vj. Index der Tarifverdienste und Arbeitszeiten;JAHR;Jahr;2020;DINSGF;Früheres Bundesgebiet / Neue Länder;DF;Früheres Bundesgebiet;WZ08C7;WZ2008 (ausgewählte Positionen): Tarifindex;WZ08-B-05;Produzierendes Gewerbe;100,0;2020=100;VST073;Index d.tarifl. Monatsverdienste mit Sonderzahl.
62221;Vj. Index der Tarifverdienste und Arbeitszeiten;JAHR;Jahr;2020;DINSGF;Früheres Bundesgebiet / Neue Länder;DF;Früheres Bundesgebiet;WZ08C7;WZ2008 (ausgewählte Positionen): Tarifindex;WZ08-B-05;Produzierendes Gewerbe;36,7;h;VST019;Durchschnittliche tarifliche Wochenarbeitszeit
62221;Vj. Index der Tarifverdienste und Arbeitszeiten;JAHR;Jahr;2020;DINSGF;Früheres Bundesgebiet / Neue Länder;DF;Früheres Bundesgebiet;WZ08C7;WZ2008 (ausgewählte Positionen): Tarifindex;WZ08-B-05;Produzierendes Gewerbe;100,0;2020=100;VST066;Index d.tarifl. Monatsverdienste ohne Sonderzahl.
62221;Vj. Index der Tarifverdienste und Arbeitszeiten;JAHR;Jahr;2020;DINSGF;Früheres Bundesgebiet / Neue Länder;DF;Früheres Bundesgebiet;WZ08C7;WZ2008 (ausgewählte Positionen): Tarifindex;WZ08-B-05;Produzierendes Gewerbe;100,0;2020=100;VST018;Index der tariflichen Wochenarbeitszeit
62221;Vj. Index der Tarifverdienste und Arbeitszeiten;JAHR;Jahr;2020;DINSGF;Früheres Bundesgebiet / Neue Länder;DF;Früheres Bundesgebiet;WZ08C7;WZ2008 (ausgewählte Positionen): Tarifindex;WZ08-B-05;Produzierendes Gewerbe;100,0;2020=100;VST065;Index d.tarifl. Stundenverdienste ohne Sonderzahl.
62221;Vj. Index der Tarifverdienste und Arbeitszeiten;JAHR;Jahr;2021;DINSGF;Früheres Bundesgebiet / Neue Länder;DN;Neue Länder;WZ08C7;WZ2008 (ausgewählte Positionen): Tarifindex;WZ-X001;Vorleistungsgüterproduzenten;101,9;2020=100;VST072;Index d.tarifl. Stundenverdienste mit Sonderzahl.
62221;Vj. Index der Tarifverdienste und Arbeitszeiten;JAHR;Jahr;2021;DINSGF;Früheres Bundesgebiet / Neue Länder;DN;Neue Länder;WZ08C7;WZ2008 (ausgewählte Positionen): Tarifindex;WZ-X001;Vorleistungsgüterproduzenten;101,6;2020=100;VST073;Index d.tarifl. Monatsverdienste mit Sonderzahl.
62221;Vj. Index der Tarifverdienste und Arbeitszeiten;JAHR;Jahr;2021;DINSGF;Früheres Bundesgebiet / Neue Länder;DN;Neue Länder;WZ08C7;WZ2008 (ausgewählte Positionen): Tarifindex;WZ-X001;Vorleistungsgüterproduzenten;38,2;h;VST019;Durchschnittliche tarifliche Wochenarbeitszeit
62221;Vj. Index der Tarifverdienste und Arbeitszeiten;JAHR;Jahr;2021;DINSGF;Früheres Bundesgebiet / Neue Länder;DN;Neue Länder;WZ08C7;WZ2008 (ausgewählte Positionen): Tarifindex;WZ-X001;Vorleistungsgüterproduzenten;101,2;2020=100;VST066;Index d.tarifl. Monatsverdienste ohne Sonderzahl.
62221;Vj. Index der Tarifverdienste und Arbeitszeiten;JAHR;Jahr;2021;DINSGF;Früheres Bundesgebiet / Neue Länder;DN;Neue Länder;WZ08C7;WZ2008 (ausgewählte Positionen): Tarifindex;WZ-X001;Vorleistungsgüterproduzenten;99,7;2020=100;VST018;Index der tariflichen Wochenarbeitszeit
62221;Vj. Index der Tarifverdienste und Arbeitszeiten;JAHR;Jahr;2021;DINSGF;Früheres Bundesgebiet / Neue Länder;DN;Neue Länder;WZ08C7;WZ2008 (ausgewählte Positionen): Tarifindex;WZ-X001;Vorleistungsgüterproduzenten;101,5;2020=100;VST065;Index d.tarifl. Stundenverdienste ohne Sonderzahl.
62221;Vj. Index der Tarifverdienste und Arbeitszeiten;JAHR;Jahr;2023;DINSGF;Früheres Bundesgebiet / Neue Länder;DF;Früheres Bundesgebiet;WZ08C7;WZ2008 (ausgewählte Positionen): Tarifindex;WZ08-27;Herstellung von elektrischen Ausrüstungen;107,6;2020=100;VST072;Index d.tarifl. Stundenverdienste mit Sonderzahl.
62221;Vj. Index der Tarifverdienste und Arbeitszeiten;JAHR;Jahr;2023;DINSGF;Früheres Bundesgebiet / Neue Länder;DF;Früheres Bundesgebiet;WZ08C7;WZ2008 (ausgewählte Positionen): Tarifindex;WZ08-27;Herstellung von elektrischen Ausrüstungen;107,6;2020=100;VST073;Index d.tarifl. Monatsverdienste mit Sonderzahl.
62221;Vj. Index der Tarifverdienste und Arbeitszeiten;JAHR;Jahr;2023;DINSGF;Früheres Bundesgebiet / Neue Länder;DF;Früheres Bundesgebiet;WZ08C7;WZ2008 (ausgewählte Positionen): Tarifindex;WZ08-27;Herstellung von elektrischen Ausrüstungen;35,1;h;VST019;Durchschnittliche tarifliche Wochenarbeitszeit
62221;Vj. Index der Tarifverdienste und Arbeitszeiten;JAHR;Jahr;2023;DINSGF;Früheres Bundesgebiet / Neue Länder;DF;Früheres Bundesgebiet;WZ08C7;WZ2008 (ausgewählte Positionen): Tarifindex;WZ08-27;Herstellung von elektrischen Ausrüstungen;103,1;2020=100;VST066;Index d.tarifl. Monatsverdienste ohne Sonderzahl.
62221;Vj. Index der Tarifverdienste und Arbeitszeiten;JAHR;Jahr;2023;DINSGF;Früheres Bundesgebiet / Neue Länder;DF;Früheres Bundesgebiet;WZ08C7;WZ2008 (ausgewählte Positionen): Tarifindex;WZ08-27;Herstellung von elektrischen Ausrüstungen;100,0;2020=100;VST018;Index der tariflichen Wochenarbeitszeit
62221;Vj. Index der Tarifverdienste und Arbeitszeiten;JAHR;Jahr;2023;DINSGF;Früheres Bundesgebiet / Neue Länder;DF;Früheres Bundesgebiet;WZ08C7;WZ2008 (ausgewählte Positionen): Tarifindex;WZ08-27;Herstellung von elektrischen Ausrüstungen;103,1;2020=100;VST065;Index d.tarifl. Stundenverdienste ohne Sonderzahl.
62221;Vj. Index der Tarifverdienste und Arbeitszeiten;JAHR;Jahr;2021;DINSGF;Früheres Bundesgebiet / Neue Länder;DF;Früheres Bundesgebiet;WZ08C7;WZ2008 (ausgewählte Positionen): Tarifindex;WZ08-B-11;Produzierendes Gewerbe, Handel u.A.;101,3;2020=100;VST072;Index d.tarifl. Stundenverdienste mit Sonderzahl.
62221;Vj. Index der Tarifverdienste und Arbeitszeiten;JAHR;Jahr;2021;DINSGF;Früheres Bundesgebiet / Neue Länder;DF;Früheres Bundesgebiet;WZ08C7;WZ2008 (ausgewählte Positionen): Tarifindex;WZ08-B-11;Produzierendes Gewerbe, Handel u.A.;101,2;2020=100;VST073;Index d.tarifl. Monatsverdienste mit Sonderzahl.
62221;Vj. Index der Tarifverdienste und Arbeitszeiten;JAHR;Jahr;2021;DINSGF;Früheres Bundesgebiet / Neue Länder;DF;Früheres Bundesgebiet;WZ08C7;WZ2008 (ausgewählte Positionen): Tarifindex;WZ08-B-11;Produzierendes Gewerbe, Handel u.A.;38,1;h;VST019;Durchschnittliche tarifliche Wochenarbeitszeit
62221;Vj. Index der Tarifverdienste und Arbeitszeiten;JAHR;Jahr;2021;DINSGF;Früheres Bundesgebiet / Neue Länder;DF;Früheres Bundesgebiet;WZ08C7;WZ2008 (ausgewählte Positionen): Tarifindex;WZ08-B-11;Produzierendes Gewerbe, Handel u.A.;101,1;2020=100;VST066;Index d.tarifl. Monatsverdienste ohne Sonderzahl.
62221;Vj. Index der Tarifverdienste und Arbeitszeiten;JAHR;Jahr;2021;DINSGF;Früheres Bundesgebiet / Neue Länder;DF;Früheres Bundesgebiet;WZ08C7;WZ2008 (ausgewählte Positionen): Tarifindex;WZ08-B-11;Produzierendes Gewerbe, Handel u.A.;100,0;2020=100;VST018;Index der tariflichen Wochenarbeitszeit
62221;Vj. Index der Tarifverdienste und Arbeitszeiten;JAHR;Jahr;2021;DINSGF;Früheres Bundesgebiet / Neue Länder;DF;Früheres Bundesgebiet;WZ08C7;WZ2008 (ausgewählte Positionen): Tarifindex;WZ08-B-11;Produzierendes Gewerbe, Handel u.A.;101,1;2020=100;VST065;Index d.tarifl. Stundenverdienste ohne Sonderzahl.
62221;Vj. Index der Tarifverdienste und Arbeitszeiten;JAHR;Jahr;2019;DINSGF;Früheres Bundesgebiet / Neue Länder;DN;Neue Länder;WZ08C7;WZ2008 (ausgewählte Positionen): Tarifindex;WZ08-69-02;Rechts- und Steuerberatung, Unternehmensberatung;97,8;2020=100;VST072;Index d.tarifl. Stundenverdienste mit Sonderzahl.
62221;Vj. Index der Tarifverdienste und Arbeitszeiten;JAHR;Jahr;2019;DINSGF;Früheres Bundesgebiet / Neue Länder;DN;Neue Länder;WZ08C7;WZ2008 (ausgewählte Positionen): Tarifindex;WZ08-69-02;Rechts- und Steuerberatung, Unternehmensberatung;97,8;2020=100;VST073;Index d.tarifl. Monatsverdienste mit Sonderzahl.
62221;Vj. Index der Tarifverdienste und Arbeitszeiten;JAHR;Jahr;2019;DINSGF;Früheres Bundesgebiet / Neue Länder;DN;Neue Länder;WZ08C7;WZ2008 (ausgewählte Positionen): Tarifindex;WZ08-69-02;Rechts- und Steuerberatung, Unternehmensberatung;38,6;h;VST019;Durchschnittliche tarifliche Wochenarbeitszeit
62221;Vj. Index der Tarifverdienste und Arbeitszeiten;JAHR;Jahr;2019;DINSGF;Früheres Bundesgebiet / Neue Länder;DN;Neue Länder;WZ08C7;WZ2008 (ausgewählte Positionen): Tarifindex;WZ08-69-02;Rechts- und Steuerberatung, Unternehmensberatung;97,9;2020=100;VST066;Index d.tarifl. Monatsverdienste ohne Sonderzahl.
62221;Vj. Index der Tarifverdienste und Arbeitszeiten;JAHR;Jahr;2019;DINSGF;Früheres Bundesgebiet / Neue Länder;DN;Neue Länder;WZ08C7;WZ2008 (ausgewählte Positionen): Tarifindex;WZ08-69-02;Rechts- und Steuerberatung, Unternehmensberatung;100,0;2020=100;VST018;Index der tariflichen Wochenarbeitszeit
62221;Vj. Index der Tarifverdienste und Arbeitszeiten;JAHR;Jahr;2019;DINSGF;Früheres Bundesgebiet / Neue Länder;DN;Neue Länder;WZ08C7;WZ2008 (ausgewählte Positionen): Tarifindex;WZ08-69-02;Rechts- und Steuerberatung, Unternehmensberatung;97,8;2020=100;VST065;Index d.tarifl. Stundenverdienste ohne Sonderzahl.
62221;Vj. Index der Tarifverdienste und Arbeitszeiten;JAHR;Jahr;2023;DINSGF;Früheres Bundesgebiet / Neue Länder;DF;Früheres Bundesgebiet;WZ08C7;WZ2008 (ausgewählte Positionen): Tarifindex;WZ08-30;Sonstiger Fahrzeugbau;107,3;2020=100;VST072;Index d.tarifl. Stundenverdienste mit Sonderzahl.
62221;Vj. Index der Tarifverdienste und Arbeitszeiten;JAHR;Jahr;2023;DINSGF;Früheres Bundesgebiet / Neue Länder;DF;Früheres Bundesgebiet;WZ08C7;WZ2008 (ausgewählte Positionen): Tarifindex;WZ08-30;Sonstiger Fahrzeugbau;107,3;2020=100;VST073;Index d.tarifl. Monatsverdienste mit Sonderzahl.
62221;Vj. Index der Tarifverdienste und Arbeitszeiten;JAHR;Jahr;2023;DINSGF;Früheres Bundesgebiet / Neue Länder;DF;Früheres Bundesgebiet;WZ08C7;WZ2008 (ausgewählte Positionen): Tarifindex;WZ08-30;Sonstiger Fahrzeugbau;35,1;h;VST019;Durchschnittliche tarifliche Wochenarbeitszeit
62221;Vj. Index der Tarifverdienste und Arbeitszeiten;JAHR;Jahr;2023;DINSGF;Früheres Bundesgebiet / Neue Länder;DF;Früheres Bundesgebiet;WZ08C7;WZ2008 (ausgewählte Positionen): Tarifindex;WZ08-30;Sonstiger Fahrzeugbau;103,1;2020=100;VST066;Index d.tarifl. Monatsverdienste ohne Sonderzahl.
62221;Vj. Index der Tarifverdienste und Arbeitszeiten;JAHR;Jahr;2023;DINSGF;Früheres Bundesgebiet / Neue Länder;DF;Früheres Bundesgebiet;WZ08C7;WZ2008 (ausgewählte Positionen): Tarifindex;WZ08-30;Sonstiger Fahrzeugbau;100,0;2020=100;VST018;Index der tariflichen Wochenarbeitszeit
62221;Vj. Index der Tarifverdienste und Arbeitszeiten;JAHR;Jahr;2023;DINSGF;Früheres Bundesgebiet / Neue Länder;DF;Früheres Bundesgebiet;WZ08C7;WZ2008 (ausgewählte Positionen): Tarifindex;WZ08-30;Sonstiger Fahrzeugbau;103,1;2020=100;VST065;Index d.tarifl. Stundenverdienste ohne Sonderzahl.
62221;Vj. Index der Tarifverdienste und Arbeitszeiten;JAHR;Jahr;2016;DINSGF;Früheres Bundesgebiet / Neue Länder;DF;Früheres Bundesgebiet;WZ08C7;WZ2008 (ausgewählte Positionen): Tarifindex;WZ08-53;Post-, Kurier- und Expressdienste;88,2;2020=100;VST072;Index d.tarifl. Stundenverdienste mit Sonderzahl.
62221;Vj. Index der Tarifverdienste und Arbeitszeiten;JAHR;Jahr;2016;DINSGF;Früheres Bundesgebiet / Neue Länder;DF;Früheres Bundesgebiet;WZ08C7;WZ2008 (ausgewählte Positionen): Tarifindex;WZ08-53;Post-, Kurier- und Expressdienste;88,2;2020=100;VST073;Index d.tarifl. Monatsverdienste mit Sonderzahl.
62221;Vj. Index der Tarifverdienste und Arbeitszeiten;JAHR;Jahr;2016;DINSGF;Früheres Bundesgebiet / Neue Länder;DF;Früheres Bundesgebiet;WZ08C7;WZ2008 (ausgewählte Positionen): Tarifindex;WZ08-53;Post-, Kurier- und Expressdienste;39,2;h;VST019;Durchschnittliche tarifliche Wochenarbeitszeit
62221;Vj. Index der Tarifverdienste und Arbeitszeiten;JAHR;Jahr;2016;DINSGF;Früheres Bundesgebiet / Neue Länder;DF;Früheres Bundesgebiet;WZ08C7;WZ2008 (ausgewählte Positionen): Tarifindex;WZ08-53;Post-, Kurier- und Expressdienste;89,0;2020=100;VST066;Index d.tarifl. Monatsverdienste ohne Sonderzahl.
62221;Vj. Index der Tarifverdienste und Arbeitszeiten;JAHR;Jahr;2016;DINSGF;Früheres Bundesgebiet / Neue Länder;DF;Früheres Bundesgebiet;WZ08C7;WZ2008 (ausgewählte Positionen): Tarifindex;WZ08-53;Post-, Kurier- und Expressdienste;100,0;2020=100;VST018;Index der tariflichen Wochenarbeitszeit
62221;Vj. Index der Tarifverdienste und Arbeitszeiten;JAHR;Jahr;2016;DINSGF;Früheres Bundesgebiet / Neue Länder;DF;Früheres Bundesgebiet;WZ08C7;WZ2008 (ausgewählte Positionen): Tarifindex;WZ08-53;Post-, Kurier- und Expressdienste;89,0;2020=100;VST065;Index d.tarifl. Stundenverdienste ohne Sonderzahl.
62221;Vj. Index der Tarifverdienste und Arbeitszeiten;JAHR;Jahr;2016;DINSGF;Früheres Bundesgebiet / Neue Länder;DF;Früheres Bundesgebiet;WZ08C7;WZ2008 (ausgewählte Positionen): Tarifindex;WZ08-52-01;Lagerei und Kurierdienste;89,6;2020=100;VST072;Index d.tarifl. Stundenverdienste mit Sonderzahl.
62221;Vj. Index der Tarifverdienste und Arbeitszeiten;JAHR;Jahr;2016;DINSGF;Früheres Bundesgebiet / Neue Länder;DF;Früheres Bundesgebiet;WZ08C7;WZ2008 (ausgewählte Positionen): Tarifindex;WZ08-52-01;Lagerei und Kurierdienste;89,6;2020=100;VST073;Index d.tarifl. Monatsverdienste mit Sonderzahl.
62221;Vj. Index der Tarifverdienste und Arbeitszeiten;JAHR;Jahr;2016;DINSGF;Früheres Bundesgebiet / Neue Länder;DF;Früheres Bundesgebiet;WZ08C7;WZ2008 (ausgewählte Positionen): Tarifindex;WZ08-52-01;Lagerei und Kurierdienste;38,8;h;VST019;Durchschnittliche tarifliche Wochenarbeitszeit
62221;Vj. Index der Tarifverdienste und Arbeitszeiten;JAHR;Jahr;2016;DINSGF;Früheres Bundesgebiet / Neue Länder;DF;Früheres Bundesgebiet;WZ08C7;WZ2008 (ausgewählte Positionen): Tarifindex;WZ08-52-01;Lagerei und Kurierdienste;90,2;2020=100;VST066;Index d.tarifl. Monatsverdienste ohne Sonderzahl.
62221;Vj. Index der Tarifverdienste und Arbeitszeiten;JAHR;Jahr;2016;DINSGF;Früheres Bundesgebiet / Neue Länder;DF;Früheres Bundesgebiet;WZ08C7;WZ2008 (ausgewählte Positionen): Tarifindex;WZ08-52-01;Lagerei und Kurierdienste;100,0;2020=100;VST018;Index der tariflichen Wochenarbeitszeit
62221;Vj. Index der Tarifverdienste und Arbeitszeiten;JAHR;Jahr;2016;DINSGF;Früheres Bundesgebiet / Neue Länder;DF;Früheres Bundesgebiet;WZ08C7;WZ2008 (ausgewählte Positionen): Tarifindex;WZ08-52-01;Lagerei und Kurierdienste;90,2;2020=100;VST065;Index d.tarifl. Stundenverdienste ohne Sonderzahl.
62221;Vj. Index der Tarifverdienste und Arbeitszeiten;JAHR;Jahr;2022;DINSGF;Früheres Bundesgebiet / Neue Länder;DF;Früheres Bundesgebiet;WZ08C7;WZ2008 (ausgewählte Positionen): Tarifindex;WZ08-24;Metallerzeugung und -bearbeitung;102,2;2020=100;VST072;Index d.tarifl. Stundenverdienste mit Sonderzahl.
62221;Vj. Index der Tarifverdienste und Arbeitszeiten;JAHR;Jahr;2022;DINSGF;Früheres Bundesgebiet / Neue Länder;DF;Früheres Bundesgebiet;WZ08C7;WZ2008 (ausgewählte Positionen): Tarifindex;WZ08-24;Metallerzeugung und -bearbeitung;102,2;2020=100;VST073;Index d.tarifl. Monatsverdienste mit Sonderzahl.
62221;Vj. Index der Tarifverdienste und Arbeitszeiten;JAHR;Jahr;2022;DINSGF;Früheres Bundesgebiet / Neue Länder;DF;Früheres Bundesgebiet;WZ08C7;WZ2008 (ausgewählte Positionen): Tarifindex;WZ08-24;Metallerzeugung und -bearbeitung;35,2;h;VST019;Durchschnittliche tarifliche Wochenarbeitszeit
62221;Vj. Index der Tarifverdienste und Arbeitszeiten;JAHR;Jahr;2022;DINSGF;Früheres Bundesgebiet / Neue Länder;DF;Früheres Bundesgebiet;WZ08C7;WZ2008 (ausgewählte Positionen): Tarifindex;WZ08-24;Metallerzeugung und -bearbeitung;100,7;2020=100;VST066;Index d.tarifl. Monatsverdienste ohne Sonderzahl.
62221;Vj. Index der Tarifverdienste und Arbeitszeiten;JAHR;Jahr;2022;DINSGF;Früheres Bundesgebiet / Neue Länder;DF;Früheres Bundesgebiet;WZ08C7;WZ2008 (ausgewählte Positionen): Tarifindex;WZ08-24;Metallerzeugung und -bearbeitung;100,0;2020=100;VST018;Index der tariflichen Wochenarbeitszeit
62221;Vj. Index der Tarifverdienste und Arbeitszeiten;JAHR;Jahr;2022;DINSGF;Früheres Bundesgebiet / Neue Länder;DF;Früheres Bundesgebiet;WZ08C7;WZ2008 (ausgewählte Positionen): Tarifindex;WZ08-24;Metallerzeugung und -bearbeitung;100,7;2020=100;VST065;Index d.tarifl. Stundenverdienste ohne Sonderzahl.
62221;Vj. Index der Tarifverdienste und Arbeitszeiten;JAHR;Jahr;2017;DINSGF;Früheres Bundesgebiet / Neue Länder;DN;Neue Länder;WZ08C7;WZ2008 (ausgewählte Positionen): Tarifindex;WZ08-10-02;Ernährungsgewerbe;92,7;2020=100;VST072;Index d.tarifl. Stundenverdienste mit Sonderzahl.
62221;Vj. Index der Tarifverdienste und Arbeitszeiten;JAHR;Jahr;2017;DINSGF;Früheres Bundesgebiet / Neue Länder;DN;Neue Länder;WZ08C7;WZ2008 (ausgewählte Positionen): Tarifindex;WZ08-10-02;Ernährungsgewerbe;92,7;2020=100;VST073;Index d.tarifl. Monatsverdienste mit Sonderzahl.
62221;Vj. Index der Tarifverdienste und Arbeitszeiten;JAHR;Jahr;2017;DINSGF;Früheres Bundesgebiet / Neue Länder;DN;Neue Länder;WZ08C7;WZ2008 (ausgewählte Positionen): Tarifindex;WZ08-10-02;Ernährungsgewerbe;38,7;h;VST019;Durchschnittliche tarifliche Wochenarbeitszeit
62221;Vj. Index der Tarifverdienste und Arbeitszeiten;JAHR;Jahr;2017;DINSGF;Früheres Bundesgebiet / Neue Länder;DN;Neue Länder;WZ08C7;WZ2008 (ausgewählte Positionen): Tarifindex;WZ08-10-02;Ernährungsgewerbe;93,0;2020=100;VST066;Index d.tarifl. Monatsverdienste ohne Sonderzahl.
62221;Vj. Index der Tarifverdienste und Arbeitszeiten;JAHR;Jahr;2017;DINSGF;Früheres Bundesgebiet / Neue Länder;DN;Neue Länder;WZ08C7;WZ2008 (ausgewählte Positionen): Tarifindex;WZ08-10-02;Ernährungsgewerbe;100,0;2020=100;VST018;Index der tariflichen Wochenarbeitszeit
62221;Vj. Index der Tarifverdienste und Arbeitszeiten;JAHR;Jahr;2017;DINSGF;Früheres Bundesgebiet / Neue Länder;DN;Neue Länder;WZ08C7;WZ2008 (ausgewählte Positionen): Tarifindex;WZ08-10-02;Ernährungsgewerbe;93,0;2020=100;VST065;Index d.tarifl. Stundenverdienste ohne Sonderzahl.
62221;Vj. Index der Tarifverdienste und Arbeitszeiten;JAHR;Jahr;2021;DINSGF;Früheres Bundesgebiet / Neue Länder;DN;Neue Länder;WZ08C7;WZ2008 (ausgewählte Positionen): Tarifindex;WZ08-N;Sonstige wirtschaftliche Dienstleistungen;103,7;2020=100;VST072;Index d.tarifl. Stundenverdienste mit Sonderzahl.
62221;Vj. Index der Tarifverdienste und Arbeitszeiten;JAHR;Jahr;2021;DINSGF;Früheres Bundesgebiet / Neue Länder;DN;Neue Länder;WZ08C7;WZ2008 (ausgewählte Positionen): Tarifindex;WZ08-N;Sonstige wirtschaftliche Dienstleistungen;103,7;2020=100;VST073;Index d.tarifl. Monatsverdienste mit Sonderzahl.
62221;Vj. Index der Tarifverdienste und Arbeitszeiten;JAHR;Jahr;2021;DINSGF;Früheres Bundesgebiet / Neue Länder;DN;Neue Länder;WZ08C7;WZ2008 (ausgewählte Positionen): Tarifindex;WZ08-N;Sonstige wirtschaftliche Dienstleistungen;37,6;h;VST019;Durchschnittliche tarifliche Wochenarbeitszeit
62221;Vj. Index der Tarifverdienste und Arbeitszeiten;JAHR;Jahr;2021;DINSGF;Früheres Bundesgebiet / Neue Länder;DN;Neue Länder;WZ08C7;WZ2008 (ausgewählte Positionen): Tarifindex;WZ08-N;Sonstige wirtschaftliche Dienstleistungen;103,8;2020=100;VST066;Index d.tarifl. Monatsverdienste ohne Sonderzahl.
62221;Vj. Index der Tarifverdienste und Arbeitszeiten;JAHR;Jahr;2021;DINSGF;Früheres Bundesgebiet / Neue Länder;DN;Neue Länder;WZ08C7;WZ2008 (ausgewählte Positionen): Tarifindex;WZ08-N;Sonstige wirtschaftliche Dienstleistungen;100,0;2020=100;VST018;Index der tariflichen Wochenarbeitszeit
62221;Vj. Index der Tarifverdienste und Arbeitszeiten;JAHR;Jahr;2021;DINSGF;Früheres Bundesgebiet / Neue Länder;DN;Neue Länder;WZ08C7;WZ2008 (ausgewählte Positionen): Tarifindex;WZ08-N;Sonstige wirtschaftliche Dienstleistungen;103,8;2020=100;VST065;Index d.tarifl. Stundenverdienste ohne Sonderzahl.
62221;Vj. Index der Tarifverdienste und Arbeitszeiten;JAHR;Jahr;2016;DINSGF;Früheres Bundesgebiet / Neue Länder;DF;Früheres Bundesgebiet;WZ08C7;WZ2008 (ausgewählte Positionen): Tarifindex;WZ08-20;Herstellung von chemischen Erzeugnissen;90,6;2020=100;VST072;Index d.tarifl. Stundenverdienste mit Sonderzahl.
62221;Vj. Index der Tarifverdienste und Arbeitszeiten;JAHR;Jahr;2016;DINSGF;Früheres Bundesgebiet / Neue Länder;DF;Früheres Bundesgebiet;WZ08C7;WZ2008 (ausgewählte Positionen): Tarifindex;WZ08-20;Herstellung von chemischen Erzeugnissen;90,6;2020=100;VST073;Index d.tarifl. Monatsverdienste mit Sonderzahl.
62221;Vj. Index der Tarifverdienste und Arbeitszeiten;JAHR;Jahr;2016;DINSGF;Früheres Bundesgebiet / Neue Länder;DF;Früheres Bundesgebiet;WZ08C7;WZ2008 (ausgewählte Positionen): Tarifindex;WZ08-20;Herstellung von chemischen Erzeugnissen;37,5;h;VST019;Durchschnittliche tarifliche Wochenarbeitszeit
62221;Vj. Index der Tarifverdienste und Arbeitszeiten;JAHR;Jahr;2016;DINSGF;Früheres Bundesgebiet / Neue Länder;DF;Früheres Bundesgebiet;WZ08C7;WZ2008 (ausgewählte Positionen): Tarifindex;WZ08-20;Herstellung von chemischen Erzeugnissen;92,1;2020=100;VST066;Index d.tarifl. Monatsverdienste ohne Sonderzahl.
62221;Vj. Index der Tarifverdienste und Arbeitszeiten;JAHR;Jahr;2016;DINSGF;Früheres Bundesgebiet / Neue Länder;DF;Früheres Bundesgebiet;WZ08C7;WZ2008 (ausgewählte Positionen): Tarifindex;WZ08-20;Herstellung von chemischen Erzeugnissen;100,0;2020=100;VST018;Index der tariflichen Wochenarbeitszeit
62221;Vj. Index der Tarifverdienste und Arbeitszeiten;JAHR;Jahr;2016;DINSGF;Früheres Bundesgebiet / Neue Länder;DF;Früheres Bundesgebiet;WZ08C7;WZ2008 (ausgewählte Positionen): Tarifindex;WZ08-20;Herstellung von chemischen Erzeugnissen;92,1;2020=100;VST065;Index d.tarifl. Stundenverdienste ohne Sonderzahl.
62221;Vj. Index der Tarifverdienste und Arbeitszeiten;JAHR;Jahr;2021;DINSGF;Früheres Bundesgebiet / Neue Länder;DN;Neue Länder;WZ08C7;WZ2008 (ausgewählte Positionen): Tarifindex;WZ08-61;Telekommunikation;102,4;2020=100;VST072;Index d.tarifl. Stundenverdienste mit Sonderzahl.
62221;Vj. Index der Tarifverdienste und Arbeitszeiten;JAHR;Jahr;2021;DINSGF;Früheres Bundesgebiet / Neue Länder;DN;Neue Länder;WZ08C7;WZ2008 (ausgewählte Positionen): Tarifindex;WZ08-61;Telekommunikation;102,4;2020=100;VST073;Index d.tarifl. Monatsverdienste mit Sonderzahl.
62221;Vj. Index der Tarifverdienste und Arbeitszeiten;JAHR;Jahr;2021;DINSGF;Früheres Bundesgebiet / Neue Länder;DN;Neue Länder;WZ08C7;WZ2008 (ausgewählte Positionen): Tarifindex;WZ08-61;Telekommunikation;36,3;h;VST019;Durchschnittliche tarifliche Wochenarbeitszeit
62221;Vj. Index der Tarifverdienste und Arbeitszeiten;JAHR;Jahr;2021;DINSGF;Früheres Bundesgebiet / Neue Länder;DN;Neue Länder;WZ08C7;WZ2008 (ausgewählte Positionen): Tarifindex;WZ08-61;Telekommunikation;102,3;2020=100;VST066;Index d.tarifl. Monatsverdienste ohne Sonderzahl.
62221;Vj. Index der Tarifverdienste und Arbeitszeiten;JAHR;Jahr;2021;DINSGF;Früheres Bundesgebiet / Neue Länder;DN;Neue Länder;WZ08C7;WZ2008 (ausgewählte Positionen): Tarifindex;WZ08-61;Telekommunikation;100,0;2020=100;VST018;Index der tariflichen Wochenarbeitszeit
62221;Vj. Index der Tarifverdienste und Arbeitszeiten;JAHR;Jahr;2021;DINSGF;Früheres Bundesgebiet / Neue Länder;DN;Neue Länder;WZ08C7;WZ2008 (ausgewählte Positionen): Tarifindex;WZ08-61;Telekommunikation;102,3;2020=100;VST065;Index d.tarifl. Stundenverdienste ohne Sonderzahl.
62221;Vj. Index der Tarifverdienste und Arbeitszeiten;JAHR;Jahr;2023;DINSGF;Früheres Bundesgebiet / Neue Länder;DF;Früheres Bundesgebiet;WZ08C7;WZ2008 (ausgewählte Positionen): Tarifindex;WZ08-D;Energieversorgung;108,7;2020=100;VST072;Index d.tarifl. Stundenverdienste mit Sonderzahl.
62221;Vj. Index der Tarifverdienste und Arbeitszeiten;JAHR;Jahr;2023;DINSGF;Früheres Bundesgebiet / Neue Länder;DF;Früheres Bundesgebiet;WZ08C7;WZ2008 (ausgewählte Positionen): Tarifindex;WZ08-D;Energieversorgung;108,7;2020=100;VST073;Index d.tarifl. Monatsverdienste mit Sonderzahl.
62221;Vj. Index der Tarifverdienste und Arbeitszeiten;JAHR;Jahr;2023;DINSGF;Früheres Bundesgebiet / Neue Länder;DF;Früheres Bundesgebiet;WZ08C7;WZ2008 (ausgewählte Positionen): Tarifindex;WZ08-D;Energieversorgung;38,2;h;VST019;Durchschnittliche tarifliche Wochenarbeitszeit
62221;Vj. Index der Tarifverdienste und Arbeitszeiten;JAHR;Jahr;2023;DINSGF;Früheres Bundesgebiet / Neue Länder;DF;Früheres Bundesgebiet;WZ08C7;WZ2008 (ausgewählte Positionen): Tarifindex;WZ08-D;Energieversorgung;106,2;2020=100;VST066;Index d.tarifl. Monatsverdienste ohne Sonderzahl.
62221;Vj. Index der Tarifverdienste und Arbeitszeiten;JAHR;Jahr;2023;DINSGF;Früheres Bundesgebiet / Neue Länder;DF;Früheres Bundesgebiet;WZ08C7;WZ2008 (ausgewählte Positionen): Tarifindex;WZ08-D;Energieversorgung;100,0;2020=100;VST018;Index der tariflichen Wochenarbeitszeit
62221;Vj. Index der Tarifverdienste und Arbeitszeiten;JAHR;Jahr;2023;DINSGF;Früheres Bundesgebiet / Neue Länder;DF;Früheres Bundesgebiet;WZ08C7;WZ2008 (ausgewählte Positionen): Tarifindex;WZ08-D;Energieversorgung;106,2;2020=100;VST065;Index d.tarifl. Stundenverdienste ohne Sonderzahl.
62221;Vj. Index der Tarifverdienste und Arbeitszeiten;JAHR;Jahr;2023;DINSGF;Früheres Bundesgebiet / Neue Länder;DF;Früheres Bundesgebiet;WZ08C7;WZ2008 (ausgewählte Positionen): Tarifindex;WZ08-81;Gebäudebetreuung, Garten- und Landschaftsbau;116,3;2020=100;VST072;Index d.tarifl. Stundenverdienste mit Sonderzahl.
62221;Vj. Index der Tarifverdienste und Arbeitszeiten;JAHR;Jahr;2023;DINSGF;Früheres Bundesgebiet / Neue Länder;DF;Früheres Bundesgebiet;WZ08C7;WZ2008 (ausgewählte Positionen): Tarifindex;WZ08-81;Gebäudebetreuung, Garten- und Landschaftsbau;116,3;2020=100;VST073;Index d.tarifl. Monatsverdienste mit Sonderzahl.
62221;Vj. Index der Tarifverdienste und Arbeitszeiten;JAHR;Jahr;2023;DINSGF;Früheres Bundesgebiet / Neue Länder;DF;Früheres Bundesgebiet;WZ08C7;WZ2008 (ausgewählte Positionen): Tarifindex;WZ08-81;Gebäudebetreuung, Garten- und Landschaftsbau;39,0;h;VST019;Durchschnittliche tarifliche Wochenarbeitszeit
62221;Vj. Index der Tarifverdienste und Arbeitszeiten;JAHR;Jahr;2023;DINSGF;Früheres Bundesgebiet / Neue Länder;DF;Früheres Bundesgebiet;WZ08C7;WZ2008 (ausgewählte Positionen): Tarifindex;WZ08-81;Gebäudebetreuung, Garten- und Landschaftsbau;115,9;2020=100;VST066;Index d.tarifl. Monatsverdienste ohne Sonderzahl.
62221;Vj. Index der Tarifverdienste und Arbeitszeiten;JAHR;Jahr;2023;DINSGF;Früheres Bundesgebiet / Neue Länder;DF;Früheres Bundesgebiet;WZ08C7;WZ2008 (ausgewählte Positionen): Tarifindex;WZ08-81;Gebäudebetreuung, Garten- und Landschaftsbau;100,0;2020=100;VST018;Index der tariflichen Wochenarbeitszeit
62221;Vj. Index der Tarifverdienste und Arbeitszeiten;JAHR;Jahr;2023;DINSGF;Früheres Bundesgebiet / Neue Länder;DF;Früheres Bundesgebiet;WZ08C7;WZ2008 (ausgewählte Positionen): Tarifindex;WZ08-81;Gebäudebetreuung, Garten- und Landschaftsbau;115,9;2020=100;VST065;Index d.tarifl. Stundenverdienste ohne Sonderzahl.
62221;Vj. Index der Tarifverdienste und Arbeitszeiten;JAHR;Jahr;2021;DINSGF;Früheres Bundesgebiet / Neue Länder;DN;Neue Länder;WZ08C7;WZ2008 (ausgewählte Positionen): Tarifindex;WZ08-58;Verlagswesen;100,8;2020=100;VST072;Index d.tarifl. Stundenverdienste mit Sonderzahl.
62221;Vj. Index der Tarifverdienste und Arbeitszeiten;JAHR;Jahr;2021;DINSGF;Früheres Bundesgebiet / Neue Länder;DN;Neue Länder;WZ08C7;WZ2008 (ausgewählte Positionen): Tarifindex;WZ08-58;Verlagswesen;100,8;2020=100;VST073;Index d.tarifl. Monatsverdienste mit Sonderzahl.
62221;Vj. Index der Tarifverdienste und Arbeitszeiten;JAHR;Jahr;2021;DINSGF;Früheres Bundesgebiet / Neue Länder;DN;Neue Länder;WZ08C7;WZ2008 (ausgewählte Positionen): Tarifindex;WZ08-58;Verlagswesen;37,4;h;VST019;Durchschnittliche tarifliche Wochenarbeitszeit
62221;Vj. Index der Tarifverdienste und Arbeitszeiten;JAHR;Jahr;2021;DINSGF;Früheres Bundesgebiet / Neue Länder;DN;Neue Länder;WZ08C7;WZ2008 (ausgewählte Positionen): Tarifindex;WZ08-58;Verlagswesen;100,8;2020=100;VST066;Index d.tarifl. Monatsverdienste ohne Sonderzahl.
62221;Vj. Index der Tarifverdienste und Arbeitszeiten;JAHR;Jahr;2021;DINSGF;Früheres Bundesgebiet / Neue Länder;DN;Neue Länder;WZ08C7;WZ2008 (ausgewählte Positionen): Tarifindex;WZ08-58;Verlagswesen;100,0;2020=100;VST018;Index der tariflichen Wochenarbeitszeit
62221;Vj. Index der Tarifverdienste und Arbeitszeiten;JAHR;Jahr;2021;DINSGF;Früheres Bundesgebiet / Neue Länder;DN;Neue Länder;WZ08C7;WZ2008 (ausgewählte Positionen): Tarifindex;WZ08-58;Verlagswesen;100,8;2020=100;VST065;Index d.tarifl. Stundenverdienste ohne Sonderzahl.
62221;Vj. Index der Tarifverdienste und Arbeitszeiten;JAHR;Jahr;2021;DINSGF;Früheres Bundesgebiet / Neue Länder;DN;Neue Länder;WZ08C7;WZ2008 (ausgewählte Positionen): Tarifindex;WZ08-43;Vorb.Baustellenarbeiten, Bauinstall., sonst.Ausbau;102,4;2020=100;VST072;Index d.tarifl. Stundenverdienste mit Sonderzahl.
62221;Vj. Index der Tarifverdienste und Arbeitszeiten;JAHR;Jahr;2021;DINSGF;Früheres Bundesgebiet / Neue Länder;DN;Neue Länder;WZ08C7;WZ2008 (ausgewählte Positionen): Tarifindex;WZ08-43;Vorb.Baustellenarbeiten, Bauinstall., sonst.Ausbau;102,4;2020=100;VST073;Index d.tarifl. Monatsverdienste mit Sonderzahl.
62221;Vj. Index der Tarifverdienste und Arbeitszeiten;JAHR;Jahr;2021;DINSGF;Früheres Bundesgebiet / Neue Länder;DN;Neue Länder;WZ08C7;WZ2008 (ausgewählte Positionen): Tarifindex;WZ08-43;Vorb.Baustellenarbeiten, Bauinstall., sonst.Ausbau;39,5;h;VST019;Durchschnittliche tarifliche Wochenarbeitszeit
62221;Vj. Index der Tarifverdienste und Arbeitszeiten;JAHR;Jahr;2021;DINSGF;Früheres Bundesgebiet / Neue Länder;DN;Neue Länder;WZ08C7;WZ2008 (ausgewählte Positionen): Tarifindex;WZ08-43;Vorb.Baustellenarbeiten, Bauinstall., sonst.Ausbau;102,4;2020=100;VST066;Index d.tarifl. Monatsverdienste ohne Sonderzahl.
62221;Vj. Index der Tarifverdienste und Arbeitszeiten;JAHR;Jahr;2021;DINSGF;Früheres Bundesgebiet / Neue Länder;DN;Neue Länder;WZ08C7;WZ2008 (ausgewählte Positionen): Tarifindex;WZ08-43;Vorb.Baustellenarbeiten, Bauinstall., sonst.Ausbau;100,0;2020=100;VST018;Index der tariflichen Wochenarbeitszeit
62221;Vj. Index der Tarifverdienste und Arbeitszeiten;JAHR;Jahr;2021;DINSGF;Früheres Bundesgebiet / Neue Länder;DN;Neue Länder;WZ08C7;WZ2008 (ausgewählte Positionen): Tarifindex;WZ08-43;Vorb.Baustellenarbeiten, Bauinstall., sonst.Ausbau;102,4;2020=100;VST065;Index d.tarifl. Stundenverdienste ohne Sonderzahl.
62221;Vj. Index der Tarifverdienste und Arbeitszeiten;JAHR;Jahr;2017;DINSGF;Früheres Bundesgebiet / Neue Länder;DF;Früheres Bundesgebiet;WZ08C7;WZ2008 (ausgewählte Positionen): Tarifindex;WZ08-G-02;Dienstleistungsbereich;92,2;2020=100;VST072;Index d.tarifl. Stundenverdienste mit Sonderzahl.
62221;Vj. Index der Tarifverdienste und Arbeitszeiten;JAHR;Jahr;2017;DINSGF;Früheres Bundesgebiet / Neue Länder;DF;Früheres Bundesgebiet;WZ08C7;WZ2008 (ausgewählte Positionen): Tarifindex;WZ08-G-02;Dienstleistungsbereich;92,2;2020=100;VST073;Index d.tarifl. Monatsverdienste mit Sonderzahl.
62221;Vj. Index der Tarifverdienste und Arbeitszeiten;JAHR;Jahr;2017;DINSGF;Früheres Bundesgebiet / Neue Länder;DF;Früheres Bundesgebiet;WZ08C7;WZ2008 (ausgewählte Positionen): Tarifindex;WZ08-G-02;Dienstleistungsbereich;39,0;h;VST019;Durchschnittliche tarifliche Wochenarbeitszeit
62221;Vj. Index der Tarifverdienste und Arbeitszeiten;JAHR;Jahr;2017;DINSGF;Früheres Bundesgebiet / Neue Länder;DF;Früheres Bundesgebiet;WZ08C7;WZ2008 (ausgewählte Positionen): Tarifindex;WZ08-G-02;Dienstleistungsbereich;92,2;2020=100;VST066;Index d.tarifl. Monatsverdienste ohne Sonderzahl.
62221;Vj. Index der Tarifverdienste und Arbeitszeiten;JAHR;Jahr;2017;DINSGF;Früheres Bundesgebiet / Neue Länder;DF;Früheres Bundesgebiet;WZ08C7;WZ2008 (ausgewählte Positionen): Tarifindex;WZ08-G-02;Dienstleistungsbereich;100,0;2020=100;VST018;Index der tariflichen Wochenarbeitszeit
62221;Vj. Index der Tarifverdienste und Arbeitszeiten;JAHR;Jahr;2017;DINSGF;Früheres Bundesgebiet / Neue Länder;DF;Früheres Bundesgebiet;WZ08C7;WZ2008 (ausgewählte Positionen): Tarifindex;WZ08-G-02;Dienstleistungsbereich;92,2;2020=100;VST065;Index d.tarifl. Stundenverdienste ohne Sonderzahl.
62221;Vj. Index der Tarifverdienste und Arbeitszeiten;JAHR;Jahr;2023;DINSGF;Früheres Bundesgebiet / Neue Länder;DF;Früheres Bundesgebiet;WZ08C7;WZ2008 (ausgewählte Positionen): Tarifindex;WZ08-A-03;Gesamtwirtschaft;107,3;2020=100;VST072;Index d.tarifl. Stundenverdienste mit Sonderzahl.
62221;Vj. Index der Tarifverdienste und Arbeitszeiten;JAHR;Jahr;2023;DINSGF;Früheres Bundesgebiet / Neue Länder;DF;Früheres Bundesgebiet;WZ08C7;WZ2008 (ausgewählte Positionen): Tarifindex;WZ08-A-03;Gesamtwirtschaft;107,3;2020=100;VST073;Index d.tarifl. Monatsverdienste mit Sonderzahl.
62221;Vj. Index der Tarifverdienste und Arbeitszeiten;JAHR;Jahr;2023;DINSGF;Früheres Bundesgebiet / Neue Länder;DF;Früheres Bundesgebiet;WZ08C7;WZ2008 (ausgewählte Positionen): Tarifindex;WZ08-A-03;Gesamtwirtschaft;38,5;h;VST019;Durchschnittliche tarifliche Wochenarbeitszeit
62221;Vj. Index der Tarifverdienste und Arbeitszeiten;JAHR;Jahr;2023;DINSGF;Früheres Bundesgebiet / Neue Länder;DF;Früheres Bundesgebiet;WZ08C7;WZ2008 (ausgewählte Positionen): Tarifindex;WZ08-A-03;Gesamtwirtschaft;105,3;2020=100;VST066;Index d.tarifl. Monatsverdienste ohne Sonderzahl.
62221;Vj. Index der Tarifverdienste und Arbeitszeiten;JAHR;Jahr;2023;DINSGF;Früheres Bundesgebiet / Neue Länder;DF;Früheres Bundesgebiet;WZ08C7;WZ2008 (ausgewählte Positionen): Tarifindex;WZ08-A-03;Gesamtwirtschaft;100,0;2020=100;VST018;Index der tariflichen Wochenarbeitszeit
62221;Vj. Index der Tarifverdienste und Arbeitszeiten;JAHR;Jahr;2023;DINSGF;Früheres Bundesgebiet / Neue Länder;DF;Früheres Bundesgebiet;WZ08C7;WZ2008 (ausgewählte Positionen): Tarifindex;WZ08-A-03;Gesamtwirtschaft;105,3;2020=100;VST065;Index d.tarifl. Stundenverdienste ohne Sonderzahl.
62221;Vj. Index der Tarifverdienste und Arbeitszeiten;JAHR;Jahr;2017;DINSGF;Früheres Bundesgebiet / Neue Länder;DF;Früheres Bundesgebiet;WZ08C7;WZ2008 (ausgewählte Positionen): Tarifindex;WZ08-L;Grundstücks- und Wohnungswesen;92,7;2020=100;VST072;Index d.tarifl. Stundenverdienste mit Sonderzahl.
62221;Vj. Index der Tarifverdienste und Arbeitszeiten;JAHR;Jahr;2017;DINSGF;Früheres Bundesgebiet / Neue Länder;DF;Früheres Bundesgebiet;WZ08C7;WZ2008 (ausgewählte Positionen): Tarifindex;WZ08-L;Grundstücks- und Wohnungswesen;92,7;2020=100;VST073;Index d.tarifl. Monatsverdienste mit Sonderzahl.
62221;Vj. Index der Tarifverdienste und Arbeitszeiten;JAHR;Jahr;2017;DINSGF;Früheres Bundesgebiet / Neue Länder;DF;Früheres Bundesgebiet;WZ08C7;WZ2008 (ausgewählte Positionen): Tarifindex;WZ08-L;Grundstücks- und Wohnungswesen;38,2;h;VST019;Durchschnittliche tarifliche Wochenarbeitszeit
62221;Vj. Index der Tarifverdienste und Arbeitszeiten;JAHR;Jahr;2017;DINSGF;Früheres Bundesgebiet / Neue Länder;DF;Früheres Bundesgebiet;WZ08C7;WZ2008 (ausgewählte Positionen): Tarifindex;WZ08-L;Grundstücks- und Wohnungswesen;93,3;2020=100;VST066;Index d.tarifl. Monatsverdienste ohne Sonderzahl.
62221;Vj. Index der Tarifverdienste und Arbeitszeiten;JAHR;Jahr;2017;DINSGF;Früheres Bundesgebiet / Neue Länder;DF;Früheres Bundesgebiet;WZ08C7;WZ2008 (ausgewählte Positionen): Tarifindex;WZ08-L;Grundstücks- und Wohnungswesen;100,0;2020=100;VST018;Index der tariflichen Wochenarbeitszeit
62221;Vj. Index der Tarifverdienste und Arbeitszeiten;JAHR;Jahr;2017;DINSGF;Früheres Bundesgebiet / Neue Länder;DF;Früheres Bundesgebiet;WZ08C7;WZ2008 (ausgewählte Positionen): Tarifindex;WZ08-L;Grundstücks- und Wohnungswesen;93,3;2020=100;VST065;Index d.tarifl. Stundenverdienste ohne Sonderzahl.
62221;Vj. Index der Tarifverdienste und Arbeitszeiten;JAHR;Jahr;2021;DINSGF;Früheres Bundesgebiet / Neue Länder;DN;Neue Länder;WZ08C7;WZ2008 (ausgewählte Positionen): Tarifindex;WZ08-B;Bergbau und Gewinnung von Steinen und Erden;101,8;2020=100;VST072;Index d.tarifl. Stundenverdienste mit Sonderzahl.
62221;Vj. Index der Tarifverdienste und Arbeitszeiten;JAHR;Jahr;2021;DINSGF;Früheres Bundesgebiet / Neue Länder;DN;Neue Länder;WZ08C7;WZ2008 (ausgewählte Positionen): Tarifindex;WZ08-B;Bergbau und Gewinnung von Steinen und Erden;101,8;2020=100;VST073;Index d.tarifl. Monatsverdienste mit Sonderzahl.
62221;Vj. Index der Tarifverdienste und Arbeitszeiten;JAHR;Jahr;2021;DINSGF;Früheres Bundesgebiet / Neue Länder;DN;Neue Länder;WZ08C7;WZ2008 (ausgewählte Positionen): Tarifindex;WZ08-B;Bergbau und Gewinnung von Steinen und Erden;37,9;h;VST019;Durchschnittliche tarifliche Wochenarbeitszeit
62221;Vj. Index der Tarifverdienste und Arbeitszeiten;JAHR;Jahr;2021;DINSGF;Früheres Bundesgebiet / Neue Länder;DN;Neue Länder;WZ08C7;WZ2008 (ausgewählte Positionen): Tarifindex;WZ08-B;Bergbau und Gewinnung von Steinen und Erden;101,3;2020=100;VST066;Index d.tarifl. Monatsverdienste ohne Sonderzahl.
62221;Vj. Index der Tarifverdienste und Arbeitszeiten;JAHR;Jahr;2021;DINSGF;Früheres Bundesgebiet / Neue Länder;DN;Neue Länder;WZ08C7;WZ2008 (ausgewählte Positionen): Tarifindex;WZ08-B;Bergbau und Gewinnung von Steinen und Erden;100,0;2020=100;VST018;Index der tariflichen Wochenarbeitszeit
62221;Vj. Index der Tarifverdienste und Arbeitszeiten;JAHR;Jahr;2021;DINSGF;Früheres Bundesgebiet / Neue Länder;DN;Neue Länder;WZ08C7;WZ2008 (ausgewählte Positionen): Tarifindex;WZ08-B;Bergbau und Gewinnung von Steinen und Erden;101,3;2020=100;VST065;Index d.tarifl. Stundenverdienste ohne Sonderzahl.
62221;Vj. Index der Tarifverdienste und Arbeitszeiten;JAHR;Jahr;2023;DINSGF;Früheres Bundesgebiet / Neue Länder;DF;Früheres Bundesgebiet;WZ08C7;WZ2008 (ausgewählte Positionen): Tarifindex;WZ08-96;Sonstige überwiegend persönliche Dienstleistungen;108,7;2020=100;VST072;Index d.tarifl. Stundenverdienste mit Sonderzahl.
62221;Vj. Index der Tarifverdienste und Arbeitszeiten;JAHR;Jahr;2023;DINSGF;Früheres Bundesgebiet / Neue Länder;DF;Früheres Bundesgebiet;WZ08C7;WZ2008 (ausgewählte Positionen): Tarifindex;WZ08-96;Sonstige überwiegend persönliche Dienstleistungen;108,5;2020=100;VST073;Index d.tarifl. Monatsverdienste mit Sonderzahl.
62221;Vj. Index der Tarifverdienste und Arbeitszeiten;JAHR;Jahr;2023;DINSGF;Früheres Bundesgebiet / Neue Länder;DF;Früheres Bundesgebiet;WZ08C7;WZ2008 (ausgewählte Positionen): Tarifindex;WZ08-96;Sonstige überwiegend persönliche Dienstleistungen;38,6;h;VST019;Durchschnittliche tarifliche Wochenarbeitszeit
62221;Vj. Index der Tarifverdienste und Arbeitszeiten;JAHR;Jahr;2023;DINSGF;Früheres Bundesgebiet / Neue Länder;DF;Früheres Bundesgebiet;WZ08C7;WZ2008 (ausgewählte Positionen): Tarifindex;WZ08-96;Sonstige überwiegend persönliche Dienstleistungen;107,2;2020=100;VST066;Index d.tarifl. Monatsverdienste ohne Sonderzahl.
62221;Vj. Index der Tarifverdienste und Arbeitszeiten;JAHR;Jahr;2023;DINSGF;Früheres Bundesgebiet / Neue Länder;DF;Früheres Bundesgebiet;WZ08C7;WZ2008 (ausgewählte Positionen): Tarifindex;WZ08-96;Sonstige überwiegend persönliche Dienstleistungen;99,8;2020=100;VST018;Index der tariflichen Wochenarbeitszeit
62221;Vj. Index der Tarifverdienste und Arbeitszeiten;JAHR;Jahr;2023;DINSGF;Früheres Bundesgebiet / Neue Länder;DF;Früheres Bundesgebiet;WZ08C7;WZ2008 (ausgewählte Positionen): Tarifindex;WZ08-96;Sonstige überwiegend persönliche Dienstleistungen;107,5;2020=100;VST065;Index d.tarifl. Stundenverdienste ohne Sonderzahl.
62221;Vj. Index der Tarifverdienste und Arbeitszeiten;JAHR;Jahr;2021;DINSGF;Früheres Bundesgebiet / Neue Länder;DF;Früheres Bundesgebiet;WZ08C7;WZ2008 (ausgewählte Positionen): Tarifindex;WZ08-59;Film, TV-Programme, Kinos, Tonstudios, Musikverlag;100,7;2020=100;VST072;Index d.tarifl. Stundenverdienste mit Sonderzahl.
62221;Vj. Index der Tarifverdienste und Arbeitszeiten;JAHR;Jahr;2021;DINSGF;Früheres Bundesgebiet / Neue Länder;DF;Früheres Bundesgebiet;WZ08C7;WZ2008 (ausgewählte Positionen): Tarifindex;WZ08-59;Film, TV-Programme, Kinos, Tonstudios, Musikverlag;100,7;2020=100;VST073;Index d.tarifl. Monatsverdienste mit Sonderzahl.
62221;Vj. Index der Tarifverdienste und Arbeitszeiten;JAHR;Jahr;2021;DINSGF;Früheres Bundesgebiet / Neue Länder;DF;Früheres Bundesgebiet;WZ08C7;WZ2008 (ausgewählte Positionen): Tarifindex;WZ08-59;Film, TV-Programme, Kinos, Tonstudios, Musikverlag;39,0;h;VST019;Durchschnittliche tarifliche Wochenarbeitszeit
62221;Vj. Index der Tarifverdienste und Arbeitszeiten;JAHR;Jahr;2021;DINSGF;Früheres Bundesgebiet / Neue Länder;DF;Früheres Bundesgebiet;WZ08C7;WZ2008 (ausgewählte Positionen): Tarifindex;WZ08-59;Film, TV-Programme, Kinos, Tonstudios, Musikverlag;100,7;2020=100;VST066;Index d.tarifl. Monatsverdienste ohne Sonderzahl.
62221;Vj. Index der Tarifverdienste und Arbeitszeiten;JAHR;Jahr;2021;DINSGF;Früheres Bundesgebiet / Neue Länder;DF;Früheres Bundesgebiet;WZ08C7;WZ2008 (ausgewählte Positionen): Tarifindex;WZ08-59;Film, TV-Programme, Kinos, Tonstudios, Musikverlag;100,0;2020=100;VST018;Index der tariflichen Wochenarbeitszeit
62221;Vj. Index der Tarifverdienste und Arbeitszeiten;JAHR;Jahr;2021;DINSGF;Früheres Bundesgebiet / Neue Länder;DF;Früheres Bundesgebiet;WZ08C7;WZ2008 (ausgewählte Positionen): Tarifindex;WZ08-59;Film, TV-Programme, Kinos, Tonstudios, Musikverlag;100,7;2020=100;VST065;Index d.tarifl. Stundenverdienste ohne Sonderzahl.
62221;Vj. Index der Tarifverdienste und Arbeitszeiten;JAHR;Jahr;2022;DINSGF;Früheres Bundesgebiet / Neue Länder;DF;Früheres Bundesgebiet;WZ08C7;WZ2008 (ausgewählte Positionen): Tarifindex;WZ08-E;Wasserversorg.,Entsorg.,Beseitig.v.Umweltverschm.;102,5;2020=100;VST072;Index d.tarifl. Stundenverdienste mit Sonderzahl.
62221;Vj. Index der Tarifverdienste und Arbeitszeiten;JAHR;Jahr;2022;DINSGF;Früheres Bundesgebiet / Neue Länder;DF;Früheres Bundesgebiet;WZ08C7;WZ2008 (ausgewählte Positionen): Tarifindex;WZ08-E;Wasserversorg.,Entsorg.,Beseitig.v.Umweltverschm.;102,5;2020=100;VST073;Index d.tarifl. Monatsverdienste mit Sonderzahl.
62221;Vj. Index der Tarifverdienste und Arbeitszeiten;JAHR;Jahr;2022;DINSGF;Früheres Bundesgebiet / Neue Länder;DF;Früheres Bundesgebiet;WZ08C7;WZ2008 (ausgewählte Positionen): Tarifindex;WZ08-E;Wasserversorg.,Entsorg.,Beseitig.v.Umweltverschm.;38,9;h;VST019;Durchschnittliche tarifliche Wochenarbeitszeit
62221;Vj. Index der Tarifverdienste und Arbeitszeiten;JAHR;Jahr;2022;DINSGF;Früheres Bundesgebiet / Neue Länder;DF;Früheres Bundesgebiet;WZ08C7;WZ2008 (ausgewählte Positionen): Tarifindex;WZ08-E;Wasserversorg.,Entsorg.,Beseitig.v.Umweltverschm.;103,1;2020=100;VST066;Index d.tarifl. Monatsverdienste ohne Sonderzahl.
62221;Vj. Index der Tarifverdienste und Arbeitszeiten;JAHR;Jahr;2022;DINSGF;Früheres Bundesgebiet / Neue Länder;DF;Früheres Bundesgebiet;WZ08C7;WZ2008 (ausgewählte Positionen): Tarifindex;WZ08-E;Wasserversorg.,Entsorg.,Beseitig.v.Umweltverschm.;100,0;2020=100;VST018;Index der tariflichen Wochenarbeitszeit
62221;Vj. Index der Tarifverdienste und Arbeitszeiten;JAHR;Jahr;2022;DINSGF;Früheres Bundesgebiet / Neue Länder;DF;Früheres Bundesgebiet;WZ08C7;WZ2008 (ausgewählte Positionen): Tarifindex;WZ08-E;Wasserversorg.,Entsorg.,Beseitig.v.Umweltverschm.;103,1;2020=100;VST065;Index d.tarifl. Stundenverdienste ohne Sonderzahl.
62221;Vj. Index der Tarifverdienste und Arbeitszeiten;JAHR;Jahr;2016;DINSGF;Früheres Bundesgebiet / Neue Länder;DF;Früheres Bundesgebiet;WZ08C7;WZ2008 (ausgewählte Positionen): Tarifindex;WZ08-I;Gastgewerbe;91,5;2020=100;VST072;Index d.tarifl. Stundenverdienste mit Sonderzahl.
62221;Vj. Index der Tarifverdienste und Arbeitszeiten;JAHR;Jahr;2016;DINSGF;Früheres Bundesgebiet / Neue Länder;DF;Früheres Bundesgebiet;WZ08C7;WZ2008 (ausgewählte Positionen): Tarifindex;WZ08-I;Gastgewerbe;91,5;2020=100;VST073;Index d.tarifl. Monatsverdienste mit Sonderzahl.
62221;Vj. Index der Tarifverdienste und Arbeitszeiten;JAHR;Jahr;2016;DINSGF;Früheres Bundesgebiet / Neue Länder;DF;Früheres Bundesgebiet;WZ08C7;WZ2008 (ausgewählte Positionen): Tarifindex;WZ08-I;Gastgewerbe;39,0;h;VST019;Durchschnittliche tarifliche Wochenarbeitszeit
62221;Vj. Index der Tarifverdienste und Arbeitszeiten;JAHR;Jahr;2016;DINSGF;Früheres Bundesgebiet / Neue Länder;DF;Früheres Bundesgebiet;WZ08C7;WZ2008 (ausgewählte Positionen): Tarifindex;WZ08-I;Gastgewerbe;90,9;2020=100;VST066;Index d.tarifl. Monatsverdienste ohne Sonderzahl.
62221;Vj. Index der Tarifverdienste und Arbeitszeiten;JAHR;Jahr;2016;DINSGF;Früheres Bundesgebiet / Neue Länder;DF;Früheres Bundesgebiet;WZ08C7;WZ2008 (ausgewählte Positionen): Tarifindex;WZ08-I;Gastgewerbe;100,0;2020=100;VST018;Index der tariflichen Wochenarbeitszeit
62221;Vj. Index der Tarifverdienste und Arbeitszeiten;JAHR;Jahr;2016;DINSGF;Früheres Bundesgebiet / Neue Länder;DF;Früheres Bundesgebiet;WZ08C7;WZ2008 (ausgewählte Positionen): Tarifindex;WZ08-I;Gastgewerbe;90,9;2020=100;VST065;Index d.tarifl. Stundenverdienste ohne Sonderzahl.
62221;Vj. Index der Tarifverdienste und Arbeitszeiten;JAHR;Jahr;2025;DINSGF;Früheres Bundesgebiet / Neue Länder;DN;Neue Länder;WZ08C7;WZ2008 (ausgewählte Positionen): Tarifindex;WZ08-53;Post-, Kurier- und Expressdienste;116,5;2020=100;VST072;Index d.tarifl. Stundenverdienste mit Sonderzahl.
62221;Vj. Index der Tarifverdienste und Arbeitszeiten;JAHR;Jahr;2025;DINSGF;Früheres Bundesgebiet / Neue Länder;DN;Neue Länder;WZ08C7;WZ2008 (ausgewählte Positionen): Tarifindex;WZ08-53;Post-, Kurier- und Expressdienste;116,5;2020=100;VST073;Index d.tarifl. Monatsverdienste mit Sonderzahl.
62221;Vj. Index der Tarifverdienste und Arbeitszeiten;JAHR;Jahr;2025;DINSGF;Früheres Bundesgebiet / Neue Länder;DN;Neue Länder;WZ08C7;WZ2008 (ausgewählte Positionen): Tarifindex;WZ08-53;Post-, Kurier- und Expressdienste;38,5;h;VST019;Durchschnittliche tarifliche Wochenarbeitszeit
62221;Vj. Index der Tarifverdienste und Arbeitszeiten;JAHR;Jahr;2025;DINSGF;Früheres Bundesgebiet / Neue Länder;DN;Neue Länder;WZ08C7;WZ2008 (ausgewählte Positionen): Tarifindex;WZ08-53;Post-, Kurier- und Expressdienste;117,0;2020=100;VST066;Index d.tarifl. Monatsverdienste ohne Sonderzahl.
62221;Vj. Index der Tarifverdienste und Arbeitszeiten;JAHR;Jahr;2025;DINSGF;Früheres Bundesgebiet / Neue Länder;DN;Neue Länder;WZ08C7;WZ2008 (ausgewählte Positionen): Tarifindex;WZ08-53;Post-, Kurier- und Expressdienste;99,9;2020=100;VST018;Index der tariflichen Wochenarbeitszeit
62221;Vj. Index der Tarifverdienste und Arbeitszeiten;JAHR;Jahr;2025;DINSGF;Früheres Bundesgebiet / Neue Länder;DN;Neue Länder;WZ08C7;WZ2008 (ausgewählte Positionen): Tarifindex;WZ08-53;Post-, Kurier- und Expressdienste;117,1;2020=100;VST065;Index d.tarifl. Stundenverdienste ohne Sonderzahl.
62221;Vj. Index der Tarifverdienste und Arbeitszeiten;JAHR;Jahr;2017;DINSGF;Früheres Bundesgebiet / Neue Länder;DF;Früheres Bundesgebiet;WZ08C7;WZ2008 (ausgewählte Positionen): Tarifindex;WZ08-13-01;Textil- und Bekleidungsgewerbe;94,2;2020=100;VST072;Index d.tarifl. Stundenverdienste mit Sonderzahl.
62221;Vj. Index der Tarifverdienste und Arbeitszeiten;JAHR;Jahr;2017;DINSGF;Früheres Bundesgebiet / Neue Länder;DF;Früheres Bundesgebiet;WZ08C7;WZ2008 (ausgewählte Positionen): Tarifindex;WZ08-13-01;Textil- und Bekleidungsgewerbe;94,2;2020=100;VST073;Index d.tarifl. Monatsverdienste mit Sonderzahl.
62221;Vj. Index der Tarifverdienste und Arbeitszeiten;JAHR;Jahr;2017;DINSGF;Früheres Bundesgebiet / Neue Länder;DF;Früheres Bundesgebiet;WZ08C7;WZ2008 (ausgewählte Positionen): Tarifindex;WZ08-13-01;Textil- und Bekleidungsgewerbe;37,1;h;VST019;Durchschnittliche tarifliche Wochenarbeitszeit
62221;Vj. Index der Tarifverdienste und Arbeitszeiten;JAHR;Jahr;2017;DINSGF;Früheres Bundesgebiet / Neue Länder;DF;Früheres Bundesgebiet;WZ08C7;WZ2008 (ausgewählte Positionen): Tarifindex;WZ08-13-01;Textil- und Bekleidungsgewerbe;94,0;2020=100;VST066;Index d.tarifl. Monatsverdienste ohne Sonderzahl.
62221;Vj. Index der Tarifverdienste und Arbeitszeiten;JAHR;Jahr;2017;DINSGF;Früheres Bundesgebiet / Neue Länder;DF;Früheres Bundesgebiet;WZ08C7;WZ2008 (ausgewählte Positionen): Tarifindex;WZ08-13-01;Textil- und Bekleidungsgewerbe;100,0;2020=100;VST018;Index der tariflichen Wochenarbeitszeit
62221;Vj. Index der Tarifverdienste und Arbeitszeiten;JAHR;Jahr;2017;DINSGF;Früheres Bundesgebiet / Neue Länder;DF;Früheres Bundesgebiet;WZ08C7;WZ2008 (ausgewählte Positionen): Tarifindex;WZ08-13-01;Textil- und Bekleidungsgewerbe;94,0;2020=100;VST065;Index d.tarifl. Stundenverdienste ohne Sonderzahl.
62221;Vj. Index der Tarifverdienste und Arbeitszeiten;JAHR;Jahr;2022;DINSGF;Früheres Bundesgebiet / Neue Länder;DN;Neue Länder;WZ08C7;WZ2008 (ausgewählte Positionen): Tarifindex;WZ08-82;Dienstleistungen für Unternehmen u.Privatpers. ang;105,5;2020=100;VST072;Index d.tarifl. Stundenverdienste mit Sonderzahl.
62221;Vj. Index der Tarifverdienste und Arbeitszeiten;JAHR;Jahr;2022;DINSGF;Früheres Bundesgebiet / Neue Länder;DN;Neue Länder;WZ08C7;WZ2008 (ausgewählte Positionen): Tarifindex;WZ08-82;Dienstleistungen für Unternehmen u.Privatpers. ang;105,5;2020=100;VST073;Index d.tarifl. Monatsverdienste mit Sonderzahl.
62221;Vj. Index der Tarifverdienste und Arbeitszeiten;JAHR;Jahr;2022;DINSGF;Früheres Bundesgebiet / Neue Länder;DN;Neue Länder;WZ08C7;WZ2008 (ausgewählte Positionen): Tarifindex;WZ08-82;Dienstleistungen für Unternehmen u.Privatpers. ang;38,2;h;VST019;Durchschnittliche tarifliche Wochenarbeitszeit
62221;Vj. Index der Tarifverdienste und Arbeitszeiten;JAHR;Jahr;2022;DINSGF;Früheres Bundesgebiet / Neue Länder;DN;Neue Länder;WZ08C7;WZ2008 (ausgewählte Positionen): Tarifindex;WZ08-82;Dienstleistungen für Unternehmen u.Privatpers. ang;104,8;2020=100;VST066;Index d.tarifl. Monatsverdienste ohne Sonderzahl.
62221;Vj. Index der Tarifverdienste und Arbeitszeiten;JAHR;Jahr;2022;DINSGF;Früheres Bundesgebiet / Neue Länder;DN;Neue Länder;WZ08C7;WZ2008 (ausgewählte Positionen): Tarifindex;WZ08-82;Dienstleistungen für Unternehmen u.Privatpers. ang;100,0;2020=100;VST018;Index der tariflichen Wochenarbeitszeit
62221;Vj. Index der Tarifverdienste und Arbeitszeiten;JAHR;Jahr;2022;DINSGF;Früheres Bundesgebiet / Neue Länder;DN;Neue Länder;WZ08C7;WZ2008 (ausgewählte Positionen): Tarifindex;WZ08-82;Dienstleistungen für Unternehmen u.Privatpers. ang;104,8;2020=100;VST065;Index d.tarifl. Stundenverdienste ohne Sonderzahl.
62221;Vj. Index der Tarifverdienste und Arbeitszeiten;JAHR;Jahr;2022;DINSGF;Früheres Bundesgebiet / Neue Länder;DF;Früheres Bundesgebiet;WZ08C7;WZ2008 (ausgewählte Positionen): Tarifindex;WZ08-K;Erbringung v. Finanz- u. Versicherungsdienstleist.;103,0;2020=100;VST072;Index d.tarifl. Stundenverdienste mit Sonderzahl.
62221;Vj. Index der Tarifverdienste und Arbeitszeiten;JAHR;Jahr;2022;DINSGF;Früheres Bundesgebiet / Neue Länder;DF;Früheres Bundesgebiet;WZ08C7;WZ2008 (ausgewählte Positionen): Tarifindex;WZ08-K;Erbringung v. Finanz- u. Versicherungsdienstleist.;103,0;2020=100;VST073;Index d.tarifl. Monatsverdienste mit Sonderzahl.
62221;Vj. Index der Tarifverdienste und Arbeitszeiten;JAHR;Jahr;2022;DINSGF;Früheres Bundesgebiet / Neue Länder;DF;Früheres Bundesgebiet;WZ08C7;WZ2008 (ausgewählte Positionen): Tarifindex;WZ08-K;Erbringung v. Finanz- u. Versicherungsdienstleist.;38,7;h;VST019;Durchschnittliche tarifliche Wochenarbeitszeit
62221;Vj. Index der Tarifverdienste und Arbeitszeiten;JAHR;Jahr;2022;DINSGF;Früheres Bundesgebiet / Neue Länder;DF;Früheres Bundesgebiet;WZ08C7;WZ2008 (ausgewählte Positionen): Tarifindex;WZ08-K;Erbringung v. Finanz- u. Versicherungsdienstleist.;102,6;2020=100;VST066;Index d.tarifl. Monatsverdienste ohne Sonderzahl.
62221;Vj. Index der Tarifverdienste und Arbeitszeiten;JAHR;Jahr;2022;DINSGF;Früheres Bundesgebiet / Neue Länder;DF;Früheres Bundesgebiet;WZ08C7;WZ2008 (ausgewählte Positionen): Tarifindex;WZ08-K;Erbringung v. Finanz- u. Versicherungsdienstleist.;100,0;2020=100;VST018;Index der tariflichen Wochenarbeitszeit
62221;Vj. Index der Tarifverdienste und Arbeitszeiten;JAHR;Jahr;2022;DINSGF;Früheres Bundesgebiet / Neue Länder;DF;Früheres Bundesgebiet;WZ08C7;WZ2008 (ausgewählte Positionen): Tarifindex;WZ08-K;Erbringung v. Finanz- u. Versicherungsdienstleist.;102,6;2020=100;VST065;Index d.tarifl. Stundenverdienste ohne Sonderzahl.
62221;Vj. Index der Tarifverdienste und Arbeitszeiten;JAHR;Jahr;2017;DINSGF;Früheres Bundesgebiet / Neue Länder;DN;Neue Länder;WZ08C7;WZ2008 (ausgewählte Positionen): Tarifindex;WZ08-30;Sonstiger Fahrzeugbau;92,9;2020=100;VST072;Index d.tarifl. Stundenverdienste mit Sonderzahl.
62221;Vj. Index der Tarifverdienste und Arbeitszeiten;JAHR;Jahr;2017;DINSGF;Früheres Bundesgebiet / Neue Länder;DN;Neue Länder;WZ08C7;WZ2008 (ausgewählte Positionen): Tarifindex;WZ08-30;Sonstiger Fahrzeugbau;92,9;2020=100;VST073;Index d.tarifl. Monatsverdienste mit Sonderzahl.
62221;Vj. Index der Tarifverdienste und Arbeitszeiten;JAHR;Jahr;2017;DINSGF;Früheres Bundesgebiet / Neue Länder;DN;Neue Länder;WZ08C7;WZ2008 (ausgewählte Positionen): Tarifindex;WZ08-30;Sonstiger Fahrzeugbau;37,9;h;VST019;Durchschnittliche tarifliche Wochenarbeitszeit
62221;Vj. Index der Tarifverdienste und Arbeitszeiten;JAHR;Jahr;2017;DINSGF;Früheres Bundesgebiet / Neue Länder;DN;Neue Länder;WZ08C7;WZ2008 (ausgewählte Positionen): Tarifindex;WZ08-30;Sonstiger Fahrzeugbau;95,0;2020=100;VST066;Index d.tarifl. Monatsverdienste ohne Sonderzahl.
62221;Vj. Index der Tarifverdienste und Arbeitszeiten;JAHR;Jahr;2017;DINSGF;Früheres Bundesgebiet / Neue Länder;DN;Neue Länder;WZ08C7;WZ2008 (ausgewählte Positionen): Tarifindex;WZ08-30;Sonstiger Fahrzeugbau;100,0;2020=100;VST018;Index der tariflichen Wochenarbeitszeit
62221;Vj. Index der Tarifverdienste und Arbeitszeiten;JAHR;Jahr;2017;DINSGF;Früheres Bundesgebiet / Neue Länder;DN;Neue Länder;WZ08C7;WZ2008 (ausgewählte Positionen): Tarifindex;WZ08-30;Sonstiger Fahrzeugbau;95,0;2020=100;VST065;Index d.tarifl. Stundenverdienste ohne Sonderzahl.
62221;Vj. Index der Tarifverdienste und Arbeitszeiten;JAHR;Jahr;2019;DINSGF;Früheres Bundesgebiet / Neue Länder;DN;Neue Länder;WZ08C7;WZ2008 (ausgewählte Positionen): Tarifindex;WZ-X003;Gebrauchsgüterproduzenten;98,8;2020=100;VST072;Index d.tarifl. Stundenverdienste mit Sonderzahl.
62221;Vj. Index der Tarifverdienste und Arbeitszeiten;JAHR;Jahr;2019;DINSGF;Früheres Bundesgebiet / Neue Länder;DN;Neue Länder;WZ08C7;WZ2008 (ausgewählte Positionen): Tarifindex;WZ-X003;Gebrauchsgüterproduzenten;99,0;2020=100;VST073;Index d.tarifl. Monatsverdienste mit Sonderzahl.
62221;Vj. Index der Tarifverdienste und Arbeitszeiten;JAHR;Jahr;2019;DINSGF;Früheres Bundesgebiet / Neue Länder;DN;Neue Länder;WZ08C7;WZ2008 (ausgewählte Positionen): Tarifindex;WZ-X003;Gebrauchsgüterproduzenten;37,8;h;VST019;Durchschnittliche tarifliche Wochenarbeitszeit
62221;Vj. Index der Tarifverdienste und Arbeitszeiten;JAHR;Jahr;2019;DINSGF;Früheres Bundesgebiet / Neue Länder;DN;Neue Länder;WZ08C7;WZ2008 (ausgewählte Positionen): Tarifindex;WZ-X003;Gebrauchsgüterproduzenten;99,3;2020=100;VST066;Index d.tarifl. Monatsverdienste ohne Sonderzahl.
62221;Vj. Index der Tarifverdienste und Arbeitszeiten;JAHR;Jahr;2019;DINSGF;Früheres Bundesgebiet / Neue Länder;DN;Neue Länder;WZ08C7;WZ2008 (ausgewählte Positionen): Tarifindex;WZ-X003;Gebrauchsgüterproduzenten;100,4;2020=100;VST018;Index der tariflichen Wochenarbeitszeit
62221;Vj. Index der Tarifverdienste und Arbeitszeiten;JAHR;Jahr;2019;DINSGF;Früheres Bundesgebiet / Neue Länder;DN;Neue Länder;WZ08C7;WZ2008 (ausgewählte Positionen): Tarifindex;WZ-X003;Gebrauchsgüterproduzenten;99,0;2020=100;VST065;Index d.tarifl. Stundenverdienste ohne Sonderzahl.
62221;Vj. Index der Tarifverdienste und Arbeitszeiten;JAHR;Jahr;2025;DINSGF;Früheres Bundesgebiet / Neue Länder;DN;Neue Länder;WZ08C7;WZ2008 (ausgewählte Positionen): Tarifindex;WZ08-R;Kunst, Unterhaltung und Erholung;114,0;2020=100;VST072;Index d.tarifl. Stundenverdienste mit Sonderzahl.
62221;Vj. Index der Tarifverdienste und Arbeitszeiten;JAHR;Jahr;2025;DINSGF;Früheres Bundesgebiet / Neue Länder;DN;Neue Länder;WZ08C7;WZ2008 (ausgewählte Positionen): Tarifindex;WZ08-R;Kunst, Unterhaltung und Erholung;114,0;2020=100;VST073;Index d.tarifl. Monatsverdienste mit Sonderzahl.
62221;Vj. Index der Tarifverdienste und Arbeitszeiten;JAHR;Jahr;2025;DINSGF;Früheres Bundesgebiet / Neue Länder;DN;Neue Länder;WZ08C7;WZ2008 (ausgewählte Positionen): Tarifindex;WZ08-R;Kunst, Unterhaltung und Erholung;39,1;h;VST019;Durchschnittliche tarifliche Wochenarbeitszeit
62221;Vj. Index der Tarifverdienste und Arbeitszeiten;JAHR;Jahr;2025;DINSGF;Früheres Bundesgebiet / Neue Länder;DN;Neue Länder;WZ08C7;WZ2008 (ausgewählte Positionen): Tarifindex;WZ08-R;Kunst, Unterhaltung und Erholung;114,1;2020=100;VST066;Index d.tarifl. Monatsverdienste ohne Sonderzahl.
62221;Vj. Index der Tarifverdienste und Arbeitszeiten;JAHR;Jahr;2025;DINSGF;Früheres Bundesgebiet / Neue Länder;DN;Neue Länder;WZ08C7;WZ2008 (ausgewählte Positionen): Tarifindex;WZ08-R;Kunst, Unterhaltung und Erholung;100,0;2020=100;VST018;Index der tariflichen Wochenarbeitszeit
62221;Vj. Index der Tarifverdienste und Arbeitszeiten;JAHR;Jahr;2025;DINSGF;Früheres Bundesgebiet / Neue Länder;DN;Neue Länder;WZ08C7;WZ2008 (ausgewählte Positionen): Tarifindex;WZ08-R;Kunst, Unterhaltung und Erholung;114,1;2020=100;VST065;Index d.tarifl. Stundenverdienste ohne Sonderzahl.
62221;Vj. Index der Tarifverdienste und Arbeitszeiten;JAHR;Jahr;2017;DINSGF;Früheres Bundesgebiet / Neue Länder;DN;Neue Länder;WZ08C7;WZ2008 (ausgewählte Positionen): Tarifindex;WZ08-36;Wasserversorgung;92,3;2020=100;VST072;Index d.tarifl. Stundenverdienste mit Sonderzahl.
62221;Vj. Index der Tarifverdienste und Arbeitszeiten;JAHR;Jahr;2017;DINSGF;Früheres Bundesgebiet / Neue Länder;DN;Neue Länder;WZ08C7;WZ2008 (ausgewählte Positionen): Tarifindex;WZ08-36;Wasserversorgung;92,3;2020=100;VST073;Index d.tarifl. Monatsverdienste mit Sonderzahl.
62221;Vj. Index der Tarifverdienste und Arbeitszeiten;JAHR;Jahr;2017;DINSGF;Früheres Bundesgebiet / Neue Länder;DN;Neue Länder;WZ08C7;WZ2008 (ausgewählte Positionen): Tarifindex;WZ08-36;Wasserversorgung;39,0;h;VST019;Durchschnittliche tarifliche Wochenarbeitszeit
62221;Vj. Index der Tarifverdienste und Arbeitszeiten;JAHR;Jahr;2017;DINSGF;Früheres Bundesgebiet / Neue Länder;DN;Neue Länder;WZ08C7;WZ2008 (ausgewählte Positionen): Tarifindex;WZ08-36;Wasserversorgung;92,9;2020=100;VST066;Index d.tarifl. Monatsverdienste ohne Sonderzahl.
62221;Vj. Index der Tarifverdienste und Arbeitszeiten;JAHR;Jahr;2017;DINSGF;Früheres Bundesgebiet / Neue Länder;DN;Neue Länder;WZ08C7;WZ2008 (ausgewählte Positionen): Tarifindex;WZ08-36;Wasserversorgung;100,0;2020=100;VST018;Index der tariflichen Wochenarbeitszeit
62221;Vj. Index der Tarifverdienste und Arbeitszeiten;JAHR;Jahr;2017;DINSGF;Früheres Bundesgebiet / Neue Länder;DN;Neue Länder;WZ08C7;WZ2008 (ausgewählte Positionen): Tarifindex;WZ08-36;Wasserversorgung;92,9;2020=100;VST065;Index d.tarifl. Stundenverdienste ohne Sonderzahl.
62221;Vj. Index der Tarifverdienste und Arbeitszeiten;JAHR;Jahr;2020;DINSGF;Früheres Bundesgebiet / Neue Länder;DN;Neue Länder;WZ08C7;WZ2008 (ausgewählte Positionen): Tarifindex;WZ-X004;Verbrauchsgüterproduzenten;100,0;2020=100;VST072;Index d.tarifl. Stundenverdienste mit Sonderzahl.
62221;Vj. Index der Tarifverdienste und Arbeitszeiten;JAHR;Jahr;2020;DINSGF;Früheres Bundesgebiet / Neue Länder;DN;Neue Länder;WZ08C7;WZ2008 (ausgewählte Positionen): Tarifindex;WZ-X004;Verbrauchsgüterproduzenten;100,0;2020=100;VST073;Index d.tarifl. Monatsverdienste mit Sonderzahl.
62221;Vj. Index der Tarifverdienste und Arbeitszeiten;JAHR;Jahr;2020;DINSGF;Früheres Bundesgebiet / Neue Länder;DN;Neue Länder;WZ08C7;WZ2008 (ausgewählte Positionen): Tarifindex;WZ-X004;Verbrauchsgüterproduzenten;38,6;h;VST019;Durchschnittliche tarifliche Wochenarbeitszeit
62221;Vj. Index der Tarifverdienste und Arbeitszeiten;JAHR;Jahr;2020;DINSGF;Früheres Bundesgebiet / Neue Länder;DN;Neue Länder;WZ08C7;WZ2008 (ausgewählte Positionen): Tarifindex;WZ-X004;Verbrauchsgüterproduzenten;100,0;2020=100;VST066;Index d.tarifl. Monatsverdienste ohne Sonderzahl.
62221;Vj. Index der Tarifverdienste und Arbeitszeiten;JAHR;Jahr;2020;DINSGF;Früheres Bundesgebiet / Neue Länder;DN;Neue Länder;WZ08C7;WZ2008 (ausgewählte Positionen): Tarifindex;WZ-X004;Verbrauchsgüterproduzenten;100,0;2020=100;VST018;Index der tariflichen Wochenarbeitszeit
62221;Vj. Index der Tarifverdienste und Arbeitszeiten;JAHR;Jahr;2020;DINSGF;Früheres Bundesgebiet / Neue Länder;DN;Neue Länder;WZ08C7;WZ2008 (ausgewählte Positionen): Tarifindex;WZ-X004;Verbrauchsgüterproduzenten;100,0;2020=100;VST065;Index d.tarifl. Stundenverdienste ohne Sonderzahl.
62221;Vj. Index der Tarifverdienste und Arbeitszeiten;JAHR;Jahr;2025;DINSGF;Früheres Bundesgebiet / Neue Länder;DN;Neue Länder;WZ08C7;WZ2008 (ausgewählte Positionen): Tarifindex;WZ08-59;Film, TV-Programme, Kinos, Tonstudios, Musikverlag;-;2020=100;VST072;Index d.tarifl. Stundenverdienste mit Sonderzahl.
62221;Vj. Index der Tarifverdienste und Arbeitszeiten;JAHR;Jahr;2025;DINSGF;Früheres Bundesgebiet / Neue Länder;DN;Neue Länder;WZ08C7;WZ2008 (ausgewählte Positionen): Tarifindex;WZ08-59;Film, TV-Programme, Kinos, Tonstudios, Musikverlag;-;2020=100;VST073;Index d.tarifl. Monatsverdienste mit Sonderzahl.
62221;Vj. Index der Tarifverdienste und Arbeitszeiten;JAHR;Jahr;2025;DINSGF;Früheres Bundesgebiet / Neue Länder;DN;Neue Länder;WZ08C7;WZ2008 (ausgewählte Positionen): Tarifindex;WZ08-59;Film, TV-Programme, Kinos, Tonstudios, Musikverlag;-;h;VST019;Durchschnittliche tarifliche Wochenarbeitszeit
62221;Vj. Index der Tarifverdienste und Arbeitszeiten;JAHR;Jahr;2025;DINSGF;Früheres Bundesgebiet / Neue Länder;DN;Neue Länder;WZ08C7;WZ2008 (ausgewählte Positionen): Tarifindex;WZ08-59;Film, TV-Programme, Kinos, Tonstudios, Musikverlag;-;2020=100;VST066;Index d.tarifl. Monatsverdienste ohne Sonderzahl.
62221;Vj. Index der Tarifverdienste und Arbeitszeiten;JAHR;Jahr;2025;DINSGF;Früheres Bundesgebiet / Neue Länder;DN;Neue Länder;WZ08C7;WZ2008 (ausgewählte Positionen): Tarifindex;WZ08-59;Film, TV-Programme, Kinos, Tonstudios, Musikverlag;-;2020=100;VST018;Index der tariflichen Wochenarbeitszeit
62221;Vj. Index der Tarifverdienste und Arbeitszeiten;JAHR;Jahr;2025;DINSGF;Früheres Bundesgebiet / Neue Länder;DN;Neue Länder;WZ08C7;WZ2008 (ausgewählte Positionen): Tarifindex;WZ08-59;Film, TV-Programme, Kinos, Tonstudios, Musikverlag;-;2020=100;VST065;Index d.tarifl. Stundenverdienste ohne Sonderzahl.
62221;Vj. Index der Tarifverdienste und Arbeitszeiten;JAHR;Jahr;2016;DINSGF;Früheres Bundesgebiet / Neue Länder;DF;Früheres Bundesgebiet;WZ08C7;WZ2008 (ausgewählte Positionen): Tarifindex;WZ08-10-01;Ernährungsgewerbe und Tabakverarbeitung;91,0;2020=100;VST072;Index d.tarifl. Stundenverdienste mit Sonderzahl.
62221;Vj. Index der Tarifverdienste und Arbeitszeiten;JAHR;Jahr;2016;DINSGF;Früheres Bundesgebiet / Neue Länder;DF;Früheres Bundesgebiet;WZ08C7;WZ2008 (ausgewählte Positionen): Tarifindex;WZ08-10-01;Ernährungsgewerbe und Tabakverarbeitung;91,0;2020=100;VST073;Index d.tarifl. Monatsverdienste mit Sonderzahl.
62221;Vj. Index der Tarifverdienste und Arbeitszeiten;JAHR;Jahr;2016;DINSGF;Früheres Bundesgebiet / Neue Länder;DF;Früheres Bundesgebiet;WZ08C7;WZ2008 (ausgewählte Positionen): Tarifindex;WZ08-10-01;Ernährungsgewerbe und Tabakverarbeitung;38,3;h;VST019;Durchschnittliche tarifliche Wochenarbeitszeit
62221;Vj. Index der Tarifverdienste und Arbeitszeiten;JAHR;Jahr;2016;DINSGF;Früheres Bundesgebiet / Neue Länder;DF;Früheres Bundesgebiet;WZ08C7;WZ2008 (ausgewählte Positionen): Tarifindex;WZ08-10-01;Ernährungsgewerbe und Tabakverarbeitung;91,2;2020=100;VST066;Index d.tarifl. Monatsverdienste ohne Sonderzahl.
62221;Vj. Index der Tarifverdienste und Arbeitszeiten;JAHR;Jahr;2016;DINSGF;Früheres Bundesgebiet / Neue Länder;DF;Früheres Bundesgebiet;WZ08C7;WZ2008 (ausgewählte Positionen): Tarifindex;WZ08-10-01;Ernährungsgewerbe und Tabakverarbeitung;100,0;2020=100;VST018;Index der tariflichen Wochenarbeitszeit
62221;Vj. Index der Tarifverdienste und Arbeitszeiten;JAHR;Jahr;2016;DINSGF;Früheres Bundesgebiet / Neue Länder;DF;Früheres Bundesgebiet;WZ08C7;WZ2008 (ausgewählte Positionen): Tarifindex;WZ08-10-01;Ernährungsgewerbe und Tabakverarbeitung;91,2;2020=100;VST065;Index d.tarifl. Stundenverdienste ohne Sonderzahl.
62221;Vj. Index der Tarifverdienste und Arbeitszeiten;JAHR;Jahr;2025;DINSGF;Früheres Bundesgebiet / Neue Länder;DN;Neue Länder;WZ08C7;WZ2008 (ausgewählte Positionen): Tarifindex;WZ08-55-01;Gastgewerbe;130,8;2020=100;VST072;Index d.tarifl. Stundenverdienste mit Sonderzahl.
62221;Vj. Index der Tarifverdienste und Arbeitszeiten;JAHR;Jahr;2025;DINSGF;Früheres Bundesgebiet / Neue Länder;DN;Neue Länder;WZ08C7;WZ2008 (ausgewählte Positionen): Tarifindex;WZ08-55-01;Gastgewerbe;130,8;2020=100;VST073;Index d.tarifl. Monatsverdienste mit Sonderzahl.
62221;Vj. Index der Tarifverdienste und Arbeitszeiten;JAHR;Jahr;2025;DINSGF;Früheres Bundesgebiet / Neue Länder;DN;Neue Länder;WZ08C7;WZ2008 (ausgewählte Positionen): Tarifindex;WZ08-55-01;Gastgewerbe;39,4;h;VST019;Durchschnittliche tarifliche Wochenarbeitszeit
62221;Vj. Index der Tarifverdienste und Arbeitszeiten;JAHR;Jahr;2025;DINSGF;Früheres Bundesgebiet / Neue Länder;DN;Neue Länder;WZ08C7;WZ2008 (ausgewählte Positionen): Tarifindex;WZ08-55-01;Gastgewerbe;131,0;2020=100;VST066;Index d.tarifl. Monatsverdienste ohne Sonderzahl.
62221;Vj. Index der Tarifverdienste und Arbeitszeiten;JAHR;Jahr;2025;DINSGF;Früheres Bundesgebiet / Neue Länder;DN;Neue Länder;WZ08C7;WZ2008 (ausgewählte Positionen): Tarifindex;WZ08-55-01;Gastgewerbe;100,0;2020=100;VST018;Index der tariflichen Wochenarbeitszeit
62221;Vj. Index der Tarifverdienste und Arbeitszeiten;JAHR;Jahr;2025;DINSGF;Früheres Bundesgebiet / Neue Länder;DN;Neue Länder;WZ08C7;WZ2008 (ausgewählte Positionen): Tarifindex;WZ08-55-01;Gastgewerbe;131,0;2020=100;VST065;Index d.tarifl. Stundenverdienste ohne Sonderzahl.
62221;Vj. Index der Tarifverdienste und Arbeitszeiten;JAHR;Jahr;2022;DINSGF;Früheres Bundesgebiet / Neue Länder;DN;Neue Länder;WZ08C7;WZ2008 (ausgewählte Positionen): Tarifindex;WZ08-88;Sozialwesen (ohne Heime);105,4;2020=100;VST072;Index d.tarifl. Stundenverdienste mit Sonderzahl.
62221;Vj. Index der Tarifverdienste und Arbeitszeiten;JAHR;Jahr;2022;DINSGF;Früheres Bundesgebiet / Neue Länder;DN;Neue Länder;WZ08C7;WZ2008 (ausgewählte Positionen): Tarifindex;WZ08-88;Sozialwesen (ohne Heime);105,0;2020=100;VST073;Index d.tarifl. Monatsverdienste mit Sonderzahl.
62221;Vj. Index der Tarifverdienste und Arbeitszeiten;JAHR;Jahr;2022;DINSGF;Früheres Bundesgebiet / Neue Länder;DN;Neue Länder;WZ08C7;WZ2008 (ausgewählte Positionen): Tarifindex;WZ08-88;Sozialwesen (ohne Heime);39,2;h;VST019;Durchschnittliche tarifliche Wochenarbeitszeit
62221;Vj. Index der Tarifverdienste und Arbeitszeiten;JAHR;Jahr;2022;DINSGF;Früheres Bundesgebiet / Neue Länder;DN;Neue Länder;WZ08C7;WZ2008 (ausgewählte Positionen): Tarifindex;WZ08-88;Sozialwesen (ohne Heime);104,6;2020=100;VST066;Index d.tarifl. Monatsverdienste ohne Sonderzahl.
62221;Vj. Index der Tarifverdienste und Arbeitszeiten;JAHR;Jahr;2022;DINSGF;Früheres Bundesgebiet / Neue Länder;DN;Neue Länder;WZ08C7;WZ2008 (ausgewählte Positionen): Tarifindex;WZ08-88;Sozialwesen (ohne Heime);99,7;2020=100;VST018;Index der tariflichen Wochenarbeitszeit
62221;Vj. Index der Tarifverdienste und Arbeitszeiten;JAHR;Jahr;2022;DINSGF;Früheres Bundesgebiet / Neue Länder;DN;Neue Länder;WZ08C7;WZ2008 (ausgewählte Positionen): Tarifindex;WZ08-88;Sozialwesen (ohne Heime);105,0;2020=100;VST065;Index d.tarifl. Stundenverdienste ohne Sonderzahl.
62221;Vj. Index der Tarifverdienste und Arbeitszeiten;JAHR;Jahr;2021;DINSGF;Früheres Bundesgebiet / Neue Länder;DN;Neue Länder;WZ08C7;WZ2008 (ausgewählte Positionen): Tarifindex;WZ08-11;Getränkeherstellung;102,2;2020=100;VST072;Index d.tarifl. Stundenverdienste mit Sonderzahl.
62221;Vj. Index der Tarifverdienste und Arbeitszeiten;JAHR;Jahr;2021;DINSGF;Früheres Bundesgebiet / Neue Länder;DN;Neue Länder;WZ08C7;WZ2008 (ausgewählte Positionen): Tarifindex;WZ08-11;Getränkeherstellung;102,2;2020=100;VST073;Index d.tarifl. Monatsverdienste mit Sonderzahl.
62221;Vj. Index der Tarifverdienste und Arbeitszeiten;JAHR;Jahr;2021;DINSGF;Früheres Bundesgebiet / Neue Länder;DN;Neue Länder;WZ08C7;WZ2008 (ausgewählte Positionen): Tarifindex;WZ08-11;Getränkeherstellung;39,0;h;VST019;Durchschnittliche tarifliche Wochenarbeitszeit
62221;Vj. Index der Tarifverdienste und Arbeitszeiten;JAHR;Jahr;2021;DINSGF;Früheres Bundesgebiet / Neue Länder;DN;Neue Länder;WZ08C7;WZ2008 (ausgewählte Positionen): Tarifindex;WZ08-11;Getränkeherstellung;102,3;2020=100;VST066;Index d.tarifl. Monatsverdienste ohne Sonderzahl.
62221;Vj. Index der Tarifverdienste und Arbeitszeiten;JAHR;Jahr;2021;DINSGF;Früheres Bundesgebiet / Neue Länder;DN;Neue Länder;WZ08C7;WZ2008 (ausgewählte Positionen): Tarifindex;WZ08-11;Getränkeherstellung;100,0;2020=100;VST018;Index der tariflichen Wochenarbeitszeit
62221;Vj. Index der Tarifverdienste und Arbeitszeiten;JAHR;Jahr;2021;DINSGF;Früheres Bundesgebiet / Neue Länder;DN;Neue Länder;WZ08C7;WZ2008 (ausgewählte Positionen): Tarifindex;WZ08-11;Getränkeherstellung;102,3;2020=100;VST065;Index d.tarifl. Stundenverdienste ohne Sonderzahl.
62221;Vj. Index der Tarifverdienste und Arbeitszeiten;JAHR;Jahr;2016;DINSGF;Früheres Bundesgebiet / Neue Länder;DF;Früheres Bundesgebiet;WZ08C7;WZ2008 (ausgewählte Positionen): Tarifindex;WZ08-01;Landwirtschaft, Jagd und verbundene Tätigkeiten;91,0;2020=100;VST072;Index d.tarifl. Stundenverdienste mit Sonderzahl.
62221;Vj. Index der Tarifverdienste und Arbeitszeiten;JAHR;Jahr;2016;DINSGF;Früheres Bundesgebiet / Neue Länder;DF;Früheres Bundesgebiet;WZ08C7;WZ2008 (ausgewählte Positionen): Tarifindex;WZ08-01;Landwirtschaft, Jagd und verbundene Tätigkeiten;91,0;2020=100;VST073;Index d.tarifl. Monatsverdienste mit Sonderzahl.
62221;Vj. Index der Tarifverdienste und Arbeitszeiten;JAHR;Jahr;2016;DINSGF;Früheres Bundesgebiet / Neue Länder;DF;Früheres Bundesgebiet;WZ08C7;WZ2008 (ausgewählte Positionen): Tarifindex;WZ08-01;Landwirtschaft, Jagd und verbundene Tätigkeiten;39,5;h;VST019;Durchschnittliche tarifliche Wochenarbeitszeit
62221;Vj. Index der Tarifverdienste und Arbeitszeiten;JAHR;Jahr;2016;DINSGF;Früheres Bundesgebiet / Neue Länder;DF;Früheres Bundesgebiet;WZ08C7;WZ2008 (ausgewählte Positionen): Tarifindex;WZ08-01;Landwirtschaft, Jagd und verbundene Tätigkeiten;90,8;2020=100;VST066;Index d.tarifl. Monatsverdienste ohne Sonderzahl.
62221;Vj. Index der Tarifverdienste und Arbeitszeiten;JAHR;Jahr;2016;DINSGF;Früheres Bundesgebiet / Neue Länder;DF;Früheres Bundesgebiet;WZ08C7;WZ2008 (ausgewählte Positionen): Tarifindex;WZ08-01;Landwirtschaft, Jagd und verbundene Tätigkeiten;100,0;2020=100;VST018;Index der tariflichen Wochenarbeitszeit
62221;Vj. Index der Tarifverdienste und Arbeitszeiten;JAHR;Jahr;2016;DINSGF;Früheres Bundesgebiet / Neue Länder;DF;Früheres Bundesgebiet;WZ08C7;WZ2008 (ausgewählte Positionen): Tarifindex;WZ08-01;Landwirtschaft, Jagd und verbundene Tätigkeiten;90,8;2020=100;VST065;Index d.tarifl. Stundenverdienste ohne Sonderzahl.
62221;Vj. Index der Tarifverdienste und Arbeitszeiten;JAHR;Jahr;2018;DINSGF;Früheres Bundesgebiet / Neue Länder;DF;Früheres Bundesgebiet;WZ08C7;WZ2008 (ausgewählte Positionen): Tarifindex;WZ08-31;Herstellung von Möbeln;96,3;2020=100;VST072;Index d.tarifl. Stundenverdienste mit Sonderzahl.
62221;Vj. Index der Tarifverdienste und Arbeitszeiten;JAHR;Jahr;2018;DINSGF;Früheres Bundesgebiet / Neue Länder;DF;Früheres Bundesgebiet;WZ08C7;WZ2008 (ausgewählte Positionen): Tarifindex;WZ08-31;Herstellung von Möbeln;96,3;2020=100;VST073;Index d.tarifl. Monatsverdienste mit Sonderzahl.
62221;Vj. Index der Tarifverdienste und Arbeitszeiten;JAHR;Jahr;2018;DINSGF;Früheres Bundesgebiet / Neue Länder;DF;Früheres Bundesgebiet;WZ08C7;WZ2008 (ausgewählte Positionen): Tarifindex;WZ08-31;Herstellung von Möbeln;36,4;h;VST019;Durchschnittliche tarifliche Wochenarbeitszeit
62221;Vj. Index der Tarifverdienste und Arbeitszeiten;JAHR;Jahr;2018;DINSGF;Früheres Bundesgebiet / Neue Länder;DF;Früheres Bundesgebiet;WZ08C7;WZ2008 (ausgewählte Positionen): Tarifindex;WZ08-31;Herstellung von Möbeln;96,5;2020=100;VST066;Index d.tarifl. Monatsverdienste ohne Sonderzahl.
62221;Vj. Index der Tarifverdienste und Arbeitszeiten;JAHR;Jahr;2018;DINSGF;Früheres Bundesgebiet / Neue Länder;DF;Früheres Bundesgebiet;WZ08C7;WZ2008 (ausgewählte Positionen): Tarifindex;WZ08-31;Herstellung von Möbeln;100,0;2020=100;VST018;Index der tariflichen Wochenarbeitszeit
62221;Vj. Index der Tarifverdienste und Arbeitszeiten;JAHR;Jahr;2018;DINSGF;Früheres Bundesgebiet / Neue Länder;DF;Früheres Bundesgebiet;WZ08C7;WZ2008 (ausgewählte Positionen): Tarifindex;WZ08-31;Herstellung von Möbeln;96,5;2020=100;VST065;Index d.tarifl. Stundenverdienste ohne Sonderzahl.
62221;Vj. Index der Tarifverdienste und Arbeitszeiten;JAHR;Jahr;2025;DINSGF;Früheres Bundesgebiet / Neue Länder;DN;Neue Länder;WZ08C7;WZ2008 (ausgewählte Positionen): Tarifindex;WZ08-10-02;Ernährungsgewerbe;123,2;2020=100;VST072;Index d.tarifl. Stundenverdienste mit Sonderzahl.
62221;Vj. Index der Tarifverdienste und Arbeitszeiten;JAHR;Jahr;2025;DINSGF;Früheres Bundesgebiet / Neue Länder;DN;Neue Länder;WZ08C7;WZ2008 (ausgewählte Positionen): Tarifindex;WZ08-10-02;Ernährungsgewerbe;122,2;2020=100;VST073;Index d.tarifl. Monatsverdienste mit Sonderzahl.
62221;Vj. Index der Tarifverdienste und Arbeitszeiten;JAHR;Jahr;2025;DINSGF;Früheres Bundesgebiet / Neue Länder;DN;Neue Länder;WZ08C7;WZ2008 (ausgewählte Positionen): Tarifindex;WZ08-10-02;Ernährungsgewerbe;38,5;h;VST019;Durchschnittliche tarifliche Wochenarbeitszeit
62221;Vj. Index der Tarifverdienste und Arbeitszeiten;JAHR;Jahr;2025;DINSGF;Früheres Bundesgebiet / Neue Länder;DN;Neue Länder;WZ08C7;WZ2008 (ausgewählte Positionen): Tarifindex;WZ08-10-02;Ernährungsgewerbe;122,3;2020=100;VST066;Index d.tarifl. Monatsverdienste ohne Sonderzahl.
62221;Vj. Index der Tarifverdienste und Arbeitszeiten;JAHR;Jahr;2025;DINSGF;Früheres Bundesgebiet / Neue Länder;DN;Neue Länder;WZ08C7;WZ2008 (ausgewählte Positionen): Tarifindex;WZ08-10-02;Ernährungsgewerbe;99,3;2020=100;VST018;Index der tariflichen Wochenarbeitszeit
62221;Vj. Index der Tarifverdienste und Arbeitszeiten;JAHR;Jahr;2025;DINSGF;Früheres Bundesgebiet / Neue Länder;DN;Neue Länder;WZ08C7;WZ2008 (ausgewählte Positionen): Tarifindex;WZ08-10-02;Ernährungsgewerbe;123,2;2020=100;VST065;Index d.tarifl. Stundenverdienste ohne Sonderzahl.
62221;Vj. Index der Tarifverdienste und Arbeitszeiten;JAHR;Jahr;2017;DINSGF;Früheres Bundesgebiet / Neue Länder;DF;Früheres Bundesgebiet;WZ08C7;WZ2008 (ausgewählte Positionen): Tarifindex;WZ08-78;Vermittlung und Überlassung von Arbeitskräften;91,8;2020=100;VST072;Index d.tarifl. Stundenverdienste mit Sonderzahl.
62221;Vj. Index der Tarifverdienste und Arbeitszeiten;JAHR;Jahr;2017;DINSGF;Früheres Bundesgebiet / Neue Länder;DF;Früheres Bundesgebiet;WZ08C7;WZ2008 (ausgewählte Positionen): Tarifindex;WZ08-78;Vermittlung und Überlassung von Arbeitskräften;91,8;2020=100;VST073;Index d.tarifl. Monatsverdienste mit Sonderzahl.
62221;Vj. Index der Tarifverdienste und Arbeitszeiten;JAHR;Jahr;2017;DINSGF;Früheres Bundesgebiet / Neue Länder;DF;Früheres Bundesgebiet;WZ08C7;WZ2008 (ausgewählte Positionen): Tarifindex;WZ08-78;Vermittlung und Überlassung von Arbeitskräften;35,1;h;VST019;Durchschnittliche tarifliche Wochenarbeitszeit
62221;Vj. Index der Tarifverdienste und Arbeitszeiten;JAHR;Jahr;2017;DINSGF;Früheres Bundesgebiet / Neue Länder;DF;Früheres Bundesgebiet;WZ08C7;WZ2008 (ausgewählte Positionen): Tarifindex;WZ08-78;Vermittlung und Überlassung von Arbeitskräften;91,9;2020=100;VST066;Index d.tarifl. Monatsverdienste ohne Sonderzahl.
62221;Vj. Index der Tarifverdienste und Arbeitszeiten;JAHR;Jahr;2017;DINSGF;Früheres Bundesgebiet / Neue Länder;DF;Früheres Bundesgebiet;WZ08C7;WZ2008 (ausgewählte Positionen): Tarifindex;WZ08-78;Vermittlung und Überlassung von Arbeitskräften;100,0;2020=100;VST018;Index der tariflichen Wochenarbeitszeit
62221;Vj. Index der Tarifverdienste und Arbeitszeiten;JAHR;Jahr;2017;DINSGF;Früheres Bundesgebiet / Neue Länder;DF;Früheres Bundesgebiet;WZ08C7;WZ2008 (ausgewählte Positionen): Tarifindex;WZ08-78;Vermittlung und Überlassung von Arbeitskräften;91,9;2020=100;VST065;Index d.tarifl. Stundenverdienste ohne Sonderzahl.
62221;Vj. Index der Tarifverdienste und Arbeitszeiten;JAHR;Jahr;2024;DINSGF;Früheres Bundesgebiet / Neue Länder;DN;Neue Länder;WZ08C7;WZ2008 (ausgewählte Positionen): Tarifindex;WZ08-52-01;Lagerei und Kurierdienste;114,1;2020=100;VST072;Index d.tarifl. Stundenverdienste mit Sonderzahl.
62221;Vj. Index der Tarifverdienste und Arbeitszeiten;JAHR;Jahr;2024;DINSGF;Früheres Bundesgebiet / Neue Länder;DN;Neue Länder;WZ08C7;WZ2008 (ausgewählte Positionen): Tarifindex;WZ08-52-01;Lagerei und Kurierdienste;114,0;2020=100;VST073;Index d.tarifl. Monatsverdienste mit Sonderzahl.
62221;Vj. Index der Tarifverdienste und Arbeitszeiten;JAHR;Jahr;2024;DINSGF;Früheres Bundesgebiet / Neue Länder;DN;Neue Länder;WZ08C7;WZ2008 (ausgewählte Positionen): Tarifindex;WZ08-52-01;Lagerei und Kurierdienste;39,0;h;VST019;Durchschnittliche tarifliche Wochenarbeitszeit
62221;Vj. Index der Tarifverdienste und Arbeitszeiten;JAHR;Jahr;2024;DINSGF;Früheres Bundesgebiet / Neue Länder;DN;Neue Länder;WZ08C7;WZ2008 (ausgewählte Positionen): Tarifindex;WZ08-52-01;Lagerei und Kurierdienste;112,1;2020=100;VST066;Index d.tarifl. Monatsverdienste ohne Sonderzahl.
62221;Vj. Index der Tarifverdienste und Arbeitszeiten;JAHR;Jahr;2024;DINSGF;Früheres Bundesgebiet / Neue Länder;DN;Neue Länder;WZ08C7;WZ2008 (ausgewählte Positionen): Tarifindex;WZ08-52-01;Lagerei und Kurierdienste;99,9;2020=100;VST018;Index der tariflichen Wochenarbeitszeit
62221;Vj. Index der Tarifverdienste und Arbeitszeiten;JAHR;Jahr;2024;DINSGF;Früheres Bundesgebiet / Neue Länder;DN;Neue Länder;WZ08C7;WZ2008 (ausgewählte Positionen): Tarifindex;WZ08-52-01;Lagerei und Kurierdienste;112,2;2020=100;VST065;Index d.tarifl. Stundenverdienste ohne Sonderzahl.
62221;Vj. Index der Tarifverdienste und Arbeitszeiten;JAHR;Jahr;2018;DINSGF;Früheres Bundesgebiet / Neue Länder;DF;Früheres Bundesgebiet;WZ08C7;WZ2008 (ausgewählte Positionen): Tarifindex;WZ08-28;Maschinenbau;96,5;2020=100;VST072;Index d.tarifl. Stundenverdienste mit Sonderzahl.
62221;Vj. Index der Tarifverdienste und Arbeitszeiten;JAHR;Jahr;2018;DINSGF;Früheres Bundesgebiet / Neue Länder;DF;Früheres Bundesgebiet;WZ08C7;WZ2008 (ausgewählte Positionen): Tarifindex;WZ08-28;Maschinenbau;96,5;2020=100;VST073;Index d.tarifl. Monatsverdienste mit Sonderzahl.
62221;Vj. Index der Tarifverdienste und Arbeitszeiten;JAHR;Jahr;2018;DINSGF;Früheres Bundesgebiet / Neue Länder;DF;Früheres Bundesgebiet;WZ08C7;WZ2008 (ausgewählte Positionen): Tarifindex;WZ08-28;Maschinenbau;35,2;h;VST019;Durchschnittliche tarifliche Wochenarbeitszeit
62221;Vj. Index der Tarifverdienste und Arbeitszeiten;JAHR;Jahr;2018;DINSGF;Früheres Bundesgebiet / Neue Länder;DF;Früheres Bundesgebiet;WZ08C7;WZ2008 (ausgewählte Positionen): Tarifindex;WZ08-28;Maschinenbau;98,8;2020=100;VST066;Index d.tarifl. Monatsverdienste ohne Sonderzahl.
62221;Vj. Index der Tarifverdienste und Arbeitszeiten;JAHR;Jahr;2018;DINSGF;Früheres Bundesgebiet / Neue Länder;DF;Früheres Bundesgebiet;WZ08C7;WZ2008 (ausgewählte Positionen): Tarifindex;WZ08-28;Maschinenbau;100,0;2020=100;VST018;Index der tariflichen Wochenarbeitszeit
62221;Vj. Index der Tarifverdienste und Arbeitszeiten;JAHR;Jahr;2018;DINSGF;Früheres Bundesgebiet / Neue Länder;DF;Früheres Bundesgebiet;WZ08C7;WZ2008 (ausgewählte Positionen): Tarifindex;WZ08-28;Maschinenbau;98,8;2020=100;VST065;Index d.tarifl. Stundenverdienste ohne Sonderzahl.
62221;Vj. Index der Tarifverdienste und Arbeitszeiten;JAHR;Jahr;2017;DINSGF;Früheres Bundesgebiet / Neue Länder;DF;Früheres Bundesgebiet;WZ08C7;WZ2008 (ausgewählte Positionen): Tarifindex;WZ08-81;Gebäudebetreuung, Garten- und Landschaftsbau;92,8;2020=100;VST072;Index d.tarifl. Stundenverdienste mit Sonderzahl.
62221;Vj. Index der Tarifverdienste und Arbeitszeiten;JAHR;Jahr;2017;DINSGF;Früheres Bundesgebiet / Neue Länder;DF;Früheres Bundesgebiet;WZ08C7;WZ2008 (ausgewählte Positionen): Tarifindex;WZ08-81;Gebäudebetreuung, Garten- und Landschaftsbau;92,8;2020=100;VST073;Index d.tarifl. Monatsverdienste mit Sonderzahl.
62221;Vj. Index der Tarifverdienste und Arbeitszeiten;JAHR;Jahr;2017;DINSGF;Früheres Bundesgebiet / Neue Länder;DF;Früheres Bundesgebiet;WZ08C7;WZ2008 (ausgewählte Positionen): Tarifindex;WZ08-81;Gebäudebetreuung, Garten- und Landschaftsbau;38,9;h;VST019;Durchschnittliche tarifliche Wochenarbeitszeit
62221;Vj. Index der Tarifverdienste und Arbeitszeiten;JAHR;Jahr;2017;DINSGF;Früheres Bundesgebiet / Neue Länder;DF;Früheres Bundesgebiet;WZ08C7;WZ2008 (ausgewählte Positionen): Tarifindex;WZ08-81;Gebäudebetreuung, Garten- und Landschaftsbau;92,7;2020=100;VST066;Index d.tarifl. Monatsverdienste ohne Sonderzahl.
62221;Vj. Index der Tarifverdienste und Arbeitszeiten;JAHR;Jahr;2017;DINSGF;Früheres Bundesgebiet / Neue Länder;DF;Früheres Bundesgebiet;WZ08C7;WZ2008 (ausgewählte Positionen): Tarifindex;WZ08-81;Gebäudebetreuung, Garten- und Landschaftsbau;100,0;2020=100;VST018;Index der tariflichen Wochenarbeitszeit
62221;Vj. Index der Tarifverdienste und Arbeitszeiten;JAHR;Jahr;2017;DINSGF;Früheres Bundesgebiet / Neue Länder;DF;Früheres Bundesgebiet;WZ08C7;WZ2008 (ausgewählte Positionen): Tarifindex;WZ08-81;Gebäudebetreuung, Garten- und Landschaftsbau;92,7;2020=100;VST065;Index d.tarifl. Stundenverdienste ohne Sonderzahl.
62221;Vj. Index der Tarifverdienste und Arbeitszeiten;JAHR;Jahr;2023;DINSGF;Früheres Bundesgebiet / Neue Länder;DN;Neue Länder;WZ08C7;WZ2008 (ausgewählte Positionen): Tarifindex;WZ08-B-11;Produzierendes Gewerbe, Handel u.A.;107,3;2020=100;VST072;Index d.tarifl. Stundenverdienste mit Sonderzahl.
62221;Vj. Index der Tarifverdienste und Arbeitszeiten;JAHR;Jahr;2023;DINSGF;Früheres Bundesgebiet / Neue Länder;DN;Neue Länder;WZ08C7;WZ2008 (ausgewählte Positionen): Tarifindex;WZ08-B-11;Produzierendes Gewerbe, Handel u.A.;107,1;2020=100;VST073;Index d.tarifl. Monatsverdienste mit Sonderzahl.
62221;Vj. Index der Tarifverdienste und Arbeitszeiten;JAHR;Jahr;2023;DINSGF;Früheres Bundesgebiet / Neue Länder;DN;Neue Länder;WZ08C7;WZ2008 (ausgewählte Positionen): Tarifindex;WZ08-B-11;Produzierendes Gewerbe, Handel u.A.;39,1;h;VST019;Durchschnittliche tarifliche Wochenarbeitszeit
62221;Vj. Index der Tarifverdienste und Arbeitszeiten;JAHR;Jahr;2023;DINSGF;Früheres Bundesgebiet / Neue Länder;DN;Neue Länder;WZ08C7;WZ2008 (ausgewählte Positionen): Tarifindex;WZ08-B-11;Produzierendes Gewerbe, Handel u.A.;104,8;2020=100;VST066;Index d.tarifl. Monatsverdienste ohne Sonderzahl.
62221;Vj. Index der Tarifverdienste und Arbeitszeiten;JAHR;Jahr;2023;DINSGF;Früheres Bundesgebiet / Neue Länder;DN;Neue Länder;WZ08C7;WZ2008 (ausgewählte Positionen): Tarifindex;WZ08-B-11;Produzierendes Gewerbe, Handel u.A.;99,9;2020=100;VST018;Index der tariflichen Wochenarbeitszeit
62221;Vj. Index der Tarifverdienste und Arbeitszeiten;JAHR;Jahr;2023;DINSGF;Früheres Bundesgebiet / Neue Länder;DN;Neue Länder;WZ08C7;WZ2008 (ausgewählte Positionen): Tarifindex;WZ08-B-11;Produzierendes Gewerbe, Handel u.A.;105,0;2020=100;VST065;Index d.tarifl. Stundenverdienste ohne Sonderzahl.
62221;Vj. Index der Tarifverdienste und Arbeitszeiten;JAHR;Jahr;2016;DINSGF;Früheres Bundesgebiet / Neue Länder;DN;Neue Länder;WZ08C7;WZ2008 (ausgewählte Positionen): Tarifindex;WZ08-86;Gesundheitswesen;88,5;2020=100;VST072;Index d.tarifl. Stundenverdienste mit Sonderzahl.
62221;Vj. Index der Tarifverdienste und Arbeitszeiten;JAHR;Jahr;2016;DINSGF;Früheres Bundesgebiet / Neue Länder;DN;Neue Länder;WZ08C7;WZ2008 (ausgewählte Positionen): Tarifindex;WZ08-86;Gesundheitswesen;88,4;2020=100;VST073;Index d.tarifl. Monatsverdienste mit Sonderzahl.
62221;Vj. Index der Tarifverdienste und Arbeitszeiten;JAHR;Jahr;2016;DINSGF;Früheres Bundesgebiet / Neue Länder;DN;Neue Länder;WZ08C7;WZ2008 (ausgewählte Positionen): Tarifindex;WZ08-86;Gesundheitswesen;39,4;h;VST019;Durchschnittliche tarifliche Wochenarbeitszeit
62221;Vj. Index der Tarifverdienste und Arbeitszeiten;JAHR;Jahr;2016;DINSGF;Früheres Bundesgebiet / Neue Länder;DN;Neue Länder;WZ08C7;WZ2008 (ausgewählte Positionen): Tarifindex;WZ08-86;Gesundheitswesen;88,4;2020=100;VST066;Index d.tarifl. Monatsverdienste ohne Sonderzahl.
62221;Vj. Index der Tarifverdienste und Arbeitszeiten;JAHR;Jahr;2016;DINSGF;Früheres Bundesgebiet / Neue Länder;DN;Neue Länder;WZ08C7;WZ2008 (ausgewählte Positionen): Tarifindex;WZ08-86;Gesundheitswesen;99,9;2020=100;VST018;Index der tariflichen Wochenarbeitszeit
62221;Vj. Index der Tarifverdienste und Arbeitszeiten;JAHR;Jahr;2016;DINSGF;Früheres Bundesgebiet / Neue Länder;DN;Neue Länder;WZ08C7;WZ2008 (ausgewählte Positionen): Tarifindex;WZ08-86;Gesundheitswesen;88,5;2020=100;VST065;Index d.tarifl. Stundenverdienste ohne Sonderzahl.
62221;Vj. Index der Tarifverdienste und Arbeitszeiten;JAHR;Jahr;2023;DINSGF;Früheres Bundesgebiet / Neue Länder;DN;Neue Länder;WZ08C7;WZ2008 (ausgewählte Positionen): Tarifindex;WZ08-32;Herstellung von sonstigen Waren;108,4;2020=100;VST072;Index d.tarifl. Stundenverdienste mit Sonderzahl.
62221;Vj. Index der Tarifverdienste und Arbeitszeiten;JAHR;Jahr;2023;DINSGF;Früheres Bundesgebiet / Neue Länder;DN;Neue Länder;WZ08C7;WZ2008 (ausgewählte Positionen): Tarifindex;WZ08-32;Herstellung von sonstigen Waren;108,4;2020=100;VST073;Index d.tarifl. Monatsverdienste mit Sonderzahl.
62221;Vj. Index der Tarifverdienste und Arbeitszeiten;JAHR;Jahr;2023;DINSGF;Früheres Bundesgebiet / Neue Länder;DN;Neue Länder;WZ08C7;WZ2008 (ausgewählte Positionen): Tarifindex;WZ08-32;Herstellung von sonstigen Waren;38,0;h;VST019;Durchschnittliche tarifliche Wochenarbeitszeit
62221;Vj. Index der Tarifverdienste und Arbeitszeiten;JAHR;Jahr;2023;DINSGF;Früheres Bundesgebiet / Neue Länder;DN;Neue Länder;WZ08C7;WZ2008 (ausgewählte Positionen): Tarifindex;WZ08-32;Herstellung von sonstigen Waren;105,0;2020=100;VST066;Index d.tarifl. Monatsverdienste ohne Sonderzahl.
62221;Vj. Index der Tarifverdienste und Arbeitszeiten;JAHR;Jahr;2023;DINSGF;Früheres Bundesgebiet / Neue Länder;DN;Neue Länder;WZ08C7;WZ2008 (ausgewählte Positionen): Tarifindex;WZ08-32;Herstellung von sonstigen Waren;100,0;2020=100;VST018;Index der tariflichen Wochenarbeitszeit
62221;Vj. Index der Tarifverdienste und Arbeitszeiten;JAHR;Jahr;2023;DINSGF;Früheres Bundesgebiet / Neue Länder;DN;Neue Länder;WZ08C7;WZ2008 (ausgewählte Positionen): Tarifindex;WZ08-32;Herstellung von sonstigen Waren;105,0;2020=100;VST065;Index d.tarifl. Stundenverdienste ohne Sonderzahl.
62221;Vj. Index der Tarifverdienste und Arbeitszeiten;JAHR;Jahr;2016;DINSGF;Früheres Bundesgebiet / Neue Länder;DN;Neue Länder;WZ08C7;WZ2008 (ausgewählte Positionen): Tarifindex;WZ08-80;Wach- und Sicherheitsdienste sowie Detekteien;83,6;2020=100;VST072;Index d.tarifl. Stundenverdienste mit Sonderzahl.
62221;Vj. Index der Tarifverdienste und Arbeitszeiten;JAHR;Jahr;2016;DINSGF;Früheres Bundesgebiet / Neue Länder;DN;Neue Länder;WZ08C7;WZ2008 (ausgewählte Positionen): Tarifindex;WZ08-80;Wach- und Sicherheitsdienste sowie Detekteien;83,6;2020=100;VST073;Index d.tarifl. Monatsverdienste mit Sonderzahl.
62221;Vj. Index der Tarifverdienste und Arbeitszeiten;JAHR;Jahr;2016;DINSGF;Früheres Bundesgebiet / Neue Länder;DN;Neue Länder;WZ08C7;WZ2008 (ausgewählte Positionen): Tarifindex;WZ08-80;Wach- und Sicherheitsdienste sowie Detekteien;40,0;h;VST019;Durchschnittliche tarifliche Wochenarbeitszeit
62221;Vj. Index der Tarifverdienste und Arbeitszeiten;JAHR;Jahr;2016;DINSGF;Früheres Bundesgebiet / Neue Länder;DN;Neue Länder;WZ08C7;WZ2008 (ausgewählte Positionen): Tarifindex;WZ08-80;Wach- und Sicherheitsdienste sowie Detekteien;83,6;2020=100;VST066;Index d.tarifl. Monatsverdienste ohne Sonderzahl.
62221;Vj. Index der Tarifverdienste und Arbeitszeiten;JAHR;Jahr;2016;DINSGF;Früheres Bundesgebiet / Neue Länder;DN;Neue Länder;WZ08C7;WZ2008 (ausgewählte Positionen): Tarifindex;WZ08-80;Wach- und Sicherheitsdienste sowie Detekteien;100,0;2020=100;VST018;Index der tariflichen Wochenarbeitszeit
62221;Vj. Index der Tarifverdienste und Arbeitszeiten;JAHR;Jahr;2016;DINSGF;Früheres Bundesgebiet / Neue Länder;DN;Neue Länder;WZ08C7;WZ2008 (ausgewählte Positionen): Tarifindex;WZ08-80;Wach- und Sicherheitsdienste sowie Detekteien;83,6;2020=100;VST065;Index d.tarifl. Stundenverdienste ohne Sonderzahl.
62221;Vj. Index der Tarifverdienste und Arbeitszeiten;JAHR;Jahr;2023;DINSGF;Früheres Bundesgebiet / Neue Länder;DN;Neue Länder;WZ08C7;WZ2008 (ausgewählte Positionen): Tarifindex;WZ08-B-08;Produzierendes Gewerbe und Dienstleistungsbereich;107,6;2020=100;VST072;Index d.tarifl. Stundenverdienste mit Sonderzahl.
62221;Vj. Index der Tarifverdienste und Arbeitszeiten;JAHR;Jahr;2023;DINSGF;Früheres Bundesgebiet / Neue Länder;DN;Neue Länder;WZ08C7;WZ2008 (ausgewählte Positionen): Tarifindex;WZ08-B-08;Produzierendes Gewerbe und Dienstleistungsbereich;107,5;2020=100;VST073;Index d.tarifl. Monatsverdienste mit Sonderzahl.
62221;Vj. Index der Tarifverdienste und Arbeitszeiten;JAHR;Jahr;2023;DINSGF;Früheres Bundesgebiet / Neue Länder;DN;Neue Länder;WZ08C7;WZ2008 (ausgewählte Positionen): Tarifindex;WZ08-B-08;Produzierendes Gewerbe und Dienstleistungsbereich;39,1;h;VST019;Durchschnittliche tarifliche Wochenarbeitszeit
62221;Vj. Index der Tarifverdienste und Arbeitszeiten;JAHR;Jahr;2023;DINSGF;Früheres Bundesgebiet / Neue Länder;DN;Neue Länder;WZ08C7;WZ2008 (ausgewählte Positionen): Tarifindex;WZ08-B-08;Produzierendes Gewerbe und Dienstleistungsbereich;105,8;2020=100;VST066;Index d.tarifl. Monatsverdienste ohne Sonderzahl.
62221;Vj. Index der Tarifverdienste und Arbeitszeiten;JAHR;Jahr;2023;DINSGF;Früheres Bundesgebiet / Neue Länder;DN;Neue Länder;WZ08C7;WZ2008 (ausgewählte Positionen): Tarifindex;WZ08-B-08;Produzierendes Gewerbe und Dienstleistungsbereich;99,9;2020=100;VST018;Index der tariflichen Wochenarbeitszeit
62221;Vj. Index der Tarifverdienste und Arbeitszeiten;JAHR;Jahr;2023;DINSGF;Früheres Bundesgebiet / Neue Länder;DN;Neue Länder;WZ08C7;WZ2008 (ausgewählte Positionen): Tarifindex;WZ08-B-08;Produzierendes Gewerbe und Dienstleistungsbereich;105,9;2020=100;VST065;Index d.tarifl. Stundenverdienste ohne Sonderzahl.
62221;Vj. Index der Tarifverdienste und Arbeitszeiten;JAHR;Jahr;2021;DINSGF;Früheres Bundesgebiet / Neue Länder;DF;Früheres Bundesgebiet;WZ08C7;WZ2008 (ausgewählte Positionen): Tarifindex;WZ08-69-02;Rechts- und Steuerberatung, Unternehmensberatung;101,3;2020=100;VST072;Index d.tarifl. Stundenverdienste mit Sonderzahl.
62221;Vj. Index der Tarifverdienste und Arbeitszeiten;JAHR;Jahr;2021;DINSGF;Früheres Bundesgebiet / Neue Länder;DF;Früheres Bundesgebiet;WZ08C7;WZ2008 (ausgewählte Positionen): Tarifindex;WZ08-69-02;Rechts- und Steuerberatung, Unternehmensberatung;101,3;2020=100;VST073;Index d.tarifl. Monatsverdienste mit Sonderzahl.
62221;Vj. Index der Tarifverdienste und Arbeitszeiten;JAHR;Jahr;2021;DINSGF;Früheres Bundesgebiet / Neue Länder;DF;Früheres Bundesgebiet;WZ08C7;WZ2008 (ausgewählte Positionen): Tarifindex;WZ08-69-02;Rechts- und Steuerberatung, Unternehmensberatung;37,5;h;VST019;Durchschnittliche tarifliche Wochenarbeitszeit
62221;Vj. Index der Tarifverdienste und Arbeitszeiten;JAHR;Jahr;2021;DINSGF;Früheres Bundesgebiet / Neue Länder;DF;Früheres Bundesgebiet;WZ08C7;WZ2008 (ausgewählte Positionen): Tarifindex;WZ08-69-02;Rechts- und Steuerberatung, Unternehmensberatung;101,1;2020=100;VST066;Index d.tarifl. Monatsverdienste ohne Sonderzahl.
62221;Vj. Index der Tarifverdienste und Arbeitszeiten;JAHR;Jahr;2021;DINSGF;Früheres Bundesgebiet / Neue Länder;DF;Früheres Bundesgebiet;WZ08C7;WZ2008 (ausgewählte Positionen): Tarifindex;WZ08-69-02;Rechts- und Steuerberatung, Unternehmensberatung;100,0;2020=100;VST018;Index der tariflichen Wochenarbeitszeit
62221;Vj. Index der Tarifverdienste und Arbeitszeiten;JAHR;Jahr;2021;DINSGF;Früheres Bundesgebiet / Neue Länder;DF;Früheres Bundesgebiet;WZ08C7;WZ2008 (ausgewählte Positionen): Tarifindex;WZ08-69-02;Rechts- und Steuerberatung, Unternehmensberatung;101,1;2020=100;VST065;Index d.tarifl. Stundenverdienste ohne Sonderzahl.
62221;Vj. Index der Tarifverdienste und Arbeitszeiten;JAHR;Jahr;2016;DINSGF;Früheres Bundesgebiet / Neue Länder;DF;Früheres Bundesgebiet;WZ08C7;WZ2008 (ausgewählte Positionen): Tarifindex;WZ08-10;Herstellung von Nahrungs- und Futtermitteln;91,2;2020=100;VST072;Index d.tarifl. Stundenverdienste mit Sonderzahl.
62221;Vj. Index der Tarifverdienste und Arbeitszeiten;JAHR;Jahr;2016;DINSGF;Früheres Bundesgebiet / Neue Länder;DF;Früheres Bundesgebiet;WZ08C7;WZ2008 (ausgewählte Positionen): Tarifindex;WZ08-10;Herstellung von Nahrungs- und Futtermitteln;91,2;2020=100;VST073;Index d.tarifl. Monatsverdienste mit Sonderzahl.
62221;Vj. Index der Tarifverdienste und Arbeitszeiten;JAHR;Jahr;2016;DINSGF;Früheres Bundesgebiet / Neue Länder;DF;Früheres Bundesgebiet;WZ08C7;WZ2008 (ausgewählte Positionen): Tarifindex;WZ08-10;Herstellung von Nahrungs- und Futtermitteln;38,3;h;VST019;Durchschnittliche tarifliche Wochenarbeitszeit
62221;Vj. Index der Tarifverdienste und Arbeitszeiten;JAHR;Jahr;2016;DINSGF;Früheres Bundesgebiet / Neue Länder;DF;Früheres Bundesgebiet;WZ08C7;WZ2008 (ausgewählte Positionen): Tarifindex;WZ08-10;Herstellung von Nahrungs- und Futtermitteln;91,5;2020=100;VST066;Index d.tarifl. Monatsverdienste ohne Sonderzahl.
62221;Vj. Index der Tarifverdienste und Arbeitszeiten;JAHR;Jahr;2016;DINSGF;Früheres Bundesgebiet / Neue Länder;DF;Früheres Bundesgebiet;WZ08C7;WZ2008 (ausgewählte Positionen): Tarifindex;WZ08-10;Herstellung von Nahrungs- und Futtermitteln;100,0;2020=100;VST018;Index der tariflichen Wochenarbeitszeit
62221;Vj. Index der Tarifverdienste und Arbeitszeiten;JAHR;Jahr;2016;DINSGF;Früheres Bundesgebiet / Neue Länder;DF;Früheres Bundesgebiet;WZ08C7;WZ2008 (ausgewählte Positionen): Tarifindex;WZ08-10;Herstellung von Nahrungs- und Futtermitteln;91,5;2020=100;VST065;Index d.tarifl. Stundenverdienste ohne Sonderzahl.
62221;Vj. Index der Tarifverdienste und Arbeitszeiten;JAHR;Jahr;2025;DINSGF;Früheres Bundesgebiet / Neue Länder;DF;Früheres Bundesgebiet;WZ08C7;WZ2008 (ausgewählte Positionen): Tarifindex;WZ08-95;Reparatur von DV-Geräten und Gebrauchsgütern;115,5;2020=100;VST072;Index d.tarifl. Stundenverdienste mit Sonderzahl.
62221;Vj. Index der Tarifverdienste und Arbeitszeiten;JAHR;Jahr;2025;DINSGF;Früheres Bundesgebiet / Neue Länder;DF;Früheres Bundesgebiet;WZ08C7;WZ2008 (ausgewählte Positionen): Tarifindex;WZ08-95;Reparatur von DV-Geräten und Gebrauchsgütern;115,4;2020=100;VST073;Index d.tarifl. Monatsverdienste mit Sonderzahl.
62221;Vj. Index der Tarifverdienste und Arbeitszeiten;JAHR;Jahr;2025;DINSGF;Früheres Bundesgebiet / Neue Länder;DF;Früheres Bundesgebiet;WZ08C7;WZ2008 (ausgewählte Positionen): Tarifindex;WZ08-95;Reparatur von DV-Geräten und Gebrauchsgütern;36,6;h;VST019;Durchschnittliche tarifliche Wochenarbeitszeit
62221;Vj. Index der Tarifverdienste und Arbeitszeiten;JAHR;Jahr;2025;DINSGF;Früheres Bundesgebiet / Neue Länder;DF;Früheres Bundesgebiet;WZ08C7;WZ2008 (ausgewählte Positionen): Tarifindex;WZ08-95;Reparatur von DV-Geräten und Gebrauchsgütern;113,7;2020=100;VST066;Index d.tarifl. Monatsverdienste ohne Sonderzahl.
62221;Vj. Index der Tarifverdienste und Arbeitszeiten;JAHR;Jahr;2025;DINSGF;Früheres Bundesgebiet / Neue Länder;DF;Früheres Bundesgebiet;WZ08C7;WZ2008 (ausgewählte Positionen): Tarifindex;WZ08-95;Reparatur von DV-Geräten und Gebrauchsgütern;100,0;2020=100;VST018;Index der tariflichen Wochenarbeitszeit
62221;Vj. Index der Tarifverdienste und Arbeitszeiten;JAHR;Jahr;2025;DINSGF;Früheres Bundesgebiet / Neue Länder;DF;Früheres Bundesgebiet;WZ08C7;WZ2008 (ausgewählte Positionen): Tarifindex;WZ08-95;Reparatur von DV-Geräten und Gebrauchsgütern;113,7;2020=100;VST065;Index d.tarifl. Stundenverdienste ohne Sonderzahl.
62221;Vj. Index der Tarifverdienste und Arbeitszeiten;JAHR;Jahr;2025;DINSGF;Früheres Bundesgebiet / Neue Länder;DN;Neue Länder;WZ08C7;WZ2008 (ausgewählte Positionen): Tarifindex;WZ08-F;Baugewerbe;120,7;2020=100;VST072;Index d.tarifl. Stundenverdienste mit Sonderzahl.
62221;Vj. Index der Tarifverdienste und Arbeitszeiten;JAHR;Jahr;2025;DINSGF;Früheres Bundesgebiet / Neue Länder;DN;Neue Länder;WZ08C7;WZ2008 (ausgewählte Positionen): Tarifindex;WZ08-F;Baugewerbe;120,7;2020=100;VST073;Index d.tarifl. Monatsverdienste mit Sonderzahl.
62221;Vj. Index der Tarifverdienste und Arbeitszeiten;JAHR;Jahr;2025;DINSGF;Früheres Bundesgebiet / Neue Länder;DN;Neue Länder;WZ08C7;WZ2008 (ausgewählte Positionen): Tarifindex;WZ08-F;Baugewerbe;39,7;h;VST019;Durchschnittliche tarifliche Wochenarbeitszeit
62221;Vj. Index der Tarifverdienste und Arbeitszeiten;JAHR;Jahr;2025;DINSGF;Früheres Bundesgebiet / Neue Länder;DN;Neue Länder;WZ08C7;WZ2008 (ausgewählte Positionen): Tarifindex;WZ08-F;Baugewerbe;120,6;2020=100;VST066;Index d.tarifl. Monatsverdienste ohne Sonderzahl.
62221;Vj. Index der Tarifverdienste und Arbeitszeiten;JAHR;Jahr;2025;DINSGF;Früheres Bundesgebiet / Neue Länder;DN;Neue Länder;WZ08C7;WZ2008 (ausgewählte Positionen): Tarifindex;WZ08-F;Baugewerbe;100,0;2020=100;VST018;Index der tariflichen Wochenarbeitszeit
62221;Vj. Index der Tarifverdienste und Arbeitszeiten;JAHR;Jahr;2025;DINSGF;Früheres Bundesgebiet / Neue Länder;DN;Neue Länder;WZ08C7;WZ2008 (ausgewählte Positionen): Tarifindex;WZ08-F;Baugewerbe;120,6;2020=100;VST065;Index d.tarifl. Stundenverdienste ohne Sonderzahl.
62221;Vj. Index der Tarifverdienste und Arbeitszeiten;JAHR;Jahr;2022;DINSGF;Früheres Bundesgebiet / Neue Länder;DN;Neue Länder;WZ08C7;WZ2008 (ausgewählte Positionen): Tarifindex;WZ08-79;Reisebüros, -veranstalter u. sonst. Reservierungen;102,1;2020=100;VST072;Index d.tarifl. Stundenverdienste mit Sonderzahl.
62221;Vj. Index der Tarifverdienste und Arbeitszeiten;JAHR;Jahr;2022;DINSGF;Früheres Bundesgebiet / Neue Länder;DN;Neue Länder;WZ08C7;WZ2008 (ausgewählte Positionen): Tarifindex;WZ08-79;Reisebüros, -veranstalter u. sonst. Reservierungen;102,1;2020=100;VST073;Index d.tarifl. Monatsverdienste mit Sonderzahl.
62221;Vj. Index der Tarifverdienste und Arbeitszeiten;JAHR;Jahr;2022;DINSGF;Früheres Bundesgebiet / Neue Länder;DN;Neue Länder;WZ08C7;WZ2008 (ausgewählte Positionen): Tarifindex;WZ08-79;Reisebüros, -veranstalter u. sonst. Reservierungen;39,3;h;VST019;Durchschnittliche tarifliche Wochenarbeitszeit
62221;Vj. Index der Tarifverdienste und Arbeitszeiten;JAHR;Jahr;2022;DINSGF;Früheres Bundesgebiet / Neue Länder;DN;Neue Länder;WZ08C7;WZ2008 (ausgewählte Positionen): Tarifindex;WZ08-79;Reisebüros, -veranstalter u. sonst. Reservierungen;101,4;2020=100;VST066;Index d.tarifl. Monatsverdienste ohne Sonderzahl.
62221;Vj. Index der Tarifverdienste und Arbeitszeiten;JAHR;Jahr;2022;DINSGF;Früheres Bundesgebiet / Neue Länder;DN;Neue Länder;WZ08C7;WZ2008 (ausgewählte Positionen): Tarifindex;WZ08-79;Reisebüros, -veranstalter u. sonst. Reservierungen;100,0;2020=100;VST018;Index der tariflichen Wochenarbeitszeit
62221;Vj. Index der Tarifverdienste und Arbeitszeiten;JAHR;Jahr;2022;DINSGF;Früheres Bundesgebiet / Neue Länder;DN;Neue Länder;WZ08C7;WZ2008 (ausgewählte Positionen): Tarifindex;WZ08-79;Reisebüros, -veranstalter u. sonst. Reservierungen;101,4;2020=100;VST065;Index d.tarifl. Stundenverdienste ohne Sonderzahl.
62221;Vj. Index der Tarifverdienste und Arbeitszeiten;JAHR;Jahr;2025;DINSGF;Früheres Bundesgebiet / Neue Länder;DN;Neue Länder;WZ08C7;WZ2008 (ausgewählte Positionen): Tarifindex;WZ08-L;Grundstücks- und Wohnungswesen;114,4;2020=100;VST072;Index d.tarifl. Stundenverdienste mit Sonderzahl.
62221;Vj. Index der Tarifverdienste und Arbeitszeiten;JAHR;Jahr;2025;DINSGF;Früheres Bundesgebiet / Neue Länder;DN;Neue Länder;WZ08C7;WZ2008 (ausgewählte Positionen): Tarifindex;WZ08-L;Grundstücks- und Wohnungswesen;114,3;2020=100;VST073;Index d.tarifl. Monatsverdienste mit Sonderzahl.
62221;Vj. Index der Tarifverdienste und Arbeitszeiten;JAHR;Jahr;2025;DINSGF;Früheres Bundesgebiet / Neue Länder;DN;Neue Länder;WZ08C7;WZ2008 (ausgewählte Positionen): Tarifindex;WZ08-L;Grundstücks- und Wohnungswesen;37,8;h;VST019;Durchschnittliche tarifliche Wochenarbeitszeit
62221;Vj. Index der Tarifverdienste und Arbeitszeiten;JAHR;Jahr;2025;DINSGF;Früheres Bundesgebiet / Neue Länder;DN;Neue Länder;WZ08C7;WZ2008 (ausgewählte Positionen): Tarifindex;WZ08-L;Grundstücks- und Wohnungswesen;115,1;2020=100;VST066;Index d.tarifl. Monatsverdienste ohne Sonderzahl.
62221;Vj. Index der Tarifverdienste und Arbeitszeiten;JAHR;Jahr;2025;DINSGF;Früheres Bundesgebiet / Neue Länder;DN;Neue Länder;WZ08C7;WZ2008 (ausgewählte Positionen): Tarifindex;WZ08-L;Grundstücks- und Wohnungswesen;99,9;2020=100;VST018;Index der tariflichen Wochenarbeitszeit
62221;Vj. Index der Tarifverdienste und Arbeitszeiten;JAHR;Jahr;2025;DINSGF;Früheres Bundesgebiet / Neue Länder;DN;Neue Länder;WZ08C7;WZ2008 (ausgewählte Positionen): Tarifindex;WZ08-L;Grundstücks- und Wohnungswesen;115,2;2020=100;VST065;Index d.tarifl. Stundenverdienste ohne Sonderzahl.
62221;Vj. Index der Tarifverdienste und Arbeitszeiten;JAHR;Jahr;2022;DINSGF;Früheres Bundesgebiet / Neue Länder;DN;Neue Länder;WZ08C7;WZ2008 (ausgewählte Positionen): Tarifindex;WZ08-73;Werbung und Marktforschung;-;2020=100;VST072;Index d.tarifl. Stundenverdienste mit Sonderzahl.
62221;Vj. Index der Tarifverdienste und Arbeitszeiten;JAHR;Jahr;2022;DINSGF;Früheres Bundesgebiet / Neue Länder;DN;Neue Länder;WZ08C7;WZ2008 (ausgewählte Positionen): Tarifindex;WZ08-73;Werbung und Marktforschung;-;2020=100;VST073;Index d.tarifl. Monatsverdienste mit Sonderzahl.
62221;Vj. Index der Tarifverdienste und Arbeitszeiten;JAHR;Jahr;2022;DINSGF;Früheres Bundesgebiet / Neue Länder;DN;Neue Länder;WZ08C7;WZ2008 (ausgewählte Positionen): Tarifindex;WZ08-73;Werbung und Marktforschung;-;h;VST019;Durchschnittliche tarifliche Wochenarbeitszeit
62221;Vj. Index der Tarifverdienste und Arbeitszeiten;JAHR;Jahr;2022;DINSGF;Früheres Bundesgebiet / Neue Länder;DN;Neue Länder;WZ08C7;WZ2008 (ausgewählte Positionen): Tarifindex;WZ08-73;Werbung und Marktforschung;-;2020=100;VST066;Index d.tarifl. Monatsverdienste ohne Sonderzahl.
62221;Vj. Index der Tarifverdienste und Arbeitszeiten;JAHR;Jahr;2022;DINSGF;Früheres Bundesgebiet / Neue Länder;DN;Neue Länder;WZ08C7;WZ2008 (ausgewählte Positionen): Tarifindex;WZ08-73;Werbung und Marktforschung;-;2020=100;VST018;Index der tariflichen Wochenarbeitszeit
62221;Vj. Index der Tarifverdienste und Arbeitszeiten;JAHR;Jahr;2022;DINSGF;Früheres Bundesgebiet / Neue Länder;DN;Neue Länder;WZ08C7;WZ2008 (ausgewählte Positionen): Tarifindex;WZ08-73;Werbung und Marktforschung;-;2020=100;VST065;Index d.tarifl. Stundenverdienste ohne Sonderzahl.
62221;Vj. Index der Tarifverdienste und Arbeitszeiten;JAHR;Jahr;2024;DINSGF;Früheres Bundesgebiet / Neue Länder;DN;Neue Länder;WZ08C7;WZ2008 (ausgewählte Positionen): Tarifindex;WZ08-24-02;Metall- und Elektroindustrie;112,8;2020=100;VST072;Index d.tarifl. Stundenverdienste mit Sonderzahl.
62221;Vj. Index der Tarifverdienste und Arbeitszeiten;JAHR;Jahr;2024;DINSGF;Früheres Bundesgebiet / Neue Länder;DN;Neue Länder;WZ08C7;WZ2008 (ausgewählte Positionen): Tarifindex;WZ08-24-02;Metall- und Elektroindustrie;112,5;2020=100;VST073;Index d.tarifl. Monatsverdienste mit Sonderzahl.
62221;Vj. Index der Tarifverdienste und Arbeitszeiten;JAHR;Jahr;2024;DINSGF;Früheres Bundesgebiet / Neue Länder;DN;Neue Länder;WZ08C7;WZ2008 (ausgewählte Positionen): Tarifindex;WZ08-24-02;Metall- und Elektroindustrie;37,5;h;VST019;Durchschnittliche tarifliche Wochenarbeitszeit
62221;Vj. Index der Tarifverdienste und Arbeitszeiten;JAHR;Jahr;2024;DINSGF;Früheres Bundesgebiet / Neue Länder;DN;Neue Länder;WZ08C7;WZ2008 (ausgewählte Positionen): Tarifindex;WZ08-24-02;Metall- und Elektroindustrie;108,0;2020=100;VST066;Index d.tarifl. Monatsverdienste ohne Sonderzahl.
62221;Vj. Index der Tarifverdienste und Arbeitszeiten;JAHR;Jahr;2024;DINSGF;Früheres Bundesgebiet / Neue Länder;DN;Neue Länder;WZ08C7;WZ2008 (ausgewählte Positionen): Tarifindex;WZ08-24-02;Metall- und Elektroindustrie;99,8;2020=100;VST018;Index der tariflichen Wochenarbeitszeit
62221;Vj. Index der Tarifverdienste und Arbeitszeiten;JAHR;Jahr;2024;DINSGF;Früheres Bundesgebiet / Neue Länder;DN;Neue Länder;WZ08C7;WZ2008 (ausgewählte Positionen): Tarifindex;WZ08-24-02;Metall- und Elektroindustrie;108,4;2020=100;VST065;Index d.tarifl. Stundenverdienste ohne Sonderzahl.
62221;Vj. Index der Tarifverdienste und Arbeitszeiten;JAHR;Jahr;2025;DINSGF;Früheres Bundesgebiet / Neue Länder;DN;Neue Länder;WZ08C7;WZ2008 (ausgewählte Positionen): Tarifindex;WZ08-62;Dienstleistungen der Informationstechnologie;111,8;2020=100;VST072;Index d.tarifl. Stundenverdienste mit Sonderzahl.
62221;Vj. Index der Tarifverdienste und Arbeitszeiten;JAHR;Jahr;2025;DINSGF;Früheres Bundesgebiet / Neue Länder;DN;Neue Länder;WZ08C7;WZ2008 (ausgewählte Positionen): Tarifindex;WZ08-62;Dienstleistungen der Informationstechnologie;111,8;2020=100;VST073;Index d.tarifl. Monatsverdienste mit Sonderzahl.
62221;Vj. Index der Tarifverdienste und Arbeitszeiten;JAHR;Jahr;2025;DINSGF;Früheres Bundesgebiet / Neue Länder;DN;Neue Länder;WZ08C7;WZ2008 (ausgewählte Positionen): Tarifindex;WZ08-62;Dienstleistungen der Informationstechnologie;38,1;h;VST019;Durchschnittliche tarifliche Wochenarbeitszeit
62221;Vj. Index der Tarifverdienste und Arbeitszeiten;JAHR;Jahr;2025;DINSGF;Früheres Bundesgebiet / Neue Länder;DN;Neue Länder;WZ08C7;WZ2008 (ausgewählte Positionen): Tarifindex;WZ08-62;Dienstleistungen der Informationstechnologie;111,9;2020=100;VST066;Index d.tarifl. Monatsverdienste ohne Sonderzahl.
62221;Vj. Index der Tarifverdienste und Arbeitszeiten;JAHR;Jahr;2025;DINSGF;Früheres Bundesgebiet / Neue Länder;DN;Neue Länder;WZ08C7;WZ2008 (ausgewählte Positionen): Tarifindex;WZ08-62;Dienstleistungen der Informationstechnologie;100,0;2020=100;VST018;Index der tariflichen Wochenarbeitszeit
62221;Vj. Index der Tarifverdienste und Arbeitszeiten;JAHR;Jahr;2025;DINSGF;Früheres Bundesgebiet / Neue Länder;DN;Neue Länder;WZ08C7;WZ2008 (ausgewählte Positionen): Tarifindex;WZ08-62;Dienstleistungen der Informationstechnologie;111,9;2020=100;VST065;Index d.tarifl. Stundenverdienste ohne Sonderzahl.
62221;Vj. Index der Tarifverdienste und Arbeitszeiten;JAHR;Jahr;2020;DINSGF;Früheres Bundesgebiet / Neue Länder;DN;Neue Länder;WZ08C7;WZ2008 (ausgewählte Positionen): Tarifindex;WZ08-61;Telekommunikation;100,0;2020=100;VST072;Index d.tarifl. Stundenverdienste mit Sonderzahl.
62221;Vj. Index der Tarifverdienste und Arbeitszeiten;JAHR;Jahr;2020;DINSGF;Früheres Bundesgebiet / Neue Länder;DN;Neue Länder;WZ08C7;WZ2008 (ausgewählte Positionen): Tarifindex;WZ08-61;Telekommunikation;100,0;2020=100;VST073;Index d.tarifl. Monatsverdienste mit Sonderzahl.
62221;Vj. Index der Tarifverdienste und Arbeitszeiten;JAHR;Jahr;2020;DINSGF;Früheres Bundesgebiet / Neue Länder;DN;Neue Länder;WZ08C7;WZ2008 (ausgewählte Positionen): Tarifindex;WZ08-61;Telekommunikation;36,3;h;VST019;Durchschnittliche tarifliche Wochenarbeitszeit
62221;Vj. Index der Tarifverdienste und Arbeitszeiten;JAHR;Jahr;2020;DINSGF;Früheres Bundesgebiet / Neue Länder;DN;Neue Länder;WZ08C7;WZ2008 (ausgewählte Positionen): Tarifindex;WZ08-61;Telekommunikation;100,0;2020=100;VST066;Index d.tarifl. Monatsverdienste ohne Sonderzahl.
62221;Vj. Index der Tarifverdienste und Arbeitszeiten;JAHR;Jahr;2020;DINSGF;Früheres Bundesgebiet / Neue Länder;DN;Neue Länder;WZ08C7;WZ2008 (ausgewählte Positionen): Tarifindex;WZ08-61;Telekommunikation;100,0;2020=100;VST018;Index der tariflichen Wochenarbeitszeit
62221;Vj. Index der Tarifverdienste und Arbeitszeiten;JAHR;Jahr;2020;DINSGF;Früheres Bundesgebiet / Neue Länder;DN;Neue Länder;WZ08C7;WZ2008 (ausgewählte Positionen): Tarifindex;WZ08-61;Telekommunikation;100,0;2020=100;VST065;Index d.tarifl. Stundenverdienste ohne Sonderzahl.
62221;Vj. Index der Tarifverdienste und Arbeitszeiten;JAHR;Jahr;2021;DINSGF;Früheres Bundesgebiet / Neue Länder;DN;Neue Länder;WZ08C7;WZ2008 (ausgewählte Positionen): Tarifindex;WZ08-13-01;Textil- und Bekleidungsgewerbe;103,0;2020=100;VST072;Index d.tarifl. Stundenverdienste mit Sonderzahl.
62221;Vj. Index der Tarifverdienste und Arbeitszeiten;JAHR;Jahr;2021;DINSGF;Früheres Bundesgebiet / Neue Länder;DN;Neue Länder;WZ08C7;WZ2008 (ausgewählte Positionen): Tarifindex;WZ08-13-01;Textil- und Bekleidungsgewerbe;101,7;2020=100;VST073;Index d.tarifl. Monatsverdienste mit Sonderzahl.
62221;Vj. Index der Tarifverdienste und Arbeitszeiten;JAHR;Jahr;2021;DINSGF;Früheres Bundesgebiet / Neue Länder;DN;Neue Länder;WZ08C7;WZ2008 (ausgewählte Positionen): Tarifindex;WZ08-13-01;Textil- und Bekleidungsgewerbe;39,0;h;VST019;Durchschnittliche tarifliche Wochenarbeitszeit
62221;Vj. Index der Tarifverdienste und Arbeitszeiten;JAHR;Jahr;2021;DINSGF;Früheres Bundesgebiet / Neue Länder;DN;Neue Länder;WZ08C7;WZ2008 (ausgewählte Positionen): Tarifindex;WZ08-13-01;Textil- und Bekleidungsgewerbe;101,6;2020=100;VST066;Index d.tarifl. Monatsverdienste ohne Sonderzahl.
62221;Vj. Index der Tarifverdienste und Arbeitszeiten;JAHR;Jahr;2021;DINSGF;Früheres Bundesgebiet / Neue Länder;DN;Neue Länder;WZ08C7;WZ2008 (ausgewählte Positionen): Tarifindex;WZ08-13-01;Textil- und Bekleidungsgewerbe;98,7;2020=100;VST018;Index der tariflichen Wochenarbeitszeit
62221;Vj. Index der Tarifverdienste und Arbeitszeiten;JAHR;Jahr;2021;DINSGF;Früheres Bundesgebiet / Neue Länder;DN;Neue Länder;WZ08C7;WZ2008 (ausgewählte Positionen): Tarifindex;WZ08-13-01;Textil- und Bekleidungsgewerbe;102,9;2020=100;VST065;Index d.tarifl. Stundenverdienste ohne Sonderzahl.
62221;Vj. Index der Tarifverdienste und Arbeitszeiten;JAHR;Jahr;2016;DINSGF;Früheres Bundesgebiet / Neue Länder;DF;Früheres Bundesgebiet;WZ08C7;WZ2008 (ausgewählte Positionen): Tarifindex;WZ08-O;Öff. Verwaltung, Verteidigung, Sozialversicherung;89,6;2020=100;VST072;Index d.tarifl. Stundenverdienste mit Sonderzahl.
62221;Vj. Index der Tarifverdienste und Arbeitszeiten;JAHR;Jahr;2016;DINSGF;Früheres Bundesgebiet / Neue Länder;DF;Früheres Bundesgebiet;WZ08C7;WZ2008 (ausgewählte Positionen): Tarifindex;WZ08-O;Öff. Verwaltung, Verteidigung, Sozialversicherung;89,6;2020=100;VST073;Index d.tarifl. Monatsverdienste mit Sonderzahl.
62221;Vj. Index der Tarifverdienste und Arbeitszeiten;JAHR;Jahr;2016;DINSGF;Früheres Bundesgebiet / Neue Länder;DF;Früheres Bundesgebiet;WZ08C7;WZ2008 (ausgewählte Positionen): Tarifindex;WZ08-O;Öff. Verwaltung, Verteidigung, Sozialversicherung;40,1;h;VST019;Durchschnittliche tarifliche Wochenarbeitszeit
62221;Vj. Index der Tarifverdienste und Arbeitszeiten;JAHR;Jahr;2016;DINSGF;Früheres Bundesgebiet / Neue Länder;DF;Früheres Bundesgebiet;WZ08C7;WZ2008 (ausgewählte Positionen): Tarifindex;WZ08-O;Öff. Verwaltung, Verteidigung, Sozialversicherung;89,0;2020=100;VST066;Index d.tarifl. Monatsverdienste ohne Sonderzahl.
62221;Vj. Index der Tarifverdienste und Arbeitszeiten;JAHR;Jahr;2016;DINSGF;Früheres Bundesgebiet / Neue Länder;DF;Früheres Bundesgebiet;WZ08C7;WZ2008 (ausgewählte Positionen): Tarifindex;WZ08-O;Öff. Verwaltung, Verteidigung, Sozialversicherung;100,0;2020=100;VST018;Index der tariflichen Wochenarbeitszeit
62221;Vj. Index der Tarifverdienste und Arbeitszeiten;JAHR;Jahr;2016;DINSGF;Früheres Bundesgebiet / Neue Länder;DF;Früheres Bundesgebiet;WZ08C7;WZ2008 (ausgewählte Positionen): Tarifindex;WZ08-O;Öff. Verwaltung, Verteidigung, Sozialversicherung;89,0;2020=100;VST065;Index d.tarifl. Stundenverdienste ohne Sonderzahl.
62221;Vj. Index der Tarifverdienste und Arbeitszeiten;JAHR;Jahr;2021;DINSGF;Früheres Bundesgebiet / Neue Länder;DF;Früheres Bundesgebiet;WZ08C7;WZ2008 (ausgewählte Positionen): Tarifindex;WZ08-53;Post-, Kurier- und Expressdienste;101,7;2020=100;VST072;Index d.tarifl. Stundenverdienste mit Sonderzahl.
62221;Vj. Index der Tarifverdienste und Arbeitszeiten;JAHR;Jahr;2021;DINSGF;Früheres Bundesgebiet / Neue Länder;DF;Früheres Bundesgebiet;WZ08C7;WZ2008 (ausgewählte Positionen): Tarifindex;WZ08-53;Post-, Kurier- und Expressdienste;101,7;2020=100;VST073;Index d.tarifl. Monatsverdienste mit Sonderzahl.
62221;Vj. Index der Tarifverdienste und Arbeitszeiten;JAHR;Jahr;2021;DINSGF;Früheres Bundesgebiet / Neue Länder;DF;Früheres Bundesgebiet;WZ08C7;WZ2008 (ausgewählte Positionen): Tarifindex;WZ08-53;Post-, Kurier- und Expressdienste;39,1;h;VST019;Durchschnittliche tarifliche Wochenarbeitszeit
62221;Vj. Index der Tarifverdienste und Arbeitszeiten;JAHR;Jahr;2021;DINSGF;Früheres Bundesgebiet / Neue Länder;DF;Früheres Bundesgebiet;WZ08C7;WZ2008 (ausgewählte Positionen): Tarifindex;WZ08-53;Post-, Kurier- und Expressdienste;102,4;2020=100;VST066;Index d.tarifl. Monatsverdienste ohne Sonderzahl.
62221;Vj. Index der Tarifverdienste und Arbeitszeiten;JAHR;Jahr;2021;DINSGF;Früheres Bundesgebiet / Neue Länder;DF;Früheres Bundesgebiet;WZ08C7;WZ2008 (ausgewählte Positionen): Tarifindex;WZ08-53;Post-, Kurier- und Expressdienste;100,0;2020=100;VST018;Index der tariflichen Wochenarbeitszeit
62221;Vj. Index der Tarifverdienste und Arbeitszeiten;JAHR;Jahr;2021;DINSGF;Früheres Bundesgebiet / Neue Länder;DF;Früheres Bundesgebiet;WZ08C7;WZ2008 (ausgewählte Positionen): Tarifindex;WZ08-53;Post-, Kurier- und Expressdienste;102,4;2020=100;VST065;Index d.tarifl. Stundenverdienste ohne Sonderzahl.
62221;Vj. Index der Tarifverdienste und Arbeitszeiten;JAHR;Jahr;2023;DINSGF;Früheres Bundesgebiet / Neue Länder;DF;Früheres Bundesgebiet;WZ08C7;WZ2008 (ausgewählte Positionen): Tarifindex;WZ08-74;Sonst. freiberufl.,wissenschaftl. u. techn.Tätigk.;107,3;2020=100;VST072;Index d.tarifl. Stundenverdienste mit Sonderzahl.
62221;Vj. Index der Tarifverdienste und Arbeitszeiten;JAHR;Jahr;2023;DINSGF;Früheres Bundesgebiet / Neue Länder;DF;Früheres Bundesgebiet;WZ08C7;WZ2008 (ausgewählte Positionen): Tarifindex;WZ08-74;Sonst. freiberufl.,wissenschaftl. u. techn.Tätigk.;107,1;2020=100;VST073;Index d.tarifl. Monatsverdienste mit Sonderzahl.
62221;Vj. Index der Tarifverdienste und Arbeitszeiten;JAHR;Jahr;2023;DINSGF;Früheres Bundesgebiet / Neue Länder;DF;Früheres Bundesgebiet;WZ08C7;WZ2008 (ausgewählte Positionen): Tarifindex;WZ08-74;Sonst. freiberufl.,wissenschaftl. u. techn.Tätigk.;37,6;h;VST019;Durchschnittliche tarifliche Wochenarbeitszeit
62221;Vj. Index der Tarifverdienste und Arbeitszeiten;JAHR;Jahr;2023;DINSGF;Früheres Bundesgebiet / Neue Länder;DF;Früheres Bundesgebiet;WZ08C7;WZ2008 (ausgewählte Positionen): Tarifindex;WZ08-74;Sonst. freiberufl.,wissenschaftl. u. techn.Tätigk.;105,3;2020=100;VST066;Index d.tarifl. Monatsverdienste ohne Sonderzahl.
62221;Vj. Index der Tarifverdienste und Arbeitszeiten;JAHR;Jahr;2023;DINSGF;Früheres Bundesgebiet / Neue Länder;DF;Früheres Bundesgebiet;WZ08C7;WZ2008 (ausgewählte Positionen): Tarifindex;WZ08-74;Sonst. freiberufl.,wissenschaftl. u. techn.Tätigk.;99,8;2020=100;VST018;Index der tariflichen Wochenarbeitszeit
62221;Vj. Index der Tarifverdienste und Arbeitszeiten;JAHR;Jahr;2023;DINSGF;Früheres Bundesgebiet / Neue Länder;DF;Früheres Bundesgebiet;WZ08C7;WZ2008 (ausgewählte Positionen): Tarifindex;WZ08-74;Sonst. freiberufl.,wissenschaftl. u. techn.Tätigk.;105,5;2020=100;VST065;Index d.tarifl. Stundenverdienste ohne Sonderzahl.
62221;Vj. Index der Tarifverdienste und Arbeitszeiten;JAHR;Jahr;2016;DINSGF;Früheres Bundesgebiet / Neue Länder;DF;Früheres Bundesgebiet;WZ08C7;WZ2008 (ausgewählte Positionen): Tarifindex;WZ08-C;Verarbeitendes Gewerbe;90,6;2020=100;VST072;Index d.tarifl. Stundenverdienste mit Sonderzahl.
62221;Vj. Index der Tarifverdienste und Arbeitszeiten;JAHR;Jahr;2016;DINSGF;Früheres Bundesgebiet / Neue Länder;DF;Früheres Bundesgebiet;WZ08C7;WZ2008 (ausgewählte Positionen): Tarifindex;WZ08-C;Verarbeitendes Gewerbe;90,6;2020=100;VST073;Index d.tarifl. Monatsverdienste mit Sonderzahl.
62221;Vj. Index der Tarifverdienste und Arbeitszeiten;JAHR;Jahr;2016;DINSGF;Früheres Bundesgebiet / Neue Länder;DF;Früheres Bundesgebiet;WZ08C7;WZ2008 (ausgewählte Positionen): Tarifindex;WZ08-C;Verarbeitendes Gewerbe;36,0;h;VST019;Durchschnittliche tarifliche Wochenarbeitszeit
62221;Vj. Index der Tarifverdienste und Arbeitszeiten;JAHR;Jahr;2016;DINSGF;Früheres Bundesgebiet / Neue Länder;DF;Früheres Bundesgebiet;WZ08C7;WZ2008 (ausgewählte Positionen): Tarifindex;WZ08-C;Verarbeitendes Gewerbe;92,3;2020=100;VST066;Index d.tarifl. Monatsverdienste ohne Sonderzahl.
62221;Vj. Index der Tarifverdienste und Arbeitszeiten;JAHR;Jahr;2016;DINSGF;Früheres Bundesgebiet / Neue Länder;DF;Früheres Bundesgebiet;WZ08C7;WZ2008 (ausgewählte Positionen): Tarifindex;WZ08-C;Verarbeitendes Gewerbe;100,0;2020=100;VST018;Index der tariflichen Wochenarbeitszeit
62221;Vj. Index der Tarifverdienste und Arbeitszeiten;JAHR;Jahr;2016;DINSGF;Früheres Bundesgebiet / Neue Länder;DF;Früheres Bundesgebiet;WZ08C7;WZ2008 (ausgewählte Positionen): Tarifindex;WZ08-C;Verarbeitendes Gewerbe;92,3;2020=100;VST065;Index d.tarifl. Stundenverdienste ohne Sonderzahl.
62221;Vj. Index der Tarifverdienste und Arbeitszeiten;JAHR;Jahr;2021;DINSGF;Früheres Bundesgebiet / Neue Länder;DF;Früheres Bundesgebiet;WZ08C7;WZ2008 (ausgewählte Positionen): Tarifindex;WZ08-62;Dienstleistungen der Informationstechnologie;101,2;2020=100;VST072;Index d.tarifl. Stundenverdienste mit Sonderzahl.
62221;Vj. Index der Tarifverdienste und Arbeitszeiten;JAHR;Jahr;2021;DINSGF;Früheres Bundesgebiet / Neue Länder;DF;Früheres Bundesgebiet;WZ08C7;WZ2008 (ausgewählte Positionen): Tarifindex;WZ08-62;Dienstleistungen der Informationstechnologie;101,2;2020=100;VST073;Index d.tarifl. Monatsverdienste mit Sonderzahl.
62221;Vj. Index der Tarifverdienste und Arbeitszeiten;JAHR;Jahr;2021;DINSGF;Früheres Bundesgebiet / Neue Länder;DF;Früheres Bundesgebiet;WZ08C7;WZ2008 (ausgewählte Positionen): Tarifindex;WZ08-62;Dienstleistungen der Informationstechnologie;37,9;h;VST019;Durchschnittliche tarifliche Wochenarbeitszeit
62221;Vj. Index der Tarifverdienste und Arbeitszeiten;JAHR;Jahr;2021;DINSGF;Früheres Bundesgebiet / Neue Länder;DF;Früheres Bundesgebiet;WZ08C7;WZ2008 (ausgewählte Positionen): Tarifindex;WZ08-62;Dienstleistungen der Informationstechnologie;101,0;2020=100;VST066;Index d.tarifl. Monatsverdienste ohne Sonderzahl.
62221;Vj. Index der Tarifverdienste und Arbeitszeiten;JAHR;Jahr;2021;DINSGF;Früheres Bundesgebiet / Neue Länder;DF;Früheres Bundesgebiet;WZ08C7;WZ2008 (ausgewählte Positionen): Tarifindex;WZ08-62;Dienstleistungen der Informationstechnologie;100,0;2020=100;VST018;Index der tariflichen Wochenarbeitszeit
62221;Vj. Index der Tarifverdienste und Arbeitszeiten;JAHR;Jahr;2021;DINSGF;Früheres Bundesgebiet / Neue Länder;DF;Früheres Bundesgebiet;WZ08C7;WZ2008 (ausgewählte Positionen): Tarifindex;WZ08-62;Dienstleistungen der Informationstechnologie;101,0;2020=100;VST065;Index d.tarifl. Stundenverdienste ohne Sonderzahl.
62221;Vj. Index der Tarifverdienste und Arbeitszeiten;JAHR;Jahr;2020;DINSGF;Früheres Bundesgebiet / Neue Länder;DN;Neue Länder;WZ08C7;WZ2008 (ausgewählte Positionen): Tarifindex;WZ08-52;Lagerei, sonstige Dienstleistungen für den Verkehr;100,0;2020=100;VST072;Index d.tarifl. Stundenverdienste mit Sonderzahl.
62221;Vj. Index der Tarifverdienste und Arbeitszeiten;JAHR;Jahr;2020;DINSGF;Früheres Bundesgebiet / Neue Länder;DN;Neue Länder;WZ08C7;WZ2008 (ausgewählte Positionen): Tarifindex;WZ08-52;Lagerei, sonstige Dienstleistungen für den Verkehr;100,0;2020=100;VST073;Index d.tarifl. Monatsverdienste mit Sonderzahl.
62221;Vj. Index der Tarifverdienste und Arbeitszeiten;JAHR;Jahr;2020;DINSGF;Früheres Bundesgebiet / Neue Länder;DN;Neue Länder;WZ08C7;WZ2008 (ausgewählte Positionen): Tarifindex;WZ08-52;Lagerei, sonstige Dienstleistungen für den Verkehr;39,4;h;VST019;Durchschnittliche tarifliche Wochenarbeitszeit
62221;Vj. Index der Tarifverdienste und Arbeitszeiten;JAHR;Jahr;2020;DINSGF;Früheres Bundesgebiet / Neue Länder;DN;Neue Länder;WZ08C7;WZ2008 (ausgewählte Positionen): Tarifindex;WZ08-52;Lagerei, sonstige Dienstleistungen für den Verkehr;100,0;2020=100;VST066;Index d.tarifl. Monatsverdienste ohne Sonderzahl.
62221;Vj. Index der Tarifverdienste und Arbeitszeiten;JAHR;Jahr;2020;DINSGF;Früheres Bundesgebiet / Neue Länder;DN;Neue Länder;WZ08C7;WZ2008 (ausgewählte Positionen): Tarifindex;WZ08-52;Lagerei, sonstige Dienstleistungen für den Verkehr;100,0;2020=100;VST018;Index der tariflichen Wochenarbeitszeit
62221;Vj. Index der Tarifverdienste und Arbeitszeiten;JAHR;Jahr;2020;DINSGF;Früheres Bundesgebiet / Neue Länder;DN;Neue Länder;WZ08C7;WZ2008 (ausgewählte Positionen): Tarifindex;WZ08-52;Lagerei, sonstige Dienstleistungen für den Verkehr;100,0;2020=100;VST065;Index d.tarifl. Stundenverdienste ohne Sonderzahl.
62221;Vj. Index der Tarifverdienste und Arbeitszeiten;JAHR;Jahr;2021;DINSGF;Früheres Bundesgebiet / Neue Länder;DF;Früheres Bundesgebiet;WZ08C7;WZ2008 (ausgewählte Positionen): Tarifindex;WZ08-68;Grundstücks- und Wohnungswesen;101,1;2020=100;VST072;Index d.tarifl. Stundenverdienste mit Sonderzahl.
62221;Vj. Index der Tarifverdienste und Arbeitszeiten;JAHR;Jahr;2021;DINSGF;Früheres Bundesgebiet / Neue Länder;DF;Früheres Bundesgebiet;WZ08C7;WZ2008 (ausgewählte Positionen): Tarifindex;WZ08-68;Grundstücks- und Wohnungswesen;101,1;2020=100;VST073;Index d.tarifl. Monatsverdienste mit Sonderzahl.
62221;Vj. Index der Tarifverdienste und Arbeitszeiten;JAHR;Jahr;2021;DINSGF;Früheres Bundesgebiet / Neue Länder;DF;Früheres Bundesgebiet;WZ08C7;WZ2008 (ausgewählte Positionen): Tarifindex;WZ08-68;Grundstücks- und Wohnungswesen;38,1;h;VST019;Durchschnittliche tarifliche Wochenarbeitszeit
62221;Vj. Index der Tarifverdienste und Arbeitszeiten;JAHR;Jahr;2021;DINSGF;Früheres Bundesgebiet / Neue Länder;DF;Früheres Bundesgebiet;WZ08C7;WZ2008 (ausgewählte Positionen): Tarifindex;WZ08-68;Grundstücks- und Wohnungswesen;101,7;2020=100;VST066;Index d.tarifl. Monatsverdienste ohne Sonderzahl.
62221;Vj. Index der Tarifverdienste und Arbeitszeiten;JAHR;Jahr;2021;DINSGF;Früheres Bundesgebiet / Neue Länder;DF;Früheres Bundesgebiet;WZ08C7;WZ2008 (ausgewählte Positionen): Tarifindex;WZ08-68;Grundstücks- und Wohnungswesen;100,0;2020=100;VST018;Index der tariflichen Wochenarbeitszeit
62221;Vj. Index der Tarifverdienste und Arbeitszeiten;JAHR;Jahr;2021;DINSGF;Früheres Bundesgebiet / Neue Länder;DF;Früheres Bundesgebiet;WZ08C7;WZ2008 (ausgewählte Positionen): Tarifindex;WZ08-68;Grundstücks- und Wohnungswesen;101,7;2020=100;VST065;Index d.tarifl. Stundenverdienste ohne Sonderzahl.
62221;Vj. Index der Tarifverdienste und Arbeitszeiten;JAHR;Jahr;2020;DINSGF;Früheres Bundesgebiet / Neue Länder;DN;Neue Länder;WZ08C7;WZ2008 (ausgewählte Positionen): Tarifindex;WZ08-Q;Gesundheits- und Sozialwesen;100,0;2020=100;VST072;Index d.tarifl. Stundenverdienste mit Sonderzahl.
62221;Vj. Index der Tarifverdienste und Arbeitszeiten;JAHR;Jahr;2020;DINSGF;Früheres Bundesgebiet / Neue Länder;DN;Neue Länder;WZ08C7;WZ2008 (ausgewählte Positionen): Tarifindex;WZ08-Q;Gesundheits- und Sozialwesen;100,0;2020=100;VST073;Index d.tarifl. Monatsverdienste mit Sonderzahl.
62221;Vj. Index der Tarifverdienste und Arbeitszeiten;JAHR;Jahr;2020;DINSGF;Früheres Bundesgebiet / Neue Länder;DN;Neue Länder;WZ08C7;WZ2008 (ausgewählte Positionen): Tarifindex;WZ08-Q;Gesundheits- und Sozialwesen;39,5;h;VST019;Durchschnittliche tarifliche Wochenarbeitszeit
62221;Vj. Index der Tarifverdienste und Arbeitszeiten;JAHR;Jahr;2020;DINSGF;Früheres Bundesgebiet / Neue Länder;DN;Neue Länder;WZ08C7;WZ2008 (ausgewählte Positionen): Tarifindex;WZ08-Q;Gesundheits- und Sozialwesen;100,0;2020=100;VST066;Index d.tarifl. Monatsverdienste ohne Sonderzahl.
62221;Vj. Index der Tarifverdienste und Arbeitszeiten;JAHR;Jahr;2020;DINSGF;Früheres Bundesgebiet / Neue Länder;DN;Neue Länder;WZ08C7;WZ2008 (ausgewählte Positionen): Tarifindex;WZ08-Q;Gesundheits- und Sozialwesen;100,0;2020=100;VST018;Index der tariflichen Wochenarbeitszeit
62221;Vj. Index der Tarifverdienste und Arbeitszeiten;JAHR;Jahr;2020;DINSGF;Früheres Bundesgebiet / Neue Länder;DN;Neue Länder;WZ08C7;WZ2008 (ausgewählte Positionen): Tarifindex;WZ08-Q;Gesundheits- und Sozialwesen;100,0;2020=100;VST065;Index d.tarifl. Stundenverdienste ohne Sonderzahl.
62221;Vj. Index der Tarifverdienste und Arbeitszeiten;JAHR;Jahr;2020;DINSGF;Früheres Bundesgebiet / Neue Länder;DN;Neue Länder;WZ08C7;WZ2008 (ausgewählte Positionen): Tarifindex;WZ08-K;Erbringung v. Finanz- u. Versicherungsdienstleist.;100,0;2020=100;VST072;Index d.tarifl. Stundenverdienste mit Sonderzahl.
62221;Vj. Index der Tarifverdienste und Arbeitszeiten;JAHR;Jahr;2020;DINSGF;Früheres Bundesgebiet / Neue Länder;DN;Neue Länder;WZ08C7;WZ2008 (ausgewählte Positionen): Tarifindex;WZ08-K;Erbringung v. Finanz- u. Versicherungsdienstleist.;100,0;2020=100;VST073;Index d.tarifl. Monatsverdienste mit Sonderzahl.
62221;Vj. Index der Tarifverdienste und Arbeitszeiten;JAHR;Jahr;2020;DINSGF;Früheres Bundesgebiet / Neue Länder;DN;Neue Länder;WZ08C7;WZ2008 (ausgewählte Positionen): Tarifindex;WZ08-K;Erbringung v. Finanz- u. Versicherungsdienstleist.;38,9;h;VST019;Durchschnittliche tarifliche Wochenarbeitszeit
62221;Vj. Index der Tarifverdienste und Arbeitszeiten;JAHR;Jahr;2020;DINSGF;Früheres Bundesgebiet / Neue Länder;DN;Neue Länder;WZ08C7;WZ2008 (ausgewählte Positionen): Tarifindex;WZ08-K;Erbringung v. Finanz- u. Versicherungsdienstleist.;100,0;2020=100;VST066;Index d.tarifl. Monatsverdienste ohne Sonderzahl.
62221;Vj. Index der Tarifverdienste und Arbeitszeiten;JAHR;Jahr;2020;DINSGF;Früheres Bundesgebiet / Neue Länder;DN;Neue Länder;WZ08C7;WZ2008 (ausgewählte Positionen): Tarifindex;WZ08-K;Erbringung v. Finanz- u. Versicherungsdienstleist.;100,0;2020=100;VST018;Index der tariflichen Wochenarbeitszeit
62221;Vj. Index der Tarifverdienste und Arbeitszeiten;JAHR;Jahr;2020;DINSGF;Früheres Bundesgebiet / Neue Länder;DN;Neue Länder;WZ08C7;WZ2008 (ausgewählte Positionen): Tarifindex;WZ08-K;Erbringung v. Finanz- u. Versicherungsdienstleist.;100,0;2020=100;VST065;Index d.tarifl. Stundenverdienste ohne Sonderzahl.
62221;Vj. Index der Tarifverdienste und Arbeitszeiten;JAHR;Jahr;2020;DINSGF;Früheres Bundesgebiet / Neue Länder;DN;Neue Länder;WZ08C7;WZ2008 (ausgewählte Positionen): Tarifindex;WZ08-58;Verlagswesen;100,0;2020=100;VST072;Index d.tarifl. Stundenverdienste mit Sonderzahl.
62221;Vj. Index der Tarifverdienste und Arbeitszeiten;JAHR;Jahr;2020;DINSGF;Früheres Bundesgebiet / Neue Länder;DN;Neue Länder;WZ08C7;WZ2008 (ausgewählte Positionen): Tarifindex;WZ08-58;Verlagswesen;100,0;2020=100;VST073;Index d.tarifl. Monatsverdienste mit Sonderzahl.
62221;Vj. Index der Tarifverdienste und Arbeitszeiten;JAHR;Jahr;2020;DINSGF;Früheres Bundesgebiet / Neue Länder;DN;Neue Länder;WZ08C7;WZ2008 (ausgewählte Positionen): Tarifindex;WZ08-58;Verlagswesen;37,4;h;VST019;Durchschnittliche tarifliche Wochenarbeitszeit
62221;Vj. Index der Tarifverdienste und Arbeitszeiten;JAHR;Jahr;2020;DINSGF;Früheres Bundesgebiet / Neue Länder;DN;Neue Länder;WZ08C7;WZ2008 (ausgewählte Positionen): Tarifindex;WZ08-58;Verlagswesen;100,0;2020=100;VST066;Index d.tarifl. Monatsverdienste ohne Sonderzahl.
62221;Vj. Index der Tarifverdienste und Arbeitszeiten;JAHR;Jahr;2020;DINSGF;Früheres Bundesgebiet / Neue Länder;DN;Neue Länder;WZ08C7;WZ2008 (ausgewählte Positionen): Tarifindex;WZ08-58;Verlagswesen;100,0;2020=100;VST018;Index der tariflichen Wochenarbeitszeit
62221;Vj. Index der Tarifverdienste und Arbeitszeiten;JAHR;Jahr;2020;DINSGF;Früheres Bundesgebiet / Neue Länder;DN;Neue Länder;WZ08C7;WZ2008 (ausgewählte Positionen): Tarifindex;WZ08-58;Verlagswesen;100,0;2020=100;VST065;Index d.tarifl. Stundenverdienste ohne Sonderzahl.
62221;Vj. Index der Tarifverdienste und Arbeitszeiten;JAHR;Jahr;2020;DINSGF;Früheres Bundesgebiet / Neue Länder;DF;Früheres Bundesgebiet;WZ08C7;WZ2008 (ausgewählte Positionen): Tarifindex;WZ08-94;Interessenvertr., kirchl. u. sonst. Vereinigungen;100,0;2020=100;VST072;Index d.tarifl. Stundenverdienste mit Sonderzahl.
62221;Vj. Index der Tarifverdienste und Arbeitszeiten;JAHR;Jahr;2020;DINSGF;Früheres Bundesgebiet / Neue Länder;DF;Früheres Bundesgebiet;WZ08C7;WZ2008 (ausgewählte Positionen): Tarifindex;WZ08-94;Interessenvertr., kirchl. u. sonst. Vereinigungen;100,0;2020=100;VST073;Index d.tarifl. Monatsverdienste mit Sonderzahl.
62221;Vj. Index der Tarifverdienste und Arbeitszeiten;JAHR;Jahr;2020;DINSGF;Früheres Bundesgebiet / Neue Länder;DF;Früheres Bundesgebiet;WZ08C7;WZ2008 (ausgewählte Positionen): Tarifindex;WZ08-94;Interessenvertr., kirchl. u. sonst. Vereinigungen;39,3;h;VST019;Durchschnittliche tarifliche Wochenarbeitszeit
62221;Vj. Index der Tarifverdienste und Arbeitszeiten;JAHR;Jahr;2020;DINSGF;Früheres Bundesgebiet / Neue Länder;DF;Früheres Bundesgebiet;WZ08C7;WZ2008 (ausgewählte Positionen): Tarifindex;WZ08-94;Interessenvertr., kirchl. u. sonst. Vereinigungen;100,0;2020=100;VST066;Index d.tarifl. Monatsverdienste ohne Sonderzahl.
62221;Vj. Index der Tarifverdienste und Arbeitszeiten;JAHR;Jahr;2020;DINSGF;Früheres Bundesgebiet / Neue Länder;DF;Früheres Bundesgebiet;WZ08C7;WZ2008 (ausgewählte Positionen): Tarifindex;WZ08-94;Interessenvertr., kirchl. u. sonst. Vereinigungen;100,0;2020=100;VST018;Index der tariflichen Wochenarbeitszeit
62221;Vj. Index der Tarifverdienste und Arbeitszeiten;JAHR;Jahr;2020;DINSGF;Früheres Bundesgebiet / Neue Länder;DF;Früheres Bundesgebiet;WZ08C7;WZ2008 (ausgewählte Positionen): Tarifindex;WZ08-94;Interessenvertr., kirchl. u. sonst. Vereinigungen;100,0;2020=100;VST065;Index d.tarifl. Stundenverdienste ohne Sonderzahl.
62221;Vj. Index der Tarifverdienste und Arbeitszeiten;JAHR;Jahr;2024;DINSGF;Früheres Bundesgebiet / Neue Länder;DN;Neue Länder;WZ08C7;WZ2008 (ausgewählte Positionen): Tarifindex;WZ08-94;Interessenvertr., kirchl. u. sonst. Vereinigungen;112,7;2020=100;VST072;Index d.tarifl. Stundenverdienste mit Sonderzahl.
62221;Vj. Index der Tarifverdienste und Arbeitszeiten;JAHR;Jahr;2024;DINSGF;Früheres Bundesgebiet / Neue Länder;DN;Neue Länder;WZ08C7;WZ2008 (ausgewählte Positionen): Tarifindex;WZ08-94;Interessenvertr., kirchl. u. sonst. Vereinigungen;112,4;2020=100;VST073;Index d.tarifl. Monatsverdienste mit Sonderzahl.
62221;Vj. Index der Tarifverdienste und Arbeitszeiten;JAHR;Jahr;2024;DINSGF;Früheres Bundesgebiet / Neue Länder;DN;Neue Länder;WZ08C7;WZ2008 (ausgewählte Positionen): Tarifindex;WZ08-94;Interessenvertr., kirchl. u. sonst. Vereinigungen;39,6;h;VST019;Durchschnittliche tarifliche Wochenarbeitszeit
62221;Vj. Index der Tarifverdienste und Arbeitszeiten;JAHR;Jahr;2024;DINSGF;Früheres Bundesgebiet / Neue Länder;DN;Neue Länder;WZ08C7;WZ2008 (ausgewählte Positionen): Tarifindex;WZ08-94;Interessenvertr., kirchl. u. sonst. Vereinigungen;109,4;2020=100;VST066;Index d.tarifl. Monatsverdienste ohne Sonderzahl.
62221;Vj. Index der Tarifverdienste und Arbeitszeiten;JAHR;Jahr;2024;DINSGF;Früheres Bundesgebiet / Neue Länder;DN;Neue Länder;WZ08C7;WZ2008 (ausgewählte Positionen): Tarifindex;WZ08-94;Interessenvertr., kirchl. u. sonst. Vereinigungen;99,7;2020=100;VST018;Index der tariflichen Wochenarbeitszeit
62221;Vj. Index der Tarifverdienste und Arbeitszeiten;JAHR;Jahr;2024;DINSGF;Früheres Bundesgebiet / Neue Länder;DN;Neue Länder;WZ08C7;WZ2008 (ausgewählte Positionen): Tarifindex;WZ08-94;Interessenvertr., kirchl. u. sonst. Vereinigungen;109,6;2020=100;VST065;Index d.tarifl. Stundenverdienste ohne Sonderzahl.
62221;Vj. Index der Tarifverdienste und Arbeitszeiten;JAHR;Jahr;2017;DINSGF;Früheres Bundesgebiet / Neue Länder;DN;Neue Länder;WZ08C7;WZ2008 (ausgewählte Positionen): Tarifindex;WZ08-45;Kfz-Handel, Instandhaltung und Reparatur von Kfz;92,1;2020=100;VST072;Index d.tarifl. Stundenverdienste mit Sonderzahl.
62221;Vj. Index der Tarifverdienste und Arbeitszeiten;JAHR;Jahr;2017;DINSGF;Früheres Bundesgebiet / Neue Länder;DN;Neue Länder;WZ08C7;WZ2008 (ausgewählte Positionen): Tarifindex;WZ08-45;Kfz-Handel, Instandhaltung und Reparatur von Kfz;92,1;2020=100;VST073;Index d.tarifl. Monatsverdienste mit Sonderzahl.
62221;Vj. Index der Tarifverdienste und Arbeitszeiten;JAHR;Jahr;2017;DINSGF;Früheres Bundesgebiet / Neue Länder;DN;Neue Länder;WZ08C7;WZ2008 (ausgewählte Positionen): Tarifindex;WZ08-45;Kfz-Handel, Instandhaltung und Reparatur von Kfz;37,6;h;VST019;Durchschnittliche tarifliche Wochenarbeitszeit
62221;Vj. Index der Tarifverdienste und Arbeitszeiten;JAHR;Jahr;2017;DINSGF;Früheres Bundesgebiet / Neue Länder;DN;Neue Länder;WZ08C7;WZ2008 (ausgewählte Positionen): Tarifindex;WZ08-45;Kfz-Handel, Instandhaltung und Reparatur von Kfz;92,0;2020=100;VST066;Index d.tarifl. Monatsverdienste ohne Sonderzahl.
62221;Vj. Index der Tarifverdienste und Arbeitszeiten;JAHR;Jahr;2017;DINSGF;Früheres Bundesgebiet / Neue Länder;DN;Neue Länder;WZ08C7;WZ2008 (ausgewählte Positionen): Tarifindex;WZ08-45;Kfz-Handel, Instandhaltung und Reparatur von Kfz;100,0;2020=100;VST018;Index der tariflichen Wochenarbeitszeit
62221;Vj. Index der Tarifverdienste und Arbeitszeiten;JAHR;Jahr;2017;DINSGF;Früheres Bundesgebiet / Neue Länder;DN;Neue Länder;WZ08C7;WZ2008 (ausgewählte Positionen): Tarifindex;WZ08-45;Kfz-Handel, Instandhaltung und Reparatur von Kfz;92,0;2020=100;VST065;Index d.tarifl. Stundenverdienste ohne Sonderzahl.
62221;Vj. Index der Tarifverdienste und Arbeitszeiten;JAHR;Jahr;2017;DINSGF;Früheres Bundesgebiet / Neue Länder;DN;Neue Länder;WZ08C7;WZ2008 (ausgewählte Positionen): Tarifindex;WZ08-21;Herstellung von pharmazeutischen Erzeugnissen;91,3;2020=100;VST072;Index d.tarifl. Stundenverdienste mit Sonderzahl.
62221;Vj. Index der Tarifverdienste und Arbeitszeiten;JAHR;Jahr;2017;DINSGF;Früheres Bundesgebiet / Neue Länder;DN;Neue Länder;WZ08C7;WZ2008 (ausgewählte Positionen): Tarifindex;WZ08-21;Herstellung von pharmazeutischen Erzeugnissen;92,4;2020=100;VST073;Index d.tarifl. Monatsverdienste mit Sonderzahl.
62221;Vj. Index der Tarifverdienste und Arbeitszeiten;JAHR;Jahr;2017;DINSGF;Früheres Bundesgebiet / Neue Länder;DN;Neue Länder;WZ08C7;WZ2008 (ausgewählte Positionen): Tarifindex;WZ08-21;Herstellung von pharmazeutischen Erzeugnissen;39,9;h;VST019;Durchschnittliche tarifliche Wochenarbeitszeit
62221;Vj. Index der Tarifverdienste und Arbeitszeiten;JAHR;Jahr;2017;DINSGF;Früheres Bundesgebiet / Neue Länder;DN;Neue Länder;WZ08C7;WZ2008 (ausgewählte Positionen): Tarifindex;WZ08-21;Herstellung von pharmazeutischen Erzeugnissen;94,1;2020=100;VST066;Index d.tarifl. Monatsverdienste ohne Sonderzahl.
62221;Vj. Index der Tarifverdienste und Arbeitszeiten;JAHR;Jahr;2017;DINSGF;Früheres Bundesgebiet / Neue Länder;DN;Neue Länder;WZ08C7;WZ2008 (ausgewählte Positionen): Tarifindex;WZ08-21;Herstellung von pharmazeutischen Erzeugnissen;101,2;2020=100;VST018;Index der tariflichen Wochenarbeitszeit
62221;Vj. Index der Tarifverdienste und Arbeitszeiten;JAHR;Jahr;2017;DINSGF;Früheres Bundesgebiet / Neue Länder;DN;Neue Länder;WZ08C7;WZ2008 (ausgewählte Positionen): Tarifindex;WZ08-21;Herstellung von pharmazeutischen Erzeugnissen;93,0;2020=100;VST065;Index d.tarifl. Stundenverdienste ohne Sonderzahl.
62221;Vj. Index der Tarifverdienste und Arbeitszeiten;JAHR;Jahr;2021;DINSGF;Früheres Bundesgebiet / Neue Länder;DN;Neue Länder;WZ08C7;WZ2008 (ausgewählte Positionen): Tarifindex;WZ08-20;Herstellung von chemischen Erzeugnissen;102,6;2020=100;VST072;Index d.tarifl. Stundenverdienste mit Sonderzahl.
62221;Vj. Index der Tarifverdienste und Arbeitszeiten;JAHR;Jahr;2021;DINSGF;Früheres Bundesgebiet / Neue Länder;DN;Neue Länder;WZ08C7;WZ2008 (ausgewählte Positionen): Tarifindex;WZ08-20;Herstellung von chemischen Erzeugnissen;101,6;2020=100;VST073;Index d.tarifl. Monatsverdienste mit Sonderzahl.
62221;Vj. Index der Tarifverdienste und Arbeitszeiten;JAHR;Jahr;2021;DINSGF;Früheres Bundesgebiet / Neue Länder;DN;Neue Länder;WZ08C7;WZ2008 (ausgewählte Positionen): Tarifindex;WZ08-20;Herstellung von chemischen Erzeugnissen;38,7;h;VST019;Durchschnittliche tarifliche Wochenarbeitszeit
62221;Vj. Index der Tarifverdienste und Arbeitszeiten;JAHR;Jahr;2021;DINSGF;Früheres Bundesgebiet / Neue Länder;DN;Neue Länder;WZ08C7;WZ2008 (ausgewählte Positionen): Tarifindex;WZ08-20;Herstellung von chemischen Erzeugnissen;101,1;2020=100;VST066;Index d.tarifl. Monatsverdienste ohne Sonderzahl.
62221;Vj. Index der Tarifverdienste und Arbeitszeiten;JAHR;Jahr;2021;DINSGF;Früheres Bundesgebiet / Neue Länder;DN;Neue Länder;WZ08C7;WZ2008 (ausgewählte Positionen): Tarifindex;WZ08-20;Herstellung von chemischen Erzeugnissen;99,1;2020=100;VST018;Index der tariflichen Wochenarbeitszeit
62221;Vj. Index der Tarifverdienste und Arbeitszeiten;JAHR;Jahr;2021;DINSGF;Früheres Bundesgebiet / Neue Länder;DN;Neue Länder;WZ08C7;WZ2008 (ausgewählte Positionen): Tarifindex;WZ08-20;Herstellung von chemischen Erzeugnissen;102,1;2020=100;VST065;Index d.tarifl. Stundenverdienste ohne Sonderzahl.
62221;Vj. Index der Tarifverdienste und Arbeitszeiten;JAHR;Jahr;2025;DINSGF;Früheres Bundesgebiet / Neue Länder;DN;Neue Länder;WZ08C7;WZ2008 (ausgewählte Positionen): Tarifindex;WZ08-68;Grundstücks- und Wohnungswesen;114,4;2020=100;VST072;Index d.tarifl. Stundenverdienste mit Sonderzahl.
62221;Vj. Index der Tarifverdienste und Arbeitszeiten;JAHR;Jahr;2025;DINSGF;Früheres Bundesgebiet / Neue Länder;DN;Neue Länder;WZ08C7;WZ2008 (ausgewählte Positionen): Tarifindex;WZ08-68;Grundstücks- und Wohnungswesen;114,3;2020=100;VST073;Index d.tarifl. Monatsverdienste mit Sonderzahl.
62221;Vj. Index der Tarifverdienste und Arbeitszeiten;JAHR;Jahr;2025;DINSGF;Früheres Bundesgebiet / Neue Länder;DN;Neue Länder;WZ08C7;WZ2008 (ausgewählte Positionen): Tarifindex;WZ08-68;Grundstücks- und Wohnungswesen;37,8;h;VST019;Durchschnittliche tarifliche Wochenarbeitszeit
62221;Vj. Index der Tarifverdienste und Arbeitszeiten;JAHR;Jahr;2025;DINSGF;Früheres Bundesgebiet / Neue Länder;DN;Neue Länder;WZ08C7;WZ2008 (ausgewählte Positionen): Tarifindex;WZ08-68;Grundstücks- und Wohnungswesen;115,1;2020=100;VST066;Index d.tarifl. Monatsverdienste ohne Sonderzahl.
62221;Vj. Index der Tarifverdienste und Arbeitszeiten;JAHR;Jahr;2025;DINSGF;Früheres Bundesgebiet / Neue Länder;DN;Neue Länder;WZ08C7;WZ2008 (ausgewählte Positionen): Tarifindex;WZ08-68;Grundstücks- und Wohnungswesen;99,9;2020=100;VST018;Index der tariflichen Wochenarbeitszeit
62221;Vj. Index der Tarifverdienste und Arbeitszeiten;JAHR;Jahr;2025;DINSGF;Früheres Bundesgebiet / Neue Länder;DN;Neue Länder;WZ08C7;WZ2008 (ausgewählte Positionen): Tarifindex;WZ08-68;Grundstücks- und Wohnungswesen;115,2;2020=100;VST065;Index d.tarifl. Stundenverdienste ohne Sonderzahl.
62221;Vj. Index der Tarifverdienste und Arbeitszeiten;JAHR;Jahr;2018;DINSGF;Früheres Bundesgebiet / Neue Länder;DN;Neue Länder;WZ08C7;WZ2008 (ausgewählte Positionen): Tarifindex;WZ08-92;Spiel-, Wett- und Lotteriewesen;96,8;2020=100;VST072;Index d.tarifl. Stundenverdienste mit Sonderzahl.
62221;Vj. Index der Tarifverdienste und Arbeitszeiten;JAHR;Jahr;2018;DINSGF;Früheres Bundesgebiet / Neue Länder;DN;Neue Länder;WZ08C7;WZ2008 (ausgewählte Positionen): Tarifindex;WZ08-92;Spiel-, Wett- und Lotteriewesen;96,8;2020=100;VST073;Index d.tarifl. Monatsverdienste mit Sonderzahl.
62221;Vj. Index der Tarifverdienste und Arbeitszeiten;JAHR;Jahr;2018;DINSGF;Früheres Bundesgebiet / Neue Länder;DN;Neue Länder;WZ08C7;WZ2008 (ausgewählte Positionen): Tarifindex;WZ08-92;Spiel-, Wett- und Lotteriewesen;39,0;h;VST019;Durchschnittliche tarifliche Wochenarbeitszeit
62221;Vj. Index der Tarifverdienste und Arbeitszeiten;JAHR;Jahr;2018;DINSGF;Früheres Bundesgebiet / Neue Länder;DN;Neue Länder;WZ08C7;WZ2008 (ausgewählte Positionen): Tarifindex;WZ08-92;Spiel-, Wett- und Lotteriewesen;96,8;2020=100;VST066;Index d.tarifl. Monatsverdienste ohne Sonderzahl.
62221;Vj. Index der Tarifverdienste und Arbeitszeiten;JAHR;Jahr;2018;DINSGF;Früheres Bundesgebiet / Neue Länder;DN;Neue Länder;WZ08C7;WZ2008 (ausgewählte Positionen): Tarifindex;WZ08-92;Spiel-, Wett- und Lotteriewesen;100,0;2020=100;VST018;Index der tariflichen Wochenarbeitszeit
62221;Vj. Index der Tarifverdienste und Arbeitszeiten;JAHR;Jahr;2018;DINSGF;Früheres Bundesgebiet / Neue Länder;DN;Neue Länder;WZ08C7;WZ2008 (ausgewählte Positionen): Tarifindex;WZ08-92;Spiel-, Wett- und Lotteriewesen;96,8;2020=100;VST065;Index d.tarifl. Stundenverdienste ohne Sonderzahl.
62221;Vj. Index der Tarifverdienste und Arbeitszeiten;JAHR;Jahr;2024;DINSGF;Früheres Bundesgebiet / Neue Länder;DF;Früheres Bundesgebiet;WZ08C7;WZ2008 (ausgewählte Positionen): Tarifindex;WZ08-15;Herstellung von Leder, Lederwaren und Schuhen;113,9;2020=100;VST072;Index d.tarifl. Stundenverdienste mit Sonderzahl.
62221;Vj. Index der Tarifverdienste und Arbeitszeiten;JAHR;Jahr;2024;DINSGF;Früheres Bundesgebiet / Neue Länder;DF;Früheres Bundesgebiet;WZ08C7;WZ2008 (ausgewählte Positionen): Tarifindex;WZ08-15;Herstellung von Leder, Lederwaren und Schuhen;113,9;2020=100;VST073;Index d.tarifl. Monatsverdienste mit Sonderzahl.
62221;Vj. Index der Tarifverdienste und Arbeitszeiten;JAHR;Jahr;2024;DINSGF;Früheres Bundesgebiet / Neue Länder;DF;Früheres Bundesgebiet;WZ08C7;WZ2008 (ausgewählte Positionen): Tarifindex;WZ08-15;Herstellung von Leder, Lederwaren und Schuhen;38,4;h;VST019;Durchschnittliche tarifliche Wochenarbeitszeit
62221;Vj. Index der Tarifverdienste und Arbeitszeiten;JAHR;Jahr;2024;DINSGF;Früheres Bundesgebiet / Neue Länder;DF;Früheres Bundesgebiet;WZ08C7;WZ2008 (ausgewählte Positionen): Tarifindex;WZ08-15;Herstellung von Leder, Lederwaren und Schuhen;111,4;2020=100;VST066;Index d.tarifl. Monatsverdienste ohne Sonderzahl.
62221;Vj. Index der Tarifverdienste und Arbeitszeiten;JAHR;Jahr;2024;DINSGF;Früheres Bundesgebiet / Neue Länder;DF;Früheres Bundesgebiet;WZ08C7;WZ2008 (ausgewählte Positionen): Tarifindex;WZ08-15;Herstellung von Leder, Lederwaren und Schuhen;100,0;2020=100;VST018;Index der tariflichen Wochenarbeitszeit
62221;Vj. Index der Tarifverdienste und Arbeitszeiten;JAHR;Jahr;2024;DINSGF;Früheres Bundesgebiet / Neue Länder;DF;Früheres Bundesgebiet;WZ08C7;WZ2008 (ausgewählte Positionen): Tarifindex;WZ08-15;Herstellung von Leder, Lederwaren und Schuhen;111,4;2020=100;VST065;Index d.tarifl. Stundenverdienste ohne Sonderzahl.
62221;Vj. Index der Tarifverdienste und Arbeitszeiten;JAHR;Jahr;2017;DINSGF;Früheres Bundesgebiet / Neue Länder;DN;Neue Länder;WZ08C7;WZ2008 (ausgewählte Positionen): Tarifindex;WZ08-27;Herstellung von elektrischen Ausrüstungen;92,8;2020=100;VST072;Index d.tarifl. Stundenverdienste mit Sonderzahl.
62221;Vj. Index der Tarifverdienste und Arbeitszeiten;JAHR;Jahr;2017;DINSGF;Früheres Bundesgebiet / Neue Länder;DN;Neue Länder;WZ08C7;WZ2008 (ausgewählte Positionen): Tarifindex;WZ08-27;Herstellung von elektrischen Ausrüstungen;92,8;2020=100;VST073;Index d.tarifl. Monatsverdienste mit Sonderzahl.
62221;Vj. Index der Tarifverdienste und Arbeitszeiten;JAHR;Jahr;2017;DINSGF;Früheres Bundesgebiet / Neue Länder;DN;Neue Länder;WZ08C7;WZ2008 (ausgewählte Positionen): Tarifindex;WZ08-27;Herstellung von elektrischen Ausrüstungen;38,0;h;VST019;Durchschnittliche tarifliche Wochenarbeitszeit
62221;Vj. Index der Tarifverdienste und Arbeitszeiten;JAHR;Jahr;2017;DINSGF;Früheres Bundesgebiet / Neue Länder;DN;Neue Länder;WZ08C7;WZ2008 (ausgewählte Positionen): Tarifindex;WZ08-27;Herstellung von elektrischen Ausrüstungen;95,5;2020=100;VST066;Index d.tarifl. Monatsverdienste ohne Sonderzahl.
62221;Vj. Index der Tarifverdienste und Arbeitszeiten;JAHR;Jahr;2017;DINSGF;Früheres Bundesgebiet / Neue Länder;DN;Neue Länder;WZ08C7;WZ2008 (ausgewählte Positionen): Tarifindex;WZ08-27;Herstellung von elektrischen Ausrüstungen;100,0;2020=100;VST018;Index der tariflichen Wochenarbeitszeit
62221;Vj. Index der Tarifverdienste und Arbeitszeiten;JAHR;Jahr;2017;DINSGF;Früheres Bundesgebiet / Neue Länder;DN;Neue Länder;WZ08C7;WZ2008 (ausgewählte Positionen): Tarifindex;WZ08-27;Herstellung von elektrischen Ausrüstungen;95,5;2020=100;VST065;Index d.tarifl. Stundenverdienste ohne Sonderzahl.
62221;Vj. Index der Tarifverdienste und Arbeitszeiten;JAHR;Jahr;2016;DINSGF;Früheres Bundesgebiet / Neue Länder;DF;Früheres Bundesgebiet;WZ08C7;WZ2008 (ausgewählte Positionen): Tarifindex;WZ08-16;H.v. Holz-, Flecht-, Korb-u.Korkwaren (ohne Möbel);91,4;2020=100;VST072;Index d.tarifl. Stundenverdienste mit Sonderzahl.
62221;Vj. Index der Tarifverdienste und Arbeitszeiten;JAHR;Jahr;2016;DINSGF;Früheres Bundesgebiet / Neue Länder;DF;Früheres Bundesgebiet;WZ08C7;WZ2008 (ausgewählte Positionen): Tarifindex;WZ08-16;H.v. Holz-, Flecht-, Korb-u.Korkwaren (ohne Möbel);91,4;2020=100;VST073;Index d.tarifl. Monatsverdienste mit Sonderzahl.
62221;Vj. Index der Tarifverdienste und Arbeitszeiten;JAHR;Jahr;2016;DINSGF;Früheres Bundesgebiet / Neue Länder;DF;Früheres Bundesgebiet;WZ08C7;WZ2008 (ausgewählte Positionen): Tarifindex;WZ08-16;H.v. Holz-, Flecht-, Korb-u.Korkwaren (ohne Möbel);37,3;h;VST019;Durchschnittliche tarifliche Wochenarbeitszeit
62221;Vj. Index der Tarifverdienste und Arbeitszeiten;JAHR;Jahr;2016;DINSGF;Früheres Bundesgebiet / Neue Länder;DF;Früheres Bundesgebiet;WZ08C7;WZ2008 (ausgewählte Positionen): Tarifindex;WZ08-16;H.v. Holz-, Flecht-, Korb-u.Korkwaren (ohne Möbel);91,6;2020=100;VST066;Index d.tarifl. Monatsverdienste ohne Sonderzahl.
62221;Vj. Index der Tarifverdienste und Arbeitszeiten;JAHR;Jahr;2016;DINSGF;Früheres Bundesgebiet / Neue Länder;DF;Früheres Bundesgebiet;WZ08C7;WZ2008 (ausgewählte Positionen): Tarifindex;WZ08-16;H.v. Holz-, Flecht-, Korb-u.Korkwaren (ohne Möbel);100,0;2020=100;VST018;Index der tariflichen Wochenarbeitszeit
62221;Vj. Index der Tarifverdienste und Arbeitszeiten;JAHR;Jahr;2016;DINSGF;Früheres Bundesgebiet / Neue Länder;DF;Früheres Bundesgebiet;WZ08C7;WZ2008 (ausgewählte Positionen): Tarifindex;WZ08-16;H.v. Holz-, Flecht-, Korb-u.Korkwaren (ohne Möbel);91,6;2020=100;VST065;Index d.tarifl. Stundenverdienste ohne Sonderzahl.
62221;Vj. Index der Tarifverdienste und Arbeitszeiten;JAHR;Jahr;2021;DINSGF;Früheres Bundesgebiet / Neue Länder;DN;Neue Länder;WZ08C7;WZ2008 (ausgewählte Positionen): Tarifindex;WZ08-26;H.v. DV-Geräten, elektron. u. opt. Erzeugnissen;100,9;2020=100;VST072;Index d.tarifl. Stundenverdienste mit Sonderzahl.
62221;Vj. Index der Tarifverdienste und Arbeitszeiten;JAHR;Jahr;2021;DINSGF;Früheres Bundesgebiet / Neue Länder;DN;Neue Länder;WZ08C7;WZ2008 (ausgewählte Positionen): Tarifindex;WZ08-26;H.v. DV-Geräten, elektron. u. opt. Erzeugnissen;100,9;2020=100;VST073;Index d.tarifl. Monatsverdienste mit Sonderzahl.
62221;Vj. Index der Tarifverdienste und Arbeitszeiten;JAHR;Jahr;2021;DINSGF;Früheres Bundesgebiet / Neue Länder;DN;Neue Länder;WZ08C7;WZ2008 (ausgewählte Positionen): Tarifindex;WZ08-26;H.v. DV-Geräten, elektron. u. opt. Erzeugnissen;36,7;h;VST019;Durchschnittliche tarifliche Wochenarbeitszeit
62221;Vj. Index der Tarifverdienste und Arbeitszeiten;JAHR;Jahr;2021;DINSGF;Früheres Bundesgebiet / Neue Länder;DN;Neue Länder;WZ08C7;WZ2008 (ausgewählte Positionen): Tarifindex;WZ08-26;H.v. DV-Geräten, elektron. u. opt. Erzeugnissen;100,0;2020=100;VST066;Index d.tarifl. Monatsverdienste ohne Sonderzahl.
62221;Vj. Index der Tarifverdienste und Arbeitszeiten;JAHR;Jahr;2021;DINSGF;Früheres Bundesgebiet / Neue Länder;DN;Neue Länder;WZ08C7;WZ2008 (ausgewählte Positionen): Tarifindex;WZ08-26;H.v. DV-Geräten, elektron. u. opt. Erzeugnissen;100,0;2020=100;VST018;Index der tariflichen Wochenarbeitszeit
62221;Vj. Index der Tarifverdienste und Arbeitszeiten;JAHR;Jahr;2021;DINSGF;Früheres Bundesgebiet / Neue Länder;DN;Neue Länder;WZ08C7;WZ2008 (ausgewählte Positionen): Tarifindex;WZ08-26;H.v. DV-Geräten, elektron. u. opt. Erzeugnissen;100,0;2020=100;VST065;Index d.tarifl. Stundenverdienste ohne Sonderzahl.
62221;Vj. Index der Tarifverdienste und Arbeitszeiten;JAHR;Jahr;2017;DINSGF;Früheres Bundesgebiet / Neue Länder;DF;Früheres Bundesgebiet;WZ08C7;WZ2008 (ausgewählte Positionen): Tarifindex;WZ08-96;Sonstige überwiegend persönliche Dienstleistungen;91,2;2020=100;VST072;Index d.tarifl. Stundenverdienste mit Sonderzahl.
62221;Vj. Index der Tarifverdienste und Arbeitszeiten;JAHR;Jahr;2017;DINSGF;Früheres Bundesgebiet / Neue Länder;DF;Früheres Bundesgebiet;WZ08C7;WZ2008 (ausgewählte Positionen): Tarifindex;WZ08-96;Sonstige überwiegend persönliche Dienstleistungen;91,7;2020=100;VST073;Index d.tarifl. Monatsverdienste mit Sonderzahl.
62221;Vj. Index der Tarifverdienste und Arbeitszeiten;JAHR;Jahr;2017;DINSGF;Früheres Bundesgebiet / Neue Länder;DF;Früheres Bundesgebiet;WZ08C7;WZ2008 (ausgewählte Positionen): Tarifindex;WZ08-96;Sonstige überwiegend persönliche Dienstleistungen;38,8;h;VST019;Durchschnittliche tarifliche Wochenarbeitszeit
62221;Vj. Index der Tarifverdienste und Arbeitszeiten;JAHR;Jahr;2017;DINSGF;Früheres Bundesgebiet / Neue Länder;DF;Früheres Bundesgebiet;WZ08C7;WZ2008 (ausgewählte Positionen): Tarifindex;WZ08-96;Sonstige überwiegend persönliche Dienstleistungen;91,8;2020=100;VST066;Index d.tarifl. Monatsverdienste ohne Sonderzahl.
62221;Vj. Index der Tarifverdienste und Arbeitszeiten;JAHR;Jahr;2017;DINSGF;Früheres Bundesgebiet / Neue Länder;DF;Früheres Bundesgebiet;WZ08C7;WZ2008 (ausgewählte Positionen): Tarifindex;WZ08-96;Sonstige überwiegend persönliche Dienstleistungen;100,3;2020=100;VST018;Index der tariflichen Wochenarbeitszeit
62221;Vj. Index der Tarifverdienste und Arbeitszeiten;JAHR;Jahr;2017;DINSGF;Früheres Bundesgebiet / Neue Länder;DF;Früheres Bundesgebiet;WZ08C7;WZ2008 (ausgewählte Positionen): Tarifindex;WZ08-96;Sonstige überwiegend persönliche Dienstleistungen;91,2;2020=100;VST065;Index d.tarifl. Stundenverdienste ohne Sonderzahl.
62221;Vj. Index der Tarifverdienste und Arbeitszeiten;JAHR;Jahr;2017;DINSGF;Früheres Bundesgebiet / Neue Länder;DF;Früheres Bundesgebiet;WZ08C7;WZ2008 (ausgewählte Positionen): Tarifindex;WZ08-90;Kreative,künstlerische u.unterhaltende Tätigkeiten;92,1;2020=100;VST072;Index d.tarifl. Stundenverdienste mit Sonderzahl.
62221;Vj. Index der Tarifverdienste und Arbeitszeiten;JAHR;Jahr;2017;DINSGF;Früheres Bundesgebiet / Neue Länder;DF;Früheres Bundesgebiet;WZ08C7;WZ2008 (ausgewählte Positionen): Tarifindex;WZ08-90;Kreative,künstlerische u.unterhaltende Tätigkeiten;92,1;2020=100;VST073;Index d.tarifl. Monatsverdienste mit Sonderzahl.
62221;Vj. Index der Tarifverdienste und Arbeitszeiten;JAHR;Jahr;2017;DINSGF;Früheres Bundesgebiet / Neue Länder;DF;Früheres Bundesgebiet;WZ08C7;WZ2008 (ausgewählte Positionen): Tarifindex;WZ08-90;Kreative,künstlerische u.unterhaltende Tätigkeiten;39,1;h;VST019;Durchschnittliche tarifliche Wochenarbeitszeit
62221;Vj. Index der Tarifverdienste und Arbeitszeiten;JAHR;Jahr;2017;DINSGF;Früheres Bundesgebiet / Neue Länder;DF;Früheres Bundesgebiet;WZ08C7;WZ2008 (ausgewählte Positionen): Tarifindex;WZ08-90;Kreative,künstlerische u.unterhaltende Tätigkeiten;91,9;2020=100;VST066;Index d.tarifl. Monatsverdienste ohne Sonderzahl.
62221;Vj. Index der Tarifverdienste und Arbeitszeiten;JAHR;Jahr;2017;DINSGF;Früheres Bundesgebiet / Neue Länder;DF;Früheres Bundesgebiet;WZ08C7;WZ2008 (ausgewählte Positionen): Tarifindex;WZ08-90;Kreative,künstlerische u.unterhaltende Tätigkeiten;100,0;2020=100;VST018;Index der tariflichen Wochenarbeitszeit
62221;Vj. Index der Tarifverdienste und Arbeitszeiten;JAHR;Jahr;2017;DINSGF;Früheres Bundesgebiet / Neue Länder;DF;Früheres Bundesgebiet;WZ08C7;WZ2008 (ausgewählte Positionen): Tarifindex;WZ08-90;Kreative,künstlerische u.unterhaltende Tätigkeiten;91,9;2020=100;VST065;Index d.tarifl. Stundenverdienste ohne Sonderzahl.
62221;Vj. Index der Tarifverdienste und Arbeitszeiten;JAHR;Jahr;2025;DINSGF;Früheres Bundesgebiet / Neue Länder;DN;Neue Länder;WZ08C7;WZ2008 (ausgewählte Positionen): Tarifindex;WZ08-29-01;Fahrzeugbau;113,9;2020=100;VST072;Index d.tarifl. Stundenverdienste mit Sonderzahl.
62221;Vj. Index der Tarifverdienste und Arbeitszeiten;JAHR;Jahr;2025;DINSGF;Früheres Bundesgebiet / Neue Länder;DN;Neue Länder;WZ08C7;WZ2008 (ausgewählte Positionen): Tarifindex;WZ08-29-01;Fahrzeugbau;113,0;2020=100;VST073;Index d.tarifl. Monatsverdienste mit Sonderzahl.
62221;Vj. Index der Tarifverdienste und Arbeitszeiten;JAHR;Jahr;2025;DINSGF;Früheres Bundesgebiet / Neue Länder;DN;Neue Länder;WZ08C7;WZ2008 (ausgewählte Positionen): Tarifindex;WZ08-29-01;Fahrzeugbau;37,8;h;VST019;Durchschnittliche tarifliche Wochenarbeitszeit
62221;Vj. Index der Tarifverdienste und Arbeitszeiten;JAHR;Jahr;2025;DINSGF;Früheres Bundesgebiet / Neue Länder;DN;Neue Länder;WZ08C7;WZ2008 (ausgewählte Positionen): Tarifindex;WZ08-29-01;Fahrzeugbau;110,9;2020=100;VST066;Index d.tarifl. Monatsverdienste ohne Sonderzahl.
62221;Vj. Index der Tarifverdienste und Arbeitszeiten;JAHR;Jahr;2025;DINSGF;Früheres Bundesgebiet / Neue Länder;DN;Neue Länder;WZ08C7;WZ2008 (ausgewählte Positionen): Tarifindex;WZ08-29-01;Fahrzeugbau;99,2;2020=100;VST018;Index der tariflichen Wochenarbeitszeit
62221;Vj. Index der Tarifverdienste und Arbeitszeiten;JAHR;Jahr;2025;DINSGF;Früheres Bundesgebiet / Neue Länder;DN;Neue Länder;WZ08C7;WZ2008 (ausgewählte Positionen): Tarifindex;WZ08-29-01;Fahrzeugbau;111,9;2020=100;VST065;Index d.tarifl. Stundenverdienste ohne Sonderzahl.
62221;Vj. Index der Tarifverdienste und Arbeitszeiten;JAHR;Jahr;2025;DINSGF;Früheres Bundesgebiet / Neue Länder;DN;Neue Länder;WZ08C7;WZ2008 (ausgewählte Positionen): Tarifindex;WZ08-B-14;Kohlenbergbau, Gewinnung von Erdöl und Erdgas;116,8;2020=100;VST072;Index d.tarifl. Stundenverdienste mit Sonderzahl.
62221;Vj. Index der Tarifverdienste und Arbeitszeiten;JAHR;Jahr;2025;DINSGF;Früheres Bundesgebiet / Neue Länder;DN;Neue Länder;WZ08C7;WZ2008 (ausgewählte Positionen): Tarifindex;WZ08-B-14;Kohlenbergbau, Gewinnung von Erdöl und Erdgas;116,8;2020=100;VST073;Index d.tarifl. Monatsverdienste mit Sonderzahl.
62221;Vj. Index der Tarifverdienste und Arbeitszeiten;JAHR;Jahr;2025;DINSGF;Früheres Bundesgebiet / Neue Länder;DN;Neue Länder;WZ08C7;WZ2008 (ausgewählte Positionen): Tarifindex;WZ08-B-14;Kohlenbergbau, Gewinnung von Erdöl und Erdgas;37,0;h;VST019;Durchschnittliche tarifliche Wochenarbeitszeit
62221;Vj. Index der Tarifverdienste und Arbeitszeiten;JAHR;Jahr;2025;DINSGF;Früheres Bundesgebiet / Neue Länder;DN;Neue Länder;WZ08C7;WZ2008 (ausgewählte Positionen): Tarifindex;WZ08-B-14;Kohlenbergbau, Gewinnung von Erdöl und Erdgas;116,6;2020=100;VST066;Index d.tarifl. Monatsverdienste ohne Sonderzahl.
62221;Vj. Index der Tarifverdienste und Arbeitszeiten;JAHR;Jahr;2025;DINSGF;Früheres Bundesgebiet / Neue Länder;DN;Neue Länder;WZ08C7;WZ2008 (ausgewählte Positionen): Tarifindex;WZ08-B-14;Kohlenbergbau, Gewinnung von Erdöl und Erdgas;100,0;2020=100;VST018;Index der tariflichen Wochenarbeitszeit
62221;Vj. Index der Tarifverdienste und Arbeitszeiten;JAHR;Jahr;2025;DINSGF;Früheres Bundesgebiet / Neue Länder;DN;Neue Länder;WZ08C7;WZ2008 (ausgewählte Positionen): Tarifindex;WZ08-B-14;Kohlenbergbau, Gewinnung von Erdöl und Erdgas;116,6;2020=100;VST065;Index d.tarifl. Stundenverdienste ohne Sonderzahl.
62221;Vj. Index der Tarifverdienste und Arbeitszeiten;JAHR;Jahr;2017;DINSGF;Früheres Bundesgebiet / Neue Länder;DF;Früheres Bundesgebiet;WZ08C7;WZ2008 (ausgewählte Positionen): Tarifindex;WZ08-72;Forschung und Entwicklung;92,1;2020=100;VST072;Index d.tarifl. Stundenverdienste mit Sonderzahl.
62221;Vj. Index der Tarifverdienste und Arbeitszeiten;JAHR;Jahr;2017;DINSGF;Früheres Bundesgebiet / Neue Länder;DF;Früheres Bundesgebiet;WZ08C7;WZ2008 (ausgewählte Positionen): Tarifindex;WZ08-72;Forschung und Entwicklung;92,1;2020=100;VST073;Index d.tarifl. Monatsverdienste mit Sonderzahl.
62221;Vj. Index der Tarifverdienste und Arbeitszeiten;JAHR;Jahr;2017;DINSGF;Früheres Bundesgebiet / Neue Länder;DF;Früheres Bundesgebiet;WZ08C7;WZ2008 (ausgewählte Positionen): Tarifindex;WZ08-72;Forschung und Entwicklung;38,6;h;VST019;Durchschnittliche tarifliche Wochenarbeitszeit
62221;Vj. Index der Tarifverdienste und Arbeitszeiten;JAHR;Jahr;2017;DINSGF;Früheres Bundesgebiet / Neue Länder;DF;Früheres Bundesgebiet;WZ08C7;WZ2008 (ausgewählte Positionen): Tarifindex;WZ08-72;Forschung und Entwicklung;92,8;2020=100;VST066;Index d.tarifl. Monatsverdienste ohne Sonderzahl.
62221;Vj. Index der Tarifverdienste und Arbeitszeiten;JAHR;Jahr;2017;DINSGF;Früheres Bundesgebiet / Neue Länder;DF;Früheres Bundesgebiet;WZ08C7;WZ2008 (ausgewählte Positionen): Tarifindex;WZ08-72;Forschung und Entwicklung;100,0;2020=100;VST018;Index der tariflichen Wochenarbeitszeit
62221;Vj. Index der Tarifverdienste und Arbeitszeiten;JAHR;Jahr;2017;DINSGF;Früheres Bundesgebiet / Neue Länder;DF;Früheres Bundesgebiet;WZ08C7;WZ2008 (ausgewählte Positionen): Tarifindex;WZ08-72;Forschung und Entwicklung;92,8;2020=100;VST065;Index d.tarifl. Stundenverdienste ohne Sonderzahl.
62221;Vj. Index der Tarifverdienste und Arbeitszeiten;JAHR;Jahr;2017;DINSGF;Früheres Bundesgebiet / Neue Länder;DF;Früheres Bundesgebiet;WZ08C7;WZ2008 (ausgewählte Positionen): Tarifindex;WZ08-87;Heime (ohne Erholungs- und Ferienheime);92,1;2020=100;VST072;Index d.tarifl. Stundenverdienste mit Sonderzahl.
62221;Vj. Index der Tarifverdienste und Arbeitszeiten;JAHR;Jahr;2017;DINSGF;Früheres Bundesgebiet / Neue Länder;DF;Früheres Bundesgebiet;WZ08C7;WZ2008 (ausgewählte Positionen): Tarifindex;WZ08-87;Heime (ohne Erholungs- und Ferienheime);92,1;2020=100;VST073;Index d.tarifl. Monatsverdienste mit Sonderzahl.
62221;Vj. Index der Tarifverdienste und Arbeitszeiten;JAHR;Jahr;2017;DINSGF;Früheres Bundesgebiet / Neue Länder;DF;Früheres Bundesgebiet;WZ08C7;WZ2008 (ausgewählte Positionen): Tarifindex;WZ08-87;Heime (ohne Erholungs- und Ferienheime);39,1;h;VST019;Durchschnittliche tarifliche Wochenarbeitszeit
62221;Vj. Index der Tarifverdienste und Arbeitszeiten;JAHR;Jahr;2017;DINSGF;Früheres Bundesgebiet / Neue Länder;DF;Früheres Bundesgebiet;WZ08C7;WZ2008 (ausgewählte Positionen): Tarifindex;WZ08-87;Heime (ohne Erholungs- und Ferienheime);92,4;2020=100;VST066;Index d.tarifl. Monatsverdienste ohne Sonderzahl.
62221;Vj. Index der Tarifverdienste und Arbeitszeiten;JAHR;Jahr;2017;DINSGF;Früheres Bundesgebiet / Neue Länder;DF;Früheres Bundesgebiet;WZ08C7;WZ2008 (ausgewählte Positionen): Tarifindex;WZ08-87;Heime (ohne Erholungs- und Ferienheime);100,0;2020=100;VST018;Index der tariflichen Wochenarbeitszeit
62221;Vj. Index der Tarifverdienste und Arbeitszeiten;JAHR;Jahr;2017;DINSGF;Früheres Bundesgebiet / Neue Länder;DF;Früheres Bundesgebiet;WZ08C7;WZ2008 (ausgewählte Positionen): Tarifindex;WZ08-87;Heime (ohne Erholungs- und Ferienheime);92,4;2020=100;VST065;Index d.tarifl. Stundenverdienste ohne Sonderzahl.
62221;Vj. Index der Tarifverdienste und Arbeitszeiten;JAHR;Jahr;2017;DINSGF;Früheres Bundesgebiet / Neue Länder;DN;Neue Länder;WZ08C7;WZ2008 (ausgewählte Positionen): Tarifindex;WZ08-M;Freiberufliche, wiss. u. techn. Dienstleistungen;91,9;2020=100;VST072;Index d.tarifl. Stundenverdienste mit Sonderzahl.
62221;Vj. Index der Tarifverdienste und Arbeitszeiten;JAHR;Jahr;2017;DINSGF;Früheres Bundesgebiet / Neue Länder;DN;Neue Länder;WZ08C7;WZ2008 (ausgewählte Positionen): Tarifindex;WZ08-M;Freiberufliche, wiss. u. techn. Dienstleistungen;92,2;2020=100;VST073;Index d.tarifl. Monatsverdienste mit Sonderzahl.
62221;Vj. Index der Tarifverdienste und Arbeitszeiten;JAHR;Jahr;2017;DINSGF;Früheres Bundesgebiet / Neue Länder;DN;Neue Länder;WZ08C7;WZ2008 (ausgewählte Positionen): Tarifindex;WZ08-M;Freiberufliche, wiss. u. techn. Dienstleistungen;38,7;h;VST019;Durchschnittliche tarifliche Wochenarbeitszeit
62221;Vj. Index der Tarifverdienste und Arbeitszeiten;JAHR;Jahr;2017;DINSGF;Früheres Bundesgebiet / Neue Länder;DN;Neue Länder;WZ08C7;WZ2008 (ausgewählte Positionen): Tarifindex;WZ08-M;Freiberufliche, wiss. u. techn. Dienstleistungen;92,4;2020=100;VST066;Index d.tarifl. Monatsverdienste ohne Sonderzahl.
62221;Vj. Index der Tarifverdienste und Arbeitszeiten;JAHR;Jahr;2017;DINSGF;Früheres Bundesgebiet / Neue Länder;DN;Neue Länder;WZ08C7;WZ2008 (ausgewählte Positionen): Tarifindex;WZ08-M;Freiberufliche, wiss. u. techn. Dienstleistungen;100,1;2020=100;VST018;Index der tariflichen Wochenarbeitszeit
62221;Vj. Index der Tarifverdienste und Arbeitszeiten;JAHR;Jahr;2017;DINSGF;Früheres Bundesgebiet / Neue Länder;DN;Neue Länder;WZ08C7;WZ2008 (ausgewählte Positionen): Tarifindex;WZ08-M;Freiberufliche, wiss. u. techn. Dienstleistungen;92,2;2020=100;VST065;Index d.tarifl. Stundenverdienste ohne Sonderzahl.
62221;Vj. Index der Tarifverdienste und Arbeitszeiten;JAHR;Jahr;2024;DINSGF;Früheres Bundesgebiet / Neue Länder;DF;Früheres Bundesgebiet;WZ08C7;WZ2008 (ausgewählte Positionen): Tarifindex;WZ08-33;Reparatur u.Installation von Masch.u.Ausrüstungen;112,7;2020=100;VST072;Index d.tarifl. Stundenverdienste mit Sonderzahl.
62221;Vj. Index der Tarifverdienste und Arbeitszeiten;JAHR;Jahr;2024;DINSGF;Früheres Bundesgebiet / Neue Länder;DF;Früheres Bundesgebiet;WZ08C7;WZ2008 (ausgewählte Positionen): Tarifindex;WZ08-33;Reparatur u.Installation von Masch.u.Ausrüstungen;112,7;2020=100;VST073;Index d.tarifl. Monatsverdienste mit Sonderzahl.
62221;Vj. Index der Tarifverdienste und Arbeitszeiten;JAHR;Jahr;2024;DINSGF;Früheres Bundesgebiet / Neue Länder;DF;Früheres Bundesgebiet;WZ08C7;WZ2008 (ausgewählte Positionen): Tarifindex;WZ08-33;Reparatur u.Installation von Masch.u.Ausrüstungen;36,6;h;VST019;Durchschnittliche tarifliche Wochenarbeitszeit
62221;Vj. Index der Tarifverdienste und Arbeitszeiten;JAHR;Jahr;2024;DINSGF;Früheres Bundesgebiet / Neue Länder;DF;Früheres Bundesgebiet;WZ08C7;WZ2008 (ausgewählte Positionen): Tarifindex;WZ08-33;Reparatur u.Installation von Masch.u.Ausrüstungen;109,2;2020=100;VST066;Index d.tarifl. Monatsverdienste ohne Sonderzahl.
62221;Vj. Index der Tarifverdienste und Arbeitszeiten;JAHR;Jahr;2024;DINSGF;Früheres Bundesgebiet / Neue Länder;DF;Früheres Bundesgebiet;WZ08C7;WZ2008 (ausgewählte Positionen): Tarifindex;WZ08-33;Reparatur u.Installation von Masch.u.Ausrüstungen;99,9;2020=100;VST018;Index der tariflichen Wochenarbeitszeit
62221;Vj. Index der Tarifverdienste und Arbeitszeiten;JAHR;Jahr;2024;DINSGF;Früheres Bundesgebiet / Neue Länder;DF;Früheres Bundesgebiet;WZ08C7;WZ2008 (ausgewählte Positionen): Tarifindex;WZ08-33;Reparatur u.Installation von Masch.u.Ausrüstungen;109,3;2020=100;VST065;Index d.tarifl. Stundenverdienste ohne Sonderzahl.
62221;Vj. Index der Tarifverdienste und Arbeitszeiten;JAHR;Jahr;2016;DINSGF;Früheres Bundesgebiet / Neue Länder;DF;Früheres Bundesgebiet;WZ08C7;WZ2008 (ausgewählte Positionen): Tarifindex;WZ08-491-01;Personen- u. Güterbeförderung im Eisenbahnverkehr;90,2;2020=100;VST072;Index d.tarifl. Stundenverdienste mit Sonderzahl.
62221;Vj. Index der Tarifverdienste und Arbeitszeiten;JAHR;Jahr;2016;DINSGF;Früheres Bundesgebiet / Neue Länder;DF;Früheres Bundesgebiet;WZ08C7;WZ2008 (ausgewählte Positionen): Tarifindex;WZ08-491-01;Personen- u. Güterbeförderung im Eisenbahnverkehr;90,7;2020=100;VST073;Index d.tarifl. Monatsverdienste mit Sonderzahl.
62221;Vj. Index der Tarifverdienste und Arbeitszeiten;JAHR;Jahr;2016;DINSGF;Früheres Bundesgebiet / Neue Länder;DF;Früheres Bundesgebiet;WZ08C7;WZ2008 (ausgewählte Positionen): Tarifindex;WZ08-491-01;Personen- u. Güterbeförderung im Eisenbahnverkehr;39,4;h;VST019;Durchschnittliche tarifliche Wochenarbeitszeit
62221;Vj. Index der Tarifverdienste und Arbeitszeiten;JAHR;Jahr;2016;DINSGF;Früheres Bundesgebiet / Neue Länder;DF;Früheres Bundesgebiet;WZ08C7;WZ2008 (ausgewählte Positionen): Tarifindex;WZ08-491-01;Personen- u. Güterbeförderung im Eisenbahnverkehr;90,9;2020=100;VST066;Index d.tarifl. Monatsverdienste ohne Sonderzahl.
62221;Vj. Index der Tarifverdienste und Arbeitszeiten;JAHR;Jahr;2016;DINSGF;Früheres Bundesgebiet / Neue Länder;DF;Früheres Bundesgebiet;WZ08C7;WZ2008 (ausgewählte Positionen): Tarifindex;WZ08-491-01;Personen- u. Güterbeförderung im Eisenbahnverkehr;100,5;2020=100;VST018;Index der tariflichen Wochenarbeitszeit
62221;Vj. Index der Tarifverdienste und Arbeitszeiten;JAHR;Jahr;2016;DINSGF;Früheres Bundesgebiet / Neue Länder;DF;Früheres Bundesgebiet;WZ08C7;WZ2008 (ausgewählte Positionen): Tarifindex;WZ08-491-01;Personen- u. Güterbeförderung im Eisenbahnverkehr;90,4;2020=100;VST065;Index d.tarifl. Stundenverdienste ohne Sonderzahl.
62221;Vj. Index der Tarifverdienste und Arbeitszeiten;JAHR;Jahr;2020;DINSGF;Früheres Bundesgebiet / Neue Länder;DN;Neue Länder;WZ08C7;WZ2008 (ausgewählte Positionen): Tarifindex;WZ08-10-01;Ernährungsgewerbe und Tabakverarbeitung;100,0;2020=100;VST072;Index d.tarifl. Stundenverdienste mit Sonderzahl.
62221;Vj. Index der Tarifverdienste und Arbeitszeiten;JAHR;Jahr;2020;DINSGF;Früheres Bundesgebiet / Neue Länder;DN;Neue Länder;WZ08C7;WZ2008 (ausgewählte Positionen): Tarifindex;WZ08-10-01;Ernährungsgewerbe und Tabakverarbeitung;100,0;2020=100;VST073;Index d.tarifl. Monatsverdienste mit Sonderzahl.
62221;Vj. Index der Tarifverdienste und Arbeitszeiten;JAHR;Jahr;2020;DINSGF;Früheres Bundesgebiet / Neue Länder;DN;Neue Länder;WZ08C7;WZ2008 (ausgewählte Positionen): Tarifindex;WZ08-10-01;Ernährungsgewerbe und Tabakverarbeitung;38,7;h;VST019;Durchschnittliche tarifliche Wochenarbeitszeit
62221;Vj. Index der Tarifverdienste und Arbeitszeiten;JAHR;Jahr;2020;DINSGF;Früheres Bundesgebiet / Neue Länder;DN;Neue Länder;WZ08C7;WZ2008 (ausgewählte Positionen): Tarifindex;WZ08-10-01;Ernährungsgewerbe und Tabakverarbeitung;100,0;2020=100;VST066;Index d.tarifl. Monatsverdienste ohne Sonderzahl.
62221;Vj. Index der Tarifverdienste und Arbeitszeiten;JAHR;Jahr;2020;DINSGF;Früheres Bundesgebiet / Neue Länder;DN;Neue Länder;WZ08C7;WZ2008 (ausgewählte Positionen): Tarifindex;WZ08-10-01;Ernährungsgewerbe und Tabakverarbeitung;100,0;2020=100;VST018;Index der tariflichen Wochenarbeitszeit
62221;Vj. Index der Tarifverdienste und Arbeitszeiten;JAHR;Jahr;2020;DINSGF;Früheres Bundesgebiet / Neue Länder;DN;Neue Länder;WZ08C7;WZ2008 (ausgewählte Positionen): Tarifindex;WZ08-10-01;Ernährungsgewerbe und Tabakverarbeitung;100,0;2020=100;VST065;Index d.tarifl. Stundenverdienste ohne Sonderzahl.
62221;Vj. Index der Tarifverdienste und Arbeitszeiten;JAHR;Jahr;2024;DINSGF;Früheres Bundesgebiet / Neue Länder;DF;Früheres Bundesgebiet;WZ08C7;WZ2008 (ausgewählte Positionen): Tarifindex;WZ08-24;Metallerzeugung und -bearbeitung;112,7;2020=100;VST072;Index d.tarifl. Stundenverdienste mit Sonderzahl.
62221;Vj. Index der Tarifverdienste und Arbeitszeiten;JAHR;Jahr;2024;DINSGF;Früheres Bundesgebiet / Neue Länder;DF;Früheres Bundesgebiet;WZ08C7;WZ2008 (ausgewählte Positionen): Tarifindex;WZ08-24;Metallerzeugung und -bearbeitung;112,7;2020=100;VST073;Index d.tarifl. Monatsverdienste mit Sonderzahl.
62221;Vj. Index der Tarifverdienste und Arbeitszeiten;JAHR;Jahr;2024;DINSGF;Früheres Bundesgebiet / Neue Länder;DF;Früheres Bundesgebiet;WZ08C7;WZ2008 (ausgewählte Positionen): Tarifindex;WZ08-24;Metallerzeugung und -bearbeitung;35,2;h;VST019;Durchschnittliche tarifliche Wochenarbeitszeit
62221;Vj. Index der Tarifverdienste und Arbeitszeiten;JAHR;Jahr;2024;DINSGF;Früheres Bundesgebiet / Neue Länder;DF;Früheres Bundesgebiet;WZ08C7;WZ2008 (ausgewählte Positionen): Tarifindex;WZ08-24;Metallerzeugung und -bearbeitung;107,4;2020=100;VST066;Index d.tarifl. Monatsverdienste ohne Sonderzahl.
62221;Vj. Index der Tarifverdienste und Arbeitszeiten;JAHR;Jahr;2024;DINSGF;Früheres Bundesgebiet / Neue Länder;DF;Früheres Bundesgebiet;WZ08C7;WZ2008 (ausgewählte Positionen): Tarifindex;WZ08-24;Metallerzeugung und -bearbeitung;100,0;2020=100;VST018;Index der tariflichen Wochenarbeitszeit
62221;Vj. Index der Tarifverdienste und Arbeitszeiten;JAHR;Jahr;2024;DINSGF;Früheres Bundesgebiet / Neue Länder;DF;Früheres Bundesgebiet;WZ08C7;WZ2008 (ausgewählte Positionen): Tarifindex;WZ08-24;Metallerzeugung und -bearbeitung;107,4;2020=100;VST065;Index d.tarifl. Stundenverdienste ohne Sonderzahl.
62221;Vj. Index der Tarifverdienste und Arbeitszeiten;JAHR;Jahr;2021;DINSGF;Früheres Bundesgebiet / Neue Länder;DN;Neue Länder;WZ08C7;WZ2008 (ausgewählte Positionen): Tarifindex;WZ08-17;Herstellung von Papier, Pappe und Waren daraus;100,3;2020=100;VST072;Index d.tarifl. Stundenverdienste mit Sonderzahl.
62221;Vj. Index der Tarifverdienste und Arbeitszeiten;JAHR;Jahr;2021;DINSGF;Früheres Bundesgebiet / Neue Länder;DN;Neue Länder;WZ08C7;WZ2008 (ausgewählte Positionen): Tarifindex;WZ08-17;Herstellung von Papier, Pappe und Waren daraus;100,3;2020=100;VST073;Index d.tarifl. Monatsverdienste mit Sonderzahl.
62221;Vj. Index der Tarifverdienste und Arbeitszeiten;JAHR;Jahr;2021;DINSGF;Früheres Bundesgebiet / Neue Länder;DN;Neue Länder;WZ08C7;WZ2008 (ausgewählte Positionen): Tarifindex;WZ08-17;Herstellung von Papier, Pappe und Waren daraus;37,8;h;VST019;Durchschnittliche tarifliche Wochenarbeitszeit
62221;Vj. Index der Tarifverdienste und Arbeitszeiten;JAHR;Jahr;2021;DINSGF;Früheres Bundesgebiet / Neue Länder;DN;Neue Länder;WZ08C7;WZ2008 (ausgewählte Positionen): Tarifindex;WZ08-17;Herstellung von Papier, Pappe und Waren daraus;100,9;2020=100;VST066;Index d.tarifl. Monatsverdienste ohne Sonderzahl.
62221;Vj. Index der Tarifverdienste und Arbeitszeiten;JAHR;Jahr;2021;DINSGF;Früheres Bundesgebiet / Neue Länder;DN;Neue Länder;WZ08C7;WZ2008 (ausgewählte Positionen): Tarifindex;WZ08-17;Herstellung von Papier, Pappe und Waren daraus;100,0;2020=100;VST018;Index der tariflichen Wochenarbeitszeit
62221;Vj. Index der Tarifverdienste und Arbeitszeiten;JAHR;Jahr;2021;DINSGF;Früheres Bundesgebiet / Neue Länder;DN;Neue Länder;WZ08C7;WZ2008 (ausgewählte Positionen): Tarifindex;WZ08-17;Herstellung von Papier, Pappe und Waren daraus;100,9;2020=100;VST065;Index d.tarifl. Stundenverdienste ohne Sonderzahl.
62221;Vj. Index der Tarifverdienste und Arbeitszeiten;JAHR;Jahr;2017;DINSGF;Früheres Bundesgebiet / Neue Länder;DF;Früheres Bundesgebiet;WZ08C7;WZ2008 (ausgewählte Positionen): Tarifindex;WZ08-63;Informationsdienstleistungen;93,2;2020=100;VST072;Index d.tarifl. Stundenverdienste mit Sonderzahl.
62221;Vj. Index der Tarifverdienste und Arbeitszeiten;JAHR;Jahr;2017;DINSGF;Früheres Bundesgebiet / Neue Länder;DF;Früheres Bundesgebiet;WZ08C7;WZ2008 (ausgewählte Positionen): Tarifindex;WZ08-63;Informationsdienstleistungen;93,4;2020=100;VST073;Index d.tarifl. Monatsverdienste mit Sonderzahl.
62221;Vj. Index der Tarifverdienste und Arbeitszeiten;JAHR;Jahr;2017;DINSGF;Früheres Bundesgebiet / Neue Länder;DF;Früheres Bundesgebiet;WZ08C7;WZ2008 (ausgewählte Positionen): Tarifindex;WZ08-63;Informationsdienstleistungen;38,1;h;VST019;Durchschnittliche tarifliche Wochenarbeitszeit
62221;Vj. Index der Tarifverdienste und Arbeitszeiten;JAHR;Jahr;2017;DINSGF;Früheres Bundesgebiet / Neue Länder;DF;Früheres Bundesgebiet;WZ08C7;WZ2008 (ausgewählte Positionen): Tarifindex;WZ08-63;Informationsdienstleistungen;93,9;2020=100;VST066;Index d.tarifl. Monatsverdienste ohne Sonderzahl.
62221;Vj. Index der Tarifverdienste und Arbeitszeiten;JAHR;Jahr;2017;DINSGF;Früheres Bundesgebiet / Neue Länder;DF;Früheres Bundesgebiet;WZ08C7;WZ2008 (ausgewählte Positionen): Tarifindex;WZ08-63;Informationsdienstleistungen;100,1;2020=100;VST018;Index der tariflichen Wochenarbeitszeit
62221;Vj. Index der Tarifverdienste und Arbeitszeiten;JAHR;Jahr;2017;DINSGF;Früheres Bundesgebiet / Neue Länder;DF;Früheres Bundesgebiet;WZ08C7;WZ2008 (ausgewählte Positionen): Tarifindex;WZ08-63;Informationsdienstleistungen;93,7;2020=100;VST065;Index d.tarifl. Stundenverdienste ohne Sonderzahl.
62221;Vj. Index der Tarifverdienste und Arbeitszeiten;JAHR;Jahr;2017;DINSGF;Früheres Bundesgebiet / Neue Länder;DN;Neue Länder;WZ08C7;WZ2008 (ausgewählte Positionen): Tarifindex;WZ08-A;Land- und Forstwirtschaft, Fischerei;88,5;2020=100;VST072;Index d.tarifl. Stundenverdienste mit Sonderzahl.
62221;Vj. Index der Tarifverdienste und Arbeitszeiten;JAHR;Jahr;2017;DINSGF;Früheres Bundesgebiet / Neue Länder;DN;Neue Länder;WZ08C7;WZ2008 (ausgewählte Positionen): Tarifindex;WZ08-A;Land- und Forstwirtschaft, Fischerei;88,5;2020=100;VST073;Index d.tarifl. Monatsverdienste mit Sonderzahl.
62221;Vj. Index der Tarifverdienste und Arbeitszeiten;JAHR;Jahr;2017;DINSGF;Früheres Bundesgebiet / Neue Länder;DN;Neue Länder;WZ08C7;WZ2008 (ausgewählte Positionen): Tarifindex;WZ08-A;Land- und Forstwirtschaft, Fischerei;39,8;h;VST019;Durchschnittliche tarifliche Wochenarbeitszeit
62221;Vj. Index der Tarifverdienste und Arbeitszeiten;JAHR;Jahr;2017;DINSGF;Früheres Bundesgebiet / Neue Länder;DN;Neue Länder;WZ08C7;WZ2008 (ausgewählte Positionen): Tarifindex;WZ08-A;Land- und Forstwirtschaft, Fischerei;88,1;2020=100;VST066;Index d.tarifl. Monatsverdienste ohne Sonderzahl.
62221;Vj. Index der Tarifverdienste und Arbeitszeiten;JAHR;Jahr;2017;DINSGF;Früheres Bundesgebiet / Neue Länder;DN;Neue Länder;WZ08C7;WZ2008 (ausgewählte Positionen): Tarifindex;WZ08-A;Land- und Forstwirtschaft, Fischerei;100,0;2020=100;VST018;Index der tariflichen Wochenarbeitszeit
62221;Vj. Index der Tarifverdienste und Arbeitszeiten;JAHR;Jahr;2017;DINSGF;Früheres Bundesgebiet / Neue Länder;DN;Neue Länder;WZ08C7;WZ2008 (ausgewählte Positionen): Tarifindex;WZ08-A;Land- und Forstwirtschaft, Fischerei;88,1;2020=100;VST065;Index d.tarifl. Stundenverdienste ohne Sonderzahl.
62221;Vj. Index der Tarifverdienste und Arbeitszeiten;JAHR;Jahr;2019;DINSGF;Früheres Bundesgebiet / Neue Länder;DF;Früheres Bundesgebiet;WZ08C7;WZ2008 (ausgewählte Positionen): Tarifindex;WZ08-B-05;Produzierendes Gewerbe;99,1;2020=100;VST072;Index d.tarifl. Stundenverdienste mit Sonderzahl.
62221;Vj. Index der Tarifverdienste und Arbeitszeiten;JAHR;Jahr;2019;DINSGF;Früheres Bundesgebiet / Neue Länder;DF;Früheres Bundesgebiet;WZ08C7;WZ2008 (ausgewählte Positionen): Tarifindex;WZ08-B-05;Produzierendes Gewerbe;99,1;2020=100;VST073;Index d.tarifl. Monatsverdienste mit Sonderzahl.
62221;Vj. Index der Tarifverdienste und Arbeitszeiten;JAHR;Jahr;2019;DINSGF;Früheres Bundesgebiet / Neue Länder;DF;Früheres Bundesgebiet;WZ08C7;WZ2008 (ausgewählte Positionen): Tarifindex;WZ08-B-05;Produzierendes Gewerbe;36,7;h;VST019;Durchschnittliche tarifliche Wochenarbeitszeit
62221;Vj. Index der Tarifverdienste und Arbeitszeiten;JAHR;Jahr;2019;DINSGF;Früheres Bundesgebiet / Neue Länder;DF;Früheres Bundesgebiet;WZ08C7;WZ2008 (ausgewählte Positionen): Tarifindex;WZ08-B-05;Produzierendes Gewerbe;99,4;2020=100;VST066;Index d.tarifl. Monatsverdienste ohne Sonderzahl.
62221;Vj. Index der Tarifverdienste und Arbeitszeiten;JAHR;Jahr;2019;DINSGF;Früheres Bundesgebiet / Neue Länder;DF;Früheres Bundesgebiet;WZ08C7;WZ2008 (ausgewählte Positionen): Tarifindex;WZ08-B-05;Produzierendes Gewerbe;100,0;2020=100;VST018;Index der tariflichen Wochenarbeitszeit
62221;Vj. Index der Tarifverdienste und Arbeitszeiten;JAHR;Jahr;2019;DINSGF;Früheres Bundesgebiet / Neue Länder;DF;Früheres Bundesgebiet;WZ08C7;WZ2008 (ausgewählte Positionen): Tarifindex;WZ08-B-05;Produzierendes Gewerbe;99,4;2020=100;VST065;Index d.tarifl. Stundenverdienste ohne Sonderzahl.
62221;Vj. Index der Tarifverdienste und Arbeitszeiten;JAHR;Jahr;2024;DINSGF;Früheres Bundesgebiet / Neue Länder;DF;Früheres Bundesgebiet;WZ08C7;WZ2008 (ausgewählte Positionen): Tarifindex;WZ08-N;Sonstige wirtschaftliche Dienstleistungen;121,5;2020=100;VST072;Index d.tarifl. Stundenverdienste mit Sonderzahl.
62221;Vj. Index der Tarifverdienste und Arbeitszeiten;JAHR;Jahr;2024;DINSGF;Früheres Bundesgebiet / Neue Länder;DF;Früheres Bundesgebiet;WZ08C7;WZ2008 (ausgewählte Positionen): Tarifindex;WZ08-N;Sonstige wirtschaftliche Dienstleistungen;121,5;2020=100;VST073;Index d.tarifl. Monatsverdienste mit Sonderzahl.
62221;Vj. Index der Tarifverdienste und Arbeitszeiten;JAHR;Jahr;2024;DINSGF;Früheres Bundesgebiet / Neue Länder;DF;Früheres Bundesgebiet;WZ08C7;WZ2008 (ausgewählte Positionen): Tarifindex;WZ08-N;Sonstige wirtschaftliche Dienstleistungen;37,5;h;VST019;Durchschnittliche tarifliche Wochenarbeitszeit
62221;Vj. Index der Tarifverdienste und Arbeitszeiten;JAHR;Jahr;2024;DINSGF;Früheres Bundesgebiet / Neue Länder;DF;Früheres Bundesgebiet;WZ08C7;WZ2008 (ausgewählte Positionen): Tarifindex;WZ08-N;Sonstige wirtschaftliche Dienstleistungen;121,2;2020=100;VST066;Index d.tarifl. Monatsverdienste ohne Sonderzahl.
62221;Vj. Index der Tarifverdienste und Arbeitszeiten;JAHR;Jahr;2024;DINSGF;Früheres Bundesgebiet / Neue Länder;DF;Früheres Bundesgebiet;WZ08C7;WZ2008 (ausgewählte Positionen): Tarifindex;WZ08-N;Sonstige wirtschaftliche Dienstleistungen;100,0;2020=100;VST018;Index der tariflichen Wochenarbeitszeit
62221;Vj. Index der Tarifverdienste und Arbeitszeiten;JAHR;Jahr;2024;DINSGF;Früheres Bundesgebiet / Neue Länder;DF;Früheres Bundesgebiet;WZ08C7;WZ2008 (ausgewählte Positionen): Tarifindex;WZ08-N;Sonstige wirtschaftliche Dienstleistungen;121,3;2020=100;VST065;Index d.tarifl. Stundenverdienste ohne Sonderzahl.
62221;Vj. Index der Tarifverdienste und Arbeitszeiten;JAHR;Jahr;2025;DINSGF;Früheres Bundesgebiet / Neue Länder;DF;Früheres Bundesgebiet;WZ08C7;WZ2008 (ausgewählte Positionen): Tarifindex;WZ08-D-06;Energie- und Wasserversorgung;117,2;2020=100;VST072;Index d.tarifl. Stundenverdienste mit Sonderzahl.
62221;Vj. Index der Tarifverdienste und Arbeitszeiten;JAHR;Jahr;2025;DINSGF;Früheres Bundesgebiet / Neue Länder;DF;Früheres Bundesgebiet;WZ08C7;WZ2008 (ausgewählte Positionen): Tarifindex;WZ08-D-06;Energie- und Wasserversorgung;117,4;2020=100;VST073;Index d.tarifl. Monatsverdienste mit Sonderzahl.
62221;Vj. Index der Tarifverdienste und Arbeitszeiten;JAHR;Jahr;2025;DINSGF;Früheres Bundesgebiet / Neue Länder;DF;Früheres Bundesgebiet;WZ08C7;WZ2008 (ausgewählte Positionen): Tarifindex;WZ08-D-06;Energie- und Wasserversorgung;38,4;h;VST019;Durchschnittliche tarifliche Wochenarbeitszeit
62221;Vj. Index der Tarifverdienste und Arbeitszeiten;JAHR;Jahr;2025;DINSGF;Früheres Bundesgebiet / Neue Länder;DF;Früheres Bundesgebiet;WZ08C7;WZ2008 (ausgewählte Positionen): Tarifindex;WZ08-D-06;Energie- und Wasserversorgung;117,6;2020=100;VST066;Index d.tarifl. Monatsverdienste ohne Sonderzahl.
62221;Vj. Index der Tarifverdienste und Arbeitszeiten;JAHR;Jahr;2025;DINSGF;Früheres Bundesgebiet / Neue Länder;DF;Früheres Bundesgebiet;WZ08C7;WZ2008 (ausgewählte Positionen): Tarifindex;WZ08-D-06;Energie- und Wasserversorgung;100,2;2020=100;VST018;Index der tariflichen Wochenarbeitszeit
62221;Vj. Index der Tarifverdienste und Arbeitszeiten;JAHR;Jahr;2025;DINSGF;Früheres Bundesgebiet / Neue Länder;DF;Früheres Bundesgebiet;WZ08C7;WZ2008 (ausgewählte Positionen): Tarifindex;WZ08-D-06;Energie- und Wasserversorgung;117,4;2020=100;VST065;Index d.tarifl. Stundenverdienste ohne Sonderzahl.
62221;Vj. Index der Tarifverdienste und Arbeitszeiten;JAHR;Jahr;2017;DINSGF;Früheres Bundesgebiet / Neue Länder;DN;Neue Länder;WZ08C7;WZ2008 (ausgewählte Positionen): Tarifindex;WZ08-D-05;Energie- und Wasserversorgung, Entsorgung u.a.;94,2;2020=100;VST072;Index d.tarifl. Stundenverdienste mit Sonderzahl.
62221;Vj. Index der Tarifverdienste und Arbeitszeiten;JAHR;Jahr;2017;DINSGF;Früheres Bundesgebiet / Neue Länder;DN;Neue Länder;WZ08C7;WZ2008 (ausgewählte Positionen): Tarifindex;WZ08-D-05;Energie- und Wasserversorgung, Entsorgung u.a.;94,3;2020=100;VST073;Index d.tarifl. Monatsverdienste mit Sonderzahl.
62221;Vj. Index der Tarifverdienste und Arbeitszeiten;JAHR;Jahr;2017;DINSGF;Früheres Bundesgebiet / Neue Länder;DN;Neue Länder;WZ08C7;WZ2008 (ausgewählte Positionen): Tarifindex;WZ08-D-05;Energie- und Wasserversorgung, Entsorgung u.a.;38,5;h;VST019;Durchschnittliche tarifliche Wochenarbeitszeit
62221;Vj. Index der Tarifverdienste und Arbeitszeiten;JAHR;Jahr;2017;DINSGF;Früheres Bundesgebiet / Neue Länder;DN;Neue Länder;WZ08C7;WZ2008 (ausgewählte Positionen): Tarifindex;WZ08-D-05;Energie- und Wasserversorgung, Entsorgung u.a.;94,2;2020=100;VST066;Index d.tarifl. Monatsverdienste ohne Sonderzahl.
62221;Vj. Index der Tarifverdienste und Arbeitszeiten;JAHR;Jahr;2017;DINSGF;Früheres Bundesgebiet / Neue Länder;DN;Neue Länder;WZ08C7;WZ2008 (ausgewählte Positionen): Tarifindex;WZ08-D-05;Energie- und Wasserversorgung, Entsorgung u.a.;100,0;2020=100;VST018;Index der tariflichen Wochenarbeitszeit
62221;Vj. Index der Tarifverdienste und Arbeitszeiten;JAHR;Jahr;2017;DINSGF;Früheres Bundesgebiet / Neue Länder;DN;Neue Länder;WZ08C7;WZ2008 (ausgewählte Positionen): Tarifindex;WZ08-D-05;Energie- und Wasserversorgung, Entsorgung u.a.;94,2;2020=100;VST065;Index d.tarifl. Stundenverdienste ohne Sonderzahl.
62221;Vj. Index der Tarifverdienste und Arbeitszeiten;JAHR;Jahr;2020;DINSGF;Früheres Bundesgebiet / Neue Länder;DF;Früheres Bundesgebiet;WZ08C7;WZ2008 (ausgewählte Positionen): Tarifindex;WZ08-06;Gewinnung von Erdöl und Erdgas;100,0;2020=100;VST072;Index d.tarifl. Stundenverdienste mit Sonderzahl.
62221;Vj. Index der Tarifverdienste und Arbeitszeiten;JAHR;Jahr;2020;DINSGF;Früheres Bundesgebiet / Neue Länder;DF;Früheres Bundesgebiet;WZ08C7;WZ2008 (ausgewählte Positionen): Tarifindex;WZ08-06;Gewinnung von Erdöl und Erdgas;100,0;2020=100;VST073;Index d.tarifl. Monatsverdienste mit Sonderzahl.
62221;Vj. Index der Tarifverdienste und Arbeitszeiten;JAHR;Jahr;2020;DINSGF;Früheres Bundesgebiet / Neue Länder;DF;Früheres Bundesgebiet;WZ08C7;WZ2008 (ausgewählte Positionen): Tarifindex;WZ08-06;Gewinnung von Erdöl und Erdgas;38,0;h;VST019;Durchschnittliche tarifliche Wochenarbeitszeit
62221;Vj. Index der Tarifverdienste und Arbeitszeiten;JAHR;Jahr;2020;DINSGF;Früheres Bundesgebiet / Neue Länder;DF;Früheres Bundesgebiet;WZ08C7;WZ2008 (ausgewählte Positionen): Tarifindex;WZ08-06;Gewinnung von Erdöl und Erdgas;100,0;2020=100;VST066;Index d.tarifl. Monatsverdienste ohne Sonderzahl.
62221;Vj. Index der Tarifverdienste und Arbeitszeiten;JAHR;Jahr;2020;DINSGF;Früheres Bundesgebiet / Neue Länder;DF;Früheres Bundesgebiet;WZ08C7;WZ2008 (ausgewählte Positionen): Tarifindex;WZ08-06;Gewinnung von Erdöl und Erdgas;100,0;2020=100;VST018;Index der tariflichen Wochenarbeitszeit
62221;Vj. Index der Tarifverdienste und Arbeitszeiten;JAHR;Jahr;2020;DINSGF;Früheres Bundesgebiet / Neue Länder;DF;Früheres Bundesgebiet;WZ08C7;WZ2008 (ausgewählte Positionen): Tarifindex;WZ08-06;Gewinnung von Erdöl und Erdgas;100,0;2020=100;VST065;Index d.tarifl. Stundenverdienste ohne Sonderzahl.
62221;Vj. Index der Tarifverdienste und Arbeitszeiten;JAHR;Jahr;2017;DINSGF;Früheres Bundesgebiet / Neue Länder;DN;Neue Länder;WZ08C7;WZ2008 (ausgewählte Positionen): Tarifindex;WZ08-G;Handel, Instandhaltung und Reparatur von Kfz;92,9;2020=100;VST072;Index d.tarifl. Stundenverdienste mit Sonderzahl.
62221;Vj. Index der Tarifverdienste und Arbeitszeiten;JAHR;Jahr;2017;DINSGF;Früheres Bundesgebiet / Neue Länder;DN;Neue Länder;WZ08C7;WZ2008 (ausgewählte Positionen): Tarifindex;WZ08-G;Handel, Instandhaltung und Reparatur von Kfz;93,1;2020=100;VST073;Index d.tarifl. Monatsverdienste mit Sonderzahl.
62221;Vj. Index der Tarifverdienste und Arbeitszeiten;JAHR;Jahr;2017;DINSGF;Früheres Bundesgebiet / Neue Länder;DN;Neue Länder;WZ08C7;WZ2008 (ausgewählte Positionen): Tarifindex;WZ08-G;Handel, Instandhaltung und Reparatur von Kfz;38,4;h;VST019;Durchschnittliche tarifliche Wochenarbeitszeit
62221;Vj. Index der Tarifverdienste und Arbeitszeiten;JAHR;Jahr;2017;DINSGF;Früheres Bundesgebiet / Neue Länder;DN;Neue Länder;WZ08C7;WZ2008 (ausgewählte Positionen): Tarifindex;WZ08-G;Handel, Instandhaltung und Reparatur von Kfz;93,0;2020=100;VST066;Index d.tarifl. Monatsverdienste ohne Sonderzahl.
62221;Vj. Index der Tarifverdienste und Arbeitszeiten;JAHR;Jahr;2017;DINSGF;Früheres Bundesgebiet / Neue Länder;DN;Neue Länder;WZ08C7;WZ2008 (ausgewählte Positionen): Tarifindex;WZ08-G;Handel, Instandhaltung und Reparatur von Kfz;100,1;2020=100;VST018;Index der tariflichen Wochenarbeitszeit
62221;Vj. Index der Tarifverdienste und Arbeitszeiten;JAHR;Jahr;2017;DINSGF;Früheres Bundesgebiet / Neue Länder;DN;Neue Länder;WZ08C7;WZ2008 (ausgewählte Positionen): Tarifindex;WZ08-G;Handel, Instandhaltung und Reparatur von Kfz;92,8;2020=100;VST065;Index d.tarifl. Stundenverdienste ohne Sonderzahl.
62221;Vj. Index der Tarifverdienste und Arbeitszeiten;JAHR;Jahr;2017;DINSGF;Früheres Bundesgebiet / Neue Länder;DN;Neue Länder;WZ08C7;WZ2008 (ausgewählte Positionen): Tarifindex;WZ08-S;Erbringung von sonstigen Dienstleistungen;92,0;2020=100;VST072;Index d.tarifl. Stundenverdienste mit Sonderzahl.
62221;Vj. Index der Tarifverdienste und Arbeitszeiten;JAHR;Jahr;2017;DINSGF;Früheres Bundesgebiet / Neue Länder;DN;Neue Länder;WZ08C7;WZ2008 (ausgewählte Positionen): Tarifindex;WZ08-S;Erbringung von sonstigen Dienstleistungen;92,0;2020=100;VST073;Index d.tarifl. Monatsverdienste mit Sonderzahl.
62221;Vj. Index der Tarifverdienste und Arbeitszeiten;JAHR;Jahr;2017;DINSGF;Früheres Bundesgebiet / Neue Länder;DN;Neue Länder;WZ08C7;WZ2008 (ausgewählte Positionen): Tarifindex;WZ08-S;Erbringung von sonstigen Dienstleistungen;38,8;h;VST019;Durchschnittliche tarifliche Wochenarbeitszeit
62221;Vj. Index der Tarifverdienste und Arbeitszeiten;JAHR;Jahr;2017;DINSGF;Früheres Bundesgebiet / Neue Länder;DN;Neue Länder;WZ08C7;WZ2008 (ausgewählte Positionen): Tarifindex;WZ08-S;Erbringung von sonstigen Dienstleistungen;92,0;2020=100;VST066;Index d.tarifl. Monatsverdienste ohne Sonderzahl.
62221;Vj. Index der Tarifverdienste und Arbeitszeiten;JAHR;Jahr;2017;DINSGF;Früheres Bundesgebiet / Neue Länder;DN;Neue Länder;WZ08C7;WZ2008 (ausgewählte Positionen): Tarifindex;WZ08-S;Erbringung von sonstigen Dienstleistungen;100,0;2020=100;VST018;Index der tariflichen Wochenarbeitszeit
62221;Vj. Index der Tarifverdienste und Arbeitszeiten;JAHR;Jahr;2017;DINSGF;Früheres Bundesgebiet / Neue Länder;DN;Neue Länder;WZ08C7;WZ2008 (ausgewählte Positionen): Tarifindex;WZ08-S;Erbringung von sonstigen Dienstleistungen;92,0;2020=100;VST065;Index d.tarifl. Stundenverdienste ohne Sonderzahl.
62221;Vj. Index der Tarifverdienste und Arbeitszeiten;JAHR;Jahr;2019;DINSGF;Früheres Bundesgebiet / Neue Länder;DN;Neue Länder;WZ08C7;WZ2008 (ausgewählte Positionen): Tarifindex;WZ08-72-01;Forschung,Werbung u.Marktforschung,Veterinärwesen;97,8;2020=100;VST072;Index d.tarifl. Stundenverdienste mit Sonderzahl.
62221;Vj. Index der Tarifverdienste und Arbeitszeiten;JAHR;Jahr;2019;DINSGF;Früheres Bundesgebiet / Neue Länder;DN;Neue Länder;WZ08C7;WZ2008 (ausgewählte Positionen): Tarifindex;WZ08-72-01;Forschung,Werbung u.Marktforschung,Veterinärwesen;97,8;2020=100;VST073;Index d.tarifl. Monatsverdienste mit Sonderzahl.
62221;Vj. Index der Tarifverdienste und Arbeitszeiten;JAHR;Jahr;2019;DINSGF;Früheres Bundesgebiet / Neue Länder;DN;Neue Länder;WZ08C7;WZ2008 (ausgewählte Positionen): Tarifindex;WZ08-72-01;Forschung,Werbung u.Marktforschung,Veterinärwesen;38,9;h;VST019;Durchschnittliche tarifliche Wochenarbeitszeit
62221;Vj. Index der Tarifverdienste und Arbeitszeiten;JAHR;Jahr;2019;DINSGF;Früheres Bundesgebiet / Neue Länder;DN;Neue Länder;WZ08C7;WZ2008 (ausgewählte Positionen): Tarifindex;WZ08-72-01;Forschung,Werbung u.Marktforschung,Veterinärwesen;97,7;2020=100;VST066;Index d.tarifl. Monatsverdienste ohne Sonderzahl.
62221;Vj. Index der Tarifverdienste und Arbeitszeiten;JAHR;Jahr;2019;DINSGF;Früheres Bundesgebiet / Neue Länder;DN;Neue Länder;WZ08C7;WZ2008 (ausgewählte Positionen): Tarifindex;WZ08-72-01;Forschung,Werbung u.Marktforschung,Veterinärwesen;100,0;2020=100;VST018;Index der tariflichen Wochenarbeitszeit
62221;Vj. Index der Tarifverdienste und Arbeitszeiten;JAHR;Jahr;2019;DINSGF;Früheres Bundesgebiet / Neue Länder;DN;Neue Länder;WZ08C7;WZ2008 (ausgewählte Positionen): Tarifindex;WZ08-72-01;Forschung,Werbung u.Marktforschung,Veterinärwesen;97,7;2020=100;VST065;Index d.tarifl. Stundenverdienste ohne Sonderzahl.
62221;Vj. Index der Tarifverdienste und Arbeitszeiten;JAHR;Jahr;2019;DINSGF;Früheres Bundesgebiet / Neue Länder;DF;Früheres Bundesgebiet;WZ08C7;WZ2008 (ausgewählte Positionen): Tarifindex;WZ08-B-14;Kohlenbergbau, Gewinnung von Erdöl und Erdgas;98,2;2020=100;VST072;Index d.tarifl. Stundenverdienste mit Sonderzahl.
62221;Vj. Index der Tarifverdienste und Arbeitszeiten;JAHR;Jahr;2019;DINSGF;Früheres Bundesgebiet / Neue Länder;DF;Früheres Bundesgebiet;WZ08C7;WZ2008 (ausgewählte Positionen): Tarifindex;WZ08-B-14;Kohlenbergbau, Gewinnung von Erdöl und Erdgas;98,2;2020=100;VST073;Index d.tarifl. Monatsverdienste mit Sonderzahl.
62221;Vj. Index der Tarifverdienste und Arbeitszeiten;JAHR;Jahr;2019;DINSGF;Früheres Bundesgebiet / Neue Länder;DF;Früheres Bundesgebiet;WZ08C7;WZ2008 (ausgewählte Positionen): Tarifindex;WZ08-B-14;Kohlenbergbau, Gewinnung von Erdöl und Erdgas;39,6;h;VST019;Durchschnittliche tarifliche Wochenarbeitszeit
62221;Vj. Index der Tarifverdienste und Arbeitszeiten;JAHR;Jahr;2019;DINSGF;Früheres Bundesgebiet / Neue Länder;DF;Früheres Bundesgebiet;WZ08C7;WZ2008 (ausgewählte Positionen): Tarifindex;WZ08-B-14;Kohlenbergbau, Gewinnung von Erdöl und Erdgas;98,9;2020=100;VST066;Index d.tarifl. Monatsverdienste ohne Sonderzahl.
62221;Vj. Index der Tarifverdienste und Arbeitszeiten;JAHR;Jahr;2019;DINSGF;Früheres Bundesgebiet / Neue Länder;DF;Früheres Bundesgebiet;WZ08C7;WZ2008 (ausgewählte Positionen): Tarifindex;WZ08-B-14;Kohlenbergbau, Gewinnung von Erdöl und Erdgas;100,0;2020=100;VST018;Index der tariflichen Wochenarbeitszeit
62221;Vj. Index der Tarifverdienste und Arbeitszeiten;JAHR;Jahr;2019;DINSGF;Früheres Bundesgebiet / Neue Länder;DF;Früheres Bundesgebiet;WZ08C7;WZ2008 (ausgewählte Positionen): Tarifindex;WZ08-B-14;Kohlenbergbau, Gewinnung von Erdöl und Erdgas;98,9;2020=100;VST065;Index d.tarifl. Stundenverdienste ohne Sonderzahl.
62221;Vj. Index der Tarifverdienste und Arbeitszeiten;JAHR;Jahr;2020;DINSGF;Früheres Bundesgebiet / Neue Länder;DN;Neue Länder;WZ08C7;WZ2008 (ausgewählte Positionen): Tarifindex;WZ08-B-13;Prod. Gewerbe, Handel, Information u.Kommunikation;100,0;2020=100;VST072;Index d.tarifl. Stundenverdienste mit Sonderzahl.
62221;Vj. Index der Tarifverdienste und Arbeitszeiten;JAHR;Jahr;2020;DINSGF;Früheres Bundesgebiet / Neue Länder;DN;Neue Länder;WZ08C7;WZ2008 (ausgewählte Positionen): Tarifindex;WZ08-B-13;Prod. Gewerbe, Handel, Information u.Kommunikation;100,0;2020=100;VST073;Index d.tarifl. Monatsverdienste mit Sonderzahl.
62221;Vj. Index der Tarifverdienste und Arbeitszeiten;JAHR;Jahr;2020;DINSGF;Früheres Bundesgebiet / Neue Länder;DN;Neue Länder;WZ08C7;WZ2008 (ausgewählte Positionen): Tarifindex;WZ08-B-13;Prod. Gewerbe, Handel, Information u.Kommunikation;38,5;h;VST019;Durchschnittliche tarifliche Wochenarbeitszeit
62221;Vj. Index der Tarifverdienste und Arbeitszeiten;JAHR;Jahr;2020;DINSGF;Früheres Bundesgebiet / Neue Länder;DN;Neue Länder;WZ08C7;WZ2008 (ausgewählte Positionen): Tarifindex;WZ08-B-13;Prod. Gewerbe, Handel, Information u.Kommunikation;100,0;2020=100;VST066;Index d.tarifl. Monatsverdienste ohne Sonderzahl.
62221;Vj. Index der Tarifverdienste und Arbeitszeiten;JAHR;Jahr;2020;DINSGF;Früheres Bundesgebiet / Neue Länder;DN;Neue Länder;WZ08C7;WZ2008 (ausgewählte Positionen): Tarifindex;WZ08-B-13;Prod. Gewerbe, Handel, Information u.Kommunikation;100,0;2020=100;VST018;Index der tariflichen Wochenarbeitszeit
62221;Vj. Index der Tarifverdienste und Arbeitszeiten;JAHR;Jahr;2020;DINSGF;Früheres Bundesgebiet / Neue Länder;DN;Neue Länder;WZ08C7;WZ2008 (ausgewählte Positionen): Tarifindex;WZ08-B-13;Prod. Gewerbe, Handel, Information u.Kommunikation;100,0;2020=100;VST065;Index d.tarifl. Stundenverdienste ohne Sonderzahl.
62221;Vj. Index der Tarifverdienste und Arbeitszeiten;JAHR;Jahr;2016;DINSGF;Früheres Bundesgebiet / Neue Länder;DN;Neue Länder;WZ08C7;WZ2008 (ausgewählte Positionen): Tarifindex;WZ08-69-02;Rechts- und Steuerberatung, Unternehmensberatung;90,1;2020=100;VST072;Index d.tarifl. Stundenverdienste mit Sonderzahl.
62221;Vj. Index der Tarifverdienste und Arbeitszeiten;JAHR;Jahr;2016;DINSGF;Früheres Bundesgebiet / Neue Länder;DN;Neue Länder;WZ08C7;WZ2008 (ausgewählte Positionen): Tarifindex;WZ08-69-02;Rechts- und Steuerberatung, Unternehmensberatung;90,4;2020=100;VST073;Index d.tarifl. Monatsverdienste mit Sonderzahl.
62221;Vj. Index der Tarifverdienste und Arbeitszeiten;JAHR;Jahr;2016;DINSGF;Früheres Bundesgebiet / Neue Länder;DN;Neue Länder;WZ08C7;WZ2008 (ausgewählte Positionen): Tarifindex;WZ08-69-02;Rechts- und Steuerberatung, Unternehmensberatung;38,6;h;VST019;Durchschnittliche tarifliche Wochenarbeitszeit
62221;Vj. Index der Tarifverdienste und Arbeitszeiten;JAHR;Jahr;2016;DINSGF;Früheres Bundesgebiet / Neue Länder;DN;Neue Länder;WZ08C7;WZ2008 (ausgewählte Positionen): Tarifindex;WZ08-69-02;Rechts- und Steuerberatung, Unternehmensberatung;90,6;2020=100;VST066;Index d.tarifl. Monatsverdienste ohne Sonderzahl.
62221;Vj. Index der Tarifverdienste und Arbeitszeiten;JAHR;Jahr;2016;DINSGF;Früheres Bundesgebiet / Neue Länder;DN;Neue Länder;WZ08C7;WZ2008 (ausgewählte Positionen): Tarifindex;WZ08-69-02;Rechts- und Steuerberatung, Unternehmensberatung;100,2;2020=100;VST018;Index der tariflichen Wochenarbeitszeit
62221;Vj. Index der Tarifverdienste und Arbeitszeiten;JAHR;Jahr;2016;DINSGF;Früheres Bundesgebiet / Neue Länder;DN;Neue Länder;WZ08C7;WZ2008 (ausgewählte Positionen): Tarifindex;WZ08-69-02;Rechts- und Steuerberatung, Unternehmensberatung;90,3;2020=100;VST065;Index d.tarifl. Stundenverdienste ohne Sonderzahl.
62221;Vj. Index der Tarifverdienste und Arbeitszeiten;JAHR;Jahr;2020;DINSGF;Früheres Bundesgebiet / Neue Länder;DF;Früheres Bundesgebiet;WZ08C7;WZ2008 (ausgewählte Positionen): Tarifindex;WZ08-H;Verkehr und Lagerei;100,0;2020=100;VST072;Index d.tarifl. Stundenverdienste mit Sonderzahl.
62221;Vj. Index der Tarifverdienste und Arbeitszeiten;JAHR;Jahr;2020;DINSGF;Früheres Bundesgebiet / Neue Länder;DF;Früheres Bundesgebiet;WZ08C7;WZ2008 (ausgewählte Positionen): Tarifindex;WZ08-H;Verkehr und Lagerei;100,0;2020=100;VST073;Index d.tarifl. Monatsverdienste mit Sonderzahl.
62221;Vj. Index der Tarifverdienste und Arbeitszeiten;JAHR;Jahr;2020;DINSGF;Früheres Bundesgebiet / Neue Länder;DF;Früheres Bundesgebiet;WZ08C7;WZ2008 (ausgewählte Positionen): Tarifindex;WZ08-H;Verkehr und Lagerei;39,0;h;VST019;Durchschnittliche tarifliche Wochenarbeitszeit
62221;Vj. Index der Tarifverdienste und Arbeitszeiten;JAHR;Jahr;2020;DINSGF;Früheres Bundesgebiet / Neue Länder;DF;Früheres Bundesgebiet;WZ08C7;WZ2008 (ausgewählte Positionen): Tarifindex;WZ08-H;Verkehr und Lagerei;100,0;2020=100;VST066;Index d.tarifl. Monatsverdienste ohne Sonderzahl.
62221;Vj. Index der Tarifverdienste und Arbeitszeiten;JAHR;Jahr;2020;DINSGF;Früheres Bundesgebiet / Neue Länder;DF;Früheres Bundesgebiet;WZ08C7;WZ2008 (ausgewählte Positionen): Tarifindex;WZ08-H;Verkehr und Lagerei;100,0;2020=100;VST018;Index der tariflichen Wochenarbeitszeit
62221;Vj. Index der Tarifverdienste und Arbeitszeiten;JAHR;Jahr;2020;DINSGF;Früheres Bundesgebiet / Neue Länder;DF;Früheres Bundesgebiet;WZ08C7;WZ2008 (ausgewählte Positionen): Tarifindex;WZ08-H;Verkehr und Lagerei;100,0;2020=100;VST065;Index d.tarifl. Stundenverdienste ohne Sonderzahl.
62221;Vj. Index der Tarifverdienste und Arbeitszeiten;JAHR;Jahr;2019;DINSGF;Früheres Bundesgebiet / Neue Länder;DN;Neue Länder;WZ08C7;WZ2008 (ausgewählte Positionen): Tarifindex;WZ08-33;Reparatur u.Installation von Masch.u.Ausrüstungen;99,3;2020=100;VST072;Index d.tarifl. Stundenverdienste mit Sonderzahl.
62221;Vj. Index der Tarifverdienste und Arbeitszeiten;JAHR;Jahr;2019;DINSGF;Früheres Bundesgebiet / Neue Länder;DN;Neue Länder;WZ08C7;WZ2008 (ausgewählte Positionen): Tarifindex;WZ08-33;Reparatur u.Installation von Masch.u.Ausrüstungen;99,4;2020=100;VST073;Index d.tarifl. Monatsverdienste mit Sonderzahl.
62221;Vj. Index der Tarifverdienste und Arbeitszeiten;JAHR;Jahr;2019;DINSGF;Früheres Bundesgebiet / Neue Länder;DN;Neue Länder;WZ08C7;WZ2008 (ausgewählte Positionen): Tarifindex;WZ08-33;Reparatur u.Installation von Masch.u.Ausrüstungen;38,4;h;VST019;Durchschnittliche tarifliche Wochenarbeitszeit
62221;Vj. Index der Tarifverdienste und Arbeitszeiten;JAHR;Jahr;2019;DINSGF;Früheres Bundesgebiet / Neue Länder;DN;Neue Länder;WZ08C7;WZ2008 (ausgewählte Positionen): Tarifindex;WZ08-33;Reparatur u.Installation von Masch.u.Ausrüstungen;98,9;2020=100;VST066;Index d.tarifl. Monatsverdienste ohne Sonderzahl.
62221;Vj. Index der Tarifverdienste und Arbeitszeiten;JAHR;Jahr;2019;DINSGF;Früheres Bundesgebiet / Neue Länder;DN;Neue Länder;WZ08C7;WZ2008 (ausgewählte Positionen): Tarifindex;WZ08-33;Reparatur u.Installation von Masch.u.Ausrüstungen;100,0;2020=100;VST018;Index der tariflichen Wochenarbeitszeit
62221;Vj. Index der Tarifverdienste und Arbeitszeiten;JAHR;Jahr;2019;DINSGF;Früheres Bundesgebiet / Neue Länder;DN;Neue Länder;WZ08C7;WZ2008 (ausgewählte Positionen): Tarifindex;WZ08-33;Reparatur u.Installation von Masch.u.Ausrüstungen;99,0;2020=100;VST065;Index d.tarifl. Stundenverdienste ohne Sonderzahl.
62221;Vj. Index der Tarifverdienste und Arbeitszeiten;JAHR;Jahr;2020;DINSGF;Früheres Bundesgebiet / Neue Länder;DF;Früheres Bundesgebiet;WZ08C7;WZ2008 (ausgewählte Positionen): Tarifindex;WZ08-B;Bergbau und Gewinnung von Steinen und Erden;100,0;2020=100;VST072;Index d.tarifl. Stundenverdienste mit Sonderzahl.
62221;Vj. Index der Tarifverdienste und Arbeitszeiten;JAHR;Jahr;2020;DINSGF;Früheres Bundesgebiet / Neue Länder;DF;Früheres Bundesgebiet;WZ08C7;WZ2008 (ausgewählte Positionen): Tarifindex;WZ08-B;Bergbau und Gewinnung von Steinen und Erden;100,0;2020=100;VST073;Index d.tarifl. Monatsverdienste mit Sonderzahl.
62221;Vj. Index der Tarifverdienste und Arbeitszeiten;JAHR;Jahr;2020;DINSGF;Früheres Bundesgebiet / Neue Länder;DF;Früheres Bundesgebiet;WZ08C7;WZ2008 (ausgewählte Positionen): Tarifindex;WZ08-B;Bergbau und Gewinnung von Steinen und Erden;38,6;h;VST019;Durchschnittliche tarifliche Wochenarbeitszeit
62221;Vj. Index der Tarifverdienste und Arbeitszeiten;JAHR;Jahr;2020;DINSGF;Früheres Bundesgebiet / Neue Länder;DF;Früheres Bundesgebiet;WZ08C7;WZ2008 (ausgewählte Positionen): Tarifindex;WZ08-B;Bergbau und Gewinnung von Steinen und Erden;100,0;2020=100;VST066;Index d.tarifl. Monatsverdienste ohne Sonderzahl.
62221;Vj. Index der Tarifverdienste und Arbeitszeiten;JAHR;Jahr;2020;DINSGF;Früheres Bundesgebiet / Neue Länder;DF;Früheres Bundesgebiet;WZ08C7;WZ2008 (ausgewählte Positionen): Tarifindex;WZ08-B;Bergbau und Gewinnung von Steinen und Erden;100,0;2020=100;VST018;Index der tariflichen Wochenarbeitszeit
62221;Vj. Index der Tarifverdienste und Arbeitszeiten;JAHR;Jahr;2020;DINSGF;Früheres Bundesgebiet / Neue Länder;DF;Früheres Bundesgebiet;WZ08C7;WZ2008 (ausgewählte Positionen): Tarifindex;WZ08-B;Bergbau und Gewinnung von Steinen und Erden;100,0;2020=100;VST065;Index d.tarifl. Stundenverdienste ohne Sonderzahl.
62221;Vj. Index der Tarifverdienste und Arbeitszeiten;JAHR;Jahr;2016;DINSGF;Früheres Bundesgebiet / Neue Länder;DN;Neue Länder;WZ08C7;WZ2008 (ausgewählte Positionen): Tarifindex;WZ08-62;Dienstleistungen der Informationstechnologie;91,0;2020=100;VST072;Index d.tarifl. Stundenverdienste mit Sonderzahl.
62221;Vj. Index der Tarifverdienste und Arbeitszeiten;JAHR;Jahr;2016;DINSGF;Früheres Bundesgebiet / Neue Länder;DN;Neue Länder;WZ08C7;WZ2008 (ausgewählte Positionen): Tarifindex;WZ08-62;Dienstleistungen der Informationstechnologie;91,1;2020=100;VST073;Index d.tarifl. Monatsverdienste mit Sonderzahl.
62221;Vj. Index der Tarifverdienste und Arbeitszeiten;JAHR;Jahr;2016;DINSGF;Früheres Bundesgebiet / Neue Länder;DN;Neue Länder;WZ08C7;WZ2008 (ausgewählte Positionen): Tarifindex;WZ08-62;Dienstleistungen der Informationstechnologie;38,6;h;VST019;Durchschnittliche tarifliche Wochenarbeitszeit
62221;Vj. Index der Tarifverdienste und Arbeitszeiten;JAHR;Jahr;2016;DINSGF;Früheres Bundesgebiet / Neue Länder;DN;Neue Länder;WZ08C7;WZ2008 (ausgewählte Positionen): Tarifindex;WZ08-62;Dienstleistungen der Informationstechnologie;90,9;2020=100;VST066;Index d.tarifl. Monatsverdienste ohne Sonderzahl.
62221;Vj. Index der Tarifverdienste und Arbeitszeiten;JAHR;Jahr;2016;DINSGF;Früheres Bundesgebiet / Neue Länder;DN;Neue Länder;WZ08C7;WZ2008 (ausgewählte Positionen): Tarifindex;WZ08-62;Dienstleistungen der Informationstechnologie;100,1;2020=100;VST018;Index der tariflichen Wochenarbeitszeit
62221;Vj. Index der Tarifverdienste und Arbeitszeiten;JAHR;Jahr;2016;DINSGF;Früheres Bundesgebiet / Neue Länder;DN;Neue Länder;WZ08C7;WZ2008 (ausgewählte Positionen): Tarifindex;WZ08-62;Dienstleistungen der Informationstechnologie;90,7;2020=100;VST065;Index d.tarifl. Stundenverdienste ohne Sonderzahl.
62221;Vj. Index der Tarifverdienste und Arbeitszeiten;JAHR;Jahr;2017;DINSGF;Früheres Bundesgebiet / Neue Länder;DN;Neue Länder;WZ08C7;WZ2008 (ausgewählte Positionen): Tarifindex;WZ08-12;Tabakverarbeitung;93,5;2020=100;VST072;Index d.tarifl. Stundenverdienste mit Sonderzahl.
62221;Vj. Index der Tarifverdienste und Arbeitszeiten;JAHR;Jahr;2017;DINSGF;Früheres Bundesgebiet / Neue Länder;DN;Neue Länder;WZ08C7;WZ2008 (ausgewählte Positionen): Tarifindex;WZ08-12;Tabakverarbeitung;93,5;2020=100;VST073;Index d.tarifl. Monatsverdienste mit Sonderzahl.
62221;Vj. Index der Tarifverdienste und Arbeitszeiten;JAHR;Jahr;2017;DINSGF;Früheres Bundesgebiet / Neue Länder;DN;Neue Länder;WZ08C7;WZ2008 (ausgewählte Positionen): Tarifindex;WZ08-12;Tabakverarbeitung;37,9;h;VST019;Durchschnittliche tarifliche Wochenarbeitszeit
62221;Vj. Index der Tarifverdienste und Arbeitszeiten;JAHR;Jahr;2017;DINSGF;Früheres Bundesgebiet / Neue Länder;DN;Neue Länder;WZ08C7;WZ2008 (ausgewählte Positionen): Tarifindex;WZ08-12;Tabakverarbeitung;92,8;2020=100;VST066;Index d.tarifl. Monatsverdienste ohne Sonderzahl.
62221;Vj. Index der Tarifverdienste und Arbeitszeiten;JAHR;Jahr;2017;DINSGF;Früheres Bundesgebiet / Neue Länder;DN;Neue Länder;WZ08C7;WZ2008 (ausgewählte Positionen): Tarifindex;WZ08-12;Tabakverarbeitung;100,0;2020=100;VST018;Index der tariflichen Wochenarbeitszeit
62221;Vj. Index der Tarifverdienste und Arbeitszeiten;JAHR;Jahr;2017;DINSGF;Früheres Bundesgebiet / Neue Länder;DN;Neue Länder;WZ08C7;WZ2008 (ausgewählte Positionen): Tarifindex;WZ08-12;Tabakverarbeitung;92,8;2020=100;VST065;Index d.tarifl. Stundenverdienste ohne Sonderzahl.
62221;Vj. Index der Tarifverdienste und Arbeitszeiten;JAHR;Jahr;2023;DINSGF;Früheres Bundesgebiet / Neue Länder;DF;Früheres Bundesgebiet;WZ08C7;WZ2008 (ausgewählte Positionen): Tarifindex;WZ-X002;Investitionsgüterproduzenten;107,7;2020=100;VST072;Index d.tarifl. Stundenverdienste mit Sonderzahl.
62221;Vj. Index der Tarifverdienste und Arbeitszeiten;JAHR;Jahr;2023;DINSGF;Früheres Bundesgebiet / Neue Länder;DF;Früheres Bundesgebiet;WZ08C7;WZ2008 (ausgewählte Positionen): Tarifindex;WZ-X002;Investitionsgüterproduzenten;107,7;2020=100;VST073;Index d.tarifl. Monatsverdienste mit Sonderzahl.
62221;Vj. Index der Tarifverdienste und Arbeitszeiten;JAHR;Jahr;2023;DINSGF;Früheres Bundesgebiet / Neue Länder;DF;Früheres Bundesgebiet;WZ08C7;WZ2008 (ausgewählte Positionen): Tarifindex;WZ-X002;Investitionsgüterproduzenten;35,2;h;VST019;Durchschnittliche tarifliche Wochenarbeitszeit
62221;Vj. Index der Tarifverdienste und Arbeitszeiten;JAHR;Jahr;2023;DINSGF;Früheres Bundesgebiet / Neue Länder;DF;Früheres Bundesgebiet;WZ08C7;WZ2008 (ausgewählte Positionen): Tarifindex;WZ-X002;Investitionsgüterproduzenten;103,5;2020=100;VST066;Index d.tarifl. Monatsverdienste ohne Sonderzahl.
62221;Vj. Index der Tarifverdienste und Arbeitszeiten;JAHR;Jahr;2023;DINSGF;Früheres Bundesgebiet / Neue Länder;DF;Früheres Bundesgebiet;WZ08C7;WZ2008 (ausgewählte Positionen): Tarifindex;WZ-X002;Investitionsgüterproduzenten;100,0;2020=100;VST018;Index der tariflichen Wochenarbeitszeit
62221;Vj. Index der Tarifverdienste und Arbeitszeiten;JAHR;Jahr;2023;DINSGF;Früheres Bundesgebiet / Neue Länder;DF;Früheres Bundesgebiet;WZ08C7;WZ2008 (ausgewählte Positionen): Tarifindex;WZ-X002;Investitionsgüterproduzenten;103,5;2020=100;VST065;Index d.tarifl. Stundenverdienste ohne Sonderzahl.
62221;Vj. Index der Tarifverdienste und Arbeitszeiten;JAHR;Jahr;2018;DINSGF;Früheres Bundesgebiet / Neue Länder;DN;Neue Länder;WZ08C7;WZ2008 (ausgewählte Positionen): Tarifindex;WZ08-O-01;Öffentliche und persönliche Dienstleistungen;94,2;2020=100;VST072;Index d.tarifl. Stundenverdienste mit Sonderzahl.
62221;Vj. Index der Tarifverdienste und Arbeitszeiten;JAHR;Jahr;2018;DINSGF;Früheres Bundesgebiet / Neue Länder;DN;Neue Länder;WZ08C7;WZ2008 (ausgewählte Positionen): Tarifindex;WZ08-O-01;Öffentliche und persönliche Dienstleistungen;94,2;2020=100;VST073;Index d.tarifl. Monatsverdienste mit Sonderzahl.
62221;Vj. Index der Tarifverdienste und Arbeitszeiten;JAHR;Jahr;2018;DINSGF;Früheres Bundesgebiet / Neue Länder;DN;Neue Länder;WZ08C7;WZ2008 (ausgewählte Positionen): Tarifindex;WZ08-O-01;Öffentliche und persönliche Dienstleistungen;39,5;h;VST019;Durchschnittliche tarifliche Wochenarbeitszeit
62221;Vj. Index der Tarifverdienste und Arbeitszeiten;JAHR;Jahr;2018;DINSGF;Früheres Bundesgebiet / Neue Länder;DN;Neue Länder;WZ08C7;WZ2008 (ausgewählte Positionen): Tarifindex;WZ08-O-01;Öffentliche und persönliche Dienstleistungen;93,8;2020=100;VST066;Index d.tarifl. Monatsverdienste ohne Sonderzahl.
62221;Vj. Index der Tarifverdienste und Arbeitszeiten;JAHR;Jahr;2018;DINSGF;Früheres Bundesgebiet / Neue Länder;DN;Neue Länder;WZ08C7;WZ2008 (ausgewählte Positionen): Tarifindex;WZ08-O-01;Öffentliche und persönliche Dienstleistungen;100,0;2020=100;VST018;Index der tariflichen Wochenarbeitszeit
62221;Vj. Index der Tarifverdienste und Arbeitszeiten;JAHR;Jahr;2018;DINSGF;Früheres Bundesgebiet / Neue Länder;DN;Neue Länder;WZ08C7;WZ2008 (ausgewählte Positionen): Tarifindex;WZ08-O-01;Öffentliche und persönliche Dienstleistungen;93,8;2020=100;VST065;Index d.tarifl. Stundenverdienste ohne Sonderzahl.
62221;Vj. Index der Tarifverdienste und Arbeitszeiten;JAHR;Jahr;2024;DINSGF;Früheres Bundesgebiet / Neue Länder;DN;Neue Länder;WZ08C7;WZ2008 (ausgewählte Positionen): Tarifindex;WZ08-85;Erziehung und Unterricht;110,1;2020=100;VST072;Index d.tarifl. Stundenverdienste mit Sonderzahl.
62221;Vj. Index der Tarifverdienste und Arbeitszeiten;JAHR;Jahr;2024;DINSGF;Früheres Bundesgebiet / Neue Länder;DN;Neue Länder;WZ08C7;WZ2008 (ausgewählte Positionen): Tarifindex;WZ08-85;Erziehung und Unterricht;110,1;2020=100;VST073;Index d.tarifl. Monatsverdienste mit Sonderzahl.
62221;Vj. Index der Tarifverdienste und Arbeitszeiten;JAHR;Jahr;2024;DINSGF;Früheres Bundesgebiet / Neue Länder;DN;Neue Länder;WZ08C7;WZ2008 (ausgewählte Positionen): Tarifindex;WZ08-85;Erziehung und Unterricht;39,7;h;VST019;Durchschnittliche tarifliche Wochenarbeitszeit
62221;Vj. Index der Tarifverdienste und Arbeitszeiten;JAHR;Jahr;2024;DINSGF;Früheres Bundesgebiet / Neue Länder;DN;Neue Länder;WZ08C7;WZ2008 (ausgewählte Positionen): Tarifindex;WZ08-85;Erziehung und Unterricht;107,4;2020=100;VST066;Index d.tarifl. Monatsverdienste ohne Sonderzahl.
62221;Vj. Index der Tarifverdienste und Arbeitszeiten;JAHR;Jahr;2024;DINSGF;Früheres Bundesgebiet / Neue Länder;DN;Neue Länder;WZ08C7;WZ2008 (ausgewählte Positionen): Tarifindex;WZ08-85;Erziehung und Unterricht;100,0;2020=100;VST018;Index der tariflichen Wochenarbeitszeit
62221;Vj. Index der Tarifverdienste und Arbeitszeiten;JAHR;Jahr;2024;DINSGF;Früheres Bundesgebiet / Neue Länder;DN;Neue Länder;WZ08C7;WZ2008 (ausgewählte Positionen): Tarifindex;WZ08-85;Erziehung und Unterricht;107,4;2020=100;VST065;Index d.tarifl. Stundenverdienste ohne Sonderzahl.
62221;Vj. Index der Tarifverdienste und Arbeitszeiten;JAHR;Jahr;2021;DINSGF;Früheres Bundesgebiet / Neue Länder;DN;Neue Länder;WZ08C7;WZ2008 (ausgewählte Positionen): Tarifindex;WZ08-35;Energieversorgung;102,5;2020=100;VST072;Index d.tarifl. Stundenverdienste mit Sonderzahl.
62221;Vj. Index der Tarifverdienste und Arbeitszeiten;JAHR;Jahr;2021;DINSGF;Früheres Bundesgebiet / Neue Länder;DN;Neue Länder;WZ08C7;WZ2008 (ausgewählte Positionen): Tarifindex;WZ08-35;Energieversorgung;102,4;2020=100;VST073;Index d.tarifl. Monatsverdienste mit Sonderzahl.
62221;Vj. Index der Tarifverdienste und Arbeitszeiten;JAHR;Jahr;2021;DINSGF;Früheres Bundesgebiet / Neue Länder;DN;Neue Länder;WZ08C7;WZ2008 (ausgewählte Positionen): Tarifindex;WZ08-35;Energieversorgung;38,1;h;VST019;Durchschnittliche tarifliche Wochenarbeitszeit
62221;Vj. Index der Tarifverdienste und Arbeitszeiten;JAHR;Jahr;2021;DINSGF;Früheres Bundesgebiet / Neue Länder;DN;Neue Länder;WZ08C7;WZ2008 (ausgewählte Positionen): Tarifindex;WZ08-35;Energieversorgung;102,3;2020=100;VST066;Index d.tarifl. Monatsverdienste ohne Sonderzahl.
62221;Vj. Index der Tarifverdienste und Arbeitszeiten;JAHR;Jahr;2021;DINSGF;Früheres Bundesgebiet / Neue Länder;DN;Neue Länder;WZ08C7;WZ2008 (ausgewählte Positionen): Tarifindex;WZ08-35;Energieversorgung;100,0;2020=100;VST018;Index der tariflichen Wochenarbeitszeit
62221;Vj. Index der Tarifverdienste und Arbeitszeiten;JAHR;Jahr;2021;DINSGF;Früheres Bundesgebiet / Neue Länder;DN;Neue Länder;WZ08C7;WZ2008 (ausgewählte Positionen): Tarifindex;WZ08-35;Energieversorgung;102,4;2020=100;VST065;Index d.tarifl. Stundenverdienste ohne Sonderzahl.
62221;Vj. Index der Tarifverdienste und Arbeitszeiten;JAHR;Jahr;2021;DINSGF;Früheres Bundesgebiet / Neue Länder;DN;Neue Länder;WZ08C7;WZ2008 (ausgewählte Positionen): Tarifindex;WZ08-B-05;Produzierendes Gewerbe;101,8;2020=100;VST072;Index d.tarifl. Stundenverdienste mit Sonderzahl.
62221;Vj. Index der Tarifverdienste und Arbeitszeiten;JAHR;Jahr;2021;DINSGF;Früheres Bundesgebiet / Neue Länder;DN;Neue Länder;WZ08C7;WZ2008 (ausgewählte Positionen): Tarifindex;WZ08-B-05;Produzierendes Gewerbe;101,7;2020=100;VST073;Index d.tarifl. Monatsverdienste mit Sonderzahl.
62221;Vj. Index der Tarifverdienste und Arbeitszeiten;JAHR;Jahr;2021;DINSGF;Früheres Bundesgebiet / Neue Länder;DN;Neue Länder;WZ08C7;WZ2008 (ausgewählte Positionen): Tarifindex;WZ08-B-05;Produzierendes Gewerbe;38,6;h;VST019;Durchschnittliche tarifliche Wochenarbeitszeit
62221;Vj. Index der Tarifverdienste und Arbeitszeiten;JAHR;Jahr;2021;DINSGF;Früheres Bundesgebiet / Neue Länder;DN;Neue Länder;WZ08C7;WZ2008 (ausgewählte Positionen): Tarifindex;WZ08-B-05;Produzierendes Gewerbe;101,4;2020=100;VST066;Index d.tarifl. Monatsverdienste ohne Sonderzahl.
62221;Vj. Index der Tarifverdienste und Arbeitszeiten;JAHR;Jahr;2021;DINSGF;Früheres Bundesgebiet / Neue Länder;DN;Neue Länder;WZ08C7;WZ2008 (ausgewählte Positionen): Tarifindex;WZ08-B-05;Produzierendes Gewerbe;99,9;2020=100;VST018;Index der tariflichen Wochenarbeitszeit
62221;Vj. Index der Tarifverdienste und Arbeitszeiten;JAHR;Jahr;2021;DINSGF;Früheres Bundesgebiet / Neue Länder;DN;Neue Länder;WZ08C7;WZ2008 (ausgewählte Positionen): Tarifindex;WZ08-B-05;Produzierendes Gewerbe;101,6;2020=100;VST065;Index d.tarifl. Stundenverdienste ohne Sonderzahl.
62221;Vj. Index der Tarifverdienste und Arbeitszeiten;JAHR;Jahr;2017;DINSGF;Früheres Bundesgebiet / Neue Länder;DN;Neue Länder;WZ08C7;WZ2008 (ausgewählte Positionen): Tarifindex;WZ08-18;H.v. Druckerz., Vervielf.v.Ton-,Bild-,Datenträgern;96,0;2020=100;VST072;Index d.tarifl. Stundenverdienste mit Sonderzahl.
62221;Vj. Index der Tarifverdienste und Arbeitszeiten;JAHR;Jahr;2017;DINSGF;Früheres Bundesgebiet / Neue Länder;DN;Neue Länder;WZ08C7;WZ2008 (ausgewählte Positionen): Tarifindex;WZ08-18;H.v. Druckerz., Vervielf.v.Ton-,Bild-,Datenträgern;96,0;2020=100;VST073;Index d.tarifl. Monatsverdienste mit Sonderzahl.
62221;Vj. Index der Tarifverdienste und Arbeitszeiten;JAHR;Jahr;2017;DINSGF;Früheres Bundesgebiet / Neue Länder;DN;Neue Länder;WZ08C7;WZ2008 (ausgewählte Positionen): Tarifindex;WZ08-18;H.v. Druckerz., Vervielf.v.Ton-,Bild-,Datenträgern;38,0;h;VST019;Durchschnittliche tarifliche Wochenarbeitszeit
62221;Vj. Index der Tarifverdienste und Arbeitszeiten;JAHR;Jahr;2017;DINSGF;Früheres Bundesgebiet / Neue Länder;DN;Neue Länder;WZ08C7;WZ2008 (ausgewählte Positionen): Tarifindex;WZ08-18;H.v. Druckerz., Vervielf.v.Ton-,Bild-,Datenträgern;96,0;2020=100;VST066;Index d.tarifl. Monatsverdienste ohne Sonderzahl.
62221;Vj. Index der Tarifverdienste und Arbeitszeiten;JAHR;Jahr;2017;DINSGF;Früheres Bundesgebiet / Neue Länder;DN;Neue Länder;WZ08C7;WZ2008 (ausgewählte Positionen): Tarifindex;WZ08-18;H.v. Druckerz., Vervielf.v.Ton-,Bild-,Datenträgern;100,0;2020=100;VST018;Index der tariflichen Wochenarbeitszeit
62221;Vj. Index der Tarifverdienste und Arbeitszeiten;JAHR;Jahr;2017;DINSGF;Früheres Bundesgebiet / Neue Länder;DN;Neue Länder;WZ08C7;WZ2008 (ausgewählte Positionen): Tarifindex;WZ08-18;H.v. Druckerz., Vervielf.v.Ton-,Bild-,Datenträgern;96,0;2020=100;VST065;Index d.tarifl. Stundenverdienste ohne Sonderzahl.
62221;Vj. Index der Tarifverdienste und Arbeitszeiten;JAHR;Jahr;2021;DINSGF;Früheres Bundesgebiet / Neue Länder;DN;Neue Länder;WZ08C7;WZ2008 (ausgewählte Positionen): Tarifindex;WZ08-B-14;Kohlenbergbau, Gewinnung von Erdöl und Erdgas;101,2;2020=100;VST072;Index d.tarifl. Stundenverdienste mit Sonderzahl.
62221;Vj. Index der Tarifverdienste und Arbeitszeiten;JAHR;Jahr;2021;DINSGF;Früheres Bundesgebiet / Neue Länder;DN;Neue Länder;WZ08C7;WZ2008 (ausgewählte Positionen): Tarifindex;WZ08-B-14;Kohlenbergbau, Gewinnung von Erdöl und Erdgas;101,2;2020=100;VST073;Index d.tarifl. Monatsverdienste mit Sonderzahl.
62221;Vj. Index der Tarifverdienste und Arbeitszeiten;JAHR;Jahr;2021;DINSGF;Früheres Bundesgebiet / Neue Länder;DN;Neue Länder;WZ08C7;WZ2008 (ausgewählte Positionen): Tarifindex;WZ08-B-14;Kohlenbergbau, Gewinnung von Erdöl und Erdgas;37,0;h;VST019;Durchschnittliche tarifliche Wochenarbeitszeit
62221;Vj. Index der Tarifverdienste und Arbeitszeiten;JAHR;Jahr;2021;DINSGF;Früheres Bundesgebiet / Neue Länder;DN;Neue Länder;WZ08C7;WZ2008 (ausgewählte Positionen): Tarifindex;WZ08-B-14;Kohlenbergbau, Gewinnung von Erdöl und Erdgas;101,1;2020=100;VST066;Index d.tarifl. Monatsverdienste ohne Sonderzahl.
62221;Vj. Index der Tarifverdienste und Arbeitszeiten;JAHR;Jahr;2021;DINSGF;Früheres Bundesgebiet / Neue Länder;DN;Neue Länder;WZ08C7;WZ2008 (ausgewählte Positionen): Tarifindex;WZ08-B-14;Kohlenbergbau, Gewinnung von Erdöl und Erdgas;100,0;2020=100;VST018;Index der tariflichen Wochenarbeitszeit
62221;Vj. Index der Tarifverdienste und Arbeitszeiten;JAHR;Jahr;2021;DINSGF;Früheres Bundesgebiet / Neue Länder;DN;Neue Länder;WZ08C7;WZ2008 (ausgewählte Positionen): Tarifindex;WZ08-B-14;Kohlenbergbau, Gewinnung von Erdöl und Erdgas;101,1;2020=100;VST065;Index d.tarifl. Stundenverdienste ohne Sonderzahl.
62221;Vj. Index der Tarifverdienste und Arbeitszeiten;JAHR;Jahr;2016;DINSGF;Früheres Bundesgebiet / Neue Länder;DF;Früheres Bundesgebiet;WZ08C7;WZ2008 (ausgewählte Positionen): Tarifindex;WZ08-25;Herstellung von Metallerzeugnissen;90,4;2020=100;VST072;Index d.tarifl. Stundenverdienste mit Sonderzahl.
62221;Vj. Index der Tarifverdienste und Arbeitszeiten;JAHR;Jahr;2016;DINSGF;Früheres Bundesgebiet / Neue Länder;DF;Früheres Bundesgebiet;WZ08C7;WZ2008 (ausgewählte Positionen): Tarifindex;WZ08-25;Herstellung von Metallerzeugnissen;90,4;2020=100;VST073;Index d.tarifl. Monatsverdienste mit Sonderzahl.
62221;Vj. Index der Tarifverdienste und Arbeitszeiten;JAHR;Jahr;2016;DINSGF;Früheres Bundesgebiet / Neue Länder;DF;Früheres Bundesgebiet;WZ08C7;WZ2008 (ausgewählte Positionen): Tarifindex;WZ08-25;Herstellung von Metallerzeugnissen;35,6;h;VST019;Durchschnittliche tarifliche Wochenarbeitszeit
62221;Vj. Index der Tarifverdienste und Arbeitszeiten;JAHR;Jahr;2016;DINSGF;Früheres Bundesgebiet / Neue Länder;DF;Früheres Bundesgebiet;WZ08C7;WZ2008 (ausgewählte Positionen): Tarifindex;WZ08-25;Herstellung von Metallerzeugnissen;92,5;2020=100;VST066;Index d.tarifl. Monatsverdienste ohne Sonderzahl.
62221;Vj. Index der Tarifverdienste und Arbeitszeiten;JAHR;Jahr;2016;DINSGF;Früheres Bundesgebiet / Neue Länder;DF;Früheres Bundesgebiet;WZ08C7;WZ2008 (ausgewählte Positionen): Tarifindex;WZ08-25;Herstellung von Metallerzeugnissen;100,0;2020=100;VST018;Index der tariflichen Wochenarbeitszeit
62221;Vj. Index der Tarifverdienste und Arbeitszeiten;JAHR;Jahr;2016;DINSGF;Früheres Bundesgebiet / Neue Länder;DF;Früheres Bundesgebiet;WZ08C7;WZ2008 (ausgewählte Positionen): Tarifindex;WZ08-25;Herstellung von Metallerzeugnissen;92,5;2020=100;VST065;Index d.tarifl. Stundenverdienste ohne Sonderzahl.
62221;Vj. Index der Tarifverdienste und Arbeitszeiten;JAHR;Jahr;2020;DINSGF;Früheres Bundesgebiet / Neue Länder;DF;Früheres Bundesgebiet;WZ08C7;WZ2008 (ausgewählte Positionen): Tarifindex;WZ08-85;Erziehung und Unterricht;100,0;2020=100;VST072;Index d.tarifl. Stundenverdienste mit Sonderzahl.
62221;Vj. Index der Tarifverdienste und Arbeitszeiten;JAHR;Jahr;2020;DINSGF;Früheres Bundesgebiet / Neue Länder;DF;Früheres Bundesgebiet;WZ08C7;WZ2008 (ausgewählte Positionen): Tarifindex;WZ08-85;Erziehung und Unterricht;100,0;2020=100;VST073;Index d.tarifl. Monatsverdienste mit Sonderzahl.
62221;Vj. Index der Tarifverdienste und Arbeitszeiten;JAHR;Jahr;2020;DINSGF;Früheres Bundesgebiet / Neue Länder;DF;Früheres Bundesgebiet;WZ08C7;WZ2008 (ausgewählte Positionen): Tarifindex;WZ08-85;Erziehung und Unterricht;40,1;h;VST019;Durchschnittliche tarifliche Wochenarbeitszeit
62221;Vj. Index der Tarifverdienste und Arbeitszeiten;JAHR;Jahr;2020;DINSGF;Früheres Bundesgebiet / Neue Länder;DF;Früheres Bundesgebiet;WZ08C7;WZ2008 (ausgewählte Positionen): Tarifindex;WZ08-85;Erziehung und Unterricht;100,0;2020=100;VST066;Index d.tarifl. Monatsverdienste ohne Sonderzahl.
62221;Vj. Index der Tarifverdienste und Arbeitszeiten;JAHR;Jahr;2020;DINSGF;Früheres Bundesgebiet / Neue Länder;DF;Früheres Bundesgebiet;WZ08C7;WZ2008 (ausgewählte Positionen): Tarifindex;WZ08-85;Erziehung und Unterricht;100,0;2020=100;VST018;Index der tariflichen Wochenarbeitszeit
62221;Vj. Index der Tarifverdienste und Arbeitszeiten;JAHR;Jahr;2020;DINSGF;Früheres Bundesgebiet / Neue Länder;DF;Früheres Bundesgebiet;WZ08C7;WZ2008 (ausgewählte Positionen): Tarifindex;WZ08-85;Erziehung und Unterricht;100,0;2020=100;VST065;Index d.tarifl. Stundenverdienste ohne Sonderzahl.
62221;Vj. Index der Tarifverdienste und Arbeitszeiten;JAHR;Jahr;2025;DINSGF;Früheres Bundesgebiet / Neue Länder;DF;Früheres Bundesgebiet;WZ08C7;WZ2008 (ausgewählte Positionen): Tarifindex;WZ08-C;Verarbeitendes Gewerbe;113,8;2020=100;VST072;Index d.tarifl. Stundenverdienste mit Sonderzahl.
62221;Vj. Index der Tarifverdienste und Arbeitszeiten;JAHR;Jahr;2025;DINSGF;Früheres Bundesgebiet / Neue Länder;DF;Früheres Bundesgebiet;WZ08C7;WZ2008 (ausgewählte Positionen): Tarifindex;WZ08-C;Verarbeitendes Gewerbe;113,8;2020=100;VST073;Index d.tarifl. Monatsverdienste mit Sonderzahl.
62221;Vj. Index der Tarifverdienste und Arbeitszeiten;JAHR;Jahr;2025;DINSGF;Früheres Bundesgebiet / Neue Länder;DF;Früheres Bundesgebiet;WZ08C7;WZ2008 (ausgewählte Positionen): Tarifindex;WZ08-C;Verarbeitendes Gewerbe;36,0;h;VST019;Durchschnittliche tarifliche Wochenarbeitszeit
62221;Vj. Index der Tarifverdienste und Arbeitszeiten;JAHR;Jahr;2025;DINSGF;Früheres Bundesgebiet / Neue Länder;DF;Früheres Bundesgebiet;WZ08C7;WZ2008 (ausgewählte Positionen): Tarifindex;WZ08-C;Verarbeitendes Gewerbe;112,1;2020=100;VST066;Index d.tarifl. Monatsverdienste ohne Sonderzahl.
62221;Vj. Index der Tarifverdienste und Arbeitszeiten;JAHR;Jahr;2025;DINSGF;Früheres Bundesgebiet / Neue Länder;DF;Früheres Bundesgebiet;WZ08C7;WZ2008 (ausgewählte Positionen): Tarifindex;WZ08-C;Verarbeitendes Gewerbe;100,0;2020=100;VST018;Index der tariflichen Wochenarbeitszeit
62221;Vj. Index der Tarifverdienste und Arbeitszeiten;JAHR;Jahr;2025;DINSGF;Früheres Bundesgebiet / Neue Länder;DF;Früheres Bundesgebiet;WZ08C7;WZ2008 (ausgewählte Positionen): Tarifindex;WZ08-C;Verarbeitendes Gewerbe;112,1;2020=100;VST065;Index d.tarifl. Stundenverdienste ohne Sonderzahl.
62221;Vj. Index der Tarifverdienste und Arbeitszeiten;JAHR;Jahr;2023;DINSGF;Früheres Bundesgebiet / Neue Länder;DN;Neue Länder;WZ08C7;WZ2008 (ausgewählte Positionen): Tarifindex;WZ08-493;Sonstige Personenbeförderung im Landverkehr;111,0;2020=100;VST072;Index d.tarifl. Stundenverdienste mit Sonderzahl.
62221;Vj. Index der Tarifverdienste und Arbeitszeiten;JAHR;Jahr;2023;DINSGF;Früheres Bundesgebiet / Neue Länder;DN;Neue Länder;WZ08C7;WZ2008 (ausgewählte Positionen): Tarifindex;WZ08-493;Sonstige Personenbeförderung im Landverkehr;110,8;2020=100;VST073;Index d.tarifl. Monatsverdienste mit Sonderzahl.
62221;Vj. Index der Tarifverdienste und Arbeitszeiten;JAHR;Jahr;2023;DINSGF;Früheres Bundesgebiet / Neue Länder;DN;Neue Länder;WZ08C7;WZ2008 (ausgewählte Positionen): Tarifindex;WZ08-493;Sonstige Personenbeförderung im Landverkehr;39,1;h;VST019;Durchschnittliche tarifliche Wochenarbeitszeit
62221;Vj. Index der Tarifverdienste und Arbeitszeiten;JAHR;Jahr;2023;DINSGF;Früheres Bundesgebiet / Neue Länder;DN;Neue Länder;WZ08C7;WZ2008 (ausgewählte Positionen): Tarifindex;WZ08-493;Sonstige Personenbeförderung im Landverkehr;107,9;2020=100;VST066;Index d.tarifl. Monatsverdienste ohne Sonderzahl.
62221;Vj. Index der Tarifverdienste und Arbeitszeiten;JAHR;Jahr;2023;DINSGF;Früheres Bundesgebiet / Neue Länder;DN;Neue Länder;WZ08C7;WZ2008 (ausgewählte Positionen): Tarifindex;WZ08-493;Sonstige Personenbeförderung im Landverkehr;99,8;2020=100;VST018;Index der tariflichen Wochenarbeitszeit
62221;Vj. Index der Tarifverdienste und Arbeitszeiten;JAHR;Jahr;2023;DINSGF;Früheres Bundesgebiet / Neue Länder;DN;Neue Länder;WZ08C7;WZ2008 (ausgewählte Positionen): Tarifindex;WZ08-493;Sonstige Personenbeförderung im Landverkehr;108,1;2020=100;VST065;Index d.tarifl. Stundenverdienste ohne Sonderzahl.
62221;Vj. Index der Tarifverdienste und Arbeitszeiten;JAHR;Jahr;2021;DINSGF;Früheres Bundesgebiet / Neue Länder;DN;Neue Länder;WZ08C7;WZ2008 (ausgewählte Positionen): Tarifindex;WZ08-08-01;Gewinnung v. Steinen u. Erden, sonst. Bergbau, DL;103,1;2020=100;VST072;Index d.tarifl. Stundenverdienste mit Sonderzahl.
62221;Vj. Index der Tarifverdienste und Arbeitszeiten;JAHR;Jahr;2021;DINSGF;Früheres Bundesgebiet / Neue Länder;DN;Neue Länder;WZ08C7;WZ2008 (ausgewählte Positionen): Tarifindex;WZ08-08-01;Gewinnung v. Steinen u. Erden, sonst. Bergbau, DL;103,1;2020=100;VST073;Index d.tarifl. Monatsverdienste mit Sonderzahl.
62221;Vj. Index der Tarifverdienste und Arbeitszeiten;JAHR;Jahr;2021;DINSGF;Früheres Bundesgebiet / Neue Länder;DN;Neue Länder;WZ08C7;WZ2008 (ausgewählte Positionen): Tarifindex;WZ08-08-01;Gewinnung v. Steinen u. Erden, sonst. Bergbau, DL;39,4;h;VST019;Durchschnittliche tarifliche Wochenarbeitszeit
62221;Vj. Index der Tarifverdienste und Arbeitszeiten;JAHR;Jahr;2021;DINSGF;Früheres Bundesgebiet / Neue Länder;DN;Neue Länder;WZ08C7;WZ2008 (ausgewählte Positionen): Tarifindex;WZ08-08-01;Gewinnung v. Steinen u. Erden, sonst. Bergbau, DL;101,7;2020=100;VST066;Index d.tarifl. Monatsverdienste ohne Sonderzahl.
62221;Vj. Index der Tarifverdienste und Arbeitszeiten;JAHR;Jahr;2021;DINSGF;Früheres Bundesgebiet / Neue Länder;DN;Neue Länder;WZ08C7;WZ2008 (ausgewählte Positionen): Tarifindex;WZ08-08-01;Gewinnung v. Steinen u. Erden, sonst. Bergbau, DL;99,9;2020=100;VST018;Index der tariflichen Wochenarbeitszeit
62221;Vj. Index der Tarifverdienste und Arbeitszeiten;JAHR;Jahr;2021;DINSGF;Früheres Bundesgebiet / Neue Länder;DN;Neue Länder;WZ08C7;WZ2008 (ausgewählte Positionen): Tarifindex;WZ08-08-01;Gewinnung v. Steinen u. Erden, sonst. Bergbau, DL;101,8;2020=100;VST065;Index d.tarifl. Stundenverdienste ohne Sonderzahl.
62221;Vj. Index der Tarifverdienste und Arbeitszeiten;JAHR;Jahr;2025;DINSGF;Früheres Bundesgebiet / Neue Länder;DF;Früheres Bundesgebiet;WZ08C7;WZ2008 (ausgewählte Positionen): Tarifindex;WZ08-71;Architektur-,Ing.büros,techn.,physik.Untersuchung;115,0;2020=100;VST072;Index d.tarifl. Stundenverdienste mit Sonderzahl.
62221;Vj. Index der Tarifverdienste und Arbeitszeiten;JAHR;Jahr;2025;DINSGF;Früheres Bundesgebiet / Neue Länder;DF;Früheres Bundesgebiet;WZ08C7;WZ2008 (ausgewählte Positionen): Tarifindex;WZ08-71;Architektur-,Ing.büros,techn.,physik.Untersuchung;115,0;2020=100;VST073;Index d.tarifl. Monatsverdienste mit Sonderzahl.
62221;Vj. Index der Tarifverdienste und Arbeitszeiten;JAHR;Jahr;2025;DINSGF;Früheres Bundesgebiet / Neue Länder;DF;Früheres Bundesgebiet;WZ08C7;WZ2008 (ausgewählte Positionen): Tarifindex;WZ08-71;Architektur-,Ing.büros,techn.,physik.Untersuchung;37,0;h;VST019;Durchschnittliche tarifliche Wochenarbeitszeit
62221;Vj. Index der Tarifverdienste und Arbeitszeiten;JAHR;Jahr;2025;DINSGF;Früheres Bundesgebiet / Neue Länder;DF;Früheres Bundesgebiet;WZ08C7;WZ2008 (ausgewählte Positionen): Tarifindex;WZ08-71;Architektur-,Ing.büros,techn.,physik.Untersuchung;114,0;2020=100;VST066;Index d.tarifl. Monatsverdienste ohne Sonderzahl.
62221;Vj. Index der Tarifverdienste und Arbeitszeiten;JAHR;Jahr;2025;DINSGF;Früheres Bundesgebiet / Neue Länder;DF;Früheres Bundesgebiet;WZ08C7;WZ2008 (ausgewählte Positionen): Tarifindex;WZ08-71;Architektur-,Ing.büros,techn.,physik.Untersuchung;100,0;2020=100;VST018;Index der tariflichen Wochenarbeitszeit
62221;Vj. Index der Tarifverdienste und Arbeitszeiten;JAHR;Jahr;2025;DINSGF;Früheres Bundesgebiet / Neue Länder;DF;Früheres Bundesgebiet;WZ08C7;WZ2008 (ausgewählte Positionen): Tarifindex;WZ08-71;Architektur-,Ing.büros,techn.,physik.Untersuchung;114,0;2020=100;VST065;Index d.tarifl. Stundenverdienste ohne Sonderzahl.
62221;Vj. Index der Tarifverdienste und Arbeitszeiten;JAHR;Jahr;2018;DINSGF;Früheres Bundesgebiet / Neue Länder;DF;Früheres Bundesgebiet;WZ08C7;WZ2008 (ausgewählte Positionen): Tarifindex;WZ08-20-01;Chemische Industrie;95,5;2020=100;VST072;Index d.tarifl. Stundenverdienste mit Sonderzahl.
62221;Vj. Index der Tarifverdienste und Arbeitszeiten;JAHR;Jahr;2018;DINSGF;Früheres Bundesgebiet / Neue Länder;DF;Früheres Bundesgebiet;WZ08C7;WZ2008 (ausgewählte Positionen): Tarifindex;WZ08-20-01;Chemische Industrie;95,5;2020=100;VST073;Index d.tarifl. Monatsverdienste mit Sonderzahl.
62221;Vj. Index der Tarifverdienste und Arbeitszeiten;JAHR;Jahr;2018;DINSGF;Früheres Bundesgebiet / Neue Länder;DF;Früheres Bundesgebiet;WZ08C7;WZ2008 (ausgewählte Positionen): Tarifindex;WZ08-20-01;Chemische Industrie;37,5;h;VST019;Durchschnittliche tarifliche Wochenarbeitszeit
62221;Vj. Index der Tarifverdienste und Arbeitszeiten;JAHR;Jahr;2018;DINSGF;Früheres Bundesgebiet / Neue Länder;DF;Früheres Bundesgebiet;WZ08C7;WZ2008 (ausgewählte Positionen): Tarifindex;WZ08-20-01;Chemische Industrie;96,6;2020=100;VST066;Index d.tarifl. Monatsverdienste ohne Sonderzahl.
62221;Vj. Index der Tarifverdienste und Arbeitszeiten;JAHR;Jahr;2018;DINSGF;Früheres Bundesgebiet / Neue Länder;DF;Früheres Bundesgebiet;WZ08C7;WZ2008 (ausgewählte Positionen): Tarifindex;WZ08-20-01;Chemische Industrie;100,0;2020=100;VST018;Index der tariflichen Wochenarbeitszeit
62221;Vj. Index der Tarifverdienste und Arbeitszeiten;JAHR;Jahr;2018;DINSGF;Früheres Bundesgebiet / Neue Länder;DF;Früheres Bundesgebiet;WZ08C7;WZ2008 (ausgewählte Positionen): Tarifindex;WZ08-20-01;Chemische Industrie;96,6;2020=100;VST065;Index d.tarifl. Stundenverdienste ohne Sonderzahl.
62221;Vj. Index der Tarifverdienste und Arbeitszeiten;JAHR;Jahr;2023;DINSGF;Früheres Bundesgebiet / Neue Länder;DF;Früheres Bundesgebiet;WZ08C7;WZ2008 (ausgewählte Positionen): Tarifindex;WZ08-92;Spiel-, Wett- und Lotteriewesen;104,8;2020=100;VST072;Index d.tarifl. Stundenverdienste mit Sonderzahl.
62221;Vj. Index der Tarifverdienste und Arbeitszeiten;JAHR;Jahr;2023;DINSGF;Früheres Bundesgebiet / Neue Länder;DF;Früheres Bundesgebiet;WZ08C7;WZ2008 (ausgewählte Positionen): Tarifindex;WZ08-92;Spiel-, Wett- und Lotteriewesen;104,8;2020=100;VST073;Index d.tarifl. Monatsverdienste mit Sonderzahl.
62221;Vj. Index der Tarifverdienste und Arbeitszeiten;JAHR;Jahr;2023;DINSGF;Früheres Bundesgebiet / Neue Länder;DF;Früheres Bundesgebiet;WZ08C7;WZ2008 (ausgewählte Positionen): Tarifindex;WZ08-92;Spiel-, Wett- und Lotteriewesen;38,3;h;VST019;Durchschnittliche tarifliche Wochenarbeitszeit
62221;Vj. Index der Tarifverdienste und Arbeitszeiten;JAHR;Jahr;2023;DINSGF;Früheres Bundesgebiet / Neue Länder;DF;Früheres Bundesgebiet;WZ08C7;WZ2008 (ausgewählte Positionen): Tarifindex;WZ08-92;Spiel-, Wett- und Lotteriewesen;104,0;2020=100;VST066;Index d.tarifl. Monatsverdienste ohne Sonderzahl.
62221;Vj. Index der Tarifverdienste und Arbeitszeiten;JAHR;Jahr;2023;DINSGF;Früheres Bundesgebiet / Neue Länder;DF;Früheres Bundesgebiet;WZ08C7;WZ2008 (ausgewählte Positionen): Tarifindex;WZ08-92;Spiel-, Wett- und Lotteriewesen;100,0;2020=100;VST018;Index der tariflichen Wochenarbeitszeit
62221;Vj. Index der Tarifverdienste und Arbeitszeiten;JAHR;Jahr;2023;DINSGF;Früheres Bundesgebiet / Neue Länder;DF;Früheres Bundesgebiet;WZ08C7;WZ2008 (ausgewählte Positionen): Tarifindex;WZ08-92;Spiel-, Wett- und Lotteriewesen;104,0;2020=100;VST065;Index d.tarifl. Stundenverdienste ohne Sonderzahl.
62221;Vj. Index der Tarifverdienste und Arbeitszeiten;JAHR;Jahr;2023;DINSGF;Früheres Bundesgebiet / Neue Länder;DF;Früheres Bundesgebiet;WZ08C7;WZ2008 (ausgewählte Positionen): Tarifindex;WZ08-H-01;Verkehr und Lagerei, Information und Kommunikation;107,4;2020=100;VST072;Index d.tarifl. Stundenverdienste mit Sonderzahl.
62221;Vj. Index der Tarifverdienste und Arbeitszeiten;JAHR;Jahr;2023;DINSGF;Früheres Bundesgebiet / Neue Länder;DF;Früheres Bundesgebiet;WZ08C7;WZ2008 (ausgewählte Positionen): Tarifindex;WZ08-H-01;Verkehr und Lagerei, Information und Kommunikation;107,3;2020=100;VST073;Index d.tarifl. Monatsverdienste mit Sonderzahl.
62221;Vj. Index der Tarifverdienste und Arbeitszeiten;JAHR;Jahr;2023;DINSGF;Früheres Bundesgebiet / Neue Länder;DF;Früheres Bundesgebiet;WZ08C7;WZ2008 (ausgewählte Positionen): Tarifindex;WZ08-H-01;Verkehr und Lagerei, Information und Kommunikation;38,6;h;VST019;Durchschnittliche tarifliche Wochenarbeitszeit
62221;Vj. Index der Tarifverdienste und Arbeitszeiten;JAHR;Jahr;2023;DINSGF;Früheres Bundesgebiet / Neue Länder;DF;Früheres Bundesgebiet;WZ08C7;WZ2008 (ausgewählte Positionen): Tarifindex;WZ08-H-01;Verkehr und Lagerei, Information und Kommunikation;105,3;2020=100;VST066;Index d.tarifl. Monatsverdienste ohne Sonderzahl.
62221;Vj. Index der Tarifverdienste und Arbeitszeiten;JAHR;Jahr;2023;DINSGF;Früheres Bundesgebiet / Neue Länder;DF;Früheres Bundesgebiet;WZ08C7;WZ2008 (ausgewählte Positionen): Tarifindex;WZ08-H-01;Verkehr und Lagerei, Information und Kommunikation;100,0;2020=100;VST018;Index der tariflichen Wochenarbeitszeit
62221;Vj. Index der Tarifverdienste und Arbeitszeiten;JAHR;Jahr;2023;DINSGF;Früheres Bundesgebiet / Neue Länder;DF;Früheres Bundesgebiet;WZ08C7;WZ2008 (ausgewählte Positionen): Tarifindex;WZ08-H-01;Verkehr und Lagerei, Information und Kommunikation;105,4;2020=100;VST065;Index d.tarifl. Stundenverdienste ohne Sonderzahl.
62221;Vj. Index der Tarifverdienste und Arbeitszeiten;JAHR;Jahr;2023;DINSGF;Früheres Bundesgebiet / Neue Länder;DF;Früheres Bundesgebiet;WZ08C7;WZ2008 (ausgewählte Positionen): Tarifindex;WZ08-B-13;Prod. Gewerbe, Handel, Information u.Kommunikation;107,8;2020=100;VST072;Index d.tarifl. Stundenverdienste mit Sonderzahl.
62221;Vj. Index der Tarifverdienste und Arbeitszeiten;JAHR;Jahr;2023;DINSGF;Früheres Bundesgebiet / Neue Länder;DF;Früheres Bundesgebiet;WZ08C7;WZ2008 (ausgewählte Positionen): Tarifindex;WZ08-B-13;Prod. Gewerbe, Handel, Information u.Kommunikation;107,8;2020=100;VST073;Index d.tarifl. Monatsverdienste mit Sonderzahl.
62221;Vj. Index der Tarifverdienste und Arbeitszeiten;JAHR;Jahr;2023;DINSGF;Früheres Bundesgebiet / Neue Länder;DF;Früheres Bundesgebiet;WZ08C7;WZ2008 (ausgewählte Positionen): Tarifindex;WZ08-B-13;Prod. Gewerbe, Handel, Information u.Kommunikation;36,9;h;VST019;Durchschnittliche tarifliche Wochenarbeitszeit
62221;Vj. Index der Tarifverdienste und Arbeitszeiten;JAHR;Jahr;2023;DINSGF;Früheres Bundesgebiet / Neue Länder;DF;Früheres Bundesgebiet;WZ08C7;WZ2008 (ausgewählte Positionen): Tarifindex;WZ08-B-13;Prod. Gewerbe, Handel, Information u.Kommunikation;104,9;2020=100;VST066;Index d.tarifl. Monatsverdienste ohne Sonderzahl.
62221;Vj. Index der Tarifverdienste und Arbeitszeiten;JAHR;Jahr;2023;DINSGF;Früheres Bundesgebiet / Neue Länder;DF;Früheres Bundesgebiet;WZ08C7;WZ2008 (ausgewählte Positionen): Tarifindex;WZ08-B-13;Prod. Gewerbe, Handel, Information u.Kommunikation;100,0;2020=100;VST018;Index der tariflichen Wochenarbeitszeit
62221;Vj. Index der Tarifverdienste und Arbeitszeiten;JAHR;Jahr;2023;DINSGF;Früheres Bundesgebiet / Neue Länder;DF;Früheres Bundesgebiet;WZ08C7;WZ2008 (ausgewählte Positionen): Tarifindex;WZ08-B-13;Prod. Gewerbe, Handel, Information u.Kommunikation;104,9;2020=100;VST065;Index d.tarifl. Stundenverdienste ohne Sonderzahl.
62221;Vj. Index der Tarifverdienste und Arbeitszeiten;JAHR;Jahr;2024;DINSGF;Früheres Bundesgebiet / Neue Länder;DN;Neue Länder;WZ08C7;WZ2008 (ausgewählte Positionen): Tarifindex;WZ08-31-01;Möbelherstellung, Installation von Maschinen;113,8;2020=100;VST072;Index d.tarifl. Stundenverdienste mit Sonderzahl.
62221;Vj. Index der Tarifverdienste und Arbeitszeiten;JAHR;Jahr;2024;DINSGF;Früheres Bundesgebiet / Neue Länder;DN;Neue Länder;WZ08C7;WZ2008 (ausgewählte Positionen): Tarifindex;WZ08-31-01;Möbelherstellung, Installation von Maschinen;113,6;2020=100;VST073;Index d.tarifl. Monatsverdienste mit Sonderzahl.
62221;Vj. Index der Tarifverdienste und Arbeitszeiten;JAHR;Jahr;2024;DINSGF;Früheres Bundesgebiet / Neue Länder;DN;Neue Länder;WZ08C7;WZ2008 (ausgewählte Positionen): Tarifindex;WZ08-31-01;Möbelherstellung, Installation von Maschinen;38,0;h;VST019;Durchschnittliche tarifliche Wochenarbeitszeit
62221;Vj. Index der Tarifverdienste und Arbeitszeiten;JAHR;Jahr;2024;DINSGF;Früheres Bundesgebiet / Neue Länder;DN;Neue Länder;WZ08C7;WZ2008 (ausgewählte Positionen): Tarifindex;WZ08-31-01;Möbelherstellung, Installation von Maschinen;110,8;2020=100;VST066;Index d.tarifl. Monatsverdienste ohne Sonderzahl.
62221;Vj. Index der Tarifverdienste und Arbeitszeiten;JAHR;Jahr;2024;DINSGF;Früheres Bundesgebiet / Neue Länder;DN;Neue Länder;WZ08C7;WZ2008 (ausgewählte Positionen): Tarifindex;WZ08-31-01;Möbelherstellung, Installation von Maschinen;99,9;2020=100;VST018;Index der tariflichen Wochenarbeitszeit
62221;Vj. Index der Tarifverdienste und Arbeitszeiten;JAHR;Jahr;2024;DINSGF;Früheres Bundesgebiet / Neue Länder;DN;Neue Länder;WZ08C7;WZ2008 (ausgewählte Positionen): Tarifindex;WZ08-31-01;Möbelherstellung, Installation von Maschinen;111,0;2020=100;VST065;Index d.tarifl. Stundenverdienste ohne Sonderzahl.
62221;Vj. Index der Tarifverdienste und Arbeitszeiten;JAHR;Jahr;2025;DINSGF;Früheres Bundesgebiet / Neue Länder;DF;Früheres Bundesgebiet;WZ08C7;WZ2008 (ausgewählte Positionen): Tarifindex;WZ08-86;Gesundheitswesen;116,3;2020=100;VST072;Index d.tarifl. Stundenverdienste mit Sonderzahl.
62221;Vj. Index der Tarifverdienste und Arbeitszeiten;JAHR;Jahr;2025;DINSGF;Früheres Bundesgebiet / Neue Länder;DF;Früheres Bundesgebiet;WZ08C7;WZ2008 (ausgewählte Positionen): Tarifindex;WZ08-86;Gesundheitswesen;116,3;2020=100;VST073;Index d.tarifl. Monatsverdienste mit Sonderzahl.
62221;Vj. Index der Tarifverdienste und Arbeitszeiten;JAHR;Jahr;2025;DINSGF;Früheres Bundesgebiet / Neue Länder;DF;Früheres Bundesgebiet;WZ08C7;WZ2008 (ausgewählte Positionen): Tarifindex;WZ08-86;Gesundheitswesen;39,2;h;VST019;Durchschnittliche tarifliche Wochenarbeitszeit
62221;Vj. Index der Tarifverdienste und Arbeitszeiten;JAHR;Jahr;2025;DINSGF;Früheres Bundesgebiet / Neue Länder;DF;Früheres Bundesgebiet;WZ08C7;WZ2008 (ausgewählte Positionen): Tarifindex;WZ08-86;Gesundheitswesen;116,1;2020=100;VST066;Index d.tarifl. Monatsverdienste ohne Sonderzahl.
62221;Vj. Index der Tarifverdienste und Arbeitszeiten;JAHR;Jahr;2025;DINSGF;Früheres Bundesgebiet / Neue Länder;DF;Früheres Bundesgebiet;WZ08C7;WZ2008 (ausgewählte Positionen): Tarifindex;WZ08-86;Gesundheitswesen;98,1;2020=100;VST018;Index der tariflichen Wochenarbeitszeit
62221;Vj. Index der Tarifverdienste und Arbeitszeiten;JAHR;Jahr;2025;DINSGF;Früheres Bundesgebiet / Neue Länder;DF;Früheres Bundesgebiet;WZ08C7;WZ2008 (ausgewählte Positionen): Tarifindex;WZ08-86;Gesundheitswesen;116,1;2020=100;VST065;Index d.tarifl. Stundenverdienste ohne Sonderzahl.
62221;Vj. Index der Tarifverdienste und Arbeitszeiten;JAHR;Jahr;2025;DINSGF;Früheres Bundesgebiet / Neue Länder;DF;Früheres Bundesgebiet;WZ08C7;WZ2008 (ausgewählte Positionen): Tarifindex;WZ08-80;Wach- und Sicherheitsdienste sowie Detekteien;128,5;2020=100;VST072;Index d.tarifl. Stundenverdienste mit Sonderzahl.
62221;Vj. Index der Tarifverdienste und Arbeitszeiten;JAHR;Jahr;2025;DINSGF;Früheres Bundesgebiet / Neue Länder;DF;Früheres Bundesgebiet;WZ08C7;WZ2008 (ausgewählte Positionen): Tarifindex;WZ08-80;Wach- und Sicherheitsdienste sowie Detekteien;128,5;2020=100;VST073;Index d.tarifl. Monatsverdienste mit Sonderzahl.
62221;Vj. Index der Tarifverdienste und Arbeitszeiten;JAHR;Jahr;2025;DINSGF;Früheres Bundesgebiet / Neue Länder;DF;Früheres Bundesgebiet;WZ08C7;WZ2008 (ausgewählte Positionen): Tarifindex;WZ08-80;Wach- und Sicherheitsdienste sowie Detekteien;40,0;h;VST019;Durchschnittliche tarifliche Wochenarbeitszeit
62221;Vj. Index der Tarifverdienste und Arbeitszeiten;JAHR;Jahr;2025;DINSGF;Früheres Bundesgebiet / Neue Länder;DF;Früheres Bundesgebiet;WZ08C7;WZ2008 (ausgewählte Positionen): Tarifindex;WZ08-80;Wach- und Sicherheitsdienste sowie Detekteien;128,0;2020=100;VST066;Index d.tarifl. Monatsverdienste ohne Sonderzahl.
62221;Vj. Index der Tarifverdienste und Arbeitszeiten;JAHR;Jahr;2025;DINSGF;Früheres Bundesgebiet / Neue Länder;DF;Früheres Bundesgebiet;WZ08C7;WZ2008 (ausgewählte Positionen): Tarifindex;WZ08-80;Wach- und Sicherheitsdienste sowie Detekteien;100,0;2020=100;VST018;Index der tariflichen Wochenarbeitszeit
62221;Vj. Index der Tarifverdienste und Arbeitszeiten;JAHR;Jahr;2025;DINSGF;Früheres Bundesgebiet / Neue Länder;DF;Früheres Bundesgebiet;WZ08C7;WZ2008 (ausgewählte Positionen): Tarifindex;WZ08-80;Wach- und Sicherheitsdienste sowie Detekteien;128,0;2020=100;VST065;Index d.tarifl. Stundenverdienste ohne Sonderzahl.
62221;Vj. Index der Tarifverdienste und Arbeitszeiten;JAHR;Jahr;2025;DINSGF;Früheres Bundesgebiet / Neue Länder;DF;Früheres Bundesgebiet;WZ08C7;WZ2008 (ausgewählte Positionen): Tarifindex;WZ08-77;Vermietung von beweglichen Sachen;114,6;2020=100;VST072;Index d.tarifl. Stundenverdienste mit Sonderzahl.
62221;Vj. Index der Tarifverdienste und Arbeitszeiten;JAHR;Jahr;2025;DINSGF;Früheres Bundesgebiet / Neue Länder;DF;Früheres Bundesgebiet;WZ08C7;WZ2008 (ausgewählte Positionen): Tarifindex;WZ08-77;Vermietung von beweglichen Sachen;113,7;2020=100;VST073;Index d.tarifl. Monatsverdienste mit Sonderzahl.
62221;Vj. Index der Tarifverdienste und Arbeitszeiten;JAHR;Jahr;2025;DINSGF;Früheres Bundesgebiet / Neue Länder;DF;Früheres Bundesgebiet;WZ08C7;WZ2008 (ausgewählte Positionen): Tarifindex;WZ08-77;Vermietung von beweglichen Sachen;38,3;h;VST019;Durchschnittliche tarifliche Wochenarbeitszeit
62221;Vj. Index der Tarifverdienste und Arbeitszeiten;JAHR;Jahr;2025;DINSGF;Früheres Bundesgebiet / Neue Länder;DF;Früheres Bundesgebiet;WZ08C7;WZ2008 (ausgewählte Positionen): Tarifindex;WZ08-77;Vermietung von beweglichen Sachen;113,5;2020=100;VST066;Index d.tarifl. Monatsverdienste ohne Sonderzahl.
62221;Vj. Index der Tarifverdienste und Arbeitszeiten;JAHR;Jahr;2025;DINSGF;Früheres Bundesgebiet / Neue Länder;DF;Früheres Bundesgebiet;WZ08C7;WZ2008 (ausgewählte Positionen): Tarifindex;WZ08-77;Vermietung von beweglichen Sachen;99,0;2020=100;VST018;Index der tariflichen Wochenarbeitszeit
62221;Vj. Index der Tarifverdienste und Arbeitszeiten;JAHR;Jahr;2025;DINSGF;Früheres Bundesgebiet / Neue Länder;DF;Früheres Bundesgebiet;WZ08C7;WZ2008 (ausgewählte Positionen): Tarifindex;WZ08-77;Vermietung von beweglichen Sachen;114,4;2020=100;VST065;Index d.tarifl. Stundenverdienste ohne Sonderzahl.
62221;Vj. Index der Tarifverdienste und Arbeitszeiten;JAHR;Jahr;2023;DINSGF;Früheres Bundesgebiet / Neue Länder;DF;Früheres Bundesgebiet;WZ08C7;WZ2008 (ausgewählte Positionen): Tarifindex;WZ08-50;Schifffahrt;104,1;2020=100;VST072;Index d.tarifl. Stundenverdienste mit Sonderzahl.
62221;Vj. Index der Tarifverdienste und Arbeitszeiten;JAHR;Jahr;2023;DINSGF;Früheres Bundesgebiet / Neue Länder;DF;Früheres Bundesgebiet;WZ08C7;WZ2008 (ausgewählte Positionen): Tarifindex;WZ08-50;Schifffahrt;104,1;2020=100;VST073;Index d.tarifl. Monatsverdienste mit Sonderzahl.
62221;Vj. Index der Tarifverdienste und Arbeitszeiten;JAHR;Jahr;2023;DINSGF;Früheres Bundesgebiet / Neue Länder;DF;Früheres Bundesgebiet;WZ08C7;WZ2008 (ausgewählte Positionen): Tarifindex;WZ08-50;Schifffahrt;39,5;h;VST019;Durchschnittliche tarifliche Wochenarbeitszeit
62221;Vj. Index der Tarifverdienste und Arbeitszeiten;JAHR;Jahr;2023;DINSGF;Früheres Bundesgebiet / Neue Länder;DF;Früheres Bundesgebiet;WZ08C7;WZ2008 (ausgewählte Positionen): Tarifindex;WZ08-50;Schifffahrt;103,1;2020=100;VST066;Index d.tarifl. Monatsverdienste ohne Sonderzahl.
62221;Vj. Index der Tarifverdienste und Arbeitszeiten;JAHR;Jahr;2023;DINSGF;Früheres Bundesgebiet / Neue Länder;DF;Früheres Bundesgebiet;WZ08C7;WZ2008 (ausgewählte Positionen): Tarifindex;WZ08-50;Schifffahrt;100,0;2020=100;VST018;Index der tariflichen Wochenarbeitszeit
62221;Vj. Index der Tarifverdienste und Arbeitszeiten;JAHR;Jahr;2023;DINSGF;Früheres Bundesgebiet / Neue Länder;DF;Früheres Bundesgebiet;WZ08C7;WZ2008 (ausgewählte Positionen): Tarifindex;WZ08-50;Schifffahrt;103,1;2020=100;VST065;Index d.tarifl. Stundenverdienste ohne Sonderzahl.
62221;Vj. Index der Tarifverdienste und Arbeitszeiten;JAHR;Jahr;2019;DINSGF;Früheres Bundesgebiet / Neue Länder;DF;Früheres Bundesgebiet;WZ08C7;WZ2008 (ausgewählte Positionen): Tarifindex;WZ08-05;Kohlenbergbau;98,0;2020=100;VST072;Index d.tarifl. Stundenverdienste mit Sonderzahl.
62221;Vj. Index der Tarifverdienste und Arbeitszeiten;JAHR;Jahr;2019;DINSGF;Früheres Bundesgebiet / Neue Länder;DF;Früheres Bundesgebiet;WZ08C7;WZ2008 (ausgewählte Positionen): Tarifindex;WZ08-05;Kohlenbergbau;98,0;2020=100;VST073;Index d.tarifl. Monatsverdienste mit Sonderzahl.
62221;Vj. Index der Tarifverdienste und Arbeitszeiten;JAHR;Jahr;2019;DINSGF;Früheres Bundesgebiet / Neue Länder;DF;Früheres Bundesgebiet;WZ08C7;WZ2008 (ausgewählte Positionen): Tarifindex;WZ08-05;Kohlenbergbau;39,9;h;VST019;Durchschnittliche tarifliche Wochenarbeitszeit
62221;Vj. Index der Tarifverdienste und Arbeitszeiten;JAHR;Jahr;2019;DINSGF;Früheres Bundesgebiet / Neue Länder;DF;Früheres Bundesgebiet;WZ08C7;WZ2008 (ausgewählte Positionen): Tarifindex;WZ08-05;Kohlenbergbau;99,3;2020=100;VST066;Index d.tarifl. Monatsverdienste ohne Sonderzahl.
62221;Vj. Index der Tarifverdienste und Arbeitszeiten;JAHR;Jahr;2019;DINSGF;Früheres Bundesgebiet / Neue Länder;DF;Früheres Bundesgebiet;WZ08C7;WZ2008 (ausgewählte Positionen): Tarifindex;WZ08-05;Kohlenbergbau;100,0;2020=100;VST018;Index der tariflichen Wochenarbeitszeit
62221;Vj. Index der Tarifverdienste und Arbeitszeiten;JAHR;Jahr;2019;DINSGF;Früheres Bundesgebiet / Neue Länder;DF;Früheres Bundesgebiet;WZ08C7;WZ2008 (ausgewählte Positionen): Tarifindex;WZ08-05;Kohlenbergbau;99,3;2020=100;VST065;Index d.tarifl. Stundenverdienste ohne Sonderzahl.
62221;Vj. Index der Tarifverdienste und Arbeitszeiten;JAHR;Jahr;2023;DINSGF;Früheres Bundesgebiet / Neue Länder;DF;Früheres Bundesgebiet;WZ08C7;WZ2008 (ausgewählte Positionen): Tarifindex;WZ08-65;Versicherungen, Rückversicherungen, Pensionskassen;108,7;2020=100;VST072;Index d.tarifl. Stundenverdienste mit Sonderzahl.
62221;Vj. Index der Tarifverdienste und Arbeitszeiten;JAHR;Jahr;2023;DINSGF;Früheres Bundesgebiet / Neue Länder;DF;Früheres Bundesgebiet;WZ08C7;WZ2008 (ausgewählte Positionen): Tarifindex;WZ08-65;Versicherungen, Rückversicherungen, Pensionskassen;108,7;2020=100;VST073;Index d.tarifl. Monatsverdienste mit Sonderzahl.
62221;Vj. Index der Tarifverdienste und Arbeitszeiten;JAHR;Jahr;2023;DINSGF;Früheres Bundesgebiet / Neue Länder;DF;Früheres Bundesgebiet;WZ08C7;WZ2008 (ausgewählte Positionen): Tarifindex;WZ08-65;Versicherungen, Rückversicherungen, Pensionskassen;38,0;h;VST019;Durchschnittliche tarifliche Wochenarbeitszeit
62221;Vj. Index der Tarifverdienste und Arbeitszeiten;JAHR;Jahr;2023;DINSGF;Früheres Bundesgebiet / Neue Länder;DF;Früheres Bundesgebiet;WZ08C7;WZ2008 (ausgewählte Positionen): Tarifindex;WZ08-65;Versicherungen, Rückversicherungen, Pensionskassen;106,3;2020=100;VST066;Index d.tarifl. Monatsverdienste ohne Sonderzahl.
62221;Vj. Index der Tarifverdienste und Arbeitszeiten;JAHR;Jahr;2023;DINSGF;Früheres Bundesgebiet / Neue Länder;DF;Früheres Bundesgebiet;WZ08C7;WZ2008 (ausgewählte Positionen): Tarifindex;WZ08-65;Versicherungen, Rückversicherungen, Pensionskassen;100,0;2020=100;VST018;Index der tariflichen Wochenarbeitszeit
62221;Vj. Index der Tarifverdienste und Arbeitszeiten;JAHR;Jahr;2023;DINSGF;Früheres Bundesgebiet / Neue Länder;DF;Früheres Bundesgebiet;WZ08C7;WZ2008 (ausgewählte Positionen): Tarifindex;WZ08-65;Versicherungen, Rückversicherungen, Pensionskassen;106,3;2020=100;VST065;Index d.tarifl. Stundenverdienste ohne Sonderzahl.
62221;Vj. Index der Tarifverdienste und Arbeitszeiten;JAHR;Jahr;2018;DINSGF;Früheres Bundesgebiet / Neue Länder;DF;Früheres Bundesgebiet;WZ08C7;WZ2008 (ausgewählte Positionen): Tarifindex;WZ08-64;Erbringung von Finanzdienstleistungen;96,0;2020=100;VST072;Index d.tarifl. Stundenverdienste mit Sonderzahl.
62221;Vj. Index der Tarifverdienste und Arbeitszeiten;JAHR;Jahr;2018;DINSGF;Früheres Bundesgebiet / Neue Länder;DF;Früheres Bundesgebiet;WZ08C7;WZ2008 (ausgewählte Positionen): Tarifindex;WZ08-64;Erbringung von Finanzdienstleistungen;96,0;2020=100;VST073;Index d.tarifl. Monatsverdienste mit Sonderzahl.
62221;Vj. Index der Tarifverdienste und Arbeitszeiten;JAHR;Jahr;2018;DINSGF;Früheres Bundesgebiet / Neue Länder;DF;Früheres Bundesgebiet;WZ08C7;WZ2008 (ausgewählte Positionen): Tarifindex;WZ08-64;Erbringung von Finanzdienstleistungen;39,0;h;VST019;Durchschnittliche tarifliche Wochenarbeitszeit
62221;Vj. Index der Tarifverdienste und Arbeitszeiten;JAHR;Jahr;2018;DINSGF;Früheres Bundesgebiet / Neue Länder;DF;Früheres Bundesgebiet;WZ08C7;WZ2008 (ausgewählte Positionen): Tarifindex;WZ08-64;Erbringung von Finanzdienstleistungen;95,7;2020=100;VST066;Index d.tarifl. Monatsverdienste ohne Sonderzahl.
62221;Vj. Index der Tarifverdienste und Arbeitszeiten;JAHR;Jahr;2018;DINSGF;Früheres Bundesgebiet / Neue Länder;DF;Früheres Bundesgebiet;WZ08C7;WZ2008 (ausgewählte Positionen): Tarifindex;WZ08-64;Erbringung von Finanzdienstleistungen;100,0;2020=100;VST018;Index der tariflichen Wochenarbeitszeit
62221;Vj. Index der Tarifverdienste und Arbeitszeiten;JAHR;Jahr;2018;DINSGF;Früheres Bundesgebiet / Neue Länder;DF;Früheres Bundesgebiet;WZ08C7;WZ2008 (ausgewählte Positionen): Tarifindex;WZ08-64;Erbringung von Finanzdienstleistungen;95,7;2020=100;VST065;Index d.tarifl. Stundenverdienste ohne Sonderzahl.
62221;Vj. Index der Tarifverdienste und Arbeitszeiten;JAHR;Jahr;2022;DINSGF;Früheres Bundesgebiet / Neue Länder;DN;Neue Länder;WZ08C7;WZ2008 (ausgewählte Positionen): Tarifindex;WZ08-20-01;Chemische Industrie;105,9;2020=100;VST072;Index d.tarifl. Stundenverdienste mit Sonderzahl.
62221;Vj. Index der Tarifverdienste und Arbeitszeiten;JAHR;Jahr;2022;DINSGF;Früheres Bundesgebiet / Neue Länder;DN;Neue Länder;WZ08C7;WZ2008 (ausgewählte Positionen): Tarifindex;WZ08-20-01;Chemische Industrie;104,7;2020=100;VST073;Index d.tarifl. Monatsverdienste mit Sonderzahl.
62221;Vj. Index der Tarifverdienste und Arbeitszeiten;JAHR;Jahr;2022;DINSGF;Früheres Bundesgebiet / Neue Länder;DN;Neue Länder;WZ08C7;WZ2008 (ausgewählte Positionen): Tarifindex;WZ08-20-01;Chemische Industrie;38,8;h;VST019;Durchschnittliche tarifliche Wochenarbeitszeit
62221;Vj. Index der Tarifverdienste und Arbeitszeiten;JAHR;Jahr;2022;DINSGF;Früheres Bundesgebiet / Neue Länder;DN;Neue Länder;WZ08C7;WZ2008 (ausgewählte Positionen): Tarifindex;WZ08-20-01;Chemische Industrie;102,0;2020=100;VST066;Index d.tarifl. Monatsverdienste ohne Sonderzahl.
62221;Vj. Index der Tarifverdienste und Arbeitszeiten;JAHR;Jahr;2022;DINSGF;Früheres Bundesgebiet / Neue Länder;DN;Neue Länder;WZ08C7;WZ2008 (ausgewählte Positionen): Tarifindex;WZ08-20-01;Chemische Industrie;99,0;2020=100;VST018;Index der tariflichen Wochenarbeitszeit
62221;Vj. Index der Tarifverdienste und Arbeitszeiten;JAHR;Jahr;2022;DINSGF;Früheres Bundesgebiet / Neue Länder;DN;Neue Länder;WZ08C7;WZ2008 (ausgewählte Positionen): Tarifindex;WZ08-20-01;Chemische Industrie;103,1;2020=100;VST065;Index d.tarifl. Stundenverdienste ohne Sonderzahl.
62221;Vj. Index der Tarifverdienste und Arbeitszeiten;JAHR;Jahr;2016;DINSGF;Früheres Bundesgebiet / Neue Länder;DN;Neue Länder;WZ08C7;WZ2008 (ausgewählte Positionen): Tarifindex;WZ08-95;Reparatur von DV-Geräten und Gebrauchsgütern;90,7;2020=100;VST072;Index d.tarifl. Stundenverdienste mit Sonderzahl.
62221;Vj. Index der Tarifverdienste und Arbeitszeiten;JAHR;Jahr;2016;DINSGF;Früheres Bundesgebiet / Neue Länder;DN;Neue Länder;WZ08C7;WZ2008 (ausgewählte Positionen): Tarifindex;WZ08-95;Reparatur von DV-Geräten und Gebrauchsgütern;90,7;2020=100;VST073;Index d.tarifl. Monatsverdienste mit Sonderzahl.
62221;Vj. Index der Tarifverdienste und Arbeitszeiten;JAHR;Jahr;2016;DINSGF;Früheres Bundesgebiet / Neue Länder;DN;Neue Länder;WZ08C7;WZ2008 (ausgewählte Positionen): Tarifindex;WZ08-95;Reparatur von DV-Geräten und Gebrauchsgütern;37,7;h;VST019;Durchschnittliche tarifliche Wochenarbeitszeit
62221;Vj. Index der Tarifverdienste und Arbeitszeiten;JAHR;Jahr;2016;DINSGF;Früheres Bundesgebiet / Neue Länder;DN;Neue Länder;WZ08C7;WZ2008 (ausgewählte Positionen): Tarifindex;WZ08-95;Reparatur von DV-Geräten und Gebrauchsgütern;92,3;2020=100;VST066;Index d.tarifl. Monatsverdienste ohne Sonderzahl.
62221;Vj. Index der Tarifverdienste und Arbeitszeiten;JAHR;Jahr;2016;DINSGF;Früheres Bundesgebiet / Neue Länder;DN;Neue Länder;WZ08C7;WZ2008 (ausgewählte Positionen): Tarifindex;WZ08-95;Reparatur von DV-Geräten und Gebrauchsgütern;100,0;2020=100;VST018;Index der tariflichen Wochenarbeitszeit
62221;Vj. Index der Tarifverdienste und Arbeitszeiten;JAHR;Jahr;2016;DINSGF;Früheres Bundesgebiet / Neue Länder;DN;Neue Länder;WZ08C7;WZ2008 (ausgewählte Positionen): Tarifindex;WZ08-95;Reparatur von DV-Geräten und Gebrauchsgütern;92,3;2020=100;VST065;Index d.tarifl. Stundenverdienste ohne Sonderzahl.
62221;Vj. Index der Tarifverdienste und Arbeitszeiten;JAHR;Jahr;2022;DINSGF;Früheres Bundesgebiet / Neue Länder;DF;Früheres Bundesgebiet;WZ08C7;WZ2008 (ausgewählte Positionen): Tarifindex;WZ08-91;Bibliotheken, Archive, Museen, bot. u. zoo. Gärten;103,2;2020=100;VST072;Index d.tarifl. Stundenverdienste mit Sonderzahl.
62221;Vj. Index der Tarifverdienste und Arbeitszeiten;JAHR;Jahr;2022;DINSGF;Früheres Bundesgebiet / Neue Länder;DF;Früheres Bundesgebiet;WZ08C7;WZ2008 (ausgewählte Positionen): Tarifindex;WZ08-91;Bibliotheken, Archive, Museen, bot. u. zoo. Gärten;103,2;2020=100;VST073;Index d.tarifl. Monatsverdienste mit Sonderzahl.
62221;Vj. Index der Tarifverdienste und Arbeitszeiten;JAHR;Jahr;2022;DINSGF;Früheres Bundesgebiet / Neue Länder;DF;Früheres Bundesgebiet;WZ08C7;WZ2008 (ausgewählte Positionen): Tarifindex;WZ08-91;Bibliotheken, Archive, Museen, bot. u. zoo. Gärten;39,6;h;VST019;Durchschnittliche tarifliche Wochenarbeitszeit
62221;Vj. Index der Tarifverdienste und Arbeitszeiten;JAHR;Jahr;2022;DINSGF;Früheres Bundesgebiet / Neue Länder;DF;Früheres Bundesgebiet;WZ08C7;WZ2008 (ausgewählte Positionen): Tarifindex;WZ08-91;Bibliotheken, Archive, Museen, bot. u. zoo. Gärten;102,4;2020=100;VST066;Index d.tarifl. Monatsverdienste ohne Sonderzahl.
62221;Vj. Index der Tarifverdienste und Arbeitszeiten;JAHR;Jahr;2022;DINSGF;Früheres Bundesgebiet / Neue Länder;DF;Früheres Bundesgebiet;WZ08C7;WZ2008 (ausgewählte Positionen): Tarifindex;WZ08-91;Bibliotheken, Archive, Museen, bot. u. zoo. Gärten;100,0;2020=100;VST018;Index der tariflichen Wochenarbeitszeit
62221;Vj. Index der Tarifverdienste und Arbeitszeiten;JAHR;Jahr;2022;DINSGF;Früheres Bundesgebiet / Neue Länder;DF;Früheres Bundesgebiet;WZ08C7;WZ2008 (ausgewählte Positionen): Tarifindex;WZ08-91;Bibliotheken, Archive, Museen, bot. u. zoo. Gärten;102,4;2020=100;VST065;Index d.tarifl. Stundenverdienste ohne Sonderzahl.
62221;Vj. Index der Tarifverdienste und Arbeitszeiten;JAHR;Jahr;2020;DINSGF;Früheres Bundesgebiet / Neue Länder;DN;Neue Länder;WZ08C7;WZ2008 (ausgewählte Positionen): Tarifindex;WZ08-H-01;Verkehr und Lagerei, Information und Kommunikation;100,0;2020=100;VST072;Index d.tarifl. Stundenverdienste mit Sonderzahl.
62221;Vj. Index der Tarifverdienste und Arbeitszeiten;JAHR;Jahr;2020;DINSGF;Früheres Bundesgebiet / Neue Länder;DN;Neue Länder;WZ08C7;WZ2008 (ausgewählte Positionen): Tarifindex;WZ08-H-01;Verkehr und Lagerei, Information und Kommunikation;100,0;2020=100;VST073;Index d.tarifl. Monatsverdienste mit Sonderzahl.
62221;Vj. Index der Tarifverdienste und Arbeitszeiten;JAHR;Jahr;2020;DINSGF;Früheres Bundesgebiet / Neue Länder;DN;Neue Länder;WZ08C7;WZ2008 (ausgewählte Positionen): Tarifindex;WZ08-H-01;Verkehr und Lagerei, Information und Kommunikation;38,9;h;VST019;Durchschnittliche tarifliche Wochenarbeitszeit
62221;Vj. Index der Tarifverdienste und Arbeitszeiten;JAHR;Jahr;2020;DINSGF;Früheres Bundesgebiet / Neue Länder;DN;Neue Länder;WZ08C7;WZ2008 (ausgewählte Positionen): Tarifindex;WZ08-H-01;Verkehr und Lagerei, Information und Kommunikation;100,0;2020=100;VST066;Index d.tarifl. Monatsverdienste ohne Sonderzahl.
62221;Vj. Index der Tarifverdienste und Arbeitszeiten;JAHR;Jahr;2020;DINSGF;Früheres Bundesgebiet / Neue Länder;DN;Neue Länder;WZ08C7;WZ2008 (ausgewählte Positionen): Tarifindex;WZ08-H-01;Verkehr und Lagerei, Information und Kommunikation;100,0;2020=100;VST018;Index der tariflichen Wochenarbeitszeit
62221;Vj. Index der Tarifverdienste und Arbeitszeiten;JAHR;Jahr;2020;DINSGF;Früheres Bundesgebiet / Neue Länder;DN;Neue Länder;WZ08C7;WZ2008 (ausgewählte Positionen): Tarifindex;WZ08-H-01;Verkehr und Lagerei, Information und Kommunikation;100,0;2020=100;VST065;Index d.tarifl. Stundenverdienste ohne Sonderzahl.
62221;Vj. Index der Tarifverdienste und Arbeitszeiten;JAHR;Jahr;2024;DINSGF;Früheres Bundesgebiet / Neue Länder;DF;Früheres Bundesgebiet;WZ08C7;WZ2008 (ausgewählte Positionen): Tarifindex;WZ08-72-01;Forschung,Werbung u.Marktforschung,Veterinärwesen;110,8;2020=100;VST072;Index d.tarifl. Stundenverdienste mit Sonderzahl.
62221;Vj. Index der Tarifverdienste und Arbeitszeiten;JAHR;Jahr;2024;DINSGF;Früheres Bundesgebiet / Neue Länder;DF;Früheres Bundesgebiet;WZ08C7;WZ2008 (ausgewählte Positionen): Tarifindex;WZ08-72-01;Forschung,Werbung u.Marktforschung,Veterinärwesen;110,8;2020=100;VST073;Index d.tarifl. Monatsverdienste mit Sonderzahl.
62221;Vj. Index der Tarifverdienste und Arbeitszeiten;JAHR;Jahr;2024;DINSGF;Früheres Bundesgebiet / Neue Länder;DF;Früheres Bundesgebiet;WZ08C7;WZ2008 (ausgewählte Positionen): Tarifindex;WZ08-72-01;Forschung,Werbung u.Marktforschung,Veterinärwesen;38,9;h;VST019;Durchschnittliche tarifliche Wochenarbeitszeit
62221;Vj. Index der Tarifverdienste und Arbeitszeiten;JAHR;Jahr;2024;DINSGF;Früheres Bundesgebiet / Neue Länder;DF;Früheres Bundesgebiet;WZ08C7;WZ2008 (ausgewählte Positionen): Tarifindex;WZ08-72-01;Forschung,Werbung u.Marktforschung,Veterinärwesen;109,2;2020=100;VST066;Index d.tarifl. Monatsverdienste ohne Sonderzahl.
62221;Vj. Index der Tarifverdienste und Arbeitszeiten;JAHR;Jahr;2024;DINSGF;Früheres Bundesgebiet / Neue Länder;DF;Früheres Bundesgebiet;WZ08C7;WZ2008 (ausgewählte Positionen): Tarifindex;WZ08-72-01;Forschung,Werbung u.Marktforschung,Veterinärwesen;100,0;2020=100;VST018;Index der tariflichen Wochenarbeitszeit
62221;Vj. Index der Tarifverdienste und Arbeitszeiten;JAHR;Jahr;2024;DINSGF;Früheres Bundesgebiet / Neue Länder;DF;Früheres Bundesgebiet;WZ08C7;WZ2008 (ausgewählte Positionen): Tarifindex;WZ08-72-01;Forschung,Werbung u.Marktforschung,Veterinärwesen;109,2;2020=100;VST065;Index d.tarifl. Stundenverdienste ohne Sonderzahl.
62221;Vj. Index der Tarifverdienste und Arbeitszeiten;JAHR;Jahr;2023;DINSGF;Früheres Bundesgebiet / Neue Länder;DF;Früheres Bundesgebiet;WZ08C7;WZ2008 (ausgewählte Positionen): Tarifindex;WZ08-47;Einzelhandel (ohne Handel mit Kraftfahrzeugen);106,0;2020=100;VST072;Index d.tarifl. Stundenverdienste mit Sonderzahl.
62221;Vj. Index der Tarifverdienste und Arbeitszeiten;JAHR;Jahr;2023;DINSGF;Früheres Bundesgebiet / Neue Länder;DF;Früheres Bundesgebiet;WZ08C7;WZ2008 (ausgewählte Positionen): Tarifindex;WZ08-47;Einzelhandel (ohne Handel mit Kraftfahrzeugen);106,0;2020=100;VST073;Index d.tarifl. Monatsverdienste mit Sonderzahl.
62221;Vj. Index der Tarifverdienste und Arbeitszeiten;JAHR;Jahr;2023;DINSGF;Früheres Bundesgebiet / Neue Länder;DF;Früheres Bundesgebiet;WZ08C7;WZ2008 (ausgewählte Positionen): Tarifindex;WZ08-47;Einzelhandel (ohne Handel mit Kraftfahrzeugen);37,9;h;VST019;Durchschnittliche tarifliche Wochenarbeitszeit
62221;Vj. Index der Tarifverdienste und Arbeitszeiten;JAHR;Jahr;2023;DINSGF;Früheres Bundesgebiet / Neue Länder;DF;Früheres Bundesgebiet;WZ08C7;WZ2008 (ausgewählte Positionen): Tarifindex;WZ08-47;Einzelhandel (ohne Handel mit Kraftfahrzeugen);106,0;2020=100;VST066;Index d.tarifl. Monatsverdienste ohne Sonderzahl.
62221;Vj. Index der Tarifverdienste und Arbeitszeiten;JAHR;Jahr;2023;DINSGF;Früheres Bundesgebiet / Neue Länder;DF;Früheres Bundesgebiet;WZ08C7;WZ2008 (ausgewählte Positionen): Tarifindex;WZ08-47;Einzelhandel (ohne Handel mit Kraftfahrzeugen);100,0;2020=100;VST018;Index der tariflichen Wochenarbeitszeit
62221;Vj. Index der Tarifverdienste und Arbeitszeiten;JAHR;Jahr;2023;DINSGF;Früheres Bundesgebiet / Neue Länder;DF;Früheres Bundesgebiet;WZ08C7;WZ2008 (ausgewählte Positionen): Tarifindex;WZ08-47;Einzelhandel (ohne Handel mit Kraftfahrzeugen);106,0;2020=100;VST065;Index d.tarifl. Stundenverdienste ohne Sonderzahl.
62221;Vj. Index der Tarifverdienste und Arbeitszeiten;JAHR;Jahr;2016;DINSGF;Früheres Bundesgebiet / Neue Länder;DN;Neue Länder;WZ08C7;WZ2008 (ausgewählte Positionen): Tarifindex;WZ08-L;Grundstücks- und Wohnungswesen;91,0;2020=100;VST072;Index d.tarifl. Stundenverdienste mit Sonderzahl.
62221;Vj. Index der Tarifverdienste und Arbeitszeiten;JAHR;Jahr;2016;DINSGF;Früheres Bundesgebiet / Neue Länder;DN;Neue Länder;WZ08C7;WZ2008 (ausgewählte Positionen): Tarifindex;WZ08-L;Grundstücks- und Wohnungswesen;91,0;2020=100;VST073;Index d.tarifl. Monatsverdienste mit Sonderzahl.
62221;Vj. Index der Tarifverdienste und Arbeitszeiten;JAHR;Jahr;2016;DINSGF;Früheres Bundesgebiet / Neue Länder;DN;Neue Länder;WZ08C7;WZ2008 (ausgewählte Positionen): Tarifindex;WZ08-L;Grundstücks- und Wohnungswesen;37,2;h;VST019;Durchschnittliche tarifliche Wochenarbeitszeit
62221;Vj. Index der Tarifverdienste und Arbeitszeiten;JAHR;Jahr;2016;DINSGF;Früheres Bundesgebiet / Neue Länder;DN;Neue Länder;WZ08C7;WZ2008 (ausgewählte Positionen): Tarifindex;WZ08-L;Grundstücks- und Wohnungswesen;91,6;2020=100;VST066;Index d.tarifl. Monatsverdienste ohne Sonderzahl.
62221;Vj. Index der Tarifverdienste und Arbeitszeiten;JAHR;Jahr;2016;DINSGF;Früheres Bundesgebiet / Neue Länder;DN;Neue Länder;WZ08C7;WZ2008 (ausgewählte Positionen): Tarifindex;WZ08-L;Grundstücks- und Wohnungswesen;100,0;2020=100;VST018;Index der tariflichen Wochenarbeitszeit
62221;Vj. Index der Tarifverdienste und Arbeitszeiten;JAHR;Jahr;2016;DINSGF;Früheres Bundesgebiet / Neue Länder;DN;Neue Länder;WZ08C7;WZ2008 (ausgewählte Positionen): Tarifindex;WZ08-L;Grundstücks- und Wohnungswesen;91,6;2020=100;VST065;Index d.tarifl. Stundenverdienste ohne Sonderzahl.
62221;Vj. Index der Tarifverdienste und Arbeitszeiten;JAHR;Jahr;2021;DINSGF;Früheres Bundesgebiet / Neue Länder;DF;Früheres Bundesgebiet;WZ08C7;WZ2008 (ausgewählte Positionen): Tarifindex;WZ08-O-01;Öffentliche und persönliche Dienstleistungen;101,3;2020=100;VST072;Index d.tarifl. Stundenverdienste mit Sonderzahl.
62221;Vj. Index der Tarifverdienste und Arbeitszeiten;JAHR;Jahr;2021;DINSGF;Früheres Bundesgebiet / Neue Länder;DF;Früheres Bundesgebiet;WZ08C7;WZ2008 (ausgewählte Positionen): Tarifindex;WZ08-O-01;Öffentliche und persönliche Dienstleistungen;101,3;2020=100;VST073;Index d.tarifl. Monatsverdienste mit Sonderzahl.
62221;Vj. Index der Tarifverdienste und Arbeitszeiten;JAHR;Jahr;2021;DINSGF;Früheres Bundesgebiet / Neue Länder;DF;Früheres Bundesgebiet;WZ08C7;WZ2008 (ausgewählte Positionen): Tarifindex;WZ08-O-01;Öffentliche und persönliche Dienstleistungen;39,8;h;VST019;Durchschnittliche tarifliche Wochenarbeitszeit
62221;Vj. Index der Tarifverdienste und Arbeitszeiten;JAHR;Jahr;2021;DINSGF;Früheres Bundesgebiet / Neue Länder;DF;Früheres Bundesgebiet;WZ08C7;WZ2008 (ausgewählte Positionen): Tarifindex;WZ08-O-01;Öffentliche und persönliche Dienstleistungen;101,6;2020=100;VST066;Index d.tarifl. Monatsverdienste ohne Sonderzahl.
62221;Vj. Index der Tarifverdienste und Arbeitszeiten;JAHR;Jahr;2021;DINSGF;Früheres Bundesgebiet / Neue Länder;DF;Früheres Bundesgebiet;WZ08C7;WZ2008 (ausgewählte Positionen): Tarifindex;WZ08-O-01;Öffentliche und persönliche Dienstleistungen;100,0;2020=100;VST018;Index der tariflichen Wochenarbeitszeit
62221;Vj. Index der Tarifverdienste und Arbeitszeiten;JAHR;Jahr;2021;DINSGF;Früheres Bundesgebiet / Neue Länder;DF;Früheres Bundesgebiet;WZ08C7;WZ2008 (ausgewählte Positionen): Tarifindex;WZ08-O-01;Öffentliche und persönliche Dienstleistungen;101,6;2020=100;VST065;Index d.tarifl. Stundenverdienste ohne Sonderzahl.
62221;Vj. Index der Tarifverdienste und Arbeitszeiten;JAHR;Jahr;2016;DINSGF;Früheres Bundesgebiet / Neue Länder;DN;Neue Länder;WZ08C7;WZ2008 (ausgewählte Positionen): Tarifindex;WZ08-F;Baugewerbe;87,6;2020=100;VST072;Index d.tarifl. Stundenverdienste mit Sonderzahl.
62221;Vj. Index der Tarifverdienste und Arbeitszeiten;JAHR;Jahr;2016;DINSGF;Früheres Bundesgebiet / Neue Länder;DN;Neue Länder;WZ08C7;WZ2008 (ausgewählte Positionen): Tarifindex;WZ08-F;Baugewerbe;87,6;2020=100;VST073;Index d.tarifl. Monatsverdienste mit Sonderzahl.
62221;Vj. Index der Tarifverdienste und Arbeitszeiten;JAHR;Jahr;2016;DINSGF;Früheres Bundesgebiet / Neue Länder;DN;Neue Länder;WZ08C7;WZ2008 (ausgewählte Positionen): Tarifindex;WZ08-F;Baugewerbe;39,9;h;VST019;Durchschnittliche tarifliche Wochenarbeitszeit
62221;Vj. Index der Tarifverdienste und Arbeitszeiten;JAHR;Jahr;2016;DINSGF;Früheres Bundesgebiet / Neue Länder;DN;Neue Länder;WZ08C7;WZ2008 (ausgewählte Positionen): Tarifindex;WZ08-F;Baugewerbe;89,1;2020=100;VST066;Index d.tarifl. Monatsverdienste ohne Sonderzahl.
62221;Vj. Index der Tarifverdienste und Arbeitszeiten;JAHR;Jahr;2016;DINSGF;Früheres Bundesgebiet / Neue Länder;DN;Neue Länder;WZ08C7;WZ2008 (ausgewählte Positionen): Tarifindex;WZ08-F;Baugewerbe;100,0;2020=100;VST018;Index der tariflichen Wochenarbeitszeit
62221;Vj. Index der Tarifverdienste und Arbeitszeiten;JAHR;Jahr;2016;DINSGF;Früheres Bundesgebiet / Neue Länder;DN;Neue Länder;WZ08C7;WZ2008 (ausgewählte Positionen): Tarifindex;WZ08-F;Baugewerbe;89,0;2020=100;VST065;Index d.tarifl. Stundenverdienste ohne Sonderzahl.
62221;Vj. Index der Tarifverdienste und Arbeitszeiten;JAHR;Jahr;2016;DINSGF;Früheres Bundesgebiet / Neue Länder;DN;Neue Länder;WZ08C7;WZ2008 (ausgewählte Positionen): Tarifindex;WZ08-77;Vermietung von beweglichen Sachen;90,8;2020=100;VST072;Index d.tarifl. Stundenverdienste mit Sonderzahl.
62221;Vj. Index der Tarifverdienste und Arbeitszeiten;JAHR;Jahr;2016;DINSGF;Früheres Bundesgebiet / Neue Länder;DN;Neue Länder;WZ08C7;WZ2008 (ausgewählte Positionen): Tarifindex;WZ08-77;Vermietung von beweglichen Sachen;90,9;2020=100;VST073;Index d.tarifl. Monatsverdienste mit Sonderzahl.
62221;Vj. Index der Tarifverdienste und Arbeitszeiten;JAHR;Jahr;2016;DINSGF;Früheres Bundesgebiet / Neue Länder;DN;Neue Länder;WZ08C7;WZ2008 (ausgewählte Positionen): Tarifindex;WZ08-77;Vermietung von beweglichen Sachen;37,9;h;VST019;Durchschnittliche tarifliche Wochenarbeitszeit
62221;Vj. Index der Tarifverdienste und Arbeitszeiten;JAHR;Jahr;2016;DINSGF;Früheres Bundesgebiet / Neue Länder;DN;Neue Länder;WZ08C7;WZ2008 (ausgewählte Positionen): Tarifindex;WZ08-77;Vermietung von beweglichen Sachen;92,3;2020=100;VST066;Index d.tarifl. Monatsverdienste ohne Sonderzahl.
62221;Vj. Index der Tarifverdienste und Arbeitszeiten;JAHR;Jahr;2016;DINSGF;Früheres Bundesgebiet / Neue Länder;DN;Neue Länder;WZ08C7;WZ2008 (ausgewählte Positionen): Tarifindex;WZ08-77;Vermietung von beweglichen Sachen;100,0;2020=100;VST018;Index der tariflichen Wochenarbeitszeit
62221;Vj. Index der Tarifverdienste und Arbeitszeiten;JAHR;Jahr;2016;DINSGF;Früheres Bundesgebiet / Neue Länder;DN;Neue Länder;WZ08C7;WZ2008 (ausgewählte Positionen): Tarifindex;WZ08-77;Vermietung von beweglichen Sachen;92,2;2020=100;VST065;Index d.tarifl. Stundenverdienste ohne Sonderzahl.
62221;Vj. Index der Tarifverdienste und Arbeitszeiten;JAHR;Jahr;2019;DINSGF;Früheres Bundesgebiet / Neue Länder;DN;Neue Länder;WZ08C7;WZ2008 (ausgewählte Positionen): Tarifindex;WZ08-24;Metallerzeugung und -bearbeitung;98,6;2020=100;VST072;Index d.tarifl. Stundenverdienste mit Sonderzahl.
62221;Vj. Index der Tarifverdienste und Arbeitszeiten;JAHR;Jahr;2019;DINSGF;Früheres Bundesgebiet / Neue Länder;DN;Neue Länder;WZ08C7;WZ2008 (ausgewählte Positionen): Tarifindex;WZ08-24;Metallerzeugung und -bearbeitung;98,6;2020=100;VST073;Index d.tarifl. Monatsverdienste mit Sonderzahl.
62221;Vj. Index der Tarifverdienste und Arbeitszeiten;JAHR;Jahr;2019;DINSGF;Früheres Bundesgebiet / Neue Länder;DN;Neue Länder;WZ08C7;WZ2008 (ausgewählte Positionen): Tarifindex;WZ08-24;Metallerzeugung und -bearbeitung;36,0;h;VST019;Durchschnittliche tarifliche Wochenarbeitszeit
62221;Vj. Index der Tarifverdienste und Arbeitszeiten;JAHR;Jahr;2019;DINSGF;Früheres Bundesgebiet / Neue Länder;DN;Neue Länder;WZ08C7;WZ2008 (ausgewählte Positionen): Tarifindex;WZ08-24;Metallerzeugung und -bearbeitung;99,4;2020=100;VST066;Index d.tarifl. Monatsverdienste ohne Sonderzahl.
62221;Vj. Index der Tarifverdienste und Arbeitszeiten;JAHR;Jahr;2019;DINSGF;Früheres Bundesgebiet / Neue Länder;DN;Neue Länder;WZ08C7;WZ2008 (ausgewählte Positionen): Tarifindex;WZ08-24;Metallerzeugung und -bearbeitung;100,0;2020=100;VST018;Index der tariflichen Wochenarbeitszeit
62221;Vj. Index der Tarifverdienste und Arbeitszeiten;JAHR;Jahr;2019;DINSGF;Früheres Bundesgebiet / Neue Länder;DN;Neue Länder;WZ08C7;WZ2008 (ausgewählte Positionen): Tarifindex;WZ08-24;Metallerzeugung und -bearbeitung;99,4;2020=100;VST065;Index d.tarifl. Stundenverdienste ohne Sonderzahl.
62221;Vj. Index der Tarifverdienste und Arbeitszeiten;JAHR;Jahr;2023;DINSGF;Früheres Bundesgebiet / Neue Länder;DF;Früheres Bundesgebiet;WZ08C7;WZ2008 (ausgewählte Positionen): Tarifindex;WZ08-38-01;Recycling, Beseitigung von Umweltverschmutzungen;107,6;2020=100;VST072;Index d.tarifl. Stundenverdienste mit Sonderzahl.
62221;Vj. Index der Tarifverdienste und Arbeitszeiten;JAHR;Jahr;2023;DINSGF;Früheres Bundesgebiet / Neue Länder;DF;Früheres Bundesgebiet;WZ08C7;WZ2008 (ausgewählte Positionen): Tarifindex;WZ08-38-01;Recycling, Beseitigung von Umweltverschmutzungen;107,6;2020=100;VST073;Index d.tarifl. Monatsverdienste mit Sonderzahl.
62221;Vj. Index der Tarifverdienste und Arbeitszeiten;JAHR;Jahr;2023;DINSGF;Früheres Bundesgebiet / Neue Länder;DF;Früheres Bundesgebiet;WZ08C7;WZ2008 (ausgewählte Positionen): Tarifindex;WZ08-38-01;Recycling, Beseitigung von Umweltverschmutzungen;38,8;h;VST019;Durchschnittliche tarifliche Wochenarbeitszeit
62221;Vj. Index der Tarifverdienste und Arbeitszeiten;JAHR;Jahr;2023;DINSGF;Früheres Bundesgebiet / Neue Länder;DF;Früheres Bundesgebiet;WZ08C7;WZ2008 (ausgewählte Positionen): Tarifindex;WZ08-38-01;Recycling, Beseitigung von Umweltverschmutzungen;103,9;2020=100;VST066;Index d.tarifl. Monatsverdienste ohne Sonderzahl.
62221;Vj. Index der Tarifverdienste und Arbeitszeiten;JAHR;Jahr;2023;DINSGF;Früheres Bundesgebiet / Neue Länder;DF;Früheres Bundesgebiet;WZ08C7;WZ2008 (ausgewählte Positionen): Tarifindex;WZ08-38-01;Recycling, Beseitigung von Umweltverschmutzungen;100,0;2020=100;VST018;Index der tariflichen Wochenarbeitszeit
62221;Vj. Index der Tarifverdienste und Arbeitszeiten;JAHR;Jahr;2023;DINSGF;Früheres Bundesgebiet / Neue Länder;DF;Früheres Bundesgebiet;WZ08C7;WZ2008 (ausgewählte Positionen): Tarifindex;WZ08-38-01;Recycling, Beseitigung von Umweltverschmutzungen;103,9;2020=100;VST065;Index d.tarifl. Stundenverdienste ohne Sonderzahl.
62221;Vj. Index der Tarifverdienste und Arbeitszeiten;JAHR;Jahr;2019;DINSGF;Früheres Bundesgebiet / Neue Länder;DN;Neue Länder;WZ08C7;WZ2008 (ausgewählte Positionen): Tarifindex;WZ08-93;Dienstleistungen d.Sports,d.Unterhaltg.u.Erholung;97,3;2020=100;VST072;Index d.tarifl. Stundenverdienste mit Sonderzahl.
62221;Vj. Index der Tarifverdienste und Arbeitszeiten;JAHR;Jahr;2019;DINSGF;Früheres Bundesgebiet / Neue Länder;DN;Neue Länder;WZ08C7;WZ2008 (ausgewählte Positionen): Tarifindex;WZ08-93;Dienstleistungen d.Sports,d.Unterhaltg.u.Erholung;97,3;2020=100;VST073;Index d.tarifl. Monatsverdienste mit Sonderzahl.
62221;Vj. Index der Tarifverdienste und Arbeitszeiten;JAHR;Jahr;2019;DINSGF;Früheres Bundesgebiet / Neue Länder;DN;Neue Länder;WZ08C7;WZ2008 (ausgewählte Positionen): Tarifindex;WZ08-93;Dienstleistungen d.Sports,d.Unterhaltg.u.Erholung;38,9;h;VST019;Durchschnittliche tarifliche Wochenarbeitszeit
62221;Vj. Index der Tarifverdienste und Arbeitszeiten;JAHR;Jahr;2019;DINSGF;Früheres Bundesgebiet / Neue Länder;DN;Neue Länder;WZ08C7;WZ2008 (ausgewählte Positionen): Tarifindex;WZ08-93;Dienstleistungen d.Sports,d.Unterhaltg.u.Erholung;97,6;2020=100;VST066;Index d.tarifl. Monatsverdienste ohne Sonderzahl.
62221;Vj. Index der Tarifverdienste und Arbeitszeiten;JAHR;Jahr;2019;DINSGF;Früheres Bundesgebiet / Neue Länder;DN;Neue Länder;WZ08C7;WZ2008 (ausgewählte Positionen): Tarifindex;WZ08-93;Dienstleistungen d.Sports,d.Unterhaltg.u.Erholung;100,0;2020=100;VST018;Index der tariflichen Wochenarbeitszeit
62221;Vj. Index der Tarifverdienste und Arbeitszeiten;JAHR;Jahr;2019;DINSGF;Früheres Bundesgebiet / Neue Länder;DN;Neue Länder;WZ08C7;WZ2008 (ausgewählte Positionen): Tarifindex;WZ08-93;Dienstleistungen d.Sports,d.Unterhaltg.u.Erholung;97,6;2020=100;VST065;Index d.tarifl. Stundenverdienste ohne Sonderzahl.
62221;Vj. Index der Tarifverdienste und Arbeitszeiten;JAHR;Jahr;2018;DINSGF;Früheres Bundesgebiet / Neue Länder;DF;Früheres Bundesgebiet;WZ08C7;WZ2008 (ausgewählte Positionen): Tarifindex;WZ08-13;Herstellung von Textilien;95,8;2020=100;VST072;Index d.tarifl. Stundenverdienste mit Sonderzahl.
62221;Vj. Index der Tarifverdienste und Arbeitszeiten;JAHR;Jahr;2018;DINSGF;Früheres Bundesgebiet / Neue Länder;DF;Früheres Bundesgebiet;WZ08C7;WZ2008 (ausgewählte Positionen): Tarifindex;WZ08-13;Herstellung von Textilien;95,8;2020=100;VST073;Index d.tarifl. Monatsverdienste mit Sonderzahl.
62221;Vj. Index der Tarifverdienste und Arbeitszeiten;JAHR;Jahr;2018;DINSGF;Früheres Bundesgebiet / Neue Länder;DF;Früheres Bundesgebiet;WZ08C7;WZ2008 (ausgewählte Positionen): Tarifindex;WZ08-13;Herstellung von Textilien;37,1;h;VST019;Durchschnittliche tarifliche Wochenarbeitszeit
62221;Vj. Index der Tarifverdienste und Arbeitszeiten;JAHR;Jahr;2018;DINSGF;Früheres Bundesgebiet / Neue Länder;DF;Früheres Bundesgebiet;WZ08C7;WZ2008 (ausgewählte Positionen): Tarifindex;WZ08-13;Herstellung von Textilien;96,0;2020=100;VST066;Index d.tarifl. Monatsverdienste ohne Sonderzahl.
62221;Vj. Index der Tarifverdienste und Arbeitszeiten;JAHR;Jahr;2018;DINSGF;Früheres Bundesgebiet / Neue Länder;DF;Früheres Bundesgebiet;WZ08C7;WZ2008 (ausgewählte Positionen): Tarifindex;WZ08-13;Herstellung von Textilien;100,0;2020=100;VST018;Index der tariflichen Wochenarbeitszeit
62221;Vj. Index der Tarifverdienste und Arbeitszeiten;JAHR;Jahr;2018;DINSGF;Früheres Bundesgebiet / Neue Länder;DF;Früheres Bundesgebiet;WZ08C7;WZ2008 (ausgewählte Positionen): Tarifindex;WZ08-13;Herstellung von Textilien;96,0;2020=100;VST065;Index d.tarifl. Stundenverdienste ohne Sonderzahl.
62221;Vj. Index der Tarifverdienste und Arbeitszeiten;JAHR;Jahr;2016;DINSGF;Früheres Bundesgebiet / Neue Länder;DN;Neue Länder;WZ08C7;WZ2008 (ausgewählte Positionen): Tarifindex;WZ08-71;Architektur-,Ing.büros,techn.,physik.Untersuchung;90,1;2020=100;VST072;Index d.tarifl. Stundenverdienste mit Sonderzahl.
62221;Vj. Index der Tarifverdienste und Arbeitszeiten;JAHR;Jahr;2016;DINSGF;Früheres Bundesgebiet / Neue Länder;DN;Neue Länder;WZ08C7;WZ2008 (ausgewählte Positionen): Tarifindex;WZ08-71;Architektur-,Ing.büros,techn.,physik.Untersuchung;90,9;2020=100;VST073;Index d.tarifl. Monatsverdienste mit Sonderzahl.
62221;Vj. Index der Tarifverdienste und Arbeitszeiten;JAHR;Jahr;2016;DINSGF;Früheres Bundesgebiet / Neue Länder;DN;Neue Länder;WZ08C7;WZ2008 (ausgewählte Positionen): Tarifindex;WZ08-71;Architektur-,Ing.büros,techn.,physik.Untersuchung;38,3;h;VST019;Durchschnittliche tarifliche Wochenarbeitszeit
62221;Vj. Index der Tarifverdienste und Arbeitszeiten;JAHR;Jahr;2016;DINSGF;Früheres Bundesgebiet / Neue Länder;DN;Neue Länder;WZ08C7;WZ2008 (ausgewählte Positionen): Tarifindex;WZ08-71;Architektur-,Ing.büros,techn.,physik.Untersuchung;91,1;2020=100;VST066;Index d.tarifl. Monatsverdienste ohne Sonderzahl.
62221;Vj. Index der Tarifverdienste und Arbeitszeiten;JAHR;Jahr;2016;DINSGF;Früheres Bundesgebiet / Neue Länder;DN;Neue Länder;WZ08C7;WZ2008 (ausgewählte Positionen): Tarifindex;WZ08-71;Architektur-,Ing.büros,techn.,physik.Untersuchung;100,6;2020=100;VST018;Index der tariflichen Wochenarbeitszeit
62221;Vj. Index der Tarifverdienste und Arbeitszeiten;JAHR;Jahr;2016;DINSGF;Früheres Bundesgebiet / Neue Länder;DN;Neue Länder;WZ08C7;WZ2008 (ausgewählte Positionen): Tarifindex;WZ08-71;Architektur-,Ing.büros,techn.,physik.Untersuchung;90,3;2020=100;VST065;Index d.tarifl. Stundenverdienste ohne Sonderzahl.
62221;Vj. Index der Tarifverdienste und Arbeitszeiten;JAHR;Jahr;2025;DINSGF;Früheres Bundesgebiet / Neue Länder;DF;Früheres Bundesgebiet;WZ08C7;WZ2008 (ausgewählte Positionen): Tarifindex;WZ08-O;Öff. Verwaltung, Verteidigung, Sozialversicherung;114,3;2020=100;VST072;Index d.tarifl. Stundenverdienste mit Sonderzahl.
62221;Vj. Index der Tarifverdienste und Arbeitszeiten;JAHR;Jahr;2025;DINSGF;Früheres Bundesgebiet / Neue Länder;DF;Früheres Bundesgebiet;WZ08C7;WZ2008 (ausgewählte Positionen): Tarifindex;WZ08-O;Öff. Verwaltung, Verteidigung, Sozialversicherung;114,3;2020=100;VST073;Index d.tarifl. Monatsverdienste mit Sonderzahl.
62221;Vj. Index der Tarifverdienste und Arbeitszeiten;JAHR;Jahr;2025;DINSGF;Früheres Bundesgebiet / Neue Länder;DF;Früheres Bundesgebiet;WZ08C7;WZ2008 (ausgewählte Positionen): Tarifindex;WZ08-O;Öff. Verwaltung, Verteidigung, Sozialversicherung;40,1;h;VST019;Durchschnittliche tarifliche Wochenarbeitszeit
62221;Vj. Index der Tarifverdienste und Arbeitszeiten;JAHR;Jahr;2025;DINSGF;Früheres Bundesgebiet / Neue Länder;DF;Früheres Bundesgebiet;WZ08C7;WZ2008 (ausgewählte Positionen): Tarifindex;WZ08-O;Öff. Verwaltung, Verteidigung, Sozialversicherung;114,4;2020=100;VST066;Index d.tarifl. Monatsverdienste ohne Sonderzahl.
62221;Vj. Index der Tarifverdienste und Arbeitszeiten;JAHR;Jahr;2025;DINSGF;Früheres Bundesgebiet / Neue Länder;DF;Früheres Bundesgebiet;WZ08C7;WZ2008 (ausgewählte Positionen): Tarifindex;WZ08-O;Öff. Verwaltung, Verteidigung, Sozialversicherung;100,0;2020=100;VST018;Index der tariflichen Wochenarbeitszeit
62221;Vj. Index der Tarifverdienste und Arbeitszeiten;JAHR;Jahr;2025;DINSGF;Früheres Bundesgebiet / Neue Länder;DF;Früheres Bundesgebiet;WZ08C7;WZ2008 (ausgewählte Positionen): Tarifindex;WZ08-O;Öff. Verwaltung, Verteidigung, Sozialversicherung;114,4;2020=100;VST065;Index d.tarifl. Stundenverdienste ohne Sonderzahl.
62221;Vj. Index der Tarifverdienste und Arbeitszeiten;JAHR;Jahr;2018;DINSGF;Früheres Bundesgebiet / Neue Länder;DF;Früheres Bundesgebiet;WZ08C7;WZ2008 (ausgewählte Positionen): Tarifindex;WZ08-19;Kokerei und Mineralölverarbeitung;95,4;2020=100;VST072;Index d.tarifl. Stundenverdienste mit Sonderzahl.
62221;Vj. Index der Tarifverdienste und Arbeitszeiten;JAHR;Jahr;2018;DINSGF;Früheres Bundesgebiet / Neue Länder;DF;Früheres Bundesgebiet;WZ08C7;WZ2008 (ausgewählte Positionen): Tarifindex;WZ08-19;Kokerei und Mineralölverarbeitung;95,4;2020=100;VST073;Index d.tarifl. Monatsverdienste mit Sonderzahl.
62221;Vj. Index der Tarifverdienste und Arbeitszeiten;JAHR;Jahr;2018;DINSGF;Früheres Bundesgebiet / Neue Länder;DF;Früheres Bundesgebiet;WZ08C7;WZ2008 (ausgewählte Positionen): Tarifindex;WZ08-19;Kokerei und Mineralölverarbeitung;37,8;h;VST019;Durchschnittliche tarifliche Wochenarbeitszeit
62221;Vj. Index der Tarifverdienste und Arbeitszeiten;JAHR;Jahr;2018;DINSGF;Früheres Bundesgebiet / Neue Länder;DF;Früheres Bundesgebiet;WZ08C7;WZ2008 (ausgewählte Positionen): Tarifindex;WZ08-19;Kokerei und Mineralölverarbeitung;96,1;2020=100;VST066;Index d.tarifl. Monatsverdienste ohne Sonderzahl.
62221;Vj. Index der Tarifverdienste und Arbeitszeiten;JAHR;Jahr;2018;DINSGF;Früheres Bundesgebiet / Neue Länder;DF;Früheres Bundesgebiet;WZ08C7;WZ2008 (ausgewählte Positionen): Tarifindex;WZ08-19;Kokerei und Mineralölverarbeitung;100,0;2020=100;VST018;Index der tariflichen Wochenarbeitszeit
62221;Vj. Index der Tarifverdienste und Arbeitszeiten;JAHR;Jahr;2018;DINSGF;Früheres Bundesgebiet / Neue Länder;DF;Früheres Bundesgebiet;WZ08C7;WZ2008 (ausgewählte Positionen): Tarifindex;WZ08-19;Kokerei und Mineralölverarbeitung;96,1;2020=100;VST065;Index d.tarifl. Stundenverdienste ohne Sonderzahl.
62221;Vj. Index der Tarifverdienste und Arbeitszeiten;JAHR;Jahr;2016;DINSGF;Früheres Bundesgebiet / Neue Länder;DF;Früheres Bundesgebiet;WZ08C7;WZ2008 (ausgewählte Positionen): Tarifindex;WZ08-D-06;Energie- und Wasserversorgung;91,2;2020=100;VST072;Index d.tarifl. Stundenverdienste mit Sonderzahl.
62221;Vj. Index der Tarifverdienste und Arbeitszeiten;JAHR;Jahr;2016;DINSGF;Früheres Bundesgebiet / Neue Länder;DF;Früheres Bundesgebiet;WZ08C7;WZ2008 (ausgewählte Positionen): Tarifindex;WZ08-D-06;Energie- und Wasserversorgung;91,2;2020=100;VST073;Index d.tarifl. Monatsverdienste mit Sonderzahl.
62221;Vj. Index der Tarifverdienste und Arbeitszeiten;JAHR;Jahr;2016;DINSGF;Früheres Bundesgebiet / Neue Länder;DF;Früheres Bundesgebiet;WZ08C7;WZ2008 (ausgewählte Positionen): Tarifindex;WZ08-D-06;Energie- und Wasserversorgung;38,5;h;VST019;Durchschnittliche tarifliche Wochenarbeitszeit
62221;Vj. Index der Tarifverdienste und Arbeitszeiten;JAHR;Jahr;2016;DINSGF;Früheres Bundesgebiet / Neue Länder;DF;Früheres Bundesgebiet;WZ08C7;WZ2008 (ausgewählte Positionen): Tarifindex;WZ08-D-06;Energie- und Wasserversorgung;90,7;2020=100;VST066;Index d.tarifl. Monatsverdienste ohne Sonderzahl.
62221;Vj. Index der Tarifverdienste und Arbeitszeiten;JAHR;Jahr;2016;DINSGF;Früheres Bundesgebiet / Neue Länder;DF;Früheres Bundesgebiet;WZ08C7;WZ2008 (ausgewählte Positionen): Tarifindex;WZ08-D-06;Energie- und Wasserversorgung;100,0;2020=100;VST018;Index der tariflichen Wochenarbeitszeit
62221;Vj. Index der Tarifverdienste und Arbeitszeiten;JAHR;Jahr;2016;DINSGF;Früheres Bundesgebiet / Neue Länder;DF;Früheres Bundesgebiet;WZ08C7;WZ2008 (ausgewählte Positionen): Tarifindex;WZ08-D-06;Energie- und Wasserversorgung;90,7;2020=100;VST065;Index d.tarifl. Stundenverdienste ohne Sonderzahl.
62221;Vj. Index der Tarifverdienste und Arbeitszeiten;JAHR;Jahr;2018;DINSGF;Früheres Bundesgebiet / Neue Länder;DF;Früheres Bundesgebiet;WZ08C7;WZ2008 (ausgewählte Positionen): Tarifindex;WZ08-37;Abwasserentsorgung;94,9;2020=100;VST072;Index d.tarifl. Stundenverdienste mit Sonderzahl.
62221;Vj. Index der Tarifverdienste und Arbeitszeiten;JAHR;Jahr;2018;DINSGF;Früheres Bundesgebiet / Neue Länder;DF;Früheres Bundesgebiet;WZ08C7;WZ2008 (ausgewählte Positionen): Tarifindex;WZ08-37;Abwasserentsorgung;94,9;2020=100;VST073;Index d.tarifl. Monatsverdienste mit Sonderzahl.
62221;Vj. Index der Tarifverdienste und Arbeitszeiten;JAHR;Jahr;2018;DINSGF;Früheres Bundesgebiet / Neue Länder;DF;Früheres Bundesgebiet;WZ08C7;WZ2008 (ausgewählte Positionen): Tarifindex;WZ08-37;Abwasserentsorgung;39,0;h;VST019;Durchschnittliche tarifliche Wochenarbeitszeit
62221;Vj. Index der Tarifverdienste und Arbeitszeiten;JAHR;Jahr;2018;DINSGF;Früheres Bundesgebiet / Neue Länder;DF;Früheres Bundesgebiet;WZ08C7;WZ2008 (ausgewählte Positionen): Tarifindex;WZ08-37;Abwasserentsorgung;94,5;2020=100;VST066;Index d.tarifl. Monatsverdienste ohne Sonderzahl.
62221;Vj. Index der Tarifverdienste und Arbeitszeiten;JAHR;Jahr;2018;DINSGF;Früheres Bundesgebiet / Neue Länder;DF;Früheres Bundesgebiet;WZ08C7;WZ2008 (ausgewählte Positionen): Tarifindex;WZ08-37;Abwasserentsorgung;100,0;2020=100;VST018;Index der tariflichen Wochenarbeitszeit
62221;Vj. Index der Tarifverdienste und Arbeitszeiten;JAHR;Jahr;2018;DINSGF;Früheres Bundesgebiet / Neue Länder;DF;Früheres Bundesgebiet;WZ08C7;WZ2008 (ausgewählte Positionen): Tarifindex;WZ08-37;Abwasserentsorgung;94,5;2020=100;VST065;Index d.tarifl. Stundenverdienste ohne Sonderzahl.
62221;Vj. Index der Tarifverdienste und Arbeitszeiten;JAHR;Jahr;2019;DINSGF;Früheres Bundesgebiet / Neue Länder;DF;Früheres Bundesgebiet;WZ08C7;WZ2008 (ausgewählte Positionen): Tarifindex;WZ08-24-01;Metallgewerbe;99,5;2020=100;VST072;Index d.tarifl. Stundenverdienste mit Sonderzahl.
62221;Vj. Index der Tarifverdienste und Arbeitszeiten;JAHR;Jahr;2019;DINSGF;Früheres Bundesgebiet / Neue Länder;DF;Früheres Bundesgebiet;WZ08C7;WZ2008 (ausgewählte Positionen): Tarifindex;WZ08-24-01;Metallgewerbe;99,5;2020=100;VST073;Index d.tarifl. Monatsverdienste mit Sonderzahl.
62221;Vj. Index der Tarifverdienste und Arbeitszeiten;JAHR;Jahr;2019;DINSGF;Früheres Bundesgebiet / Neue Länder;DF;Früheres Bundesgebiet;WZ08C7;WZ2008 (ausgewählte Positionen): Tarifindex;WZ08-24-01;Metallgewerbe;35,4;h;VST019;Durchschnittliche tarifliche Wochenarbeitszeit
62221;Vj. Index der Tarifverdienste und Arbeitszeiten;JAHR;Jahr;2019;DINSGF;Früheres Bundesgebiet / Neue Länder;DF;Früheres Bundesgebiet;WZ08C7;WZ2008 (ausgewählte Positionen): Tarifindex;WZ08-24-01;Metallgewerbe;99,6;2020=100;VST066;Index d.tarifl. Monatsverdienste ohne Sonderzahl.
62221;Vj. Index der Tarifverdienste und Arbeitszeiten;JAHR;Jahr;2019;DINSGF;Früheres Bundesgebiet / Neue Länder;DF;Früheres Bundesgebiet;WZ08C7;WZ2008 (ausgewählte Positionen): Tarifindex;WZ08-24-01;Metallgewerbe;100,0;2020=100;VST018;Index der tariflichen Wochenarbeitszeit
62221;Vj. Index der Tarifverdienste und Arbeitszeiten;JAHR;Jahr;2019;DINSGF;Früheres Bundesgebiet / Neue Länder;DF;Früheres Bundesgebiet;WZ08C7;WZ2008 (ausgewählte Positionen): Tarifindex;WZ08-24-01;Metallgewerbe;99,6;2020=100;VST065;Index d.tarifl. Stundenverdienste ohne Sonderzahl.
62221;Vj. Index der Tarifverdienste und Arbeitszeiten;JAHR;Jahr;2025;DINSGF;Früheres Bundesgebiet / Neue Länder;DF;Früheres Bundesgebiet;WZ08C7;WZ2008 (ausgewählte Positionen): Tarifindex;WZ08-I;Gastgewerbe;126,2;2020=100;VST072;Index d.tarifl. Stundenverdienste mit Sonderzahl.
62221;Vj. Index der Tarifverdienste und Arbeitszeiten;JAHR;Jahr;2025;DINSGF;Früheres Bundesgebiet / Neue Länder;DF;Früheres Bundesgebiet;WZ08C7;WZ2008 (ausgewählte Positionen): Tarifindex;WZ08-I;Gastgewerbe;126,2;2020=100;VST073;Index d.tarifl. Monatsverdienste mit Sonderzahl.
62221;Vj. Index der Tarifverdienste und Arbeitszeiten;JAHR;Jahr;2025;DINSGF;Früheres Bundesgebiet / Neue Länder;DF;Früheres Bundesgebiet;WZ08C7;WZ2008 (ausgewählte Positionen): Tarifindex;WZ08-I;Gastgewerbe;39,0;h;VST019;Durchschnittliche tarifliche Wochenarbeitszeit
62221;Vj. Index der Tarifverdienste und Arbeitszeiten;JAHR;Jahr;2025;DINSGF;Früheres Bundesgebiet / Neue Länder;DF;Früheres Bundesgebiet;WZ08C7;WZ2008 (ausgewählte Positionen): Tarifindex;WZ08-I;Gastgewerbe;126,2;2020=100;VST066;Index d.tarifl. Monatsverdienste ohne Sonderzahl.
62221;Vj. Index der Tarifverdienste und Arbeitszeiten;JAHR;Jahr;2025;DINSGF;Früheres Bundesgebiet / Neue Länder;DF;Früheres Bundesgebiet;WZ08C7;WZ2008 (ausgewählte Positionen): Tarifindex;WZ08-I;Gastgewerbe;100,0;2020=100;VST018;Index der tariflichen Wochenarbeitszeit
62221;Vj. Index der Tarifverdienste und Arbeitszeiten;JAHR;Jahr;2025;DINSGF;Früheres Bundesgebiet / Neue Länder;DF;Früheres Bundesgebiet;WZ08C7;WZ2008 (ausgewählte Positionen): Tarifindex;WZ08-I;Gastgewerbe;126,2;2020=100;VST065;Index d.tarifl. Stundenverdienste ohne Sonderzahl.
62221;Vj. Index der Tarifverdienste und Arbeitszeiten;JAHR;Jahr;2018;DINSGF;Früheres Bundesgebiet / Neue Länder;DF;Früheres Bundesgebiet;WZ08C7;WZ2008 (ausgewählte Positionen): Tarifindex;WZ-X001;Vorleistungsgüterproduzenten;95,7;2020=100;VST072;Index d.tarifl. Stundenverdienste mit Sonderzahl.
62221;Vj. Index der Tarifverdienste und Arbeitszeiten;JAHR;Jahr;2018;DINSGF;Früheres Bundesgebiet / Neue Länder;DF;Früheres Bundesgebiet;WZ08C7;WZ2008 (ausgewählte Positionen): Tarifindex;WZ-X001;Vorleistungsgüterproduzenten;95,7;2020=100;VST073;Index d.tarifl. Monatsverdienste mit Sonderzahl.
62221;Vj. Index der Tarifverdienste und Arbeitszeiten;JAHR;Jahr;2018;DINSGF;Früheres Bundesgebiet / Neue Länder;DF;Früheres Bundesgebiet;WZ08C7;WZ2008 (ausgewählte Positionen): Tarifindex;WZ-X001;Vorleistungsgüterproduzenten;36,7;h;VST019;Durchschnittliche tarifliche Wochenarbeitszeit
62221;Vj. Index der Tarifverdienste und Arbeitszeiten;JAHR;Jahr;2018;DINSGF;Früheres Bundesgebiet / Neue Länder;DF;Früheres Bundesgebiet;WZ08C7;WZ2008 (ausgewählte Positionen): Tarifindex;WZ-X001;Vorleistungsgüterproduzenten;97,0;2020=100;VST066;Index d.tarifl. Monatsverdienste ohne Sonderzahl.
62221;Vj. Index der Tarifverdienste und Arbeitszeiten;JAHR;Jahr;2018;DINSGF;Früheres Bundesgebiet / Neue Länder;DF;Früheres Bundesgebiet;WZ08C7;WZ2008 (ausgewählte Positionen): Tarifindex;WZ-X001;Vorleistungsgüterproduzenten;100,0;2020=100;VST018;Index der tariflichen Wochenarbeitszeit
62221;Vj. Index der Tarifverdienste und Arbeitszeiten;JAHR;Jahr;2018;DINSGF;Früheres Bundesgebiet / Neue Länder;DF;Früheres Bundesgebiet;WZ08C7;WZ2008 (ausgewählte Positionen): Tarifindex;WZ-X001;Vorleistungsgüterproduzenten;97,0;2020=100;VST065;Index d.tarifl. Stundenverdienste ohne Sonderzahl.
62221;Vj. Index der Tarifverdienste und Arbeitszeiten;JAHR;Jahr;2018;DINSGF;Früheres Bundesgebiet / Neue Länder;DF;Früheres Bundesgebiet;WZ08C7;WZ2008 (ausgewählte Positionen): Tarifindex;WZ08-22;Herstellung von Gummi- und Kunststoffwaren;95,5;2020=100;VST072;Index d.tarifl. Stundenverdienste mit Sonderzahl.
62221;Vj. Index der Tarifverdienste und Arbeitszeiten;JAHR;Jahr;2018;DINSGF;Früheres Bundesgebiet / Neue Länder;DF;Früheres Bundesgebiet;WZ08C7;WZ2008 (ausgewählte Positionen): Tarifindex;WZ08-22;Herstellung von Gummi- und Kunststoffwaren;95,5;2020=100;VST073;Index d.tarifl. Monatsverdienste mit Sonderzahl.
62221;Vj. Index der Tarifverdienste und Arbeitszeiten;JAHR;Jahr;2018;DINSGF;Früheres Bundesgebiet / Neue Länder;DF;Früheres Bundesgebiet;WZ08C7;WZ2008 (ausgewählte Positionen): Tarifindex;WZ08-22;Herstellung von Gummi- und Kunststoffwaren;37,0;h;VST019;Durchschnittliche tarifliche Wochenarbeitszeit
62221;Vj. Index der Tarifverdienste und Arbeitszeiten;JAHR;Jahr;2018;DINSGF;Früheres Bundesgebiet / Neue Länder;DF;Früheres Bundesgebiet;WZ08C7;WZ2008 (ausgewählte Positionen): Tarifindex;WZ08-22;Herstellung von Gummi- und Kunststoffwaren;96,5;2020=100;VST066;Index d.tarifl. Monatsverdienste ohne Sonderzahl.
62221;Vj. Index der Tarifverdienste und Arbeitszeiten;JAHR;Jahr;2018;DINSGF;Früheres Bundesgebiet / Neue Länder;DF;Früheres Bundesgebiet;WZ08C7;WZ2008 (ausgewählte Positionen): Tarifindex;WZ08-22;Herstellung von Gummi- und Kunststoffwaren;100,0;2020=100;VST018;Index der tariflichen Wochenarbeitszeit
62221;Vj. Index der Tarifverdienste und Arbeitszeiten;JAHR;Jahr;2018;DINSGF;Früheres Bundesgebiet / Neue Länder;DF;Früheres Bundesgebiet;WZ08C7;WZ2008 (ausgewählte Positionen): Tarifindex;WZ08-22;Herstellung von Gummi- und Kunststoffwaren;96,5;2020=100;VST065;Index d.tarifl. Stundenverdienste ohne Sonderzahl.
62221;Vj. Index der Tarifverdienste und Arbeitszeiten;JAHR;Jahr;2016;DINSGF;Früheres Bundesgebiet / Neue Länder;DN;Neue Länder;WZ08C7;WZ2008 (ausgewählte Positionen): Tarifindex;WZ08-68;Grundstücks- und Wohnungswesen;91,0;2020=100;VST072;Index d.tarifl. Stundenverdienste mit Sonderzahl.
62221;Vj. Index der Tarifverdienste und Arbeitszeiten;JAHR;Jahr;2016;DINSGF;Früheres Bundesgebiet / Neue Länder;DN;Neue Länder;WZ08C7;WZ2008 (ausgewählte Positionen): Tarifindex;WZ08-68;Grundstücks- und Wohnungswesen;91,0;2020=100;VST073;Index d.tarifl. Monatsverdienste mit Sonderzahl.
62221;Vj. Index der Tarifverdienste und Arbeitszeiten;JAHR;Jahr;2016;DINSGF;Früheres Bundesgebiet / Neue Länder;DN;Neue Länder;WZ08C7;WZ2008 (ausgewählte Positionen): Tarifindex;WZ08-68;Grundstücks- und Wohnungswesen;37,2;h;VST019;Durchschnittliche tarifliche Wochenarbeitszeit
62221;Vj. Index der Tarifverdienste und Arbeitszeiten;JAHR;Jahr;2016;DINSGF;Früheres Bundesgebiet / Neue Länder;DN;Neue Länder;WZ08C7;WZ2008 (ausgewählte Positionen): Tarifindex;WZ08-68;Grundstücks- und Wohnungswesen;91,6;2020=100;VST066;Index d.tarifl. Monatsverdienste ohne Sonderzahl.
62221;Vj. Index der Tarifverdienste und Arbeitszeiten;JAHR;Jahr;2016;DINSGF;Früheres Bundesgebiet / Neue Länder;DN;Neue Länder;WZ08C7;WZ2008 (ausgewählte Positionen): Tarifindex;WZ08-68;Grundstücks- und Wohnungswesen;100,0;2020=100;VST018;Index der tariflichen Wochenarbeitszeit
62221;Vj. Index der Tarifverdienste und Arbeitszeiten;JAHR;Jahr;2016;DINSGF;Früheres Bundesgebiet / Neue Länder;DN;Neue Länder;WZ08C7;WZ2008 (ausgewählte Positionen): Tarifindex;WZ08-68;Grundstücks- und Wohnungswesen;91,6;2020=100;VST065;Index d.tarifl. Stundenverdienste ohne Sonderzahl.
62221;Vj. Index der Tarifverdienste und Arbeitszeiten;JAHR;Jahr;2018;DINSGF;Früheres Bundesgebiet / Neue Länder;DN;Neue Länder;WZ08C7;WZ2008 (ausgewählte Positionen): Tarifindex;WZ08-01-01;Land- und Forstwirtschaft;91,3;2020=100;VST072;Index d.tarifl. Stundenverdienste mit Sonderzahl.
62221;Vj. Index der Tarifverdienste und Arbeitszeiten;JAHR;Jahr;2018;DINSGF;Früheres Bundesgebiet / Neue Länder;DN;Neue Länder;WZ08C7;WZ2008 (ausgewählte Positionen): Tarifindex;WZ08-01-01;Land- und Forstwirtschaft;91,3;2020=100;VST073;Index d.tarifl. Monatsverdienste mit Sonderzahl.
62221;Vj. Index der Tarifverdienste und Arbeitszeiten;JAHR;Jahr;2018;DINSGF;Früheres Bundesgebiet / Neue Länder;DN;Neue Länder;WZ08C7;WZ2008 (ausgewählte Positionen): Tarifindex;WZ08-01-01;Land- und Forstwirtschaft;39,8;h;VST019;Durchschnittliche tarifliche Wochenarbeitszeit
62221;Vj. Index der Tarifverdienste und Arbeitszeiten;JAHR;Jahr;2018;DINSGF;Früheres Bundesgebiet / Neue Länder;DN;Neue Länder;WZ08C7;WZ2008 (ausgewählte Positionen): Tarifindex;WZ08-01-01;Land- und Forstwirtschaft;90,7;2020=100;VST066;Index d.tarifl. Monatsverdienste ohne Sonderzahl.
62221;Vj. Index der Tarifverdienste und Arbeitszeiten;JAHR;Jahr;2018;DINSGF;Früheres Bundesgebiet / Neue Länder;DN;Neue Länder;WZ08C7;WZ2008 (ausgewählte Positionen): Tarifindex;WZ08-01-01;Land- und Forstwirtschaft;100,0;2020=100;VST018;Index der tariflichen Wochenarbeitszeit
62221;Vj. Index der Tarifverdienste und Arbeitszeiten;JAHR;Jahr;2018;DINSGF;Früheres Bundesgebiet / Neue Länder;DN;Neue Länder;WZ08C7;WZ2008 (ausgewählte Positionen): Tarifindex;WZ08-01-01;Land- und Forstwirtschaft;90,7;2020=100;VST065;Index d.tarifl. Stundenverdienste ohne Sonderzahl.
62221;Vj. Index der Tarifverdienste und Arbeitszeiten;JAHR;Jahr;2019;DINSGF;Früheres Bundesgebiet / Neue Länder;DN;Neue Länder;WZ08C7;WZ2008 (ausgewählte Positionen): Tarifindex;WZ08-75;Veterinärwesen;96,4;2020=100;VST072;Index d.tarifl. Stundenverdienste mit Sonderzahl.
62221;Vj. Index der Tarifverdienste und Arbeitszeiten;JAHR;Jahr;2019;DINSGF;Früheres Bundesgebiet / Neue Länder;DN;Neue Länder;WZ08C7;WZ2008 (ausgewählte Positionen): Tarifindex;WZ08-75;Veterinärwesen;96,4;2020=100;VST073;Index d.tarifl. Monatsverdienste mit Sonderzahl.
62221;Vj. Index der Tarifverdienste und Arbeitszeiten;JAHR;Jahr;2019;DINSGF;Früheres Bundesgebiet / Neue Länder;DN;Neue Länder;WZ08C7;WZ2008 (ausgewählte Positionen): Tarifindex;WZ08-75;Veterinärwesen;39,7;h;VST019;Durchschnittliche tarifliche Wochenarbeitszeit
62221;Vj. Index der Tarifverdienste und Arbeitszeiten;JAHR;Jahr;2019;DINSGF;Früheres Bundesgebiet / Neue Länder;DN;Neue Länder;WZ08C7;WZ2008 (ausgewählte Positionen): Tarifindex;WZ08-75;Veterinärwesen;96,6;2020=100;VST066;Index d.tarifl. Monatsverdienste ohne Sonderzahl.
62221;Vj. Index der Tarifverdienste und Arbeitszeiten;JAHR;Jahr;2019;DINSGF;Früheres Bundesgebiet / Neue Länder;DN;Neue Länder;WZ08C7;WZ2008 (ausgewählte Positionen): Tarifindex;WZ08-75;Veterinärwesen;100,0;2020=100;VST018;Index der tariflichen Wochenarbeitszeit
62221;Vj. Index der Tarifverdienste und Arbeitszeiten;JAHR;Jahr;2019;DINSGF;Früheres Bundesgebiet / Neue Länder;DN;Neue Länder;WZ08C7;WZ2008 (ausgewählte Positionen): Tarifindex;WZ08-75;Veterinärwesen;96,6;2020=100;VST065;Index d.tarifl. Stundenverdienste ohne Sonderzahl.
62221;Vj. Index der Tarifverdienste und Arbeitszeiten;JAHR;Jahr;2022;DINSGF;Früheres Bundesgebiet / Neue Länder;DF;Früheres Bundesgebiet;WZ08C7;WZ2008 (ausgewählte Positionen): Tarifindex;WZ08-Q;Gesundheits- und Sozialwesen;104,5;2020=100;VST072;Index d.tarifl. Stundenverdienste mit Sonderzahl.
62221;Vj. Index der Tarifverdienste und Arbeitszeiten;JAHR;Jahr;2022;DINSGF;Früheres Bundesgebiet / Neue Länder;DF;Früheres Bundesgebiet;WZ08C7;WZ2008 (ausgewählte Positionen): Tarifindex;WZ08-Q;Gesundheits- und Sozialwesen;104,5;2020=100;VST073;Index d.tarifl. Monatsverdienste mit Sonderzahl.
62221;Vj. Index der Tarifverdienste und Arbeitszeiten;JAHR;Jahr;2022;DINSGF;Früheres Bundesgebiet / Neue Länder;DF;Früheres Bundesgebiet;WZ08C7;WZ2008 (ausgewählte Positionen): Tarifindex;WZ08-Q;Gesundheits- und Sozialwesen;39,2;h;VST019;Durchschnittliche tarifliche Wochenarbeitszeit
62221;Vj. Index der Tarifverdienste und Arbeitszeiten;JAHR;Jahr;2022;DINSGF;Früheres Bundesgebiet / Neue Länder;DF;Früheres Bundesgebiet;WZ08C7;WZ2008 (ausgewählte Positionen): Tarifindex;WZ08-Q;Gesundheits- und Sozialwesen;104,1;2020=100;VST066;Index d.tarifl. Monatsverdienste ohne Sonderzahl.
62221;Vj. Index der Tarifverdienste und Arbeitszeiten;JAHR;Jahr;2022;DINSGF;Früheres Bundesgebiet / Neue Länder;DF;Früheres Bundesgebiet;WZ08C7;WZ2008 (ausgewählte Positionen): Tarifindex;WZ08-Q;Gesundheits- und Sozialwesen;100,0;2020=100;VST018;Index der tariflichen Wochenarbeitszeit
62221;Vj. Index der Tarifverdienste und Arbeitszeiten;JAHR;Jahr;2022;DINSGF;Früheres Bundesgebiet / Neue Länder;DF;Früheres Bundesgebiet;WZ08C7;WZ2008 (ausgewählte Positionen): Tarifindex;WZ08-Q;Gesundheits- und Sozialwesen;104,1;2020=100;VST065;Index d.tarifl. Stundenverdienste ohne Sonderzahl.
62221;Vj. Index der Tarifverdienste und Arbeitszeiten;JAHR;Jahr;2016;DINSGF;Früheres Bundesgebiet / Neue Länder;DN;Neue Länder;WZ08C7;WZ2008 (ausgewählte Positionen): Tarifindex;WZ08-R;Kunst, Unterhaltung und Erholung;89,7;2020=100;VST072;Index d.tarifl. Stundenverdienste mit Sonderzahl.
62221;Vj. Index der Tarifverdienste und Arbeitszeiten;JAHR;Jahr;2016;DINSGF;Früheres Bundesgebiet / Neue Länder;DN;Neue Länder;WZ08C7;WZ2008 (ausgewählte Positionen): Tarifindex;WZ08-R;Kunst, Unterhaltung und Erholung;89,7;2020=100;VST073;Index d.tarifl. Monatsverdienste mit Sonderzahl.
62221;Vj. Index der Tarifverdienste und Arbeitszeiten;JAHR;Jahr;2016;DINSGF;Früheres Bundesgebiet / Neue Länder;DN;Neue Länder;WZ08C7;WZ2008 (ausgewählte Positionen): Tarifindex;WZ08-R;Kunst, Unterhaltung und Erholung;39,0;h;VST019;Durchschnittliche tarifliche Wochenarbeitszeit
62221;Vj. Index der Tarifverdienste und Arbeitszeiten;JAHR;Jahr;2016;DINSGF;Früheres Bundesgebiet / Neue Länder;DN;Neue Länder;WZ08C7;WZ2008 (ausgewählte Positionen): Tarifindex;WZ08-R;Kunst, Unterhaltung und Erholung;89,2;2020=100;VST066;Index d.tarifl. Monatsverdienste ohne Sonderzahl.
62221;Vj. Index der Tarifverdienste und Arbeitszeiten;JAHR;Jahr;2016;DINSGF;Früheres Bundesgebiet / Neue Länder;DN;Neue Länder;WZ08C7;WZ2008 (ausgewählte Positionen): Tarifindex;WZ08-R;Kunst, Unterhaltung und Erholung;100,0;2020=100;VST018;Index der tariflichen Wochenarbeitszeit
62221;Vj. Index der Tarifverdienste und Arbeitszeiten;JAHR;Jahr;2016;DINSGF;Früheres Bundesgebiet / Neue Länder;DN;Neue Länder;WZ08C7;WZ2008 (ausgewählte Positionen): Tarifindex;WZ08-R;Kunst, Unterhaltung und Erholung;89,2;2020=100;VST065;Index d.tarifl. Stundenverdienste ohne Sonderzahl.
62221;Vj. Index der Tarifverdienste und Arbeitszeiten;JAHR;Jahr;2019;DINSGF;Früheres Bundesgebiet / Neue Länder;DN;Neue Länder;WZ08C7;WZ2008 (ausgewählte Positionen): Tarifindex;WZ08-84;Öff. Verwaltung, Verteidigung, Sozialversicherung;97,3;2020=100;VST072;Index d.tarifl. Stundenverdienste mit Sonderzahl.
62221;Vj. Index der Tarifverdienste und Arbeitszeiten;JAHR;Jahr;2019;DINSGF;Früheres Bundesgebiet / Neue Länder;DN;Neue Länder;WZ08C7;WZ2008 (ausgewählte Positionen): Tarifindex;WZ08-84;Öff. Verwaltung, Verteidigung, Sozialversicherung;97,3;2020=100;VST073;Index d.tarifl. Monatsverdienste mit Sonderzahl.
62221;Vj. Index der Tarifverdienste und Arbeitszeiten;JAHR;Jahr;2019;DINSGF;Früheres Bundesgebiet / Neue Länder;DN;Neue Länder;WZ08C7;WZ2008 (ausgewählte Positionen): Tarifindex;WZ08-84;Öff. Verwaltung, Verteidigung, Sozialversicherung;39,7;h;VST019;Durchschnittliche tarifliche Wochenarbeitszeit
62221;Vj. Index der Tarifverdienste und Arbeitszeiten;JAHR;Jahr;2019;DINSGF;Früheres Bundesgebiet / Neue Länder;DN;Neue Länder;WZ08C7;WZ2008 (ausgewählte Positionen): Tarifindex;WZ08-84;Öff. Verwaltung, Verteidigung, Sozialversicherung;96,9;2020=100;VST066;Index d.tarifl. Monatsverdienste ohne Sonderzahl.
62221;Vj. Index der Tarifverdienste und Arbeitszeiten;JAHR;Jahr;2019;DINSGF;Früheres Bundesgebiet / Neue Länder;DN;Neue Länder;WZ08C7;WZ2008 (ausgewählte Positionen): Tarifindex;WZ08-84;Öff. Verwaltung, Verteidigung, Sozialversicherung;100,0;2020=100;VST018;Index der tariflichen Wochenarbeitszeit
62221;Vj. Index der Tarifverdienste und Arbeitszeiten;JAHR;Jahr;2019;DINSGF;Früheres Bundesgebiet / Neue Länder;DN;Neue Länder;WZ08C7;WZ2008 (ausgewählte Positionen): Tarifindex;WZ08-84;Öff. Verwaltung, Verteidigung, Sozialversicherung;96,9;2020=100;VST065;Index d.tarifl. Stundenverdienste ohne Sonderzahl.
62221;Vj. Index der Tarifverdienste und Arbeitszeiten;JAHR;Jahr;2016;DINSGF;Früheres Bundesgebiet / Neue Länder;DN;Neue Länder;WZ08C7;WZ2008 (ausgewählte Positionen): Tarifindex;WZ08-59;Film, TV-Programme, Kinos, Tonstudios, Musikverlag;-;2020=100;VST072;Index d.tarifl. Stundenverdienste mit Sonderzahl.
62221;Vj. Index der Tarifverdienste und Arbeitszeiten;JAHR;Jahr;2016;DINSGF;Früheres Bundesgebiet / Neue Länder;DN;Neue Länder;WZ08C7;WZ2008 (ausgewählte Positionen): Tarifindex;WZ08-59;Film, TV-Programme, Kinos, Tonstudios, Musikverlag;-;2020=100;VST073;Index d.tarifl. Monatsverdienste mit Sonderzahl.
62221;Vj. Index der Tarifverdienste und Arbeitszeiten;JAHR;Jahr;2016;DINSGF;Früheres Bundesgebiet / Neue Länder;DN;Neue Länder;WZ08C7;WZ2008 (ausgewählte Positionen): Tarifindex;WZ08-59;Film, TV-Programme, Kinos, Tonstudios, Musikverlag;-;h;VST019;Durchschnittliche tarifliche Wochenarbeitszeit
62221;Vj. Index der Tarifverdienste und Arbeitszeiten;JAHR;Jahr;2016;DINSGF;Früheres Bundesgebiet / Neue Länder;DN;Neue Länder;WZ08C7;WZ2008 (ausgewählte Positionen): Tarifindex;WZ08-59;Film, TV-Programme, Kinos, Tonstudios, Musikverlag;-;2020=100;VST066;Index d.tarifl. Monatsverdienste ohne Sonderzahl.
62221;Vj. Index der Tarifverdienste und Arbeitszeiten;JAHR;Jahr;2016;DINSGF;Früheres Bundesgebiet / Neue Länder;DN;Neue Länder;WZ08C7;WZ2008 (ausgewählte Positionen): Tarifindex;WZ08-59;Film, TV-Programme, Kinos, Tonstudios, Musikverlag;-;2020=100;VST018;Index der tariflichen Wochenarbeitszeit
62221;Vj. Index der Tarifverdienste und Arbeitszeiten;JAHR;Jahr;2016;DINSGF;Früheres Bundesgebiet / Neue Länder;DN;Neue Länder;WZ08C7;WZ2008 (ausgewählte Positionen): Tarifindex;WZ08-59;Film, TV-Programme, Kinos, Tonstudios, Musikverlag;-;2020=100;VST065;Index d.tarifl. Stundenverdienste ohne Sonderzahl.
62221;Vj. Index der Tarifverdienste und Arbeitszeiten;JAHR;Jahr;2016;DINSGF;Früheres Bundesgebiet / Neue Länder;DN;Neue Länder;WZ08C7;WZ2008 (ausgewählte Positionen): Tarifindex;WZ08-53;Post-, Kurier- und Expressdienste;87,3;2020=100;VST072;Index d.tarifl. Stundenverdienste mit Sonderzahl.
62221;Vj. Index der Tarifverdienste und Arbeitszeiten;JAHR;Jahr;2016;DINSGF;Früheres Bundesgebiet / Neue Länder;DN;Neue Länder;WZ08C7;WZ2008 (ausgewählte Positionen): Tarifindex;WZ08-53;Post-, Kurier- und Expressdienste;87,3;2020=100;VST073;Index d.tarifl. Monatsverdienste mit Sonderzahl.
62221;Vj. Index der Tarifverdienste und Arbeitszeiten;JAHR;Jahr;2016;DINSGF;Früheres Bundesgebiet / Neue Länder;DN;Neue Länder;WZ08C7;WZ2008 (ausgewählte Positionen): Tarifindex;WZ08-53;Post-, Kurier- und Expressdienste;38,9;h;VST019;Durchschnittliche tarifliche Wochenarbeitszeit
62221;Vj. Index der Tarifverdienste und Arbeitszeiten;JAHR;Jahr;2016;DINSGF;Früheres Bundesgebiet / Neue Länder;DN;Neue Länder;WZ08C7;WZ2008 (ausgewählte Positionen): Tarifindex;WZ08-53;Post-, Kurier- und Expressdienste;88,3;2020=100;VST066;Index d.tarifl. Monatsverdienste ohne Sonderzahl.
62221;Vj. Index der Tarifverdienste und Arbeitszeiten;JAHR;Jahr;2016;DINSGF;Früheres Bundesgebiet / Neue Länder;DN;Neue Länder;WZ08C7;WZ2008 (ausgewählte Positionen): Tarifindex;WZ08-53;Post-, Kurier- und Expressdienste;100,0;2020=100;VST018;Index der tariflichen Wochenarbeitszeit
62221;Vj. Index der Tarifverdienste und Arbeitszeiten;JAHR;Jahr;2016;DINSGF;Früheres Bundesgebiet / Neue Länder;DN;Neue Länder;WZ08C7;WZ2008 (ausgewählte Positionen): Tarifindex;WZ08-53;Post-, Kurier- und Expressdienste;88,3;2020=100;VST065;Index d.tarifl. Stundenverdienste ohne Sonderzahl.
62221;Vj. Index der Tarifverdienste und Arbeitszeiten;JAHR;Jahr;2018;DINSGF;Früheres Bundesgebiet / Neue Länder;DF;Früheres Bundesgebiet;WZ08C7;WZ2008 (ausgewählte Positionen): Tarifindex;WZ08-46;Großhandel (ohne Handel mit Kraftfahrzeugen);95,7;2020=100;VST072;Index d.tarifl. Stundenverdienste mit Sonderzahl.
62221;Vj. Index der Tarifverdienste und Arbeitszeiten;JAHR;Jahr;2018;DINSGF;Früheres Bundesgebiet / Neue Länder;DF;Früheres Bundesgebiet;WZ08C7;WZ2008 (ausgewählte Positionen): Tarifindex;WZ08-46;Großhandel (ohne Handel mit Kraftfahrzeugen);95,7;2020=100;VST073;Index d.tarifl. Monatsverdienste mit Sonderzahl.
62221;Vj. Index der Tarifverdienste und Arbeitszeiten;JAHR;Jahr;2018;DINSGF;Früheres Bundesgebiet / Neue Länder;DF;Früheres Bundesgebiet;WZ08C7;WZ2008 (ausgewählte Positionen): Tarifindex;WZ08-46;Großhandel (ohne Handel mit Kraftfahrzeugen);37,8;h;VST019;Durchschnittliche tarifliche Wochenarbeitszeit
62221;Vj. Index der Tarifverdienste und Arbeitszeiten;JAHR;Jahr;2018;DINSGF;Früheres Bundesgebiet / Neue Länder;DF;Früheres Bundesgebiet;WZ08C7;WZ2008 (ausgewählte Positionen): Tarifindex;WZ08-46;Großhandel (ohne Handel mit Kraftfahrzeugen);96,2;2020=100;VST066;Index d.tarifl. Monatsverdienste ohne Sonderzahl.
62221;Vj. Index der Tarifverdienste und Arbeitszeiten;JAHR;Jahr;2018;DINSGF;Früheres Bundesgebiet / Neue Länder;DF;Früheres Bundesgebiet;WZ08C7;WZ2008 (ausgewählte Positionen): Tarifindex;WZ08-46;Großhandel (ohne Handel mit Kraftfahrzeugen);100,0;2020=100;VST018;Index der tariflichen Wochenarbeitszeit
62221;Vj. Index der Tarifverdienste und Arbeitszeiten;JAHR;Jahr;2018;DINSGF;Früheres Bundesgebiet / Neue Länder;DF;Früheres Bundesgebiet;WZ08C7;WZ2008 (ausgewählte Positionen): Tarifindex;WZ08-46;Großhandel (ohne Handel mit Kraftfahrzeugen);96,2;2020=100;VST065;Index d.tarifl. Stundenverdienste ohne Sonderzahl.
62221;Vj. Index der Tarifverdienste und Arbeitszeiten;JAHR;Jahr;2019;DINSGF;Früheres Bundesgebiet / Neue Länder;DN;Neue Länder;WZ08C7;WZ2008 (ausgewählte Positionen): Tarifindex;WZ08-66;Mit Finanz- u. Versicherungsdienstl. verb. Tätigk.;98,3;2020=100;VST072;Index d.tarifl. Stundenverdienste mit Sonderzahl.
62221;Vj. Index der Tarifverdienste und Arbeitszeiten;JAHR;Jahr;2019;DINSGF;Früheres Bundesgebiet / Neue Länder;DN;Neue Länder;WZ08C7;WZ2008 (ausgewählte Positionen): Tarifindex;WZ08-66;Mit Finanz- u. Versicherungsdienstl. verb. Tätigk.;98,3;2020=100;VST073;Index d.tarifl. Monatsverdienste mit Sonderzahl.
62221;Vj. Index der Tarifverdienste und Arbeitszeiten;JAHR;Jahr;2019;DINSGF;Früheres Bundesgebiet / Neue Länder;DN;Neue Länder;WZ08C7;WZ2008 (ausgewählte Positionen): Tarifindex;WZ08-66;Mit Finanz- u. Versicherungsdienstl. verb. Tätigk.;38,1;h;VST019;Durchschnittliche tarifliche Wochenarbeitszeit
62221;Vj. Index der Tarifverdienste und Arbeitszeiten;JAHR;Jahr;2019;DINSGF;Früheres Bundesgebiet / Neue Länder;DN;Neue Länder;WZ08C7;WZ2008 (ausgewählte Positionen): Tarifindex;WZ08-66;Mit Finanz- u. Versicherungsdienstl. verb. Tätigk.;98,0;2020=100;VST066;Index d.tarifl. Monatsverdienste ohne Sonderzahl.
62221;Vj. Index der Tarifverdienste und Arbeitszeiten;JAHR;Jahr;2019;DINSGF;Früheres Bundesgebiet / Neue Länder;DN;Neue Länder;WZ08C7;WZ2008 (ausgewählte Positionen): Tarifindex;WZ08-66;Mit Finanz- u. Versicherungsdienstl. verb. Tätigk.;100,0;2020=100;VST018;Index der tariflichen Wochenarbeitszeit
62221;Vj. Index der Tarifverdienste und Arbeitszeiten;JAHR;Jahr;2019;DINSGF;Früheres Bundesgebiet / Neue Länder;DN;Neue Länder;WZ08C7;WZ2008 (ausgewählte Positionen): Tarifindex;WZ08-66;Mit Finanz- u. Versicherungsdienstl. verb. Tätigk.;98,0;2020=100;VST065;Index d.tarifl. Stundenverdienste ohne Sonderzahl.
62221;Vj. Index der Tarifverdienste und Arbeitszeiten;JAHR;Jahr;2019;DINSGF;Früheres Bundesgebiet / Neue Länder;DN;Neue Länder;WZ08C7;WZ2008 (ausgewählte Positionen): Tarifindex;WZ08-51;Luftfahrt;-;2020=100;VST072;Index d.tarifl. Stundenverdienste mit Sonderzahl.
62221;Vj. Index der Tarifverdienste und Arbeitszeiten;JAHR;Jahr;2019;DINSGF;Früheres Bundesgebiet / Neue Länder;DN;Neue Länder;WZ08C7;WZ2008 (ausgewählte Positionen): Tarifindex;WZ08-51;Luftfahrt;-;2020=100;VST073;Index d.tarifl. Monatsverdienste mit Sonderzahl.
62221;Vj. Index der Tarifverdienste und Arbeitszeiten;JAHR;Jahr;2019;DINSGF;Früheres Bundesgebiet / Neue Länder;DN;Neue Länder;WZ08C7;WZ2008 (ausgewählte Positionen): Tarifindex;WZ08-51;Luftfahrt;-;h;VST019;Durchschnittliche tarifliche Wochenarbeitszeit
62221;Vj. Index der Tarifverdienste und Arbeitszeiten;JAHR;Jahr;2019;DINSGF;Früheres Bundesgebiet / Neue Länder;DN;Neue Länder;WZ08C7;WZ2008 (ausgewählte Positionen): Tarifindex;WZ08-51;Luftfahrt;-;2020=100;VST066;Index d.tarifl. Monatsverdienste ohne Sonderzahl.
62221;Vj. Index der Tarifverdienste und Arbeitszeiten;JAHR;Jahr;2019;DINSGF;Früheres Bundesgebiet / Neue Länder;DN;Neue Länder;WZ08C7;WZ2008 (ausgewählte Positionen): Tarifindex;WZ08-51;Luftfahrt;-;2020=100;VST018;Index der tariflichen Wochenarbeitszeit
62221;Vj. Index der Tarifverdienste und Arbeitszeiten;JAHR;Jahr;2019;DINSGF;Früheres Bundesgebiet / Neue Länder;DN;Neue Länder;WZ08C7;WZ2008 (ausgewählte Positionen): Tarifindex;WZ08-51;Luftfahrt;-;2020=100;VST065;Index d.tarifl. Stundenverdienste ohne Sonderzahl.
62221;Vj. Index der Tarifverdienste und Arbeitszeiten;JAHR;Jahr;2018;DINSGF;Früheres Bundesgebiet / Neue Länder;DF;Früheres Bundesgebiet;WZ08C7;WZ2008 (ausgewählte Positionen): Tarifindex;WZ08-73;Werbung und Marktforschung;95,1;2020=100;VST072;Index d.tarifl. Stundenverdienste mit Sonderzahl.
62221;Vj. Index der Tarifverdienste und Arbeitszeiten;JAHR;Jahr;2018;DINSGF;Früheres Bundesgebiet / Neue Länder;DF;Früheres Bundesgebiet;WZ08C7;WZ2008 (ausgewählte Positionen): Tarifindex;WZ08-73;Werbung und Marktforschung;95,1;2020=100;VST073;Index d.tarifl. Monatsverdienste mit Sonderzahl.
62221;Vj. Index der Tarifverdienste und Arbeitszeiten;JAHR;Jahr;2018;DINSGF;Früheres Bundesgebiet / Neue Länder;DF;Früheres Bundesgebiet;WZ08C7;WZ2008 (ausgewählte Positionen): Tarifindex;WZ08-73;Werbung und Marktforschung;38,2;h;VST019;Durchschnittliche tarifliche Wochenarbeitszeit
62221;Vj. Index der Tarifverdienste und Arbeitszeiten;JAHR;Jahr;2018;DINSGF;Früheres Bundesgebiet / Neue Länder;DF;Früheres Bundesgebiet;WZ08C7;WZ2008 (ausgewählte Positionen): Tarifindex;WZ08-73;Werbung und Marktforschung;95,0;2020=100;VST066;Index d.tarifl. Monatsverdienste ohne Sonderzahl.
62221;Vj. Index der Tarifverdienste und Arbeitszeiten;JAHR;Jahr;2018;DINSGF;Früheres Bundesgebiet / Neue Länder;DF;Früheres Bundesgebiet;WZ08C7;WZ2008 (ausgewählte Positionen): Tarifindex;WZ08-73;Werbung und Marktforschung;100,0;2020=100;VST018;Index der tariflichen Wochenarbeitszeit
62221;Vj. Index der Tarifverdienste und Arbeitszeiten;JAHR;Jahr;2018;DINSGF;Früheres Bundesgebiet / Neue Länder;DF;Früheres Bundesgebiet;WZ08C7;WZ2008 (ausgewählte Positionen): Tarifindex;WZ08-73;Werbung und Marktforschung;95,0;2020=100;VST065;Index d.tarifl. Stundenverdienste ohne Sonderzahl.
62221;Vj. Index der Tarifverdienste und Arbeitszeiten;JAHR;Jahr;2019;DINSGF;Früheres Bundesgebiet / Neue Länder;DN;Neue Länder;WZ08C7;WZ2008 (ausgewählte Positionen): Tarifindex;WZ08-60;Rundfunkveranstalter;96,0;2020=100;VST072;Index d.tarifl. Stundenverdienste mit Sonderzahl.
62221;Vj. Index der Tarifverdienste und Arbeitszeiten;JAHR;Jahr;2019;DINSGF;Früheres Bundesgebiet / Neue Länder;DN;Neue Länder;WZ08C7;WZ2008 (ausgewählte Positionen): Tarifindex;WZ08-60;Rundfunkveranstalter;96,0;2020=100;VST073;Index d.tarifl. Monatsverdienste mit Sonderzahl.
62221;Vj. Index der Tarifverdienste und Arbeitszeiten;JAHR;Jahr;2019;DINSGF;Früheres Bundesgebiet / Neue Länder;DN;Neue Länder;WZ08C7;WZ2008 (ausgewählte Positionen): Tarifindex;WZ08-60;Rundfunkveranstalter;38,5;h;VST019;Durchschnittliche tarifliche Wochenarbeitszeit
62221;Vj. Index der Tarifverdienste und Arbeitszeiten;JAHR;Jahr;2019;DINSGF;Früheres Bundesgebiet / Neue Länder;DN;Neue Länder;WZ08C7;WZ2008 (ausgewählte Positionen): Tarifindex;WZ08-60;Rundfunkveranstalter;96,4;2020=100;VST066;Index d.tarifl. Monatsverdienste ohne Sonderzahl.
62221;Vj. Index der Tarifverdienste und Arbeitszeiten;JAHR;Jahr;2019;DINSGF;Früheres Bundesgebiet / Neue Länder;DN;Neue Länder;WZ08C7;WZ2008 (ausgewählte Positionen): Tarifindex;WZ08-60;Rundfunkveranstalter;100,0;2020=100;VST018;Index der tariflichen Wochenarbeitszeit
62221;Vj. Index der Tarifverdienste und Arbeitszeiten;JAHR;Jahr;2019;DINSGF;Früheres Bundesgebiet / Neue Länder;DN;Neue Länder;WZ08C7;WZ2008 (ausgewählte Positionen): Tarifindex;WZ08-60;Rundfunkveranstalter;96,4;2020=100;VST065;Index d.tarifl. Stundenverdienste ohne Sonderzahl.
62221;Vj. Index der Tarifverdienste und Arbeitszeiten;JAHR;Jahr;2025;DINSGF;Früheres Bundesgebiet / Neue Länder;DF;Früheres Bundesgebiet;WZ08C7;WZ2008 (ausgewählte Positionen): Tarifindex;WZ08-491-01;Personen- u. Güterbeförderung im Eisenbahnverkehr;120,4;2020=100;VST072;Index d.tarifl. Stundenverdienste mit Sonderzahl.
62221;Vj. Index der Tarifverdienste und Arbeitszeiten;JAHR;Jahr;2025;DINSGF;Früheres Bundesgebiet / Neue Länder;DF;Früheres Bundesgebiet;WZ08C7;WZ2008 (ausgewählte Positionen): Tarifindex;WZ08-491-01;Personen- u. Güterbeförderung im Eisenbahnverkehr;117,6;2020=100;VST073;Index d.tarifl. Monatsverdienste mit Sonderzahl.
62221;Vj. Index der Tarifverdienste und Arbeitszeiten;JAHR;Jahr;2025;DINSGF;Früheres Bundesgebiet / Neue Länder;DF;Früheres Bundesgebiet;WZ08C7;WZ2008 (ausgewählte Positionen): Tarifindex;WZ08-491-01;Personen- u. Güterbeförderung im Eisenbahnverkehr;39,0;h;VST019;Durchschnittliche tarifliche Wochenarbeitszeit
62221;Vj. Index der Tarifverdienste und Arbeitszeiten;JAHR;Jahr;2025;DINSGF;Früheres Bundesgebiet / Neue Länder;DF;Früheres Bundesgebiet;WZ08C7;WZ2008 (ausgewählte Positionen): Tarifindex;WZ08-491-01;Personen- u. Güterbeförderung im Eisenbahnverkehr;117,2;2020=100;VST066;Index d.tarifl. Monatsverdienste ohne Sonderzahl.
62221;Vj. Index der Tarifverdienste und Arbeitszeiten;JAHR;Jahr;2025;DINSGF;Früheres Bundesgebiet / Neue Länder;DF;Früheres Bundesgebiet;WZ08C7;WZ2008 (ausgewählte Positionen): Tarifindex;WZ08-491-01;Personen- u. Güterbeförderung im Eisenbahnverkehr;97,6;2020=100;VST018;Index der tariflichen Wochenarbeitszeit
62221;Vj. Index der Tarifverdienste und Arbeitszeiten;JAHR;Jahr;2025;DINSGF;Früheres Bundesgebiet / Neue Länder;DF;Früheres Bundesgebiet;WZ08C7;WZ2008 (ausgewählte Positionen): Tarifindex;WZ08-491-01;Personen- u. Güterbeförderung im Eisenbahnverkehr;120,0;2020=100;VST065;Index d.tarifl. Stundenverdienste ohne Sonderzahl.
62221;Vj. Index der Tarifverdienste und Arbeitszeiten;JAHR;Jahr;2019;DINSGF;Früheres Bundesgebiet / Neue Länder;DN;Neue Länder;WZ08C7;WZ2008 (ausgewählte Positionen): Tarifindex;WZ08-D;Energieversorgung;98,2;2020=100;VST072;Index d.tarifl. Stundenverdienste mit Sonderzahl.
62221;Vj. Index der Tarifverdienste und Arbeitszeiten;JAHR;Jahr;2019;DINSGF;Früheres Bundesgebiet / Neue Länder;DN;Neue Länder;WZ08C7;WZ2008 (ausgewählte Positionen): Tarifindex;WZ08-D;Energieversorgung;98,1;2020=100;VST073;Index d.tarifl. Monatsverdienste mit Sonderzahl.
62221;Vj. Index der Tarifverdienste und Arbeitszeiten;JAHR;Jahr;2019;DINSGF;Früheres Bundesgebiet / Neue Länder;DN;Neue Länder;WZ08C7;WZ2008 (ausgewählte Positionen): Tarifindex;WZ08-D;Energieversorgung;38,1;h;VST019;Durchschnittliche tarifliche Wochenarbeitszeit
62221;Vj. Index der Tarifverdienste und Arbeitszeiten;JAHR;Jahr;2019;DINSGF;Früheres Bundesgebiet / Neue Länder;DN;Neue Länder;WZ08C7;WZ2008 (ausgewählte Positionen): Tarifindex;WZ08-D;Energieversorgung;98,2;2020=100;VST066;Index d.tarifl. Monatsverdienste ohne Sonderzahl.
62221;Vj. Index der Tarifverdienste und Arbeitszeiten;JAHR;Jahr;2019;DINSGF;Früheres Bundesgebiet / Neue Länder;DN;Neue Länder;WZ08C7;WZ2008 (ausgewählte Positionen): Tarifindex;WZ08-D;Energieversorgung;100,0;2020=100;VST018;Index der tariflichen Wochenarbeitszeit
62221;Vj. Index der Tarifverdienste und Arbeitszeiten;JAHR;Jahr;2019;DINSGF;Früheres Bundesgebiet / Neue Länder;DN;Neue Länder;WZ08C7;WZ2008 (ausgewählte Positionen): Tarifindex;WZ08-D;Energieversorgung;98,2;2020=100;VST065;Index d.tarifl. Stundenverdienste ohne Sonderzahl.
62221;Vj. Index der Tarifverdienste und Arbeitszeiten;JAHR;Jahr;2019;DINSGF;Früheres Bundesgebiet / Neue Länder;DN;Neue Länder;WZ08C7;WZ2008 (ausgewählte Positionen): Tarifindex;WZ08-J;Information und Kommunikation;97,3;2020=100;VST072;Index d.tarifl. Stundenverdienste mit Sonderzahl.
62221;Vj. Index der Tarifverdienste und Arbeitszeiten;JAHR;Jahr;2019;DINSGF;Früheres Bundesgebiet / Neue Länder;DN;Neue Länder;WZ08C7;WZ2008 (ausgewählte Positionen): Tarifindex;WZ08-J;Information und Kommunikation;97,3;2020=100;VST073;Index d.tarifl. Monatsverdienste mit Sonderzahl.
62221;Vj. Index der Tarifverdienste und Arbeitszeiten;JAHR;Jahr;2019;DINSGF;Früheres Bundesgebiet / Neue Länder;DN;Neue Länder;WZ08C7;WZ2008 (ausgewählte Positionen): Tarifindex;WZ08-J;Information und Kommunikation;37,8;h;VST019;Durchschnittliche tarifliche Wochenarbeitszeit
62221;Vj. Index der Tarifverdienste und Arbeitszeiten;JAHR;Jahr;2019;DINSGF;Früheres Bundesgebiet / Neue Länder;DN;Neue Länder;WZ08C7;WZ2008 (ausgewählte Positionen): Tarifindex;WZ08-J;Information und Kommunikation;97,4;2020=100;VST066;Index d.tarifl. Monatsverdienste ohne Sonderzahl.
62221;Vj. Index der Tarifverdienste und Arbeitszeiten;JAHR;Jahr;2019;DINSGF;Früheres Bundesgebiet / Neue Länder;DN;Neue Länder;WZ08C7;WZ2008 (ausgewählte Positionen): Tarifindex;WZ08-J;Information und Kommunikation;100,0;2020=100;VST018;Index der tariflichen Wochenarbeitszeit
62221;Vj. Index der Tarifverdienste und Arbeitszeiten;JAHR;Jahr;2019;DINSGF;Früheres Bundesgebiet / Neue Länder;DN;Neue Länder;WZ08C7;WZ2008 (ausgewählte Positionen): Tarifindex;WZ08-J;Information und Kommunikation;97,4;2020=100;VST065;Index d.tarifl. Stundenverdienste ohne Sonderzahl.
62221;Vj. Index der Tarifverdienste und Arbeitszeiten;JAHR;Jahr;2019;DINSGF;Früheres Bundesgebiet / Neue Länder;DN;Neue Länder;WZ08C7;WZ2008 (ausgewählte Positionen): Tarifindex;WZ08-P;Erziehung und Unterricht;97,1;2020=100;VST072;Index d.tarifl. Stundenverdienste mit Sonderzahl.
62221;Vj. Index der Tarifverdienste und Arbeitszeiten;JAHR;Jahr;2019;DINSGF;Früheres Bundesgebiet / Neue Länder;DN;Neue Länder;WZ08C7;WZ2008 (ausgewählte Positionen): Tarifindex;WZ08-P;Erziehung und Unterricht;97,1;2020=100;VST073;Index d.tarifl. Monatsverdienste mit Sonderzahl.
62221;Vj. Index der Tarifverdienste und Arbeitszeiten;JAHR;Jahr;2019;DINSGF;Früheres Bundesgebiet / Neue Länder;DN;Neue Länder;WZ08C7;WZ2008 (ausgewählte Positionen): Tarifindex;WZ08-P;Erziehung und Unterricht;39,5;h;VST019;Durchschnittliche tarifliche Wochenarbeitszeit
62221;Vj. Index der Tarifverdienste und Arbeitszeiten;JAHR;Jahr;2019;DINSGF;Früheres Bundesgebiet / Neue Länder;DN;Neue Länder;WZ08C7;WZ2008 (ausgewählte Positionen): Tarifindex;WZ08-P;Erziehung und Unterricht;96,0;2020=100;VST066;Index d.tarifl. Monatsverdienste ohne Sonderzahl.
62221;Vj. Index der Tarifverdienste und Arbeitszeiten;JAHR;Jahr;2019;DINSGF;Früheres Bundesgebiet / Neue Länder;DN;Neue Länder;WZ08C7;WZ2008 (ausgewählte Positionen): Tarifindex;WZ08-P;Erziehung und Unterricht;100,0;2020=100;VST018;Index der tariflichen Wochenarbeitszeit
62221;Vj. Index der Tarifverdienste und Arbeitszeiten;JAHR;Jahr;2019;DINSGF;Früheres Bundesgebiet / Neue Länder;DN;Neue Länder;WZ08C7;WZ2008 (ausgewählte Positionen): Tarifindex;WZ08-P;Erziehung und Unterricht;96,0;2020=100;VST065;Index d.tarifl. Stundenverdienste ohne Sonderzahl.
62221;Vj. Index der Tarifverdienste und Arbeitszeiten;JAHR;Jahr;2025;DINSGF;Früheres Bundesgebiet / Neue Länder;DF;Früheres Bundesgebiet;WZ08C7;WZ2008 (ausgewählte Positionen): Tarifindex;WZ08-25;Herstellung von Metallerzeugnissen;113,7;2020=100;VST072;Index d.tarifl. Stundenverdienste mit Sonderzahl.
62221;Vj. Index der Tarifverdienste und Arbeitszeiten;JAHR;Jahr;2025;DINSGF;Früheres Bundesgebiet / Neue Länder;DF;Früheres Bundesgebiet;WZ08C7;WZ2008 (ausgewählte Positionen): Tarifindex;WZ08-25;Herstellung von Metallerzeugnissen;113,7;2020=100;VST073;Index d.tarifl. Monatsverdienste mit Sonderzahl.
62221;Vj. Index der Tarifverdienste und Arbeitszeiten;JAHR;Jahr;2025;DINSGF;Früheres Bundesgebiet / Neue Länder;DF;Früheres Bundesgebiet;WZ08C7;WZ2008 (ausgewählte Positionen): Tarifindex;WZ08-25;Herstellung von Metallerzeugnissen;35,8;h;VST019;Durchschnittliche tarifliche Wochenarbeitszeit
62221;Vj. Index der Tarifverdienste und Arbeitszeiten;JAHR;Jahr;2025;DINSGF;Früheres Bundesgebiet / Neue Länder;DF;Früheres Bundesgebiet;WZ08C7;WZ2008 (ausgewählte Positionen): Tarifindex;WZ08-25;Herstellung von Metallerzeugnissen;111,2;2020=100;VST066;Index d.tarifl. Monatsverdienste ohne Sonderzahl.
62221;Vj. Index der Tarifverdienste und Arbeitszeiten;JAHR;Jahr;2025;DINSGF;Früheres Bundesgebiet / Neue Länder;DF;Früheres Bundesgebiet;WZ08C7;WZ2008 (ausgewählte Positionen): Tarifindex;WZ08-25;Herstellung von Metallerzeugnissen;100,0;2020=100;VST018;Index der tariflichen Wochenarbeitszeit
62221;Vj. Index der Tarifverdienste und Arbeitszeiten;JAHR;Jahr;2025;DINSGF;Früheres Bundesgebiet / Neue Länder;DF;Früheres Bundesgebiet;WZ08C7;WZ2008 (ausgewählte Positionen): Tarifindex;WZ08-25;Herstellung von Metallerzeugnissen;111,2;2020=100;VST065;Index d.tarifl. Stundenverdienste ohne Sonderzahl.
62221;Vj. Index der Tarifverdienste und Arbeitszeiten;JAHR;Jahr;2018;DINSGF;Früheres Bundesgebiet / Neue Länder;DF;Früheres Bundesgebiet;WZ08C7;WZ2008 (ausgewählte Positionen): Tarifindex;WZ08-493;Sonstige Personenbeförderung im Landverkehr;93,3;2020=100;VST072;Index d.tarifl. Stundenverdienste mit Sonderzahl.
62221;Vj. Index der Tarifverdienste und Arbeitszeiten;JAHR;Jahr;2018;DINSGF;Früheres Bundesgebiet / Neue Länder;DF;Früheres Bundesgebiet;WZ08C7;WZ2008 (ausgewählte Positionen): Tarifindex;WZ08-493;Sonstige Personenbeförderung im Landverkehr;93,5;2020=100;VST073;Index d.tarifl. Monatsverdienste mit Sonderzahl.
62221;Vj. Index der Tarifverdienste und Arbeitszeiten;JAHR;Jahr;2018;DINSGF;Früheres Bundesgebiet / Neue Länder;DF;Früheres Bundesgebiet;WZ08C7;WZ2008 (ausgewählte Positionen): Tarifindex;WZ08-493;Sonstige Personenbeförderung im Landverkehr;39,0;h;VST019;Durchschnittliche tarifliche Wochenarbeitszeit
62221;Vj. Index der Tarifverdienste und Arbeitszeiten;JAHR;Jahr;2018;DINSGF;Früheres Bundesgebiet / Neue Länder;DF;Früheres Bundesgebiet;WZ08C7;WZ2008 (ausgewählte Positionen): Tarifindex;WZ08-493;Sonstige Personenbeförderung im Landverkehr;93,4;2020=100;VST066;Index d.tarifl. Monatsverdienste ohne Sonderzahl.
62221;Vj. Index der Tarifverdienste und Arbeitszeiten;JAHR;Jahr;2018;DINSGF;Früheres Bundesgebiet / Neue Länder;DF;Früheres Bundesgebiet;WZ08C7;WZ2008 (ausgewählte Positionen): Tarifindex;WZ08-493;Sonstige Personenbeförderung im Landverkehr;100,0;2020=100;VST018;Index der tariflichen Wochenarbeitszeit
62221;Vj. Index der Tarifverdienste und Arbeitszeiten;JAHR;Jahr;2018;DINSGF;Früheres Bundesgebiet / Neue Länder;DF;Früheres Bundesgebiet;WZ08C7;WZ2008 (ausgewählte Positionen): Tarifindex;WZ08-493;Sonstige Personenbeförderung im Landverkehr;93,5;2020=100;VST065;Index d.tarifl. Stundenverdienste ohne Sonderzahl.
62221;Vj. Index der Tarifverdienste und Arbeitszeiten;JAHR;Jahr;2021;DINSGF;Früheres Bundesgebiet / Neue Länder;DN;Neue Länder;WZ08C7;WZ2008 (ausgewählte Positionen): Tarifindex;WZ08-59;Film, TV-Programme, Kinos, Tonstudios, Musikverlag;-;2020=100;VST072;Index d.tarifl. Stundenverdienste mit Sonderzahl.
62221;Vj. Index der Tarifverdienste und Arbeitszeiten;JAHR;Jahr;2021;DINSGF;Früheres Bundesgebiet / Neue Länder;DN;Neue Länder;WZ08C7;WZ2008 (ausgewählte Positionen): Tarifindex;WZ08-59;Film, TV-Programme, Kinos, Tonstudios, Musikverlag;-;2020=100;VST073;Index d.tarifl. Monatsverdienste mit Sonderzahl.
62221;Vj. Index der Tarifverdienste und Arbeitszeiten;JAHR;Jahr;2021;DINSGF;Früheres Bundesgebiet / Neue Länder;DN;Neue Länder;WZ08C7;WZ2008 (ausgewählte Positionen): Tarifindex;WZ08-59;Film, TV-Programme, Kinos, Tonstudios, Musikverlag;-;h;VST019;Durchschnittliche tarifliche Wochenarbeitszeit
62221;Vj. Index der Tarifverdienste und Arbeitszeiten;JAHR;Jahr;2021;DINSGF;Früheres Bundesgebiet / Neue Länder;DN;Neue Länder;WZ08C7;WZ2008 (ausgewählte Positionen): Tarifindex;WZ08-59;Film, TV-Programme, Kinos, Tonstudios, Musikverlag;-;2020=100;VST066;Index d.tarifl. Monatsverdienste ohne Sonderzahl.
62221;Vj. Index der Tarifverdienste und Arbeitszeiten;JAHR;Jahr;2021;DINSGF;Früheres Bundesgebiet / Neue Länder;DN;Neue Länder;WZ08C7;WZ2008 (ausgewählte Positionen): Tarifindex;WZ08-59;Film, TV-Programme, Kinos, Tonstudios, Musikverlag;-;2020=100;VST018;Index der tariflichen Wochenarbeitszeit
62221;Vj. Index der Tarifverdienste und Arbeitszeiten;JAHR;Jahr;2021;DINSGF;Früheres Bundesgebiet / Neue Länder;DN;Neue Länder;WZ08C7;WZ2008 (ausgewählte Positionen): Tarifindex;WZ08-59;Film, TV-Programme, Kinos, Tonstudios, Musikverlag;-;2020=100;VST065;Index d.tarifl. Stundenverdienste ohne Sonderzahl.
62221;Vj. Index der Tarifverdienste und Arbeitszeiten;JAHR;Jahr;2018;DINSGF;Früheres Bundesgebiet / Neue Länder;DF;Früheres Bundesgebiet;WZ08C7;WZ2008 (ausgewählte Positionen): Tarifindex;WZ08-79;Reisebüros, -veranstalter u. sonst. Reservierungen;98,5;2020=100;VST072;Index d.tarifl. Stundenverdienste mit Sonderzahl.
62221;Vj. Index der Tarifverdienste und Arbeitszeiten;JAHR;Jahr;2018;DINSGF;Früheres Bundesgebiet / Neue Länder;DF;Früheres Bundesgebiet;WZ08C7;WZ2008 (ausgewählte Positionen): Tarifindex;WZ08-79;Reisebüros, -veranstalter u. sonst. Reservierungen;98,5;2020=100;VST073;Index d.tarifl. Monatsverdienste mit Sonderzahl.
62221;Vj. Index der Tarifverdienste und Arbeitszeiten;JAHR;Jahr;2018;DINSGF;Früheres Bundesgebiet / Neue Länder;DF;Früheres Bundesgebiet;WZ08C7;WZ2008 (ausgewählte Positionen): Tarifindex;WZ08-79;Reisebüros, -veranstalter u. sonst. Reservierungen;38,7;h;VST019;Durchschnittliche tarifliche Wochenarbeitszeit
62221;Vj. Index der Tarifverdienste und Arbeitszeiten;JAHR;Jahr;2018;DINSGF;Früheres Bundesgebiet / Neue Länder;DF;Früheres Bundesgebiet;WZ08C7;WZ2008 (ausgewählte Positionen): Tarifindex;WZ08-79;Reisebüros, -veranstalter u. sonst. Reservierungen;98,6;2020=100;VST066;Index d.tarifl. Monatsverdienste ohne Sonderzahl.
62221;Vj. Index der Tarifverdienste und Arbeitszeiten;JAHR;Jahr;2018;DINSGF;Früheres Bundesgebiet / Neue Länder;DF;Früheres Bundesgebiet;WZ08C7;WZ2008 (ausgewählte Positionen): Tarifindex;WZ08-79;Reisebüros, -veranstalter u. sonst. Reservierungen;100,0;2020=100;VST018;Index der tariflichen Wochenarbeitszeit
62221;Vj. Index der Tarifverdienste und Arbeitszeiten;JAHR;Jahr;2018;DINSGF;Früheres Bundesgebiet / Neue Länder;DF;Früheres Bundesgebiet;WZ08C7;WZ2008 (ausgewählte Positionen): Tarifindex;WZ08-79;Reisebüros, -veranstalter u. sonst. Reservierungen;98,6;2020=100;VST065;Index d.tarifl. Stundenverdienste ohne Sonderzahl.
62221;Vj. Index der Tarifverdienste und Arbeitszeiten;JAHR;Jahr;2016;DINSGF;Früheres Bundesgebiet / Neue Länder;DN;Neue Länder;WZ08C7;WZ2008 (ausgewählte Positionen): Tarifindex;WZ08-B-14;Kohlenbergbau, Gewinnung von Erdöl und Erdgas;95,6;2020=100;VST072;Index d.tarifl. Stundenverdienste mit Sonderzahl.
62221;Vj. Index der Tarifverdienste und Arbeitszeiten;JAHR;Jahr;2016;DINSGF;Früheres Bundesgebiet / Neue Länder;DN;Neue Länder;WZ08C7;WZ2008 (ausgewählte Positionen): Tarifindex;WZ08-B-14;Kohlenbergbau, Gewinnung von Erdöl und Erdgas;95,6;2020=100;VST073;Index d.tarifl. Monatsverdienste mit Sonderzahl.
62221;Vj. Index der Tarifverdienste und Arbeitszeiten;JAHR;Jahr;2016;DINSGF;Früheres Bundesgebiet / Neue Länder;DN;Neue Länder;WZ08C7;WZ2008 (ausgewählte Positionen): Tarifindex;WZ08-B-14;Kohlenbergbau, Gewinnung von Erdöl und Erdgas;37,0;h;VST019;Durchschnittliche tarifliche Wochenarbeitszeit
62221;Vj. Index der Tarifverdienste und Arbeitszeiten;JAHR;Jahr;2016;DINSGF;Früheres Bundesgebiet / Neue Länder;DN;Neue Länder;WZ08C7;WZ2008 (ausgewählte Positionen): Tarifindex;WZ08-B-14;Kohlenbergbau, Gewinnung von Erdöl und Erdgas;94,1;2020=100;VST066;Index d.tarifl. Monatsverdienste ohne Sonderzahl.
62221;Vj. Index der Tarifverdienste und Arbeitszeiten;JAHR;Jahr;2016;DINSGF;Früheres Bundesgebiet / Neue Länder;DN;Neue Länder;WZ08C7;WZ2008 (ausgewählte Positionen): Tarifindex;WZ08-B-14;Kohlenbergbau, Gewinnung von Erdöl und Erdgas;100,0;2020=100;VST018;Index der tariflichen Wochenarbeitszeit
62221;Vj. Index der Tarifverdienste und Arbeitszeiten;JAHR;Jahr;2016;DINSGF;Früheres Bundesgebiet / Neue Länder;DN;Neue Länder;WZ08C7;WZ2008 (ausgewählte Positionen): Tarifindex;WZ08-B-14;Kohlenbergbau, Gewinnung von Erdöl und Erdgas;94,1;2020=100;VST065;Index d.tarifl. Stundenverdienste ohne Sonderzahl.
62221;Vj. Index der Tarifverdienste und Arbeitszeiten;JAHR;Jahr;2021;DINSGF;Früheres Bundesgebiet / Neue Länder;DN;Neue Länder;WZ08C7;WZ2008 (ausgewählte Positionen): Tarifindex;WZ08-87;Heime (ohne Erholungs- und Ferienheime);102,7;2020=100;VST072;Index d.tarifl. Stundenverdienste mit Sonderzahl.
62221;Vj. Index der Tarifverdienste und Arbeitszeiten;JAHR;Jahr;2021;DINSGF;Früheres Bundesgebiet / Neue Länder;DN;Neue Länder;WZ08C7;WZ2008 (ausgewählte Positionen): Tarifindex;WZ08-87;Heime (ohne Erholungs- und Ferienheime);102,4;2020=100;VST073;Index d.tarifl. Monatsverdienste mit Sonderzahl.
62221;Vj. Index der Tarifverdienste und Arbeitszeiten;JAHR;Jahr;2021;DINSGF;Früheres Bundesgebiet / Neue Länder;DN;Neue Länder;WZ08C7;WZ2008 (ausgewählte Positionen): Tarifindex;WZ08-87;Heime (ohne Erholungs- und Ferienheime);39,3;h;VST019;Durchschnittliche tarifliche Wochenarbeitszeit
62221;Vj. Index der Tarifverdienste und Arbeitszeiten;JAHR;Jahr;2021;DINSGF;Früheres Bundesgebiet / Neue Länder;DN;Neue Länder;WZ08C7;WZ2008 (ausgewählte Positionen): Tarifindex;WZ08-87;Heime (ohne Erholungs- und Ferienheime);102,4;2020=100;VST066;Index d.tarifl. Monatsverdienste ohne Sonderzahl.
62221;Vj. Index der Tarifverdienste und Arbeitszeiten;JAHR;Jahr;2021;DINSGF;Früheres Bundesgebiet / Neue Länder;DN;Neue Länder;WZ08C7;WZ2008 (ausgewählte Positionen): Tarifindex;WZ08-87;Heime (ohne Erholungs- und Ferienheime);99,6;2020=100;VST018;Index der tariflichen Wochenarbeitszeit
62221;Vj. Index der Tarifverdienste und Arbeitszeiten;JAHR;Jahr;2021;DINSGF;Früheres Bundesgebiet / Neue Länder;DN;Neue Länder;WZ08C7;WZ2008 (ausgewählte Positionen): Tarifindex;WZ08-87;Heime (ohne Erholungs- und Ferienheime);102,8;2020=100;VST065;Index d.tarifl. Stundenverdienste ohne Sonderzahl.
62221;Vj. Index der Tarifverdienste und Arbeitszeiten;JAHR;Jahr;2022;DINSGF;Früheres Bundesgebiet / Neue Länder;DN;Neue Länder;WZ08C7;WZ2008 (ausgewählte Positionen): Tarifindex;WZ08-D-06;Energie- und Wasserversorgung;104,1;2020=100;VST072;Index d.tarifl. Stundenverdienste mit Sonderzahl.
62221;Vj. Index der Tarifverdienste und Arbeitszeiten;JAHR;Jahr;2022;DINSGF;Früheres Bundesgebiet / Neue Länder;DN;Neue Länder;WZ08C7;WZ2008 (ausgewählte Positionen): Tarifindex;WZ08-D-06;Energie- und Wasserversorgung;104,1;2020=100;VST073;Index d.tarifl. Monatsverdienste mit Sonderzahl.
62221;Vj. Index der Tarifverdienste und Arbeitszeiten;JAHR;Jahr;2022;DINSGF;Früheres Bundesgebiet / Neue Länder;DN;Neue Länder;WZ08C7;WZ2008 (ausgewählte Positionen): Tarifindex;WZ08-D-06;Energie- und Wasserversorgung;38,4;h;VST019;Durchschnittliche tarifliche Wochenarbeitszeit
62221;Vj. Index der Tarifverdienste und Arbeitszeiten;JAHR;Jahr;2022;DINSGF;Früheres Bundesgebiet / Neue Länder;DN;Neue Länder;WZ08C7;WZ2008 (ausgewählte Positionen): Tarifindex;WZ08-D-06;Energie- und Wasserversorgung;103,8;2020=100;VST066;Index d.tarifl. Monatsverdienste ohne Sonderzahl.
62221;Vj. Index der Tarifverdienste und Arbeitszeiten;JAHR;Jahr;2022;DINSGF;Früheres Bundesgebiet / Neue Länder;DN;Neue Länder;WZ08C7;WZ2008 (ausgewählte Positionen): Tarifindex;WZ08-D-06;Energie- und Wasserversorgung;100,0;2020=100;VST018;Index der tariflichen Wochenarbeitszeit
62221;Vj. Index der Tarifverdienste und Arbeitszeiten;JAHR;Jahr;2022;DINSGF;Früheres Bundesgebiet / Neue Länder;DN;Neue Länder;WZ08C7;WZ2008 (ausgewählte Positionen): Tarifindex;WZ08-D-06;Energie- und Wasserversorgung;103,9;2020=100;VST065;Index d.tarifl. Stundenverdienste ohne Sonderzahl.
62221;Vj. Index der Tarifverdienste und Arbeitszeiten;JAHR;Jahr;2024;DINSGF;Früheres Bundesgebiet / Neue Länder;DN;Neue Länder;WZ08C7;WZ2008 (ausgewählte Positionen): Tarifindex;WZ08-B-09;Produzierendes Gewerbe und wirtschaftl. Dienstl.;115,4;2020=100;VST072;Index d.tarifl. Stundenverdienste mit Sonderzahl.
62221;Vj. Index der Tarifverdienste und Arbeitszeiten;JAHR;Jahr;2024;DINSGF;Früheres Bundesgebiet / Neue Länder;DN;Neue Länder;WZ08C7;WZ2008 (ausgewählte Positionen): Tarifindex;WZ08-B-09;Produzierendes Gewerbe und wirtschaftl. Dienstl.;115,2;2020=100;VST073;Index d.tarifl. Monatsverdienste mit Sonderzahl.
62221;Vj. Index der Tarifverdienste und Arbeitszeiten;JAHR;Jahr;2024;DINSGF;Früheres Bundesgebiet / Neue Länder;DN;Neue Länder;WZ08C7;WZ2008 (ausgewählte Positionen): Tarifindex;WZ08-B-09;Produzierendes Gewerbe und wirtschaftl. Dienstl.;38,4;h;VST019;Durchschnittliche tarifliche Wochenarbeitszeit
62221;Vj. Index der Tarifverdienste und Arbeitszeiten;JAHR;Jahr;2024;DINSGF;Früheres Bundesgebiet / Neue Länder;DN;Neue Länder;WZ08C7;WZ2008 (ausgewählte Positionen): Tarifindex;WZ08-B-09;Produzierendes Gewerbe und wirtschaftl. Dienstl.;112,6;2020=100;VST066;Index d.tarifl. Monatsverdienste ohne Sonderzahl.
62221;Vj. Index der Tarifverdienste und Arbeitszeiten;JAHR;Jahr;2024;DINSGF;Früheres Bundesgebiet / Neue Länder;DN;Neue Länder;WZ08C7;WZ2008 (ausgewählte Positionen): Tarifindex;WZ08-B-09;Produzierendes Gewerbe und wirtschaftl. Dienstl.;99,8;2020=100;VST018;Index der tariflichen Wochenarbeitszeit
62221;Vj. Index der Tarifverdienste und Arbeitszeiten;JAHR;Jahr;2024;DINSGF;Früheres Bundesgebiet / Neue Länder;DN;Neue Länder;WZ08C7;WZ2008 (ausgewählte Positionen): Tarifindex;WZ08-B-09;Produzierendes Gewerbe und wirtschaftl. Dienstl.;112,8;2020=100;VST065;Index d.tarifl. Stundenverdienste ohne Sonderzahl.
62221;Vj. Index der Tarifverdienste und Arbeitszeiten;JAHR;Jahr;2016;DINSGF;Früheres Bundesgebiet / Neue Länder;DF;Früheres Bundesgebiet;WZ08C7;WZ2008 (ausgewählte Positionen): Tarifindex;WZ08-52;Lagerei, sonstige Dienstleistungen für den Verkehr;90,6;2020=100;VST072;Index d.tarifl. Stundenverdienste mit Sonderzahl.
62221;Vj. Index der Tarifverdienste und Arbeitszeiten;JAHR;Jahr;2016;DINSGF;Früheres Bundesgebiet / Neue Länder;DF;Früheres Bundesgebiet;WZ08C7;WZ2008 (ausgewählte Positionen): Tarifindex;WZ08-52;Lagerei, sonstige Dienstleistungen für den Verkehr;90,6;2020=100;VST073;Index d.tarifl. Monatsverdienste mit Sonderzahl.
62221;Vj. Index der Tarifverdienste und Arbeitszeiten;JAHR;Jahr;2016;DINSGF;Früheres Bundesgebiet / Neue Länder;DF;Früheres Bundesgebiet;WZ08C7;WZ2008 (ausgewählte Positionen): Tarifindex;WZ08-52;Lagerei, sonstige Dienstleistungen für den Verkehr;38,6;h;VST019;Durchschnittliche tarifliche Wochenarbeitszeit
62221;Vj. Index der Tarifverdienste und Arbeitszeiten;JAHR;Jahr;2016;DINSGF;Früheres Bundesgebiet / Neue Länder;DF;Früheres Bundesgebiet;WZ08C7;WZ2008 (ausgewählte Positionen): Tarifindex;WZ08-52;Lagerei, sonstige Dienstleistungen für den Verkehr;90,8;2020=100;VST066;Index d.tarifl. Monatsverdienste ohne Sonderzahl.
62221;Vj. Index der Tarifverdienste und Arbeitszeiten;JAHR;Jahr;2016;DINSGF;Früheres Bundesgebiet / Neue Länder;DF;Früheres Bundesgebiet;WZ08C7;WZ2008 (ausgewählte Positionen): Tarifindex;WZ08-52;Lagerei, sonstige Dienstleistungen für den Verkehr;100,0;2020=100;VST018;Index der tariflichen Wochenarbeitszeit
62221;Vj. Index der Tarifverdienste und Arbeitszeiten;JAHR;Jahr;2016;DINSGF;Früheres Bundesgebiet / Neue Länder;DF;Früheres Bundesgebiet;WZ08C7;WZ2008 (ausgewählte Positionen): Tarifindex;WZ08-52;Lagerei, sonstige Dienstleistungen für den Verkehr;90,8;2020=100;VST065;Index d.tarifl. Stundenverdienste ohne Sonderzahl.
62221;Vj. Index der Tarifverdienste und Arbeitszeiten;JAHR;Jahr;2020;DINSGF;Früheres Bundesgebiet / Neue Länder;DF;Früheres Bundesgebiet;WZ08C7;WZ2008 (ausgewählte Positionen): Tarifindex;WZ08-52-01;Lagerei und Kurierdienste;100,0;2020=100;VST072;Index d.tarifl. Stundenverdienste mit Sonderzahl.
62221;Vj. Index der Tarifverdienste und Arbeitszeiten;JAHR;Jahr;2020;DINSGF;Früheres Bundesgebiet / Neue Länder;DF;Früheres Bundesgebiet;WZ08C7;WZ2008 (ausgewählte Positionen): Tarifindex;WZ08-52-01;Lagerei und Kurierdienste;100,0;2020=100;VST073;Index d.tarifl. Monatsverdienste mit Sonderzahl.
62221;Vj. Index der Tarifverdienste und Arbeitszeiten;JAHR;Jahr;2020;DINSGF;Früheres Bundesgebiet / Neue Länder;DF;Früheres Bundesgebiet;WZ08C7;WZ2008 (ausgewählte Positionen): Tarifindex;WZ08-52-01;Lagerei und Kurierdienste;38,8;h;VST019;Durchschnittliche tarifliche Wochenarbeitszeit
62221;Vj. Index der Tarifverdienste und Arbeitszeiten;JAHR;Jahr;2020;DINSGF;Früheres Bundesgebiet / Neue Länder;DF;Früheres Bundesgebiet;WZ08C7;WZ2008 (ausgewählte Positionen): Tarifindex;WZ08-52-01;Lagerei und Kurierdienste;100,0;2020=100;VST066;Index d.tarifl. Monatsverdienste ohne Sonderzahl.
62221;Vj. Index der Tarifverdienste und Arbeitszeiten;JAHR;Jahr;2020;DINSGF;Früheres Bundesgebiet / Neue Länder;DF;Früheres Bundesgebiet;WZ08C7;WZ2008 (ausgewählte Positionen): Tarifindex;WZ08-52-01;Lagerei und Kurierdienste;100,0;2020=100;VST018;Index der tariflichen Wochenarbeitszeit
62221;Vj. Index der Tarifverdienste und Arbeitszeiten;JAHR;Jahr;2020;DINSGF;Früheres Bundesgebiet / Neue Länder;DF;Früheres Bundesgebiet;WZ08C7;WZ2008 (ausgewählte Positionen): Tarifindex;WZ08-52-01;Lagerei und Kurierdienste;100,0;2020=100;VST065;Index d.tarifl. Stundenverdienste ohne Sonderzahl.
62221;Vj. Index der Tarifverdienste und Arbeitszeiten;JAHR;Jahr;2020;DINSGF;Früheres Bundesgebiet / Neue Länder;DF;Früheres Bundesgebiet;WZ08C7;WZ2008 (ausgewählte Positionen): Tarifindex;WZ08-24-02;Metall- und Elektroindustrie;100,0;2020=100;VST072;Index d.tarifl. Stundenverdienste mit Sonderzahl.
62221;Vj. Index der Tarifverdienste und Arbeitszeiten;JAHR;Jahr;2020;DINSGF;Früheres Bundesgebiet / Neue Länder;DF;Früheres Bundesgebiet;WZ08C7;WZ2008 (ausgewählte Positionen): Tarifindex;WZ08-24-02;Metall- und Elektroindustrie;100,0;2020=100;VST073;Index d.tarifl. Monatsverdienste mit Sonderzahl.
62221;Vj. Index der Tarifverdienste und Arbeitszeiten;JAHR;Jahr;2020;DINSGF;Früheres Bundesgebiet / Neue Länder;DF;Früheres Bundesgebiet;WZ08C7;WZ2008 (ausgewählte Positionen): Tarifindex;WZ08-24-02;Metall- und Elektroindustrie;35,4;h;VST019;Durchschnittliche tarifliche Wochenarbeitszeit
62221;Vj. Index der Tarifverdienste und Arbeitszeiten;JAHR;Jahr;2020;DINSGF;Früheres Bundesgebiet / Neue Länder;DF;Früheres Bundesgebiet;WZ08C7;WZ2008 (ausgewählte Positionen): Tarifindex;WZ08-24-02;Metall- und Elektroindustrie;100,0;2020=100;VST066;Index d.tarifl. Monatsverdienste ohne Sonderzahl.
62221;Vj. Index der Tarifverdienste und Arbeitszeiten;JAHR;Jahr;2020;DINSGF;Früheres Bundesgebiet / Neue Länder;DF;Früheres Bundesgebiet;WZ08C7;WZ2008 (ausgewählte Positionen): Tarifindex;WZ08-24-02;Metall- und Elektroindustrie;100,0;2020=100;VST018;Index der tariflichen Wochenarbeitszeit
62221;Vj. Index der Tarifverdienste und Arbeitszeiten;JAHR;Jahr;2020;DINSGF;Früheres Bundesgebiet / Neue Länder;DF;Früheres Bundesgebiet;WZ08C7;WZ2008 (ausgewählte Positionen): Tarifindex;WZ08-24-02;Metall- und Elektroindustrie;100,0;2020=100;VST065;Index d.tarifl. Stundenverdienste ohne Sonderzahl.
62221;Vj. Index der Tarifverdienste und Arbeitszeiten;JAHR;Jahr;2023;DINSGF;Früheres Bundesgebiet / Neue Länder;DF;Früheres Bundesgebiet;WZ08C7;WZ2008 (ausgewählte Positionen): Tarifindex;WZ08-32;Herstellung von sonstigen Waren;107,9;2020=100;VST072;Index d.tarifl. Stundenverdienste mit Sonderzahl.
62221;Vj. Index der Tarifverdienste und Arbeitszeiten;JAHR;Jahr;2023;DINSGF;Früheres Bundesgebiet / Neue Länder;DF;Früheres Bundesgebiet;WZ08C7;WZ2008 (ausgewählte Positionen): Tarifindex;WZ08-32;Herstellung von sonstigen Waren;107,9;2020=100;VST073;Index d.tarifl. Monatsverdienste mit Sonderzahl.
62221;Vj. Index der Tarifverdienste und Arbeitszeiten;JAHR;Jahr;2023;DINSGF;Früheres Bundesgebiet / Neue Länder;DF;Früheres Bundesgebiet;WZ08C7;WZ2008 (ausgewählte Positionen): Tarifindex;WZ08-32;Herstellung von sonstigen Waren;36,2;h;VST019;Durchschnittliche tarifliche Wochenarbeitszeit
62221;Vj. Index der Tarifverdienste und Arbeitszeiten;JAHR;Jahr;2023;DINSGF;Früheres Bundesgebiet / Neue Länder;DF;Früheres Bundesgebiet;WZ08C7;WZ2008 (ausgewählte Positionen): Tarifindex;WZ08-32;Herstellung von sonstigen Waren;104,2;2020=100;VST066;Index d.tarifl. Monatsverdienste ohne Sonderzahl.
62221;Vj. Index der Tarifverdienste und Arbeitszeiten;JAHR;Jahr;2023;DINSGF;Früheres Bundesgebiet / Neue Länder;DF;Früheres Bundesgebiet;WZ08C7;WZ2008 (ausgewählte Positionen): Tarifindex;WZ08-32;Herstellung von sonstigen Waren;100,0;2020=100;VST018;Index der tariflichen Wochenarbeitszeit
62221;Vj. Index der Tarifverdienste und Arbeitszeiten;JAHR;Jahr;2023;DINSGF;Früheres Bundesgebiet / Neue Länder;DF;Früheres Bundesgebiet;WZ08C7;WZ2008 (ausgewählte Positionen): Tarifindex;WZ08-32;Herstellung von sonstigen Waren;104,2;2020=100;VST065;Index d.tarifl. Stundenverdienste ohne Sonderzahl.
62221;Vj. Index der Tarifverdienste und Arbeitszeiten;JAHR;Jahr;2017;DINSGF;Früheres Bundesgebiet / Neue Länder;DF;Früheres Bundesgebiet;WZ08C7;WZ2008 (ausgewählte Positionen): Tarifindex;WZ08-D;Energieversorgung;92,9;2020=100;VST072;Index d.tarifl. Stundenverdienste mit Sonderzahl.
62221;Vj. Index der Tarifverdienste und Arbeitszeiten;JAHR;Jahr;2017;DINSGF;Früheres Bundesgebiet / Neue Länder;DF;Früheres Bundesgebiet;WZ08C7;WZ2008 (ausgewählte Positionen): Tarifindex;WZ08-D;Energieversorgung;92,9;2020=100;VST073;Index d.tarifl. Monatsverdienste mit Sonderzahl.
62221;Vj. Index der Tarifverdienste und Arbeitszeiten;JAHR;Jahr;2017;DINSGF;Früheres Bundesgebiet / Neue Länder;DF;Früheres Bundesgebiet;WZ08C7;WZ2008 (ausgewählte Positionen): Tarifindex;WZ08-D;Energieversorgung;38,4;h;VST019;Durchschnittliche tarifliche Wochenarbeitszeit
62221;Vj. Index der Tarifverdienste und Arbeitszeiten;JAHR;Jahr;2017;DINSGF;Früheres Bundesgebiet / Neue Länder;DF;Früheres Bundesgebiet;WZ08C7;WZ2008 (ausgewählte Positionen): Tarifindex;WZ08-D;Energieversorgung;93,1;2020=100;VST066;Index d.tarifl. Monatsverdienste ohne Sonderzahl.
62221;Vj. Index der Tarifverdienste und Arbeitszeiten;JAHR;Jahr;2017;DINSGF;Früheres Bundesgebiet / Neue Länder;DF;Früheres Bundesgebiet;WZ08C7;WZ2008 (ausgewählte Positionen): Tarifindex;WZ08-D;Energieversorgung;100,0;2020=100;VST018;Index der tariflichen Wochenarbeitszeit
62221;Vj. Index der Tarifverdienste und Arbeitszeiten;JAHR;Jahr;2017;DINSGF;Früheres Bundesgebiet / Neue Länder;DF;Früheres Bundesgebiet;WZ08C7;WZ2008 (ausgewählte Positionen): Tarifindex;WZ08-D;Energieversorgung;93,1;2020=100;VST065;Index d.tarifl. Stundenverdienste ohne Sonderzahl.
62221;Vj. Index der Tarifverdienste und Arbeitszeiten;JAHR;Jahr;2021;DINSGF;Früheres Bundesgebiet / Neue Länder;DN;Neue Länder;WZ08C7;WZ2008 (ausgewählte Positionen): Tarifindex;WZ08-R;Kunst, Unterhaltung und Erholung;100,9;2020=100;VST072;Index d.tarifl. Stundenverdienste mit Sonderzahl.
62221;Vj. Index der Tarifverdienste und Arbeitszeiten;JAHR;Jahr;2021;DINSGF;Früheres Bundesgebiet / Neue Länder;DN;Neue Länder;WZ08C7;WZ2008 (ausgewählte Positionen): Tarifindex;WZ08-R;Kunst, Unterhaltung und Erholung;100,9;2020=100;VST073;Index d.tarifl. Monatsverdienste mit Sonderzahl.
62221;Vj. Index der Tarifverdienste und Arbeitszeiten;JAHR;Jahr;2021;DINSGF;Früheres Bundesgebiet / Neue Länder;DN;Neue Länder;WZ08C7;WZ2008 (ausgewählte Positionen): Tarifindex;WZ08-R;Kunst, Unterhaltung und Erholung;39,1;h;VST019;Durchschnittliche tarifliche Wochenarbeitszeit
62221;Vj. Index der Tarifverdienste und Arbeitszeiten;JAHR;Jahr;2021;DINSGF;Früheres Bundesgebiet / Neue Länder;DN;Neue Länder;WZ08C7;WZ2008 (ausgewählte Positionen): Tarifindex;WZ08-R;Kunst, Unterhaltung und Erholung;101,3;2020=100;VST066;Index d.tarifl. Monatsverdienste ohne Sonderzahl.
62221;Vj. Index der Tarifverdienste und Arbeitszeiten;JAHR;Jahr;2021;DINSGF;Früheres Bundesgebiet / Neue Länder;DN;Neue Länder;WZ08C7;WZ2008 (ausgewählte Positionen): Tarifindex;WZ08-R;Kunst, Unterhaltung und Erholung;100,0;2020=100;VST018;Index der tariflichen Wochenarbeitszeit
62221;Vj. Index der Tarifverdienste und Arbeitszeiten;JAHR;Jahr;2021;DINSGF;Früheres Bundesgebiet / Neue Länder;DN;Neue Länder;WZ08C7;WZ2008 (ausgewählte Positionen): Tarifindex;WZ08-R;Kunst, Unterhaltung und Erholung;101,3;2020=100;VST065;Index d.tarifl. Stundenverdienste ohne Sonderzahl.
62221;Vj. Index der Tarifverdienste und Arbeitszeiten;JAHR;Jahr;2021;DINSGF;Früheres Bundesgebiet / Neue Länder;DN;Neue Länder;WZ08C7;WZ2008 (ausgewählte Positionen): Tarifindex;WZ08-10-02;Ernährungsgewerbe;102,1;2020=100;VST072;Index d.tarifl. Stundenverdienste mit Sonderzahl.
62221;Vj. Index der Tarifverdienste und Arbeitszeiten;JAHR;Jahr;2021;DINSGF;Früheres Bundesgebiet / Neue Länder;DN;Neue Länder;WZ08C7;WZ2008 (ausgewählte Positionen): Tarifindex;WZ08-10-02;Ernährungsgewerbe;102,1;2020=100;VST073;Index d.tarifl. Monatsverdienste mit Sonderzahl.
62221;Vj. Index der Tarifverdienste und Arbeitszeiten;JAHR;Jahr;2021;DINSGF;Früheres Bundesgebiet / Neue Länder;DN;Neue Länder;WZ08C7;WZ2008 (ausgewählte Positionen): Tarifindex;WZ08-10-02;Ernährungsgewerbe;38,8;h;VST019;Durchschnittliche tarifliche Wochenarbeitszeit
62221;Vj. Index der Tarifverdienste und Arbeitszeiten;JAHR;Jahr;2021;DINSGF;Früheres Bundesgebiet / Neue Länder;DN;Neue Länder;WZ08C7;WZ2008 (ausgewählte Positionen): Tarifindex;WZ08-10-02;Ernährungsgewerbe;102,5;2020=100;VST066;Index d.tarifl. Monatsverdienste ohne Sonderzahl.
62221;Vj. Index der Tarifverdienste und Arbeitszeiten;JAHR;Jahr;2021;DINSGF;Früheres Bundesgebiet / Neue Länder;DN;Neue Länder;WZ08C7;WZ2008 (ausgewählte Positionen): Tarifindex;WZ08-10-02;Ernährungsgewerbe;100,0;2020=100;VST018;Index der tariflichen Wochenarbeitszeit
62221;Vj. Index der Tarifverdienste und Arbeitszeiten;JAHR;Jahr;2021;DINSGF;Früheres Bundesgebiet / Neue Länder;DN;Neue Länder;WZ08C7;WZ2008 (ausgewählte Positionen): Tarifindex;WZ08-10-02;Ernährungsgewerbe;102,5;2020=100;VST065;Index d.tarifl. Stundenverdienste ohne Sonderzahl.
62221;Vj. Index der Tarifverdienste und Arbeitszeiten;JAHR;Jahr;2023;DINSGF;Früheres Bundesgebiet / Neue Länder;DN;Neue Länder;WZ08C7;WZ2008 (ausgewählte Positionen): Tarifindex;WZ08-01-01;Land- und Forstwirtschaft;106,3;2020=100;VST072;Index d.tarifl. Stundenverdienste mit Sonderzahl.
62221;Vj. Index der Tarifverdienste und Arbeitszeiten;JAHR;Jahr;2023;DINSGF;Früheres Bundesgebiet / Neue Länder;DN;Neue Länder;WZ08C7;WZ2008 (ausgewählte Positionen): Tarifindex;WZ08-01-01;Land- und Forstwirtschaft;106,3;2020=100;VST073;Index d.tarifl. Monatsverdienste mit Sonderzahl.
62221;Vj. Index der Tarifverdienste und Arbeitszeiten;JAHR;Jahr;2023;DINSGF;Früheres Bundesgebiet / Neue Länder;DN;Neue Länder;WZ08C7;WZ2008 (ausgewählte Positionen): Tarifindex;WZ08-01-01;Land- und Forstwirtschaft;39,8;h;VST019;Durchschnittliche tarifliche Wochenarbeitszeit
62221;Vj. Index der Tarifverdienste und Arbeitszeiten;JAHR;Jahr;2023;DINSGF;Früheres Bundesgebiet / Neue Länder;DN;Neue Länder;WZ08C7;WZ2008 (ausgewählte Positionen): Tarifindex;WZ08-01-01;Land- und Forstwirtschaft;105,7;2020=100;VST066;Index d.tarifl. Monatsverdienste ohne Sonderzahl.
62221;Vj. Index der Tarifverdienste und Arbeitszeiten;JAHR;Jahr;2023;DINSGF;Früheres Bundesgebiet / Neue Länder;DN;Neue Länder;WZ08C7;WZ2008 (ausgewählte Positionen): Tarifindex;WZ08-01-01;Land- und Forstwirtschaft;100,0;2020=100;VST018;Index der tariflichen Wochenarbeitszeit
62221;Vj. Index der Tarifverdienste und Arbeitszeiten;JAHR;Jahr;2023;DINSGF;Früheres Bundesgebiet / Neue Länder;DN;Neue Länder;WZ08C7;WZ2008 (ausgewählte Positionen): Tarifindex;WZ08-01-01;Land- und Forstwirtschaft;105,7;2020=100;VST065;Index d.tarifl. Stundenverdienste ohne Sonderzahl.
62221;Vj. Index der Tarifverdienste und Arbeitszeiten;JAHR;Jahr;2022;DINSGF;Früheres Bundesgebiet / Neue Länder;DF;Früheres Bundesgebiet;WZ08C7;WZ2008 (ausgewählte Positionen): Tarifindex;WZ08-88;Sozialwesen (ohne Heime);103,6;2020=100;VST072;Index d.tarifl. Stundenverdienste mit Sonderzahl.
62221;Vj. Index der Tarifverdienste und Arbeitszeiten;JAHR;Jahr;2022;DINSGF;Früheres Bundesgebiet / Neue Länder;DF;Früheres Bundesgebiet;WZ08C7;WZ2008 (ausgewählte Positionen): Tarifindex;WZ08-88;Sozialwesen (ohne Heime);103,6;2020=100;VST073;Index d.tarifl. Monatsverdienste mit Sonderzahl.
62221;Vj. Index der Tarifverdienste und Arbeitszeiten;JAHR;Jahr;2022;DINSGF;Früheres Bundesgebiet / Neue Länder;DF;Früheres Bundesgebiet;WZ08C7;WZ2008 (ausgewählte Positionen): Tarifindex;WZ08-88;Sozialwesen (ohne Heime);39,1;h;VST019;Durchschnittliche tarifliche Wochenarbeitszeit
62221;Vj. Index der Tarifverdienste und Arbeitszeiten;JAHR;Jahr;2022;DINSGF;Früheres Bundesgebiet / Neue Länder;DF;Früheres Bundesgebiet;WZ08C7;WZ2008 (ausgewählte Positionen): Tarifindex;WZ08-88;Sozialwesen (ohne Heime);103,7;2020=100;VST066;Index d.tarifl. Monatsverdienste ohne Sonderzahl.
62221;Vj. Index der Tarifverdienste und Arbeitszeiten;JAHR;Jahr;2022;DINSGF;Früheres Bundesgebiet / Neue Länder;DF;Früheres Bundesgebiet;WZ08C7;WZ2008 (ausgewählte Positionen): Tarifindex;WZ08-88;Sozialwesen (ohne Heime);100,0;2020=100;VST018;Index der tariflichen Wochenarbeitszeit
62221;Vj. Index der Tarifverdienste und Arbeitszeiten;JAHR;Jahr;2022;DINSGF;Früheres Bundesgebiet / Neue Länder;DF;Früheres Bundesgebiet;WZ08C7;WZ2008 (ausgewählte Positionen): Tarifindex;WZ08-88;Sozialwesen (ohne Heime);103,7;2020=100;VST065;Index d.tarifl. Stundenverdienste ohne Sonderzahl.
62221;Vj. Index der Tarifverdienste und Arbeitszeiten;JAHR;Jahr;2018;DINSGF;Früheres Bundesgebiet / Neue Länder;DN;Neue Länder;WZ08C7;WZ2008 (ausgewählte Positionen): Tarifindex;WZ08-31;Herstellung von Möbeln;95,0;2020=100;VST072;Index d.tarifl. Stundenverdienste mit Sonderzahl.
62221;Vj. Index der Tarifverdienste und Arbeitszeiten;JAHR;Jahr;2018;DINSGF;Früheres Bundesgebiet / Neue Länder;DN;Neue Länder;WZ08C7;WZ2008 (ausgewählte Positionen): Tarifindex;WZ08-31;Herstellung von Möbeln;95,4;2020=100;VST073;Index d.tarifl. Monatsverdienste mit Sonderzahl.
62221;Vj. Index der Tarifverdienste und Arbeitszeiten;JAHR;Jahr;2018;DINSGF;Früheres Bundesgebiet / Neue Länder;DN;Neue Länder;WZ08C7;WZ2008 (ausgewählte Positionen): Tarifindex;WZ08-31;Herstellung von Möbeln;38,9;h;VST019;Durchschnittliche tarifliche Wochenarbeitszeit
62221;Vj. Index der Tarifverdienste und Arbeitszeiten;JAHR;Jahr;2018;DINSGF;Früheres Bundesgebiet / Neue Länder;DN;Neue Länder;WZ08C7;WZ2008 (ausgewählte Positionen): Tarifindex;WZ08-31;Herstellung von Möbeln;96,1;2020=100;VST066;Index d.tarifl. Monatsverdienste ohne Sonderzahl.
62221;Vj. Index der Tarifverdienste und Arbeitszeiten;JAHR;Jahr;2018;DINSGF;Früheres Bundesgebiet / Neue Länder;DN;Neue Länder;WZ08C7;WZ2008 (ausgewählte Positionen): Tarifindex;WZ08-31;Herstellung von Möbeln;100,4;2020=100;VST018;Index der tariflichen Wochenarbeitszeit
62221;Vj. Index der Tarifverdienste und Arbeitszeiten;JAHR;Jahr;2018;DINSGF;Früheres Bundesgebiet / Neue Länder;DN;Neue Länder;WZ08C7;WZ2008 (ausgewählte Positionen): Tarifindex;WZ08-31;Herstellung von Möbeln;95,8;2020=100;VST065;Index d.tarifl. Stundenverdienste ohne Sonderzahl.
62221;Vj. Index der Tarifverdienste und Arbeitszeiten;JAHR;Jahr;2021;DINSGF;Früheres Bundesgebiet / Neue Länder;DN;Neue Länder;WZ08C7;WZ2008 (ausgewählte Positionen): Tarifindex;WZ08-53;Post-, Kurier- und Expressdienste;102,3;2020=100;VST072;Index d.tarifl. Stundenverdienste mit Sonderzahl.
62221;Vj. Index der Tarifverdienste und Arbeitszeiten;JAHR;Jahr;2021;DINSGF;Früheres Bundesgebiet / Neue Länder;DN;Neue Länder;WZ08C7;WZ2008 (ausgewählte Positionen): Tarifindex;WZ08-53;Post-, Kurier- und Expressdienste;102,3;2020=100;VST073;Index d.tarifl. Monatsverdienste mit Sonderzahl.
62221;Vj. Index der Tarifverdienste und Arbeitszeiten;JAHR;Jahr;2021;DINSGF;Früheres Bundesgebiet / Neue Länder;DN;Neue Länder;WZ08C7;WZ2008 (ausgewählte Positionen): Tarifindex;WZ08-53;Post-, Kurier- und Expressdienste;38,5;h;VST019;Durchschnittliche tarifliche Wochenarbeitszeit
62221;Vj. Index der Tarifverdienste und Arbeitszeiten;JAHR;Jahr;2021;DINSGF;Früheres Bundesgebiet / Neue Länder;DN;Neue Länder;WZ08C7;WZ2008 (ausgewählte Positionen): Tarifindex;WZ08-53;Post-, Kurier- und Expressdienste;102,8;2020=100;VST066;Index d.tarifl. Monatsverdienste ohne Sonderzahl.
62221;Vj. Index der Tarifverdienste und Arbeitszeiten;JAHR;Jahr;2021;DINSGF;Früheres Bundesgebiet / Neue Länder;DN;Neue Länder;WZ08C7;WZ2008 (ausgewählte Positionen): Tarifindex;WZ08-53;Post-, Kurier- und Expressdienste;100,0;2020=100;VST018;Index der tariflichen Wochenarbeitszeit
62221;Vj. Index der Tarifverdienste und Arbeitszeiten;JAHR;Jahr;2021;DINSGF;Früheres Bundesgebiet / Neue Länder;DN;Neue Länder;WZ08C7;WZ2008 (ausgewählte Positionen): Tarifindex;WZ08-53;Post-, Kurier- und Expressdienste;102,8;2020=100;VST065;Index d.tarifl. Stundenverdienste ohne Sonderzahl.
62221;Vj. Index der Tarifverdienste und Arbeitszeiten;JAHR;Jahr;2025;DINSGF;Früheres Bundesgebiet / Neue Länder;DN;Neue Länder;WZ08C7;WZ2008 (ausgewählte Positionen): Tarifindex;WZ08-11;Getränkeherstellung;118,3;2020=100;VST072;Index d.tarifl. Stundenverdienste mit Sonderzahl.
62221;Vj. Index der Tarifverdienste und Arbeitszeiten;JAHR;Jahr;2025;DINSGF;Früheres Bundesgebiet / Neue Länder;DN;Neue Länder;WZ08C7;WZ2008 (ausgewählte Positionen): Tarifindex;WZ08-11;Getränkeherstellung;118,3;2020=100;VST073;Index d.tarifl. Monatsverdienste mit Sonderzahl.
62221;Vj. Index der Tarifverdienste und Arbeitszeiten;JAHR;Jahr;2025;DINSGF;Früheres Bundesgebiet / Neue Länder;DN;Neue Länder;WZ08C7;WZ2008 (ausgewählte Positionen): Tarifindex;WZ08-11;Getränkeherstellung;39,0;h;VST019;Durchschnittliche tarifliche Wochenarbeitszeit
62221;Vj. Index der Tarifverdienste und Arbeitszeiten;JAHR;Jahr;2025;DINSGF;Früheres Bundesgebiet / Neue Länder;DN;Neue Länder;WZ08C7;WZ2008 (ausgewählte Positionen): Tarifindex;WZ08-11;Getränkeherstellung;118,8;2020=100;VST066;Index d.tarifl. Monatsverdienste ohne Sonderzahl.
62221;Vj. Index der Tarifverdienste und Arbeitszeiten;JAHR;Jahr;2025;DINSGF;Früheres Bundesgebiet / Neue Länder;DN;Neue Länder;WZ08C7;WZ2008 (ausgewählte Positionen): Tarifindex;WZ08-11;Getränkeherstellung;100,0;2020=100;VST018;Index der tariflichen Wochenarbeitszeit
62221;Vj. Index der Tarifverdienste und Arbeitszeiten;JAHR;Jahr;2025;DINSGF;Früheres Bundesgebiet / Neue Länder;DN;Neue Länder;WZ08C7;WZ2008 (ausgewählte Positionen): Tarifindex;WZ08-11;Getränkeherstellung;118,8;2020=100;VST065;Index d.tarifl. Stundenverdienste ohne Sonderzahl.
62221;Vj. Index der Tarifverdienste und Arbeitszeiten;JAHR;Jahr;2021;DINSGF;Früheres Bundesgebiet / Neue Länder;DN;Neue Länder;WZ08C7;WZ2008 (ausgewählte Positionen): Tarifindex;WZ08-55-01;Gastgewerbe;104,3;2020=100;VST072;Index d.tarifl. Stundenverdienste mit Sonderzahl.
62221;Vj. Index der Tarifverdienste und Arbeitszeiten;JAHR;Jahr;2021;DINSGF;Früheres Bundesgebiet / Neue Länder;DN;Neue Länder;WZ08C7;WZ2008 (ausgewählte Positionen): Tarifindex;WZ08-55-01;Gastgewerbe;104,3;2020=100;VST073;Index d.tarifl. Monatsverdienste mit Sonderzahl.
62221;Vj. Index der Tarifverdienste und Arbeitszeiten;JAHR;Jahr;2021;DINSGF;Früheres Bundesgebiet / Neue Länder;DN;Neue Länder;WZ08C7;WZ2008 (ausgewählte Positionen): Tarifindex;WZ08-55-01;Gastgewerbe;39,4;h;VST019;Durchschnittliche tarifliche Wochenarbeitszeit
62221;Vj. Index der Tarifverdienste und Arbeitszeiten;JAHR;Jahr;2021;DINSGF;Früheres Bundesgebiet / Neue Länder;DN;Neue Länder;WZ08C7;WZ2008 (ausgewählte Positionen): Tarifindex;WZ08-55-01;Gastgewerbe;104,3;2020=100;VST066;Index d.tarifl. Monatsverdienste ohne Sonderzahl.
62221;Vj. Index der Tarifverdienste und Arbeitszeiten;JAHR;Jahr;2021;DINSGF;Früheres Bundesgebiet / Neue Länder;DN;Neue Länder;WZ08C7;WZ2008 (ausgewählte Positionen): Tarifindex;WZ08-55-01;Gastgewerbe;100,0;2020=100;VST018;Index der tariflichen Wochenarbeitszeit
62221;Vj. Index der Tarifverdienste und Arbeitszeiten;JAHR;Jahr;2021;DINSGF;Früheres Bundesgebiet / Neue Länder;DN;Neue Länder;WZ08C7;WZ2008 (ausgewählte Positionen): Tarifindex;WZ08-55-01;Gastgewerbe;104,3;2020=100;VST065;Index d.tarifl. Stundenverdienste ohne Sonderzahl.
62221;Vj. Index der Tarifverdienste und Arbeitszeiten;JAHR;Jahr;2021;DINSGF;Früheres Bundesgebiet / Neue Länder;DN;Neue Länder;WZ08C7;WZ2008 (ausgewählte Positionen): Tarifindex;WZ08-81;Gebäudebetreuung, Garten- und Landschaftsbau;103,4;2020=100;VST072;Index d.tarifl. Stundenverdienste mit Sonderzahl.
62221;Vj. Index der Tarifverdienste und Arbeitszeiten;JAHR;Jahr;2021;DINSGF;Früheres Bundesgebiet / Neue Länder;DN;Neue Länder;WZ08C7;WZ2008 (ausgewählte Positionen): Tarifindex;WZ08-81;Gebäudebetreuung, Garten- und Landschaftsbau;103,4;2020=100;VST073;Index d.tarifl. Monatsverdienste mit Sonderzahl.
62221;Vj. Index der Tarifverdienste und Arbeitszeiten;JAHR;Jahr;2021;DINSGF;Früheres Bundesgebiet / Neue Länder;DN;Neue Länder;WZ08C7;WZ2008 (ausgewählte Positionen): Tarifindex;WZ08-81;Gebäudebetreuung, Garten- und Landschaftsbau;39,0;h;VST019;Durchschnittliche tarifliche Wochenarbeitszeit
62221;Vj. Index der Tarifverdienste und Arbeitszeiten;JAHR;Jahr;2021;DINSGF;Früheres Bundesgebiet / Neue Länder;DN;Neue Länder;WZ08C7;WZ2008 (ausgewählte Positionen): Tarifindex;WZ08-81;Gebäudebetreuung, Garten- und Landschaftsbau;103,5;2020=100;VST066;Index d.tarifl. Monatsverdienste ohne Sonderzahl.
62221;Vj. Index der Tarifverdienste und Arbeitszeiten;JAHR;Jahr;2021;DINSGF;Früheres Bundesgebiet / Neue Länder;DN;Neue Länder;WZ08C7;WZ2008 (ausgewählte Positionen): Tarifindex;WZ08-81;Gebäudebetreuung, Garten- und Landschaftsbau;100,0;2020=100;VST018;Index der tariflichen Wochenarbeitszeit
62221;Vj. Index der Tarifverdienste und Arbeitszeiten;JAHR;Jahr;2021;DINSGF;Früheres Bundesgebiet / Neue Länder;DN;Neue Länder;WZ08C7;WZ2008 (ausgewählte Positionen): Tarifindex;WZ08-81;Gebäudebetreuung, Garten- und Landschaftsbau;103,5;2020=100;VST065;Index d.tarifl. Stundenverdienste ohne Sonderzahl.
62221;Vj. Index der Tarifverdienste und Arbeitszeiten;JAHR;Jahr;2023;DINSGF;Früheres Bundesgebiet / Neue Länder;DF;Früheres Bundesgebiet;WZ08C7;WZ2008 (ausgewählte Positionen): Tarifindex;WZ08-F;Baugewerbe;109,0;2020=100;VST072;Index d.tarifl. Stundenverdienste mit Sonderzahl.
62221;Vj. Index der Tarifverdienste und Arbeitszeiten;JAHR;Jahr;2023;DINSGF;Früheres Bundesgebiet / Neue Länder;DF;Früheres Bundesgebiet;WZ08C7;WZ2008 (ausgewählte Positionen): Tarifindex;WZ08-F;Baugewerbe;109,0;2020=100;VST073;Index d.tarifl. Monatsverdienste mit Sonderzahl.
62221;Vj. Index der Tarifverdienste und Arbeitszeiten;JAHR;Jahr;2023;DINSGF;Früheres Bundesgebiet / Neue Länder;DF;Früheres Bundesgebiet;WZ08C7;WZ2008 (ausgewählte Positionen): Tarifindex;WZ08-F;Baugewerbe;39,4;h;VST019;Durchschnittliche tarifliche Wochenarbeitszeit
62221;Vj. Index der Tarifverdienste und Arbeitszeiten;JAHR;Jahr;2023;DINSGF;Früheres Bundesgebiet / Neue Länder;DF;Früheres Bundesgebiet;WZ08C7;WZ2008 (ausgewählte Positionen): Tarifindex;WZ08-F;Baugewerbe;107,6;2020=100;VST066;Index d.tarifl. Monatsverdienste ohne Sonderzahl.
62221;Vj. Index der Tarifverdienste und Arbeitszeiten;JAHR;Jahr;2023;DINSGF;Früheres Bundesgebiet / Neue Länder;DF;Früheres Bundesgebiet;WZ08C7;WZ2008 (ausgewählte Positionen): Tarifindex;WZ08-F;Baugewerbe;100,0;2020=100;VST018;Index der tariflichen Wochenarbeitszeit
62221;Vj. Index der Tarifverdienste und Arbeitszeiten;JAHR;Jahr;2023;DINSGF;Früheres Bundesgebiet / Neue Länder;DF;Früheres Bundesgebiet;WZ08C7;WZ2008 (ausgewählte Positionen): Tarifindex;WZ08-F;Baugewerbe;107,7;2020=100;VST065;Index d.tarifl. Stundenverdienste ohne Sonderzahl.
62221;Vj. Index der Tarifverdienste und Arbeitszeiten;JAHR;Jahr;2019;DINSGF;Früheres Bundesgebiet / Neue Länder;DN;Neue Länder;WZ08C7;WZ2008 (ausgewählte Positionen): Tarifindex;WZ08-15;Herstellung von Leder, Lederwaren und Schuhen;-;2020=100;VST072;Index d.tarifl. Stundenverdienste mit Sonderzahl.
62221;Vj. Index der Tarifverdienste und Arbeitszeiten;JAHR;Jahr;2019;DINSGF;Früheres Bundesgebiet / Neue Länder;DN;Neue Länder;WZ08C7;WZ2008 (ausgewählte Positionen): Tarifindex;WZ08-15;Herstellung von Leder, Lederwaren und Schuhen;-;2020=100;VST073;Index d.tarifl. Monatsverdienste mit Sonderzahl.
62221;Vj. Index der Tarifverdienste und Arbeitszeiten;JAHR;Jahr;2019;DINSGF;Früheres Bundesgebiet / Neue Länder;DN;Neue Länder;WZ08C7;WZ2008 (ausgewählte Positionen): Tarifindex;WZ08-15;Herstellung von Leder, Lederwaren und Schuhen;-;h;VST019;Durchschnittliche tarifliche Wochenarbeitszeit
62221;Vj. Index der Tarifverdienste und Arbeitszeiten;JAHR;Jahr;2019;DINSGF;Früheres Bundesgebiet / Neue Länder;DN;Neue Länder;WZ08C7;WZ2008 (ausgewählte Positionen): Tarifindex;WZ08-15;Herstellung von Leder, Lederwaren und Schuhen;-;2020=100;VST066;Index d.tarifl. Monatsverdienste ohne Sonderzahl.
62221;Vj. Index der Tarifverdienste und Arbeitszeiten;JAHR;Jahr;2019;DINSGF;Früheres Bundesgebiet / Neue Länder;DN;Neue Länder;WZ08C7;WZ2008 (ausgewählte Positionen): Tarifindex;WZ08-15;Herstellung von Leder, Lederwaren und Schuhen;-;2020=100;VST018;Index der tariflichen Wochenarbeitszeit
62221;Vj. Index der Tarifverdienste und Arbeitszeiten;JAHR;Jahr;2019;DINSGF;Früheres Bundesgebiet / Neue Länder;DN;Neue Länder;WZ08C7;WZ2008 (ausgewählte Positionen): Tarifindex;WZ08-15;Herstellung von Leder, Lederwaren und Schuhen;-;2020=100;VST065;Index d.tarifl. Stundenverdienste ohne Sonderzahl.
62221;Vj. Index der Tarifverdienste und Arbeitszeiten;JAHR;Jahr;2022;DINSGF;Früheres Bundesgebiet / Neue Länder;DF;Früheres Bundesgebiet;WZ08C7;WZ2008 (ausgewählte Positionen): Tarifindex;WZ08-82;Dienstleistungen für Unternehmen u.Privatpers. ang;103,5;2020=100;VST072;Index d.tarifl. Stundenverdienste mit Sonderzahl.
62221;Vj. Index der Tarifverdienste und Arbeitszeiten;JAHR;Jahr;2022;DINSGF;Früheres Bundesgebiet / Neue Länder;DF;Früheres Bundesgebiet;WZ08C7;WZ2008 (ausgewählte Positionen): Tarifindex;WZ08-82;Dienstleistungen für Unternehmen u.Privatpers. ang;103,5;2020=100;VST073;Index d.tarifl. Monatsverdienste mit Sonderzahl.
62221;Vj. Index der Tarifverdienste und Arbeitszeiten;JAHR;Jahr;2022;DINSGF;Früheres Bundesgebiet / Neue Länder;DF;Früheres Bundesgebiet;WZ08C7;WZ2008 (ausgewählte Positionen): Tarifindex;WZ08-82;Dienstleistungen für Unternehmen u.Privatpers. ang;37,9;h;VST019;Durchschnittliche tarifliche Wochenarbeitszeit
62221;Vj. Index der Tarifverdienste und Arbeitszeiten;JAHR;Jahr;2022;DINSGF;Früheres Bundesgebiet / Neue Länder;DF;Früheres Bundesgebiet;WZ08C7;WZ2008 (ausgewählte Positionen): Tarifindex;WZ08-82;Dienstleistungen für Unternehmen u.Privatpers. ang;103,5;2020=100;VST066;Index d.tarifl. Monatsverdienste ohne Sonderzahl.
62221;Vj. Index der Tarifverdienste und Arbeitszeiten;JAHR;Jahr;2022;DINSGF;Früheres Bundesgebiet / Neue Länder;DF;Früheres Bundesgebiet;WZ08C7;WZ2008 (ausgewählte Positionen): Tarifindex;WZ08-82;Dienstleistungen für Unternehmen u.Privatpers. ang;100,0;2020=100;VST018;Index der tariflichen Wochenarbeitszeit
62221;Vj. Index der Tarifverdienste und Arbeitszeiten;JAHR;Jahr;2022;DINSGF;Früheres Bundesgebiet / Neue Länder;DF;Früheres Bundesgebiet;WZ08C7;WZ2008 (ausgewählte Positionen): Tarifindex;WZ08-82;Dienstleistungen für Unternehmen u.Privatpers. ang;103,5;2020=100;VST065;Index d.tarifl. Stundenverdienste ohne Sonderzahl.
62221;Vj. Index der Tarifverdienste und Arbeitszeiten;JAHR;Jahr;2021;DINSGF;Früheres Bundesgebiet / Neue Länder;DF;Früheres Bundesgebiet;WZ08C7;WZ2008 (ausgewählte Positionen): Tarifindex;WZ08-17;Herstellung von Papier, Pappe und Waren daraus;100,9;2020=100;VST072;Index d.tarifl. Stundenverdienste mit Sonderzahl.
62221;Vj. Index der Tarifverdienste und Arbeitszeiten;JAHR;Jahr;2021;DINSGF;Früheres Bundesgebiet / Neue Länder;DF;Früheres Bundesgebiet;WZ08C7;WZ2008 (ausgewählte Positionen): Tarifindex;WZ08-17;Herstellung von Papier, Pappe und Waren daraus;100,9;2020=100;VST073;Index d.tarifl. Monatsverdienste mit Sonderzahl.
62221;Vj. Index der Tarifverdienste und Arbeitszeiten;JAHR;Jahr;2021;DINSGF;Früheres Bundesgebiet / Neue Länder;DF;Früheres Bundesgebiet;WZ08C7;WZ2008 (ausgewählte Positionen): Tarifindex;WZ08-17;Herstellung von Papier, Pappe und Waren daraus;36,3;h;VST019;Durchschnittliche tarifliche Wochenarbeitszeit
62221;Vj. Index der Tarifverdienste und Arbeitszeiten;JAHR;Jahr;2021;DINSGF;Früheres Bundesgebiet / Neue Länder;DF;Früheres Bundesgebiet;WZ08C7;WZ2008 (ausgewählte Positionen): Tarifindex;WZ08-17;Herstellung von Papier, Pappe und Waren daraus;101,2;2020=100;VST066;Index d.tarifl. Monatsverdienste ohne Sonderzahl.
62221;Vj. Index der Tarifverdienste und Arbeitszeiten;JAHR;Jahr;2021;DINSGF;Früheres Bundesgebiet / Neue Länder;DF;Früheres Bundesgebiet;WZ08C7;WZ2008 (ausgewählte Positionen): Tarifindex;WZ08-17;Herstellung von Papier, Pappe und Waren daraus;100,0;2020=100;VST018;Index der tariflichen Wochenarbeitszeit
62221;Vj. Index der Tarifverdienste und Arbeitszeiten;JAHR;Jahr;2021;DINSGF;Früheres Bundesgebiet / Neue Länder;DF;Früheres Bundesgebiet;WZ08C7;WZ2008 (ausgewählte Positionen): Tarifindex;WZ08-17;Herstellung von Papier, Pappe und Waren daraus;101,2;2020=100;VST065;Index d.tarifl. Stundenverdienste ohne Sonderzahl.
62221;Vj. Index der Tarifverdienste und Arbeitszeiten;JAHR;Jahr;2019;DINSGF;Früheres Bundesgebiet / Neue Länder;DN;Neue Länder;WZ08C7;WZ2008 (ausgewählte Positionen): Tarifindex;WZ08-06;Gewinnung von Erdöl und Erdgas;96,9;2020=100;VST072;Index d.tarifl. Stundenverdienste mit Sonderzahl.
62221;Vj. Index der Tarifverdienste und Arbeitszeiten;JAHR;Jahr;2019;DINSGF;Früheres Bundesgebiet / Neue Länder;DN;Neue Länder;WZ08C7;WZ2008 (ausgewählte Positionen): Tarifindex;WZ08-06;Gewinnung von Erdöl und Erdgas;96,9;2020=100;VST073;Index d.tarifl. Monatsverdienste mit Sonderzahl.
62221;Vj. Index der Tarifverdienste und Arbeitszeiten;JAHR;Jahr;2019;DINSGF;Früheres Bundesgebiet / Neue Länder;DN;Neue Länder;WZ08C7;WZ2008 (ausgewählte Positionen): Tarifindex;WZ08-06;Gewinnung von Erdöl und Erdgas;38,0;h;VST019;Durchschnittliche tarifliche Wochenarbeitszeit
62221;Vj. Index der Tarifverdienste und Arbeitszeiten;JAHR;Jahr;2019;DINSGF;Früheres Bundesgebiet / Neue Länder;DN;Neue Länder;WZ08C7;WZ2008 (ausgewählte Positionen): Tarifindex;WZ08-06;Gewinnung von Erdöl und Erdgas;98,1;2020=100;VST066;Index d.tarifl. Monatsverdienste ohne Sonderzahl.
62221;Vj. Index der Tarifverdienste und Arbeitszeiten;JAHR;Jahr;2019;DINSGF;Früheres Bundesgebiet / Neue Länder;DN;Neue Länder;WZ08C7;WZ2008 (ausgewählte Positionen): Tarifindex;WZ08-06;Gewinnung von Erdöl und Erdgas;100,0;2020=100;VST018;Index der tariflichen Wochenarbeitszeit
62221;Vj. Index der Tarifverdienste und Arbeitszeiten;JAHR;Jahr;2019;DINSGF;Früheres Bundesgebiet / Neue Länder;DN;Neue Länder;WZ08C7;WZ2008 (ausgewählte Positionen): Tarifindex;WZ08-06;Gewinnung von Erdöl und Erdgas;98,1;2020=100;VST065;Index d.tarifl. Stundenverdienste ohne Sonderzahl.
62221;Vj. Index der Tarifverdienste und Arbeitszeiten;JAHR;Jahr;2021;DINSGF;Früheres Bundesgebiet / Neue Länder;DF;Früheres Bundesgebiet;WZ08C7;WZ2008 (ausgewählte Positionen): Tarifindex;WZ08-11;Getränkeherstellung;101,6;2020=100;VST072;Index d.tarifl. Stundenverdienste mit Sonderzahl.
62221;Vj. Index der Tarifverdienste und Arbeitszeiten;JAHR;Jahr;2021;DINSGF;Früheres Bundesgebiet / Neue Länder;DF;Früheres Bundesgebiet;WZ08C7;WZ2008 (ausgewählte Positionen): Tarifindex;WZ08-11;Getränkeherstellung;101,6;2020=100;VST073;Index d.tarifl. Monatsverdienste mit Sonderzahl.
62221;Vj. Index der Tarifverdienste und Arbeitszeiten;JAHR;Jahr;2021;DINSGF;Früheres Bundesgebiet / Neue Länder;DF;Früheres Bundesgebiet;WZ08C7;WZ2008 (ausgewählte Positionen): Tarifindex;WZ08-11;Getränkeherstellung;38,1;h;VST019;Durchschnittliche tarifliche Wochenarbeitszeit
62221;Vj. Index der Tarifverdienste und Arbeitszeiten;JAHR;Jahr;2021;DINSGF;Früheres Bundesgebiet / Neue Länder;DF;Früheres Bundesgebiet;WZ08C7;WZ2008 (ausgewählte Positionen): Tarifindex;WZ08-11;Getränkeherstellung;101,3;2020=100;VST066;Index d.tarifl. Monatsverdienste ohne Sonderzahl.
62221;Vj. Index der Tarifverdienste und Arbeitszeiten;JAHR;Jahr;2021;DINSGF;Früheres Bundesgebiet / Neue Länder;DF;Früheres Bundesgebiet;WZ08C7;WZ2008 (ausgewählte Positionen): Tarifindex;WZ08-11;Getränkeherstellung;100,0;2020=100;VST018;Index der tariflichen Wochenarbeitszeit
62221;Vj. Index der Tarifverdienste und Arbeitszeiten;JAHR;Jahr;2021;DINSGF;Früheres Bundesgebiet / Neue Länder;DF;Früheres Bundesgebiet;WZ08C7;WZ2008 (ausgewählte Positionen): Tarifindex;WZ08-11;Getränkeherstellung;101,3;2020=100;VST065;Index d.tarifl. Stundenverdienste ohne Sonderzahl.
62221;Vj. Index der Tarifverdienste und Arbeitszeiten;JAHR;Jahr;2016;DINSGF;Früheres Bundesgebiet / Neue Länder;DN;Neue Länder;WZ08C7;WZ2008 (ausgewählte Positionen): Tarifindex;WZ08-10;Herstellung von Nahrungs- und Futtermitteln;90,5;2020=100;VST072;Index d.tarifl. Stundenverdienste mit Sonderzahl.
62221;Vj. Index der Tarifverdienste und Arbeitszeiten;JAHR;Jahr;2016;DINSGF;Früheres Bundesgebiet / Neue Länder;DN;Neue Länder;WZ08C7;WZ2008 (ausgewählte Positionen): Tarifindex;WZ08-10;Herstellung von Nahrungs- und Futtermitteln;90,5;2020=100;VST073;Index d.tarifl. Monatsverdienste mit Sonderzahl.
62221;Vj. Index der Tarifverdienste und Arbeitszeiten;JAHR;Jahr;2016;DINSGF;Früheres Bundesgebiet / Neue Länder;DN;Neue Länder;WZ08C7;WZ2008 (ausgewählte Positionen): Tarifindex;WZ08-10;Herstellung von Nahrungs- und Futtermitteln;38,7;h;VST019;Durchschnittliche tarifliche Wochenarbeitszeit
62221;Vj. Index der Tarifverdienste und Arbeitszeiten;JAHR;Jahr;2016;DINSGF;Früheres Bundesgebiet / Neue Länder;DN;Neue Länder;WZ08C7;WZ2008 (ausgewählte Positionen): Tarifindex;WZ08-10;Herstellung von Nahrungs- und Futtermitteln;90,6;2020=100;VST066;Index d.tarifl. Monatsverdienste ohne Sonderzahl.
62221;Vj. Index der Tarifverdienste und Arbeitszeiten;JAHR;Jahr;2016;DINSGF;Früheres Bundesgebiet / Neue Länder;DN;Neue Länder;WZ08C7;WZ2008 (ausgewählte Positionen): Tarifindex;WZ08-10;Herstellung von Nahrungs- und Futtermitteln;100,0;2020=100;VST018;Index der tariflichen Wochenarbeitszeit
62221;Vj. Index der Tarifverdienste und Arbeitszeiten;JAHR;Jahr;2016;DINSGF;Früheres Bundesgebiet / Neue Länder;DN;Neue Länder;WZ08C7;WZ2008 (ausgewählte Positionen): Tarifindex;WZ08-10;Herstellung von Nahrungs- und Futtermitteln;90,6;2020=100;VST065;Index d.tarifl. Stundenverdienste ohne Sonderzahl.
62221;Vj. Index der Tarifverdienste und Arbeitszeiten;JAHR;Jahr;2018;DINSGF;Früheres Bundesgebiet / Neue Länder;DN;Neue Länder;WZ08C7;WZ2008 (ausgewählte Positionen): Tarifindex;WZ08-37;Abwasserentsorgung;94,8;2020=100;VST072;Index d.tarifl. Stundenverdienste mit Sonderzahl.
62221;Vj. Index der Tarifverdienste und Arbeitszeiten;JAHR;Jahr;2018;DINSGF;Früheres Bundesgebiet / Neue Länder;DN;Neue Länder;WZ08C7;WZ2008 (ausgewählte Positionen): Tarifindex;WZ08-37;Abwasserentsorgung;94,8;2020=100;VST073;Index d.tarifl. Monatsverdienste mit Sonderzahl.
62221;Vj. Index der Tarifverdienste und Arbeitszeiten;JAHR;Jahr;2018;DINSGF;Früheres Bundesgebiet / Neue Länder;DN;Neue Länder;WZ08C7;WZ2008 (ausgewählte Positionen): Tarifindex;WZ08-37;Abwasserentsorgung;39,0;h;VST019;Durchschnittliche tarifliche Wochenarbeitszeit
62221;Vj. Index der Tarifverdienste und Arbeitszeiten;JAHR;Jahr;2018;DINSGF;Früheres Bundesgebiet / Neue Länder;DN;Neue Länder;WZ08C7;WZ2008 (ausgewählte Positionen): Tarifindex;WZ08-37;Abwasserentsorgung;94,3;2020=100;VST066;Index d.tarifl. Monatsverdienste ohne Sonderzahl.
62221;Vj. Index der Tarifverdienste und Arbeitszeiten;JAHR;Jahr;2018;DINSGF;Früheres Bundesgebiet / Neue Länder;DN;Neue Länder;WZ08C7;WZ2008 (ausgewählte Positionen): Tarifindex;WZ08-37;Abwasserentsorgung;100,0;2020=100;VST018;Index der tariflichen Wochenarbeitszeit
62221;Vj. Index der Tarifverdienste und Arbeitszeiten;JAHR;Jahr;2018;DINSGF;Früheres Bundesgebiet / Neue Länder;DN;Neue Länder;WZ08C7;WZ2008 (ausgewählte Positionen): Tarifindex;WZ08-37;Abwasserentsorgung;94,3;2020=100;VST065;Index d.tarifl. Stundenverdienste ohne Sonderzahl.
62221;Vj. Index der Tarifverdienste und Arbeitszeiten;JAHR;Jahr;2018;DINSGF;Früheres Bundesgebiet / Neue Länder;DN;Neue Länder;WZ08C7;WZ2008 (ausgewählte Positionen): Tarifindex;WZ08-22;Herstellung von Gummi- und Kunststoffwaren;93,2;2020=100;VST072;Index d.tarifl. Stundenverdienste mit Sonderzahl.
62221;Vj. Index der Tarifverdienste und Arbeitszeiten;JAHR;Jahr;2018;DINSGF;Früheres Bundesgebiet / Neue Länder;DN;Neue Länder;WZ08C7;WZ2008 (ausgewählte Positionen): Tarifindex;WZ08-22;Herstellung von Gummi- und Kunststoffwaren;93,4;2020=100;VST073;Index d.tarifl. Monatsverdienste mit Sonderzahl.
62221;Vj. Index der Tarifverdienste und Arbeitszeiten;JAHR;Jahr;2018;DINSGF;Früheres Bundesgebiet / Neue Länder;DN;Neue Länder;WZ08C7;WZ2008 (ausgewählte Positionen): Tarifindex;WZ08-22;Herstellung von Gummi- und Kunststoffwaren;39,5;h;VST019;Durchschnittliche tarifliche Wochenarbeitszeit
62221;Vj. Index der Tarifverdienste und Arbeitszeiten;JAHR;Jahr;2018;DINSGF;Früheres Bundesgebiet / Neue Länder;DN;Neue Länder;WZ08C7;WZ2008 (ausgewählte Positionen): Tarifindex;WZ08-22;Herstellung von Gummi- und Kunststoffwaren;94,1;2020=100;VST066;Index d.tarifl. Monatsverdienste ohne Sonderzahl.
62221;Vj. Index der Tarifverdienste und Arbeitszeiten;JAHR;Jahr;2018;DINSGF;Früheres Bundesgebiet / Neue Länder;DN;Neue Länder;WZ08C7;WZ2008 (ausgewählte Positionen): Tarifindex;WZ08-22;Herstellung von Gummi- und Kunststoffwaren;100,2;2020=100;VST018;Index der tariflichen Wochenarbeitszeit
62221;Vj. Index der Tarifverdienste und Arbeitszeiten;JAHR;Jahr;2018;DINSGF;Früheres Bundesgebiet / Neue Länder;DN;Neue Länder;WZ08C7;WZ2008 (ausgewählte Positionen): Tarifindex;WZ08-22;Herstellung von Gummi- und Kunststoffwaren;93,8;2020=100;VST065;Index d.tarifl. Stundenverdienste ohne Sonderzahl.
62221;Vj. Index der Tarifverdienste und Arbeitszeiten;JAHR;Jahr;2021;DINSGF;Früheres Bundesgebiet / Neue Länder;DN;Neue Länder;WZ08C7;WZ2008 (ausgewählte Positionen): Tarifindex;WZ08-L;Grundstücks- und Wohnungswesen;100,9;2020=100;VST072;Index d.tarifl. Stundenverdienste mit Sonderzahl.
62221;Vj. Index der Tarifverdienste und Arbeitszeiten;JAHR;Jahr;2021;DINSGF;Früheres Bundesgebiet / Neue Länder;DN;Neue Länder;WZ08C7;WZ2008 (ausgewählte Positionen): Tarifindex;WZ08-L;Grundstücks- und Wohnungswesen;100,9;2020=100;VST073;Index d.tarifl. Monatsverdienste mit Sonderzahl.
62221;Vj. Index der Tarifverdienste und Arbeitszeiten;JAHR;Jahr;2021;DINSGF;Früheres Bundesgebiet / Neue Länder;DN;Neue Länder;WZ08C7;WZ2008 (ausgewählte Positionen): Tarifindex;WZ08-L;Grundstücks- und Wohnungswesen;37,9;h;VST019;Durchschnittliche tarifliche Wochenarbeitszeit
62221;Vj. Index der Tarifverdienste und Arbeitszeiten;JAHR;Jahr;2021;DINSGF;Früheres Bundesgebiet / Neue Länder;DN;Neue Länder;WZ08C7;WZ2008 (ausgewählte Positionen): Tarifindex;WZ08-L;Grundstücks- und Wohnungswesen;101,7;2020=100;VST066;Index d.tarifl. Monatsverdienste ohne Sonderzahl.
62221;Vj. Index der Tarifverdienste und Arbeitszeiten;JAHR;Jahr;2021;DINSGF;Früheres Bundesgebiet / Neue Länder;DN;Neue Länder;WZ08C7;WZ2008 (ausgewählte Positionen): Tarifindex;WZ08-L;Grundstücks- und Wohnungswesen;100,0;2020=100;VST018;Index der tariflichen Wochenarbeitszeit
62221;Vj. Index der Tarifverdienste und Arbeitszeiten;JAHR;Jahr;2021;DINSGF;Früheres Bundesgebiet / Neue Länder;DN;Neue Länder;WZ08C7;WZ2008 (ausgewählte Positionen): Tarifindex;WZ08-L;Grundstücks- und Wohnungswesen;101,7;2020=100;VST065;Index d.tarifl. Stundenverdienste ohne Sonderzahl.
62221;Vj. Index der Tarifverdienste und Arbeitszeiten;JAHR;Jahr;2022;DINSGF;Früheres Bundesgebiet / Neue Länder;DF;Früheres Bundesgebiet;WZ08C7;WZ2008 (ausgewählte Positionen): Tarifindex;WZ08-B-09;Produzierendes Gewerbe und wirtschaftl. Dienstl.;103,5;2020=100;VST072;Index d.tarifl. Stundenverdienste mit Sonderzahl.
62221;Vj. Index der Tarifverdienste und Arbeitszeiten;JAHR;Jahr;2022;DINSGF;Früheres Bundesgebiet / Neue Länder;DF;Früheres Bundesgebiet;WZ08C7;WZ2008 (ausgewählte Positionen): Tarifindex;WZ08-B-09;Produzierendes Gewerbe und wirtschaftl. Dienstl.;103,5;2020=100;VST073;Index d.tarifl. Monatsverdienste mit Sonderzahl.
62221;Vj. Index der Tarifverdienste und Arbeitszeiten;JAHR;Jahr;2022;DINSGF;Früheres Bundesgebiet / Neue Länder;DF;Früheres Bundesgebiet;WZ08C7;WZ2008 (ausgewählte Positionen): Tarifindex;WZ08-B-09;Produzierendes Gewerbe und wirtschaftl. Dienstl.;37,4;h;VST019;Durchschnittliche tarifliche Wochenarbeitszeit
62221;Vj. Index der Tarifverdienste und Arbeitszeiten;JAHR;Jahr;2022;DINSGF;Früheres Bundesgebiet / Neue Länder;DF;Früheres Bundesgebiet;WZ08C7;WZ2008 (ausgewählte Positionen): Tarifindex;WZ08-B-09;Produzierendes Gewerbe und wirtschaftl. Dienstl.;102,8;2020=100;VST066;Index d.tarifl. Monatsverdienste ohne Sonderzahl.
62221;Vj. Index der Tarifverdienste und Arbeitszeiten;JAHR;Jahr;2022;DINSGF;Früheres Bundesgebiet / Neue Länder;DF;Früheres Bundesgebiet;WZ08C7;WZ2008 (ausgewählte Positionen): Tarifindex;WZ08-B-09;Produzierendes Gewerbe und wirtschaftl. Dienstl.;100,0;2020=100;VST018;Index der tariflichen Wochenarbeitszeit
62221;Vj. Index der Tarifverdienste und Arbeitszeiten;JAHR;Jahr;2022;DINSGF;Früheres Bundesgebiet / Neue Länder;DF;Früheres Bundesgebiet;WZ08C7;WZ2008 (ausgewählte Positionen): Tarifindex;WZ08-B-09;Produzierendes Gewerbe und wirtschaftl. Dienstl.;102,8;2020=100;VST065;Index d.tarifl. Stundenverdienste ohne Sonderzahl.
62221;Vj. Index der Tarifverdienste und Arbeitszeiten;JAHR;Jahr;2023;DINSGF;Früheres Bundesgebiet / Neue Länder;DF;Früheres Bundesgebiet;WZ08C7;WZ2008 (ausgewählte Positionen): Tarifindex;WZ08-29;Herstellung von Kraftwagen und Kraftwagenteilen;107,7;2020=100;VST072;Index d.tarifl. Stundenverdienste mit Sonderzahl.
62221;Vj. Index der Tarifverdienste und Arbeitszeiten;JAHR;Jahr;2023;DINSGF;Früheres Bundesgebiet / Neue Länder;DF;Früheres Bundesgebiet;WZ08C7;WZ2008 (ausgewählte Positionen): Tarifindex;WZ08-29;Herstellung von Kraftwagen und Kraftwagenteilen;107,7;2020=100;VST073;Index d.tarifl. Monatsverdienste mit Sonderzahl.
62221;Vj. Index der Tarifverdienste und Arbeitszeiten;JAHR;Jahr;2023;DINSGF;Früheres Bundesgebiet / Neue Länder;DF;Früheres Bundesgebiet;WZ08C7;WZ2008 (ausgewählte Positionen): Tarifindex;WZ08-29;Herstellung von Kraftwagen und Kraftwagenteilen;35,2;h;VST019;Durchschnittliche tarifliche Wochenarbeitszeit
62221;Vj. Index der Tarifverdienste und Arbeitszeiten;JAHR;Jahr;2023;DINSGF;Früheres Bundesgebiet / Neue Länder;DF;Früheres Bundesgebiet;WZ08C7;WZ2008 (ausgewählte Positionen): Tarifindex;WZ08-29;Herstellung von Kraftwagen und Kraftwagenteilen;103,9;2020=100;VST066;Index d.tarifl. Monatsverdienste ohne Sonderzahl.
62221;Vj. Index der Tarifverdienste und Arbeitszeiten;JAHR;Jahr;2023;DINSGF;Früheres Bundesgebiet / Neue Länder;DF;Früheres Bundesgebiet;WZ08C7;WZ2008 (ausgewählte Positionen): Tarifindex;WZ08-29;Herstellung von Kraftwagen und Kraftwagenteilen;100,0;2020=100;VST018;Index der tariflichen Wochenarbeitszeit
62221;Vj. Index der Tarifverdienste und Arbeitszeiten;JAHR;Jahr;2023;DINSGF;Früheres Bundesgebiet / Neue Länder;DF;Früheres Bundesgebiet;WZ08C7;WZ2008 (ausgewählte Positionen): Tarifindex;WZ08-29;Herstellung von Kraftwagen und Kraftwagenteilen;103,9;2020=100;VST065;Index d.tarifl. Stundenverdienste ohne Sonderzahl.
62221;Vj. Index der Tarifverdienste und Arbeitszeiten;JAHR;Jahr;2025;DINSGF;Früheres Bundesgebiet / Neue Länder;DN;Neue Länder;WZ08C7;WZ2008 (ausgewählte Positionen): Tarifindex;WZ08-95;Reparatur von DV-Geräten und Gebrauchsgütern;113,0;2020=100;VST072;Index d.tarifl. Stundenverdienste mit Sonderzahl.
62221;Vj. Index der Tarifverdienste und Arbeitszeiten;JAHR;Jahr;2025;DINSGF;Früheres Bundesgebiet / Neue Länder;DN;Neue Länder;WZ08C7;WZ2008 (ausgewählte Positionen): Tarifindex;WZ08-95;Reparatur von DV-Geräten und Gebrauchsgütern;113,0;2020=100;VST073;Index d.tarifl. Monatsverdienste mit Sonderzahl.
62221;Vj. Index der Tarifverdienste und Arbeitszeiten;JAHR;Jahr;2025;DINSGF;Früheres Bundesgebiet / Neue Länder;DN;Neue Länder;WZ08C7;WZ2008 (ausgewählte Positionen): Tarifindex;WZ08-95;Reparatur von DV-Geräten und Gebrauchsgütern;36,1;h;VST019;Durchschnittliche tarifliche Wochenarbeitszeit
62221;Vj. Index der Tarifverdienste und Arbeitszeiten;JAHR;Jahr;2025;DINSGF;Früheres Bundesgebiet / Neue Länder;DN;Neue Länder;WZ08C7;WZ2008 (ausgewählte Positionen): Tarifindex;WZ08-95;Reparatur von DV-Geräten und Gebrauchsgütern;111,3;2020=100;VST066;Index d.tarifl. Monatsverdienste ohne Sonderzahl.
62221;Vj. Index der Tarifverdienste und Arbeitszeiten;JAHR;Jahr;2025;DINSGF;Früheres Bundesgebiet / Neue Länder;DN;Neue Länder;WZ08C7;WZ2008 (ausgewählte Positionen): Tarifindex;WZ08-95;Reparatur von DV-Geräten und Gebrauchsgütern;100,0;2020=100;VST018;Index der tariflichen Wochenarbeitszeit
62221;Vj. Index der Tarifverdienste und Arbeitszeiten;JAHR;Jahr;2025;DINSGF;Früheres Bundesgebiet / Neue Länder;DN;Neue Länder;WZ08C7;WZ2008 (ausgewählte Positionen): Tarifindex;WZ08-95;Reparatur von DV-Geräten und Gebrauchsgütern;111,3;2020=100;VST065;Index d.tarifl. Stundenverdienste ohne Sonderzahl.
62221;Vj. Index der Tarifverdienste und Arbeitszeiten;JAHR;Jahr;2021;DINSGF;Früheres Bundesgebiet / Neue Länder;DF;Früheres Bundesgebiet;WZ08C7;WZ2008 (ausgewählte Positionen): Tarifindex;WZ08-95;Reparatur von DV-Geräten und Gebrauchsgütern;101,4;2020=100;VST072;Index d.tarifl. Stundenverdienste mit Sonderzahl.
62221;Vj. Index der Tarifverdienste und Arbeitszeiten;JAHR;Jahr;2021;DINSGF;Früheres Bundesgebiet / Neue Länder;DF;Früheres Bundesgebiet;WZ08C7;WZ2008 (ausgewählte Positionen): Tarifindex;WZ08-95;Reparatur von DV-Geräten und Gebrauchsgütern;101,4;2020=100;VST073;Index d.tarifl. Monatsverdienste mit Sonderzahl.
62221;Vj. Index der Tarifverdienste und Arbeitszeiten;JAHR;Jahr;2021;DINSGF;Früheres Bundesgebiet / Neue Länder;DF;Früheres Bundesgebiet;WZ08C7;WZ2008 (ausgewählte Positionen): Tarifindex;WZ08-95;Reparatur von DV-Geräten und Gebrauchsgütern;36,6;h;VST019;Durchschnittliche tarifliche Wochenarbeitszeit
62221;Vj. Index der Tarifverdienste und Arbeitszeiten;JAHR;Jahr;2021;DINSGF;Früheres Bundesgebiet / Neue Länder;DF;Früheres Bundesgebiet;WZ08C7;WZ2008 (ausgewählte Positionen): Tarifindex;WZ08-95;Reparatur von DV-Geräten und Gebrauchsgütern;100,7;2020=100;VST066;Index d.tarifl. Monatsverdienste ohne Sonderzahl.
62221;Vj. Index der Tarifverdienste und Arbeitszeiten;JAHR;Jahr;2021;DINSGF;Früheres Bundesgebiet / Neue Länder;DF;Früheres Bundesgebiet;WZ08C7;WZ2008 (ausgewählte Positionen): Tarifindex;WZ08-95;Reparatur von DV-Geräten und Gebrauchsgütern;100,0;2020=100;VST018;Index der tariflichen Wochenarbeitszeit
62221;Vj. Index der Tarifverdienste und Arbeitszeiten;JAHR;Jahr;2021;DINSGF;Früheres Bundesgebiet / Neue Länder;DF;Früheres Bundesgebiet;WZ08C7;WZ2008 (ausgewählte Positionen): Tarifindex;WZ08-95;Reparatur von DV-Geräten und Gebrauchsgütern;100,7;2020=100;VST065;Index d.tarifl. Stundenverdienste ohne Sonderzahl.
62221;Vj. Index der Tarifverdienste und Arbeitszeiten;JAHR;Jahr;2021;DINSGF;Früheres Bundesgebiet / Neue Länder;DN;Neue Länder;WZ08C7;WZ2008 (ausgewählte Positionen): Tarifindex;WZ08-F;Baugewerbe;102,5;2020=100;VST072;Index d.tarifl. Stundenverdienste mit Sonderzahl.
62221;Vj. Index der Tarifverdienste und Arbeitszeiten;JAHR;Jahr;2021;DINSGF;Früheres Bundesgebiet / Neue Länder;DN;Neue Länder;WZ08C7;WZ2008 (ausgewählte Positionen): Tarifindex;WZ08-F;Baugewerbe;102,4;2020=100;VST073;Index d.tarifl. Monatsverdienste mit Sonderzahl.
62221;Vj. Index der Tarifverdienste und Arbeitszeiten;JAHR;Jahr;2021;DINSGF;Früheres Bundesgebiet / Neue Länder;DN;Neue Länder;WZ08C7;WZ2008 (ausgewählte Positionen): Tarifindex;WZ08-F;Baugewerbe;39,7;h;VST019;Durchschnittliche tarifliche Wochenarbeitszeit
62221;Vj. Index der Tarifverdienste und Arbeitszeiten;JAHR;Jahr;2021;DINSGF;Früheres Bundesgebiet / Neue Länder;DN;Neue Länder;WZ08C7;WZ2008 (ausgewählte Positionen): Tarifindex;WZ08-F;Baugewerbe;102,6;2020=100;VST066;Index d.tarifl. Monatsverdienste ohne Sonderzahl.
62221;Vj. Index der Tarifverdienste und Arbeitszeiten;JAHR;Jahr;2021;DINSGF;Früheres Bundesgebiet / Neue Länder;DN;Neue Länder;WZ08C7;WZ2008 (ausgewählte Positionen): Tarifindex;WZ08-F;Baugewerbe;100,0;2020=100;VST018;Index der tariflichen Wochenarbeitszeit
62221;Vj. Index der Tarifverdienste und Arbeitszeiten;JAHR;Jahr;2021;DINSGF;Früheres Bundesgebiet / Neue Länder;DN;Neue Länder;WZ08C7;WZ2008 (ausgewählte Positionen): Tarifindex;WZ08-F;Baugewerbe;102,6;2020=100;VST065;Index d.tarifl. Stundenverdienste ohne Sonderzahl.
62221;Vj. Index der Tarifverdienste und Arbeitszeiten;JAHR;Jahr;2018;DINSGF;Früheres Bundesgebiet / Neue Länder;DN;Neue Länder;WZ08C7;WZ2008 (ausgewählte Positionen): Tarifindex;WZ08-28;Maschinenbau;96,3;2020=100;VST072;Index d.tarifl. Stundenverdienste mit Sonderzahl.
62221;Vj. Index der Tarifverdienste und Arbeitszeiten;JAHR;Jahr;2018;DINSGF;Früheres Bundesgebiet / Neue Länder;DN;Neue Länder;WZ08C7;WZ2008 (ausgewählte Positionen): Tarifindex;WZ08-28;Maschinenbau;96,5;2020=100;VST073;Index d.tarifl. Monatsverdienste mit Sonderzahl.
62221;Vj. Index der Tarifverdienste und Arbeitszeiten;JAHR;Jahr;2018;DINSGF;Früheres Bundesgebiet / Neue Länder;DN;Neue Länder;WZ08C7;WZ2008 (ausgewählte Positionen): Tarifindex;WZ08-28;Maschinenbau;37,9;h;VST019;Durchschnittliche tarifliche Wochenarbeitszeit
62221;Vj. Index der Tarifverdienste und Arbeitszeiten;JAHR;Jahr;2018;DINSGF;Früheres Bundesgebiet / Neue Länder;DN;Neue Länder;WZ08C7;WZ2008 (ausgewählte Positionen): Tarifindex;WZ08-28;Maschinenbau;98,7;2020=100;VST066;Index d.tarifl. Monatsverdienste ohne Sonderzahl.
62221;Vj. Index der Tarifverdienste und Arbeitszeiten;JAHR;Jahr;2018;DINSGF;Früheres Bundesgebiet / Neue Länder;DN;Neue Länder;WZ08C7;WZ2008 (ausgewählte Positionen): Tarifindex;WZ08-28;Maschinenbau;100,1;2020=100;VST018;Index der tariflichen Wochenarbeitszeit
62221;Vj. Index der Tarifverdienste und Arbeitszeiten;JAHR;Jahr;2018;DINSGF;Früheres Bundesgebiet / Neue Länder;DN;Neue Länder;WZ08C7;WZ2008 (ausgewählte Positionen): Tarifindex;WZ08-28;Maschinenbau;98,6;2020=100;VST065;Index d.tarifl. Stundenverdienste ohne Sonderzahl.
62221;Vj. Index der Tarifverdienste und Arbeitszeiten;JAHR;Jahr;2021;DINSGF;Früheres Bundesgebiet / Neue Länder;DF;Früheres Bundesgebiet;WZ08C7;WZ2008 (ausgewählte Positionen): Tarifindex;WZ08-29-01;Fahrzeugbau;101,0;2020=100;VST072;Index d.tarifl. Stundenverdienste mit Sonderzahl.
62221;Vj. Index der Tarifverdienste und Arbeitszeiten;JAHR;Jahr;2021;DINSGF;Früheres Bundesgebiet / Neue Länder;DF;Früheres Bundesgebiet;WZ08C7;WZ2008 (ausgewählte Positionen): Tarifindex;WZ08-29-01;Fahrzeugbau;101,0;2020=100;VST073;Index d.tarifl. Monatsverdienste mit Sonderzahl.
62221;Vj. Index der Tarifverdienste und Arbeitszeiten;JAHR;Jahr;2021;DINSGF;Früheres Bundesgebiet / Neue Länder;DF;Früheres Bundesgebiet;WZ08C7;WZ2008 (ausgewählte Positionen): Tarifindex;WZ08-29-01;Fahrzeugbau;35,2;h;VST019;Durchschnittliche tarifliche Wochenarbeitszeit
62221;Vj. Index der Tarifverdienste und Arbeitszeiten;JAHR;Jahr;2021;DINSGF;Früheres Bundesgebiet / Neue Länder;DF;Früheres Bundesgebiet;WZ08C7;WZ2008 (ausgewählte Positionen): Tarifindex;WZ08-29-01;Fahrzeugbau;100,1;2020=100;VST066;Index d.tarifl. Monatsverdienste ohne Sonderzahl.
62221;Vj. Index der Tarifverdienste und Arbeitszeiten;JAHR;Jahr;2021;DINSGF;Früheres Bundesgebiet / Neue Länder;DF;Früheres Bundesgebiet;WZ08C7;WZ2008 (ausgewählte Positionen): Tarifindex;WZ08-29-01;Fahrzeugbau;100,0;2020=100;VST018;Index der tariflichen Wochenarbeitszeit
62221;Vj. Index der Tarifverdienste und Arbeitszeiten;JAHR;Jahr;2021;DINSGF;Früheres Bundesgebiet / Neue Länder;DF;Früheres Bundesgebiet;WZ08C7;WZ2008 (ausgewählte Positionen): Tarifindex;WZ08-29-01;Fahrzeugbau;100,1;2020=100;VST065;Index d.tarifl. Stundenverdienste ohne Sonderzahl.
62221;Vj. Index der Tarifverdienste und Arbeitszeiten;JAHR;Jahr;2016;DINSGF;Früheres Bundesgebiet / Neue Länder;DN;Neue Länder;WZ08C7;WZ2008 (ausgewählte Positionen): Tarifindex;WZ08-16;H.v. Holz-, Flecht-, Korb-u.Korkwaren (ohne Möbel);90,1;2020=100;VST072;Index d.tarifl. Stundenverdienste mit Sonderzahl.
62221;Vj. Index der Tarifverdienste und Arbeitszeiten;JAHR;Jahr;2016;DINSGF;Früheres Bundesgebiet / Neue Länder;DN;Neue Länder;WZ08C7;WZ2008 (ausgewählte Positionen): Tarifindex;WZ08-16;H.v. Holz-, Flecht-, Korb-u.Korkwaren (ohne Möbel);90,1;2020=100;VST073;Index d.tarifl. Monatsverdienste mit Sonderzahl.
62221;Vj. Index der Tarifverdienste und Arbeitszeiten;JAHR;Jahr;2016;DINSGF;Früheres Bundesgebiet / Neue Länder;DN;Neue Länder;WZ08C7;WZ2008 (ausgewählte Positionen): Tarifindex;WZ08-16;H.v. Holz-, Flecht-, Korb-u.Korkwaren (ohne Möbel);39,0;h;VST019;Durchschnittliche tarifliche Wochenarbeitszeit
62221;Vj. Index der Tarifverdienste und Arbeitszeiten;JAHR;Jahr;2016;DINSGF;Früheres Bundesgebiet / Neue Länder;DN;Neue Länder;WZ08C7;WZ2008 (ausgewählte Positionen): Tarifindex;WZ08-16;H.v. Holz-, Flecht-, Korb-u.Korkwaren (ohne Möbel);91,0;2020=100;VST066;Index d.tarifl. Monatsverdienste ohne Sonderzahl.
62221;Vj. Index der Tarifverdienste und Arbeitszeiten;JAHR;Jahr;2016;DINSGF;Früheres Bundesgebiet / Neue Länder;DN;Neue Länder;WZ08C7;WZ2008 (ausgewählte Positionen): Tarifindex;WZ08-16;H.v. Holz-, Flecht-, Korb-u.Korkwaren (ohne Möbel);100,0;2020=100;VST018;Index der tariflichen Wochenarbeitszeit
62221;Vj. Index der Tarifverdienste und Arbeitszeiten;JAHR;Jahr;2016;DINSGF;Früheres Bundesgebiet / Neue Länder;DN;Neue Länder;WZ08C7;WZ2008 (ausgewählte Positionen): Tarifindex;WZ08-16;H.v. Holz-, Flecht-, Korb-u.Korkwaren (ohne Möbel);91,0;2020=100;VST065;Index d.tarifl. Stundenverdienste ohne Sonderzahl.
62221;Vj. Index der Tarifverdienste und Arbeitszeiten;JAHR;Jahr;2021;DINSGF;Früheres Bundesgebiet / Neue Länder;DN;Neue Länder;WZ08C7;WZ2008 (ausgewählte Positionen): Tarifindex;WZ08-62;Dienstleistungen der Informationstechnologie;100,5;2020=100;VST072;Index d.tarifl. Stundenverdienste mit Sonderzahl.
62221;Vj. Index der Tarifverdienste und Arbeitszeiten;JAHR;Jahr;2021;DINSGF;Früheres Bundesgebiet / Neue Länder;DN;Neue Länder;WZ08C7;WZ2008 (ausgewählte Positionen): Tarifindex;WZ08-62;Dienstleistungen der Informationstechnologie;100,5;2020=100;VST073;Index d.tarifl. Monatsverdienste mit Sonderzahl.
62221;Vj. Index der Tarifverdienste und Arbeitszeiten;JAHR;Jahr;2021;DINSGF;Früheres Bundesgebiet / Neue Länder;DN;Neue Länder;WZ08C7;WZ2008 (ausgewählte Positionen): Tarifindex;WZ08-62;Dienstleistungen der Informationstechnologie;38,1;h;VST019;Durchschnittliche tarifliche Wochenarbeitszeit
62221;Vj. Index der Tarifverdienste und Arbeitszeiten;JAHR;Jahr;2021;DINSGF;Früheres Bundesgebiet / Neue Länder;DN;Neue Länder;WZ08C7;WZ2008 (ausgewählte Positionen): Tarifindex;WZ08-62;Dienstleistungen der Informationstechnologie;100,7;2020=100;VST066;Index d.tarifl. Monatsverdienste ohne Sonderzahl.
62221;Vj. Index der Tarifverdienste und Arbeitszeiten;JAHR;Jahr;2021;DINSGF;Früheres Bundesgebiet / Neue Länder;DN;Neue Länder;WZ08C7;WZ2008 (ausgewählte Positionen): Tarifindex;WZ08-62;Dienstleistungen der Informationstechnologie;100,0;2020=100;VST018;Index der tariflichen Wochenarbeitszeit
62221;Vj. Index der Tarifverdienste und Arbeitszeiten;JAHR;Jahr;2021;DINSGF;Früheres Bundesgebiet / Neue Länder;DN;Neue Länder;WZ08C7;WZ2008 (ausgewählte Positionen): Tarifindex;WZ08-62;Dienstleistungen der Informationstechnologie;100,7;2020=100;VST065;Index d.tarifl. Stundenverdienste ohne Sonderzahl.
62221;Vj. Index der Tarifverdienste und Arbeitszeiten;JAHR;Jahr;2017;DINSGF;Früheres Bundesgebiet / Neue Länder;DF;Früheres Bundesgebiet;WZ08C7;WZ2008 (ausgewählte Positionen): Tarifindex;WZ08-J;Information und Kommunikation;92,9;2020=100;VST072;Index d.tarifl. Stundenverdienste mit Sonderzahl.
62221;Vj. Index der Tarifverdienste und Arbeitszeiten;JAHR;Jahr;2017;DINSGF;Früheres Bundesgebiet / Neue Länder;DF;Früheres Bundesgebiet;WZ08C7;WZ2008 (ausgewählte Positionen): Tarifindex;WZ08-J;Information und Kommunikation;93,5;2020=100;VST073;Index d.tarifl. Monatsverdienste mit Sonderzahl.
62221;Vj. Index der Tarifverdienste und Arbeitszeiten;JAHR;Jahr;2017;DINSGF;Früheres Bundesgebiet / Neue Länder;DF;Früheres Bundesgebiet;WZ08C7;WZ2008 (ausgewählte Positionen): Tarifindex;WZ08-J;Information und Kommunikation;37,5;h;VST019;Durchschnittliche tarifliche Wochenarbeitszeit
62221;Vj. Index der Tarifverdienste und Arbeitszeiten;JAHR;Jahr;2017;DINSGF;Früheres Bundesgebiet / Neue Länder;DF;Früheres Bundesgebiet;WZ08C7;WZ2008 (ausgewählte Positionen): Tarifindex;WZ08-J;Information und Kommunikation;93,9;2020=100;VST066;Index d.tarifl. Monatsverdienste ohne Sonderzahl.
62221;Vj. Index der Tarifverdienste und Arbeitszeiten;JAHR;Jahr;2017;DINSGF;Früheres Bundesgebiet / Neue Länder;DF;Früheres Bundesgebiet;WZ08C7;WZ2008 (ausgewählte Positionen): Tarifindex;WZ08-J;Information und Kommunikation;100,6;2020=100;VST018;Index der tariflichen Wochenarbeitszeit
62221;Vj. Index der Tarifverdienste und Arbeitszeiten;JAHR;Jahr;2017;DINSGF;Früheres Bundesgebiet / Neue Länder;DF;Früheres Bundesgebiet;WZ08C7;WZ2008 (ausgewählte Positionen): Tarifindex;WZ08-J;Information und Kommunikation;93,3;2020=100;VST065;Index d.tarifl. Stundenverdienste ohne Sonderzahl.
62221;Vj. Index der Tarifverdienste und Arbeitszeiten;JAHR;Jahr;2017;DINSGF;Früheres Bundesgebiet / Neue Länder;DF;Früheres Bundesgebiet;WZ08C7;WZ2008 (ausgewählte Positionen): Tarifindex;WZ08-P;Erziehung und Unterricht;91,3;2020=100;VST072;Index d.tarifl. Stundenverdienste mit Sonderzahl.
62221;Vj. Index der Tarifverdienste und Arbeitszeiten;JAHR;Jahr;2017;DINSGF;Früheres Bundesgebiet / Neue Länder;DF;Früheres Bundesgebiet;WZ08C7;WZ2008 (ausgewählte Positionen): Tarifindex;WZ08-P;Erziehung und Unterricht;91,3;2020=100;VST073;Index d.tarifl. Monatsverdienste mit Sonderzahl.
62221;Vj. Index der Tarifverdienste und Arbeitszeiten;JAHR;Jahr;2017;DINSGF;Früheres Bundesgebiet / Neue Länder;DF;Früheres Bundesgebiet;WZ08C7;WZ2008 (ausgewählte Positionen): Tarifindex;WZ08-P;Erziehung und Unterricht;40,1;h;VST019;Durchschnittliche tarifliche Wochenarbeitszeit
62221;Vj. Index der Tarifverdienste und Arbeitszeiten;JAHR;Jahr;2017;DINSGF;Früheres Bundesgebiet / Neue Länder;DF;Früheres Bundesgebiet;WZ08C7;WZ2008 (ausgewählte Positionen): Tarifindex;WZ08-P;Erziehung und Unterricht;90,8;2020=100;VST066;Index d.tarifl. Monatsverdienste ohne Sonderzahl.
62221;Vj. Index der Tarifverdienste und Arbeitszeiten;JAHR;Jahr;2017;DINSGF;Früheres Bundesgebiet / Neue Länder;DF;Früheres Bundesgebiet;WZ08C7;WZ2008 (ausgewählte Positionen): Tarifindex;WZ08-P;Erziehung und Unterricht;100,0;2020=100;VST018;Index der tariflichen Wochenarbeitszeit
62221;Vj. Index der Tarifverdienste und Arbeitszeiten;JAHR;Jahr;2017;DINSGF;Früheres Bundesgebiet / Neue Länder;DF;Früheres Bundesgebiet;WZ08C7;WZ2008 (ausgewählte Positionen): Tarifindex;WZ08-P;Erziehung und Unterricht;90,8;2020=100;VST065;Index d.tarifl. Stundenverdienste ohne Sonderzahl.
62221;Vj. Index der Tarifverdienste und Arbeitszeiten;JAHR;Jahr;2022;DINSGF;Früheres Bundesgebiet / Neue Länder;DF;Früheres Bundesgebiet;WZ08C7;WZ2008 (ausgewählte Positionen): Tarifindex;WZ08-41-01;Hoch- und Tiefbau;107,6;2020=100;VST072;Index d.tarifl. Stundenverdienste mit Sonderzahl.
62221;Vj. Index der Tarifverdienste und Arbeitszeiten;JAHR;Jahr;2022;DINSGF;Früheres Bundesgebiet / Neue Länder;DF;Früheres Bundesgebiet;WZ08C7;WZ2008 (ausgewählte Positionen): Tarifindex;WZ08-41-01;Hoch- und Tiefbau;107,6;2020=100;VST073;Index d.tarifl. Monatsverdienste mit Sonderzahl.
62221;Vj. Index der Tarifverdienste und Arbeitszeiten;JAHR;Jahr;2022;DINSGF;Früheres Bundesgebiet / Neue Länder;DF;Früheres Bundesgebiet;WZ08C7;WZ2008 (ausgewählte Positionen): Tarifindex;WZ08-41-01;Hoch- und Tiefbau;39,9;h;VST019;Durchschnittliche tarifliche Wochenarbeitszeit
62221;Vj. Index der Tarifverdienste und Arbeitszeiten;JAHR;Jahr;2022;DINSGF;Früheres Bundesgebiet / Neue Länder;DF;Früheres Bundesgebiet;WZ08C7;WZ2008 (ausgewählte Positionen): Tarifindex;WZ08-41-01;Hoch- und Tiefbau;106,0;2020=100;VST066;Index d.tarifl. Monatsverdienste ohne Sonderzahl.
62221;Vj. Index der Tarifverdienste und Arbeitszeiten;JAHR;Jahr;2022;DINSGF;Früheres Bundesgebiet / Neue Länder;DF;Früheres Bundesgebiet;WZ08C7;WZ2008 (ausgewählte Positionen): Tarifindex;WZ08-41-01;Hoch- und Tiefbau;100,0;2020=100;VST018;Index der tariflichen Wochenarbeitszeit
62221;Vj. Index der Tarifverdienste und Arbeitszeiten;JAHR;Jahr;2022;DINSGF;Früheres Bundesgebiet / Neue Länder;DF;Früheres Bundesgebiet;WZ08C7;WZ2008 (ausgewählte Positionen): Tarifindex;WZ08-41-01;Hoch- und Tiefbau;106,0;2020=100;VST065;Index d.tarifl. Stundenverdienste ohne Sonderzahl.
62221;Vj. Index der Tarifverdienste und Arbeitszeiten;JAHR;Jahr;2016;DINSGF;Früheres Bundesgebiet / Neue Länder;DN;Neue Länder;WZ08C7;WZ2008 (ausgewählte Positionen): Tarifindex;WZ08-01;Landwirtschaft, Jagd und verbundene Tätigkeiten;82,7;2020=100;VST072;Index d.tarifl. Stundenverdienste mit Sonderzahl.
62221;Vj. Index der Tarifverdienste und Arbeitszeiten;JAHR;Jahr;2016;DINSGF;Früheres Bundesgebiet / Neue Länder;DN;Neue Länder;WZ08C7;WZ2008 (ausgewählte Positionen): Tarifindex;WZ08-01;Landwirtschaft, Jagd und verbundene Tätigkeiten;82,7;2020=100;VST073;Index d.tarifl. Monatsverdienste mit Sonderzahl.
62221;Vj. Index der Tarifverdienste und Arbeitszeiten;JAHR;Jahr;2016;DINSGF;Früheres Bundesgebiet / Neue Länder;DN;Neue Länder;WZ08C7;WZ2008 (ausgewählte Positionen): Tarifindex;WZ08-01;Landwirtschaft, Jagd und verbundene Tätigkeiten;39,9;h;VST019;Durchschnittliche tarifliche Wochenarbeitszeit
62221;Vj. Index der Tarifverdienste und Arbeitszeiten;JAHR;Jahr;2016;DINSGF;Früheres Bundesgebiet / Neue Länder;DN;Neue Länder;WZ08C7;WZ2008 (ausgewählte Positionen): Tarifindex;WZ08-01;Landwirtschaft, Jagd und verbundene Tätigkeiten;82,5;2020=100;VST066;Index d.tarifl. Monatsverdienste ohne Sonderzahl.
62221;Vj. Index der Tarifverdienste und Arbeitszeiten;JAHR;Jahr;2016;DINSGF;Früheres Bundesgebiet / Neue Länder;DN;Neue Länder;WZ08C7;WZ2008 (ausgewählte Positionen): Tarifindex;WZ08-01;Landwirtschaft, Jagd und verbundene Tätigkeiten;100,0;2020=100;VST018;Index der tariflichen Wochenarbeitszeit
62221;Vj. Index der Tarifverdienste und Arbeitszeiten;JAHR;Jahr;2016;DINSGF;Früheres Bundesgebiet / Neue Länder;DN;Neue Länder;WZ08C7;WZ2008 (ausgewählte Positionen): Tarifindex;WZ08-01;Landwirtschaft, Jagd und verbundene Tätigkeiten;82,5;2020=100;VST065;Index d.tarifl. Stundenverdienste ohne Sonderzahl.
62221;Vj. Index der Tarifverdienste und Arbeitszeiten;JAHR;Jahr;2019;DINSGF;Früheres Bundesgebiet / Neue Länder;DF;Früheres Bundesgebiet;WZ08C7;WZ2008 (ausgewählte Positionen): Tarifindex;WZ08-01-01;Land- und Forstwirtschaft;97,9;2020=100;VST072;Index d.tarifl. Stundenverdienste mit Sonderzahl.
62221;Vj. Index der Tarifverdienste und Arbeitszeiten;JAHR;Jahr;2019;DINSGF;Früheres Bundesgebiet / Neue Länder;DF;Früheres Bundesgebiet;WZ08C7;WZ2008 (ausgewählte Positionen): Tarifindex;WZ08-01-01;Land- und Forstwirtschaft;97,9;2020=100;VST073;Index d.tarifl. Monatsverdienste mit Sonderzahl.
62221;Vj. Index der Tarifverdienste und Arbeitszeiten;JAHR;Jahr;2019;DINSGF;Früheres Bundesgebiet / Neue Länder;DF;Früheres Bundesgebiet;WZ08C7;WZ2008 (ausgewählte Positionen): Tarifindex;WZ08-01-01;Land- und Forstwirtschaft;39,6;h;VST019;Durchschnittliche tarifliche Wochenarbeitszeit
62221;Vj. Index der Tarifverdienste und Arbeitszeiten;JAHR;Jahr;2019;DINSGF;Früheres Bundesgebiet / Neue Länder;DF;Früheres Bundesgebiet;WZ08C7;WZ2008 (ausgewählte Positionen): Tarifindex;WZ08-01-01;Land- und Forstwirtschaft;97,3;2020=100;VST066;Index d.tarifl. Monatsverdienste ohne Sonderzahl.
62221;Vj. Index der Tarifverdienste und Arbeitszeiten;JAHR;Jahr;2019;DINSGF;Früheres Bundesgebiet / Neue Länder;DF;Früheres Bundesgebiet;WZ08C7;WZ2008 (ausgewählte Positionen): Tarifindex;WZ08-01-01;Land- und Forstwirtschaft;100,0;2020=100;VST018;Index der tariflichen Wochenarbeitszeit
62221;Vj. Index der Tarifverdienste und Arbeitszeiten;JAHR;Jahr;2019;DINSGF;Früheres Bundesgebiet / Neue Länder;DF;Früheres Bundesgebiet;WZ08C7;WZ2008 (ausgewählte Positionen): Tarifindex;WZ08-01-01;Land- und Forstwirtschaft;97,3;2020=100;VST065;Index d.tarifl. Stundenverdienste ohne Sonderzahl.
62221;Vj. Index der Tarifverdienste und Arbeitszeiten;JAHR;Jahr;2023;DINSGF;Früheres Bundesgebiet / Neue Länder;DN;Neue Länder;WZ08C7;WZ2008 (ausgewählte Positionen): Tarifindex;WZ08-74;Sonst. freiberufl.,wissenschaftl. u. techn.Tätigk.;106,7;2020=100;VST072;Index d.tarifl. Stundenverdienste mit Sonderzahl.
62221;Vj. Index der Tarifverdienste und Arbeitszeiten;JAHR;Jahr;2023;DINSGF;Früheres Bundesgebiet / Neue Länder;DN;Neue Länder;WZ08C7;WZ2008 (ausgewählte Positionen): Tarifindex;WZ08-74;Sonst. freiberufl.,wissenschaftl. u. techn.Tätigk.;106,7;2020=100;VST073;Index d.tarifl. Monatsverdienste mit Sonderzahl.
62221;Vj. Index der Tarifverdienste und Arbeitszeiten;JAHR;Jahr;2023;DINSGF;Früheres Bundesgebiet / Neue Länder;DN;Neue Länder;WZ08C7;WZ2008 (ausgewählte Positionen): Tarifindex;WZ08-74;Sonst. freiberufl.,wissenschaftl. u. techn.Tätigk.;39,1;h;VST019;Durchschnittliche tarifliche Wochenarbeitszeit
62221;Vj. Index der Tarifverdienste und Arbeitszeiten;JAHR;Jahr;2023;DINSGF;Früheres Bundesgebiet / Neue Länder;DN;Neue Länder;WZ08C7;WZ2008 (ausgewählte Positionen): Tarifindex;WZ08-74;Sonst. freiberufl.,wissenschaftl. u. techn.Tätigk.;103,7;2020=100;VST066;Index d.tarifl. Monatsverdienste ohne Sonderzahl.
62221;Vj. Index der Tarifverdienste und Arbeitszeiten;JAHR;Jahr;2023;DINSGF;Früheres Bundesgebiet / Neue Länder;DN;Neue Länder;WZ08C7;WZ2008 (ausgewählte Positionen): Tarifindex;WZ08-74;Sonst. freiberufl.,wissenschaftl. u. techn.Tätigk.;100,0;2020=100;VST018;Index der tariflichen Wochenarbeitszeit
62221;Vj. Index der Tarifverdienste und Arbeitszeiten;JAHR;Jahr;2023;DINSGF;Früheres Bundesgebiet / Neue Länder;DN;Neue Länder;WZ08C7;WZ2008 (ausgewählte Positionen): Tarifindex;WZ08-74;Sonst. freiberufl.,wissenschaftl. u. techn.Tätigk.;103,7;2020=100;VST065;Index d.tarifl. Stundenverdienste ohne Sonderzahl.
62221;Vj. Index der Tarifverdienste und Arbeitszeiten;JAHR;Jahr;2017;DINSGF;Früheres Bundesgebiet / Neue Länder;DF;Früheres Bundesgebiet;WZ08C7;WZ2008 (ausgewählte Positionen): Tarifindex;WZ08-55-01;Gastgewerbe;93,1;2020=100;VST072;Index d.tarifl. Stundenverdienste mit Sonderzahl.
62221;Vj. Index der Tarifverdienste und Arbeitszeiten;JAHR;Jahr;2017;DINSGF;Früheres Bundesgebiet / Neue Länder;DF;Früheres Bundesgebiet;WZ08C7;WZ2008 (ausgewählte Positionen): Tarifindex;WZ08-55-01;Gastgewerbe;93,1;2020=100;VST073;Index d.tarifl. Monatsverdienste mit Sonderzahl.
62221;Vj. Index der Tarifverdienste und Arbeitszeiten;JAHR;Jahr;2017;DINSGF;Früheres Bundesgebiet / Neue Länder;DF;Früheres Bundesgebiet;WZ08C7;WZ2008 (ausgewählte Positionen): Tarifindex;WZ08-55-01;Gastgewerbe;39,0;h;VST019;Durchschnittliche tarifliche Wochenarbeitszeit
62221;Vj. Index der Tarifverdienste und Arbeitszeiten;JAHR;Jahr;2017;DINSGF;Früheres Bundesgebiet / Neue Länder;DF;Früheres Bundesgebiet;WZ08C7;WZ2008 (ausgewählte Positionen): Tarifindex;WZ08-55-01;Gastgewerbe;92,7;2020=100;VST066;Index d.tarifl. Monatsverdienste ohne Sonderzahl.
62221;Vj. Index der Tarifverdienste und Arbeitszeiten;JAHR;Jahr;2017;DINSGF;Früheres Bundesgebiet / Neue Länder;DF;Früheres Bundesgebiet;WZ08C7;WZ2008 (ausgewählte Positionen): Tarifindex;WZ08-55-01;Gastgewerbe;100,0;2020=100;VST018;Index der tariflichen Wochenarbeitszeit
62221;Vj. Index der Tarifverdienste und Arbeitszeiten;JAHR;Jahr;2017;DINSGF;Früheres Bundesgebiet / Neue Länder;DF;Früheres Bundesgebiet;WZ08C7;WZ2008 (ausgewählte Positionen): Tarifindex;WZ08-55-01;Gastgewerbe;92,8;2020=100;VST065;Index d.tarifl. Stundenverdienste ohne Sonderzahl.
62221;Vj. Index der Tarifverdienste und Arbeitszeiten;JAHR;Jahr;2016;DINSGF;Früheres Bundesgebiet / Neue Länder;DN;Neue Länder;WZ08C7;WZ2008 (ausgewählte Positionen): Tarifindex;WZ08-B-05;Produzierendes Gewerbe;90,0;2020=100;VST072;Index d.tarifl. Stundenverdienste mit Sonderzahl.
62221;Vj. Index der Tarifverdienste und Arbeitszeiten;JAHR;Jahr;2016;DINSGF;Früheres Bundesgebiet / Neue Länder;DN;Neue Länder;WZ08C7;WZ2008 (ausgewählte Positionen): Tarifindex;WZ08-B-05;Produzierendes Gewerbe;90,1;2020=100;VST073;Index d.tarifl. Monatsverdienste mit Sonderzahl.
62221;Vj. Index der Tarifverdienste und Arbeitszeiten;JAHR;Jahr;2016;DINSGF;Früheres Bundesgebiet / Neue Länder;DN;Neue Länder;WZ08C7;WZ2008 (ausgewählte Positionen): Tarifindex;WZ08-B-05;Produzierendes Gewerbe;38,6;h;VST019;Durchschnittliche tarifliche Wochenarbeitszeit
62221;Vj. Index der Tarifverdienste und Arbeitszeiten;JAHR;Jahr;2016;DINSGF;Früheres Bundesgebiet / Neue Länder;DN;Neue Länder;WZ08C7;WZ2008 (ausgewählte Positionen): Tarifindex;WZ08-B-05;Produzierendes Gewerbe;91,2;2020=100;VST066;Index d.tarifl. Monatsverdienste ohne Sonderzahl.
62221;Vj. Index der Tarifverdienste und Arbeitszeiten;JAHR;Jahr;2016;DINSGF;Früheres Bundesgebiet / Neue Länder;DN;Neue Länder;WZ08C7;WZ2008 (ausgewählte Positionen): Tarifindex;WZ08-B-05;Produzierendes Gewerbe;100,1;2020=100;VST018;Index der tariflichen Wochenarbeitszeit
62221;Vj. Index der Tarifverdienste und Arbeitszeiten;JAHR;Jahr;2016;DINSGF;Früheres Bundesgebiet / Neue Länder;DN;Neue Länder;WZ08C7;WZ2008 (ausgewählte Positionen): Tarifindex;WZ08-B-05;Produzierendes Gewerbe;91,1;2020=100;VST065;Index d.tarifl. Stundenverdienste ohne Sonderzahl.
62221;Vj. Index der Tarifverdienste und Arbeitszeiten;JAHR;Jahr;2017;DINSGF;Früheres Bundesgebiet / Neue Länder;DF;Früheres Bundesgebiet;WZ08C7;WZ2008 (ausgewählte Positionen): Tarifindex;WZ08-08-01;Gewinnung v. Steinen u. Erden, sonst. Bergbau, DL;92,2;2020=100;VST072;Index d.tarifl. Stundenverdienste mit Sonderzahl.
62221;Vj. Index der Tarifverdienste und Arbeitszeiten;JAHR;Jahr;2017;DINSGF;Früheres Bundesgebiet / Neue Länder;DF;Früheres Bundesgebiet;WZ08C7;WZ2008 (ausgewählte Positionen): Tarifindex;WZ08-08-01;Gewinnung v. Steinen u. Erden, sonst. Bergbau, DL;92,2;2020=100;VST073;Index d.tarifl. Monatsverdienste mit Sonderzahl.
62221;Vj. Index der Tarifverdienste und Arbeitszeiten;JAHR;Jahr;2017;DINSGF;Früheres Bundesgebiet / Neue Länder;DF;Früheres Bundesgebiet;WZ08C7;WZ2008 (ausgewählte Positionen): Tarifindex;WZ08-08-01;Gewinnung v. Steinen u. Erden, sonst. Bergbau, DL;37,5;h;VST019;Durchschnittliche tarifliche Wochenarbeitszeit
62221;Vj. Index der Tarifverdienste und Arbeitszeiten;JAHR;Jahr;2017;DINSGF;Früheres Bundesgebiet / Neue Länder;DF;Früheres Bundesgebiet;WZ08C7;WZ2008 (ausgewählte Positionen): Tarifindex;WZ08-08-01;Gewinnung v. Steinen u. Erden, sonst. Bergbau, DL;93,4;2020=100;VST066;Index d.tarifl. Monatsverdienste ohne Sonderzahl.
62221;Vj. Index der Tarifverdienste und Arbeitszeiten;JAHR;Jahr;2017;DINSGF;Früheres Bundesgebiet / Neue Länder;DF;Früheres Bundesgebiet;WZ08C7;WZ2008 (ausgewählte Positionen): Tarifindex;WZ08-08-01;Gewinnung v. Steinen u. Erden, sonst. Bergbau, DL;100,0;2020=100;VST018;Index der tariflichen Wochenarbeitszeit
62221;Vj. Index der Tarifverdienste und Arbeitszeiten;JAHR;Jahr;2017;DINSGF;Früheres Bundesgebiet / Neue Länder;DF;Früheres Bundesgebiet;WZ08C7;WZ2008 (ausgewählte Positionen): Tarifindex;WZ08-08-01;Gewinnung v. Steinen u. Erden, sonst. Bergbau, DL;93,4;2020=100;VST065;Index d.tarifl. Stundenverdienste ohne Sonderzahl.
62221;Vj. Index der Tarifverdienste und Arbeitszeiten;JAHR;Jahr;2021;DINSGF;Früheres Bundesgebiet / Neue Länder;DN;Neue Länder;WZ08C7;WZ2008 (ausgewählte Positionen): Tarifindex;WZ08-78;Vermittlung und Überlassung von Arbeitskräften;104,6;2020=100;VST072;Index d.tarifl. Stundenverdienste mit Sonderzahl.
62221;Vj. Index der Tarifverdienste und Arbeitszeiten;JAHR;Jahr;2021;DINSGF;Früheres Bundesgebiet / Neue Länder;DN;Neue Länder;WZ08C7;WZ2008 (ausgewählte Positionen): Tarifindex;WZ08-78;Vermittlung und Überlassung von Arbeitskräften;104,6;2020=100;VST073;Index d.tarifl. Monatsverdienste mit Sonderzahl.
62221;Vj. Index der Tarifverdienste und Arbeitszeiten;JAHR;Jahr;2021;DINSGF;Früheres Bundesgebiet / Neue Länder;DN;Neue Länder;WZ08C7;WZ2008 (ausgewählte Positionen): Tarifindex;WZ08-78;Vermittlung und Überlassung von Arbeitskräften;35,2;h;VST019;Durchschnittliche tarifliche Wochenarbeitszeit
62221;Vj. Index der Tarifverdienste und Arbeitszeiten;JAHR;Jahr;2021;DINSGF;Früheres Bundesgebiet / Neue Länder;DN;Neue Länder;WZ08C7;WZ2008 (ausgewählte Positionen): Tarifindex;WZ08-78;Vermittlung und Überlassung von Arbeitskräften;105,0;2020=100;VST066;Index d.tarifl. Monatsverdienste ohne Sonderzahl.
62221;Vj. Index der Tarifverdienste und Arbeitszeiten;JAHR;Jahr;2021;DINSGF;Früheres Bundesgebiet / Neue Länder;DN;Neue Länder;WZ08C7;WZ2008 (ausgewählte Positionen): Tarifindex;WZ08-78;Vermittlung und Überlassung von Arbeitskräften;100,0;2020=100;VST018;Index der tariflichen Wochenarbeitszeit
62221;Vj. Index der Tarifverdienste und Arbeitszeiten;JAHR;Jahr;2021;DINSGF;Früheres Bundesgebiet / Neue Länder;DN;Neue Länder;WZ08C7;WZ2008 (ausgewählte Positionen): Tarifindex;WZ08-78;Vermittlung und Überlassung von Arbeitskräften;105,0;2020=100;VST065;Index d.tarifl. Stundenverdienste ohne Sonderzahl.
62221;Vj. Index der Tarifverdienste und Arbeitszeiten;JAHR;Jahr;2017;DINSGF;Früheres Bundesgebiet / Neue Länder;DF;Früheres Bundesgebiet;WZ08C7;WZ2008 (ausgewählte Positionen): Tarifindex;WZ08-45;Kfz-Handel, Instandhaltung und Reparatur von Kfz;92,9;2020=100;VST072;Index d.tarifl. Stundenverdienste mit Sonderzahl.
62221;Vj. Index der Tarifverdienste und Arbeitszeiten;JAHR;Jahr;2017;DINSGF;Früheres Bundesgebiet / Neue Länder;DF;Früheres Bundesgebiet;WZ08C7;WZ2008 (ausgewählte Positionen): Tarifindex;WZ08-45;Kfz-Handel, Instandhaltung und Reparatur von Kfz;92,9;2020=100;VST073;Index d.tarifl. Monatsverdienste mit Sonderzahl.
62221;Vj. Index der Tarifverdienste und Arbeitszeiten;JAHR;Jahr;2017;DINSGF;Früheres Bundesgebiet / Neue Länder;DF;Früheres Bundesgebiet;WZ08C7;WZ2008 (ausgewählte Positionen): Tarifindex;WZ08-45;Kfz-Handel, Instandhaltung und Reparatur von Kfz;36,7;h;VST019;Durchschnittliche tarifliche Wochenarbeitszeit
62221;Vj. Index der Tarifverdienste und Arbeitszeiten;JAHR;Jahr;2017;DINSGF;Früheres Bundesgebiet / Neue Länder;DF;Früheres Bundesgebiet;WZ08C7;WZ2008 (ausgewählte Positionen): Tarifindex;WZ08-45;Kfz-Handel, Instandhaltung und Reparatur von Kfz;92,9;2020=100;VST066;Index d.tarifl. Monatsverdienste ohne Sonderzahl.
62221;Vj. Index der Tarifverdienste und Arbeitszeiten;JAHR;Jahr;2017;DINSGF;Früheres Bundesgebiet / Neue Länder;DF;Früheres Bundesgebiet;WZ08C7;WZ2008 (ausgewählte Positionen): Tarifindex;WZ08-45;Kfz-Handel, Instandhaltung und Reparatur von Kfz;100,0;2020=100;VST018;Index der tariflichen Wochenarbeitszeit
62221;Vj. Index der Tarifverdienste und Arbeitszeiten;JAHR;Jahr;2017;DINSGF;Früheres Bundesgebiet / Neue Länder;DF;Früheres Bundesgebiet;WZ08C7;WZ2008 (ausgewählte Positionen): Tarifindex;WZ08-45;Kfz-Handel, Instandhaltung und Reparatur von Kfz;92,9;2020=100;VST065;Index d.tarifl. Stundenverdienste ohne Sonderzahl.
62221;Vj. Index der Tarifverdienste und Arbeitszeiten;JAHR;Jahr;2024;DINSGF;Früheres Bundesgebiet / Neue Länder;DF;Früheres Bundesgebiet;WZ08C7;WZ2008 (ausgewählte Positionen): Tarifindex;WZ08-94;Interessenvertr., kirchl. u. sonst. Vereinigungen;111,6;2020=100;VST072;Index d.tarifl. Stundenverdienste mit Sonderzahl.
62221;Vj. Index der Tarifverdienste und Arbeitszeiten;JAHR;Jahr;2024;DINSGF;Früheres Bundesgebiet / Neue Länder;DF;Früheres Bundesgebiet;WZ08C7;WZ2008 (ausgewählte Positionen): Tarifindex;WZ08-94;Interessenvertr., kirchl. u. sonst. Vereinigungen;111,6;2020=100;VST073;Index d.tarifl. Monatsverdienste mit Sonderzahl.
62221;Vj. Index der Tarifverdienste und Arbeitszeiten;JAHR;Jahr;2024;DINSGF;Früheres Bundesgebiet / Neue Länder;DF;Früheres Bundesgebiet;WZ08C7;WZ2008 (ausgewählte Positionen): Tarifindex;WZ08-94;Interessenvertr., kirchl. u. sonst. Vereinigungen;39,3;h;VST019;Durchschnittliche tarifliche Wochenarbeitszeit
62221;Vj. Index der Tarifverdienste und Arbeitszeiten;JAHR;Jahr;2024;DINSGF;Früheres Bundesgebiet / Neue Länder;DF;Früheres Bundesgebiet;WZ08C7;WZ2008 (ausgewählte Positionen): Tarifindex;WZ08-94;Interessenvertr., kirchl. u. sonst. Vereinigungen;109,6;2020=100;VST066;Index d.tarifl. Monatsverdienste ohne Sonderzahl.
62221;Vj. Index der Tarifverdienste und Arbeitszeiten;JAHR;Jahr;2024;DINSGF;Früheres Bundesgebiet / Neue Länder;DF;Früheres Bundesgebiet;WZ08C7;WZ2008 (ausgewählte Positionen): Tarifindex;WZ08-94;Interessenvertr., kirchl. u. sonst. Vereinigungen;100,0;2020=100;VST018;Index der tariflichen Wochenarbeitszeit
62221;Vj. Index der Tarifverdienste und Arbeitszeiten;JAHR;Jahr;2024;DINSGF;Früheres Bundesgebiet / Neue Länder;DF;Früheres Bundesgebiet;WZ08C7;WZ2008 (ausgewählte Positionen): Tarifindex;WZ08-94;Interessenvertr., kirchl. u. sonst. Vereinigungen;109,6;2020=100;VST065;Index d.tarifl. Stundenverdienste ohne Sonderzahl.
62221;Vj. Index der Tarifverdienste und Arbeitszeiten;JAHR;Jahr;2016;DINSGF;Früheres Bundesgebiet / Neue Länder;DF;Früheres Bundesgebiet;WZ08C7;WZ2008 (ausgewählte Positionen): Tarifindex;WZ08-61;Telekommunikation;88,9;2020=100;VST072;Index d.tarifl. Stundenverdienste mit Sonderzahl.
62221;Vj. Index der Tarifverdienste und Arbeitszeiten;JAHR;Jahr;2016;DINSGF;Früheres Bundesgebiet / Neue Länder;DF;Früheres Bundesgebiet;WZ08C7;WZ2008 (ausgewählte Positionen): Tarifindex;WZ08-61;Telekommunikation;91,7;2020=100;VST073;Index d.tarifl. Monatsverdienste mit Sonderzahl.
62221;Vj. Index der Tarifverdienste und Arbeitszeiten;JAHR;Jahr;2016;DINSGF;Früheres Bundesgebiet / Neue Länder;DF;Früheres Bundesgebiet;WZ08C7;WZ2008 (ausgewählte Positionen): Tarifindex;WZ08-61;Telekommunikation;37,9;h;VST019;Durchschnittliche tarifliche Wochenarbeitszeit
62221;Vj. Index der Tarifverdienste und Arbeitszeiten;JAHR;Jahr;2016;DINSGF;Früheres Bundesgebiet / Neue Länder;DF;Früheres Bundesgebiet;WZ08C7;WZ2008 (ausgewählte Positionen): Tarifindex;WZ08-61;Telekommunikation;91,5;2020=100;VST066;Index d.tarifl. Monatsverdienste ohne Sonderzahl.
62221;Vj. Index der Tarifverdienste und Arbeitszeiten;JAHR;Jahr;2016;DINSGF;Früheres Bundesgebiet / Neue Länder;DF;Früheres Bundesgebiet;WZ08C7;WZ2008 (ausgewählte Positionen): Tarifindex;WZ08-61;Telekommunikation;102,8;2020=100;VST018;Index der tariflichen Wochenarbeitszeit
62221;Vj. Index der Tarifverdienste und Arbeitszeiten;JAHR;Jahr;2016;DINSGF;Früheres Bundesgebiet / Neue Länder;DF;Früheres Bundesgebiet;WZ08C7;WZ2008 (ausgewählte Positionen): Tarifindex;WZ08-61;Telekommunikation;88,7;2020=100;VST065;Index d.tarifl. Stundenverdienste ohne Sonderzahl.
62221;Vj. Index der Tarifverdienste und Arbeitszeiten;JAHR;Jahr;2017;DINSGF;Früheres Bundesgebiet / Neue Länder;DF;Früheres Bundesgebiet;WZ08C7;WZ2008 (ausgewählte Positionen): Tarifindex;WZ08-21;Herstellung von pharmazeutischen Erzeugnissen;92,7;2020=100;VST072;Index d.tarifl. Stundenverdienste mit Sonderzahl.
62221;Vj. Index der Tarifverdienste und Arbeitszeiten;JAHR;Jahr;2017;DINSGF;Früheres Bundesgebiet / Neue Länder;DF;Früheres Bundesgebiet;WZ08C7;WZ2008 (ausgewählte Positionen): Tarifindex;WZ08-21;Herstellung von pharmazeutischen Erzeugnissen;92,7;2020=100;VST073;Index d.tarifl. Monatsverdienste mit Sonderzahl.
62221;Vj. Index der Tarifverdienste und Arbeitszeiten;JAHR;Jahr;2017;DINSGF;Früheres Bundesgebiet / Neue Länder;DF;Früheres Bundesgebiet;WZ08C7;WZ2008 (ausgewählte Positionen): Tarifindex;WZ08-21;Herstellung von pharmazeutischen Erzeugnissen;37,5;h;VST019;Durchschnittliche tarifliche Wochenarbeitszeit
62221;Vj. Index der Tarifverdienste und Arbeitszeiten;JAHR;Jahr;2017;DINSGF;Früheres Bundesgebiet / Neue Länder;DF;Früheres Bundesgebiet;WZ08C7;WZ2008 (ausgewählte Positionen): Tarifindex;WZ08-21;Herstellung von pharmazeutischen Erzeugnissen;94,4;2020=100;VST066;Index d.tarifl. Monatsverdienste ohne Sonderzahl.
62221;Vj. Index der Tarifverdienste und Arbeitszeiten;JAHR;Jahr;2017;DINSGF;Früheres Bundesgebiet / Neue Länder;DF;Früheres Bundesgebiet;WZ08C7;WZ2008 (ausgewählte Positionen): Tarifindex;WZ08-21;Herstellung von pharmazeutischen Erzeugnissen;100,0;2020=100;VST018;Index der tariflichen Wochenarbeitszeit
62221;Vj. Index der Tarifverdienste und Arbeitszeiten;JAHR;Jahr;2017;DINSGF;Früheres Bundesgebiet / Neue Länder;DF;Früheres Bundesgebiet;WZ08C7;WZ2008 (ausgewählte Positionen): Tarifindex;WZ08-21;Herstellung von pharmazeutischen Erzeugnissen;94,4;2020=100;VST065;Index d.tarifl. Stundenverdienste ohne Sonderzahl.
62221;Vj. Index der Tarifverdienste und Arbeitszeiten;JAHR;Jahr;2023;DINSGF;Früheres Bundesgebiet / Neue Länder;DF;Früheres Bundesgebiet;WZ08C7;WZ2008 (ausgewählte Positionen): Tarifindex;WZ08-13;Herstellung von Textilien;108,5;2020=100;VST072;Index d.tarifl. Stundenverdienste mit Sonderzahl.
62221;Vj. Index der Tarifverdienste und Arbeitszeiten;JAHR;Jahr;2023;DINSGF;Früheres Bundesgebiet / Neue Länder;DF;Früheres Bundesgebiet;WZ08C7;WZ2008 (ausgewählte Positionen): Tarifindex;WZ08-13;Herstellung von Textilien;108,5;2020=100;VST073;Index d.tarifl. Monatsverdienste mit Sonderzahl.
62221;Vj. Index der Tarifverdienste und Arbeitszeiten;JAHR;Jahr;2023;DINSGF;Früheres Bundesgebiet / Neue Länder;DF;Früheres Bundesgebiet;WZ08C7;WZ2008 (ausgewählte Positionen): Tarifindex;WZ08-13;Herstellung von Textilien;37,0;h;VST019;Durchschnittliche tarifliche Wochenarbeitszeit
62221;Vj. Index der Tarifverdienste und Arbeitszeiten;JAHR;Jahr;2023;DINSGF;Früheres Bundesgebiet / Neue Länder;DF;Früheres Bundesgebiet;WZ08C7;WZ2008 (ausgewählte Positionen): Tarifindex;WZ08-13;Herstellung von Textilien;105,5;2020=100;VST066;Index d.tarifl. Monatsverdienste ohne Sonderzahl.
62221;Vj. Index der Tarifverdienste und Arbeitszeiten;JAHR;Jahr;2023;DINSGF;Früheres Bundesgebiet / Neue Länder;DF;Früheres Bundesgebiet;WZ08C7;WZ2008 (ausgewählte Positionen): Tarifindex;WZ08-13;Herstellung von Textilien;100,0;2020=100;VST018;Index der tariflichen Wochenarbeitszeit
62221;Vj. Index der Tarifverdienste und Arbeitszeiten;JAHR;Jahr;2023;DINSGF;Früheres Bundesgebiet / Neue Länder;DF;Früheres Bundesgebiet;WZ08C7;WZ2008 (ausgewählte Positionen): Tarifindex;WZ08-13;Herstellung von Textilien;105,5;2020=100;VST065;Index d.tarifl. Stundenverdienste ohne Sonderzahl.
62221;Vj. Index der Tarifverdienste und Arbeitszeiten;JAHR;Jahr;2024;DINSGF;Früheres Bundesgebiet / Neue Länder;DF;Früheres Bundesgebiet;WZ08C7;WZ2008 (ausgewählte Positionen): Tarifindex;WZ08-24-01;Metallgewerbe;112,7;2020=100;VST072;Index d.tarifl. Stundenverdienste mit Sonderzahl.
62221;Vj. Index der Tarifverdienste und Arbeitszeiten;JAHR;Jahr;2024;DINSGF;Früheres Bundesgebiet / Neue Länder;DF;Früheres Bundesgebiet;WZ08C7;WZ2008 (ausgewählte Positionen): Tarifindex;WZ08-24-01;Metallgewerbe;112,7;2020=100;VST073;Index d.tarifl. Monatsverdienste mit Sonderzahl.
62221;Vj. Index der Tarifverdienste und Arbeitszeiten;JAHR;Jahr;2024;DINSGF;Früheres Bundesgebiet / Neue Länder;DF;Früheres Bundesgebiet;WZ08C7;WZ2008 (ausgewählte Positionen): Tarifindex;WZ08-24-01;Metallgewerbe;35,5;h;VST019;Durchschnittliche tarifliche Wochenarbeitszeit
62221;Vj. Index der Tarifverdienste und Arbeitszeiten;JAHR;Jahr;2024;DINSGF;Früheres Bundesgebiet / Neue Länder;DF;Früheres Bundesgebiet;WZ08C7;WZ2008 (ausgewählte Positionen): Tarifindex;WZ08-24-01;Metallgewerbe;107,9;2020=100;VST066;Index d.tarifl. Monatsverdienste ohne Sonderzahl.
62221;Vj. Index der Tarifverdienste und Arbeitszeiten;JAHR;Jahr;2024;DINSGF;Früheres Bundesgebiet / Neue Länder;DF;Früheres Bundesgebiet;WZ08C7;WZ2008 (ausgewählte Positionen): Tarifindex;WZ08-24-01;Metallgewerbe;100,0;2020=100;VST018;Index der tariflichen Wochenarbeitszeit
62221;Vj. Index der Tarifverdienste und Arbeitszeiten;JAHR;Jahr;2024;DINSGF;Früheres Bundesgebiet / Neue Länder;DF;Früheres Bundesgebiet;WZ08C7;WZ2008 (ausgewählte Positionen): Tarifindex;WZ08-24-01;Metallgewerbe;107,9;2020=100;VST065;Index d.tarifl. Stundenverdienste ohne Sonderzahl.
62221;Vj. Index der Tarifverdienste und Arbeitszeiten;JAHR;Jahr;2021;DINSGF;Früheres Bundesgebiet / Neue Länder;DN;Neue Länder;WZ08C7;WZ2008 (ausgewählte Positionen): Tarifindex;WZ08-68;Grundstücks- und Wohnungswesen;100,9;2020=100;VST072;Index d.tarifl. Stundenverdienste mit Sonderzahl.
62221;Vj. Index der Tarifverdienste und Arbeitszeiten;JAHR;Jahr;2021;DINSGF;Früheres Bundesgebiet / Neue Länder;DN;Neue Länder;WZ08C7;WZ2008 (ausgewählte Positionen): Tarifindex;WZ08-68;Grundstücks- und Wohnungswesen;100,9;2020=100;VST073;Index d.tarifl. Monatsverdienste mit Sonderzahl.
62221;Vj. Index der Tarifverdienste und Arbeitszeiten;JAHR;Jahr;2021;DINSGF;Früheres Bundesgebiet / Neue Länder;DN;Neue Länder;WZ08C7;WZ2008 (ausgewählte Positionen): Tarifindex;WZ08-68;Grundstücks- und Wohnungswesen;37,9;h;VST019;Durchschnittliche tarifliche Wochenarbeitszeit
62221;Vj. Index der Tarifverdienste und Arbeitszeiten;JAHR;Jahr;2021;DINSGF;Früheres Bundesgebiet / Neue Länder;DN;Neue Länder;WZ08C7;WZ2008 (ausgewählte Positionen): Tarifindex;WZ08-68;Grundstücks- und Wohnungswesen;101,7;2020=100;VST066;Index d.tarifl. Monatsverdienste ohne Sonderzahl.
62221;Vj. Index der Tarifverdienste und Arbeitszeiten;JAHR;Jahr;2021;DINSGF;Früheres Bundesgebiet / Neue Länder;DN;Neue Länder;WZ08C7;WZ2008 (ausgewählte Positionen): Tarifindex;WZ08-68;Grundstücks- und Wohnungswesen;100,0;2020=100;VST018;Index der tariflichen Wochenarbeitszeit
62221;Vj. Index der Tarifverdienste und Arbeitszeiten;JAHR;Jahr;2021;DINSGF;Früheres Bundesgebiet / Neue Länder;DN;Neue Länder;WZ08C7;WZ2008 (ausgewählte Positionen): Tarifindex;WZ08-68;Grundstücks- und Wohnungswesen;101,7;2020=100;VST065;Index d.tarifl. Stundenverdienste ohne Sonderzahl.
62221;Vj. Index der Tarifverdienste und Arbeitszeiten;JAHR;Jahr;2017;DINSGF;Früheres Bundesgebiet / Neue Länder;DN;Neue Länder;WZ08C7;WZ2008 (ausgewählte Positionen): Tarifindex;WZ08-41-01;Hoch- und Tiefbau;90,1;2020=100;VST072;Index d.tarifl. Stundenverdienste mit Sonderzahl.
62221;Vj. Index der Tarifverdienste und Arbeitszeiten;JAHR;Jahr;2017;DINSGF;Früheres Bundesgebiet / Neue Länder;DN;Neue Länder;WZ08C7;WZ2008 (ausgewählte Positionen): Tarifindex;WZ08-41-01;Hoch- und Tiefbau;90,1;2020=100;VST073;Index d.tarifl. Monatsverdienste mit Sonderzahl.
62221;Vj. Index der Tarifverdienste und Arbeitszeiten;JAHR;Jahr;2017;DINSGF;Früheres Bundesgebiet / Neue Länder;DN;Neue Länder;WZ08C7;WZ2008 (ausgewählte Positionen): Tarifindex;WZ08-41-01;Hoch- und Tiefbau;40,0;h;VST019;Durchschnittliche tarifliche Wochenarbeitszeit
62221;Vj. Index der Tarifverdienste und Arbeitszeiten;JAHR;Jahr;2017;DINSGF;Früheres Bundesgebiet / Neue Länder;DN;Neue Länder;WZ08C7;WZ2008 (ausgewählte Positionen): Tarifindex;WZ08-41-01;Hoch- und Tiefbau;92,4;2020=100;VST066;Index d.tarifl. Monatsverdienste ohne Sonderzahl.
62221;Vj. Index der Tarifverdienste und Arbeitszeiten;JAHR;Jahr;2017;DINSGF;Früheres Bundesgebiet / Neue Länder;DN;Neue Länder;WZ08C7;WZ2008 (ausgewählte Positionen): Tarifindex;WZ08-41-01;Hoch- und Tiefbau;100,0;2020=100;VST018;Index der tariflichen Wochenarbeitszeit
62221;Vj. Index der Tarifverdienste und Arbeitszeiten;JAHR;Jahr;2017;DINSGF;Früheres Bundesgebiet / Neue Länder;DN;Neue Länder;WZ08C7;WZ2008 (ausgewählte Positionen): Tarifindex;WZ08-41-01;Hoch- und Tiefbau;92,4;2020=100;VST065;Index d.tarifl. Stundenverdienste ohne Sonderzahl.
62221;Vj. Index der Tarifverdienste und Arbeitszeiten;JAHR;Jahr;2024;DINSGF;Früheres Bundesgebiet / Neue Länder;DN;Neue Länder;WZ08C7;WZ2008 (ausgewählte Positionen): Tarifindex;WZ08-B-12;Prod. Gewerbe, Handel, Verkehr und Lagerei;115,1;2020=100;VST072;Index d.tarifl. Stundenverdienste mit Sonderzahl.
62221;Vj. Index der Tarifverdienste und Arbeitszeiten;JAHR;Jahr;2024;DINSGF;Früheres Bundesgebiet / Neue Länder;DN;Neue Länder;WZ08C7;WZ2008 (ausgewählte Positionen): Tarifindex;WZ08-B-12;Prod. Gewerbe, Handel, Verkehr und Lagerei;114,7;2020=100;VST073;Index d.tarifl. Monatsverdienste mit Sonderzahl.
62221;Vj. Index der Tarifverdienste und Arbeitszeiten;JAHR;Jahr;2024;DINSGF;Früheres Bundesgebiet / Neue Länder;DN;Neue Länder;WZ08C7;WZ2008 (ausgewählte Positionen): Tarifindex;WZ08-B-12;Prod. Gewerbe, Handel, Verkehr und Lagerei;38,5;h;VST019;Durchschnittliche tarifliche Wochenarbeitszeit
62221;Vj. Index der Tarifverdienste und Arbeitszeiten;JAHR;Jahr;2024;DINSGF;Früheres Bundesgebiet / Neue Länder;DN;Neue Länder;WZ08C7;WZ2008 (ausgewählte Positionen): Tarifindex;WZ08-B-12;Prod. Gewerbe, Handel, Verkehr und Lagerei;111,3;2020=100;VST066;Index d.tarifl. Monatsverdienste ohne Sonderzahl.
62221;Vj. Index der Tarifverdienste und Arbeitszeiten;JAHR;Jahr;2024;DINSGF;Früheres Bundesgebiet / Neue Länder;DN;Neue Länder;WZ08C7;WZ2008 (ausgewählte Positionen): Tarifindex;WZ08-B-12;Prod. Gewerbe, Handel, Verkehr und Lagerei;99,7;2020=100;VST018;Index der tariflichen Wochenarbeitszeit
62221;Vj. Index der Tarifverdienste und Arbeitszeiten;JAHR;Jahr;2024;DINSGF;Früheres Bundesgebiet / Neue Länder;DN;Neue Länder;WZ08C7;WZ2008 (ausgewählte Positionen): Tarifindex;WZ08-B-12;Prod. Gewerbe, Handel, Verkehr und Lagerei;111,6;2020=100;VST065;Index d.tarifl. Stundenverdienste ohne Sonderzahl.
62221;Vj. Index der Tarifverdienste und Arbeitszeiten;JAHR;Jahr;2016;DINSGF;Früheres Bundesgebiet / Neue Länder;DF;Früheres Bundesgebiet;WZ08C7;WZ2008 (ausgewählte Positionen): Tarifindex;WZ08-43;Vorb.Baustellenarbeiten, Bauinstall., sonst.Ausbau;90,7;2020=100;VST072;Index d.tarifl. Stundenverdienste mit Sonderzahl.
62221;Vj. Index der Tarifverdienste und Arbeitszeiten;JAHR;Jahr;2016;DINSGF;Früheres Bundesgebiet / Neue Länder;DF;Früheres Bundesgebiet;WZ08C7;WZ2008 (ausgewählte Positionen): Tarifindex;WZ08-43;Vorb.Baustellenarbeiten, Bauinstall., sonst.Ausbau;90,7;2020=100;VST073;Index d.tarifl. Monatsverdienste mit Sonderzahl.
62221;Vj. Index der Tarifverdienste und Arbeitszeiten;JAHR;Jahr;2016;DINSGF;Früheres Bundesgebiet / Neue Länder;DF;Früheres Bundesgebiet;WZ08C7;WZ2008 (ausgewählte Positionen): Tarifindex;WZ08-43;Vorb.Baustellenarbeiten, Bauinstall., sonst.Ausbau;38,7;h;VST019;Durchschnittliche tarifliche Wochenarbeitszeit
62221;Vj. Index der Tarifverdienste und Arbeitszeiten;JAHR;Jahr;2016;DINSGF;Früheres Bundesgebiet / Neue Länder;DF;Früheres Bundesgebiet;WZ08C7;WZ2008 (ausgewählte Positionen): Tarifindex;WZ08-43;Vorb.Baustellenarbeiten, Bauinstall., sonst.Ausbau;91,5;2020=100;VST066;Index d.tarifl. Monatsverdienste ohne Sonderzahl.
62221;Vj. Index der Tarifverdienste und Arbeitszeiten;JAHR;Jahr;2016;DINSGF;Früheres Bundesgebiet / Neue Länder;DF;Früheres Bundesgebiet;WZ08C7;WZ2008 (ausgewählte Positionen): Tarifindex;WZ08-43;Vorb.Baustellenarbeiten, Bauinstall., sonst.Ausbau;100,0;2020=100;VST018;Index der tariflichen Wochenarbeitszeit
62221;Vj. Index der Tarifverdienste und Arbeitszeiten;JAHR;Jahr;2016;DINSGF;Früheres Bundesgebiet / Neue Länder;DF;Früheres Bundesgebiet;WZ08C7;WZ2008 (ausgewählte Positionen): Tarifindex;WZ08-43;Vorb.Baustellenarbeiten, Bauinstall., sonst.Ausbau;91,5;2020=100;VST065;Index d.tarifl. Stundenverdienste ohne Sonderzahl.
62221;Vj. Index der Tarifverdienste und Arbeitszeiten;JAHR;Jahr;2023;DINSGF;Früheres Bundesgebiet / Neue Länder;DF;Früheres Bundesgebiet;WZ08C7;WZ2008 (ausgewählte Positionen): Tarifindex;WZ08-G-02;Dienstleistungsbereich;107,0;2020=100;VST072;Index d.tarifl. Stundenverdienste mit Sonderzahl.
62221;Vj. Index der Tarifverdienste und Arbeitszeiten;JAHR;Jahr;2023;DINSGF;Früheres Bundesgebiet / Neue Länder;DF;Früheres Bundesgebiet;WZ08C7;WZ2008 (ausgewählte Positionen): Tarifindex;WZ08-G-02;Dienstleistungsbereich;107,0;2020=100;VST073;Index d.tarifl. Monatsverdienste mit Sonderzahl.
62221;Vj. Index der Tarifverdienste und Arbeitszeiten;JAHR;Jahr;2023;DINSGF;Früheres Bundesgebiet / Neue Länder;DF;Früheres Bundesgebiet;WZ08C7;WZ2008 (ausgewählte Positionen): Tarifindex;WZ08-G-02;Dienstleistungsbereich;39,2;h;VST019;Durchschnittliche tarifliche Wochenarbeitszeit
62221;Vj. Index der Tarifverdienste und Arbeitszeiten;JAHR;Jahr;2023;DINSGF;Früheres Bundesgebiet / Neue Länder;DF;Früheres Bundesgebiet;WZ08C7;WZ2008 (ausgewählte Positionen): Tarifindex;WZ08-G-02;Dienstleistungsbereich;105,5;2020=100;VST066;Index d.tarifl. Monatsverdienste ohne Sonderzahl.
62221;Vj. Index der Tarifverdienste und Arbeitszeiten;JAHR;Jahr;2023;DINSGF;Früheres Bundesgebiet / Neue Länder;DF;Früheres Bundesgebiet;WZ08C7;WZ2008 (ausgewählte Positionen): Tarifindex;WZ08-G-02;Dienstleistungsbereich;100,0;2020=100;VST018;Index der tariflichen Wochenarbeitszeit
62221;Vj. Index der Tarifverdienste und Arbeitszeiten;JAHR;Jahr;2023;DINSGF;Früheres Bundesgebiet / Neue Länder;DF;Früheres Bundesgebiet;WZ08C7;WZ2008 (ausgewählte Positionen): Tarifindex;WZ08-G-02;Dienstleistungsbereich;105,5;2020=100;VST065;Index d.tarifl. Stundenverdienste ohne Sonderzahl.
62221;Vj. Index der Tarifverdienste und Arbeitszeiten;JAHR;Jahr;2021;DINSGF;Früheres Bundesgebiet / Neue Länder;DF;Früheres Bundesgebiet;WZ08C7;WZ2008 (ausgewählte Positionen): Tarifindex;WZ08-26;H.v. DV-Geräten, elektron. u. opt. Erzeugnissen;100,9;2020=100;VST072;Index d.tarifl. Stundenverdienste mit Sonderzahl.
62221;Vj. Index der Tarifverdienste und Arbeitszeiten;JAHR;Jahr;2021;DINSGF;Früheres Bundesgebiet / Neue Länder;DF;Früheres Bundesgebiet;WZ08C7;WZ2008 (ausgewählte Positionen): Tarifindex;WZ08-26;H.v. DV-Geräten, elektron. u. opt. Erzeugnissen;100,9;2020=100;VST073;Index d.tarifl. Monatsverdienste mit Sonderzahl.
62221;Vj. Index der Tarifverdienste und Arbeitszeiten;JAHR;Jahr;2021;DINSGF;Früheres Bundesgebiet / Neue Länder;DF;Früheres Bundesgebiet;WZ08C7;WZ2008 (ausgewählte Positionen): Tarifindex;WZ08-26;H.v. DV-Geräten, elektron. u. opt. Erzeugnissen;35,2;h;VST019;Durchschnittliche tarifliche Wochenarbeitszeit
62221;Vj. Index der Tarifverdienste und Arbeitszeiten;JAHR;Jahr;2021;DINSGF;Früheres Bundesgebiet / Neue Länder;DF;Früheres Bundesgebiet;WZ08C7;WZ2008 (ausgewählte Positionen): Tarifindex;WZ08-26;H.v. DV-Geräten, elektron. u. opt. Erzeugnissen;100,1;2020=100;VST066;Index d.tarifl. Monatsverdienste ohne Sonderzahl.
62221;Vj. Index der Tarifverdienste und Arbeitszeiten;JAHR;Jahr;2021;DINSGF;Früheres Bundesgebiet / Neue Länder;DF;Früheres Bundesgebiet;WZ08C7;WZ2008 (ausgewählte Positionen): Tarifindex;WZ08-26;H.v. DV-Geräten, elektron. u. opt. Erzeugnissen;100,0;2020=100;VST018;Index der tariflichen Wochenarbeitszeit
62221;Vj. Index der Tarifverdienste und Arbeitszeiten;JAHR;Jahr;2021;DINSGF;Früheres Bundesgebiet / Neue Länder;DF;Früheres Bundesgebiet;WZ08C7;WZ2008 (ausgewählte Positionen): Tarifindex;WZ08-26;H.v. DV-Geräten, elektron. u. opt. Erzeugnissen;100,1;2020=100;VST065;Index d.tarifl. Stundenverdienste ohne Sonderzahl.
62221;Vj. Index der Tarifverdienste und Arbeitszeiten;JAHR;Jahr;2021;DINSGF;Früheres Bundesgebiet / Neue Länder;DN;Neue Länder;WZ08C7;WZ2008 (ausgewählte Positionen): Tarifindex;WZ08-72;Forschung und Entwicklung;101,2;2020=100;VST072;Index d.tarifl. Stundenverdienste mit Sonderzahl.
62221;Vj. Index der Tarifverdienste und Arbeitszeiten;JAHR;Jahr;2021;DINSGF;Früheres Bundesgebiet / Neue Länder;DN;Neue Länder;WZ08C7;WZ2008 (ausgewählte Positionen): Tarifindex;WZ08-72;Forschung und Entwicklung;101,2;2020=100;VST073;Index d.tarifl. Monatsverdienste mit Sonderzahl.
62221;Vj. Index der Tarifverdienste und Arbeitszeiten;JAHR;Jahr;2021;DINSGF;Früheres Bundesgebiet / Neue Länder;DN;Neue Länder;WZ08C7;WZ2008 (ausgewählte Positionen): Tarifindex;WZ08-72;Forschung und Entwicklung;39,3;h;VST019;Durchschnittliche tarifliche Wochenarbeitszeit
62221;Vj. Index der Tarifverdienste und Arbeitszeiten;JAHR;Jahr;2021;DINSGF;Früheres Bundesgebiet / Neue Länder;DN;Neue Länder;WZ08C7;WZ2008 (ausgewählte Positionen): Tarifindex;WZ08-72;Forschung und Entwicklung;101,3;2020=100;VST066;Index d.tarifl. Monatsverdienste ohne Sonderzahl.
62221;Vj. Index der Tarifverdienste und Arbeitszeiten;JAHR;Jahr;2021;DINSGF;Früheres Bundesgebiet / Neue Länder;DN;Neue Länder;WZ08C7;WZ2008 (ausgewählte Positionen): Tarifindex;WZ08-72;Forschung und Entwicklung;100,0;2020=100;VST018;Index der tariflichen Wochenarbeitszeit
62221;Vj. Index der Tarifverdienste und Arbeitszeiten;JAHR;Jahr;2021;DINSGF;Früheres Bundesgebiet / Neue Länder;DN;Neue Länder;WZ08C7;WZ2008 (ausgewählte Positionen): Tarifindex;WZ08-72;Forschung und Entwicklung;101,3;2020=100;VST065;Index d.tarifl. Stundenverdienste ohne Sonderzahl.
62221;Vj. Index der Tarifverdienste und Arbeitszeiten;JAHR;Jahr;2021;DINSGF;Früheres Bundesgebiet / Neue Länder;DF;Früheres Bundesgebiet;WZ08C7;WZ2008 (ausgewählte Positionen): Tarifindex;WZ08-20;Herstellung von chemischen Erzeugnissen;101,7;2020=100;VST072;Index d.tarifl. Stundenverdienste mit Sonderzahl.
62221;Vj. Index der Tarifverdienste und Arbeitszeiten;JAHR;Jahr;2021;DINSGF;Früheres Bundesgebiet / Neue Länder;DF;Früheres Bundesgebiet;WZ08C7;WZ2008 (ausgewählte Positionen): Tarifindex;WZ08-20;Herstellung von chemischen Erzeugnissen;101,7;2020=100;VST073;Index d.tarifl. Monatsverdienste mit Sonderzahl.
62221;Vj. Index der Tarifverdienste und Arbeitszeiten;JAHR;Jahr;2021;DINSGF;Früheres Bundesgebiet / Neue Länder;DF;Früheres Bundesgebiet;WZ08C7;WZ2008 (ausgewählte Positionen): Tarifindex;WZ08-20;Herstellung von chemischen Erzeugnissen;37,5;h;VST019;Durchschnittliche tarifliche Wochenarbeitszeit
62221;Vj. Index der Tarifverdienste und Arbeitszeiten;JAHR;Jahr;2021;DINSGF;Früheres Bundesgebiet / Neue Länder;DF;Früheres Bundesgebiet;WZ08C7;WZ2008 (ausgewählte Positionen): Tarifindex;WZ08-20;Herstellung von chemischen Erzeugnissen;101,4;2020=100;VST066;Index d.tarifl. Monatsverdienste ohne Sonderzahl.
62221;Vj. Index der Tarifverdienste und Arbeitszeiten;JAHR;Jahr;2021;DINSGF;Früheres Bundesgebiet / Neue Länder;DF;Früheres Bundesgebiet;WZ08C7;WZ2008 (ausgewählte Positionen): Tarifindex;WZ08-20;Herstellung von chemischen Erzeugnissen;100,0;2020=100;VST018;Index der tariflichen Wochenarbeitszeit
62221;Vj. Index der Tarifverdienste und Arbeitszeiten;JAHR;Jahr;2021;DINSGF;Früheres Bundesgebiet / Neue Länder;DF;Früheres Bundesgebiet;WZ08C7;WZ2008 (ausgewählte Positionen): Tarifindex;WZ08-20;Herstellung von chemischen Erzeugnissen;101,4;2020=100;VST065;Index d.tarifl. Stundenverdienste ohne Sonderzahl.
62221;Vj. Index der Tarifverdienste und Arbeitszeiten;JAHR;Jahr;2025;DINSGF;Früheres Bundesgebiet / Neue Länder;DN;Neue Länder;WZ08C7;WZ2008 (ausgewählte Positionen): Tarifindex;WZ08-26;H.v. DV-Geräten, elektron. u. opt. Erzeugnissen;113,2;2020=100;VST072;Index d.tarifl. Stundenverdienste mit Sonderzahl.
62221;Vj. Index der Tarifverdienste und Arbeitszeiten;JAHR;Jahr;2025;DINSGF;Früheres Bundesgebiet / Neue Länder;DN;Neue Länder;WZ08C7;WZ2008 (ausgewählte Positionen): Tarifindex;WZ08-26;H.v. DV-Geräten, elektron. u. opt. Erzeugnissen;113,2;2020=100;VST073;Index d.tarifl. Monatsverdienste mit Sonderzahl.
62221;Vj. Index der Tarifverdienste und Arbeitszeiten;JAHR;Jahr;2025;DINSGF;Früheres Bundesgebiet / Neue Länder;DN;Neue Länder;WZ08C7;WZ2008 (ausgewählte Positionen): Tarifindex;WZ08-26;H.v. DV-Geräten, elektron. u. opt. Erzeugnissen;36,7;h;VST019;Durchschnittliche tarifliche Wochenarbeitszeit
62221;Vj. Index der Tarifverdienste und Arbeitszeiten;JAHR;Jahr;2025;DINSGF;Früheres Bundesgebiet / Neue Länder;DN;Neue Länder;WZ08C7;WZ2008 (ausgewählte Positionen): Tarifindex;WZ08-26;H.v. DV-Geräten, elektron. u. opt. Erzeugnissen;110,3;2020=100;VST066;Index d.tarifl. Monatsverdienste ohne Sonderzahl.
62221;Vj. Index der Tarifverdienste und Arbeitszeiten;JAHR;Jahr;2025;DINSGF;Früheres Bundesgebiet / Neue Länder;DN;Neue Länder;WZ08C7;WZ2008 (ausgewählte Positionen): Tarifindex;WZ08-26;H.v. DV-Geräten, elektron. u. opt. Erzeugnissen;100,0;2020=100;VST018;Index der tariflichen Wochenarbeitszeit
62221;Vj. Index der Tarifverdienste und Arbeitszeiten;JAHR;Jahr;2025;DINSGF;Früheres Bundesgebiet / Neue Länder;DN;Neue Länder;WZ08C7;WZ2008 (ausgewählte Positionen): Tarifindex;WZ08-26;H.v. DV-Geräten, elektron. u. opt. Erzeugnissen;110,3;2020=100;VST065;Index d.tarifl. Stundenverdienste ohne Sonderzahl.
62221;Vj. Index der Tarifverdienste und Arbeitszeiten;JAHR;Jahr;2025;DINSGF;Früheres Bundesgebiet / Neue Länder;DN;Neue Länder;WZ08C7;WZ2008 (ausgewählte Positionen): Tarifindex;WZ08-20;Herstellung von chemischen Erzeugnissen;117,2;2020=100;VST072;Index d.tarifl. Stundenverdienste mit Sonderzahl.
62221;Vj. Index der Tarifverdienste und Arbeitszeiten;JAHR;Jahr;2025;DINSGF;Früheres Bundesgebiet / Neue Länder;DN;Neue Länder;WZ08C7;WZ2008 (ausgewählte Positionen): Tarifindex;WZ08-20;Herstellung von chemischen Erzeugnissen;114,9;2020=100;VST073;Index d.tarifl. Monatsverdienste mit Sonderzahl.
62221;Vj. Index der Tarifverdienste und Arbeitszeiten;JAHR;Jahr;2025;DINSGF;Früheres Bundesgebiet / Neue Länder;DN;Neue Länder;WZ08C7;WZ2008 (ausgewählte Positionen): Tarifindex;WZ08-20;Herstellung von chemischen Erzeugnissen;38,4;h;VST019;Durchschnittliche tarifliche Wochenarbeitszeit
62221;Vj. Index der Tarifverdienste und Arbeitszeiten;JAHR;Jahr;2025;DINSGF;Früheres Bundesgebiet / Neue Länder;DN;Neue Länder;WZ08C7;WZ2008 (ausgewählte Positionen): Tarifindex;WZ08-20;Herstellung von chemischen Erzeugnissen;114,2;2020=100;VST066;Index d.tarifl. Monatsverdienste ohne Sonderzahl.
62221;Vj. Index der Tarifverdienste und Arbeitszeiten;JAHR;Jahr;2025;DINSGF;Früheres Bundesgebiet / Neue Länder;DN;Neue Länder;WZ08C7;WZ2008 (ausgewählte Positionen): Tarifindex;WZ08-20;Herstellung von chemischen Erzeugnissen;98,1;2020=100;VST018;Index der tariflichen Wochenarbeitszeit
62221;Vj. Index der Tarifverdienste und Arbeitszeiten;JAHR;Jahr;2025;DINSGF;Früheres Bundesgebiet / Neue Länder;DN;Neue Länder;WZ08C7;WZ2008 (ausgewählte Positionen): Tarifindex;WZ08-20;Herstellung von chemischen Erzeugnissen;116,5;2020=100;VST065;Index d.tarifl. Stundenverdienste ohne Sonderzahl.
62221;Vj. Index der Tarifverdienste und Arbeitszeiten;JAHR;Jahr;2025;DINSGF;Früheres Bundesgebiet / Neue Länder;DF;Früheres Bundesgebiet;WZ08C7;WZ2008 (ausgewählte Positionen): Tarifindex;WZ08-31-01;Möbelherstellung, Installation von Maschinen;114,8;2020=100;VST072;Index d.tarifl. Stundenverdienste mit Sonderzahl.
62221;Vj. Index der Tarifverdienste und Arbeitszeiten;JAHR;Jahr;2025;DINSGF;Früheres Bundesgebiet / Neue Länder;DF;Früheres Bundesgebiet;WZ08C7;WZ2008 (ausgewählte Positionen): Tarifindex;WZ08-31-01;Möbelherstellung, Installation von Maschinen;114,6;2020=100;VST073;Index d.tarifl. Monatsverdienste mit Sonderzahl.
62221;Vj. Index der Tarifverdienste und Arbeitszeiten;JAHR;Jahr;2025;DINSGF;Früheres Bundesgebiet / Neue Länder;DF;Früheres Bundesgebiet;WZ08C7;WZ2008 (ausgewählte Positionen): Tarifindex;WZ08-31-01;Möbelherstellung, Installation von Maschinen;36,5;h;VST019;Durchschnittliche tarifliche Wochenarbeitszeit
62221;Vj. Index der Tarifverdienste und Arbeitszeiten;JAHR;Jahr;2025;DINSGF;Früheres Bundesgebiet / Neue Länder;DF;Früheres Bundesgebiet;WZ08C7;WZ2008 (ausgewählte Positionen): Tarifindex;WZ08-31-01;Möbelherstellung, Installation von Maschinen;113,0;2020=100;VST066;Index d.tarifl. Monatsverdienste ohne Sonderzahl.
62221;Vj. Index der Tarifverdienste und Arbeitszeiten;JAHR;Jahr;2025;DINSGF;Früheres Bundesgebiet / Neue Länder;DF;Früheres Bundesgebiet;WZ08C7;WZ2008 (ausgewählte Positionen): Tarifindex;WZ08-31-01;Möbelherstellung, Installation von Maschinen;99,9;2020=100;VST018;Index der tariflichen Wochenarbeitszeit
62221;Vj. Index der Tarifverdienste und Arbeitszeiten;JAHR;Jahr;2025;DINSGF;Früheres Bundesgebiet / Neue Länder;DF;Früheres Bundesgebiet;WZ08C7;WZ2008 (ausgewählte Positionen): Tarifindex;WZ08-31-01;Möbelherstellung, Installation von Maschinen;113,1;2020=100;VST065;Index d.tarifl. Stundenverdienste ohne Sonderzahl.
62221;Vj. Index der Tarifverdienste und Arbeitszeiten;JAHR;Jahr;2018;DINSGF;Früheres Bundesgebiet / Neue Länder;DN;Neue Länder;WZ08C7;WZ2008 (ausgewählte Positionen): Tarifindex;WZ08-38-01;Recycling, Beseitigung von Umweltverschmutzungen;95,4;2020=100;VST072;Index d.tarifl. Stundenverdienste mit Sonderzahl.
62221;Vj. Index der Tarifverdienste und Arbeitszeiten;JAHR;Jahr;2018;DINSGF;Früheres Bundesgebiet / Neue Länder;DN;Neue Länder;WZ08C7;WZ2008 (ausgewählte Positionen): Tarifindex;WZ08-38-01;Recycling, Beseitigung von Umweltverschmutzungen;95,4;2020=100;VST073;Index d.tarifl. Monatsverdienste mit Sonderzahl.
62221;Vj. Index der Tarifverdienste und Arbeitszeiten;JAHR;Jahr;2018;DINSGF;Früheres Bundesgebiet / Neue Länder;DN;Neue Länder;WZ08C7;WZ2008 (ausgewählte Positionen): Tarifindex;WZ08-38-01;Recycling, Beseitigung von Umweltverschmutzungen;39,1;h;VST019;Durchschnittliche tarifliche Wochenarbeitszeit
62221;Vj. Index der Tarifverdienste und Arbeitszeiten;JAHR;Jahr;2018;DINSGF;Früheres Bundesgebiet / Neue Länder;DN;Neue Länder;WZ08C7;WZ2008 (ausgewählte Positionen): Tarifindex;WZ08-38-01;Recycling, Beseitigung von Umweltverschmutzungen;95,2;2020=100;VST066;Index d.tarifl. Monatsverdienste ohne Sonderzahl.
62221;Vj. Index der Tarifverdienste und Arbeitszeiten;JAHR;Jahr;2018;DINSGF;Früheres Bundesgebiet / Neue Länder;DN;Neue Länder;WZ08C7;WZ2008 (ausgewählte Positionen): Tarifindex;WZ08-38-01;Recycling, Beseitigung von Umweltverschmutzungen;100,0;2020=100;VST018;Index der tariflichen Wochenarbeitszeit
62221;Vj. Index der Tarifverdienste und Arbeitszeiten;JAHR;Jahr;2018;DINSGF;Früheres Bundesgebiet / Neue Länder;DN;Neue Länder;WZ08C7;WZ2008 (ausgewählte Positionen): Tarifindex;WZ08-38-01;Recycling, Beseitigung von Umweltverschmutzungen;95,2;2020=100;VST065;Index d.tarifl. Stundenverdienste ohne Sonderzahl.
62221;Vj. Index der Tarifverdienste und Arbeitszeiten;JAHR;Jahr;2023;DINSGF;Früheres Bundesgebiet / Neue Länder;DF;Früheres Bundesgebiet;WZ08C7;WZ2008 (ausgewählte Positionen): Tarifindex;WZ08-R;Kunst, Unterhaltung und Erholung;105,8;2020=100;VST072;Index d.tarifl. Stundenverdienste mit Sonderzahl.
62221;Vj. Index der Tarifverdienste und Arbeitszeiten;JAHR;Jahr;2023;DINSGF;Früheres Bundesgebiet / Neue Länder;DF;Früheres Bundesgebiet;WZ08C7;WZ2008 (ausgewählte Positionen): Tarifindex;WZ08-R;Kunst, Unterhaltung und Erholung;105,8;2020=100;VST073;Index d.tarifl. Monatsverdienste mit Sonderzahl.
62221;Vj. Index der Tarifverdienste und Arbeitszeiten;JAHR;Jahr;2023;DINSGF;Früheres Bundesgebiet / Neue Länder;DF;Früheres Bundesgebiet;WZ08C7;WZ2008 (ausgewählte Positionen): Tarifindex;WZ08-R;Kunst, Unterhaltung und Erholung;39,2;h;VST019;Durchschnittliche tarifliche Wochenarbeitszeit
62221;Vj. Index der Tarifverdienste und Arbeitszeiten;JAHR;Jahr;2023;DINSGF;Früheres Bundesgebiet / Neue Länder;DF;Früheres Bundesgebiet;WZ08C7;WZ2008 (ausgewählte Positionen): Tarifindex;WZ08-R;Kunst, Unterhaltung und Erholung;104,1;2020=100;VST066;Index d.tarifl. Monatsverdienste ohne Sonderzahl.
62221;Vj. Index der Tarifverdienste und Arbeitszeiten;JAHR;Jahr;2023;DINSGF;Früheres Bundesgebiet / Neue Länder;DF;Früheres Bundesgebiet;WZ08C7;WZ2008 (ausgewählte Positionen): Tarifindex;WZ08-R;Kunst, Unterhaltung und Erholung;100,0;2020=100;VST018;Index der tariflichen Wochenarbeitszeit
62221;Vj. Index der Tarifverdienste und Arbeitszeiten;JAHR;Jahr;2023;DINSGF;Früheres Bundesgebiet / Neue Länder;DF;Früheres Bundesgebiet;WZ08C7;WZ2008 (ausgewählte Positionen): Tarifindex;WZ08-R;Kunst, Unterhaltung und Erholung;104,1;2020=100;VST065;Index d.tarifl. Stundenverdienste ohne Sonderzahl.
62221;Vj. Index der Tarifverdienste und Arbeitszeiten;JAHR;Jahr;2023;DINSGF;Früheres Bundesgebiet / Neue Länder;DF;Früheres Bundesgebiet;WZ08C7;WZ2008 (ausgewählte Positionen): Tarifindex;WZ08-L;Grundstücks- und Wohnungswesen;106,7;2020=100;VST072;Index d.tarifl. Stundenverdienste mit Sonderzahl.
62221;Vj. Index der Tarifverdienste und Arbeitszeiten;JAHR;Jahr;2023;DINSGF;Früheres Bundesgebiet / Neue Länder;DF;Früheres Bundesgebiet;WZ08C7;WZ2008 (ausgewählte Positionen): Tarifindex;WZ08-L;Grundstücks- und Wohnungswesen;106,7;2020=100;VST073;Index d.tarifl. Monatsverdienste mit Sonderzahl.
62221;Vj. Index der Tarifverdienste und Arbeitszeiten;JAHR;Jahr;2023;DINSGF;Früheres Bundesgebiet / Neue Länder;DF;Früheres Bundesgebiet;WZ08C7;WZ2008 (ausgewählte Positionen): Tarifindex;WZ08-L;Grundstücks- und Wohnungswesen;38,1;h;VST019;Durchschnittliche tarifliche Wochenarbeitszeit
62221;Vj. Index der Tarifverdienste und Arbeitszeiten;JAHR;Jahr;2023;DINSGF;Früheres Bundesgebiet / Neue Länder;DF;Früheres Bundesgebiet;WZ08C7;WZ2008 (ausgewählte Positionen): Tarifindex;WZ08-L;Grundstücks- und Wohnungswesen;105,8;2020=100;VST066;Index d.tarifl. Monatsverdienste ohne Sonderzahl.
62221;Vj. Index der Tarifverdienste und Arbeitszeiten;JAHR;Jahr;2023;DINSGF;Früheres Bundesgebiet / Neue Länder;DF;Früheres Bundesgebiet;WZ08C7;WZ2008 (ausgewählte Positionen): Tarifindex;WZ08-L;Grundstücks- und Wohnungswesen;100,0;2020=100;VST018;Index der tariflichen Wochenarbeitszeit
62221;Vj. Index der Tarifverdienste und Arbeitszeiten;JAHR;Jahr;2023;DINSGF;Früheres Bundesgebiet / Neue Länder;DF;Früheres Bundesgebiet;WZ08C7;WZ2008 (ausgewählte Positionen): Tarifindex;WZ08-L;Grundstücks- und Wohnungswesen;105,8;2020=100;VST065;Index d.tarifl. Stundenverdienste ohne Sonderzahl.
62221;Vj. Index der Tarifverdienste und Arbeitszeiten;JAHR;Jahr;2017;DINSGF;Früheres Bundesgebiet / Neue Länder;DF;Früheres Bundesgebiet;WZ08C7;WZ2008 (ausgewählte Positionen): Tarifindex;WZ08-A-03;Gesamtwirtschaft;92,3;2020=100;VST072;Index d.tarifl. Stundenverdienste mit Sonderzahl.
62221;Vj. Index der Tarifverdienste und Arbeitszeiten;JAHR;Jahr;2017;DINSGF;Früheres Bundesgebiet / Neue Länder;DF;Früheres Bundesgebiet;WZ08C7;WZ2008 (ausgewählte Positionen): Tarifindex;WZ08-A-03;Gesamtwirtschaft;92,3;2020=100;VST073;Index d.tarifl. Monatsverdienste mit Sonderzahl.
62221;Vj. Index der Tarifverdienste und Arbeitszeiten;JAHR;Jahr;2017;DINSGF;Früheres Bundesgebiet / Neue Länder;DF;Früheres Bundesgebiet;WZ08C7;WZ2008 (ausgewählte Positionen): Tarifindex;WZ08-A-03;Gesamtwirtschaft;38,4;h;VST019;Durchschnittliche tarifliche Wochenarbeitszeit
62221;Vj. Index der Tarifverdienste und Arbeitszeiten;JAHR;Jahr;2017;DINSGF;Früheres Bundesgebiet / Neue Länder;DF;Früheres Bundesgebiet;WZ08C7;WZ2008 (ausgewählte Positionen): Tarifindex;WZ08-A-03;Gesamtwirtschaft;92,8;2020=100;VST066;Index d.tarifl. Monatsverdienste ohne Sonderzahl.
62221;Vj. Index der Tarifverdienste und Arbeitszeiten;JAHR;Jahr;2017;DINSGF;Früheres Bundesgebiet / Neue Länder;DF;Früheres Bundesgebiet;WZ08C7;WZ2008 (ausgewählte Positionen): Tarifindex;WZ08-A-03;Gesamtwirtschaft;100,0;2020=100;VST018;Index der tariflichen Wochenarbeitszeit
62221;Vj. Index der Tarifverdienste und Arbeitszeiten;JAHR;Jahr;2017;DINSGF;Früheres Bundesgebiet / Neue Länder;DF;Früheres Bundesgebiet;WZ08C7;WZ2008 (ausgewählte Positionen): Tarifindex;WZ08-A-03;Gesamtwirtschaft;92,8;2020=100;VST065;Index d.tarifl. Stundenverdienste ohne Sonderzahl.
62221;Vj. Index der Tarifverdienste und Arbeitszeiten;JAHR;Jahr;2025;DINSGF;Früheres Bundesgebiet / Neue Länder;DN;Neue Länder;WZ08C7;WZ2008 (ausgewählte Positionen): Tarifindex;WZ08-17;Herstellung von Papier, Pappe und Waren daraus;113,3;2020=100;VST072;Index d.tarifl. Stundenverdienste mit Sonderzahl.
62221;Vj. Index der Tarifverdienste und Arbeitszeiten;JAHR;Jahr;2025;DINSGF;Früheres Bundesgebiet / Neue Länder;DN;Neue Länder;WZ08C7;WZ2008 (ausgewählte Positionen): Tarifindex;WZ08-17;Herstellung von Papier, Pappe und Waren daraus;113,3;2020=100;VST073;Index d.tarifl. Monatsverdienste mit Sonderzahl.
62221;Vj. Index der Tarifverdienste und Arbeitszeiten;JAHR;Jahr;2025;DINSGF;Früheres Bundesgebiet / Neue Länder;DN;Neue Länder;WZ08C7;WZ2008 (ausgewählte Positionen): Tarifindex;WZ08-17;Herstellung von Papier, Pappe und Waren daraus;37,8;h;VST019;Durchschnittliche tarifliche Wochenarbeitszeit
62221;Vj. Index der Tarifverdienste und Arbeitszeiten;JAHR;Jahr;2025;DINSGF;Früheres Bundesgebiet / Neue Länder;DN;Neue Länder;WZ08C7;WZ2008 (ausgewählte Positionen): Tarifindex;WZ08-17;Herstellung von Papier, Pappe und Waren daraus;113,7;2020=100;VST066;Index d.tarifl. Monatsverdienste ohne Sonderzahl.
62221;Vj. Index der Tarifverdienste und Arbeitszeiten;JAHR;Jahr;2025;DINSGF;Früheres Bundesgebiet / Neue Länder;DN;Neue Länder;WZ08C7;WZ2008 (ausgewählte Positionen): Tarifindex;WZ08-17;Herstellung von Papier, Pappe und Waren daraus;100,0;2020=100;VST018;Index der tariflichen Wochenarbeitszeit
62221;Vj. Index der Tarifverdienste und Arbeitszeiten;JAHR;Jahr;2025;DINSGF;Früheres Bundesgebiet / Neue Länder;DN;Neue Länder;WZ08C7;WZ2008 (ausgewählte Positionen): Tarifindex;WZ08-17;Herstellung von Papier, Pappe und Waren daraus;113,7;2020=100;VST065;Index d.tarifl. Stundenverdienste ohne Sonderzahl.
62221;Vj. Index der Tarifverdienste und Arbeitszeiten;JAHR;Jahr;2024;DINSGF;Früheres Bundesgebiet / Neue Länder;DN;Neue Länder;WZ08C7;WZ2008 (ausgewählte Positionen): Tarifindex;WZ08-10-01;Ernährungsgewerbe und Tabakverarbeitung;120,1;2020=100;VST072;Index d.tarifl. Stundenverdienste mit Sonderzahl.
62221;Vj. Index der Tarifverdienste und Arbeitszeiten;JAHR;Jahr;2024;DINSGF;Früheres Bundesgebiet / Neue Länder;DN;Neue Länder;WZ08C7;WZ2008 (ausgewählte Positionen): Tarifindex;WZ08-10-01;Ernährungsgewerbe und Tabakverarbeitung;119,3;2020=100;VST073;Index d.tarifl. Monatsverdienste mit Sonderzahl.
62221;Vj. Index der Tarifverdienste und Arbeitszeiten;JAHR;Jahr;2024;DINSGF;Früheres Bundesgebiet / Neue Länder;DN;Neue Länder;WZ08C7;WZ2008 (ausgewählte Positionen): Tarifindex;WZ08-10-01;Ernährungsgewerbe und Tabakverarbeitung;38,5;h;VST019;Durchschnittliche tarifliche Wochenarbeitszeit
62221;Vj. Index der Tarifverdienste und Arbeitszeiten;JAHR;Jahr;2024;DINSGF;Früheres Bundesgebiet / Neue Länder;DN;Neue Länder;WZ08C7;WZ2008 (ausgewählte Positionen): Tarifindex;WZ08-10-01;Ernährungsgewerbe und Tabakverarbeitung;117,2;2020=100;VST066;Index d.tarifl. Monatsverdienste ohne Sonderzahl.
62221;Vj. Index der Tarifverdienste und Arbeitszeiten;JAHR;Jahr;2024;DINSGF;Früheres Bundesgebiet / Neue Länder;DN;Neue Länder;WZ08C7;WZ2008 (ausgewählte Positionen): Tarifindex;WZ08-10-01;Ernährungsgewerbe und Tabakverarbeitung;99,4;2020=100;VST018;Index der tariflichen Wochenarbeitszeit
62221;Vj. Index der Tarifverdienste und Arbeitszeiten;JAHR;Jahr;2024;DINSGF;Früheres Bundesgebiet / Neue Länder;DN;Neue Länder;WZ08C7;WZ2008 (ausgewählte Positionen): Tarifindex;WZ08-10-01;Ernährungsgewerbe und Tabakverarbeitung;117,9;2020=100;VST065;Index d.tarifl. Stundenverdienste ohne Sonderzahl.
62221;Vj. Index der Tarifverdienste und Arbeitszeiten;JAHR;Jahr;2016;DINSGF;Früheres Bundesgebiet / Neue Länder;DF;Früheres Bundesgebiet;WZ08C7;WZ2008 (ausgewählte Positionen): Tarifindex;WZ-X004;Verbrauchsgüterproduzenten;91,4;2020=100;VST072;Index d.tarifl. Stundenverdienste mit Sonderzahl.
62221;Vj. Index der Tarifverdienste und Arbeitszeiten;JAHR;Jahr;2016;DINSGF;Früheres Bundesgebiet / Neue Länder;DF;Früheres Bundesgebiet;WZ08C7;WZ2008 (ausgewählte Positionen): Tarifindex;WZ-X004;Verbrauchsgüterproduzenten;91,4;2020=100;VST073;Index d.tarifl. Monatsverdienste mit Sonderzahl.
62221;Vj. Index der Tarifverdienste und Arbeitszeiten;JAHR;Jahr;2016;DINSGF;Früheres Bundesgebiet / Neue Länder;DF;Früheres Bundesgebiet;WZ08C7;WZ2008 (ausgewählte Positionen): Tarifindex;WZ-X004;Verbrauchsgüterproduzenten;38,0;h;VST019;Durchschnittliche tarifliche Wochenarbeitszeit
62221;Vj. Index der Tarifverdienste und Arbeitszeiten;JAHR;Jahr;2016;DINSGF;Früheres Bundesgebiet / Neue Länder;DF;Früheres Bundesgebiet;WZ08C7;WZ2008 (ausgewählte Positionen): Tarifindex;WZ-X004;Verbrauchsgüterproduzenten;91,6;2020=100;VST066;Index d.tarifl. Monatsverdienste ohne Sonderzahl.
62221;Vj. Index der Tarifverdienste und Arbeitszeiten;JAHR;Jahr;2016;DINSGF;Früheres Bundesgebiet / Neue Länder;DF;Früheres Bundesgebiet;WZ08C7;WZ2008 (ausgewählte Positionen): Tarifindex;WZ-X004;Verbrauchsgüterproduzenten;100,0;2020=100;VST018;Index der tariflichen Wochenarbeitszeit
62221;Vj. Index der Tarifverdienste und Arbeitszeiten;JAHR;Jahr;2016;DINSGF;Früheres Bundesgebiet / Neue Länder;DF;Früheres Bundesgebiet;WZ08C7;WZ2008 (ausgewählte Positionen): Tarifindex;WZ-X004;Verbrauchsgüterproduzenten;91,6;2020=100;VST065;Index d.tarifl. Stundenverdienste ohne Sonderzahl.
62221;Vj. Index der Tarifverdienste und Arbeitszeiten;JAHR;Jahr;2016;DINSGF;Früheres Bundesgebiet / Neue Länder;DF;Früheres Bundesgebiet;WZ08C7;WZ2008 (ausgewählte Positionen): Tarifindex;WZ08-O-01;Öffentliche und persönliche Dienstleistungen;89,4;2020=100;VST072;Index d.tarifl. Stundenverdienste mit Sonderzahl.
62221;Vj. Index der Tarifverdienste und Arbeitszeiten;JAHR;Jahr;2016;DINSGF;Früheres Bundesgebiet / Neue Länder;DF;Früheres Bundesgebiet;WZ08C7;WZ2008 (ausgewählte Positionen): Tarifindex;WZ08-O-01;Öffentliche und persönliche Dienstleistungen;89,4;2020=100;VST073;Index d.tarifl. Monatsverdienste mit Sonderzahl.
62221;Vj. Index der Tarifverdienste und Arbeitszeiten;JAHR;Jahr;2016;DINSGF;Früheres Bundesgebiet / Neue Länder;DF;Früheres Bundesgebiet;WZ08C7;WZ2008 (ausgewählte Positionen): Tarifindex;WZ08-O-01;Öffentliche und persönliche Dienstleistungen;39,7;h;VST019;Durchschnittliche tarifliche Wochenarbeitszeit
62221;Vj. Index der Tarifverdienste und Arbeitszeiten;JAHR;Jahr;2016;DINSGF;Früheres Bundesgebiet / Neue Länder;DF;Früheres Bundesgebiet;WZ08C7;WZ2008 (ausgewählte Positionen): Tarifindex;WZ08-O-01;Öffentliche und persönliche Dienstleistungen;88,9;2020=100;VST066;Index d.tarifl. Monatsverdienste ohne Sonderzahl.
62221;Vj. Index der Tarifverdienste und Arbeitszeiten;JAHR;Jahr;2016;DINSGF;Früheres Bundesgebiet / Neue Länder;DF;Früheres Bundesgebiet;WZ08C7;WZ2008 (ausgewählte Positionen): Tarifindex;WZ08-O-01;Öffentliche und persönliche Dienstleistungen;100,0;2020=100;VST018;Index der tariflichen Wochenarbeitszeit
62221;Vj. Index der Tarifverdienste und Arbeitszeiten;JAHR;Jahr;2016;DINSGF;Früheres Bundesgebiet / Neue Länder;DF;Früheres Bundesgebiet;WZ08C7;WZ2008 (ausgewählte Positionen): Tarifindex;WZ08-O-01;Öffentliche und persönliche Dienstleistungen;88,9;2020=100;VST065;Index d.tarifl. Stundenverdienste ohne Sonderzahl.
62221;Vj. Index der Tarifverdienste und Arbeitszeiten;JAHR;Jahr;2017;DINSGF;Früheres Bundesgebiet / Neue Länder;DF;Früheres Bundesgebiet;WZ08C7;WZ2008 (ausgewählte Positionen): Tarifindex;WZ08-18;H.v. Druckerz., Vervielf.v.Ton-,Bild-,Datenträgern;95,3;2020=100;VST072;Index d.tarifl. Stundenverdienste mit Sonderzahl.
62221;Vj. Index der Tarifverdienste und Arbeitszeiten;JAHR;Jahr;2017;DINSGF;Früheres Bundesgebiet / Neue Länder;DF;Früheres Bundesgebiet;WZ08C7;WZ2008 (ausgewählte Positionen): Tarifindex;WZ08-18;H.v. Druckerz., Vervielf.v.Ton-,Bild-,Datenträgern;95,3;2020=100;VST073;Index d.tarifl. Monatsverdienste mit Sonderzahl.
62221;Vj. Index der Tarifverdienste und Arbeitszeiten;JAHR;Jahr;2017;DINSGF;Früheres Bundesgebiet / Neue Länder;DF;Früheres Bundesgebiet;WZ08C7;WZ2008 (ausgewählte Positionen): Tarifindex;WZ08-18;H.v. Druckerz., Vervielf.v.Ton-,Bild-,Datenträgern;35,3;h;VST019;Durchschnittliche tarifliche Wochenarbeitszeit
62221;Vj. Index der Tarifverdienste und Arbeitszeiten;JAHR;Jahr;2017;DINSGF;Früheres Bundesgebiet / Neue Länder;DF;Früheres Bundesgebiet;WZ08C7;WZ2008 (ausgewählte Positionen): Tarifindex;WZ08-18;H.v. Druckerz., Vervielf.v.Ton-,Bild-,Datenträgern;95,6;2020=100;VST066;Index d.tarifl. Monatsverdienste ohne Sonderzahl.
62221;Vj. Index der Tarifverdienste und Arbeitszeiten;JAHR;Jahr;2017;DINSGF;Früheres Bundesgebiet / Neue Länder;DF;Früheres Bundesgebiet;WZ08C7;WZ2008 (ausgewählte Positionen): Tarifindex;WZ08-18;H.v. Druckerz., Vervielf.v.Ton-,Bild-,Datenträgern;100,0;2020=100;VST018;Index der tariflichen Wochenarbeitszeit
62221;Vj. Index der Tarifverdienste und Arbeitszeiten;JAHR;Jahr;2017;DINSGF;Früheres Bundesgebiet / Neue Länder;DF;Früheres Bundesgebiet;WZ08C7;WZ2008 (ausgewählte Positionen): Tarifindex;WZ08-18;H.v. Druckerz., Vervielf.v.Ton-,Bild-,Datenträgern;95,6;2020=100;VST065;Index d.tarifl. Stundenverdienste ohne Sonderzahl.
62221;Vj. Index der Tarifverdienste und Arbeitszeiten;JAHR;Jahr;2025;DINSGF;Früheres Bundesgebiet / Neue Länder;DN;Neue Länder;WZ08C7;WZ2008 (ausgewählte Positionen): Tarifindex;WZ08-69-02;Rechts- und Steuerberatung, Unternehmensberatung;117,9;2020=100;VST072;Index d.tarifl. Stundenverdienste mit Sonderzahl.
62221;Vj. Index der Tarifverdienste und Arbeitszeiten;JAHR;Jahr;2025;DINSGF;Früheres Bundesgebiet / Neue Länder;DN;Neue Länder;WZ08C7;WZ2008 (ausgewählte Positionen): Tarifindex;WZ08-69-02;Rechts- und Steuerberatung, Unternehmensberatung;117,7;2020=100;VST073;Index d.tarifl. Monatsverdienste mit Sonderzahl.
62221;Vj. Index der Tarifverdienste und Arbeitszeiten;JAHR;Jahr;2025;DINSGF;Früheres Bundesgebiet / Neue Länder;DN;Neue Länder;WZ08C7;WZ2008 (ausgewählte Positionen): Tarifindex;WZ08-69-02;Rechts- und Steuerberatung, Unternehmensberatung;38,3;h;VST019;Durchschnittliche tarifliche Wochenarbeitszeit
62221;Vj. Index der Tarifverdienste und Arbeitszeiten;JAHR;Jahr;2025;DINSGF;Früheres Bundesgebiet / Neue Länder;DN;Neue Länder;WZ08C7;WZ2008 (ausgewählte Positionen): Tarifindex;WZ08-69-02;Rechts- und Steuerberatung, Unternehmensberatung;117,4;2020=100;VST066;Index d.tarifl. Monatsverdienste ohne Sonderzahl.
62221;Vj. Index der Tarifverdienste und Arbeitszeiten;JAHR;Jahr;2025;DINSGF;Früheres Bundesgebiet / Neue Länder;DN;Neue Länder;WZ08C7;WZ2008 (ausgewählte Positionen): Tarifindex;WZ08-69-02;Rechts- und Steuerberatung, Unternehmensberatung;99,9;2020=100;VST018;Index der tariflichen Wochenarbeitszeit
62221;Vj. Index der Tarifverdienste und Arbeitszeiten;JAHR;Jahr;2025;DINSGF;Früheres Bundesgebiet / Neue Länder;DN;Neue Länder;WZ08C7;WZ2008 (ausgewählte Positionen): Tarifindex;WZ08-69-02;Rechts- und Steuerberatung, Unternehmensberatung;117,6;2020=100;VST065;Index d.tarifl. Stundenverdienste ohne Sonderzahl.
62221;Vj. Index der Tarifverdienste und Arbeitszeiten;JAHR;Jahr;2021;DINSGF;Früheres Bundesgebiet / Neue Länder;DN;Neue Länder;WZ08C7;WZ2008 (ausgewählte Positionen): Tarifindex;WZ08-90;Kreative,künstlerische u.unterhaltende Tätigkeiten;100,9;2020=100;VST072;Index d.tarifl. Stundenverdienste mit Sonderzahl.
62221;Vj. Index der Tarifverdienste und Arbeitszeiten;JAHR;Jahr;2021;DINSGF;Früheres Bundesgebiet / Neue Länder;DN;Neue Länder;WZ08C7;WZ2008 (ausgewählte Positionen): Tarifindex;WZ08-90;Kreative,künstlerische u.unterhaltende Tätigkeiten;100,9;2020=100;VST073;Index d.tarifl. Monatsverdienste mit Sonderzahl.
62221;Vj. Index der Tarifverdienste und Arbeitszeiten;JAHR;Jahr;2021;DINSGF;Früheres Bundesgebiet / Neue Länder;DN;Neue Länder;WZ08C7;WZ2008 (ausgewählte Positionen): Tarifindex;WZ08-90;Kreative,künstlerische u.unterhaltende Tätigkeiten;39,0;h;VST019;Durchschnittliche tarifliche Wochenarbeitszeit
62221;Vj. Index der Tarifverdienste und Arbeitszeiten;JAHR;Jahr;2021;DINSGF;Früheres Bundesgebiet / Neue Länder;DN;Neue Länder;WZ08C7;WZ2008 (ausgewählte Positionen): Tarifindex;WZ08-90;Kreative,künstlerische u.unterhaltende Tätigkeiten;101,2;2020=100;VST066;Index d.tarifl. Monatsverdienste ohne Sonderzahl.
62221;Vj. Index der Tarifverdienste und Arbeitszeiten;JAHR;Jahr;2021;DINSGF;Früheres Bundesgebiet / Neue Länder;DN;Neue Länder;WZ08C7;WZ2008 (ausgewählte Positionen): Tarifindex;WZ08-90;Kreative,künstlerische u.unterhaltende Tätigkeiten;100,0;2020=100;VST018;Index der tariflichen Wochenarbeitszeit
62221;Vj. Index der Tarifverdienste und Arbeitszeiten;JAHR;Jahr;2021;DINSGF;Früheres Bundesgebiet / Neue Länder;DN;Neue Länder;WZ08C7;WZ2008 (ausgewählte Positionen): Tarifindex;WZ08-90;Kreative,künstlerische u.unterhaltende Tätigkeiten;101,2;2020=100;VST065;Index d.tarifl. Stundenverdienste ohne Sonderzahl.
62221;Vj. Index der Tarifverdienste und Arbeitszeiten;JAHR;Jahr;2016;DINSGF;Früheres Bundesgebiet / Neue Länder;DF;Früheres Bundesgebiet;WZ08C7;WZ2008 (ausgewählte Positionen): Tarifindex;WZ08-49;Landverkehr und Transport in Rohrfernleitungen;89,0;2020=100;VST072;Index d.tarifl. Stundenverdienste mit Sonderzahl.
62221;Vj. Index der Tarifverdienste und Arbeitszeiten;JAHR;Jahr;2016;DINSGF;Früheres Bundesgebiet / Neue Länder;DF;Früheres Bundesgebiet;WZ08C7;WZ2008 (ausgewählte Positionen): Tarifindex;WZ08-49;Landverkehr und Transport in Rohrfernleitungen;89,1;2020=100;VST073;Index d.tarifl. Monatsverdienste mit Sonderzahl.
62221;Vj. Index der Tarifverdienste und Arbeitszeiten;JAHR;Jahr;2016;DINSGF;Früheres Bundesgebiet / Neue Länder;DF;Früheres Bundesgebiet;WZ08C7;WZ2008 (ausgewählte Positionen): Tarifindex;WZ08-49;Landverkehr und Transport in Rohrfernleitungen;39,1;h;VST019;Durchschnittliche tarifliche Wochenarbeitszeit
62221;Vj. Index der Tarifverdienste und Arbeitszeiten;JAHR;Jahr;2016;DINSGF;Früheres Bundesgebiet / Neue Länder;DF;Früheres Bundesgebiet;WZ08C7;WZ2008 (ausgewählte Positionen): Tarifindex;WZ08-49;Landverkehr und Transport in Rohrfernleitungen;89,4;2020=100;VST066;Index d.tarifl. Monatsverdienste ohne Sonderzahl.
62221;Vj. Index der Tarifverdienste und Arbeitszeiten;JAHR;Jahr;2016;DINSGF;Früheres Bundesgebiet / Neue Länder;DF;Früheres Bundesgebiet;WZ08C7;WZ2008 (ausgewählte Positionen): Tarifindex;WZ08-49;Landverkehr und Transport in Rohrfernleitungen;100,1;2020=100;VST018;Index der tariflichen Wochenarbeitszeit
62221;Vj. Index der Tarifverdienste und Arbeitszeiten;JAHR;Jahr;2016;DINSGF;Früheres Bundesgebiet / Neue Länder;DF;Früheres Bundesgebiet;WZ08C7;WZ2008 (ausgewählte Positionen): Tarifindex;WZ08-49;Landverkehr und Transport in Rohrfernleitungen;89,2;2020=100;VST065;Index d.tarifl. Stundenverdienste ohne Sonderzahl.
62221;Vj. Index der Tarifverdienste und Arbeitszeiten;JAHR;Jahr;2021;DINSGF;Früheres Bundesgebiet / Neue Länder;DN;Neue Länder;WZ08C7;WZ2008 (ausgewählte Positionen): Tarifindex;WZ08-96;Sonstige überwiegend persönliche Dienstleistungen;101,5;2020=100;VST072;Index d.tarifl. Stundenverdienste mit Sonderzahl.
62221;Vj. Index der Tarifverdienste und Arbeitszeiten;JAHR;Jahr;2021;DINSGF;Früheres Bundesgebiet / Neue Länder;DN;Neue Länder;WZ08C7;WZ2008 (ausgewählte Positionen): Tarifindex;WZ08-96;Sonstige überwiegend persönliche Dienstleistungen;101,5;2020=100;VST073;Index d.tarifl. Monatsverdienste mit Sonderzahl.
62221;Vj. Index der Tarifverdienste und Arbeitszeiten;JAHR;Jahr;2021;DINSGF;Früheres Bundesgebiet / Neue Länder;DN;Neue Länder;WZ08C7;WZ2008 (ausgewählte Positionen): Tarifindex;WZ08-96;Sonstige überwiegend persönliche Dienstleistungen;38,7;h;VST019;Durchschnittliche tarifliche Wochenarbeitszeit
62221;Vj. Index der Tarifverdienste und Arbeitszeiten;JAHR;Jahr;2021;DINSGF;Früheres Bundesgebiet / Neue Länder;DN;Neue Länder;WZ08C7;WZ2008 (ausgewählte Positionen): Tarifindex;WZ08-96;Sonstige überwiegend persönliche Dienstleistungen;101,9;2020=100;VST066;Index d.tarifl. Monatsverdienste ohne Sonderzahl.
62221;Vj. Index der Tarifverdienste und Arbeitszeiten;JAHR;Jahr;2021;DINSGF;Früheres Bundesgebiet / Neue Länder;DN;Neue Länder;WZ08C7;WZ2008 (ausgewählte Positionen): Tarifindex;WZ08-96;Sonstige überwiegend persönliche Dienstleistungen;100,0;2020=100;VST018;Index der tariflichen Wochenarbeitszeit
62221;Vj. Index der Tarifverdienste und Arbeitszeiten;JAHR;Jahr;2021;DINSGF;Früheres Bundesgebiet / Neue Länder;DN;Neue Länder;WZ08C7;WZ2008 (ausgewählte Positionen): Tarifindex;WZ08-96;Sonstige überwiegend persönliche Dienstleistungen;101,9;2020=100;VST065;Index d.tarifl. Stundenverdienste ohne Sonderzahl.
62221;Vj. Index der Tarifverdienste und Arbeitszeiten;JAHR;Jahr;2016;DINSGF;Früheres Bundesgebiet / Neue Länder;DF;Früheres Bundesgebiet;WZ08C7;WZ2008 (ausgewählte Positionen): Tarifindex;WZ08-58;Verlagswesen;93,9;2020=100;VST072;Index d.tarifl. Stundenverdienste mit Sonderzahl.
62221;Vj. Index der Tarifverdienste und Arbeitszeiten;JAHR;Jahr;2016;DINSGF;Früheres Bundesgebiet / Neue Länder;DF;Früheres Bundesgebiet;WZ08C7;WZ2008 (ausgewählte Positionen): Tarifindex;WZ08-58;Verlagswesen;93,9;2020=100;VST073;Index d.tarifl. Monatsverdienste mit Sonderzahl.
62221;Vj. Index der Tarifverdienste und Arbeitszeiten;JAHR;Jahr;2016;DINSGF;Früheres Bundesgebiet / Neue Länder;DF;Früheres Bundesgebiet;WZ08C7;WZ2008 (ausgewählte Positionen): Tarifindex;WZ08-58;Verlagswesen;35,9;h;VST019;Durchschnittliche tarifliche Wochenarbeitszeit
62221;Vj. Index der Tarifverdienste und Arbeitszeiten;JAHR;Jahr;2016;DINSGF;Früheres Bundesgebiet / Neue Länder;DF;Früheres Bundesgebiet;WZ08C7;WZ2008 (ausgewählte Positionen): Tarifindex;WZ08-58;Verlagswesen;93,7;2020=100;VST066;Index d.tarifl. Monatsverdienste ohne Sonderzahl.
62221;Vj. Index der Tarifverdienste und Arbeitszeiten;JAHR;Jahr;2016;DINSGF;Früheres Bundesgebiet / Neue Länder;DF;Früheres Bundesgebiet;WZ08C7;WZ2008 (ausgewählte Positionen): Tarifindex;WZ08-58;Verlagswesen;100,0;2020=100;VST018;Index der tariflichen Wochenarbeitszeit
62221;Vj. Index der Tarifverdienste und Arbeitszeiten;JAHR;Jahr;2016;DINSGF;Früheres Bundesgebiet / Neue Länder;DF;Früheres Bundesgebiet;WZ08C7;WZ2008 (ausgewählte Positionen): Tarifindex;WZ08-58;Verlagswesen;93,7;2020=100;VST065;Index d.tarifl. Stundenverdienste ohne Sonderzahl.
62221;Vj. Index der Tarifverdienste und Arbeitszeiten;JAHR;Jahr;2017;DINSGF;Früheres Bundesgebiet / Neue Länder;DF;Früheres Bundesgebiet;WZ08C7;WZ2008 (ausgewählte Positionen): Tarifindex;WZ08-12;Tabakverarbeitung;93,5;2020=100;VST072;Index d.tarifl. Stundenverdienste mit Sonderzahl.
62221;Vj. Index der Tarifverdienste und Arbeitszeiten;JAHR;Jahr;2017;DINSGF;Früheres Bundesgebiet / Neue Länder;DF;Früheres Bundesgebiet;WZ08C7;WZ2008 (ausgewählte Positionen): Tarifindex;WZ08-12;Tabakverarbeitung;93,5;2020=100;VST073;Index d.tarifl. Monatsverdienste mit Sonderzahl.
62221;Vj. Index der Tarifverdienste und Arbeitszeiten;JAHR;Jahr;2017;DINSGF;Früheres Bundesgebiet / Neue Länder;DF;Früheres Bundesgebiet;WZ08C7;WZ2008 (ausgewählte Positionen): Tarifindex;WZ08-12;Tabakverarbeitung;37,6;h;VST019;Durchschnittliche tarifliche Wochenarbeitszeit
62221;Vj. Index der Tarifverdienste und Arbeitszeiten;JAHR;Jahr;2017;DINSGF;Früheres Bundesgebiet / Neue Länder;DF;Früheres Bundesgebiet;WZ08C7;WZ2008 (ausgewählte Positionen): Tarifindex;WZ08-12;Tabakverarbeitung;92,7;2020=100;VST066;Index d.tarifl. Monatsverdienste ohne Sonderzahl.
62221;Vj. Index der Tarifverdienste und Arbeitszeiten;JAHR;Jahr;2017;DINSGF;Früheres Bundesgebiet / Neue Länder;DF;Früheres Bundesgebiet;WZ08C7;WZ2008 (ausgewählte Positionen): Tarifindex;WZ08-12;Tabakverarbeitung;100,0;2020=100;VST018;Index der tariflichen Wochenarbeitszeit
62221;Vj. Index der Tarifverdienste und Arbeitszeiten;JAHR;Jahr;2017;DINSGF;Früheres Bundesgebiet / Neue Länder;DF;Früheres Bundesgebiet;WZ08C7;WZ2008 (ausgewählte Positionen): Tarifindex;WZ08-12;Tabakverarbeitung;92,7;2020=100;VST065;Index d.tarifl. Stundenverdienste ohne Sonderzahl.
62221;Vj. Index der Tarifverdienste und Arbeitszeiten;JAHR;Jahr;2023;DINSGF;Früheres Bundesgebiet / Neue Länder;DF;Früheres Bundesgebiet;WZ08C7;WZ2008 (ausgewählte Positionen): Tarifindex;WZ08-19;Kokerei und Mineralölverarbeitung;108,9;2020=100;VST072;Index d.tarifl. Stundenverdienste mit Sonderzahl.
62221;Vj. Index der Tarifverdienste und Arbeitszeiten;JAHR;Jahr;2023;DINSGF;Früheres Bundesgebiet / Neue Länder;DF;Früheres Bundesgebiet;WZ08C7;WZ2008 (ausgewählte Positionen): Tarifindex;WZ08-19;Kokerei und Mineralölverarbeitung;108,9;2020=100;VST073;Index d.tarifl. Monatsverdienste mit Sonderzahl.
62221;Vj. Index der Tarifverdienste und Arbeitszeiten;JAHR;Jahr;2023;DINSGF;Früheres Bundesgebiet / Neue Länder;DF;Früheres Bundesgebiet;WZ08C7;WZ2008 (ausgewählte Positionen): Tarifindex;WZ08-19;Kokerei und Mineralölverarbeitung;37,4;h;VST019;Durchschnittliche tarifliche Wochenarbeitszeit
62221;Vj. Index der Tarifverdienste und Arbeitszeiten;JAHR;Jahr;2023;DINSGF;Früheres Bundesgebiet / Neue Länder;DF;Früheres Bundesgebiet;WZ08C7;WZ2008 (ausgewählte Positionen): Tarifindex;WZ08-19;Kokerei und Mineralölverarbeitung;105,8;2020=100;VST066;Index d.tarifl. Monatsverdienste ohne Sonderzahl.
62221;Vj. Index der Tarifverdienste und Arbeitszeiten;JAHR;Jahr;2023;DINSGF;Früheres Bundesgebiet / Neue Länder;DF;Früheres Bundesgebiet;WZ08C7;WZ2008 (ausgewählte Positionen): Tarifindex;WZ08-19;Kokerei und Mineralölverarbeitung;100,0;2020=100;VST018;Index der tariflichen Wochenarbeitszeit
62221;Vj. Index der Tarifverdienste und Arbeitszeiten;JAHR;Jahr;2023;DINSGF;Früheres Bundesgebiet / Neue Länder;DF;Früheres Bundesgebiet;WZ08C7;WZ2008 (ausgewählte Positionen): Tarifindex;WZ08-19;Kokerei und Mineralölverarbeitung;105,8;2020=100;VST065;Index d.tarifl. Stundenverdienste ohne Sonderzahl.
62221;Vj. Index der Tarifverdienste und Arbeitszeiten;JAHR;Jahr;2017;DINSGF;Früheres Bundesgebiet / Neue Länder;DF;Früheres Bundesgebiet;WZ08C7;WZ2008 (ausgewählte Positionen): Tarifindex;WZ08-27;Herstellung von elektrischen Ausrüstungen;93,0;2020=100;VST072;Index d.tarifl. Stundenverdienste mit Sonderzahl.
62221;Vj. Index der Tarifverdienste und Arbeitszeiten;JAHR;Jahr;2017;DINSGF;Früheres Bundesgebiet / Neue Länder;DF;Früheres Bundesgebiet;WZ08C7;WZ2008 (ausgewählte Positionen): Tarifindex;WZ08-27;Herstellung von elektrischen Ausrüstungen;93,0;2020=100;VST073;Index d.tarifl. Monatsverdienste mit Sonderzahl.
62221;Vj. Index der Tarifverdienste und Arbeitszeiten;JAHR;Jahr;2017;DINSGF;Früheres Bundesgebiet / Neue Länder;DF;Früheres Bundesgebiet;WZ08C7;WZ2008 (ausgewählte Positionen): Tarifindex;WZ08-27;Herstellung von elektrischen Ausrüstungen;35,1;h;VST019;Durchschnittliche tarifliche Wochenarbeitszeit
62221;Vj. Index der Tarifverdienste und Arbeitszeiten;JAHR;Jahr;2017;DINSGF;Früheres Bundesgebiet / Neue Länder;DF;Früheres Bundesgebiet;WZ08C7;WZ2008 (ausgewählte Positionen): Tarifindex;WZ08-27;Herstellung von elektrischen Ausrüstungen;95,4;2020=100;VST066;Index d.tarifl. Monatsverdienste ohne Sonderzahl.
62221;Vj. Index der Tarifverdienste und Arbeitszeiten;JAHR;Jahr;2017;DINSGF;Früheres Bundesgebiet / Neue Länder;DF;Früheres Bundesgebiet;WZ08C7;WZ2008 (ausgewählte Positionen): Tarifindex;WZ08-27;Herstellung von elektrischen Ausrüstungen;100,0;2020=100;VST018;Index der tariflichen Wochenarbeitszeit
62221;Vj. Index der Tarifverdienste und Arbeitszeiten;JAHR;Jahr;2017;DINSGF;Früheres Bundesgebiet / Neue Länder;DF;Früheres Bundesgebiet;WZ08C7;WZ2008 (ausgewählte Positionen): Tarifindex;WZ08-27;Herstellung von elektrischen Ausrüstungen;95,4;2020=100;VST065;Index d.tarifl. Stundenverdienste ohne Sonderzahl.
62221;Vj. Index der Tarifverdienste und Arbeitszeiten;JAHR;Jahr;2017;DINSGF;Früheres Bundesgebiet / Neue Länder;DF;Früheres Bundesgebiet;WZ08C7;WZ2008 (ausgewählte Positionen): Tarifindex;WZ08-36;Wasserversorgung;92,3;2020=100;VST072;Index d.tarifl. Stundenverdienste mit Sonderzahl.
62221;Vj. Index der Tarifverdienste und Arbeitszeiten;JAHR;Jahr;2017;DINSGF;Früheres Bundesgebiet / Neue Länder;DF;Früheres Bundesgebiet;WZ08C7;WZ2008 (ausgewählte Positionen): Tarifindex;WZ08-36;Wasserversorgung;92,3;2020=100;VST073;Index d.tarifl. Monatsverdienste mit Sonderzahl.
62221;Vj. Index der Tarifverdienste und Arbeitszeiten;JAHR;Jahr;2017;DINSGF;Früheres Bundesgebiet / Neue Länder;DF;Früheres Bundesgebiet;WZ08C7;WZ2008 (ausgewählte Positionen): Tarifindex;WZ08-36;Wasserversorgung;39,0;h;VST019;Durchschnittliche tarifliche Wochenarbeitszeit
62221;Vj. Index der Tarifverdienste und Arbeitszeiten;JAHR;Jahr;2017;DINSGF;Früheres Bundesgebiet / Neue Länder;DF;Früheres Bundesgebiet;WZ08C7;WZ2008 (ausgewählte Positionen): Tarifindex;WZ08-36;Wasserversorgung;93,0;2020=100;VST066;Index d.tarifl. Monatsverdienste ohne Sonderzahl.
62221;Vj. Index der Tarifverdienste und Arbeitszeiten;JAHR;Jahr;2017;DINSGF;Früheres Bundesgebiet / Neue Länder;DF;Früheres Bundesgebiet;WZ08C7;WZ2008 (ausgewählte Positionen): Tarifindex;WZ08-36;Wasserversorgung;100,0;2020=100;VST018;Index der tariflichen Wochenarbeitszeit
62221;Vj. Index der Tarifverdienste und Arbeitszeiten;JAHR;Jahr;2017;DINSGF;Früheres Bundesgebiet / Neue Länder;DF;Früheres Bundesgebiet;WZ08C7;WZ2008 (ausgewählte Positionen): Tarifindex;WZ08-36;Wasserversorgung;93,0;2020=100;VST065;Index d.tarifl. Stundenverdienste ohne Sonderzahl.
62221;Vj. Index der Tarifverdienste und Arbeitszeiten;JAHR;Jahr;2023;DINSGF;Früheres Bundesgebiet / Neue Länder;DF;Früheres Bundesgebiet;WZ08C7;WZ2008 (ausgewählte Positionen): Tarifindex;WZ08-22;Herstellung von Gummi- und Kunststoffwaren;107,8;2020=100;VST072;Index d.tarifl. Stundenverdienste mit Sonderzahl.
62221;Vj. Index der Tarifverdienste und Arbeitszeiten;JAHR;Jahr;2023;DINSGF;Früheres Bundesgebiet / Neue Länder;DF;Früheres Bundesgebiet;WZ08C7;WZ2008 (ausgewählte Positionen): Tarifindex;WZ08-22;Herstellung von Gummi- und Kunststoffwaren;107,8;2020=100;VST073;Index d.tarifl. Monatsverdienste mit Sonderzahl.
62221;Vj. Index der Tarifverdienste und Arbeitszeiten;JAHR;Jahr;2023;DINSGF;Früheres Bundesgebiet / Neue Länder;DF;Früheres Bundesgebiet;WZ08C7;WZ2008 (ausgewählte Positionen): Tarifindex;WZ08-22;Herstellung von Gummi- und Kunststoffwaren;36,9;h;VST019;Durchschnittliche tarifliche Wochenarbeitszeit
62221;Vj. Index der Tarifverdienste und Arbeitszeiten;JAHR;Jahr;2023;DINSGF;Früheres Bundesgebiet / Neue Länder;DF;Früheres Bundesgebiet;WZ08C7;WZ2008 (ausgewählte Positionen): Tarifindex;WZ08-22;Herstellung von Gummi- und Kunststoffwaren;104,7;2020=100;VST066;Index d.tarifl. Monatsverdienste ohne Sonderzahl.
62221;Vj. Index der Tarifverdienste und Arbeitszeiten;JAHR;Jahr;2023;DINSGF;Früheres Bundesgebiet / Neue Länder;DF;Früheres Bundesgebiet;WZ08C7;WZ2008 (ausgewählte Positionen): Tarifindex;WZ08-22;Herstellung von Gummi- und Kunststoffwaren;100,0;2020=100;VST018;Index der tariflichen Wochenarbeitszeit
62221;Vj. Index der Tarifverdienste und Arbeitszeiten;JAHR;Jahr;2023;DINSGF;Früheres Bundesgebiet / Neue Länder;DF;Früheres Bundesgebiet;WZ08C7;WZ2008 (ausgewählte Positionen): Tarifindex;WZ08-22;Herstellung von Gummi- und Kunststoffwaren;104,7;2020=100;VST065;Index d.tarifl. Stundenverdienste ohne Sonderzahl.
62221;Vj. Index der Tarifverdienste und Arbeitszeiten;JAHR;Jahr;2021;DINSGF;Früheres Bundesgebiet / Neue Länder;DF;Früheres Bundesgebiet;WZ08C7;WZ2008 (ausgewählte Positionen): Tarifindex;WZ08-D-06;Energie- und Wasserversorgung;101,7;2020=100;VST072;Index d.tarifl. Stundenverdienste mit Sonderzahl.
62221;Vj. Index der Tarifverdienste und Arbeitszeiten;JAHR;Jahr;2021;DINSGF;Früheres Bundesgebiet / Neue Länder;DF;Früheres Bundesgebiet;WZ08C7;WZ2008 (ausgewählte Positionen): Tarifindex;WZ08-D-06;Energie- und Wasserversorgung;101,7;2020=100;VST073;Index d.tarifl. Monatsverdienste mit Sonderzahl.
62221;Vj. Index der Tarifverdienste und Arbeitszeiten;JAHR;Jahr;2021;DINSGF;Früheres Bundesgebiet / Neue Länder;DF;Früheres Bundesgebiet;WZ08C7;WZ2008 (ausgewählte Positionen): Tarifindex;WZ08-D-06;Energie- und Wasserversorgung;38,3;h;VST019;Durchschnittliche tarifliche Wochenarbeitszeit
62221;Vj. Index der Tarifverdienste und Arbeitszeiten;JAHR;Jahr;2021;DINSGF;Früheres Bundesgebiet / Neue Länder;DF;Früheres Bundesgebiet;WZ08C7;WZ2008 (ausgewählte Positionen): Tarifindex;WZ08-D-06;Energie- und Wasserversorgung;101,7;2020=100;VST066;Index d.tarifl. Monatsverdienste ohne Sonderzahl.
62221;Vj. Index der Tarifverdienste und Arbeitszeiten;JAHR;Jahr;2021;DINSGF;Früheres Bundesgebiet / Neue Länder;DF;Früheres Bundesgebiet;WZ08C7;WZ2008 (ausgewählte Positionen): Tarifindex;WZ08-D-06;Energie- und Wasserversorgung;100,0;2020=100;VST018;Index der tariflichen Wochenarbeitszeit
62221;Vj. Index der Tarifverdienste und Arbeitszeiten;JAHR;Jahr;2021;DINSGF;Früheres Bundesgebiet / Neue Länder;DF;Früheres Bundesgebiet;WZ08C7;WZ2008 (ausgewählte Positionen): Tarifindex;WZ08-D-06;Energie- und Wasserversorgung;101,7;2020=100;VST065;Index d.tarifl. Stundenverdienste ohne Sonderzahl.
62221;Vj. Index der Tarifverdienste und Arbeitszeiten;JAHR;Jahr;2017;DINSGF;Früheres Bundesgebiet / Neue Länder;DF;Früheres Bundesgebiet;WZ08C7;WZ2008 (ausgewählte Positionen): Tarifindex;WZ08-30;Sonstiger Fahrzeugbau;93,0;2020=100;VST072;Index d.tarifl. Stundenverdienste mit Sonderzahl.
62221;Vj. Index der Tarifverdienste und Arbeitszeiten;JAHR;Jahr;2017;DINSGF;Früheres Bundesgebiet / Neue Länder;DF;Früheres Bundesgebiet;WZ08C7;WZ2008 (ausgewählte Positionen): Tarifindex;WZ08-30;Sonstiger Fahrzeugbau;93,0;2020=100;VST073;Index d.tarifl. Monatsverdienste mit Sonderzahl.
62221;Vj. Index der Tarifverdienste und Arbeitszeiten;JAHR;Jahr;2017;DINSGF;Früheres Bundesgebiet / Neue Länder;DF;Früheres Bundesgebiet;WZ08C7;WZ2008 (ausgewählte Positionen): Tarifindex;WZ08-30;Sonstiger Fahrzeugbau;35,1;h;VST019;Durchschnittliche tarifliche Wochenarbeitszeit
62221;Vj. Index der Tarifverdienste und Arbeitszeiten;JAHR;Jahr;2017;DINSGF;Früheres Bundesgebiet / Neue Länder;DF;Früheres Bundesgebiet;WZ08C7;WZ2008 (ausgewählte Positionen): Tarifindex;WZ08-30;Sonstiger Fahrzeugbau;95,4;2020=100;VST066;Index d.tarifl. Monatsverdienste ohne Sonderzahl.
62221;Vj. Index der Tarifverdienste und Arbeitszeiten;JAHR;Jahr;2017;DINSGF;Früheres Bundesgebiet / Neue Länder;DF;Früheres Bundesgebiet;WZ08C7;WZ2008 (ausgewählte Positionen): Tarifindex;WZ08-30;Sonstiger Fahrzeugbau;100,0;2020=100;VST018;Index der tariflichen Wochenarbeitszeit
62221;Vj. Index der Tarifverdienste und Arbeitszeiten;JAHR;Jahr;2017;DINSGF;Früheres Bundesgebiet / Neue Länder;DF;Früheres Bundesgebiet;WZ08C7;WZ2008 (ausgewählte Positionen): Tarifindex;WZ08-30;Sonstiger Fahrzeugbau;95,4;2020=100;VST065;Index d.tarifl. Stundenverdienste ohne Sonderzahl.
62221;Vj. Index der Tarifverdienste und Arbeitszeiten;JAHR;Jahr;2024;DINSGF;Früheres Bundesgebiet / Neue Länder;DF;Früheres Bundesgebiet;WZ08C7;WZ2008 (ausgewählte Positionen): Tarifindex;WZ08-B;Bergbau und Gewinnung von Steinen und Erden;111,3;2020=100;VST072;Index d.tarifl. Stundenverdienste mit Sonderzahl.
62221;Vj. Index der Tarifverdienste und Arbeitszeiten;JAHR;Jahr;2024;DINSGF;Früheres Bundesgebiet / Neue Länder;DF;Früheres Bundesgebiet;WZ08C7;WZ2008 (ausgewählte Positionen): Tarifindex;WZ08-B;Bergbau und Gewinnung von Steinen und Erden;111,2;2020=100;VST073;Index d.tarifl. Monatsverdienste mit Sonderzahl.
62221;Vj. Index der Tarifverdienste und Arbeitszeiten;JAHR;Jahr;2024;DINSGF;Früheres Bundesgebiet / Neue Länder;DF;Früheres Bundesgebiet;WZ08C7;WZ2008 (ausgewählte Positionen): Tarifindex;WZ08-B;Bergbau und Gewinnung von Steinen und Erden;38,6;h;VST019;Durchschnittliche tarifliche Wochenarbeitszeit
62221;Vj. Index der Tarifverdienste und Arbeitszeiten;JAHR;Jahr;2024;DINSGF;Früheres Bundesgebiet / Neue Länder;DF;Früheres Bundesgebiet;WZ08C7;WZ2008 (ausgewählte Positionen): Tarifindex;WZ08-B;Bergbau und Gewinnung von Steinen und Erden;109,7;2020=100;VST066;Index d.tarifl. Monatsverdienste ohne Sonderzahl.
62221;Vj. Index der Tarifverdienste und Arbeitszeiten;JAHR;Jahr;2024;DINSGF;Früheres Bundesgebiet / Neue Länder;DF;Früheres Bundesgebiet;WZ08C7;WZ2008 (ausgewählte Positionen): Tarifindex;WZ08-B;Bergbau und Gewinnung von Steinen und Erden;100,0;2020=100;VST018;Index der tariflichen Wochenarbeitszeit
62221;Vj. Index der Tarifverdienste und Arbeitszeiten;JAHR;Jahr;2024;DINSGF;Früheres Bundesgebiet / Neue Länder;DF;Früheres Bundesgebiet;WZ08C7;WZ2008 (ausgewählte Positionen): Tarifindex;WZ08-B;Bergbau und Gewinnung von Steinen und Erden;109,8;2020=100;VST065;Index d.tarifl. Stundenverdienste ohne Sonderzahl.
62221;Vj. Index der Tarifverdienste und Arbeitszeiten;JAHR;Jahr;2018;DINSGF;Früheres Bundesgebiet / Neue Länder;DN;Neue Länder;WZ08C7;WZ2008 (ausgewählte Positionen): Tarifindex;WZ08-N;Sonstige wirtschaftliche Dienstleistungen;93,7;2020=100;VST072;Index d.tarifl. Stundenverdienste mit Sonderzahl.
62221;Vj. Index der Tarifverdienste und Arbeitszeiten;JAHR;Jahr;2018;DINSGF;Früheres Bundesgebiet / Neue Länder;DN;Neue Länder;WZ08C7;WZ2008 (ausgewählte Positionen): Tarifindex;WZ08-N;Sonstige wirtschaftliche Dienstleistungen;93,7;2020=100;VST073;Index d.tarifl. Monatsverdienste mit Sonderzahl.
62221;Vj. Index der Tarifverdienste und Arbeitszeiten;JAHR;Jahr;2018;DINSGF;Früheres Bundesgebiet / Neue Länder;DN;Neue Länder;WZ08C7;WZ2008 (ausgewählte Positionen): Tarifindex;WZ08-N;Sonstige wirtschaftliche Dienstleistungen;36,8;h;VST019;Durchschnittliche tarifliche Wochenarbeitszeit
62221;Vj. Index der Tarifverdienste und Arbeitszeiten;JAHR;Jahr;2018;DINSGF;Früheres Bundesgebiet / Neue Länder;DN;Neue Länder;WZ08C7;WZ2008 (ausgewählte Positionen): Tarifindex;WZ08-N;Sonstige wirtschaftliche Dienstleistungen;93,6;2020=100;VST066;Index d.tarifl. Monatsverdienste ohne Sonderzahl.
62221;Vj. Index der Tarifverdienste und Arbeitszeiten;JAHR;Jahr;2018;DINSGF;Früheres Bundesgebiet / Neue Länder;DN;Neue Länder;WZ08C7;WZ2008 (ausgewählte Positionen): Tarifindex;WZ08-N;Sonstige wirtschaftliche Dienstleistungen;100,0;2020=100;VST018;Index der tariflichen Wochenarbeitszeit
62221;Vj. Index der Tarifverdienste und Arbeitszeiten;JAHR;Jahr;2018;DINSGF;Früheres Bundesgebiet / Neue Länder;DN;Neue Länder;WZ08C7;WZ2008 (ausgewählte Positionen): Tarifindex;WZ08-N;Sonstige wirtschaftliche Dienstleistungen;93,6;2020=100;VST065;Index d.tarifl. Stundenverdienste ohne Sonderzahl.
62221;Vj. Index der Tarifverdienste und Arbeitszeiten;JAHR;Jahr;2024;DINSGF;Früheres Bundesgebiet / Neue Länder;DF;Früheres Bundesgebiet;WZ08C7;WZ2008 (ausgewählte Positionen): Tarifindex;WZ08-H;Verkehr und Lagerei;113,9;2020=100;VST072;Index d.tarifl. Stundenverdienste mit Sonderzahl.
62221;Vj. Index der Tarifverdienste und Arbeitszeiten;JAHR;Jahr;2024;DINSGF;Früheres Bundesgebiet / Neue Länder;DF;Früheres Bundesgebiet;WZ08C7;WZ2008 (ausgewählte Positionen): Tarifindex;WZ08-H;Verkehr und Lagerei;113,6;2020=100;VST073;Index d.tarifl. Monatsverdienste mit Sonderzahl.
62221;Vj. Index der Tarifverdienste und Arbeitszeiten;JAHR;Jahr;2024;DINSGF;Früheres Bundesgebiet / Neue Länder;DF;Früheres Bundesgebiet;WZ08C7;WZ2008 (ausgewählte Positionen): Tarifindex;WZ08-H;Verkehr und Lagerei;38,9;h;VST019;Durchschnittliche tarifliche Wochenarbeitszeit
62221;Vj. Index der Tarifverdienste und Arbeitszeiten;JAHR;Jahr;2024;DINSGF;Früheres Bundesgebiet / Neue Länder;DF;Früheres Bundesgebiet;WZ08C7;WZ2008 (ausgewählte Positionen): Tarifindex;WZ08-H;Verkehr und Lagerei;112,2;2020=100;VST066;Index d.tarifl. Monatsverdienste ohne Sonderzahl.
62221;Vj. Index der Tarifverdienste und Arbeitszeiten;JAHR;Jahr;2024;DINSGF;Früheres Bundesgebiet / Neue Länder;DF;Früheres Bundesgebiet;WZ08C7;WZ2008 (ausgewählte Positionen): Tarifindex;WZ08-H;Verkehr und Lagerei;99,8;2020=100;VST018;Index der tariflichen Wochenarbeitszeit
62221;Vj. Index der Tarifverdienste und Arbeitszeiten;JAHR;Jahr;2024;DINSGF;Früheres Bundesgebiet / Neue Länder;DF;Früheres Bundesgebiet;WZ08C7;WZ2008 (ausgewählte Positionen): Tarifindex;WZ08-H;Verkehr und Lagerei;112,4;2020=100;VST065;Index d.tarifl. Stundenverdienste ohne Sonderzahl.
62221;Vj. Index der Tarifverdienste und Arbeitszeiten;JAHR;Jahr;2019;DINSGF;Früheres Bundesgebiet / Neue Länder;DN;Neue Länder;WZ08C7;WZ2008 (ausgewählte Positionen): Tarifindex;WZ08-24-02;Metall- und Elektroindustrie;99,7;2020=100;VST072;Index d.tarifl. Stundenverdienste mit Sonderzahl.
62221;Vj. Index der Tarifverdienste und Arbeitszeiten;JAHR;Jahr;2019;DINSGF;Früheres Bundesgebiet / Neue Länder;DN;Neue Länder;WZ08C7;WZ2008 (ausgewählte Positionen): Tarifindex;WZ08-24-02;Metall- und Elektroindustrie;99,7;2020=100;VST073;Index d.tarifl. Monatsverdienste mit Sonderzahl.
62221;Vj. Index der Tarifverdienste und Arbeitszeiten;JAHR;Jahr;2019;DINSGF;Früheres Bundesgebiet / Neue Länder;DN;Neue Länder;WZ08C7;WZ2008 (ausgewählte Positionen): Tarifindex;WZ08-24-02;Metall- und Elektroindustrie;37,6;h;VST019;Durchschnittliche tarifliche Wochenarbeitszeit
62221;Vj. Index der Tarifverdienste und Arbeitszeiten;JAHR;Jahr;2019;DINSGF;Früheres Bundesgebiet / Neue Länder;DN;Neue Länder;WZ08C7;WZ2008 (ausgewählte Positionen): Tarifindex;WZ08-24-02;Metall- und Elektroindustrie;99,7;2020=100;VST066;Index d.tarifl. Monatsverdienste ohne Sonderzahl.
62221;Vj. Index der Tarifverdienste und Arbeitszeiten;JAHR;Jahr;2019;DINSGF;Früheres Bundesgebiet / Neue Länder;DN;Neue Länder;WZ08C7;WZ2008 (ausgewählte Positionen): Tarifindex;WZ08-24-02;Metall- und Elektroindustrie;100,0;2020=100;VST018;Index der tariflichen Wochenarbeitszeit
62221;Vj. Index der Tarifverdienste und Arbeitszeiten;JAHR;Jahr;2019;DINSGF;Früheres Bundesgebiet / Neue Länder;DN;Neue Länder;WZ08C7;WZ2008 (ausgewählte Positionen): Tarifindex;WZ08-24-02;Metall- und Elektroindustrie;99,6;2020=100;VST065;Index d.tarifl. Stundenverdienste ohne Sonderzahl.
62221;Vj. Index der Tarifverdienste und Arbeitszeiten;JAHR;Jahr;2025;DINSGF;Früheres Bundesgebiet / Neue Länder;DF;Früheres Bundesgebiet;WZ08C7;WZ2008 (ausgewählte Positionen): Tarifindex;WZ08-49;Landverkehr und Transport in Rohrfernleitungen;119,9;2020=100;VST072;Index d.tarifl. Stundenverdienste mit Sonderzahl.
62221;Vj. Index der Tarifverdienste und Arbeitszeiten;JAHR;Jahr;2025;DINSGF;Früheres Bundesgebiet / Neue Länder;DF;Früheres Bundesgebiet;WZ08C7;WZ2008 (ausgewählte Positionen): Tarifindex;WZ08-49;Landverkehr und Transport in Rohrfernleitungen;118,5;2020=100;VST073;Index d.tarifl. Monatsverdienste mit Sonderzahl.
62221;Vj. Index der Tarifverdienste und Arbeitszeiten;JAHR;Jahr;2025;DINSGF;Früheres Bundesgebiet / Neue Länder;DF;Früheres Bundesgebiet;WZ08C7;WZ2008 (ausgewählte Positionen): Tarifindex;WZ08-49;Landverkehr und Transport in Rohrfernleitungen;38,7;h;VST019;Durchschnittliche tarifliche Wochenarbeitszeit
62221;Vj. Index der Tarifverdienste und Arbeitszeiten;JAHR;Jahr;2025;DINSGF;Früheres Bundesgebiet / Neue Länder;DF;Früheres Bundesgebiet;WZ08C7;WZ2008 (ausgewählte Positionen): Tarifindex;WZ08-49;Landverkehr und Transport in Rohrfernleitungen;118,0;2020=100;VST066;Index d.tarifl. Monatsverdienste ohne Sonderzahl.
62221;Vj. Index der Tarifverdienste und Arbeitszeiten;JAHR;Jahr;2025;DINSGF;Früheres Bundesgebiet / Neue Länder;DF;Früheres Bundesgebiet;WZ08C7;WZ2008 (ausgewählte Positionen): Tarifindex;WZ08-49;Landverkehr und Transport in Rohrfernleitungen;98,9;2020=100;VST018;Index der tariflichen Wochenarbeitszeit
62221;Vj. Index der Tarifverdienste und Arbeitszeiten;JAHR;Jahr;2025;DINSGF;Früheres Bundesgebiet / Neue Länder;DF;Früheres Bundesgebiet;WZ08C7;WZ2008 (ausgewählte Positionen): Tarifindex;WZ08-49;Landverkehr und Transport in Rohrfernleitungen;119,4;2020=100;VST065;Index d.tarifl. Stundenverdienste ohne Sonderzahl.
62221;Vj. Index der Tarifverdienste und Arbeitszeiten;JAHR;Jahr;2021;DINSGF;Früheres Bundesgebiet / Neue Länder;DF;Früheres Bundesgebiet;WZ08C7;WZ2008 (ausgewählte Positionen): Tarifindex;WZ08-35;Energieversorgung;101,9;2020=100;VST072;Index d.tarifl. Stundenverdienste mit Sonderzahl.
62221;Vj. Index der Tarifverdienste und Arbeitszeiten;JAHR;Jahr;2021;DINSGF;Früheres Bundesgebiet / Neue Länder;DF;Früheres Bundesgebiet;WZ08C7;WZ2008 (ausgewählte Positionen): Tarifindex;WZ08-35;Energieversorgung;101,9;2020=100;VST073;Index d.tarifl. Monatsverdienste mit Sonderzahl.
62221;Vj. Index der Tarifverdienste und Arbeitszeiten;JAHR;Jahr;2021;DINSGF;Früheres Bundesgebiet / Neue Länder;DF;Früheres Bundesgebiet;WZ08C7;WZ2008 (ausgewählte Positionen): Tarifindex;WZ08-35;Energieversorgung;38,2;h;VST019;Durchschnittliche tarifliche Wochenarbeitszeit
62221;Vj. Index der Tarifverdienste und Arbeitszeiten;JAHR;Jahr;2021;DINSGF;Früheres Bundesgebiet / Neue Länder;DF;Früheres Bundesgebiet;WZ08C7;WZ2008 (ausgewählte Positionen): Tarifindex;WZ08-35;Energieversorgung;101,7;2020=100;VST066;Index d.tarifl. Monatsverdienste ohne Sonderzahl.
62221;Vj. Index der Tarifverdienste und Arbeitszeiten;JAHR;Jahr;2021;DINSGF;Früheres Bundesgebiet / Neue Länder;DF;Früheres Bundesgebiet;WZ08C7;WZ2008 (ausgewählte Positionen): Tarifindex;WZ08-35;Energieversorgung;100,0;2020=100;VST018;Index der tariflichen Wochenarbeitszeit
62221;Vj. Index der Tarifverdienste und Arbeitszeiten;JAHR;Jahr;2021;DINSGF;Früheres Bundesgebiet / Neue Länder;DF;Früheres Bundesgebiet;WZ08C7;WZ2008 (ausgewählte Positionen): Tarifindex;WZ08-35;Energieversorgung;101,7;2020=100;VST065;Index d.tarifl. Stundenverdienste ohne Sonderzahl.
62221;Vj. Index der Tarifverdienste und Arbeitszeiten;JAHR;Jahr;2025;DINSGF;Früheres Bundesgebiet / Neue Länder;DF;Früheres Bundesgebiet;WZ08C7;WZ2008 (ausgewählte Positionen): Tarifindex;WZ08-01;Landwirtschaft, Jagd und verbundene Tätigkeiten;121,8;2020=100;VST072;Index d.tarifl. Stundenverdienste mit Sonderzahl.
62221;Vj. Index der Tarifverdienste und Arbeitszeiten;JAHR;Jahr;2025;DINSGF;Früheres Bundesgebiet / Neue Länder;DF;Früheres Bundesgebiet;WZ08C7;WZ2008 (ausgewählte Positionen): Tarifindex;WZ08-01;Landwirtschaft, Jagd und verbundene Tätigkeiten;121,4;2020=100;VST073;Index d.tarifl. Monatsverdienste mit Sonderzahl.
62221;Vj. Index der Tarifverdienste und Arbeitszeiten;JAHR;Jahr;2025;DINSGF;Früheres Bundesgebiet / Neue Länder;DF;Früheres Bundesgebiet;WZ08C7;WZ2008 (ausgewählte Positionen): Tarifindex;WZ08-01;Landwirtschaft, Jagd und verbundene Tätigkeiten;39,4;h;VST019;Durchschnittliche tarifliche Wochenarbeitszeit
62221;Vj. Index der Tarifverdienste und Arbeitszeiten;JAHR;Jahr;2025;DINSGF;Früheres Bundesgebiet / Neue Länder;DF;Früheres Bundesgebiet;WZ08C7;WZ2008 (ausgewählte Positionen): Tarifindex;WZ08-01;Landwirtschaft, Jagd und verbundene Tätigkeiten;121,6;2020=100;VST066;Index d.tarifl. Monatsverdienste ohne Sonderzahl.
62221;Vj. Index der Tarifverdienste und Arbeitszeiten;JAHR;Jahr;2025;DINSGF;Früheres Bundesgebiet / Neue Länder;DF;Früheres Bundesgebiet;WZ08C7;WZ2008 (ausgewählte Positionen): Tarifindex;WZ08-01;Landwirtschaft, Jagd und verbundene Tätigkeiten;99,8;2020=100;VST018;Index der tariflichen Wochenarbeitszeit
62221;Vj. Index der Tarifverdienste und Arbeitszeiten;JAHR;Jahr;2025;DINSGF;Früheres Bundesgebiet / Neue Länder;DF;Früheres Bundesgebiet;WZ08C7;WZ2008 (ausgewählte Positionen): Tarifindex;WZ08-01;Landwirtschaft, Jagd und verbundene Tätigkeiten;122,0;2020=100;VST065;Index d.tarifl. Stundenverdienste ohne Sonderzahl.
62221;Vj. Index der Tarifverdienste und Arbeitszeiten;JAHR;Jahr;2019;DINSGF;Früheres Bundesgebiet / Neue Länder;DF;Früheres Bundesgebiet;WZ08C7;WZ2008 (ausgewählte Positionen): Tarifindex;WZ08-A;Land- und Forstwirtschaft, Fischerei;97,9;2020=100;VST072;Index d.tarifl. Stundenverdienste mit Sonderzahl.
62221;Vj. Index der Tarifverdienste und Arbeitszeiten;JAHR;Jahr;2019;DINSGF;Früheres Bundesgebiet / Neue Länder;DF;Früheres Bundesgebiet;WZ08C7;WZ2008 (ausgewählte Positionen): Tarifindex;WZ08-A;Land- und Forstwirtschaft, Fischerei;97,9;2020=100;VST073;Index d.tarifl. Monatsverdienste mit Sonderzahl.
62221;Vj. Index der Tarifverdienste und Arbeitszeiten;JAHR;Jahr;2019;DINSGF;Früheres Bundesgebiet / Neue Länder;DF;Früheres Bundesgebiet;WZ08C7;WZ2008 (ausgewählte Positionen): Tarifindex;WZ08-A;Land- und Forstwirtschaft, Fischerei;39,6;h;VST019;Durchschnittliche tarifliche Wochenarbeitszeit
62221;Vj. Index der Tarifverdienste und Arbeitszeiten;JAHR;Jahr;2019;DINSGF;Früheres Bundesgebiet / Neue Länder;DF;Früheres Bundesgebiet;WZ08C7;WZ2008 (ausgewählte Positionen): Tarifindex;WZ08-A;Land- und Forstwirtschaft, Fischerei;97,3;2020=100;VST066;Index d.tarifl. Monatsverdienste ohne Sonderzahl.
62221;Vj. Index der Tarifverdienste und Arbeitszeiten;JAHR;Jahr;2019;DINSGF;Früheres Bundesgebiet / Neue Länder;DF;Früheres Bundesgebiet;WZ08C7;WZ2008 (ausgewählte Positionen): Tarifindex;WZ08-A;Land- und Forstwirtschaft, Fischerei;100,0;2020=100;VST018;Index der tariflichen Wochenarbeitszeit
62221;Vj. Index der Tarifverdienste und Arbeitszeiten;JAHR;Jahr;2019;DINSGF;Früheres Bundesgebiet / Neue Länder;DF;Früheres Bundesgebiet;WZ08C7;WZ2008 (ausgewählte Positionen): Tarifindex;WZ08-A;Land- und Forstwirtschaft, Fischerei;97,3;2020=100;VST065;Index d.tarifl. Stundenverdienste ohne Sonderzahl.
62221;Vj. Index der Tarifverdienste und Arbeitszeiten;JAHR;Jahr;2023;DINSGF;Früheres Bundesgebiet / Neue Länder;DN;Neue Länder;WZ08C7;WZ2008 (ausgewählte Positionen): Tarifindex;WZ08-50;Schifffahrt;105,6;2020=100;VST072;Index d.tarifl. Stundenverdienste mit Sonderzahl.
62221;Vj. Index der Tarifverdienste und Arbeitszeiten;JAHR;Jahr;2023;DINSGF;Früheres Bundesgebiet / Neue Länder;DN;Neue Länder;WZ08C7;WZ2008 (ausgewählte Positionen): Tarifindex;WZ08-50;Schifffahrt;105,3;2020=100;VST073;Index d.tarifl. Monatsverdienste mit Sonderzahl.
62221;Vj. Index der Tarifverdienste und Arbeitszeiten;JAHR;Jahr;2023;DINSGF;Früheres Bundesgebiet / Neue Länder;DN;Neue Länder;WZ08C7;WZ2008 (ausgewählte Positionen): Tarifindex;WZ08-50;Schifffahrt;39,9;h;VST019;Durchschnittliche tarifliche Wochenarbeitszeit
62221;Vj. Index der Tarifverdienste und Arbeitszeiten;JAHR;Jahr;2023;DINSGF;Früheres Bundesgebiet / Neue Länder;DN;Neue Länder;WZ08C7;WZ2008 (ausgewählte Positionen): Tarifindex;WZ08-50;Schifffahrt;105,3;2020=100;VST066;Index d.tarifl. Monatsverdienste ohne Sonderzahl.
62221;Vj. Index der Tarifverdienste und Arbeitszeiten;JAHR;Jahr;2023;DINSGF;Früheres Bundesgebiet / Neue Länder;DN;Neue Länder;WZ08C7;WZ2008 (ausgewählte Positionen): Tarifindex;WZ08-50;Schifffahrt;99,7;2020=100;VST018;Index der tariflichen Wochenarbeitszeit
62221;Vj. Index der Tarifverdienste und Arbeitszeiten;JAHR;Jahr;2023;DINSGF;Früheres Bundesgebiet / Neue Länder;DN;Neue Länder;WZ08C7;WZ2008 (ausgewählte Positionen): Tarifindex;WZ08-50;Schifffahrt;105,6;2020=100;VST065;Index d.tarifl. Stundenverdienste ohne Sonderzahl.
62221;Vj. Index der Tarifverdienste und Arbeitszeiten;JAHR;Jahr;2024;DINSGF;Früheres Bundesgebiet / Neue Länder;DF;Früheres Bundesgebiet;WZ08C7;WZ2008 (ausgewählte Positionen): Tarifindex;WZ08-85;Erziehung und Unterricht;109,6;2020=100;VST072;Index d.tarifl. Stundenverdienste mit Sonderzahl.
62221;Vj. Index der Tarifverdienste und Arbeitszeiten;JAHR;Jahr;2024;DINSGF;Früheres Bundesgebiet / Neue Länder;DF;Früheres Bundesgebiet;WZ08C7;WZ2008 (ausgewählte Positionen): Tarifindex;WZ08-85;Erziehung und Unterricht;109,6;2020=100;VST073;Index d.tarifl. Monatsverdienste mit Sonderzahl.
62221;Vj. Index der Tarifverdienste und Arbeitszeiten;JAHR;Jahr;2024;DINSGF;Früheres Bundesgebiet / Neue Länder;DF;Früheres Bundesgebiet;WZ08C7;WZ2008 (ausgewählte Positionen): Tarifindex;WZ08-85;Erziehung und Unterricht;40,1;h;VST019;Durchschnittliche tarifliche Wochenarbeitszeit
62221;Vj. Index der Tarifverdienste und Arbeitszeiten;JAHR;Jahr;2024;DINSGF;Früheres Bundesgebiet / Neue Länder;DF;Früheres Bundesgebiet;WZ08C7;WZ2008 (ausgewählte Positionen): Tarifindex;WZ08-85;Erziehung und Unterricht;106,6;2020=100;VST066;Index d.tarifl. Monatsverdienste ohne Sonderzahl.
62221;Vj. Index der Tarifverdienste und Arbeitszeiten;JAHR;Jahr;2024;DINSGF;Früheres Bundesgebiet / Neue Länder;DF;Früheres Bundesgebiet;WZ08C7;WZ2008 (ausgewählte Positionen): Tarifindex;WZ08-85;Erziehung und Unterricht;100,0;2020=100;VST018;Index der tariflichen Wochenarbeitszeit
62221;Vj. Index der Tarifverdienste und Arbeitszeiten;JAHR;Jahr;2024;DINSGF;Früheres Bundesgebiet / Neue Länder;DF;Früheres Bundesgebiet;WZ08C7;WZ2008 (ausgewählte Positionen): Tarifindex;WZ08-85;Erziehung und Unterricht;106,6;2020=100;VST065;Index d.tarifl. Stundenverdienste ohne Sonderzahl.
62221;Vj. Index der Tarifverdienste und Arbeitszeiten;JAHR;Jahr;2023;DINSGF;Früheres Bundesgebiet / Neue Länder;DN;Neue Länder;WZ08C7;WZ2008 (ausgewählte Positionen): Tarifindex;WZ-X002;Investitionsgüterproduzenten;108,5;2020=100;VST072;Index d.tarifl. Stundenverdienste mit Sonderzahl.
62221;Vj. Index der Tarifverdienste und Arbeitszeiten;JAHR;Jahr;2023;DINSGF;Früheres Bundesgebiet / Neue Länder;DN;Neue Länder;WZ08C7;WZ2008 (ausgewählte Positionen): Tarifindex;WZ-X002;Investitionsgüterproduzenten;108,0;2020=100;VST073;Index d.tarifl. Monatsverdienste mit Sonderzahl.
62221;Vj. Index der Tarifverdienste und Arbeitszeiten;JAHR;Jahr;2023;DINSGF;Früheres Bundesgebiet / Neue Länder;DN;Neue Länder;WZ08C7;WZ2008 (ausgewählte Positionen): Tarifindex;WZ-X002;Investitionsgüterproduzenten;37,7;h;VST019;Durchschnittliche tarifliche Wochenarbeitszeit
62221;Vj. Index der Tarifverdienste und Arbeitszeiten;JAHR;Jahr;2023;DINSGF;Früheres Bundesgebiet / Neue Länder;DN;Neue Länder;WZ08C7;WZ2008 (ausgewählte Positionen): Tarifindex;WZ-X002;Investitionsgüterproduzenten;103,3;2020=100;VST066;Index d.tarifl. Monatsverdienste ohne Sonderzahl.
62221;Vj. Index der Tarifverdienste und Arbeitszeiten;JAHR;Jahr;2023;DINSGF;Früheres Bundesgebiet / Neue Länder;DN;Neue Länder;WZ08C7;WZ2008 (ausgewählte Positionen): Tarifindex;WZ-X002;Investitionsgüterproduzenten;99,6;2020=100;VST018;Index der tariflichen Wochenarbeitszeit
62221;Vj. Index der Tarifverdienste und Arbeitszeiten;JAHR;Jahr;2023;DINSGF;Früheres Bundesgebiet / Neue Länder;DN;Neue Länder;WZ08C7;WZ2008 (ausgewählte Positionen): Tarifindex;WZ-X002;Investitionsgüterproduzenten;103,7;2020=100;VST065;Index d.tarifl. Stundenverdienste ohne Sonderzahl.
62221;Vj. Index der Tarifverdienste und Arbeitszeiten;JAHR;Jahr;2021;DINSGF;Früheres Bundesgebiet / Neue Länder;DF;Früheres Bundesgebiet;WZ08C7;WZ2008 (ausgewählte Positionen): Tarifindex;WZ08-C;Verarbeitendes Gewerbe;101,2;2020=100;VST072;Index d.tarifl. Stundenverdienste mit Sonderzahl.
62221;Vj. Index der Tarifverdienste und Arbeitszeiten;JAHR;Jahr;2021;DINSGF;Früheres Bundesgebiet / Neue Länder;DF;Früheres Bundesgebiet;WZ08C7;WZ2008 (ausgewählte Positionen): Tarifindex;WZ08-C;Verarbeitendes Gewerbe;101,2;2020=100;VST073;Index d.tarifl. Monatsverdienste mit Sonderzahl.
62221;Vj. Index der Tarifverdienste und Arbeitszeiten;JAHR;Jahr;2021;DINSGF;Früheres Bundesgebiet / Neue Länder;DF;Früheres Bundesgebiet;WZ08C7;WZ2008 (ausgewählte Positionen): Tarifindex;WZ08-C;Verarbeitendes Gewerbe;36,0;h;VST019;Durchschnittliche tarifliche Wochenarbeitszeit
62221;Vj. Index der Tarifverdienste und Arbeitszeiten;JAHR;Jahr;2021;DINSGF;Früheres Bundesgebiet / Neue Länder;DF;Früheres Bundesgebiet;WZ08C7;WZ2008 (ausgewählte Positionen): Tarifindex;WZ08-C;Verarbeitendes Gewerbe;100,5;2020=100;VST066;Index d.tarifl. Monatsverdienste ohne Sonderzahl.
62221;Vj. Index der Tarifverdienste und Arbeitszeiten;JAHR;Jahr;2021;DINSGF;Früheres Bundesgebiet / Neue Länder;DF;Früheres Bundesgebiet;WZ08C7;WZ2008 (ausgewählte Positionen): Tarifindex;WZ08-C;Verarbeitendes Gewerbe;100,0;2020=100;VST018;Index der tariflichen Wochenarbeitszeit
62221;Vj. Index der Tarifverdienste und Arbeitszeiten;JAHR;Jahr;2021;DINSGF;Früheres Bundesgebiet / Neue Länder;DF;Früheres Bundesgebiet;WZ08C7;WZ2008 (ausgewählte Positionen): Tarifindex;WZ08-C;Verarbeitendes Gewerbe;100,5;2020=100;VST065;Index d.tarifl. Stundenverdienste ohne Sonderzahl.
62221;Vj. Index der Tarifverdienste und Arbeitszeiten;JAHR;Jahr;2018;DINSGF;Früheres Bundesgebiet / Neue Länder;DN;Neue Länder;WZ08C7;WZ2008 (ausgewählte Positionen): Tarifindex;WZ08-H;Verkehr und Lagerei;94,2;2020=100;VST072;Index d.tarifl. Stundenverdienste mit Sonderzahl.
62221;Vj. Index der Tarifverdienste und Arbeitszeiten;JAHR;Jahr;2018;DINSGF;Früheres Bundesgebiet / Neue Länder;DN;Neue Länder;WZ08C7;WZ2008 (ausgewählte Positionen): Tarifindex;WZ08-H;Verkehr und Lagerei;94,4;2020=100;VST073;Index d.tarifl. Monatsverdienste mit Sonderzahl.
62221;Vj. Index der Tarifverdienste und Arbeitszeiten;JAHR;Jahr;2018;DINSGF;Früheres Bundesgebiet / Neue Länder;DN;Neue Länder;WZ08C7;WZ2008 (ausgewählte Positionen): Tarifindex;WZ08-H;Verkehr und Lagerei;39,2;h;VST019;Durchschnittliche tarifliche Wochenarbeitszeit
62221;Vj. Index der Tarifverdienste und Arbeitszeiten;JAHR;Jahr;2018;DINSGF;Früheres Bundesgebiet / Neue Länder;DN;Neue Länder;WZ08C7;WZ2008 (ausgewählte Positionen): Tarifindex;WZ08-H;Verkehr und Lagerei;94,8;2020=100;VST066;Index d.tarifl. Monatsverdienste ohne Sonderzahl.
62221;Vj. Index der Tarifverdienste und Arbeitszeiten;JAHR;Jahr;2018;DINSGF;Früheres Bundesgebiet / Neue Länder;DN;Neue Länder;WZ08C7;WZ2008 (ausgewählte Positionen): Tarifindex;WZ08-H;Verkehr und Lagerei;100,3;2020=100;VST018;Index der tariflichen Wochenarbeitszeit
62221;Vj. Index der Tarifverdienste und Arbeitszeiten;JAHR;Jahr;2018;DINSGF;Früheres Bundesgebiet / Neue Länder;DN;Neue Länder;WZ08C7;WZ2008 (ausgewählte Positionen): Tarifindex;WZ08-H;Verkehr und Lagerei;94,7;2020=100;VST065;Index d.tarifl. Stundenverdienste ohne Sonderzahl.
62221;Vj. Index der Tarifverdienste und Arbeitszeiten;JAHR;Jahr;2019;DINSGF;Früheres Bundesgebiet / Neue Länder;DF;Früheres Bundesgebiet;WZ08C7;WZ2008 (ausgewählte Positionen): Tarifindex;WZ08-75;Veterinärwesen;96,0;2020=100;VST072;Index d.tarifl. Stundenverdienste mit Sonderzahl.
62221;Vj. Index der Tarifverdienste und Arbeitszeiten;JAHR;Jahr;2019;DINSGF;Früheres Bundesgebiet / Neue Länder;DF;Früheres Bundesgebiet;WZ08C7;WZ2008 (ausgewählte Positionen): Tarifindex;WZ08-75;Veterinärwesen;96,0;2020=100;VST073;Index d.tarifl. Monatsverdienste mit Sonderzahl.
62221;Vj. Index der Tarifverdienste und Arbeitszeiten;JAHR;Jahr;2019;DINSGF;Früheres Bundesgebiet / Neue Länder;DF;Früheres Bundesgebiet;WZ08C7;WZ2008 (ausgewählte Positionen): Tarifindex;WZ08-75;Veterinärwesen;39,7;h;VST019;Durchschnittliche tarifliche Wochenarbeitszeit
62221;Vj. Index der Tarifverdienste und Arbeitszeiten;JAHR;Jahr;2019;DINSGF;Früheres Bundesgebiet / Neue Länder;DF;Früheres Bundesgebiet;WZ08C7;WZ2008 (ausgewählte Positionen): Tarifindex;WZ08-75;Veterinärwesen;95,8;2020=100;VST066;Index d.tarifl. Monatsverdienste ohne Sonderzahl.
62221;Vj. Index der Tarifverdienste und Arbeitszeiten;JAHR;Jahr;2019;DINSGF;Früheres Bundesgebiet / Neue Länder;DF;Früheres Bundesgebiet;WZ08C7;WZ2008 (ausgewählte Positionen): Tarifindex;WZ08-75;Veterinärwesen;100,0;2020=100;VST018;Index der tariflichen Wochenarbeitszeit
62221;Vj. Index der Tarifverdienste und Arbeitszeiten;JAHR;Jahr;2019;DINSGF;Früheres Bundesgebiet / Neue Länder;DF;Früheres Bundesgebiet;WZ08C7;WZ2008 (ausgewählte Positionen): Tarifindex;WZ08-75;Veterinärwesen;95,8;2020=100;VST065;Index d.tarifl. Stundenverdienste ohne Sonderzahl.
62221;Vj. Index der Tarifverdienste und Arbeitszeiten;JAHR;Jahr;2025;DINSGF;Früheres Bundesgebiet / Neue Länder;DN;Neue Länder;WZ08C7;WZ2008 (ausgewählte Positionen): Tarifindex;WZ08-35;Energieversorgung;117,0;2020=100;VST072;Index d.tarifl. Stundenverdienste mit Sonderzahl.
62221;Vj. Index der Tarifverdienste und Arbeitszeiten;JAHR;Jahr;2025;DINSGF;Früheres Bundesgebiet / Neue Länder;DN;Neue Länder;WZ08C7;WZ2008 (ausgewählte Positionen): Tarifindex;WZ08-35;Energieversorgung;117,0;2020=100;VST073;Index d.tarifl. Monatsverdienste mit Sonderzahl.
62221;Vj. Index der Tarifverdienste und Arbeitszeiten;JAHR;Jahr;2025;DINSGF;Früheres Bundesgebiet / Neue Länder;DN;Neue Länder;WZ08C7;WZ2008 (ausgewählte Positionen): Tarifindex;WZ08-35;Energieversorgung;38,1;h;VST019;Durchschnittliche tarifliche Wochenarbeitszeit
62221;Vj. Index der Tarifverdienste und Arbeitszeiten;JAHR;Jahr;2025;DINSGF;Früheres Bundesgebiet / Neue Länder;DN;Neue Länder;WZ08C7;WZ2008 (ausgewählte Positionen): Tarifindex;WZ08-35;Energieversorgung;117,2;2020=100;VST066;Index d.tarifl. Monatsverdienste ohne Sonderzahl.
62221;Vj. Index der Tarifverdienste und Arbeitszeiten;JAHR;Jahr;2025;DINSGF;Früheres Bundesgebiet / Neue Länder;DN;Neue Länder;WZ08C7;WZ2008 (ausgewählte Positionen): Tarifindex;WZ08-35;Energieversorgung;100,0;2020=100;VST018;Index der tariflichen Wochenarbeitszeit
62221;Vj. Index der Tarifverdienste und Arbeitszeiten;JAHR;Jahr;2025;DINSGF;Früheres Bundesgebiet / Neue Länder;DN;Neue Länder;WZ08C7;WZ2008 (ausgewählte Positionen): Tarifindex;WZ08-35;Energieversorgung;117,2;2020=100;VST065;Index d.tarifl. Stundenverdienste ohne Sonderzahl.
62221;Vj. Index der Tarifverdienste und Arbeitszeiten;JAHR;Jahr;2021;DINSGF;Früheres Bundesgebiet / Neue Länder;DF;Früheres Bundesgebiet;WZ08C7;WZ2008 (ausgewählte Positionen): Tarifindex;WZ08-I;Gastgewerbe;101,7;2020=100;VST072;Index d.tarifl. Stundenverdienste mit Sonderzahl.
62221;Vj. Index der Tarifverdienste und Arbeitszeiten;JAHR;Jahr;2021;DINSGF;Früheres Bundesgebiet / Neue Länder;DF;Früheres Bundesgebiet;WZ08C7;WZ2008 (ausgewählte Positionen): Tarifindex;WZ08-I;Gastgewerbe;101,7;2020=100;VST073;Index d.tarifl. Monatsverdienste mit Sonderzahl.
62221;Vj. Index der Tarifverdienste und Arbeitszeiten;JAHR;Jahr;2021;DINSGF;Früheres Bundesgebiet / Neue Länder;DF;Früheres Bundesgebiet;WZ08C7;WZ2008 (ausgewählte Positionen): Tarifindex;WZ08-I;Gastgewerbe;39,0;h;VST019;Durchschnittliche tarifliche Wochenarbeitszeit
62221;Vj. Index der Tarifverdienste und Arbeitszeiten;JAHR;Jahr;2021;DINSGF;Früheres Bundesgebiet / Neue Länder;DF;Früheres Bundesgebiet;WZ08C7;WZ2008 (ausgewählte Positionen): Tarifindex;WZ08-I;Gastgewerbe;101,9;2020=100;VST066;Index d.tarifl. Monatsverdienste ohne Sonderzahl.
62221;Vj. Index der Tarifverdienste und Arbeitszeiten;JAHR;Jahr;2021;DINSGF;Früheres Bundesgebiet / Neue Länder;DF;Früheres Bundesgebiet;WZ08C7;WZ2008 (ausgewählte Positionen): Tarifindex;WZ08-I;Gastgewerbe;100,0;2020=100;VST018;Index der tariflichen Wochenarbeitszeit
62221;Vj. Index der Tarifverdienste und Arbeitszeiten;JAHR;Jahr;2021;DINSGF;Früheres Bundesgebiet / Neue Länder;DF;Früheres Bundesgebiet;WZ08C7;WZ2008 (ausgewählte Positionen): Tarifindex;WZ08-I;Gastgewerbe;101,9;2020=100;VST065;Index d.tarifl. Stundenverdienste ohne Sonderzahl.
62221;Vj. Index der Tarifverdienste und Arbeitszeiten;JAHR;Jahr;2025;DINSGF;Früheres Bundesgebiet / Neue Länder;DN;Neue Länder;WZ08C7;WZ2008 (ausgewählte Positionen): Tarifindex;WZ08-B-05;Produzierendes Gewerbe;117,2;2020=100;VST072;Index d.tarifl. Stundenverdienste mit Sonderzahl.
62221;Vj. Index der Tarifverdienste und Arbeitszeiten;JAHR;Jahr;2025;DINSGF;Früheres Bundesgebiet / Neue Länder;DN;Neue Länder;WZ08C7;WZ2008 (ausgewählte Positionen): Tarifindex;WZ08-B-05;Produzierendes Gewerbe;116,6;2020=100;VST073;Index d.tarifl. Monatsverdienste mit Sonderzahl.
62221;Vj. Index der Tarifverdienste und Arbeitszeiten;JAHR;Jahr;2025;DINSGF;Früheres Bundesgebiet / Neue Länder;DN;Neue Länder;WZ08C7;WZ2008 (ausgewählte Positionen): Tarifindex;WZ08-B-05;Produzierendes Gewerbe;38,5;h;VST019;Durchschnittliche tarifliche Wochenarbeitszeit
62221;Vj. Index der Tarifverdienste und Arbeitszeiten;JAHR;Jahr;2025;DINSGF;Früheres Bundesgebiet / Neue Länder;DN;Neue Länder;WZ08C7;WZ2008 (ausgewählte Positionen): Tarifindex;WZ08-B-05;Produzierendes Gewerbe;115,8;2020=100;VST066;Index d.tarifl. Monatsverdienste ohne Sonderzahl.
62221;Vj. Index der Tarifverdienste und Arbeitszeiten;JAHR;Jahr;2025;DINSGF;Früheres Bundesgebiet / Neue Länder;DN;Neue Länder;WZ08C7;WZ2008 (ausgewählte Positionen): Tarifindex;WZ08-B-05;Produzierendes Gewerbe;99,6;2020=100;VST018;Index der tariflichen Wochenarbeitszeit
62221;Vj. Index der Tarifverdienste und Arbeitszeiten;JAHR;Jahr;2025;DINSGF;Früheres Bundesgebiet / Neue Länder;DN;Neue Länder;WZ08C7;WZ2008 (ausgewählte Positionen): Tarifindex;WZ08-B-05;Produzierendes Gewerbe;116,3;2020=100;VST065;Index d.tarifl. Stundenverdienste ohne Sonderzahl.
62221;Vj. Index der Tarifverdienste und Arbeitszeiten;JAHR;Jahr;2019;DINSGF;Früheres Bundesgebiet / Neue Länder;DF;Früheres Bundesgebiet;WZ08C7;WZ2008 (ausgewählte Positionen): Tarifindex;WZ08-84;Öff. Verwaltung, Verteidigung, Sozialversicherung;97,1;2020=100;VST072;Index d.tarifl. Stundenverdienste mit Sonderzahl.
62221;Vj. Index der Tarifverdienste und Arbeitszeiten;JAHR;Jahr;2019;DINSGF;Früheres Bundesgebiet / Neue Länder;DF;Früheres Bundesgebiet;WZ08C7;WZ2008 (ausgewählte Positionen): Tarifindex;WZ08-84;Öff. Verwaltung, Verteidigung, Sozialversicherung;97,1;2020=100;VST073;Index d.tarifl. Monatsverdienste mit Sonderzahl.
62221;Vj. Index der Tarifverdienste und Arbeitszeiten;JAHR;Jahr;2019;DINSGF;Früheres Bundesgebiet / Neue Länder;DF;Früheres Bundesgebiet;WZ08C7;WZ2008 (ausgewählte Positionen): Tarifindex;WZ08-84;Öff. Verwaltung, Verteidigung, Sozialversicherung;40,1;h;VST019;Durchschnittliche tarifliche Wochenarbeitszeit
62221;Vj. Index der Tarifverdienste und Arbeitszeiten;JAHR;Jahr;2019;DINSGF;Früheres Bundesgebiet / Neue Länder;DF;Früheres Bundesgebiet;WZ08C7;WZ2008 (ausgewählte Positionen): Tarifindex;WZ08-84;Öff. Verwaltung, Verteidigung, Sozialversicherung;96,9;2020=100;VST066;Index d.tarifl. Monatsverdienste ohne Sonderzahl.
62221;Vj. Index der Tarifverdienste und Arbeitszeiten;JAHR;Jahr;2019;DINSGF;Früheres Bundesgebiet / Neue Länder;DF;Früheres Bundesgebiet;WZ08C7;WZ2008 (ausgewählte Positionen): Tarifindex;WZ08-84;Öff. Verwaltung, Verteidigung, Sozialversicherung;100,0;2020=100;VST018;Index der tariflichen Wochenarbeitszeit
62221;Vj. Index der Tarifverdienste und Arbeitszeiten;JAHR;Jahr;2019;DINSGF;Früheres Bundesgebiet / Neue Länder;DF;Früheres Bundesgebiet;WZ08C7;WZ2008 (ausgewählte Positionen): Tarifindex;WZ08-84;Öff. Verwaltung, Verteidigung, Sozialversicherung;96,9;2020=100;VST065;Index d.tarifl. Stundenverdienste ohne Sonderzahl.
62221;Vj. Index der Tarifverdienste und Arbeitszeiten;JAHR;Jahr;2023;DINSGF;Früheres Bundesgebiet / Neue Länder;DN;Neue Länder;WZ08C7;WZ2008 (ausgewählte Positionen): Tarifindex;WZ08-I;Gastgewerbe;118,9;2020=100;VST072;Index d.tarifl. Stundenverdienste mit Sonderzahl.
62221;Vj. Index der Tarifverdienste und Arbeitszeiten;JAHR;Jahr;2023;DINSGF;Früheres Bundesgebiet / Neue Länder;DN;Neue Länder;WZ08C7;WZ2008 (ausgewählte Positionen): Tarifindex;WZ08-I;Gastgewerbe;118,9;2020=100;VST073;Index d.tarifl. Monatsverdienste mit Sonderzahl.
62221;Vj. Index der Tarifverdienste und Arbeitszeiten;JAHR;Jahr;2023;DINSGF;Früheres Bundesgebiet / Neue Länder;DN;Neue Länder;WZ08C7;WZ2008 (ausgewählte Positionen): Tarifindex;WZ08-I;Gastgewerbe;39,4;h;VST019;Durchschnittliche tarifliche Wochenarbeitszeit
62221;Vj. Index der Tarifverdienste und Arbeitszeiten;JAHR;Jahr;2023;DINSGF;Früheres Bundesgebiet / Neue Länder;DN;Neue Länder;WZ08C7;WZ2008 (ausgewählte Positionen): Tarifindex;WZ08-I;Gastgewerbe;119,0;2020=100;VST066;Index d.tarifl. Monatsverdienste ohne Sonderzahl.
62221;Vj. Index der Tarifverdienste und Arbeitszeiten;JAHR;Jahr;2023;DINSGF;Früheres Bundesgebiet / Neue Länder;DN;Neue Länder;WZ08C7;WZ2008 (ausgewählte Positionen): Tarifindex;WZ08-I;Gastgewerbe;100,0;2020=100;VST018;Index der tariflichen Wochenarbeitszeit
62221;Vj. Index der Tarifverdienste und Arbeitszeiten;JAHR;Jahr;2023;DINSGF;Früheres Bundesgebiet / Neue Länder;DN;Neue Länder;WZ08C7;WZ2008 (ausgewählte Positionen): Tarifindex;WZ08-I;Gastgewerbe;119,0;2020=100;VST065;Index d.tarifl. Stundenverdienste ohne Sonderzahl.
62221;Vj. Index der Tarifverdienste und Arbeitszeiten;JAHR;Jahr;2021;DINSGF;Früheres Bundesgebiet / Neue Länder;DF;Früheres Bundesgebiet;WZ08C7;WZ2008 (ausgewählte Positionen): Tarifindex;WZ08-71;Architektur-,Ing.büros,techn.,physik.Untersuchung;101,5;2020=100;VST072;Index d.tarifl. Stundenverdienste mit Sonderzahl.
62221;Vj. Index der Tarifverdienste und Arbeitszeiten;JAHR;Jahr;2021;DINSGF;Früheres Bundesgebiet / Neue Länder;DF;Früheres Bundesgebiet;WZ08C7;WZ2008 (ausgewählte Positionen): Tarifindex;WZ08-71;Architektur-,Ing.büros,techn.,physik.Untersuchung;101,5;2020=100;VST073;Index d.tarifl. Monatsverdienste mit Sonderzahl.
62221;Vj. Index der Tarifverdienste und Arbeitszeiten;JAHR;Jahr;2021;DINSGF;Früheres Bundesgebiet / Neue Länder;DF;Früheres Bundesgebiet;WZ08C7;WZ2008 (ausgewählte Positionen): Tarifindex;WZ08-71;Architektur-,Ing.büros,techn.,physik.Untersuchung;37,0;h;VST019;Durchschnittliche tarifliche Wochenarbeitszeit
62221;Vj. Index der Tarifverdienste und Arbeitszeiten;JAHR;Jahr;2021;DINSGF;Früheres Bundesgebiet / Neue Länder;DF;Früheres Bundesgebiet;WZ08C7;WZ2008 (ausgewählte Positionen): Tarifindex;WZ08-71;Architektur-,Ing.büros,techn.,physik.Untersuchung;101,3;2020=100;VST066;Index d.tarifl. Monatsverdienste ohne Sonderzahl.
62221;Vj. Index der Tarifverdienste und Arbeitszeiten;JAHR;Jahr;2021;DINSGF;Früheres Bundesgebiet / Neue Länder;DF;Früheres Bundesgebiet;WZ08C7;WZ2008 (ausgewählte Positionen): Tarifindex;WZ08-71;Architektur-,Ing.büros,techn.,physik.Untersuchung;100,0;2020=100;VST018;Index der tariflichen Wochenarbeitszeit
62221;Vj. Index der Tarifverdienste und Arbeitszeiten;JAHR;Jahr;2021;DINSGF;Früheres Bundesgebiet / Neue Länder;DF;Früheres Bundesgebiet;WZ08C7;WZ2008 (ausgewählte Positionen): Tarifindex;WZ08-71;Architektur-,Ing.büros,techn.,physik.Untersuchung;101,3;2020=100;VST065;Index d.tarifl. Stundenverdienste ohne Sonderzahl.
62221;Vj. Index der Tarifverdienste und Arbeitszeiten;JAHR;Jahr;2021;DINSGF;Früheres Bundesgebiet / Neue Länder;DF;Früheres Bundesgebiet;WZ08C7;WZ2008 (ausgewählte Positionen): Tarifindex;WZ08-86;Gesundheitswesen;101,6;2020=100;VST072;Index d.tarifl. Stundenverdienste mit Sonderzahl.
62221;Vj. Index der Tarifverdienste und Arbeitszeiten;JAHR;Jahr;2021;DINSGF;Früheres Bundesgebiet / Neue Länder;DF;Früheres Bundesgebiet;WZ08C7;WZ2008 (ausgewählte Positionen): Tarifindex;WZ08-86;Gesundheitswesen;101,6;2020=100;VST073;Index d.tarifl. Monatsverdienste mit Sonderzahl.
62221;Vj. Index der Tarifverdienste und Arbeitszeiten;JAHR;Jahr;2021;DINSGF;Früheres Bundesgebiet / Neue Länder;DF;Früheres Bundesgebiet;WZ08C7;WZ2008 (ausgewählte Positionen): Tarifindex;WZ08-86;Gesundheitswesen;39,2;h;VST019;Durchschnittliche tarifliche Wochenarbeitszeit
62221;Vj. Index der Tarifverdienste und Arbeitszeiten;JAHR;Jahr;2021;DINSGF;Früheres Bundesgebiet / Neue Länder;DF;Früheres Bundesgebiet;WZ08C7;WZ2008 (ausgewählte Positionen): Tarifindex;WZ08-86;Gesundheitswesen;102,2;2020=100;VST066;Index d.tarifl. Monatsverdienste ohne Sonderzahl.
62221;Vj. Index der Tarifverdienste und Arbeitszeiten;JAHR;Jahr;2021;DINSGF;Früheres Bundesgebiet / Neue Länder;DF;Früheres Bundesgebiet;WZ08C7;WZ2008 (ausgewählte Positionen): Tarifindex;WZ08-86;Gesundheitswesen;100,0;2020=100;VST018;Index der tariflichen Wochenarbeitszeit
62221;Vj. Index der Tarifverdienste und Arbeitszeiten;JAHR;Jahr;2021;DINSGF;Früheres Bundesgebiet / Neue Länder;DF;Früheres Bundesgebiet;WZ08C7;WZ2008 (ausgewählte Positionen): Tarifindex;WZ08-86;Gesundheitswesen;102,2;2020=100;VST065;Index d.tarifl. Stundenverdienste ohne Sonderzahl.
62221;Vj. Index der Tarifverdienste und Arbeitszeiten;JAHR;Jahr;2016;DINSGF;Früheres Bundesgebiet / Neue Länder;DN;Neue Länder;WZ08C7;WZ2008 (ausgewählte Positionen): Tarifindex;WZ08-25;Herstellung von Metallerzeugnissen;90,3;2020=100;VST072;Index d.tarifl. Stundenverdienste mit Sonderzahl.
62221;Vj. Index der Tarifverdienste und Arbeitszeiten;JAHR;Jahr;2016;DINSGF;Früheres Bundesgebiet / Neue Länder;DN;Neue Länder;WZ08C7;WZ2008 (ausgewählte Positionen): Tarifindex;WZ08-25;Herstellung von Metallerzeugnissen;90,3;2020=100;VST073;Index d.tarifl. Monatsverdienste mit Sonderzahl.
62221;Vj. Index der Tarifverdienste und Arbeitszeiten;JAHR;Jahr;2016;DINSGF;Früheres Bundesgebiet / Neue Länder;DN;Neue Länder;WZ08C7;WZ2008 (ausgewählte Positionen): Tarifindex;WZ08-25;Herstellung von Metallerzeugnissen;37,6;h;VST019;Durchschnittliche tarifliche Wochenarbeitszeit
62221;Vj. Index der Tarifverdienste und Arbeitszeiten;JAHR;Jahr;2016;DINSGF;Früheres Bundesgebiet / Neue Länder;DN;Neue Länder;WZ08C7;WZ2008 (ausgewählte Positionen): Tarifindex;WZ08-25;Herstellung von Metallerzeugnissen;92,7;2020=100;VST066;Index d.tarifl. Monatsverdienste ohne Sonderzahl.
62221;Vj. Index der Tarifverdienste und Arbeitszeiten;JAHR;Jahr;2016;DINSGF;Früheres Bundesgebiet / Neue Länder;DN;Neue Länder;WZ08C7;WZ2008 (ausgewählte Positionen): Tarifindex;WZ08-25;Herstellung von Metallerzeugnissen;100,0;2020=100;VST018;Index der tariflichen Wochenarbeitszeit
62221;Vj. Index der Tarifverdienste und Arbeitszeiten;JAHR;Jahr;2016;DINSGF;Früheres Bundesgebiet / Neue Länder;DN;Neue Länder;WZ08C7;WZ2008 (ausgewählte Positionen): Tarifindex;WZ08-25;Herstellung von Metallerzeugnissen;92,7;2020=100;VST065;Index d.tarifl. Stundenverdienste ohne Sonderzahl.
62221;Vj. Index der Tarifverdienste und Arbeitszeiten;JAHR;Jahr;2025;DINSGF;Früheres Bundesgebiet / Neue Länder;DN;Neue Länder;WZ08C7;WZ2008 (ausgewählte Positionen): Tarifindex;WZ08-71;Architektur-,Ing.büros,techn.,physik.Untersuchung;116,1;2020=100;VST072;Index d.tarifl. Stundenverdienste mit Sonderzahl.
62221;Vj. Index der Tarifverdienste und Arbeitszeiten;JAHR;Jahr;2025;DINSGF;Früheres Bundesgebiet / Neue Länder;DN;Neue Länder;WZ08C7;WZ2008 (ausgewählte Positionen): Tarifindex;WZ08-71;Architektur-,Ing.büros,techn.,physik.Untersuchung;115,9;2020=100;VST073;Index d.tarifl. Monatsverdienste mit Sonderzahl.
62221;Vj. Index der Tarifverdienste und Arbeitszeiten;JAHR;Jahr;2025;DINSGF;Früheres Bundesgebiet / Neue Länder;DN;Neue Länder;WZ08C7;WZ2008 (ausgewählte Positionen): Tarifindex;WZ08-71;Architektur-,Ing.büros,techn.,physik.Untersuchung;38,0;h;VST019;Durchschnittliche tarifliche Wochenarbeitszeit
62221;Vj. Index der Tarifverdienste und Arbeitszeiten;JAHR;Jahr;2025;DINSGF;Früheres Bundesgebiet / Neue Länder;DN;Neue Länder;WZ08C7;WZ2008 (ausgewählte Positionen): Tarifindex;WZ08-71;Architektur-,Ing.büros,techn.,physik.Untersuchung;115,6;2020=100;VST066;Index d.tarifl. Monatsverdienste ohne Sonderzahl.
62221;Vj. Index der Tarifverdienste und Arbeitszeiten;JAHR;Jahr;2025;DINSGF;Früheres Bundesgebiet / Neue Länder;DN;Neue Länder;WZ08C7;WZ2008 (ausgewählte Positionen): Tarifindex;WZ08-71;Architektur-,Ing.büros,techn.,physik.Untersuchung;99,8;2020=100;VST018;Index der tariflichen Wochenarbeitszeit
62221;Vj. Index der Tarifverdienste und Arbeitszeiten;JAHR;Jahr;2025;DINSGF;Früheres Bundesgebiet / Neue Länder;DN;Neue Länder;WZ08C7;WZ2008 (ausgewählte Positionen): Tarifindex;WZ08-71;Architektur-,Ing.büros,techn.,physik.Untersuchung;115,7;2020=100;VST065;Index d.tarifl. Stundenverdienste ohne Sonderzahl.
62221;Vj. Index der Tarifverdienste und Arbeitszeiten;JAHR;Jahr;2018;DINSGF;Früheres Bundesgebiet / Neue Länder;DN;Neue Länder;WZ08C7;WZ2008 (ausgewählte Positionen): Tarifindex;WZ-X001;Vorleistungsgüterproduzenten;94,9;2020=100;VST072;Index d.tarifl. Stundenverdienste mit Sonderzahl.
62221;Vj. Index der Tarifverdienste und Arbeitszeiten;JAHR;Jahr;2018;DINSGF;Früheres Bundesgebiet / Neue Länder;DN;Neue Länder;WZ08C7;WZ2008 (ausgewählte Positionen): Tarifindex;WZ-X001;Vorleistungsgüterproduzenten;95,2;2020=100;VST073;Index d.tarifl. Monatsverdienste mit Sonderzahl.
62221;Vj. Index der Tarifverdienste und Arbeitszeiten;JAHR;Jahr;2018;DINSGF;Früheres Bundesgebiet / Neue Länder;DN;Neue Länder;WZ08C7;WZ2008 (ausgewählte Positionen): Tarifindex;WZ-X001;Vorleistungsgüterproduzenten;38,5;h;VST019;Durchschnittliche tarifliche Wochenarbeitszeit
62221;Vj. Index der Tarifverdienste und Arbeitszeiten;JAHR;Jahr;2018;DINSGF;Früheres Bundesgebiet / Neue Länder;DN;Neue Länder;WZ08C7;WZ2008 (ausgewählte Positionen): Tarifindex;WZ-X001;Vorleistungsgüterproduzenten;96,2;2020=100;VST066;Index d.tarifl. Monatsverdienste ohne Sonderzahl.
62221;Vj. Index der Tarifverdienste und Arbeitszeiten;JAHR;Jahr;2018;DINSGF;Früheres Bundesgebiet / Neue Länder;DN;Neue Länder;WZ08C7;WZ2008 (ausgewählte Positionen): Tarifindex;WZ-X001;Vorleistungsgüterproduzenten;100,3;2020=100;VST018;Index der tariflichen Wochenarbeitszeit
62221;Vj. Index der Tarifverdienste und Arbeitszeiten;JAHR;Jahr;2018;DINSGF;Früheres Bundesgebiet / Neue Länder;DN;Neue Länder;WZ08C7;WZ2008 (ausgewählte Positionen): Tarifindex;WZ-X001;Vorleistungsgüterproduzenten;96,0;2020=100;VST065;Index d.tarifl. Stundenverdienste ohne Sonderzahl.
62221;Vj. Index der Tarifverdienste und Arbeitszeiten;JAHR;Jahr;2018;DINSGF;Früheres Bundesgebiet / Neue Länder;DN;Neue Länder;WZ08C7;WZ2008 (ausgewählte Positionen): Tarifindex;WZ08-13;Herstellung von Textilien;94,4;2020=100;VST072;Index d.tarifl. Stundenverdienste mit Sonderzahl.
62221;Vj. Index der Tarifverdienste und Arbeitszeiten;JAHR;Jahr;2018;DINSGF;Früheres Bundesgebiet / Neue Länder;DN;Neue Länder;WZ08C7;WZ2008 (ausgewählte Positionen): Tarifindex;WZ08-13;Herstellung von Textilien;95,5;2020=100;VST073;Index d.tarifl. Monatsverdienste mit Sonderzahl.
62221;Vj. Index der Tarifverdienste und Arbeitszeiten;JAHR;Jahr;2018;DINSGF;Früheres Bundesgebiet / Neue Länder;DN;Neue Länder;WZ08C7;WZ2008 (ausgewählte Positionen): Tarifindex;WZ08-13;Herstellung von Textilien;39,8;h;VST019;Durchschnittliche tarifliche Wochenarbeitszeit
62221;Vj. Index der Tarifverdienste und Arbeitszeiten;JAHR;Jahr;2018;DINSGF;Früheres Bundesgebiet / Neue Länder;DN;Neue Länder;WZ08C7;WZ2008 (ausgewählte Positionen): Tarifindex;WZ08-13;Herstellung von Textilien;95,6;2020=100;VST066;Index d.tarifl. Monatsverdienste ohne Sonderzahl.
62221;Vj. Index der Tarifverdienste und Arbeitszeiten;JAHR;Jahr;2018;DINSGF;Früheres Bundesgebiet / Neue Länder;DN;Neue Länder;WZ08C7;WZ2008 (ausgewählte Positionen): Tarifindex;WZ08-13;Herstellung von Textilien;101,2;2020=100;VST018;Index der tariflichen Wochenarbeitszeit
62221;Vj. Index der Tarifverdienste und Arbeitszeiten;JAHR;Jahr;2018;DINSGF;Früheres Bundesgebiet / Neue Länder;DN;Neue Länder;WZ08C7;WZ2008 (ausgewählte Positionen): Tarifindex;WZ08-13;Herstellung von Textilien;94,4;2020=100;VST065;Index d.tarifl. Stundenverdienste ohne Sonderzahl.
62221;Vj. Index der Tarifverdienste und Arbeitszeiten;JAHR;Jahr;2021;DINSGF;Früheres Bundesgebiet / Neue Länder;DF;Früheres Bundesgebiet;WZ08C7;WZ2008 (ausgewählte Positionen): Tarifindex;WZ08-80;Wach- und Sicherheitsdienste sowie Detekteien;102,4;2020=100;VST072;Index d.tarifl. Stundenverdienste mit Sonderzahl.
62221;Vj. Index der Tarifverdienste und Arbeitszeiten;JAHR;Jahr;2021;DINSGF;Früheres Bundesgebiet / Neue Länder;DF;Früheres Bundesgebiet;WZ08C7;WZ2008 (ausgewählte Positionen): Tarifindex;WZ08-80;Wach- und Sicherheitsdienste sowie Detekteien;102,4;2020=100;VST073;Index d.tarifl. Monatsverdienste mit Sonderzahl.
62221;Vj. Index der Tarifverdienste und Arbeitszeiten;JAHR;Jahr;2021;DINSGF;Früheres Bundesgebiet / Neue Länder;DF;Früheres Bundesgebiet;WZ08C7;WZ2008 (ausgewählte Positionen): Tarifindex;WZ08-80;Wach- und Sicherheitsdienste sowie Detekteien;40,0;h;VST019;Durchschnittliche tarifliche Wochenarbeitszeit
62221;Vj. Index der Tarifverdienste und Arbeitszeiten;JAHR;Jahr;2021;DINSGF;Früheres Bundesgebiet / Neue Länder;DF;Früheres Bundesgebiet;WZ08C7;WZ2008 (ausgewählte Positionen): Tarifindex;WZ08-80;Wach- und Sicherheitsdienste sowie Detekteien;102,4;2020=100;VST066;Index d.tarifl. Monatsverdienste ohne Sonderzahl.
62221;Vj. Index der Tarifverdienste und Arbeitszeiten;JAHR;Jahr;2021;DINSGF;Früheres Bundesgebiet / Neue Länder;DF;Früheres Bundesgebiet;WZ08C7;WZ2008 (ausgewählte Positionen): Tarifindex;WZ08-80;Wach- und Sicherheitsdienste sowie Detekteien;100,0;2020=100;VST018;Index der tariflichen Wochenarbeitszeit
62221;Vj. Index der Tarifverdienste und Arbeitszeiten;JAHR;Jahr;2021;DINSGF;Früheres Bundesgebiet / Neue Länder;DF;Früheres Bundesgebiet;WZ08C7;WZ2008 (ausgewählte Positionen): Tarifindex;WZ08-80;Wach- und Sicherheitsdienste sowie Detekteien;102,4;2020=100;VST065;Index d.tarifl. Stundenverdienste ohne Sonderzahl.
62221;Vj. Index der Tarifverdienste und Arbeitszeiten;JAHR;Jahr;2020;DINSGF;Früheres Bundesgebiet / Neue Länder;DN;Neue Länder;WZ08C7;WZ2008 (ausgewählte Positionen): Tarifindex;WZ08-31-01;Möbelherstellung, Installation von Maschinen;100,0;2020=100;VST072;Index d.tarifl. Stundenverdienste mit Sonderzahl.
62221;Vj. Index der Tarifverdienste und Arbeitszeiten;JAHR;Jahr;2020;DINSGF;Früheres Bundesgebiet / Neue Länder;DN;Neue Länder;WZ08C7;WZ2008 (ausgewählte Positionen): Tarifindex;WZ08-31-01;Möbelherstellung, Installation von Maschinen;100,0;2020=100;VST073;Index d.tarifl. Monatsverdienste mit Sonderzahl.
62221;Vj. Index der Tarifverdienste und Arbeitszeiten;JAHR;Jahr;2020;DINSGF;Früheres Bundesgebiet / Neue Länder;DN;Neue Länder;WZ08C7;WZ2008 (ausgewählte Positionen): Tarifindex;WZ08-31-01;Möbelherstellung, Installation von Maschinen;38,1;h;VST019;Durchschnittliche tarifliche Wochenarbeitszeit
62221;Vj. Index der Tarifverdienste und Arbeitszeiten;JAHR;Jahr;2020;DINSGF;Früheres Bundesgebiet / Neue Länder;DN;Neue Länder;WZ08C7;WZ2008 (ausgewählte Positionen): Tarifindex;WZ08-31-01;Möbelherstellung, Installation von Maschinen;100,0;2020=100;VST066;Index d.tarifl. Monatsverdienste ohne Sonderzahl.
62221;Vj. Index der Tarifverdienste und Arbeitszeiten;JAHR;Jahr;2020;DINSGF;Früheres Bundesgebiet / Neue Länder;DN;Neue Länder;WZ08C7;WZ2008 (ausgewählte Positionen): Tarifindex;WZ08-31-01;Möbelherstellung, Installation von Maschinen;100,0;2020=100;VST018;Index der tariflichen Wochenarbeitszeit
62221;Vj. Index der Tarifverdienste und Arbeitszeiten;JAHR;Jahr;2020;DINSGF;Früheres Bundesgebiet / Neue Länder;DN;Neue Länder;WZ08C7;WZ2008 (ausgewählte Positionen): Tarifindex;WZ08-31-01;Möbelherstellung, Installation von Maschinen;100,0;2020=100;VST065;Index d.tarifl. Stundenverdienste ohne Sonderzahl.
62221;Vj. Index der Tarifverdienste und Arbeitszeiten;JAHR;Jahr;2023;DINSGF;Früheres Bundesgebiet / Neue Länder;DN;Neue Länder;WZ08C7;WZ2008 (ausgewählte Positionen): Tarifindex;WZ08-C;Verarbeitendes Gewerbe;109,3;2020=100;VST072;Index d.tarifl. Stundenverdienste mit Sonderzahl.
62221;Vj. Index der Tarifverdienste und Arbeitszeiten;JAHR;Jahr;2023;DINSGF;Früheres Bundesgebiet / Neue Länder;DN;Neue Länder;WZ08C7;WZ2008 (ausgewählte Positionen): Tarifindex;WZ08-C;Verarbeitendes Gewerbe;108,6;2020=100;VST073;Index d.tarifl. Monatsverdienste mit Sonderzahl.
62221;Vj. Index der Tarifverdienste und Arbeitszeiten;JAHR;Jahr;2023;DINSGF;Früheres Bundesgebiet / Neue Länder;DN;Neue Länder;WZ08C7;WZ2008 (ausgewählte Positionen): Tarifindex;WZ08-C;Verarbeitendes Gewerbe;37,9;h;VST019;Durchschnittliche tarifliche Wochenarbeitszeit
62221;Vj. Index der Tarifverdienste und Arbeitszeiten;JAHR;Jahr;2023;DINSGF;Früheres Bundesgebiet / Neue Länder;DN;Neue Länder;WZ08C7;WZ2008 (ausgewählte Positionen): Tarifindex;WZ08-C;Verarbeitendes Gewerbe;104,9;2020=100;VST066;Index d.tarifl. Monatsverdienste ohne Sonderzahl.
62221;Vj. Index der Tarifverdienste und Arbeitszeiten;JAHR;Jahr;2023;DINSGF;Früheres Bundesgebiet / Neue Länder;DN;Neue Länder;WZ08C7;WZ2008 (ausgewählte Positionen): Tarifindex;WZ08-C;Verarbeitendes Gewerbe;99,5;2020=100;VST018;Index der tariflichen Wochenarbeitszeit
62221;Vj. Index der Tarifverdienste und Arbeitszeiten;JAHR;Jahr;2023;DINSGF;Früheres Bundesgebiet / Neue Länder;DN;Neue Länder;WZ08C7;WZ2008 (ausgewählte Positionen): Tarifindex;WZ08-C;Verarbeitendes Gewerbe;105,5;2020=100;VST065;Index d.tarifl. Stundenverdienste ohne Sonderzahl.
62221;Vj. Index der Tarifverdienste und Arbeitszeiten;JAHR;Jahr;2019;DINSGF;Früheres Bundesgebiet / Neue Länder;DF;Früheres Bundesgebiet;WZ08C7;WZ2008 (ausgewählte Positionen): Tarifindex;WZ08-S;Erbringung von sonstigen Dienstleistungen;97,6;2020=100;VST072;Index d.tarifl. Stundenverdienste mit Sonderzahl.
62221;Vj. Index der Tarifverdienste und Arbeitszeiten;JAHR;Jahr;2019;DINSGF;Früheres Bundesgebiet / Neue Länder;DF;Früheres Bundesgebiet;WZ08C7;WZ2008 (ausgewählte Positionen): Tarifindex;WZ08-S;Erbringung von sonstigen Dienstleistungen;97,7;2020=100;VST073;Index d.tarifl. Monatsverdienste mit Sonderzahl.
62221;Vj. Index der Tarifverdienste und Arbeitszeiten;JAHR;Jahr;2019;DINSGF;Früheres Bundesgebiet / Neue Länder;DF;Früheres Bundesgebiet;WZ08C7;WZ2008 (ausgewählte Positionen): Tarifindex;WZ08-S;Erbringung von sonstigen Dienstleistungen;39,0;h;VST019;Durchschnittliche tarifliche Wochenarbeitszeit
62221;Vj. Index der Tarifverdienste und Arbeitszeiten;JAHR;Jahr;2019;DINSGF;Früheres Bundesgebiet / Neue Länder;DF;Früheres Bundesgebiet;WZ08C7;WZ2008 (ausgewählte Positionen): Tarifindex;WZ08-S;Erbringung von sonstigen Dienstleistungen;97,7;2020=100;VST066;Index d.tarifl. Monatsverdienste ohne Sonderzahl.
62221;Vj. Index der Tarifverdienste und Arbeitszeiten;JAHR;Jahr;2019;DINSGF;Früheres Bundesgebiet / Neue Länder;DF;Früheres Bundesgebiet;WZ08C7;WZ2008 (ausgewählte Positionen): Tarifindex;WZ08-S;Erbringung von sonstigen Dienstleistungen;100,0;2020=100;VST018;Index der tariflichen Wochenarbeitszeit
62221;Vj. Index der Tarifverdienste und Arbeitszeiten;JAHR;Jahr;2019;DINSGF;Früheres Bundesgebiet / Neue Länder;DF;Früheres Bundesgebiet;WZ08C7;WZ2008 (ausgewählte Positionen): Tarifindex;WZ08-S;Erbringung von sonstigen Dienstleistungen;97,7;2020=100;VST065;Index d.tarifl. Stundenverdienste ohne Sonderzahl.
62221;Vj. Index der Tarifverdienste und Arbeitszeiten;JAHR;Jahr;2019;DINSGF;Früheres Bundesgebiet / Neue Länder;DN;Neue Länder;WZ08C7;WZ2008 (ausgewählte Positionen): Tarifindex;WZ08-A-03;Gesamtwirtschaft;97,5;2020=100;VST072;Index d.tarifl. Stundenverdienste mit Sonderzahl.
62221;Vj. Index der Tarifverdienste und Arbeitszeiten;JAHR;Jahr;2019;DINSGF;Früheres Bundesgebiet / Neue Länder;DN;Neue Länder;WZ08C7;WZ2008 (ausgewählte Positionen): Tarifindex;WZ08-A-03;Gesamtwirtschaft;97,6;2020=100;VST073;Index d.tarifl. Monatsverdienste mit Sonderzahl.
62221;Vj. Index der Tarifverdienste und Arbeitszeiten;JAHR;Jahr;2019;DINSGF;Früheres Bundesgebiet / Neue Länder;DN;Neue Länder;WZ08C7;WZ2008 (ausgewählte Positionen): Tarifindex;WZ08-A-03;Gesamtwirtschaft;39,0;h;VST019;Durchschnittliche tarifliche Wochenarbeitszeit
62221;Vj. Index der Tarifverdienste und Arbeitszeiten;JAHR;Jahr;2019;DINSGF;Früheres Bundesgebiet / Neue Länder;DN;Neue Länder;WZ08C7;WZ2008 (ausgewählte Positionen): Tarifindex;WZ08-A-03;Gesamtwirtschaft;97,2;2020=100;VST066;Index d.tarifl. Monatsverdienste ohne Sonderzahl.
62221;Vj. Index der Tarifverdienste und Arbeitszeiten;JAHR;Jahr;2019;DINSGF;Früheres Bundesgebiet / Neue Länder;DN;Neue Länder;WZ08C7;WZ2008 (ausgewählte Positionen): Tarifindex;WZ08-A-03;Gesamtwirtschaft;100,0;2020=100;VST018;Index der tariflichen Wochenarbeitszeit
62221;Vj. Index der Tarifverdienste und Arbeitszeiten;JAHR;Jahr;2019;DINSGF;Früheres Bundesgebiet / Neue Länder;DN;Neue Länder;WZ08C7;WZ2008 (ausgewählte Positionen): Tarifindex;WZ08-A-03;Gesamtwirtschaft;97,2;2020=100;VST065;Index d.tarifl. Stundenverdienste ohne Sonderzahl.
62221;Vj. Index der Tarifverdienste und Arbeitszeiten;JAHR;Jahr;2023;DINSGF;Früheres Bundesgebiet / Neue Länder;DN;Neue Länder;WZ08C7;WZ2008 (ausgewählte Positionen): Tarifindex;WZ08-O;Öff. Verwaltung, Verteidigung, Sozialversicherung;105,9;2020=100;VST072;Index d.tarifl. Stundenverdienste mit Sonderzahl.
62221;Vj. Index der Tarifverdienste und Arbeitszeiten;JAHR;Jahr;2023;DINSGF;Früheres Bundesgebiet / Neue Länder;DN;Neue Länder;WZ08C7;WZ2008 (ausgewählte Positionen): Tarifindex;WZ08-O;Öff. Verwaltung, Verteidigung, Sozialversicherung;105,9;2020=100;VST073;Index d.tarifl. Monatsverdienste mit Sonderzahl.
62221;Vj. Index der Tarifverdienste und Arbeitszeiten;JAHR;Jahr;2023;DINSGF;Früheres Bundesgebiet / Neue Länder;DN;Neue Länder;WZ08C7;WZ2008 (ausgewählte Positionen): Tarifindex;WZ08-O;Öff. Verwaltung, Verteidigung, Sozialversicherung;39,8;h;VST019;Durchschnittliche tarifliche Wochenarbeitszeit
62221;Vj. Index der Tarifverdienste und Arbeitszeiten;JAHR;Jahr;2023;DINSGF;Früheres Bundesgebiet / Neue Länder;DN;Neue Länder;WZ08C7;WZ2008 (ausgewählte Positionen): Tarifindex;WZ08-O;Öff. Verwaltung, Verteidigung, Sozialversicherung;103,8;2020=100;VST066;Index d.tarifl. Monatsverdienste ohne Sonderzahl.
62221;Vj. Index der Tarifverdienste und Arbeitszeiten;JAHR;Jahr;2023;DINSGF;Früheres Bundesgebiet / Neue Länder;DN;Neue Länder;WZ08C7;WZ2008 (ausgewählte Positionen): Tarifindex;WZ08-O;Öff. Verwaltung, Verteidigung, Sozialversicherung;100,0;2020=100;VST018;Index der tariflichen Wochenarbeitszeit
62221;Vj. Index der Tarifverdienste und Arbeitszeiten;JAHR;Jahr;2023;DINSGF;Früheres Bundesgebiet / Neue Länder;DN;Neue Länder;WZ08C7;WZ2008 (ausgewählte Positionen): Tarifindex;WZ08-O;Öff. Verwaltung, Verteidigung, Sozialversicherung;103,8;2020=100;VST065;Index d.tarifl. Stundenverdienste ohne Sonderzahl.
62221;Vj. Index der Tarifverdienste und Arbeitszeiten;JAHR;Jahr;2019;DINSGF;Früheres Bundesgebiet / Neue Länder;DF;Früheres Bundesgebiet;WZ08C7;WZ2008 (ausgewählte Positionen): Tarifindex;WZ08-M;Freiberufliche, wiss. u. techn. Dienstleistungen;98,4;2020=100;VST072;Index d.tarifl. Stundenverdienste mit Sonderzahl.
62221;Vj. Index der Tarifverdienste und Arbeitszeiten;JAHR;Jahr;2019;DINSGF;Früheres Bundesgebiet / Neue Länder;DF;Früheres Bundesgebiet;WZ08C7;WZ2008 (ausgewählte Positionen): Tarifindex;WZ08-M;Freiberufliche, wiss. u. techn. Dienstleistungen;98,4;2020=100;VST073;Index d.tarifl. Monatsverdienste mit Sonderzahl.
62221;Vj. Index der Tarifverdienste und Arbeitszeiten;JAHR;Jahr;2019;DINSGF;Früheres Bundesgebiet / Neue Länder;DF;Früheres Bundesgebiet;WZ08C7;WZ2008 (ausgewählte Positionen): Tarifindex;WZ08-M;Freiberufliche, wiss. u. techn. Dienstleistungen;37,7;h;VST019;Durchschnittliche tarifliche Wochenarbeitszeit
62221;Vj. Index der Tarifverdienste und Arbeitszeiten;JAHR;Jahr;2019;DINSGF;Früheres Bundesgebiet / Neue Länder;DF;Früheres Bundesgebiet;WZ08C7;WZ2008 (ausgewählte Positionen): Tarifindex;WZ08-M;Freiberufliche, wiss. u. techn. Dienstleistungen;98,3;2020=100;VST066;Index d.tarifl. Monatsverdienste ohne Sonderzahl.
62221;Vj. Index der Tarifverdienste und Arbeitszeiten;JAHR;Jahr;2019;DINSGF;Früheres Bundesgebiet / Neue Länder;DF;Früheres Bundesgebiet;WZ08C7;WZ2008 (ausgewählte Positionen): Tarifindex;WZ08-M;Freiberufliche, wiss. u. techn. Dienstleistungen;100,0;2020=100;VST018;Index der tariflichen Wochenarbeitszeit
62221;Vj. Index der Tarifverdienste und Arbeitszeiten;JAHR;Jahr;2019;DINSGF;Früheres Bundesgebiet / Neue Länder;DF;Früheres Bundesgebiet;WZ08C7;WZ2008 (ausgewählte Positionen): Tarifindex;WZ08-M;Freiberufliche, wiss. u. techn. Dienstleistungen;98,3;2020=100;VST065;Index d.tarifl. Stundenverdienste ohne Sonderzahl.
62221;Vj. Index der Tarifverdienste und Arbeitszeiten;JAHR;Jahr;2019;DINSGF;Früheres Bundesgebiet / Neue Länder;DF;Früheres Bundesgebiet;WZ08C7;WZ2008 (ausgewählte Positionen): Tarifindex;WZ08-G;Handel, Instandhaltung und Reparatur von Kfz;98,0;2020=100;VST072;Index d.tarifl. Stundenverdienste mit Sonderzahl.
62221;Vj. Index der Tarifverdienste und Arbeitszeiten;JAHR;Jahr;2019;DINSGF;Früheres Bundesgebiet / Neue Länder;DF;Früheres Bundesgebiet;WZ08C7;WZ2008 (ausgewählte Positionen): Tarifindex;WZ08-G;Handel, Instandhaltung und Reparatur von Kfz;98,0;2020=100;VST073;Index d.tarifl. Monatsverdienste mit Sonderzahl.
62221;Vj. Index der Tarifverdienste und Arbeitszeiten;JAHR;Jahr;2019;DINSGF;Früheres Bundesgebiet / Neue Länder;DF;Früheres Bundesgebiet;WZ08C7;WZ2008 (ausgewählte Positionen): Tarifindex;WZ08-G;Handel, Instandhaltung und Reparatur von Kfz;37,7;h;VST019;Durchschnittliche tarifliche Wochenarbeitszeit
62221;Vj. Index der Tarifverdienste und Arbeitszeiten;JAHR;Jahr;2019;DINSGF;Früheres Bundesgebiet / Neue Länder;DF;Früheres Bundesgebiet;WZ08C7;WZ2008 (ausgewählte Positionen): Tarifindex;WZ08-G;Handel, Instandhaltung und Reparatur von Kfz;97,7;2020=100;VST066;Index d.tarifl. Monatsverdienste ohne Sonderzahl.
62221;Vj. Index der Tarifverdienste und Arbeitszeiten;JAHR;Jahr;2019;DINSGF;Früheres Bundesgebiet / Neue Länder;DF;Früheres Bundesgebiet;WZ08C7;WZ2008 (ausgewählte Positionen): Tarifindex;WZ08-G;Handel, Instandhaltung und Reparatur von Kfz;100,0;2020=100;VST018;Index der tariflichen Wochenarbeitszeit
62221;Vj. Index der Tarifverdienste und Arbeitszeiten;JAHR;Jahr;2019;DINSGF;Früheres Bundesgebiet / Neue Länder;DF;Früheres Bundesgebiet;WZ08C7;WZ2008 (ausgewählte Positionen): Tarifindex;WZ08-G;Handel, Instandhaltung und Reparatur von Kfz;97,7;2020=100;VST065;Index d.tarifl. Stundenverdienste ohne Sonderzahl.
62221;Vj. Index der Tarifverdienste und Arbeitszeiten;JAHR;Jahr;2016;DINSGF;Früheres Bundesgebiet / Neue Länder;DN;Neue Länder;WZ08C7;WZ2008 (ausgewählte Positionen): Tarifindex;WZ08-29-01;Fahrzeugbau;90,4;2020=100;VST072;Index d.tarifl. Stundenverdienste mit Sonderzahl.
62221;Vj. Index der Tarifverdienste und Arbeitszeiten;JAHR;Jahr;2016;DINSGF;Früheres Bundesgebiet / Neue Länder;DN;Neue Länder;WZ08C7;WZ2008 (ausgewählte Positionen): Tarifindex;WZ08-29-01;Fahrzeugbau;90,5;2020=100;VST073;Index d.tarifl. Monatsverdienste mit Sonderzahl.
62221;Vj. Index der Tarifverdienste und Arbeitszeiten;JAHR;Jahr;2016;DINSGF;Früheres Bundesgebiet / Neue Länder;DN;Neue Länder;WZ08C7;WZ2008 (ausgewählte Positionen): Tarifindex;WZ08-29-01;Fahrzeugbau;37,7;h;VST019;Durchschnittliche tarifliche Wochenarbeitszeit
62221;Vj. Index der Tarifverdienste und Arbeitszeiten;JAHR;Jahr;2016;DINSGF;Früheres Bundesgebiet / Neue Länder;DN;Neue Länder;WZ08C7;WZ2008 (ausgewählte Positionen): Tarifindex;WZ08-29-01;Fahrzeugbau;92,7;2020=100;VST066;Index d.tarifl. Monatsverdienste ohne Sonderzahl.
62221;Vj. Index der Tarifverdienste und Arbeitszeiten;JAHR;Jahr;2016;DINSGF;Früheres Bundesgebiet / Neue Länder;DN;Neue Länder;WZ08C7;WZ2008 (ausgewählte Positionen): Tarifindex;WZ08-29-01;Fahrzeugbau;100,1;2020=100;VST018;Index der tariflichen Wochenarbeitszeit
62221;Vj. Index der Tarifverdienste und Arbeitszeiten;JAHR;Jahr;2016;DINSGF;Früheres Bundesgebiet / Neue Länder;DN;Neue Länder;WZ08C7;WZ2008 (ausgewählte Positionen): Tarifindex;WZ08-29-01;Fahrzeugbau;92,6;2020=100;VST065;Index d.tarifl. Stundenverdienste ohne Sonderzahl.
62221;Vj. Index der Tarifverdienste und Arbeitszeiten;JAHR;Jahr;2017;DINSGF;Früheres Bundesgebiet / Neue Länder;DN;Neue Länder;WZ08C7;WZ2008 (ausgewählte Positionen): Tarifindex;WZ08-G-03;Wirtschaftliche Dienstleistungen;91,9;2020=100;VST072;Index d.tarifl. Stundenverdienste mit Sonderzahl.
62221;Vj. Index der Tarifverdienste und Arbeitszeiten;JAHR;Jahr;2017;DINSGF;Früheres Bundesgebiet / Neue Länder;DN;Neue Länder;WZ08C7;WZ2008 (ausgewählte Positionen): Tarifindex;WZ08-G-03;Wirtschaftliche Dienstleistungen;92,2;2020=100;VST073;Index d.tarifl. Monatsverdienste mit Sonderzahl.
62221;Vj. Index der Tarifverdienste und Arbeitszeiten;JAHR;Jahr;2017;DINSGF;Früheres Bundesgebiet / Neue Länder;DN;Neue Länder;WZ08C7;WZ2008 (ausgewählte Positionen): Tarifindex;WZ08-G-03;Wirtschaftliche Dienstleistungen;38,1;h;VST019;Durchschnittliche tarifliche Wochenarbeitszeit
62221;Vj. Index der Tarifverdienste und Arbeitszeiten;JAHR;Jahr;2017;DINSGF;Früheres Bundesgebiet / Neue Länder;DN;Neue Länder;WZ08C7;WZ2008 (ausgewählte Positionen): Tarifindex;WZ08-G-03;Wirtschaftliche Dienstleistungen;92,3;2020=100;VST066;Index d.tarifl. Monatsverdienste ohne Sonderzahl.
62221;Vj. Index der Tarifverdienste und Arbeitszeiten;JAHR;Jahr;2017;DINSGF;Früheres Bundesgebiet / Neue Länder;DN;Neue Länder;WZ08C7;WZ2008 (ausgewählte Positionen): Tarifindex;WZ08-G-03;Wirtschaftliche Dienstleistungen;100,2;2020=100;VST018;Index der tariflichen Wochenarbeitszeit
62221;Vj. Index der Tarifverdienste und Arbeitszeiten;JAHR;Jahr;2017;DINSGF;Früheres Bundesgebiet / Neue Länder;DN;Neue Länder;WZ08C7;WZ2008 (ausgewählte Positionen): Tarifindex;WZ08-G-03;Wirtschaftliche Dienstleistungen;92,1;2020=100;VST065;Index d.tarifl. Stundenverdienste ohne Sonderzahl.
62221;Vj. Index der Tarifverdienste und Arbeitszeiten;JAHR;Jahr;2016;DINSGF;Früheres Bundesgebiet / Neue Länder;DF;Früheres Bundesgebiet;WZ08C7;WZ2008 (ausgewählte Positionen): Tarifindex;WZ08-31-01;Möbelherstellung, Installation von Maschinen;90,7;2020=100;VST072;Index d.tarifl. Stundenverdienste mit Sonderzahl.
62221;Vj. Index der Tarifverdienste und Arbeitszeiten;JAHR;Jahr;2016;DINSGF;Früheres Bundesgebiet / Neue Länder;DF;Früheres Bundesgebiet;WZ08C7;WZ2008 (ausgewählte Positionen): Tarifindex;WZ08-31-01;Möbelherstellung, Installation von Maschinen;90,7;2020=100;VST073;Index d.tarifl. Monatsverdienste mit Sonderzahl.
62221;Vj. Index der Tarifverdienste und Arbeitszeiten;JAHR;Jahr;2016;DINSGF;Früheres Bundesgebiet / Neue Länder;DF;Früheres Bundesgebiet;WZ08C7;WZ2008 (ausgewählte Positionen): Tarifindex;WZ08-31-01;Möbelherstellung, Installation von Maschinen;36,6;h;VST019;Durchschnittliche tarifliche Wochenarbeitszeit
62221;Vj. Index der Tarifverdienste und Arbeitszeiten;JAHR;Jahr;2016;DINSGF;Früheres Bundesgebiet / Neue Länder;DF;Früheres Bundesgebiet;WZ08C7;WZ2008 (ausgewählte Positionen): Tarifindex;WZ08-31-01;Möbelherstellung, Installation von Maschinen;91,9;2020=100;VST066;Index d.tarifl. Monatsverdienste ohne Sonderzahl.
62221;Vj. Index der Tarifverdienste und Arbeitszeiten;JAHR;Jahr;2016;DINSGF;Früheres Bundesgebiet / Neue Länder;DF;Früheres Bundesgebiet;WZ08C7;WZ2008 (ausgewählte Positionen): Tarifindex;WZ08-31-01;Möbelherstellung, Installation von Maschinen;100,0;2020=100;VST018;Index der tariflichen Wochenarbeitszeit
62221;Vj. Index der Tarifverdienste und Arbeitszeiten;JAHR;Jahr;2016;DINSGF;Früheres Bundesgebiet / Neue Länder;DF;Früheres Bundesgebiet;WZ08C7;WZ2008 (ausgewählte Positionen): Tarifindex;WZ08-31-01;Möbelherstellung, Installation von Maschinen;91,9;2020=100;VST065;Index d.tarifl. Stundenverdienste ohne Sonderzahl.
62221;Vj. Index der Tarifverdienste und Arbeitszeiten;JAHR;Jahr;2025;DINSGF;Früheres Bundesgebiet / Neue Länder;DN;Neue Länder;WZ08C7;WZ2008 (ausgewählte Positionen): Tarifindex;WZ08-77;Vermietung von beweglichen Sachen;122,1;2020=100;VST072;Index d.tarifl. Stundenverdienste mit Sonderzahl.
62221;Vj. Index der Tarifverdienste und Arbeitszeiten;JAHR;Jahr;2025;DINSGF;Früheres Bundesgebiet / Neue Länder;DN;Neue Länder;WZ08C7;WZ2008 (ausgewählte Positionen): Tarifindex;WZ08-77;Vermietung von beweglichen Sachen;121,2;2020=100;VST073;Index d.tarifl. Monatsverdienste mit Sonderzahl.
62221;Vj. Index der Tarifverdienste und Arbeitszeiten;JAHR;Jahr;2025;DINSGF;Früheres Bundesgebiet / Neue Länder;DN;Neue Länder;WZ08C7;WZ2008 (ausgewählte Positionen): Tarifindex;WZ08-77;Vermietung von beweglichen Sachen;39,5;h;VST019;Durchschnittliche tarifliche Wochenarbeitszeit
62221;Vj. Index der Tarifverdienste und Arbeitszeiten;JAHR;Jahr;2025;DINSGF;Früheres Bundesgebiet / Neue Länder;DN;Neue Länder;WZ08C7;WZ2008 (ausgewählte Positionen): Tarifindex;WZ08-77;Vermietung von beweglichen Sachen;120,7;2020=100;VST066;Index d.tarifl. Monatsverdienste ohne Sonderzahl.
62221;Vj. Index der Tarifverdienste und Arbeitszeiten;JAHR;Jahr;2025;DINSGF;Früheres Bundesgebiet / Neue Länder;DN;Neue Länder;WZ08C7;WZ2008 (ausgewählte Positionen): Tarifindex;WZ08-77;Vermietung von beweglichen Sachen;99,3;2020=100;VST018;Index der tariflichen Wochenarbeitszeit
62221;Vj. Index der Tarifverdienste und Arbeitszeiten;JAHR;Jahr;2025;DINSGF;Früheres Bundesgebiet / Neue Länder;DN;Neue Länder;WZ08C7;WZ2008 (ausgewählte Positionen): Tarifindex;WZ08-77;Vermietung von beweglichen Sachen;121,6;2020=100;VST065;Index d.tarifl. Stundenverdienste ohne Sonderzahl.
62221;Vj. Index der Tarifverdienste und Arbeitszeiten;JAHR;Jahr;2023;DINSGF;Früheres Bundesgebiet / Neue Länder;DN;Neue Länder;WZ08C7;WZ2008 (ausgewählte Positionen): Tarifindex;WZ08-65;Versicherungen, Rückversicherungen, Pensionskassen;108,2;2020=100;VST072;Index d.tarifl. Stundenverdienste mit Sonderzahl.
62221;Vj. Index der Tarifverdienste und Arbeitszeiten;JAHR;Jahr;2023;DINSGF;Früheres Bundesgebiet / Neue Länder;DN;Neue Länder;WZ08C7;WZ2008 (ausgewählte Positionen): Tarifindex;WZ08-65;Versicherungen, Rückversicherungen, Pensionskassen;108,2;2020=100;VST073;Index d.tarifl. Monatsverdienste mit Sonderzahl.
62221;Vj. Index der Tarifverdienste und Arbeitszeiten;JAHR;Jahr;2023;DINSGF;Früheres Bundesgebiet / Neue Länder;DN;Neue Länder;WZ08C7;WZ2008 (ausgewählte Positionen): Tarifindex;WZ08-65;Versicherungen, Rückversicherungen, Pensionskassen;38,4;h;VST019;Durchschnittliche tarifliche Wochenarbeitszeit
62221;Vj. Index der Tarifverdienste und Arbeitszeiten;JAHR;Jahr;2023;DINSGF;Früheres Bundesgebiet / Neue Länder;DN;Neue Länder;WZ08C7;WZ2008 (ausgewählte Positionen): Tarifindex;WZ08-65;Versicherungen, Rückversicherungen, Pensionskassen;106,0;2020=100;VST066;Index d.tarifl. Monatsverdienste ohne Sonderzahl.
62221;Vj. Index der Tarifverdienste und Arbeitszeiten;JAHR;Jahr;2023;DINSGF;Früheres Bundesgebiet / Neue Länder;DN;Neue Länder;WZ08C7;WZ2008 (ausgewählte Positionen): Tarifindex;WZ08-65;Versicherungen, Rückversicherungen, Pensionskassen;100,0;2020=100;VST018;Index der tariflichen Wochenarbeitszeit
62221;Vj. Index der Tarifverdienste und Arbeitszeiten;JAHR;Jahr;2023;DINSGF;Früheres Bundesgebiet / Neue Länder;DN;Neue Länder;WZ08C7;WZ2008 (ausgewählte Positionen): Tarifindex;WZ08-65;Versicherungen, Rückversicherungen, Pensionskassen;106,0;2020=100;VST065;Index d.tarifl. Stundenverdienste ohne Sonderzahl.
62221;Vj. Index der Tarifverdienste und Arbeitszeiten;JAHR;Jahr;2021;DINSGF;Früheres Bundesgebiet / Neue Länder;DF;Früheres Bundesgebiet;WZ08C7;WZ2008 (ausgewählte Positionen): Tarifindex;WZ08-77;Vermietung von beweglichen Sachen;101,8;2020=100;VST072;Index d.tarifl. Stundenverdienste mit Sonderzahl.
62221;Vj. Index der Tarifverdienste und Arbeitszeiten;JAHR;Jahr;2021;DINSGF;Früheres Bundesgebiet / Neue Länder;DF;Früheres Bundesgebiet;WZ08C7;WZ2008 (ausgewählte Positionen): Tarifindex;WZ08-77;Vermietung von beweglichen Sachen;101,8;2020=100;VST073;Index d.tarifl. Monatsverdienste mit Sonderzahl.
62221;Vj. Index der Tarifverdienste und Arbeitszeiten;JAHR;Jahr;2021;DINSGF;Früheres Bundesgebiet / Neue Länder;DF;Früheres Bundesgebiet;WZ08C7;WZ2008 (ausgewählte Positionen): Tarifindex;WZ08-77;Vermietung von beweglichen Sachen;38,6;h;VST019;Durchschnittliche tarifliche Wochenarbeitszeit
62221;Vj. Index der Tarifverdienste und Arbeitszeiten;JAHR;Jahr;2021;DINSGF;Früheres Bundesgebiet / Neue Länder;DF;Früheres Bundesgebiet;WZ08C7;WZ2008 (ausgewählte Positionen): Tarifindex;WZ08-77;Vermietung von beweglichen Sachen;101,9;2020=100;VST066;Index d.tarifl. Monatsverdienste ohne Sonderzahl.
62221;Vj. Index der Tarifverdienste und Arbeitszeiten;JAHR;Jahr;2021;DINSGF;Früheres Bundesgebiet / Neue Länder;DF;Früheres Bundesgebiet;WZ08C7;WZ2008 (ausgewählte Positionen): Tarifindex;WZ08-77;Vermietung von beweglichen Sachen;100,0;2020=100;VST018;Index der tariflichen Wochenarbeitszeit
62221;Vj. Index der Tarifverdienste und Arbeitszeiten;JAHR;Jahr;2021;DINSGF;Früheres Bundesgebiet / Neue Länder;DF;Früheres Bundesgebiet;WZ08C7;WZ2008 (ausgewählte Positionen): Tarifindex;WZ08-77;Vermietung von beweglichen Sachen;101,9;2020=100;VST065;Index d.tarifl. Stundenverdienste ohne Sonderzahl.
62221;Vj. Index der Tarifverdienste und Arbeitszeiten;JAHR;Jahr;2023;DINSGF;Früheres Bundesgebiet / Neue Länder;DN;Neue Länder;WZ08C7;WZ2008 (ausgewählte Positionen): Tarifindex;WZ08-92;Spiel-, Wett- und Lotteriewesen;106,9;2020=100;VST072;Index d.tarifl. Stundenverdienste mit Sonderzahl.
62221;Vj. Index der Tarifverdienste und Arbeitszeiten;JAHR;Jahr;2023;DINSGF;Früheres Bundesgebiet / Neue Länder;DN;Neue Länder;WZ08C7;WZ2008 (ausgewählte Positionen): Tarifindex;WZ08-92;Spiel-, Wett- und Lotteriewesen;106,9;2020=100;VST073;Index d.tarifl. Monatsverdienste mit Sonderzahl.
62221;Vj. Index der Tarifverdienste und Arbeitszeiten;JAHR;Jahr;2023;DINSGF;Früheres Bundesgebiet / Neue Länder;DN;Neue Länder;WZ08C7;WZ2008 (ausgewählte Positionen): Tarifindex;WZ08-92;Spiel-, Wett- und Lotteriewesen;39,3;h;VST019;Durchschnittliche tarifliche Wochenarbeitszeit
62221;Vj. Index der Tarifverdienste und Arbeitszeiten;JAHR;Jahr;2023;DINSGF;Früheres Bundesgebiet / Neue Länder;DN;Neue Länder;WZ08C7;WZ2008 (ausgewählte Positionen): Tarifindex;WZ08-92;Spiel-, Wett- und Lotteriewesen;106,0;2020=100;VST066;Index d.tarifl. Monatsverdienste ohne Sonderzahl.
62221;Vj. Index der Tarifverdienste und Arbeitszeiten;JAHR;Jahr;2023;DINSGF;Früheres Bundesgebiet / Neue Länder;DN;Neue Länder;WZ08C7;WZ2008 (ausgewählte Positionen): Tarifindex;WZ08-92;Spiel-, Wett- und Lotteriewesen;100,0;2020=100;VST018;Index der tariflichen Wochenarbeitszeit
62221;Vj. Index der Tarifverdienste und Arbeitszeiten;JAHR;Jahr;2023;DINSGF;Früheres Bundesgebiet / Neue Länder;DN;Neue Länder;WZ08C7;WZ2008 (ausgewählte Positionen): Tarifindex;WZ08-92;Spiel-, Wett- und Lotteriewesen;106,0;2020=100;VST065;Index d.tarifl. Stundenverdienste ohne Sonderzahl.
62221;Vj. Index der Tarifverdienste und Arbeitszeiten;JAHR;Jahr;2017;DINSGF;Früheres Bundesgebiet / Neue Länder;DN;Neue Länder;WZ08C7;WZ2008 (ausgewählte Positionen): Tarifindex;WZ08-82;Dienstleistungen für Unternehmen u.Privatpers. ang;93,4;2020=100;VST072;Index d.tarifl. Stundenverdienste mit Sonderzahl.
62221;Vj. Index der Tarifverdienste und Arbeitszeiten;JAHR;Jahr;2017;DINSGF;Früheres Bundesgebiet / Neue Länder;DN;Neue Länder;WZ08C7;WZ2008 (ausgewählte Positionen): Tarifindex;WZ08-82;Dienstleistungen für Unternehmen u.Privatpers. ang;93,4;2020=100;VST073;Index d.tarifl. Monatsverdienste mit Sonderzahl.
62221;Vj. Index der Tarifverdienste und Arbeitszeiten;JAHR;Jahr;2017;DINSGF;Früheres Bundesgebiet / Neue Länder;DN;Neue Länder;WZ08C7;WZ2008 (ausgewählte Positionen): Tarifindex;WZ08-82;Dienstleistungen für Unternehmen u.Privatpers. ang;39,1;h;VST019;Durchschnittliche tarifliche Wochenarbeitszeit
62221;Vj. Index der Tarifverdienste und Arbeitszeiten;JAHR;Jahr;2017;DINSGF;Früheres Bundesgebiet / Neue Länder;DN;Neue Länder;WZ08C7;WZ2008 (ausgewählte Positionen): Tarifindex;WZ08-82;Dienstleistungen für Unternehmen u.Privatpers. ang;93,2;2020=100;VST066;Index d.tarifl. Monatsverdienste ohne Sonderzahl.
62221;Vj. Index der Tarifverdienste und Arbeitszeiten;JAHR;Jahr;2017;DINSGF;Früheres Bundesgebiet / Neue Länder;DN;Neue Länder;WZ08C7;WZ2008 (ausgewählte Positionen): Tarifindex;WZ08-82;Dienstleistungen für Unternehmen u.Privatpers. ang;100,0;2020=100;VST018;Index der tariflichen Wochenarbeitszeit
62221;Vj. Index der Tarifverdienste und Arbeitszeiten;JAHR;Jahr;2017;DINSGF;Früheres Bundesgebiet / Neue Länder;DN;Neue Länder;WZ08C7;WZ2008 (ausgewählte Positionen): Tarifindex;WZ08-82;Dienstleistungen für Unternehmen u.Privatpers. ang;93,2;2020=100;VST065;Index d.tarifl. Stundenverdienste ohne Sonderzahl.
62221;Vj. Index der Tarifverdienste und Arbeitszeiten;JAHR;Jahr;2017;DINSGF;Früheres Bundesgebiet / Neue Länder;DN;Neue Länder;WZ08C7;WZ2008 (ausgewählte Positionen): Tarifindex;WZ08-88;Sozialwesen (ohne Heime);90,9;2020=100;VST072;Index d.tarifl. Stundenverdienste mit Sonderzahl.
62221;Vj. Index der Tarifverdienste und Arbeitszeiten;JAHR;Jahr;2017;DINSGF;Früheres Bundesgebiet / Neue Länder;DN;Neue Länder;WZ08C7;WZ2008 (ausgewählte Positionen): Tarifindex;WZ08-88;Sozialwesen (ohne Heime);91,3;2020=100;VST073;Index d.tarifl. Monatsverdienste mit Sonderzahl.
62221;Vj. Index der Tarifverdienste und Arbeitszeiten;JAHR;Jahr;2017;DINSGF;Früheres Bundesgebiet / Neue Länder;DN;Neue Länder;WZ08C7;WZ2008 (ausgewählte Positionen): Tarifindex;WZ08-88;Sozialwesen (ohne Heime);39,4;h;VST019;Durchschnittliche tarifliche Wochenarbeitszeit
62221;Vj. Index der Tarifverdienste und Arbeitszeiten;JAHR;Jahr;2017;DINSGF;Früheres Bundesgebiet / Neue Länder;DN;Neue Länder;WZ08C7;WZ2008 (ausgewählte Positionen): Tarifindex;WZ08-88;Sozialwesen (ohne Heime);91,6;2020=100;VST066;Index d.tarifl. Monatsverdienste ohne Sonderzahl.
62221;Vj. Index der Tarifverdienste und Arbeitszeiten;JAHR;Jahr;2017;DINSGF;Früheres Bundesgebiet / Neue Länder;DN;Neue Länder;WZ08C7;WZ2008 (ausgewählte Positionen): Tarifindex;WZ08-88;Sozialwesen (ohne Heime);100,5;2020=100;VST018;Index der tariflichen Wochenarbeitszeit
62221;Vj. Index der Tarifverdienste und Arbeitszeiten;JAHR;Jahr;2017;DINSGF;Früheres Bundesgebiet / Neue Länder;DN;Neue Länder;WZ08C7;WZ2008 (ausgewählte Positionen): Tarifindex;WZ08-88;Sozialwesen (ohne Heime);91,3;2020=100;VST065;Index d.tarifl. Stundenverdienste ohne Sonderzahl.
62221;Vj. Index der Tarifverdienste und Arbeitszeiten;JAHR;Jahr;2022;DINSGF;Früheres Bundesgebiet / Neue Länder;DF;Früheres Bundesgebiet;WZ08C7;WZ2008 (ausgewählte Positionen): Tarifindex;WZ08-B-12;Prod. Gewerbe, Handel, Verkehr und Lagerei;103,2;2020=100;VST072;Index d.tarifl. Stundenverdienste mit Sonderzahl.
62221;Vj. Index der Tarifverdienste und Arbeitszeiten;JAHR;Jahr;2022;DINSGF;Früheres Bundesgebiet / Neue Länder;DF;Früheres Bundesgebiet;WZ08C7;WZ2008 (ausgewählte Positionen): Tarifindex;WZ08-B-12;Prod. Gewerbe, Handel, Verkehr und Lagerei;103,2;2020=100;VST073;Index d.tarifl. Monatsverdienste mit Sonderzahl.
62221;Vj. Index der Tarifverdienste und Arbeitszeiten;JAHR;Jahr;2022;DINSGF;Früheres Bundesgebiet / Neue Länder;DF;Früheres Bundesgebiet;WZ08C7;WZ2008 (ausgewählte Positionen): Tarifindex;WZ08-B-12;Prod. Gewerbe, Handel, Verkehr und Lagerei;37,1;h;VST019;Durchschnittliche tarifliche Wochenarbeitszeit
62221;Vj. Index der Tarifverdienste und Arbeitszeiten;JAHR;Jahr;2022;DINSGF;Früheres Bundesgebiet / Neue Länder;DF;Früheres Bundesgebiet;WZ08C7;WZ2008 (ausgewählte Positionen): Tarifindex;WZ08-B-12;Prod. Gewerbe, Handel, Verkehr und Lagerei;102,3;2020=100;VST066;Index d.tarifl. Monatsverdienste ohne Sonderzahl.
62221;Vj. Index der Tarifverdienste und Arbeitszeiten;JAHR;Jahr;2022;DINSGF;Früheres Bundesgebiet / Neue Länder;DF;Früheres Bundesgebiet;WZ08C7;WZ2008 (ausgewählte Positionen): Tarifindex;WZ08-B-12;Prod. Gewerbe, Handel, Verkehr und Lagerei;100,0;2020=100;VST018;Index der tariflichen Wochenarbeitszeit
62221;Vj. Index der Tarifverdienste und Arbeitszeiten;JAHR;Jahr;2022;DINSGF;Früheres Bundesgebiet / Neue Länder;DF;Früheres Bundesgebiet;WZ08C7;WZ2008 (ausgewählte Positionen): Tarifindex;WZ08-B-12;Prod. Gewerbe, Handel, Verkehr und Lagerei;102,3;2020=100;VST065;Index d.tarifl. Stundenverdienste ohne Sonderzahl.
62221;Vj. Index der Tarifverdienste und Arbeitszeiten;JAHR;Jahr;2025;DINSGF;Früheres Bundesgebiet / Neue Länder;DN;Neue Länder;WZ08C7;WZ2008 (ausgewählte Positionen): Tarifindex;WZ08-86;Gesundheitswesen;118,9;2020=100;VST072;Index d.tarifl. Stundenverdienste mit Sonderzahl.
62221;Vj. Index der Tarifverdienste und Arbeitszeiten;JAHR;Jahr;2025;DINSGF;Früheres Bundesgebiet / Neue Länder;DN;Neue Länder;WZ08C7;WZ2008 (ausgewählte Positionen): Tarifindex;WZ08-86;Gesundheitswesen;118,3;2020=100;VST073;Index d.tarifl. Monatsverdienste mit Sonderzahl.
62221;Vj. Index der Tarifverdienste und Arbeitszeiten;JAHR;Jahr;2025;DINSGF;Früheres Bundesgebiet / Neue Länder;DN;Neue Länder;WZ08C7;WZ2008 (ausgewählte Positionen): Tarifindex;WZ08-86;Gesundheitswesen;39,3;h;VST019;Durchschnittliche tarifliche Wochenarbeitszeit
62221;Vj. Index der Tarifverdienste und Arbeitszeiten;JAHR;Jahr;2025;DINSGF;Früheres Bundesgebiet / Neue Länder;DN;Neue Länder;WZ08C7;WZ2008 (ausgewählte Positionen): Tarifindex;WZ08-86;Gesundheitswesen;118,0;2020=100;VST066;Index d.tarifl. Monatsverdienste ohne Sonderzahl.
62221;Vj. Index der Tarifverdienste und Arbeitszeiten;JAHR;Jahr;2025;DINSGF;Früheres Bundesgebiet / Neue Länder;DN;Neue Länder;WZ08C7;WZ2008 (ausgewählte Positionen): Tarifindex;WZ08-86;Gesundheitswesen;99,4;2020=100;VST018;Index der tariflichen Wochenarbeitszeit
62221;Vj. Index der Tarifverdienste und Arbeitszeiten;JAHR;Jahr;2025;DINSGF;Früheres Bundesgebiet / Neue Länder;DN;Neue Länder;WZ08C7;WZ2008 (ausgewählte Positionen): Tarifindex;WZ08-86;Gesundheitswesen;118,6;2020=100;VST065;Index d.tarifl. Stundenverdienste ohne Sonderzahl.
62221;Vj. Index der Tarifverdienste und Arbeitszeiten;JAHR;Jahr;2025;DINSGF;Früheres Bundesgebiet / Neue Länder;DN;Neue Länder;WZ08C7;WZ2008 (ausgewählte Positionen): Tarifindex;WZ08-80;Wach- und Sicherheitsdienste sowie Detekteien;136,2;2020=100;VST072;Index d.tarifl. Stundenverdienste mit Sonderzahl.
62221;Vj. Index der Tarifverdienste und Arbeitszeiten;JAHR;Jahr;2025;DINSGF;Früheres Bundesgebiet / Neue Länder;DN;Neue Länder;WZ08C7;WZ2008 (ausgewählte Positionen): Tarifindex;WZ08-80;Wach- und Sicherheitsdienste sowie Detekteien;136,2;2020=100;VST073;Index d.tarifl. Monatsverdienste mit Sonderzahl.
62221;Vj. Index der Tarifverdienste und Arbeitszeiten;JAHR;Jahr;2025;DINSGF;Früheres Bundesgebiet / Neue Länder;DN;Neue Länder;WZ08C7;WZ2008 (ausgewählte Positionen): Tarifindex;WZ08-80;Wach- und Sicherheitsdienste sowie Detekteien;40,0;h;VST019;Durchschnittliche tarifliche Wochenarbeitszeit
62221;Vj. Index der Tarifverdienste und Arbeitszeiten;JAHR;Jahr;2025;DINSGF;Früheres Bundesgebiet / Neue Länder;DN;Neue Länder;WZ08C7;WZ2008 (ausgewählte Positionen): Tarifindex;WZ08-80;Wach- und Sicherheitsdienste sowie Detekteien;134,7;2020=100;VST066;Index d.tarifl. Monatsverdienste ohne Sonderzahl.
62221;Vj. Index der Tarifverdienste und Arbeitszeiten;JAHR;Jahr;2025;DINSGF;Früheres Bundesgebiet / Neue Länder;DN;Neue Länder;WZ08C7;WZ2008 (ausgewählte Positionen): Tarifindex;WZ08-80;Wach- und Sicherheitsdienste sowie Detekteien;100,0;2020=100;VST018;Index der tariflichen Wochenarbeitszeit
62221;Vj. Index der Tarifverdienste und Arbeitszeiten;JAHR;Jahr;2025;DINSGF;Früheres Bundesgebiet / Neue Länder;DN;Neue Länder;WZ08C7;WZ2008 (ausgewählte Positionen): Tarifindex;WZ08-80;Wach- und Sicherheitsdienste sowie Detekteien;134,7;2020=100;VST065;Index d.tarifl. Stundenverdienste ohne Sonderzahl.
62221;Vj. Index der Tarifverdienste und Arbeitszeiten;JAHR;Jahr;2017;DINSGF;Früheres Bundesgebiet / Neue Länder;DN;Neue Länder;WZ08C7;WZ2008 (ausgewählte Positionen): Tarifindex;WZ08-91;Bibliotheken, Archive, Museen, bot. u. zoo. Gärten;91,5;2020=100;VST072;Index d.tarifl. Stundenverdienste mit Sonderzahl.
62221;Vj. Index der Tarifverdienste und Arbeitszeiten;JAHR;Jahr;2017;DINSGF;Früheres Bundesgebiet / Neue Länder;DN;Neue Länder;WZ08C7;WZ2008 (ausgewählte Positionen): Tarifindex;WZ08-91;Bibliotheken, Archive, Museen, bot. u. zoo. Gärten;91,5;2020=100;VST073;Index d.tarifl. Monatsverdienste mit Sonderzahl.
62221;Vj. Index der Tarifverdienste und Arbeitszeiten;JAHR;Jahr;2017;DINSGF;Früheres Bundesgebiet / Neue Länder;DN;Neue Länder;WZ08C7;WZ2008 (ausgewählte Positionen): Tarifindex;WZ08-91;Bibliotheken, Archive, Museen, bot. u. zoo. Gärten;39,1;h;VST019;Durchschnittliche tarifliche Wochenarbeitszeit
62221;Vj. Index der Tarifverdienste und Arbeitszeiten;JAHR;Jahr;2017;DINSGF;Früheres Bundesgebiet / Neue Länder;DN;Neue Länder;WZ08C7;WZ2008 (ausgewählte Positionen): Tarifindex;WZ08-91;Bibliotheken, Archive, Museen, bot. u. zoo. Gärten;91,5;2020=100;VST066;Index d.tarifl. Monatsverdienste ohne Sonderzahl.
62221;Vj. Index der Tarifverdienste und Arbeitszeiten;JAHR;Jahr;2017;DINSGF;Früheres Bundesgebiet / Neue Länder;DN;Neue Länder;WZ08C7;WZ2008 (ausgewählte Positionen): Tarifindex;WZ08-91;Bibliotheken, Archive, Museen, bot. u. zoo. Gärten;100,0;2020=100;VST018;Index der tariflichen Wochenarbeitszeit
62221;Vj. Index der Tarifverdienste und Arbeitszeiten;JAHR;Jahr;2017;DINSGF;Früheres Bundesgebiet / Neue Länder;DN;Neue Länder;WZ08C7;WZ2008 (ausgewählte Positionen): Tarifindex;WZ08-91;Bibliotheken, Archive, Museen, bot. u. zoo. Gärten;91,5;2020=100;VST065;Index d.tarifl. Stundenverdienste ohne Sonderzahl.
62221;Vj. Index der Tarifverdienste und Arbeitszeiten;JAHR;Jahr;2017;DINSGF;Früheres Bundesgebiet / Neue Länder;DN;Neue Länder;WZ08C7;WZ2008 (ausgewählte Positionen): Tarifindex;WZ08-79;Reisebüros, -veranstalter u. sonst. Reservierungen;94,1;2020=100;VST072;Index d.tarifl. Stundenverdienste mit Sonderzahl.
62221;Vj. Index der Tarifverdienste und Arbeitszeiten;JAHR;Jahr;2017;DINSGF;Früheres Bundesgebiet / Neue Länder;DN;Neue Länder;WZ08C7;WZ2008 (ausgewählte Positionen): Tarifindex;WZ08-79;Reisebüros, -veranstalter u. sonst. Reservierungen;94,1;2020=100;VST073;Index d.tarifl. Monatsverdienste mit Sonderzahl.
62221;Vj. Index der Tarifverdienste und Arbeitszeiten;JAHR;Jahr;2017;DINSGF;Früheres Bundesgebiet / Neue Länder;DN;Neue Länder;WZ08C7;WZ2008 (ausgewählte Positionen): Tarifindex;WZ08-79;Reisebüros, -veranstalter u. sonst. Reservierungen;38,9;h;VST019;Durchschnittliche tarifliche Wochenarbeitszeit
62221;Vj. Index der Tarifverdienste und Arbeitszeiten;JAHR;Jahr;2017;DINSGF;Früheres Bundesgebiet / Neue Länder;DN;Neue Länder;WZ08C7;WZ2008 (ausgewählte Positionen): Tarifindex;WZ08-79;Reisebüros, -veranstalter u. sonst. Reservierungen;94,1;2020=100;VST066;Index d.tarifl. Monatsverdienste ohne Sonderzahl.
62221;Vj. Index der Tarifverdienste und Arbeitszeiten;JAHR;Jahr;2017;DINSGF;Früheres Bundesgebiet / Neue Länder;DN;Neue Länder;WZ08C7;WZ2008 (ausgewählte Positionen): Tarifindex;WZ08-79;Reisebüros, -veranstalter u. sonst. Reservierungen;100,0;2020=100;VST018;Index der tariflichen Wochenarbeitszeit
62221;Vj. Index der Tarifverdienste und Arbeitszeiten;JAHR;Jahr;2017;DINSGF;Früheres Bundesgebiet / Neue Länder;DN;Neue Länder;WZ08C7;WZ2008 (ausgewählte Positionen): Tarifindex;WZ08-79;Reisebüros, -veranstalter u. sonst. Reservierungen;94,1;2020=100;VST065;Index d.tarifl. Stundenverdienste ohne Sonderzahl.
62221;Vj. Index der Tarifverdienste und Arbeitszeiten;JAHR;Jahr;2018;DINSGF;Früheres Bundesgebiet / Neue Länder;DN;Neue Länder;WZ08C7;WZ2008 (ausgewählte Positionen): Tarifindex;WZ08-64;Erbringung von Finanzdienstleistungen;95,5;2020=100;VST072;Index d.tarifl. Stundenverdienste mit Sonderzahl.
62221;Vj. Index der Tarifverdienste und Arbeitszeiten;JAHR;Jahr;2018;DINSGF;Früheres Bundesgebiet / Neue Länder;DN;Neue Länder;WZ08C7;WZ2008 (ausgewählte Positionen): Tarifindex;WZ08-64;Erbringung von Finanzdienstleistungen;95,6;2020=100;VST073;Index d.tarifl. Monatsverdienste mit Sonderzahl.
62221;Vj. Index der Tarifverdienste und Arbeitszeiten;JAHR;Jahr;2018;DINSGF;Früheres Bundesgebiet / Neue Länder;DN;Neue Länder;WZ08C7;WZ2008 (ausgewählte Positionen): Tarifindex;WZ08-64;Erbringung von Finanzdienstleistungen;39,0;h;VST019;Durchschnittliche tarifliche Wochenarbeitszeit
62221;Vj. Index der Tarifverdienste und Arbeitszeiten;JAHR;Jahr;2018;DINSGF;Früheres Bundesgebiet / Neue Länder;DN;Neue Länder;WZ08C7;WZ2008 (ausgewählte Positionen): Tarifindex;WZ08-64;Erbringung von Finanzdienstleistungen;95,0;2020=100;VST066;Index d.tarifl. Monatsverdienste ohne Sonderzahl.
62221;Vj. Index der Tarifverdienste und Arbeitszeiten;JAHR;Jahr;2018;DINSGF;Früheres Bundesgebiet / Neue Länder;DN;Neue Länder;WZ08C7;WZ2008 (ausgewählte Positionen): Tarifindex;WZ08-64;Erbringung von Finanzdienstleistungen;100,0;2020=100;VST018;Index der tariflichen Wochenarbeitszeit
62221;Vj. Index der Tarifverdienste und Arbeitszeiten;JAHR;Jahr;2018;DINSGF;Früheres Bundesgebiet / Neue Länder;DN;Neue Länder;WZ08C7;WZ2008 (ausgewählte Positionen): Tarifindex;WZ08-64;Erbringung von Finanzdienstleistungen;95,0;2020=100;VST065;Index d.tarifl. Stundenverdienste ohne Sonderzahl.
62221;Vj. Index der Tarifverdienste und Arbeitszeiten;JAHR;Jahr;2025;DINSGF;Früheres Bundesgebiet / Neue Länder;DF;Früheres Bundesgebiet;WZ08C7;WZ2008 (ausgewählte Positionen): Tarifindex;WZ08-10;Herstellung von Nahrungs- und Futtermitteln;120,8;2020=100;VST072;Index d.tarifl. Stundenverdienste mit Sonderzahl.
62221;Vj. Index der Tarifverdienste und Arbeitszeiten;JAHR;Jahr;2025;DINSGF;Früheres Bundesgebiet / Neue Länder;DF;Früheres Bundesgebiet;WZ08C7;WZ2008 (ausgewählte Positionen): Tarifindex;WZ08-10;Herstellung von Nahrungs- und Futtermitteln;120,9;2020=100;VST073;Index d.tarifl. Monatsverdienste mit Sonderzahl.
62221;Vj. Index der Tarifverdienste und Arbeitszeiten;JAHR;Jahr;2025;DINSGF;Früheres Bundesgebiet / Neue Länder;DF;Früheres Bundesgebiet;WZ08C7;WZ2008 (ausgewählte Positionen): Tarifindex;WZ08-10;Herstellung von Nahrungs- und Futtermitteln;38,2;h;VST019;Durchschnittliche tarifliche Wochenarbeitszeit
62221;Vj. Index der Tarifverdienste und Arbeitszeiten;JAHR;Jahr;2025;DINSGF;Früheres Bundesgebiet / Neue Länder;DF;Früheres Bundesgebiet;WZ08C7;WZ2008 (ausgewählte Positionen): Tarifindex;WZ08-10;Herstellung von Nahrungs- und Futtermitteln;120,7;2020=100;VST066;Index d.tarifl. Monatsverdienste ohne Sonderzahl.
62221;Vj. Index der Tarifverdienste und Arbeitszeiten;JAHR;Jahr;2025;DINSGF;Früheres Bundesgebiet / Neue Länder;DF;Früheres Bundesgebiet;WZ08C7;WZ2008 (ausgewählte Positionen): Tarifindex;WZ08-10;Herstellung von Nahrungs- und Futtermitteln;100,1;2020=100;VST018;Index der tariflichen Wochenarbeitszeit
62221;Vj. Index der Tarifverdienste und Arbeitszeiten;JAHR;Jahr;2025;DINSGF;Früheres Bundesgebiet / Neue Länder;DF;Früheres Bundesgebiet;WZ08C7;WZ2008 (ausgewählte Positionen): Tarifindex;WZ08-10;Herstellung von Nahrungs- und Futtermitteln;120,6;2020=100;VST065;Index d.tarifl. Stundenverdienste ohne Sonderzahl.
62221;Vj. Index der Tarifverdienste und Arbeitszeiten;JAHR;Jahr;2025;DINSGF;Früheres Bundesgebiet / Neue Länder;DF;Früheres Bundesgebiet;WZ08C7;WZ2008 (ausgewählte Positionen): Tarifindex;WZ-X004;Verbrauchsgüterproduzenten;119,3;2020=100;VST072;Index d.tarifl. Stundenverdienste mit Sonderzahl.
62221;Vj. Index der Tarifverdienste und Arbeitszeiten;JAHR;Jahr;2025;DINSGF;Früheres Bundesgebiet / Neue Länder;DF;Früheres Bundesgebiet;WZ08C7;WZ2008 (ausgewählte Positionen): Tarifindex;WZ-X004;Verbrauchsgüterproduzenten;119,3;2020=100;VST073;Index d.tarifl. Monatsverdienste mit Sonderzahl.
62221;Vj. Index der Tarifverdienste und Arbeitszeiten;JAHR;Jahr;2025;DINSGF;Früheres Bundesgebiet / Neue Länder;DF;Früheres Bundesgebiet;WZ08C7;WZ2008 (ausgewählte Positionen): Tarifindex;WZ-X004;Verbrauchsgüterproduzenten;38,0;h;VST019;Durchschnittliche tarifliche Wochenarbeitszeit
62221;Vj. Index der Tarifverdienste und Arbeitszeiten;JAHR;Jahr;2025;DINSGF;Früheres Bundesgebiet / Neue Länder;DF;Früheres Bundesgebiet;WZ08C7;WZ2008 (ausgewählte Positionen): Tarifindex;WZ-X004;Verbrauchsgüterproduzenten;119,2;2020=100;VST066;Index d.tarifl. Monatsverdienste ohne Sonderzahl.
62221;Vj. Index der Tarifverdienste und Arbeitszeiten;JAHR;Jahr;2025;DINSGF;Früheres Bundesgebiet / Neue Länder;DF;Früheres Bundesgebiet;WZ08C7;WZ2008 (ausgewählte Positionen): Tarifindex;WZ-X004;Verbrauchsgüterproduzenten;100,0;2020=100;VST018;Index der tariflichen Wochenarbeitszeit
62221;Vj. Index der Tarifverdienste und Arbeitszeiten;JAHR;Jahr;2025;DINSGF;Früheres Bundesgebiet / Neue Länder;DF;Früheres Bundesgebiet;WZ08C7;WZ2008 (ausgewählte Positionen): Tarifindex;WZ-X004;Verbrauchsgüterproduzenten;119,1;2020=100;VST065;Index d.tarifl. Stundenverdienste ohne Sonderzahl.
62221;Vj. Index der Tarifverdienste und Arbeitszeiten;JAHR;Jahr;2021;DINSGF;Früheres Bundesgebiet / Neue Länder;DN;Neue Länder;WZ08C7;WZ2008 (ausgewählte Positionen): Tarifindex;WZ08-491-01;Personen- u. Güterbeförderung im Eisenbahnverkehr;102,5;2020=100;VST072;Index d.tarifl. Stundenverdienste mit Sonderzahl.
62221;Vj. Index der Tarifverdienste und Arbeitszeiten;JAHR;Jahr;2021;DINSGF;Früheres Bundesgebiet / Neue Länder;DN;Neue Länder;WZ08C7;WZ2008 (ausgewählte Positionen): Tarifindex;WZ08-491-01;Personen- u. Güterbeförderung im Eisenbahnverkehr;102,5;2020=100;VST073;Index d.tarifl. Monatsverdienste mit Sonderzahl.
62221;Vj. Index der Tarifverdienste und Arbeitszeiten;JAHR;Jahr;2021;DINSGF;Früheres Bundesgebiet / Neue Länder;DN;Neue Länder;WZ08C7;WZ2008 (ausgewählte Positionen): Tarifindex;WZ08-491-01;Personen- u. Güterbeförderung im Eisenbahnverkehr;39,9;h;VST019;Durchschnittliche tarifliche Wochenarbeitszeit
62221;Vj. Index der Tarifverdienste und Arbeitszeiten;JAHR;Jahr;2021;DINSGF;Früheres Bundesgebiet / Neue Länder;DN;Neue Länder;WZ08C7;WZ2008 (ausgewählte Positionen): Tarifindex;WZ08-491-01;Personen- u. Güterbeförderung im Eisenbahnverkehr;101,3;2020=100;VST066;Index d.tarifl. Monatsverdienste ohne Sonderzahl.
62221;Vj. Index der Tarifverdienste und Arbeitszeiten;JAHR;Jahr;2021;DINSGF;Früheres Bundesgebiet / Neue Länder;DN;Neue Länder;WZ08C7;WZ2008 (ausgewählte Positionen): Tarifindex;WZ08-491-01;Personen- u. Güterbeförderung im Eisenbahnverkehr;100,0;2020=100;VST018;Index der tariflichen Wochenarbeitszeit
62221;Vj. Index der Tarifverdienste und Arbeitszeiten;JAHR;Jahr;2021;DINSGF;Früheres Bundesgebiet / Neue Länder;DN;Neue Länder;WZ08C7;WZ2008 (ausgewählte Positionen): Tarifindex;WZ08-491-01;Personen- u. Güterbeförderung im Eisenbahnverkehr;101,3;2020=100;VST065;Index d.tarifl. Stundenverdienste ohne Sonderzahl.
62221;Vj. Index der Tarifverdienste und Arbeitszeiten;JAHR;Jahr;2020;DINSGF;Früheres Bundesgebiet / Neue Länder;DF;Früheres Bundesgebiet;WZ08C7;WZ2008 (ausgewählte Positionen): Tarifindex;WZ08-72-01;Forschung,Werbung u.Marktforschung,Veterinärwesen;100,0;2020=100;VST072;Index d.tarifl. Stundenverdienste mit Sonderzahl.
62221;Vj. Index der Tarifverdienste und Arbeitszeiten;JAHR;Jahr;2020;DINSGF;Früheres Bundesgebiet / Neue Länder;DF;Früheres Bundesgebiet;WZ08C7;WZ2008 (ausgewählte Positionen): Tarifindex;WZ08-72-01;Forschung,Werbung u.Marktforschung,Veterinärwesen;100,0;2020=100;VST073;Index d.tarifl. Monatsverdienste mit Sonderzahl.
62221;Vj. Index der Tarifverdienste und Arbeitszeiten;JAHR;Jahr;2020;DINSGF;Früheres Bundesgebiet / Neue Länder;DF;Früheres Bundesgebiet;WZ08C7;WZ2008 (ausgewählte Positionen): Tarifindex;WZ08-72-01;Forschung,Werbung u.Marktforschung,Veterinärwesen;38,9;h;VST019;Durchschnittliche tarifliche Wochenarbeitszeit
62221;Vj. Index der Tarifverdienste und Arbeitszeiten;JAHR;Jahr;2020;DINSGF;Früheres Bundesgebiet / Neue Länder;DF;Früheres Bundesgebiet;WZ08C7;WZ2008 (ausgewählte Positionen): Tarifindex;WZ08-72-01;Forschung,Werbung u.Marktforschung,Veterinärwesen;100,0;2020=100;VST066;Index d.tarifl. Monatsverdienste ohne Sonderzahl.
62221;Vj. Index der Tarifverdienste und Arbeitszeiten;JAHR;Jahr;2020;DINSGF;Früheres Bundesgebiet / Neue Länder;DF;Früheres Bundesgebiet;WZ08C7;WZ2008 (ausgewählte Positionen): Tarifindex;WZ08-72-01;Forschung,Werbung u.Marktforschung,Veterinärwesen;100,0;2020=100;VST018;Index der tariflichen Wochenarbeitszeit
62221;Vj. Index der Tarifverdienste und Arbeitszeiten;JAHR;Jahr;2020;DINSGF;Früheres Bundesgebiet / Neue Länder;DF;Früheres Bundesgebiet;WZ08C7;WZ2008 (ausgewählte Positionen): Tarifindex;WZ08-72-01;Forschung,Werbung u.Marktforschung,Veterinärwesen;100,0;2020=100;VST065;Index d.tarifl. Stundenverdienste ohne Sonderzahl.
62221;Vj. Index der Tarifverdienste und Arbeitszeiten;JAHR;Jahr;2023;DINSGF;Früheres Bundesgebiet / Neue Länder;DN;Neue Länder;WZ08C7;WZ2008 (ausgewählte Positionen): Tarifindex;WZ08-47;Einzelhandel (ohne Handel mit Kraftfahrzeugen);106,5;2020=100;VST072;Index d.tarifl. Stundenverdienste mit Sonderzahl.
62221;Vj. Index der Tarifverdienste und Arbeitszeiten;JAHR;Jahr;2023;DINSGF;Früheres Bundesgebiet / Neue Länder;DN;Neue Länder;WZ08C7;WZ2008 (ausgewählte Positionen): Tarifindex;WZ08-47;Einzelhandel (ohne Handel mit Kraftfahrzeugen);106,5;2020=100;VST073;Index d.tarifl. Monatsverdienste mit Sonderzahl.
62221;Vj. Index der Tarifverdienste und Arbeitszeiten;JAHR;Jahr;2023;DINSGF;Früheres Bundesgebiet / Neue Länder;DN;Neue Länder;WZ08C7;WZ2008 (ausgewählte Positionen): Tarifindex;WZ08-47;Einzelhandel (ohne Handel mit Kraftfahrzeugen);38,3;h;VST019;Durchschnittliche tarifliche Wochenarbeitszeit
62221;Vj. Index der Tarifverdienste und Arbeitszeiten;JAHR;Jahr;2023;DINSGF;Früheres Bundesgebiet / Neue Länder;DN;Neue Länder;WZ08C7;WZ2008 (ausgewählte Positionen): Tarifindex;WZ08-47;Einzelhandel (ohne Handel mit Kraftfahrzeugen);106,4;2020=100;VST066;Index d.tarifl. Monatsverdienste ohne Sonderzahl.
62221;Vj. Index der Tarifverdienste und Arbeitszeiten;JAHR;Jahr;2023;DINSGF;Früheres Bundesgebiet / Neue Länder;DN;Neue Länder;WZ08C7;WZ2008 (ausgewählte Positionen): Tarifindex;WZ08-47;Einzelhandel (ohne Handel mit Kraftfahrzeugen);100,0;2020=100;VST018;Index der tariflichen Wochenarbeitszeit
62221;Vj. Index der Tarifverdienste und Arbeitszeiten;JAHR;Jahr;2023;DINSGF;Früheres Bundesgebiet / Neue Länder;DN;Neue Länder;WZ08C7;WZ2008 (ausgewählte Positionen): Tarifindex;WZ08-47;Einzelhandel (ohne Handel mit Kraftfahrzeugen);106,4;2020=100;VST065;Index d.tarifl. Stundenverdienste ohne Sonderzahl.
62221;Vj. Index der Tarifverdienste und Arbeitszeiten;JAHR;Jahr;2025;DINSGF;Früheres Bundesgebiet / Neue Länder;DF;Früheres Bundesgebiet;WZ08C7;WZ2008 (ausgewählte Positionen): Tarifindex;WZ08-O-01;Öffentliche und persönliche Dienstleistungen;114,8;2020=100;VST072;Index d.tarifl. Stundenverdienste mit Sonderzahl.
62221;Vj. Index der Tarifverdienste und Arbeitszeiten;JAHR;Jahr;2025;DINSGF;Früheres Bundesgebiet / Neue Länder;DF;Früheres Bundesgebiet;WZ08C7;WZ2008 (ausgewählte Positionen): Tarifindex;WZ08-O-01;Öffentliche und persönliche Dienstleistungen;114,8;2020=100;VST073;Index d.tarifl. Monatsverdienste mit Sonderzahl.
62221;Vj. Index der Tarifverdienste und Arbeitszeiten;JAHR;Jahr;2025;DINSGF;Früheres Bundesgebiet / Neue Länder;DF;Früheres Bundesgebiet;WZ08C7;WZ2008 (ausgewählte Positionen): Tarifindex;WZ08-O-01;Öffentliche und persönliche Dienstleistungen;39,8;h;VST019;Durchschnittliche tarifliche Wochenarbeitszeit
62221;Vj. Index der Tarifverdienste und Arbeitszeiten;JAHR;Jahr;2025;DINSGF;Früheres Bundesgebiet / Neue Länder;DF;Früheres Bundesgebiet;WZ08C7;WZ2008 (ausgewählte Positionen): Tarifindex;WZ08-O-01;Öffentliche und persönliche Dienstleistungen;114,8;2020=100;VST066;Index d.tarifl. Monatsverdienste ohne Sonderzahl.
62221;Vj. Index der Tarifverdienste und Arbeitszeiten;JAHR;Jahr;2025;DINSGF;Früheres Bundesgebiet / Neue Länder;DF;Früheres Bundesgebiet;WZ08C7;WZ2008 (ausgewählte Positionen): Tarifindex;WZ08-O-01;Öffentliche und persönliche Dienstleistungen;99,7;2020=100;VST018;Index der tariflichen Wochenarbeitszeit
62221;Vj. Index der Tarifverdienste und Arbeitszeiten;JAHR;Jahr;2025;DINSGF;Früheres Bundesgebiet / Neue Länder;DF;Früheres Bundesgebiet;WZ08C7;WZ2008 (ausgewählte Positionen): Tarifindex;WZ08-O-01;Öffentliche und persönliche Dienstleistungen;114,8;2020=100;VST065;Index d.tarifl. Stundenverdienste ohne Sonderzahl.
62221;Vj. Index der Tarifverdienste und Arbeitszeiten;JAHR;Jahr;2017;DINSGF;Früheres Bundesgebiet / Neue Länder;DN;Neue Länder;WZ08C7;WZ2008 (ausgewählte Positionen): Tarifindex;WZ08-73;Werbung und Marktforschung;93,1;2020=100;VST072;Index d.tarifl. Stundenverdienste mit Sonderzahl.
62221;Vj. Index der Tarifverdienste und Arbeitszeiten;JAHR;Jahr;2017;DINSGF;Früheres Bundesgebiet / Neue Länder;DN;Neue Länder;WZ08C7;WZ2008 (ausgewählte Positionen): Tarifindex;WZ08-73;Werbung und Marktforschung;93,1;2020=100;VST073;Index d.tarifl. Monatsverdienste mit Sonderzahl.
62221;Vj. Index der Tarifverdienste und Arbeitszeiten;JAHR;Jahr;2017;DINSGF;Früheres Bundesgebiet / Neue Länder;DN;Neue Länder;WZ08C7;WZ2008 (ausgewählte Positionen): Tarifindex;WZ08-73;Werbung und Marktforschung;38,5;h;VST019;Durchschnittliche tarifliche Wochenarbeitszeit
62221;Vj. Index der Tarifverdienste und Arbeitszeiten;JAHR;Jahr;2017;DINSGF;Früheres Bundesgebiet / Neue Länder;DN;Neue Länder;WZ08C7;WZ2008 (ausgewählte Positionen): Tarifindex;WZ08-73;Werbung und Marktforschung;92,9;2020=100;VST066;Index d.tarifl. Monatsverdienste ohne Sonderzahl.
62221;Vj. Index der Tarifverdienste und Arbeitszeiten;JAHR;Jahr;2017;DINSGF;Früheres Bundesgebiet / Neue Länder;DN;Neue Länder;WZ08C7;WZ2008 (ausgewählte Positionen): Tarifindex;WZ08-73;Werbung und Marktforschung;100,0;2020=100;VST018;Index der tariflichen Wochenarbeitszeit
62221;Vj. Index der Tarifverdienste und Arbeitszeiten;JAHR;Jahr;2017;DINSGF;Früheres Bundesgebiet / Neue Länder;DN;Neue Länder;WZ08C7;WZ2008 (ausgewählte Positionen): Tarifindex;WZ08-73;Werbung und Marktforschung;92,9;2020=100;VST065;Index d.tarifl. Stundenverdienste ohne Sonderzahl.
62221;Vj. Index der Tarifverdienste und Arbeitszeiten;JAHR;Jahr;2018;DINSGF;Früheres Bundesgebiet / Neue Länder;DN;Neue Länder;WZ08C7;WZ2008 (ausgewählte Positionen): Tarifindex;WZ08-19;Kokerei und Mineralölverarbeitung;93,5;2020=100;VST072;Index d.tarifl. Stundenverdienste mit Sonderzahl.
62221;Vj. Index der Tarifverdienste und Arbeitszeiten;JAHR;Jahr;2018;DINSGF;Früheres Bundesgebiet / Neue Länder;DN;Neue Länder;WZ08C7;WZ2008 (ausgewählte Positionen): Tarifindex;WZ08-19;Kokerei und Mineralölverarbeitung;94,7;2020=100;VST073;Index d.tarifl. Monatsverdienste mit Sonderzahl.
62221;Vj. Index der Tarifverdienste und Arbeitszeiten;JAHR;Jahr;2018;DINSGF;Früheres Bundesgebiet / Neue Länder;DN;Neue Länder;WZ08C7;WZ2008 (ausgewählte Positionen): Tarifindex;WZ08-19;Kokerei und Mineralölverarbeitung;40,0;h;VST019;Durchschnittliche tarifliche Wochenarbeitszeit
62221;Vj. Index der Tarifverdienste und Arbeitszeiten;JAHR;Jahr;2018;DINSGF;Früheres Bundesgebiet / Neue Länder;DN;Neue Länder;WZ08C7;WZ2008 (ausgewählte Positionen): Tarifindex;WZ08-19;Kokerei und Mineralölverarbeitung;96,1;2020=100;VST066;Index d.tarifl. Monatsverdienste ohne Sonderzahl.
62221;Vj. Index der Tarifverdienste und Arbeitszeiten;JAHR;Jahr;2018;DINSGF;Früheres Bundesgebiet / Neue Länder;DN;Neue Länder;WZ08C7;WZ2008 (ausgewählte Positionen): Tarifindex;WZ08-19;Kokerei und Mineralölverarbeitung;101,2;2020=100;VST018;Index der tariflichen Wochenarbeitszeit
62221;Vj. Index der Tarifverdienste und Arbeitszeiten;JAHR;Jahr;2018;DINSGF;Früheres Bundesgebiet / Neue Länder;DN;Neue Länder;WZ08C7;WZ2008 (ausgewählte Positionen): Tarifindex;WZ08-19;Kokerei und Mineralölverarbeitung;94,9;2020=100;VST065;Index d.tarifl. Stundenverdienste ohne Sonderzahl.
62221;Vj. Index der Tarifverdienste und Arbeitszeiten;JAHR;Jahr;2019;DINSGF;Früheres Bundesgebiet / Neue Länder;DF;Früheres Bundesgebiet;WZ08C7;WZ2008 (ausgewählte Positionen): Tarifindex;WZ08-G-03;Wirtschaftliche Dienstleistungen;97,9;2020=100;VST072;Index d.tarifl. Stundenverdienste mit Sonderzahl.
62221;Vj. Index der Tarifverdienste und Arbeitszeiten;JAHR;Jahr;2019;DINSGF;Früheres Bundesgebiet / Neue Länder;DF;Früheres Bundesgebiet;WZ08C7;WZ2008 (ausgewählte Positionen): Tarifindex;WZ08-G-03;Wirtschaftliche Dienstleistungen;97,9;2020=100;VST073;Index d.tarifl. Monatsverdienste mit Sonderzahl.
62221;Vj. Index der Tarifverdienste und Arbeitszeiten;JAHR;Jahr;2019;DINSGF;Früheres Bundesgebiet / Neue Länder;DF;Früheres Bundesgebiet;WZ08C7;WZ2008 (ausgewählte Positionen): Tarifindex;WZ08-G-03;Wirtschaftliche Dienstleistungen;37,9;h;VST019;Durchschnittliche tarifliche Wochenarbeitszeit
62221;Vj. Index der Tarifverdienste und Arbeitszeiten;JAHR;Jahr;2019;DINSGF;Früheres Bundesgebiet / Neue Länder;DF;Früheres Bundesgebiet;WZ08C7;WZ2008 (ausgewählte Positionen): Tarifindex;WZ08-G-03;Wirtschaftliche Dienstleistungen;97,9;2020=100;VST066;Index d.tarifl. Monatsverdienste ohne Sonderzahl.
62221;Vj. Index der Tarifverdienste und Arbeitszeiten;JAHR;Jahr;2019;DINSGF;Früheres Bundesgebiet / Neue Länder;DF;Früheres Bundesgebiet;WZ08C7;WZ2008 (ausgewählte Positionen): Tarifindex;WZ08-G-03;Wirtschaftliche Dienstleistungen;100,0;2020=100;VST018;Index der tariflichen Wochenarbeitszeit
62221;Vj. Index der Tarifverdienste und Arbeitszeiten;JAHR;Jahr;2019;DINSGF;Früheres Bundesgebiet / Neue Länder;DF;Früheres Bundesgebiet;WZ08C7;WZ2008 (ausgewählte Positionen): Tarifindex;WZ08-G-03;Wirtschaftliche Dienstleistungen;97,9;2020=100;VST065;Index d.tarifl. Stundenverdienste ohne Sonderzahl.
62221;Vj. Index der Tarifverdienste und Arbeitszeiten;JAHR;Jahr;2023;DINSGF;Früheres Bundesgebiet / Neue Länder;DN;Neue Länder;WZ08C7;WZ2008 (ausgewählte Positionen): Tarifindex;WZ08-23;H.v.Glas,-waren,Keramik,Verarb. v.Steinen u.Erden;112,7;2020=100;VST072;Index d.tarifl. Stundenverdienste mit Sonderzahl.
62221;Vj. Index der Tarifverdienste und Arbeitszeiten;JAHR;Jahr;2023;DINSGF;Früheres Bundesgebiet / Neue Länder;DN;Neue Länder;WZ08C7;WZ2008 (ausgewählte Positionen): Tarifindex;WZ08-23;H.v.Glas,-waren,Keramik,Verarb. v.Steinen u.Erden;111,5;2020=100;VST073;Index d.tarifl. Monatsverdienste mit Sonderzahl.
62221;Vj. Index der Tarifverdienste und Arbeitszeiten;JAHR;Jahr;2023;DINSGF;Früheres Bundesgebiet / Neue Länder;DN;Neue Länder;WZ08C7;WZ2008 (ausgewählte Positionen): Tarifindex;WZ08-23;H.v.Glas,-waren,Keramik,Verarb. v.Steinen u.Erden;38,7;h;VST019;Durchschnittliche tarifliche Wochenarbeitszeit
62221;Vj. Index der Tarifverdienste und Arbeitszeiten;JAHR;Jahr;2023;DINSGF;Früheres Bundesgebiet / Neue Länder;DN;Neue Länder;WZ08C7;WZ2008 (ausgewählte Positionen): Tarifindex;WZ08-23;H.v.Glas,-waren,Keramik,Verarb. v.Steinen u.Erden;108,7;2020=100;VST066;Index d.tarifl. Monatsverdienste ohne Sonderzahl.
62221;Vj. Index der Tarifverdienste und Arbeitszeiten;JAHR;Jahr;2023;DINSGF;Früheres Bundesgebiet / Neue Länder;DN;Neue Länder;WZ08C7;WZ2008 (ausgewählte Positionen): Tarifindex;WZ08-23;H.v.Glas,-waren,Keramik,Verarb. v.Steinen u.Erden;99,1;2020=100;VST018;Index der tariflichen Wochenarbeitszeit
62221;Vj. Index der Tarifverdienste und Arbeitszeiten;JAHR;Jahr;2023;DINSGF;Früheres Bundesgebiet / Neue Länder;DN;Neue Länder;WZ08C7;WZ2008 (ausgewählte Positionen): Tarifindex;WZ08-23;H.v.Glas,-waren,Keramik,Verarb. v.Steinen u.Erden;109,9;2020=100;VST065;Index d.tarifl. Stundenverdienste ohne Sonderzahl.
62221;Vj. Index der Tarifverdienste und Arbeitszeiten;JAHR;Jahr;2019;DINSGF;Früheres Bundesgebiet / Neue Länder;DF;Früheres Bundesgebiet;WZ08C7;WZ2008 (ausgewählte Positionen): Tarifindex;WZ08-66;Mit Finanz- u. Versicherungsdienstl. verb. Tätigk.;98,3;2020=100;VST072;Index d.tarifl. Stundenverdienste mit Sonderzahl.
62221;Vj. Index der Tarifverdienste und Arbeitszeiten;JAHR;Jahr;2019;DINSGF;Früheres Bundesgebiet / Neue Länder;DF;Früheres Bundesgebiet;WZ08C7;WZ2008 (ausgewählte Positionen): Tarifindex;WZ08-66;Mit Finanz- u. Versicherungsdienstl. verb. Tätigk.;98,3;2020=100;VST073;Index d.tarifl. Monatsverdienste mit Sonderzahl.
62221;Vj. Index der Tarifverdienste und Arbeitszeiten;JAHR;Jahr;2019;DINSGF;Früheres Bundesgebiet / Neue Länder;DF;Früheres Bundesgebiet;WZ08C7;WZ2008 (ausgewählte Positionen): Tarifindex;WZ08-66;Mit Finanz- u. Versicherungsdienstl. verb. Tätigk.;38,1;h;VST019;Durchschnittliche tarifliche Wochenarbeitszeit
62221;Vj. Index der Tarifverdienste und Arbeitszeiten;JAHR;Jahr;2019;DINSGF;Früheres Bundesgebiet / Neue Länder;DF;Früheres Bundesgebiet;WZ08C7;WZ2008 (ausgewählte Positionen): Tarifindex;WZ08-66;Mit Finanz- u. Versicherungsdienstl. verb. Tätigk.;98,1;2020=100;VST066;Index d.tarifl. Monatsverdienste ohne Sonderzahl.
62221;Vj. Index der Tarifverdienste und Arbeitszeiten;JAHR;Jahr;2019;DINSGF;Früheres Bundesgebiet / Neue Länder;DF;Früheres Bundesgebiet;WZ08C7;WZ2008 (ausgewählte Positionen): Tarifindex;WZ08-66;Mit Finanz- u. Versicherungsdienstl. verb. Tätigk.;100,0;2020=100;VST018;Index der tariflichen Wochenarbeitszeit
62221;Vj. Index der Tarifverdienste und Arbeitszeiten;JAHR;Jahr;2019;DINSGF;Früheres Bundesgebiet / Neue Länder;DF;Früheres Bundesgebiet;WZ08C7;WZ2008 (ausgewählte Positionen): Tarifindex;WZ08-66;Mit Finanz- u. Versicherungsdienstl. verb. Tätigk.;98,1;2020=100;VST065;Index d.tarifl. Stundenverdienste ohne Sonderzahl.
62221;Vj. Index der Tarifverdienste und Arbeitszeiten;JAHR;Jahr;2025;DINSGF;Früheres Bundesgebiet / Neue Länder;DF;Früheres Bundesgebiet;WZ08C7;WZ2008 (ausgewählte Positionen): Tarifindex;WZ08-58;Verlagswesen;109,6;2020=100;VST072;Index d.tarifl. Stundenverdienste mit Sonderzahl.
62221;Vj. Index der Tarifverdienste und Arbeitszeiten;JAHR;Jahr;2025;DINSGF;Früheres Bundesgebiet / Neue Länder;DF;Früheres Bundesgebiet;WZ08C7;WZ2008 (ausgewählte Positionen): Tarifindex;WZ08-58;Verlagswesen;109,6;2020=100;VST073;Index d.tarifl. Monatsverdienste mit Sonderzahl.
62221;Vj. Index der Tarifverdienste und Arbeitszeiten;JAHR;Jahr;2025;DINSGF;Früheres Bundesgebiet / Neue Länder;DF;Früheres Bundesgebiet;WZ08C7;WZ2008 (ausgewählte Positionen): Tarifindex;WZ08-58;Verlagswesen;36,2;h;VST019;Durchschnittliche tarifliche Wochenarbeitszeit
62221;Vj. Index der Tarifverdienste und Arbeitszeiten;JAHR;Jahr;2025;DINSGF;Früheres Bundesgebiet / Neue Länder;DF;Früheres Bundesgebiet;WZ08C7;WZ2008 (ausgewählte Positionen): Tarifindex;WZ08-58;Verlagswesen;109,3;2020=100;VST066;Index d.tarifl. Monatsverdienste ohne Sonderzahl.
62221;Vj. Index der Tarifverdienste und Arbeitszeiten;JAHR;Jahr;2025;DINSGF;Früheres Bundesgebiet / Neue Länder;DF;Früheres Bundesgebiet;WZ08C7;WZ2008 (ausgewählte Positionen): Tarifindex;WZ08-58;Verlagswesen;99,8;2020=100;VST018;Index der tariflichen Wochenarbeitszeit
62221;Vj. Index der Tarifverdienste und Arbeitszeiten;JAHR;Jahr;2025;DINSGF;Früheres Bundesgebiet / Neue Länder;DF;Früheres Bundesgebiet;WZ08C7;WZ2008 (ausgewählte Positionen): Tarifindex;WZ08-58;Verlagswesen;109,3;2020=100;VST065;Index d.tarifl. Stundenverdienste ohne Sonderzahl.
62221;Vj. Index der Tarifverdienste und Arbeitszeiten;JAHR;Jahr;2019;DINSGF;Früheres Bundesgebiet / Neue Länder;DF;Früheres Bundesgebiet;WZ08C7;WZ2008 (ausgewählte Positionen): Tarifindex;WZ08-93;Dienstleistungen d.Sports,d.Unterhaltg.u.Erholung;97,4;2020=100;VST072;Index d.tarifl. Stundenverdienste mit Sonderzahl.
62221;Vj. Index der Tarifverdienste und Arbeitszeiten;JAHR;Jahr;2019;DINSGF;Früheres Bundesgebiet / Neue Länder;DF;Früheres Bundesgebiet;WZ08C7;WZ2008 (ausgewählte Positionen): Tarifindex;WZ08-93;Dienstleistungen d.Sports,d.Unterhaltg.u.Erholung;97,4;2020=100;VST073;Index d.tarifl. Monatsverdienste mit Sonderzahl.
62221;Vj. Index der Tarifverdienste und Arbeitszeiten;JAHR;Jahr;2019;DINSGF;Früheres Bundesgebiet / Neue Länder;DF;Früheres Bundesgebiet;WZ08C7;WZ2008 (ausgewählte Positionen): Tarifindex;WZ08-93;Dienstleistungen d.Sports,d.Unterhaltg.u.Erholung;39,1;h;VST019;Durchschnittliche tarifliche Wochenarbeitszeit
62221;Vj. Index der Tarifverdienste und Arbeitszeiten;JAHR;Jahr;2019;DINSGF;Früheres Bundesgebiet / Neue Länder;DF;Früheres Bundesgebiet;WZ08C7;WZ2008 (ausgewählte Positionen): Tarifindex;WZ08-93;Dienstleistungen d.Sports,d.Unterhaltg.u.Erholung;98,1;2020=100;VST066;Index d.tarifl. Monatsverdienste ohne Sonderzahl.
62221;Vj. Index der Tarifverdienste und Arbeitszeiten;JAHR;Jahr;2019;DINSGF;Früheres Bundesgebiet / Neue Länder;DF;Früheres Bundesgebiet;WZ08C7;WZ2008 (ausgewählte Positionen): Tarifindex;WZ08-93;Dienstleistungen d.Sports,d.Unterhaltg.u.Erholung;100,0;2020=100;VST018;Index der tariflichen Wochenarbeitszeit
62221;Vj. Index der Tarifverdienste und Arbeitszeiten;JAHR;Jahr;2019;DINSGF;Früheres Bundesgebiet / Neue Länder;DF;Früheres Bundesgebiet;WZ08C7;WZ2008 (ausgewählte Positionen): Tarifindex;WZ08-93;Dienstleistungen d.Sports,d.Unterhaltg.u.Erholung;98,1;2020=100;VST065;Index d.tarifl. Stundenverdienste ohne Sonderzahl.
62221;Vj. Index der Tarifverdienste und Arbeitszeiten;JAHR;Jahr;2025;DINSGF;Früheres Bundesgebiet / Neue Länder;DF;Früheres Bundesgebiet;WZ08C7;WZ2008 (ausgewählte Positionen): Tarifindex;WZ08-61;Telekommunikation;114,0;2020=100;VST072;Index d.tarifl. Stundenverdienste mit Sonderzahl.
62221;Vj. Index der Tarifverdienste und Arbeitszeiten;JAHR;Jahr;2025;DINSGF;Früheres Bundesgebiet / Neue Länder;DF;Früheres Bundesgebiet;WZ08C7;WZ2008 (ausgewählte Positionen): Tarifindex;WZ08-61;Telekommunikation;114,0;2020=100;VST073;Index d.tarifl. Monatsverdienste mit Sonderzahl.
62221;Vj. Index der Tarifverdienste und Arbeitszeiten;JAHR;Jahr;2025;DINSGF;Früheres Bundesgebiet / Neue Länder;DF;Früheres Bundesgebiet;WZ08C7;WZ2008 (ausgewählte Positionen): Tarifindex;WZ08-61;Telekommunikation;37,4;h;VST019;Durchschnittliche tarifliche Wochenarbeitszeit
62221;Vj. Index der Tarifverdienste und Arbeitszeiten;JAHR;Jahr;2025;DINSGF;Früheres Bundesgebiet / Neue Länder;DF;Früheres Bundesgebiet;WZ08C7;WZ2008 (ausgewählte Positionen): Tarifindex;WZ08-61;Telekommunikation;113,9;2020=100;VST066;Index d.tarifl. Monatsverdienste ohne Sonderzahl.
62221;Vj. Index der Tarifverdienste und Arbeitszeiten;JAHR;Jahr;2025;DINSGF;Früheres Bundesgebiet / Neue Länder;DF;Früheres Bundesgebiet;WZ08C7;WZ2008 (ausgewählte Positionen): Tarifindex;WZ08-61;Telekommunikation;100,0;2020=100;VST018;Index der tariflichen Wochenarbeitszeit
62221;Vj. Index der Tarifverdienste und Arbeitszeiten;JAHR;Jahr;2025;DINSGF;Früheres Bundesgebiet / Neue Länder;DF;Früheres Bundesgebiet;WZ08C7;WZ2008 (ausgewählte Positionen): Tarifindex;WZ08-61;Telekommunikation;113,9;2020=100;VST065;Index d.tarifl. Stundenverdienste ohne Sonderzahl.
62221;Vj. Index der Tarifverdienste und Arbeitszeiten;JAHR;Jahr;2021;DINSGF;Früheres Bundesgebiet / Neue Länder;DF;Früheres Bundesgebiet;WZ08C7;WZ2008 (ausgewählte Positionen): Tarifindex;WZ08-O;Öff. Verwaltung, Verteidigung, Sozialversicherung;101,1;2020=100;VST072;Index d.tarifl. Stundenverdienste mit Sonderzahl.
62221;Vj. Index der Tarifverdienste und Arbeitszeiten;JAHR;Jahr;2021;DINSGF;Früheres Bundesgebiet / Neue Länder;DF;Früheres Bundesgebiet;WZ08C7;WZ2008 (ausgewählte Positionen): Tarifindex;WZ08-O;Öff. Verwaltung, Verteidigung, Sozialversicherung;101,1;2020=100;VST073;Index d.tarifl. Monatsverdienste mit Sonderzahl.
62221;Vj. Index der Tarifverdienste und Arbeitszeiten;JAHR;Jahr;2021;DINSGF;Früheres Bundesgebiet / Neue Länder;DF;Früheres Bundesgebiet;WZ08C7;WZ2008 (ausgewählte Positionen): Tarifindex;WZ08-O;Öff. Verwaltung, Verteidigung, Sozialversicherung;40,1;h;VST019;Durchschnittliche tarifliche Wochenarbeitszeit
62221;Vj. Index der Tarifverdienste und Arbeitszeiten;JAHR;Jahr;2021;DINSGF;Früheres Bundesgebiet / Neue Länder;DF;Früheres Bundesgebiet;WZ08C7;WZ2008 (ausgewählte Positionen): Tarifindex;WZ08-O;Öff. Verwaltung, Verteidigung, Sozialversicherung;101,4;2020=100;VST066;Index d.tarifl. Monatsverdienste ohne Sonderzahl.
62221;Vj. Index der Tarifverdienste und Arbeitszeiten;JAHR;Jahr;2021;DINSGF;Früheres Bundesgebiet / Neue Länder;DF;Früheres Bundesgebiet;WZ08C7;WZ2008 (ausgewählte Positionen): Tarifindex;WZ08-O;Öff. Verwaltung, Verteidigung, Sozialversicherung;100,0;2020=100;VST018;Index der tariflichen Wochenarbeitszeit
62221;Vj. Index der Tarifverdienste und Arbeitszeiten;JAHR;Jahr;2021;DINSGF;Früheres Bundesgebiet / Neue Länder;DF;Früheres Bundesgebiet;WZ08C7;WZ2008 (ausgewählte Positionen): Tarifindex;WZ08-O;Öff. Verwaltung, Verteidigung, Sozialversicherung;101,4;2020=100;VST065;Index d.tarifl. Stundenverdienste ohne Sonderzahl.
62221;Vj. Index der Tarifverdienste und Arbeitszeiten;JAHR;Jahr;2023;DINSGF;Früheres Bundesgebiet / Neue Länder;DN;Neue Länder;WZ08C7;WZ2008 (ausgewählte Positionen): Tarifindex;WZ08-29;Herstellung von Kraftwagen und Kraftwagenteilen;110,0;2020=100;VST072;Index d.tarifl. Stundenverdienste mit Sonderzahl.
62221;Vj. Index der Tarifverdienste und Arbeitszeiten;JAHR;Jahr;2023;DINSGF;Früheres Bundesgebiet / Neue Länder;DN;Neue Länder;WZ08C7;WZ2008 (ausgewählte Positionen): Tarifindex;WZ08-29;Herstellung von Kraftwagen und Kraftwagenteilen;109,0;2020=100;VST073;Index d.tarifl. Monatsverdienste mit Sonderzahl.
62221;Vj. Index der Tarifverdienste und Arbeitszeiten;JAHR;Jahr;2023;DINSGF;Früheres Bundesgebiet / Neue Länder;DN;Neue Länder;WZ08C7;WZ2008 (ausgewählte Positionen): Tarifindex;WZ08-29;Herstellung von Kraftwagen und Kraftwagenteilen;37,7;h;VST019;Durchschnittliche tarifliche Wochenarbeitszeit
62221;Vj. Index der Tarifverdienste und Arbeitszeiten;JAHR;Jahr;2023;DINSGF;Früheres Bundesgebiet / Neue Länder;DN;Neue Länder;WZ08C7;WZ2008 (ausgewählte Positionen): Tarifindex;WZ08-29;Herstellung von Kraftwagen und Kraftwagenteilen;104,0;2020=100;VST066;Index d.tarifl. Monatsverdienste ohne Sonderzahl.
62221;Vj. Index der Tarifverdienste und Arbeitszeiten;JAHR;Jahr;2023;DINSGF;Früheres Bundesgebiet / Neue Länder;DN;Neue Länder;WZ08C7;WZ2008 (ausgewählte Positionen): Tarifindex;WZ08-29;Herstellung von Kraftwagen und Kraftwagenteilen;99,2;2020=100;VST018;Index der tariflichen Wochenarbeitszeit
62221;Vj. Index der Tarifverdienste und Arbeitszeiten;JAHR;Jahr;2023;DINSGF;Früheres Bundesgebiet / Neue Länder;DN;Neue Länder;WZ08C7;WZ2008 (ausgewählte Positionen): Tarifindex;WZ08-29;Herstellung von Kraftwagen und Kraftwagenteilen;105,0;2020=100;VST065;Index d.tarifl. Stundenverdienste ohne Sonderzahl.
62221;Vj. Index der Tarifverdienste und Arbeitszeiten;JAHR;Jahr;2018;DINSGF;Früheres Bundesgebiet / Neue Länder;DN;Neue Länder;WZ08C7;WZ2008 (ausgewählte Positionen): Tarifindex;WZ08-46;Großhandel (ohne Handel mit Kraftfahrzeugen);95,5;2020=100;VST072;Index d.tarifl. Stundenverdienste mit Sonderzahl.
62221;Vj. Index der Tarifverdienste und Arbeitszeiten;JAHR;Jahr;2018;DINSGF;Früheres Bundesgebiet / Neue Länder;DN;Neue Länder;WZ08C7;WZ2008 (ausgewählte Positionen): Tarifindex;WZ08-46;Großhandel (ohne Handel mit Kraftfahrzeugen);95,5;2020=100;VST073;Index d.tarifl. Monatsverdienste mit Sonderzahl.
62221;Vj. Index der Tarifverdienste und Arbeitszeiten;JAHR;Jahr;2018;DINSGF;Früheres Bundesgebiet / Neue Länder;DN;Neue Länder;WZ08C7;WZ2008 (ausgewählte Positionen): Tarifindex;WZ08-46;Großhandel (ohne Handel mit Kraftfahrzeugen);38,7;h;VST019;Durchschnittliche tarifliche Wochenarbeitszeit
62221;Vj. Index der Tarifverdienste und Arbeitszeiten;JAHR;Jahr;2018;DINSGF;Früheres Bundesgebiet / Neue Länder;DN;Neue Länder;WZ08C7;WZ2008 (ausgewählte Positionen): Tarifindex;WZ08-46;Großhandel (ohne Handel mit Kraftfahrzeugen);95,6;2020=100;VST066;Index d.tarifl. Monatsverdienste ohne Sonderzahl.
62221;Vj. Index der Tarifverdienste und Arbeitszeiten;JAHR;Jahr;2018;DINSGF;Früheres Bundesgebiet / Neue Länder;DN;Neue Länder;WZ08C7;WZ2008 (ausgewählte Positionen): Tarifindex;WZ08-46;Großhandel (ohne Handel mit Kraftfahrzeugen);100,0;2020=100;VST018;Index der tariflichen Wochenarbeitszeit
62221;Vj. Index der Tarifverdienste und Arbeitszeiten;JAHR;Jahr;2018;DINSGF;Früheres Bundesgebiet / Neue Länder;DN;Neue Länder;WZ08C7;WZ2008 (ausgewählte Positionen): Tarifindex;WZ08-46;Großhandel (ohne Handel mit Kraftfahrzeugen);95,6;2020=100;VST065;Index d.tarifl. Stundenverdienste ohne Sonderzahl.
62221;Vj. Index der Tarifverdienste und Arbeitszeiten;JAHR;Jahr;2025;DINSGF;Früheres Bundesgebiet / Neue Länder;DF;Früheres Bundesgebiet;WZ08C7;WZ2008 (ausgewählte Positionen): Tarifindex;WZ08-52;Lagerei, sonstige Dienstleistungen für den Verkehr;117,6;2020=100;VST072;Index d.tarifl. Stundenverdienste mit Sonderzahl.
62221;Vj. Index der Tarifverdienste und Arbeitszeiten;JAHR;Jahr;2025;DINSGF;Früheres Bundesgebiet / Neue Länder;DF;Früheres Bundesgebiet;WZ08C7;WZ2008 (ausgewählte Positionen): Tarifindex;WZ08-52;Lagerei, sonstige Dienstleistungen für den Verkehr;117,3;2020=100;VST073;Index d.tarifl. Monatsverdienste mit Sonderzahl.
62221;Vj. Index der Tarifverdienste und Arbeitszeiten;JAHR;Jahr;2025;DINSGF;Früheres Bundesgebiet / Neue Länder;DF;Früheres Bundesgebiet;WZ08C7;WZ2008 (ausgewählte Positionen): Tarifindex;WZ08-52;Lagerei, sonstige Dienstleistungen für den Verkehr;38,4;h;VST019;Durchschnittliche tarifliche Wochenarbeitszeit
62221;Vj. Index der Tarifverdienste und Arbeitszeiten;JAHR;Jahr;2025;DINSGF;Früheres Bundesgebiet / Neue Länder;DF;Früheres Bundesgebiet;WZ08C7;WZ2008 (ausgewählte Positionen): Tarifindex;WZ08-52;Lagerei, sonstige Dienstleistungen für den Verkehr;117,0;2020=100;VST066;Index d.tarifl. Monatsverdienste ohne Sonderzahl.
62221;Vj. Index der Tarifverdienste und Arbeitszeiten;JAHR;Jahr;2025;DINSGF;Früheres Bundesgebiet / Neue Länder;DF;Früheres Bundesgebiet;WZ08C7;WZ2008 (ausgewählte Positionen): Tarifindex;WZ08-52;Lagerei, sonstige Dienstleistungen für den Verkehr;99,7;2020=100;VST018;Index der tariflichen Wochenarbeitszeit
62221;Vj. Index der Tarifverdienste und Arbeitszeiten;JAHR;Jahr;2025;DINSGF;Früheres Bundesgebiet / Neue Länder;DF;Früheres Bundesgebiet;WZ08C7;WZ2008 (ausgewählte Positionen): Tarifindex;WZ08-52;Lagerei, sonstige Dienstleistungen für den Verkehr;117,4;2020=100;VST065;Index d.tarifl. Stundenverdienste ohne Sonderzahl.
62221;Vj. Index der Tarifverdienste und Arbeitszeiten;JAHR;Jahr;2018;DINSGF;Früheres Bundesgebiet / Neue Länder;DN;Neue Länder;WZ08C7;WZ2008 (ausgewählte Positionen): Tarifindex;WZ08-B;Bergbau und Gewinnung von Steinen und Erden;95,8;2020=100;VST072;Index d.tarifl. Stundenverdienste mit Sonderzahl.
62221;Vj. Index der Tarifverdienste und Arbeitszeiten;JAHR;Jahr;2018;DINSGF;Früheres Bundesgebiet / Neue Länder;DN;Neue Länder;WZ08C7;WZ2008 (ausgewählte Positionen): Tarifindex;WZ08-B;Bergbau und Gewinnung von Steinen und Erden;95,8;2020=100;VST073;Index d.tarifl. Monatsverdienste mit Sonderzahl.
62221;Vj. Index der Tarifverdienste und Arbeitszeiten;JAHR;Jahr;2018;DINSGF;Früheres Bundesgebiet / Neue Länder;DN;Neue Länder;WZ08C7;WZ2008 (ausgewählte Positionen): Tarifindex;WZ08-B;Bergbau und Gewinnung von Steinen und Erden;38,1;h;VST019;Durchschnittliche tarifliche Wochenarbeitszeit
62221;Vj. Index der Tarifverdienste und Arbeitszeiten;JAHR;Jahr;2018;DINSGF;Früheres Bundesgebiet / Neue Länder;DN;Neue Länder;WZ08C7;WZ2008 (ausgewählte Positionen): Tarifindex;WZ08-B;Bergbau und Gewinnung von Steinen und Erden;95,4;2020=100;VST066;Index d.tarifl. Monatsverdienste ohne Sonderzahl.
62221;Vj. Index der Tarifverdienste und Arbeitszeiten;JAHR;Jahr;2018;DINSGF;Früheres Bundesgebiet / Neue Länder;DN;Neue Länder;WZ08C7;WZ2008 (ausgewählte Positionen): Tarifindex;WZ08-B;Bergbau und Gewinnung von Steinen und Erden;100,0;2020=100;VST018;Index der tariflichen Wochenarbeitszeit
62221;Vj. Index der Tarifverdienste und Arbeitszeiten;JAHR;Jahr;2018;DINSGF;Früheres Bundesgebiet / Neue Länder;DN;Neue Länder;WZ08C7;WZ2008 (ausgewählte Positionen): Tarifindex;WZ08-B;Bergbau und Gewinnung von Steinen und Erden;95,4;2020=100;VST065;Index d.tarifl. Stundenverdienste ohne Sonderzahl.
62221;Vj. Index der Tarifverdienste und Arbeitszeiten;JAHR;Jahr;2023;DINSGF;Früheres Bundesgebiet / Neue Länder;DN;Neue Länder;WZ08C7;WZ2008 (ausgewählte Positionen): Tarifindex;WZ08-14;Herstellung von Bekleidung;-;2020=100;VST072;Index d.tarifl. Stundenverdienste mit Sonderzahl.
62221;Vj. Index der Tarifverdienste und Arbeitszeiten;JAHR;Jahr;2023;DINSGF;Früheres Bundesgebiet / Neue Länder;DN;Neue Länder;WZ08C7;WZ2008 (ausgewählte Positionen): Tarifindex;WZ08-14;Herstellung von Bekleidung;-;2020=100;VST073;Index d.tarifl. Monatsverdienste mit Sonderzahl.
62221;Vj. Index der Tarifverdienste und Arbeitszeiten;JAHR;Jahr;2023;DINSGF;Früheres Bundesgebiet / Neue Länder;DN;Neue Länder;WZ08C7;WZ2008 (ausgewählte Positionen): Tarifindex;WZ08-14;Herstellung von Bekleidung;-;h;VST019;Durchschnittliche tarifliche Wochenarbeitszeit
62221;Vj. Index der Tarifverdienste und Arbeitszeiten;JAHR;Jahr;2023;DINSGF;Früheres Bundesgebiet / Neue Länder;DN;Neue Länder;WZ08C7;WZ2008 (ausgewählte Positionen): Tarifindex;WZ08-14;Herstellung von Bekleidung;-;2020=100;VST066;Index d.tarifl. Monatsverdienste ohne Sonderzahl.
62221;Vj. Index der Tarifverdienste und Arbeitszeiten;JAHR;Jahr;2023;DINSGF;Früheres Bundesgebiet / Neue Länder;DN;Neue Länder;WZ08C7;WZ2008 (ausgewählte Positionen): Tarifindex;WZ08-14;Herstellung von Bekleidung;-;2020=100;VST018;Index der tariflichen Wochenarbeitszeit
62221;Vj. Index der Tarifverdienste und Arbeitszeiten;JAHR;Jahr;2023;DINSGF;Früheres Bundesgebiet / Neue Länder;DN;Neue Länder;WZ08C7;WZ2008 (ausgewählte Positionen): Tarifindex;WZ08-14;Herstellung von Bekleidung;-;2020=100;VST065;Index d.tarifl. Stundenverdienste ohne Sonderzahl.
62221;Vj. Index der Tarifverdienste und Arbeitszeiten;JAHR;Jahr;2019;DINSGF;Früheres Bundesgebiet / Neue Länder;DF;Früheres Bundesgebiet;WZ08C7;WZ2008 (ausgewählte Positionen): Tarifindex;WZ08-60;Rundfunkveranstalter;94,9;2020=100;VST072;Index d.tarifl. Stundenverdienste mit Sonderzahl.
62221;Vj. Index der Tarifverdienste und Arbeitszeiten;JAHR;Jahr;2019;DINSGF;Früheres Bundesgebiet / Neue Länder;DF;Früheres Bundesgebiet;WZ08C7;WZ2008 (ausgewählte Positionen): Tarifindex;WZ08-60;Rundfunkveranstalter;94,9;2020=100;VST073;Index d.tarifl. Monatsverdienste mit Sonderzahl.
62221;Vj. Index der Tarifverdienste und Arbeitszeiten;JAHR;Jahr;2019;DINSGF;Früheres Bundesgebiet / Neue Länder;DF;Früheres Bundesgebiet;WZ08C7;WZ2008 (ausgewählte Positionen): Tarifindex;WZ08-60;Rundfunkveranstalter;38,7;h;VST019;Durchschnittliche tarifliche Wochenarbeitszeit
62221;Vj. Index der Tarifverdienste und Arbeitszeiten;JAHR;Jahr;2019;DINSGF;Früheres Bundesgebiet / Neue Länder;DF;Früheres Bundesgebiet;WZ08C7;WZ2008 (ausgewählte Positionen): Tarifindex;WZ08-60;Rundfunkveranstalter;96,4;2020=100;VST066;Index d.tarifl. Monatsverdienste ohne Sonderzahl.
62221;Vj. Index der Tarifverdienste und Arbeitszeiten;JAHR;Jahr;2019;DINSGF;Früheres Bundesgebiet / Neue Länder;DF;Früheres Bundesgebiet;WZ08C7;WZ2008 (ausgewählte Positionen): Tarifindex;WZ08-60;Rundfunkveranstalter;100,0;2020=100;VST018;Index der tariflichen Wochenarbeitszeit
62221;Vj. Index der Tarifverdienste und Arbeitszeiten;JAHR;Jahr;2019;DINSGF;Früheres Bundesgebiet / Neue Länder;DF;Früheres Bundesgebiet;WZ08C7;WZ2008 (ausgewählte Positionen): Tarifindex;WZ08-60;Rundfunkveranstalter;96,4;2020=100;VST065;Index d.tarifl. Stundenverdienste ohne Sonderzahl.
62221;Vj. Index der Tarifverdienste und Arbeitszeiten;JAHR;Jahr;2019;DINSGF;Früheres Bundesgebiet / Neue Länder;DF;Früheres Bundesgebiet;WZ08C7;WZ2008 (ausgewählte Positionen): Tarifindex;WZ08-15;Herstellung von Leder, Lederwaren und Schuhen;97,7;2020=100;VST072;Index d.tarifl. Stundenverdienste mit Sonderzahl.
62221;Vj. Index der Tarifverdienste und Arbeitszeiten;JAHR;Jahr;2019;DINSGF;Früheres Bundesgebiet / Neue Länder;DF;Früheres Bundesgebiet;WZ08C7;WZ2008 (ausgewählte Positionen): Tarifindex;WZ08-15;Herstellung von Leder, Lederwaren und Schuhen;97,7;2020=100;VST073;Index d.tarifl. Monatsverdienste mit Sonderzahl.
62221;Vj. Index der Tarifverdienste und Arbeitszeiten;JAHR;Jahr;2019;DINSGF;Früheres Bundesgebiet / Neue Länder;DF;Früheres Bundesgebiet;WZ08C7;WZ2008 (ausgewählte Positionen): Tarifindex;WZ08-15;Herstellung von Leder, Lederwaren und Schuhen;38,8;h;VST019;Durchschnittliche tarifliche Wochenarbeitszeit
62221;Vj. Index der Tarifverdienste und Arbeitszeiten;JAHR;Jahr;2019;DINSGF;Früheres Bundesgebiet / Neue Länder;DF;Früheres Bundesgebiet;WZ08C7;WZ2008 (ausgewählte Positionen): Tarifindex;WZ08-15;Herstellung von Leder, Lederwaren und Schuhen;97,8;2020=100;VST066;Index d.tarifl. Monatsverdienste ohne Sonderzahl.
62221;Vj. Index der Tarifverdienste und Arbeitszeiten;JAHR;Jahr;2019;DINSGF;Früheres Bundesgebiet / Neue Länder;DF;Früheres Bundesgebiet;WZ08C7;WZ2008 (ausgewählte Positionen): Tarifindex;WZ08-15;Herstellung von Leder, Lederwaren und Schuhen;100,0;2020=100;VST018;Index der tariflichen Wochenarbeitszeit
62221;Vj. Index der Tarifverdienste und Arbeitszeiten;JAHR;Jahr;2019;DINSGF;Früheres Bundesgebiet / Neue Länder;DF;Früheres Bundesgebiet;WZ08C7;WZ2008 (ausgewählte Positionen): Tarifindex;WZ08-15;Herstellung von Leder, Lederwaren und Schuhen;97,8;2020=100;VST065;Index d.tarifl. Stundenverdienste ohne Sonderzahl.
62221;Vj. Index der Tarifverdienste und Arbeitszeiten;JAHR;Jahr;2025;DINSGF;Früheres Bundesgebiet / Neue Länder;DF;Früheres Bundesgebiet;WZ08C7;WZ2008 (ausgewählte Positionen): Tarifindex;WZ08-43;Vorb.Baustellenarbeiten, Bauinstall., sonst.Ausbau;115,5;2020=100;VST072;Index d.tarifl. Stundenverdienste mit Sonderzahl.
62221;Vj. Index der Tarifverdienste und Arbeitszeiten;JAHR;Jahr;2025;DINSGF;Früheres Bundesgebiet / Neue Länder;DF;Früheres Bundesgebiet;WZ08C7;WZ2008 (ausgewählte Positionen): Tarifindex;WZ08-43;Vorb.Baustellenarbeiten, Bauinstall., sonst.Ausbau;115,5;2020=100;VST073;Index d.tarifl. Monatsverdienste mit Sonderzahl.
62221;Vj. Index der Tarifverdienste und Arbeitszeiten;JAHR;Jahr;2025;DINSGF;Früheres Bundesgebiet / Neue Länder;DF;Früheres Bundesgebiet;WZ08C7;WZ2008 (ausgewählte Positionen): Tarifindex;WZ08-43;Vorb.Baustellenarbeiten, Bauinstall., sonst.Ausbau;39,0;h;VST019;Durchschnittliche tarifliche Wochenarbeitszeit
62221;Vj. Index der Tarifverdienste und Arbeitszeiten;JAHR;Jahr;2025;DINSGF;Früheres Bundesgebiet / Neue Länder;DF;Früheres Bundesgebiet;WZ08C7;WZ2008 (ausgewählte Positionen): Tarifindex;WZ08-43;Vorb.Baustellenarbeiten, Bauinstall., sonst.Ausbau;115,6;2020=100;VST066;Index d.tarifl. Monatsverdienste ohne Sonderzahl.
62221;Vj. Index der Tarifverdienste und Arbeitszeiten;JAHR;Jahr;2025;DINSGF;Früheres Bundesgebiet / Neue Länder;DF;Früheres Bundesgebiet;WZ08C7;WZ2008 (ausgewählte Positionen): Tarifindex;WZ08-43;Vorb.Baustellenarbeiten, Bauinstall., sonst.Ausbau;100,0;2020=100;VST018;Index der tariflichen Wochenarbeitszeit
62221;Vj. Index der Tarifverdienste und Arbeitszeiten;JAHR;Jahr;2025;DINSGF;Früheres Bundesgebiet / Neue Länder;DF;Früheres Bundesgebiet;WZ08C7;WZ2008 (ausgewählte Positionen): Tarifindex;WZ08-43;Vorb.Baustellenarbeiten, Bauinstall., sonst.Ausbau;115,6;2020=100;VST065;Index d.tarifl. Stundenverdienste ohne Sonderzahl.
62221;Vj. Index der Tarifverdienste und Arbeitszeiten;JAHR;Jahr;2023;DINSGF;Früheres Bundesgebiet / Neue Länder;DN;Neue Länder;WZ08C7;WZ2008 (ausgewählte Positionen): Tarifindex;WZ08-05;Kohlenbergbau;110,7;2020=100;VST072;Index d.tarifl. Stundenverdienste mit Sonderzahl.
62221;Vj. Index der Tarifverdienste und Arbeitszeiten;JAHR;Jahr;2023;DINSGF;Früheres Bundesgebiet / Neue Länder;DN;Neue Länder;WZ08C7;WZ2008 (ausgewählte Positionen): Tarifindex;WZ08-05;Kohlenbergbau;110,7;2020=100;VST073;Index d.tarifl. Monatsverdienste mit Sonderzahl.
62221;Vj. Index der Tarifverdienste und Arbeitszeiten;JAHR;Jahr;2023;DINSGF;Früheres Bundesgebiet / Neue Länder;DN;Neue Länder;WZ08C7;WZ2008 (ausgewählte Positionen): Tarifindex;WZ08-05;Kohlenbergbau;37,0;h;VST019;Durchschnittliche tarifliche Wochenarbeitszeit
62221;Vj. Index der Tarifverdienste und Arbeitszeiten;JAHR;Jahr;2023;DINSGF;Früheres Bundesgebiet / Neue Länder;DN;Neue Länder;WZ08C7;WZ2008 (ausgewählte Positionen): Tarifindex;WZ08-05;Kohlenbergbau;108,3;2020=100;VST066;Index d.tarifl. Monatsverdienste ohne Sonderzahl.
62221;Vj. Index der Tarifverdienste und Arbeitszeiten;JAHR;Jahr;2023;DINSGF;Früheres Bundesgebiet / Neue Länder;DN;Neue Länder;WZ08C7;WZ2008 (ausgewählte Positionen): Tarifindex;WZ08-05;Kohlenbergbau;100,0;2020=100;VST018;Index der tariflichen Wochenarbeitszeit
62221;Vj. Index der Tarifverdienste und Arbeitszeiten;JAHR;Jahr;2023;DINSGF;Früheres Bundesgebiet / Neue Länder;DN;Neue Länder;WZ08C7;WZ2008 (ausgewählte Positionen): Tarifindex;WZ08-05;Kohlenbergbau;108,3;2020=100;VST065;Index d.tarifl. Stundenverdienste ohne Sonderzahl.
62221;Vj. Index der Tarifverdienste und Arbeitszeiten;JAHR;Jahr;2017;DINSGF;Früheres Bundesgebiet / Neue Länder;DF;Früheres Bundesgebiet;WZ08C7;WZ2008 (ausgewählte Positionen): Tarifindex;WZ08-B-08;Produzierendes Gewerbe und Dienstleistungsbereich;92,3;2020=100;VST072;Index d.tarifl. Stundenverdienste mit Sonderzahl.
62221;Vj. Index der Tarifverdienste und Arbeitszeiten;JAHR;Jahr;2017;DINSGF;Früheres Bundesgebiet / Neue Länder;DF;Früheres Bundesgebiet;WZ08C7;WZ2008 (ausgewählte Positionen): Tarifindex;WZ08-B-08;Produzierendes Gewerbe und Dienstleistungsbereich;92,3;2020=100;VST073;Index d.tarifl. Monatsverdienste mit Sonderzahl.
62221;Vj. Index der Tarifverdienste und Arbeitszeiten;JAHR;Jahr;2017;DINSGF;Früheres Bundesgebiet / Neue Länder;DF;Früheres Bundesgebiet;WZ08C7;WZ2008 (ausgewählte Positionen): Tarifindex;WZ08-B-08;Produzierendes Gewerbe und Dienstleistungsbereich;38,4;h;VST019;Durchschnittliche tarifliche Wochenarbeitszeit
62221;Vj. Index der Tarifverdienste und Arbeitszeiten;JAHR;Jahr;2017;DINSGF;Früheres Bundesgebiet / Neue Länder;DF;Früheres Bundesgebiet;WZ08C7;WZ2008 (ausgewählte Positionen): Tarifindex;WZ08-B-08;Produzierendes Gewerbe und Dienstleistungsbereich;92,8;2020=100;VST066;Index d.tarifl. Monatsverdienste ohne Sonderzahl.
62221;Vj. Index der Tarifverdienste und Arbeitszeiten;JAHR;Jahr;2017;DINSGF;Früheres Bundesgebiet / Neue Länder;DF;Früheres Bundesgebiet;WZ08C7;WZ2008 (ausgewählte Positionen): Tarifindex;WZ08-B-08;Produzierendes Gewerbe und Dienstleistungsbereich;100,0;2020=100;VST018;Index der tariflichen Wochenarbeitszeit
62221;Vj. Index der Tarifverdienste und Arbeitszeiten;JAHR;Jahr;2017;DINSGF;Früheres Bundesgebiet / Neue Länder;DF;Früheres Bundesgebiet;WZ08C7;WZ2008 (ausgewählte Positionen): Tarifindex;WZ08-B-08;Produzierendes Gewerbe und Dienstleistungsbereich;92,8;2020=100;VST065;Index d.tarifl. Stundenverdienste ohne Sonderzahl.
62221;Vj. Index der Tarifverdienste und Arbeitszeiten;JAHR;Jahr;2019;DINSGF;Früheres Bundesgebiet / Neue Länder;DF;Früheres Bundesgebiet;WZ08C7;WZ2008 (ausgewählte Positionen): Tarifindex;WZ08-24;Metallerzeugung und -bearbeitung;99,2;2020=100;VST072;Index d.tarifl. Stundenverdienste mit Sonderzahl.
62221;Vj. Index der Tarifverdienste und Arbeitszeiten;JAHR;Jahr;2019;DINSGF;Früheres Bundesgebiet / Neue Länder;DF;Früheres Bundesgebiet;WZ08C7;WZ2008 (ausgewählte Positionen): Tarifindex;WZ08-24;Metallerzeugung und -bearbeitung;99,2;2020=100;VST073;Index d.tarifl. Monatsverdienste mit Sonderzahl.
62221;Vj. Index der Tarifverdienste und Arbeitszeiten;JAHR;Jahr;2019;DINSGF;Früheres Bundesgebiet / Neue Länder;DF;Früheres Bundesgebiet;WZ08C7;WZ2008 (ausgewählte Positionen): Tarifindex;WZ08-24;Metallerzeugung und -bearbeitung;35,1;h;VST019;Durchschnittliche tarifliche Wochenarbeitszeit
62221;Vj. Index der Tarifverdienste und Arbeitszeiten;JAHR;Jahr;2019;DINSGF;Früheres Bundesgebiet / Neue Länder;DF;Früheres Bundesgebiet;WZ08C7;WZ2008 (ausgewählte Positionen): Tarifindex;WZ08-24;Metallerzeugung und -bearbeitung;99,6;2020=100;VST066;Index d.tarifl. Monatsverdienste ohne Sonderzahl.
62221;Vj. Index der Tarifverdienste und Arbeitszeiten;JAHR;Jahr;2019;DINSGF;Früheres Bundesgebiet / Neue Länder;DF;Früheres Bundesgebiet;WZ08C7;WZ2008 (ausgewählte Positionen): Tarifindex;WZ08-24;Metallerzeugung und -bearbeitung;100,0;2020=100;VST018;Index der tariflichen Wochenarbeitszeit
62221;Vj. Index der Tarifverdienste und Arbeitszeiten;JAHR;Jahr;2019;DINSGF;Früheres Bundesgebiet / Neue Länder;DF;Früheres Bundesgebiet;WZ08C7;WZ2008 (ausgewählte Positionen): Tarifindex;WZ08-24;Metallerzeugung und -bearbeitung;99,6;2020=100;VST065;Index d.tarifl. Stundenverdienste ohne Sonderzahl.
62221;Vj. Index der Tarifverdienste und Arbeitszeiten;JAHR;Jahr;2019;DINSGF;Früheres Bundesgebiet / Neue Länder;DF;Früheres Bundesgebiet;WZ08C7;WZ2008 (ausgewählte Positionen): Tarifindex;WZ-X003;Gebrauchsgüterproduzenten;98,5;2020=100;VST072;Index d.tarifl. Stundenverdienste mit Sonderzahl.
62221;Vj. Index der Tarifverdienste und Arbeitszeiten;JAHR;Jahr;2019;DINSGF;Früheres Bundesgebiet / Neue Länder;DF;Früheres Bundesgebiet;WZ08C7;WZ2008 (ausgewählte Positionen): Tarifindex;WZ-X003;Gebrauchsgüterproduzenten;98,5;2020=100;VST073;Index d.tarifl. Monatsverdienste mit Sonderzahl.
62221;Vj. Index der Tarifverdienste und Arbeitszeiten;JAHR;Jahr;2019;DINSGF;Früheres Bundesgebiet / Neue Länder;DF;Früheres Bundesgebiet;WZ08C7;WZ2008 (ausgewählte Positionen): Tarifindex;WZ-X003;Gebrauchsgüterproduzenten;36,5;h;VST019;Durchschnittliche tarifliche Wochenarbeitszeit
62221;Vj. Index der Tarifverdienste und Arbeitszeiten;JAHR;Jahr;2019;DINSGF;Früheres Bundesgebiet / Neue Länder;DF;Früheres Bundesgebiet;WZ08C7;WZ2008 (ausgewählte Positionen): Tarifindex;WZ-X003;Gebrauchsgüterproduzenten;98,8;2020=100;VST066;Index d.tarifl. Monatsverdienste ohne Sonderzahl.
62221;Vj. Index der Tarifverdienste und Arbeitszeiten;JAHR;Jahr;2019;DINSGF;Früheres Bundesgebiet / Neue Länder;DF;Früheres Bundesgebiet;WZ08C7;WZ2008 (ausgewählte Positionen): Tarifindex;WZ-X003;Gebrauchsgüterproduzenten;100,0;2020=100;VST018;Index der tariflichen Wochenarbeitszeit
62221;Vj. Index der Tarifverdienste und Arbeitszeiten;JAHR;Jahr;2019;DINSGF;Früheres Bundesgebiet / Neue Länder;DF;Früheres Bundesgebiet;WZ08C7;WZ2008 (ausgewählte Positionen): Tarifindex;WZ-X003;Gebrauchsgüterproduzenten;98,8;2020=100;VST065;Index d.tarifl. Stundenverdienste ohne Sonderzahl.
62221;Vj. Index der Tarifverdienste und Arbeitszeiten;JAHR;Jahr;2019;DINSGF;Früheres Bundesgebiet / Neue Länder;DF;Früheres Bundesgebiet;WZ08C7;WZ2008 (ausgewählte Positionen): Tarifindex;WZ08-51;Luftfahrt;102,6;2020=100;VST072;Index d.tarifl. Stundenverdienste mit Sonderzahl.
62221;Vj. Index der Tarifverdienste und Arbeitszeiten;JAHR;Jahr;2019;DINSGF;Früheres Bundesgebiet / Neue Länder;DF;Früheres Bundesgebiet;WZ08C7;WZ2008 (ausgewählte Positionen): Tarifindex;WZ08-51;Luftfahrt;102,6;2020=100;VST073;Index d.tarifl. Monatsverdienste mit Sonderzahl.
62221;Vj. Index der Tarifverdienste und Arbeitszeiten;JAHR;Jahr;2019;DINSGF;Früheres Bundesgebiet / Neue Länder;DF;Früheres Bundesgebiet;WZ08C7;WZ2008 (ausgewählte Positionen): Tarifindex;WZ08-51;Luftfahrt;38,0;h;VST019;Durchschnittliche tarifliche Wochenarbeitszeit
62221;Vj. Index der Tarifverdienste und Arbeitszeiten;JAHR;Jahr;2019;DINSGF;Früheres Bundesgebiet / Neue Länder;DF;Früheres Bundesgebiet;WZ08C7;WZ2008 (ausgewählte Positionen): Tarifindex;WZ08-51;Luftfahrt;99,0;2020=100;VST066;Index d.tarifl. Monatsverdienste ohne Sonderzahl.
62221;Vj. Index der Tarifverdienste und Arbeitszeiten;JAHR;Jahr;2019;DINSGF;Früheres Bundesgebiet / Neue Länder;DF;Früheres Bundesgebiet;WZ08C7;WZ2008 (ausgewählte Positionen): Tarifindex;WZ08-51;Luftfahrt;100,0;2020=100;VST018;Index der tariflichen Wochenarbeitszeit
62221;Vj. Index der Tarifverdienste und Arbeitszeiten;JAHR;Jahr;2019;DINSGF;Früheres Bundesgebiet / Neue Länder;DF;Früheres Bundesgebiet;WZ08C7;WZ2008 (ausgewählte Positionen): Tarifindex;WZ08-51;Luftfahrt;99,0;2020=100;VST065;Index d.tarifl. Stundenverdienste ohne Sonderzahl.
62221;Vj. Index der Tarifverdienste und Arbeitszeiten;JAHR;Jahr;2021;DINSGF;Früheres Bundesgebiet / Neue Länder;DF;Früheres Bundesgebiet;WZ08C7;WZ2008 (ausgewählte Positionen): Tarifindex;WZ08-491-01;Personen- u. Güterbeförderung im Eisenbahnverkehr;102,4;2020=100;VST072;Index d.tarifl. Stundenverdienste mit Sonderzahl.
62221;Vj. Index der Tarifverdienste und Arbeitszeiten;JAHR;Jahr;2021;DINSGF;Früheres Bundesgebiet / Neue Länder;DF;Früheres Bundesgebiet;WZ08C7;WZ2008 (ausgewählte Positionen): Tarifindex;WZ08-491-01;Personen- u. Güterbeförderung im Eisenbahnverkehr;102,4;2020=100;VST073;Index d.tarifl. Monatsverdienste mit Sonderzahl.
62221;Vj. Index der Tarifverdienste und Arbeitszeiten;JAHR;Jahr;2021;DINSGF;Früheres Bundesgebiet / Neue Länder;DF;Früheres Bundesgebiet;WZ08C7;WZ2008 (ausgewählte Positionen): Tarifindex;WZ08-491-01;Personen- u. Güterbeförderung im Eisenbahnverkehr;39,9;h;VST019;Durchschnittliche tarifliche Wochenarbeitszeit
62221;Vj. Index der Tarifverdienste und Arbeitszeiten;JAHR;Jahr;2021;DINSGF;Früheres Bundesgebiet / Neue Länder;DF;Früheres Bundesgebiet;WZ08C7;WZ2008 (ausgewählte Positionen): Tarifindex;WZ08-491-01;Personen- u. Güterbeförderung im Eisenbahnverkehr;101,3;2020=100;VST066;Index d.tarifl. Monatsverdienste ohne Sonderzahl.
62221;Vj. Index der Tarifverdienste und Arbeitszeiten;JAHR;Jahr;2021;DINSGF;Früheres Bundesgebiet / Neue Länder;DF;Früheres Bundesgebiet;WZ08C7;WZ2008 (ausgewählte Positionen): Tarifindex;WZ08-491-01;Personen- u. Güterbeförderung im Eisenbahnverkehr;100,0;2020=100;VST018;Index der tariflichen Wochenarbeitszeit
62221;Vj. Index der Tarifverdienste und Arbeitszeiten;JAHR;Jahr;2021;DINSGF;Früheres Bundesgebiet / Neue Länder;DF;Früheres Bundesgebiet;WZ08C7;WZ2008 (ausgewählte Positionen): Tarifindex;WZ08-491-01;Personen- u. Güterbeförderung im Eisenbahnverkehr;101,3;2020=100;VST065;Index d.tarifl. Stundenverdienste ohne Sonderzahl.
62221;Vj. Index der Tarifverdienste und Arbeitszeiten;JAHR;Jahr;2025;DINSGF;Früheres Bundesgebiet / Neue Länder;DF;Früheres Bundesgebiet;WZ08C7;WZ2008 (ausgewählte Positionen): Tarifindex;WZ08-16;H.v. Holz-, Flecht-, Korb-u.Korkwaren (ohne Möbel);114,1;2020=100;VST072;Index d.tarifl. Stundenverdienste mit Sonderzahl.
62221;Vj. Index der Tarifverdienste und Arbeitszeiten;JAHR;Jahr;2025;DINSGF;Früheres Bundesgebiet / Neue Länder;DF;Früheres Bundesgebiet;WZ08C7;WZ2008 (ausgewählte Positionen): Tarifindex;WZ08-16;H.v. Holz-, Flecht-, Korb-u.Korkwaren (ohne Möbel);114,1;2020=100;VST073;Index d.tarifl. Monatsverdienste mit Sonderzahl.
62221;Vj. Index der Tarifverdienste und Arbeitszeiten;JAHR;Jahr;2025;DINSGF;Früheres Bundesgebiet / Neue Länder;DF;Früheres Bundesgebiet;WZ08C7;WZ2008 (ausgewählte Positionen): Tarifindex;WZ08-16;H.v. Holz-, Flecht-, Korb-u.Korkwaren (ohne Möbel);37,3;h;VST019;Durchschnittliche tarifliche Wochenarbeitszeit
62221;Vj. Index der Tarifverdienste und Arbeitszeiten;JAHR;Jahr;2025;DINSGF;Früheres Bundesgebiet / Neue Länder;DF;Früheres Bundesgebiet;WZ08C7;WZ2008 (ausgewählte Positionen): Tarifindex;WZ08-16;H.v. Holz-, Flecht-, Korb-u.Korkwaren (ohne Möbel);114,7;2020=100;VST066;Index d.tarifl. Monatsverdienste ohne Sonderzahl.
62221;Vj. Index der Tarifverdienste und Arbeitszeiten;JAHR;Jahr;2025;DINSGF;Früheres Bundesgebiet / Neue Länder;DF;Früheres Bundesgebiet;WZ08C7;WZ2008 (ausgewählte Positionen): Tarifindex;WZ08-16;H.v. Holz-, Flecht-, Korb-u.Korkwaren (ohne Möbel);100,0;2020=100;VST018;Index der tariflichen Wochenarbeitszeit
62221;Vj. Index der Tarifverdienste und Arbeitszeiten;JAHR;Jahr;2025;DINSGF;Früheres Bundesgebiet / Neue Länder;DF;Früheres Bundesgebiet;WZ08C7;WZ2008 (ausgewählte Positionen): Tarifindex;WZ08-16;H.v. Holz-, Flecht-, Korb-u.Korkwaren (ohne Möbel);114,7;2020=100;VST065;Index d.tarifl. Stundenverdienste ohne Sonderzahl.
62221;Vj. Index der Tarifverdienste und Arbeitszeiten;JAHR;Jahr;2017;DINSGF;Früheres Bundesgebiet / Neue Länder;DF;Früheres Bundesgebiet;WZ08C7;WZ2008 (ausgewählte Positionen): Tarifindex;WZ08-B-11;Produzierendes Gewerbe, Handel u.A.;92,6;2020=100;VST072;Index d.tarifl. Stundenverdienste mit Sonderzahl.
62221;Vj. Index der Tarifverdienste und Arbeitszeiten;JAHR;Jahr;2017;DINSGF;Früheres Bundesgebiet / Neue Länder;DF;Früheres Bundesgebiet;WZ08C7;WZ2008 (ausgewählte Positionen): Tarifindex;WZ08-B-11;Produzierendes Gewerbe, Handel u.A.;92,6;2020=100;VST073;Index d.tarifl. Monatsverdienste mit Sonderzahl.
62221;Vj. Index der Tarifverdienste und Arbeitszeiten;JAHR;Jahr;2017;DINSGF;Früheres Bundesgebiet / Neue Länder;DF;Früheres Bundesgebiet;WZ08C7;WZ2008 (ausgewählte Positionen): Tarifindex;WZ08-B-11;Produzierendes Gewerbe, Handel u.A.;38,1;h;VST019;Durchschnittliche tarifliche Wochenarbeitszeit
62221;Vj. Index der Tarifverdienste und Arbeitszeiten;JAHR;Jahr;2017;DINSGF;Früheres Bundesgebiet / Neue Länder;DF;Früheres Bundesgebiet;WZ08C7;WZ2008 (ausgewählte Positionen): Tarifindex;WZ08-B-11;Produzierendes Gewerbe, Handel u.A.;93,4;2020=100;VST066;Index d.tarifl. Monatsverdienste ohne Sonderzahl.
62221;Vj. Index der Tarifverdienste und Arbeitszeiten;JAHR;Jahr;2017;DINSGF;Früheres Bundesgebiet / Neue Länder;DF;Früheres Bundesgebiet;WZ08C7;WZ2008 (ausgewählte Positionen): Tarifindex;WZ08-B-11;Produzierendes Gewerbe, Handel u.A.;100,0;2020=100;VST018;Index der tariflichen Wochenarbeitszeit
62221;Vj. Index der Tarifverdienste und Arbeitszeiten;JAHR;Jahr;2017;DINSGF;Früheres Bundesgebiet / Neue Länder;DF;Früheres Bundesgebiet;WZ08C7;WZ2008 (ausgewählte Positionen): Tarifindex;WZ08-B-11;Produzierendes Gewerbe, Handel u.A.;93,4;2020=100;VST065;Index d.tarifl. Stundenverdienste ohne Sonderzahl.
62221;Vj. Index der Tarifverdienste und Arbeitszeiten;JAHR;Jahr;2017;DINSGF;Früheres Bundesgebiet / Neue Länder;DF;Früheres Bundesgebiet;WZ08C7;WZ2008 (ausgewählte Positionen): Tarifindex;WZ08-10-02;Ernährungsgewerbe;93,1;2020=100;VST072;Index d.tarifl. Stundenverdienste mit Sonderzahl.
62221;Vj. Index der Tarifverdienste und Arbeitszeiten;JAHR;Jahr;2017;DINSGF;Früheres Bundesgebiet / Neue Länder;DF;Früheres Bundesgebiet;WZ08C7;WZ2008 (ausgewählte Positionen): Tarifindex;WZ08-10-02;Ernährungsgewerbe;93,1;2020=100;VST073;Index d.tarifl. Monatsverdienste mit Sonderzahl.
62221;Vj. Index der Tarifverdienste und Arbeitszeiten;JAHR;Jahr;2017;DINSGF;Früheres Bundesgebiet / Neue Länder;DF;Früheres Bundesgebiet;WZ08C7;WZ2008 (ausgewählte Positionen): Tarifindex;WZ08-10-02;Ernährungsgewerbe;38,3;h;VST019;Durchschnittliche tarifliche Wochenarbeitszeit
62221;Vj. Index der Tarifverdienste und Arbeitszeiten;JAHR;Jahr;2017;DINSGF;Früheres Bundesgebiet / Neue Länder;DF;Früheres Bundesgebiet;WZ08C7;WZ2008 (ausgewählte Positionen): Tarifindex;WZ08-10-02;Ernährungsgewerbe;93,2;2020=100;VST066;Index d.tarifl. Monatsverdienste ohne Sonderzahl.
62221;Vj. Index der Tarifverdienste und Arbeitszeiten;JAHR;Jahr;2017;DINSGF;Früheres Bundesgebiet / Neue Länder;DF;Früheres Bundesgebiet;WZ08C7;WZ2008 (ausgewählte Positionen): Tarifindex;WZ08-10-02;Ernährungsgewerbe;100,0;2020=100;VST018;Index der tariflichen Wochenarbeitszeit
62221;Vj. Index der Tarifverdienste und Arbeitszeiten;JAHR;Jahr;2017;DINSGF;Früheres Bundesgebiet / Neue Länder;DF;Früheres Bundesgebiet;WZ08C7;WZ2008 (ausgewählte Positionen): Tarifindex;WZ08-10-02;Ernährungsgewerbe;93,2;2020=100;VST065;Index d.tarifl. Stundenverdienste ohne Sonderzahl.
62221;Vj. Index der Tarifverdienste und Arbeitszeiten;JAHR;Jahr;2019;DINSGF;Früheres Bundesgebiet / Neue Länder;DF;Früheres Bundesgebiet;WZ08C7;WZ2008 (ausgewählte Positionen): Tarifindex;WZ08-33;Reparatur u.Installation von Masch.u.Ausrüstungen;99,6;2020=100;VST072;Index d.tarifl. Stundenverdienste mit Sonderzahl.
62221;Vj. Index der Tarifverdienste und Arbeitszeiten;JAHR;Jahr;2019;DINSGF;Früheres Bundesgebiet / Neue Länder;DF;Früheres Bundesgebiet;WZ08C7;WZ2008 (ausgewählte Positionen): Tarifindex;WZ08-33;Reparatur u.Installation von Masch.u.Ausrüstungen;99,5;2020=100;VST073;Index d.tarifl. Monatsverdienste mit Sonderzahl.
62221;Vj. Index der Tarifverdienste und Arbeitszeiten;JAHR;Jahr;2019;DINSGF;Früheres Bundesgebiet / Neue Länder;DF;Früheres Bundesgebiet;WZ08C7;WZ2008 (ausgewählte Positionen): Tarifindex;WZ08-33;Reparatur u.Installation von Masch.u.Ausrüstungen;36,6;h;VST019;Durchschnittliche tarifliche Wochenarbeitszeit
62221;Vj. Index der Tarifverdienste und Arbeitszeiten;JAHR;Jahr;2019;DINSGF;Früheres Bundesgebiet / Neue Länder;DF;Früheres Bundesgebiet;WZ08C7;WZ2008 (ausgewählte Positionen): Tarifindex;WZ08-33;Reparatur u.Installation von Masch.u.Ausrüstungen;99,0;2020=100;VST066;Index d.tarifl. Monatsverdienste ohne Sonderzahl.
62221;Vj. Index der Tarifverdienste und Arbeitszeiten;JAHR;Jahr;2019;DINSGF;Früheres Bundesgebiet / Neue Länder;DF;Früheres Bundesgebiet;WZ08C7;WZ2008 (ausgewählte Positionen): Tarifindex;WZ08-33;Reparatur u.Installation von Masch.u.Ausrüstungen;100,0;2020=100;VST018;Index der tariflichen Wochenarbeitszeit
62221;Vj. Index der Tarifverdienste und Arbeitszeiten;JAHR;Jahr;2019;DINSGF;Früheres Bundesgebiet / Neue Länder;DF;Früheres Bundesgebiet;WZ08C7;WZ2008 (ausgewählte Positionen): Tarifindex;WZ08-33;Reparatur u.Installation von Masch.u.Ausrüstungen;99,0;2020=100;VST065;Index d.tarifl. Stundenverdienste ohne Sonderzahl.
62221;Vj. Index der Tarifverdienste und Arbeitszeiten;JAHR;Jahr;2024;DINSGF;Früheres Bundesgebiet / Neue Länder;DN;Neue Länder;WZ08C7;WZ2008 (ausgewählte Positionen): Tarifindex;WZ08-75;Veterinärwesen;119,5;2020=100;VST072;Index d.tarifl. Stundenverdienste mit Sonderzahl.
62221;Vj. Index der Tarifverdienste und Arbeitszeiten;JAHR;Jahr;2024;DINSGF;Früheres Bundesgebiet / Neue Länder;DN;Neue Länder;WZ08C7;WZ2008 (ausgewählte Positionen): Tarifindex;WZ08-75;Veterinärwesen;119,5;2020=100;VST073;Index d.tarifl. Monatsverdienste mit Sonderzahl.
62221;Vj. Index der Tarifverdienste und Arbeitszeiten;JAHR;Jahr;2024;DINSGF;Früheres Bundesgebiet / Neue Länder;DN;Neue Länder;WZ08C7;WZ2008 (ausgewählte Positionen): Tarifindex;WZ08-75;Veterinärwesen;40,0;h;VST019;Durchschnittliche tarifliche Wochenarbeitszeit
62221;Vj. Index der Tarifverdienste und Arbeitszeiten;JAHR;Jahr;2024;DINSGF;Früheres Bundesgebiet / Neue Länder;DN;Neue Länder;WZ08C7;WZ2008 (ausgewählte Positionen): Tarifindex;WZ08-75;Veterinärwesen;119,5;2020=100;VST066;Index d.tarifl. Monatsverdienste ohne Sonderzahl.
62221;Vj. Index der Tarifverdienste und Arbeitszeiten;JAHR;Jahr;2024;DINSGF;Früheres Bundesgebiet / Neue Länder;DN;Neue Länder;WZ08C7;WZ2008 (ausgewählte Positionen): Tarifindex;WZ08-75;Veterinärwesen;100,0;2020=100;VST018;Index der tariflichen Wochenarbeitszeit
62221;Vj. Index der Tarifverdienste und Arbeitszeiten;JAHR;Jahr;2024;DINSGF;Früheres Bundesgebiet / Neue Länder;DN;Neue Länder;WZ08C7;WZ2008 (ausgewählte Positionen): Tarifindex;WZ08-75;Veterinärwesen;119,5;2020=100;VST065;Index d.tarifl. Stundenverdienste ohne Sonderzahl.
62221;Vj. Index der Tarifverdienste und Arbeitszeiten;JAHR;Jahr;2019;DINSGF;Früheres Bundesgebiet / Neue Länder;DN;Neue Länder;WZ08C7;WZ2008 (ausgewählte Positionen): Tarifindex;WZ08-29;Herstellung von Kraftwagen und Kraftwagenteilen;99,7;2020=100;VST072;Index d.tarifl. Stundenverdienste mit Sonderzahl.
62221;Vj. Index der Tarifverdienste und Arbeitszeiten;JAHR;Jahr;2019;DINSGF;Früheres Bundesgebiet / Neue Länder;DN;Neue Länder;WZ08C7;WZ2008 (ausgewählte Positionen): Tarifindex;WZ08-29;Herstellung von Kraftwagen und Kraftwagenteilen;99,8;2020=100;VST073;Index d.tarifl. Monatsverdienste mit Sonderzahl.
62221;Vj. Index der Tarifverdienste und Arbeitszeiten;JAHR;Jahr;2019;DINSGF;Früheres Bundesgebiet / Neue Länder;DN;Neue Länder;WZ08C7;WZ2008 (ausgewählte Positionen): Tarifindex;WZ08-29;Herstellung von Kraftwagen und Kraftwagenteilen;37,7;h;VST019;Durchschnittliche tarifliche Wochenarbeitszeit
62221;Vj. Index der Tarifverdienste und Arbeitszeiten;JAHR;Jahr;2019;DINSGF;Früheres Bundesgebiet / Neue Länder;DN;Neue Länder;WZ08C7;WZ2008 (ausgewählte Positionen): Tarifindex;WZ08-29;Herstellung von Kraftwagen und Kraftwagenteilen;99,8;2020=100;VST066;Index d.tarifl. Monatsverdienste ohne Sonderzahl.
62221;Vj. Index der Tarifverdienste und Arbeitszeiten;JAHR;Jahr;2019;DINSGF;Früheres Bundesgebiet / Neue Länder;DN;Neue Länder;WZ08C7;WZ2008 (ausgewählte Positionen): Tarifindex;WZ08-29;Herstellung von Kraftwagen und Kraftwagenteilen;100,1;2020=100;VST018;Index der tariflichen Wochenarbeitszeit
62221;Vj. Index der Tarifverdienste und Arbeitszeiten;JAHR;Jahr;2019;DINSGF;Früheres Bundesgebiet / Neue Länder;DN;Neue Länder;WZ08C7;WZ2008 (ausgewählte Positionen): Tarifindex;WZ08-29;Herstellung von Kraftwagen und Kraftwagenteilen;99,8;2020=100;VST065;Index d.tarifl. Stundenverdienste ohne Sonderzahl.
62221;Vj. Index der Tarifverdienste und Arbeitszeiten;JAHR;Jahr;2024;DINSGF;Früheres Bundesgebiet / Neue Länder;DF;Früheres Bundesgebiet;WZ08C7;WZ2008 (ausgewählte Positionen): Tarifindex;WZ-X004;Verbrauchsgüterproduzenten;115,5;2020=100;VST072;Index d.tarifl. Stundenverdienste mit Sonderzahl.
62221;Vj. Index der Tarifverdienste und Arbeitszeiten;JAHR;Jahr;2024;DINSGF;Früheres Bundesgebiet / Neue Länder;DF;Früheres Bundesgebiet;WZ08C7;WZ2008 (ausgewählte Positionen): Tarifindex;WZ-X004;Verbrauchsgüterproduzenten;115,5;2020=100;VST073;Index d.tarifl. Monatsverdienste mit Sonderzahl.
62221;Vj. Index der Tarifverdienste und Arbeitszeiten;JAHR;Jahr;2024;DINSGF;Früheres Bundesgebiet / Neue Länder;DF;Früheres Bundesgebiet;WZ08C7;WZ2008 (ausgewählte Positionen): Tarifindex;WZ-X004;Verbrauchsgüterproduzenten;38,0;h;VST019;Durchschnittliche tarifliche Wochenarbeitszeit
62221;Vj. Index der Tarifverdienste und Arbeitszeiten;JAHR;Jahr;2024;DINSGF;Früheres Bundesgebiet / Neue Länder;DF;Früheres Bundesgebiet;WZ08C7;WZ2008 (ausgewählte Positionen): Tarifindex;WZ-X004;Verbrauchsgüterproduzenten;114,1;2020=100;VST066;Index d.tarifl. Monatsverdienste ohne Sonderzahl.
62221;Vj. Index der Tarifverdienste und Arbeitszeiten;JAHR;Jahr;2024;DINSGF;Früheres Bundesgebiet / Neue Länder;DF;Früheres Bundesgebiet;WZ08C7;WZ2008 (ausgewählte Positionen): Tarifindex;WZ-X004;Verbrauchsgüterproduzenten;100,0;2020=100;VST018;Index der tariflichen Wochenarbeitszeit
62221;Vj. Index der Tarifverdienste und Arbeitszeiten;JAHR;Jahr;2024;DINSGF;Früheres Bundesgebiet / Neue Länder;DF;Früheres Bundesgebiet;WZ08C7;WZ2008 (ausgewählte Positionen): Tarifindex;WZ-X004;Verbrauchsgüterproduzenten;114,1;2020=100;VST065;Index d.tarifl. Stundenverdienste ohne Sonderzahl.
62221;Vj. Index der Tarifverdienste und Arbeitszeiten;JAHR;Jahr;2021;DINSGF;Früheres Bundesgebiet / Neue Länder;DF;Früheres Bundesgebiet;WZ08C7;WZ2008 (ausgewählte Positionen): Tarifindex;WZ08-25;Herstellung von Metallerzeugnissen;101,1;2020=100;VST072;Index d.tarifl. Stundenverdienste mit Sonderzahl.
62221;Vj. Index der Tarifverdienste und Arbeitszeiten;JAHR;Jahr;2021;DINSGF;Früheres Bundesgebiet / Neue Länder;DF;Früheres Bundesgebiet;WZ08C7;WZ2008 (ausgewählte Positionen): Tarifindex;WZ08-25;Herstellung von Metallerzeugnissen;101,1;2020=100;VST073;Index d.tarifl. Monatsverdienste mit Sonderzahl.
62221;Vj. Index der Tarifverdienste und Arbeitszeiten;JAHR;Jahr;2021;DINSGF;Früheres Bundesgebiet / Neue Länder;DF;Früheres Bundesgebiet;WZ08C7;WZ2008 (ausgewählte Positionen): Tarifindex;WZ08-25;Herstellung von Metallerzeugnissen;35,8;h;VST019;Durchschnittliche tarifliche Wochenarbeitszeit
62221;Vj. Index der Tarifverdienste und Arbeitszeiten;JAHR;Jahr;2021;DINSGF;Früheres Bundesgebiet / Neue Länder;DF;Früheres Bundesgebiet;WZ08C7;WZ2008 (ausgewählte Positionen): Tarifindex;WZ08-25;Herstellung von Metallerzeugnissen;100,2;2020=100;VST066;Index d.tarifl. Monatsverdienste ohne Sonderzahl.
62221;Vj. Index der Tarifverdienste und Arbeitszeiten;JAHR;Jahr;2021;DINSGF;Früheres Bundesgebiet / Neue Länder;DF;Früheres Bundesgebiet;WZ08C7;WZ2008 (ausgewählte Positionen): Tarifindex;WZ08-25;Herstellung von Metallerzeugnissen;100,0;2020=100;VST018;Index der tariflichen Wochenarbeitszeit
62221;Vj. Index der Tarifverdienste und Arbeitszeiten;JAHR;Jahr;2021;DINSGF;Früheres Bundesgebiet / Neue Länder;DF;Früheres Bundesgebiet;WZ08C7;WZ2008 (ausgewählte Positionen): Tarifindex;WZ08-25;Herstellung von Metallerzeugnissen;100,2;2020=100;VST065;Index d.tarifl. Stundenverdienste ohne Sonderzahl.
62221;Vj. Index der Tarifverdienste und Arbeitszeiten;JAHR;Jahr;2024;DINSGF;Früheres Bundesgebiet / Neue Länder;DN;Neue Länder;WZ08C7;WZ2008 (ausgewählte Positionen): Tarifindex;WZ08-10;Herstellung von Nahrungs- und Futtermitteln;121,3;2020=100;VST072;Index d.tarifl. Stundenverdienste mit Sonderzahl.
62221;Vj. Index der Tarifverdienste und Arbeitszeiten;JAHR;Jahr;2024;DINSGF;Früheres Bundesgebiet / Neue Länder;DN;Neue Länder;WZ08C7;WZ2008 (ausgewählte Positionen): Tarifindex;WZ08-10;Herstellung von Nahrungs- und Futtermitteln;120,3;2020=100;VST073;Index d.tarifl. Monatsverdienste mit Sonderzahl.
62221;Vj. Index der Tarifverdienste und Arbeitszeiten;JAHR;Jahr;2024;DINSGF;Früheres Bundesgebiet / Neue Länder;DN;Neue Länder;WZ08C7;WZ2008 (ausgewählte Positionen): Tarifindex;WZ08-10;Herstellung von Nahrungs- und Futtermitteln;38,4;h;VST019;Durchschnittliche tarifliche Wochenarbeitszeit
62221;Vj. Index der Tarifverdienste und Arbeitszeiten;JAHR;Jahr;2024;DINSGF;Früheres Bundesgebiet / Neue Länder;DN;Neue Länder;WZ08C7;WZ2008 (ausgewählte Positionen): Tarifindex;WZ08-10;Herstellung von Nahrungs- und Futtermitteln;117,8;2020=100;VST066;Index d.tarifl. Monatsverdienste ohne Sonderzahl.
62221;Vj. Index der Tarifverdienste und Arbeitszeiten;JAHR;Jahr;2024;DINSGF;Früheres Bundesgebiet / Neue Länder;DN;Neue Länder;WZ08C7;WZ2008 (ausgewählte Positionen): Tarifindex;WZ08-10;Herstellung von Nahrungs- und Futtermitteln;99,3;2020=100;VST018;Index der tariflichen Wochenarbeitszeit
62221;Vj. Index der Tarifverdienste und Arbeitszeiten;JAHR;Jahr;2024;DINSGF;Früheres Bundesgebiet / Neue Länder;DN;Neue Länder;WZ08C7;WZ2008 (ausgewählte Positionen): Tarifindex;WZ08-10;Herstellung von Nahrungs- und Futtermitteln;118,7;2020=100;VST065;Index d.tarifl. Stundenverdienste ohne Sonderzahl.
62221;Vj. Index der Tarifverdienste und Arbeitszeiten;JAHR;Jahr;2022;DINSGF;Früheres Bundesgebiet / Neue Länder;DN;Neue Länder;WZ08C7;WZ2008 (ausgewählte Positionen): Tarifindex;WZ08-S;Erbringung von sonstigen Dienstleistungen;104,1;2020=100;VST072;Index d.tarifl. Stundenverdienste mit Sonderzahl.
62221;Vj. Index der Tarifverdienste und Arbeitszeiten;JAHR;Jahr;2022;DINSGF;Früheres Bundesgebiet / Neue Länder;DN;Neue Länder;WZ08C7;WZ2008 (ausgewählte Positionen): Tarifindex;WZ08-S;Erbringung von sonstigen Dienstleistungen;104,0;2020=100;VST073;Index d.tarifl. Monatsverdienste mit Sonderzahl.
62221;Vj. Index der Tarifverdienste und Arbeitszeiten;JAHR;Jahr;2022;DINSGF;Früheres Bundesgebiet / Neue Länder;DN;Neue Länder;WZ08C7;WZ2008 (ausgewählte Positionen): Tarifindex;WZ08-S;Erbringung von sonstigen Dienstleistungen;39,5;h;VST019;Durchschnittliche tarifliche Wochenarbeitszeit
62221;Vj. Index der Tarifverdienste und Arbeitszeiten;JAHR;Jahr;2022;DINSGF;Früheres Bundesgebiet / Neue Länder;DN;Neue Länder;WZ08C7;WZ2008 (ausgewählte Positionen): Tarifindex;WZ08-S;Erbringung von sonstigen Dienstleistungen;103,4;2020=100;VST066;Index d.tarifl. Monatsverdienste ohne Sonderzahl.
62221;Vj. Index der Tarifverdienste und Arbeitszeiten;JAHR;Jahr;2022;DINSGF;Früheres Bundesgebiet / Neue Länder;DN;Neue Länder;WZ08C7;WZ2008 (ausgewählte Positionen): Tarifindex;WZ08-S;Erbringung von sonstigen Dienstleistungen;99,9;2020=100;VST018;Index der tariflichen Wochenarbeitszeit
62221;Vj. Index der Tarifverdienste und Arbeitszeiten;JAHR;Jahr;2022;DINSGF;Früheres Bundesgebiet / Neue Länder;DN;Neue Länder;WZ08C7;WZ2008 (ausgewählte Positionen): Tarifindex;WZ08-S;Erbringung von sonstigen Dienstleistungen;103,5;2020=100;VST065;Index d.tarifl. Stundenverdienste ohne Sonderzahl.
62221;Vj. Index der Tarifverdienste und Arbeitszeiten;JAHR;Jahr;2020;DINSGF;Früheres Bundesgebiet / Neue Länder;DN;Neue Länder;WZ08C7;WZ2008 (ausgewählte Positionen): Tarifindex;WZ08-B-09;Produzierendes Gewerbe und wirtschaftl. Dienstl.;100,0;2020=100;VST072;Index d.tarifl. Stundenverdienste mit Sonderzahl.
62221;Vj. Index der Tarifverdienste und Arbeitszeiten;JAHR;Jahr;2020;DINSGF;Früheres Bundesgebiet / Neue Länder;DN;Neue Länder;WZ08C7;WZ2008 (ausgewählte Positionen): Tarifindex;WZ08-B-09;Produzierendes Gewerbe und wirtschaftl. Dienstl.;100,0;2020=100;VST073;Index d.tarifl. Monatsverdienste mit Sonderzahl.
62221;Vj. Index der Tarifverdienste und Arbeitszeiten;JAHR;Jahr;2020;DINSGF;Früheres Bundesgebiet / Neue Länder;DN;Neue Länder;WZ08C7;WZ2008 (ausgewählte Positionen): Tarifindex;WZ08-B-09;Produzierendes Gewerbe und wirtschaftl. Dienstl.;38,5;h;VST019;Durchschnittliche tarifliche Wochenarbeitszeit
62221;Vj. Index der Tarifverdienste und Arbeitszeiten;JAHR;Jahr;2020;DINSGF;Früheres Bundesgebiet / Neue Länder;DN;Neue Länder;WZ08C7;WZ2008 (ausgewählte Positionen): Tarifindex;WZ08-B-09;Produzierendes Gewerbe und wirtschaftl. Dienstl.;100,0;2020=100;VST066;Index d.tarifl. Monatsverdienste ohne Sonderzahl.
62221;Vj. Index der Tarifverdienste und Arbeitszeiten;JAHR;Jahr;2020;DINSGF;Früheres Bundesgebiet / Neue Länder;DN;Neue Länder;WZ08C7;WZ2008 (ausgewählte Positionen): Tarifindex;WZ08-B-09;Produzierendes Gewerbe und wirtschaftl. Dienstl.;100,0;2020=100;VST018;Index der tariflichen Wochenarbeitszeit
62221;Vj. Index der Tarifverdienste und Arbeitszeiten;JAHR;Jahr;2020;DINSGF;Früheres Bundesgebiet / Neue Länder;DN;Neue Länder;WZ08C7;WZ2008 (ausgewählte Positionen): Tarifindex;WZ08-B-09;Produzierendes Gewerbe und wirtschaftl. Dienstl.;100,0;2020=100;VST065;Index d.tarifl. Stundenverdienste ohne Sonderzahl.
62221;Vj. Index der Tarifverdienste und Arbeitszeiten;JAHR;Jahr;2022;DINSGF;Früheres Bundesgebiet / Neue Länder;DN;Neue Länder;WZ08C7;WZ2008 (ausgewählte Positionen): Tarifindex;WZ08-M;Freiberufliche, wiss. u. techn. Dienstleistungen;103,5;2020=100;VST072;Index d.tarifl. Stundenverdienste mit Sonderzahl.
62221;Vj. Index der Tarifverdienste und Arbeitszeiten;JAHR;Jahr;2022;DINSGF;Früheres Bundesgebiet / Neue Länder;DN;Neue Länder;WZ08C7;WZ2008 (ausgewählte Positionen): Tarifindex;WZ08-M;Freiberufliche, wiss. u. techn. Dienstleistungen;103,5;2020=100;VST073;Index d.tarifl. Monatsverdienste mit Sonderzahl.
62221;Vj. Index der Tarifverdienste und Arbeitszeiten;JAHR;Jahr;2022;DINSGF;Früheres Bundesgebiet / Neue Länder;DN;Neue Länder;WZ08C7;WZ2008 (ausgewählte Positionen): Tarifindex;WZ08-M;Freiberufliche, wiss. u. techn. Dienstleistungen;38,9;h;VST019;Durchschnittliche tarifliche Wochenarbeitszeit
62221;Vj. Index der Tarifverdienste und Arbeitszeiten;JAHR;Jahr;2022;DINSGF;Früheres Bundesgebiet / Neue Länder;DN;Neue Länder;WZ08C7;WZ2008 (ausgewählte Positionen): Tarifindex;WZ08-M;Freiberufliche, wiss. u. techn. Dienstleistungen;102,9;2020=100;VST066;Index d.tarifl. Monatsverdienste ohne Sonderzahl.
62221;Vj. Index der Tarifverdienste und Arbeitszeiten;JAHR;Jahr;2022;DINSGF;Früheres Bundesgebiet / Neue Länder;DN;Neue Länder;WZ08C7;WZ2008 (ausgewählte Positionen): Tarifindex;WZ08-M;Freiberufliche, wiss. u. techn. Dienstleistungen;100,0;2020=100;VST018;Index der tariflichen Wochenarbeitszeit
62221;Vj. Index der Tarifverdienste und Arbeitszeiten;JAHR;Jahr;2022;DINSGF;Früheres Bundesgebiet / Neue Länder;DN;Neue Länder;WZ08C7;WZ2008 (ausgewählte Positionen): Tarifindex;WZ08-M;Freiberufliche, wiss. u. techn. Dienstleistungen;103,0;2020=100;VST065;Index d.tarifl. Stundenverdienste ohne Sonderzahl.
62221;Vj. Index der Tarifverdienste und Arbeitszeiten;JAHR;Jahr;2016;DINSGF;Früheres Bundesgebiet / Neue Länder;DN;Neue Länder;WZ08C7;WZ2008 (ausgewählte Positionen): Tarifindex;WZ08-Q;Gesundheits- und Sozialwesen;88,4;2020=100;VST072;Index d.tarifl. Stundenverdienste mit Sonderzahl.
62221;Vj. Index der Tarifverdienste und Arbeitszeiten;JAHR;Jahr;2016;DINSGF;Früheres Bundesgebiet / Neue Länder;DN;Neue Länder;WZ08C7;WZ2008 (ausgewählte Positionen): Tarifindex;WZ08-Q;Gesundheits- und Sozialwesen;88,5;2020=100;VST073;Index d.tarifl. Monatsverdienste mit Sonderzahl.
62221;Vj. Index der Tarifverdienste und Arbeitszeiten;JAHR;Jahr;2016;DINSGF;Früheres Bundesgebiet / Neue Länder;DN;Neue Länder;WZ08C7;WZ2008 (ausgewählte Positionen): Tarifindex;WZ08-Q;Gesundheits- und Sozialwesen;39,4;h;VST019;Durchschnittliche tarifliche Wochenarbeitszeit
62221;Vj. Index der Tarifverdienste und Arbeitszeiten;JAHR;Jahr;2016;DINSGF;Früheres Bundesgebiet / Neue Länder;DN;Neue Länder;WZ08C7;WZ2008 (ausgewählte Positionen): Tarifindex;WZ08-Q;Gesundheits- und Sozialwesen;88,3;2020=100;VST066;Index d.tarifl. Monatsverdienste ohne Sonderzahl.
62221;Vj. Index der Tarifverdienste und Arbeitszeiten;JAHR;Jahr;2016;DINSGF;Früheres Bundesgebiet / Neue Länder;DN;Neue Länder;WZ08C7;WZ2008 (ausgewählte Positionen): Tarifindex;WZ08-Q;Gesundheits- und Sozialwesen;100,1;2020=100;VST018;Index der tariflichen Wochenarbeitszeit
62221;Vj. Index der Tarifverdienste und Arbeitszeiten;JAHR;Jahr;2016;DINSGF;Früheres Bundesgebiet / Neue Länder;DN;Neue Länder;WZ08C7;WZ2008 (ausgewählte Positionen): Tarifindex;WZ08-Q;Gesundheits- und Sozialwesen;88,3;2020=100;VST065;Index d.tarifl. Stundenverdienste ohne Sonderzahl.
62221;Vj. Index der Tarifverdienste und Arbeitszeiten;JAHR;Jahr;2024;DINSGF;Früheres Bundesgebiet / Neue Länder;DF;Früheres Bundesgebiet;WZ08C7;WZ2008 (ausgewählte Positionen): Tarifindex;WZ08-52-01;Lagerei und Kurierdienste;113,0;2020=100;VST072;Index d.tarifl. Stundenverdienste mit Sonderzahl.
62221;Vj. Index der Tarifverdienste und Arbeitszeiten;JAHR;Jahr;2024;DINSGF;Früheres Bundesgebiet / Neue Länder;DF;Früheres Bundesgebiet;WZ08C7;WZ2008 (ausgewählte Positionen): Tarifindex;WZ08-52-01;Lagerei und Kurierdienste;112,9;2020=100;VST073;Index d.tarifl. Monatsverdienste mit Sonderzahl.
62221;Vj. Index der Tarifverdienste und Arbeitszeiten;JAHR;Jahr;2024;DINSGF;Früheres Bundesgebiet / Neue Länder;DF;Früheres Bundesgebiet;WZ08C7;WZ2008 (ausgewählte Positionen): Tarifindex;WZ08-52-01;Lagerei und Kurierdienste;38,7;h;VST019;Durchschnittliche tarifliche Wochenarbeitszeit
62221;Vj. Index der Tarifverdienste und Arbeitszeiten;JAHR;Jahr;2024;DINSGF;Früheres Bundesgebiet / Neue Länder;DF;Früheres Bundesgebiet;WZ08C7;WZ2008 (ausgewählte Positionen): Tarifindex;WZ08-52-01;Lagerei und Kurierdienste;111,9;2020=100;VST066;Index d.tarifl. Monatsverdienste ohne Sonderzahl.
62221;Vj. Index der Tarifverdienste und Arbeitszeiten;JAHR;Jahr;2024;DINSGF;Früheres Bundesgebiet / Neue Länder;DF;Früheres Bundesgebiet;WZ08C7;WZ2008 (ausgewählte Positionen): Tarifindex;WZ08-52-01;Lagerei und Kurierdienste;100,0;2020=100;VST018;Index der tariflichen Wochenarbeitszeit
62221;Vj. Index der Tarifverdienste und Arbeitszeiten;JAHR;Jahr;2024;DINSGF;Früheres Bundesgebiet / Neue Länder;DF;Früheres Bundesgebiet;WZ08C7;WZ2008 (ausgewählte Positionen): Tarifindex;WZ08-52-01;Lagerei und Kurierdienste;111,9;2020=100;VST065;Index d.tarifl. Stundenverdienste ohne Sonderzahl.
62221;Vj. Index der Tarifverdienste und Arbeitszeiten;JAHR;Jahr;2024;DINSGF;Früheres Bundesgebiet / Neue Länder;DN;Neue Länder;WZ08C7;WZ2008 (ausgewählte Positionen): Tarifindex;WZ08-16;H.v. Holz-, Flecht-, Korb-u.Korkwaren (ohne Möbel);117,1;2020=100;VST072;Index d.tarifl. Stundenverdienste mit Sonderzahl.
62221;Vj. Index der Tarifverdienste und Arbeitszeiten;JAHR;Jahr;2024;DINSGF;Früheres Bundesgebiet / Neue Länder;DN;Neue Länder;WZ08C7;WZ2008 (ausgewählte Positionen): Tarifindex;WZ08-16;H.v. Holz-, Flecht-, Korb-u.Korkwaren (ohne Möbel);116,0;2020=100;VST073;Index d.tarifl. Monatsverdienste mit Sonderzahl.
62221;Vj. Index der Tarifverdienste und Arbeitszeiten;JAHR;Jahr;2024;DINSGF;Früheres Bundesgebiet / Neue Länder;DN;Neue Länder;WZ08C7;WZ2008 (ausgewählte Positionen): Tarifindex;WZ08-16;H.v. Holz-, Flecht-, Korb-u.Korkwaren (ohne Möbel);38,7;h;VST019;Durchschnittliche tarifliche Wochenarbeitszeit
62221;Vj. Index der Tarifverdienste und Arbeitszeiten;JAHR;Jahr;2024;DINSGF;Früheres Bundesgebiet / Neue Länder;DN;Neue Länder;WZ08C7;WZ2008 (ausgewählte Positionen): Tarifindex;WZ08-16;H.v. Holz-, Flecht-, Korb-u.Korkwaren (ohne Möbel);111,7;2020=100;VST066;Index d.tarifl. Monatsverdienste ohne Sonderzahl.
62221;Vj. Index der Tarifverdienste und Arbeitszeiten;JAHR;Jahr;2024;DINSGF;Früheres Bundesgebiet / Neue Länder;DN;Neue Länder;WZ08C7;WZ2008 (ausgewählte Positionen): Tarifindex;WZ08-16;H.v. Holz-, Flecht-, Korb-u.Korkwaren (ohne Möbel);98,9;2020=100;VST018;Index der tariflichen Wochenarbeitszeit
62221;Vj. Index der Tarifverdienste und Arbeitszeiten;JAHR;Jahr;2024;DINSGF;Früheres Bundesgebiet / Neue Länder;DN;Neue Länder;WZ08C7;WZ2008 (ausgewählte Positionen): Tarifindex;WZ08-16;H.v. Holz-, Flecht-, Korb-u.Korkwaren (ohne Möbel);112,8;2020=100;VST065;Index d.tarifl. Stundenverdienste ohne Sonderzahl.
62221;Vj. Index der Tarifverdienste und Arbeitszeiten;JAHR;Jahr;2025;DINSGF;Früheres Bundesgebiet / Neue Länder;DN;Neue Länder;WZ08C7;WZ2008 (ausgewählte Positionen): Tarifindex;WZ08-87;Heime (ohne Erholungs- und Ferienheime);121,9;2020=100;VST072;Index d.tarifl. Stundenverdienste mit Sonderzahl.
62221;Vj. Index der Tarifverdienste und Arbeitszeiten;JAHR;Jahr;2025;DINSGF;Früheres Bundesgebiet / Neue Länder;DN;Neue Länder;WZ08C7;WZ2008 (ausgewählte Positionen): Tarifindex;WZ08-87;Heime (ohne Erholungs- und Ferienheime);121,2;2020=100;VST073;Index d.tarifl. Monatsverdienste mit Sonderzahl.
62221;Vj. Index der Tarifverdienste und Arbeitszeiten;JAHR;Jahr;2025;DINSGF;Früheres Bundesgebiet / Neue Länder;DN;Neue Länder;WZ08C7;WZ2008 (ausgewählte Positionen): Tarifindex;WZ08-87;Heime (ohne Erholungs- und Ferienheime);39,2;h;VST019;Durchschnittliche tarifliche Wochenarbeitszeit
62221;Vj. Index der Tarifverdienste und Arbeitszeiten;JAHR;Jahr;2025;DINSGF;Früheres Bundesgebiet / Neue Länder;DN;Neue Länder;WZ08C7;WZ2008 (ausgewählte Positionen): Tarifindex;WZ08-87;Heime (ohne Erholungs- und Ferienheime);120,4;2020=100;VST066;Index d.tarifl. Monatsverdienste ohne Sonderzahl.
62221;Vj. Index der Tarifverdienste und Arbeitszeiten;JAHR;Jahr;2025;DINSGF;Früheres Bundesgebiet / Neue Länder;DN;Neue Länder;WZ08C7;WZ2008 (ausgewählte Positionen): Tarifindex;WZ08-87;Heime (ohne Erholungs- und Ferienheime);99,4;2020=100;VST018;Index der tariflichen Wochenarbeitszeit
62221;Vj. Index der Tarifverdienste und Arbeitszeiten;JAHR;Jahr;2025;DINSGF;Früheres Bundesgebiet / Neue Länder;DN;Neue Länder;WZ08C7;WZ2008 (ausgewählte Positionen): Tarifindex;WZ08-87;Heime (ohne Erholungs- und Ferienheime);121,1;2020=100;VST065;Index d.tarifl. Stundenverdienste ohne Sonderzahl.
62221;Vj. Index der Tarifverdienste und Arbeitszeiten;JAHR;Jahr;2022;DINSGF;Früheres Bundesgebiet / Neue Länder;DN;Neue Länder;WZ08C7;WZ2008 (ausgewählte Positionen): Tarifindex;WZ08-G;Handel, Instandhaltung und Reparatur von Kfz;105,0;2020=100;VST072;Index d.tarifl. Stundenverdienste mit Sonderzahl.
62221;Vj. Index der Tarifverdienste und Arbeitszeiten;JAHR;Jahr;2022;DINSGF;Früheres Bundesgebiet / Neue Länder;DN;Neue Länder;WZ08C7;WZ2008 (ausgewählte Positionen): Tarifindex;WZ08-G;Handel, Instandhaltung und Reparatur von Kfz;105,0;2020=100;VST073;Index d.tarifl. Monatsverdienste mit Sonderzahl.
62221;Vj. Index der Tarifverdienste und Arbeitszeiten;JAHR;Jahr;2022;DINSGF;Früheres Bundesgebiet / Neue Länder;DN;Neue Länder;WZ08C7;WZ2008 (ausgewählte Positionen): Tarifindex;WZ08-G;Handel, Instandhaltung und Reparatur von Kfz;38,2;h;VST019;Durchschnittliche tarifliche Wochenarbeitszeit
62221;Vj. Index der Tarifverdienste und Arbeitszeiten;JAHR;Jahr;2022;DINSGF;Früheres Bundesgebiet / Neue Länder;DN;Neue Länder;WZ08C7;WZ2008 (ausgewählte Positionen): Tarifindex;WZ08-G;Handel, Instandhaltung und Reparatur von Kfz;104,5;2020=100;VST066;Index d.tarifl. Monatsverdienste ohne Sonderzahl.
62221;Vj. Index der Tarifverdienste und Arbeitszeiten;JAHR;Jahr;2022;DINSGF;Früheres Bundesgebiet / Neue Länder;DN;Neue Länder;WZ08C7;WZ2008 (ausgewählte Positionen): Tarifindex;WZ08-G;Handel, Instandhaltung und Reparatur von Kfz;100,0;2020=100;VST018;Index der tariflichen Wochenarbeitszeit
62221;Vj. Index der Tarifverdienste und Arbeitszeiten;JAHR;Jahr;2022;DINSGF;Früheres Bundesgebiet / Neue Länder;DN;Neue Länder;WZ08C7;WZ2008 (ausgewählte Positionen): Tarifindex;WZ08-G;Handel, Instandhaltung und Reparatur von Kfz;104,5;2020=100;VST065;Index d.tarifl. Stundenverdienste ohne Sonderzahl.
62221;Vj. Index der Tarifverdienste und Arbeitszeiten;JAHR;Jahr;2025;DINSGF;Früheres Bundesgebiet / Neue Länder;DF;Früheres Bundesgebiet;WZ08C7;WZ2008 (ausgewählte Positionen): Tarifindex;WZ08-55-01;Gastgewerbe;126,2;2020=100;VST072;Index d.tarifl. Stundenverdienste mit Sonderzahl.
62221;Vj. Index der Tarifverdienste und Arbeitszeiten;JAHR;Jahr;2025;DINSGF;Früheres Bundesgebiet / Neue Länder;DF;Früheres Bundesgebiet;WZ08C7;WZ2008 (ausgewählte Positionen): Tarifindex;WZ08-55-01;Gastgewerbe;126,2;2020=100;VST073;Index d.tarifl. Monatsverdienste mit Sonderzahl.
62221;Vj. Index der Tarifverdienste und Arbeitszeiten;JAHR;Jahr;2025;DINSGF;Früheres Bundesgebiet / Neue Länder;DF;Früheres Bundesgebiet;WZ08C7;WZ2008 (ausgewählte Positionen): Tarifindex;WZ08-55-01;Gastgewerbe;39,0;h;VST019;Durchschnittliche tarifliche Wochenarbeitszeit
62221;Vj. Index der Tarifverdienste und Arbeitszeiten;JAHR;Jahr;2025;DINSGF;Früheres Bundesgebiet / Neue Länder;DF;Früheres Bundesgebiet;WZ08C7;WZ2008 (ausgewählte Positionen): Tarifindex;WZ08-55-01;Gastgewerbe;126,2;2020=100;VST066;Index d.tarifl. Monatsverdienste ohne Sonderzahl.
62221;Vj. Index der Tarifverdienste und Arbeitszeiten;JAHR;Jahr;2025;DINSGF;Früheres Bundesgebiet / Neue Länder;DF;Früheres Bundesgebiet;WZ08C7;WZ2008 (ausgewählte Positionen): Tarifindex;WZ08-55-01;Gastgewerbe;100,0;2020=100;VST018;Index der tariflichen Wochenarbeitszeit
62221;Vj. Index der Tarifverdienste und Arbeitszeiten;JAHR;Jahr;2025;DINSGF;Früheres Bundesgebiet / Neue Länder;DF;Früheres Bundesgebiet;WZ08C7;WZ2008 (ausgewählte Positionen): Tarifindex;WZ08-55-01;Gastgewerbe;126,2;2020=100;VST065;Index d.tarifl. Stundenverdienste ohne Sonderzahl.
62221;Vj. Index der Tarifverdienste und Arbeitszeiten;JAHR;Jahr;2019;DINSGF;Früheres Bundesgebiet / Neue Länder;DF;Früheres Bundesgebiet;WZ08C7;WZ2008 (ausgewählte Positionen): Tarifindex;WZ08-H;Verkehr und Lagerei;98,1;2020=100;VST072;Index d.tarifl. Stundenverdienste mit Sonderzahl.
62221;Vj. Index der Tarifverdienste und Arbeitszeiten;JAHR;Jahr;2019;DINSGF;Früheres Bundesgebiet / Neue Länder;DF;Früheres Bundesgebiet;WZ08C7;WZ2008 (ausgewählte Positionen): Tarifindex;WZ08-H;Verkehr und Lagerei;98,1;2020=100;VST073;Index d.tarifl. Monatsverdienste mit Sonderzahl.
62221;Vj. Index der Tarifverdienste und Arbeitszeiten;JAHR;Jahr;2019;DINSGF;Früheres Bundesgebiet / Neue Länder;DF;Früheres Bundesgebiet;WZ08C7;WZ2008 (ausgewählte Positionen): Tarifindex;WZ08-H;Verkehr und Lagerei;38,8;h;VST019;Durchschnittliche tarifliche Wochenarbeitszeit
62221;Vj. Index der Tarifverdienste und Arbeitszeiten;JAHR;Jahr;2019;DINSGF;Früheres Bundesgebiet / Neue Länder;DF;Früheres Bundesgebiet;WZ08C7;WZ2008 (ausgewählte Positionen): Tarifindex;WZ08-H;Verkehr und Lagerei;98,1;2020=100;VST066;Index d.tarifl. Monatsverdienste ohne Sonderzahl.
62221;Vj. Index der Tarifverdienste und Arbeitszeiten;JAHR;Jahr;2019;DINSGF;Früheres Bundesgebiet / Neue Länder;DF;Früheres Bundesgebiet;WZ08C7;WZ2008 (ausgewählte Positionen): Tarifindex;WZ08-H;Verkehr und Lagerei;100,0;2020=100;VST018;Index der tariflichen Wochenarbeitszeit
62221;Vj. Index der Tarifverdienste und Arbeitszeiten;JAHR;Jahr;2019;DINSGF;Früheres Bundesgebiet / Neue Länder;DF;Früheres Bundesgebiet;WZ08C7;WZ2008 (ausgewählte Positionen): Tarifindex;WZ08-H;Verkehr und Lagerei;98,0;2020=100;VST065;Index d.tarifl. Stundenverdienste ohne Sonderzahl.
62221;Vj. Index der Tarifverdienste und Arbeitszeiten;JAHR;Jahr;2025;DINSGF;Früheres Bundesgebiet / Neue Länder;DN;Neue Länder;WZ08C7;WZ2008 (ausgewählte Positionen): Tarifindex;WZ08-81;Gebäudebetreuung, Garten- und Landschaftsbau;127,9;2020=100;VST072;Index d.tarifl. Stundenverdienste mit Sonderzahl.
62221;Vj. Index der Tarifverdienste und Arbeitszeiten;JAHR;Jahr;2025;DINSGF;Früheres Bundesgebiet / Neue Länder;DN;Neue Länder;WZ08C7;WZ2008 (ausgewählte Positionen): Tarifindex;WZ08-81;Gebäudebetreuung, Garten- und Landschaftsbau;127,9;2020=100;VST073;Index d.tarifl. Monatsverdienste mit Sonderzahl.
62221;Vj. Index der Tarifverdienste und Arbeitszeiten;JAHR;Jahr;2025;DINSGF;Früheres Bundesgebiet / Neue Länder;DN;Neue Länder;WZ08C7;WZ2008 (ausgewählte Positionen): Tarifindex;WZ08-81;Gebäudebetreuung, Garten- und Landschaftsbau;39,0;h;VST019;Durchschnittliche tarifliche Wochenarbeitszeit
62221;Vj. Index der Tarifverdienste und Arbeitszeiten;JAHR;Jahr;2025;DINSGF;Früheres Bundesgebiet / Neue Länder;DN;Neue Länder;WZ08C7;WZ2008 (ausgewählte Positionen): Tarifindex;WZ08-81;Gebäudebetreuung, Garten- und Landschaftsbau;128,2;2020=100;VST066;Index d.tarifl. Monatsverdienste ohne Sonderzahl.
62221;Vj. Index der Tarifverdienste und Arbeitszeiten;JAHR;Jahr;2025;DINSGF;Früheres Bundesgebiet / Neue Länder;DN;Neue Länder;WZ08C7;WZ2008 (ausgewählte Positionen): Tarifindex;WZ08-81;Gebäudebetreuung, Garten- und Landschaftsbau;100,0;2020=100;VST018;Index der tariflichen Wochenarbeitszeit
62221;Vj. Index der Tarifverdienste und Arbeitszeiten;JAHR;Jahr;2025;DINSGF;Früheres Bundesgebiet / Neue Länder;DN;Neue Länder;WZ08C7;WZ2008 (ausgewählte Positionen): Tarifindex;WZ08-81;Gebäudebetreuung, Garten- und Landschaftsbau;128,2;2020=100;VST065;Index d.tarifl. Stundenverdienste ohne Sonderzahl.
62221;Vj. Index der Tarifverdienste und Arbeitszeiten;JAHR;Jahr;2022;DINSGF;Früheres Bundesgebiet / Neue Länder;DF;Früheres Bundesgebiet;WZ08C7;WZ2008 (ausgewählte Positionen): Tarifindex;WZ08-B-11;Produzierendes Gewerbe, Handel u.A.;103,2;2020=100;VST072;Index d.tarifl. Stundenverdienste mit Sonderzahl.
62221;Vj. Index der Tarifverdienste und Arbeitszeiten;JAHR;Jahr;2022;DINSGF;Früheres Bundesgebiet / Neue Länder;DF;Früheres Bundesgebiet;WZ08C7;WZ2008 (ausgewählte Positionen): Tarifindex;WZ08-B-11;Produzierendes Gewerbe, Handel u.A.;103,2;2020=100;VST073;Index d.tarifl. Monatsverdienste mit Sonderzahl.
62221;Vj. Index der Tarifverdienste und Arbeitszeiten;JAHR;Jahr;2022;DINSGF;Früheres Bundesgebiet / Neue Länder;DF;Früheres Bundesgebiet;WZ08C7;WZ2008 (ausgewählte Positionen): Tarifindex;WZ08-B-11;Produzierendes Gewerbe, Handel u.A.;38,1;h;VST019;Durchschnittliche tarifliche Wochenarbeitszeit
62221;Vj. Index der Tarifverdienste und Arbeitszeiten;JAHR;Jahr;2022;DINSGF;Früheres Bundesgebiet / Neue Länder;DF;Früheres Bundesgebiet;WZ08C7;WZ2008 (ausgewählte Positionen): Tarifindex;WZ08-B-11;Produzierendes Gewerbe, Handel u.A.;102,3;2020=100;VST066;Index d.tarifl. Monatsverdienste ohne Sonderzahl.
62221;Vj. Index der Tarifverdienste und Arbeitszeiten;JAHR;Jahr;2022;DINSGF;Früheres Bundesgebiet / Neue Länder;DF;Früheres Bundesgebiet;WZ08C7;WZ2008 (ausgewählte Positionen): Tarifindex;WZ08-B-11;Produzierendes Gewerbe, Handel u.A.;100,0;2020=100;VST018;Index der tariflichen Wochenarbeitszeit
62221;Vj. Index der Tarifverdienste und Arbeitszeiten;JAHR;Jahr;2022;DINSGF;Früheres Bundesgebiet / Neue Länder;DF;Früheres Bundesgebiet;WZ08C7;WZ2008 (ausgewählte Positionen): Tarifindex;WZ08-B-11;Produzierendes Gewerbe, Handel u.A.;102,3;2020=100;VST065;Index d.tarifl. Stundenverdienste ohne Sonderzahl.
62221;Vj. Index der Tarifverdienste und Arbeitszeiten;JAHR;Jahr;2025;DINSGF;Früheres Bundesgebiet / Neue Länder;DF;Früheres Bundesgebiet;WZ08C7;WZ2008 (ausgewählte Positionen): Tarifindex;WZ08-10-02;Ernährungsgewerbe;120,2;2020=100;VST072;Index d.tarifl. Stundenverdienste mit Sonderzahl.
62221;Vj. Index der Tarifverdienste und Arbeitszeiten;JAHR;Jahr;2025;DINSGF;Früheres Bundesgebiet / Neue Länder;DF;Früheres Bundesgebiet;WZ08C7;WZ2008 (ausgewählte Positionen): Tarifindex;WZ08-10-02;Ernährungsgewerbe;120,2;2020=100;VST073;Index d.tarifl. Monatsverdienste mit Sonderzahl.
62221;Vj. Index der Tarifverdienste und Arbeitszeiten;JAHR;Jahr;2025;DINSGF;Früheres Bundesgebiet / Neue Länder;DF;Früheres Bundesgebiet;WZ08C7;WZ2008 (ausgewählte Positionen): Tarifindex;WZ08-10-02;Ernährungsgewerbe;38,2;h;VST019;Durchschnittliche tarifliche Wochenarbeitszeit
62221;Vj. Index der Tarifverdienste und Arbeitszeiten;JAHR;Jahr;2025;DINSGF;Früheres Bundesgebiet / Neue Länder;DF;Früheres Bundesgebiet;WZ08C7;WZ2008 (ausgewählte Positionen): Tarifindex;WZ08-10-02;Ernährungsgewerbe;120,1;2020=100;VST066;Index d.tarifl. Monatsverdienste ohne Sonderzahl.
62221;Vj. Index der Tarifverdienste und Arbeitszeiten;JAHR;Jahr;2025;DINSGF;Früheres Bundesgebiet / Neue Länder;DF;Früheres Bundesgebiet;WZ08C7;WZ2008 (ausgewählte Positionen): Tarifindex;WZ08-10-02;Ernährungsgewerbe;100,0;2020=100;VST018;Index der tariflichen Wochenarbeitszeit
62221;Vj. Index der Tarifverdienste und Arbeitszeiten;JAHR;Jahr;2025;DINSGF;Früheres Bundesgebiet / Neue Länder;DF;Früheres Bundesgebiet;WZ08C7;WZ2008 (ausgewählte Positionen): Tarifindex;WZ08-10-02;Ernährungsgewerbe;120,0;2020=100;VST065;Index d.tarifl. Stundenverdienste ohne Sonderzahl.
62221;Vj. Index der Tarifverdienste und Arbeitszeiten;JAHR;Jahr;2016;DINSGF;Früheres Bundesgebiet / Neue Länder;DN;Neue Länder;WZ08C7;WZ2008 (ausgewählte Positionen): Tarifindex;WZ08-K;Erbringung v. Finanz- u. Versicherungsdienstleist.;92,0;2020=100;VST072;Index d.tarifl. Stundenverdienste mit Sonderzahl.
62221;Vj. Index der Tarifverdienste und Arbeitszeiten;JAHR;Jahr;2016;DINSGF;Früheres Bundesgebiet / Neue Länder;DN;Neue Länder;WZ08C7;WZ2008 (ausgewählte Positionen): Tarifindex;WZ08-K;Erbringung v. Finanz- u. Versicherungsdienstleist.;92,0;2020=100;VST073;Index d.tarifl. Monatsverdienste mit Sonderzahl.
62221;Vj. Index der Tarifverdienste und Arbeitszeiten;JAHR;Jahr;2016;DINSGF;Früheres Bundesgebiet / Neue Länder;DN;Neue Länder;WZ08C7;WZ2008 (ausgewählte Positionen): Tarifindex;WZ08-K;Erbringung v. Finanz- u. Versicherungsdienstleist.;38,9;h;VST019;Durchschnittliche tarifliche Wochenarbeitszeit
62221;Vj. Index der Tarifverdienste und Arbeitszeiten;JAHR;Jahr;2016;DINSGF;Früheres Bundesgebiet / Neue Länder;DN;Neue Länder;WZ08C7;WZ2008 (ausgewählte Positionen): Tarifindex;WZ08-K;Erbringung v. Finanz- u. Versicherungsdienstleist.;91,6;2020=100;VST066;Index d.tarifl. Monatsverdienste ohne Sonderzahl.
62221;Vj. Index der Tarifverdienste und Arbeitszeiten;JAHR;Jahr;2016;DINSGF;Früheres Bundesgebiet / Neue Länder;DN;Neue Länder;WZ08C7;WZ2008 (ausgewählte Positionen): Tarifindex;WZ08-K;Erbringung v. Finanz- u. Versicherungsdienstleist.;100,0;2020=100;VST018;Index der tariflichen Wochenarbeitszeit
62221;Vj. Index der Tarifverdienste und Arbeitszeiten;JAHR;Jahr;2016;DINSGF;Früheres Bundesgebiet / Neue Länder;DN;Neue Länder;WZ08C7;WZ2008 (ausgewählte Positionen): Tarifindex;WZ08-K;Erbringung v. Finanz- u. Versicherungsdienstleist.;91,6;2020=100;VST065;Index d.tarifl. Stundenverdienste ohne Sonderzahl.
62221;Vj. Index der Tarifverdienste und Arbeitszeiten;JAHR;Jahr;2016;DINSGF;Früheres Bundesgebiet / Neue Länder;DN;Neue Länder;WZ08C7;WZ2008 (ausgewählte Positionen): Tarifindex;WZ08-E;Wasserversorg.,Entsorg.,Beseitig.v.Umweltverschm.;90,2;2020=100;VST072;Index d.tarifl. Stundenverdienste mit Sonderzahl.
62221;Vj. Index der Tarifverdienste und Arbeitszeiten;JAHR;Jahr;2016;DINSGF;Früheres Bundesgebiet / Neue Länder;DN;Neue Länder;WZ08C7;WZ2008 (ausgewählte Positionen): Tarifindex;WZ08-E;Wasserversorg.,Entsorg.,Beseitig.v.Umweltverschm.;90,2;2020=100;VST073;Index d.tarifl. Monatsverdienste mit Sonderzahl.
62221;Vj. Index der Tarifverdienste und Arbeitszeiten;JAHR;Jahr;2016;DINSGF;Früheres Bundesgebiet / Neue Länder;DN;Neue Länder;WZ08C7;WZ2008 (ausgewählte Positionen): Tarifindex;WZ08-E;Wasserversorg.,Entsorg.,Beseitig.v.Umweltverschm.;39,0;h;VST019;Durchschnittliche tarifliche Wochenarbeitszeit
62221;Vj. Index der Tarifverdienste und Arbeitszeiten;JAHR;Jahr;2016;DINSGF;Früheres Bundesgebiet / Neue Länder;DN;Neue Länder;WZ08C7;WZ2008 (ausgewählte Positionen): Tarifindex;WZ08-E;Wasserversorg.,Entsorg.,Beseitig.v.Umweltverschm.;90,3;2020=100;VST066;Index d.tarifl. Monatsverdienste ohne Sonderzahl.
62221;Vj. Index der Tarifverdienste und Arbeitszeiten;JAHR;Jahr;2016;DINSGF;Früheres Bundesgebiet / Neue Länder;DN;Neue Länder;WZ08C7;WZ2008 (ausgewählte Positionen): Tarifindex;WZ08-E;Wasserversorg.,Entsorg.,Beseitig.v.Umweltverschm.;100,0;2020=100;VST018;Index der tariflichen Wochenarbeitszeit
62221;Vj. Index der Tarifverdienste und Arbeitszeiten;JAHR;Jahr;2016;DINSGF;Früheres Bundesgebiet / Neue Länder;DN;Neue Länder;WZ08C7;WZ2008 (ausgewählte Positionen): Tarifindex;WZ08-E;Wasserversorg.,Entsorg.,Beseitig.v.Umweltverschm.;90,3;2020=100;VST065;Index d.tarifl. Stundenverdienste ohne Sonderzahl.
62221;Vj. Index der Tarifverdienste und Arbeitszeiten;JAHR;Jahr;2019;DINSGF;Früheres Bundesgebiet / Neue Länder;DF;Früheres Bundesgebiet;WZ08C7;WZ2008 (ausgewählte Positionen): Tarifindex;WZ08-N;Sonstige wirtschaftliche Dienstleistungen;97,5;2020=100;VST072;Index d.tarifl. Stundenverdienste mit Sonderzahl.
62221;Vj. Index der Tarifverdienste und Arbeitszeiten;JAHR;Jahr;2019;DINSGF;Früheres Bundesgebiet / Neue Länder;DF;Früheres Bundesgebiet;WZ08C7;WZ2008 (ausgewählte Positionen): Tarifindex;WZ08-N;Sonstige wirtschaftliche Dienstleistungen;97,5;2020=100;VST073;Index d.tarifl. Monatsverdienste mit Sonderzahl.
62221;Vj. Index der Tarifverdienste und Arbeitszeiten;JAHR;Jahr;2019;DINSGF;Früheres Bundesgebiet / Neue Länder;DF;Früheres Bundesgebiet;WZ08C7;WZ2008 (ausgewählte Positionen): Tarifindex;WZ08-N;Sonstige wirtschaftliche Dienstleistungen;36,9;h;VST019;Durchschnittliche tarifliche Wochenarbeitszeit
62221;Vj. Index der Tarifverdienste und Arbeitszeiten;JAHR;Jahr;2019;DINSGF;Früheres Bundesgebiet / Neue Länder;DF;Früheres Bundesgebiet;WZ08C7;WZ2008 (ausgewählte Positionen): Tarifindex;WZ08-N;Sonstige wirtschaftliche Dienstleistungen;97,5;2020=100;VST066;Index d.tarifl. Monatsverdienste ohne Sonderzahl.
62221;Vj. Index der Tarifverdienste und Arbeitszeiten;JAHR;Jahr;2019;DINSGF;Früheres Bundesgebiet / Neue Länder;DF;Früheres Bundesgebiet;WZ08C7;WZ2008 (ausgewählte Positionen): Tarifindex;WZ08-N;Sonstige wirtschaftliche Dienstleistungen;100,0;2020=100;VST018;Index der tariflichen Wochenarbeitszeit
62221;Vj. Index der Tarifverdienste und Arbeitszeiten;JAHR;Jahr;2019;DINSGF;Früheres Bundesgebiet / Neue Länder;DF;Früheres Bundesgebiet;WZ08C7;WZ2008 (ausgewählte Positionen): Tarifindex;WZ08-N;Sonstige wirtschaftliche Dienstleistungen;97,5;2020=100;VST065;Index d.tarifl. Stundenverdienste ohne Sonderzahl.
62221;Vj. Index der Tarifverdienste und Arbeitszeiten;JAHR;Jahr;2017;DINSGF;Früheres Bundesgebiet / Neue Länder;DN;Neue Länder;WZ08C7;WZ2008 (ausgewählte Positionen): Tarifindex;WZ08-13-01;Textil- und Bekleidungsgewerbe;92,5;2020=100;VST072;Index d.tarifl. Stundenverdienste mit Sonderzahl.
62221;Vj. Index der Tarifverdienste und Arbeitszeiten;JAHR;Jahr;2017;DINSGF;Früheres Bundesgebiet / Neue Länder;DN;Neue Länder;WZ08C7;WZ2008 (ausgewählte Positionen): Tarifindex;WZ08-13-01;Textil- und Bekleidungsgewerbe;93,7;2020=100;VST073;Index d.tarifl. Monatsverdienste mit Sonderzahl.
62221;Vj. Index der Tarifverdienste und Arbeitszeiten;JAHR;Jahr;2017;DINSGF;Früheres Bundesgebiet / Neue Länder;DN;Neue Länder;WZ08C7;WZ2008 (ausgewählte Positionen): Tarifindex;WZ08-13-01;Textil- und Bekleidungsgewerbe;39,8;h;VST019;Durchschnittliche tarifliche Wochenarbeitszeit
62221;Vj. Index der Tarifverdienste und Arbeitszeiten;JAHR;Jahr;2017;DINSGF;Früheres Bundesgebiet / Neue Länder;DN;Neue Länder;WZ08C7;WZ2008 (ausgewählte Positionen): Tarifindex;WZ08-13-01;Textil- und Bekleidungsgewerbe;93,8;2020=100;VST066;Index d.tarifl. Monatsverdienste ohne Sonderzahl.
62221;Vj. Index der Tarifverdienste und Arbeitszeiten;JAHR;Jahr;2017;DINSGF;Früheres Bundesgebiet / Neue Länder;DN;Neue Länder;WZ08C7;WZ2008 (ausgewählte Positionen): Tarifindex;WZ08-13-01;Textil- und Bekleidungsgewerbe;101,2;2020=100;VST018;Index der tariflichen Wochenarbeitszeit
62221;Vj. Index der Tarifverdienste und Arbeitszeiten;JAHR;Jahr;2017;DINSGF;Früheres Bundesgebiet / Neue Länder;DN;Neue Länder;WZ08C7;WZ2008 (ausgewählte Positionen): Tarifindex;WZ08-13-01;Textil- und Bekleidungsgewerbe;92,7;2020=100;VST065;Index d.tarifl. Stundenverdienste ohne Sonderzahl.
62221;Vj. Index der Tarifverdienste und Arbeitszeiten;JAHR;Jahr;2021;DINSGF;Früheres Bundesgebiet / Neue Länder;DN;Neue Länder;WZ08C7;WZ2008 (ausgewählte Positionen): Tarifindex;WZ08-G-02;Dienstleistungsbereich;101,4;2020=100;VST072;Index d.tarifl. Stundenverdienste mit Sonderzahl.
62221;Vj. Index der Tarifverdienste und Arbeitszeiten;JAHR;Jahr;2021;DINSGF;Früheres Bundesgebiet / Neue Länder;DN;Neue Länder;WZ08C7;WZ2008 (ausgewählte Positionen): Tarifindex;WZ08-G-02;Dienstleistungsbereich;101,4;2020=100;VST073;Index d.tarifl. Monatsverdienste mit Sonderzahl.
62221;Vj. Index der Tarifverdienste und Arbeitszeiten;JAHR;Jahr;2021;DINSGF;Früheres Bundesgebiet / Neue Länder;DN;Neue Länder;WZ08C7;WZ2008 (ausgewählte Positionen): Tarifindex;WZ08-G-02;Dienstleistungsbereich;39,2;h;VST019;Durchschnittliche tarifliche Wochenarbeitszeit
62221;Vj. Index der Tarifverdienste und Arbeitszeiten;JAHR;Jahr;2021;DINSGF;Früheres Bundesgebiet / Neue Länder;DN;Neue Länder;WZ08C7;WZ2008 (ausgewählte Positionen): Tarifindex;WZ08-G-02;Dienstleistungsbereich;101,6;2020=100;VST066;Index d.tarifl. Monatsverdienste ohne Sonderzahl.
62221;Vj. Index der Tarifverdienste und Arbeitszeiten;JAHR;Jahr;2021;DINSGF;Früheres Bundesgebiet / Neue Länder;DN;Neue Länder;WZ08C7;WZ2008 (ausgewählte Positionen): Tarifindex;WZ08-G-02;Dienstleistungsbereich;100,0;2020=100;VST018;Index der tariflichen Wochenarbeitszeit
62221;Vj. Index der Tarifverdienste und Arbeitszeiten;JAHR;Jahr;2021;DINSGF;Früheres Bundesgebiet / Neue Länder;DN;Neue Länder;WZ08C7;WZ2008 (ausgewählte Positionen): Tarifindex;WZ08-G-02;Dienstleistungsbereich;101,7;2020=100;VST065;Index d.tarifl. Stundenverdienste ohne Sonderzahl.
62221;Vj. Index der Tarifverdienste und Arbeitszeiten;JAHR;Jahr;2017;DINSGF;Früheres Bundesgebiet / Neue Länder;DF;Früheres Bundesgebiet;WZ08C7;WZ2008 (ausgewählte Positionen): Tarifindex;WZ08-53;Post-, Kurier- und Expressdienste;90,1;2020=100;VST072;Index d.tarifl. Stundenverdienste mit Sonderzahl.
62221;Vj. Index der Tarifverdienste und Arbeitszeiten;JAHR;Jahr;2017;DINSGF;Früheres Bundesgebiet / Neue Länder;DF;Früheres Bundesgebiet;WZ08C7;WZ2008 (ausgewählte Positionen): Tarifindex;WZ08-53;Post-, Kurier- und Expressdienste;90,1;2020=100;VST073;Index d.tarifl. Monatsverdienste mit Sonderzahl.
62221;Vj. Index der Tarifverdienste und Arbeitszeiten;JAHR;Jahr;2017;DINSGF;Früheres Bundesgebiet / Neue Länder;DF;Früheres Bundesgebiet;WZ08C7;WZ2008 (ausgewählte Positionen): Tarifindex;WZ08-53;Post-, Kurier- und Expressdienste;39,2;h;VST019;Durchschnittliche tarifliche Wochenarbeitszeit
62221;Vj. Index der Tarifverdienste und Arbeitszeiten;JAHR;Jahr;2017;DINSGF;Früheres Bundesgebiet / Neue Länder;DF;Früheres Bundesgebiet;WZ08C7;WZ2008 (ausgewählte Positionen): Tarifindex;WZ08-53;Post-, Kurier- und Expressdienste;91,3;2020=100;VST066;Index d.tarifl. Monatsverdienste ohne Sonderzahl.
62221;Vj. Index der Tarifverdienste und Arbeitszeiten;JAHR;Jahr;2017;DINSGF;Früheres Bundesgebiet / Neue Länder;DF;Früheres Bundesgebiet;WZ08C7;WZ2008 (ausgewählte Positionen): Tarifindex;WZ08-53;Post-, Kurier- und Expressdienste;100,0;2020=100;VST018;Index der tariflichen Wochenarbeitszeit
62221;Vj. Index der Tarifverdienste und Arbeitszeiten;JAHR;Jahr;2017;DINSGF;Früheres Bundesgebiet / Neue Länder;DF;Früheres Bundesgebiet;WZ08C7;WZ2008 (ausgewählte Positionen): Tarifindex;WZ08-53;Post-, Kurier- und Expressdienste;91,3;2020=100;VST065;Index d.tarifl. Stundenverdienste ohne Sonderzahl.
62221;Vj. Index der Tarifverdienste und Arbeitszeiten;JAHR;Jahr;2016;DINSGF;Früheres Bundesgebiet / Neue Länder;DN;Neue Länder;WZ08C7;WZ2008 (ausgewählte Positionen): Tarifindex;WZ08-10-01;Ernährungsgewerbe und Tabakverarbeitung;90,2;2020=100;VST072;Index d.tarifl. Stundenverdienste mit Sonderzahl.
62221;Vj. Index der Tarifverdienste und Arbeitszeiten;JAHR;Jahr;2016;DINSGF;Früheres Bundesgebiet / Neue Länder;DN;Neue Länder;WZ08C7;WZ2008 (ausgewählte Positionen): Tarifindex;WZ08-10-01;Ernährungsgewerbe und Tabakverarbeitung;90,2;2020=100;VST073;Index d.tarifl. Monatsverdienste mit Sonderzahl.
62221;Vj. Index der Tarifverdienste und Arbeitszeiten;JAHR;Jahr;2016;DINSGF;Früheres Bundesgebiet / Neue Länder;DN;Neue Länder;WZ08C7;WZ2008 (ausgewählte Positionen): Tarifindex;WZ08-10-01;Ernährungsgewerbe und Tabakverarbeitung;38,7;h;VST019;Durchschnittliche tarifliche Wochenarbeitszeit
62221;Vj. Index der Tarifverdienste und Arbeitszeiten;JAHR;Jahr;2016;DINSGF;Früheres Bundesgebiet / Neue Länder;DN;Neue Länder;WZ08C7;WZ2008 (ausgewählte Positionen): Tarifindex;WZ08-10-01;Ernährungsgewerbe und Tabakverarbeitung;90,4;2020=100;VST066;Index d.tarifl. Monatsverdienste ohne Sonderzahl.
62221;Vj. Index der Tarifverdienste und Arbeitszeiten;JAHR;Jahr;2016;DINSGF;Früheres Bundesgebiet / Neue Länder;DN;Neue Länder;WZ08C7;WZ2008 (ausgewählte Positionen): Tarifindex;WZ08-10-01;Ernährungsgewerbe und Tabakverarbeitung;100,0;2020=100;VST018;Index der tariflichen Wochenarbeitszeit
62221;Vj. Index der Tarifverdienste und Arbeitszeiten;JAHR;Jahr;2016;DINSGF;Früheres Bundesgebiet / Neue Länder;DN;Neue Länder;WZ08C7;WZ2008 (ausgewählte Positionen): Tarifindex;WZ08-10-01;Ernährungsgewerbe und Tabakverarbeitung;90,4;2020=100;VST065;Index d.tarifl. Stundenverdienste ohne Sonderzahl.
62221;Vj. Index der Tarifverdienste und Arbeitszeiten;JAHR;Jahr;2016;DINSGF;Früheres Bundesgebiet / Neue Länder;DN;Neue Länder;WZ08C7;WZ2008 (ausgewählte Positionen): Tarifindex;WZ-X004;Verbrauchsgüterproduzenten;90,2;2020=100;VST072;Index d.tarifl. Stundenverdienste mit Sonderzahl.
62221;Vj. Index der Tarifverdienste und Arbeitszeiten;JAHR;Jahr;2016;DINSGF;Früheres Bundesgebiet / Neue Länder;DN;Neue Länder;WZ08C7;WZ2008 (ausgewählte Positionen): Tarifindex;WZ-X004;Verbrauchsgüterproduzenten;90,2;2020=100;VST073;Index d.tarifl. Monatsverdienste mit Sonderzahl.
62221;Vj. Index der Tarifverdienste und Arbeitszeiten;JAHR;Jahr;2016;DINSGF;Früheres Bundesgebiet / Neue Länder;DN;Neue Länder;WZ08C7;WZ2008 (ausgewählte Positionen): Tarifindex;WZ-X004;Verbrauchsgüterproduzenten;38,7;h;VST019;Durchschnittliche tarifliche Wochenarbeitszeit
62221;Vj. Index der Tarifverdienste und Arbeitszeiten;JAHR;Jahr;2016;DINSGF;Früheres Bundesgebiet / Neue Länder;DN;Neue Länder;WZ08C7;WZ2008 (ausgewählte Positionen): Tarifindex;WZ-X004;Verbrauchsgüterproduzenten;90,5;2020=100;VST066;Index d.tarifl. Monatsverdienste ohne Sonderzahl.
62221;Vj. Index der Tarifverdienste und Arbeitszeiten;JAHR;Jahr;2016;DINSGF;Früheres Bundesgebiet / Neue Länder;DN;Neue Länder;WZ08C7;WZ2008 (ausgewählte Positionen): Tarifindex;WZ-X004;Verbrauchsgüterproduzenten;100,0;2020=100;VST018;Index der tariflichen Wochenarbeitszeit
62221;Vj. Index der Tarifverdienste und Arbeitszeiten;JAHR;Jahr;2016;DINSGF;Früheres Bundesgebiet / Neue Länder;DN;Neue Länder;WZ08C7;WZ2008 (ausgewählte Positionen): Tarifindex;WZ-X004;Verbrauchsgüterproduzenten;90,5;2020=100;VST065;Index d.tarifl. Stundenverdienste ohne Sonderzahl.
62221;Vj. Index der Tarifverdienste und Arbeitszeiten;JAHR;Jahr;2021;DINSGF;Früheres Bundesgebiet / Neue Länder;DN;Neue Länder;WZ08C7;WZ2008 (ausgewählte Positionen): Tarifindex;WZ08-36;Wasserversorgung;100,8;2020=100;VST072;Index d.tarifl. Stundenverdienste mit Sonderzahl.
62221;Vj. Index der Tarifverdienste und Arbeitszeiten;JAHR;Jahr;2021;DINSGF;Früheres Bundesgebiet / Neue Länder;DN;Neue Länder;WZ08C7;WZ2008 (ausgewählte Positionen): Tarifindex;WZ08-36;Wasserversorgung;100,8;2020=100;VST073;Index d.tarifl. Monatsverdienste mit Sonderzahl.
62221;Vj. Index der Tarifverdienste und Arbeitszeiten;JAHR;Jahr;2021;DINSGF;Früheres Bundesgebiet / Neue Länder;DN;Neue Länder;WZ08C7;WZ2008 (ausgewählte Positionen): Tarifindex;WZ08-36;Wasserversorgung;39,1;h;VST019;Durchschnittliche tarifliche Wochenarbeitszeit
62221;Vj. Index der Tarifverdienste und Arbeitszeiten;JAHR;Jahr;2021;DINSGF;Früheres Bundesgebiet / Neue Länder;DN;Neue Länder;WZ08C7;WZ2008 (ausgewählte Positionen): Tarifindex;WZ08-36;Wasserversorgung;101,5;2020=100;VST066;Index d.tarifl. Monatsverdienste ohne Sonderzahl.
62221;Vj. Index der Tarifverdienste und Arbeitszeiten;JAHR;Jahr;2021;DINSGF;Früheres Bundesgebiet / Neue Länder;DN;Neue Länder;WZ08C7;WZ2008 (ausgewählte Positionen): Tarifindex;WZ08-36;Wasserversorgung;100,0;2020=100;VST018;Index der tariflichen Wochenarbeitszeit
62221;Vj. Index der Tarifverdienste und Arbeitszeiten;JAHR;Jahr;2021;DINSGF;Früheres Bundesgebiet / Neue Länder;DN;Neue Länder;WZ08C7;WZ2008 (ausgewählte Positionen): Tarifindex;WZ08-36;Wasserversorgung;101,5;2020=100;VST065;Index d.tarifl. Stundenverdienste ohne Sonderzahl.
62221;Vj. Index der Tarifverdienste und Arbeitszeiten;JAHR;Jahr;2019;DINSGF;Früheres Bundesgebiet / Neue Länder;DF;Früheres Bundesgebiet;WZ08C7;WZ2008 (ausgewählte Positionen): Tarifindex;WZ08-B;Bergbau und Gewinnung von Steinen und Erden;97,9;2020=100;VST072;Index d.tarifl. Stundenverdienste mit Sonderzahl.
62221;Vj. Index der Tarifverdienste und Arbeitszeiten;JAHR;Jahr;2019;DINSGF;Früheres Bundesgebiet / Neue Länder;DF;Früheres Bundesgebiet;WZ08C7;WZ2008 (ausgewählte Positionen): Tarifindex;WZ08-B;Bergbau und Gewinnung von Steinen und Erden;97,9;2020=100;VST073;Index d.tarifl. Monatsverdienste mit Sonderzahl.
62221;Vj. Index der Tarifverdienste und Arbeitszeiten;JAHR;Jahr;2019;DINSGF;Früheres Bundesgebiet / Neue Länder;DF;Früheres Bundesgebiet;WZ08C7;WZ2008 (ausgewählte Positionen): Tarifindex;WZ08-B;Bergbau und Gewinnung von Steinen und Erden;38,5;h;VST019;Durchschnittliche tarifliche Wochenarbeitszeit
62221;Vj. Index der Tarifverdienste und Arbeitszeiten;JAHR;Jahr;2019;DINSGF;Früheres Bundesgebiet / Neue Länder;DF;Früheres Bundesgebiet;WZ08C7;WZ2008 (ausgewählte Positionen): Tarifindex;WZ08-B;Bergbau und Gewinnung von Steinen und Erden;98,6;2020=100;VST066;Index d.tarifl. Monatsverdienste ohne Sonderzahl.
62221;Vj. Index der Tarifverdienste und Arbeitszeiten;JAHR;Jahr;2019;DINSGF;Früheres Bundesgebiet / Neue Länder;DF;Früheres Bundesgebiet;WZ08C7;WZ2008 (ausgewählte Positionen): Tarifindex;WZ08-B;Bergbau und Gewinnung von Steinen und Erden;100,0;2020=100;VST018;Index der tariflichen Wochenarbeitszeit
62221;Vj. Index der Tarifverdienste und Arbeitszeiten;JAHR;Jahr;2019;DINSGF;Früheres Bundesgebiet / Neue Länder;DF;Früheres Bundesgebiet;WZ08C7;WZ2008 (ausgewählte Positionen): Tarifindex;WZ08-B;Bergbau und Gewinnung von Steinen und Erden;98,6;2020=100;VST065;Index d.tarifl. Stundenverdienste ohne Sonderzahl.
62221;Vj. Index der Tarifverdienste und Arbeitszeiten;JAHR;Jahr;2023;DINSGF;Früheres Bundesgebiet / Neue Länder;DN;Neue Länder;WZ08C7;WZ2008 (ausgewählte Positionen): Tarifindex;WZ-X003;Gebrauchsgüterproduzenten;108,0;2020=100;VST072;Index d.tarifl. Stundenverdienste mit Sonderzahl.
62221;Vj. Index der Tarifverdienste und Arbeitszeiten;JAHR;Jahr;2023;DINSGF;Früheres Bundesgebiet / Neue Länder;DN;Neue Länder;WZ08C7;WZ2008 (ausgewählte Positionen): Tarifindex;WZ-X003;Gebrauchsgüterproduzenten;108,0;2020=100;VST073;Index d.tarifl. Monatsverdienste mit Sonderzahl.
62221;Vj. Index der Tarifverdienste und Arbeitszeiten;JAHR;Jahr;2023;DINSGF;Früheres Bundesgebiet / Neue Länder;DN;Neue Länder;WZ08C7;WZ2008 (ausgewählte Positionen): Tarifindex;WZ-X003;Gebrauchsgüterproduzenten;37,9;h;VST019;Durchschnittliche tarifliche Wochenarbeitszeit
62221;Vj. Index der Tarifverdienste und Arbeitszeiten;JAHR;Jahr;2023;DINSGF;Früheres Bundesgebiet / Neue Länder;DN;Neue Länder;WZ08C7;WZ2008 (ausgewählte Positionen): Tarifindex;WZ-X003;Gebrauchsgüterproduzenten;105,4;2020=100;VST066;Index d.tarifl. Monatsverdienste ohne Sonderzahl.
62221;Vj. Index der Tarifverdienste und Arbeitszeiten;JAHR;Jahr;2023;DINSGF;Früheres Bundesgebiet / Neue Länder;DN;Neue Länder;WZ08C7;WZ2008 (ausgewählte Positionen): Tarifindex;WZ-X003;Gebrauchsgüterproduzenten;100,0;2020=100;VST018;Index der tariflichen Wochenarbeitszeit
62221;Vj. Index der Tarifverdienste und Arbeitszeiten;JAHR;Jahr;2023;DINSGF;Früheres Bundesgebiet / Neue Länder;DN;Neue Länder;WZ08C7;WZ2008 (ausgewählte Positionen): Tarifindex;WZ-X003;Gebrauchsgüterproduzenten;105,4;2020=100;VST065;Index d.tarifl. Stundenverdienste ohne Sonderzahl.
62221;Vj. Index der Tarifverdienste und Arbeitszeiten;JAHR;Jahr;2018;DINSGF;Früheres Bundesgebiet / Neue Länder;DF;Früheres Bundesgebiet;WZ08C7;WZ2008 (ausgewählte Positionen): Tarifindex;WZ08-65;Versicherungen, Rückversicherungen, Pensionskassen;96,4;2020=100;VST072;Index d.tarifl. Stundenverdienste mit Sonderzahl.
62221;Vj. Index der Tarifverdienste und Arbeitszeiten;JAHR;Jahr;2018;DINSGF;Früheres Bundesgebiet / Neue Länder;DF;Früheres Bundesgebiet;WZ08C7;WZ2008 (ausgewählte Positionen): Tarifindex;WZ08-65;Versicherungen, Rückversicherungen, Pensionskassen;96,4;2020=100;VST073;Index d.tarifl. Monatsverdienste mit Sonderzahl.
62221;Vj. Index der Tarifverdienste und Arbeitszeiten;JAHR;Jahr;2018;DINSGF;Früheres Bundesgebiet / Neue Länder;DF;Früheres Bundesgebiet;WZ08C7;WZ2008 (ausgewählte Positionen): Tarifindex;WZ08-65;Versicherungen, Rückversicherungen, Pensionskassen;38,0;h;VST019;Durchschnittliche tarifliche Wochenarbeitszeit
62221;Vj. Index der Tarifverdienste und Arbeitszeiten;JAHR;Jahr;2018;DINSGF;Früheres Bundesgebiet / Neue Länder;DF;Früheres Bundesgebiet;WZ08C7;WZ2008 (ausgewählte Positionen): Tarifindex;WZ08-65;Versicherungen, Rückversicherungen, Pensionskassen;96,4;2020=100;VST066;Index d.tarifl. Monatsverdienste ohne Sonderzahl.
62221;Vj. Index der Tarifverdienste und Arbeitszeiten;JAHR;Jahr;2018;DINSGF;Früheres Bundesgebiet / Neue Länder;DF;Früheres Bundesgebiet;WZ08C7;WZ2008 (ausgewählte Positionen): Tarifindex;WZ08-65;Versicherungen, Rückversicherungen, Pensionskassen;100,0;2020=100;VST018;Index der tariflichen Wochenarbeitszeit
62221;Vj. Index der Tarifverdienste und Arbeitszeiten;JAHR;Jahr;2018;DINSGF;Früheres Bundesgebiet / Neue Länder;DF;Früheres Bundesgebiet;WZ08C7;WZ2008 (ausgewählte Positionen): Tarifindex;WZ08-65;Versicherungen, Rückversicherungen, Pensionskassen;96,4;2020=100;VST065;Index d.tarifl. Stundenverdienste ohne Sonderzahl.
62221;Vj. Index der Tarifverdienste und Arbeitszeiten;JAHR;Jahr;2021;DINSGF;Früheres Bundesgebiet / Neue Länder;DN;Neue Länder;WZ08C7;WZ2008 (ausgewählte Positionen): Tarifindex;WZ08-45;Kfz-Handel, Instandhaltung und Reparatur von Kfz;101,7;2020=100;VST072;Index d.tarifl. Stundenverdienste mit Sonderzahl.
62221;Vj. Index der Tarifverdienste und Arbeitszeiten;JAHR;Jahr;2021;DINSGF;Früheres Bundesgebiet / Neue Länder;DN;Neue Länder;WZ08C7;WZ2008 (ausgewählte Positionen): Tarifindex;WZ08-45;Kfz-Handel, Instandhaltung und Reparatur von Kfz;101,7;2020=100;VST073;Index d.tarifl. Monatsverdienste mit Sonderzahl.
62221;Vj. Index der Tarifverdienste und Arbeitszeiten;JAHR;Jahr;2021;DINSGF;Früheres Bundesgebiet / Neue Länder;DN;Neue Länder;WZ08C7;WZ2008 (ausgewählte Positionen): Tarifindex;WZ08-45;Kfz-Handel, Instandhaltung und Reparatur von Kfz;37,3;h;VST019;Durchschnittliche tarifliche Wochenarbeitszeit
62221;Vj. Index der Tarifverdienste und Arbeitszeiten;JAHR;Jahr;2021;DINSGF;Früheres Bundesgebiet / Neue Länder;DN;Neue Länder;WZ08C7;WZ2008 (ausgewählte Positionen): Tarifindex;WZ08-45;Kfz-Handel, Instandhaltung und Reparatur von Kfz;100,9;2020=100;VST066;Index d.tarifl. Monatsverdienste ohne Sonderzahl.
62221;Vj. Index der Tarifverdienste und Arbeitszeiten;JAHR;Jahr;2021;DINSGF;Früheres Bundesgebiet / Neue Länder;DN;Neue Länder;WZ08C7;WZ2008 (ausgewählte Positionen): Tarifindex;WZ08-45;Kfz-Handel, Instandhaltung und Reparatur von Kfz;100,0;2020=100;VST018;Index der tariflichen Wochenarbeitszeit
62221;Vj. Index der Tarifverdienste und Arbeitszeiten;JAHR;Jahr;2021;DINSGF;Früheres Bundesgebiet / Neue Länder;DN;Neue Länder;WZ08C7;WZ2008 (ausgewählte Positionen): Tarifindex;WZ08-45;Kfz-Handel, Instandhaltung und Reparatur von Kfz;100,9;2020=100;VST065;Index d.tarifl. Stundenverdienste ohne Sonderzahl.
62221;Vj. Index der Tarifverdienste und Arbeitszeiten;JAHR;Jahr;2025;DINSGF;Früheres Bundesgebiet / Neue Länder;DF;Früheres Bundesgebiet;WZ08C7;WZ2008 (ausgewählte Positionen): Tarifindex;WZ08-29-01;Fahrzeugbau;112,2;2020=100;VST072;Index d.tarifl. Stundenverdienste mit Sonderzahl.
62221;Vj. Index der Tarifverdienste und Arbeitszeiten;JAHR;Jahr;2025;DINSGF;Früheres Bundesgebiet / Neue Länder;DF;Früheres Bundesgebiet;WZ08C7;WZ2008 (ausgewählte Positionen): Tarifindex;WZ08-29-01;Fahrzeugbau;112,2;2020=100;VST073;Index d.tarifl. Monatsverdienste mit Sonderzahl.
62221;Vj. Index der Tarifverdienste und Arbeitszeiten;JAHR;Jahr;2025;DINSGF;Früheres Bundesgebiet / Neue Länder;DF;Früheres Bundesgebiet;WZ08C7;WZ2008 (ausgewählte Positionen): Tarifindex;WZ08-29-01;Fahrzeugbau;35,2;h;VST019;Durchschnittliche tarifliche Wochenarbeitszeit
62221;Vj. Index der Tarifverdienste und Arbeitszeiten;JAHR;Jahr;2025;DINSGF;Früheres Bundesgebiet / Neue Länder;DF;Früheres Bundesgebiet;WZ08C7;WZ2008 (ausgewählte Positionen): Tarifindex;WZ08-29-01;Fahrzeugbau;110,7;2020=100;VST066;Index d.tarifl. Monatsverdienste ohne Sonderzahl.
62221;Vj. Index der Tarifverdienste und Arbeitszeiten;JAHR;Jahr;2025;DINSGF;Früheres Bundesgebiet / Neue Länder;DF;Früheres Bundesgebiet;WZ08C7;WZ2008 (ausgewählte Positionen): Tarifindex;WZ08-29-01;Fahrzeugbau;100,0;2020=100;VST018;Index der tariflichen Wochenarbeitszeit
62221;Vj. Index der Tarifverdienste und Arbeitszeiten;JAHR;Jahr;2025;DINSGF;Früheres Bundesgebiet / Neue Länder;DF;Früheres Bundesgebiet;WZ08C7;WZ2008 (ausgewählte Positionen): Tarifindex;WZ08-29-01;Fahrzeugbau;110,7;2020=100;VST065;Index d.tarifl. Stundenverdienste ohne Sonderzahl.
62221;Vj. Index der Tarifverdienste und Arbeitszeiten;JAHR;Jahr;2022;DINSGF;Früheres Bundesgebiet / Neue Länder;DF;Früheres Bundesgebiet;WZ08C7;WZ2008 (ausgewählte Positionen): Tarifindex;WZ08-96;Sonstige überwiegend persönliche Dienstleistungen;103,5;2020=100;VST072;Index d.tarifl. Stundenverdienste mit Sonderzahl.
62221;Vj. Index der Tarifverdienste und Arbeitszeiten;JAHR;Jahr;2022;DINSGF;Früheres Bundesgebiet / Neue Länder;DF;Früheres Bundesgebiet;WZ08C7;WZ2008 (ausgewählte Positionen): Tarifindex;WZ08-96;Sonstige überwiegend persönliche Dienstleistungen;103,3;2020=100;VST073;Index d.tarifl. Monatsverdienste mit Sonderzahl.
62221;Vj. Index der Tarifverdienste und Arbeitszeiten;JAHR;Jahr;2022;DINSGF;Früheres Bundesgebiet / Neue Länder;DF;Früheres Bundesgebiet;WZ08C7;WZ2008 (ausgewählte Positionen): Tarifindex;WZ08-96;Sonstige überwiegend persönliche Dienstleistungen;38,7;h;VST019;Durchschnittliche tarifliche Wochenarbeitszeit
62221;Vj. Index der Tarifverdienste und Arbeitszeiten;JAHR;Jahr;2022;DINSGF;Früheres Bundesgebiet / Neue Länder;DF;Früheres Bundesgebiet;WZ08C7;WZ2008 (ausgewählte Positionen): Tarifindex;WZ08-96;Sonstige überwiegend persönliche Dienstleistungen;103,1;2020=100;VST066;Index d.tarifl. Monatsverdienste ohne Sonderzahl.
62221;Vj. Index der Tarifverdienste und Arbeitszeiten;JAHR;Jahr;2022;DINSGF;Früheres Bundesgebiet / Neue Länder;DF;Früheres Bundesgebiet;WZ08C7;WZ2008 (ausgewählte Positionen): Tarifindex;WZ08-96;Sonstige überwiegend persönliche Dienstleistungen;99,9;2020=100;VST018;Index der tariflichen Wochenarbeitszeit
62221;Vj. Index der Tarifverdienste und Arbeitszeiten;JAHR;Jahr;2022;DINSGF;Früheres Bundesgebiet / Neue Länder;DF;Früheres Bundesgebiet;WZ08C7;WZ2008 (ausgewählte Positionen): Tarifindex;WZ08-96;Sonstige überwiegend persönliche Dienstleistungen;103,3;2020=100;VST065;Index d.tarifl. Stundenverdienste ohne Sonderzahl.
62221;Vj. Index der Tarifverdienste und Arbeitszeiten;JAHR;Jahr;2022;DINSGF;Früheres Bundesgebiet / Neue Länder;DF;Früheres Bundesgebiet;WZ08C7;WZ2008 (ausgewählte Positionen): Tarifindex;WZ08-46;Großhandel (ohne Handel mit Kraftfahrzeugen);103,9;2020=100;VST072;Index d.tarifl. Stundenverdienste mit Sonderzahl.
62221;Vj. Index der Tarifverdienste und Arbeitszeiten;JAHR;Jahr;2022;DINSGF;Früheres Bundesgebiet / Neue Länder;DF;Früheres Bundesgebiet;WZ08C7;WZ2008 (ausgewählte Positionen): Tarifindex;WZ08-46;Großhandel (ohne Handel mit Kraftfahrzeugen);103,9;2020=100;VST073;Index d.tarifl. Monatsverdienste mit Sonderzahl.
62221;Vj. Index der Tarifverdienste und Arbeitszeiten;JAHR;Jahr;2022;DINSGF;Früheres Bundesgebiet / Neue Länder;DF;Früheres Bundesgebiet;WZ08C7;WZ2008 (ausgewählte Positionen): Tarifindex;WZ08-46;Großhandel (ohne Handel mit Kraftfahrzeugen);37,7;h;VST019;Durchschnittliche tarifliche Wochenarbeitszeit
62221;Vj. Index der Tarifverdienste und Arbeitszeiten;JAHR;Jahr;2022;DINSGF;Früheres Bundesgebiet / Neue Länder;DF;Früheres Bundesgebiet;WZ08C7;WZ2008 (ausgewählte Positionen): Tarifindex;WZ08-46;Großhandel (ohne Handel mit Kraftfahrzeugen);103,2;2020=100;VST066;Index d.tarifl. Monatsverdienste ohne Sonderzahl.
62221;Vj. Index der Tarifverdienste und Arbeitszeiten;JAHR;Jahr;2022;DINSGF;Früheres Bundesgebiet / Neue Länder;DF;Früheres Bundesgebiet;WZ08C7;WZ2008 (ausgewählte Positionen): Tarifindex;WZ08-46;Großhandel (ohne Handel mit Kraftfahrzeugen);100,0;2020=100;VST018;Index der tariflichen Wochenarbeitszeit
62221;Vj. Index der Tarifverdienste und Arbeitszeiten;JAHR;Jahr;2022;DINSGF;Früheres Bundesgebiet / Neue Länder;DF;Früheres Bundesgebiet;WZ08C7;WZ2008 (ausgewählte Positionen): Tarifindex;WZ08-46;Großhandel (ohne Handel mit Kraftfahrzeugen);103,3;2020=100;VST065;Index d.tarifl. Stundenverdienste ohne Sonderzahl.
62221;Vj. Index der Tarifverdienste und Arbeitszeiten;JAHR;Jahr;2022;DINSGF;Früheres Bundesgebiet / Neue Länder;DF;Früheres Bundesgebiet;WZ08C7;WZ2008 (ausgewählte Positionen): Tarifindex;WZ08-31;Herstellung von Möbeln;103,7;2020=100;VST072;Index d.tarifl. Stundenverdienste mit Sonderzahl.
62221;Vj. Index der Tarifverdienste und Arbeitszeiten;JAHR;Jahr;2022;DINSGF;Früheres Bundesgebiet / Neue Länder;DF;Früheres Bundesgebiet;WZ08C7;WZ2008 (ausgewählte Positionen): Tarifindex;WZ08-31;Herstellung von Möbeln;103,7;2020=100;VST073;Index d.tarifl. Monatsverdienste mit Sonderzahl.
62221;Vj. Index der Tarifverdienste und Arbeitszeiten;JAHR;Jahr;2022;DINSGF;Früheres Bundesgebiet / Neue Länder;DF;Früheres Bundesgebiet;WZ08C7;WZ2008 (ausgewählte Positionen): Tarifindex;WZ08-31;Herstellung von Möbeln;36,7;h;VST019;Durchschnittliche tarifliche Wochenarbeitszeit
62221;Vj. Index der Tarifverdienste und Arbeitszeiten;JAHR;Jahr;2022;DINSGF;Früheres Bundesgebiet / Neue Länder;DF;Früheres Bundesgebiet;WZ08C7;WZ2008 (ausgewählte Positionen): Tarifindex;WZ08-31;Herstellung von Möbeln;103,3;2020=100;VST066;Index d.tarifl. Monatsverdienste ohne Sonderzahl.
62221;Vj. Index der Tarifverdienste und Arbeitszeiten;JAHR;Jahr;2022;DINSGF;Früheres Bundesgebiet / Neue Länder;DF;Früheres Bundesgebiet;WZ08C7;WZ2008 (ausgewählte Positionen): Tarifindex;WZ08-31;Herstellung von Möbeln;100,0;2020=100;VST018;Index der tariflichen Wochenarbeitszeit
62221;Vj. Index der Tarifverdienste und Arbeitszeiten;JAHR;Jahr;2022;DINSGF;Früheres Bundesgebiet / Neue Länder;DF;Früheres Bundesgebiet;WZ08C7;WZ2008 (ausgewählte Positionen): Tarifindex;WZ08-31;Herstellung von Möbeln;103,3;2020=100;VST065;Index d.tarifl. Stundenverdienste ohne Sonderzahl.
62221;Vj. Index der Tarifverdienste und Arbeitszeiten;JAHR;Jahr;2020;DINSGF;Früheres Bundesgebiet / Neue Länder;DN;Neue Länder;WZ08C7;WZ2008 (ausgewählte Positionen): Tarifindex;WZ08-B-12;Prod. Gewerbe, Handel, Verkehr und Lagerei;100,0;2020=100;VST072;Index d.tarifl. Stundenverdienste mit Sonderzahl.
62221;Vj. Index der Tarifverdienste und Arbeitszeiten;JAHR;Jahr;2020;DINSGF;Früheres Bundesgebiet / Neue Länder;DN;Neue Länder;WZ08C7;WZ2008 (ausgewählte Positionen): Tarifindex;WZ08-B-12;Prod. Gewerbe, Handel, Verkehr und Lagerei;100,0;2020=100;VST073;Index d.tarifl. Monatsverdienste mit Sonderzahl.
62221;Vj. Index der Tarifverdienste und Arbeitszeiten;JAHR;Jahr;2020;DINSGF;Früheres Bundesgebiet / Neue Länder;DN;Neue Länder;WZ08C7;WZ2008 (ausgewählte Positionen): Tarifindex;WZ08-B-12;Prod. Gewerbe, Handel, Verkehr und Lagerei;38,6;h;VST019;Durchschnittliche tarifliche Wochenarbeitszeit
62221;Vj. Index der Tarifverdienste und Arbeitszeiten;JAHR;Jahr;2020;DINSGF;Früheres Bundesgebiet / Neue Länder;DN;Neue Länder;WZ08C7;WZ2008 (ausgewählte Positionen): Tarifindex;WZ08-B-12;Prod. Gewerbe, Handel, Verkehr und Lagerei;100,0;2020=100;VST066;Index d.tarifl. Monatsverdienste ohne Sonderzahl.
62221;Vj. Index der Tarifverdienste und Arbeitszeiten;JAHR;Jahr;2020;DINSGF;Früheres Bundesgebiet / Neue Länder;DN;Neue Länder;WZ08C7;WZ2008 (ausgewählte Positionen): Tarifindex;WZ08-B-12;Prod. Gewerbe, Handel, Verkehr und Lagerei;100,0;2020=100;VST018;Index der tariflichen Wochenarbeitszeit
62221;Vj. Index der Tarifverdienste und Arbeitszeiten;JAHR;Jahr;2020;DINSGF;Früheres Bundesgebiet / Neue Länder;DN;Neue Länder;WZ08C7;WZ2008 (ausgewählte Positionen): Tarifindex;WZ08-B-12;Prod. Gewerbe, Handel, Verkehr und Lagerei;100,0;2020=100;VST065;Index d.tarifl. Stundenverdienste ohne Sonderzahl.
62221;Vj. Index der Tarifverdienste und Arbeitszeiten;JAHR;Jahr;2019;DINSGF;Früheres Bundesgebiet / Neue Länder;DN;Neue Länder;WZ08C7;WZ2008 (ausgewählte Positionen): Tarifindex;WZ08-32;Herstellung von sonstigen Waren;99,5;2020=100;VST072;Index d.tarifl. Stundenverdienste mit Sonderzahl.
62221;Vj. Index der Tarifverdienste und Arbeitszeiten;JAHR;Jahr;2019;DINSGF;Früheres Bundesgebiet / Neue Länder;DN;Neue Länder;WZ08C7;WZ2008 (ausgewählte Positionen): Tarifindex;WZ08-32;Herstellung von sonstigen Waren;99,7;2020=100;VST073;Index d.tarifl. Monatsverdienste mit Sonderzahl.
62221;Vj. Index der Tarifverdienste und Arbeitszeiten;JAHR;Jahr;2019;DINSGF;Früheres Bundesgebiet / Neue Länder;DN;Neue Länder;WZ08C7;WZ2008 (ausgewählte Positionen): Tarifindex;WZ08-32;Herstellung von sonstigen Waren;36,6;h;VST019;Durchschnittliche tarifliche Wochenarbeitszeit
62221;Vj. Index der Tarifverdienste und Arbeitszeiten;JAHR;Jahr;2019;DINSGF;Früheres Bundesgebiet / Neue Länder;DN;Neue Länder;WZ08C7;WZ2008 (ausgewählte Positionen): Tarifindex;WZ08-32;Herstellung von sonstigen Waren;99,6;2020=100;VST066;Index d.tarifl. Monatsverdienste ohne Sonderzahl.
62221;Vj. Index der Tarifverdienste und Arbeitszeiten;JAHR;Jahr;2019;DINSGF;Früheres Bundesgebiet / Neue Länder;DN;Neue Länder;WZ08C7;WZ2008 (ausgewählte Positionen): Tarifindex;WZ08-32;Herstellung von sonstigen Waren;100,4;2020=100;VST018;Index der tariflichen Wochenarbeitszeit
62221;Vj. Index der Tarifverdienste und Arbeitszeiten;JAHR;Jahr;2019;DINSGF;Früheres Bundesgebiet / Neue Länder;DN;Neue Länder;WZ08C7;WZ2008 (ausgewählte Positionen): Tarifindex;WZ08-32;Herstellung von sonstigen Waren;99,4;2020=100;VST065;Index d.tarifl. Stundenverdienste ohne Sonderzahl.
62221;Vj. Index der Tarifverdienste und Arbeitszeiten;JAHR;Jahr;2021;DINSGF;Früheres Bundesgebiet / Neue Länder;DN;Neue Länder;WZ08C7;WZ2008 (ausgewählte Positionen): Tarifindex;WZ08-30;Sonstiger Fahrzeugbau;101,1;2020=100;VST072;Index d.tarifl. Stundenverdienste mit Sonderzahl.
62221;Vj. Index der Tarifverdienste und Arbeitszeiten;JAHR;Jahr;2021;DINSGF;Früheres Bundesgebiet / Neue Länder;DN;Neue Länder;WZ08C7;WZ2008 (ausgewählte Positionen): Tarifindex;WZ08-30;Sonstiger Fahrzeugbau;101,1;2020=100;VST073;Index d.tarifl. Monatsverdienste mit Sonderzahl.
62221;Vj. Index der Tarifverdienste und Arbeitszeiten;JAHR;Jahr;2021;DINSGF;Früheres Bundesgebiet / Neue Länder;DN;Neue Länder;WZ08C7;WZ2008 (ausgewählte Positionen): Tarifindex;WZ08-30;Sonstiger Fahrzeugbau;38,4;h;VST019;Durchschnittliche tarifliche Wochenarbeitszeit
62221;Vj. Index der Tarifverdienste und Arbeitszeiten;JAHR;Jahr;2021;DINSGF;Früheres Bundesgebiet / Neue Länder;DN;Neue Länder;WZ08C7;WZ2008 (ausgewählte Positionen): Tarifindex;WZ08-30;Sonstiger Fahrzeugbau;100,2;2020=100;VST066;Index d.tarifl. Monatsverdienste ohne Sonderzahl.
62221;Vj. Index der Tarifverdienste und Arbeitszeiten;JAHR;Jahr;2021;DINSGF;Früheres Bundesgebiet / Neue Länder;DN;Neue Länder;WZ08C7;WZ2008 (ausgewählte Positionen): Tarifindex;WZ08-30;Sonstiger Fahrzeugbau;100,0;2020=100;VST018;Index der tariflichen Wochenarbeitszeit
62221;Vj. Index der Tarifverdienste und Arbeitszeiten;JAHR;Jahr;2021;DINSGF;Früheres Bundesgebiet / Neue Länder;DN;Neue Länder;WZ08C7;WZ2008 (ausgewählte Positionen): Tarifindex;WZ08-30;Sonstiger Fahrzeugbau;100,2;2020=100;VST065;Index d.tarifl. Stundenverdienste ohne Sonderzahl.
62221;Vj. Index der Tarifverdienste und Arbeitszeiten;JAHR;Jahr;2022;DINSGF;Früheres Bundesgebiet / Neue Länder;DF;Früheres Bundesgebiet;WZ08C7;WZ2008 (ausgewählte Positionen): Tarifindex;WZ08-90;Kreative,künstlerische u.unterhaltende Tätigkeiten;103,5;2020=100;VST072;Index d.tarifl. Stundenverdienste mit Sonderzahl.
62221;Vj. Index der Tarifverdienste und Arbeitszeiten;JAHR;Jahr;2022;DINSGF;Früheres Bundesgebiet / Neue Länder;DF;Früheres Bundesgebiet;WZ08C7;WZ2008 (ausgewählte Positionen): Tarifindex;WZ08-90;Kreative,künstlerische u.unterhaltende Tätigkeiten;103,5;2020=100;VST073;Index d.tarifl. Monatsverdienste mit Sonderzahl.
62221;Vj. Index der Tarifverdienste und Arbeitszeiten;JAHR;Jahr;2022;DINSGF;Früheres Bundesgebiet / Neue Länder;DF;Früheres Bundesgebiet;WZ08C7;WZ2008 (ausgewählte Positionen): Tarifindex;WZ08-90;Kreative,künstlerische u.unterhaltende Tätigkeiten;39,2;h;VST019;Durchschnittliche tarifliche Wochenarbeitszeit
62221;Vj. Index der Tarifverdienste und Arbeitszeiten;JAHR;Jahr;2022;DINSGF;Früheres Bundesgebiet / Neue Länder;DF;Früheres Bundesgebiet;WZ08C7;WZ2008 (ausgewählte Positionen): Tarifindex;WZ08-90;Kreative,künstlerische u.unterhaltende Tätigkeiten;102,2;2020=100;VST066;Index d.tarifl. Monatsverdienste ohne Sonderzahl.
62221;Vj. Index der Tarifverdienste und Arbeitszeiten;JAHR;Jahr;2022;DINSGF;Früheres Bundesgebiet / Neue Länder;DF;Früheres Bundesgebiet;WZ08C7;WZ2008 (ausgewählte Positionen): Tarifindex;WZ08-90;Kreative,künstlerische u.unterhaltende Tätigkeiten;100,0;2020=100;VST018;Index der tariflichen Wochenarbeitszeit
62221;Vj. Index der Tarifverdienste und Arbeitszeiten;JAHR;Jahr;2022;DINSGF;Früheres Bundesgebiet / Neue Länder;DF;Früheres Bundesgebiet;WZ08C7;WZ2008 (ausgewählte Positionen): Tarifindex;WZ08-90;Kreative,künstlerische u.unterhaltende Tätigkeiten;102,2;2020=100;VST065;Index d.tarifl. Stundenverdienste ohne Sonderzahl.
62221;Vj. Index der Tarifverdienste und Arbeitszeiten;JAHR;Jahr;2022;DINSGF;Früheres Bundesgebiet / Neue Länder;DF;Früheres Bundesgebiet;WZ08C7;WZ2008 (ausgewählte Positionen): Tarifindex;WZ08-37;Abwasserentsorgung;102,4;2020=100;VST072;Index d.tarifl. Stundenverdienste mit Sonderzahl.
62221;Vj. Index der Tarifverdienste und Arbeitszeiten;JAHR;Jahr;2022;DINSGF;Früheres Bundesgebiet / Neue Länder;DF;Früheres Bundesgebiet;WZ08C7;WZ2008 (ausgewählte Positionen): Tarifindex;WZ08-37;Abwasserentsorgung;102,4;2020=100;VST073;Index d.tarifl. Monatsverdienste mit Sonderzahl.
62221;Vj. Index der Tarifverdienste und Arbeitszeiten;JAHR;Jahr;2022;DINSGF;Früheres Bundesgebiet / Neue Länder;DF;Früheres Bundesgebiet;WZ08C7;WZ2008 (ausgewählte Positionen): Tarifindex;WZ08-37;Abwasserentsorgung;39,0;h;VST019;Durchschnittliche tarifliche Wochenarbeitszeit
62221;Vj. Index der Tarifverdienste und Arbeitszeiten;JAHR;Jahr;2022;DINSGF;Früheres Bundesgebiet / Neue Länder;DF;Früheres Bundesgebiet;WZ08C7;WZ2008 (ausgewählte Positionen): Tarifindex;WZ08-37;Abwasserentsorgung;103,1;2020=100;VST066;Index d.tarifl. Monatsverdienste ohne Sonderzahl.
62221;Vj. Index der Tarifverdienste und Arbeitszeiten;JAHR;Jahr;2022;DINSGF;Früheres Bundesgebiet / Neue Länder;DF;Früheres Bundesgebiet;WZ08C7;WZ2008 (ausgewählte Positionen): Tarifindex;WZ08-37;Abwasserentsorgung;100,0;2020=100;VST018;Index der tariflichen Wochenarbeitszeit
62221;Vj. Index der Tarifverdienste und Arbeitszeiten;JAHR;Jahr;2022;DINSGF;Früheres Bundesgebiet / Neue Länder;DF;Früheres Bundesgebiet;WZ08C7;WZ2008 (ausgewählte Positionen): Tarifindex;WZ08-37;Abwasserentsorgung;103,1;2020=100;VST065;Index d.tarifl. Stundenverdienste ohne Sonderzahl.
62221;Vj. Index der Tarifverdienste und Arbeitszeiten;JAHR;Jahr;2022;DINSGF;Früheres Bundesgebiet / Neue Länder;DF;Früheres Bundesgebiet;WZ08C7;WZ2008 (ausgewählte Positionen): Tarifindex;WZ08-28;Maschinenbau;101,6;2020=100;VST072;Index d.tarifl. Stundenverdienste mit Sonderzahl.
62221;Vj. Index der Tarifverdienste und Arbeitszeiten;JAHR;Jahr;2022;DINSGF;Früheres Bundesgebiet / Neue Länder;DF;Früheres Bundesgebiet;WZ08C7;WZ2008 (ausgewählte Positionen): Tarifindex;WZ08-28;Maschinenbau;101,6;2020=100;VST073;Index d.tarifl. Monatsverdienste mit Sonderzahl.
62221;Vj. Index der Tarifverdienste und Arbeitszeiten;JAHR;Jahr;2022;DINSGF;Früheres Bundesgebiet / Neue Länder;DF;Früheres Bundesgebiet;WZ08C7;WZ2008 (ausgewählte Positionen): Tarifindex;WZ08-28;Maschinenbau;35,3;h;VST019;Durchschnittliche tarifliche Wochenarbeitszeit
62221;Vj. Index der Tarifverdienste und Arbeitszeiten;JAHR;Jahr;2022;DINSGF;Früheres Bundesgebiet / Neue Länder;DF;Früheres Bundesgebiet;WZ08C7;WZ2008 (ausgewählte Positionen): Tarifindex;WZ08-28;Maschinenbau;100,3;2020=100;VST066;Index d.tarifl. Monatsverdienste ohne Sonderzahl.
62221;Vj. Index der Tarifverdienste und Arbeitszeiten;JAHR;Jahr;2022;DINSGF;Früheres Bundesgebiet / Neue Länder;DF;Früheres Bundesgebiet;WZ08C7;WZ2008 (ausgewählte Positionen): Tarifindex;WZ08-28;Maschinenbau;100,0;2020=100;VST018;Index der tariflichen Wochenarbeitszeit
62221;Vj. Index der Tarifverdienste und Arbeitszeiten;JAHR;Jahr;2022;DINSGF;Früheres Bundesgebiet / Neue Länder;DF;Früheres Bundesgebiet;WZ08C7;WZ2008 (ausgewählte Positionen): Tarifindex;WZ08-28;Maschinenbau;100,3;2020=100;VST065;Index d.tarifl. Stundenverdienste ohne Sonderzahl.
62221;Vj. Index der Tarifverdienste und Arbeitszeiten;JAHR;Jahr;2019;DINSGF;Früheres Bundesgebiet / Neue Länder;DN;Neue Länder;WZ08C7;WZ2008 (ausgewählte Positionen): Tarifindex;WZ08-23;H.v.Glas,-waren,Keramik,Verarb. v.Steinen u.Erden;97,5;2020=100;VST072;Index d.tarifl. Stundenverdienste mit Sonderzahl.
62221;Vj. Index der Tarifverdienste und Arbeitszeiten;JAHR;Jahr;2019;DINSGF;Früheres Bundesgebiet / Neue Länder;DN;Neue Länder;WZ08C7;WZ2008 (ausgewählte Positionen): Tarifindex;WZ08-23;H.v.Glas,-waren,Keramik,Verarb. v.Steinen u.Erden;97,6;2020=100;VST073;Index d.tarifl. Monatsverdienste mit Sonderzahl.
62221;Vj. Index der Tarifverdienste und Arbeitszeiten;JAHR;Jahr;2019;DINSGF;Früheres Bundesgebiet / Neue Länder;DN;Neue Länder;WZ08C7;WZ2008 (ausgewählte Positionen): Tarifindex;WZ08-23;H.v.Glas,-waren,Keramik,Verarb. v.Steinen u.Erden;38,9;h;VST019;Durchschnittliche tarifliche Wochenarbeitszeit
62221;Vj. Index der Tarifverdienste und Arbeitszeiten;JAHR;Jahr;2019;DINSGF;Früheres Bundesgebiet / Neue Länder;DN;Neue Länder;WZ08C7;WZ2008 (ausgewählte Positionen): Tarifindex;WZ08-23;H.v.Glas,-waren,Keramik,Verarb. v.Steinen u.Erden;98,0;2020=100;VST066;Index d.tarifl. Monatsverdienste ohne Sonderzahl.
62221;Vj. Index der Tarifverdienste und Arbeitszeiten;JAHR;Jahr;2019;DINSGF;Früheres Bundesgebiet / Neue Länder;DN;Neue Länder;WZ08C7;WZ2008 (ausgewählte Positionen): Tarifindex;WZ08-23;H.v.Glas,-waren,Keramik,Verarb. v.Steinen u.Erden;100,1;2020=100;VST018;Index der tariflichen Wochenarbeitszeit
62221;Vj. Index der Tarifverdienste und Arbeitszeiten;JAHR;Jahr;2019;DINSGF;Früheres Bundesgebiet / Neue Länder;DN;Neue Länder;WZ08C7;WZ2008 (ausgewählte Positionen): Tarifindex;WZ08-23;H.v.Glas,-waren,Keramik,Verarb. v.Steinen u.Erden;97,9;2020=100;VST065;Index d.tarifl. Stundenverdienste ohne Sonderzahl.
62221;Vj. Index der Tarifverdienste und Arbeitszeiten;JAHR;Jahr;2023;DINSGF;Früheres Bundesgebiet / Neue Länder;DN;Neue Länder;WZ08C7;WZ2008 (ausgewählte Positionen): Tarifindex;WZ08-13;Herstellung von Textilien;111,7;2020=100;VST072;Index d.tarifl. Stundenverdienste mit Sonderzahl.
62221;Vj. Index der Tarifverdienste und Arbeitszeiten;JAHR;Jahr;2023;DINSGF;Früheres Bundesgebiet / Neue Länder;DN;Neue Länder;WZ08C7;WZ2008 (ausgewählte Positionen): Tarifindex;WZ08-13;Herstellung von Textilien;108,8;2020=100;VST073;Index d.tarifl. Monatsverdienste mit Sonderzahl.
62221;Vj. Index der Tarifverdienste und Arbeitszeiten;JAHR;Jahr;2023;DINSGF;Früheres Bundesgebiet / Neue Länder;DN;Neue Länder;WZ08C7;WZ2008 (ausgewählte Positionen): Tarifindex;WZ08-13;Herstellung von Textilien;38,5;h;VST019;Durchschnittliche tarifliche Wochenarbeitszeit
62221;Vj. Index der Tarifverdienste und Arbeitszeiten;JAHR;Jahr;2023;DINSGF;Früheres Bundesgebiet / Neue Länder;DN;Neue Länder;WZ08C7;WZ2008 (ausgewählte Positionen): Tarifindex;WZ08-13;Herstellung von Textilien;107,6;2020=100;VST066;Index d.tarifl. Monatsverdienste ohne Sonderzahl.
62221;Vj. Index der Tarifverdienste und Arbeitszeiten;JAHR;Jahr;2023;DINSGF;Früheres Bundesgebiet / Neue Länder;DN;Neue Länder;WZ08C7;WZ2008 (ausgewählte Positionen): Tarifindex;WZ08-13;Herstellung von Textilien;97,5;2020=100;VST018;Index der tariflichen Wochenarbeitszeit
62221;Vj. Index der Tarifverdienste und Arbeitszeiten;JAHR;Jahr;2023;DINSGF;Früheres Bundesgebiet / Neue Länder;DN;Neue Länder;WZ08C7;WZ2008 (ausgewählte Positionen): Tarifindex;WZ08-13;Herstellung von Textilien;110,3;2020=100;VST065;Index d.tarifl. Stundenverdienste ohne Sonderzahl.
62221;Vj. Index der Tarifverdienste und Arbeitszeiten;JAHR;Jahr;2024;DINSGF;Früheres Bundesgebiet / Neue Länder;DN;Neue Länder;WZ08C7;WZ2008 (ausgewählte Positionen): Tarifindex;WZ08-60;Rundfunkveranstalter;103,8;2020=100;VST072;Index d.tarifl. Stundenverdienste mit Sonderzahl.
62221;Vj. Index der Tarifverdienste und Arbeitszeiten;JAHR;Jahr;2024;DINSGF;Früheres Bundesgebiet / Neue Länder;DN;Neue Länder;WZ08C7;WZ2008 (ausgewählte Positionen): Tarifindex;WZ08-60;Rundfunkveranstalter;103,8;2020=100;VST073;Index d.tarifl. Monatsverdienste mit Sonderzahl.
62221;Vj. Index der Tarifverdienste und Arbeitszeiten;JAHR;Jahr;2024;DINSGF;Früheres Bundesgebiet / Neue Länder;DN;Neue Länder;WZ08C7;WZ2008 (ausgewählte Positionen): Tarifindex;WZ08-60;Rundfunkveranstalter;38,5;h;VST019;Durchschnittliche tarifliche Wochenarbeitszeit
62221;Vj. Index der Tarifverdienste und Arbeitszeiten;JAHR;Jahr;2024;DINSGF;Früheres Bundesgebiet / Neue Länder;DN;Neue Länder;WZ08C7;WZ2008 (ausgewählte Positionen): Tarifindex;WZ08-60;Rundfunkveranstalter;104,3;2020=100;VST066;Index d.tarifl. Monatsverdienste ohne Sonderzahl.
62221;Vj. Index der Tarifverdienste und Arbeitszeiten;JAHR;Jahr;2024;DINSGF;Früheres Bundesgebiet / Neue Länder;DN;Neue Länder;WZ08C7;WZ2008 (ausgewählte Positionen): Tarifindex;WZ08-60;Rundfunkveranstalter;100,0;2020=100;VST018;Index der tariflichen Wochenarbeitszeit
62221;Vj. Index der Tarifverdienste und Arbeitszeiten;JAHR;Jahr;2024;DINSGF;Früheres Bundesgebiet / Neue Länder;DN;Neue Länder;WZ08C7;WZ2008 (ausgewählte Positionen): Tarifindex;WZ08-60;Rundfunkveranstalter;104,3;2020=100;VST065;Index d.tarifl. Stundenverdienste ohne Sonderzahl.
62221;Vj. Index der Tarifverdienste und Arbeitszeiten;JAHR;Jahr;2025;DINSGF;Früheres Bundesgebiet / Neue Länder;DN;Neue Länder;WZ08C7;WZ2008 (ausgewählte Positionen): Tarifindex;WZ08-72;Forschung und Entwicklung;114,6;2020=100;VST072;Index d.tarifl. Stundenverdienste mit Sonderzahl.
62221;Vj. Index der Tarifverdienste und Arbeitszeiten;JAHR;Jahr;2025;DINSGF;Früheres Bundesgebiet / Neue Länder;DN;Neue Länder;WZ08C7;WZ2008 (ausgewählte Positionen): Tarifindex;WZ08-72;Forschung und Entwicklung;114,6;2020=100;VST073;Index d.tarifl. Monatsverdienste mit Sonderzahl.
62221;Vj. Index der Tarifverdienste und Arbeitszeiten;JAHR;Jahr;2025;DINSGF;Früheres Bundesgebiet / Neue Länder;DN;Neue Länder;WZ08C7;WZ2008 (ausgewählte Positionen): Tarifindex;WZ08-72;Forschung und Entwicklung;39,3;h;VST019;Durchschnittliche tarifliche Wochenarbeitszeit
62221;Vj. Index der Tarifverdienste und Arbeitszeiten;JAHR;Jahr;2025;DINSGF;Früheres Bundesgebiet / Neue Länder;DN;Neue Länder;WZ08C7;WZ2008 (ausgewählte Positionen): Tarifindex;WZ08-72;Forschung und Entwicklung;114,2;2020=100;VST066;Index d.tarifl. Monatsverdienste ohne Sonderzahl.
62221;Vj. Index der Tarifverdienste und Arbeitszeiten;JAHR;Jahr;2025;DINSGF;Früheres Bundesgebiet / Neue Länder;DN;Neue Länder;WZ08C7;WZ2008 (ausgewählte Positionen): Tarifindex;WZ08-72;Forschung und Entwicklung;100,0;2020=100;VST018;Index der tariflichen Wochenarbeitszeit
62221;Vj. Index der Tarifverdienste und Arbeitszeiten;JAHR;Jahr;2025;DINSGF;Früheres Bundesgebiet / Neue Länder;DN;Neue Länder;WZ08C7;WZ2008 (ausgewählte Positionen): Tarifindex;WZ08-72;Forschung und Entwicklung;114,2;2020=100;VST065;Index d.tarifl. Stundenverdienste ohne Sonderzahl.
62221;Vj. Index der Tarifverdienste und Arbeitszeiten;JAHR;Jahr;2025;DINSGF;Früheres Bundesgebiet / Neue Länder;DN;Neue Länder;WZ08C7;WZ2008 (ausgewählte Positionen): Tarifindex;WZ08-78;Vermittlung und Überlassung von Arbeitskräften;136,9;2020=100;VST072;Index d.tarifl. Stundenverdienste mit Sonderzahl.
62221;Vj. Index der Tarifverdienste und Arbeitszeiten;JAHR;Jahr;2025;DINSGF;Früheres Bundesgebiet / Neue Länder;DN;Neue Länder;WZ08C7;WZ2008 (ausgewählte Positionen): Tarifindex;WZ08-78;Vermittlung und Überlassung von Arbeitskräften;136,9;2020=100;VST073;Index d.tarifl. Monatsverdienste mit Sonderzahl.
62221;Vj. Index der Tarifverdienste und Arbeitszeiten;JAHR;Jahr;2025;DINSGF;Früheres Bundesgebiet / Neue Länder;DN;Neue Länder;WZ08C7;WZ2008 (ausgewählte Positionen): Tarifindex;WZ08-78;Vermittlung und Überlassung von Arbeitskräften;35,2;h;VST019;Durchschnittliche tarifliche Wochenarbeitszeit
62221;Vj. Index der Tarifverdienste und Arbeitszeiten;JAHR;Jahr;2025;DINSGF;Früheres Bundesgebiet / Neue Länder;DN;Neue Länder;WZ08C7;WZ2008 (ausgewählte Positionen): Tarifindex;WZ08-78;Vermittlung und Überlassung von Arbeitskräften;136,9;2020=100;VST066;Index d.tarifl. Monatsverdienste ohne Sonderzahl.
62221;Vj. Index der Tarifverdienste und Arbeitszeiten;JAHR;Jahr;2025;DINSGF;Früheres Bundesgebiet / Neue Länder;DN;Neue Länder;WZ08C7;WZ2008 (ausgewählte Positionen): Tarifindex;WZ08-78;Vermittlung und Überlassung von Arbeitskräften;100,0;2020=100;VST018;Index der tariflichen Wochenarbeitszeit
62221;Vj. Index der Tarifverdienste und Arbeitszeiten;JAHR;Jahr;2025;DINSGF;Früheres Bundesgebiet / Neue Länder;DN;Neue Länder;WZ08C7;WZ2008 (ausgewählte Positionen): Tarifindex;WZ08-78;Vermittlung und Überlassung von Arbeitskräften;136,9;2020=100;VST065;Index d.tarifl. Stundenverdienste ohne Sonderzahl.
62221;Vj. Index der Tarifverdienste und Arbeitszeiten;JAHR;Jahr;2024;DINSGF;Früheres Bundesgebiet / Neue Länder;DN;Neue Länder;WZ08C7;WZ2008 (ausgewählte Positionen): Tarifindex;WZ08-A-03;Gesamtwirtschaft;113,1;2020=100;VST072;Index d.tarifl. Stundenverdienste mit Sonderzahl.
62221;Vj. Index der Tarifverdienste und Arbeitszeiten;JAHR;Jahr;2024;DINSGF;Früheres Bundesgebiet / Neue Länder;DN;Neue Länder;WZ08C7;WZ2008 (ausgewählte Positionen): Tarifindex;WZ08-A-03;Gesamtwirtschaft;112,9;2020=100;VST073;Index d.tarifl. Monatsverdienste mit Sonderzahl.
62221;Vj. Index der Tarifverdienste und Arbeitszeiten;JAHR;Jahr;2024;DINSGF;Früheres Bundesgebiet / Neue Länder;DN;Neue Länder;WZ08C7;WZ2008 (ausgewählte Positionen): Tarifindex;WZ08-A-03;Gesamtwirtschaft;39,1;h;VST019;Durchschnittliche tarifliche Wochenarbeitszeit
62221;Vj. Index der Tarifverdienste und Arbeitszeiten;JAHR;Jahr;2024;DINSGF;Früheres Bundesgebiet / Neue Länder;DN;Neue Länder;WZ08C7;WZ2008 (ausgewählte Positionen): Tarifindex;WZ08-A-03;Gesamtwirtschaft;110,5;2020=100;VST066;Index d.tarifl. Monatsverdienste ohne Sonderzahl.
62221;Vj. Index der Tarifverdienste und Arbeitszeiten;JAHR;Jahr;2024;DINSGF;Früheres Bundesgebiet / Neue Länder;DN;Neue Länder;WZ08C7;WZ2008 (ausgewählte Positionen): Tarifindex;WZ08-A-03;Gesamtwirtschaft;99,9;2020=100;VST018;Index der tariflichen Wochenarbeitszeit
62221;Vj. Index der Tarifverdienste und Arbeitszeiten;JAHR;Jahr;2024;DINSGF;Früheres Bundesgebiet / Neue Länder;DN;Neue Länder;WZ08C7;WZ2008 (ausgewählte Positionen): Tarifindex;WZ08-A-03;Gesamtwirtschaft;110,6;2020=100;VST065;Index d.tarifl. Stundenverdienste ohne Sonderzahl.
62221;Vj. Index der Tarifverdienste und Arbeitszeiten;JAHR;Jahr;2023;DINSGF;Früheres Bundesgebiet / Neue Länder;DF;Früheres Bundesgebiet;WZ08C7;WZ2008 (ausgewählte Positionen): Tarifindex;WZ08-B-14;Kohlenbergbau, Gewinnung von Erdöl und Erdgas;106,2;2020=100;VST072;Index d.tarifl. Stundenverdienste mit Sonderzahl.
62221;Vj. Index der Tarifverdienste und Arbeitszeiten;JAHR;Jahr;2023;DINSGF;Früheres Bundesgebiet / Neue Länder;DF;Früheres Bundesgebiet;WZ08C7;WZ2008 (ausgewählte Positionen): Tarifindex;WZ08-B-14;Kohlenbergbau, Gewinnung von Erdöl und Erdgas;106,0;2020=100;VST073;Index d.tarifl. Monatsverdienste mit Sonderzahl.
62221;Vj. Index der Tarifverdienste und Arbeitszeiten;JAHR;Jahr;2023;DINSGF;Früheres Bundesgebiet / Neue Länder;DF;Früheres Bundesgebiet;WZ08C7;WZ2008 (ausgewählte Positionen): Tarifindex;WZ08-B-14;Kohlenbergbau, Gewinnung von Erdöl und Erdgas;39,5;h;VST019;Durchschnittliche tarifliche Wochenarbeitszeit
62221;Vj. Index der Tarifverdienste und Arbeitszeiten;JAHR;Jahr;2023;DINSGF;Früheres Bundesgebiet / Neue Länder;DF;Früheres Bundesgebiet;WZ08C7;WZ2008 (ausgewählte Positionen): Tarifindex;WZ08-B-14;Kohlenbergbau, Gewinnung von Erdöl und Erdgas;105,6;2020=100;VST066;Index d.tarifl. Monatsverdienste ohne Sonderzahl.
62221;Vj. Index der Tarifverdienste und Arbeitszeiten;JAHR;Jahr;2023;DINSGF;Früheres Bundesgebiet / Neue Länder;DF;Früheres Bundesgebiet;WZ08C7;WZ2008 (ausgewählte Positionen): Tarifindex;WZ08-B-14;Kohlenbergbau, Gewinnung von Erdöl und Erdgas;99,9;2020=100;VST018;Index der tariflichen Wochenarbeitszeit
62221;Vj. Index der Tarifverdienste und Arbeitszeiten;JAHR;Jahr;2023;DINSGF;Früheres Bundesgebiet / Neue Länder;DF;Früheres Bundesgebiet;WZ08C7;WZ2008 (ausgewählte Positionen): Tarifindex;WZ08-B-14;Kohlenbergbau, Gewinnung von Erdöl und Erdgas;105,8;2020=100;VST065;Index d.tarifl. Stundenverdienste ohne Sonderzahl.
62221;Vj. Index der Tarifverdienste und Arbeitszeiten;JAHR;Jahr;2022;DINSGF;Früheres Bundesgebiet / Neue Länder;DF;Früheres Bundesgebiet;WZ08C7;WZ2008 (ausgewählte Positionen): Tarifindex;WZ08-B-08;Produzierendes Gewerbe und Dienstleistungsbereich;103,5;2020=100;VST072;Index d.tarifl. Stundenverdienste mit Sonderzahl.
62221;Vj. Index der Tarifverdienste und Arbeitszeiten;JAHR;Jahr;2022;DINSGF;Früheres Bundesgebiet / Neue Länder;DF;Früheres Bundesgebiet;WZ08C7;WZ2008 (ausgewählte Positionen): Tarifindex;WZ08-B-08;Produzierendes Gewerbe und Dienstleistungsbereich;103,5;2020=100;VST073;Index d.tarifl. Monatsverdienste mit Sonderzahl.
62221;Vj. Index der Tarifverdienste und Arbeitszeiten;JAHR;Jahr;2022;DINSGF;Früheres Bundesgebiet / Neue Länder;DF;Früheres Bundesgebiet;WZ08C7;WZ2008 (ausgewählte Positionen): Tarifindex;WZ08-B-08;Produzierendes Gewerbe und Dienstleistungsbereich;38,5;h;VST019;Durchschnittliche tarifliche Wochenarbeitszeit
62221;Vj. Index der Tarifverdienste und Arbeitszeiten;JAHR;Jahr;2022;DINSGF;Früheres Bundesgebiet / Neue Länder;DF;Früheres Bundesgebiet;WZ08C7;WZ2008 (ausgewählte Positionen): Tarifindex;WZ08-B-08;Produzierendes Gewerbe und Dienstleistungsbereich;102,8;2020=100;VST066;Index d.tarifl. Monatsverdienste ohne Sonderzahl.
62221;Vj. Index der Tarifverdienste und Arbeitszeiten;JAHR;Jahr;2022;DINSGF;Früheres Bundesgebiet / Neue Länder;DF;Früheres Bundesgebiet;WZ08C7;WZ2008 (ausgewählte Positionen): Tarifindex;WZ08-B-08;Produzierendes Gewerbe und Dienstleistungsbereich;100,0;2020=100;VST018;Index der tariflichen Wochenarbeitszeit
62221;Vj. Index der Tarifverdienste und Arbeitszeiten;JAHR;Jahr;2022;DINSGF;Früheres Bundesgebiet / Neue Länder;DF;Früheres Bundesgebiet;WZ08C7;WZ2008 (ausgewählte Positionen): Tarifindex;WZ08-B-08;Produzierendes Gewerbe und Dienstleistungsbereich;102,8;2020=100;VST065;Index d.tarifl. Stundenverdienste ohne Sonderzahl.
62221;Vj. Index der Tarifverdienste und Arbeitszeiten;JAHR;Jahr;2019;DINSGF;Früheres Bundesgebiet / Neue Länder;DF;Früheres Bundesgebiet;WZ08C7;WZ2008 (ausgewählte Positionen): Tarifindex;WZ-X002;Investitionsgüterproduzenten;99,9;2020=100;VST072;Index d.tarifl. Stundenverdienste mit Sonderzahl.
62221;Vj. Index der Tarifverdienste und Arbeitszeiten;JAHR;Jahr;2019;DINSGF;Früheres Bundesgebiet / Neue Länder;DF;Früheres Bundesgebiet;WZ08C7;WZ2008 (ausgewählte Positionen): Tarifindex;WZ-X002;Investitionsgüterproduzenten;99,9;2020=100;VST073;Index d.tarifl. Monatsverdienste mit Sonderzahl.
62221;Vj. Index der Tarifverdienste und Arbeitszeiten;JAHR;Jahr;2019;DINSGF;Früheres Bundesgebiet / Neue Länder;DF;Früheres Bundesgebiet;WZ08C7;WZ2008 (ausgewählte Positionen): Tarifindex;WZ-X002;Investitionsgüterproduzenten;35,2;h;VST019;Durchschnittliche tarifliche Wochenarbeitszeit
62221;Vj. Index der Tarifverdienste und Arbeitszeiten;JAHR;Jahr;2019;DINSGF;Früheres Bundesgebiet / Neue Länder;DF;Früheres Bundesgebiet;WZ08C7;WZ2008 (ausgewählte Positionen): Tarifindex;WZ-X002;Investitionsgüterproduzenten;99,9;2020=100;VST066;Index d.tarifl. Monatsverdienste ohne Sonderzahl.
62221;Vj. Index der Tarifverdienste und Arbeitszeiten;JAHR;Jahr;2019;DINSGF;Früheres Bundesgebiet / Neue Länder;DF;Früheres Bundesgebiet;WZ08C7;WZ2008 (ausgewählte Positionen): Tarifindex;WZ-X002;Investitionsgüterproduzenten;100,0;2020=100;VST018;Index der tariflichen Wochenarbeitszeit
62221;Vj. Index der Tarifverdienste und Arbeitszeiten;JAHR;Jahr;2019;DINSGF;Früheres Bundesgebiet / Neue Länder;DF;Früheres Bundesgebiet;WZ08C7;WZ2008 (ausgewählte Positionen): Tarifindex;WZ-X002;Investitionsgüterproduzenten;99,9;2020=100;VST065;Index d.tarifl. Stundenverdienste ohne Sonderzahl.
62221;Vj. Index der Tarifverdienste und Arbeitszeiten;JAHR;Jahr;2024;DINSGF;Früheres Bundesgebiet / Neue Länder;DN;Neue Länder;WZ08C7;WZ2008 (ausgewählte Positionen): Tarifindex;WZ08-84;Öff. Verwaltung, Verteidigung, Sozialversicherung;110,9;2020=100;VST072;Index d.tarifl. Stundenverdienste mit Sonderzahl.
62221;Vj. Index der Tarifverdienste und Arbeitszeiten;JAHR;Jahr;2024;DINSGF;Früheres Bundesgebiet / Neue Länder;DN;Neue Länder;WZ08C7;WZ2008 (ausgewählte Positionen): Tarifindex;WZ08-84;Öff. Verwaltung, Verteidigung, Sozialversicherung;110,9;2020=100;VST073;Index d.tarifl. Monatsverdienste mit Sonderzahl.
62221;Vj. Index der Tarifverdienste und Arbeitszeiten;JAHR;Jahr;2024;DINSGF;Früheres Bundesgebiet / Neue Länder;DN;Neue Länder;WZ08C7;WZ2008 (ausgewählte Positionen): Tarifindex;WZ08-84;Öff. Verwaltung, Verteidigung, Sozialversicherung;39,8;h;VST019;Durchschnittliche tarifliche Wochenarbeitszeit
62221;Vj. Index der Tarifverdienste und Arbeitszeiten;JAHR;Jahr;2024;DINSGF;Früheres Bundesgebiet / Neue Länder;DN;Neue Länder;WZ08C7;WZ2008 (ausgewählte Positionen): Tarifindex;WZ08-84;Öff. Verwaltung, Verteidigung, Sozialversicherung;109,0;2020=100;VST066;Index d.tarifl. Monatsverdienste ohne Sonderzahl.
62221;Vj. Index der Tarifverdienste und Arbeitszeiten;JAHR;Jahr;2024;DINSGF;Früheres Bundesgebiet / Neue Länder;DN;Neue Länder;WZ08C7;WZ2008 (ausgewählte Positionen): Tarifindex;WZ08-84;Öff. Verwaltung, Verteidigung, Sozialversicherung;100,0;2020=100;VST018;Index der tariflichen Wochenarbeitszeit
62221;Vj. Index der Tarifverdienste und Arbeitszeiten;JAHR;Jahr;2024;DINSGF;Früheres Bundesgebiet / Neue Länder;DN;Neue Länder;WZ08C7;WZ2008 (ausgewählte Positionen): Tarifindex;WZ08-84;Öff. Verwaltung, Verteidigung, Sozialversicherung;109,0;2020=100;VST065;Index d.tarifl. Stundenverdienste ohne Sonderzahl.
62221;Vj. Index der Tarifverdienste und Arbeitszeiten;JAHR;Jahr;2018;DINSGF;Früheres Bundesgebiet / Neue Länder;DF;Früheres Bundesgebiet;WZ08C7;WZ2008 (ausgewählte Positionen): Tarifindex;WZ08-74;Sonst. freiberufl.,wissenschaftl. u. techn.Tätigk.;95,5;2020=100;VST072;Index d.tarifl. Stundenverdienste mit Sonderzahl.
62221;Vj. Index der Tarifverdienste und Arbeitszeiten;JAHR;Jahr;2018;DINSGF;Früheres Bundesgebiet / Neue Länder;DF;Früheres Bundesgebiet;WZ08C7;WZ2008 (ausgewählte Positionen): Tarifindex;WZ08-74;Sonst. freiberufl.,wissenschaftl. u. techn.Tätigk.;95,5;2020=100;VST073;Index d.tarifl. Monatsverdienste mit Sonderzahl.
62221;Vj. Index der Tarifverdienste und Arbeitszeiten;JAHR;Jahr;2018;DINSGF;Früheres Bundesgebiet / Neue Länder;DF;Früheres Bundesgebiet;WZ08C7;WZ2008 (ausgewählte Positionen): Tarifindex;WZ08-74;Sonst. freiberufl.,wissenschaftl. u. techn.Tätigk.;38,4;h;VST019;Durchschnittliche tarifliche Wochenarbeitszeit
62221;Vj. Index der Tarifverdienste und Arbeitszeiten;JAHR;Jahr;2018;DINSGF;Früheres Bundesgebiet / Neue Länder;DF;Früheres Bundesgebiet;WZ08C7;WZ2008 (ausgewählte Positionen): Tarifindex;WZ08-74;Sonst. freiberufl.,wissenschaftl. u. techn.Tätigk.;95,2;2020=100;VST066;Index d.tarifl. Monatsverdienste ohne Sonderzahl.
62221;Vj. Index der Tarifverdienste und Arbeitszeiten;JAHR;Jahr;2018;DINSGF;Früheres Bundesgebiet / Neue Länder;DF;Früheres Bundesgebiet;WZ08C7;WZ2008 (ausgewählte Positionen): Tarifindex;WZ08-74;Sonst. freiberufl.,wissenschaftl. u. techn.Tätigk.;100,0;2020=100;VST018;Index der tariflichen Wochenarbeitszeit
62221;Vj. Index der Tarifverdienste und Arbeitszeiten;JAHR;Jahr;2018;DINSGF;Früheres Bundesgebiet / Neue Länder;DF;Früheres Bundesgebiet;WZ08C7;WZ2008 (ausgewählte Positionen): Tarifindex;WZ08-74;Sonst. freiberufl.,wissenschaftl. u. techn.Tätigk.;95,2;2020=100;VST065;Index d.tarifl. Stundenverdienste ohne Sonderzahl.
62221;Vj. Index der Tarifverdienste und Arbeitszeiten;JAHR;Jahr;2018;DINSGF;Früheres Bundesgebiet / Neue Länder;DF;Früheres Bundesgebiet;WZ08C7;WZ2008 (ausgewählte Positionen): Tarifindex;WZ08-47;Einzelhandel (ohne Handel mit Kraftfahrzeugen);95,7;2020=100;VST072;Index d.tarifl. Stundenverdienste mit Sonderzahl.
62221;Vj. Index der Tarifverdienste und Arbeitszeiten;JAHR;Jahr;2018;DINSGF;Früheres Bundesgebiet / Neue Länder;DF;Früheres Bundesgebiet;WZ08C7;WZ2008 (ausgewählte Positionen): Tarifindex;WZ08-47;Einzelhandel (ohne Handel mit Kraftfahrzeugen);95,8;2020=100;VST073;Index d.tarifl. Monatsverdienste mit Sonderzahl.
62221;Vj. Index der Tarifverdienste und Arbeitszeiten;JAHR;Jahr;2018;DINSGF;Früheres Bundesgebiet / Neue Länder;DF;Früheres Bundesgebiet;WZ08C7;WZ2008 (ausgewählte Positionen): Tarifindex;WZ08-47;Einzelhandel (ohne Handel mit Kraftfahrzeugen);38,0;h;VST019;Durchschnittliche tarifliche Wochenarbeitszeit
62221;Vj. Index der Tarifverdienste und Arbeitszeiten;JAHR;Jahr;2018;DINSGF;Früheres Bundesgebiet / Neue Länder;DF;Früheres Bundesgebiet;WZ08C7;WZ2008 (ausgewählte Positionen): Tarifindex;WZ08-47;Einzelhandel (ohne Handel mit Kraftfahrzeugen);95,8;2020=100;VST066;Index d.tarifl. Monatsverdienste ohne Sonderzahl.
62221;Vj. Index der Tarifverdienste und Arbeitszeiten;JAHR;Jahr;2018;DINSGF;Früheres Bundesgebiet / Neue Länder;DF;Früheres Bundesgebiet;WZ08C7;WZ2008 (ausgewählte Positionen): Tarifindex;WZ08-47;Einzelhandel (ohne Handel mit Kraftfahrzeugen);100,0;2020=100;VST018;Index der tariflichen Wochenarbeitszeit
62221;Vj. Index der Tarifverdienste und Arbeitszeiten;JAHR;Jahr;2018;DINSGF;Früheres Bundesgebiet / Neue Länder;DF;Früheres Bundesgebiet;WZ08C7;WZ2008 (ausgewählte Positionen): Tarifindex;WZ08-47;Einzelhandel (ohne Handel mit Kraftfahrzeugen);95,7;2020=100;VST065;Index d.tarifl. Stundenverdienste ohne Sonderzahl.
62221;Vj. Index der Tarifverdienste und Arbeitszeiten;JAHR;Jahr;2023;DINSGF;Früheres Bundesgebiet / Neue Länder;DN;Neue Länder;WZ08C7;WZ2008 (ausgewählte Positionen): Tarifindex;WZ08-19;Kokerei und Mineralölverarbeitung;111,4;2020=100;VST072;Index d.tarifl. Stundenverdienste mit Sonderzahl.
62221;Vj. Index der Tarifverdienste und Arbeitszeiten;JAHR;Jahr;2023;DINSGF;Früheres Bundesgebiet / Neue Länder;DN;Neue Länder;WZ08C7;WZ2008 (ausgewählte Positionen): Tarifindex;WZ08-19;Kokerei und Mineralölverarbeitung;108,6;2020=100;VST073;Index d.tarifl. Monatsverdienste mit Sonderzahl.
62221;Vj. Index der Tarifverdienste und Arbeitszeiten;JAHR;Jahr;2023;DINSGF;Früheres Bundesgebiet / Neue Länder;DN;Neue Länder;WZ08C7;WZ2008 (ausgewählte Positionen): Tarifindex;WZ08-19;Kokerei und Mineralölverarbeitung;38,5;h;VST019;Durchschnittliche tarifliche Wochenarbeitszeit
62221;Vj. Index der Tarifverdienste und Arbeitszeiten;JAHR;Jahr;2023;DINSGF;Früheres Bundesgebiet / Neue Länder;DN;Neue Länder;WZ08C7;WZ2008 (ausgewählte Positionen): Tarifindex;WZ08-19;Kokerei und Mineralölverarbeitung;105,3;2020=100;VST066;Index d.tarifl. Monatsverdienste ohne Sonderzahl.
62221;Vj. Index der Tarifverdienste und Arbeitszeiten;JAHR;Jahr;2023;DINSGF;Früheres Bundesgebiet / Neue Länder;DN;Neue Länder;WZ08C7;WZ2008 (ausgewählte Positionen): Tarifindex;WZ08-19;Kokerei und Mineralölverarbeitung;97,5;2020=100;VST018;Index der tariflichen Wochenarbeitszeit
62221;Vj. Index der Tarifverdienste und Arbeitszeiten;JAHR;Jahr;2023;DINSGF;Früheres Bundesgebiet / Neue Länder;DN;Neue Länder;WZ08C7;WZ2008 (ausgewählte Positionen): Tarifindex;WZ08-19;Kokerei und Mineralölverarbeitung;108,0;2020=100;VST065;Index d.tarifl. Stundenverdienste ohne Sonderzahl.
62221;Vj. Index der Tarifverdienste und Arbeitszeiten;JAHR;Jahr;2018;DINSGF;Früheres Bundesgebiet / Neue Länder;DF;Früheres Bundesgebiet;WZ08C7;WZ2008 (ausgewählte Positionen): Tarifindex;WZ08-50;Schifffahrt;97,2;2020=100;VST072;Index d.tarifl. Stundenverdienste mit Sonderzahl.
62221;Vj. Index der Tarifverdienste und Arbeitszeiten;JAHR;Jahr;2018;DINSGF;Früheres Bundesgebiet / Neue Länder;DF;Früheres Bundesgebiet;WZ08C7;WZ2008 (ausgewählte Positionen): Tarifindex;WZ08-50;Schifffahrt;97,2;2020=100;VST073;Index d.tarifl. Monatsverdienste mit Sonderzahl.
62221;Vj. Index der Tarifverdienste und Arbeitszeiten;JAHR;Jahr;2018;DINSGF;Früheres Bundesgebiet / Neue Länder;DF;Früheres Bundesgebiet;WZ08C7;WZ2008 (ausgewählte Positionen): Tarifindex;WZ08-50;Schifffahrt;38,9;h;VST019;Durchschnittliche tarifliche Wochenarbeitszeit
62221;Vj. Index der Tarifverdienste und Arbeitszeiten;JAHR;Jahr;2018;DINSGF;Früheres Bundesgebiet / Neue Länder;DF;Früheres Bundesgebiet;WZ08C7;WZ2008 (ausgewählte Positionen): Tarifindex;WZ08-50;Schifffahrt;96,8;2020=100;VST066;Index d.tarifl. Monatsverdienste ohne Sonderzahl.
62221;Vj. Index der Tarifverdienste und Arbeitszeiten;JAHR;Jahr;2018;DINSGF;Früheres Bundesgebiet / Neue Länder;DF;Früheres Bundesgebiet;WZ08C7;WZ2008 (ausgewählte Positionen): Tarifindex;WZ08-50;Schifffahrt;100,0;2020=100;VST018;Index der tariflichen Wochenarbeitszeit
62221;Vj. Index der Tarifverdienste und Arbeitszeiten;JAHR;Jahr;2018;DINSGF;Früheres Bundesgebiet / Neue Länder;DF;Früheres Bundesgebiet;WZ08C7;WZ2008 (ausgewählte Positionen): Tarifindex;WZ08-50;Schifffahrt;96,8;2020=100;VST065;Index d.tarifl. Stundenverdienste ohne Sonderzahl.
62221;Vj. Index der Tarifverdienste und Arbeitszeiten;JAHR;Jahr;2024;DINSGF;Früheres Bundesgebiet / Neue Länder;DN;Neue Länder;WZ08C7;WZ2008 (ausgewählte Positionen): Tarifindex;WZ08-66;Mit Finanz- u. Versicherungsdienstl. verb. Tätigk.;110,6;2020=100;VST072;Index d.tarifl. Stundenverdienste mit Sonderzahl.
62221;Vj. Index der Tarifverdienste und Arbeitszeiten;JAHR;Jahr;2024;DINSGF;Früheres Bundesgebiet / Neue Länder;DN;Neue Länder;WZ08C7;WZ2008 (ausgewählte Positionen): Tarifindex;WZ08-66;Mit Finanz- u. Versicherungsdienstl. verb. Tätigk.;110,6;2020=100;VST073;Index d.tarifl. Monatsverdienste mit Sonderzahl.
62221;Vj. Index der Tarifverdienste und Arbeitszeiten;JAHR;Jahr;2024;DINSGF;Früheres Bundesgebiet / Neue Länder;DN;Neue Länder;WZ08C7;WZ2008 (ausgewählte Positionen): Tarifindex;WZ08-66;Mit Finanz- u. Versicherungsdienstl. verb. Tätigk.;38,1;h;VST019;Durchschnittliche tarifliche Wochenarbeitszeit
62221;Vj. Index der Tarifverdienste und Arbeitszeiten;JAHR;Jahr;2024;DINSGF;Früheres Bundesgebiet / Neue Länder;DN;Neue Länder;WZ08C7;WZ2008 (ausgewählte Positionen): Tarifindex;WZ08-66;Mit Finanz- u. Versicherungsdienstl. verb. Tätigk.;109,0;2020=100;VST066;Index d.tarifl. Monatsverdienste ohne Sonderzahl.
62221;Vj. Index der Tarifverdienste und Arbeitszeiten;JAHR;Jahr;2024;DINSGF;Früheres Bundesgebiet / Neue Länder;DN;Neue Länder;WZ08C7;WZ2008 (ausgewählte Positionen): Tarifindex;WZ08-66;Mit Finanz- u. Versicherungsdienstl. verb. Tätigk.;100,0;2020=100;VST018;Index der tariflichen Wochenarbeitszeit
62221;Vj. Index der Tarifverdienste und Arbeitszeiten;JAHR;Jahr;2024;DINSGF;Früheres Bundesgebiet / Neue Länder;DN;Neue Länder;WZ08C7;WZ2008 (ausgewählte Positionen): Tarifindex;WZ08-66;Mit Finanz- u. Versicherungsdienstl. verb. Tätigk.;109,0;2020=100;VST065;Index d.tarifl. Stundenverdienste ohne Sonderzahl.
62221;Vj. Index der Tarifverdienste und Arbeitszeiten;JAHR;Jahr;2020;DINSGF;Früheres Bundesgebiet / Neue Länder;DN;Neue Länder;WZ08C7;WZ2008 (ausgewählte Positionen): Tarifindex;WZ08-33;Reparatur u.Installation von Masch.u.Ausrüstungen;100,0;2020=100;VST072;Index d.tarifl. Stundenverdienste mit Sonderzahl.
62221;Vj. Index der Tarifverdienste und Arbeitszeiten;JAHR;Jahr;2020;DINSGF;Früheres Bundesgebiet / Neue Länder;DN;Neue Länder;WZ08C7;WZ2008 (ausgewählte Positionen): Tarifindex;WZ08-33;Reparatur u.Installation von Masch.u.Ausrüstungen;100,0;2020=100;VST073;Index d.tarifl. Monatsverdienste mit Sonderzahl.
62221;Vj. Index der Tarifverdienste und Arbeitszeiten;JAHR;Jahr;2020;DINSGF;Früheres Bundesgebiet / Neue Länder;DN;Neue Länder;WZ08C7;WZ2008 (ausgewählte Positionen): Tarifindex;WZ08-33;Reparatur u.Installation von Masch.u.Ausrüstungen;38,1;h;VST019;Durchschnittliche tarifliche Wochenarbeitszeit
62221;Vj. Index der Tarifverdienste und Arbeitszeiten;JAHR;Jahr;2020;DINSGF;Früheres Bundesgebiet / Neue Länder;DN;Neue Länder;WZ08C7;WZ2008 (ausgewählte Positionen): Tarifindex;WZ08-33;Reparatur u.Installation von Masch.u.Ausrüstungen;100,0;2020=100;VST066;Index d.tarifl. Monatsverdienste ohne Sonderzahl.
62221;Vj. Index der Tarifverdienste und Arbeitszeiten;JAHR;Jahr;2020;DINSGF;Früheres Bundesgebiet / Neue Länder;DN;Neue Länder;WZ08C7;WZ2008 (ausgewählte Positionen): Tarifindex;WZ08-33;Reparatur u.Installation von Masch.u.Ausrüstungen;100,0;2020=100;VST018;Index der tariflichen Wochenarbeitszeit
62221;Vj. Index der Tarifverdienste und Arbeitszeiten;JAHR;Jahr;2020;DINSGF;Früheres Bundesgebiet / Neue Länder;DN;Neue Länder;WZ08C7;WZ2008 (ausgewählte Positionen): Tarifindex;WZ08-33;Reparatur u.Installation von Masch.u.Ausrüstungen;100,0;2020=100;VST065;Index d.tarifl. Stundenverdienste ohne Sonderzahl.
62221;Vj. Index der Tarifverdienste und Arbeitszeiten;JAHR;Jahr;2025;DINSGF;Früheres Bundesgebiet / Neue Länder;DN;Neue Länder;WZ08C7;WZ2008 (ausgewählte Positionen): Tarifindex;WZ08-90;Kreative,künstlerische u.unterhaltende Tätigkeiten;112,5;2020=100;VST072;Index d.tarifl. Stundenverdienste mit Sonderzahl.
62221;Vj. Index der Tarifverdienste und Arbeitszeiten;JAHR;Jahr;2025;DINSGF;Früheres Bundesgebiet / Neue Länder;DN;Neue Länder;WZ08C7;WZ2008 (ausgewählte Positionen): Tarifindex;WZ08-90;Kreative,künstlerische u.unterhaltende Tätigkeiten;112,5;2020=100;VST073;Index d.tarifl. Monatsverdienste mit Sonderzahl.
62221;Vj. Index der Tarifverdienste und Arbeitszeiten;JAHR;Jahr;2025;DINSGF;Früheres Bundesgebiet / Neue Länder;DN;Neue Länder;WZ08C7;WZ2008 (ausgewählte Positionen): Tarifindex;WZ08-90;Kreative,künstlerische u.unterhaltende Tätigkeiten;39,0;h;VST019;Durchschnittliche tarifliche Wochenarbeitszeit
62221;Vj. Index der Tarifverdienste und Arbeitszeiten;JAHR;Jahr;2025;DINSGF;Früheres Bundesgebiet / Neue Länder;DN;Neue Länder;WZ08C7;WZ2008 (ausgewählte Positionen): Tarifindex;WZ08-90;Kreative,künstlerische u.unterhaltende Tätigkeiten;112,6;2020=100;VST066;Index d.tarifl. Monatsverdienste ohne Sonderzahl.
62221;Vj. Index der Tarifverdienste und Arbeitszeiten;JAHR;Jahr;2025;DINSGF;Früheres Bundesgebiet / Neue Länder;DN;Neue Länder;WZ08C7;WZ2008 (ausgewählte Positionen): Tarifindex;WZ08-90;Kreative,künstlerische u.unterhaltende Tätigkeiten;100,0;2020=100;VST018;Index der tariflichen Wochenarbeitszeit
62221;Vj. Index der Tarifverdienste und Arbeitszeiten;JAHR;Jahr;2025;DINSGF;Früheres Bundesgebiet / Neue Länder;DN;Neue Länder;WZ08C7;WZ2008 (ausgewählte Positionen): Tarifindex;WZ08-90;Kreative,künstlerische u.unterhaltende Tätigkeiten;112,6;2020=100;VST065;Index d.tarifl. Stundenverdienste ohne Sonderzahl.
62221;Vj. Index der Tarifverdienste und Arbeitszeiten;JAHR;Jahr;2020;DINSGF;Früheres Bundesgebiet / Neue Länder;DF;Früheres Bundesgebiet;WZ08C7;WZ2008 (ausgewählte Positionen): Tarifindex;WZ-X003;Gebrauchsgüterproduzenten;100,0;2020=100;VST072;Index d.tarifl. Stundenverdienste mit Sonderzahl.
62221;Vj. Index der Tarifverdienste und Arbeitszeiten;JAHR;Jahr;2020;DINSGF;Früheres Bundesgebiet / Neue Länder;DF;Früheres Bundesgebiet;WZ08C7;WZ2008 (ausgewählte Positionen): Tarifindex;WZ-X003;Gebrauchsgüterproduzenten;100,0;2020=100;VST073;Index d.tarifl. Monatsverdienste mit Sonderzahl.
62221;Vj. Index der Tarifverdienste und Arbeitszeiten;JAHR;Jahr;2020;DINSGF;Früheres Bundesgebiet / Neue Länder;DF;Früheres Bundesgebiet;WZ08C7;WZ2008 (ausgewählte Positionen): Tarifindex;WZ-X003;Gebrauchsgüterproduzenten;36,4;h;VST019;Durchschnittliche tarifliche Wochenarbeitszeit
62221;Vj. Index der Tarifverdienste und Arbeitszeiten;JAHR;Jahr;2020;DINSGF;Früheres Bundesgebiet / Neue Länder;DF;Früheres Bundesgebiet;WZ08C7;WZ2008 (ausgewählte Positionen): Tarifindex;WZ-X003;Gebrauchsgüterproduzenten;100,0;2020=100;VST066;Index d.tarifl. Monatsverdienste ohne Sonderzahl.
62221;Vj. Index der Tarifverdienste und Arbeitszeiten;JAHR;Jahr;2020;DINSGF;Früheres Bundesgebiet / Neue Länder;DF;Früheres Bundesgebiet;WZ08C7;WZ2008 (ausgewählte Positionen): Tarifindex;WZ-X003;Gebrauchsgüterproduzenten;100,0;2020=100;VST018;Index der tariflichen Wochenarbeitszeit
62221;Vj. Index der Tarifverdienste und Arbeitszeiten;JAHR;Jahr;2020;DINSGF;Früheres Bundesgebiet / Neue Länder;DF;Früheres Bundesgebiet;WZ08C7;WZ2008 (ausgewählte Positionen): Tarifindex;WZ-X003;Gebrauchsgüterproduzenten;100,0;2020=100;VST065;Index d.tarifl. Stundenverdienste ohne Sonderzahl.
62221;Vj. Index der Tarifverdienste und Arbeitszeiten;JAHR;Jahr;2016;DINSGF;Früheres Bundesgebiet / Neue Länder;DN;Neue Länder;WZ08C7;WZ2008 (ausgewählte Positionen): Tarifindex;WZ08-G-03;Wirtschaftliche Dienstleistungen;89,8;2020=100;VST072;Index d.tarifl. Stundenverdienste mit Sonderzahl.
62221;Vj. Index der Tarifverdienste und Arbeitszeiten;JAHR;Jahr;2016;DINSGF;Früheres Bundesgebiet / Neue Länder;DN;Neue Länder;WZ08C7;WZ2008 (ausgewählte Positionen): Tarifindex;WZ08-G-03;Wirtschaftliche Dienstleistungen;90,0;2020=100;VST073;Index d.tarifl. Monatsverdienste mit Sonderzahl.
62221;Vj. Index der Tarifverdienste und Arbeitszeiten;JAHR;Jahr;2016;DINSGF;Früheres Bundesgebiet / Neue Länder;DN;Neue Länder;WZ08C7;WZ2008 (ausgewählte Positionen): Tarifindex;WZ08-G-03;Wirtschaftliche Dienstleistungen;38,1;h;VST019;Durchschnittliche tarifliche Wochenarbeitszeit
62221;Vj. Index der Tarifverdienste und Arbeitszeiten;JAHR;Jahr;2016;DINSGF;Früheres Bundesgebiet / Neue Länder;DN;Neue Länder;WZ08C7;WZ2008 (ausgewählte Positionen): Tarifindex;WZ08-G-03;Wirtschaftliche Dienstleistungen;90,0;2020=100;VST066;Index d.tarifl. Monatsverdienste ohne Sonderzahl.
62221;Vj. Index der Tarifverdienste und Arbeitszeiten;JAHR;Jahr;2016;DINSGF;Früheres Bundesgebiet / Neue Länder;DN;Neue Länder;WZ08C7;WZ2008 (ausgewählte Positionen): Tarifindex;WZ08-G-03;Wirtschaftliche Dienstleistungen;100,2;2020=100;VST018;Index der tariflichen Wochenarbeitszeit
62221;Vj. Index der Tarifverdienste und Arbeitszeiten;JAHR;Jahr;2016;DINSGF;Früheres Bundesgebiet / Neue Länder;DN;Neue Länder;WZ08C7;WZ2008 (ausgewählte Positionen): Tarifindex;WZ08-G-03;Wirtschaftliche Dienstleistungen;89,7;2020=100;VST065;Index d.tarifl. Stundenverdienste ohne Sonderzahl.
62221;Vj. Index der Tarifverdienste und Arbeitszeiten;JAHR;Jahr;2025;DINSGF;Früheres Bundesgebiet / Neue Länder;DN;Neue Länder;WZ08C7;WZ2008 (ausgewählte Positionen): Tarifindex;WZ08-96;Sonstige überwiegend persönliche Dienstleistungen;120,2;2020=100;VST072;Index d.tarifl. Stundenverdienste mit Sonderzahl.
62221;Vj. Index der Tarifverdienste und Arbeitszeiten;JAHR;Jahr;2025;DINSGF;Früheres Bundesgebiet / Neue Länder;DN;Neue Länder;WZ08C7;WZ2008 (ausgewählte Positionen): Tarifindex;WZ08-96;Sonstige überwiegend persönliche Dienstleistungen;118,8;2020=100;VST073;Index d.tarifl. Monatsverdienste mit Sonderzahl.
62221;Vj. Index der Tarifverdienste und Arbeitszeiten;JAHR;Jahr;2025;DINSGF;Früheres Bundesgebiet / Neue Länder;DN;Neue Länder;WZ08C7;WZ2008 (ausgewählte Positionen): Tarifindex;WZ08-96;Sonstige überwiegend persönliche Dienstleistungen;38,3;h;VST019;Durchschnittliche tarifliche Wochenarbeitszeit
62221;Vj. Index der Tarifverdienste und Arbeitszeiten;JAHR;Jahr;2025;DINSGF;Früheres Bundesgebiet / Neue Länder;DN;Neue Länder;WZ08C7;WZ2008 (ausgewählte Positionen): Tarifindex;WZ08-96;Sonstige überwiegend persönliche Dienstleistungen;117,6;2020=100;VST066;Index d.tarifl. Monatsverdienste ohne Sonderzahl.
62221;Vj. Index der Tarifverdienste und Arbeitszeiten;JAHR;Jahr;2025;DINSGF;Früheres Bundesgebiet / Neue Länder;DN;Neue Länder;WZ08C7;WZ2008 (ausgewählte Positionen): Tarifindex;WZ08-96;Sonstige überwiegend persönliche Dienstleistungen;98,8;2020=100;VST018;Index der tariflichen Wochenarbeitszeit
62221;Vj. Index der Tarifverdienste und Arbeitszeiten;JAHR;Jahr;2025;DINSGF;Früheres Bundesgebiet / Neue Länder;DN;Neue Länder;WZ08C7;WZ2008 (ausgewählte Positionen): Tarifindex;WZ08-96;Sonstige überwiegend persönliche Dienstleistungen;119,0;2020=100;VST065;Index d.tarifl. Stundenverdienste ohne Sonderzahl.
62221;Vj. Index der Tarifverdienste und Arbeitszeiten;JAHR;Jahr;2020;DINSGF;Früheres Bundesgebiet / Neue Länder;DN;Neue Länder;WZ08C7;WZ2008 (ausgewählte Positionen): Tarifindex;WZ08-15;Herstellung von Leder, Lederwaren und Schuhen;-;2020=100;VST072;Index d.tarifl. Stundenverdienste mit Sonderzahl.
62221;Vj. Index der Tarifverdienste und Arbeitszeiten;JAHR;Jahr;2020;DINSGF;Früheres Bundesgebiet / Neue Länder;DN;Neue Länder;WZ08C7;WZ2008 (ausgewählte Positionen): Tarifindex;WZ08-15;Herstellung von Leder, Lederwaren und Schuhen;-;2020=100;VST073;Index d.tarifl. Monatsverdienste mit Sonderzahl.
62221;Vj. Index der Tarifverdienste und Arbeitszeiten;JAHR;Jahr;2020;DINSGF;Früheres Bundesgebiet / Neue Länder;DN;Neue Länder;WZ08C7;WZ2008 (ausgewählte Positionen): Tarifindex;WZ08-15;Herstellung von Leder, Lederwaren und Schuhen;-;h;VST019;Durchschnittliche tarifliche Wochenarbeitszeit
62221;Vj. Index der Tarifverdienste und Arbeitszeiten;JAHR;Jahr;2020;DINSGF;Früheres Bundesgebiet / Neue Länder;DN;Neue Länder;WZ08C7;WZ2008 (ausgewählte Positionen): Tarifindex;WZ08-15;Herstellung von Leder, Lederwaren und Schuhen;-;2020=100;VST066;Index d.tarifl. Monatsverdienste ohne Sonderzahl.
62221;Vj. Index der Tarifverdienste und Arbeitszeiten;JAHR;Jahr;2020;DINSGF;Früheres Bundesgebiet / Neue Länder;DN;Neue Länder;WZ08C7;WZ2008 (ausgewählte Positionen): Tarifindex;WZ08-15;Herstellung von Leder, Lederwaren und Schuhen;-;2020=100;VST018;Index der tariflichen Wochenarbeitszeit
62221;Vj. Index der Tarifverdienste und Arbeitszeiten;JAHR;Jahr;2020;DINSGF;Früheres Bundesgebiet / Neue Länder;DN;Neue Länder;WZ08C7;WZ2008 (ausgewählte Positionen): Tarifindex;WZ08-15;Herstellung von Leder, Lederwaren und Schuhen;-;2020=100;VST065;Index d.tarifl. Stundenverdienste ohne Sonderzahl.
62221;Vj. Index der Tarifverdienste und Arbeitszeiten;JAHR;Jahr;2020;DINSGF;Früheres Bundesgebiet / Neue Länder;DF;Früheres Bundesgebiet;WZ08C7;WZ2008 (ausgewählte Positionen): Tarifindex;WZ08-24-01;Metallgewerbe;100,0;2020=100;VST072;Index d.tarifl. Stundenverdienste mit Sonderzahl.
62221;Vj. Index der Tarifverdienste und Arbeitszeiten;JAHR;Jahr;2020;DINSGF;Früheres Bundesgebiet / Neue Länder;DF;Früheres Bundesgebiet;WZ08C7;WZ2008 (ausgewählte Positionen): Tarifindex;WZ08-24-01;Metallgewerbe;100,0;2020=100;VST073;Index d.tarifl. Monatsverdienste mit Sonderzahl.
62221;Vj. Index der Tarifverdienste und Arbeitszeiten;JAHR;Jahr;2020;DINSGF;Früheres Bundesgebiet / Neue Länder;DF;Früheres Bundesgebiet;WZ08C7;WZ2008 (ausgewählte Positionen): Tarifindex;WZ08-24-01;Metallgewerbe;35,5;h;VST019;Durchschnittliche tarifliche Wochenarbeitszeit
62221;Vj. Index der Tarifverdienste und Arbeitszeiten;JAHR;Jahr;2020;DINSGF;Früheres Bundesgebiet / Neue Länder;DF;Früheres Bundesgebiet;WZ08C7;WZ2008 (ausgewählte Positionen): Tarifindex;WZ08-24-01;Metallgewerbe;100,0;2020=100;VST066;Index d.tarifl. Monatsverdienste ohne Sonderzahl.
62221;Vj. Index der Tarifverdienste und Arbeitszeiten;JAHR;Jahr;2020;DINSGF;Früheres Bundesgebiet / Neue Länder;DF;Früheres Bundesgebiet;WZ08C7;WZ2008 (ausgewählte Positionen): Tarifindex;WZ08-24-01;Metallgewerbe;100,0;2020=100;VST018;Index der tariflichen Wochenarbeitszeit
62221;Vj. Index der Tarifverdienste und Arbeitszeiten;JAHR;Jahr;2020;DINSGF;Früheres Bundesgebiet / Neue Länder;DF;Früheres Bundesgebiet;WZ08C7;WZ2008 (ausgewählte Positionen): Tarifindex;WZ08-24-01;Metallgewerbe;100,0;2020=100;VST065;Index d.tarifl. Stundenverdienste ohne Sonderzahl.
62221;Vj. Index der Tarifverdienste und Arbeitszeiten;JAHR;Jahr;2022;DINSGF;Früheres Bundesgebiet / Neue Länder;DN;Neue Länder;WZ08C7;WZ2008 (ausgewählte Positionen): Tarifindex;WZ08-O-01;Öffentliche und persönliche Dienstleistungen;103,6;2020=100;VST072;Index d.tarifl. Stundenverdienste mit Sonderzahl.
62221;Vj. Index der Tarifverdienste und Arbeitszeiten;JAHR;Jahr;2022;DINSGF;Früheres Bundesgebiet / Neue Länder;DN;Neue Länder;WZ08C7;WZ2008 (ausgewählte Positionen): Tarifindex;WZ08-O-01;Öffentliche und persönliche Dienstleistungen;103,5;2020=100;VST073;Index d.tarifl. Monatsverdienste mit Sonderzahl.
62221;Vj. Index der Tarifverdienste und Arbeitszeiten;JAHR;Jahr;2022;DINSGF;Früheres Bundesgebiet / Neue Länder;DN;Neue Länder;WZ08C7;WZ2008 (ausgewählte Positionen): Tarifindex;WZ08-O-01;Öffentliche und persönliche Dienstleistungen;39,6;h;VST019;Durchschnittliche tarifliche Wochenarbeitszeit
62221;Vj. Index der Tarifverdienste und Arbeitszeiten;JAHR;Jahr;2022;DINSGF;Früheres Bundesgebiet / Neue Länder;DN;Neue Länder;WZ08C7;WZ2008 (ausgewählte Positionen): Tarifindex;WZ08-O-01;Öffentliche und persönliche Dienstleistungen;102,7;2020=100;VST066;Index d.tarifl. Monatsverdienste ohne Sonderzahl.
62221;Vj. Index der Tarifverdienste und Arbeitszeiten;JAHR;Jahr;2022;DINSGF;Früheres Bundesgebiet / Neue Länder;DN;Neue Länder;WZ08C7;WZ2008 (ausgewählte Positionen): Tarifindex;WZ08-O-01;Öffentliche und persönliche Dienstleistungen;99,9;2020=100;VST018;Index der tariflichen Wochenarbeitszeit
62221;Vj. Index der Tarifverdienste und Arbeitszeiten;JAHR;Jahr;2022;DINSGF;Früheres Bundesgebiet / Neue Länder;DN;Neue Länder;WZ08C7;WZ2008 (ausgewählte Positionen): Tarifindex;WZ08-O-01;Öffentliche und persönliche Dienstleistungen;102,8;2020=100;VST065;Index d.tarifl. Stundenverdienste ohne Sonderzahl.
62221;Vj. Index der Tarifverdienste und Arbeitszeiten;JAHR;Jahr;2020;DINSGF;Früheres Bundesgebiet / Neue Länder;DN;Neue Länder;WZ08C7;WZ2008 (ausgewählte Positionen): Tarifindex;WZ08-24;Metallerzeugung und -bearbeitung;100,0;2020=100;VST072;Index d.tarifl. Stundenverdienste mit Sonderzahl.
62221;Vj. Index der Tarifverdienste und Arbeitszeiten;JAHR;Jahr;2020;DINSGF;Früheres Bundesgebiet / Neue Länder;DN;Neue Länder;WZ08C7;WZ2008 (ausgewählte Positionen): Tarifindex;WZ08-24;Metallerzeugung und -bearbeitung;100,0;2020=100;VST073;Index d.tarifl. Monatsverdienste mit Sonderzahl.
62221;Vj. Index der Tarifverdienste und Arbeitszeiten;JAHR;Jahr;2020;DINSGF;Früheres Bundesgebiet / Neue Länder;DN;Neue Länder;WZ08C7;WZ2008 (ausgewählte Positionen): Tarifindex;WZ08-24;Metallerzeugung und -bearbeitung;36,2;h;VST019;Durchschnittliche tarifliche Wochenarbeitszeit
62221;Vj. Index der Tarifverdienste und Arbeitszeiten;JAHR;Jahr;2020;DINSGF;Früheres Bundesgebiet / Neue Länder;DN;Neue Länder;WZ08C7;WZ2008 (ausgewählte Positionen): Tarifindex;WZ08-24;Metallerzeugung und -bearbeitung;100,0;2020=100;VST066;Index d.tarifl. Monatsverdienste ohne Sonderzahl.
62221;Vj. Index der Tarifverdienste und Arbeitszeiten;JAHR;Jahr;2020;DINSGF;Früheres Bundesgebiet / Neue Länder;DN;Neue Länder;WZ08C7;WZ2008 (ausgewählte Positionen): Tarifindex;WZ08-24;Metallerzeugung und -bearbeitung;100,0;2020=100;VST018;Index der tariflichen Wochenarbeitszeit
62221;Vj. Index der Tarifverdienste und Arbeitszeiten;JAHR;Jahr;2020;DINSGF;Früheres Bundesgebiet / Neue Länder;DN;Neue Länder;WZ08C7;WZ2008 (ausgewählte Positionen): Tarifindex;WZ08-24;Metallerzeugung und -bearbeitung;100,0;2020=100;VST065;Index d.tarifl. Stundenverdienste ohne Sonderzahl.
62221;Vj. Index der Tarifverdienste und Arbeitszeiten;JAHR;Jahr;2023;DINSGF;Früheres Bundesgebiet / Neue Länder;DF;Früheres Bundesgebiet;WZ08C7;WZ2008 (ausgewählte Positionen): Tarifindex;WZ-X001;Vorleistungsgüterproduzenten;108,4;2020=100;VST072;Index d.tarifl. Stundenverdienste mit Sonderzahl.
62221;Vj. Index der Tarifverdienste und Arbeitszeiten;JAHR;Jahr;2023;DINSGF;Früheres Bundesgebiet / Neue Länder;DF;Früheres Bundesgebiet;WZ08C7;WZ2008 (ausgewählte Positionen): Tarifindex;WZ-X001;Vorleistungsgüterproduzenten;108,4;2020=100;VST073;Index d.tarifl. Monatsverdienste mit Sonderzahl.
62221;Vj. Index der Tarifverdienste und Arbeitszeiten;JAHR;Jahr;2023;DINSGF;Früheres Bundesgebiet / Neue Länder;DF;Früheres Bundesgebiet;WZ08C7;WZ2008 (ausgewählte Positionen): Tarifindex;WZ-X001;Vorleistungsgüterproduzenten;36,7;h;VST019;Durchschnittliche tarifliche Wochenarbeitszeit
62221;Vj. Index der Tarifverdienste und Arbeitszeiten;JAHR;Jahr;2023;DINSGF;Früheres Bundesgebiet / Neue Länder;DF;Früheres Bundesgebiet;WZ08C7;WZ2008 (ausgewählte Positionen): Tarifindex;WZ-X001;Vorleistungsgüterproduzenten;105,1;2020=100;VST066;Index d.tarifl. Monatsverdienste ohne Sonderzahl.
62221;Vj. Index der Tarifverdienste und Arbeitszeiten;JAHR;Jahr;2023;DINSGF;Früheres Bundesgebiet / Neue Länder;DF;Früheres Bundesgebiet;WZ08C7;WZ2008 (ausgewählte Positionen): Tarifindex;WZ-X001;Vorleistungsgüterproduzenten;100,0;2020=100;VST018;Index der tariflichen Wochenarbeitszeit
62221;Vj. Index der Tarifverdienste und Arbeitszeiten;JAHR;Jahr;2023;DINSGF;Früheres Bundesgebiet / Neue Länder;DF;Früheres Bundesgebiet;WZ08C7;WZ2008 (ausgewählte Positionen): Tarifindex;WZ-X001;Vorleistungsgüterproduzenten;105,1;2020=100;VST065;Index d.tarifl. Stundenverdienste ohne Sonderzahl.
62221;Vj. Index der Tarifverdienste und Arbeitszeiten;JAHR;Jahr;2018;DINSGF;Früheres Bundesgebiet / Neue Länder;DN;Neue Länder;WZ08C7;WZ2008 (ausgewählte Positionen): Tarifindex;WZ08-B-11;Produzierendes Gewerbe, Handel u.A.;94,8;2020=100;VST072;Index d.tarifl. Stundenverdienste mit Sonderzahl.
62221;Vj. Index der Tarifverdienste und Arbeitszeiten;JAHR;Jahr;2018;DINSGF;Früheres Bundesgebiet / Neue Länder;DN;Neue Länder;WZ08C7;WZ2008 (ausgewählte Positionen): Tarifindex;WZ08-B-11;Produzierendes Gewerbe, Handel u.A.;94,9;2020=100;VST073;Index d.tarifl. Monatsverdienste mit Sonderzahl.
62221;Vj. Index der Tarifverdienste und Arbeitszeiten;JAHR;Jahr;2018;DINSGF;Früheres Bundesgebiet / Neue Länder;DN;Neue Länder;WZ08C7;WZ2008 (ausgewählte Positionen): Tarifindex;WZ08-B-11;Produzierendes Gewerbe, Handel u.A.;39,1;h;VST019;Durchschnittliche tarifliche Wochenarbeitszeit
62221;Vj. Index der Tarifverdienste und Arbeitszeiten;JAHR;Jahr;2018;DINSGF;Früheres Bundesgebiet / Neue Länder;DN;Neue Länder;WZ08C7;WZ2008 (ausgewählte Positionen): Tarifindex;WZ08-B-11;Produzierendes Gewerbe, Handel u.A.;95,1;2020=100;VST066;Index d.tarifl. Monatsverdienste ohne Sonderzahl.
62221;Vj. Index der Tarifverdienste und Arbeitszeiten;JAHR;Jahr;2018;DINSGF;Früheres Bundesgebiet / Neue Länder;DN;Neue Länder;WZ08C7;WZ2008 (ausgewählte Positionen): Tarifindex;WZ08-B-11;Produzierendes Gewerbe, Handel u.A.;100,1;2020=100;VST018;Index der tariflichen Wochenarbeitszeit
62221;Vj. Index der Tarifverdienste und Arbeitszeiten;JAHR;Jahr;2018;DINSGF;Früheres Bundesgebiet / Neue Länder;DN;Neue Länder;WZ08C7;WZ2008 (ausgewählte Positionen): Tarifindex;WZ08-B-11;Produzierendes Gewerbe, Handel u.A.;95,0;2020=100;VST065;Index d.tarifl. Stundenverdienste ohne Sonderzahl.
62221;Vj. Index der Tarifverdienste und Arbeitszeiten;JAHR;Jahr;2021;DINSGF;Früheres Bundesgebiet / Neue Länder;DN;Neue Länder;WZ08C7;WZ2008 (ausgewählte Positionen): Tarifindex;WZ08-63;Informationsdienstleistungen;101,3;2020=100;VST072;Index d.tarifl. Stundenverdienste mit Sonderzahl.
62221;Vj. Index der Tarifverdienste und Arbeitszeiten;JAHR;Jahr;2021;DINSGF;Früheres Bundesgebiet / Neue Länder;DN;Neue Länder;WZ08C7;WZ2008 (ausgewählte Positionen): Tarifindex;WZ08-63;Informationsdienstleistungen;101,3;2020=100;VST073;Index d.tarifl. Monatsverdienste mit Sonderzahl.
62221;Vj. Index der Tarifverdienste und Arbeitszeiten;JAHR;Jahr;2021;DINSGF;Früheres Bundesgebiet / Neue Länder;DN;Neue Länder;WZ08C7;WZ2008 (ausgewählte Positionen): Tarifindex;WZ08-63;Informationsdienstleistungen;38,2;h;VST019;Durchschnittliche tarifliche Wochenarbeitszeit
62221;Vj. Index der Tarifverdienste und Arbeitszeiten;JAHR;Jahr;2021;DINSGF;Früheres Bundesgebiet / Neue Länder;DN;Neue Länder;WZ08C7;WZ2008 (ausgewählte Positionen): Tarifindex;WZ08-63;Informationsdienstleistungen;101,4;2020=100;VST066;Index d.tarifl. Monatsverdienste ohne Sonderzahl.
62221;Vj. Index der Tarifverdienste und Arbeitszeiten;JAHR;Jahr;2021;DINSGF;Früheres Bundesgebiet / Neue Länder;DN;Neue Länder;WZ08C7;WZ2008 (ausgewählte Positionen): Tarifindex;WZ08-63;Informationsdienstleistungen;100,0;2020=100;VST018;Index der tariflichen Wochenarbeitszeit
62221;Vj. Index der Tarifverdienste und Arbeitszeiten;JAHR;Jahr;2021;DINSGF;Früheres Bundesgebiet / Neue Länder;DN;Neue Länder;WZ08C7;WZ2008 (ausgewählte Positionen): Tarifindex;WZ08-63;Informationsdienstleistungen;101,4;2020=100;VST065;Index d.tarifl. Stundenverdienste ohne Sonderzahl.
62221;Vj. Index der Tarifverdienste und Arbeitszeiten;JAHR;Jahr;2016;DINSGF;Früheres Bundesgebiet / Neue Länder;DN;Neue Länder;WZ08C7;WZ2008 (ausgewählte Positionen): Tarifindex;WZ08-17;Herstellung von Papier, Pappe und Waren daraus;90,6;2020=100;VST072;Index d.tarifl. Stundenverdienste mit Sonderzahl.
62221;Vj. Index der Tarifverdienste und Arbeitszeiten;JAHR;Jahr;2016;DINSGF;Früheres Bundesgebiet / Neue Länder;DN;Neue Länder;WZ08C7;WZ2008 (ausgewählte Positionen): Tarifindex;WZ08-17;Herstellung von Papier, Pappe und Waren daraus;90,6;2020=100;VST073;Index d.tarifl. Monatsverdienste mit Sonderzahl.
62221;Vj. Index der Tarifverdienste und Arbeitszeiten;JAHR;Jahr;2016;DINSGF;Früheres Bundesgebiet / Neue Länder;DN;Neue Länder;WZ08C7;WZ2008 (ausgewählte Positionen): Tarifindex;WZ08-17;Herstellung von Papier, Pappe und Waren daraus;37,9;h;VST019;Durchschnittliche tarifliche Wochenarbeitszeit
62221;Vj. Index der Tarifverdienste und Arbeitszeiten;JAHR;Jahr;2016;DINSGF;Früheres Bundesgebiet / Neue Länder;DN;Neue Länder;WZ08C7;WZ2008 (ausgewählte Positionen): Tarifindex;WZ08-17;Herstellung von Papier, Pappe und Waren daraus;91,8;2020=100;VST066;Index d.tarifl. Monatsverdienste ohne Sonderzahl.
62221;Vj. Index der Tarifverdienste und Arbeitszeiten;JAHR;Jahr;2016;DINSGF;Früheres Bundesgebiet / Neue Länder;DN;Neue Länder;WZ08C7;WZ2008 (ausgewählte Positionen): Tarifindex;WZ08-17;Herstellung von Papier, Pappe und Waren daraus;100,1;2020=100;VST018;Index der tariflichen Wochenarbeitszeit
62221;Vj. Index der Tarifverdienste und Arbeitszeiten;JAHR;Jahr;2016;DINSGF;Früheres Bundesgebiet / Neue Länder;DN;Neue Länder;WZ08C7;WZ2008 (ausgewählte Positionen): Tarifindex;WZ08-17;Herstellung von Papier, Pappe und Waren daraus;91,7;2020=100;VST065;Index d.tarifl. Stundenverdienste ohne Sonderzahl.
62221;Vj. Index der Tarifverdienste und Arbeitszeiten;JAHR;Jahr;2022;DINSGF;Früheres Bundesgebiet / Neue Länder;DF;Früheres Bundesgebiet;WZ08C7;WZ2008 (ausgewählte Positionen): Tarifindex;WZ08-13;Herstellung von Textilien;103,2;2020=100;VST072;Index d.tarifl. Stundenverdienste mit Sonderzahl.
62221;Vj. Index der Tarifverdienste und Arbeitszeiten;JAHR;Jahr;2022;DINSGF;Früheres Bundesgebiet / Neue Länder;DF;Früheres Bundesgebiet;WZ08C7;WZ2008 (ausgewählte Positionen): Tarifindex;WZ08-13;Herstellung von Textilien;103,2;2020=100;VST073;Index d.tarifl. Monatsverdienste mit Sonderzahl.
62221;Vj. Index der Tarifverdienste und Arbeitszeiten;JAHR;Jahr;2022;DINSGF;Früheres Bundesgebiet / Neue Länder;DF;Früheres Bundesgebiet;WZ08C7;WZ2008 (ausgewählte Positionen): Tarifindex;WZ08-13;Herstellung von Textilien;37,0;h;VST019;Durchschnittliche tarifliche Wochenarbeitszeit
62221;Vj. Index der Tarifverdienste und Arbeitszeiten;JAHR;Jahr;2022;DINSGF;Früheres Bundesgebiet / Neue Länder;DF;Früheres Bundesgebiet;WZ08C7;WZ2008 (ausgewählte Positionen): Tarifindex;WZ08-13;Herstellung von Textilien;103,0;2020=100;VST066;Index d.tarifl. Monatsverdienste ohne Sonderzahl.
62221;Vj. Index der Tarifverdienste und Arbeitszeiten;JAHR;Jahr;2022;DINSGF;Früheres Bundesgebiet / Neue Länder;DF;Früheres Bundesgebiet;WZ08C7;WZ2008 (ausgewählte Positionen): Tarifindex;WZ08-13;Herstellung von Textilien;100,0;2020=100;VST018;Index der tariflichen Wochenarbeitszeit
62221;Vj. Index der Tarifverdienste und Arbeitszeiten;JAHR;Jahr;2022;DINSGF;Früheres Bundesgebiet / Neue Länder;DF;Früheres Bundesgebiet;WZ08C7;WZ2008 (ausgewählte Positionen): Tarifindex;WZ08-13;Herstellung von Textilien;103,0;2020=100;VST065;Index d.tarifl. Stundenverdienste ohne Sonderzahl.
62221;Vj. Index der Tarifverdienste und Arbeitszeiten;JAHR;Jahr;2020;DINSGF;Früheres Bundesgebiet / Neue Länder;DN;Neue Länder;WZ08C7;WZ2008 (ausgewählte Positionen): Tarifindex;WZ08-06;Gewinnung von Erdöl und Erdgas;100,0;2020=100;VST072;Index d.tarifl. Stundenverdienste mit Sonderzahl.
62221;Vj. Index der Tarifverdienste und Arbeitszeiten;JAHR;Jahr;2020;DINSGF;Früheres Bundesgebiet / Neue Länder;DN;Neue Länder;WZ08C7;WZ2008 (ausgewählte Positionen): Tarifindex;WZ08-06;Gewinnung von Erdöl und Erdgas;100,0;2020=100;VST073;Index d.tarifl. Monatsverdienste mit Sonderzahl.
62221;Vj. Index der Tarifverdienste und Arbeitszeiten;JAHR;Jahr;2020;DINSGF;Früheres Bundesgebiet / Neue Länder;DN;Neue Länder;WZ08C7;WZ2008 (ausgewählte Positionen): Tarifindex;WZ08-06;Gewinnung von Erdöl und Erdgas;38,0;h;VST019;Durchschnittliche tarifliche Wochenarbeitszeit
62221;Vj. Index der Tarifverdienste und Arbeitszeiten;JAHR;Jahr;2020;DINSGF;Früheres Bundesgebiet / Neue Länder;DN;Neue Länder;WZ08C7;WZ2008 (ausgewählte Positionen): Tarifindex;WZ08-06;Gewinnung von Erdöl und Erdgas;100,0;2020=100;VST066;Index d.tarifl. Monatsverdienste ohne Sonderzahl.
62221;Vj. Index der Tarifverdienste und Arbeitszeiten;JAHR;Jahr;2020;DINSGF;Früheres Bundesgebiet / Neue Länder;DN;Neue Länder;WZ08C7;WZ2008 (ausgewählte Positionen): Tarifindex;WZ08-06;Gewinnung von Erdöl und Erdgas;100,0;2020=100;VST018;Index der tariflichen Wochenarbeitszeit
62221;Vj. Index der Tarifverdienste und Arbeitszeiten;JAHR;Jahr;2020;DINSGF;Früheres Bundesgebiet / Neue Länder;DN;Neue Länder;WZ08C7;WZ2008 (ausgewählte Positionen): Tarifindex;WZ08-06;Gewinnung von Erdöl und Erdgas;100,0;2020=100;VST065;Index d.tarifl. Stundenverdienste ohne Sonderzahl.
62221;Vj. Index der Tarifverdienste und Arbeitszeiten;JAHR;Jahr;2020;DINSGF;Früheres Bundesgebiet / Neue Länder;DN;Neue Länder;WZ08C7;WZ2008 (ausgewählte Positionen): Tarifindex;WZ08-68;Grundstücks- und Wohnungswesen;100,0;2020=100;VST072;Index d.tarifl. Stundenverdienste mit Sonderzahl.
62221;Vj. Index der Tarifverdienste und Arbeitszeiten;JAHR;Jahr;2020;DINSGF;Früheres Bundesgebiet / Neue Länder;DN;Neue Länder;WZ08C7;WZ2008 (ausgewählte Positionen): Tarifindex;WZ08-68;Grundstücks- und Wohnungswesen;100,0;2020=100;VST073;Index d.tarifl. Monatsverdienste mit Sonderzahl.
62221;Vj. Index der Tarifverdienste und Arbeitszeiten;JAHR;Jahr;2020;DINSGF;Früheres Bundesgebiet / Neue Länder;DN;Neue Länder;WZ08C7;WZ2008 (ausgewählte Positionen): Tarifindex;WZ08-68;Grundstücks- und Wohnungswesen;37,9;h;VST019;Durchschnittliche tarifliche Wochenarbeitszeit
62221;Vj. Index der Tarifverdienste und Arbeitszeiten;JAHR;Jahr;2020;DINSGF;Früheres Bundesgebiet / Neue Länder;DN;Neue Länder;WZ08C7;WZ2008 (ausgewählte Positionen): Tarifindex;WZ08-68;Grundstücks- und Wohnungswesen;100,0;2020=100;VST066;Index d.tarifl. Monatsverdienste ohne Sonderzahl.
62221;Vj. Index der Tarifverdienste und Arbeitszeiten;JAHR;Jahr;2020;DINSGF;Früheres Bundesgebiet / Neue Länder;DN;Neue Länder;WZ08C7;WZ2008 (ausgewählte Positionen): Tarifindex;WZ08-68;Grundstücks- und Wohnungswesen;100,0;2020=100;VST018;Index der tariflichen Wochenarbeitszeit
62221;Vj. Index der Tarifverdienste und Arbeitszeiten;JAHR;Jahr;2020;DINSGF;Früheres Bundesgebiet / Neue Länder;DN;Neue Länder;WZ08C7;WZ2008 (ausgewählte Positionen): Tarifindex;WZ08-68;Grundstücks- und Wohnungswesen;100,0;2020=100;VST065;Index d.tarifl. Stundenverdienste ohne Sonderzahl.
62221;Vj. Index der Tarifverdienste und Arbeitszeiten;JAHR;Jahr;2023;DINSGF;Früheres Bundesgebiet / Neue Länder;DF;Früheres Bundesgebiet;WZ08C7;WZ2008 (ausgewählte Positionen): Tarifindex;WZ08-B-05;Produzierendes Gewerbe;108,2;2020=100;VST072;Index d.tarifl. Stundenverdienste mit Sonderzahl.
62221;Vj. Index der Tarifverdienste und Arbeitszeiten;JAHR;Jahr;2023;DINSGF;Früheres Bundesgebiet / Neue Länder;DF;Früheres Bundesgebiet;WZ08C7;WZ2008 (ausgewählte Positionen): Tarifindex;WZ08-B-05;Produzierendes Gewerbe;108,2;2020=100;VST073;Index d.tarifl. Monatsverdienste mit Sonderzahl.
62221;Vj. Index der Tarifverdienste und Arbeitszeiten;JAHR;Jahr;2023;DINSGF;Früheres Bundesgebiet / Neue Länder;DF;Früheres Bundesgebiet;WZ08C7;WZ2008 (ausgewählte Positionen): Tarifindex;WZ08-B-05;Produzierendes Gewerbe;36,7;h;VST019;Durchschnittliche tarifliche Wochenarbeitszeit
62221;Vj. Index der Tarifverdienste und Arbeitszeiten;JAHR;Jahr;2023;DINSGF;Früheres Bundesgebiet / Neue Länder;DF;Früheres Bundesgebiet;WZ08C7;WZ2008 (ausgewählte Positionen): Tarifindex;WZ08-B-05;Produzierendes Gewerbe;104,8;2020=100;VST066;Index d.tarifl. Monatsverdienste ohne Sonderzahl.
62221;Vj. Index der Tarifverdienste und Arbeitszeiten;JAHR;Jahr;2023;DINSGF;Früheres Bundesgebiet / Neue Länder;DF;Früheres Bundesgebiet;WZ08C7;WZ2008 (ausgewählte Positionen): Tarifindex;WZ08-B-05;Produzierendes Gewerbe;100,0;2020=100;VST018;Index der tariflichen Wochenarbeitszeit
62221;Vj. Index der Tarifverdienste und Arbeitszeiten;JAHR;Jahr;2023;DINSGF;Früheres Bundesgebiet / Neue Länder;DF;Früheres Bundesgebiet;WZ08C7;WZ2008 (ausgewählte Positionen): Tarifindex;WZ08-B-05;Produzierendes Gewerbe;104,8;2020=100;VST065;Index d.tarifl. Stundenverdienste ohne Sonderzahl.
62221;Vj. Index der Tarifverdienste und Arbeitszeiten;JAHR;Jahr;2023;DINSGF;Früheres Bundesgebiet / Neue Länder;DN;Neue Länder;WZ08C7;WZ2008 (ausgewählte Positionen): Tarifindex;WZ08-28;Maschinenbau;106,7;2020=100;VST072;Index d.tarifl. Stundenverdienste mit Sonderzahl.
62221;Vj. Index der Tarifverdienste und Arbeitszeiten;JAHR;Jahr;2023;DINSGF;Früheres Bundesgebiet / Neue Länder;DN;Neue Länder;WZ08C7;WZ2008 (ausgewählte Positionen): Tarifindex;WZ08-28;Maschinenbau;106,7;2020=100;VST073;Index d.tarifl. Monatsverdienste mit Sonderzahl.
62221;Vj. Index der Tarifverdienste und Arbeitszeiten;JAHR;Jahr;2023;DINSGF;Früheres Bundesgebiet / Neue Länder;DN;Neue Länder;WZ08C7;WZ2008 (ausgewählte Positionen): Tarifindex;WZ08-28;Maschinenbau;37,6;h;VST019;Durchschnittliche tarifliche Wochenarbeitszeit
62221;Vj. Index der Tarifverdienste und Arbeitszeiten;JAHR;Jahr;2023;DINSGF;Früheres Bundesgebiet / Neue Länder;DN;Neue Länder;WZ08C7;WZ2008 (ausgewählte Positionen): Tarifindex;WZ08-28;Maschinenbau;102,4;2020=100;VST066;Index d.tarifl. Monatsverdienste ohne Sonderzahl.
62221;Vj. Index der Tarifverdienste und Arbeitszeiten;JAHR;Jahr;2023;DINSGF;Früheres Bundesgebiet / Neue Länder;DN;Neue Länder;WZ08C7;WZ2008 (ausgewählte Positionen): Tarifindex;WZ08-28;Maschinenbau;100,0;2020=100;VST018;Index der tariflichen Wochenarbeitszeit
62221;Vj. Index der Tarifverdienste und Arbeitszeiten;JAHR;Jahr;2023;DINSGF;Früheres Bundesgebiet / Neue Länder;DN;Neue Länder;WZ08C7;WZ2008 (ausgewählte Positionen): Tarifindex;WZ08-28;Maschinenbau;102,4;2020=100;VST065;Index d.tarifl. Stundenverdienste ohne Sonderzahl.
62221;Vj. Index der Tarifverdienste und Arbeitszeiten;JAHR;Jahr;2021;DINSGF;Früheres Bundesgebiet / Neue Länder;DF;Früheres Bundesgebiet;WZ08C7;WZ2008 (ausgewählte Positionen): Tarifindex;WZ08-01;Landwirtschaft, Jagd und verbundene Tätigkeiten;101,4;2020=100;VST072;Index d.tarifl. Stundenverdienste mit Sonderzahl.
62221;Vj. Index der Tarifverdienste und Arbeitszeiten;JAHR;Jahr;2021;DINSGF;Früheres Bundesgebiet / Neue Länder;DF;Früheres Bundesgebiet;WZ08C7;WZ2008 (ausgewählte Positionen): Tarifindex;WZ08-01;Landwirtschaft, Jagd und verbundene Tätigkeiten;101,4;2020=100;VST073;Index d.tarifl. Monatsverdienste mit Sonderzahl.
62221;Vj. Index der Tarifverdienste und Arbeitszeiten;JAHR;Jahr;2021;DINSGF;Früheres Bundesgebiet / Neue Länder;DF;Früheres Bundesgebiet;WZ08C7;WZ2008 (ausgewählte Positionen): Tarifindex;WZ08-01;Landwirtschaft, Jagd und verbundene Tätigkeiten;39,5;h;VST019;Durchschnittliche tarifliche Wochenarbeitszeit
62221;Vj. Index der Tarifverdienste und Arbeitszeiten;JAHR;Jahr;2021;DINSGF;Früheres Bundesgebiet / Neue Länder;DF;Früheres Bundesgebiet;WZ08C7;WZ2008 (ausgewählte Positionen): Tarifindex;WZ08-01;Landwirtschaft, Jagd und verbundene Tätigkeiten;101,1;2020=100;VST066;Index d.tarifl. Monatsverdienste ohne Sonderzahl.
62221;Vj. Index der Tarifverdienste und Arbeitszeiten;JAHR;Jahr;2021;DINSGF;Früheres Bundesgebiet / Neue Länder;DF;Früheres Bundesgebiet;WZ08C7;WZ2008 (ausgewählte Positionen): Tarifindex;WZ08-01;Landwirtschaft, Jagd und verbundene Tätigkeiten;100,0;2020=100;VST018;Index der tariflichen Wochenarbeitszeit
62221;Vj. Index der Tarifverdienste und Arbeitszeiten;JAHR;Jahr;2021;DINSGF;Früheres Bundesgebiet / Neue Länder;DF;Früheres Bundesgebiet;WZ08C7;WZ2008 (ausgewählte Positionen): Tarifindex;WZ08-01;Landwirtschaft, Jagd und verbundene Tätigkeiten;101,1;2020=100;VST065;Index d.tarifl. Stundenverdienste ohne Sonderzahl.
62221;Vj. Index der Tarifverdienste und Arbeitszeiten;JAHR;Jahr;2023;DINSGF;Früheres Bundesgebiet / Neue Länder;DN;Neue Länder;WZ08C7;WZ2008 (ausgewählte Positionen): Tarifindex;WZ08-22;Herstellung von Gummi- und Kunststoffwaren;109,2;2020=100;VST072;Index d.tarifl. Stundenverdienste mit Sonderzahl.
62221;Vj. Index der Tarifverdienste und Arbeitszeiten;JAHR;Jahr;2023;DINSGF;Früheres Bundesgebiet / Neue Länder;DN;Neue Länder;WZ08C7;WZ2008 (ausgewählte Positionen): Tarifindex;WZ08-22;Herstellung von Gummi- und Kunststoffwaren;107,0;2020=100;VST073;Index d.tarifl. Monatsverdienste mit Sonderzahl.
62221;Vj. Index der Tarifverdienste und Arbeitszeiten;JAHR;Jahr;2023;DINSGF;Früheres Bundesgebiet / Neue Länder;DN;Neue Länder;WZ08C7;WZ2008 (ausgewählte Positionen): Tarifindex;WZ08-22;Herstellung von Gummi- und Kunststoffwaren;38,6;h;VST019;Durchschnittliche tarifliche Wochenarbeitszeit
62221;Vj. Index der Tarifverdienste und Arbeitszeiten;JAHR;Jahr;2023;DINSGF;Früheres Bundesgebiet / Neue Länder;DN;Neue Länder;WZ08C7;WZ2008 (ausgewählte Positionen): Tarifindex;WZ08-22;Herstellung von Gummi- und Kunststoffwaren;104,3;2020=100;VST066;Index d.tarifl. Monatsverdienste ohne Sonderzahl.
62221;Vj. Index der Tarifverdienste und Arbeitszeiten;JAHR;Jahr;2023;DINSGF;Früheres Bundesgebiet / Neue Länder;DN;Neue Länder;WZ08C7;WZ2008 (ausgewählte Positionen): Tarifindex;WZ08-22;Herstellung von Gummi- und Kunststoffwaren;98,1;2020=100;VST018;Index der tariflichen Wochenarbeitszeit
62221;Vj. Index der Tarifverdienste und Arbeitszeiten;JAHR;Jahr;2023;DINSGF;Früheres Bundesgebiet / Neue Länder;DN;Neue Länder;WZ08C7;WZ2008 (ausgewählte Positionen): Tarifindex;WZ08-22;Herstellung von Gummi- und Kunststoffwaren;106,3;2020=100;VST065;Index d.tarifl. Stundenverdienste ohne Sonderzahl.
62221;Vj. Index der Tarifverdienste und Arbeitszeiten;JAHR;Jahr;2024;DINSGF;Früheres Bundesgebiet / Neue Länder;DN;Neue Länder;WZ08C7;WZ2008 (ausgewählte Positionen): Tarifindex;WZ08-51;Luftfahrt;116,0;2020=100;VST072;Index d.tarifl. Stundenverdienste mit Sonderzahl.
62221;Vj. Index der Tarifverdienste und Arbeitszeiten;JAHR;Jahr;2024;DINSGF;Früheres Bundesgebiet / Neue Länder;DN;Neue Länder;WZ08C7;WZ2008 (ausgewählte Positionen): Tarifindex;WZ08-51;Luftfahrt;116,0;2020=100;VST073;Index d.tarifl. Monatsverdienste mit Sonderzahl.
62221;Vj. Index der Tarifverdienste und Arbeitszeiten;JAHR;Jahr;2024;DINSGF;Früheres Bundesgebiet / Neue Länder;DN;Neue Länder;WZ08C7;WZ2008 (ausgewählte Positionen): Tarifindex;WZ08-51;Luftfahrt;39,8;h;VST019;Durchschnittliche tarifliche Wochenarbeitszeit
62221;Vj. Index der Tarifverdienste und Arbeitszeiten;JAHR;Jahr;2024;DINSGF;Früheres Bundesgebiet / Neue Länder;DN;Neue Länder;WZ08C7;WZ2008 (ausgewählte Positionen): Tarifindex;WZ08-51;Luftfahrt;114,7;2020=100;VST066;Index d.tarifl. Monatsverdienste ohne Sonderzahl.
62221;Vj. Index der Tarifverdienste und Arbeitszeiten;JAHR;Jahr;2024;DINSGF;Früheres Bundesgebiet / Neue Länder;DN;Neue Länder;WZ08C7;WZ2008 (ausgewählte Positionen): Tarifindex;WZ08-51;Luftfahrt;100,0;2020=100;VST018;Index der tariflichen Wochenarbeitszeit
62221;Vj. Index der Tarifverdienste und Arbeitszeiten;JAHR;Jahr;2024;DINSGF;Früheres Bundesgebiet / Neue Länder;DN;Neue Länder;WZ08C7;WZ2008 (ausgewählte Positionen): Tarifindex;WZ08-51;Luftfahrt;114,7;2020=100;VST065;Index d.tarifl. Stundenverdienste ohne Sonderzahl.
62221;Vj. Index der Tarifverdienste und Arbeitszeiten;JAHR;Jahr;2023;DINSGF;Früheres Bundesgebiet / Neue Länder;DF;Früheres Bundesgebiet;WZ08C7;WZ2008 (ausgewählte Positionen): Tarifindex;WZ08-14;Herstellung von Bekleidung;108,2;2020=100;VST072;Index d.tarifl. Stundenverdienste mit Sonderzahl.
62221;Vj. Index der Tarifverdienste und Arbeitszeiten;JAHR;Jahr;2023;DINSGF;Früheres Bundesgebiet / Neue Länder;DF;Früheres Bundesgebiet;WZ08C7;WZ2008 (ausgewählte Positionen): Tarifindex;WZ08-14;Herstellung von Bekleidung;108,2;2020=100;VST073;Index d.tarifl. Monatsverdienste mit Sonderzahl.
62221;Vj. Index der Tarifverdienste und Arbeitszeiten;JAHR;Jahr;2023;DINSGF;Früheres Bundesgebiet / Neue Länder;DF;Früheres Bundesgebiet;WZ08C7;WZ2008 (ausgewählte Positionen): Tarifindex;WZ08-14;Herstellung von Bekleidung;37,0;h;VST019;Durchschnittliche tarifliche Wochenarbeitszeit
62221;Vj. Index der Tarifverdienste und Arbeitszeiten;JAHR;Jahr;2023;DINSGF;Früheres Bundesgebiet / Neue Länder;DF;Früheres Bundesgebiet;WZ08C7;WZ2008 (ausgewählte Positionen): Tarifindex;WZ08-14;Herstellung von Bekleidung;105,6;2020=100;VST066;Index d.tarifl. Monatsverdienste ohne Sonderzahl.
62221;Vj. Index der Tarifverdienste und Arbeitszeiten;JAHR;Jahr;2023;DINSGF;Früheres Bundesgebiet / Neue Länder;DF;Früheres Bundesgebiet;WZ08C7;WZ2008 (ausgewählte Positionen): Tarifindex;WZ08-14;Herstellung von Bekleidung;100,0;2020=100;VST018;Index der tariflichen Wochenarbeitszeit
62221;Vj. Index der Tarifverdienste und Arbeitszeiten;JAHR;Jahr;2023;DINSGF;Früheres Bundesgebiet / Neue Länder;DF;Früheres Bundesgebiet;WZ08C7;WZ2008 (ausgewählte Positionen): Tarifindex;WZ08-14;Herstellung von Bekleidung;105,6;2020=100;VST065;Index d.tarifl. Stundenverdienste ohne Sonderzahl.
62221;Vj. Index der Tarifverdienste und Arbeitszeiten;JAHR;Jahr;2024;DINSGF;Früheres Bundesgebiet / Neue Länder;DF;Früheres Bundesgebiet;WZ08C7;WZ2008 (ausgewählte Positionen): Tarifindex;WZ08-31-01;Möbelherstellung, Installation von Maschinen;112,6;2020=100;VST072;Index d.tarifl. Stundenverdienste mit Sonderzahl.
62221;Vj. Index der Tarifverdienste und Arbeitszeiten;JAHR;Jahr;2024;DINSGF;Früheres Bundesgebiet / Neue Länder;DF;Früheres Bundesgebiet;WZ08C7;WZ2008 (ausgewählte Positionen): Tarifindex;WZ08-31-01;Möbelherstellung, Installation von Maschinen;112,6;2020=100;VST073;Index d.tarifl. Monatsverdienste mit Sonderzahl.
62221;Vj. Index der Tarifverdienste und Arbeitszeiten;JAHR;Jahr;2024;DINSGF;Früheres Bundesgebiet / Neue Länder;DF;Früheres Bundesgebiet;WZ08C7;WZ2008 (ausgewählte Positionen): Tarifindex;WZ08-31-01;Möbelherstellung, Installation von Maschinen;36,5;h;VST019;Durchschnittliche tarifliche Wochenarbeitszeit
62221;Vj. Index der Tarifverdienste und Arbeitszeiten;JAHR;Jahr;2024;DINSGF;Früheres Bundesgebiet / Neue Länder;DF;Früheres Bundesgebiet;WZ08C7;WZ2008 (ausgewählte Positionen): Tarifindex;WZ08-31-01;Möbelherstellung, Installation von Maschinen;108,9;2020=100;VST066;Index d.tarifl. Monatsverdienste ohne Sonderzahl.
62221;Vj. Index der Tarifverdienste und Arbeitszeiten;JAHR;Jahr;2024;DINSGF;Früheres Bundesgebiet / Neue Länder;DF;Früheres Bundesgebiet;WZ08C7;WZ2008 (ausgewählte Positionen): Tarifindex;WZ08-31-01;Möbelherstellung, Installation von Maschinen;100,0;2020=100;VST018;Index der tariflichen Wochenarbeitszeit
62221;Vj. Index der Tarifverdienste und Arbeitszeiten;JAHR;Jahr;2024;DINSGF;Früheres Bundesgebiet / Neue Länder;DF;Früheres Bundesgebiet;WZ08C7;WZ2008 (ausgewählte Positionen): Tarifindex;WZ08-31-01;Möbelherstellung, Installation von Maschinen;108,9;2020=100;VST065;Index d.tarifl. Stundenverdienste ohne Sonderzahl.
62221;Vj. Index der Tarifverdienste und Arbeitszeiten;JAHR;Jahr;2023;DINSGF;Früheres Bundesgebiet / Neue Länder;DF;Früheres Bundesgebiet;WZ08C7;WZ2008 (ausgewählte Positionen): Tarifindex;WZ08-05;Kohlenbergbau;103,5;2020=100;VST072;Index d.tarifl. Stundenverdienste mit Sonderzahl.
62221;Vj. Index der Tarifverdienste und Arbeitszeiten;JAHR;Jahr;2023;DINSGF;Früheres Bundesgebiet / Neue Länder;DF;Früheres Bundesgebiet;WZ08C7;WZ2008 (ausgewählte Positionen): Tarifindex;WZ08-05;Kohlenbergbau;103,5;2020=100;VST073;Index d.tarifl. Monatsverdienste mit Sonderzahl.
62221;Vj. Index der Tarifverdienste und Arbeitszeiten;JAHR;Jahr;2023;DINSGF;Früheres Bundesgebiet / Neue Länder;DF;Früheres Bundesgebiet;WZ08C7;WZ2008 (ausgewählte Positionen): Tarifindex;WZ08-05;Kohlenbergbau;40,0;h;VST019;Durchschnittliche tarifliche Wochenarbeitszeit
62221;Vj. Index der Tarifverdienste und Arbeitszeiten;JAHR;Jahr;2023;DINSGF;Früheres Bundesgebiet / Neue Länder;DF;Früheres Bundesgebiet;WZ08C7;WZ2008 (ausgewählte Positionen): Tarifindex;WZ08-05;Kohlenbergbau;103,6;2020=100;VST066;Index d.tarifl. Monatsverdienste ohne Sonderzahl.
62221;Vj. Index der Tarifverdienste und Arbeitszeiten;JAHR;Jahr;2023;DINSGF;Früheres Bundesgebiet / Neue Länder;DF;Früheres Bundesgebiet;WZ08C7;WZ2008 (ausgewählte Positionen): Tarifindex;WZ08-05;Kohlenbergbau;100,0;2020=100;VST018;Index der tariflichen Wochenarbeitszeit
62221;Vj. Index der Tarifverdienste und Arbeitszeiten;JAHR;Jahr;2023;DINSGF;Früheres Bundesgebiet / Neue Länder;DF;Früheres Bundesgebiet;WZ08C7;WZ2008 (ausgewählte Positionen): Tarifindex;WZ08-05;Kohlenbergbau;103,6;2020=100;VST065;Index d.tarifl. Stundenverdienste ohne Sonderzahl.
62221;Vj. Index der Tarifverdienste und Arbeitszeiten;JAHR;Jahr;2016;DINSGF;Früheres Bundesgebiet / Neue Länder;DF;Früheres Bundesgebiet;WZ08C7;WZ2008 (ausgewählte Positionen): Tarifindex;WZ08-06;Gewinnung von Erdöl und Erdgas;91,5;2020=100;VST072;Index d.tarifl. Stundenverdienste mit Sonderzahl.
62221;Vj. Index der Tarifverdienste und Arbeitszeiten;JAHR;Jahr;2016;DINSGF;Früheres Bundesgebiet / Neue Länder;DF;Früheres Bundesgebiet;WZ08C7;WZ2008 (ausgewählte Positionen): Tarifindex;WZ08-06;Gewinnung von Erdöl und Erdgas;91,5;2020=100;VST073;Index d.tarifl. Monatsverdienste mit Sonderzahl.
62221;Vj. Index der Tarifverdienste und Arbeitszeiten;JAHR;Jahr;2016;DINSGF;Früheres Bundesgebiet / Neue Länder;DF;Früheres Bundesgebiet;WZ08C7;WZ2008 (ausgewählte Positionen): Tarifindex;WZ08-06;Gewinnung von Erdöl und Erdgas;37,8;h;VST019;Durchschnittliche tarifliche Wochenarbeitszeit
62221;Vj. Index der Tarifverdienste und Arbeitszeiten;JAHR;Jahr;2016;DINSGF;Früheres Bundesgebiet / Neue Länder;DF;Früheres Bundesgebiet;WZ08C7;WZ2008 (ausgewählte Positionen): Tarifindex;WZ08-06;Gewinnung von Erdöl und Erdgas;91,6;2020=100;VST066;Index d.tarifl. Monatsverdienste ohne Sonderzahl.
62221;Vj. Index der Tarifverdienste und Arbeitszeiten;JAHR;Jahr;2016;DINSGF;Früheres Bundesgebiet / Neue Länder;DF;Früheres Bundesgebiet;WZ08C7;WZ2008 (ausgewählte Positionen): Tarifindex;WZ08-06;Gewinnung von Erdöl und Erdgas;100,0;2020=100;VST018;Index der tariflichen Wochenarbeitszeit
62221;Vj. Index der Tarifverdienste und Arbeitszeiten;JAHR;Jahr;2016;DINSGF;Früheres Bundesgebiet / Neue Länder;DF;Früheres Bundesgebiet;WZ08C7;WZ2008 (ausgewählte Positionen): Tarifindex;WZ08-06;Gewinnung von Erdöl und Erdgas;91,6;2020=100;VST065;Index d.tarifl. Stundenverdienste ohne Sonderzahl.
62221;Vj. Index der Tarifverdienste und Arbeitszeiten;JAHR;Jahr;2020;DINSGF;Früheres Bundesgebiet / Neue Länder;DN;Neue Länder;WZ08C7;WZ2008 (ausgewählte Positionen): Tarifindex;WZ08-69-02;Rechts- und Steuerberatung, Unternehmensberatung;100,0;2020=100;VST072;Index d.tarifl. Stundenverdienste mit Sonderzahl.
62221;Vj. Index der Tarifverdienste und Arbeitszeiten;JAHR;Jahr;2020;DINSGF;Früheres Bundesgebiet / Neue Länder;DN;Neue Länder;WZ08C7;WZ2008 (ausgewählte Positionen): Tarifindex;WZ08-69-02;Rechts- und Steuerberatung, Unternehmensberatung;100,0;2020=100;VST073;Index d.tarifl. Monatsverdienste mit Sonderzahl.
62221;Vj. Index der Tarifverdienste und Arbeitszeiten;JAHR;Jahr;2020;DINSGF;Früheres Bundesgebiet / Neue Länder;DN;Neue Länder;WZ08C7;WZ2008 (ausgewählte Positionen): Tarifindex;WZ08-69-02;Rechts- und Steuerberatung, Unternehmensberatung;38,4;h;VST019;Durchschnittliche tarifliche Wochenarbeitszeit
62221;Vj. Index der Tarifverdienste und Arbeitszeiten;JAHR;Jahr;2020;DINSGF;Früheres Bundesgebiet / Neue Länder;DN;Neue Länder;WZ08C7;WZ2008 (ausgewählte Positionen): Tarifindex;WZ08-69-02;Rechts- und Steuerberatung, Unternehmensberatung;100,0;2020=100;VST066;Index d.tarifl. Monatsverdienste ohne Sonderzahl.
62221;Vj. Index der Tarifverdienste und Arbeitszeiten;JAHR;Jahr;2020;DINSGF;Früheres Bundesgebiet / Neue Länder;DN;Neue Länder;WZ08C7;WZ2008 (ausgewählte Positionen): Tarifindex;WZ08-69-02;Rechts- und Steuerberatung, Unternehmensberatung;100,0;2020=100;VST018;Index der tariflichen Wochenarbeitszeit
62221;Vj. Index der Tarifverdienste und Arbeitszeiten;JAHR;Jahr;2020;DINSGF;Früheres Bundesgebiet / Neue Länder;DN;Neue Länder;WZ08C7;WZ2008 (ausgewählte Positionen): Tarifindex;WZ08-69-02;Rechts- und Steuerberatung, Unternehmensberatung;100,0;2020=100;VST065;Index d.tarifl. Stundenverdienste ohne Sonderzahl.
62221;Vj. Index der Tarifverdienste und Arbeitszeiten;JAHR;Jahr;2021;DINSGF;Früheres Bundesgebiet / Neue Länder;DN;Neue Länder;WZ08C7;WZ2008 (ausgewählte Positionen): Tarifindex;WZ08-21;Herstellung von pharmazeutischen Erzeugnissen;103,0;2020=100;VST072;Index d.tarifl. Stundenverdienste mit Sonderzahl.
62221;Vj. Index der Tarifverdienste und Arbeitszeiten;JAHR;Jahr;2021;DINSGF;Früheres Bundesgebiet / Neue Länder;DN;Neue Länder;WZ08C7;WZ2008 (ausgewählte Positionen): Tarifindex;WZ08-21;Herstellung von pharmazeutischen Erzeugnissen;101,8;2020=100;VST073;Index d.tarifl. Monatsverdienste mit Sonderzahl.
62221;Vj. Index der Tarifverdienste und Arbeitszeiten;JAHR;Jahr;2021;DINSGF;Früheres Bundesgebiet / Neue Länder;DN;Neue Länder;WZ08C7;WZ2008 (ausgewählte Positionen): Tarifindex;WZ08-21;Herstellung von pharmazeutischen Erzeugnissen;39,0;h;VST019;Durchschnittliche tarifliche Wochenarbeitszeit
62221;Vj. Index der Tarifverdienste und Arbeitszeiten;JAHR;Jahr;2021;DINSGF;Früheres Bundesgebiet / Neue Länder;DN;Neue Länder;WZ08C7;WZ2008 (ausgewählte Positionen): Tarifindex;WZ08-21;Herstellung von pharmazeutischen Erzeugnissen;101,4;2020=100;VST066;Index d.tarifl. Monatsverdienste ohne Sonderzahl.
62221;Vj. Index der Tarifverdienste und Arbeitszeiten;JAHR;Jahr;2021;DINSGF;Früheres Bundesgebiet / Neue Länder;DN;Neue Länder;WZ08C7;WZ2008 (ausgewählte Positionen): Tarifindex;WZ08-21;Herstellung von pharmazeutischen Erzeugnissen;98,9;2020=100;VST018;Index der tariflichen Wochenarbeitszeit
62221;Vj. Index der Tarifverdienste und Arbeitszeiten;JAHR;Jahr;2021;DINSGF;Früheres Bundesgebiet / Neue Länder;DN;Neue Länder;WZ08C7;WZ2008 (ausgewählte Positionen): Tarifindex;WZ08-21;Herstellung von pharmazeutischen Erzeugnissen;102,6;2020=100;VST065;Index d.tarifl. Stundenverdienste ohne Sonderzahl.
62221;Vj. Index der Tarifverdienste und Arbeitszeiten;JAHR;Jahr;2019;DINSGF;Früheres Bundesgebiet / Neue Länder;DN;Neue Länder;WZ08C7;WZ2008 (ausgewählte Positionen): Tarifindex;WZ08-52-01;Lagerei und Kurierdienste;97,6;2020=100;VST072;Index d.tarifl. Stundenverdienste mit Sonderzahl.
62221;Vj. Index der Tarifverdienste und Arbeitszeiten;JAHR;Jahr;2019;DINSGF;Früheres Bundesgebiet / Neue Länder;DN;Neue Länder;WZ08C7;WZ2008 (ausgewählte Positionen): Tarifindex;WZ08-52-01;Lagerei und Kurierdienste;97,7;2020=100;VST073;Index d.tarifl. Monatsverdienste mit Sonderzahl.
62221;Vj. Index der Tarifverdienste und Arbeitszeiten;JAHR;Jahr;2019;DINSGF;Früheres Bundesgebiet / Neue Länder;DN;Neue Länder;WZ08C7;WZ2008 (ausgewählte Positionen): Tarifindex;WZ08-52-01;Lagerei und Kurierdienste;39,1;h;VST019;Durchschnittliche tarifliche Wochenarbeitszeit
62221;Vj. Index der Tarifverdienste und Arbeitszeiten;JAHR;Jahr;2019;DINSGF;Früheres Bundesgebiet / Neue Länder;DN;Neue Länder;WZ08C7;WZ2008 (ausgewählte Positionen): Tarifindex;WZ08-52-01;Lagerei und Kurierdienste;97,8;2020=100;VST066;Index d.tarifl. Monatsverdienste ohne Sonderzahl.
62221;Vj. Index der Tarifverdienste und Arbeitszeiten;JAHR;Jahr;2019;DINSGF;Früheres Bundesgebiet / Neue Länder;DN;Neue Länder;WZ08C7;WZ2008 (ausgewählte Positionen): Tarifindex;WZ08-52-01;Lagerei und Kurierdienste;100,0;2020=100;VST018;Index der tariflichen Wochenarbeitszeit
62221;Vj. Index der Tarifverdienste und Arbeitszeiten;JAHR;Jahr;2019;DINSGF;Früheres Bundesgebiet / Neue Länder;DN;Neue Länder;WZ08C7;WZ2008 (ausgewählte Positionen): Tarifindex;WZ08-52-01;Lagerei und Kurierdienste;97,7;2020=100;VST065;Index d.tarifl. Stundenverdienste ohne Sonderzahl.
62221;Vj. Index der Tarifverdienste und Arbeitszeiten;JAHR;Jahr;2022;DINSGF;Früheres Bundesgebiet / Neue Länder;DF;Früheres Bundesgebiet;WZ08C7;WZ2008 (ausgewählte Positionen): Tarifindex;WZ08-64;Erbringung von Finanzdienstleistungen;102,4;2020=100;VST072;Index d.tarifl. Stundenverdienste mit Sonderzahl.
62221;Vj. Index der Tarifverdienste und Arbeitszeiten;JAHR;Jahr;2022;DINSGF;Früheres Bundesgebiet / Neue Länder;DF;Früheres Bundesgebiet;WZ08C7;WZ2008 (ausgewählte Positionen): Tarifindex;WZ08-64;Erbringung von Finanzdienstleistungen;102,4;2020=100;VST073;Index d.tarifl. Monatsverdienste mit Sonderzahl.
62221;Vj. Index der Tarifverdienste und Arbeitszeiten;JAHR;Jahr;2022;DINSGF;Früheres Bundesgebiet / Neue Länder;DF;Früheres Bundesgebiet;WZ08C7;WZ2008 (ausgewählte Positionen): Tarifindex;WZ08-64;Erbringung von Finanzdienstleistungen;39,0;h;VST019;Durchschnittliche tarifliche Wochenarbeitszeit
62221;Vj. Index der Tarifverdienste und Arbeitszeiten;JAHR;Jahr;2022;DINSGF;Früheres Bundesgebiet / Neue Länder;DF;Früheres Bundesgebiet;WZ08C7;WZ2008 (ausgewählte Positionen): Tarifindex;WZ08-64;Erbringung von Finanzdienstleistungen;102,2;2020=100;VST066;Index d.tarifl. Monatsverdienste ohne Sonderzahl.
62221;Vj. Index der Tarifverdienste und Arbeitszeiten;JAHR;Jahr;2022;DINSGF;Früheres Bundesgebiet / Neue Länder;DF;Früheres Bundesgebiet;WZ08C7;WZ2008 (ausgewählte Positionen): Tarifindex;WZ08-64;Erbringung von Finanzdienstleistungen;100,0;2020=100;VST018;Index der tariflichen Wochenarbeitszeit
62221;Vj. Index der Tarifverdienste und Arbeitszeiten;JAHR;Jahr;2022;DINSGF;Früheres Bundesgebiet / Neue Länder;DF;Früheres Bundesgebiet;WZ08C7;WZ2008 (ausgewählte Positionen): Tarifindex;WZ08-64;Erbringung von Finanzdienstleistungen;102,2;2020=100;VST065;Index d.tarifl. Stundenverdienste ohne Sonderzahl.
62221;Vj. Index der Tarifverdienste und Arbeitszeiten;JAHR;Jahr;2021;DINSGF;Früheres Bundesgebiet / Neue Länder;DF;Früheres Bundesgebiet;WZ08C7;WZ2008 (ausgewählte Positionen): Tarifindex;WZ08-10-01;Ernährungsgewerbe und Tabakverarbeitung;101,9;2020=100;VST072;Index d.tarifl. Stundenverdienste mit Sonderzahl.
62221;Vj. Index der Tarifverdienste und Arbeitszeiten;JAHR;Jahr;2021;DINSGF;Früheres Bundesgebiet / Neue Länder;DF;Früheres Bundesgebiet;WZ08C7;WZ2008 (ausgewählte Positionen): Tarifindex;WZ08-10-01;Ernährungsgewerbe und Tabakverarbeitung;101,9;2020=100;VST073;Index d.tarifl. Monatsverdienste mit Sonderzahl.
62221;Vj. Index der Tarifverdienste und Arbeitszeiten;JAHR;Jahr;2021;DINSGF;Früheres Bundesgebiet / Neue Länder;DF;Früheres Bundesgebiet;WZ08C7;WZ2008 (ausgewählte Positionen): Tarifindex;WZ08-10-01;Ernährungsgewerbe und Tabakverarbeitung;38,1;h;VST019;Durchschnittliche tarifliche Wochenarbeitszeit
62221;Vj. Index der Tarifverdienste und Arbeitszeiten;JAHR;Jahr;2021;DINSGF;Früheres Bundesgebiet / Neue Länder;DF;Früheres Bundesgebiet;WZ08C7;WZ2008 (ausgewählte Positionen): Tarifindex;WZ08-10-01;Ernährungsgewerbe und Tabakverarbeitung;101,8;2020=100;VST066;Index d.tarifl. Monatsverdienste ohne Sonderzahl.
62221;Vj. Index der Tarifverdienste und Arbeitszeiten;JAHR;Jahr;2021;DINSGF;Früheres Bundesgebiet / Neue Länder;DF;Früheres Bundesgebiet;WZ08C7;WZ2008 (ausgewählte Positionen): Tarifindex;WZ08-10-01;Ernährungsgewerbe und Tabakverarbeitung;100,0;2020=100;VST018;Index der tariflichen Wochenarbeitszeit
62221;Vj. Index der Tarifverdienste und Arbeitszeiten;JAHR;Jahr;2021;DINSGF;Früheres Bundesgebiet / Neue Länder;DF;Früheres Bundesgebiet;WZ08C7;WZ2008 (ausgewählte Positionen): Tarifindex;WZ08-10-01;Ernährungsgewerbe und Tabakverarbeitung;101,8;2020=100;VST065;Index d.tarifl. Stundenverdienste ohne Sonderzahl.
62221;Vj. Index der Tarifverdienste und Arbeitszeiten;JAHR;Jahr;2024;DINSGF;Früheres Bundesgebiet / Neue Länder;DN;Neue Länder;WZ08C7;WZ2008 (ausgewählte Positionen): Tarifindex;WZ08-93;Dienstleistungen d.Sports,d.Unterhaltg.u.Erholung;114,2;2020=100;VST072;Index d.tarifl. Stundenverdienste mit Sonderzahl.
62221;Vj. Index der Tarifverdienste und Arbeitszeiten;JAHR;Jahr;2024;DINSGF;Früheres Bundesgebiet / Neue Länder;DN;Neue Länder;WZ08C7;WZ2008 (ausgewählte Positionen): Tarifindex;WZ08-93;Dienstleistungen d.Sports,d.Unterhaltg.u.Erholung;114,2;2020=100;VST073;Index d.tarifl. Monatsverdienste mit Sonderzahl.
62221;Vj. Index der Tarifverdienste und Arbeitszeiten;JAHR;Jahr;2024;DINSGF;Früheres Bundesgebiet / Neue Länder;DN;Neue Länder;WZ08C7;WZ2008 (ausgewählte Positionen): Tarifindex;WZ08-93;Dienstleistungen d.Sports,d.Unterhaltg.u.Erholung;38,8;h;VST019;Durchschnittliche tarifliche Wochenarbeitszeit
62221;Vj. Index der Tarifverdienste und Arbeitszeiten;JAHR;Jahr;2024;DINSGF;Früheres Bundesgebiet / Neue Länder;DN;Neue Länder;WZ08C7;WZ2008 (ausgewählte Positionen): Tarifindex;WZ08-93;Dienstleistungen d.Sports,d.Unterhaltg.u.Erholung;113,3;2020=100;VST066;Index d.tarifl. Monatsverdienste ohne Sonderzahl.
62221;Vj. Index der Tarifverdienste und Arbeitszeiten;JAHR;Jahr;2024;DINSGF;Früheres Bundesgebiet / Neue Länder;DN;Neue Länder;WZ08C7;WZ2008 (ausgewählte Positionen): Tarifindex;WZ08-93;Dienstleistungen d.Sports,d.Unterhaltg.u.Erholung;100,0;2020=100;VST018;Index der tariflichen Wochenarbeitszeit
62221;Vj. Index der Tarifverdienste und Arbeitszeiten;JAHR;Jahr;2024;DINSGF;Früheres Bundesgebiet / Neue Länder;DN;Neue Länder;WZ08C7;WZ2008 (ausgewählte Positionen): Tarifindex;WZ08-93;Dienstleistungen d.Sports,d.Unterhaltg.u.Erholung;113,3;2020=100;VST065;Index d.tarifl. Stundenverdienste ohne Sonderzahl.
62221;Vj. Index der Tarifverdienste und Arbeitszeiten;JAHR;Jahr;2018;DINSGF;Früheres Bundesgebiet / Neue Länder;DN;Neue Länder;WZ08C7;WZ2008 (ausgewählte Positionen): Tarifindex;WZ08-B-08;Produzierendes Gewerbe und Dienstleistungsbereich;94,4;2020=100;VST072;Index d.tarifl. Stundenverdienste mit Sonderzahl.
62221;Vj. Index der Tarifverdienste und Arbeitszeiten;JAHR;Jahr;2018;DINSGF;Früheres Bundesgebiet / Neue Länder;DN;Neue Länder;WZ08C7;WZ2008 (ausgewählte Positionen): Tarifindex;WZ08-B-08;Produzierendes Gewerbe und Dienstleistungsbereich;94,5;2020=100;VST073;Index d.tarifl. Monatsverdienste mit Sonderzahl.
62221;Vj. Index der Tarifverdienste und Arbeitszeiten;JAHR;Jahr;2018;DINSGF;Früheres Bundesgebiet / Neue Länder;DN;Neue Länder;WZ08C7;WZ2008 (ausgewählte Positionen): Tarifindex;WZ08-B-08;Produzierendes Gewerbe und Dienstleistungsbereich;39,0;h;VST019;Durchschnittliche tarifliche Wochenarbeitszeit
62221;Vj. Index der Tarifverdienste und Arbeitszeiten;JAHR;Jahr;2018;DINSGF;Früheres Bundesgebiet / Neue Länder;DN;Neue Länder;WZ08C7;WZ2008 (ausgewählte Positionen): Tarifindex;WZ08-B-08;Produzierendes Gewerbe und Dienstleistungsbereich;94,5;2020=100;VST066;Index d.tarifl. Monatsverdienste ohne Sonderzahl.
62221;Vj. Index der Tarifverdienste und Arbeitszeiten;JAHR;Jahr;2018;DINSGF;Früheres Bundesgebiet / Neue Länder;DN;Neue Länder;WZ08C7;WZ2008 (ausgewählte Positionen): Tarifindex;WZ08-B-08;Produzierendes Gewerbe und Dienstleistungsbereich;100,1;2020=100;VST018;Index der tariflichen Wochenarbeitszeit
62221;Vj. Index der Tarifverdienste und Arbeitszeiten;JAHR;Jahr;2018;DINSGF;Früheres Bundesgebiet / Neue Länder;DN;Neue Länder;WZ08C7;WZ2008 (ausgewählte Positionen): Tarifindex;WZ08-B-08;Produzierendes Gewerbe und Dienstleistungsbereich;94,4;2020=100;VST065;Index d.tarifl. Stundenverdienste ohne Sonderzahl.
62221;Vj. Index der Tarifverdienste und Arbeitszeiten;JAHR;Jahr;2022;DINSGF;Früheres Bundesgebiet / Neue Länder;DF;Früheres Bundesgebiet;WZ08C7;WZ2008 (ausgewählte Positionen): Tarifindex;WZ08-19;Kokerei und Mineralölverarbeitung;105,2;2020=100;VST072;Index d.tarifl. Stundenverdienste mit Sonderzahl.
62221;Vj. Index der Tarifverdienste und Arbeitszeiten;JAHR;Jahr;2022;DINSGF;Früheres Bundesgebiet / Neue Länder;DF;Früheres Bundesgebiet;WZ08C7;WZ2008 (ausgewählte Positionen): Tarifindex;WZ08-19;Kokerei und Mineralölverarbeitung;105,2;2020=100;VST073;Index d.tarifl. Monatsverdienste mit Sonderzahl.
62221;Vj. Index der Tarifverdienste und Arbeitszeiten;JAHR;Jahr;2022;DINSGF;Früheres Bundesgebiet / Neue Länder;DF;Früheres Bundesgebiet;WZ08C7;WZ2008 (ausgewählte Positionen): Tarifindex;WZ08-19;Kokerei und Mineralölverarbeitung;37,4;h;VST019;Durchschnittliche tarifliche Wochenarbeitszeit
62221;Vj. Index der Tarifverdienste und Arbeitszeiten;JAHR;Jahr;2022;DINSGF;Früheres Bundesgebiet / Neue Länder;DF;Früheres Bundesgebiet;WZ08C7;WZ2008 (ausgewählte Positionen): Tarifindex;WZ08-19;Kokerei und Mineralölverarbeitung;102,6;2020=100;VST066;Index d.tarifl. Monatsverdienste ohne Sonderzahl.
62221;Vj. Index der Tarifverdienste und Arbeitszeiten;JAHR;Jahr;2022;DINSGF;Früheres Bundesgebiet / Neue Länder;DF;Früheres Bundesgebiet;WZ08C7;WZ2008 (ausgewählte Positionen): Tarifindex;WZ08-19;Kokerei und Mineralölverarbeitung;100,0;2020=100;VST018;Index der tariflichen Wochenarbeitszeit
62221;Vj. Index der Tarifverdienste und Arbeitszeiten;JAHR;Jahr;2022;DINSGF;Früheres Bundesgebiet / Neue Länder;DF;Früheres Bundesgebiet;WZ08C7;WZ2008 (ausgewählte Positionen): Tarifindex;WZ08-19;Kokerei und Mineralölverarbeitung;102,6;2020=100;VST065;Index d.tarifl. Stundenverdienste ohne Sonderzahl.
62221;Vj. Index der Tarifverdienste und Arbeitszeiten;JAHR;Jahr;2021;DINSGF;Früheres Bundesgebiet / Neue Länder;DN;Neue Länder;WZ08C7;WZ2008 (ausgewählte Positionen): Tarifindex;WZ08-12;Tabakverarbeitung;103,9;2020=100;VST072;Index d.tarifl. Stundenverdienste mit Sonderzahl.
62221;Vj. Index der Tarifverdienste und Arbeitszeiten;JAHR;Jahr;2021;DINSGF;Früheres Bundesgebiet / Neue Länder;DN;Neue Länder;WZ08C7;WZ2008 (ausgewählte Positionen): Tarifindex;WZ08-12;Tabakverarbeitung;103,9;2020=100;VST073;Index d.tarifl. Monatsverdienste mit Sonderzahl.
62221;Vj. Index der Tarifverdienste und Arbeitszeiten;JAHR;Jahr;2021;DINSGF;Früheres Bundesgebiet / Neue Länder;DN;Neue Länder;WZ08C7;WZ2008 (ausgewählte Positionen): Tarifindex;WZ08-12;Tabakverarbeitung;38,2;h;VST019;Durchschnittliche tarifliche Wochenarbeitszeit
62221;Vj. Index der Tarifverdienste und Arbeitszeiten;JAHR;Jahr;2021;DINSGF;Früheres Bundesgebiet / Neue Länder;DN;Neue Länder;WZ08C7;WZ2008 (ausgewählte Positionen): Tarifindex;WZ08-12;Tabakverarbeitung;102,6;2020=100;VST066;Index d.tarifl. Monatsverdienste ohne Sonderzahl.
62221;Vj. Index der Tarifverdienste und Arbeitszeiten;JAHR;Jahr;2021;DINSGF;Früheres Bundesgebiet / Neue Länder;DN;Neue Länder;WZ08C7;WZ2008 (ausgewählte Positionen): Tarifindex;WZ08-12;Tabakverarbeitung;100,0;2020=100;VST018;Index der tariflichen Wochenarbeitszeit
62221;Vj. Index der Tarifverdienste und Arbeitszeiten;JAHR;Jahr;2021;DINSGF;Früheres Bundesgebiet / Neue Länder;DN;Neue Länder;WZ08C7;WZ2008 (ausgewählte Positionen): Tarifindex;WZ08-12;Tabakverarbeitung;102,6;2020=100;VST065;Index d.tarifl. Stundenverdienste ohne Sonderzahl.
62221;Vj. Index der Tarifverdienste und Arbeitszeiten;JAHR;Jahr;2022;DINSGF;Früheres Bundesgebiet / Neue Länder;DF;Früheres Bundesgebiet;WZ08C7;WZ2008 (ausgewählte Positionen): Tarifindex;WZ08-22;Herstellung von Gummi- und Kunststoffwaren;103,5;2020=100;VST072;Index d.tarifl. Stundenverdienste mit Sonderzahl.
62221;Vj. Index der Tarifverdienste und Arbeitszeiten;JAHR;Jahr;2022;DINSGF;Früheres Bundesgebiet / Neue Länder;DF;Früheres Bundesgebiet;WZ08C7;WZ2008 (ausgewählte Positionen): Tarifindex;WZ08-22;Herstellung von Gummi- und Kunststoffwaren;103,5;2020=100;VST073;Index d.tarifl. Monatsverdienste mit Sonderzahl.
62221;Vj. Index der Tarifverdienste und Arbeitszeiten;JAHR;Jahr;2022;DINSGF;Früheres Bundesgebiet / Neue Länder;DF;Früheres Bundesgebiet;WZ08C7;WZ2008 (ausgewählte Positionen): Tarifindex;WZ08-22;Herstellung von Gummi- und Kunststoffwaren;36,9;h;VST019;Durchschnittliche tarifliche Wochenarbeitszeit
62221;Vj. Index der Tarifverdienste und Arbeitszeiten;JAHR;Jahr;2022;DINSGF;Früheres Bundesgebiet / Neue Länder;DF;Früheres Bundesgebiet;WZ08C7;WZ2008 (ausgewählte Positionen): Tarifindex;WZ08-22;Herstellung von Gummi- und Kunststoffwaren;101,9;2020=100;VST066;Index d.tarifl. Monatsverdienste ohne Sonderzahl.
62221;Vj. Index der Tarifverdienste und Arbeitszeiten;JAHR;Jahr;2022;DINSGF;Früheres Bundesgebiet / Neue Länder;DF;Früheres Bundesgebiet;WZ08C7;WZ2008 (ausgewählte Positionen): Tarifindex;WZ08-22;Herstellung von Gummi- und Kunststoffwaren;100,0;2020=100;VST018;Index der tariflichen Wochenarbeitszeit
62221;Vj. Index der Tarifverdienste und Arbeitszeiten;JAHR;Jahr;2022;DINSGF;Früheres Bundesgebiet / Neue Länder;DF;Früheres Bundesgebiet;WZ08C7;WZ2008 (ausgewählte Positionen): Tarifindex;WZ08-22;Herstellung von Gummi- und Kunststoffwaren;101,9;2020=100;VST065;Index d.tarifl. Stundenverdienste ohne Sonderzahl.
62221;Vj. Index der Tarifverdienste und Arbeitszeiten;JAHR;Jahr;2016;DINSGF;Früheres Bundesgebiet / Neue Länder;DF;Früheres Bundesgebiet;WZ08C7;WZ2008 (ausgewählte Positionen): Tarifindex;WZ08-69-02;Rechts- und Steuerberatung, Unternehmensberatung;91,0;2020=100;VST072;Index d.tarifl. Stundenverdienste mit Sonderzahl.
62221;Vj. Index der Tarifverdienste und Arbeitszeiten;JAHR;Jahr;2016;DINSGF;Früheres Bundesgebiet / Neue Länder;DF;Früheres Bundesgebiet;WZ08C7;WZ2008 (ausgewählte Positionen): Tarifindex;WZ08-69-02;Rechts- und Steuerberatung, Unternehmensberatung;91,0;2020=100;VST073;Index d.tarifl. Monatsverdienste mit Sonderzahl.
62221;Vj. Index der Tarifverdienste und Arbeitszeiten;JAHR;Jahr;2016;DINSGF;Früheres Bundesgebiet / Neue Länder;DF;Früheres Bundesgebiet;WZ08C7;WZ2008 (ausgewählte Positionen): Tarifindex;WZ08-69-02;Rechts- und Steuerberatung, Unternehmensberatung;37,5;h;VST019;Durchschnittliche tarifliche Wochenarbeitszeit
62221;Vj. Index der Tarifverdienste und Arbeitszeiten;JAHR;Jahr;2016;DINSGF;Früheres Bundesgebiet / Neue Länder;DF;Früheres Bundesgebiet;WZ08C7;WZ2008 (ausgewählte Positionen): Tarifindex;WZ08-69-02;Rechts- und Steuerberatung, Unternehmensberatung;91,5;2020=100;VST066;Index d.tarifl. Monatsverdienste ohne Sonderzahl.
62221;Vj. Index der Tarifverdienste und Arbeitszeiten;JAHR;Jahr;2016;DINSGF;Früheres Bundesgebiet / Neue Länder;DF;Früheres Bundesgebiet;WZ08C7;WZ2008 (ausgewählte Positionen): Tarifindex;WZ08-69-02;Rechts- und Steuerberatung, Unternehmensberatung;100,0;2020=100;VST018;Index der tariflichen Wochenarbeitszeit
62221;Vj. Index der Tarifverdienste und Arbeitszeiten;JAHR;Jahr;2016;DINSGF;Früheres Bundesgebiet / Neue Länder;DF;Früheres Bundesgebiet;WZ08C7;WZ2008 (ausgewählte Positionen): Tarifindex;WZ08-69-02;Rechts- und Steuerberatung, Unternehmensberatung;91,5;2020=100;VST065;Index d.tarifl. Stundenverdienste ohne Sonderzahl.
62221;Vj. Index der Tarifverdienste und Arbeitszeiten;JAHR;Jahr;2024;DINSGF;Früheres Bundesgebiet / Neue Länder;DN;Neue Länder;WZ08C7;WZ2008 (ausgewählte Positionen): Tarifindex;WZ08-43;Vorb.Baustellenarbeiten, Bauinstall., sonst.Ausbau;114,5;2020=100;VST072;Index d.tarifl. Stundenverdienste mit Sonderzahl.
62221;Vj. Index der Tarifverdienste und Arbeitszeiten;JAHR;Jahr;2024;DINSGF;Früheres Bundesgebiet / Neue Länder;DN;Neue Länder;WZ08C7;WZ2008 (ausgewählte Positionen): Tarifindex;WZ08-43;Vorb.Baustellenarbeiten, Bauinstall., sonst.Ausbau;114,4;2020=100;VST073;Index d.tarifl. Monatsverdienste mit Sonderzahl.
62221;Vj. Index der Tarifverdienste und Arbeitszeiten;JAHR;Jahr;2024;DINSGF;Früheres Bundesgebiet / Neue Länder;DN;Neue Länder;WZ08C7;WZ2008 (ausgewählte Positionen): Tarifindex;WZ08-43;Vorb.Baustellenarbeiten, Bauinstall., sonst.Ausbau;39,5;h;VST019;Durchschnittliche tarifliche Wochenarbeitszeit
62221;Vj. Index der Tarifverdienste und Arbeitszeiten;JAHR;Jahr;2024;DINSGF;Früheres Bundesgebiet / Neue Länder;DN;Neue Länder;WZ08C7;WZ2008 (ausgewählte Positionen): Tarifindex;WZ08-43;Vorb.Baustellenarbeiten, Bauinstall., sonst.Ausbau;112,9;2020=100;VST066;Index d.tarifl. Monatsverdienste ohne Sonderzahl.
62221;Vj. Index der Tarifverdienste und Arbeitszeiten;JAHR;Jahr;2024;DINSGF;Früheres Bundesgebiet / Neue Länder;DN;Neue Länder;WZ08C7;WZ2008 (ausgewählte Positionen): Tarifindex;WZ08-43;Vorb.Baustellenarbeiten, Bauinstall., sonst.Ausbau;100,0;2020=100;VST018;Index der tariflichen Wochenarbeitszeit
62221;Vj. Index der Tarifverdienste und Arbeitszeiten;JAHR;Jahr;2024;DINSGF;Früheres Bundesgebiet / Neue Länder;DN;Neue Länder;WZ08C7;WZ2008 (ausgewählte Positionen): Tarifindex;WZ08-43;Vorb.Baustellenarbeiten, Bauinstall., sonst.Ausbau;113,0;2020=100;VST065;Index d.tarifl. Stundenverdienste ohne Sonderzahl.
62221;Vj. Index der Tarifverdienste und Arbeitszeiten;JAHR;Jahr;2021;DINSGF;Früheres Bundesgebiet / Neue Länder;DN;Neue Länder;WZ08C7;WZ2008 (ausgewählte Positionen): Tarifindex;WZ08-27;Herstellung von elektrischen Ausrüstungen;100,9;2020=100;VST072;Index d.tarifl. Stundenverdienste mit Sonderzahl.
62221;Vj. Index der Tarifverdienste und Arbeitszeiten;JAHR;Jahr;2021;DINSGF;Früheres Bundesgebiet / Neue Länder;DN;Neue Länder;WZ08C7;WZ2008 (ausgewählte Positionen): Tarifindex;WZ08-27;Herstellung von elektrischen Ausrüstungen;100,9;2020=100;VST073;Index d.tarifl. Monatsverdienste mit Sonderzahl.
62221;Vj. Index der Tarifverdienste und Arbeitszeiten;JAHR;Jahr;2021;DINSGF;Früheres Bundesgebiet / Neue Länder;DN;Neue Länder;WZ08C7;WZ2008 (ausgewählte Positionen): Tarifindex;WZ08-27;Herstellung von elektrischen Ausrüstungen;37,8;h;VST019;Durchschnittliche tarifliche Wochenarbeitszeit
62221;Vj. Index der Tarifverdienste und Arbeitszeiten;JAHR;Jahr;2021;DINSGF;Früheres Bundesgebiet / Neue Länder;DN;Neue Länder;WZ08C7;WZ2008 (ausgewählte Positionen): Tarifindex;WZ08-27;Herstellung von elektrischen Ausrüstungen;100,0;2020=100;VST066;Index d.tarifl. Monatsverdienste ohne Sonderzahl.
62221;Vj. Index der Tarifverdienste und Arbeitszeiten;JAHR;Jahr;2021;DINSGF;Früheres Bundesgebiet / Neue Länder;DN;Neue Länder;WZ08C7;WZ2008 (ausgewählte Positionen): Tarifindex;WZ08-27;Herstellung von elektrischen Ausrüstungen;100,0;2020=100;VST018;Index der tariflichen Wochenarbeitszeit
62221;Vj. Index der Tarifverdienste und Arbeitszeiten;JAHR;Jahr;2021;DINSGF;Früheres Bundesgebiet / Neue Länder;DN;Neue Länder;WZ08C7;WZ2008 (ausgewählte Positionen): Tarifindex;WZ08-27;Herstellung von elektrischen Ausrüstungen;100,0;2020=100;VST065;Index d.tarifl. Stundenverdienste ohne Sonderzahl.
62221;Vj. Index der Tarifverdienste und Arbeitszeiten;JAHR;Jahr;2024;DINSGF;Früheres Bundesgebiet / Neue Länder;DN;Neue Länder;WZ08C7;WZ2008 (ausgewählte Positionen): Tarifindex;WZ08-49;Landverkehr und Transport in Rohrfernleitungen;117,5;2020=100;VST072;Index d.tarifl. Stundenverdienste mit Sonderzahl.
62221;Vj. Index der Tarifverdienste und Arbeitszeiten;JAHR;Jahr;2024;DINSGF;Früheres Bundesgebiet / Neue Länder;DN;Neue Länder;WZ08C7;WZ2008 (ausgewählte Positionen): Tarifindex;WZ08-49;Landverkehr und Transport in Rohrfernleitungen;116,6;2020=100;VST073;Index d.tarifl. Monatsverdienste mit Sonderzahl.
62221;Vj. Index der Tarifverdienste und Arbeitszeiten;JAHR;Jahr;2024;DINSGF;Früheres Bundesgebiet / Neue Länder;DN;Neue Länder;WZ08C7;WZ2008 (ausgewählte Positionen): Tarifindex;WZ08-49;Landverkehr und Transport in Rohrfernleitungen;39,0;h;VST019;Durchschnittliche tarifliche Wochenarbeitszeit
62221;Vj. Index der Tarifverdienste und Arbeitszeiten;JAHR;Jahr;2024;DINSGF;Früheres Bundesgebiet / Neue Länder;DN;Neue Länder;WZ08C7;WZ2008 (ausgewählte Positionen): Tarifindex;WZ08-49;Landverkehr und Transport in Rohrfernleitungen;115,9;2020=100;VST066;Index d.tarifl. Monatsverdienste ohne Sonderzahl.
62221;Vj. Index der Tarifverdienste und Arbeitszeiten;JAHR;Jahr;2024;DINSGF;Früheres Bundesgebiet / Neue Länder;DN;Neue Länder;WZ08C7;WZ2008 (ausgewählte Positionen): Tarifindex;WZ08-49;Landverkehr und Transport in Rohrfernleitungen;99,2;2020=100;VST018;Index der tariflichen Wochenarbeitszeit
62221;Vj. Index der Tarifverdienste und Arbeitszeiten;JAHR;Jahr;2024;DINSGF;Früheres Bundesgebiet / Neue Länder;DN;Neue Länder;WZ08C7;WZ2008 (ausgewählte Positionen): Tarifindex;WZ08-49;Landverkehr und Transport in Rohrfernleitungen;116,9;2020=100;VST065;Index d.tarifl. Stundenverdienste ohne Sonderzahl.
62221;Vj. Index der Tarifverdienste und Arbeitszeiten;JAHR;Jahr;2021;DINSGF;Früheres Bundesgebiet / Neue Länder;DN;Neue Länder;WZ08C7;WZ2008 (ausgewählte Positionen): Tarifindex;WZ08-18;H.v. Druckerz., Vervielf.v.Ton-,Bild-,Datenträgern;101,7;2020=100;VST072;Index d.tarifl. Stundenverdienste mit Sonderzahl.
62221;Vj. Index der Tarifverdienste und Arbeitszeiten;JAHR;Jahr;2021;DINSGF;Früheres Bundesgebiet / Neue Länder;DN;Neue Länder;WZ08C7;WZ2008 (ausgewählte Positionen): Tarifindex;WZ08-18;H.v. Druckerz., Vervielf.v.Ton-,Bild-,Datenträgern;101,7;2020=100;VST073;Index d.tarifl. Monatsverdienste mit Sonderzahl.
62221;Vj. Index der Tarifverdienste und Arbeitszeiten;JAHR;Jahr;2021;DINSGF;Früheres Bundesgebiet / Neue Länder;DN;Neue Länder;WZ08C7;WZ2008 (ausgewählte Positionen): Tarifindex;WZ08-18;H.v. Druckerz., Vervielf.v.Ton-,Bild-,Datenträgern;36,2;h;VST019;Durchschnittliche tarifliche Wochenarbeitszeit
62221;Vj. Index der Tarifverdienste und Arbeitszeiten;JAHR;Jahr;2021;DINSGF;Früheres Bundesgebiet / Neue Länder;DN;Neue Länder;WZ08C7;WZ2008 (ausgewählte Positionen): Tarifindex;WZ08-18;H.v. Druckerz., Vervielf.v.Ton-,Bild-,Datenträgern;101,5;2020=100;VST066;Index d.tarifl. Monatsverdienste ohne Sonderzahl.
62221;Vj. Index der Tarifverdienste und Arbeitszeiten;JAHR;Jahr;2021;DINSGF;Früheres Bundesgebiet / Neue Länder;DN;Neue Länder;WZ08C7;WZ2008 (ausgewählte Positionen): Tarifindex;WZ08-18;H.v. Druckerz., Vervielf.v.Ton-,Bild-,Datenträgern;100,0;2020=100;VST018;Index der tariflichen Wochenarbeitszeit
62221;Vj. Index der Tarifverdienste und Arbeitszeiten;JAHR;Jahr;2021;DINSGF;Früheres Bundesgebiet / Neue Länder;DN;Neue Länder;WZ08C7;WZ2008 (ausgewählte Positionen): Tarifindex;WZ08-18;H.v. Druckerz., Vervielf.v.Ton-,Bild-,Datenträgern;101,5;2020=100;VST065;Index d.tarifl. Stundenverdienste ohne Sonderzahl.
62221;Vj. Index der Tarifverdienste und Arbeitszeiten;JAHR;Jahr;2024;DINSGF;Früheres Bundesgebiet / Neue Länder;DF;Früheres Bundesgebiet;WZ08C7;WZ2008 (ausgewählte Positionen): Tarifindex;WZ08-D-05;Energie- und Wasserversorgung, Entsorgung u.a.;113,4;2020=100;VST072;Index d.tarifl. Stundenverdienste mit Sonderzahl.
62221;Vj. Index der Tarifverdienste und Arbeitszeiten;JAHR;Jahr;2024;DINSGF;Früheres Bundesgebiet / Neue Länder;DF;Früheres Bundesgebiet;WZ08C7;WZ2008 (ausgewählte Positionen): Tarifindex;WZ08-D-05;Energie- und Wasserversorgung, Entsorgung u.a.;113,4;2020=100;VST073;Index d.tarifl. Monatsverdienste mit Sonderzahl.
62221;Vj. Index der Tarifverdienste und Arbeitszeiten;JAHR;Jahr;2024;DINSGF;Früheres Bundesgebiet / Neue Länder;DF;Früheres Bundesgebiet;WZ08C7;WZ2008 (ausgewählte Positionen): Tarifindex;WZ08-D-05;Energie- und Wasserversorgung, Entsorgung u.a.;38,5;h;VST019;Durchschnittliche tarifliche Wochenarbeitszeit
62221;Vj. Index der Tarifverdienste und Arbeitszeiten;JAHR;Jahr;2024;DINSGF;Früheres Bundesgebiet / Neue Länder;DF;Früheres Bundesgebiet;WZ08C7;WZ2008 (ausgewählte Positionen): Tarifindex;WZ08-D-05;Energie- und Wasserversorgung, Entsorgung u.a.;112,7;2020=100;VST066;Index d.tarifl. Monatsverdienste ohne Sonderzahl.
62221;Vj. Index der Tarifverdienste und Arbeitszeiten;JAHR;Jahr;2024;DINSGF;Früheres Bundesgebiet / Neue Länder;DF;Früheres Bundesgebiet;WZ08C7;WZ2008 (ausgewählte Positionen): Tarifindex;WZ08-D-05;Energie- und Wasserversorgung, Entsorgung u.a.;100,0;2020=100;VST018;Index der tariflichen Wochenarbeitszeit
62221;Vj. Index der Tarifverdienste und Arbeitszeiten;JAHR;Jahr;2024;DINSGF;Früheres Bundesgebiet / Neue Länder;DF;Früheres Bundesgebiet;WZ08C7;WZ2008 (ausgewählte Positionen): Tarifindex;WZ08-D-05;Energie- und Wasserversorgung, Entsorgung u.a.;112,6;2020=100;VST065;Index d.tarifl. Stundenverdienste ohne Sonderzahl.
62221;Vj. Index der Tarifverdienste und Arbeitszeiten;JAHR;Jahr;2020;DINSGF;Früheres Bundesgebiet / Neue Länder;DN;Neue Länder;WZ08C7;WZ2008 (ausgewählte Positionen): Tarifindex;WZ08-59;Film, TV-Programme, Kinos, Tonstudios, Musikverlag;-;2020=100;VST072;Index d.tarifl. Stundenverdienste mit Sonderzahl.
62221;Vj. Index der Tarifverdienste und Arbeitszeiten;JAHR;Jahr;2020;DINSGF;Früheres Bundesgebiet / Neue Länder;DN;Neue Länder;WZ08C7;WZ2008 (ausgewählte Positionen): Tarifindex;WZ08-59;Film, TV-Programme, Kinos, Tonstudios, Musikverlag;-;2020=100;VST073;Index d.tarifl. Monatsverdienste mit Sonderzahl.
62221;Vj. Index der Tarifverdienste und Arbeitszeiten;JAHR;Jahr;2020;DINSGF;Früheres Bundesgebiet / Neue Länder;DN;Neue Länder;WZ08C7;WZ2008 (ausgewählte Positionen): Tarifindex;WZ08-59;Film, TV-Programme, Kinos, Tonstudios, Musikverlag;-;h;VST019;Durchschnittliche tarifliche Wochenarbeitszeit
62221;Vj. Index der Tarifverdienste und Arbeitszeiten;JAHR;Jahr;2020;DINSGF;Früheres Bundesgebiet / Neue Länder;DN;Neue Länder;WZ08C7;WZ2008 (ausgewählte Positionen): Tarifindex;WZ08-59;Film, TV-Programme, Kinos, Tonstudios, Musikverlag;-;2020=100;VST066;Index d.tarifl. Monatsverdienste ohne Sonderzahl.
62221;Vj. Index der Tarifverdienste und Arbeitszeiten;JAHR;Jahr;2020;DINSGF;Früheres Bundesgebiet / Neue Länder;DN;Neue Länder;WZ08C7;WZ2008 (ausgewählte Positionen): Tarifindex;WZ08-59;Film, TV-Programme, Kinos, Tonstudios, Musikverlag;-;2020=100;VST018;Index der tariflichen Wochenarbeitszeit
62221;Vj. Index der Tarifverdienste und Arbeitszeiten;JAHR;Jahr;2020;DINSGF;Früheres Bundesgebiet / Neue Länder;DN;Neue Länder;WZ08C7;WZ2008 (ausgewählte Positionen): Tarifindex;WZ08-59;Film, TV-Programme, Kinos, Tonstudios, Musikverlag;-;2020=100;VST065;Index d.tarifl. Stundenverdienste ohne Sonderzahl.
62221;Vj. Index der Tarifverdienste und Arbeitszeiten;JAHR;Jahr;2025;DINSGF;Früheres Bundesgebiet / Neue Länder;DN;Neue Länder;WZ08C7;WZ2008 (ausgewählte Positionen): Tarifindex;WZ-X004;Verbrauchsgüterproduzenten;122,6;2020=100;VST072;Index d.tarifl. Stundenverdienste mit Sonderzahl.
62221;Vj. Index der Tarifverdienste und Arbeitszeiten;JAHR;Jahr;2025;DINSGF;Früheres Bundesgebiet / Neue Länder;DN;Neue Länder;WZ08C7;WZ2008 (ausgewählte Positionen): Tarifindex;WZ-X004;Verbrauchsgüterproduzenten;121,8;2020=100;VST073;Index d.tarifl. Monatsverdienste mit Sonderzahl.
62221;Vj. Index der Tarifverdienste und Arbeitszeiten;JAHR;Jahr;2025;DINSGF;Früheres Bundesgebiet / Neue Länder;DN;Neue Länder;WZ08C7;WZ2008 (ausgewählte Positionen): Tarifindex;WZ-X004;Verbrauchsgüterproduzenten;38,4;h;VST019;Durchschnittliche tarifliche Wochenarbeitszeit
62221;Vj. Index der Tarifverdienste und Arbeitszeiten;JAHR;Jahr;2025;DINSGF;Früheres Bundesgebiet / Neue Länder;DN;Neue Länder;WZ08C7;WZ2008 (ausgewählte Positionen): Tarifindex;WZ-X004;Verbrauchsgüterproduzenten;121,8;2020=100;VST066;Index d.tarifl. Monatsverdienste ohne Sonderzahl.
62221;Vj. Index der Tarifverdienste und Arbeitszeiten;JAHR;Jahr;2025;DINSGF;Früheres Bundesgebiet / Neue Länder;DN;Neue Länder;WZ08C7;WZ2008 (ausgewählte Positionen): Tarifindex;WZ-X004;Verbrauchsgüterproduzenten;99,3;2020=100;VST018;Index der tariflichen Wochenarbeitszeit
62221;Vj. Index der Tarifverdienste und Arbeitszeiten;JAHR;Jahr;2025;DINSGF;Früheres Bundesgebiet / Neue Länder;DN;Neue Länder;WZ08C7;WZ2008 (ausgewählte Positionen): Tarifindex;WZ-X004;Verbrauchsgüterproduzenten;122,7;2020=100;VST065;Index d.tarifl. Stundenverdienste ohne Sonderzahl.
62221;Vj. Index der Tarifverdienste und Arbeitszeiten;JAHR;Jahr;2018;DINSGF;Früheres Bundesgebiet / Neue Länder;DF;Früheres Bundesgebiet;WZ08C7;WZ2008 (ausgewählte Positionen): Tarifindex;WZ08-Q;Gesundheits- und Sozialwesen;94,6;2020=100;VST072;Index d.tarifl. Stundenverdienste mit Sonderzahl.
62221;Vj. Index der Tarifverdienste und Arbeitszeiten;JAHR;Jahr;2018;DINSGF;Früheres Bundesgebiet / Neue Länder;DF;Früheres Bundesgebiet;WZ08C7;WZ2008 (ausgewählte Positionen): Tarifindex;WZ08-Q;Gesundheits- und Sozialwesen;94,6;2020=100;VST073;Index d.tarifl. Monatsverdienste mit Sonderzahl.
62221;Vj. Index der Tarifverdienste und Arbeitszeiten;JAHR;Jahr;2018;DINSGF;Früheres Bundesgebiet / Neue Länder;DF;Früheres Bundesgebiet;WZ08C7;WZ2008 (ausgewählte Positionen): Tarifindex;WZ08-Q;Gesundheits- und Sozialwesen;39,1;h;VST019;Durchschnittliche tarifliche Wochenarbeitszeit
62221;Vj. Index der Tarifverdienste und Arbeitszeiten;JAHR;Jahr;2018;DINSGF;Früheres Bundesgebiet / Neue Länder;DF;Früheres Bundesgebiet;WZ08C7;WZ2008 (ausgewählte Positionen): Tarifindex;WZ08-Q;Gesundheits- und Sozialwesen;94,5;2020=100;VST066;Index d.tarifl. Monatsverdienste ohne Sonderzahl.
62221;Vj. Index der Tarifverdienste und Arbeitszeiten;JAHR;Jahr;2018;DINSGF;Früheres Bundesgebiet / Neue Länder;DF;Früheres Bundesgebiet;WZ08C7;WZ2008 (ausgewählte Positionen): Tarifindex;WZ08-Q;Gesundheits- und Sozialwesen;100,0;2020=100;VST018;Index der tariflichen Wochenarbeitszeit
62221;Vj. Index der Tarifverdienste und Arbeitszeiten;JAHR;Jahr;2018;DINSGF;Früheres Bundesgebiet / Neue Länder;DF;Früheres Bundesgebiet;WZ08C7;WZ2008 (ausgewählte Positionen): Tarifindex;WZ08-Q;Gesundheits- und Sozialwesen;94,5;2020=100;VST065;Index d.tarifl. Stundenverdienste ohne Sonderzahl.
62221;Vj. Index der Tarifverdienste und Arbeitszeiten;JAHR;Jahr;2021;DINSGF;Früheres Bundesgebiet / Neue Länder;DF;Früheres Bundesgebiet;WZ08C7;WZ2008 (ausgewählte Positionen): Tarifindex;WZ08-10;Herstellung von Nahrungs- und Futtermitteln;102,0;2020=100;VST072;Index d.tarifl. Stundenverdienste mit Sonderzahl.
62221;Vj. Index der Tarifverdienste und Arbeitszeiten;JAHR;Jahr;2021;DINSGF;Früheres Bundesgebiet / Neue Länder;DF;Früheres Bundesgebiet;WZ08C7;WZ2008 (ausgewählte Positionen): Tarifindex;WZ08-10;Herstellung von Nahrungs- und Futtermitteln;102,0;2020=100;VST073;Index d.tarifl. Monatsverdienste mit Sonderzahl.
62221;Vj. Index der Tarifverdienste und Arbeitszeiten;JAHR;Jahr;2021;DINSGF;Früheres Bundesgebiet / Neue Länder;DF;Früheres Bundesgebiet;WZ08C7;WZ2008 (ausgewählte Positionen): Tarifindex;WZ08-10;Herstellung von Nahrungs- und Futtermitteln;38,1;h;VST019;Durchschnittliche tarifliche Wochenarbeitszeit
62221;Vj. Index der Tarifverdienste und Arbeitszeiten;JAHR;Jahr;2021;DINSGF;Früheres Bundesgebiet / Neue Länder;DF;Früheres Bundesgebiet;WZ08C7;WZ2008 (ausgewählte Positionen): Tarifindex;WZ08-10;Herstellung von Nahrungs- und Futtermitteln;102,0;2020=100;VST066;Index d.tarifl. Monatsverdienste ohne Sonderzahl.
62221;Vj. Index der Tarifverdienste und Arbeitszeiten;JAHR;Jahr;2021;DINSGF;Früheres Bundesgebiet / Neue Länder;DF;Früheres Bundesgebiet;WZ08C7;WZ2008 (ausgewählte Positionen): Tarifindex;WZ08-10;Herstellung von Nahrungs- und Futtermitteln;100,0;2020=100;VST018;Index der tariflichen Wochenarbeitszeit
62221;Vj. Index der Tarifverdienste und Arbeitszeiten;JAHR;Jahr;2021;DINSGF;Früheres Bundesgebiet / Neue Länder;DF;Früheres Bundesgebiet;WZ08C7;WZ2008 (ausgewählte Positionen): Tarifindex;WZ08-10;Herstellung von Nahrungs- und Futtermitteln;102,0;2020=100;VST065;Index d.tarifl. Stundenverdienste ohne Sonderzahl.
62221;Vj. Index der Tarifverdienste und Arbeitszeiten;JAHR;Jahr;2022;DINSGF;Früheres Bundesgebiet / Neue Länder;DF;Früheres Bundesgebiet;WZ08C7;WZ2008 (ausgewählte Positionen): Tarifindex;WZ08-20-01;Chemische Industrie;104,9;2020=100;VST072;Index d.tarifl. Stundenverdienste mit Sonderzahl.
62221;Vj. Index der Tarifverdienste und Arbeitszeiten;JAHR;Jahr;2022;DINSGF;Früheres Bundesgebiet / Neue Länder;DF;Früheres Bundesgebiet;WZ08C7;WZ2008 (ausgewählte Positionen): Tarifindex;WZ08-20-01;Chemische Industrie;104,9;2020=100;VST073;Index d.tarifl. Monatsverdienste mit Sonderzahl.
62221;Vj. Index der Tarifverdienste und Arbeitszeiten;JAHR;Jahr;2022;DINSGF;Früheres Bundesgebiet / Neue Länder;DF;Früheres Bundesgebiet;WZ08C7;WZ2008 (ausgewählte Positionen): Tarifindex;WZ08-20-01;Chemische Industrie;37,5;h;VST019;Durchschnittliche tarifliche Wochenarbeitszeit
62221;Vj. Index der Tarifverdienste und Arbeitszeiten;JAHR;Jahr;2022;DINSGF;Früheres Bundesgebiet / Neue Länder;DF;Früheres Bundesgebiet;WZ08C7;WZ2008 (ausgewählte Positionen): Tarifindex;WZ08-20-01;Chemische Industrie;102,1;2020=100;VST066;Index d.tarifl. Monatsverdienste ohne Sonderzahl.
62221;Vj. Index der Tarifverdienste und Arbeitszeiten;JAHR;Jahr;2022;DINSGF;Früheres Bundesgebiet / Neue Länder;DF;Früheres Bundesgebiet;WZ08C7;WZ2008 (ausgewählte Positionen): Tarifindex;WZ08-20-01;Chemische Industrie;100,0;2020=100;VST018;Index der tariflichen Wochenarbeitszeit
62221;Vj. Index der Tarifverdienste und Arbeitszeiten;JAHR;Jahr;2022;DINSGF;Früheres Bundesgebiet / Neue Länder;DF;Früheres Bundesgebiet;WZ08C7;WZ2008 (ausgewählte Positionen): Tarifindex;WZ08-20-01;Chemische Industrie;102,1;2020=100;VST065;Index d.tarifl. Stundenverdienste ohne Sonderzahl.
62221;Vj. Index der Tarifverdienste und Arbeitszeiten;JAHR;Jahr;2023;DINSGF;Früheres Bundesgebiet / Neue Länder;DN;Neue Länder;WZ08C7;WZ2008 (ausgewählte Positionen): Tarifindex;WZ08-P;Erziehung und Unterricht;105,3;2020=100;VST072;Index d.tarifl. Stundenverdienste mit Sonderzahl.
62221;Vj. Index der Tarifverdienste und Arbeitszeiten;JAHR;Jahr;2023;DINSGF;Früheres Bundesgebiet / Neue Länder;DN;Neue Länder;WZ08C7;WZ2008 (ausgewählte Positionen): Tarifindex;WZ08-P;Erziehung und Unterricht;105,3;2020=100;VST073;Index d.tarifl. Monatsverdienste mit Sonderzahl.
62221;Vj. Index der Tarifverdienste und Arbeitszeiten;JAHR;Jahr;2023;DINSGF;Früheres Bundesgebiet / Neue Länder;DN;Neue Länder;WZ08C7;WZ2008 (ausgewählte Positionen): Tarifindex;WZ08-P;Erziehung und Unterricht;39,7;h;VST019;Durchschnittliche tarifliche Wochenarbeitszeit
62221;Vj. Index der Tarifverdienste und Arbeitszeiten;JAHR;Jahr;2023;DINSGF;Früheres Bundesgebiet / Neue Länder;DN;Neue Länder;WZ08C7;WZ2008 (ausgewählte Positionen): Tarifindex;WZ08-P;Erziehung und Unterricht;104,4;2020=100;VST066;Index d.tarifl. Monatsverdienste ohne Sonderzahl.
62221;Vj. Index der Tarifverdienste und Arbeitszeiten;JAHR;Jahr;2023;DINSGF;Früheres Bundesgebiet / Neue Länder;DN;Neue Länder;WZ08C7;WZ2008 (ausgewählte Positionen): Tarifindex;WZ08-P;Erziehung und Unterricht;100,0;2020=100;VST018;Index der tariflichen Wochenarbeitszeit
62221;Vj. Index der Tarifverdienste und Arbeitszeiten;JAHR;Jahr;2023;DINSGF;Früheres Bundesgebiet / Neue Länder;DN;Neue Länder;WZ08C7;WZ2008 (ausgewählte Positionen): Tarifindex;WZ08-P;Erziehung und Unterricht;104,4;2020=100;VST065;Index d.tarifl. Stundenverdienste ohne Sonderzahl.
62221;Vj. Index der Tarifverdienste und Arbeitszeiten;JAHR;Jahr;2021;DINSGF;Früheres Bundesgebiet / Neue Länder;DF;Früheres Bundesgebiet;WZ08C7;WZ2008 (ausgewählte Positionen): Tarifindex;WZ08-16;H.v. Holz-, Flecht-, Korb-u.Korkwaren (ohne Möbel);101,4;2020=100;VST072;Index d.tarifl. Stundenverdienste mit Sonderzahl.
62221;Vj. Index der Tarifverdienste und Arbeitszeiten;JAHR;Jahr;2021;DINSGF;Früheres Bundesgebiet / Neue Länder;DF;Früheres Bundesgebiet;WZ08C7;WZ2008 (ausgewählte Positionen): Tarifindex;WZ08-16;H.v. Holz-, Flecht-, Korb-u.Korkwaren (ohne Möbel);101,4;2020=100;VST073;Index d.tarifl. Monatsverdienste mit Sonderzahl.
62221;Vj. Index der Tarifverdienste und Arbeitszeiten;JAHR;Jahr;2021;DINSGF;Früheres Bundesgebiet / Neue Länder;DF;Früheres Bundesgebiet;WZ08C7;WZ2008 (ausgewählte Positionen): Tarifindex;WZ08-16;H.v. Holz-, Flecht-, Korb-u.Korkwaren (ohne Möbel);37,3;h;VST019;Durchschnittliche tarifliche Wochenarbeitszeit
62221;Vj. Index der Tarifverdienste und Arbeitszeiten;JAHR;Jahr;2021;DINSGF;Früheres Bundesgebiet / Neue Länder;DF;Früheres Bundesgebiet;WZ08C7;WZ2008 (ausgewählte Positionen): Tarifindex;WZ08-16;H.v. Holz-, Flecht-, Korb-u.Korkwaren (ohne Möbel);101,9;2020=100;VST066;Index d.tarifl. Monatsverdienste ohne Sonderzahl.
62221;Vj. Index der Tarifverdienste und Arbeitszeiten;JAHR;Jahr;2021;DINSGF;Früheres Bundesgebiet / Neue Länder;DF;Früheres Bundesgebiet;WZ08C7;WZ2008 (ausgewählte Positionen): Tarifindex;WZ08-16;H.v. Holz-, Flecht-, Korb-u.Korkwaren (ohne Möbel);100,0;2020=100;VST018;Index der tariflichen Wochenarbeitszeit
62221;Vj. Index der Tarifverdienste und Arbeitszeiten;JAHR;Jahr;2021;DINSGF;Früheres Bundesgebiet / Neue Länder;DF;Früheres Bundesgebiet;WZ08C7;WZ2008 (ausgewählte Positionen): Tarifindex;WZ08-16;H.v. Holz-, Flecht-, Korb-u.Korkwaren (ohne Möbel);101,9;2020=100;VST065;Index d.tarifl. Stundenverdienste ohne Sonderzahl.
62221;Vj. Index der Tarifverdienste und Arbeitszeiten;JAHR;Jahr;2018;DINSGF;Früheres Bundesgebiet / Neue Länder;DF;Früheres Bundesgebiet;WZ08C7;WZ2008 (ausgewählte Positionen): Tarifindex;WZ08-88;Sozialwesen (ohne Heime);94,6;2020=100;VST072;Index d.tarifl. Stundenverdienste mit Sonderzahl.
62221;Vj. Index der Tarifverdienste und Arbeitszeiten;JAHR;Jahr;2018;DINSGF;Früheres Bundesgebiet / Neue Länder;DF;Früheres Bundesgebiet;WZ08C7;WZ2008 (ausgewählte Positionen): Tarifindex;WZ08-88;Sozialwesen (ohne Heime);94,6;2020=100;VST073;Index d.tarifl. Monatsverdienste mit Sonderzahl.
62221;Vj. Index der Tarifverdienste und Arbeitszeiten;JAHR;Jahr;2018;DINSGF;Früheres Bundesgebiet / Neue Länder;DF;Früheres Bundesgebiet;WZ08C7;WZ2008 (ausgewählte Positionen): Tarifindex;WZ08-88;Sozialwesen (ohne Heime);39,0;h;VST019;Durchschnittliche tarifliche Wochenarbeitszeit
62221;Vj. Index der Tarifverdienste und Arbeitszeiten;JAHR;Jahr;2018;DINSGF;Früheres Bundesgebiet / Neue Länder;DF;Früheres Bundesgebiet;WZ08C7;WZ2008 (ausgewählte Positionen): Tarifindex;WZ08-88;Sozialwesen (ohne Heime);94,2;2020=100;VST066;Index d.tarifl. Monatsverdienste ohne Sonderzahl.
62221;Vj. Index der Tarifverdienste und Arbeitszeiten;JAHR;Jahr;2018;DINSGF;Früheres Bundesgebiet / Neue Länder;DF;Früheres Bundesgebiet;WZ08C7;WZ2008 (ausgewählte Positionen): Tarifindex;WZ08-88;Sozialwesen (ohne Heime);100,0;2020=100;VST018;Index der tariflichen Wochenarbeitszeit
62221;Vj. Index der Tarifverdienste und Arbeitszeiten;JAHR;Jahr;2018;DINSGF;Früheres Bundesgebiet / Neue Länder;DF;Früheres Bundesgebiet;WZ08C7;WZ2008 (ausgewählte Positionen): Tarifindex;WZ08-88;Sozialwesen (ohne Heime);94,2;2020=100;VST065;Index d.tarifl. Stundenverdienste ohne Sonderzahl.
62221;Vj. Index der Tarifverdienste und Arbeitszeiten;JAHR;Jahr;2018;DINSGF;Früheres Bundesgebiet / Neue Länder;DF;Früheres Bundesgebiet;WZ08C7;WZ2008 (ausgewählte Positionen): Tarifindex;WZ08-B-13;Prod. Gewerbe, Handel, Information u.Kommunikation;95,9;2020=100;VST072;Index d.tarifl. Stundenverdienste mit Sonderzahl.
62221;Vj. Index der Tarifverdienste und Arbeitszeiten;JAHR;Jahr;2018;DINSGF;Früheres Bundesgebiet / Neue Länder;DF;Früheres Bundesgebiet;WZ08C7;WZ2008 (ausgewählte Positionen): Tarifindex;WZ08-B-13;Prod. Gewerbe, Handel, Information u.Kommunikation;96,0;2020=100;VST073;Index d.tarifl. Monatsverdienste mit Sonderzahl.
62221;Vj. Index der Tarifverdienste und Arbeitszeiten;JAHR;Jahr;2018;DINSGF;Früheres Bundesgebiet / Neue Länder;DF;Früheres Bundesgebiet;WZ08C7;WZ2008 (ausgewählte Positionen): Tarifindex;WZ08-B-13;Prod. Gewerbe, Handel, Information u.Kommunikation;36,9;h;VST019;Durchschnittliche tarifliche Wochenarbeitszeit
62221;Vj. Index der Tarifverdienste und Arbeitszeiten;JAHR;Jahr;2018;DINSGF;Früheres Bundesgebiet / Neue Länder;DF;Früheres Bundesgebiet;WZ08C7;WZ2008 (ausgewählte Positionen): Tarifindex;WZ08-B-13;Prod. Gewerbe, Handel, Information u.Kommunikation;97,1;2020=100;VST066;Index d.tarifl. Monatsverdienste ohne Sonderzahl.
62221;Vj. Index der Tarifverdienste und Arbeitszeiten;JAHR;Jahr;2018;DINSGF;Früheres Bundesgebiet / Neue Länder;DF;Früheres Bundesgebiet;WZ08C7;WZ2008 (ausgewählte Positionen): Tarifindex;WZ08-B-13;Prod. Gewerbe, Handel, Information u.Kommunikation;100,0;2020=100;VST018;Index der tariflichen Wochenarbeitszeit
62221;Vj. Index der Tarifverdienste und Arbeitszeiten;JAHR;Jahr;2018;DINSGF;Früheres Bundesgebiet / Neue Länder;DF;Früheres Bundesgebiet;WZ08C7;WZ2008 (ausgewählte Positionen): Tarifindex;WZ08-B-13;Prod. Gewerbe, Handel, Information u.Kommunikation;97,1;2020=100;VST065;Index d.tarifl. Stundenverdienste ohne Sonderzahl.
62221;Vj. Index der Tarifverdienste und Arbeitszeiten;JAHR;Jahr;2024;DINSGF;Früheres Bundesgebiet / Neue Länder;DN;Neue Länder;WZ08C7;WZ2008 (ausgewählte Positionen): Tarifindex;WZ08-25;Herstellung von Metallerzeugnissen;113,4;2020=100;VST072;Index d.tarifl. Stundenverdienste mit Sonderzahl.
62221;Vj. Index der Tarifverdienste und Arbeitszeiten;JAHR;Jahr;2024;DINSGF;Früheres Bundesgebiet / Neue Länder;DN;Neue Länder;WZ08C7;WZ2008 (ausgewählte Positionen): Tarifindex;WZ08-25;Herstellung von Metallerzeugnissen;113,4;2020=100;VST073;Index d.tarifl. Monatsverdienste mit Sonderzahl.
62221;Vj. Index der Tarifverdienste und Arbeitszeiten;JAHR;Jahr;2024;DINSGF;Früheres Bundesgebiet / Neue Länder;DN;Neue Länder;WZ08C7;WZ2008 (ausgewählte Positionen): Tarifindex;WZ08-25;Herstellung von Metallerzeugnissen;37,7;h;VST019;Durchschnittliche tarifliche Wochenarbeitszeit
62221;Vj. Index der Tarifverdienste und Arbeitszeiten;JAHR;Jahr;2024;DINSGF;Früheres Bundesgebiet / Neue Länder;DN;Neue Länder;WZ08C7;WZ2008 (ausgewählte Positionen): Tarifindex;WZ08-25;Herstellung von Metallerzeugnissen;108,0;2020=100;VST066;Index d.tarifl. Monatsverdienste ohne Sonderzahl.
62221;Vj. Index der Tarifverdienste und Arbeitszeiten;JAHR;Jahr;2024;DINSGF;Früheres Bundesgebiet / Neue Länder;DN;Neue Länder;WZ08C7;WZ2008 (ausgewählte Positionen): Tarifindex;WZ08-25;Herstellung von Metallerzeugnissen;100,0;2020=100;VST018;Index der tariflichen Wochenarbeitszeit
62221;Vj. Index der Tarifverdienste und Arbeitszeiten;JAHR;Jahr;2024;DINSGF;Früheres Bundesgebiet / Neue Länder;DN;Neue Länder;WZ08C7;WZ2008 (ausgewählte Positionen): Tarifindex;WZ08-25;Herstellung von Metallerzeugnissen;108,0;2020=100;VST065;Index d.tarifl. Stundenverdienste ohne Sonderzahl.
62221;Vj. Index der Tarifverdienste und Arbeitszeiten;JAHR;Jahr;2023;DINSGF;Früheres Bundesgebiet / Neue Länder;DF;Früheres Bundesgebiet;WZ08C7;WZ2008 (ausgewählte Positionen): Tarifindex;WZ08-23;H.v.Glas,-waren,Keramik,Verarb. v.Steinen u.Erden;110,0;2020=100;VST072;Index d.tarifl. Stundenverdienste mit Sonderzahl.
62221;Vj. Index der Tarifverdienste und Arbeitszeiten;JAHR;Jahr;2023;DINSGF;Früheres Bundesgebiet / Neue Länder;DF;Früheres Bundesgebiet;WZ08C7;WZ2008 (ausgewählte Positionen): Tarifindex;WZ08-23;H.v.Glas,-waren,Keramik,Verarb. v.Steinen u.Erden;110,0;2020=100;VST073;Index d.tarifl. Monatsverdienste mit Sonderzahl.
62221;Vj. Index der Tarifverdienste und Arbeitszeiten;JAHR;Jahr;2023;DINSGF;Früheres Bundesgebiet / Neue Länder;DF;Früheres Bundesgebiet;WZ08C7;WZ2008 (ausgewählte Positionen): Tarifindex;WZ08-23;H.v.Glas,-waren,Keramik,Verarb. v.Steinen u.Erden;38,0;h;VST019;Durchschnittliche tarifliche Wochenarbeitszeit
62221;Vj. Index der Tarifverdienste und Arbeitszeiten;JAHR;Jahr;2023;DINSGF;Früheres Bundesgebiet / Neue Länder;DF;Früheres Bundesgebiet;WZ08C7;WZ2008 (ausgewählte Positionen): Tarifindex;WZ08-23;H.v.Glas,-waren,Keramik,Verarb. v.Steinen u.Erden;107,8;2020=100;VST066;Index d.tarifl. Monatsverdienste ohne Sonderzahl.
62221;Vj. Index der Tarifverdienste und Arbeitszeiten;JAHR;Jahr;2023;DINSGF;Früheres Bundesgebiet / Neue Länder;DF;Früheres Bundesgebiet;WZ08C7;WZ2008 (ausgewählte Positionen): Tarifindex;WZ08-23;H.v.Glas,-waren,Keramik,Verarb. v.Steinen u.Erden;100,0;2020=100;VST018;Index der tariflichen Wochenarbeitszeit
62221;Vj. Index der Tarifverdienste und Arbeitszeiten;JAHR;Jahr;2023;DINSGF;Früheres Bundesgebiet / Neue Länder;DF;Früheres Bundesgebiet;WZ08C7;WZ2008 (ausgewählte Positionen): Tarifindex;WZ08-23;H.v.Glas,-waren,Keramik,Verarb. v.Steinen u.Erden;107,8;2020=100;VST065;Index d.tarifl. Stundenverdienste ohne Sonderzahl.
62221;Vj. Index der Tarifverdienste und Arbeitszeiten;JAHR;Jahr;2018;DINSGF;Früheres Bundesgebiet / Neue Länder;DF;Früheres Bundesgebiet;WZ08C7;WZ2008 (ausgewählte Positionen): Tarifindex;WZ08-K;Erbringung v. Finanz- u. Versicherungsdienstleist.;96,1;2020=100;VST072;Index d.tarifl. Stundenverdienste mit Sonderzahl.
62221;Vj. Index der Tarifverdienste und Arbeitszeiten;JAHR;Jahr;2018;DINSGF;Früheres Bundesgebiet / Neue Länder;DF;Früheres Bundesgebiet;WZ08C7;WZ2008 (ausgewählte Positionen): Tarifindex;WZ08-K;Erbringung v. Finanz- u. Versicherungsdienstleist.;96,1;2020=100;VST073;Index d.tarifl. Monatsverdienste mit Sonderzahl.
62221;Vj. Index der Tarifverdienste und Arbeitszeiten;JAHR;Jahr;2018;DINSGF;Früheres Bundesgebiet / Neue Länder;DF;Früheres Bundesgebiet;WZ08C7;WZ2008 (ausgewählte Positionen): Tarifindex;WZ08-K;Erbringung v. Finanz- u. Versicherungsdienstleist.;38,8;h;VST019;Durchschnittliche tarifliche Wochenarbeitszeit
62221;Vj. Index der Tarifverdienste und Arbeitszeiten;JAHR;Jahr;2018;DINSGF;Früheres Bundesgebiet / Neue Länder;DF;Früheres Bundesgebiet;WZ08C7;WZ2008 (ausgewählte Positionen): Tarifindex;WZ08-K;Erbringung v. Finanz- u. Versicherungsdienstleist.;95,9;2020=100;VST066;Index d.tarifl. Monatsverdienste ohne Sonderzahl.
62221;Vj. Index der Tarifverdienste und Arbeitszeiten;JAHR;Jahr;2018;DINSGF;Früheres Bundesgebiet / Neue Länder;DF;Früheres Bundesgebiet;WZ08C7;WZ2008 (ausgewählte Positionen): Tarifindex;WZ08-K;Erbringung v. Finanz- u. Versicherungsdienstleist.;100,0;2020=100;VST018;Index der tariflichen Wochenarbeitszeit
62221;Vj. Index der Tarifverdienste und Arbeitszeiten;JAHR;Jahr;2018;DINSGF;Früheres Bundesgebiet / Neue Länder;DF;Früheres Bundesgebiet;WZ08C7;WZ2008 (ausgewählte Positionen): Tarifindex;WZ08-K;Erbringung v. Finanz- u. Versicherungsdienstleist.;95,9;2020=100;VST065;Index d.tarifl. Stundenverdienste ohne Sonderzahl.
62221;Vj. Index der Tarifverdienste und Arbeitszeiten;JAHR;Jahr;2022;DINSGF;Früheres Bundesgebiet / Neue Länder;DF;Früheres Bundesgebiet;WZ08C7;WZ2008 (ausgewählte Positionen): Tarifindex;WZ08-73;Werbung und Marktforschung;101,4;2020=100;VST072;Index d.tarifl. Stundenverdienste mit Sonderzahl.
62221;Vj. Index der Tarifverdienste und Arbeitszeiten;JAHR;Jahr;2022;DINSGF;Früheres Bundesgebiet / Neue Länder;DF;Früheres Bundesgebiet;WZ08C7;WZ2008 (ausgewählte Positionen): Tarifindex;WZ08-73;Werbung und Marktforschung;101,4;2020=100;VST073;Index d.tarifl. Monatsverdienste mit Sonderzahl.
62221;Vj. Index der Tarifverdienste und Arbeitszeiten;JAHR;Jahr;2022;DINSGF;Früheres Bundesgebiet / Neue Länder;DF;Früheres Bundesgebiet;WZ08C7;WZ2008 (ausgewählte Positionen): Tarifindex;WZ08-73;Werbung und Marktforschung;38,6;h;VST019;Durchschnittliche tarifliche Wochenarbeitszeit
62221;Vj. Index der Tarifverdienste und Arbeitszeiten;JAHR;Jahr;2022;DINSGF;Früheres Bundesgebiet / Neue Länder;DF;Früheres Bundesgebiet;WZ08C7;WZ2008 (ausgewählte Positionen): Tarifindex;WZ08-73;Werbung und Marktforschung;103,0;2020=100;VST066;Index d.tarifl. Monatsverdienste ohne Sonderzahl.
62221;Vj. Index der Tarifverdienste und Arbeitszeiten;JAHR;Jahr;2022;DINSGF;Früheres Bundesgebiet / Neue Länder;DF;Früheres Bundesgebiet;WZ08C7;WZ2008 (ausgewählte Positionen): Tarifindex;WZ08-73;Werbung und Marktforschung;100,0;2020=100;VST018;Index der tariflichen Wochenarbeitszeit
62221;Vj. Index der Tarifverdienste und Arbeitszeiten;JAHR;Jahr;2022;DINSGF;Früheres Bundesgebiet / Neue Länder;DF;Früheres Bundesgebiet;WZ08C7;WZ2008 (ausgewählte Positionen): Tarifindex;WZ08-73;Werbung und Marktforschung;103,0;2020=100;VST065;Index d.tarifl. Stundenverdienste ohne Sonderzahl.
62221;Vj. Index der Tarifverdienste und Arbeitszeiten;JAHR;Jahr;2023;DINSGF;Früheres Bundesgebiet / Neue Länder;DN;Neue Länder;WZ08C7;WZ2008 (ausgewählte Positionen): Tarifindex;WZ08-D;Energieversorgung;108,5;2020=100;VST072;Index d.tarifl. Stundenverdienste mit Sonderzahl.
62221;Vj. Index der Tarifverdienste und Arbeitszeiten;JAHR;Jahr;2023;DINSGF;Früheres Bundesgebiet / Neue Länder;DN;Neue Länder;WZ08C7;WZ2008 (ausgewählte Positionen): Tarifindex;WZ08-D;Energieversorgung;108,4;2020=100;VST073;Index d.tarifl. Monatsverdienste mit Sonderzahl.
62221;Vj. Index der Tarifverdienste und Arbeitszeiten;JAHR;Jahr;2023;DINSGF;Früheres Bundesgebiet / Neue Länder;DN;Neue Länder;WZ08C7;WZ2008 (ausgewählte Positionen): Tarifindex;WZ08-D;Energieversorgung;38,1;h;VST019;Durchschnittliche tarifliche Wochenarbeitszeit
62221;Vj. Index der Tarifverdienste und Arbeitszeiten;JAHR;Jahr;2023;DINSGF;Früheres Bundesgebiet / Neue Länder;DN;Neue Länder;WZ08C7;WZ2008 (ausgewählte Positionen): Tarifindex;WZ08-D;Energieversorgung;106,4;2020=100;VST066;Index d.tarifl. Monatsverdienste ohne Sonderzahl.
62221;Vj. Index der Tarifverdienste und Arbeitszeiten;JAHR;Jahr;2023;DINSGF;Früheres Bundesgebiet / Neue Länder;DN;Neue Länder;WZ08C7;WZ2008 (ausgewählte Positionen): Tarifindex;WZ08-D;Energieversorgung;99,9;2020=100;VST018;Index der tariflichen Wochenarbeitszeit
62221;Vj. Index der Tarifverdienste und Arbeitszeiten;JAHR;Jahr;2023;DINSGF;Früheres Bundesgebiet / Neue Länder;DN;Neue Länder;WZ08C7;WZ2008 (ausgewählte Positionen): Tarifindex;WZ08-D;Energieversorgung;106,5;2020=100;VST065;Index d.tarifl. Stundenverdienste ohne Sonderzahl.
62221;Vj. Index der Tarifverdienste und Arbeitszeiten;JAHR;Jahr;2021;DINSGF;Früheres Bundesgebiet / Neue Länder;DF;Früheres Bundesgebiet;WZ08C7;WZ2008 (ausgewählte Positionen): Tarifindex;WZ08-61;Telekommunikation;101,7;2020=100;VST072;Index d.tarifl. Stundenverdienste mit Sonderzahl.
62221;Vj. Index der Tarifverdienste und Arbeitszeiten;JAHR;Jahr;2021;DINSGF;Früheres Bundesgebiet / Neue Länder;DF;Früheres Bundesgebiet;WZ08C7;WZ2008 (ausgewählte Positionen): Tarifindex;WZ08-61;Telekommunikation;101,7;2020=100;VST073;Index d.tarifl. Monatsverdienste mit Sonderzahl.
62221;Vj. Index der Tarifverdienste und Arbeitszeiten;JAHR;Jahr;2021;DINSGF;Früheres Bundesgebiet / Neue Länder;DF;Früheres Bundesgebiet;WZ08C7;WZ2008 (ausgewählte Positionen): Tarifindex;WZ08-61;Telekommunikation;37,4;h;VST019;Durchschnittliche tarifliche Wochenarbeitszeit
62221;Vj. Index der Tarifverdienste und Arbeitszeiten;JAHR;Jahr;2021;DINSGF;Früheres Bundesgebiet / Neue Länder;DF;Früheres Bundesgebiet;WZ08C7;WZ2008 (ausgewählte Positionen): Tarifindex;WZ08-61;Telekommunikation;101,7;2020=100;VST066;Index d.tarifl. Monatsverdienste ohne Sonderzahl.
62221;Vj. Index der Tarifverdienste und Arbeitszeiten;JAHR;Jahr;2021;DINSGF;Früheres Bundesgebiet / Neue Länder;DF;Früheres Bundesgebiet;WZ08C7;WZ2008 (ausgewählte Positionen): Tarifindex;WZ08-61;Telekommunikation;100,0;2020=100;VST018;Index der tariflichen Wochenarbeitszeit
62221;Vj. Index der Tarifverdienste und Arbeitszeiten;JAHR;Jahr;2021;DINSGF;Früheres Bundesgebiet / Neue Länder;DF;Früheres Bundesgebiet;WZ08C7;WZ2008 (ausgewählte Positionen): Tarifindex;WZ08-61;Telekommunikation;101,7;2020=100;VST065;Index d.tarifl. Stundenverdienste ohne Sonderzahl.
62221;Vj. Index der Tarifverdienste und Arbeitszeiten;JAHR;Jahr;2020;DINSGF;Früheres Bundesgebiet / Neue Länder;DN;Neue Länder;WZ08C7;WZ2008 (ausgewählte Positionen): Tarifindex;WZ08-53;Post-, Kurier- und Expressdienste;100,0;2020=100;VST072;Index d.tarifl. Stundenverdienste mit Sonderzahl.
62221;Vj. Index der Tarifverdienste und Arbeitszeiten;JAHR;Jahr;2020;DINSGF;Früheres Bundesgebiet / Neue Länder;DN;Neue Länder;WZ08C7;WZ2008 (ausgewählte Positionen): Tarifindex;WZ08-53;Post-, Kurier- und Expressdienste;100,0;2020=100;VST073;Index d.tarifl. Monatsverdienste mit Sonderzahl.
62221;Vj. Index der Tarifverdienste und Arbeitszeiten;JAHR;Jahr;2020;DINSGF;Früheres Bundesgebiet / Neue Länder;DN;Neue Länder;WZ08C7;WZ2008 (ausgewählte Positionen): Tarifindex;WZ08-53;Post-, Kurier- und Expressdienste;38,5;h;VST019;Durchschnittliche tarifliche Wochenarbeitszeit
62221;Vj. Index der Tarifverdienste und Arbeitszeiten;JAHR;Jahr;2020;DINSGF;Früheres Bundesgebiet / Neue Länder;DN;Neue Länder;WZ08C7;WZ2008 (ausgewählte Positionen): Tarifindex;WZ08-53;Post-, Kurier- und Expressdienste;100,0;2020=100;VST066;Index d.tarifl. Monatsverdienste ohne Sonderzahl.
62221;Vj. Index der Tarifverdienste und Arbeitszeiten;JAHR;Jahr;2020;DINSGF;Früheres Bundesgebiet / Neue Länder;DN;Neue Länder;WZ08C7;WZ2008 (ausgewählte Positionen): Tarifindex;WZ08-53;Post-, Kurier- und Expressdienste;100,0;2020=100;VST018;Index der tariflichen Wochenarbeitszeit
62221;Vj. Index der Tarifverdienste und Arbeitszeiten;JAHR;Jahr;2020;DINSGF;Früheres Bundesgebiet / Neue Länder;DN;Neue Länder;WZ08C7;WZ2008 (ausgewählte Positionen): Tarifindex;WZ08-53;Post-, Kurier- und Expressdienste;100,0;2020=100;VST065;Index d.tarifl. Stundenverdienste ohne Sonderzahl.
62221;Vj. Index der Tarifverdienste und Arbeitszeiten;JAHR;Jahr;2019;DINSGF;Früheres Bundesgebiet / Neue Länder;DN;Neue Länder;WZ08C7;WZ2008 (ausgewählte Positionen): Tarifindex;WZ08-31-01;Möbelherstellung, Installation von Maschinen;99,3;2020=100;VST072;Index d.tarifl. Stundenverdienste mit Sonderzahl.
62221;Vj. Index der Tarifverdienste und Arbeitszeiten;JAHR;Jahr;2019;DINSGF;Früheres Bundesgebiet / Neue Länder;DN;Neue Länder;WZ08C7;WZ2008 (ausgewählte Positionen): Tarifindex;WZ08-31-01;Möbelherstellung, Installation von Maschinen;99,4;2020=100;VST073;Index d.tarifl. Monatsverdienste mit Sonderzahl.
62221;Vj. Index der Tarifverdienste und Arbeitszeiten;JAHR;Jahr;2019;DINSGF;Früheres Bundesgebiet / Neue Länder;DN;Neue Länder;WZ08C7;WZ2008 (ausgewählte Positionen): Tarifindex;WZ08-31-01;Möbelherstellung, Installation von Maschinen;38,3;h;VST019;Durchschnittliche tarifliche Wochenarbeitszeit
62221;Vj. Index der Tarifverdienste und Arbeitszeiten;JAHR;Jahr;2019;DINSGF;Früheres Bundesgebiet / Neue Länder;DN;Neue Länder;WZ08C7;WZ2008 (ausgewählte Positionen): Tarifindex;WZ08-31-01;Möbelherstellung, Installation von Maschinen;99,0;2020=100;VST066;Index d.tarifl. Monatsverdienste ohne Sonderzahl.
62221;Vj. Index der Tarifverdienste und Arbeitszeiten;JAHR;Jahr;2019;DINSGF;Früheres Bundesgebiet / Neue Länder;DN;Neue Länder;WZ08C7;WZ2008 (ausgewählte Positionen): Tarifindex;WZ08-31-01;Möbelherstellung, Installation von Maschinen;100,1;2020=100;VST018;Index der tariflichen Wochenarbeitszeit
62221;Vj. Index der Tarifverdienste und Arbeitszeiten;JAHR;Jahr;2019;DINSGF;Früheres Bundesgebiet / Neue Länder;DN;Neue Länder;WZ08C7;WZ2008 (ausgewählte Positionen): Tarifindex;WZ08-31-01;Möbelherstellung, Installation von Maschinen;98,9;2020=100;VST065;Index d.tarifl. Stundenverdienste ohne Sonderzahl.
62221;Vj. Index der Tarifverdienste und Arbeitszeiten;JAHR;Jahr;2023;DINSGF;Früheres Bundesgebiet / Neue Länder;DN;Neue Länder;WZ08C7;WZ2008 (ausgewählte Positionen): Tarifindex;WZ08-J;Information und Kommunikation;106,0;2020=100;VST072;Index d.tarifl. Stundenverdienste mit Sonderzahl.
62221;Vj. Index der Tarifverdienste und Arbeitszeiten;JAHR;Jahr;2023;DINSGF;Früheres Bundesgebiet / Neue Länder;DN;Neue Länder;WZ08C7;WZ2008 (ausgewählte Positionen): Tarifindex;WZ08-J;Information und Kommunikation;106,0;2020=100;VST073;Index d.tarifl. Monatsverdienste mit Sonderzahl.
62221;Vj. Index der Tarifverdienste und Arbeitszeiten;JAHR;Jahr;2023;DINSGF;Früheres Bundesgebiet / Neue Länder;DN;Neue Länder;WZ08C7;WZ2008 (ausgewählte Positionen): Tarifindex;WZ08-J;Information und Kommunikation;37,7;h;VST019;Durchschnittliche tarifliche Wochenarbeitszeit
62221;Vj. Index der Tarifverdienste und Arbeitszeiten;JAHR;Jahr;2023;DINSGF;Früheres Bundesgebiet / Neue Länder;DN;Neue Länder;WZ08C7;WZ2008 (ausgewählte Positionen): Tarifindex;WZ08-J;Information und Kommunikation;105,2;2020=100;VST066;Index d.tarifl. Monatsverdienste ohne Sonderzahl.
62221;Vj. Index der Tarifverdienste und Arbeitszeiten;JAHR;Jahr;2023;DINSGF;Früheres Bundesgebiet / Neue Länder;DN;Neue Länder;WZ08C7;WZ2008 (ausgewählte Positionen): Tarifindex;WZ08-J;Information und Kommunikation;100,0;2020=100;VST018;Index der tariflichen Wochenarbeitszeit
62221;Vj. Index der Tarifverdienste und Arbeitszeiten;JAHR;Jahr;2023;DINSGF;Früheres Bundesgebiet / Neue Länder;DN;Neue Länder;WZ08C7;WZ2008 (ausgewählte Positionen): Tarifindex;WZ08-J;Information und Kommunikation;105,2;2020=100;VST065;Index d.tarifl. Stundenverdienste ohne Sonderzahl.
62221;Vj. Index der Tarifverdienste und Arbeitszeiten;JAHR;Jahr;2018;DINSGF;Früheres Bundesgebiet / Neue Länder;DF;Früheres Bundesgebiet;WZ08C7;WZ2008 (ausgewählte Positionen): Tarifindex;WZ08-E;Wasserversorg.,Entsorg.,Beseitig.v.Umweltverschm.;94,7;2020=100;VST072;Index d.tarifl. Stundenverdienste mit Sonderzahl.
62221;Vj. Index der Tarifverdienste und Arbeitszeiten;JAHR;Jahr;2018;DINSGF;Früheres Bundesgebiet / Neue Länder;DF;Früheres Bundesgebiet;WZ08C7;WZ2008 (ausgewählte Positionen): Tarifindex;WZ08-E;Wasserversorg.,Entsorg.,Beseitig.v.Umweltverschm.;94,8;2020=100;VST073;Index d.tarifl. Monatsverdienste mit Sonderzahl.
62221;Vj. Index der Tarifverdienste und Arbeitszeiten;JAHR;Jahr;2018;DINSGF;Früheres Bundesgebiet / Neue Länder;DF;Früheres Bundesgebiet;WZ08C7;WZ2008 (ausgewählte Positionen): Tarifindex;WZ08-E;Wasserversorg.,Entsorg.,Beseitig.v.Umweltverschm.;39,0;h;VST019;Durchschnittliche tarifliche Wochenarbeitszeit
62221;Vj. Index der Tarifverdienste und Arbeitszeiten;JAHR;Jahr;2018;DINSGF;Früheres Bundesgebiet / Neue Länder;DF;Früheres Bundesgebiet;WZ08C7;WZ2008 (ausgewählte Positionen): Tarifindex;WZ08-E;Wasserversorg.,Entsorg.,Beseitig.v.Umweltverschm.;94,5;2020=100;VST066;Index d.tarifl. Monatsverdienste ohne Sonderzahl.
62221;Vj. Index der Tarifverdienste und Arbeitszeiten;JAHR;Jahr;2018;DINSGF;Früheres Bundesgebiet / Neue Länder;DF;Früheres Bundesgebiet;WZ08C7;WZ2008 (ausgewählte Positionen): Tarifindex;WZ08-E;Wasserversorg.,Entsorg.,Beseitig.v.Umweltverschm.;100,0;2020=100;VST018;Index der tariflichen Wochenarbeitszeit
62221;Vj. Index der Tarifverdienste und Arbeitszeiten;JAHR;Jahr;2018;DINSGF;Früheres Bundesgebiet / Neue Länder;DF;Früheres Bundesgebiet;WZ08C7;WZ2008 (ausgewählte Positionen): Tarifindex;WZ08-E;Wasserversorg.,Entsorg.,Beseitig.v.Umweltverschm.;94,5;2020=100;VST065;Index d.tarifl. Stundenverdienste ohne Sonderzahl.
62221;Vj. Index der Tarifverdienste und Arbeitszeiten;JAHR;Jahr;2024;DINSGF;Früheres Bundesgebiet / Neue Länder;DN;Neue Länder;WZ08C7;WZ2008 (ausgewählte Positionen): Tarifindex;WZ08-72-01;Forschung,Werbung u.Marktforschung,Veterinärwesen;111,1;2020=100;VST072;Index d.tarifl. Stundenverdienste mit Sonderzahl.
62221;Vj. Index der Tarifverdienste und Arbeitszeiten;JAHR;Jahr;2024;DINSGF;Früheres Bundesgebiet / Neue Länder;DN;Neue Länder;WZ08C7;WZ2008 (ausgewählte Positionen): Tarifindex;WZ08-72-01;Forschung,Werbung u.Marktforschung,Veterinärwesen;111,1;2020=100;VST073;Index d.tarifl. Monatsverdienste mit Sonderzahl.
62221;Vj. Index der Tarifverdienste und Arbeitszeiten;JAHR;Jahr;2024;DINSGF;Früheres Bundesgebiet / Neue Länder;DN;Neue Länder;WZ08C7;WZ2008 (ausgewählte Positionen): Tarifindex;WZ08-72-01;Forschung,Werbung u.Marktforschung,Veterinärwesen;39,3;h;VST019;Durchschnittliche tarifliche Wochenarbeitszeit
62221;Vj. Index der Tarifverdienste und Arbeitszeiten;JAHR;Jahr;2024;DINSGF;Früheres Bundesgebiet / Neue Länder;DN;Neue Länder;WZ08C7;WZ2008 (ausgewählte Positionen): Tarifindex;WZ08-72-01;Forschung,Werbung u.Marktforschung,Veterinärwesen;109,3;2020=100;VST066;Index d.tarifl. Monatsverdienste ohne Sonderzahl.
62221;Vj. Index der Tarifverdienste und Arbeitszeiten;JAHR;Jahr;2024;DINSGF;Früheres Bundesgebiet / Neue Länder;DN;Neue Länder;WZ08C7;WZ2008 (ausgewählte Positionen): Tarifindex;WZ08-72-01;Forschung,Werbung u.Marktforschung,Veterinärwesen;100,0;2020=100;VST018;Index der tariflichen Wochenarbeitszeit
62221;Vj. Index der Tarifverdienste und Arbeitszeiten;JAHR;Jahr;2024;DINSGF;Früheres Bundesgebiet / Neue Länder;DN;Neue Länder;WZ08C7;WZ2008 (ausgewählte Positionen): Tarifindex;WZ08-72-01;Forschung,Werbung u.Marktforschung,Veterinärwesen;109,3;2020=100;VST065;Index d.tarifl. Stundenverdienste ohne Sonderzahl.
62221;Vj. Index der Tarifverdienste und Arbeitszeiten;JAHR;Jahr;2018;DINSGF;Früheres Bundesgebiet / Neue Länder;DN;Neue Länder;WZ08C7;WZ2008 (ausgewählte Positionen): Tarifindex;WZ08-493;Sonstige Personenbeförderung im Landverkehr;93,6;2020=100;VST072;Index d.tarifl. Stundenverdienste mit Sonderzahl.
62221;Vj. Index der Tarifverdienste und Arbeitszeiten;JAHR;Jahr;2018;DINSGF;Früheres Bundesgebiet / Neue Länder;DN;Neue Länder;WZ08C7;WZ2008 (ausgewählte Positionen): Tarifindex;WZ08-493;Sonstige Personenbeförderung im Landverkehr;93,9;2020=100;VST073;Index d.tarifl. Monatsverdienste mit Sonderzahl.
62221;Vj. Index der Tarifverdienste und Arbeitszeiten;JAHR;Jahr;2018;DINSGF;Früheres Bundesgebiet / Neue Länder;DN;Neue Länder;WZ08C7;WZ2008 (ausgewählte Positionen): Tarifindex;WZ08-493;Sonstige Personenbeförderung im Landverkehr;39,4;h;VST019;Durchschnittliche tarifliche Wochenarbeitszeit
62221;Vj. Index der Tarifverdienste und Arbeitszeiten;JAHR;Jahr;2018;DINSGF;Früheres Bundesgebiet / Neue Länder;DN;Neue Länder;WZ08C7;WZ2008 (ausgewählte Positionen): Tarifindex;WZ08-493;Sonstige Personenbeförderung im Landverkehr;94,5;2020=100;VST066;Index d.tarifl. Monatsverdienste ohne Sonderzahl.
62221;Vj. Index der Tarifverdienste und Arbeitszeiten;JAHR;Jahr;2018;DINSGF;Früheres Bundesgebiet / Neue Länder;DN;Neue Länder;WZ08C7;WZ2008 (ausgewählte Positionen): Tarifindex;WZ08-493;Sonstige Personenbeförderung im Landverkehr;100,5;2020=100;VST018;Index der tariflichen Wochenarbeitszeit
62221;Vj. Index der Tarifverdienste und Arbeitszeiten;JAHR;Jahr;2018;DINSGF;Früheres Bundesgebiet / Neue Länder;DN;Neue Länder;WZ08C7;WZ2008 (ausgewählte Positionen): Tarifindex;WZ08-493;Sonstige Personenbeförderung im Landverkehr;94,1;2020=100;VST065;Index d.tarifl. Stundenverdienste ohne Sonderzahl.
62221;Vj. Index der Tarifverdienste und Arbeitszeiten;JAHR;Jahr;2024;DINSGF;Früheres Bundesgebiet / Neue Länder;DN;Neue Länder;WZ08C7;WZ2008 (ausgewählte Positionen): Tarifindex;WZ08-01;Landwirtschaft, Jagd und verbundene Tätigkeiten;113,8;2020=100;VST072;Index d.tarifl. Stundenverdienste mit Sonderzahl.
62221;Vj. Index der Tarifverdienste und Arbeitszeiten;JAHR;Jahr;2024;DINSGF;Früheres Bundesgebiet / Neue Länder;DN;Neue Länder;WZ08C7;WZ2008 (ausgewählte Positionen): Tarifindex;WZ08-01;Landwirtschaft, Jagd und verbundene Tätigkeiten;113,8;2020=100;VST073;Index d.tarifl. Monatsverdienste mit Sonderzahl.
62221;Vj. Index der Tarifverdienste und Arbeitszeiten;JAHR;Jahr;2024;DINSGF;Früheres Bundesgebiet / Neue Länder;DN;Neue Länder;WZ08C7;WZ2008 (ausgewählte Positionen): Tarifindex;WZ08-01;Landwirtschaft, Jagd und verbundene Tätigkeiten;39,7;h;VST019;Durchschnittliche tarifliche Wochenarbeitszeit
62221;Vj. Index der Tarifverdienste und Arbeitszeiten;JAHR;Jahr;2024;DINSGF;Früheres Bundesgebiet / Neue Länder;DN;Neue Länder;WZ08C7;WZ2008 (ausgewählte Positionen): Tarifindex;WZ08-01;Landwirtschaft, Jagd und verbundene Tätigkeiten;112,3;2020=100;VST066;Index d.tarifl. Monatsverdienste ohne Sonderzahl.
62221;Vj. Index der Tarifverdienste und Arbeitszeiten;JAHR;Jahr;2024;DINSGF;Früheres Bundesgebiet / Neue Länder;DN;Neue Länder;WZ08C7;WZ2008 (ausgewählte Positionen): Tarifindex;WZ08-01;Landwirtschaft, Jagd und verbundene Tätigkeiten;100,0;2020=100;VST018;Index der tariflichen Wochenarbeitszeit
62221;Vj. Index der Tarifverdienste und Arbeitszeiten;JAHR;Jahr;2024;DINSGF;Früheres Bundesgebiet / Neue Länder;DN;Neue Länder;WZ08C7;WZ2008 (ausgewählte Positionen): Tarifindex;WZ08-01;Landwirtschaft, Jagd und verbundene Tätigkeiten;112,3;2020=100;VST065;Index d.tarifl. Stundenverdienste ohne Sonderzahl.
62221;Vj. Index der Tarifverdienste und Arbeitszeiten;JAHR;Jahr;2022;DINSGF;Früheres Bundesgebiet / Neue Länder;DF;Früheres Bundesgebiet;WZ08C7;WZ2008 (ausgewählte Positionen): Tarifindex;WZ08-79;Reisebüros, -veranstalter u. sonst. Reservierungen;100,9;2020=100;VST072;Index d.tarifl. Stundenverdienste mit Sonderzahl.
62221;Vj. Index der Tarifverdienste und Arbeitszeiten;JAHR;Jahr;2022;DINSGF;Früheres Bundesgebiet / Neue Länder;DF;Früheres Bundesgebiet;WZ08C7;WZ2008 (ausgewählte Positionen): Tarifindex;WZ08-79;Reisebüros, -veranstalter u. sonst. Reservierungen;100,9;2020=100;VST073;Index d.tarifl. Monatsverdienste mit Sonderzahl.
62221;Vj. Index der Tarifverdienste und Arbeitszeiten;JAHR;Jahr;2022;DINSGF;Früheres Bundesgebiet / Neue Länder;DF;Früheres Bundesgebiet;WZ08C7;WZ2008 (ausgewählte Positionen): Tarifindex;WZ08-79;Reisebüros, -veranstalter u. sonst. Reservierungen;38,7;h;VST019;Durchschnittliche tarifliche Wochenarbeitszeit
62221;Vj. Index der Tarifverdienste und Arbeitszeiten;JAHR;Jahr;2022;DINSGF;Früheres Bundesgebiet / Neue Länder;DF;Früheres Bundesgebiet;WZ08C7;WZ2008 (ausgewählte Positionen): Tarifindex;WZ08-79;Reisebüros, -veranstalter u. sonst. Reservierungen;100,8;2020=100;VST066;Index d.tarifl. Monatsverdienste ohne Sonderzahl.
62221;Vj. Index der Tarifverdienste und Arbeitszeiten;JAHR;Jahr;2022;DINSGF;Früheres Bundesgebiet / Neue Länder;DF;Früheres Bundesgebiet;WZ08C7;WZ2008 (ausgewählte Positionen): Tarifindex;WZ08-79;Reisebüros, -veranstalter u. sonst. Reservierungen;100,0;2020=100;VST018;Index der tariflichen Wochenarbeitszeit
62221;Vj. Index der Tarifverdienste und Arbeitszeiten;JAHR;Jahr;2022;DINSGF;Früheres Bundesgebiet / Neue Länder;DF;Früheres Bundesgebiet;WZ08C7;WZ2008 (ausgewählte Positionen): Tarifindex;WZ08-79;Reisebüros, -veranstalter u. sonst. Reservierungen;100,8;2020=100;VST065;Index d.tarifl. Stundenverdienste ohne Sonderzahl.
62221;Vj. Index der Tarifverdienste und Arbeitszeiten;JAHR;Jahr;2016;DINSGF;Früheres Bundesgebiet / Neue Länder;DN;Neue Länder;WZ08C7;WZ2008 (ausgewählte Positionen): Tarifindex;WZ08-B-13;Prod. Gewerbe, Handel, Information u.Kommunikation;90,1;2020=100;VST072;Index d.tarifl. Stundenverdienste mit Sonderzahl.
62221;Vj. Index der Tarifverdienste und Arbeitszeiten;JAHR;Jahr;2016;DINSGF;Früheres Bundesgebiet / Neue Länder;DN;Neue Länder;WZ08C7;WZ2008 (ausgewählte Positionen): Tarifindex;WZ08-B-13;Prod. Gewerbe, Handel, Information u.Kommunikation;90,3;2020=100;VST073;Index d.tarifl. Monatsverdienste mit Sonderzahl.
62221;Vj. Index der Tarifverdienste und Arbeitszeiten;JAHR;Jahr;2016;DINSGF;Früheres Bundesgebiet / Neue Länder;DN;Neue Länder;WZ08C7;WZ2008 (ausgewählte Positionen): Tarifindex;WZ08-B-13;Prod. Gewerbe, Handel, Information u.Kommunikation;38,6;h;VST019;Durchschnittliche tarifliche Wochenarbeitszeit
62221;Vj. Index der Tarifverdienste und Arbeitszeiten;JAHR;Jahr;2016;DINSGF;Früheres Bundesgebiet / Neue Länder;DN;Neue Länder;WZ08C7;WZ2008 (ausgewählte Positionen): Tarifindex;WZ08-B-13;Prod. Gewerbe, Handel, Information u.Kommunikation;91,3;2020=100;VST066;Index d.tarifl. Monatsverdienste ohne Sonderzahl.
62221;Vj. Index der Tarifverdienste und Arbeitszeiten;JAHR;Jahr;2016;DINSGF;Früheres Bundesgebiet / Neue Länder;DN;Neue Länder;WZ08C7;WZ2008 (ausgewählte Positionen): Tarifindex;WZ08-B-13;Prod. Gewerbe, Handel, Information u.Kommunikation;100,2;2020=100;VST018;Index der tariflichen Wochenarbeitszeit
62221;Vj. Index der Tarifverdienste und Arbeitszeiten;JAHR;Jahr;2016;DINSGF;Früheres Bundesgebiet / Neue Länder;DN;Neue Länder;WZ08C7;WZ2008 (ausgewählte Positionen): Tarifindex;WZ08-B-13;Prod. Gewerbe, Handel, Information u.Kommunikation;91,1;2020=100;VST065;Index d.tarifl. Stundenverdienste ohne Sonderzahl.
62221;Vj. Index der Tarifverdienste und Arbeitszeiten;JAHR;Jahr;2022;DINSGF;Früheres Bundesgebiet / Neue Länder;DN;Neue Länder;WZ08C7;WZ2008 (ausgewählte Positionen): Tarifindex;WZ08-D-05;Energie- und Wasserversorgung, Entsorgung u.a.;103,9;2020=100;VST072;Index d.tarifl. Stundenverdienste mit Sonderzahl.
62221;Vj. Index der Tarifverdienste und Arbeitszeiten;JAHR;Jahr;2022;DINSGF;Früheres Bundesgebiet / Neue Länder;DN;Neue Länder;WZ08C7;WZ2008 (ausgewählte Positionen): Tarifindex;WZ08-D-05;Energie- und Wasserversorgung, Entsorgung u.a.;103,9;2020=100;VST073;Index d.tarifl. Monatsverdienste mit Sonderzahl.
62221;Vj. Index der Tarifverdienste und Arbeitszeiten;JAHR;Jahr;2022;DINSGF;Früheres Bundesgebiet / Neue Länder;DN;Neue Länder;WZ08C7;WZ2008 (ausgewählte Positionen): Tarifindex;WZ08-D-05;Energie- und Wasserversorgung, Entsorgung u.a.;38,5;h;VST019;Durchschnittliche tarifliche Wochenarbeitszeit
62221;Vj. Index der Tarifverdienste und Arbeitszeiten;JAHR;Jahr;2022;DINSGF;Früheres Bundesgebiet / Neue Länder;DN;Neue Länder;WZ08C7;WZ2008 (ausgewählte Positionen): Tarifindex;WZ08-D-05;Energie- und Wasserversorgung, Entsorgung u.a.;103,7;2020=100;VST066;Index d.tarifl. Monatsverdienste ohne Sonderzahl.
62221;Vj. Index der Tarifverdienste und Arbeitszeiten;JAHR;Jahr;2022;DINSGF;Früheres Bundesgebiet / Neue Länder;DN;Neue Länder;WZ08C7;WZ2008 (ausgewählte Positionen): Tarifindex;WZ08-D-05;Energie- und Wasserversorgung, Entsorgung u.a.;100,0;2020=100;VST018;Index der tariflichen Wochenarbeitszeit
62221;Vj. Index der Tarifverdienste und Arbeitszeiten;JAHR;Jahr;2022;DINSGF;Früheres Bundesgebiet / Neue Länder;DN;Neue Länder;WZ08C7;WZ2008 (ausgewählte Positionen): Tarifindex;WZ08-D-05;Energie- und Wasserversorgung, Entsorgung u.a.;103,7;2020=100;VST065;Index d.tarifl. Stundenverdienste ohne Sonderzahl.
62221;Vj. Index der Tarifverdienste und Arbeitszeiten;JAHR;Jahr;2020;DINSGF;Früheres Bundesgebiet / Neue Länder;DN;Neue Länder;WZ08C7;WZ2008 (ausgewählte Positionen): Tarifindex;WZ08-86;Gesundheitswesen;100,0;2020=100;VST072;Index d.tarifl. Stundenverdienste mit Sonderzahl.
62221;Vj. Index der Tarifverdienste und Arbeitszeiten;JAHR;Jahr;2020;DINSGF;Früheres Bundesgebiet / Neue Länder;DN;Neue Länder;WZ08C7;WZ2008 (ausgewählte Positionen): Tarifindex;WZ08-86;Gesundheitswesen;100,0;2020=100;VST073;Index d.tarifl. Monatsverdienste mit Sonderzahl.
62221;Vj. Index der Tarifverdienste und Arbeitszeiten;JAHR;Jahr;2020;DINSGF;Früheres Bundesgebiet / Neue Länder;DN;Neue Länder;WZ08C7;WZ2008 (ausgewählte Positionen): Tarifindex;WZ08-86;Gesundheitswesen;39,5;h;VST019;Durchschnittliche tarifliche Wochenarbeitszeit
62221;Vj. Index der Tarifverdienste und Arbeitszeiten;JAHR;Jahr;2020;DINSGF;Früheres Bundesgebiet / Neue Länder;DN;Neue Länder;WZ08C7;WZ2008 (ausgewählte Positionen): Tarifindex;WZ08-86;Gesundheitswesen;100,0;2020=100;VST066;Index d.tarifl. Monatsverdienste ohne Sonderzahl.
62221;Vj. Index der Tarifverdienste und Arbeitszeiten;JAHR;Jahr;2020;DINSGF;Früheres Bundesgebiet / Neue Länder;DN;Neue Länder;WZ08C7;WZ2008 (ausgewählte Positionen): Tarifindex;WZ08-86;Gesundheitswesen;100,0;2020=100;VST018;Index der tariflichen Wochenarbeitszeit
62221;Vj. Index der Tarifverdienste und Arbeitszeiten;JAHR;Jahr;2020;DINSGF;Früheres Bundesgebiet / Neue Länder;DN;Neue Länder;WZ08C7;WZ2008 (ausgewählte Positionen): Tarifindex;WZ08-86;Gesundheitswesen;100,0;2020=100;VST065;Index d.tarifl. Stundenverdienste ohne Sonderzahl.
62221;Vj. Index der Tarifverdienste und Arbeitszeiten;JAHR;Jahr;2020;DINSGF;Früheres Bundesgebiet / Neue Länder;DN;Neue Länder;WZ08C7;WZ2008 (ausgewählte Positionen): Tarifindex;WZ08-71;Architektur-,Ing.büros,techn.,physik.Untersuchung;100,0;2020=100;VST072;Index d.tarifl. Stundenverdienste mit Sonderzahl.
62221;Vj. Index der Tarifverdienste und Arbeitszeiten;JAHR;Jahr;2020;DINSGF;Früheres Bundesgebiet / Neue Länder;DN;Neue Länder;WZ08C7;WZ2008 (ausgewählte Positionen): Tarifindex;WZ08-71;Architektur-,Ing.büros,techn.,physik.Untersuchung;100,0;2020=100;VST073;Index d.tarifl. Monatsverdienste mit Sonderzahl.
62221;Vj. Index der Tarifverdienste und Arbeitszeiten;JAHR;Jahr;2020;DINSGF;Früheres Bundesgebiet / Neue Länder;DN;Neue Länder;WZ08C7;WZ2008 (ausgewählte Positionen): Tarifindex;WZ08-71;Architektur-,Ing.büros,techn.,physik.Untersuchung;38,0;h;VST019;Durchschnittliche tarifliche Wochenarbeitszeit
62221;Vj. Index der Tarifverdienste und Arbeitszeiten;JAHR;Jahr;2020;DINSGF;Früheres Bundesgebiet / Neue Länder;DN;Neue Länder;WZ08C7;WZ2008 (ausgewählte Positionen): Tarifindex;WZ08-71;Architektur-,Ing.büros,techn.,physik.Untersuchung;100,0;2020=100;VST066;Index d.tarifl. Monatsverdienste ohne Sonderzahl.
62221;Vj. Index der Tarifverdienste und Arbeitszeiten;JAHR;Jahr;2020;DINSGF;Früheres Bundesgebiet / Neue Länder;DN;Neue Länder;WZ08C7;WZ2008 (ausgewählte Positionen): Tarifindex;WZ08-71;Architektur-,Ing.büros,techn.,physik.Untersuchung;100,0;2020=100;VST018;Index der tariflichen Wochenarbeitszeit
62221;Vj. Index der Tarifverdienste und Arbeitszeiten;JAHR;Jahr;2020;DINSGF;Früheres Bundesgebiet / Neue Länder;DN;Neue Länder;WZ08C7;WZ2008 (ausgewählte Positionen): Tarifindex;WZ08-71;Architektur-,Ing.büros,techn.,physik.Untersuchung;100,0;2020=100;VST065;Index d.tarifl. Stundenverdienste ohne Sonderzahl.
62221;Vj. Index der Tarifverdienste und Arbeitszeiten;JAHR;Jahr;2016;DINSGF;Früheres Bundesgebiet / Neue Länder;DN;Neue Länder;WZ08C7;WZ2008 (ausgewählte Positionen): Tarifindex;WZ08-H-01;Verkehr und Lagerei, Information und Kommunikation;89,0;2020=100;VST072;Index d.tarifl. Stundenverdienste mit Sonderzahl.
62221;Vj. Index der Tarifverdienste und Arbeitszeiten;JAHR;Jahr;2016;DINSGF;Früheres Bundesgebiet / Neue Länder;DN;Neue Länder;WZ08C7;WZ2008 (ausgewählte Positionen): Tarifindex;WZ08-H-01;Verkehr und Lagerei, Information und Kommunikation;89,6;2020=100;VST073;Index d.tarifl. Monatsverdienste mit Sonderzahl.
62221;Vj. Index der Tarifverdienste und Arbeitszeiten;JAHR;Jahr;2016;DINSGF;Früheres Bundesgebiet / Neue Länder;DN;Neue Länder;WZ08C7;WZ2008 (ausgewählte Positionen): Tarifindex;WZ08-H-01;Verkehr und Lagerei, Information und Kommunikation;39,1;h;VST019;Durchschnittliche tarifliche Wochenarbeitszeit
62221;Vj. Index der Tarifverdienste und Arbeitszeiten;JAHR;Jahr;2016;DINSGF;Früheres Bundesgebiet / Neue Länder;DN;Neue Länder;WZ08C7;WZ2008 (ausgewählte Positionen): Tarifindex;WZ08-H-01;Verkehr und Lagerei, Information und Kommunikation;90,0;2020=100;VST066;Index d.tarifl. Monatsverdienste ohne Sonderzahl.
62221;Vj. Index der Tarifverdienste und Arbeitszeiten;JAHR;Jahr;2016;DINSGF;Früheres Bundesgebiet / Neue Länder;DN;Neue Länder;WZ08C7;WZ2008 (ausgewählte Positionen): Tarifindex;WZ08-H-01;Verkehr und Lagerei, Information und Kommunikation;100,6;2020=100;VST018;Index der tariflichen Wochenarbeitszeit
62221;Vj. Index der Tarifverdienste und Arbeitszeiten;JAHR;Jahr;2016;DINSGF;Früheres Bundesgebiet / Neue Länder;DN;Neue Länder;WZ08C7;WZ2008 (ausgewählte Positionen): Tarifindex;WZ08-H-01;Verkehr und Lagerei, Information und Kommunikation;89,4;2020=100;VST065;Index d.tarifl. Stundenverdienste ohne Sonderzahl.
62221;Vj. Index der Tarifverdienste und Arbeitszeiten;JAHR;Jahr;2021;DINSGF;Früheres Bundesgebiet / Neue Länder;DF;Früheres Bundesgebiet;WZ08C7;WZ2008 (ausgewählte Positionen): Tarifindex;WZ08-08-01;Gewinnung v. Steinen u. Erden, sonst. Bergbau, DL;101,4;2020=100;VST072;Index d.tarifl. Stundenverdienste mit Sonderzahl.
62221;Vj. Index der Tarifverdienste und Arbeitszeiten;JAHR;Jahr;2021;DINSGF;Früheres Bundesgebiet / Neue Länder;DF;Früheres Bundesgebiet;WZ08C7;WZ2008 (ausgewählte Positionen): Tarifindex;WZ08-08-01;Gewinnung v. Steinen u. Erden, sonst. Bergbau, DL;101,4;2020=100;VST073;Index d.tarifl. Monatsverdienste mit Sonderzahl.
62221;Vj. Index der Tarifverdienste und Arbeitszeiten;JAHR;Jahr;2021;DINSGF;Früheres Bundesgebiet / Neue Länder;DF;Früheres Bundesgebiet;WZ08C7;WZ2008 (ausgewählte Positionen): Tarifindex;WZ08-08-01;Gewinnung v. Steinen u. Erden, sonst. Bergbau, DL;38,0;h;VST019;Durchschnittliche tarifliche Wochenarbeitszeit
62221;Vj. Index der Tarifverdienste und Arbeitszeiten;JAHR;Jahr;2021;DINSGF;Früheres Bundesgebiet / Neue Länder;DF;Früheres Bundesgebiet;WZ08C7;WZ2008 (ausgewählte Positionen): Tarifindex;WZ08-08-01;Gewinnung v. Steinen u. Erden, sonst. Bergbau, DL;101,8;2020=100;VST066;Index d.tarifl. Monatsverdienste ohne Sonderzahl.
62221;Vj. Index der Tarifverdienste und Arbeitszeiten;JAHR;Jahr;2021;DINSGF;Früheres Bundesgebiet / Neue Länder;DF;Früheres Bundesgebiet;WZ08C7;WZ2008 (ausgewählte Positionen): Tarifindex;WZ08-08-01;Gewinnung v. Steinen u. Erden, sonst. Bergbau, DL;100,0;2020=100;VST018;Index der tariflichen Wochenarbeitszeit
62221;Vj. Index der Tarifverdienste und Arbeitszeiten;JAHR;Jahr;2021;DINSGF;Früheres Bundesgebiet / Neue Länder;DF;Früheres Bundesgebiet;WZ08C7;WZ2008 (ausgewählte Positionen): Tarifindex;WZ08-08-01;Gewinnung v. Steinen u. Erden, sonst. Bergbau, DL;101,8;2020=100;VST065;Index d.tarifl. Stundenverdienste ohne Sonderzahl.
62221;Vj. Index der Tarifverdienste und Arbeitszeiten;JAHR;Jahr;2025;DINSGF;Früheres Bundesgebiet / Neue Länder;DN;Neue Länder;WZ08C7;WZ2008 (ausgewählte Positionen): Tarifindex;WZ08-Q;Gesundheits- und Sozialwesen;119,9;2020=100;VST072;Index d.tarifl. Stundenverdienste mit Sonderzahl.
62221;Vj. Index der Tarifverdienste und Arbeitszeiten;JAHR;Jahr;2025;DINSGF;Früheres Bundesgebiet / Neue Länder;DN;Neue Länder;WZ08C7;WZ2008 (ausgewählte Positionen): Tarifindex;WZ08-Q;Gesundheits- und Sozialwesen;119,2;2020=100;VST073;Index d.tarifl. Monatsverdienste mit Sonderzahl.
62221;Vj. Index der Tarifverdienste und Arbeitszeiten;JAHR;Jahr;2025;DINSGF;Früheres Bundesgebiet / Neue Länder;DN;Neue Länder;WZ08C7;WZ2008 (ausgewählte Positionen): Tarifindex;WZ08-Q;Gesundheits- und Sozialwesen;39,2;h;VST019;Durchschnittliche tarifliche Wochenarbeitszeit
62221;Vj. Index der Tarifverdienste und Arbeitszeiten;JAHR;Jahr;2025;DINSGF;Früheres Bundesgebiet / Neue Länder;DN;Neue Länder;WZ08C7;WZ2008 (ausgewählte Positionen): Tarifindex;WZ08-Q;Gesundheits- und Sozialwesen;118,8;2020=100;VST066;Index d.tarifl. Monatsverdienste ohne Sonderzahl.
62221;Vj. Index der Tarifverdienste und Arbeitszeiten;JAHR;Jahr;2025;DINSGF;Früheres Bundesgebiet / Neue Länder;DN;Neue Länder;WZ08C7;WZ2008 (ausgewählte Positionen): Tarifindex;WZ08-Q;Gesundheits- und Sozialwesen;99,4;2020=100;VST018;Index der tariflichen Wochenarbeitszeit
62221;Vj. Index der Tarifverdienste und Arbeitszeiten;JAHR;Jahr;2025;DINSGF;Früheres Bundesgebiet / Neue Länder;DN;Neue Länder;WZ08C7;WZ2008 (ausgewählte Positionen): Tarifindex;WZ08-Q;Gesundheits- und Sozialwesen;119,5;2020=100;VST065;Index d.tarifl. Stundenverdienste ohne Sonderzahl.
62221;Vj. Index der Tarifverdienste und Arbeitszeiten;JAHR;Jahr;2021;DINSGF;Früheres Bundesgebiet / Neue Länder;DF;Früheres Bundesgebiet;WZ08C7;WZ2008 (ausgewählte Positionen): Tarifindex;WZ08-43;Vorb.Baustellenarbeiten, Bauinstall., sonst.Ausbau;102,0;2020=100;VST072;Index d.tarifl. Stundenverdienste mit Sonderzahl.
62221;Vj. Index der Tarifverdienste und Arbeitszeiten;JAHR;Jahr;2021;DINSGF;Früheres Bundesgebiet / Neue Länder;DF;Früheres Bundesgebiet;WZ08C7;WZ2008 (ausgewählte Positionen): Tarifindex;WZ08-43;Vorb.Baustellenarbeiten, Bauinstall., sonst.Ausbau;101,9;2020=100;VST073;Index d.tarifl. Monatsverdienste mit Sonderzahl.
62221;Vj. Index der Tarifverdienste und Arbeitszeiten;JAHR;Jahr;2021;DINSGF;Früheres Bundesgebiet / Neue Länder;DF;Früheres Bundesgebiet;WZ08C7;WZ2008 (ausgewählte Positionen): Tarifindex;WZ08-43;Vorb.Baustellenarbeiten, Bauinstall., sonst.Ausbau;39,0;h;VST019;Durchschnittliche tarifliche Wochenarbeitszeit
62221;Vj. Index der Tarifverdienste und Arbeitszeiten;JAHR;Jahr;2021;DINSGF;Früheres Bundesgebiet / Neue Länder;DF;Früheres Bundesgebiet;WZ08C7;WZ2008 (ausgewählte Positionen): Tarifindex;WZ08-43;Vorb.Baustellenarbeiten, Bauinstall., sonst.Ausbau;102,0;2020=100;VST066;Index d.tarifl. Monatsverdienste ohne Sonderzahl.
62221;Vj. Index der Tarifverdienste und Arbeitszeiten;JAHR;Jahr;2021;DINSGF;Früheres Bundesgebiet / Neue Länder;DF;Früheres Bundesgebiet;WZ08C7;WZ2008 (ausgewählte Positionen): Tarifindex;WZ08-43;Vorb.Baustellenarbeiten, Bauinstall., sonst.Ausbau;100,0;2020=100;VST018;Index der tariflichen Wochenarbeitszeit
62221;Vj. Index der Tarifverdienste und Arbeitszeiten;JAHR;Jahr;2021;DINSGF;Früheres Bundesgebiet / Neue Länder;DF;Früheres Bundesgebiet;WZ08C7;WZ2008 (ausgewählte Positionen): Tarifindex;WZ08-43;Vorb.Baustellenarbeiten, Bauinstall., sonst.Ausbau;102,0;2020=100;VST065;Index d.tarifl. Stundenverdienste ohne Sonderzahl.
62221;Vj. Index der Tarifverdienste und Arbeitszeiten;JAHR;Jahr;2022;DINSGF;Früheres Bundesgebiet / Neue Länder;DN;Neue Länder;WZ08C7;WZ2008 (ausgewählte Positionen): Tarifindex;WZ08-A;Land- und Forstwirtschaft, Fischerei;103,7;2020=100;VST072;Index d.tarifl. Stundenverdienste mit Sonderzahl.
62221;Vj. Index der Tarifverdienste und Arbeitszeiten;JAHR;Jahr;2022;DINSGF;Früheres Bundesgebiet / Neue Länder;DN;Neue Länder;WZ08C7;WZ2008 (ausgewählte Positionen): Tarifindex;WZ08-A;Land- und Forstwirtschaft, Fischerei;103,7;2020=100;VST073;Index d.tarifl. Monatsverdienste mit Sonderzahl.
62221;Vj. Index der Tarifverdienste und Arbeitszeiten;JAHR;Jahr;2022;DINSGF;Früheres Bundesgebiet / Neue Länder;DN;Neue Länder;WZ08C7;WZ2008 (ausgewählte Positionen): Tarifindex;WZ08-A;Land- und Forstwirtschaft, Fischerei;39,8;h;VST019;Durchschnittliche tarifliche Wochenarbeitszeit
62221;Vj. Index der Tarifverdienste und Arbeitszeiten;JAHR;Jahr;2022;DINSGF;Früheres Bundesgebiet / Neue Länder;DN;Neue Länder;WZ08C7;WZ2008 (ausgewählte Positionen): Tarifindex;WZ08-A;Land- und Forstwirtschaft, Fischerei;103,0;2020=100;VST066;Index d.tarifl. Monatsverdienste ohne Sonderzahl.
62221;Vj. Index der Tarifverdienste und Arbeitszeiten;JAHR;Jahr;2022;DINSGF;Früheres Bundesgebiet / Neue Länder;DN;Neue Länder;WZ08C7;WZ2008 (ausgewählte Positionen): Tarifindex;WZ08-A;Land- und Forstwirtschaft, Fischerei;100,0;2020=100;VST018;Index der tariflichen Wochenarbeitszeit
62221;Vj. Index der Tarifverdienste und Arbeitszeiten;JAHR;Jahr;2022;DINSGF;Früheres Bundesgebiet / Neue Länder;DN;Neue Länder;WZ08C7;WZ2008 (ausgewählte Positionen): Tarifindex;WZ08-A;Land- und Forstwirtschaft, Fischerei;103,0;2020=100;VST065;Index d.tarifl. Stundenverdienste ohne Sonderzahl.
62221;Vj. Index der Tarifverdienste und Arbeitszeiten;JAHR;Jahr;2018;DINSGF;Früheres Bundesgebiet / Neue Länder;DF;Früheres Bundesgebiet;WZ08C7;WZ2008 (ausgewählte Positionen): Tarifindex;WZ08-91;Bibliotheken, Archive, Museen, bot. u. zoo. Gärten;94,4;2020=100;VST072;Index d.tarifl. Stundenverdienste mit Sonderzahl.
62221;Vj. Index der Tarifverdienste und Arbeitszeiten;JAHR;Jahr;2018;DINSGF;Früheres Bundesgebiet / Neue Länder;DF;Früheres Bundesgebiet;WZ08C7;WZ2008 (ausgewählte Positionen): Tarifindex;WZ08-91;Bibliotheken, Archive, Museen, bot. u. zoo. Gärten;94,5;2020=100;VST073;Index d.tarifl. Monatsverdienste mit Sonderzahl.
62221;Vj. Index der Tarifverdienste und Arbeitszeiten;JAHR;Jahr;2018;DINSGF;Früheres Bundesgebiet / Neue Länder;DF;Früheres Bundesgebiet;WZ08C7;WZ2008 (ausgewählte Positionen): Tarifindex;WZ08-91;Bibliotheken, Archive, Museen, bot. u. zoo. Gärten;39,3;h;VST019;Durchschnittliche tarifliche Wochenarbeitszeit
62221;Vj. Index der Tarifverdienste und Arbeitszeiten;JAHR;Jahr;2018;DINSGF;Früheres Bundesgebiet / Neue Länder;DF;Früheres Bundesgebiet;WZ08C7;WZ2008 (ausgewählte Positionen): Tarifindex;WZ08-91;Bibliotheken, Archive, Museen, bot. u. zoo. Gärten;93,9;2020=100;VST066;Index d.tarifl. Monatsverdienste ohne Sonderzahl.
62221;Vj. Index der Tarifverdienste und Arbeitszeiten;JAHR;Jahr;2018;DINSGF;Früheres Bundesgebiet / Neue Länder;DF;Früheres Bundesgebiet;WZ08C7;WZ2008 (ausgewählte Positionen): Tarifindex;WZ08-91;Bibliotheken, Archive, Museen, bot. u. zoo. Gärten;100,0;2020=100;VST018;Index der tariflichen Wochenarbeitszeit
62221;Vj. Index der Tarifverdienste und Arbeitszeiten;JAHR;Jahr;2018;DINSGF;Früheres Bundesgebiet / Neue Länder;DF;Früheres Bundesgebiet;WZ08C7;WZ2008 (ausgewählte Positionen): Tarifindex;WZ08-91;Bibliotheken, Archive, Museen, bot. u. zoo. Gärten;93,9;2020=100;VST065;Index d.tarifl. Stundenverdienste ohne Sonderzahl.
62221;Vj. Index der Tarifverdienste und Arbeitszeiten;JAHR;Jahr;2022;DINSGF;Früheres Bundesgebiet / Neue Länder;DF;Früheres Bundesgebiet;WZ08C7;WZ2008 (ausgewählte Positionen): Tarifindex;WZ08-13-01;Textil- und Bekleidungsgewerbe;103,2;2020=100;VST072;Index d.tarifl. Stundenverdienste mit Sonderzahl.
62221;Vj. Index der Tarifverdienste und Arbeitszeiten;JAHR;Jahr;2022;DINSGF;Früheres Bundesgebiet / Neue Länder;DF;Früheres Bundesgebiet;WZ08C7;WZ2008 (ausgewählte Positionen): Tarifindex;WZ08-13-01;Textil- und Bekleidungsgewerbe;103,2;2020=100;VST073;Index d.tarifl. Monatsverdienste mit Sonderzahl.
62221;Vj. Index der Tarifverdienste und Arbeitszeiten;JAHR;Jahr;2022;DINSGF;Früheres Bundesgebiet / Neue Länder;DF;Früheres Bundesgebiet;WZ08C7;WZ2008 (ausgewählte Positionen): Tarifindex;WZ08-13-01;Textil- und Bekleidungsgewerbe;37,0;h;VST019;Durchschnittliche tarifliche Wochenarbeitszeit
62221;Vj. Index der Tarifverdienste und Arbeitszeiten;JAHR;Jahr;2022;DINSGF;Früheres Bundesgebiet / Neue Länder;DF;Früheres Bundesgebiet;WZ08C7;WZ2008 (ausgewählte Positionen): Tarifindex;WZ08-13-01;Textil- und Bekleidungsgewerbe;103,0;2020=100;VST066;Index d.tarifl. Monatsverdienste ohne Sonderzahl.
62221;Vj. Index der Tarifverdienste und Arbeitszeiten;JAHR;Jahr;2022;DINSGF;Früheres Bundesgebiet / Neue Länder;DF;Früheres Bundesgebiet;WZ08C7;WZ2008 (ausgewählte Positionen): Tarifindex;WZ08-13-01;Textil- und Bekleidungsgewerbe;100,0;2020=100;VST018;Index der tariflichen Wochenarbeitszeit
62221;Vj. Index der Tarifverdienste und Arbeitszeiten;JAHR;Jahr;2022;DINSGF;Früheres Bundesgebiet / Neue Länder;DF;Früheres Bundesgebiet;WZ08C7;WZ2008 (ausgewählte Positionen): Tarifindex;WZ08-13-01;Textil- und Bekleidungsgewerbe;103,0;2020=100;VST065;Index d.tarifl. Stundenverdienste ohne Sonderzahl.
62221;Vj. Index der Tarifverdienste und Arbeitszeiten;JAHR;Jahr;2021;DINSGF;Früheres Bundesgebiet / Neue Länder;DF;Früheres Bundesgebiet;WZ08C7;WZ2008 (ausgewählte Positionen): Tarifindex;WZ08-52;Lagerei, sonstige Dienstleistungen für den Verkehr;101,6;2020=100;VST072;Index d.tarifl. Stundenverdienste mit Sonderzahl.
62221;Vj. Index der Tarifverdienste und Arbeitszeiten;JAHR;Jahr;2021;DINSGF;Früheres Bundesgebiet / Neue Länder;DF;Früheres Bundesgebiet;WZ08C7;WZ2008 (ausgewählte Positionen): Tarifindex;WZ08-52;Lagerei, sonstige Dienstleistungen für den Verkehr;101,6;2020=100;VST073;Index d.tarifl. Monatsverdienste mit Sonderzahl.
62221;Vj. Index der Tarifverdienste und Arbeitszeiten;JAHR;Jahr;2021;DINSGF;Früheres Bundesgebiet / Neue Länder;DF;Früheres Bundesgebiet;WZ08C7;WZ2008 (ausgewählte Positionen): Tarifindex;WZ08-52;Lagerei, sonstige Dienstleistungen für den Verkehr;38,5;h;VST019;Durchschnittliche tarifliche Wochenarbeitszeit
62221;Vj. Index der Tarifverdienste und Arbeitszeiten;JAHR;Jahr;2021;DINSGF;Früheres Bundesgebiet / Neue Länder;DF;Früheres Bundesgebiet;WZ08C7;WZ2008 (ausgewählte Positionen): Tarifindex;WZ08-52;Lagerei, sonstige Dienstleistungen für den Verkehr;101,4;2020=100;VST066;Index d.tarifl. Monatsverdienste ohne Sonderzahl.
62221;Vj. Index der Tarifverdienste und Arbeitszeiten;JAHR;Jahr;2021;DINSGF;Früheres Bundesgebiet / Neue Länder;DF;Früheres Bundesgebiet;WZ08C7;WZ2008 (ausgewählte Positionen): Tarifindex;WZ08-52;Lagerei, sonstige Dienstleistungen für den Verkehr;100,0;2020=100;VST018;Index der tariflichen Wochenarbeitszeit
62221;Vj. Index der Tarifverdienste und Arbeitszeiten;JAHR;Jahr;2021;DINSGF;Früheres Bundesgebiet / Neue Länder;DF;Früheres Bundesgebiet;WZ08C7;WZ2008 (ausgewählte Positionen): Tarifindex;WZ08-52;Lagerei, sonstige Dienstleistungen für den Verkehr;101,4;2020=100;VST065;Index d.tarifl. Stundenverdienste ohne Sonderzahl.
62221;Vj. Index der Tarifverdienste und Arbeitszeiten;JAHR;Jahr;2025;DINSGF;Früheres Bundesgebiet / Neue Länder;DN;Neue Länder;WZ08C7;WZ2008 (ausgewählte Positionen): Tarifindex;WZ08-G-03;Wirtschaftliche Dienstleistungen;119,9;2020=100;VST072;Index d.tarifl. Stundenverdienste mit Sonderzahl.
62221;Vj. Index der Tarifverdienste und Arbeitszeiten;JAHR;Jahr;2025;DINSGF;Früheres Bundesgebiet / Neue Länder;DN;Neue Länder;WZ08C7;WZ2008 (ausgewählte Positionen): Tarifindex;WZ08-G-03;Wirtschaftliche Dienstleistungen;119,6;2020=100;VST073;Index d.tarifl. Monatsverdienste mit Sonderzahl.
62221;Vj. Index der Tarifverdienste und Arbeitszeiten;JAHR;Jahr;2025;DINSGF;Früheres Bundesgebiet / Neue Länder;DN;Neue Länder;WZ08C7;WZ2008 (ausgewählte Positionen): Tarifindex;WZ08-G-03;Wirtschaftliche Dienstleistungen;38,3;h;VST019;Durchschnittliche tarifliche Wochenarbeitszeit
62221;Vj. Index der Tarifverdienste und Arbeitszeiten;JAHR;Jahr;2025;DINSGF;Früheres Bundesgebiet / Neue Länder;DN;Neue Länder;WZ08C7;WZ2008 (ausgewählte Positionen): Tarifindex;WZ08-G-03;Wirtschaftliche Dienstleistungen;119,8;2020=100;VST066;Index d.tarifl. Monatsverdienste ohne Sonderzahl.
62221;Vj. Index der Tarifverdienste und Arbeitszeiten;JAHR;Jahr;2025;DINSGF;Früheres Bundesgebiet / Neue Länder;DN;Neue Länder;WZ08C7;WZ2008 (ausgewählte Positionen): Tarifindex;WZ08-G-03;Wirtschaftliche Dienstleistungen;99,8;2020=100;VST018;Index der tariflichen Wochenarbeitszeit
62221;Vj. Index der Tarifverdienste und Arbeitszeiten;JAHR;Jahr;2025;DINSGF;Früheres Bundesgebiet / Neue Länder;DN;Neue Länder;WZ08C7;WZ2008 (ausgewählte Positionen): Tarifindex;WZ08-G-03;Wirtschaftliche Dienstleistungen;120,1;2020=100;VST065;Index d.tarifl. Stundenverdienste ohne Sonderzahl.
62221;Vj. Index der Tarifverdienste und Arbeitszeiten;JAHR;Jahr;2020;DINSGF;Früheres Bundesgebiet / Neue Länder;DN;Neue Länder;WZ08C7;WZ2008 (ausgewählte Positionen): Tarifindex;WZ08-62;Dienstleistungen der Informationstechnologie;100,0;2020=100;VST072;Index d.tarifl. Stundenverdienste mit Sonderzahl.
62221;Vj. Index der Tarifverdienste und Arbeitszeiten;JAHR;Jahr;2020;DINSGF;Früheres Bundesgebiet / Neue Länder;DN;Neue Länder;WZ08C7;WZ2008 (ausgewählte Positionen): Tarifindex;WZ08-62;Dienstleistungen der Informationstechnologie;100,0;2020=100;VST073;Index d.tarifl. Monatsverdienste mit Sonderzahl.
62221;Vj. Index der Tarifverdienste und Arbeitszeiten;JAHR;Jahr;2020;DINSGF;Früheres Bundesgebiet / Neue Länder;DN;Neue Länder;WZ08C7;WZ2008 (ausgewählte Positionen): Tarifindex;WZ08-62;Dienstleistungen der Informationstechnologie;38,1;h;VST019;Durchschnittliche tarifliche Wochenarbeitszeit
62221;Vj. Index der Tarifverdienste und Arbeitszeiten;JAHR;Jahr;2020;DINSGF;Früheres Bundesgebiet / Neue Länder;DN;Neue Länder;WZ08C7;WZ2008 (ausgewählte Positionen): Tarifindex;WZ08-62;Dienstleistungen der Informationstechnologie;100,0;2020=100;VST066;Index d.tarifl. Monatsverdienste ohne Sonderzahl.
62221;Vj. Index der Tarifverdienste und Arbeitszeiten;JAHR;Jahr;2020;DINSGF;Früheres Bundesgebiet / Neue Länder;DN;Neue Länder;WZ08C7;WZ2008 (ausgewählte Positionen): Tarifindex;WZ08-62;Dienstleistungen der Informationstechnologie;100,0;2020=100;VST018;Index der tariflichen Wochenarbeitszeit
62221;Vj. Index der Tarifverdienste und Arbeitszeiten;JAHR;Jahr;2020;DINSGF;Früheres Bundesgebiet / Neue Länder;DN;Neue Länder;WZ08C7;WZ2008 (ausgewählte Positionen): Tarifindex;WZ08-62;Dienstleistungen der Informationstechnologie;100,0;2020=100;VST065;Index d.tarifl. Stundenverdienste ohne Sonderzahl.
62221;Vj. Index der Tarifverdienste und Arbeitszeiten;JAHR;Jahr;2021;DINSGF;Früheres Bundesgebiet / Neue Länder;DF;Früheres Bundesgebiet;WZ08C7;WZ2008 (ausgewählte Positionen): Tarifindex;WZ08-58;Verlagswesen;100,7;2020=100;VST072;Index d.tarifl. Stundenverdienste mit Sonderzahl.
62221;Vj. Index der Tarifverdienste und Arbeitszeiten;JAHR;Jahr;2021;DINSGF;Früheres Bundesgebiet / Neue Länder;DF;Früheres Bundesgebiet;WZ08C7;WZ2008 (ausgewählte Positionen): Tarifindex;WZ08-58;Verlagswesen;100,7;2020=100;VST073;Index d.tarifl. Monatsverdienste mit Sonderzahl.
62221;Vj. Index der Tarifverdienste und Arbeitszeiten;JAHR;Jahr;2021;DINSGF;Früheres Bundesgebiet / Neue Länder;DF;Früheres Bundesgebiet;WZ08C7;WZ2008 (ausgewählte Positionen): Tarifindex;WZ08-58;Verlagswesen;36,2;h;VST019;Durchschnittliche tarifliche Wochenarbeitszeit
62221;Vj. Index der Tarifverdienste und Arbeitszeiten;JAHR;Jahr;2021;DINSGF;Früheres Bundesgebiet / Neue Länder;DF;Früheres Bundesgebiet;WZ08C7;WZ2008 (ausgewählte Positionen): Tarifindex;WZ08-58;Verlagswesen;100,7;2020=100;VST066;Index d.tarifl. Monatsverdienste ohne Sonderzahl.
62221;Vj. Index der Tarifverdienste und Arbeitszeiten;JAHR;Jahr;2021;DINSGF;Früheres Bundesgebiet / Neue Länder;DF;Früheres Bundesgebiet;WZ08C7;WZ2008 (ausgewählte Positionen): Tarifindex;WZ08-58;Verlagswesen;100,0;2020=100;VST018;Index der tariflichen Wochenarbeitszeit
62221;Vj. Index der Tarifverdienste und Arbeitszeiten;JAHR;Jahr;2021;DINSGF;Früheres Bundesgebiet / Neue Länder;DF;Früheres Bundesgebiet;WZ08C7;WZ2008 (ausgewählte Positionen): Tarifindex;WZ08-58;Verlagswesen;100,7;2020=100;VST065;Index d.tarifl. Stundenverdienste ohne Sonderzahl.
62221;Vj. Index der Tarifverdienste und Arbeitszeiten;JAHR;Jahr;2025;DINSGF;Früheres Bundesgebiet / Neue Länder;DN;Neue Länder;WZ08C7;WZ2008 (ausgewählte Positionen): Tarifindex;WZ08-K;Erbringung v. Finanz- u. Versicherungsdienstleist.;113,4;2020=100;VST072;Index d.tarifl. Stundenverdienste mit Sonderzahl.
62221;Vj. Index der Tarifverdienste und Arbeitszeiten;JAHR;Jahr;2025;DINSGF;Früheres Bundesgebiet / Neue Länder;DN;Neue Länder;WZ08C7;WZ2008 (ausgewählte Positionen): Tarifindex;WZ08-K;Erbringung v. Finanz- u. Versicherungsdienstleist.;113,4;2020=100;VST073;Index d.tarifl. Monatsverdienste mit Sonderzahl.
62221;Vj. Index der Tarifverdienste und Arbeitszeiten;JAHR;Jahr;2025;DINSGF;Früheres Bundesgebiet / Neue Länder;DN;Neue Länder;WZ08C7;WZ2008 (ausgewählte Positionen): Tarifindex;WZ08-K;Erbringung v. Finanz- u. Versicherungsdienstleist.;38,9;h;VST019;Durchschnittliche tarifliche Wochenarbeitszeit
62221;Vj. Index der Tarifverdienste und Arbeitszeiten;JAHR;Jahr;2025;DINSGF;Früheres Bundesgebiet / Neue Länder;DN;Neue Länder;WZ08C7;WZ2008 (ausgewählte Positionen): Tarifindex;WZ08-K;Erbringung v. Finanz- u. Versicherungsdienstleist.;114,0;2020=100;VST066;Index d.tarifl. Monatsverdienste ohne Sonderzahl.
62221;Vj. Index der Tarifverdienste und Arbeitszeiten;JAHR;Jahr;2025;DINSGF;Früheres Bundesgebiet / Neue Länder;DN;Neue Länder;WZ08C7;WZ2008 (ausgewählte Positionen): Tarifindex;WZ08-K;Erbringung v. Finanz- u. Versicherungsdienstleist.;100,0;2020=100;VST018;Index der tariflichen Wochenarbeitszeit
62221;Vj. Index der Tarifverdienste und Arbeitszeiten;JAHR;Jahr;2025;DINSGF;Früheres Bundesgebiet / Neue Länder;DN;Neue Länder;WZ08C7;WZ2008 (ausgewählte Positionen): Tarifindex;WZ08-K;Erbringung v. Finanz- u. Versicherungsdienstleist.;114,0;2020=100;VST065;Index d.tarifl. Stundenverdienste ohne Sonderzahl.
62221;Vj. Index der Tarifverdienste und Arbeitszeiten;JAHR;Jahr;2016;DINSGF;Früheres Bundesgebiet / Neue Länder;DN;Neue Länder;WZ08C7;WZ2008 (ausgewählte Positionen): Tarifindex;WZ08-35;Energieversorgung;93,7;2020=100;VST072;Index d.tarifl. Stundenverdienste mit Sonderzahl.
62221;Vj. Index der Tarifverdienste und Arbeitszeiten;JAHR;Jahr;2016;DINSGF;Früheres Bundesgebiet / Neue Länder;DN;Neue Länder;WZ08C7;WZ2008 (ausgewählte Positionen): Tarifindex;WZ08-35;Energieversorgung;93,7;2020=100;VST073;Index d.tarifl. Monatsverdienste mit Sonderzahl.
62221;Vj. Index der Tarifverdienste und Arbeitszeiten;JAHR;Jahr;2016;DINSGF;Früheres Bundesgebiet / Neue Länder;DN;Neue Länder;WZ08C7;WZ2008 (ausgewählte Positionen): Tarifindex;WZ08-35;Energieversorgung;38,1;h;VST019;Durchschnittliche tarifliche Wochenarbeitszeit
62221;Vj. Index der Tarifverdienste und Arbeitszeiten;JAHR;Jahr;2016;DINSGF;Früheres Bundesgebiet / Neue Länder;DN;Neue Länder;WZ08C7;WZ2008 (ausgewählte Positionen): Tarifindex;WZ08-35;Energieversorgung;92,7;2020=100;VST066;Index d.tarifl. Monatsverdienste ohne Sonderzahl.
62221;Vj. Index der Tarifverdienste und Arbeitszeiten;JAHR;Jahr;2016;DINSGF;Früheres Bundesgebiet / Neue Länder;DN;Neue Länder;WZ08C7;WZ2008 (ausgewählte Positionen): Tarifindex;WZ08-35;Energieversorgung;100,1;2020=100;VST018;Index der tariflichen Wochenarbeitszeit
62221;Vj. Index der Tarifverdienste und Arbeitszeiten;JAHR;Jahr;2016;DINSGF;Früheres Bundesgebiet / Neue Länder;DN;Neue Länder;WZ08C7;WZ2008 (ausgewählte Positionen): Tarifindex;WZ08-35;Energieversorgung;92,6;2020=100;VST065;Index d.tarifl. Stundenverdienste ohne Sonderzahl.
62221;Vj. Index der Tarifverdienste und Arbeitszeiten;JAHR;Jahr;2021;DINSGF;Früheres Bundesgebiet / Neue Länder;DF;Früheres Bundesgebiet;WZ08C7;WZ2008 (ausgewählte Positionen): Tarifindex;WZ08-49;Landverkehr und Transport in Rohrfernleitungen;101,1;2020=100;VST072;Index d.tarifl. Stundenverdienste mit Sonderzahl.
62221;Vj. Index der Tarifverdienste und Arbeitszeiten;JAHR;Jahr;2021;DINSGF;Früheres Bundesgebiet / Neue Länder;DF;Früheres Bundesgebiet;WZ08C7;WZ2008 (ausgewählte Positionen): Tarifindex;WZ08-49;Landverkehr und Transport in Rohrfernleitungen;101,1;2020=100;VST073;Index d.tarifl. Monatsverdienste mit Sonderzahl.
62221;Vj. Index der Tarifverdienste und Arbeitszeiten;JAHR;Jahr;2021;DINSGF;Früheres Bundesgebiet / Neue Länder;DF;Früheres Bundesgebiet;WZ08C7;WZ2008 (ausgewählte Positionen): Tarifindex;WZ08-49;Landverkehr und Transport in Rohrfernleitungen;39,1;h;VST019;Durchschnittliche tarifliche Wochenarbeitszeit
62221;Vj. Index der Tarifverdienste und Arbeitszeiten;JAHR;Jahr;2021;DINSGF;Früheres Bundesgebiet / Neue Länder;DF;Früheres Bundesgebiet;WZ08C7;WZ2008 (ausgewählte Positionen): Tarifindex;WZ08-49;Landverkehr und Transport in Rohrfernleitungen;101,2;2020=100;VST066;Index d.tarifl. Monatsverdienste ohne Sonderzahl.
62221;Vj. Index der Tarifverdienste und Arbeitszeiten;JAHR;Jahr;2021;DINSGF;Früheres Bundesgebiet / Neue Länder;DF;Früheres Bundesgebiet;WZ08C7;WZ2008 (ausgewählte Positionen): Tarifindex;WZ08-49;Landverkehr und Transport in Rohrfernleitungen;100,0;2020=100;VST018;Index der tariflichen Wochenarbeitszeit
62221;Vj. Index der Tarifverdienste und Arbeitszeiten;JAHR;Jahr;2021;DINSGF;Früheres Bundesgebiet / Neue Länder;DF;Früheres Bundesgebiet;WZ08C7;WZ2008 (ausgewählte Positionen): Tarifindex;WZ08-49;Landverkehr und Transport in Rohrfernleitungen;101,2;2020=100;VST065;Index d.tarifl. Stundenverdienste ohne Sonderzahl.
62221;Vj. Index der Tarifverdienste und Arbeitszeiten;JAHR;Jahr;2020;DINSGF;Früheres Bundesgebiet / Neue Länder;DN;Neue Länder;WZ08C7;WZ2008 (ausgewählte Positionen): Tarifindex;WZ08-77;Vermietung von beweglichen Sachen;100,0;2020=100;VST072;Index d.tarifl. Stundenverdienste mit Sonderzahl.
62221;Vj. Index der Tarifverdienste und Arbeitszeiten;JAHR;Jahr;2020;DINSGF;Früheres Bundesgebiet / Neue Länder;DN;Neue Länder;WZ08C7;WZ2008 (ausgewählte Positionen): Tarifindex;WZ08-77;Vermietung von beweglichen Sachen;100,0;2020=100;VST073;Index d.tarifl. Monatsverdienste mit Sonderzahl.
62221;Vj. Index der Tarifverdienste und Arbeitszeiten;JAHR;Jahr;2020;DINSGF;Früheres Bundesgebiet / Neue Länder;DN;Neue Länder;WZ08C7;WZ2008 (ausgewählte Positionen): Tarifindex;WZ08-77;Vermietung von beweglichen Sachen;39,8;h;VST019;Durchschnittliche tarifliche Wochenarbeitszeit
62221;Vj. Index der Tarifverdienste und Arbeitszeiten;JAHR;Jahr;2020;DINSGF;Früheres Bundesgebiet / Neue Länder;DN;Neue Länder;WZ08C7;WZ2008 (ausgewählte Positionen): Tarifindex;WZ08-77;Vermietung von beweglichen Sachen;100,0;2020=100;VST066;Index d.tarifl. Monatsverdienste ohne Sonderzahl.
62221;Vj. Index der Tarifverdienste und Arbeitszeiten;JAHR;Jahr;2020;DINSGF;Früheres Bundesgebiet / Neue Länder;DN;Neue Länder;WZ08C7;WZ2008 (ausgewählte Positionen): Tarifindex;WZ08-77;Vermietung von beweglichen Sachen;100,0;2020=100;VST018;Index der tariflichen Wochenarbeitszeit
62221;Vj. Index der Tarifverdienste und Arbeitszeiten;JAHR;Jahr;2020;DINSGF;Früheres Bundesgebiet / Neue Länder;DN;Neue Länder;WZ08C7;WZ2008 (ausgewählte Positionen): Tarifindex;WZ08-77;Vermietung von beweglichen Sachen;100,0;2020=100;VST065;Index d.tarifl. Stundenverdienste ohne Sonderzahl.
62221;Vj. Index der Tarifverdienste und Arbeitszeiten;JAHR;Jahr;2025;DINSGF;Früheres Bundesgebiet / Neue Länder;DF;Früheres Bundesgebiet;WZ08C7;WZ2008 (ausgewählte Positionen): Tarifindex;WZ08-24-02;Metall- und Elektroindustrie;113,1;2020=100;VST072;Index d.tarifl. Stundenverdienste mit Sonderzahl.
62221;Vj. Index der Tarifverdienste und Arbeitszeiten;JAHR;Jahr;2025;DINSGF;Früheres Bundesgebiet / Neue Länder;DF;Früheres Bundesgebiet;WZ08C7;WZ2008 (ausgewählte Positionen): Tarifindex;WZ08-24-02;Metall- und Elektroindustrie;113,1;2020=100;VST073;Index d.tarifl. Monatsverdienste mit Sonderzahl.
62221;Vj. Index der Tarifverdienste und Arbeitszeiten;JAHR;Jahr;2025;DINSGF;Früheres Bundesgebiet / Neue Länder;DF;Früheres Bundesgebiet;WZ08C7;WZ2008 (ausgewählte Positionen): Tarifindex;WZ08-24-02;Metall- und Elektroindustrie;35,3;h;VST019;Durchschnittliche tarifliche Wochenarbeitszeit
62221;Vj. Index der Tarifverdienste und Arbeitszeiten;JAHR;Jahr;2025;DINSGF;Früheres Bundesgebiet / Neue Länder;DF;Früheres Bundesgebiet;WZ08C7;WZ2008 (ausgewählte Positionen): Tarifindex;WZ08-24-02;Metall- und Elektroindustrie;110,8;2020=100;VST066;Index d.tarifl. Monatsverdienste ohne Sonderzahl.
62221;Vj. Index der Tarifverdienste und Arbeitszeiten;JAHR;Jahr;2025;DINSGF;Früheres Bundesgebiet / Neue Länder;DF;Früheres Bundesgebiet;WZ08C7;WZ2008 (ausgewählte Positionen): Tarifindex;WZ08-24-02;Metall- und Elektroindustrie;100,0;2020=100;VST018;Index der tariflichen Wochenarbeitszeit
62221;Vj. Index der Tarifverdienste und Arbeitszeiten;JAHR;Jahr;2025;DINSGF;Früheres Bundesgebiet / Neue Länder;DF;Früheres Bundesgebiet;WZ08C7;WZ2008 (ausgewählte Positionen): Tarifindex;WZ08-24-02;Metall- und Elektroindustrie;110,8;2020=100;VST065;Index d.tarifl. Stundenverdienste ohne Sonderzahl.
62221;Vj. Index der Tarifverdienste und Arbeitszeiten;JAHR;Jahr;2018;DINSGF;Früheres Bundesgebiet / Neue Länder;DF;Früheres Bundesgebiet;WZ08C7;WZ2008 (ausgewählte Positionen): Tarifindex;WZ08-82;Dienstleistungen für Unternehmen u.Privatpers. ang;95,5;2020=100;VST072;Index d.tarifl. Stundenverdienste mit Sonderzahl.
62221;Vj. Index der Tarifverdienste und Arbeitszeiten;JAHR;Jahr;2018;DINSGF;Früheres Bundesgebiet / Neue Länder;DF;Früheres Bundesgebiet;WZ08C7;WZ2008 (ausgewählte Positionen): Tarifindex;WZ08-82;Dienstleistungen für Unternehmen u.Privatpers. ang;95,6;2020=100;VST073;Index d.tarifl. Monatsverdienste mit Sonderzahl.
62221;Vj. Index der Tarifverdienste und Arbeitszeiten;JAHR;Jahr;2018;DINSGF;Früheres Bundesgebiet / Neue Länder;DF;Früheres Bundesgebiet;WZ08C7;WZ2008 (ausgewählte Positionen): Tarifindex;WZ08-82;Dienstleistungen für Unternehmen u.Privatpers. ang;37,4;h;VST019;Durchschnittliche tarifliche Wochenarbeitszeit
62221;Vj. Index der Tarifverdienste und Arbeitszeiten;JAHR;Jahr;2018;DINSGF;Früheres Bundesgebiet / Neue Länder;DF;Früheres Bundesgebiet;WZ08C7;WZ2008 (ausgewählte Positionen): Tarifindex;WZ08-82;Dienstleistungen für Unternehmen u.Privatpers. ang;95,9;2020=100;VST066;Index d.tarifl. Monatsverdienste ohne Sonderzahl.
62221;Vj. Index der Tarifverdienste und Arbeitszeiten;JAHR;Jahr;2018;DINSGF;Früheres Bundesgebiet / Neue Länder;DF;Früheres Bundesgebiet;WZ08C7;WZ2008 (ausgewählte Positionen): Tarifindex;WZ08-82;Dienstleistungen für Unternehmen u.Privatpers. ang;100,1;2020=100;VST018;Index der tariflichen Wochenarbeitszeit
62221;Vj. Index der Tarifverdienste und Arbeitszeiten;JAHR;Jahr;2018;DINSGF;Früheres Bundesgebiet / Neue Länder;DF;Früheres Bundesgebiet;WZ08C7;WZ2008 (ausgewählte Positionen): Tarifindex;WZ08-82;Dienstleistungen für Unternehmen u.Privatpers. ang;95,8;2020=100;VST065;Index d.tarifl. Stundenverdienste ohne Sonderzahl.
62221;Vj. Index der Tarifverdienste und Arbeitszeiten;JAHR;Jahr;2023;DINSGF;Früheres Bundesgebiet / Neue Länder;DN;Neue Länder;WZ08C7;WZ2008 (ausgewählte Positionen): Tarifindex;WZ08-38-01;Recycling, Beseitigung von Umweltverschmutzungen;107,7;2020=100;VST072;Index d.tarifl. Stundenverdienste mit Sonderzahl.
62221;Vj. Index der Tarifverdienste und Arbeitszeiten;JAHR;Jahr;2023;DINSGF;Früheres Bundesgebiet / Neue Länder;DN;Neue Länder;WZ08C7;WZ2008 (ausgewählte Positionen): Tarifindex;WZ08-38-01;Recycling, Beseitigung von Umweltverschmutzungen;107,7;2020=100;VST073;Index d.tarifl. Monatsverdienste mit Sonderzahl.
62221;Vj. Index der Tarifverdienste und Arbeitszeiten;JAHR;Jahr;2023;DINSGF;Früheres Bundesgebiet / Neue Länder;DN;Neue Länder;WZ08C7;WZ2008 (ausgewählte Positionen): Tarifindex;WZ08-38-01;Recycling, Beseitigung von Umweltverschmutzungen;39,2;h;VST019;Durchschnittliche tarifliche Wochenarbeitszeit
62221;Vj. Index der Tarifverdienste und Arbeitszeiten;JAHR;Jahr;2023;DINSGF;Früheres Bundesgebiet / Neue Länder;DN;Neue Länder;WZ08C7;WZ2008 (ausgewählte Positionen): Tarifindex;WZ08-38-01;Recycling, Beseitigung von Umweltverschmutzungen;104,9;2020=100;VST066;Index d.tarifl. Monatsverdienste ohne Sonderzahl.
62221;Vj. Index der Tarifverdienste und Arbeitszeiten;JAHR;Jahr;2023;DINSGF;Früheres Bundesgebiet / Neue Länder;DN;Neue Länder;WZ08C7;WZ2008 (ausgewählte Positionen): Tarifindex;WZ08-38-01;Recycling, Beseitigung von Umweltverschmutzungen;100,0;2020=100;VST018;Index der tariflichen Wochenarbeitszeit
62221;Vj. Index der Tarifverdienste und Arbeitszeiten;JAHR;Jahr;2023;DINSGF;Früheres Bundesgebiet / Neue Länder;DN;Neue Länder;WZ08C7;WZ2008 (ausgewählte Positionen): Tarifindex;WZ08-38-01;Recycling, Beseitigung von Umweltverschmutzungen;104,9;2020=100;VST065;Index d.tarifl. Stundenverdienste ohne Sonderzahl.
62221;Vj. Index der Tarifverdienste und Arbeitszeiten;JAHR;Jahr;2016;DINSGF;Früheres Bundesgebiet / Neue Länder;DN;Neue Länder;WZ08C7;WZ2008 (ausgewählte Positionen): Tarifindex;WZ08-11;Getränkeherstellung;89,1;2020=100;VST072;Index d.tarifl. Stundenverdienste mit Sonderzahl.
62221;Vj. Index der Tarifverdienste und Arbeitszeiten;JAHR;Jahr;2016;DINSGF;Früheres Bundesgebiet / Neue Länder;DN;Neue Länder;WZ08C7;WZ2008 (ausgewählte Positionen): Tarifindex;WZ08-11;Getränkeherstellung;89,1;2020=100;VST073;Index d.tarifl. Monatsverdienste mit Sonderzahl.
62221;Vj. Index der Tarifverdienste und Arbeitszeiten;JAHR;Jahr;2016;DINSGF;Früheres Bundesgebiet / Neue Länder;DN;Neue Länder;WZ08C7;WZ2008 (ausgewählte Positionen): Tarifindex;WZ08-11;Getränkeherstellung;38,9;h;VST019;Durchschnittliche tarifliche Wochenarbeitszeit
62221;Vj. Index der Tarifverdienste und Arbeitszeiten;JAHR;Jahr;2016;DINSGF;Früheres Bundesgebiet / Neue Länder;DN;Neue Länder;WZ08C7;WZ2008 (ausgewählte Positionen): Tarifindex;WZ08-11;Getränkeherstellung;89,6;2020=100;VST066;Index d.tarifl. Monatsverdienste ohne Sonderzahl.
62221;Vj. Index der Tarifverdienste und Arbeitszeiten;JAHR;Jahr;2016;DINSGF;Früheres Bundesgebiet / Neue Länder;DN;Neue Länder;WZ08C7;WZ2008 (ausgewählte Positionen): Tarifindex;WZ08-11;Getränkeherstellung;100,0;2020=100;VST018;Index der tariflichen Wochenarbeitszeit
62221;Vj. Index der Tarifverdienste und Arbeitszeiten;JAHR;Jahr;2016;DINSGF;Früheres Bundesgebiet / Neue Länder;DN;Neue Länder;WZ08C7;WZ2008 (ausgewählte Positionen): Tarifindex;WZ08-11;Getränkeherstellung;89,6;2020=100;VST065;Index d.tarifl. Stundenverdienste ohne Sonderzahl.
62221;Vj. Index der Tarifverdienste und Arbeitszeiten;JAHR;Jahr;2016;DINSGF;Früheres Bundesgebiet / Neue Länder;DN;Neue Länder;WZ08C7;WZ2008 (ausgewählte Positionen): Tarifindex;WZ08-26;H.v. DV-Geräten, elektron. u. opt. Erzeugnissen;90,9;2020=100;VST072;Index d.tarifl. Stundenverdienste mit Sonderzahl.
62221;Vj. Index der Tarifverdienste und Arbeitszeiten;JAHR;Jahr;2016;DINSGF;Früheres Bundesgebiet / Neue Länder;DN;Neue Länder;WZ08C7;WZ2008 (ausgewählte Positionen): Tarifindex;WZ08-26;H.v. DV-Geräten, elektron. u. opt. Erzeugnissen;90,9;2020=100;VST073;Index d.tarifl. Monatsverdienste mit Sonderzahl.
62221;Vj. Index der Tarifverdienste und Arbeitszeiten;JAHR;Jahr;2016;DINSGF;Früheres Bundesgebiet / Neue Länder;DN;Neue Länder;WZ08C7;WZ2008 (ausgewählte Positionen): Tarifindex;WZ08-26;H.v. DV-Geräten, elektron. u. opt. Erzeugnissen;37,3;h;VST019;Durchschnittliche tarifliche Wochenarbeitszeit
62221;Vj. Index der Tarifverdienste und Arbeitszeiten;JAHR;Jahr;2016;DINSGF;Früheres Bundesgebiet / Neue Länder;DN;Neue Länder;WZ08C7;WZ2008 (ausgewählte Positionen): Tarifindex;WZ08-26;H.v. DV-Geräten, elektron. u. opt. Erzeugnissen;93,0;2020=100;VST066;Index d.tarifl. Monatsverdienste ohne Sonderzahl.
62221;Vj. Index der Tarifverdienste und Arbeitszeiten;JAHR;Jahr;2016;DINSGF;Früheres Bundesgebiet / Neue Länder;DN;Neue Länder;WZ08C7;WZ2008 (ausgewählte Positionen): Tarifindex;WZ08-26;H.v. DV-Geräten, elektron. u. opt. Erzeugnissen;100,0;2020=100;VST018;Index der tariflichen Wochenarbeitszeit
62221;Vj. Index der Tarifverdienste und Arbeitszeiten;JAHR;Jahr;2016;DINSGF;Früheres Bundesgebiet / Neue Länder;DN;Neue Länder;WZ08C7;WZ2008 (ausgewählte Positionen): Tarifindex;WZ08-26;H.v. DV-Geräten, elektron. u. opt. Erzeugnissen;93,0;2020=100;VST065;Index d.tarifl. Stundenverdienste ohne Sonderzahl.
62221;Vj. Index der Tarifverdienste und Arbeitszeiten;JAHR;Jahr;2020;DINSGF;Früheres Bundesgebiet / Neue Länder;DN;Neue Länder;WZ08C7;WZ2008 (ausgewählte Positionen): Tarifindex;WZ08-95;Reparatur von DV-Geräten und Gebrauchsgütern;100,0;2020=100;VST072;Index d.tarifl. Stundenverdienste mit Sonderzahl.
62221;Vj. Index der Tarifverdienste und Arbeitszeiten;JAHR;Jahr;2020;DINSGF;Früheres Bundesgebiet / Neue Länder;DN;Neue Länder;WZ08C7;WZ2008 (ausgewählte Positionen): Tarifindex;WZ08-95;Reparatur von DV-Geräten und Gebrauchsgütern;100,0;2020=100;VST073;Index d.tarifl. Monatsverdienste mit Sonderzahl.
62221;Vj. Index der Tarifverdienste und Arbeitszeiten;JAHR;Jahr;2020;DINSGF;Früheres Bundesgebiet / Neue Länder;DN;Neue Länder;WZ08C7;WZ2008 (ausgewählte Positionen): Tarifindex;WZ08-95;Reparatur von DV-Geräten und Gebrauchsgütern;36,1;h;VST019;Durchschnittliche tarifliche Wochenarbeitszeit
62221;Vj. Index der Tarifverdienste und Arbeitszeiten;JAHR;Jahr;2020;DINSGF;Früheres Bundesgebiet / Neue Länder;DN;Neue Länder;WZ08C7;WZ2008 (ausgewählte Positionen): Tarifindex;WZ08-95;Reparatur von DV-Geräten und Gebrauchsgütern;100,0;2020=100;VST066;Index d.tarifl. Monatsverdienste ohne Sonderzahl.
62221;Vj. Index der Tarifverdienste und Arbeitszeiten;JAHR;Jahr;2020;DINSGF;Früheres Bundesgebiet / Neue Länder;DN;Neue Länder;WZ08C7;WZ2008 (ausgewählte Positionen): Tarifindex;WZ08-95;Reparatur von DV-Geräten und Gebrauchsgütern;100,0;2020=100;VST018;Index der tariflichen Wochenarbeitszeit
62221;Vj. Index der Tarifverdienste und Arbeitszeiten;JAHR;Jahr;2020;DINSGF;Früheres Bundesgebiet / Neue Länder;DN;Neue Länder;WZ08C7;WZ2008 (ausgewählte Positionen): Tarifindex;WZ08-95;Reparatur von DV-Geräten und Gebrauchsgütern;100,0;2020=100;VST065;Index d.tarifl. Stundenverdienste ohne Sonderzahl.
62221;Vj. Index der Tarifverdienste und Arbeitszeiten;JAHR;Jahr;2025;DINSGF;Früheres Bundesgebiet / Neue Länder;DN;Neue Länder;WZ08C7;WZ2008 (ausgewählte Positionen): Tarifindex;WZ08-E;Wasserversorg.,Entsorg.,Beseitig.v.Umweltverschm.;116,0;2020=100;VST072;Index d.tarifl. Stundenverdienste mit Sonderzahl.
62221;Vj. Index der Tarifverdienste und Arbeitszeiten;JAHR;Jahr;2025;DINSGF;Früheres Bundesgebiet / Neue Länder;DN;Neue Länder;WZ08C7;WZ2008 (ausgewählte Positionen): Tarifindex;WZ08-E;Wasserversorg.,Entsorg.,Beseitig.v.Umweltverschm.;115,8;2020=100;VST073;Index d.tarifl. Monatsverdienste mit Sonderzahl.
62221;Vj. Index der Tarifverdienste und Arbeitszeiten;JAHR;Jahr;2025;DINSGF;Früheres Bundesgebiet / Neue Länder;DN;Neue Länder;WZ08C7;WZ2008 (ausgewählte Positionen): Tarifindex;WZ08-E;Wasserversorg.,Entsorg.,Beseitig.v.Umweltverschm.;39,0;h;VST019;Durchschnittliche tarifliche Wochenarbeitszeit
62221;Vj. Index der Tarifverdienste und Arbeitszeiten;JAHR;Jahr;2025;DINSGF;Früheres Bundesgebiet / Neue Länder;DN;Neue Länder;WZ08C7;WZ2008 (ausgewählte Positionen): Tarifindex;WZ08-E;Wasserversorg.,Entsorg.,Beseitig.v.Umweltverschm.;116,0;2020=100;VST066;Index d.tarifl. Monatsverdienste ohne Sonderzahl.
62221;Vj. Index der Tarifverdienste und Arbeitszeiten;JAHR;Jahr;2025;DINSGF;Früheres Bundesgebiet / Neue Länder;DN;Neue Länder;WZ08C7;WZ2008 (ausgewählte Positionen): Tarifindex;WZ08-E;Wasserversorg.,Entsorg.,Beseitig.v.Umweltverschm.;99,8;2020=100;VST018;Index der tariflichen Wochenarbeitszeit
62221;Vj. Index der Tarifverdienste und Arbeitszeiten;JAHR;Jahr;2025;DINSGF;Früheres Bundesgebiet / Neue Länder;DN;Neue Länder;WZ08C7;WZ2008 (ausgewählte Positionen): Tarifindex;WZ08-E;Wasserversorg.,Entsorg.,Beseitig.v.Umweltverschm.;116,2;2020=100;VST065;Index d.tarifl. Stundenverdienste ohne Sonderzahl.
62221;Vj. Index der Tarifverdienste und Arbeitszeiten;JAHR;Jahr;2020;DINSGF;Früheres Bundesgebiet / Neue Länder;DN;Neue Länder;WZ08C7;WZ2008 (ausgewählte Positionen): Tarifindex;WZ08-80;Wach- und Sicherheitsdienste sowie Detekteien;100,0;2020=100;VST072;Index d.tarifl. Stundenverdienste mit Sonderzahl.
62221;Vj. Index der Tarifverdienste und Arbeitszeiten;JAHR;Jahr;2020;DINSGF;Früheres Bundesgebiet / Neue Länder;DN;Neue Länder;WZ08C7;WZ2008 (ausgewählte Positionen): Tarifindex;WZ08-80;Wach- und Sicherheitsdienste sowie Detekteien;100,0;2020=100;VST073;Index d.tarifl. Monatsverdienste mit Sonderzahl.
62221;Vj. Index der Tarifverdienste und Arbeitszeiten;JAHR;Jahr;2020;DINSGF;Früheres Bundesgebiet / Neue Länder;DN;Neue Länder;WZ08C7;WZ2008 (ausgewählte Positionen): Tarifindex;WZ08-80;Wach- und Sicherheitsdienste sowie Detekteien;40,0;h;VST019;Durchschnittliche tarifliche Wochenarbeitszeit
62221;Vj. Index der Tarifverdienste und Arbeitszeiten;JAHR;Jahr;2020;DINSGF;Früheres Bundesgebiet / Neue Länder;DN;Neue Länder;WZ08C7;WZ2008 (ausgewählte Positionen): Tarifindex;WZ08-80;Wach- und Sicherheitsdienste sowie Detekteien;100,0;2020=100;VST066;Index d.tarifl. Monatsverdienste ohne Sonderzahl.
62221;Vj. Index der Tarifverdienste und Arbeitszeiten;JAHR;Jahr;2020;DINSGF;Früheres Bundesgebiet / Neue Länder;DN;Neue Länder;WZ08C7;WZ2008 (ausgewählte Positionen): Tarifindex;WZ08-80;Wach- und Sicherheitsdienste sowie Detekteien;100,0;2020=100;VST018;Index der tariflichen Wochenarbeitszeit
62221;Vj. Index der Tarifverdienste und Arbeitszeiten;JAHR;Jahr;2020;DINSGF;Früheres Bundesgebiet / Neue Länder;DN;Neue Länder;WZ08C7;WZ2008 (ausgewählte Positionen): Tarifindex;WZ08-80;Wach- und Sicherheitsdienste sowie Detekteien;100,0;2020=100;VST065;Index d.tarifl. Stundenverdienste ohne Sonderzahl.
62221;Vj. Index der Tarifverdienste und Arbeitszeiten;JAHR;Jahr;2016;DINSGF;Früheres Bundesgebiet / Neue Länder;DN;Neue Länder;WZ08C7;WZ2008 (ausgewählte Positionen): Tarifindex;WZ08-20;Herstellung von chemischen Erzeugnissen;89,6;2020=100;VST072;Index d.tarifl. Stundenverdienste mit Sonderzahl.
62221;Vj. Index der Tarifverdienste und Arbeitszeiten;JAHR;Jahr;2016;DINSGF;Früheres Bundesgebiet / Neue Länder;DN;Neue Länder;WZ08C7;WZ2008 (ausgewählte Positionen): Tarifindex;WZ08-20;Herstellung von chemischen Erzeugnissen;90,6;2020=100;VST073;Index d.tarifl. Monatsverdienste mit Sonderzahl.
62221;Vj. Index der Tarifverdienste und Arbeitszeiten;JAHR;Jahr;2016;DINSGF;Früheres Bundesgebiet / Neue Länder;DN;Neue Länder;WZ08C7;WZ2008 (ausgewählte Positionen): Tarifindex;WZ08-20;Herstellung von chemischen Erzeugnissen;39,6;h;VST019;Durchschnittliche tarifliche Wochenarbeitszeit
62221;Vj. Index der Tarifverdienste und Arbeitszeiten;JAHR;Jahr;2016;DINSGF;Früheres Bundesgebiet / Neue Länder;DN;Neue Länder;WZ08C7;WZ2008 (ausgewählte Positionen): Tarifindex;WZ08-20;Herstellung von chemischen Erzeugnissen;91,8;2020=100;VST066;Index d.tarifl. Monatsverdienste ohne Sonderzahl.
62221;Vj. Index der Tarifverdienste und Arbeitszeiten;JAHR;Jahr;2016;DINSGF;Früheres Bundesgebiet / Neue Länder;DN;Neue Länder;WZ08C7;WZ2008 (ausgewählte Positionen): Tarifindex;WZ08-20;Herstellung von chemischen Erzeugnissen;101,0;2020=100;VST018;Index der tariflichen Wochenarbeitszeit
62221;Vj. Index der Tarifverdienste und Arbeitszeiten;JAHR;Jahr;2016;DINSGF;Früheres Bundesgebiet / Neue Länder;DN;Neue Länder;WZ08C7;WZ2008 (ausgewählte Positionen): Tarifindex;WZ08-20;Herstellung von chemischen Erzeugnissen;90,9;2020=100;VST065;Index d.tarifl. Stundenverdienste ohne Sonderzahl.
62221;Vj. Index der Tarifverdienste und Arbeitszeiten;JAHR;Jahr;2019;DINSGF;Früheres Bundesgebiet / Neue Länder;DN;Neue Länder;WZ08C7;WZ2008 (ausgewählte Positionen): Tarifindex;WZ08-24-01;Metallgewerbe;99,0;2020=100;VST072;Index d.tarifl. Stundenverdienste mit Sonderzahl.
62221;Vj. Index der Tarifverdienste und Arbeitszeiten;JAHR;Jahr;2019;DINSGF;Früheres Bundesgebiet / Neue Länder;DN;Neue Länder;WZ08C7;WZ2008 (ausgewählte Positionen): Tarifindex;WZ08-24-01;Metallgewerbe;99,0;2020=100;VST073;Index d.tarifl. Monatsverdienste mit Sonderzahl.
62221;Vj. Index der Tarifverdienste und Arbeitszeiten;JAHR;Jahr;2019;DINSGF;Früheres Bundesgebiet / Neue Länder;DN;Neue Länder;WZ08C7;WZ2008 (ausgewählte Positionen): Tarifindex;WZ08-24-01;Metallgewerbe;36,5;h;VST019;Durchschnittliche tarifliche Wochenarbeitszeit
62221;Vj. Index der Tarifverdienste und Arbeitszeiten;JAHR;Jahr;2019;DINSGF;Früheres Bundesgebiet / Neue Länder;DN;Neue Länder;WZ08C7;WZ2008 (ausgewählte Positionen): Tarifindex;WZ08-24-01;Metallgewerbe;99,5;2020=100;VST066;Index d.tarifl. Monatsverdienste ohne Sonderzahl.
62221;Vj. Index der Tarifverdienste und Arbeitszeiten;JAHR;Jahr;2019;DINSGF;Früheres Bundesgebiet / Neue Länder;DN;Neue Länder;WZ08C7;WZ2008 (ausgewählte Positionen): Tarifindex;WZ08-24-01;Metallgewerbe;100,0;2020=100;VST018;Index der tariflichen Wochenarbeitszeit
62221;Vj. Index der Tarifverdienste und Arbeitszeiten;JAHR;Jahr;2019;DINSGF;Früheres Bundesgebiet / Neue Länder;DN;Neue Länder;WZ08C7;WZ2008 (ausgewählte Positionen): Tarifindex;WZ08-24-01;Metallgewerbe;99,5;2020=100;VST065;Index d.tarifl. Stundenverdienste ohne Sonderzahl.
62221;Vj. Index der Tarifverdienste und Arbeitszeiten;JAHR;Jahr;2017;DINSGF;Früheres Bundesgebiet / Neue Länder;DF;Früheres Bundesgebiet;WZ08C7;WZ2008 (ausgewählte Positionen): Tarifindex;WZ08-95;Reparatur von DV-Geräten und Gebrauchsgütern;92,9;2020=100;VST072;Index d.tarifl. Stundenverdienste mit Sonderzahl.
62221;Vj. Index der Tarifverdienste und Arbeitszeiten;JAHR;Jahr;2017;DINSGF;Früheres Bundesgebiet / Neue Länder;DF;Früheres Bundesgebiet;WZ08C7;WZ2008 (ausgewählte Positionen): Tarifindex;WZ08-95;Reparatur von DV-Geräten und Gebrauchsgütern;93,0;2020=100;VST073;Index d.tarifl. Monatsverdienste mit Sonderzahl.
62221;Vj. Index der Tarifverdienste und Arbeitszeiten;JAHR;Jahr;2017;DINSGF;Früheres Bundesgebiet / Neue Länder;DF;Früheres Bundesgebiet;WZ08C7;WZ2008 (ausgewählte Positionen): Tarifindex;WZ08-95;Reparatur von DV-Geräten und Gebrauchsgütern;36,7;h;VST019;Durchschnittliche tarifliche Wochenarbeitszeit
62221;Vj. Index der Tarifverdienste und Arbeitszeiten;JAHR;Jahr;2017;DINSGF;Früheres Bundesgebiet / Neue Länder;DF;Früheres Bundesgebiet;WZ08C7;WZ2008 (ausgewählte Positionen): Tarifindex;WZ08-95;Reparatur von DV-Geräten und Gebrauchsgütern;94,4;2020=100;VST066;Index d.tarifl. Monatsverdienste ohne Sonderzahl.
62221;Vj. Index der Tarifverdienste und Arbeitszeiten;JAHR;Jahr;2017;DINSGF;Früheres Bundesgebiet / Neue Länder;DF;Früheres Bundesgebiet;WZ08C7;WZ2008 (ausgewählte Positionen): Tarifindex;WZ08-95;Reparatur von DV-Geräten und Gebrauchsgütern;100,1;2020=100;VST018;Index der tariflichen Wochenarbeitszeit
62221;Vj. Index der Tarifverdienste und Arbeitszeiten;JAHR;Jahr;2017;DINSGF;Früheres Bundesgebiet / Neue Länder;DF;Früheres Bundesgebiet;WZ08C7;WZ2008 (ausgewählte Positionen): Tarifindex;WZ08-95;Reparatur von DV-Geräten und Gebrauchsgütern;94,3;2020=100;VST065;Index d.tarifl. Stundenverdienste ohne Sonderzahl.
62221;Vj. Index der Tarifverdienste und Arbeitszeiten;JAHR;Jahr;2017;DINSGF;Früheres Bundesgebiet / Neue Länder;DN;Neue Länder;WZ08C7;WZ2008 (ausgewählte Positionen): Tarifindex;WZ08-F;Baugewerbe;90,1;2020=100;VST072;Index d.tarifl. Stundenverdienste mit Sonderzahl.
62221;Vj. Index der Tarifverdienste und Arbeitszeiten;JAHR;Jahr;2017;DINSGF;Früheres Bundesgebiet / Neue Länder;DN;Neue Länder;WZ08C7;WZ2008 (ausgewählte Positionen): Tarifindex;WZ08-F;Baugewerbe;90,2;2020=100;VST073;Index d.tarifl. Monatsverdienste mit Sonderzahl.
62221;Vj. Index der Tarifverdienste und Arbeitszeiten;JAHR;Jahr;2017;DINSGF;Früheres Bundesgebiet / Neue Länder;DN;Neue Länder;WZ08C7;WZ2008 (ausgewählte Positionen): Tarifindex;WZ08-F;Baugewerbe;39,9;h;VST019;Durchschnittliche tarifliche Wochenarbeitszeit
62221;Vj. Index der Tarifverdienste und Arbeitszeiten;JAHR;Jahr;2017;DINSGF;Früheres Bundesgebiet / Neue Länder;DN;Neue Länder;WZ08C7;WZ2008 (ausgewählte Positionen): Tarifindex;WZ08-F;Baugewerbe;91,8;2020=100;VST066;Index d.tarifl. Monatsverdienste ohne Sonderzahl.
62221;Vj. Index der Tarifverdienste und Arbeitszeiten;JAHR;Jahr;2017;DINSGF;Früheres Bundesgebiet / Neue Länder;DN;Neue Länder;WZ08C7;WZ2008 (ausgewählte Positionen): Tarifindex;WZ08-F;Baugewerbe;100,0;2020=100;VST018;Index der tariflichen Wochenarbeitszeit
62221;Vj. Index der Tarifverdienste und Arbeitszeiten;JAHR;Jahr;2017;DINSGF;Früheres Bundesgebiet / Neue Länder;DN;Neue Länder;WZ08C7;WZ2008 (ausgewählte Positionen): Tarifindex;WZ08-F;Baugewerbe;91,7;2020=100;VST065;Index d.tarifl. Stundenverdienste ohne Sonderzahl.
62221;Vj. Index der Tarifverdienste und Arbeitszeiten;JAHR;Jahr;2016;DINSGF;Früheres Bundesgebiet / Neue Länder;DN;Neue Länder;WZ08C7;WZ2008 (ausgewählte Positionen): Tarifindex;WZ08-08-01;Gewinnung v. Steinen u. Erden, sonst. Bergbau, DL;87,6;2020=100;VST072;Index d.tarifl. Stundenverdienste mit Sonderzahl.
62221;Vj. Index der Tarifverdienste und Arbeitszeiten;JAHR;Jahr;2016;DINSGF;Früheres Bundesgebiet / Neue Länder;DN;Neue Länder;WZ08C7;WZ2008 (ausgewählte Positionen): Tarifindex;WZ08-08-01;Gewinnung v. Steinen u. Erden, sonst. Bergbau, DL;87,6;2020=100;VST073;Index d.tarifl. Monatsverdienste mit Sonderzahl.
62221;Vj. Index der Tarifverdienste und Arbeitszeiten;JAHR;Jahr;2016;DINSGF;Früheres Bundesgebiet / Neue Länder;DN;Neue Länder;WZ08C7;WZ2008 (ausgewählte Positionen): Tarifindex;WZ08-08-01;Gewinnung v. Steinen u. Erden, sonst. Bergbau, DL;40,0;h;VST019;Durchschnittliche tarifliche Wochenarbeitszeit
62221;Vj. Index der Tarifverdienste und Arbeitszeiten;JAHR;Jahr;2016;DINSGF;Früheres Bundesgebiet / Neue Länder;DN;Neue Länder;WZ08C7;WZ2008 (ausgewählte Positionen): Tarifindex;WZ08-08-01;Gewinnung v. Steinen u. Erden, sonst. Bergbau, DL;87,6;2020=100;VST066;Index d.tarifl. Monatsverdienste ohne Sonderzahl.
62221;Vj. Index der Tarifverdienste und Arbeitszeiten;JAHR;Jahr;2016;DINSGF;Früheres Bundesgebiet / Neue Länder;DN;Neue Länder;WZ08C7;WZ2008 (ausgewählte Positionen): Tarifindex;WZ08-08-01;Gewinnung v. Steinen u. Erden, sonst. Bergbau, DL;100,0;2020=100;VST018;Index der tariflichen Wochenarbeitszeit
62221;Vj. Index der Tarifverdienste und Arbeitszeiten;JAHR;Jahr;2016;DINSGF;Früheres Bundesgebiet / Neue Länder;DN;Neue Länder;WZ08C7;WZ2008 (ausgewählte Positionen): Tarifindex;WZ08-08-01;Gewinnung v. Steinen u. Erden, sonst. Bergbau, DL;87,6;2020=100;VST065;Index d.tarifl. Stundenverdienste ohne Sonderzahl.
62221;Vj. Index der Tarifverdienste und Arbeitszeiten;JAHR;Jahr;2023;DINSGF;Früheres Bundesgebiet / Neue Länder;DF;Früheres Bundesgebiet;WZ08C7;WZ2008 (ausgewählte Positionen): Tarifindex;WZ08-60;Rundfunkveranstalter;103,9;2020=100;VST072;Index d.tarifl. Stundenverdienste mit Sonderzahl.
62221;Vj. Index der Tarifverdienste und Arbeitszeiten;JAHR;Jahr;2023;DINSGF;Früheres Bundesgebiet / Neue Länder;DF;Früheres Bundesgebiet;WZ08C7;WZ2008 (ausgewählte Positionen): Tarifindex;WZ08-60;Rundfunkveranstalter;103,9;2020=100;VST073;Index d.tarifl. Monatsverdienste mit Sonderzahl.
62221;Vj. Index der Tarifverdienste und Arbeitszeiten;JAHR;Jahr;2023;DINSGF;Früheres Bundesgebiet / Neue Länder;DF;Früheres Bundesgebiet;WZ08C7;WZ2008 (ausgewählte Positionen): Tarifindex;WZ08-60;Rundfunkveranstalter;38,6;h;VST019;Durchschnittliche tarifliche Wochenarbeitszeit
62221;Vj. Index der Tarifverdienste und Arbeitszeiten;JAHR;Jahr;2023;DINSGF;Früheres Bundesgebiet / Neue Länder;DF;Früheres Bundesgebiet;WZ08C7;WZ2008 (ausgewählte Positionen): Tarifindex;WZ08-60;Rundfunkveranstalter;104,9;2020=100;VST066;Index d.tarifl. Monatsverdienste ohne Sonderzahl.
62221;Vj. Index der Tarifverdienste und Arbeitszeiten;JAHR;Jahr;2023;DINSGF;Früheres Bundesgebiet / Neue Länder;DF;Früheres Bundesgebiet;WZ08C7;WZ2008 (ausgewählte Positionen): Tarifindex;WZ08-60;Rundfunkveranstalter;100,0;2020=100;VST018;Index der tariflichen Wochenarbeitszeit
62221;Vj. Index der Tarifverdienste und Arbeitszeiten;JAHR;Jahr;2023;DINSGF;Früheres Bundesgebiet / Neue Länder;DF;Früheres Bundesgebiet;WZ08C7;WZ2008 (ausgewählte Positionen): Tarifindex;WZ08-60;Rundfunkveranstalter;104,9;2020=100;VST065;Index d.tarifl. Stundenverdienste ohne Sonderzahl.
62221;Vj. Index der Tarifverdienste und Arbeitszeiten;JAHR;Jahr;2020;DINSGF;Früheres Bundesgebiet / Neue Länder;DN;Neue Länder;WZ08C7;WZ2008 (ausgewählte Positionen): Tarifindex;WZ08-16;H.v. Holz-, Flecht-, Korb-u.Korkwaren (ohne Möbel);100,0;2020=100;VST072;Index d.tarifl. Stundenverdienste mit Sonderzahl.
62221;Vj. Index der Tarifverdienste und Arbeitszeiten;JAHR;Jahr;2020;DINSGF;Früheres Bundesgebiet / Neue Länder;DN;Neue Länder;WZ08C7;WZ2008 (ausgewählte Positionen): Tarifindex;WZ08-16;H.v. Holz-, Flecht-, Korb-u.Korkwaren (ohne Möbel);100,0;2020=100;VST073;Index d.tarifl. Monatsverdienste mit Sonderzahl.
62221;Vj. Index der Tarifverdienste und Arbeitszeiten;JAHR;Jahr;2020;DINSGF;Früheres Bundesgebiet / Neue Länder;DN;Neue Länder;WZ08C7;WZ2008 (ausgewählte Positionen): Tarifindex;WZ08-16;H.v. Holz-, Flecht-, Korb-u.Korkwaren (ohne Möbel);39,1;h;VST019;Durchschnittliche tarifliche Wochenarbeitszeit
62221;Vj. Index der Tarifverdienste und Arbeitszeiten;JAHR;Jahr;2020;DINSGF;Früheres Bundesgebiet / Neue Länder;DN;Neue Länder;WZ08C7;WZ2008 (ausgewählte Positionen): Tarifindex;WZ08-16;H.v. Holz-, Flecht-, Korb-u.Korkwaren (ohne Möbel);100,0;2020=100;VST066;Index d.tarifl. Monatsverdienste ohne Sonderzahl.
62221;Vj. Index der Tarifverdienste und Arbeitszeiten;JAHR;Jahr;2020;DINSGF;Früheres Bundesgebiet / Neue Länder;DN;Neue Länder;WZ08C7;WZ2008 (ausgewählte Positionen): Tarifindex;WZ08-16;H.v. Holz-, Flecht-, Korb-u.Korkwaren (ohne Möbel);100,0;2020=100;VST018;Index der tariflichen Wochenarbeitszeit
62221;Vj. Index der Tarifverdienste und Arbeitszeiten;JAHR;Jahr;2020;DINSGF;Früheres Bundesgebiet / Neue Länder;DN;Neue Länder;WZ08C7;WZ2008 (ausgewählte Positionen): Tarifindex;WZ08-16;H.v. Holz-, Flecht-, Korb-u.Korkwaren (ohne Möbel);100,0;2020=100;VST065;Index d.tarifl. Stundenverdienste ohne Sonderzahl.
62221;Vj. Index der Tarifverdienste und Arbeitszeiten;JAHR;Jahr;2018;DINSGF;Früheres Bundesgebiet / Neue Länder;DF;Früheres Bundesgebiet;WZ08C7;WZ2008 (ausgewählte Positionen): Tarifindex;WZ08-14;Herstellung von Bekleidung;95,6;2020=100;VST072;Index d.tarifl. Stundenverdienste mit Sonderzahl.
62221;Vj. Index der Tarifverdienste und Arbeitszeiten;JAHR;Jahr;2018;DINSGF;Früheres Bundesgebiet / Neue Länder;DF;Früheres Bundesgebiet;WZ08C7;WZ2008 (ausgewählte Positionen): Tarifindex;WZ08-14;Herstellung von Bekleidung;95,6;2020=100;VST073;Index d.tarifl. Monatsverdienste mit Sonderzahl.
62221;Vj. Index der Tarifverdienste und Arbeitszeiten;JAHR;Jahr;2018;DINSGF;Früheres Bundesgebiet / Neue Länder;DF;Früheres Bundesgebiet;WZ08C7;WZ2008 (ausgewählte Positionen): Tarifindex;WZ08-14;Herstellung von Bekleidung;37,1;h;VST019;Durchschnittliche tarifliche Wochenarbeitszeit
62221;Vj. Index der Tarifverdienste und Arbeitszeiten;JAHR;Jahr;2018;DINSGF;Früheres Bundesgebiet / Neue Länder;DF;Früheres Bundesgebiet;WZ08C7;WZ2008 (ausgewählte Positionen): Tarifindex;WZ08-14;Herstellung von Bekleidung;95,8;2020=100;VST066;Index d.tarifl. Monatsverdienste ohne Sonderzahl.
62221;Vj. Index der Tarifverdienste und Arbeitszeiten;JAHR;Jahr;2018;DINSGF;Früheres Bundesgebiet / Neue Länder;DF;Früheres Bundesgebiet;WZ08C7;WZ2008 (ausgewählte Positionen): Tarifindex;WZ08-14;Herstellung von Bekleidung;100,0;2020=100;VST018;Index der tariflichen Wochenarbeitszeit
62221;Vj. Index der Tarifverdienste und Arbeitszeiten;JAHR;Jahr;2018;DINSGF;Früheres Bundesgebiet / Neue Länder;DF;Früheres Bundesgebiet;WZ08C7;WZ2008 (ausgewählte Positionen): Tarifindex;WZ08-14;Herstellung von Bekleidung;95,8;2020=100;VST065;Index d.tarifl. Stundenverdienste ohne Sonderzahl.
62221;Vj. Index der Tarifverdienste und Arbeitszeiten;JAHR;Jahr;2023;DINSGF;Früheres Bundesgebiet / Neue Länder;DF;Früheres Bundesgebiet;WZ08C7;WZ2008 (ausgewählte Positionen): Tarifindex;WZ08-66;Mit Finanz- u. Versicherungsdienstl. verb. Tätigk.;108,3;2020=100;VST072;Index d.tarifl. Stundenverdienste mit Sonderzahl.
62221;Vj. Index der Tarifverdienste und Arbeitszeiten;JAHR;Jahr;2023;DINSGF;Früheres Bundesgebiet / Neue Länder;DF;Früheres Bundesgebiet;WZ08C7;WZ2008 (ausgewählte Positionen): Tarifindex;WZ08-66;Mit Finanz- u. Versicherungsdienstl. verb. Tätigk.;108,3;2020=100;VST073;Index d.tarifl. Monatsverdienste mit Sonderzahl.
62221;Vj. Index der Tarifverdienste und Arbeitszeiten;JAHR;Jahr;2023;DINSGF;Früheres Bundesgebiet / Neue Länder;DF;Früheres Bundesgebiet;WZ08C7;WZ2008 (ausgewählte Positionen): Tarifindex;WZ08-66;Mit Finanz- u. Versicherungsdienstl. verb. Tätigk.;38,0;h;VST019;Durchschnittliche tarifliche Wochenarbeitszeit
62221;Vj. Index der Tarifverdienste und Arbeitszeiten;JAHR;Jahr;2023;DINSGF;Früheres Bundesgebiet / Neue Länder;DF;Früheres Bundesgebiet;WZ08C7;WZ2008 (ausgewählte Positionen): Tarifindex;WZ08-66;Mit Finanz- u. Versicherungsdienstl. verb. Tätigk.;105,9;2020=100;VST066;Index d.tarifl. Monatsverdienste ohne Sonderzahl.
62221;Vj. Index der Tarifverdienste und Arbeitszeiten;JAHR;Jahr;2023;DINSGF;Früheres Bundesgebiet / Neue Länder;DF;Früheres Bundesgebiet;WZ08C7;WZ2008 (ausgewählte Positionen): Tarifindex;WZ08-66;Mit Finanz- u. Versicherungsdienstl. verb. Tätigk.;100,0;2020=100;VST018;Index der tariflichen Wochenarbeitszeit
62221;Vj. Index der Tarifverdienste und Arbeitszeiten;JAHR;Jahr;2023;DINSGF;Früheres Bundesgebiet / Neue Länder;DF;Früheres Bundesgebiet;WZ08C7;WZ2008 (ausgewählte Positionen): Tarifindex;WZ08-66;Mit Finanz- u. Versicherungsdienstl. verb. Tätigk.;105,9;2020=100;VST065;Index d.tarifl. Stundenverdienste ohne Sonderzahl.
62221;Vj. Index der Tarifverdienste und Arbeitszeiten;JAHR;Jahr;2019;DINSGF;Früheres Bundesgebiet / Neue Länder;DF;Früheres Bundesgebiet;WZ08C7;WZ2008 (ausgewählte Positionen): Tarifindex;WZ08-38-01;Recycling, Beseitigung von Umweltverschmutzungen;97,4;2020=100;VST072;Index d.tarifl. Stundenverdienste mit Sonderzahl.
62221;Vj. Index der Tarifverdienste und Arbeitszeiten;JAHR;Jahr;2019;DINSGF;Früheres Bundesgebiet / Neue Länder;DF;Früheres Bundesgebiet;WZ08C7;WZ2008 (ausgewählte Positionen): Tarifindex;WZ08-38-01;Recycling, Beseitigung von Umweltverschmutzungen;97,4;2020=100;VST073;Index d.tarifl. Monatsverdienste mit Sonderzahl.
62221;Vj. Index der Tarifverdienste und Arbeitszeiten;JAHR;Jahr;2019;DINSGF;Früheres Bundesgebiet / Neue Länder;DF;Früheres Bundesgebiet;WZ08C7;WZ2008 (ausgewählte Positionen): Tarifindex;WZ08-38-01;Recycling, Beseitigung von Umweltverschmutzungen;39,0;h;VST019;Durchschnittliche tarifliche Wochenarbeitszeit
62221;Vj. Index der Tarifverdienste und Arbeitszeiten;JAHR;Jahr;2019;DINSGF;Früheres Bundesgebiet / Neue Länder;DF;Früheres Bundesgebiet;WZ08C7;WZ2008 (ausgewählte Positionen): Tarifindex;WZ08-38-01;Recycling, Beseitigung von Umweltverschmutzungen;98,3;2020=100;VST066;Index d.tarifl. Monatsverdienste ohne Sonderzahl.
62221;Vj. Index der Tarifverdienste und Arbeitszeiten;JAHR;Jahr;2019;DINSGF;Früheres Bundesgebiet / Neue Länder;DF;Früheres Bundesgebiet;WZ08C7;WZ2008 (ausgewählte Positionen): Tarifindex;WZ08-38-01;Recycling, Beseitigung von Umweltverschmutzungen;100,0;2020=100;VST018;Index der tariflichen Wochenarbeitszeit
62221;Vj. Index der Tarifverdienste und Arbeitszeiten;JAHR;Jahr;2019;DINSGF;Früheres Bundesgebiet / Neue Länder;DF;Früheres Bundesgebiet;WZ08C7;WZ2008 (ausgewählte Positionen): Tarifindex;WZ08-38-01;Recycling, Beseitigung von Umweltverschmutzungen;98,3;2020=100;VST065;Index d.tarifl. Stundenverdienste ohne Sonderzahl.
62221;Vj. Index der Tarifverdienste und Arbeitszeiten;JAHR;Jahr;2017;DINSGF;Früheres Bundesgebiet / Neue Länder;DN;Neue Länder;WZ08C7;WZ2008 (ausgewählte Positionen): Tarifindex;WZ08-L;Grundstücks- und Wohnungswesen;93,1;2020=100;VST072;Index d.tarifl. Stundenverdienste mit Sonderzahl.
62221;Vj. Index der Tarifverdienste und Arbeitszeiten;JAHR;Jahr;2017;DINSGF;Früheres Bundesgebiet / Neue Länder;DN;Neue Länder;WZ08C7;WZ2008 (ausgewählte Positionen): Tarifindex;WZ08-L;Grundstücks- und Wohnungswesen;93,1;2020=100;VST073;Index d.tarifl. Monatsverdienste mit Sonderzahl.
62221;Vj. Index der Tarifverdienste und Arbeitszeiten;JAHR;Jahr;2017;DINSGF;Früheres Bundesgebiet / Neue Länder;DN;Neue Länder;WZ08C7;WZ2008 (ausgewählte Positionen): Tarifindex;WZ08-L;Grundstücks- und Wohnungswesen;37,2;h;VST019;Durchschnittliche tarifliche Wochenarbeitszeit
62221;Vj. Index der Tarifverdienste und Arbeitszeiten;JAHR;Jahr;2017;DINSGF;Früheres Bundesgebiet / Neue Länder;DN;Neue Länder;WZ08C7;WZ2008 (ausgewählte Positionen): Tarifindex;WZ08-L;Grundstücks- und Wohnungswesen;93,9;2020=100;VST066;Index d.tarifl. Monatsverdienste ohne Sonderzahl.
62221;Vj. Index der Tarifverdienste und Arbeitszeiten;JAHR;Jahr;2017;DINSGF;Früheres Bundesgebiet / Neue Länder;DN;Neue Länder;WZ08C7;WZ2008 (ausgewählte Positionen): Tarifindex;WZ08-L;Grundstücks- und Wohnungswesen;100,0;2020=100;VST018;Index der tariflichen Wochenarbeitszeit
62221;Vj. Index der Tarifverdienste und Arbeitszeiten;JAHR;Jahr;2017;DINSGF;Früheres Bundesgebiet / Neue Länder;DN;Neue Länder;WZ08C7;WZ2008 (ausgewählte Positionen): Tarifindex;WZ08-L;Grundstücks- und Wohnungswesen;93,9;2020=100;VST065;Index d.tarifl. Stundenverdienste ohne Sonderzahl.
62221;Vj. Index der Tarifverdienste und Arbeitszeiten;JAHR;Jahr;2018;DINSGF;Früheres Bundesgebiet / Neue Länder;DF;Früheres Bundesgebiet;WZ08C7;WZ2008 (ausgewählte Positionen): Tarifindex;WZ08-H-01;Verkehr und Lagerei, Information und Kommunikation;95,0;2020=100;VST072;Index d.tarifl. Stundenverdienste mit Sonderzahl.
62221;Vj. Index der Tarifverdienste und Arbeitszeiten;JAHR;Jahr;2018;DINSGF;Früheres Bundesgebiet / Neue Länder;DF;Früheres Bundesgebiet;WZ08C7;WZ2008 (ausgewählte Positionen): Tarifindex;WZ08-H-01;Verkehr und Lagerei, Information und Kommunikation;95,2;2020=100;VST073;Index d.tarifl. Monatsverdienste mit Sonderzahl.
62221;Vj. Index der Tarifverdienste und Arbeitszeiten;JAHR;Jahr;2018;DINSGF;Früheres Bundesgebiet / Neue Länder;DF;Früheres Bundesgebiet;WZ08C7;WZ2008 (ausgewählte Positionen): Tarifindex;WZ08-H-01;Verkehr und Lagerei, Information und Kommunikation;38,5;h;VST019;Durchschnittliche tarifliche Wochenarbeitszeit
62221;Vj. Index der Tarifverdienste und Arbeitszeiten;JAHR;Jahr;2018;DINSGF;Früheres Bundesgebiet / Neue Länder;DF;Früheres Bundesgebiet;WZ08C7;WZ2008 (ausgewählte Positionen): Tarifindex;WZ08-H-01;Verkehr und Lagerei, Information und Kommunikation;95,2;2020=100;VST066;Index d.tarifl. Monatsverdienste ohne Sonderzahl.
62221;Vj. Index der Tarifverdienste und Arbeitszeiten;JAHR;Jahr;2018;DINSGF;Früheres Bundesgebiet / Neue Länder;DF;Früheres Bundesgebiet;WZ08C7;WZ2008 (ausgewählte Positionen): Tarifindex;WZ08-H-01;Verkehr und Lagerei, Information und Kommunikation;100,2;2020=100;VST018;Index der tariflichen Wochenarbeitszeit
62221;Vj. Index der Tarifverdienste und Arbeitszeiten;JAHR;Jahr;2018;DINSGF;Früheres Bundesgebiet / Neue Länder;DF;Früheres Bundesgebiet;WZ08C7;WZ2008 (ausgewählte Positionen): Tarifindex;WZ08-H-01;Verkehr und Lagerei, Information und Kommunikation;94,9;2020=100;VST065;Index d.tarifl. Stundenverdienste ohne Sonderzahl.
62221;Vj. Index der Tarifverdienste und Arbeitszeiten;JAHR;Jahr;2021;DINSGF;Früheres Bundesgebiet / Neue Länder;DF;Früheres Bundesgebiet;WZ08C7;WZ2008 (ausgewählte Positionen): Tarifindex;WZ08-10-02;Ernährungsgewerbe;101,9;2020=100;VST072;Index d.tarifl. Stundenverdienste mit Sonderzahl.
62221;Vj. Index der Tarifverdienste und Arbeitszeiten;JAHR;Jahr;2021;DINSGF;Früheres Bundesgebiet / Neue Länder;DF;Früheres Bundesgebiet;WZ08C7;WZ2008 (ausgewählte Positionen): Tarifindex;WZ08-10-02;Ernährungsgewerbe;101,9;2020=100;VST073;Index d.tarifl. Monatsverdienste mit Sonderzahl.
62221;Vj. Index der Tarifverdienste und Arbeitszeiten;JAHR;Jahr;2021;DINSGF;Früheres Bundesgebiet / Neue Länder;DF;Früheres Bundesgebiet;WZ08C7;WZ2008 (ausgewählte Positionen): Tarifindex;WZ08-10-02;Ernährungsgewerbe;38,1;h;VST019;Durchschnittliche tarifliche Wochenarbeitszeit
62221;Vj. Index der Tarifverdienste und Arbeitszeiten;JAHR;Jahr;2021;DINSGF;Früheres Bundesgebiet / Neue Länder;DF;Früheres Bundesgebiet;WZ08C7;WZ2008 (ausgewählte Positionen): Tarifindex;WZ08-10-02;Ernährungsgewerbe;101,8;2020=100;VST066;Index d.tarifl. Monatsverdienste ohne Sonderzahl.
62221;Vj. Index der Tarifverdienste und Arbeitszeiten;JAHR;Jahr;2021;DINSGF;Früheres Bundesgebiet / Neue Länder;DF;Früheres Bundesgebiet;WZ08C7;WZ2008 (ausgewählte Positionen): Tarifindex;WZ08-10-02;Ernährungsgewerbe;100,0;2020=100;VST018;Index der tariflichen Wochenarbeitszeit
62221;Vj. Index der Tarifverdienste und Arbeitszeiten;JAHR;Jahr;2021;DINSGF;Früheres Bundesgebiet / Neue Länder;DF;Früheres Bundesgebiet;WZ08C7;WZ2008 (ausgewählte Positionen): Tarifindex;WZ08-10-02;Ernährungsgewerbe;101,8;2020=100;VST065;Index d.tarifl. Stundenverdienste ohne Sonderzahl.
62221;Vj. Index der Tarifverdienste und Arbeitszeiten;JAHR;Jahr;2021;DINSGF;Früheres Bundesgebiet / Neue Länder;DF;Früheres Bundesgebiet;WZ08C7;WZ2008 (ausgewählte Positionen): Tarifindex;WZ08-55-01;Gastgewerbe;101,7;2020=100;VST072;Index d.tarifl. Stundenverdienste mit Sonderzahl.
62221;Vj. Index der Tarifverdienste und Arbeitszeiten;JAHR;Jahr;2021;DINSGF;Früheres Bundesgebiet / Neue Länder;DF;Früheres Bundesgebiet;WZ08C7;WZ2008 (ausgewählte Positionen): Tarifindex;WZ08-55-01;Gastgewerbe;101,7;2020=100;VST073;Index d.tarifl. Monatsverdienste mit Sonderzahl.
62221;Vj. Index der Tarifverdienste und Arbeitszeiten;JAHR;Jahr;2021;DINSGF;Früheres Bundesgebiet / Neue Länder;DF;Früheres Bundesgebiet;WZ08C7;WZ2008 (ausgewählte Positionen): Tarifindex;WZ08-55-01;Gastgewerbe;39,0;h;VST019;Durchschnittliche tarifliche Wochenarbeitszeit
62221;Vj. Index der Tarifverdienste und Arbeitszeiten;JAHR;Jahr;2021;DINSGF;Früheres Bundesgebiet / Neue Länder;DF;Früheres Bundesgebiet;WZ08C7;WZ2008 (ausgewählte Positionen): Tarifindex;WZ08-55-01;Gastgewerbe;101,9;2020=100;VST066;Index d.tarifl. Monatsverdienste ohne Sonderzahl.
62221;Vj. Index der Tarifverdienste und Arbeitszeiten;JAHR;Jahr;2021;DINSGF;Früheres Bundesgebiet / Neue Länder;DF;Früheres Bundesgebiet;WZ08C7;WZ2008 (ausgewählte Positionen): Tarifindex;WZ08-55-01;Gastgewerbe;100,0;2020=100;VST018;Index der tariflichen Wochenarbeitszeit
62221;Vj. Index der Tarifverdienste und Arbeitszeiten;JAHR;Jahr;2021;DINSGF;Früheres Bundesgebiet / Neue Länder;DF;Früheres Bundesgebiet;WZ08C7;WZ2008 (ausgewählte Positionen): Tarifindex;WZ08-55-01;Gastgewerbe;101,9;2020=100;VST065;Index d.tarifl. Stundenverdienste ohne Sonderzahl.
62221;Vj. Index der Tarifverdienste und Arbeitszeiten;JAHR;Jahr;2020;DINSGF;Früheres Bundesgebiet / Neue Länder;DN;Neue Länder;WZ08C7;WZ2008 (ausgewählte Positionen): Tarifindex;WZ08-10;Herstellung von Nahrungs- und Futtermitteln;100,0;2020=100;VST072;Index d.tarifl. Stundenverdienste mit Sonderzahl.
62221;Vj. Index der Tarifverdienste und Arbeitszeiten;JAHR;Jahr;2020;DINSGF;Früheres Bundesgebiet / Neue Länder;DN;Neue Länder;WZ08C7;WZ2008 (ausgewählte Positionen): Tarifindex;WZ08-10;Herstellung von Nahrungs- und Futtermitteln;100,0;2020=100;VST073;Index d.tarifl. Monatsverdienste mit Sonderzahl.
62221;Vj. Index der Tarifverdienste und Arbeitszeiten;JAHR;Jahr;2020;DINSGF;Früheres Bundesgebiet / Neue Länder;DN;Neue Länder;WZ08C7;WZ2008 (ausgewählte Positionen): Tarifindex;WZ08-10;Herstellung von Nahrungs- und Futtermitteln;38,7;h;VST019;Durchschnittliche tarifliche Wochenarbeitszeit
62221;Vj. Index der Tarifverdienste und Arbeitszeiten;JAHR;Jahr;2020;DINSGF;Früheres Bundesgebiet / Neue Länder;DN;Neue Länder;WZ08C7;WZ2008 (ausgewählte Positionen): Tarifindex;WZ08-10;Herstellung von Nahrungs- und Futtermitteln;100,0;2020=100;VST066;Index d.tarifl. Monatsverdienste ohne Sonderzahl.
62221;Vj. Index der Tarifverdienste und Arbeitszeiten;JAHR;Jahr;2020;DINSGF;Früheres Bundesgebiet / Neue Länder;DN;Neue Länder;WZ08C7;WZ2008 (ausgewählte Positionen): Tarifindex;WZ08-10;Herstellung von Nahrungs- und Futtermitteln;100,0;2020=100;VST018;Index der tariflichen Wochenarbeitszeit
62221;Vj. Index der Tarifverdienste und Arbeitszeiten;JAHR;Jahr;2020;DINSGF;Früheres Bundesgebiet / Neue Länder;DN;Neue Länder;WZ08C7;WZ2008 (ausgewählte Positionen): Tarifindex;WZ08-10;Herstellung von Nahrungs- und Futtermitteln;100,0;2020=100;VST065;Index d.tarifl. Stundenverdienste ohne Sonderzahl.
62221;Vj. Index der Tarifverdienste und Arbeitszeiten;JAHR;Jahr;2025;DINSGF;Früheres Bundesgebiet / Neue Länder;DN;Neue Länder;WZ08C7;WZ2008 (ausgewählte Positionen): Tarifindex;WZ08-G-02;Dienstleistungsbereich;116,6;2020=100;VST072;Index d.tarifl. Stundenverdienste mit Sonderzahl.
62221;Vj. Index der Tarifverdienste und Arbeitszeiten;JAHR;Jahr;2025;DINSGF;Früheres Bundesgebiet / Neue Länder;DN;Neue Länder;WZ08C7;WZ2008 (ausgewählte Positionen): Tarifindex;WZ08-G-02;Dienstleistungsbereich;116,3;2020=100;VST073;Index d.tarifl. Monatsverdienste mit Sonderzahl.
62221;Vj. Index der Tarifverdienste und Arbeitszeiten;JAHR;Jahr;2025;DINSGF;Früheres Bundesgebiet / Neue Länder;DN;Neue Länder;WZ08C7;WZ2008 (ausgewählte Positionen): Tarifindex;WZ08-G-02;Dienstleistungsbereich;39,2;h;VST019;Durchschnittliche tarifliche Wochenarbeitszeit
62221;Vj. Index der Tarifverdienste und Arbeitszeiten;JAHR;Jahr;2025;DINSGF;Früheres Bundesgebiet / Neue Länder;DN;Neue Länder;WZ08C7;WZ2008 (ausgewählte Positionen): Tarifindex;WZ08-G-02;Dienstleistungsbereich;116,5;2020=100;VST066;Index d.tarifl. Monatsverdienste ohne Sonderzahl.
62221;Vj. Index der Tarifverdienste und Arbeitszeiten;JAHR;Jahr;2025;DINSGF;Früheres Bundesgebiet / Neue Länder;DN;Neue Länder;WZ08C7;WZ2008 (ausgewählte Positionen): Tarifindex;WZ08-G-02;Dienstleistungsbereich;99,8;2020=100;VST018;Index der tariflichen Wochenarbeitszeit
62221;Vj. Index der Tarifverdienste und Arbeitszeiten;JAHR;Jahr;2025;DINSGF;Früheres Bundesgebiet / Neue Länder;DN;Neue Länder;WZ08C7;WZ2008 (ausgewählte Positionen): Tarifindex;WZ08-G-02;Dienstleistungsbereich;116,7;2020=100;VST065;Index d.tarifl. Stundenverdienste ohne Sonderzahl.
62221;Vj. Index der Tarifverdienste und Arbeitszeiten;JAHR;Jahr;2019;DINSGF;Früheres Bundesgebiet / Neue Länder;DN;Neue Länder;WZ08C7;WZ2008 (ausgewählte Positionen): Tarifindex;WZ08-74;Sonst. freiberufl.,wissenschaftl. u. techn.Tätigk.;97,1;2020=100;VST072;Index d.tarifl. Stundenverdienste mit Sonderzahl.
62221;Vj. Index der Tarifverdienste und Arbeitszeiten;JAHR;Jahr;2019;DINSGF;Früheres Bundesgebiet / Neue Länder;DN;Neue Länder;WZ08C7;WZ2008 (ausgewählte Positionen): Tarifindex;WZ08-74;Sonst. freiberufl.,wissenschaftl. u. techn.Tätigk.;97,1;2020=100;VST073;Index d.tarifl. Monatsverdienste mit Sonderzahl.
62221;Vj. Index der Tarifverdienste und Arbeitszeiten;JAHR;Jahr;2019;DINSGF;Früheres Bundesgebiet / Neue Länder;DN;Neue Länder;WZ08C7;WZ2008 (ausgewählte Positionen): Tarifindex;WZ08-74;Sonst. freiberufl.,wissenschaftl. u. techn.Tätigk.;39,6;h;VST019;Durchschnittliche tarifliche Wochenarbeitszeit
62221;Vj. Index der Tarifverdienste und Arbeitszeiten;JAHR;Jahr;2019;DINSGF;Früheres Bundesgebiet / Neue Länder;DN;Neue Länder;WZ08C7;WZ2008 (ausgewählte Positionen): Tarifindex;WZ08-74;Sonst. freiberufl.,wissenschaftl. u. techn.Tätigk.;97,5;2020=100;VST066;Index d.tarifl. Monatsverdienste ohne Sonderzahl.
62221;Vj. Index der Tarifverdienste und Arbeitszeiten;JAHR;Jahr;2019;DINSGF;Früheres Bundesgebiet / Neue Länder;DN;Neue Länder;WZ08C7;WZ2008 (ausgewählte Positionen): Tarifindex;WZ08-74;Sonst. freiberufl.,wissenschaftl. u. techn.Tätigk.;100,0;2020=100;VST018;Index der tariflichen Wochenarbeitszeit
62221;Vj. Index der Tarifverdienste und Arbeitszeiten;JAHR;Jahr;2019;DINSGF;Früheres Bundesgebiet / Neue Länder;DN;Neue Länder;WZ08C7;WZ2008 (ausgewählte Positionen): Tarifindex;WZ08-74;Sonst. freiberufl.,wissenschaftl. u. techn.Tätigk.;97,5;2020=100;VST065;Index d.tarifl. Stundenverdienste ohne Sonderzahl.
62221;Vj. Index der Tarifverdienste und Arbeitszeiten;JAHR;Jahr;2024;DINSGF;Früheres Bundesgebiet / Neue Länder;DN;Neue Länder;WZ08C7;WZ2008 (ausgewählte Positionen): Tarifindex;WZ08-52;Lagerei, sonstige Dienstleistungen für den Verkehr;114,5;2020=100;VST072;Index d.tarifl. Stundenverdienste mit Sonderzahl.
62221;Vj. Index der Tarifverdienste und Arbeitszeiten;JAHR;Jahr;2024;DINSGF;Früheres Bundesgebiet / Neue Länder;DN;Neue Länder;WZ08C7;WZ2008 (ausgewählte Positionen): Tarifindex;WZ08-52;Lagerei, sonstige Dienstleistungen für den Verkehr;114,2;2020=100;VST073;Index d.tarifl. Monatsverdienste mit Sonderzahl.
62221;Vj. Index der Tarifverdienste und Arbeitszeiten;JAHR;Jahr;2024;DINSGF;Früheres Bundesgebiet / Neue Länder;DN;Neue Länder;WZ08C7;WZ2008 (ausgewählte Positionen): Tarifindex;WZ08-52;Lagerei, sonstige Dienstleistungen für den Verkehr;39,3;h;VST019;Durchschnittliche tarifliche Wochenarbeitszeit
62221;Vj. Index der Tarifverdienste und Arbeitszeiten;JAHR;Jahr;2024;DINSGF;Früheres Bundesgebiet / Neue Länder;DN;Neue Länder;WZ08C7;WZ2008 (ausgewählte Positionen): Tarifindex;WZ08-52;Lagerei, sonstige Dienstleistungen für den Verkehr;111,5;2020=100;VST066;Index d.tarifl. Monatsverdienste ohne Sonderzahl.
62221;Vj. Index der Tarifverdienste und Arbeitszeiten;JAHR;Jahr;2024;DINSGF;Früheres Bundesgebiet / Neue Länder;DN;Neue Länder;WZ08C7;WZ2008 (ausgewählte Positionen): Tarifindex;WZ08-52;Lagerei, sonstige Dienstleistungen für den Verkehr;99,9;2020=100;VST018;Index der tariflichen Wochenarbeitszeit
62221;Vj. Index der Tarifverdienste und Arbeitszeiten;JAHR;Jahr;2024;DINSGF;Früheres Bundesgebiet / Neue Länder;DN;Neue Länder;WZ08C7;WZ2008 (ausgewählte Positionen): Tarifindex;WZ08-52;Lagerei, sonstige Dienstleistungen für den Verkehr;111,8;2020=100;VST065;Index d.tarifl. Stundenverdienste ohne Sonderzahl.
62221;Vj. Index der Tarifverdienste und Arbeitszeiten;JAHR;Jahr;2016;DINSGF;Früheres Bundesgebiet / Neue Länder;DN;Neue Länder;WZ08C7;WZ2008 (ausgewählte Positionen): Tarifindex;WZ08-72;Forschung und Entwicklung;89,7;2020=100;VST072;Index d.tarifl. Stundenverdienste mit Sonderzahl.
62221;Vj. Index der Tarifverdienste und Arbeitszeiten;JAHR;Jahr;2016;DINSGF;Früheres Bundesgebiet / Neue Länder;DN;Neue Länder;WZ08C7;WZ2008 (ausgewählte Positionen): Tarifindex;WZ08-72;Forschung und Entwicklung;89,7;2020=100;VST073;Index d.tarifl. Monatsverdienste mit Sonderzahl.
62221;Vj. Index der Tarifverdienste und Arbeitszeiten;JAHR;Jahr;2016;DINSGF;Früheres Bundesgebiet / Neue Länder;DN;Neue Länder;WZ08C7;WZ2008 (ausgewählte Positionen): Tarifindex;WZ08-72;Forschung und Entwicklung;38,8;h;VST019;Durchschnittliche tarifliche Wochenarbeitszeit
62221;Vj. Index der Tarifverdienste und Arbeitszeiten;JAHR;Jahr;2016;DINSGF;Früheres Bundesgebiet / Neue Länder;DN;Neue Länder;WZ08C7;WZ2008 (ausgewählte Positionen): Tarifindex;WZ08-72;Forschung und Entwicklung;89,4;2020=100;VST066;Index d.tarifl. Monatsverdienste ohne Sonderzahl.
62221;Vj. Index der Tarifverdienste und Arbeitszeiten;JAHR;Jahr;2016;DINSGF;Früheres Bundesgebiet / Neue Länder;DN;Neue Länder;WZ08C7;WZ2008 (ausgewählte Positionen): Tarifindex;WZ08-72;Forschung und Entwicklung;100,0;2020=100;VST018;Index der tariflichen Wochenarbeitszeit
62221;Vj. Index der Tarifverdienste und Arbeitszeiten;JAHR;Jahr;2016;DINSGF;Früheres Bundesgebiet / Neue Länder;DN;Neue Länder;WZ08C7;WZ2008 (ausgewählte Positionen): Tarifindex;WZ08-72;Forschung und Entwicklung;89,4;2020=100;VST065;Index d.tarifl. Stundenverdienste ohne Sonderzahl.
62221;Vj. Index der Tarifverdienste und Arbeitszeiten;JAHR;Jahr;2016;DINSGF;Früheres Bundesgebiet / Neue Länder;DN;Neue Länder;WZ08C7;WZ2008 (ausgewählte Positionen): Tarifindex;WZ08-78;Vermittlung und Überlassung von Arbeitskräften;88,1;2020=100;VST072;Index d.tarifl. Stundenverdienste mit Sonderzahl.
62221;Vj. Index der Tarifverdienste und Arbeitszeiten;JAHR;Jahr;2016;DINSGF;Früheres Bundesgebiet / Neue Länder;DN;Neue Länder;WZ08C7;WZ2008 (ausgewählte Positionen): Tarifindex;WZ08-78;Vermittlung und Überlassung von Arbeitskräften;88,1;2020=100;VST073;Index d.tarifl. Monatsverdienste mit Sonderzahl.
62221;Vj. Index der Tarifverdienste und Arbeitszeiten;JAHR;Jahr;2016;DINSGF;Früheres Bundesgebiet / Neue Länder;DN;Neue Länder;WZ08C7;WZ2008 (ausgewählte Positionen): Tarifindex;WZ08-78;Vermittlung und Überlassung von Arbeitskräften;35,1;h;VST019;Durchschnittliche tarifliche Wochenarbeitszeit
62221;Vj. Index der Tarifverdienste und Arbeitszeiten;JAHR;Jahr;2016;DINSGF;Früheres Bundesgebiet / Neue Länder;DN;Neue Länder;WZ08C7;WZ2008 (ausgewählte Positionen): Tarifindex;WZ08-78;Vermittlung und Überlassung von Arbeitskräften;88,0;2020=100;VST066;Index d.tarifl. Monatsverdienste ohne Sonderzahl.
62221;Vj. Index der Tarifverdienste und Arbeitszeiten;JAHR;Jahr;2016;DINSGF;Früheres Bundesgebiet / Neue Länder;DN;Neue Länder;WZ08C7;WZ2008 (ausgewählte Positionen): Tarifindex;WZ08-78;Vermittlung und Überlassung von Arbeitskräften;100,0;2020=100;VST018;Index der tariflichen Wochenarbeitszeit
62221;Vj. Index der Tarifverdienste und Arbeitszeiten;JAHR;Jahr;2016;DINSGF;Früheres Bundesgebiet / Neue Länder;DN;Neue Länder;WZ08C7;WZ2008 (ausgewählte Positionen): Tarifindex;WZ08-78;Vermittlung und Überlassung von Arbeitskräften;88,0;2020=100;VST065;Index d.tarifl. Stundenverdienste ohne Sonderzahl.
62221;Vj. Index der Tarifverdienste und Arbeitszeiten;JAHR;Jahr;2025;DINSGF;Früheres Bundesgebiet / Neue Länder;DN;Neue Länder;WZ08C7;WZ2008 (ausgewählte Positionen): Tarifindex;WZ08-30;Sonstiger Fahrzeugbau;114,7;2020=100;VST072;Index d.tarifl. Stundenverdienste mit Sonderzahl.
62221;Vj. Index der Tarifverdienste und Arbeitszeiten;JAHR;Jahr;2025;DINSGF;Früheres Bundesgebiet / Neue Länder;DN;Neue Länder;WZ08C7;WZ2008 (ausgewählte Positionen): Tarifindex;WZ08-30;Sonstiger Fahrzeugbau;114,3;2020=100;VST073;Index d.tarifl. Monatsverdienste mit Sonderzahl.
62221;Vj. Index der Tarifverdienste und Arbeitszeiten;JAHR;Jahr;2025;DINSGF;Früheres Bundesgebiet / Neue Länder;DN;Neue Länder;WZ08C7;WZ2008 (ausgewählte Positionen): Tarifindex;WZ08-30;Sonstiger Fahrzeugbau;38,2;h;VST019;Durchschnittliche tarifliche Wochenarbeitszeit
62221;Vj. Index der Tarifverdienste und Arbeitszeiten;JAHR;Jahr;2025;DINSGF;Früheres Bundesgebiet / Neue Länder;DN;Neue Länder;WZ08C7;WZ2008 (ausgewählte Positionen): Tarifindex;WZ08-30;Sonstiger Fahrzeugbau;111,8;2020=100;VST066;Index d.tarifl. Monatsverdienste ohne Sonderzahl.
62221;Vj. Index der Tarifverdienste und Arbeitszeiten;JAHR;Jahr;2025;DINSGF;Früheres Bundesgebiet / Neue Länder;DN;Neue Länder;WZ08C7;WZ2008 (ausgewählte Positionen): Tarifindex;WZ08-30;Sonstiger Fahrzeugbau;99,5;2020=100;VST018;Index der tariflichen Wochenarbeitszeit
62221;Vj. Index der Tarifverdienste und Arbeitszeiten;JAHR;Jahr;2025;DINSGF;Früheres Bundesgebiet / Neue Länder;DN;Neue Länder;WZ08C7;WZ2008 (ausgewählte Positionen): Tarifindex;WZ08-30;Sonstiger Fahrzeugbau;112,2;2020=100;VST065;Index d.tarifl. Stundenverdienste ohne Sonderzahl.
62221;Vj. Index der Tarifverdienste und Arbeitszeiten;JAHR;Jahr;2019;DINSGF;Früheres Bundesgebiet / Neue Länder;DN;Neue Länder;WZ08C7;WZ2008 (ausgewählte Positionen): Tarifindex;WZ08-01-01;Land- und Forstwirtschaft;93,4;2020=100;VST072;Index d.tarifl. Stundenverdienste mit Sonderzahl.
62221;Vj. Index der Tarifverdienste und Arbeitszeiten;JAHR;Jahr;2019;DINSGF;Früheres Bundesgebiet / Neue Länder;DN;Neue Länder;WZ08C7;WZ2008 (ausgewählte Positionen): Tarifindex;WZ08-01-01;Land- und Forstwirtschaft;93,4;2020=100;VST073;Index d.tarifl. Monatsverdienste mit Sonderzahl.
62221;Vj. Index der Tarifverdienste und Arbeitszeiten;JAHR;Jahr;2019;DINSGF;Früheres Bundesgebiet / Neue Länder;DN;Neue Länder;WZ08C7;WZ2008 (ausgewählte Positionen): Tarifindex;WZ08-01-01;Land- und Forstwirtschaft;39,8;h;VST019;Durchschnittliche tarifliche Wochenarbeitszeit
62221;Vj. Index der Tarifverdienste und Arbeitszeiten;JAHR;Jahr;2019;DINSGF;Früheres Bundesgebiet / Neue Länder;DN;Neue Länder;WZ08C7;WZ2008 (ausgewählte Positionen): Tarifindex;WZ08-01-01;Land- und Forstwirtschaft;92,8;2020=100;VST066;Index d.tarifl. Monatsverdienste ohne Sonderzahl.
62221;Vj. Index der Tarifverdienste und Arbeitszeiten;JAHR;Jahr;2019;DINSGF;Früheres Bundesgebiet / Neue Länder;DN;Neue Länder;WZ08C7;WZ2008 (ausgewählte Positionen): Tarifindex;WZ08-01-01;Land- und Forstwirtschaft;100,0;2020=100;VST018;Index der tariflichen Wochenarbeitszeit
62221;Vj. Index der Tarifverdienste und Arbeitszeiten;JAHR;Jahr;2019;DINSGF;Früheres Bundesgebiet / Neue Länder;DN;Neue Länder;WZ08C7;WZ2008 (ausgewählte Positionen): Tarifindex;WZ08-01-01;Land- und Forstwirtschaft;92,8;2020=100;VST065;Index d.tarifl. Stundenverdienste ohne Sonderzahl.
62221;Vj. Index der Tarifverdienste und Arbeitszeiten;JAHR;Jahr;2017;DINSGF;Früheres Bundesgebiet / Neue Länder;DN;Neue Länder;WZ08C7;WZ2008 (ausgewählte Positionen): Tarifindex;WZ08-R;Kunst, Unterhaltung und Erholung;91,9;2020=100;VST072;Index d.tarifl. Stundenverdienste mit Sonderzahl.
62221;Vj. Index der Tarifverdienste und Arbeitszeiten;JAHR;Jahr;2017;DINSGF;Früheres Bundesgebiet / Neue Länder;DN;Neue Länder;WZ08C7;WZ2008 (ausgewählte Positionen): Tarifindex;WZ08-R;Kunst, Unterhaltung und Erholung;91,9;2020=100;VST073;Index d.tarifl. Monatsverdienste mit Sonderzahl.
62221;Vj. Index der Tarifverdienste und Arbeitszeiten;JAHR;Jahr;2017;DINSGF;Früheres Bundesgebiet / Neue Länder;DN;Neue Länder;WZ08C7;WZ2008 (ausgewählte Positionen): Tarifindex;WZ08-R;Kunst, Unterhaltung und Erholung;39,0;h;VST019;Durchschnittliche tarifliche Wochenarbeitszeit
62221;Vj. Index der Tarifverdienste und Arbeitszeiten;JAHR;Jahr;2017;DINSGF;Früheres Bundesgebiet / Neue Länder;DN;Neue Länder;WZ08C7;WZ2008 (ausgewählte Positionen): Tarifindex;WZ08-R;Kunst, Unterhaltung und Erholung;91,7;2020=100;VST066;Index d.tarifl. Monatsverdienste ohne Sonderzahl.
62221;Vj. Index der Tarifverdienste und Arbeitszeiten;JAHR;Jahr;2017;DINSGF;Früheres Bundesgebiet / Neue Länder;DN;Neue Länder;WZ08C7;WZ2008 (ausgewählte Positionen): Tarifindex;WZ08-R;Kunst, Unterhaltung und Erholung;100,0;2020=100;VST018;Index der tariflichen Wochenarbeitszeit
62221;Vj. Index der Tarifverdienste und Arbeitszeiten;JAHR;Jahr;2017;DINSGF;Früheres Bundesgebiet / Neue Länder;DN;Neue Länder;WZ08C7;WZ2008 (ausgewählte Positionen): Tarifindex;WZ08-R;Kunst, Unterhaltung und Erholung;91,7;2020=100;VST065;Index d.tarifl. Stundenverdienste ohne Sonderzahl.
62221;Vj. Index der Tarifverdienste und Arbeitszeiten;JAHR;Jahr;2025;DINSGF;Früheres Bundesgebiet / Neue Länder;DN;Neue Länder;WZ08C7;WZ2008 (ausgewählte Positionen): Tarifindex;WZ08-45;Kfz-Handel, Instandhaltung und Reparatur von Kfz;114,5;2020=100;VST072;Index d.tarifl. Stundenverdienste mit Sonderzahl.
62221;Vj. Index der Tarifverdienste und Arbeitszeiten;JAHR;Jahr;2025;DINSGF;Früheres Bundesgebiet / Neue Länder;DN;Neue Länder;WZ08C7;WZ2008 (ausgewählte Positionen): Tarifindex;WZ08-45;Kfz-Handel, Instandhaltung und Reparatur von Kfz;114,3;2020=100;VST073;Index d.tarifl. Monatsverdienste mit Sonderzahl.
62221;Vj. Index der Tarifverdienste und Arbeitszeiten;JAHR;Jahr;2025;DINSGF;Früheres Bundesgebiet / Neue Länder;DN;Neue Länder;WZ08C7;WZ2008 (ausgewählte Positionen): Tarifindex;WZ08-45;Kfz-Handel, Instandhaltung und Reparatur von Kfz;37,3;h;VST019;Durchschnittliche tarifliche Wochenarbeitszeit
62221;Vj. Index der Tarifverdienste und Arbeitszeiten;JAHR;Jahr;2025;DINSGF;Früheres Bundesgebiet / Neue Länder;DN;Neue Länder;WZ08C7;WZ2008 (ausgewählte Positionen): Tarifindex;WZ08-45;Kfz-Handel, Instandhaltung und Reparatur von Kfz;114,2;2020=100;VST066;Index d.tarifl. Monatsverdienste ohne Sonderzahl.
62221;Vj. Index der Tarifverdienste und Arbeitszeiten;JAHR;Jahr;2025;DINSGF;Früheres Bundesgebiet / Neue Länder;DN;Neue Länder;WZ08C7;WZ2008 (ausgewählte Positionen): Tarifindex;WZ08-45;Kfz-Handel, Instandhaltung und Reparatur von Kfz;99,8;2020=100;VST018;Index der tariflichen Wochenarbeitszeit
62221;Vj. Index der Tarifverdienste und Arbeitszeiten;JAHR;Jahr;2025;DINSGF;Früheres Bundesgebiet / Neue Länder;DN;Neue Länder;WZ08C7;WZ2008 (ausgewählte Positionen): Tarifindex;WZ08-45;Kfz-Handel, Instandhaltung und Reparatur von Kfz;114,3;2020=100;VST065;Index d.tarifl. Stundenverdienste ohne Sonderzahl.
62221;Vj. Index der Tarifverdienste und Arbeitszeiten;JAHR;Jahr;2025;DINSGF;Früheres Bundesgebiet / Neue Länder;DN;Neue Länder;WZ08C7;WZ2008 (ausgewählte Positionen): Tarifindex;WZ08-36;Wasserversorgung;115,4;2020=100;VST072;Index d.tarifl. Stundenverdienste mit Sonderzahl.
62221;Vj. Index der Tarifverdienste und Arbeitszeiten;JAHR;Jahr;2025;DINSGF;Früheres Bundesgebiet / Neue Länder;DN;Neue Länder;WZ08C7;WZ2008 (ausgewählte Positionen): Tarifindex;WZ08-36;Wasserversorgung;115,0;2020=100;VST073;Index d.tarifl. Monatsverdienste mit Sonderzahl.
62221;Vj. Index der Tarifverdienste und Arbeitszeiten;JAHR;Jahr;2025;DINSGF;Früheres Bundesgebiet / Neue Länder;DN;Neue Länder;WZ08C7;WZ2008 (ausgewählte Positionen): Tarifindex;WZ08-36;Wasserversorgung;39,0;h;VST019;Durchschnittliche tarifliche Wochenarbeitszeit
62221;Vj. Index der Tarifverdienste und Arbeitszeiten;JAHR;Jahr;2025;DINSGF;Früheres Bundesgebiet / Neue Länder;DN;Neue Länder;WZ08C7;WZ2008 (ausgewählte Positionen): Tarifindex;WZ08-36;Wasserversorgung;115,2;2020=100;VST066;Index d.tarifl. Monatsverdienste ohne Sonderzahl.
62221;Vj. Index der Tarifverdienste und Arbeitszeiten;JAHR;Jahr;2025;DINSGF;Früheres Bundesgebiet / Neue Länder;DN;Neue Länder;WZ08C7;WZ2008 (ausgewählte Positionen): Tarifindex;WZ08-36;Wasserversorgung;99,6;2020=100;VST018;Index der tariflichen Wochenarbeitszeit
62221;Vj. Index der Tarifverdienste und Arbeitszeiten;JAHR;Jahr;2025;DINSGF;Früheres Bundesgebiet / Neue Länder;DN;Neue Länder;WZ08C7;WZ2008 (ausgewählte Positionen): Tarifindex;WZ08-36;Wasserversorgung;115,6;2020=100;VST065;Index d.tarifl. Stundenverdienste ohne Sonderzahl.
62221;Vj. Index der Tarifverdienste und Arbeitszeiten;JAHR;Jahr;2016;DINSGF;Früheres Bundesgebiet / Neue Länder;DF;Früheres Bundesgebiet;WZ08C7;WZ2008 (ausgewählte Positionen): Tarifindex;WZ08-72-01;Forschung,Werbung u.Marktforschung,Veterinärwesen;90,0;2020=100;VST072;Index d.tarifl. Stundenverdienste mit Sonderzahl.
62221;Vj. Index der Tarifverdienste und Arbeitszeiten;JAHR;Jahr;2016;DINSGF;Früheres Bundesgebiet / Neue Länder;DF;Früheres Bundesgebiet;WZ08C7;WZ2008 (ausgewählte Positionen): Tarifindex;WZ08-72-01;Forschung,Werbung u.Marktforschung,Veterinärwesen;90,0;2020=100;VST073;Index d.tarifl. Monatsverdienste mit Sonderzahl.
62221;Vj. Index der Tarifverdienste und Arbeitszeiten;JAHR;Jahr;2016;DINSGF;Früheres Bundesgebiet / Neue Länder;DF;Früheres Bundesgebiet;WZ08C7;WZ2008 (ausgewählte Positionen): Tarifindex;WZ08-72-01;Forschung,Werbung u.Marktforschung,Veterinärwesen;38,6;h;VST019;Durchschnittliche tarifliche Wochenarbeitszeit
62221;Vj. Index der Tarifverdienste und Arbeitszeiten;JAHR;Jahr;2016;DINSGF;Früheres Bundesgebiet / Neue Länder;DF;Früheres Bundesgebiet;WZ08C7;WZ2008 (ausgewählte Positionen): Tarifindex;WZ08-72-01;Forschung,Werbung u.Marktforschung,Veterinärwesen;89,8;2020=100;VST066;Index d.tarifl. Monatsverdienste ohne Sonderzahl.
62221;Vj. Index der Tarifverdienste und Arbeitszeiten;JAHR;Jahr;2016;DINSGF;Früheres Bundesgebiet / Neue Länder;DF;Früheres Bundesgebiet;WZ08C7;WZ2008 (ausgewählte Positionen): Tarifindex;WZ08-72-01;Forschung,Werbung u.Marktforschung,Veterinärwesen;100,0;2020=100;VST018;Index der tariflichen Wochenarbeitszeit
62221;Vj. Index der Tarifverdienste und Arbeitszeiten;JAHR;Jahr;2016;DINSGF;Früheres Bundesgebiet / Neue Länder;DF;Früheres Bundesgebiet;WZ08C7;WZ2008 (ausgewählte Positionen): Tarifindex;WZ08-72-01;Forschung,Werbung u.Marktforschung,Veterinärwesen;89,8;2020=100;VST065;Index d.tarifl. Stundenverdienste ohne Sonderzahl.
62221;Vj. Index der Tarifverdienste und Arbeitszeiten;JAHR;Jahr;2019;DINSGF;Früheres Bundesgebiet / Neue Länder;DF;Früheres Bundesgebiet;WZ08C7;WZ2008 (ausgewählte Positionen): Tarifindex;WZ08-94;Interessenvertr., kirchl. u. sonst. Vereinigungen;97,5;2020=100;VST072;Index d.tarifl. Stundenverdienste mit Sonderzahl.
62221;Vj. Index der Tarifverdienste und Arbeitszeiten;JAHR;Jahr;2019;DINSGF;Früheres Bundesgebiet / Neue Länder;DF;Früheres Bundesgebiet;WZ08C7;WZ2008 (ausgewählte Positionen): Tarifindex;WZ08-94;Interessenvertr., kirchl. u. sonst. Vereinigungen;97,6;2020=100;VST073;Index d.tarifl. Monatsverdienste mit Sonderzahl.
62221;Vj. Index der Tarifverdienste und Arbeitszeiten;JAHR;Jahr;2019;DINSGF;Früheres Bundesgebiet / Neue Länder;DF;Früheres Bundesgebiet;WZ08C7;WZ2008 (ausgewählte Positionen): Tarifindex;WZ08-94;Interessenvertr., kirchl. u. sonst. Vereinigungen;39,1;h;VST019;Durchschnittliche tarifliche Wochenarbeitszeit
62221;Vj. Index der Tarifverdienste und Arbeitszeiten;JAHR;Jahr;2019;DINSGF;Früheres Bundesgebiet / Neue Länder;DF;Früheres Bundesgebiet;WZ08C7;WZ2008 (ausgewählte Positionen): Tarifindex;WZ08-94;Interessenvertr., kirchl. u. sonst. Vereinigungen;97,6;2020=100;VST066;Index d.tarifl. Monatsverdienste ohne Sonderzahl.
62221;Vj. Index der Tarifverdienste und Arbeitszeiten;JAHR;Jahr;2019;DINSGF;Früheres Bundesgebiet / Neue Länder;DF;Früheres Bundesgebiet;WZ08C7;WZ2008 (ausgewählte Positionen): Tarifindex;WZ08-94;Interessenvertr., kirchl. u. sonst. Vereinigungen;100,0;2020=100;VST018;Index der tariflichen Wochenarbeitszeit
62221;Vj. Index der Tarifverdienste und Arbeitszeiten;JAHR;Jahr;2019;DINSGF;Früheres Bundesgebiet / Neue Länder;DF;Früheres Bundesgebiet;WZ08C7;WZ2008 (ausgewählte Positionen): Tarifindex;WZ08-94;Interessenvertr., kirchl. u. sonst. Vereinigungen;97,6;2020=100;VST065;Index d.tarifl. Stundenverdienste ohne Sonderzahl.
62221;Vj. Index der Tarifverdienste und Arbeitszeiten;JAHR;Jahr;2019;DINSGF;Früheres Bundesgebiet / Neue Länder;DF;Früheres Bundesgebiet;WZ08C7;WZ2008 (ausgewählte Positionen): Tarifindex;WZ08-85;Erziehung und Unterricht;97,0;2020=100;VST072;Index d.tarifl. Stundenverdienste mit Sonderzahl.
62221;Vj. Index der Tarifverdienste und Arbeitszeiten;JAHR;Jahr;2019;DINSGF;Früheres Bundesgebiet / Neue Länder;DF;Früheres Bundesgebiet;WZ08C7;WZ2008 (ausgewählte Positionen): Tarifindex;WZ08-85;Erziehung und Unterricht;97,0;2020=100;VST073;Index d.tarifl. Monatsverdienste mit Sonderzahl.
62221;Vj. Index der Tarifverdienste und Arbeitszeiten;JAHR;Jahr;2019;DINSGF;Früheres Bundesgebiet / Neue Länder;DF;Früheres Bundesgebiet;WZ08C7;WZ2008 (ausgewählte Positionen): Tarifindex;WZ08-85;Erziehung und Unterricht;40,1;h;VST019;Durchschnittliche tarifliche Wochenarbeitszeit
62221;Vj. Index der Tarifverdienste und Arbeitszeiten;JAHR;Jahr;2019;DINSGF;Früheres Bundesgebiet / Neue Länder;DF;Früheres Bundesgebiet;WZ08C7;WZ2008 (ausgewählte Positionen): Tarifindex;WZ08-85;Erziehung und Unterricht;95,9;2020=100;VST066;Index d.tarifl. Monatsverdienste ohne Sonderzahl.
62221;Vj. Index der Tarifverdienste und Arbeitszeiten;JAHR;Jahr;2019;DINSGF;Früheres Bundesgebiet / Neue Länder;DF;Früheres Bundesgebiet;WZ08C7;WZ2008 (ausgewählte Positionen): Tarifindex;WZ08-85;Erziehung und Unterricht;100,0;2020=100;VST018;Index der tariflichen Wochenarbeitszeit
62221;Vj. Index der Tarifverdienste und Arbeitszeiten;JAHR;Jahr;2019;DINSGF;Früheres Bundesgebiet / Neue Länder;DF;Früheres Bundesgebiet;WZ08C7;WZ2008 (ausgewählte Positionen): Tarifindex;WZ08-85;Erziehung und Unterricht;95,9;2020=100;VST065;Index d.tarifl. Stundenverdienste ohne Sonderzahl.
62221;Vj. Index der Tarifverdienste und Arbeitszeiten;JAHR;Jahr;2024;DINSGF;Früheres Bundesgebiet / Neue Länder;DN;Neue Länder;WZ08C7;WZ2008 (ausgewählte Positionen): Tarifindex;WZ08-61;Telekommunikation;112,8;2020=100;VST072;Index d.tarifl. Stundenverdienste mit Sonderzahl.
62221;Vj. Index der Tarifverdienste und Arbeitszeiten;JAHR;Jahr;2024;DINSGF;Früheres Bundesgebiet / Neue Länder;DN;Neue Länder;WZ08C7;WZ2008 (ausgewählte Positionen): Tarifindex;WZ08-61;Telekommunikation;112,8;2020=100;VST073;Index d.tarifl. Monatsverdienste mit Sonderzahl.
62221;Vj. Index der Tarifverdienste und Arbeitszeiten;JAHR;Jahr;2024;DINSGF;Früheres Bundesgebiet / Neue Länder;DN;Neue Länder;WZ08C7;WZ2008 (ausgewählte Positionen): Tarifindex;WZ08-61;Telekommunikation;36,3;h;VST019;Durchschnittliche tarifliche Wochenarbeitszeit
62221;Vj. Index der Tarifverdienste und Arbeitszeiten;JAHR;Jahr;2024;DINSGF;Früheres Bundesgebiet / Neue Länder;DN;Neue Länder;WZ08C7;WZ2008 (ausgewählte Positionen): Tarifindex;WZ08-61;Telekommunikation;110,2;2020=100;VST066;Index d.tarifl. Monatsverdienste ohne Sonderzahl.
62221;Vj. Index der Tarifverdienste und Arbeitszeiten;JAHR;Jahr;2024;DINSGF;Früheres Bundesgebiet / Neue Länder;DN;Neue Länder;WZ08C7;WZ2008 (ausgewählte Positionen): Tarifindex;WZ08-61;Telekommunikation;100,0;2020=100;VST018;Index der tariflichen Wochenarbeitszeit
62221;Vj. Index der Tarifverdienste und Arbeitszeiten;JAHR;Jahr;2024;DINSGF;Früheres Bundesgebiet / Neue Länder;DN;Neue Länder;WZ08C7;WZ2008 (ausgewählte Positionen): Tarifindex;WZ08-61;Telekommunikation;110,2;2020=100;VST065;Index d.tarifl. Stundenverdienste ohne Sonderzahl.
62221;Vj. Index der Tarifverdienste und Arbeitszeiten;JAHR;Jahr;2016;DINSGF;Früheres Bundesgebiet / Neue Länder;DN;Neue Länder;WZ08C7;WZ2008 (ausgewählte Positionen): Tarifindex;WZ08-63;Informationsdienstleistungen;90,4;2020=100;VST072;Index d.tarifl. Stundenverdienste mit Sonderzahl.
62221;Vj. Index der Tarifverdienste und Arbeitszeiten;JAHR;Jahr;2016;DINSGF;Früheres Bundesgebiet / Neue Länder;DN;Neue Länder;WZ08C7;WZ2008 (ausgewählte Positionen): Tarifindex;WZ08-63;Informationsdienstleistungen;90,4;2020=100;VST073;Index d.tarifl. Monatsverdienste mit Sonderzahl.
62221;Vj. Index der Tarifverdienste und Arbeitszeiten;JAHR;Jahr;2016;DINSGF;Früheres Bundesgebiet / Neue Länder;DN;Neue Länder;WZ08C7;WZ2008 (ausgewählte Positionen): Tarifindex;WZ08-63;Informationsdienstleistungen;39,1;h;VST019;Durchschnittliche tarifliche Wochenarbeitszeit
62221;Vj. Index der Tarifverdienste und Arbeitszeiten;JAHR;Jahr;2016;DINSGF;Früheres Bundesgebiet / Neue Länder;DN;Neue Länder;WZ08C7;WZ2008 (ausgewählte Positionen): Tarifindex;WZ08-63;Informationsdienstleistungen;90,1;2020=100;VST066;Index d.tarifl. Monatsverdienste ohne Sonderzahl.
62221;Vj. Index der Tarifverdienste und Arbeitszeiten;JAHR;Jahr;2016;DINSGF;Früheres Bundesgebiet / Neue Länder;DN;Neue Länder;WZ08C7;WZ2008 (ausgewählte Positionen): Tarifindex;WZ08-63;Informationsdienstleistungen;100,0;2020=100;VST018;Index der tariflichen Wochenarbeitszeit
62221;Vj. Index der Tarifverdienste und Arbeitszeiten;JAHR;Jahr;2016;DINSGF;Früheres Bundesgebiet / Neue Länder;DN;Neue Länder;WZ08C7;WZ2008 (ausgewählte Positionen): Tarifindex;WZ08-63;Informationsdienstleistungen;90,1;2020=100;VST065;Index d.tarifl. Stundenverdienste ohne Sonderzahl.
62221;Vj. Index der Tarifverdienste und Arbeitszeiten;JAHR;Jahr;2024;DINSGF;Früheres Bundesgebiet / Neue Länder;DN;Neue Länder;WZ08C7;WZ2008 (ausgewählte Positionen): Tarifindex;WZ08-58;Verlagswesen;110,0;2020=100;VST072;Index d.tarifl. Stundenverdienste mit Sonderzahl.
62221;Vj. Index der Tarifverdienste und Arbeitszeiten;JAHR;Jahr;2024;DINSGF;Früheres Bundesgebiet / Neue Länder;DN;Neue Länder;WZ08C7;WZ2008 (ausgewählte Positionen): Tarifindex;WZ08-58;Verlagswesen;110,0;2020=100;VST073;Index d.tarifl. Monatsverdienste mit Sonderzahl.
62221;Vj. Index der Tarifverdienste und Arbeitszeiten;JAHR;Jahr;2024;DINSGF;Früheres Bundesgebiet / Neue Länder;DN;Neue Länder;WZ08C7;WZ2008 (ausgewählte Positionen): Tarifindex;WZ08-58;Verlagswesen;37,4;h;VST019;Durchschnittliche tarifliche Wochenarbeitszeit
62221;Vj. Index der Tarifverdienste und Arbeitszeiten;JAHR;Jahr;2024;DINSGF;Früheres Bundesgebiet / Neue Länder;DN;Neue Länder;WZ08C7;WZ2008 (ausgewählte Positionen): Tarifindex;WZ08-58;Verlagswesen;106,3;2020=100;VST066;Index d.tarifl. Monatsverdienste ohne Sonderzahl.
62221;Vj. Index der Tarifverdienste und Arbeitszeiten;JAHR;Jahr;2024;DINSGF;Früheres Bundesgebiet / Neue Länder;DN;Neue Länder;WZ08C7;WZ2008 (ausgewählte Positionen): Tarifindex;WZ08-58;Verlagswesen;100,0;2020=100;VST018;Index der tariflichen Wochenarbeitszeit
62221;Vj. Index der Tarifverdienste und Arbeitszeiten;JAHR;Jahr;2024;DINSGF;Früheres Bundesgebiet / Neue Länder;DN;Neue Länder;WZ08C7;WZ2008 (ausgewählte Positionen): Tarifindex;WZ08-58;Verlagswesen;106,3;2020=100;VST065;Index d.tarifl. Stundenverdienste ohne Sonderzahl.
62221;Vj. Index der Tarifverdienste und Arbeitszeiten;JAHR;Jahr;2020;DINSGF;Früheres Bundesgebiet / Neue Länder;DN;Neue Länder;WZ08C7;WZ2008 (ausgewählte Positionen): Tarifindex;WZ08-A-03;Gesamtwirtschaft;100,0;2020=100;VST072;Index d.tarifl. Stundenverdienste mit Sonderzahl.
62221;Vj. Index der Tarifverdienste und Arbeitszeiten;JAHR;Jahr;2020;DINSGF;Früheres Bundesgebiet / Neue Länder;DN;Neue Länder;WZ08C7;WZ2008 (ausgewählte Positionen): Tarifindex;WZ08-A-03;Gesamtwirtschaft;100,0;2020=100;VST073;Index d.tarifl. Monatsverdienste mit Sonderzahl.
62221;Vj. Index der Tarifverdienste und Arbeitszeiten;JAHR;Jahr;2020;DINSGF;Früheres Bundesgebiet / Neue Länder;DN;Neue Länder;WZ08C7;WZ2008 (ausgewählte Positionen): Tarifindex;WZ08-A-03;Gesamtwirtschaft;39,1;h;VST019;Durchschnittliche tarifliche Wochenarbeitszeit
62221;Vj. Index der Tarifverdienste und Arbeitszeiten;JAHR;Jahr;2020;DINSGF;Früheres Bundesgebiet / Neue Länder;DN;Neue Länder;WZ08C7;WZ2008 (ausgewählte Positionen): Tarifindex;WZ08-A-03;Gesamtwirtschaft;100,0;2020=100;VST066;Index d.tarifl. Monatsverdienste ohne Sonderzahl.
62221;Vj. Index der Tarifverdienste und Arbeitszeiten;JAHR;Jahr;2020;DINSGF;Früheres Bundesgebiet / Neue Länder;DN;Neue Länder;WZ08C7;WZ2008 (ausgewählte Positionen): Tarifindex;WZ08-A-03;Gesamtwirtschaft;100,0;2020=100;VST018;Index der tariflichen Wochenarbeitszeit
62221;Vj. Index der Tarifverdienste und Arbeitszeiten;JAHR;Jahr;2020;DINSGF;Früheres Bundesgebiet / Neue Länder;DN;Neue Länder;WZ08C7;WZ2008 (ausgewählte Positionen): Tarifindex;WZ08-A-03;Gesamtwirtschaft;100,0;2020=100;VST065;Index d.tarifl. Stundenverdienste ohne Sonderzahl.
62221;Vj. Index der Tarifverdienste und Arbeitszeiten;JAHR;Jahr;2020;DINSGF;Früheres Bundesgebiet / Neue Länder;DN;Neue Länder;WZ08C7;WZ2008 (ausgewählte Positionen): Tarifindex;WZ08-24-02;Metall- und Elektroindustrie;100,0;2020=100;VST072;Index d.tarifl. Stundenverdienste mit Sonderzahl.
62221;Vj. Index der Tarifverdienste und Arbeitszeiten;JAHR;Jahr;2020;DINSGF;Früheres Bundesgebiet / Neue Länder;DN;Neue Länder;WZ08C7;WZ2008 (ausgewählte Positionen): Tarifindex;WZ08-24-02;Metall- und Elektroindustrie;100,0;2020=100;VST073;Index d.tarifl. Monatsverdienste mit Sonderzahl.
62221;Vj. Index der Tarifverdienste und Arbeitszeiten;JAHR;Jahr;2020;DINSGF;Früheres Bundesgebiet / Neue Länder;DN;Neue Länder;WZ08C7;WZ2008 (ausgewählte Positionen): Tarifindex;WZ08-24-02;Metall- und Elektroindustrie;37,6;h;VST019;Durchschnittliche tarifliche Wochenarbeitszeit
62221;Vj. Index der Tarifverdienste und Arbeitszeiten;JAHR;Jahr;2020;DINSGF;Früheres Bundesgebiet / Neue Länder;DN;Neue Länder;WZ08C7;WZ2008 (ausgewählte Positionen): Tarifindex;WZ08-24-02;Metall- und Elektroindustrie;100,0;2020=100;VST066;Index d.tarifl. Monatsverdienste ohne Sonderzahl.
62221;Vj. Index der Tarifverdienste und Arbeitszeiten;JAHR;Jahr;2020;DINSGF;Früheres Bundesgebiet / Neue Länder;DN;Neue Länder;WZ08C7;WZ2008 (ausgewählte Positionen): Tarifindex;WZ08-24-02;Metall- und Elektroindustrie;100,0;2020=100;VST018;Index der tariflichen Wochenarbeitszeit
62221;Vj. Index der Tarifverdienste und Arbeitszeiten;JAHR;Jahr;2020;DINSGF;Früheres Bundesgebiet / Neue Länder;DN;Neue Länder;WZ08C7;WZ2008 (ausgewählte Positionen): Tarifindex;WZ08-24-02;Metall- und Elektroindustrie;100,0;2020=100;VST065;Index d.tarifl. Stundenverdienste ohne Sonderzahl.
62221;Vj. Index der Tarifverdienste und Arbeitszeiten;JAHR;Jahr;2020;DINSGF;Früheres Bundesgebiet / Neue Länder;DF;Früheres Bundesgebiet;WZ08C7;WZ2008 (ausgewählte Positionen): Tarifindex;WZ-X004;Verbrauchsgüterproduzenten;100,0;2020=100;VST072;Index d.tarifl. Stundenverdienste mit Sonderzahl.
62221;Vj. Index der Tarifverdienste und Arbeitszeiten;JAHR;Jahr;2020;DINSGF;Früheres Bundesgebiet / Neue Länder;DF;Früheres Bundesgebiet;WZ08C7;WZ2008 (ausgewählte Positionen): Tarifindex;WZ-X004;Verbrauchsgüterproduzenten;100,0;2020=100;VST073;Index d.tarifl. Monatsverdienste mit Sonderzahl.
62221;Vj. Index der Tarifverdienste und Arbeitszeiten;JAHR;Jahr;2020;DINSGF;Früheres Bundesgebiet / Neue Länder;DF;Früheres Bundesgebiet;WZ08C7;WZ2008 (ausgewählte Positionen): Tarifindex;WZ-X004;Verbrauchsgüterproduzenten;38,0;h;VST019;Durchschnittliche tarifliche Wochenarbeitszeit
62221;Vj. Index der Tarifverdienste und Arbeitszeiten;JAHR;Jahr;2020;DINSGF;Früheres Bundesgebiet / Neue Länder;DF;Früheres Bundesgebiet;WZ08C7;WZ2008 (ausgewählte Positionen): Tarifindex;WZ-X004;Verbrauchsgüterproduzenten;100,0;2020=100;VST066;Index d.tarifl. Monatsverdienste ohne Sonderzahl.
62221;Vj. Index der Tarifverdienste und Arbeitszeiten;JAHR;Jahr;2020;DINSGF;Früheres Bundesgebiet / Neue Länder;DF;Früheres Bundesgebiet;WZ08C7;WZ2008 (ausgewählte Positionen): Tarifindex;WZ-X004;Verbrauchsgüterproduzenten;100,0;2020=100;VST018;Index der tariflichen Wochenarbeitszeit
62221;Vj. Index der Tarifverdienste und Arbeitszeiten;JAHR;Jahr;2020;DINSGF;Früheres Bundesgebiet / Neue Länder;DF;Früheres Bundesgebiet;WZ08C7;WZ2008 (ausgewählte Positionen): Tarifindex;WZ-X004;Verbrauchsgüterproduzenten;100,0;2020=100;VST065;Index d.tarifl. Stundenverdienste ohne Sonderzahl.
62221;Vj. Index der Tarifverdienste und Arbeitszeiten;JAHR;Jahr;2022;DINSGF;Früheres Bundesgebiet / Neue Länder;DN;Neue Länder;WZ08C7;WZ2008 (ausgewählte Positionen): Tarifindex;WZ08-B;Bergbau und Gewinnung von Steinen und Erden;105,0;2020=100;VST072;Index d.tarifl. Stundenverdienste mit Sonderzahl.
62221;Vj. Index der Tarifverdienste und Arbeitszeiten;JAHR;Jahr;2022;DINSGF;Früheres Bundesgebiet / Neue Länder;DN;Neue Länder;WZ08C7;WZ2008 (ausgewählte Positionen): Tarifindex;WZ08-B;Bergbau und Gewinnung von Steinen und Erden;105,0;2020=100;VST073;Index d.tarifl. Monatsverdienste mit Sonderzahl.
62221;Vj. Index der Tarifverdienste und Arbeitszeiten;JAHR;Jahr;2022;DINSGF;Früheres Bundesgebiet / Neue Länder;DN;Neue Länder;WZ08C7;WZ2008 (ausgewählte Positionen): Tarifindex;WZ08-B;Bergbau und Gewinnung von Steinen und Erden;37,9;h;VST019;Durchschnittliche tarifliche Wochenarbeitszeit
62221;Vj. Index der Tarifverdienste und Arbeitszeiten;JAHR;Jahr;2022;DINSGF;Früheres Bundesgebiet / Neue Länder;DN;Neue Länder;WZ08C7;WZ2008 (ausgewählte Positionen): Tarifindex;WZ08-B;Bergbau und Gewinnung von Steinen und Erden;104,5;2020=100;VST066;Index d.tarifl. Monatsverdienste ohne Sonderzahl.
62221;Vj. Index der Tarifverdienste und Arbeitszeiten;JAHR;Jahr;2022;DINSGF;Früheres Bundesgebiet / Neue Länder;DN;Neue Länder;WZ08C7;WZ2008 (ausgewählte Positionen): Tarifindex;WZ08-B;Bergbau und Gewinnung von Steinen und Erden;100,0;2020=100;VST018;Index der tariflichen Wochenarbeitszeit
62221;Vj. Index der Tarifverdienste und Arbeitszeiten;JAHR;Jahr;2022;DINSGF;Früheres Bundesgebiet / Neue Länder;DN;Neue Länder;WZ08C7;WZ2008 (ausgewählte Positionen): Tarifindex;WZ08-B;Bergbau und Gewinnung von Steinen und Erden;104,5;2020=100;VST065;Index d.tarifl. Stundenverdienste ohne Sonderzahl.
62221;Vj. Index der Tarifverdienste und Arbeitszeiten;JAHR;Jahr;2022;DINSGF;Früheres Bundesgebiet / Neue Länder;DF;Früheres Bundesgebiet;WZ08C7;WZ2008 (ausgewählte Positionen): Tarifindex;WZ08-P;Erziehung und Unterricht;103,1;2020=100;VST072;Index d.tarifl. Stundenverdienste mit Sonderzahl.
62221;Vj. Index der Tarifverdienste und Arbeitszeiten;JAHR;Jahr;2022;DINSGF;Früheres Bundesgebiet / Neue Länder;DF;Früheres Bundesgebiet;WZ08C7;WZ2008 (ausgewählte Positionen): Tarifindex;WZ08-P;Erziehung und Unterricht;103,1;2020=100;VST073;Index d.tarifl. Monatsverdienste mit Sonderzahl.
62221;Vj. Index der Tarifverdienste und Arbeitszeiten;JAHR;Jahr;2022;DINSGF;Früheres Bundesgebiet / Neue Länder;DF;Früheres Bundesgebiet;WZ08C7;WZ2008 (ausgewählte Positionen): Tarifindex;WZ08-P;Erziehung und Unterricht;40,1;h;VST019;Durchschnittliche tarifliche Wochenarbeitszeit
62221;Vj. Index der Tarifverdienste und Arbeitszeiten;JAHR;Jahr;2022;DINSGF;Früheres Bundesgebiet / Neue Länder;DF;Früheres Bundesgebiet;WZ08C7;WZ2008 (ausgewählte Positionen): Tarifindex;WZ08-P;Erziehung und Unterricht;102,1;2020=100;VST066;Index d.tarifl. Monatsverdienste ohne Sonderzahl.
62221;Vj. Index der Tarifverdienste und Arbeitszeiten;JAHR;Jahr;2022;DINSGF;Früheres Bundesgebiet / Neue Länder;DF;Früheres Bundesgebiet;WZ08C7;WZ2008 (ausgewählte Positionen): Tarifindex;WZ08-P;Erziehung und Unterricht;100,0;2020=100;VST018;Index der tariflichen Wochenarbeitszeit
62221;Vj. Index der Tarifverdienste und Arbeitszeiten;JAHR;Jahr;2022;DINSGF;Früheres Bundesgebiet / Neue Länder;DF;Früheres Bundesgebiet;WZ08C7;WZ2008 (ausgewählte Positionen): Tarifindex;WZ08-P;Erziehung und Unterricht;102,1;2020=100;VST065;Index d.tarifl. Stundenverdienste ohne Sonderzahl.
62221;Vj. Index der Tarifverdienste und Arbeitszeiten;JAHR;Jahr;2025;DINSGF;Früheres Bundesgebiet / Neue Länder;DF;Früheres Bundesgebiet;WZ08C7;WZ2008 (ausgewählte Positionen): Tarifindex;WZ08-06;Gewinnung von Erdöl und Erdgas;117,7;2020=100;VST072;Index d.tarifl. Stundenverdienste mit Sonderzahl.
62221;Vj. Index der Tarifverdienste und Arbeitszeiten;JAHR;Jahr;2025;DINSGF;Früheres Bundesgebiet / Neue Länder;DF;Früheres Bundesgebiet;WZ08C7;WZ2008 (ausgewählte Positionen): Tarifindex;WZ08-06;Gewinnung von Erdöl und Erdgas;117,1;2020=100;VST073;Index d.tarifl. Monatsverdienste mit Sonderzahl.
62221;Vj. Index der Tarifverdienste und Arbeitszeiten;JAHR;Jahr;2025;DINSGF;Früheres Bundesgebiet / Neue Länder;DF;Früheres Bundesgebiet;WZ08C7;WZ2008 (ausgewählte Positionen): Tarifindex;WZ08-06;Gewinnung von Erdöl und Erdgas;37,8;h;VST019;Durchschnittliche tarifliche Wochenarbeitszeit
62221;Vj. Index der Tarifverdienste und Arbeitszeiten;JAHR;Jahr;2025;DINSGF;Früheres Bundesgebiet / Neue Länder;DF;Früheres Bundesgebiet;WZ08C7;WZ2008 (ausgewählte Positionen): Tarifindex;WZ08-06;Gewinnung von Erdöl und Erdgas;117,4;2020=100;VST066;Index d.tarifl. Monatsverdienste ohne Sonderzahl.
62221;Vj. Index der Tarifverdienste und Arbeitszeiten;JAHR;Jahr;2025;DINSGF;Früheres Bundesgebiet / Neue Länder;DF;Früheres Bundesgebiet;WZ08C7;WZ2008 (ausgewählte Positionen): Tarifindex;WZ08-06;Gewinnung von Erdöl und Erdgas;99,5;2020=100;VST018;Index der tariflichen Wochenarbeitszeit
62221;Vj. Index der Tarifverdienste und Arbeitszeiten;JAHR;Jahr;2025;DINSGF;Früheres Bundesgebiet / Neue Länder;DF;Früheres Bundesgebiet;WZ08C7;WZ2008 (ausgewählte Positionen): Tarifindex;WZ08-06;Gewinnung von Erdöl und Erdgas;118,0;2020=100;VST065;Index d.tarifl. Stundenverdienste ohne Sonderzahl.
62221;Vj. Index der Tarifverdienste und Arbeitszeiten;JAHR;Jahr;2018;DINSGF;Früheres Bundesgebiet / Neue Länder;DF;Früheres Bundesgebiet;WZ08C7;WZ2008 (ausgewählte Positionen): Tarifindex;WZ08-92;Spiel-, Wett- und Lotteriewesen;96,2;2020=100;VST072;Index d.tarifl. Stundenverdienste mit Sonderzahl.
62221;Vj. Index der Tarifverdienste und Arbeitszeiten;JAHR;Jahr;2018;DINSGF;Früheres Bundesgebiet / Neue Länder;DF;Früheres Bundesgebiet;WZ08C7;WZ2008 (ausgewählte Positionen): Tarifindex;WZ08-92;Spiel-, Wett- und Lotteriewesen;96,2;2020=100;VST073;Index d.tarifl. Monatsverdienste mit Sonderzahl.
62221;Vj. Index der Tarifverdienste und Arbeitszeiten;JAHR;Jahr;2018;DINSGF;Früheres Bundesgebiet / Neue Länder;DF;Früheres Bundesgebiet;WZ08C7;WZ2008 (ausgewählte Positionen): Tarifindex;WZ08-92;Spiel-, Wett- und Lotteriewesen;38,7;h;VST019;Durchschnittliche tarifliche Wochenarbeitszeit
62221;Vj. Index der Tarifverdienste und Arbeitszeiten;JAHR;Jahr;2018;DINSGF;Früheres Bundesgebiet / Neue Länder;DF;Früheres Bundesgebiet;WZ08C7;WZ2008 (ausgewählte Positionen): Tarifindex;WZ08-92;Spiel-, Wett- und Lotteriewesen;96,4;2020=100;VST066;Index d.tarifl. Monatsverdienste ohne Sonderzahl.
62221;Vj. Index der Tarifverdienste und Arbeitszeiten;JAHR;Jahr;2018;DINSGF;Früheres Bundesgebiet / Neue Länder;DF;Früheres Bundesgebiet;WZ08C7;WZ2008 (ausgewählte Positionen): Tarifindex;WZ08-92;Spiel-, Wett- und Lotteriewesen;100,0;2020=100;VST018;Index der tariflichen Wochenarbeitszeit
62221;Vj. Index der Tarifverdienste und Arbeitszeiten;JAHR;Jahr;2018;DINSGF;Früheres Bundesgebiet / Neue Länder;DF;Früheres Bundesgebiet;WZ08C7;WZ2008 (ausgewählte Positionen): Tarifindex;WZ08-92;Spiel-, Wett- und Lotteriewesen;96,4;2020=100;VST065;Index d.tarifl. Stundenverdienste ohne Sonderzahl.
62221;Vj. Index der Tarifverdienste und Arbeitszeiten;JAHR;Jahr;2020;DINSGF;Früheres Bundesgebiet / Neue Länder;DN;Neue Länder;WZ08C7;WZ2008 (ausgewählte Positionen): Tarifindex;WZ08-94;Interessenvertr., kirchl. u. sonst. Vereinigungen;100,0;2020=100;VST072;Index d.tarifl. Stundenverdienste mit Sonderzahl.
62221;Vj. Index der Tarifverdienste und Arbeitszeiten;JAHR;Jahr;2020;DINSGF;Früheres Bundesgebiet / Neue Länder;DN;Neue Länder;WZ08C7;WZ2008 (ausgewählte Positionen): Tarifindex;WZ08-94;Interessenvertr., kirchl. u. sonst. Vereinigungen;100,0;2020=100;VST073;Index d.tarifl. Monatsverdienste mit Sonderzahl.
62221;Vj. Index der Tarifverdienste und Arbeitszeiten;JAHR;Jahr;2020;DINSGF;Früheres Bundesgebiet / Neue Länder;DN;Neue Länder;WZ08C7;WZ2008 (ausgewählte Positionen): Tarifindex;WZ08-94;Interessenvertr., kirchl. u. sonst. Vereinigungen;39,7;h;VST019;Durchschnittliche tarifliche Wochenarbeitszeit
62221;Vj. Index der Tarifverdienste und Arbeitszeiten;JAHR;Jahr;2020;DINSGF;Früheres Bundesgebiet / Neue Länder;DN;Neue Länder;WZ08C7;WZ2008 (ausgewählte Positionen): Tarifindex;WZ08-94;Interessenvertr., kirchl. u. sonst. Vereinigungen;100,0;2020=100;VST066;Index d.tarifl. Monatsverdienste ohne Sonderzahl.
62221;Vj. Index der Tarifverdienste und Arbeitszeiten;JAHR;Jahr;2020;DINSGF;Früheres Bundesgebiet / Neue Länder;DN;Neue Länder;WZ08C7;WZ2008 (ausgewählte Positionen): Tarifindex;WZ08-94;Interessenvertr., kirchl. u. sonst. Vereinigungen;100,0;2020=100;VST018;Index der tariflichen Wochenarbeitszeit
62221;Vj. Index der Tarifverdienste und Arbeitszeiten;JAHR;Jahr;2020;DINSGF;Früheres Bundesgebiet / Neue Länder;DN;Neue Länder;WZ08C7;WZ2008 (ausgewählte Positionen): Tarifindex;WZ08-94;Interessenvertr., kirchl. u. sonst. Vereinigungen;100,0;2020=100;VST065;Index d.tarifl. Stundenverdienste ohne Sonderzahl.
62221;Vj. Index der Tarifverdienste und Arbeitszeiten;JAHR;Jahr;2021;DINSGF;Früheres Bundesgebiet / Neue Länder;DN;Neue Länder;WZ08C7;WZ2008 (ausgewählte Positionen): Tarifindex;WZ08-B-13;Prod. Gewerbe, Handel, Information u.Kommunikation;101,7;2020=100;VST072;Index d.tarifl. Stundenverdienste mit Sonderzahl.
62221;Vj. Index der Tarifverdienste und Arbeitszeiten;JAHR;Jahr;2021;DINSGF;Früheres Bundesgebiet / Neue Länder;DN;Neue Länder;WZ08C7;WZ2008 (ausgewählte Positionen): Tarifindex;WZ08-B-13;Prod. Gewerbe, Handel, Information u.Kommunikation;101,6;2020=100;VST073;Index d.tarifl. Monatsverdienste mit Sonderzahl.
62221;Vj. Index der Tarifverdienste und Arbeitszeiten;JAHR;Jahr;2021;DINSGF;Früheres Bundesgebiet / Neue Länder;DN;Neue Länder;WZ08C7;WZ2008 (ausgewählte Positionen): Tarifindex;WZ08-B-13;Prod. Gewerbe, Handel, Information u.Kommunikation;38,5;h;VST019;Durchschnittliche tarifliche Wochenarbeitszeit
62221;Vj. Index der Tarifverdienste und Arbeitszeiten;JAHR;Jahr;2021;DINSGF;Früheres Bundesgebiet / Neue Länder;DN;Neue Länder;WZ08C7;WZ2008 (ausgewählte Positionen): Tarifindex;WZ08-B-13;Prod. Gewerbe, Handel, Information u.Kommunikation;101,4;2020=100;VST066;Index d.tarifl. Monatsverdienste ohne Sonderzahl.
62221;Vj. Index der Tarifverdienste und Arbeitszeiten;JAHR;Jahr;2021;DINSGF;Früheres Bundesgebiet / Neue Länder;DN;Neue Länder;WZ08C7;WZ2008 (ausgewählte Positionen): Tarifindex;WZ08-B-13;Prod. Gewerbe, Handel, Information u.Kommunikation;99,9;2020=100;VST018;Index der tariflichen Wochenarbeitszeit
62221;Vj. Index der Tarifverdienste und Arbeitszeiten;JAHR;Jahr;2021;DINSGF;Früheres Bundesgebiet / Neue Länder;DN;Neue Länder;WZ08C7;WZ2008 (ausgewählte Positionen): Tarifindex;WZ08-B-13;Prod. Gewerbe, Handel, Information u.Kommunikation;101,5;2020=100;VST065;Index d.tarifl. Stundenverdienste ohne Sonderzahl.
62221;Vj. Index der Tarifverdienste und Arbeitszeiten;JAHR;Jahr;2023;DINSGF;Früheres Bundesgebiet / Neue Länder;DN;Neue Länder;WZ08C7;WZ2008 (ausgewählte Positionen): Tarifindex;WZ08-37;Abwasserentsorgung;107,2;2020=100;VST072;Index d.tarifl. Stundenverdienste mit Sonderzahl.
62221;Vj. Index der Tarifverdienste und Arbeitszeiten;JAHR;Jahr;2023;DINSGF;Früheres Bundesgebiet / Neue Länder;DN;Neue Länder;WZ08C7;WZ2008 (ausgewählte Positionen): Tarifindex;WZ08-37;Abwasserentsorgung;107,2;2020=100;VST073;Index d.tarifl. Monatsverdienste mit Sonderzahl.
62221;Vj. Index der Tarifverdienste und Arbeitszeiten;JAHR;Jahr;2023;DINSGF;Früheres Bundesgebiet / Neue Länder;DN;Neue Länder;WZ08C7;WZ2008 (ausgewählte Positionen): Tarifindex;WZ08-37;Abwasserentsorgung;39,0;h;VST019;Durchschnittliche tarifliche Wochenarbeitszeit
62221;Vj. Index der Tarifverdienste und Arbeitszeiten;JAHR;Jahr;2023;DINSGF;Früheres Bundesgebiet / Neue Länder;DN;Neue Länder;WZ08C7;WZ2008 (ausgewählte Positionen): Tarifindex;WZ08-37;Abwasserentsorgung;103,6;2020=100;VST066;Index d.tarifl. Monatsverdienste ohne Sonderzahl.
62221;Vj. Index der Tarifverdienste und Arbeitszeiten;JAHR;Jahr;2023;DINSGF;Früheres Bundesgebiet / Neue Länder;DN;Neue Länder;WZ08C7;WZ2008 (ausgewählte Positionen): Tarifindex;WZ08-37;Abwasserentsorgung;100,0;2020=100;VST018;Index der tariflichen Wochenarbeitszeit
62221;Vj. Index der Tarifverdienste und Arbeitszeiten;JAHR;Jahr;2023;DINSGF;Früheres Bundesgebiet / Neue Länder;DN;Neue Länder;WZ08C7;WZ2008 (ausgewählte Positionen): Tarifindex;WZ08-37;Abwasserentsorgung;103,6;2020=100;VST065;Index d.tarifl. Stundenverdienste ohne Sonderzahl.
62221;Vj. Index der Tarifverdienste und Arbeitszeiten;JAHR;Jahr;2018;DINSGF;Früheres Bundesgebiet / Neue Länder;DF;Früheres Bundesgebiet;WZ08C7;WZ2008 (ausgewählte Positionen): Tarifindex;WZ08-23;H.v.Glas,-waren,Keramik,Verarb. v.Steinen u.Erden;95,5;2020=100;VST072;Index d.tarifl. Stundenverdienste mit Sonderzahl.
62221;Vj. Index der Tarifverdienste und Arbeitszeiten;JAHR;Jahr;2018;DINSGF;Früheres Bundesgebiet / Neue Länder;DF;Früheres Bundesgebiet;WZ08C7;WZ2008 (ausgewählte Positionen): Tarifindex;WZ08-23;H.v.Glas,-waren,Keramik,Verarb. v.Steinen u.Erden;95,5;2020=100;VST073;Index d.tarifl. Monatsverdienste mit Sonderzahl.
62221;Vj. Index der Tarifverdienste und Arbeitszeiten;JAHR;Jahr;2018;DINSGF;Früheres Bundesgebiet / Neue Länder;DF;Früheres Bundesgebiet;WZ08C7;WZ2008 (ausgewählte Positionen): Tarifindex;WZ08-23;H.v.Glas,-waren,Keramik,Verarb. v.Steinen u.Erden;37,9;h;VST019;Durchschnittliche tarifliche Wochenarbeitszeit
62221;Vj. Index der Tarifverdienste und Arbeitszeiten;JAHR;Jahr;2018;DINSGF;Früheres Bundesgebiet / Neue Länder;DF;Früheres Bundesgebiet;WZ08C7;WZ2008 (ausgewählte Positionen): Tarifindex;WZ08-23;H.v.Glas,-waren,Keramik,Verarb. v.Steinen u.Erden;96,0;2020=100;VST066;Index d.tarifl. Monatsverdienste ohne Sonderzahl.
62221;Vj. Index der Tarifverdienste und Arbeitszeiten;JAHR;Jahr;2018;DINSGF;Früheres Bundesgebiet / Neue Länder;DF;Früheres Bundesgebiet;WZ08C7;WZ2008 (ausgewählte Positionen): Tarifindex;WZ08-23;H.v.Glas,-waren,Keramik,Verarb. v.Steinen u.Erden;100,0;2020=100;VST018;Index der tariflichen Wochenarbeitszeit
62221;Vj. Index der Tarifverdienste und Arbeitszeiten;JAHR;Jahr;2018;DINSGF;Früheres Bundesgebiet / Neue Länder;DF;Früheres Bundesgebiet;WZ08C7;WZ2008 (ausgewählte Positionen): Tarifindex;WZ08-23;H.v.Glas,-waren,Keramik,Verarb. v.Steinen u.Erden;96,0;2020=100;VST065;Index d.tarifl. Stundenverdienste ohne Sonderzahl.
62221;Vj. Index der Tarifverdienste und Arbeitszeiten;JAHR;Jahr;2018;DINSGF;Früheres Bundesgebiet / Neue Länder;DN;Neue Länder;WZ08C7;WZ2008 (ausgewählte Positionen): Tarifindex;WZ08-I;Gastgewerbe;94,3;2020=100;VST072;Index d.tarifl. Stundenverdienste mit Sonderzahl.
62221;Vj. Index der Tarifverdienste und Arbeitszeiten;JAHR;Jahr;2018;DINSGF;Früheres Bundesgebiet / Neue Länder;DN;Neue Länder;WZ08C7;WZ2008 (ausgewählte Positionen): Tarifindex;WZ08-I;Gastgewerbe;94,3;2020=100;VST073;Index d.tarifl. Monatsverdienste mit Sonderzahl.
62221;Vj. Index der Tarifverdienste und Arbeitszeiten;JAHR;Jahr;2018;DINSGF;Früheres Bundesgebiet / Neue Länder;DN;Neue Länder;WZ08C7;WZ2008 (ausgewählte Positionen): Tarifindex;WZ08-I;Gastgewerbe;39,5;h;VST019;Durchschnittliche tarifliche Wochenarbeitszeit
62221;Vj. Index der Tarifverdienste und Arbeitszeiten;JAHR;Jahr;2018;DINSGF;Früheres Bundesgebiet / Neue Länder;DN;Neue Länder;WZ08C7;WZ2008 (ausgewählte Positionen): Tarifindex;WZ08-I;Gastgewerbe;93,8;2020=100;VST066;Index d.tarifl. Monatsverdienste ohne Sonderzahl.
62221;Vj. Index der Tarifverdienste und Arbeitszeiten;JAHR;Jahr;2018;DINSGF;Früheres Bundesgebiet / Neue Länder;DN;Neue Länder;WZ08C7;WZ2008 (ausgewählte Positionen): Tarifindex;WZ08-I;Gastgewerbe;100,0;2020=100;VST018;Index der tariflichen Wochenarbeitszeit
62221;Vj. Index der Tarifverdienste und Arbeitszeiten;JAHR;Jahr;2018;DINSGF;Früheres Bundesgebiet / Neue Länder;DN;Neue Länder;WZ08C7;WZ2008 (ausgewählte Positionen): Tarifindex;WZ08-I;Gastgewerbe;93,8;2020=100;VST065;Index d.tarifl. Stundenverdienste ohne Sonderzahl.
62221;Vj. Index der Tarifverdienste und Arbeitszeiten;JAHR;Jahr;2018;DINSGF;Früheres Bundesgebiet / Neue Länder;DN;Neue Länder;WZ08C7;WZ2008 (ausgewählte Positionen): Tarifindex;WZ08-C;Verarbeitendes Gewerbe;95,6;2020=100;VST072;Index d.tarifl. Stundenverdienste mit Sonderzahl.
62221;Vj. Index der Tarifverdienste und Arbeitszeiten;JAHR;Jahr;2018;DINSGF;Früheres Bundesgebiet / Neue Länder;DN;Neue Länder;WZ08C7;WZ2008 (ausgewählte Positionen): Tarifindex;WZ08-C;Verarbeitendes Gewerbe;95,8;2020=100;VST073;Index d.tarifl. Monatsverdienste mit Sonderzahl.
62221;Vj. Index der Tarifverdienste und Arbeitszeiten;JAHR;Jahr;2018;DINSGF;Früheres Bundesgebiet / Neue Länder;DN;Neue Länder;WZ08C7;WZ2008 (ausgewählte Positionen): Tarifindex;WZ08-C;Verarbeitendes Gewerbe;38,1;h;VST019;Durchschnittliche tarifliche Wochenarbeitszeit
62221;Vj. Index der Tarifverdienste und Arbeitszeiten;JAHR;Jahr;2018;DINSGF;Früheres Bundesgebiet / Neue Länder;DN;Neue Länder;WZ08C7;WZ2008 (ausgewählte Positionen): Tarifindex;WZ08-C;Verarbeitendes Gewerbe;97,4;2020=100;VST066;Index d.tarifl. Monatsverdienste ohne Sonderzahl.
62221;Vj. Index der Tarifverdienste und Arbeitszeiten;JAHR;Jahr;2018;DINSGF;Früheres Bundesgebiet / Neue Länder;DN;Neue Länder;WZ08C7;WZ2008 (ausgewählte Positionen): Tarifindex;WZ08-C;Verarbeitendes Gewerbe;100,2;2020=100;VST018;Index der tariflichen Wochenarbeitszeit
62221;Vj. Index der Tarifverdienste und Arbeitszeiten;JAHR;Jahr;2018;DINSGF;Früheres Bundesgebiet / Neue Länder;DN;Neue Länder;WZ08C7;WZ2008 (ausgewählte Positionen): Tarifindex;WZ08-C;Verarbeitendes Gewerbe;97,2;2020=100;VST065;Index d.tarifl. Stundenverdienste ohne Sonderzahl.
62221;Vj. Index der Tarifverdienste und Arbeitszeiten;JAHR;Jahr;2018;DINSGF;Früheres Bundesgebiet / Neue Länder;DF;Früheres Bundesgebiet;WZ08C7;WZ2008 (ausgewählte Positionen): Tarifindex;WZ08-29;Herstellung von Kraftwagen und Kraftwagenteilen;96,5;2020=100;VST072;Index d.tarifl. Stundenverdienste mit Sonderzahl.
62221;Vj. Index der Tarifverdienste und Arbeitszeiten;JAHR;Jahr;2018;DINSGF;Früheres Bundesgebiet / Neue Länder;DF;Früheres Bundesgebiet;WZ08C7;WZ2008 (ausgewählte Positionen): Tarifindex;WZ08-29;Herstellung von Kraftwagen und Kraftwagenteilen;96,5;2020=100;VST073;Index d.tarifl. Monatsverdienste mit Sonderzahl.
62221;Vj. Index der Tarifverdienste und Arbeitszeiten;JAHR;Jahr;2018;DINSGF;Früheres Bundesgebiet / Neue Länder;DF;Früheres Bundesgebiet;WZ08C7;WZ2008 (ausgewählte Positionen): Tarifindex;WZ08-29;Herstellung von Kraftwagen und Kraftwagenteilen;35,2;h;VST019;Durchschnittliche tarifliche Wochenarbeitszeit
62221;Vj. Index der Tarifverdienste und Arbeitszeiten;JAHR;Jahr;2018;DINSGF;Früheres Bundesgebiet / Neue Länder;DF;Früheres Bundesgebiet;WZ08C7;WZ2008 (ausgewählte Positionen): Tarifindex;WZ08-29;Herstellung von Kraftwagen und Kraftwagenteilen;98,6;2020=100;VST066;Index d.tarifl. Monatsverdienste ohne Sonderzahl.
62221;Vj. Index der Tarifverdienste und Arbeitszeiten;JAHR;Jahr;2018;DINSGF;Früheres Bundesgebiet / Neue Länder;DF;Früheres Bundesgebiet;WZ08C7;WZ2008 (ausgewählte Positionen): Tarifindex;WZ08-29;Herstellung von Kraftwagen und Kraftwagenteilen;100,0;2020=100;VST018;Index der tariflichen Wochenarbeitszeit
62221;Vj. Index der Tarifverdienste und Arbeitszeiten;JAHR;Jahr;2018;DINSGF;Früheres Bundesgebiet / Neue Länder;DF;Früheres Bundesgebiet;WZ08C7;WZ2008 (ausgewählte Positionen): Tarifindex;WZ08-29;Herstellung von Kraftwagen und Kraftwagenteilen;98,6;2020=100;VST065;Index d.tarifl. Stundenverdienste ohne Sonderzahl.
62221;Vj. Index der Tarifverdienste und Arbeitszeiten;JAHR;Jahr;2024;DINSGF;Früheres Bundesgebiet / Neue Länder;DF;Früheres Bundesgebiet;WZ08C7;WZ2008 (ausgewählte Positionen): Tarifindex;WZ08-01-01;Land- und Forstwirtschaft;114,6;2020=100;VST072;Index d.tarifl. Stundenverdienste mit Sonderzahl.
62221;Vj. Index der Tarifverdienste und Arbeitszeiten;JAHR;Jahr;2024;DINSGF;Früheres Bundesgebiet / Neue Länder;DF;Früheres Bundesgebiet;WZ08C7;WZ2008 (ausgewählte Positionen): Tarifindex;WZ08-01-01;Land- und Forstwirtschaft;114,6;2020=100;VST073;Index d.tarifl. Monatsverdienste mit Sonderzahl.
62221;Vj. Index der Tarifverdienste und Arbeitszeiten;JAHR;Jahr;2024;DINSGF;Früheres Bundesgebiet / Neue Länder;DF;Früheres Bundesgebiet;WZ08C7;WZ2008 (ausgewählte Positionen): Tarifindex;WZ08-01-01;Land- und Forstwirtschaft;39,8;h;VST019;Durchschnittliche tarifliche Wochenarbeitszeit
62221;Vj. Index der Tarifverdienste und Arbeitszeiten;JAHR;Jahr;2024;DINSGF;Früheres Bundesgebiet / Neue Länder;DF;Früheres Bundesgebiet;WZ08C7;WZ2008 (ausgewählte Positionen): Tarifindex;WZ08-01-01;Land- und Forstwirtschaft;112,1;2020=100;VST066;Index d.tarifl. Monatsverdienste ohne Sonderzahl.
62221;Vj. Index der Tarifverdienste und Arbeitszeiten;JAHR;Jahr;2024;DINSGF;Früheres Bundesgebiet / Neue Länder;DF;Früheres Bundesgebiet;WZ08C7;WZ2008 (ausgewählte Positionen): Tarifindex;WZ08-01-01;Land- und Forstwirtschaft;100,0;2020=100;VST018;Index der tariflichen Wochenarbeitszeit
62221;Vj. Index der Tarifverdienste und Arbeitszeiten;JAHR;Jahr;2024;DINSGF;Früheres Bundesgebiet / Neue Länder;DF;Früheres Bundesgebiet;WZ08C7;WZ2008 (ausgewählte Positionen): Tarifindex;WZ08-01-01;Land- und Forstwirtschaft;112,1;2020=100;VST065;Index d.tarifl. Stundenverdienste ohne Sonderzahl.
62221;Vj. Index der Tarifverdienste und Arbeitszeiten;JAHR;Jahr;2018;DINSGF;Früheres Bundesgebiet / Neue Länder;DN;Neue Länder;WZ08C7;WZ2008 (ausgewählte Positionen): Tarifindex;WZ08-O;Öff. Verwaltung, Verteidigung, Sozialversicherung;94,5;2020=100;VST072;Index d.tarifl. Stundenverdienste mit Sonderzahl.
62221;Vj. Index der Tarifverdienste und Arbeitszeiten;JAHR;Jahr;2018;DINSGF;Früheres Bundesgebiet / Neue Länder;DN;Neue Länder;WZ08C7;WZ2008 (ausgewählte Positionen): Tarifindex;WZ08-O;Öff. Verwaltung, Verteidigung, Sozialversicherung;94,5;2020=100;VST073;Index d.tarifl. Monatsverdienste mit Sonderzahl.
62221;Vj. Index der Tarifverdienste und Arbeitszeiten;JAHR;Jahr;2018;DINSGF;Früheres Bundesgebiet / Neue Länder;DN;Neue Länder;WZ08C7;WZ2008 (ausgewählte Positionen): Tarifindex;WZ08-O;Öff. Verwaltung, Verteidigung, Sozialversicherung;39,7;h;VST019;Durchschnittliche tarifliche Wochenarbeitszeit
62221;Vj. Index der Tarifverdienste und Arbeitszeiten;JAHR;Jahr;2018;DINSGF;Früheres Bundesgebiet / Neue Länder;DN;Neue Länder;WZ08C7;WZ2008 (ausgewählte Positionen): Tarifindex;WZ08-O;Öff. Verwaltung, Verteidigung, Sozialversicherung;94,1;2020=100;VST066;Index d.tarifl. Monatsverdienste ohne Sonderzahl.
62221;Vj. Index der Tarifverdienste und Arbeitszeiten;JAHR;Jahr;2018;DINSGF;Früheres Bundesgebiet / Neue Länder;DN;Neue Länder;WZ08C7;WZ2008 (ausgewählte Positionen): Tarifindex;WZ08-O;Öff. Verwaltung, Verteidigung, Sozialversicherung;100,0;2020=100;VST018;Index der tariflichen Wochenarbeitszeit
62221;Vj. Index der Tarifverdienste und Arbeitszeiten;JAHR;Jahr;2018;DINSGF;Früheres Bundesgebiet / Neue Länder;DN;Neue Länder;WZ08C7;WZ2008 (ausgewählte Positionen): Tarifindex;WZ08-O;Öff. Verwaltung, Verteidigung, Sozialversicherung;94,1;2020=100;VST065;Index d.tarifl. Stundenverdienste ohne Sonderzahl.
62221;Vj. Index der Tarifverdienste und Arbeitszeiten;JAHR;Jahr;2016;DINSGF;Früheres Bundesgebiet / Neue Länder;DF;Früheres Bundesgebiet;WZ08C7;WZ2008 (ausgewählte Positionen): Tarifindex;WZ08-24-02;Metall- und Elektroindustrie;90,5;2020=100;VST072;Index d.tarifl. Stundenverdienste mit Sonderzahl.
62221;Vj. Index der Tarifverdienste und Arbeitszeiten;JAHR;Jahr;2016;DINSGF;Früheres Bundesgebiet / Neue Länder;DF;Früheres Bundesgebiet;WZ08C7;WZ2008 (ausgewählte Positionen): Tarifindex;WZ08-24-02;Metall- und Elektroindustrie;90,5;2020=100;VST073;Index d.tarifl. Monatsverdienste mit Sonderzahl.
62221;Vj. Index der Tarifverdienste und Arbeitszeiten;JAHR;Jahr;2016;DINSGF;Früheres Bundesgebiet / Neue Länder;DF;Früheres Bundesgebiet;WZ08C7;WZ2008 (ausgewählte Positionen): Tarifindex;WZ08-24-02;Metall- und Elektroindustrie;35,3;h;VST019;Durchschnittliche tarifliche Wochenarbeitszeit
62221;Vj. Index der Tarifverdienste und Arbeitszeiten;JAHR;Jahr;2016;DINSGF;Früheres Bundesgebiet / Neue Länder;DF;Früheres Bundesgebiet;WZ08C7;WZ2008 (ausgewählte Positionen): Tarifindex;WZ08-24-02;Metall- und Elektroindustrie;92,6;2020=100;VST066;Index d.tarifl. Monatsverdienste ohne Sonderzahl.
62221;Vj. Index der Tarifverdienste und Arbeitszeiten;JAHR;Jahr;2016;DINSGF;Früheres Bundesgebiet / Neue Länder;DF;Früheres Bundesgebiet;WZ08C7;WZ2008 (ausgewählte Positionen): Tarifindex;WZ08-24-02;Metall- und Elektroindustrie;100,0;2020=100;VST018;Index der tariflichen Wochenarbeitszeit
62221;Vj. Index der Tarifverdienste und Arbeitszeiten;JAHR;Jahr;2016;DINSGF;Früheres Bundesgebiet / Neue Länder;DF;Früheres Bundesgebiet;WZ08C7;WZ2008 (ausgewählte Positionen): Tarifindex;WZ08-24-02;Metall- und Elektroindustrie;92,6;2020=100;VST065;Index d.tarifl. Stundenverdienste ohne Sonderzahl.
62221;Vj. Index der Tarifverdienste und Arbeitszeiten;JAHR;Jahr;2018;DINSGF;Früheres Bundesgebiet / Neue Länder;DF;Früheres Bundesgebiet;WZ08C7;WZ2008 (ausgewählte Positionen): Tarifindex;WZ08-B-09;Produzierendes Gewerbe und wirtschaftl. Dienstl.;95,8;2020=100;VST072;Index d.tarifl. Stundenverdienste mit Sonderzahl.
62221;Vj. Index der Tarifverdienste und Arbeitszeiten;JAHR;Jahr;2018;DINSGF;Früheres Bundesgebiet / Neue Länder;DF;Früheres Bundesgebiet;WZ08C7;WZ2008 (ausgewählte Positionen): Tarifindex;WZ08-B-09;Produzierendes Gewerbe und wirtschaftl. Dienstl.;95,8;2020=100;VST073;Index d.tarifl. Monatsverdienste mit Sonderzahl.
62221;Vj. Index der Tarifverdienste und Arbeitszeiten;JAHR;Jahr;2018;DINSGF;Früheres Bundesgebiet / Neue Länder;DF;Früheres Bundesgebiet;WZ08C7;WZ2008 (ausgewählte Positionen): Tarifindex;WZ08-B-09;Produzierendes Gewerbe und wirtschaftl. Dienstl.;37,4;h;VST019;Durchschnittliche tarifliche Wochenarbeitszeit
62221;Vj. Index der Tarifverdienste und Arbeitszeiten;JAHR;Jahr;2018;DINSGF;Früheres Bundesgebiet / Neue Länder;DF;Früheres Bundesgebiet;WZ08C7;WZ2008 (ausgewählte Positionen): Tarifindex;WZ08-B-09;Produzierendes Gewerbe und wirtschaftl. Dienstl.;96,5;2020=100;VST066;Index d.tarifl. Monatsverdienste ohne Sonderzahl.
62221;Vj. Index der Tarifverdienste und Arbeitszeiten;JAHR;Jahr;2018;DINSGF;Früheres Bundesgebiet / Neue Länder;DF;Früheres Bundesgebiet;WZ08C7;WZ2008 (ausgewählte Positionen): Tarifindex;WZ08-B-09;Produzierendes Gewerbe und wirtschaftl. Dienstl.;100,0;2020=100;VST018;Index der tariflichen Wochenarbeitszeit
62221;Vj. Index der Tarifverdienste und Arbeitszeiten;JAHR;Jahr;2018;DINSGF;Früheres Bundesgebiet / Neue Länder;DF;Früheres Bundesgebiet;WZ08C7;WZ2008 (ausgewählte Positionen): Tarifindex;WZ08-B-09;Produzierendes Gewerbe und wirtschaftl. Dienstl.;96,5;2020=100;VST065;Index d.tarifl. Stundenverdienste ohne Sonderzahl.
62221;Vj. Index der Tarifverdienste und Arbeitszeiten;JAHR;Jahr;2019;DINSGF;Früheres Bundesgebiet / Neue Länder;DN;Neue Länder;WZ08C7;WZ2008 (ausgewählte Positionen): Tarifindex;WZ08-65;Versicherungen, Rückversicherungen, Pensionskassen;98,3;2020=100;VST072;Index d.tarifl. Stundenverdienste mit Sonderzahl.
62221;Vj. Index der Tarifverdienste und Arbeitszeiten;JAHR;Jahr;2019;DINSGF;Früheres Bundesgebiet / Neue Länder;DN;Neue Länder;WZ08C7;WZ2008 (ausgewählte Positionen): Tarifindex;WZ08-65;Versicherungen, Rückversicherungen, Pensionskassen;98,3;2020=100;VST073;Index d.tarifl. Monatsverdienste mit Sonderzahl.
62221;Vj. Index der Tarifverdienste und Arbeitszeiten;JAHR;Jahr;2019;DINSGF;Früheres Bundesgebiet / Neue Länder;DN;Neue Länder;WZ08C7;WZ2008 (ausgewählte Positionen): Tarifindex;WZ08-65;Versicherungen, Rückversicherungen, Pensionskassen;38,0;h;VST019;Durchschnittliche tarifliche Wochenarbeitszeit
62221;Vj. Index der Tarifverdienste und Arbeitszeiten;JAHR;Jahr;2019;DINSGF;Früheres Bundesgebiet / Neue Länder;DN;Neue Länder;WZ08C7;WZ2008 (ausgewählte Positionen): Tarifindex;WZ08-65;Versicherungen, Rückversicherungen, Pensionskassen;97,9;2020=100;VST066;Index d.tarifl. Monatsverdienste ohne Sonderzahl.
62221;Vj. Index der Tarifverdienste und Arbeitszeiten;JAHR;Jahr;2019;DINSGF;Früheres Bundesgebiet / Neue Länder;DN;Neue Länder;WZ08C7;WZ2008 (ausgewählte Positionen): Tarifindex;WZ08-65;Versicherungen, Rückversicherungen, Pensionskassen;100,0;2020=100;VST018;Index der tariflichen Wochenarbeitszeit
62221;Vj. Index der Tarifverdienste und Arbeitszeiten;JAHR;Jahr;2019;DINSGF;Früheres Bundesgebiet / Neue Länder;DN;Neue Länder;WZ08C7;WZ2008 (ausgewählte Positionen): Tarifindex;WZ08-65;Versicherungen, Rückversicherungen, Pensionskassen;97,9;2020=100;VST065;Index d.tarifl. Stundenverdienste ohne Sonderzahl.
62221;Vj. Index der Tarifverdienste und Arbeitszeiten;JAHR;Jahr;2024;DINSGF;Früheres Bundesgebiet / Neue Länder;DN;Neue Länder;WZ08C7;WZ2008 (ausgewählte Positionen): Tarifindex;WZ08-24-01;Metallgewerbe;113,1;2020=100;VST072;Index d.tarifl. Stundenverdienste mit Sonderzahl.
62221;Vj. Index der Tarifverdienste und Arbeitszeiten;JAHR;Jahr;2024;DINSGF;Früheres Bundesgebiet / Neue Länder;DN;Neue Länder;WZ08C7;WZ2008 (ausgewählte Positionen): Tarifindex;WZ08-24-01;Metallgewerbe;113,1;2020=100;VST073;Index d.tarifl. Monatsverdienste mit Sonderzahl.
62221;Vj. Index der Tarifverdienste und Arbeitszeiten;JAHR;Jahr;2024;DINSGF;Früheres Bundesgebiet / Neue Länder;DN;Neue Länder;WZ08C7;WZ2008 (ausgewählte Positionen): Tarifindex;WZ08-24-01;Metallgewerbe;36,8;h;VST019;Durchschnittliche tarifliche Wochenarbeitszeit
62221;Vj. Index der Tarifverdienste und Arbeitszeiten;JAHR;Jahr;2024;DINSGF;Früheres Bundesgebiet / Neue Länder;DN;Neue Länder;WZ08C7;WZ2008 (ausgewählte Positionen): Tarifindex;WZ08-24-01;Metallgewerbe;107,5;2020=100;VST066;Index d.tarifl. Monatsverdienste ohne Sonderzahl.
62221;Vj. Index der Tarifverdienste und Arbeitszeiten;JAHR;Jahr;2024;DINSGF;Früheres Bundesgebiet / Neue Länder;DN;Neue Länder;WZ08C7;WZ2008 (ausgewählte Positionen): Tarifindex;WZ08-24-01;Metallgewerbe;100,0;2020=100;VST018;Index der tariflichen Wochenarbeitszeit
62221;Vj. Index der Tarifverdienste und Arbeitszeiten;JAHR;Jahr;2024;DINSGF;Früheres Bundesgebiet / Neue Länder;DN;Neue Länder;WZ08C7;WZ2008 (ausgewählte Positionen): Tarifindex;WZ08-24-01;Metallgewerbe;107,5;2020=100;VST065;Index d.tarifl. Stundenverdienste ohne Sonderzahl.
62221;Vj. Index der Tarifverdienste und Arbeitszeiten;JAHR;Jahr;2025;DINSGF;Früheres Bundesgebiet / Neue Länder;DF;Früheres Bundesgebiet;WZ08C7;WZ2008 (ausgewählte Positionen): Tarifindex;WZ08-69-02;Rechts- und Steuerberatung, Unternehmensberatung;115,0;2020=100;VST072;Index d.tarifl. Stundenverdienste mit Sonderzahl.
62221;Vj. Index der Tarifverdienste und Arbeitszeiten;JAHR;Jahr;2025;DINSGF;Früheres Bundesgebiet / Neue Länder;DF;Früheres Bundesgebiet;WZ08C7;WZ2008 (ausgewählte Positionen): Tarifindex;WZ08-69-02;Rechts- und Steuerberatung, Unternehmensberatung;115,0;2020=100;VST073;Index d.tarifl. Monatsverdienste mit Sonderzahl.
62221;Vj. Index der Tarifverdienste und Arbeitszeiten;JAHR;Jahr;2025;DINSGF;Früheres Bundesgebiet / Neue Länder;DF;Früheres Bundesgebiet;WZ08C7;WZ2008 (ausgewählte Positionen): Tarifindex;WZ08-69-02;Rechts- und Steuerberatung, Unternehmensberatung;37,5;h;VST019;Durchschnittliche tarifliche Wochenarbeitszeit
62221;Vj. Index der Tarifverdienste und Arbeitszeiten;JAHR;Jahr;2025;DINSGF;Früheres Bundesgebiet / Neue Länder;DF;Früheres Bundesgebiet;WZ08C7;WZ2008 (ausgewählte Positionen): Tarifindex;WZ08-69-02;Rechts- und Steuerberatung, Unternehmensberatung;114,5;2020=100;VST066;Index d.tarifl. Monatsverdienste ohne Sonderzahl.
62221;Vj. Index der Tarifverdienste und Arbeitszeiten;JAHR;Jahr;2025;DINSGF;Früheres Bundesgebiet / Neue Länder;DF;Früheres Bundesgebiet;WZ08C7;WZ2008 (ausgewählte Positionen): Tarifindex;WZ08-69-02;Rechts- und Steuerberatung, Unternehmensberatung;99,9;2020=100;VST018;Index der tariflichen Wochenarbeitszeit
62221;Vj. Index der Tarifverdienste und Arbeitszeiten;JAHR;Jahr;2025;DINSGF;Früheres Bundesgebiet / Neue Länder;DF;Früheres Bundesgebiet;WZ08C7;WZ2008 (ausgewählte Positionen): Tarifindex;WZ08-69-02;Rechts- und Steuerberatung, Unternehmensberatung;114,5;2020=100;VST065;Index d.tarifl. Stundenverdienste ohne Sonderzahl.
62221;Vj. Index der Tarifverdienste und Arbeitszeiten;JAHR;Jahr;2017;DINSGF;Früheres Bundesgebiet / Neue Länder;DF;Früheres Bundesgebiet;WZ08C7;WZ2008 (ausgewählte Positionen): Tarifindex;WZ08-41-01;Hoch- und Tiefbau;92,0;2020=100;VST072;Index d.tarifl. Stundenverdienste mit Sonderzahl.
62221;Vj. Index der Tarifverdienste und Arbeitszeiten;JAHR;Jahr;2017;DINSGF;Früheres Bundesgebiet / Neue Länder;DF;Früheres Bundesgebiet;WZ08C7;WZ2008 (ausgewählte Positionen): Tarifindex;WZ08-41-01;Hoch- und Tiefbau;92,0;2020=100;VST073;Index d.tarifl. Monatsverdienste mit Sonderzahl.
62221;Vj. Index der Tarifverdienste und Arbeitszeiten;JAHR;Jahr;2017;DINSGF;Früheres Bundesgebiet / Neue Länder;DF;Früheres Bundesgebiet;WZ08C7;WZ2008 (ausgewählte Positionen): Tarifindex;WZ08-41-01;Hoch- und Tiefbau;40,0;h;VST019;Durchschnittliche tarifliche Wochenarbeitszeit
62221;Vj. Index der Tarifverdienste und Arbeitszeiten;JAHR;Jahr;2017;DINSGF;Früheres Bundesgebiet / Neue Länder;DF;Früheres Bundesgebiet;WZ08C7;WZ2008 (ausgewählte Positionen): Tarifindex;WZ08-41-01;Hoch- und Tiefbau;93,8;2020=100;VST066;Index d.tarifl. Monatsverdienste ohne Sonderzahl.
62221;Vj. Index der Tarifverdienste und Arbeitszeiten;JAHR;Jahr;2017;DINSGF;Früheres Bundesgebiet / Neue Länder;DF;Früheres Bundesgebiet;WZ08C7;WZ2008 (ausgewählte Positionen): Tarifindex;WZ08-41-01;Hoch- und Tiefbau;100,0;2020=100;VST018;Index der tariflichen Wochenarbeitszeit
62221;Vj. Index der Tarifverdienste und Arbeitszeiten;JAHR;Jahr;2017;DINSGF;Früheres Bundesgebiet / Neue Länder;DF;Früheres Bundesgebiet;WZ08C7;WZ2008 (ausgewählte Positionen): Tarifindex;WZ08-41-01;Hoch- und Tiefbau;93,8;2020=100;VST065;Index d.tarifl. Stundenverdienste ohne Sonderzahl.
62221;Vj. Index der Tarifverdienste und Arbeitszeiten;JAHR;Jahr;2024;DINSGF;Früheres Bundesgebiet / Neue Länder;DN;Neue Länder;WZ08C7;WZ2008 (ausgewählte Positionen): Tarifindex;WZ08-33;Reparatur u.Installation von Masch.u.Ausrüstungen;113,7;2020=100;VST072;Index d.tarifl. Stundenverdienste mit Sonderzahl.
62221;Vj. Index der Tarifverdienste und Arbeitszeiten;JAHR;Jahr;2024;DINSGF;Früheres Bundesgebiet / Neue Länder;DN;Neue Länder;WZ08C7;WZ2008 (ausgewählte Positionen): Tarifindex;WZ08-33;Reparatur u.Installation von Masch.u.Ausrüstungen;113,5;2020=100;VST073;Index d.tarifl. Monatsverdienste mit Sonderzahl.
62221;Vj. Index der Tarifverdienste und Arbeitszeiten;JAHR;Jahr;2024;DINSGF;Früheres Bundesgebiet / Neue Länder;DN;Neue Länder;WZ08C7;WZ2008 (ausgewählte Positionen): Tarifindex;WZ08-33;Reparatur u.Installation von Masch.u.Ausrüstungen;38,1;h;VST019;Durchschnittliche tarifliche Wochenarbeitszeit
62221;Vj. Index der Tarifverdienste und Arbeitszeiten;JAHR;Jahr;2024;DINSGF;Früheres Bundesgebiet / Neue Länder;DN;Neue Länder;WZ08C7;WZ2008 (ausgewählte Positionen): Tarifindex;WZ08-33;Reparatur u.Installation von Masch.u.Ausrüstungen;111,3;2020=100;VST066;Index d.tarifl. Monatsverdienste ohne Sonderzahl.
62221;Vj. Index der Tarifverdienste und Arbeitszeiten;JAHR;Jahr;2024;DINSGF;Früheres Bundesgebiet / Neue Länder;DN;Neue Länder;WZ08C7;WZ2008 (ausgewählte Positionen): Tarifindex;WZ08-33;Reparatur u.Installation von Masch.u.Ausrüstungen;99,8;2020=100;VST018;Index der tariflichen Wochenarbeitszeit
62221;Vj. Index der Tarifverdienste und Arbeitszeiten;JAHR;Jahr;2024;DINSGF;Früheres Bundesgebiet / Neue Länder;DN;Neue Länder;WZ08C7;WZ2008 (ausgewählte Positionen): Tarifindex;WZ08-33;Reparatur u.Installation von Masch.u.Ausrüstungen;111,5;2020=100;VST065;Index d.tarifl. Stundenverdienste ohne Sonderzahl.
62221;Vj. Index der Tarifverdienste und Arbeitszeiten;JAHR;Jahr;2023;DINSGF;Früheres Bundesgebiet / Neue Länder;DN;Neue Länder;WZ08C7;WZ2008 (ausgewählte Positionen): Tarifindex;WZ08-64;Erbringung von Finanzdienstleistungen;105,6;2020=100;VST072;Index d.tarifl. Stundenverdienste mit Sonderzahl.
62221;Vj. Index der Tarifverdienste und Arbeitszeiten;JAHR;Jahr;2023;DINSGF;Früheres Bundesgebiet / Neue Länder;DN;Neue Länder;WZ08C7;WZ2008 (ausgewählte Positionen): Tarifindex;WZ08-64;Erbringung von Finanzdienstleistungen;105,6;2020=100;VST073;Index d.tarifl. Monatsverdienste mit Sonderzahl.
62221;Vj. Index der Tarifverdienste und Arbeitszeiten;JAHR;Jahr;2023;DINSGF;Früheres Bundesgebiet / Neue Länder;DN;Neue Länder;WZ08C7;WZ2008 (ausgewählte Positionen): Tarifindex;WZ08-64;Erbringung von Finanzdienstleistungen;39,0;h;VST019;Durchschnittliche tarifliche Wochenarbeitszeit
62221;Vj. Index der Tarifverdienste und Arbeitszeiten;JAHR;Jahr;2023;DINSGF;Früheres Bundesgebiet / Neue Länder;DN;Neue Länder;WZ08C7;WZ2008 (ausgewählte Positionen): Tarifindex;WZ08-64;Erbringung von Finanzdienstleistungen;104,1;2020=100;VST066;Index d.tarifl. Monatsverdienste ohne Sonderzahl.
62221;Vj. Index der Tarifverdienste und Arbeitszeiten;JAHR;Jahr;2023;DINSGF;Früheres Bundesgebiet / Neue Länder;DN;Neue Länder;WZ08C7;WZ2008 (ausgewählte Positionen): Tarifindex;WZ08-64;Erbringung von Finanzdienstleistungen;100,0;2020=100;VST018;Index der tariflichen Wochenarbeitszeit
62221;Vj. Index der Tarifverdienste und Arbeitszeiten;JAHR;Jahr;2023;DINSGF;Früheres Bundesgebiet / Neue Länder;DN;Neue Länder;WZ08C7;WZ2008 (ausgewählte Positionen): Tarifindex;WZ08-64;Erbringung von Finanzdienstleistungen;104,1;2020=100;VST065;Index d.tarifl. Stundenverdienste ohne Sonderzahl.
62221;Vj. Index der Tarifverdienste und Arbeitszeiten;JAHR;Jahr;2024;DINSGF;Früheres Bundesgebiet / Neue Länder;DF;Früheres Bundesgebiet;WZ08C7;WZ2008 (ausgewählte Positionen): Tarifindex;WZ-X003;Gebrauchsgüterproduzenten;112,5;2020=100;VST072;Index d.tarifl. Stundenverdienste mit Sonderzahl.
62221;Vj. Index der Tarifverdienste und Arbeitszeiten;JAHR;Jahr;2024;DINSGF;Früheres Bundesgebiet / Neue Länder;DF;Früheres Bundesgebiet;WZ08C7;WZ2008 (ausgewählte Positionen): Tarifindex;WZ-X003;Gebrauchsgüterproduzenten;112,5;2020=100;VST073;Index d.tarifl. Monatsverdienste mit Sonderzahl.
62221;Vj. Index der Tarifverdienste und Arbeitszeiten;JAHR;Jahr;2024;DINSGF;Früheres Bundesgebiet / Neue Länder;DF;Früheres Bundesgebiet;WZ08C7;WZ2008 (ausgewählte Positionen): Tarifindex;WZ-X003;Gebrauchsgüterproduzenten;36,4;h;VST019;Durchschnittliche tarifliche Wochenarbeitszeit
62221;Vj. Index der Tarifverdienste und Arbeitszeiten;JAHR;Jahr;2024;DINSGF;Früheres Bundesgebiet / Neue Länder;DF;Früheres Bundesgebiet;WZ08C7;WZ2008 (ausgewählte Positionen): Tarifindex;WZ-X003;Gebrauchsgüterproduzenten;108,6;2020=100;VST066;Index d.tarifl. Monatsverdienste ohne Sonderzahl.
62221;Vj. Index der Tarifverdienste und Arbeitszeiten;JAHR;Jahr;2024;DINSGF;Früheres Bundesgebiet / Neue Länder;DF;Früheres Bundesgebiet;WZ08C7;WZ2008 (ausgewählte Positionen): Tarifindex;WZ-X003;Gebrauchsgüterproduzenten;100,0;2020=100;VST018;Index der tariflichen Wochenarbeitszeit
62221;Vj. Index der Tarifverdienste und Arbeitszeiten;JAHR;Jahr;2024;DINSGF;Früheres Bundesgebiet / Neue Länder;DF;Früheres Bundesgebiet;WZ08C7;WZ2008 (ausgewählte Positionen): Tarifindex;WZ-X003;Gebrauchsgüterproduzenten;108,6;2020=100;VST065;Index d.tarifl. Stundenverdienste ohne Sonderzahl.
62221;Vj. Index der Tarifverdienste und Arbeitszeiten;JAHR;Jahr;2023;DINSGF;Früheres Bundesgebiet / Neue Länder;DF;Früheres Bundesgebiet;WZ08C7;WZ2008 (ausgewählte Positionen): Tarifindex;WZ08-493;Sonstige Personenbeförderung im Landverkehr;108,0;2020=100;VST072;Index d.tarifl. Stundenverdienste mit Sonderzahl.
62221;Vj. Index der Tarifverdienste und Arbeitszeiten;JAHR;Jahr;2023;DINSGF;Früheres Bundesgebiet / Neue Länder;DF;Früheres Bundesgebiet;WZ08C7;WZ2008 (ausgewählte Positionen): Tarifindex;WZ08-493;Sonstige Personenbeförderung im Landverkehr;107,7;2020=100;VST073;Index d.tarifl. Monatsverdienste mit Sonderzahl.
62221;Vj. Index der Tarifverdienste und Arbeitszeiten;JAHR;Jahr;2023;DINSGF;Früheres Bundesgebiet / Neue Länder;DF;Früheres Bundesgebiet;WZ08C7;WZ2008 (ausgewählte Positionen): Tarifindex;WZ08-493;Sonstige Personenbeförderung im Landverkehr;38,9;h;VST019;Durchschnittliche tarifliche Wochenarbeitszeit
62221;Vj. Index der Tarifverdienste und Arbeitszeiten;JAHR;Jahr;2023;DINSGF;Früheres Bundesgebiet / Neue Länder;DF;Früheres Bundesgebiet;WZ08C7;WZ2008 (ausgewählte Positionen): Tarifindex;WZ08-493;Sonstige Personenbeförderung im Landverkehr;105,4;2020=100;VST066;Index d.tarifl. Monatsverdienste ohne Sonderzahl.
62221;Vj. Index der Tarifverdienste und Arbeitszeiten;JAHR;Jahr;2023;DINSGF;Früheres Bundesgebiet / Neue Länder;DF;Früheres Bundesgebiet;WZ08C7;WZ2008 (ausgewählte Positionen): Tarifindex;WZ08-493;Sonstige Personenbeförderung im Landverkehr;99,7;2020=100;VST018;Index der tariflichen Wochenarbeitszeit
62221;Vj. Index der Tarifverdienste und Arbeitszeiten;JAHR;Jahr;2023;DINSGF;Früheres Bundesgebiet / Neue Länder;DF;Früheres Bundesgebiet;WZ08C7;WZ2008 (ausgewählte Positionen): Tarifindex;WZ08-493;Sonstige Personenbeförderung im Landverkehr;105,8;2020=100;VST065;Index d.tarifl. Stundenverdienste ohne Sonderzahl.
62221;Vj. Index der Tarifverdienste und Arbeitszeiten;JAHR;Jahr;2021;DINSGF;Früheres Bundesgebiet / Neue Länder;DN;Neue Länder;WZ08C7;WZ2008 (ausgewählte Positionen): Tarifindex;WZ08-41-01;Hoch- und Tiefbau;102,5;2020=100;VST072;Index d.tarifl. Stundenverdienste mit Sonderzahl.
62221;Vj. Index der Tarifverdienste und Arbeitszeiten;JAHR;Jahr;2021;DINSGF;Früheres Bundesgebiet / Neue Länder;DN;Neue Länder;WZ08C7;WZ2008 (ausgewählte Positionen): Tarifindex;WZ08-41-01;Hoch- und Tiefbau;102,5;2020=100;VST073;Index d.tarifl. Monatsverdienste mit Sonderzahl.
62221;Vj. Index der Tarifverdienste und Arbeitszeiten;JAHR;Jahr;2021;DINSGF;Früheres Bundesgebiet / Neue Länder;DN;Neue Länder;WZ08C7;WZ2008 (ausgewählte Positionen): Tarifindex;WZ08-41-01;Hoch- und Tiefbau;40,0;h;VST019;Durchschnittliche tarifliche Wochenarbeitszeit
62221;Vj. Index der Tarifverdienste und Arbeitszeiten;JAHR;Jahr;2021;DINSGF;Früheres Bundesgebiet / Neue Länder;DN;Neue Länder;WZ08C7;WZ2008 (ausgewählte Positionen): Tarifindex;WZ08-41-01;Hoch- und Tiefbau;102,8;2020=100;VST066;Index d.tarifl. Monatsverdienste ohne Sonderzahl.
62221;Vj. Index der Tarifverdienste und Arbeitszeiten;JAHR;Jahr;2021;DINSGF;Früheres Bundesgebiet / Neue Länder;DN;Neue Länder;WZ08C7;WZ2008 (ausgewählte Positionen): Tarifindex;WZ08-41-01;Hoch- und Tiefbau;100,0;2020=100;VST018;Index der tariflichen Wochenarbeitszeit
62221;Vj. Index der Tarifverdienste und Arbeitszeiten;JAHR;Jahr;2021;DINSGF;Früheres Bundesgebiet / Neue Länder;DN;Neue Länder;WZ08C7;WZ2008 (ausgewählte Positionen): Tarifindex;WZ08-41-01;Hoch- und Tiefbau;102,8;2020=100;VST065;Index d.tarifl. Stundenverdienste ohne Sonderzahl.
62221;Vj. Index der Tarifverdienste und Arbeitszeiten;JAHR;Jahr;2023;DINSGF;Früheres Bundesgebiet / Neue Länder;DN;Neue Länder;WZ08C7;WZ2008 (ausgewählte Positionen): Tarifindex;WZ08-46;Großhandel (ohne Handel mit Kraftfahrzeugen);106,3;2020=100;VST072;Index d.tarifl. Stundenverdienste mit Sonderzahl.
62221;Vj. Index der Tarifverdienste und Arbeitszeiten;JAHR;Jahr;2023;DINSGF;Früheres Bundesgebiet / Neue Länder;DN;Neue Länder;WZ08C7;WZ2008 (ausgewählte Positionen): Tarifindex;WZ08-46;Großhandel (ohne Handel mit Kraftfahrzeugen);106,1;2020=100;VST073;Index d.tarifl. Monatsverdienste mit Sonderzahl.
62221;Vj. Index der Tarifverdienste und Arbeitszeiten;JAHR;Jahr;2023;DINSGF;Früheres Bundesgebiet / Neue Länder;DN;Neue Länder;WZ08C7;WZ2008 (ausgewählte Positionen): Tarifindex;WZ08-46;Großhandel (ohne Handel mit Kraftfahrzeugen);38,5;h;VST019;Durchschnittliche tarifliche Wochenarbeitszeit
62221;Vj. Index der Tarifverdienste und Arbeitszeiten;JAHR;Jahr;2023;DINSGF;Früheres Bundesgebiet / Neue Länder;DN;Neue Länder;WZ08C7;WZ2008 (ausgewählte Positionen): Tarifindex;WZ08-46;Großhandel (ohne Handel mit Kraftfahrzeugen);104,8;2020=100;VST066;Index d.tarifl. Monatsverdienste ohne Sonderzahl.
62221;Vj. Index der Tarifverdienste und Arbeitszeiten;JAHR;Jahr;2023;DINSGF;Früheres Bundesgebiet / Neue Länder;DN;Neue Länder;WZ08C7;WZ2008 (ausgewählte Positionen): Tarifindex;WZ08-46;Großhandel (ohne Handel mit Kraftfahrzeugen);99,8;2020=100;VST018;Index der tariflichen Wochenarbeitszeit
62221;Vj. Index der Tarifverdienste und Arbeitszeiten;JAHR;Jahr;2023;DINSGF;Früheres Bundesgebiet / Neue Länder;DN;Neue Länder;WZ08C7;WZ2008 (ausgewählte Positionen): Tarifindex;WZ08-46;Großhandel (ohne Handel mit Kraftfahrzeugen);105,1;2020=100;VST065;Index d.tarifl. Stundenverdienste ohne Sonderzahl.
62221;Vj. Index der Tarifverdienste und Arbeitszeiten;JAHR;Jahr;2023;DINSGF;Früheres Bundesgebiet / Neue Länder;DN;Neue Länder;WZ08C7;WZ2008 (ausgewählte Positionen): Tarifindex;WZ08-31;Herstellung von Möbeln;106,9;2020=100;VST072;Index d.tarifl. Stundenverdienste mit Sonderzahl.
62221;Vj. Index der Tarifverdienste und Arbeitszeiten;JAHR;Jahr;2023;DINSGF;Früheres Bundesgebiet / Neue Länder;DN;Neue Länder;WZ08C7;WZ2008 (ausgewählte Positionen): Tarifindex;WZ08-31;Herstellung von Möbeln;106,9;2020=100;VST073;Index d.tarifl. Monatsverdienste mit Sonderzahl.
62221;Vj. Index der Tarifverdienste und Arbeitszeiten;JAHR;Jahr;2023;DINSGF;Früheres Bundesgebiet / Neue Länder;DN;Neue Länder;WZ08C7;WZ2008 (ausgewählte Positionen): Tarifindex;WZ08-31;Herstellung von Möbeln;37,6;h;VST019;Durchschnittliche tarifliche Wochenarbeitszeit
62221;Vj. Index der Tarifverdienste und Arbeitszeiten;JAHR;Jahr;2023;DINSGF;Früheres Bundesgebiet / Neue Länder;DN;Neue Länder;WZ08C7;WZ2008 (ausgewählte Positionen): Tarifindex;WZ08-31;Herstellung von Möbeln;106,7;2020=100;VST066;Index d.tarifl. Monatsverdienste ohne Sonderzahl.
62221;Vj. Index der Tarifverdienste und Arbeitszeiten;JAHR;Jahr;2023;DINSGF;Früheres Bundesgebiet / Neue Länder;DN;Neue Länder;WZ08C7;WZ2008 (ausgewählte Positionen): Tarifindex;WZ08-31;Herstellung von Möbeln;100,0;2020=100;VST018;Index der tariflichen Wochenarbeitszeit
62221;Vj. Index der Tarifverdienste und Arbeitszeiten;JAHR;Jahr;2023;DINSGF;Früheres Bundesgebiet / Neue Länder;DN;Neue Länder;WZ08C7;WZ2008 (ausgewählte Positionen): Tarifindex;WZ08-31;Herstellung von Möbeln;106,7;2020=100;VST065;Index d.tarifl. Stundenverdienste ohne Sonderzahl.
62221;Vj. Index der Tarifverdienste und Arbeitszeiten;JAHR;Jahr;2024;DINSGF;Früheres Bundesgebiet / Neue Länder;DN;Neue Länder;WZ08C7;WZ2008 (ausgewählte Positionen): Tarifindex;WZ08-24;Metallerzeugung und -bearbeitung;112,9;2020=100;VST072;Index d.tarifl. Stundenverdienste mit Sonderzahl.
62221;Vj. Index der Tarifverdienste und Arbeitszeiten;JAHR;Jahr;2024;DINSGF;Früheres Bundesgebiet / Neue Länder;DN;Neue Länder;WZ08C7;WZ2008 (ausgewählte Positionen): Tarifindex;WZ08-24;Metallerzeugung und -bearbeitung;112,9;2020=100;VST073;Index d.tarifl. Monatsverdienste mit Sonderzahl.
62221;Vj. Index der Tarifverdienste und Arbeitszeiten;JAHR;Jahr;2024;DINSGF;Früheres Bundesgebiet / Neue Länder;DN;Neue Länder;WZ08C7;WZ2008 (ausgewählte Positionen): Tarifindex;WZ08-24;Metallerzeugung und -bearbeitung;36,2;h;VST019;Durchschnittliche tarifliche Wochenarbeitszeit
62221;Vj. Index der Tarifverdienste und Arbeitszeiten;JAHR;Jahr;2024;DINSGF;Früheres Bundesgebiet / Neue Länder;DN;Neue Länder;WZ08C7;WZ2008 (ausgewählte Positionen): Tarifindex;WZ08-24;Metallerzeugung und -bearbeitung;107,1;2020=100;VST066;Index d.tarifl. Monatsverdienste ohne Sonderzahl.
62221;Vj. Index der Tarifverdienste und Arbeitszeiten;JAHR;Jahr;2024;DINSGF;Früheres Bundesgebiet / Neue Länder;DN;Neue Länder;WZ08C7;WZ2008 (ausgewählte Positionen): Tarifindex;WZ08-24;Metallerzeugung und -bearbeitung;100,0;2020=100;VST018;Index der tariflichen Wochenarbeitszeit
62221;Vj. Index der Tarifverdienste und Arbeitszeiten;JAHR;Jahr;2024;DINSGF;Früheres Bundesgebiet / Neue Länder;DN;Neue Länder;WZ08C7;WZ2008 (ausgewählte Positionen): Tarifindex;WZ08-24;Metallerzeugung und -bearbeitung;107,1;2020=100;VST065;Index d.tarifl. Stundenverdienste ohne Sonderzahl.
62221;Vj. Index der Tarifverdienste und Arbeitszeiten;JAHR;Jahr;2017;DINSGF;Früheres Bundesgebiet / Neue Länder;DN;Neue Länder;WZ08C7;WZ2008 (ausgewählte Positionen): Tarifindex;WZ08-20-01;Chemische Industrie;91,6;2020=100;VST072;Index d.tarifl. Stundenverdienste mit Sonderzahl.
62221;Vj. Index der Tarifverdienste und Arbeitszeiten;JAHR;Jahr;2017;DINSGF;Früheres Bundesgebiet / Neue Länder;DN;Neue Länder;WZ08C7;WZ2008 (ausgewählte Positionen): Tarifindex;WZ08-20-01;Chemische Industrie;92,6;2020=100;VST073;Index d.tarifl. Monatsverdienste mit Sonderzahl.
62221;Vj. Index der Tarifverdienste und Arbeitszeiten;JAHR;Jahr;2017;DINSGF;Früheres Bundesgebiet / Neue Länder;DN;Neue Länder;WZ08C7;WZ2008 (ausgewählte Positionen): Tarifindex;WZ08-20-01;Chemische Industrie;39,7;h;VST019;Durchschnittliche tarifliche Wochenarbeitszeit
62221;Vj. Index der Tarifverdienste und Arbeitszeiten;JAHR;Jahr;2017;DINSGF;Früheres Bundesgebiet / Neue Länder;DN;Neue Länder;WZ08C7;WZ2008 (ausgewählte Positionen): Tarifindex;WZ08-20-01;Chemische Industrie;94,0;2020=100;VST066;Index d.tarifl. Monatsverdienste ohne Sonderzahl.
62221;Vj. Index der Tarifverdienste und Arbeitszeiten;JAHR;Jahr;2017;DINSGF;Früheres Bundesgebiet / Neue Länder;DN;Neue Länder;WZ08C7;WZ2008 (ausgewählte Positionen): Tarifindex;WZ08-20-01;Chemische Industrie;101,1;2020=100;VST018;Index der tariflichen Wochenarbeitszeit
62221;Vj. Index der Tarifverdienste und Arbeitszeiten;JAHR;Jahr;2017;DINSGF;Früheres Bundesgebiet / Neue Länder;DN;Neue Länder;WZ08C7;WZ2008 (ausgewählte Positionen): Tarifindex;WZ08-20-01;Chemische Industrie;93,0;2020=100;VST065;Index d.tarifl. Stundenverdienste ohne Sonderzahl.
62221;Vj. Index der Tarifverdienste und Arbeitszeiten;JAHR;Jahr;2018;DINSGF;Früheres Bundesgebiet / Neue Länder;DN;Neue Länder;WZ08C7;WZ2008 (ausgewählte Positionen): Tarifindex;WZ-X002;Investitionsgüterproduzenten;96,3;2020=100;VST072;Index d.tarifl. Stundenverdienste mit Sonderzahl.
62221;Vj. Index der Tarifverdienste und Arbeitszeiten;JAHR;Jahr;2018;DINSGF;Früheres Bundesgebiet / Neue Länder;DN;Neue Länder;WZ08C7;WZ2008 (ausgewählte Positionen): Tarifindex;WZ-X002;Investitionsgüterproduzenten;96,4;2020=100;VST073;Index d.tarifl. Monatsverdienste mit Sonderzahl.
62221;Vj. Index der Tarifverdienste und Arbeitszeiten;JAHR;Jahr;2018;DINSGF;Früheres Bundesgebiet / Neue Länder;DN;Neue Länder;WZ08C7;WZ2008 (ausgewählte Positionen): Tarifindex;WZ-X002;Investitionsgüterproduzenten;37,8;h;VST019;Durchschnittliche tarifliche Wochenarbeitszeit
62221;Vj. Index der Tarifverdienste und Arbeitszeiten;JAHR;Jahr;2018;DINSGF;Früheres Bundesgebiet / Neue Länder;DN;Neue Länder;WZ08C7;WZ2008 (ausgewählte Positionen): Tarifindex;WZ-X002;Investitionsgüterproduzenten;98,6;2020=100;VST066;Index d.tarifl. Monatsverdienste ohne Sonderzahl.
62221;Vj. Index der Tarifverdienste und Arbeitszeiten;JAHR;Jahr;2018;DINSGF;Früheres Bundesgebiet / Neue Länder;DN;Neue Länder;WZ08C7;WZ2008 (ausgewählte Positionen): Tarifindex;WZ-X002;Investitionsgüterproduzenten;100,1;2020=100;VST018;Index der tariflichen Wochenarbeitszeit
62221;Vj. Index der Tarifverdienste und Arbeitszeiten;JAHR;Jahr;2018;DINSGF;Früheres Bundesgebiet / Neue Länder;DN;Neue Länder;WZ08C7;WZ2008 (ausgewählte Positionen): Tarifindex;WZ-X002;Investitionsgüterproduzenten;98,6;2020=100;VST065;Index d.tarifl. Stundenverdienste ohne Sonderzahl.
62221;Vj. Index der Tarifverdienste und Arbeitszeiten;JAHR;Jahr;2018;DINSGF;Früheres Bundesgebiet / Neue Länder;DF;Früheres Bundesgebiet;WZ08C7;WZ2008 (ausgewählte Positionen): Tarifindex;WZ08-05;Kohlenbergbau;96,0;2020=100;VST072;Index d.tarifl. Stundenverdienste mit Sonderzahl.
62221;Vj. Index der Tarifverdienste und Arbeitszeiten;JAHR;Jahr;2018;DINSGF;Früheres Bundesgebiet / Neue Länder;DF;Früheres Bundesgebiet;WZ08C7;WZ2008 (ausgewählte Positionen): Tarifindex;WZ08-05;Kohlenbergbau;96,0;2020=100;VST073;Index d.tarifl. Monatsverdienste mit Sonderzahl.
62221;Vj. Index der Tarifverdienste und Arbeitszeiten;JAHR;Jahr;2018;DINSGF;Früheres Bundesgebiet / Neue Länder;DF;Früheres Bundesgebiet;WZ08C7;WZ2008 (ausgewählte Positionen): Tarifindex;WZ08-05;Kohlenbergbau;39,9;h;VST019;Durchschnittliche tarifliche Wochenarbeitszeit
62221;Vj. Index der Tarifverdienste und Arbeitszeiten;JAHR;Jahr;2018;DINSGF;Früheres Bundesgebiet / Neue Länder;DF;Früheres Bundesgebiet;WZ08C7;WZ2008 (ausgewählte Positionen): Tarifindex;WZ08-05;Kohlenbergbau;96,9;2020=100;VST066;Index d.tarifl. Monatsverdienste ohne Sonderzahl.
62221;Vj. Index der Tarifverdienste und Arbeitszeiten;JAHR;Jahr;2018;DINSGF;Früheres Bundesgebiet / Neue Länder;DF;Früheres Bundesgebiet;WZ08C7;WZ2008 (ausgewählte Positionen): Tarifindex;WZ08-05;Kohlenbergbau;100,0;2020=100;VST018;Index der tariflichen Wochenarbeitszeit
62221;Vj. Index der Tarifverdienste und Arbeitszeiten;JAHR;Jahr;2018;DINSGF;Früheres Bundesgebiet / Neue Länder;DF;Früheres Bundesgebiet;WZ08C7;WZ2008 (ausgewählte Positionen): Tarifindex;WZ08-05;Kohlenbergbau;96,9;2020=100;VST065;Index d.tarifl. Stundenverdienste ohne Sonderzahl.
62221;Vj. Index der Tarifverdienste und Arbeitszeiten;JAHR;Jahr;2024;DINSGF;Früheres Bundesgebiet / Neue Länder;DN;Neue Länder;WZ08C7;WZ2008 (ausgewählte Positionen): Tarifindex;WZ08-15;Herstellung von Leder, Lederwaren und Schuhen;-;2020=100;VST072;Index d.tarifl. Stundenverdienste mit Sonderzahl.
62221;Vj. Index der Tarifverdienste und Arbeitszeiten;JAHR;Jahr;2024;DINSGF;Früheres Bundesgebiet / Neue Länder;DN;Neue Länder;WZ08C7;WZ2008 (ausgewählte Positionen): Tarifindex;WZ08-15;Herstellung von Leder, Lederwaren und Schuhen;-;2020=100;VST073;Index d.tarifl. Monatsverdienste mit Sonderzahl.
62221;Vj. Index der Tarifverdienste und Arbeitszeiten;JAHR;Jahr;2024;DINSGF;Früheres Bundesgebiet / Neue Länder;DN;Neue Länder;WZ08C7;WZ2008 (ausgewählte Positionen): Tarifindex;WZ08-15;Herstellung von Leder, Lederwaren und Schuhen;-;h;VST019;Durchschnittliche tarifliche Wochenarbeitszeit
62221;Vj. Index der Tarifverdienste und Arbeitszeiten;JAHR;Jahr;2024;DINSGF;Früheres Bundesgebiet / Neue Länder;DN;Neue Länder;WZ08C7;WZ2008 (ausgewählte Positionen): Tarifindex;WZ08-15;Herstellung von Leder, Lederwaren und Schuhen;-;2020=100;VST066;Index d.tarifl. Monatsverdienste ohne Sonderzahl.
62221;Vj. Index der Tarifverdienste und Arbeitszeiten;JAHR;Jahr;2024;DINSGF;Früheres Bundesgebiet / Neue Länder;DN;Neue Länder;WZ08C7;WZ2008 (ausgewählte Positionen): Tarifindex;WZ08-15;Herstellung von Leder, Lederwaren und Schuhen;-;2020=100;VST018;Index der tariflichen Wochenarbeitszeit
62221;Vj. Index der Tarifverdienste und Arbeitszeiten;JAHR;Jahr;2024;DINSGF;Früheres Bundesgebiet / Neue Länder;DN;Neue Länder;WZ08C7;WZ2008 (ausgewählte Positionen): Tarifindex;WZ08-15;Herstellung von Leder, Lederwaren und Schuhen;-;2020=100;VST065;Index d.tarifl. Stundenverdienste ohne Sonderzahl.
62221;Vj. Index der Tarifverdienste und Arbeitszeiten;JAHR;Jahr;2018;DINSGF;Früheres Bundesgebiet / Neue Länder;DF;Früheres Bundesgebiet;WZ08C7;WZ2008 (ausgewählte Positionen): Tarifindex;WZ08-F;Baugewerbe;96,5;2020=100;VST072;Index d.tarifl. Stundenverdienste mit Sonderzahl.
62221;Vj. Index der Tarifverdienste und Arbeitszeiten;JAHR;Jahr;2018;DINSGF;Früheres Bundesgebiet / Neue Länder;DF;Früheres Bundesgebiet;WZ08C7;WZ2008 (ausgewählte Positionen): Tarifindex;WZ08-F;Baugewerbe;96,5;2020=100;VST073;Index d.tarifl. Monatsverdienste mit Sonderzahl.
62221;Vj. Index der Tarifverdienste und Arbeitszeiten;JAHR;Jahr;2018;DINSGF;Früheres Bundesgebiet / Neue Länder;DF;Früheres Bundesgebiet;WZ08C7;WZ2008 (ausgewählte Positionen): Tarifindex;WZ08-F;Baugewerbe;39,2;h;VST019;Durchschnittliche tarifliche Wochenarbeitszeit
62221;Vj. Index der Tarifverdienste und Arbeitszeiten;JAHR;Jahr;2018;DINSGF;Früheres Bundesgebiet / Neue Länder;DF;Früheres Bundesgebiet;WZ08C7;WZ2008 (ausgewählte Positionen): Tarifindex;WZ08-F;Baugewerbe;96,7;2020=100;VST066;Index d.tarifl. Monatsverdienste ohne Sonderzahl.
62221;Vj. Index der Tarifverdienste und Arbeitszeiten;JAHR;Jahr;2018;DINSGF;Früheres Bundesgebiet / Neue Länder;DF;Früheres Bundesgebiet;WZ08C7;WZ2008 (ausgewählte Positionen): Tarifindex;WZ08-F;Baugewerbe;100,0;2020=100;VST018;Index der tariflichen Wochenarbeitszeit
62221;Vj. Index der Tarifverdienste und Arbeitszeiten;JAHR;Jahr;2018;DINSGF;Früheres Bundesgebiet / Neue Länder;DF;Früheres Bundesgebiet;WZ08C7;WZ2008 (ausgewählte Positionen): Tarifindex;WZ08-F;Baugewerbe;96,7;2020=100;VST065;Index d.tarifl. Stundenverdienste ohne Sonderzahl.
62221;Vj. Index der Tarifverdienste und Arbeitszeiten;JAHR;Jahr;2025;DINSGF;Früheres Bundesgebiet / Neue Länder;DN;Neue Länder;WZ08C7;WZ2008 (ausgewählte Positionen): Tarifindex;WZ08-H-01;Verkehr und Lagerei, Information und Kommunikation;118,1;2020=100;VST072;Index d.tarifl. Stundenverdienste mit Sonderzahl.
62221;Vj. Index der Tarifverdienste und Arbeitszeiten;JAHR;Jahr;2025;DINSGF;Früheres Bundesgebiet / Neue Länder;DN;Neue Länder;WZ08C7;WZ2008 (ausgewählte Positionen): Tarifindex;WZ08-H-01;Verkehr und Lagerei, Information und Kommunikation;117,4;2020=100;VST073;Index d.tarifl. Monatsverdienste mit Sonderzahl.
62221;Vj. Index der Tarifverdienste und Arbeitszeiten;JAHR;Jahr;2025;DINSGF;Früheres Bundesgebiet / Neue Länder;DN;Neue Länder;WZ08C7;WZ2008 (ausgewählte Positionen): Tarifindex;WZ08-H-01;Verkehr und Lagerei, Information und Kommunikation;38,6;h;VST019;Durchschnittliche tarifliche Wochenarbeitszeit
62221;Vj. Index der Tarifverdienste und Arbeitszeiten;JAHR;Jahr;2025;DINSGF;Früheres Bundesgebiet / Neue Länder;DN;Neue Länder;WZ08C7;WZ2008 (ausgewählte Positionen): Tarifindex;WZ08-H-01;Verkehr und Lagerei, Information und Kommunikation;117,7;2020=100;VST066;Index d.tarifl. Monatsverdienste ohne Sonderzahl.
62221;Vj. Index der Tarifverdienste und Arbeitszeiten;JAHR;Jahr;2025;DINSGF;Früheres Bundesgebiet / Neue Länder;DN;Neue Länder;WZ08C7;WZ2008 (ausgewählte Positionen): Tarifindex;WZ08-H-01;Verkehr und Lagerei, Information und Kommunikation;99,4;2020=100;VST018;Index der tariflichen Wochenarbeitszeit
62221;Vj. Index der Tarifverdienste und Arbeitszeiten;JAHR;Jahr;2025;DINSGF;Früheres Bundesgebiet / Neue Länder;DN;Neue Länder;WZ08C7;WZ2008 (ausgewählte Positionen): Tarifindex;WZ08-H-01;Verkehr und Lagerei, Information und Kommunikation;118,4;2020=100;VST065;Index d.tarifl. Stundenverdienste ohne Sonderzahl.
62221;Vj. Index der Tarifverdienste und Arbeitszeiten;JAHR;Jahr;2016;DINSGF;Früheres Bundesgebiet / Neue Länder;DN;Neue Länder;WZ08C7;WZ2008 (ausgewählte Positionen): Tarifindex;WZ08-45;Kfz-Handel, Instandhaltung und Reparatur von Kfz;89,1;2020=100;VST072;Index d.tarifl. Stundenverdienste mit Sonderzahl.
62221;Vj. Index der Tarifverdienste und Arbeitszeiten;JAHR;Jahr;2016;DINSGF;Früheres Bundesgebiet / Neue Länder;DN;Neue Länder;WZ08C7;WZ2008 (ausgewählte Positionen): Tarifindex;WZ08-45;Kfz-Handel, Instandhaltung und Reparatur von Kfz;89,1;2020=100;VST073;Index d.tarifl. Monatsverdienste mit Sonderzahl.
62221;Vj. Index der Tarifverdienste und Arbeitszeiten;JAHR;Jahr;2016;DINSGF;Früheres Bundesgebiet / Neue Länder;DN;Neue Länder;WZ08C7;WZ2008 (ausgewählte Positionen): Tarifindex;WZ08-45;Kfz-Handel, Instandhaltung und Reparatur von Kfz;37,6;h;VST019;Durchschnittliche tarifliche Wochenarbeitszeit
62221;Vj. Index der Tarifverdienste und Arbeitszeiten;JAHR;Jahr;2016;DINSGF;Früheres Bundesgebiet / Neue Länder;DN;Neue Länder;WZ08C7;WZ2008 (ausgewählte Positionen): Tarifindex;WZ08-45;Kfz-Handel, Instandhaltung und Reparatur von Kfz;89,3;2020=100;VST066;Index d.tarifl. Monatsverdienste ohne Sonderzahl.
62221;Vj. Index der Tarifverdienste und Arbeitszeiten;JAHR;Jahr;2016;DINSGF;Früheres Bundesgebiet / Neue Länder;DN;Neue Länder;WZ08C7;WZ2008 (ausgewählte Positionen): Tarifindex;WZ08-45;Kfz-Handel, Instandhaltung und Reparatur von Kfz;100,0;2020=100;VST018;Index der tariflichen Wochenarbeitszeit
62221;Vj. Index der Tarifverdienste und Arbeitszeiten;JAHR;Jahr;2016;DINSGF;Früheres Bundesgebiet / Neue Länder;DN;Neue Länder;WZ08C7;WZ2008 (ausgewählte Positionen): Tarifindex;WZ08-45;Kfz-Handel, Instandhaltung und Reparatur von Kfz;89,3;2020=100;VST065;Index d.tarifl. Stundenverdienste ohne Sonderzahl.
62221;Vj. Index der Tarifverdienste und Arbeitszeiten;JAHR;Jahr;2024;DINSGF;Früheres Bundesgebiet / Neue Länder;DN;Neue Länder;WZ08C7;WZ2008 (ausgewählte Positionen): Tarifindex;WZ08-06;Gewinnung von Erdöl und Erdgas;112,6;2020=100;VST072;Index d.tarifl. Stundenverdienste mit Sonderzahl.
62221;Vj. Index der Tarifverdienste und Arbeitszeiten;JAHR;Jahr;2024;DINSGF;Früheres Bundesgebiet / Neue Länder;DN;Neue Länder;WZ08C7;WZ2008 (ausgewählte Positionen): Tarifindex;WZ08-06;Gewinnung von Erdöl und Erdgas;112,6;2020=100;VST073;Index d.tarifl. Monatsverdienste mit Sonderzahl.
62221;Vj. Index der Tarifverdienste und Arbeitszeiten;JAHR;Jahr;2024;DINSGF;Früheres Bundesgebiet / Neue Länder;DN;Neue Länder;WZ08C7;WZ2008 (ausgewählte Positionen): Tarifindex;WZ08-06;Gewinnung von Erdöl und Erdgas;38,0;h;VST019;Durchschnittliche tarifliche Wochenarbeitszeit
62221;Vj. Index der Tarifverdienste und Arbeitszeiten;JAHR;Jahr;2024;DINSGF;Früheres Bundesgebiet / Neue Länder;DN;Neue Länder;WZ08C7;WZ2008 (ausgewählte Positionen): Tarifindex;WZ08-06;Gewinnung von Erdöl und Erdgas;112,5;2020=100;VST066;Index d.tarifl. Monatsverdienste ohne Sonderzahl.
62221;Vj. Index der Tarifverdienste und Arbeitszeiten;JAHR;Jahr;2024;DINSGF;Früheres Bundesgebiet / Neue Länder;DN;Neue Länder;WZ08C7;WZ2008 (ausgewählte Positionen): Tarifindex;WZ08-06;Gewinnung von Erdöl und Erdgas;100,0;2020=100;VST018;Index der tariflichen Wochenarbeitszeit
62221;Vj. Index der Tarifverdienste und Arbeitszeiten;JAHR;Jahr;2024;DINSGF;Früheres Bundesgebiet / Neue Länder;DN;Neue Länder;WZ08C7;WZ2008 (ausgewählte Positionen): Tarifindex;WZ08-06;Gewinnung von Erdöl und Erdgas;112,5;2020=100;VST065;Index d.tarifl. Stundenverdienste ohne Sonderzahl.
62221;Vj. Index der Tarifverdienste und Arbeitszeiten;JAHR;Jahr;2021;DINSGF;Früheres Bundesgebiet / Neue Länder;DN;Neue Länder;WZ08C7;WZ2008 (ausgewählte Positionen): Tarifindex;WZ08-91;Bibliotheken, Archive, Museen, bot. u. zoo. Gärten;100,9;2020=100;VST072;Index d.tarifl. Stundenverdienste mit Sonderzahl.
62221;Vj. Index der Tarifverdienste und Arbeitszeiten;JAHR;Jahr;2021;DINSGF;Früheres Bundesgebiet / Neue Länder;DN;Neue Länder;WZ08C7;WZ2008 (ausgewählte Positionen): Tarifindex;WZ08-91;Bibliotheken, Archive, Museen, bot. u. zoo. Gärten;100,9;2020=100;VST073;Index d.tarifl. Monatsverdienste mit Sonderzahl.
62221;Vj. Index der Tarifverdienste und Arbeitszeiten;JAHR;Jahr;2021;DINSGF;Früheres Bundesgebiet / Neue Länder;DN;Neue Länder;WZ08C7;WZ2008 (ausgewählte Positionen): Tarifindex;WZ08-91;Bibliotheken, Archive, Museen, bot. u. zoo. Gärten;39,3;h;VST019;Durchschnittliche tarifliche Wochenarbeitszeit
62221;Vj. Index der Tarifverdienste und Arbeitszeiten;JAHR;Jahr;2021;DINSGF;Früheres Bundesgebiet / Neue Länder;DN;Neue Länder;WZ08C7;WZ2008 (ausgewählte Positionen): Tarifindex;WZ08-91;Bibliotheken, Archive, Museen, bot. u. zoo. Gärten;101,3;2020=100;VST066;Index d.tarifl. Monatsverdienste ohne Sonderzahl.
62221;Vj. Index der Tarifverdienste und Arbeitszeiten;JAHR;Jahr;2021;DINSGF;Früheres Bundesgebiet / Neue Länder;DN;Neue Länder;WZ08C7;WZ2008 (ausgewählte Positionen): Tarifindex;WZ08-91;Bibliotheken, Archive, Museen, bot. u. zoo. Gärten;100,0;2020=100;VST018;Index der tariflichen Wochenarbeitszeit
62221;Vj. Index der Tarifverdienste und Arbeitszeiten;JAHR;Jahr;2021;DINSGF;Früheres Bundesgebiet / Neue Länder;DN;Neue Länder;WZ08C7;WZ2008 (ausgewählte Positionen): Tarifindex;WZ08-91;Bibliotheken, Archive, Museen, bot. u. zoo. Gärten;101,3;2020=100;VST065;Index d.tarifl. Stundenverdienste ohne Sonderzahl.
62221;Vj. Index der Tarifverdienste und Arbeitszeiten;JAHR;Jahr;2020;DINSGF;Früheres Bundesgebiet / Neue Länder;DN;Neue Länder;WZ08C7;WZ2008 (ausgewählte Positionen): Tarifindex;WZ08-85;Erziehung und Unterricht;100,0;2020=100;VST072;Index d.tarifl. Stundenverdienste mit Sonderzahl.
62221;Vj. Index der Tarifverdienste und Arbeitszeiten;JAHR;Jahr;2020;DINSGF;Früheres Bundesgebiet / Neue Länder;DN;Neue Länder;WZ08C7;WZ2008 (ausgewählte Positionen): Tarifindex;WZ08-85;Erziehung und Unterricht;100,0;2020=100;VST073;Index d.tarifl. Monatsverdienste mit Sonderzahl.
62221;Vj. Index der Tarifverdienste und Arbeitszeiten;JAHR;Jahr;2020;DINSGF;Früheres Bundesgebiet / Neue Länder;DN;Neue Länder;WZ08C7;WZ2008 (ausgewählte Positionen): Tarifindex;WZ08-85;Erziehung und Unterricht;39,7;h;VST019;Durchschnittliche tarifliche Wochenarbeitszeit
62221;Vj. Index der Tarifverdienste und Arbeitszeiten;JAHR;Jahr;2020;DINSGF;Früheres Bundesgebiet / Neue Länder;DN;Neue Länder;WZ08C7;WZ2008 (ausgewählte Positionen): Tarifindex;WZ08-85;Erziehung und Unterricht;100,0;2020=100;VST066;Index d.tarifl. Monatsverdienste ohne Sonderzahl.
62221;Vj. Index der Tarifverdienste und Arbeitszeiten;JAHR;Jahr;2020;DINSGF;Früheres Bundesgebiet / Neue Länder;DN;Neue Länder;WZ08C7;WZ2008 (ausgewählte Positionen): Tarifindex;WZ08-85;Erziehung und Unterricht;100,0;2020=100;VST018;Index der tariflichen Wochenarbeitszeit
62221;Vj. Index der Tarifverdienste und Arbeitszeiten;JAHR;Jahr;2020;DINSGF;Früheres Bundesgebiet / Neue Länder;DN;Neue Länder;WZ08C7;WZ2008 (ausgewählte Positionen): Tarifindex;WZ08-85;Erziehung und Unterricht;100,0;2020=100;VST065;Index d.tarifl. Stundenverdienste ohne Sonderzahl.
62221;Vj. Index der Tarifverdienste und Arbeitszeiten;JAHR;Jahr;2019;DINSGF;Früheres Bundesgebiet / Neue Länder;DN;Neue Länder;WZ08C7;WZ2008 (ausgewählte Positionen): Tarifindex;WZ08-05;Kohlenbergbau;98,5;2020=100;VST072;Index d.tarifl. Stundenverdienste mit Sonderzahl.
62221;Vj. Index der Tarifverdienste und Arbeitszeiten;JAHR;Jahr;2019;DINSGF;Früheres Bundesgebiet / Neue Länder;DN;Neue Länder;WZ08C7;WZ2008 (ausgewählte Positionen): Tarifindex;WZ08-05;Kohlenbergbau;98,5;2020=100;VST073;Index d.tarifl. Monatsverdienste mit Sonderzahl.
62221;Vj. Index der Tarifverdienste und Arbeitszeiten;JAHR;Jahr;2019;DINSGF;Früheres Bundesgebiet / Neue Länder;DN;Neue Länder;WZ08C7;WZ2008 (ausgewählte Positionen): Tarifindex;WZ08-05;Kohlenbergbau;37,0;h;VST019;Durchschnittliche tarifliche Wochenarbeitszeit
62221;Vj. Index der Tarifverdienste und Arbeitszeiten;JAHR;Jahr;2019;DINSGF;Früheres Bundesgebiet / Neue Länder;DN;Neue Länder;WZ08C7;WZ2008 (ausgewählte Positionen): Tarifindex;WZ08-05;Kohlenbergbau;98,7;2020=100;VST066;Index d.tarifl. Monatsverdienste ohne Sonderzahl.
62221;Vj. Index der Tarifverdienste und Arbeitszeiten;JAHR;Jahr;2019;DINSGF;Früheres Bundesgebiet / Neue Länder;DN;Neue Länder;WZ08C7;WZ2008 (ausgewählte Positionen): Tarifindex;WZ08-05;Kohlenbergbau;100,0;2020=100;VST018;Index der tariflichen Wochenarbeitszeit
62221;Vj. Index der Tarifverdienste und Arbeitszeiten;JAHR;Jahr;2019;DINSGF;Früheres Bundesgebiet / Neue Länder;DN;Neue Länder;WZ08C7;WZ2008 (ausgewählte Positionen): Tarifindex;WZ08-05;Kohlenbergbau;98,7;2020=100;VST065;Index d.tarifl. Stundenverdienste ohne Sonderzahl.
62221;Vj. Index der Tarifverdienste und Arbeitszeiten;JAHR;Jahr;2023;DINSGF;Früheres Bundesgebiet / Neue Länder;DF;Früheres Bundesgebiet;WZ08C7;WZ2008 (ausgewählte Positionen): Tarifindex;WZ08-M;Freiberufliche, wiss. u. techn. Dienstleistungen;107,1;2020=100;VST072;Index d.tarifl. Stundenverdienste mit Sonderzahl.
62221;Vj. Index der Tarifverdienste und Arbeitszeiten;JAHR;Jahr;2023;DINSGF;Früheres Bundesgebiet / Neue Länder;DF;Früheres Bundesgebiet;WZ08C7;WZ2008 (ausgewählte Positionen): Tarifindex;WZ08-M;Freiberufliche, wiss. u. techn. Dienstleistungen;107,1;2020=100;VST073;Index d.tarifl. Monatsverdienste mit Sonderzahl.
62221;Vj. Index der Tarifverdienste und Arbeitszeiten;JAHR;Jahr;2023;DINSGF;Früheres Bundesgebiet / Neue Länder;DF;Früheres Bundesgebiet;WZ08C7;WZ2008 (ausgewählte Positionen): Tarifindex;WZ08-M;Freiberufliche, wiss. u. techn. Dienstleistungen;37,9;h;VST019;Durchschnittliche tarifliche Wochenarbeitszeit
62221;Vj. Index der Tarifverdienste und Arbeitszeiten;JAHR;Jahr;2023;DINSGF;Früheres Bundesgebiet / Neue Länder;DF;Früheres Bundesgebiet;WZ08C7;WZ2008 (ausgewählte Positionen): Tarifindex;WZ08-M;Freiberufliche, wiss. u. techn. Dienstleistungen;104,9;2020=100;VST066;Index d.tarifl. Monatsverdienste ohne Sonderzahl.
62221;Vj. Index der Tarifverdienste und Arbeitszeiten;JAHR;Jahr;2023;DINSGF;Früheres Bundesgebiet / Neue Länder;DF;Früheres Bundesgebiet;WZ08C7;WZ2008 (ausgewählte Positionen): Tarifindex;WZ08-M;Freiberufliche, wiss. u. techn. Dienstleistungen;100,0;2020=100;VST018;Index der tariflichen Wochenarbeitszeit
62221;Vj. Index der Tarifverdienste und Arbeitszeiten;JAHR;Jahr;2023;DINSGF;Früheres Bundesgebiet / Neue Länder;DF;Früheres Bundesgebiet;WZ08C7;WZ2008 (ausgewählte Positionen): Tarifindex;WZ08-M;Freiberufliche, wiss. u. techn. Dienstleistungen;104,9;2020=100;VST065;Index d.tarifl. Stundenverdienste ohne Sonderzahl.
62221;Vj. Index der Tarifverdienste und Arbeitszeiten;JAHR;Jahr;2017;DINSGF;Früheres Bundesgebiet / Neue Länder;DF;Früheres Bundesgebiet;WZ08C7;WZ2008 (ausgewählte Positionen): Tarifindex;WZ08-71;Architektur-,Ing.büros,techn.,physik.Untersuchung;93,2;2020=100;VST072;Index d.tarifl. Stundenverdienste mit Sonderzahl.
62221;Vj. Index der Tarifverdienste und Arbeitszeiten;JAHR;Jahr;2017;DINSGF;Früheres Bundesgebiet / Neue Länder;DF;Früheres Bundesgebiet;WZ08C7;WZ2008 (ausgewählte Positionen): Tarifindex;WZ08-71;Architektur-,Ing.büros,techn.,physik.Untersuchung;93,4;2020=100;VST073;Index d.tarifl. Monatsverdienste mit Sonderzahl.
62221;Vj. Index der Tarifverdienste und Arbeitszeiten;JAHR;Jahr;2017;DINSGF;Früheres Bundesgebiet / Neue Länder;DF;Früheres Bundesgebiet;WZ08C7;WZ2008 (ausgewählte Positionen): Tarifindex;WZ08-71;Architektur-,Ing.büros,techn.,physik.Untersuchung;37,1;h;VST019;Durchschnittliche tarifliche Wochenarbeitszeit
62221;Vj. Index der Tarifverdienste und Arbeitszeiten;JAHR;Jahr;2017;DINSGF;Früheres Bundesgebiet / Neue Länder;DF;Früheres Bundesgebiet;WZ08C7;WZ2008 (ausgewählte Positionen): Tarifindex;WZ08-71;Architektur-,Ing.büros,techn.,physik.Untersuchung;94,0;2020=100;VST066;Index d.tarifl. Monatsverdienste ohne Sonderzahl.
62221;Vj. Index der Tarifverdienste und Arbeitszeiten;JAHR;Jahr;2017;DINSGF;Früheres Bundesgebiet / Neue Länder;DF;Früheres Bundesgebiet;WZ08C7;WZ2008 (ausgewählte Positionen): Tarifindex;WZ08-71;Architektur-,Ing.büros,techn.,physik.Untersuchung;100,2;2020=100;VST018;Index der tariflichen Wochenarbeitszeit
62221;Vj. Index der Tarifverdienste und Arbeitszeiten;JAHR;Jahr;2017;DINSGF;Früheres Bundesgebiet / Neue Länder;DF;Früheres Bundesgebiet;WZ08C7;WZ2008 (ausgewählte Positionen): Tarifindex;WZ08-71;Architektur-,Ing.büros,techn.,physik.Untersuchung;93,7;2020=100;VST065;Index d.tarifl. Stundenverdienste ohne Sonderzahl.
62221;Vj. Index der Tarifverdienste und Arbeitszeiten;JAHR;Jahr;2023;DINSGF;Früheres Bundesgebiet / Neue Länder;DF;Früheres Bundesgebiet;WZ08C7;WZ2008 (ausgewählte Positionen): Tarifindex;WZ08-S;Erbringung von sonstigen Dienstleistungen;106,7;2020=100;VST072;Index d.tarifl. Stundenverdienste mit Sonderzahl.
62221;Vj. Index der Tarifverdienste und Arbeitszeiten;JAHR;Jahr;2023;DINSGF;Früheres Bundesgebiet / Neue Länder;DF;Früheres Bundesgebiet;WZ08C7;WZ2008 (ausgewählte Positionen): Tarifindex;WZ08-S;Erbringung von sonstigen Dienstleistungen;106,7;2020=100;VST073;Index d.tarifl. Monatsverdienste mit Sonderzahl.
62221;Vj. Index der Tarifverdienste und Arbeitszeiten;JAHR;Jahr;2023;DINSGF;Früheres Bundesgebiet / Neue Länder;DF;Früheres Bundesgebiet;WZ08C7;WZ2008 (ausgewählte Positionen): Tarifindex;WZ08-S;Erbringung von sonstigen Dienstleistungen;39,1;h;VST019;Durchschnittliche tarifliche Wochenarbeitszeit
62221;Vj. Index der Tarifverdienste und Arbeitszeiten;JAHR;Jahr;2023;DINSGF;Früheres Bundesgebiet / Neue Länder;DF;Früheres Bundesgebiet;WZ08C7;WZ2008 (ausgewählte Positionen): Tarifindex;WZ08-S;Erbringung von sonstigen Dienstleistungen;104,7;2020=100;VST066;Index d.tarifl. Monatsverdienste ohne Sonderzahl.
62221;Vj. Index der Tarifverdienste und Arbeitszeiten;JAHR;Jahr;2023;DINSGF;Früheres Bundesgebiet / Neue Länder;DF;Früheres Bundesgebiet;WZ08C7;WZ2008 (ausgewählte Positionen): Tarifindex;WZ08-S;Erbringung von sonstigen Dienstleistungen;100,0;2020=100;VST018;Index der tariflichen Wochenarbeitszeit
62221;Vj. Index der Tarifverdienste und Arbeitszeiten;JAHR;Jahr;2023;DINSGF;Früheres Bundesgebiet / Neue Länder;DF;Früheres Bundesgebiet;WZ08C7;WZ2008 (ausgewählte Positionen): Tarifindex;WZ08-S;Erbringung von sonstigen Dienstleistungen;104,7;2020=100;VST065;Index d.tarifl. Stundenverdienste ohne Sonderzahl.
62221;Vj. Index der Tarifverdienste und Arbeitszeiten;JAHR;Jahr;2019;DINSGF;Früheres Bundesgebiet / Neue Länder;DN;Neue Länder;WZ08C7;WZ2008 (ausgewählte Positionen): Tarifindex;WZ08-92;Spiel-, Wett- und Lotteriewesen;98,4;2020=100;VST072;Index d.tarifl. Stundenverdienste mit Sonderzahl.
62221;Vj. Index der Tarifverdienste und Arbeitszeiten;JAHR;Jahr;2019;DINSGF;Früheres Bundesgebiet / Neue Länder;DN;Neue Länder;WZ08C7;WZ2008 (ausgewählte Positionen): Tarifindex;WZ08-92;Spiel-, Wett- und Lotteriewesen;98,4;2020=100;VST073;Index d.tarifl. Monatsverdienste mit Sonderzahl.
62221;Vj. Index der Tarifverdienste und Arbeitszeiten;JAHR;Jahr;2019;DINSGF;Früheres Bundesgebiet / Neue Länder;DN;Neue Länder;WZ08C7;WZ2008 (ausgewählte Positionen): Tarifindex;WZ08-92;Spiel-, Wett- und Lotteriewesen;39,0;h;VST019;Durchschnittliche tarifliche Wochenarbeitszeit
62221;Vj. Index der Tarifverdienste und Arbeitszeiten;JAHR;Jahr;2019;DINSGF;Früheres Bundesgebiet / Neue Länder;DN;Neue Länder;WZ08C7;WZ2008 (ausgewählte Positionen): Tarifindex;WZ08-92;Spiel-, Wett- und Lotteriewesen;98,3;2020=100;VST066;Index d.tarifl. Monatsverdienste ohne Sonderzahl.
62221;Vj. Index der Tarifverdienste und Arbeitszeiten;JAHR;Jahr;2019;DINSGF;Früheres Bundesgebiet / Neue Länder;DN;Neue Länder;WZ08C7;WZ2008 (ausgewählte Positionen): Tarifindex;WZ08-92;Spiel-, Wett- und Lotteriewesen;100,0;2020=100;VST018;Index der tariflichen Wochenarbeitszeit
62221;Vj. Index der Tarifverdienste und Arbeitszeiten;JAHR;Jahr;2019;DINSGF;Früheres Bundesgebiet / Neue Länder;DN;Neue Länder;WZ08C7;WZ2008 (ausgewählte Positionen): Tarifindex;WZ08-92;Spiel-, Wett- und Lotteriewesen;98,3;2020=100;VST065;Index d.tarifl. Stundenverdienste ohne Sonderzahl.
62221;Vj. Index der Tarifverdienste und Arbeitszeiten;JAHR;Jahr;2016;DINSGF;Früheres Bundesgebiet / Neue Länder;DN;Neue Länder;WZ08C7;WZ2008 (ausgewählte Positionen): Tarifindex;WZ08-90;Kreative,künstlerische u.unterhaltende Tätigkeiten;89,7;2020=100;VST072;Index d.tarifl. Stundenverdienste mit Sonderzahl.
62221;Vj. Index der Tarifverdienste und Arbeitszeiten;JAHR;Jahr;2016;DINSGF;Früheres Bundesgebiet / Neue Länder;DN;Neue Länder;WZ08C7;WZ2008 (ausgewählte Positionen): Tarifindex;WZ08-90;Kreative,künstlerische u.unterhaltende Tätigkeiten;89,7;2020=100;VST073;Index d.tarifl. Monatsverdienste mit Sonderzahl.
62221;Vj. Index der Tarifverdienste und Arbeitszeiten;JAHR;Jahr;2016;DINSGF;Früheres Bundesgebiet / Neue Länder;DN;Neue Länder;WZ08C7;WZ2008 (ausgewählte Positionen): Tarifindex;WZ08-90;Kreative,künstlerische u.unterhaltende Tätigkeiten;39,0;h;VST019;Durchschnittliche tarifliche Wochenarbeitszeit
62221;Vj. Index der Tarifverdienste und Arbeitszeiten;JAHR;Jahr;2016;DINSGF;Früheres Bundesgebiet / Neue Länder;DN;Neue Länder;WZ08C7;WZ2008 (ausgewählte Positionen): Tarifindex;WZ08-90;Kreative,künstlerische u.unterhaltende Tätigkeiten;89,2;2020=100;VST066;Index d.tarifl. Monatsverdienste ohne Sonderzahl.
62221;Vj. Index der Tarifverdienste und Arbeitszeiten;JAHR;Jahr;2016;DINSGF;Früheres Bundesgebiet / Neue Länder;DN;Neue Länder;WZ08C7;WZ2008 (ausgewählte Positionen): Tarifindex;WZ08-90;Kreative,künstlerische u.unterhaltende Tätigkeiten;100,0;2020=100;VST018;Index der tariflichen Wochenarbeitszeit
62221;Vj. Index der Tarifverdienste und Arbeitszeiten;JAHR;Jahr;2016;DINSGF;Früheres Bundesgebiet / Neue Länder;DN;Neue Länder;WZ08C7;WZ2008 (ausgewählte Positionen): Tarifindex;WZ08-90;Kreative,künstlerische u.unterhaltende Tätigkeiten;89,2;2020=100;VST065;Index d.tarifl. Stundenverdienste ohne Sonderzahl.
62221;Vj. Index der Tarifverdienste und Arbeitszeiten;JAHR;Jahr;2022;DINSGF;Früheres Bundesgebiet / Neue Länder;DF;Früheres Bundesgebiet;WZ08C7;WZ2008 (ausgewählte Positionen): Tarifindex;WZ08-78;Vermittlung und Überlassung von Arbeitskräften;108,2;2020=100;VST072;Index d.tarifl. Stundenverdienste mit Sonderzahl.
62221;Vj. Index der Tarifverdienste und Arbeitszeiten;JAHR;Jahr;2022;DINSGF;Früheres Bundesgebiet / Neue Länder;DF;Früheres Bundesgebiet;WZ08C7;WZ2008 (ausgewählte Positionen): Tarifindex;WZ08-78;Vermittlung und Überlassung von Arbeitskräften;108,2;2020=100;VST073;Index d.tarifl. Monatsverdienste mit Sonderzahl.
62221;Vj. Index der Tarifverdienste und Arbeitszeiten;JAHR;Jahr;2022;DINSGF;Früheres Bundesgebiet / Neue Länder;DF;Früheres Bundesgebiet;WZ08C7;WZ2008 (ausgewählte Positionen): Tarifindex;WZ08-78;Vermittlung und Überlassung von Arbeitskräften;35,1;h;VST019;Durchschnittliche tarifliche Wochenarbeitszeit
62221;Vj. Index der Tarifverdienste und Arbeitszeiten;JAHR;Jahr;2022;DINSGF;Früheres Bundesgebiet / Neue Länder;DF;Früheres Bundesgebiet;WZ08C7;WZ2008 (ausgewählte Positionen): Tarifindex;WZ08-78;Vermittlung und Überlassung von Arbeitskräften;108,3;2020=100;VST066;Index d.tarifl. Monatsverdienste ohne Sonderzahl.
62221;Vj. Index der Tarifverdienste und Arbeitszeiten;JAHR;Jahr;2022;DINSGF;Früheres Bundesgebiet / Neue Länder;DF;Früheres Bundesgebiet;WZ08C7;WZ2008 (ausgewählte Positionen): Tarifindex;WZ08-78;Vermittlung und Überlassung von Arbeitskräften;100,0;2020=100;VST018;Index der tariflichen Wochenarbeitszeit
62221;Vj. Index der Tarifverdienste und Arbeitszeiten;JAHR;Jahr;2022;DINSGF;Früheres Bundesgebiet / Neue Länder;DF;Früheres Bundesgebiet;WZ08C7;WZ2008 (ausgewählte Positionen): Tarifindex;WZ08-78;Vermittlung und Überlassung von Arbeitskräften;108,3;2020=100;VST065;Index d.tarifl. Stundenverdienste ohne Sonderzahl.
62221;Vj. Index der Tarifverdienste und Arbeitszeiten;JAHR;Jahr;2017;DINSGF;Früheres Bundesgebiet / Neue Länder;DF;Früheres Bundesgebiet;WZ08C7;WZ2008 (ausgewählte Positionen): Tarifindex;WZ08-26;H.v. DV-Geräten, elektron. u. opt. Erzeugnissen;92,9;2020=100;VST072;Index d.tarifl. Stundenverdienste mit Sonderzahl.
62221;Vj. Index der Tarifverdienste und Arbeitszeiten;JAHR;Jahr;2017;DINSGF;Früheres Bundesgebiet / Neue Länder;DF;Früheres Bundesgebiet;WZ08C7;WZ2008 (ausgewählte Positionen): Tarifindex;WZ08-26;H.v. DV-Geräten, elektron. u. opt. Erzeugnissen;92,9;2020=100;VST073;Index d.tarifl. Monatsverdienste mit Sonderzahl.
62221;Vj. Index der Tarifverdienste und Arbeitszeiten;JAHR;Jahr;2017;DINSGF;Früheres Bundesgebiet / Neue Länder;DF;Früheres Bundesgebiet;WZ08C7;WZ2008 (ausgewählte Positionen): Tarifindex;WZ08-26;H.v. DV-Geräten, elektron. u. opt. Erzeugnissen;35,2;h;VST019;Durchschnittliche tarifliche Wochenarbeitszeit
62221;Vj. Index der Tarifverdienste und Arbeitszeiten;JAHR;Jahr;2017;DINSGF;Früheres Bundesgebiet / Neue Länder;DF;Früheres Bundesgebiet;WZ08C7;WZ2008 (ausgewählte Positionen): Tarifindex;WZ08-26;H.v. DV-Geräten, elektron. u. opt. Erzeugnissen;95,4;2020=100;VST066;Index d.tarifl. Monatsverdienste ohne Sonderzahl.
62221;Vj. Index der Tarifverdienste und Arbeitszeiten;JAHR;Jahr;2017;DINSGF;Früheres Bundesgebiet / Neue Länder;DF;Früheres Bundesgebiet;WZ08C7;WZ2008 (ausgewählte Positionen): Tarifindex;WZ08-26;H.v. DV-Geräten, elektron. u. opt. Erzeugnissen;100,0;2020=100;VST018;Index der tariflichen Wochenarbeitszeit
62221;Vj. Index der Tarifverdienste und Arbeitszeiten;JAHR;Jahr;2017;DINSGF;Früheres Bundesgebiet / Neue Länder;DF;Früheres Bundesgebiet;WZ08C7;WZ2008 (ausgewählte Positionen): Tarifindex;WZ08-26;H.v. DV-Geräten, elektron. u. opt. Erzeugnissen;95,4;2020=100;VST065;Index d.tarifl. Stundenverdienste ohne Sonderzahl.
62221;Vj. Index der Tarifverdienste und Arbeitszeiten;JAHR;Jahr;2022;DINSGF;Früheres Bundesgebiet / Neue Länder;DN;Neue Länder;WZ08C7;WZ2008 (ausgewählte Positionen): Tarifindex;WZ-X001;Vorleistungsgüterproduzenten;104,3;2020=100;VST072;Index d.tarifl. Stundenverdienste mit Sonderzahl.
62221;Vj. Index der Tarifverdienste und Arbeitszeiten;JAHR;Jahr;2022;DINSGF;Früheres Bundesgebiet / Neue Länder;DN;Neue Länder;WZ08C7;WZ2008 (ausgewählte Positionen): Tarifindex;WZ-X001;Vorleistungsgüterproduzenten;103,9;2020=100;VST073;Index d.tarifl. Monatsverdienste mit Sonderzahl.
62221;Vj. Index der Tarifverdienste und Arbeitszeiten;JAHR;Jahr;2022;DINSGF;Früheres Bundesgebiet / Neue Länder;DN;Neue Länder;WZ08C7;WZ2008 (ausgewählte Positionen): Tarifindex;WZ-X001;Vorleistungsgüterproduzenten;38,2;h;VST019;Durchschnittliche tarifliche Wochenarbeitszeit
62221;Vj. Index der Tarifverdienste und Arbeitszeiten;JAHR;Jahr;2022;DINSGF;Früheres Bundesgebiet / Neue Länder;DN;Neue Länder;WZ08C7;WZ2008 (ausgewählte Positionen): Tarifindex;WZ-X001;Vorleistungsgüterproduzenten;102,6;2020=100;VST066;Index d.tarifl. Monatsverdienste ohne Sonderzahl.
62221;Vj. Index der Tarifverdienste und Arbeitszeiten;JAHR;Jahr;2022;DINSGF;Früheres Bundesgebiet / Neue Länder;DN;Neue Länder;WZ08C7;WZ2008 (ausgewählte Positionen): Tarifindex;WZ-X001;Vorleistungsgüterproduzenten;99,7;2020=100;VST018;Index der tariflichen Wochenarbeitszeit
62221;Vj. Index der Tarifverdienste und Arbeitszeiten;JAHR;Jahr;2022;DINSGF;Früheres Bundesgebiet / Neue Länder;DN;Neue Länder;WZ08C7;WZ2008 (ausgewählte Positionen): Tarifindex;WZ-X001;Vorleistungsgüterproduzenten;103,0;2020=100;VST065;Index d.tarifl. Stundenverdienste ohne Sonderzahl.
62221;Vj. Index der Tarifverdienste und Arbeitszeiten;JAHR;Jahr;2022;DINSGF;Früheres Bundesgebiet / Neue Länder;DF;Früheres Bundesgebiet;WZ08C7;WZ2008 (ausgewählte Positionen): Tarifindex;WZ08-72;Forschung und Entwicklung;102,9;2020=100;VST072;Index d.tarifl. Stundenverdienste mit Sonderzahl.
62221;Vj. Index der Tarifverdienste und Arbeitszeiten;JAHR;Jahr;2022;DINSGF;Früheres Bundesgebiet / Neue Länder;DF;Früheres Bundesgebiet;WZ08C7;WZ2008 (ausgewählte Positionen): Tarifindex;WZ08-72;Forschung und Entwicklung;102,9;2020=100;VST073;Index d.tarifl. Monatsverdienste mit Sonderzahl.
62221;Vj. Index der Tarifverdienste und Arbeitszeiten;JAHR;Jahr;2022;DINSGF;Früheres Bundesgebiet / Neue Länder;DF;Früheres Bundesgebiet;WZ08C7;WZ2008 (ausgewählte Positionen): Tarifindex;WZ08-72;Forschung und Entwicklung;38,9;h;VST019;Durchschnittliche tarifliche Wochenarbeitszeit
62221;Vj. Index der Tarifverdienste und Arbeitszeiten;JAHR;Jahr;2022;DINSGF;Früheres Bundesgebiet / Neue Länder;DF;Früheres Bundesgebiet;WZ08C7;WZ2008 (ausgewählte Positionen): Tarifindex;WZ08-72;Forschung und Entwicklung;102,4;2020=100;VST066;Index d.tarifl. Monatsverdienste ohne Sonderzahl.
62221;Vj. Index der Tarifverdienste und Arbeitszeiten;JAHR;Jahr;2022;DINSGF;Früheres Bundesgebiet / Neue Länder;DF;Früheres Bundesgebiet;WZ08C7;WZ2008 (ausgewählte Positionen): Tarifindex;WZ08-72;Forschung und Entwicklung;100,0;2020=100;VST018;Index der tariflichen Wochenarbeitszeit
62221;Vj. Index der Tarifverdienste und Arbeitszeiten;JAHR;Jahr;2022;DINSGF;Früheres Bundesgebiet / Neue Länder;DF;Früheres Bundesgebiet;WZ08C7;WZ2008 (ausgewählte Positionen): Tarifindex;WZ08-72;Forschung und Entwicklung;102,4;2020=100;VST065;Index d.tarifl. Stundenverdienste ohne Sonderzahl.
62221;Vj. Index der Tarifverdienste und Arbeitszeiten;JAHR;Jahr;2018;DINSGF;Früheres Bundesgebiet / Neue Länder;DF;Früheres Bundesgebiet;WZ08C7;WZ2008 (ausgewählte Positionen): Tarifindex;WZ08-32;Herstellung von sonstigen Waren;95,8;2020=100;VST072;Index d.tarifl. Stundenverdienste mit Sonderzahl.
62221;Vj. Index der Tarifverdienste und Arbeitszeiten;JAHR;Jahr;2018;DINSGF;Früheres Bundesgebiet / Neue Länder;DF;Früheres Bundesgebiet;WZ08C7;WZ2008 (ausgewählte Positionen): Tarifindex;WZ08-32;Herstellung von sonstigen Waren;95,8;2020=100;VST073;Index d.tarifl. Monatsverdienste mit Sonderzahl.
62221;Vj. Index der Tarifverdienste und Arbeitszeiten;JAHR;Jahr;2018;DINSGF;Früheres Bundesgebiet / Neue Länder;DF;Früheres Bundesgebiet;WZ08C7;WZ2008 (ausgewählte Positionen): Tarifindex;WZ08-32;Herstellung von sonstigen Waren;36,5;h;VST019;Durchschnittliche tarifliche Wochenarbeitszeit
62221;Vj. Index der Tarifverdienste und Arbeitszeiten;JAHR;Jahr;2018;DINSGF;Früheres Bundesgebiet / Neue Länder;DF;Früheres Bundesgebiet;WZ08C7;WZ2008 (ausgewählte Positionen): Tarifindex;WZ08-32;Herstellung von sonstigen Waren;97,4;2020=100;VST066;Index d.tarifl. Monatsverdienste ohne Sonderzahl.
62221;Vj. Index der Tarifverdienste und Arbeitszeiten;JAHR;Jahr;2018;DINSGF;Früheres Bundesgebiet / Neue Länder;DF;Früheres Bundesgebiet;WZ08C7;WZ2008 (ausgewählte Positionen): Tarifindex;WZ08-32;Herstellung von sonstigen Waren;100,0;2020=100;VST018;Index der tariflichen Wochenarbeitszeit
62221;Vj. Index der Tarifverdienste und Arbeitszeiten;JAHR;Jahr;2018;DINSGF;Früheres Bundesgebiet / Neue Länder;DF;Früheres Bundesgebiet;WZ08C7;WZ2008 (ausgewählte Positionen): Tarifindex;WZ08-32;Herstellung von sonstigen Waren;97,4;2020=100;VST065;Index d.tarifl. Stundenverdienste ohne Sonderzahl.
62221;Vj. Index der Tarifverdienste und Arbeitszeiten;JAHR;Jahr;2016;DINSGF;Früheres Bundesgebiet / Neue Länder;DN;Neue Länder;WZ08C7;WZ2008 (ausgewählte Positionen): Tarifindex;WZ08-96;Sonstige überwiegend persönliche Dienstleistungen;91,4;2020=100;VST072;Index d.tarifl. Stundenverdienste mit Sonderzahl.
62221;Vj. Index der Tarifverdienste und Arbeitszeiten;JAHR;Jahr;2016;DINSGF;Früheres Bundesgebiet / Neue Länder;DN;Neue Länder;WZ08C7;WZ2008 (ausgewählte Positionen): Tarifindex;WZ08-96;Sonstige überwiegend persönliche Dienstleistungen;91,3;2020=100;VST073;Index d.tarifl. Monatsverdienste mit Sonderzahl.
62221;Vj. Index der Tarifverdienste und Arbeitszeiten;JAHR;Jahr;2016;DINSGF;Früheres Bundesgebiet / Neue Länder;DN;Neue Länder;WZ08C7;WZ2008 (ausgewählte Positionen): Tarifindex;WZ08-96;Sonstige überwiegend persönliche Dienstleistungen;38,3;h;VST019;Durchschnittliche tarifliche Wochenarbeitszeit
62221;Vj. Index der Tarifverdienste und Arbeitszeiten;JAHR;Jahr;2016;DINSGF;Früheres Bundesgebiet / Neue Länder;DN;Neue Länder;WZ08C7;WZ2008 (ausgewählte Positionen): Tarifindex;WZ08-96;Sonstige überwiegend persönliche Dienstleistungen;91,2;2020=100;VST066;Index d.tarifl. Monatsverdienste ohne Sonderzahl.
62221;Vj. Index der Tarifverdienste und Arbeitszeiten;JAHR;Jahr;2016;DINSGF;Früheres Bundesgebiet / Neue Länder;DN;Neue Länder;WZ08C7;WZ2008 (ausgewählte Positionen): Tarifindex;WZ08-96;Sonstige überwiegend persönliche Dienstleistungen;100,0;2020=100;VST018;Index der tariflichen Wochenarbeitszeit
62221;Vj. Index der Tarifverdienste und Arbeitszeiten;JAHR;Jahr;2016;DINSGF;Früheres Bundesgebiet / Neue Länder;DN;Neue Länder;WZ08C7;WZ2008 (ausgewählte Positionen): Tarifindex;WZ08-96;Sonstige überwiegend persönliche Dienstleistungen;91,2;2020=100;VST065;Index d.tarifl. Stundenverdienste ohne Sonderzahl.
62221;Vj. Index der Tarifverdienste und Arbeitszeiten;JAHR;Jahr;2022;DINSGF;Früheres Bundesgebiet / Neue Länder;DF;Früheres Bundesgebiet;WZ08C7;WZ2008 (ausgewählte Positionen): Tarifindex;WZ08-30;Sonstiger Fahrzeugbau;101,4;2020=100;VST072;Index d.tarifl. Stundenverdienste mit Sonderzahl.
62221;Vj. Index der Tarifverdienste und Arbeitszeiten;JAHR;Jahr;2022;DINSGF;Früheres Bundesgebiet / Neue Länder;DF;Früheres Bundesgebiet;WZ08C7;WZ2008 (ausgewählte Positionen): Tarifindex;WZ08-30;Sonstiger Fahrzeugbau;101,4;2020=100;VST073;Index d.tarifl. Monatsverdienste mit Sonderzahl.
62221;Vj. Index der Tarifverdienste und Arbeitszeiten;JAHR;Jahr;2022;DINSGF;Früheres Bundesgebiet / Neue Länder;DF;Früheres Bundesgebiet;WZ08C7;WZ2008 (ausgewählte Positionen): Tarifindex;WZ08-30;Sonstiger Fahrzeugbau;35,1;h;VST019;Durchschnittliche tarifliche Wochenarbeitszeit
62221;Vj. Index der Tarifverdienste und Arbeitszeiten;JAHR;Jahr;2022;DINSGF;Früheres Bundesgebiet / Neue Länder;DF;Früheres Bundesgebiet;WZ08C7;WZ2008 (ausgewählte Positionen): Tarifindex;WZ08-30;Sonstiger Fahrzeugbau;100,1;2020=100;VST066;Index d.tarifl. Monatsverdienste ohne Sonderzahl.
62221;Vj. Index der Tarifverdienste und Arbeitszeiten;JAHR;Jahr;2022;DINSGF;Früheres Bundesgebiet / Neue Länder;DF;Früheres Bundesgebiet;WZ08C7;WZ2008 (ausgewählte Positionen): Tarifindex;WZ08-30;Sonstiger Fahrzeugbau;100,0;2020=100;VST018;Index der tariflichen Wochenarbeitszeit
62221;Vj. Index der Tarifverdienste und Arbeitszeiten;JAHR;Jahr;2022;DINSGF;Früheres Bundesgebiet / Neue Länder;DF;Früheres Bundesgebiet;WZ08C7;WZ2008 (ausgewählte Positionen): Tarifindex;WZ08-30;Sonstiger Fahrzeugbau;100,1;2020=100;VST065;Index d.tarifl. Stundenverdienste ohne Sonderzahl.
62221;Vj. Index der Tarifverdienste und Arbeitszeiten;JAHR;Jahr;2018;DINSGF;Früheres Bundesgebiet / Neue Länder;DF;Früheres Bundesgebiet;WZ08C7;WZ2008 (ausgewählte Positionen): Tarifindex;WZ08-B-12;Prod. Gewerbe, Handel, Verkehr und Lagerei;95,9;2020=100;VST072;Index d.tarifl. Stundenverdienste mit Sonderzahl.
62221;Vj. Index der Tarifverdienste und Arbeitszeiten;JAHR;Jahr;2018;DINSGF;Früheres Bundesgebiet / Neue Länder;DF;Früheres Bundesgebiet;WZ08C7;WZ2008 (ausgewählte Positionen): Tarifindex;WZ08-B-12;Prod. Gewerbe, Handel, Verkehr und Lagerei;95,9;2020=100;VST073;Index d.tarifl. Monatsverdienste mit Sonderzahl.
62221;Vj. Index der Tarifverdienste und Arbeitszeiten;JAHR;Jahr;2018;DINSGF;Früheres Bundesgebiet / Neue Länder;DF;Früheres Bundesgebiet;WZ08C7;WZ2008 (ausgewählte Positionen): Tarifindex;WZ08-B-12;Prod. Gewerbe, Handel, Verkehr und Lagerei;37,1;h;VST019;Durchschnittliche tarifliche Wochenarbeitszeit
62221;Vj. Index der Tarifverdienste und Arbeitszeiten;JAHR;Jahr;2018;DINSGF;Früheres Bundesgebiet / Neue Länder;DF;Früheres Bundesgebiet;WZ08C7;WZ2008 (ausgewählte Positionen): Tarifindex;WZ08-B-12;Prod. Gewerbe, Handel, Verkehr und Lagerei;96,9;2020=100;VST066;Index d.tarifl. Monatsverdienste ohne Sonderzahl.
62221;Vj. Index der Tarifverdienste und Arbeitszeiten;JAHR;Jahr;2018;DINSGF;Früheres Bundesgebiet / Neue Länder;DF;Früheres Bundesgebiet;WZ08C7;WZ2008 (ausgewählte Positionen): Tarifindex;WZ08-B-12;Prod. Gewerbe, Handel, Verkehr und Lagerei;100,0;2020=100;VST018;Index der tariflichen Wochenarbeitszeit
62221;Vj. Index der Tarifverdienste und Arbeitszeiten;JAHR;Jahr;2018;DINSGF;Früheres Bundesgebiet / Neue Länder;DF;Früheres Bundesgebiet;WZ08C7;WZ2008 (ausgewählte Positionen): Tarifindex;WZ08-B-12;Prod. Gewerbe, Handel, Verkehr und Lagerei;96,9;2020=100;VST065;Index d.tarifl. Stundenverdienste ohne Sonderzahl.
62221;Vj. Index der Tarifverdienste und Arbeitszeiten;JAHR;Jahr;2020;DINSGF;Früheres Bundesgebiet / Neue Länder;DN;Neue Länder;WZ08C7;WZ2008 (ausgewählte Positionen): Tarifindex;WZ08-29-01;Fahrzeugbau;100,0;2020=100;VST072;Index d.tarifl. Stundenverdienste mit Sonderzahl.
62221;Vj. Index der Tarifverdienste und Arbeitszeiten;JAHR;Jahr;2020;DINSGF;Früheres Bundesgebiet / Neue Länder;DN;Neue Länder;WZ08C7;WZ2008 (ausgewählte Positionen): Tarifindex;WZ08-29-01;Fahrzeugbau;100,0;2020=100;VST073;Index d.tarifl. Monatsverdienste mit Sonderzahl.
62221;Vj. Index der Tarifverdienste und Arbeitszeiten;JAHR;Jahr;2020;DINSGF;Früheres Bundesgebiet / Neue Länder;DN;Neue Länder;WZ08C7;WZ2008 (ausgewählte Positionen): Tarifindex;WZ08-29-01;Fahrzeugbau;38,1;h;VST019;Durchschnittliche tarifliche Wochenarbeitszeit
62221;Vj. Index der Tarifverdienste und Arbeitszeiten;JAHR;Jahr;2020;DINSGF;Früheres Bundesgebiet / Neue Länder;DN;Neue Länder;WZ08C7;WZ2008 (ausgewählte Positionen): Tarifindex;WZ08-29-01;Fahrzeugbau;100,0;2020=100;VST066;Index d.tarifl. Monatsverdienste ohne Sonderzahl.
62221;Vj. Index der Tarifverdienste und Arbeitszeiten;JAHR;Jahr;2020;DINSGF;Früheres Bundesgebiet / Neue Länder;DN;Neue Länder;WZ08C7;WZ2008 (ausgewählte Positionen): Tarifindex;WZ08-29-01;Fahrzeugbau;100,0;2020=100;VST018;Index der tariflichen Wochenarbeitszeit
62221;Vj. Index der Tarifverdienste und Arbeitszeiten;JAHR;Jahr;2020;DINSGF;Früheres Bundesgebiet / Neue Länder;DN;Neue Länder;WZ08C7;WZ2008 (ausgewählte Positionen): Tarifindex;WZ08-29-01;Fahrzeugbau;100,0;2020=100;VST065;Index d.tarifl. Stundenverdienste ohne Sonderzahl.
62221;Vj. Index der Tarifverdienste und Arbeitszeiten;JAHR;Jahr;2020;DINSGF;Früheres Bundesgebiet / Neue Länder;DF;Früheres Bundesgebiet;WZ08C7;WZ2008 (ausgewählte Positionen): Tarifindex;WZ08-31-01;Möbelherstellung, Installation von Maschinen;100,0;2020=100;VST072;Index d.tarifl. Stundenverdienste mit Sonderzahl.
62221;Vj. Index der Tarifverdienste und Arbeitszeiten;JAHR;Jahr;2020;DINSGF;Früheres Bundesgebiet / Neue Länder;DF;Früheres Bundesgebiet;WZ08C7;WZ2008 (ausgewählte Positionen): Tarifindex;WZ08-31-01;Möbelherstellung, Installation von Maschinen;100,0;2020=100;VST073;Index d.tarifl. Monatsverdienste mit Sonderzahl.
62221;Vj. Index der Tarifverdienste und Arbeitszeiten;JAHR;Jahr;2020;DINSGF;Früheres Bundesgebiet / Neue Länder;DF;Früheres Bundesgebiet;WZ08C7;WZ2008 (ausgewählte Positionen): Tarifindex;WZ08-31-01;Möbelherstellung, Installation von Maschinen;36,5;h;VST019;Durchschnittliche tarifliche Wochenarbeitszeit
62221;Vj. Index der Tarifverdienste und Arbeitszeiten;JAHR;Jahr;2020;DINSGF;Früheres Bundesgebiet / Neue Länder;DF;Früheres Bundesgebiet;WZ08C7;WZ2008 (ausgewählte Positionen): Tarifindex;WZ08-31-01;Möbelherstellung, Installation von Maschinen;100,0;2020=100;VST066;Index d.tarifl. Monatsverdienste ohne Sonderzahl.
62221;Vj. Index der Tarifverdienste und Arbeitszeiten;JAHR;Jahr;2020;DINSGF;Früheres Bundesgebiet / Neue Länder;DF;Früheres Bundesgebiet;WZ08C7;WZ2008 (ausgewählte Positionen): Tarifindex;WZ08-31-01;Möbelherstellung, Installation von Maschinen;100,0;2020=100;VST018;Index der tariflichen Wochenarbeitszeit
62221;Vj. Index der Tarifverdienste und Arbeitszeiten;JAHR;Jahr;2020;DINSGF;Früheres Bundesgebiet / Neue Länder;DF;Früheres Bundesgebiet;WZ08C7;WZ2008 (ausgewählte Positionen): Tarifindex;WZ08-31-01;Möbelherstellung, Installation von Maschinen;100,0;2020=100;VST065;Index d.tarifl. Stundenverdienste ohne Sonderzahl.
62221;Vj. Index der Tarifverdienste und Arbeitszeiten;JAHR;Jahr;2025;DINSGF;Früheres Bundesgebiet / Neue Länder;DN;Neue Länder;WZ08C7;WZ2008 (ausgewählte Positionen): Tarifindex;WZ08-63;Informationsdienstleistungen;115,9;2020=100;VST072;Index d.tarifl. Stundenverdienste mit Sonderzahl.
62221;Vj. Index der Tarifverdienste und Arbeitszeiten;JAHR;Jahr;2025;DINSGF;Früheres Bundesgebiet / Neue Länder;DN;Neue Länder;WZ08C7;WZ2008 (ausgewählte Positionen): Tarifindex;WZ08-63;Informationsdienstleistungen;115,9;2020=100;VST073;Index d.tarifl. Monatsverdienste mit Sonderzahl.
62221;Vj. Index der Tarifverdienste und Arbeitszeiten;JAHR;Jahr;2025;DINSGF;Früheres Bundesgebiet / Neue Länder;DN;Neue Länder;WZ08C7;WZ2008 (ausgewählte Positionen): Tarifindex;WZ08-63;Informationsdienstleistungen;38,2;h;VST019;Durchschnittliche tarifliche Wochenarbeitszeit
62221;Vj. Index der Tarifverdienste und Arbeitszeiten;JAHR;Jahr;2025;DINSGF;Früheres Bundesgebiet / Neue Länder;DN;Neue Länder;WZ08C7;WZ2008 (ausgewählte Positionen): Tarifindex;WZ08-63;Informationsdienstleistungen;116,0;2020=100;VST066;Index d.tarifl. Monatsverdienste ohne Sonderzahl.
62221;Vj. Index der Tarifverdienste und Arbeitszeiten;JAHR;Jahr;2025;DINSGF;Früheres Bundesgebiet / Neue Länder;DN;Neue Länder;WZ08C7;WZ2008 (ausgewählte Positionen): Tarifindex;WZ08-63;Informationsdienstleistungen;100,0;2020=100;VST018;Index der tariflichen Wochenarbeitszeit
62221;Vj. Index der Tarifverdienste und Arbeitszeiten;JAHR;Jahr;2025;DINSGF;Früheres Bundesgebiet / Neue Länder;DN;Neue Länder;WZ08C7;WZ2008 (ausgewählte Positionen): Tarifindex;WZ08-63;Informationsdienstleistungen;116,0;2020=100;VST065;Index d.tarifl. Stundenverdienste ohne Sonderzahl.
62221;Vj. Index der Tarifverdienste und Arbeitszeiten;JAHR;Jahr;2025;DINSGF;Früheres Bundesgebiet / Neue Länder;DN;Neue Länder;WZ08C7;WZ2008 (ausgewählte Positionen): Tarifindex;WZ08-08-01;Gewinnung v. Steinen u. Erden, sonst. Bergbau, DL;118,3;2020=100;VST072;Index d.tarifl. Stundenverdienste mit Sonderzahl.
62221;Vj. Index der Tarifverdienste und Arbeitszeiten;JAHR;Jahr;2025;DINSGF;Früheres Bundesgebiet / Neue Länder;DN;Neue Länder;WZ08C7;WZ2008 (ausgewählte Positionen): Tarifindex;WZ08-08-01;Gewinnung v. Steinen u. Erden, sonst. Bergbau, DL;118,1;2020=100;VST073;Index d.tarifl. Monatsverdienste mit Sonderzahl.
62221;Vj. Index der Tarifverdienste und Arbeitszeiten;JAHR;Jahr;2025;DINSGF;Früheres Bundesgebiet / Neue Länder;DN;Neue Länder;WZ08C7;WZ2008 (ausgewählte Positionen): Tarifindex;WZ08-08-01;Gewinnung v. Steinen u. Erden, sonst. Bergbau, DL;39,4;h;VST019;Durchschnittliche tarifliche Wochenarbeitszeit
62221;Vj. Index der Tarifverdienste und Arbeitszeiten;JAHR;Jahr;2025;DINSGF;Früheres Bundesgebiet / Neue Länder;DN;Neue Länder;WZ08C7;WZ2008 (ausgewählte Positionen): Tarifindex;WZ08-08-01;Gewinnung v. Steinen u. Erden, sonst. Bergbau, DL;117,4;2020=100;VST066;Index d.tarifl. Monatsverdienste ohne Sonderzahl.
62221;Vj. Index der Tarifverdienste und Arbeitszeiten;JAHR;Jahr;2025;DINSGF;Früheres Bundesgebiet / Neue Länder;DN;Neue Länder;WZ08C7;WZ2008 (ausgewählte Positionen): Tarifindex;WZ08-08-01;Gewinnung v. Steinen u. Erden, sonst. Bergbau, DL;99,9;2020=100;VST018;Index der tariflichen Wochenarbeitszeit
62221;Vj. Index der Tarifverdienste und Arbeitszeiten;JAHR;Jahr;2025;DINSGF;Früheres Bundesgebiet / Neue Länder;DN;Neue Länder;WZ08C7;WZ2008 (ausgewählte Positionen): Tarifindex;WZ08-08-01;Gewinnung v. Steinen u. Erden, sonst. Bergbau, DL;117,6;2020=100;VST065;Index d.tarifl. Stundenverdienste ohne Sonderzahl.
62221;Vj. Index der Tarifverdienste und Arbeitszeiten;JAHR;Jahr;2023;DINSGF;Früheres Bundesgebiet / Neue Länder;DF;Früheres Bundesgebiet;WZ08C7;WZ2008 (ausgewählte Positionen): Tarifindex;WZ08-33;Reparatur u.Installation von Masch.u.Ausrüstungen;108,0;2020=100;VST072;Index d.tarifl. Stundenverdienste mit Sonderzahl.
62221;Vj. Index der Tarifverdienste und Arbeitszeiten;JAHR;Jahr;2023;DINSGF;Früheres Bundesgebiet / Neue Länder;DF;Früheres Bundesgebiet;WZ08C7;WZ2008 (ausgewählte Positionen): Tarifindex;WZ08-33;Reparatur u.Installation von Masch.u.Ausrüstungen;108,0;2020=100;VST073;Index d.tarifl. Monatsverdienste mit Sonderzahl.
62221;Vj. Index der Tarifverdienste und Arbeitszeiten;JAHR;Jahr;2023;DINSGF;Früheres Bundesgebiet / Neue Länder;DF;Früheres Bundesgebiet;WZ08C7;WZ2008 (ausgewählte Positionen): Tarifindex;WZ08-33;Reparatur u.Installation von Masch.u.Ausrüstungen;36,7;h;VST019;Durchschnittliche tarifliche Wochenarbeitszeit
62221;Vj. Index der Tarifverdienste und Arbeitszeiten;JAHR;Jahr;2023;DINSGF;Früheres Bundesgebiet / Neue Länder;DF;Früheres Bundesgebiet;WZ08C7;WZ2008 (ausgewählte Positionen): Tarifindex;WZ08-33;Reparatur u.Installation von Masch.u.Ausrüstungen;104,4;2020=100;VST066;Index d.tarifl. Monatsverdienste ohne Sonderzahl.
62221;Vj. Index der Tarifverdienste und Arbeitszeiten;JAHR;Jahr;2023;DINSGF;Früheres Bundesgebiet / Neue Länder;DF;Früheres Bundesgebiet;WZ08C7;WZ2008 (ausgewählte Positionen): Tarifindex;WZ08-33;Reparatur u.Installation von Masch.u.Ausrüstungen;100,0;2020=100;VST018;Index der tariflichen Wochenarbeitszeit
62221;Vj. Index der Tarifverdienste und Arbeitszeiten;JAHR;Jahr;2023;DINSGF;Früheres Bundesgebiet / Neue Länder;DF;Früheres Bundesgebiet;WZ08C7;WZ2008 (ausgewählte Positionen): Tarifindex;WZ08-33;Reparatur u.Installation von Masch.u.Ausrüstungen;104,4;2020=100;VST065;Index d.tarifl. Stundenverdienste ohne Sonderzahl.
62221;Vj. Index der Tarifverdienste und Arbeitszeiten;JAHR;Jahr;2020;DINSGF;Früheres Bundesgebiet / Neue Länder;DN;Neue Länder;WZ08C7;WZ2008 (ausgewählte Positionen): Tarifindex;WZ08-43;Vorb.Baustellenarbeiten, Bauinstall., sonst.Ausbau;100,0;2020=100;VST072;Index d.tarifl. Stundenverdienste mit Sonderzahl.
62221;Vj. Index der Tarifverdienste und Arbeitszeiten;JAHR;Jahr;2020;DINSGF;Früheres Bundesgebiet / Neue Länder;DN;Neue Länder;WZ08C7;WZ2008 (ausgewählte Positionen): Tarifindex;WZ08-43;Vorb.Baustellenarbeiten, Bauinstall., sonst.Ausbau;100,0;2020=100;VST073;Index d.tarifl. Monatsverdienste mit Sonderzahl.
62221;Vj. Index der Tarifverdienste und Arbeitszeiten;JAHR;Jahr;2020;DINSGF;Früheres Bundesgebiet / Neue Länder;DN;Neue Länder;WZ08C7;WZ2008 (ausgewählte Positionen): Tarifindex;WZ08-43;Vorb.Baustellenarbeiten, Bauinstall., sonst.Ausbau;39,5;h;VST019;Durchschnittliche tarifliche Wochenarbeitszeit
62221;Vj. Index der Tarifverdienste und Arbeitszeiten;JAHR;Jahr;2020;DINSGF;Früheres Bundesgebiet / Neue Länder;DN;Neue Länder;WZ08C7;WZ2008 (ausgewählte Positionen): Tarifindex;WZ08-43;Vorb.Baustellenarbeiten, Bauinstall., sonst.Ausbau;100,0;2020=100;VST066;Index d.tarifl. Monatsverdienste ohne Sonderzahl.
62221;Vj. Index der Tarifverdienste und Arbeitszeiten;JAHR;Jahr;2020;DINSGF;Früheres Bundesgebiet / Neue Länder;DN;Neue Länder;WZ08C7;WZ2008 (ausgewählte Positionen): Tarifindex;WZ08-43;Vorb.Baustellenarbeiten, Bauinstall., sonst.Ausbau;100,0;2020=100;VST018;Index der tariflichen Wochenarbeitszeit
62221;Vj. Index der Tarifverdienste und Arbeitszeiten;JAHR;Jahr;2020;DINSGF;Früheres Bundesgebiet / Neue Länder;DN;Neue Länder;WZ08C7;WZ2008 (ausgewählte Positionen): Tarifindex;WZ08-43;Vorb.Baustellenarbeiten, Bauinstall., sonst.Ausbau;100,0;2020=100;VST065;Index d.tarifl. Stundenverdienste ohne Sonderzahl.
62221;Vj. Index der Tarifverdienste und Arbeitszeiten;JAHR;Jahr;2025;DINSGF;Früheres Bundesgebiet / Neue Länder;DN;Neue Länder;WZ08C7;WZ2008 (ausgewählte Positionen): Tarifindex;WZ08-21;Herstellung von pharmazeutischen Erzeugnissen;118,2;2020=100;VST072;Index d.tarifl. Stundenverdienste mit Sonderzahl.
62221;Vj. Index der Tarifverdienste und Arbeitszeiten;JAHR;Jahr;2025;DINSGF;Früheres Bundesgebiet / Neue Länder;DN;Neue Länder;WZ08C7;WZ2008 (ausgewählte Positionen): Tarifindex;WZ08-21;Herstellung von pharmazeutischen Erzeugnissen;115,4;2020=100;VST073;Index d.tarifl. Monatsverdienste mit Sonderzahl.
62221;Vj. Index der Tarifverdienste und Arbeitszeiten;JAHR;Jahr;2025;DINSGF;Früheres Bundesgebiet / Neue Länder;DN;Neue Länder;WZ08C7;WZ2008 (ausgewählte Positionen): Tarifindex;WZ08-21;Herstellung von pharmazeutischen Erzeugnissen;38,5;h;VST019;Durchschnittliche tarifliche Wochenarbeitszeit
62221;Vj. Index der Tarifverdienste und Arbeitszeiten;JAHR;Jahr;2025;DINSGF;Früheres Bundesgebiet / Neue Länder;DN;Neue Länder;WZ08C7;WZ2008 (ausgewählte Positionen): Tarifindex;WZ08-21;Herstellung von pharmazeutischen Erzeugnissen;114,5;2020=100;VST066;Index d.tarifl. Monatsverdienste ohne Sonderzahl.
62221;Vj. Index der Tarifverdienste und Arbeitszeiten;JAHR;Jahr;2025;DINSGF;Früheres Bundesgebiet / Neue Länder;DN;Neue Länder;WZ08C7;WZ2008 (ausgewählte Positionen): Tarifindex;WZ08-21;Herstellung von pharmazeutischen Erzeugnissen;97,6;2020=100;VST018;Index der tariflichen Wochenarbeitszeit
62221;Vj. Index der Tarifverdienste und Arbeitszeiten;JAHR;Jahr;2025;DINSGF;Früheres Bundesgebiet / Neue Länder;DN;Neue Länder;WZ08C7;WZ2008 (ausgewählte Positionen): Tarifindex;WZ08-21;Herstellung von pharmazeutischen Erzeugnissen;117,2;2020=100;VST065;Index d.tarifl. Stundenverdienste ohne Sonderzahl.
62221;Vj. Index der Tarifverdienste und Arbeitszeiten;JAHR;Jahr;2016;DINSGF;Früheres Bundesgebiet / Neue Länder;DN;Neue Länder;WZ08C7;WZ2008 (ausgewählte Positionen): Tarifindex;WZ08-10-02;Ernährungsgewerbe;90,2;2020=100;VST072;Index d.tarifl. Stundenverdienste mit Sonderzahl.
62221;Vj. Index der Tarifverdienste und Arbeitszeiten;JAHR;Jahr;2016;DINSGF;Früheres Bundesgebiet / Neue Länder;DN;Neue Länder;WZ08C7;WZ2008 (ausgewählte Positionen): Tarifindex;WZ08-10-02;Ernährungsgewerbe;90,2;2020=100;VST073;Index d.tarifl. Monatsverdienste mit Sonderzahl.
62221;Vj. Index der Tarifverdienste und Arbeitszeiten;JAHR;Jahr;2016;DINSGF;Früheres Bundesgebiet / Neue Länder;DN;Neue Länder;WZ08C7;WZ2008 (ausgewählte Positionen): Tarifindex;WZ08-10-02;Ernährungsgewerbe;38,7;h;VST019;Durchschnittliche tarifliche Wochenarbeitszeit
62221;Vj. Index der Tarifverdienste und Arbeitszeiten;JAHR;Jahr;2016;DINSGF;Früheres Bundesgebiet / Neue Länder;DN;Neue Länder;WZ08C7;WZ2008 (ausgewählte Positionen): Tarifindex;WZ08-10-02;Ernährungsgewerbe;90,4;2020=100;VST066;Index d.tarifl. Monatsverdienste ohne Sonderzahl.
62221;Vj. Index der Tarifverdienste und Arbeitszeiten;JAHR;Jahr;2016;DINSGF;Früheres Bundesgebiet / Neue Länder;DN;Neue Länder;WZ08C7;WZ2008 (ausgewählte Positionen): Tarifindex;WZ08-10-02;Ernährungsgewerbe;100,0;2020=100;VST018;Index der tariflichen Wochenarbeitszeit
62221;Vj. Index der Tarifverdienste und Arbeitszeiten;JAHR;Jahr;2016;DINSGF;Früheres Bundesgebiet / Neue Länder;DN;Neue Länder;WZ08C7;WZ2008 (ausgewählte Positionen): Tarifindex;WZ08-10-02;Ernährungsgewerbe;90,4;2020=100;VST065;Index d.tarifl. Stundenverdienste ohne Sonderzahl.
62221;Vj. Index der Tarifverdienste und Arbeitszeiten;JAHR;Jahr;2019;DINSGF;Früheres Bundesgebiet / Neue Länder;DN;Neue Länder;WZ08C7;WZ2008 (ausgewählte Positionen): Tarifindex;WZ08-50;Schifffahrt;98,4;2020=100;VST072;Index d.tarifl. Stundenverdienste mit Sonderzahl.
62221;Vj. Index der Tarifverdienste und Arbeitszeiten;JAHR;Jahr;2019;DINSGF;Früheres Bundesgebiet / Neue Länder;DN;Neue Länder;WZ08C7;WZ2008 (ausgewählte Positionen): Tarifindex;WZ08-50;Schifffahrt;98,4;2020=100;VST073;Index d.tarifl. Monatsverdienste mit Sonderzahl.
62221;Vj. Index der Tarifverdienste und Arbeitszeiten;JAHR;Jahr;2019;DINSGF;Früheres Bundesgebiet / Neue Länder;DN;Neue Länder;WZ08C7;WZ2008 (ausgewählte Positionen): Tarifindex;WZ08-50;Schifffahrt;39,1;h;VST019;Durchschnittliche tarifliche Wochenarbeitszeit
62221;Vj. Index der Tarifverdienste und Arbeitszeiten;JAHR;Jahr;2019;DINSGF;Früheres Bundesgebiet / Neue Länder;DN;Neue Länder;WZ08C7;WZ2008 (ausgewählte Positionen): Tarifindex;WZ08-50;Schifffahrt;97,4;2020=100;VST066;Index d.tarifl. Monatsverdienste ohne Sonderzahl.
62221;Vj. Index der Tarifverdienste und Arbeitszeiten;JAHR;Jahr;2019;DINSGF;Früheres Bundesgebiet / Neue Länder;DN;Neue Länder;WZ08C7;WZ2008 (ausgewählte Positionen): Tarifindex;WZ08-50;Schifffahrt;100,0;2020=100;VST018;Index der tariflichen Wochenarbeitszeit
62221;Vj. Index der Tarifverdienste und Arbeitszeiten;JAHR;Jahr;2019;DINSGF;Früheres Bundesgebiet / Neue Länder;DN;Neue Länder;WZ08C7;WZ2008 (ausgewählte Positionen): Tarifindex;WZ08-50;Schifffahrt;97,4;2020=100;VST065;Index d.tarifl. Stundenverdienste ohne Sonderzahl.
62221;Vj. Index der Tarifverdienste und Arbeitszeiten;JAHR;Jahr;2016;DINSGF;Früheres Bundesgebiet / Neue Länder;DN;Neue Länder;WZ08C7;WZ2008 (ausgewählte Positionen): Tarifindex;WZ08-81;Gebäudebetreuung, Garten- und Landschaftsbau;88,5;2020=100;VST072;Index d.tarifl. Stundenverdienste mit Sonderzahl.
62221;Vj. Index der Tarifverdienste und Arbeitszeiten;JAHR;Jahr;2016;DINSGF;Früheres Bundesgebiet / Neue Länder;DN;Neue Länder;WZ08C7;WZ2008 (ausgewählte Positionen): Tarifindex;WZ08-81;Gebäudebetreuung, Garten- und Landschaftsbau;88,5;2020=100;VST073;Index d.tarifl. Monatsverdienste mit Sonderzahl.
62221;Vj. Index der Tarifverdienste und Arbeitszeiten;JAHR;Jahr;2016;DINSGF;Früheres Bundesgebiet / Neue Länder;DN;Neue Länder;WZ08C7;WZ2008 (ausgewählte Positionen): Tarifindex;WZ08-81;Gebäudebetreuung, Garten- und Landschaftsbau;39,0;h;VST019;Durchschnittliche tarifliche Wochenarbeitszeit
62221;Vj. Index der Tarifverdienste und Arbeitszeiten;JAHR;Jahr;2016;DINSGF;Früheres Bundesgebiet / Neue Länder;DN;Neue Länder;WZ08C7;WZ2008 (ausgewählte Positionen): Tarifindex;WZ08-81;Gebäudebetreuung, Garten- und Landschaftsbau;88,2;2020=100;VST066;Index d.tarifl. Monatsverdienste ohne Sonderzahl.
62221;Vj. Index der Tarifverdienste und Arbeitszeiten;JAHR;Jahr;2016;DINSGF;Früheres Bundesgebiet / Neue Länder;DN;Neue Länder;WZ08C7;WZ2008 (ausgewählte Positionen): Tarifindex;WZ08-81;Gebäudebetreuung, Garten- und Landschaftsbau;100,0;2020=100;VST018;Index der tariflichen Wochenarbeitszeit
62221;Vj. Index der Tarifverdienste und Arbeitszeiten;JAHR;Jahr;2016;DINSGF;Früheres Bundesgebiet / Neue Länder;DN;Neue Länder;WZ08C7;WZ2008 (ausgewählte Positionen): Tarifindex;WZ08-81;Gebäudebetreuung, Garten- und Landschaftsbau;88,2;2020=100;VST065;Index d.tarifl. Stundenverdienste ohne Sonderzahl.
62221;Vj. Index der Tarifverdienste und Arbeitszeiten;JAHR;Jahr;2019;DINSGF;Früheres Bundesgebiet / Neue Länder;DN;Neue Länder;WZ08C7;WZ2008 (ausgewählte Positionen): Tarifindex;WZ08-47;Einzelhandel (ohne Handel mit Kraftfahrzeugen);97,5;2020=100;VST072;Index d.tarifl. Stundenverdienste mit Sonderzahl.
62221;Vj. Index der Tarifverdienste und Arbeitszeiten;JAHR;Jahr;2019;DINSGF;Früheres Bundesgebiet / Neue Länder;DN;Neue Länder;WZ08C7;WZ2008 (ausgewählte Positionen): Tarifindex;WZ08-47;Einzelhandel (ohne Handel mit Kraftfahrzeugen);97,5;2020=100;VST073;Index d.tarifl. Monatsverdienste mit Sonderzahl.
62221;Vj. Index der Tarifverdienste und Arbeitszeiten;JAHR;Jahr;2019;DINSGF;Früheres Bundesgebiet / Neue Länder;DN;Neue Länder;WZ08C7;WZ2008 (ausgewählte Positionen): Tarifindex;WZ08-47;Einzelhandel (ohne Handel mit Kraftfahrzeugen);38,3;h;VST019;Durchschnittliche tarifliche Wochenarbeitszeit
62221;Vj. Index der Tarifverdienste und Arbeitszeiten;JAHR;Jahr;2019;DINSGF;Früheres Bundesgebiet / Neue Länder;DN;Neue Länder;WZ08C7;WZ2008 (ausgewählte Positionen): Tarifindex;WZ08-47;Einzelhandel (ohne Handel mit Kraftfahrzeugen);97,4;2020=100;VST066;Index d.tarifl. Monatsverdienste ohne Sonderzahl.
62221;Vj. Index der Tarifverdienste und Arbeitszeiten;JAHR;Jahr;2019;DINSGF;Früheres Bundesgebiet / Neue Länder;DN;Neue Länder;WZ08C7;WZ2008 (ausgewählte Positionen): Tarifindex;WZ08-47;Einzelhandel (ohne Handel mit Kraftfahrzeugen);100,0;2020=100;VST018;Index der tariflichen Wochenarbeitszeit
62221;Vj. Index der Tarifverdienste und Arbeitszeiten;JAHR;Jahr;2019;DINSGF;Früheres Bundesgebiet / Neue Länder;DN;Neue Länder;WZ08C7;WZ2008 (ausgewählte Positionen): Tarifindex;WZ08-47;Einzelhandel (ohne Handel mit Kraftfahrzeugen);97,4;2020=100;VST065;Index d.tarifl. Stundenverdienste ohne Sonderzahl.
62221;Vj. Index der Tarifverdienste und Arbeitszeiten;JAHR;Jahr;2016;DINSGF;Früheres Bundesgebiet / Neue Länder;DN;Neue Länder;WZ08C7;WZ2008 (ausgewählte Positionen): Tarifindex;WZ08-87;Heime (ohne Erholungs- und Ferienheime);87,9;2020=100;VST072;Index d.tarifl. Stundenverdienste mit Sonderzahl.
62221;Vj. Index der Tarifverdienste und Arbeitszeiten;JAHR;Jahr;2016;DINSGF;Früheres Bundesgebiet / Neue Länder;DN;Neue Länder;WZ08C7;WZ2008 (ausgewählte Positionen): Tarifindex;WZ08-87;Heime (ohne Erholungs- und Ferienheime);88,3;2020=100;VST073;Index d.tarifl. Monatsverdienste mit Sonderzahl.
62221;Vj. Index der Tarifverdienste und Arbeitszeiten;JAHR;Jahr;2016;DINSGF;Früheres Bundesgebiet / Neue Länder;DN;Neue Länder;WZ08C7;WZ2008 (ausgewählte Positionen): Tarifindex;WZ08-87;Heime (ohne Erholungs- und Ferienheime);39,5;h;VST019;Durchschnittliche tarifliche Wochenarbeitszeit
62221;Vj. Index der Tarifverdienste und Arbeitszeiten;JAHR;Jahr;2016;DINSGF;Früheres Bundesgebiet / Neue Länder;DN;Neue Länder;WZ08C7;WZ2008 (ausgewählte Positionen): Tarifindex;WZ08-87;Heime (ohne Erholungs- und Ferienheime);88,1;2020=100;VST066;Index d.tarifl. Monatsverdienste ohne Sonderzahl.
62221;Vj. Index der Tarifverdienste und Arbeitszeiten;JAHR;Jahr;2016;DINSGF;Früheres Bundesgebiet / Neue Länder;DN;Neue Länder;WZ08C7;WZ2008 (ausgewählte Positionen): Tarifindex;WZ08-87;Heime (ohne Erholungs- und Ferienheime);100,5;2020=100;VST018;Index der tariflichen Wochenarbeitszeit
62221;Vj. Index der Tarifverdienste und Arbeitszeiten;JAHR;Jahr;2016;DINSGF;Früheres Bundesgebiet / Neue Länder;DN;Neue Länder;WZ08C7;WZ2008 (ausgewählte Positionen): Tarifindex;WZ08-87;Heime (ohne Erholungs- und Ferienheime);87,7;2020=100;VST065;Index d.tarifl. Stundenverdienste ohne Sonderzahl.
62221;Vj. Index der Tarifverdienste und Arbeitszeiten;JAHR;Jahr;2025;DINSGF;Früheres Bundesgebiet / Neue Länder;DF;Früheres Bundesgebiet;WZ08C7;WZ2008 (ausgewählte Positionen): Tarifindex;WZ08-10-01;Ernährungsgewerbe und Tabakverarbeitung;120,0;2020=100;VST072;Index d.tarifl. Stundenverdienste mit Sonderzahl.
62221;Vj. Index der Tarifverdienste und Arbeitszeiten;JAHR;Jahr;2025;DINSGF;Früheres Bundesgebiet / Neue Länder;DF;Früheres Bundesgebiet;WZ08C7;WZ2008 (ausgewählte Positionen): Tarifindex;WZ08-10-01;Ernährungsgewerbe und Tabakverarbeitung;120,1;2020=100;VST073;Index d.tarifl. Monatsverdienste mit Sonderzahl.
62221;Vj. Index der Tarifverdienste und Arbeitszeiten;JAHR;Jahr;2025;DINSGF;Früheres Bundesgebiet / Neue Länder;DF;Früheres Bundesgebiet;WZ08C7;WZ2008 (ausgewählte Positionen): Tarifindex;WZ08-10-01;Ernährungsgewerbe und Tabakverarbeitung;38,1;h;VST019;Durchschnittliche tarifliche Wochenarbeitszeit
62221;Vj. Index der Tarifverdienste und Arbeitszeiten;JAHR;Jahr;2025;DINSGF;Früheres Bundesgebiet / Neue Länder;DF;Früheres Bundesgebiet;WZ08C7;WZ2008 (ausgewählte Positionen): Tarifindex;WZ08-10-01;Ernährungsgewerbe und Tabakverarbeitung;119,9;2020=100;VST066;Index d.tarifl. Monatsverdienste ohne Sonderzahl.
62221;Vj. Index der Tarifverdienste und Arbeitszeiten;JAHR;Jahr;2025;DINSGF;Früheres Bundesgebiet / Neue Länder;DF;Früheres Bundesgebiet;WZ08C7;WZ2008 (ausgewählte Positionen): Tarifindex;WZ08-10-01;Ernährungsgewerbe und Tabakverarbeitung;100,0;2020=100;VST018;Index der tariflichen Wochenarbeitszeit
62221;Vj. Index der Tarifverdienste und Arbeitszeiten;JAHR;Jahr;2025;DINSGF;Früheres Bundesgebiet / Neue Länder;DF;Früheres Bundesgebiet;WZ08C7;WZ2008 (ausgewählte Positionen): Tarifindex;WZ08-10-01;Ernährungsgewerbe und Tabakverarbeitung;119,9;2020=100;VST065;Index d.tarifl. Stundenverdienste ohne Sonderzahl.
62221;Vj. Index der Tarifverdienste und Arbeitszeiten;JAHR;Jahr;2022;DINSGF;Früheres Bundesgebiet / Neue Länder;DF;Früheres Bundesgebiet;WZ08C7;WZ2008 (ausgewählte Positionen): Tarifindex;WZ08-81;Gebäudebetreuung, Garten- und Landschaftsbau;108,2;2020=100;VST072;Index d.tarifl. Stundenverdienste mit Sonderzahl.
62221;Vj. Index der Tarifverdienste und Arbeitszeiten;JAHR;Jahr;2022;DINSGF;Früheres Bundesgebiet / Neue Länder;DF;Früheres Bundesgebiet;WZ08C7;WZ2008 (ausgewählte Positionen): Tarifindex;WZ08-81;Gebäudebetreuung, Garten- und Landschaftsbau;108,2;2020=100;VST073;Index d.tarifl. Monatsverdienste mit Sonderzahl.
62221;Vj. Index der Tarifverdienste und Arbeitszeiten;JAHR;Jahr;2022;DINSGF;Früheres Bundesgebiet / Neue Länder;DF;Früheres Bundesgebiet;WZ08C7;WZ2008 (ausgewählte Positionen): Tarifindex;WZ08-81;Gebäudebetreuung, Garten- und Landschaftsbau;39,0;h;VST019;Durchschnittliche tarifliche Wochenarbeitszeit
62221;Vj. Index der Tarifverdienste und Arbeitszeiten;JAHR;Jahr;2022;DINSGF;Früheres Bundesgebiet / Neue Länder;DF;Früheres Bundesgebiet;WZ08C7;WZ2008 (ausgewählte Positionen): Tarifindex;WZ08-81;Gebäudebetreuung, Garten- und Landschaftsbau;108,3;2020=100;VST066;Index d.tarifl. Monatsverdienste ohne Sonderzahl.
62221;Vj. Index der Tarifverdienste und Arbeitszeiten;JAHR;Jahr;2022;DINSGF;Früheres Bundesgebiet / Neue Länder;DF;Früheres Bundesgebiet;WZ08C7;WZ2008 (ausgewählte Positionen): Tarifindex;WZ08-81;Gebäudebetreuung, Garten- und Landschaftsbau;100,0;2020=100;VST018;Index der tariflichen Wochenarbeitszeit
62221;Vj. Index der Tarifverdienste und Arbeitszeiten;JAHR;Jahr;2022;DINSGF;Früheres Bundesgebiet / Neue Länder;DF;Früheres Bundesgebiet;WZ08C7;WZ2008 (ausgewählte Positionen): Tarifindex;WZ08-81;Gebäudebetreuung, Garten- und Landschaftsbau;108,3;2020=100;VST065;Index d.tarifl. Stundenverdienste ohne Sonderzahl.
62221;Vj. Index der Tarifverdienste und Arbeitszeiten;JAHR;Jahr;2017;DINSGF;Früheres Bundesgebiet / Neue Länder;DF;Früheres Bundesgebiet;WZ08C7;WZ2008 (ausgewählte Positionen): Tarifindex;WZ08-20;Herstellung von chemischen Erzeugnissen;92,8;2020=100;VST072;Index d.tarifl. Stundenverdienste mit Sonderzahl.
62221;Vj. Index der Tarifverdienste und Arbeitszeiten;JAHR;Jahr;2017;DINSGF;Früheres Bundesgebiet / Neue Länder;DF;Früheres Bundesgebiet;WZ08C7;WZ2008 (ausgewählte Positionen): Tarifindex;WZ08-20;Herstellung von chemischen Erzeugnissen;92,8;2020=100;VST073;Index d.tarifl. Monatsverdienste mit Sonderzahl.
62221;Vj. Index der Tarifverdienste und Arbeitszeiten;JAHR;Jahr;2017;DINSGF;Früheres Bundesgebiet / Neue Länder;DF;Früheres Bundesgebiet;WZ08C7;WZ2008 (ausgewählte Positionen): Tarifindex;WZ08-20;Herstellung von chemischen Erzeugnissen;37,5;h;VST019;Durchschnittliche tarifliche Wochenarbeitszeit
62221;Vj. Index der Tarifverdienste und Arbeitszeiten;JAHR;Jahr;2017;DINSGF;Früheres Bundesgebiet / Neue Länder;DF;Früheres Bundesgebiet;WZ08C7;WZ2008 (ausgewählte Positionen): Tarifindex;WZ08-20;Herstellung von chemischen Erzeugnissen;94,4;2020=100;VST066;Index d.tarifl. Monatsverdienste ohne Sonderzahl.
62221;Vj. Index der Tarifverdienste und Arbeitszeiten;JAHR;Jahr;2017;DINSGF;Früheres Bundesgebiet / Neue Länder;DF;Früheres Bundesgebiet;WZ08C7;WZ2008 (ausgewählte Positionen): Tarifindex;WZ08-20;Herstellung von chemischen Erzeugnissen;100,0;2020=100;VST018;Index der tariflichen Wochenarbeitszeit
62221;Vj. Index der Tarifverdienste und Arbeitszeiten;JAHR;Jahr;2017;DINSGF;Früheres Bundesgebiet / Neue Länder;DF;Früheres Bundesgebiet;WZ08C7;WZ2008 (ausgewählte Positionen): Tarifindex;WZ08-20;Herstellung von chemischen Erzeugnissen;94,4;2020=100;VST065;Index d.tarifl. Stundenverdienste ohne Sonderzahl.
62221;Vj. Index der Tarifverdienste und Arbeitszeiten;JAHR;Jahr;2016;DINSGF;Früheres Bundesgebiet / Neue Länder;DF;Früheres Bundesgebiet;WZ08C7;WZ2008 (ausgewählte Positionen): Tarifindex;WZ08-29-01;Fahrzeugbau;90,5;2020=100;VST072;Index d.tarifl. Stundenverdienste mit Sonderzahl.
62221;Vj. Index der Tarifverdienste und Arbeitszeiten;JAHR;Jahr;2016;DINSGF;Früheres Bundesgebiet / Neue Länder;DF;Früheres Bundesgebiet;WZ08C7;WZ2008 (ausgewählte Positionen): Tarifindex;WZ08-29-01;Fahrzeugbau;90,5;2020=100;VST073;Index d.tarifl. Monatsverdienste mit Sonderzahl.
62221;Vj. Index der Tarifverdienste und Arbeitszeiten;JAHR;Jahr;2016;DINSGF;Früheres Bundesgebiet / Neue Länder;DF;Früheres Bundesgebiet;WZ08C7;WZ2008 (ausgewählte Positionen): Tarifindex;WZ08-29-01;Fahrzeugbau;35,2;h;VST019;Durchschnittliche tarifliche Wochenarbeitszeit
62221;Vj. Index der Tarifverdienste und Arbeitszeiten;JAHR;Jahr;2016;DINSGF;Früheres Bundesgebiet / Neue Länder;DF;Früheres Bundesgebiet;WZ08C7;WZ2008 (ausgewählte Positionen): Tarifindex;WZ08-29-01;Fahrzeugbau;92,6;2020=100;VST066;Index d.tarifl. Monatsverdienste ohne Sonderzahl.
62221;Vj. Index der Tarifverdienste und Arbeitszeiten;JAHR;Jahr;2016;DINSGF;Früheres Bundesgebiet / Neue Länder;DF;Früheres Bundesgebiet;WZ08C7;WZ2008 (ausgewählte Positionen): Tarifindex;WZ08-29-01;Fahrzeugbau;100,0;2020=100;VST018;Index der tariflichen Wochenarbeitszeit
62221;Vj. Index der Tarifverdienste und Arbeitszeiten;JAHR;Jahr;2016;DINSGF;Früheres Bundesgebiet / Neue Länder;DF;Früheres Bundesgebiet;WZ08C7;WZ2008 (ausgewählte Positionen): Tarifindex;WZ08-29-01;Fahrzeugbau;92,6;2020=100;VST065;Index d.tarifl. Stundenverdienste ohne Sonderzahl.
62221;Vj. Index der Tarifverdienste und Arbeitszeiten;JAHR;Jahr;2020;DINSGF;Früheres Bundesgebiet / Neue Länder;DN;Neue Länder;WZ08C7;WZ2008 (ausgewählte Positionen): Tarifindex;WZ08-49;Landverkehr und Transport in Rohrfernleitungen;100,0;2020=100;VST072;Index d.tarifl. Stundenverdienste mit Sonderzahl.
62221;Vj. Index der Tarifverdienste und Arbeitszeiten;JAHR;Jahr;2020;DINSGF;Früheres Bundesgebiet / Neue Länder;DN;Neue Länder;WZ08C7;WZ2008 (ausgewählte Positionen): Tarifindex;WZ08-49;Landverkehr und Transport in Rohrfernleitungen;100,0;2020=100;VST073;Index d.tarifl. Monatsverdienste mit Sonderzahl.
62221;Vj. Index der Tarifverdienste und Arbeitszeiten;JAHR;Jahr;2020;DINSGF;Früheres Bundesgebiet / Neue Länder;DN;Neue Länder;WZ08C7;WZ2008 (ausgewählte Positionen): Tarifindex;WZ08-49;Landverkehr und Transport in Rohrfernleitungen;39,3;h;VST019;Durchschnittliche tarifliche Wochenarbeitszeit
62221;Vj. Index der Tarifverdienste und Arbeitszeiten;JAHR;Jahr;2020;DINSGF;Früheres Bundesgebiet / Neue Länder;DN;Neue Länder;WZ08C7;WZ2008 (ausgewählte Positionen): Tarifindex;WZ08-49;Landverkehr und Transport in Rohrfernleitungen;100,0;2020=100;VST066;Index d.tarifl. Monatsverdienste ohne Sonderzahl.
62221;Vj. Index der Tarifverdienste und Arbeitszeiten;JAHR;Jahr;2020;DINSGF;Früheres Bundesgebiet / Neue Länder;DN;Neue Länder;WZ08C7;WZ2008 (ausgewählte Positionen): Tarifindex;WZ08-49;Landverkehr und Transport in Rohrfernleitungen;100,0;2020=100;VST018;Index der tariflichen Wochenarbeitszeit
62221;Vj. Index der Tarifverdienste und Arbeitszeiten;JAHR;Jahr;2020;DINSGF;Früheres Bundesgebiet / Neue Länder;DN;Neue Länder;WZ08C7;WZ2008 (ausgewählte Positionen): Tarifindex;WZ08-49;Landverkehr und Transport in Rohrfernleitungen;100,0;2020=100;VST065;Index d.tarifl. Stundenverdienste ohne Sonderzahl.
62221;Vj. Index der Tarifverdienste und Arbeitszeiten;JAHR;Jahr;2022;DINSGF;Früheres Bundesgebiet / Neue Länder;DN;Neue Länder;WZ08C7;WZ2008 (ausgewählte Positionen): Tarifindex;WZ08-N;Sonstige wirtschaftliche Dienstleistungen;109,5;2020=100;VST072;Index d.tarifl. Stundenverdienste mit Sonderzahl.
62221;Vj. Index der Tarifverdienste und Arbeitszeiten;JAHR;Jahr;2022;DINSGF;Früheres Bundesgebiet / Neue Länder;DN;Neue Länder;WZ08C7;WZ2008 (ausgewählte Positionen): Tarifindex;WZ08-N;Sonstige wirtschaftliche Dienstleistungen;109,5;2020=100;VST073;Index d.tarifl. Monatsverdienste mit Sonderzahl.
62221;Vj. Index der Tarifverdienste und Arbeitszeiten;JAHR;Jahr;2022;DINSGF;Früheres Bundesgebiet / Neue Länder;DN;Neue Länder;WZ08C7;WZ2008 (ausgewählte Positionen): Tarifindex;WZ08-N;Sonstige wirtschaftliche Dienstleistungen;37,6;h;VST019;Durchschnittliche tarifliche Wochenarbeitszeit
62221;Vj. Index der Tarifverdienste und Arbeitszeiten;JAHR;Jahr;2022;DINSGF;Früheres Bundesgebiet / Neue Länder;DN;Neue Länder;WZ08C7;WZ2008 (ausgewählte Positionen): Tarifindex;WZ08-N;Sonstige wirtschaftliche Dienstleistungen;109,4;2020=100;VST066;Index d.tarifl. Monatsverdienste ohne Sonderzahl.
62221;Vj. Index der Tarifverdienste und Arbeitszeiten;JAHR;Jahr;2022;DINSGF;Früheres Bundesgebiet / Neue Länder;DN;Neue Länder;WZ08C7;WZ2008 (ausgewählte Positionen): Tarifindex;WZ08-N;Sonstige wirtschaftliche Dienstleistungen;100,0;2020=100;VST018;Index der tariflichen Wochenarbeitszeit
62221;Vj. Index der Tarifverdienste und Arbeitszeiten;JAHR;Jahr;2022;DINSGF;Früheres Bundesgebiet / Neue Länder;DN;Neue Länder;WZ08C7;WZ2008 (ausgewählte Positionen): Tarifindex;WZ08-N;Sonstige wirtschaftliche Dienstleistungen;109,4;2020=100;VST065;Index d.tarifl. Stundenverdienste ohne Sonderzahl.
62221;Vj. Index der Tarifverdienste und Arbeitszeiten;JAHR;Jahr;2022;DINSGF;Früheres Bundesgebiet / Neue Länder;DF;Früheres Bundesgebiet;WZ08C7;WZ2008 (ausgewählte Positionen): Tarifindex;WZ08-J;Information und Kommunikation;102,4;2020=100;VST072;Index d.tarifl. Stundenverdienste mit Sonderzahl.
62221;Vj. Index der Tarifverdienste und Arbeitszeiten;JAHR;Jahr;2022;DINSGF;Früheres Bundesgebiet / Neue Länder;DF;Früheres Bundesgebiet;WZ08C7;WZ2008 (ausgewählte Positionen): Tarifindex;WZ08-J;Information und Kommunikation;102,4;2020=100;VST073;Index d.tarifl. Monatsverdienste mit Sonderzahl.
62221;Vj. Index der Tarifverdienste und Arbeitszeiten;JAHR;Jahr;2022;DINSGF;Früheres Bundesgebiet / Neue Länder;DF;Früheres Bundesgebiet;WZ08C7;WZ2008 (ausgewählte Positionen): Tarifindex;WZ08-J;Information und Kommunikation;37,7;h;VST019;Durchschnittliche tarifliche Wochenarbeitszeit
62221;Vj. Index der Tarifverdienste und Arbeitszeiten;JAHR;Jahr;2022;DINSGF;Früheres Bundesgebiet / Neue Länder;DF;Früheres Bundesgebiet;WZ08C7;WZ2008 (ausgewählte Positionen): Tarifindex;WZ08-J;Information und Kommunikation;102,4;2020=100;VST066;Index d.tarifl. Monatsverdienste ohne Sonderzahl.
62221;Vj. Index der Tarifverdienste und Arbeitszeiten;JAHR;Jahr;2022;DINSGF;Früheres Bundesgebiet / Neue Länder;DF;Früheres Bundesgebiet;WZ08C7;WZ2008 (ausgewählte Positionen): Tarifindex;WZ08-J;Information und Kommunikation;100,0;2020=100;VST018;Index der tariflichen Wochenarbeitszeit
62221;Vj. Index der Tarifverdienste und Arbeitszeiten;JAHR;Jahr;2022;DINSGF;Früheres Bundesgebiet / Neue Länder;DF;Früheres Bundesgebiet;WZ08C7;WZ2008 (ausgewählte Positionen): Tarifindex;WZ08-J;Information und Kommunikation;102,4;2020=100;VST065;Index d.tarifl. Stundenverdienste ohne Sonderzahl.
62221;Vj. Index der Tarifverdienste und Arbeitszeiten;JAHR;Jahr;2018;DINSGF;Früheres Bundesgebiet / Neue Länder;DF;Früheres Bundesgebiet;WZ08C7;WZ2008 (ausgewählte Positionen): Tarifindex;WZ08-R;Kunst, Unterhaltung und Erholung;94,5;2020=100;VST072;Index d.tarifl. Stundenverdienste mit Sonderzahl.
62221;Vj. Index der Tarifverdienste und Arbeitszeiten;JAHR;Jahr;2018;DINSGF;Früheres Bundesgebiet / Neue Länder;DF;Früheres Bundesgebiet;WZ08C7;WZ2008 (ausgewählte Positionen): Tarifindex;WZ08-R;Kunst, Unterhaltung und Erholung;94,6;2020=100;VST073;Index d.tarifl. Monatsverdienste mit Sonderzahl.
62221;Vj. Index der Tarifverdienste und Arbeitszeiten;JAHR;Jahr;2018;DINSGF;Früheres Bundesgebiet / Neue Länder;DF;Früheres Bundesgebiet;WZ08C7;WZ2008 (ausgewählte Positionen): Tarifindex;WZ08-R;Kunst, Unterhaltung und Erholung;39,1;h;VST019;Durchschnittliche tarifliche Wochenarbeitszeit
62221;Vj. Index der Tarifverdienste und Arbeitszeiten;JAHR;Jahr;2018;DINSGF;Früheres Bundesgebiet / Neue Länder;DF;Früheres Bundesgebiet;WZ08C7;WZ2008 (ausgewählte Positionen): Tarifindex;WZ08-R;Kunst, Unterhaltung und Erholung;94,0;2020=100;VST066;Index d.tarifl. Monatsverdienste ohne Sonderzahl.
62221;Vj. Index der Tarifverdienste und Arbeitszeiten;JAHR;Jahr;2018;DINSGF;Früheres Bundesgebiet / Neue Länder;DF;Früheres Bundesgebiet;WZ08C7;WZ2008 (ausgewählte Positionen): Tarifindex;WZ08-R;Kunst, Unterhaltung und Erholung;100,0;2020=100;VST018;Index der tariflichen Wochenarbeitszeit
62221;Vj. Index der Tarifverdienste und Arbeitszeiten;JAHR;Jahr;2018;DINSGF;Früheres Bundesgebiet / Neue Länder;DF;Früheres Bundesgebiet;WZ08C7;WZ2008 (ausgewählte Positionen): Tarifindex;WZ08-R;Kunst, Unterhaltung und Erholung;93,9;2020=100;VST065;Index d.tarifl. Stundenverdienste ohne Sonderzahl.
62221;Vj. Index der Tarifverdienste und Arbeitszeiten;JAHR;Jahr;2022;DINSGF;Früheres Bundesgebiet / Neue Länder;DF;Früheres Bundesgebiet;WZ08C7;WZ2008 (ausgewählte Positionen): Tarifindex;WZ08-D;Energieversorgung;103,6;2020=100;VST072;Index d.tarifl. Stundenverdienste mit Sonderzahl.
62221;Vj. Index der Tarifverdienste und Arbeitszeiten;JAHR;Jahr;2022;DINSGF;Früheres Bundesgebiet / Neue Länder;DF;Früheres Bundesgebiet;WZ08C7;WZ2008 (ausgewählte Positionen): Tarifindex;WZ08-D;Energieversorgung;103,6;2020=100;VST073;Index d.tarifl. Monatsverdienste mit Sonderzahl.
62221;Vj. Index der Tarifverdienste und Arbeitszeiten;JAHR;Jahr;2022;DINSGF;Früheres Bundesgebiet / Neue Länder;DF;Früheres Bundesgebiet;WZ08C7;WZ2008 (ausgewählte Positionen): Tarifindex;WZ08-D;Energieversorgung;38,2;h;VST019;Durchschnittliche tarifliche Wochenarbeitszeit
62221;Vj. Index der Tarifverdienste und Arbeitszeiten;JAHR;Jahr;2022;DINSGF;Früheres Bundesgebiet / Neue Länder;DF;Früheres Bundesgebiet;WZ08C7;WZ2008 (ausgewählte Positionen): Tarifindex;WZ08-D;Energieversorgung;103,4;2020=100;VST066;Index d.tarifl. Monatsverdienste ohne Sonderzahl.
62221;Vj. Index der Tarifverdienste und Arbeitszeiten;JAHR;Jahr;2022;DINSGF;Früheres Bundesgebiet / Neue Länder;DF;Früheres Bundesgebiet;WZ08C7;WZ2008 (ausgewählte Positionen): Tarifindex;WZ08-D;Energieversorgung;100,0;2020=100;VST018;Index der tariflichen Wochenarbeitszeit
62221;Vj. Index der Tarifverdienste und Arbeitszeiten;JAHR;Jahr;2022;DINSGF;Früheres Bundesgebiet / Neue Länder;DF;Früheres Bundesgebiet;WZ08C7;WZ2008 (ausgewählte Positionen): Tarifindex;WZ08-D;Energieversorgung;103,4;2020=100;VST065;Index d.tarifl. Stundenverdienste ohne Sonderzahl.
62221;Vj. Index der Tarifverdienste und Arbeitszeiten;JAHR;Jahr;2025;DINSGF;Früheres Bundesgebiet / Neue Länder;DN;Neue Länder;WZ08C7;WZ2008 (ausgewählte Positionen): Tarifindex;WZ08-27;Herstellung von elektrischen Ausrüstungen;113,4;2020=100;VST072;Index d.tarifl. Stundenverdienste mit Sonderzahl.
62221;Vj. Index der Tarifverdienste und Arbeitszeiten;JAHR;Jahr;2025;DINSGF;Früheres Bundesgebiet / Neue Länder;DN;Neue Länder;WZ08C7;WZ2008 (ausgewählte Positionen): Tarifindex;WZ08-27;Herstellung von elektrischen Ausrüstungen;113,4;2020=100;VST073;Index d.tarifl. Monatsverdienste mit Sonderzahl.
62221;Vj. Index der Tarifverdienste und Arbeitszeiten;JAHR;Jahr;2025;DINSGF;Früheres Bundesgebiet / Neue Länder;DN;Neue Länder;WZ08C7;WZ2008 (ausgewählte Positionen): Tarifindex;WZ08-27;Herstellung von elektrischen Ausrüstungen;37,8;h;VST019;Durchschnittliche tarifliche Wochenarbeitszeit
62221;Vj. Index der Tarifverdienste und Arbeitszeiten;JAHR;Jahr;2025;DINSGF;Früheres Bundesgebiet / Neue Länder;DN;Neue Länder;WZ08C7;WZ2008 (ausgewählte Positionen): Tarifindex;WZ08-27;Herstellung von elektrischen Ausrüstungen;110,3;2020=100;VST066;Index d.tarifl. Monatsverdienste ohne Sonderzahl.
62221;Vj. Index der Tarifverdienste und Arbeitszeiten;JAHR;Jahr;2025;DINSGF;Früheres Bundesgebiet / Neue Länder;DN;Neue Länder;WZ08C7;WZ2008 (ausgewählte Positionen): Tarifindex;WZ08-27;Herstellung von elektrischen Ausrüstungen;100,0;2020=100;VST018;Index der tariflichen Wochenarbeitszeit
62221;Vj. Index der Tarifverdienste und Arbeitszeiten;JAHR;Jahr;2025;DINSGF;Früheres Bundesgebiet / Neue Länder;DN;Neue Länder;WZ08C7;WZ2008 (ausgewählte Positionen): Tarifindex;WZ08-27;Herstellung von elektrischen Ausrüstungen;110,3;2020=100;VST065;Index d.tarifl. Stundenverdienste ohne Sonderzahl.
62221;Vj. Index der Tarifverdienste und Arbeitszeiten;JAHR;Jahr;2018;DINSGF;Früheres Bundesgebiet / Neue Länder;DF;Früheres Bundesgebiet;WZ08C7;WZ2008 (ausgewählte Positionen): Tarifindex;WZ08-G-02;Dienstleistungsbereich;94,6;2020=100;VST072;Index d.tarifl. Stundenverdienste mit Sonderzahl.
62221;Vj. Index der Tarifverdienste und Arbeitszeiten;JAHR;Jahr;2018;DINSGF;Früheres Bundesgebiet / Neue Länder;DF;Früheres Bundesgebiet;WZ08C7;WZ2008 (ausgewählte Positionen): Tarifindex;WZ08-G-02;Dienstleistungsbereich;94,6;2020=100;VST073;Index d.tarifl. Monatsverdienste mit Sonderzahl.
62221;Vj. Index der Tarifverdienste und Arbeitszeiten;JAHR;Jahr;2018;DINSGF;Früheres Bundesgebiet / Neue Länder;DF;Früheres Bundesgebiet;WZ08C7;WZ2008 (ausgewählte Positionen): Tarifindex;WZ08-G-02;Dienstleistungsbereich;39,0;h;VST019;Durchschnittliche tarifliche Wochenarbeitszeit
62221;Vj. Index der Tarifverdienste und Arbeitszeiten;JAHR;Jahr;2018;DINSGF;Früheres Bundesgebiet / Neue Länder;DF;Früheres Bundesgebiet;WZ08C7;WZ2008 (ausgewählte Positionen): Tarifindex;WZ08-G-02;Dienstleistungsbereich;94,4;2020=100;VST066;Index d.tarifl. Monatsverdienste ohne Sonderzahl.
62221;Vj. Index der Tarifverdienste und Arbeitszeiten;JAHR;Jahr;2018;DINSGF;Früheres Bundesgebiet / Neue Länder;DF;Früheres Bundesgebiet;WZ08C7;WZ2008 (ausgewählte Positionen): Tarifindex;WZ08-G-02;Dienstleistungsbereich;100,0;2020=100;VST018;Index der tariflichen Wochenarbeitszeit
62221;Vj. Index der Tarifverdienste und Arbeitszeiten;JAHR;Jahr;2018;DINSGF;Früheres Bundesgebiet / Neue Länder;DF;Früheres Bundesgebiet;WZ08C7;WZ2008 (ausgewählte Positionen): Tarifindex;WZ08-G-02;Dienstleistungsbereich;94,5;2020=100;VST065;Index d.tarifl. Stundenverdienste ohne Sonderzahl.
62221;Vj. Index der Tarifverdienste und Arbeitszeiten;JAHR;Jahr;2022;DINSGF;Früheres Bundesgebiet / Neue Länder;DN;Neue Länder;WZ08C7;WZ2008 (ausgewählte Positionen): Tarifindex;WZ08-H;Verkehr und Lagerei;104,1;2020=100;VST072;Index d.tarifl. Stundenverdienste mit Sonderzahl.
62221;Vj. Index der Tarifverdienste und Arbeitszeiten;JAHR;Jahr;2022;DINSGF;Früheres Bundesgebiet / Neue Länder;DN;Neue Länder;WZ08C7;WZ2008 (ausgewählte Positionen): Tarifindex;WZ08-H;Verkehr und Lagerei;104,1;2020=100;VST073;Index d.tarifl. Monatsverdienste mit Sonderzahl.
62221;Vj. Index der Tarifverdienste und Arbeitszeiten;JAHR;Jahr;2022;DINSGF;Früheres Bundesgebiet / Neue Länder;DN;Neue Länder;WZ08C7;WZ2008 (ausgewählte Positionen): Tarifindex;WZ08-H;Verkehr und Lagerei;39,1;h;VST019;Durchschnittliche tarifliche Wochenarbeitszeit
62221;Vj. Index der Tarifverdienste und Arbeitszeiten;JAHR;Jahr;2022;DINSGF;Früheres Bundesgebiet / Neue Länder;DN;Neue Länder;WZ08C7;WZ2008 (ausgewählte Positionen): Tarifindex;WZ08-H;Verkehr und Lagerei;104,3;2020=100;VST066;Index d.tarifl. Monatsverdienste ohne Sonderzahl.
62221;Vj. Index der Tarifverdienste und Arbeitszeiten;JAHR;Jahr;2022;DINSGF;Früheres Bundesgebiet / Neue Länder;DN;Neue Länder;WZ08C7;WZ2008 (ausgewählte Positionen): Tarifindex;WZ08-H;Verkehr und Lagerei;100,0;2020=100;VST018;Index der tariflichen Wochenarbeitszeit
62221;Vj. Index der Tarifverdienste und Arbeitszeiten;JAHR;Jahr;2022;DINSGF;Früheres Bundesgebiet / Neue Länder;DN;Neue Länder;WZ08C7;WZ2008 (ausgewählte Positionen): Tarifindex;WZ08-H;Verkehr und Lagerei;104,3;2020=100;VST065;Index d.tarifl. Stundenverdienste ohne Sonderzahl.
62221;Vj. Index der Tarifverdienste und Arbeitszeiten;JAHR;Jahr;2016;DINSGF;Früheres Bundesgebiet / Neue Länder;DN;Neue Länder;WZ08C7;WZ2008 (ausgewählte Positionen): Tarifindex;WZ08-G-02;Dienstleistungsbereich;89,3;2020=100;VST072;Index d.tarifl. Stundenverdienste mit Sonderzahl.
62221;Vj. Index der Tarifverdienste und Arbeitszeiten;JAHR;Jahr;2016;DINSGF;Früheres Bundesgebiet / Neue Länder;DN;Neue Länder;WZ08C7;WZ2008 (ausgewählte Positionen): Tarifindex;WZ08-G-02;Dienstleistungsbereich;89,4;2020=100;VST073;Index d.tarifl. Monatsverdienste mit Sonderzahl.
62221;Vj. Index der Tarifverdienste und Arbeitszeiten;JAHR;Jahr;2016;DINSGF;Früheres Bundesgebiet / Neue Länder;DN;Neue Länder;WZ08C7;WZ2008 (ausgewählte Positionen): Tarifindex;WZ08-G-02;Dienstleistungsbereich;39,1;h;VST019;Durchschnittliche tarifliche Wochenarbeitszeit
62221;Vj. Index der Tarifverdienste und Arbeitszeiten;JAHR;Jahr;2016;DINSGF;Früheres Bundesgebiet / Neue Länder;DN;Neue Länder;WZ08C7;WZ2008 (ausgewählte Positionen): Tarifindex;WZ08-G-02;Dienstleistungsbereich;88,9;2020=100;VST066;Index d.tarifl. Monatsverdienste ohne Sonderzahl.
62221;Vj. Index der Tarifverdienste und Arbeitszeiten;JAHR;Jahr;2016;DINSGF;Früheres Bundesgebiet / Neue Länder;DN;Neue Länder;WZ08C7;WZ2008 (ausgewählte Positionen): Tarifindex;WZ08-G-02;Dienstleistungsbereich;100,1;2020=100;VST018;Index der tariflichen Wochenarbeitszeit
62221;Vj. Index der Tarifverdienste und Arbeitszeiten;JAHR;Jahr;2016;DINSGF;Früheres Bundesgebiet / Neue Länder;DN;Neue Länder;WZ08C7;WZ2008 (ausgewählte Positionen): Tarifindex;WZ08-G-02;Dienstleistungsbereich;88,9;2020=100;VST065;Index d.tarifl. Stundenverdienste ohne Sonderzahl.
62221;Vj. Index der Tarifverdienste und Arbeitszeiten;JAHR;Jahr;2018;DINSGF;Früheres Bundesgebiet / Neue Länder;DF;Früheres Bundesgebiet;WZ08C7;WZ2008 (ausgewählte Positionen): Tarifindex;WZ08-L;Grundstücks- und Wohnungswesen;95,3;2020=100;VST072;Index d.tarifl. Stundenverdienste mit Sonderzahl.
62221;Vj. Index der Tarifverdienste und Arbeitszeiten;JAHR;Jahr;2018;DINSGF;Früheres Bundesgebiet / Neue Länder;DF;Früheres Bundesgebiet;WZ08C7;WZ2008 (ausgewählte Positionen): Tarifindex;WZ08-L;Grundstücks- und Wohnungswesen;95,3;2020=100;VST073;Index d.tarifl. Monatsverdienste mit Sonderzahl.
62221;Vj. Index der Tarifverdienste und Arbeitszeiten;JAHR;Jahr;2018;DINSGF;Früheres Bundesgebiet / Neue Länder;DF;Früheres Bundesgebiet;WZ08C7;WZ2008 (ausgewählte Positionen): Tarifindex;WZ08-L;Grundstücks- und Wohnungswesen;38,2;h;VST019;Durchschnittliche tarifliche Wochenarbeitszeit
62221;Vj. Index der Tarifverdienste und Arbeitszeiten;JAHR;Jahr;2018;DINSGF;Früheres Bundesgebiet / Neue Länder;DF;Früheres Bundesgebiet;WZ08C7;WZ2008 (ausgewählte Positionen): Tarifindex;WZ08-L;Grundstücks- und Wohnungswesen;95,6;2020=100;VST066;Index d.tarifl. Monatsverdienste ohne Sonderzahl.
62221;Vj. Index der Tarifverdienste und Arbeitszeiten;JAHR;Jahr;2018;DINSGF;Früheres Bundesgebiet / Neue Länder;DF;Früheres Bundesgebiet;WZ08C7;WZ2008 (ausgewählte Positionen): Tarifindex;WZ08-L;Grundstücks- und Wohnungswesen;100,0;2020=100;VST018;Index der tariflichen Wochenarbeitszeit
62221;Vj. Index der Tarifverdienste und Arbeitszeiten;JAHR;Jahr;2018;DINSGF;Früheres Bundesgebiet / Neue Länder;DF;Früheres Bundesgebiet;WZ08C7;WZ2008 (ausgewählte Positionen): Tarifindex;WZ08-L;Grundstücks- und Wohnungswesen;95,6;2020=100;VST065;Index d.tarifl. Stundenverdienste ohne Sonderzahl.
62221;Vj. Index der Tarifverdienste und Arbeitszeiten;JAHR;Jahr;2022;DINSGF;Früheres Bundesgebiet / Neue Länder;DF;Früheres Bundesgebiet;WZ08C7;WZ2008 (ausgewählte Positionen): Tarifindex;WZ08-A-03;Gesamtwirtschaft;103,5;2020=100;VST072;Index d.tarifl. Stundenverdienste mit Sonderzahl.
62221;Vj. Index der Tarifverdienste und Arbeitszeiten;JAHR;Jahr;2022;DINSGF;Früheres Bundesgebiet / Neue Länder;DF;Früheres Bundesgebiet;WZ08C7;WZ2008 (ausgewählte Positionen): Tarifindex;WZ08-A-03;Gesamtwirtschaft;103,5;2020=100;VST073;Index d.tarifl. Monatsverdienste mit Sonderzahl.
62221;Vj. Index der Tarifverdienste und Arbeitszeiten;JAHR;Jahr;2022;DINSGF;Früheres Bundesgebiet / Neue Länder;DF;Früheres Bundesgebiet;WZ08C7;WZ2008 (ausgewählte Positionen): Tarifindex;WZ08-A-03;Gesamtwirtschaft;38,5;h;VST019;Durchschnittliche tarifliche Wochenarbeitszeit
62221;Vj. Index der Tarifverdienste und Arbeitszeiten;JAHR;Jahr;2022;DINSGF;Früheres Bundesgebiet / Neue Länder;DF;Früheres Bundesgebiet;WZ08C7;WZ2008 (ausgewählte Positionen): Tarifindex;WZ08-A-03;Gesamtwirtschaft;102,8;2020=100;VST066;Index d.tarifl. Monatsverdienste ohne Sonderzahl.
62221;Vj. Index der Tarifverdienste und Arbeitszeiten;JAHR;Jahr;2022;DINSGF;Früheres Bundesgebiet / Neue Länder;DF;Früheres Bundesgebiet;WZ08C7;WZ2008 (ausgewählte Positionen): Tarifindex;WZ08-A-03;Gesamtwirtschaft;100,0;2020=100;VST018;Index der tariflichen Wochenarbeitszeit
62221;Vj. Index der Tarifverdienste und Arbeitszeiten;JAHR;Jahr;2022;DINSGF;Früheres Bundesgebiet / Neue Länder;DF;Früheres Bundesgebiet;WZ08C7;WZ2008 (ausgewählte Positionen): Tarifindex;WZ08-A-03;Gesamtwirtschaft;102,8;2020=100;VST065;Index d.tarifl. Stundenverdienste ohne Sonderzahl.
62221;Vj. Index der Tarifverdienste und Arbeitszeiten;JAHR;Jahr;2025;DINSGF;Früheres Bundesgebiet / Neue Länder;DN;Neue Länder;WZ08C7;WZ2008 (ausgewählte Positionen): Tarifindex;WZ08-18;H.v. Druckerz., Vervielf.v.Ton-,Bild-,Datenträgern;114,0;2020=100;VST072;Index d.tarifl. Stundenverdienste mit Sonderzahl.
62221;Vj. Index der Tarifverdienste und Arbeitszeiten;JAHR;Jahr;2025;DINSGF;Früheres Bundesgebiet / Neue Länder;DN;Neue Länder;WZ08C7;WZ2008 (ausgewählte Positionen): Tarifindex;WZ08-18;H.v. Druckerz., Vervielf.v.Ton-,Bild-,Datenträgern;113,9;2020=100;VST073;Index d.tarifl. Monatsverdienste mit Sonderzahl.
62221;Vj. Index der Tarifverdienste und Arbeitszeiten;JAHR;Jahr;2025;DINSGF;Früheres Bundesgebiet / Neue Länder;DN;Neue Länder;WZ08C7;WZ2008 (ausgewählte Positionen): Tarifindex;WZ08-18;H.v. Druckerz., Vervielf.v.Ton-,Bild-,Datenträgern;36,2;h;VST019;Durchschnittliche tarifliche Wochenarbeitszeit
62221;Vj. Index der Tarifverdienste und Arbeitszeiten;JAHR;Jahr;2025;DINSGF;Früheres Bundesgebiet / Neue Länder;DN;Neue Länder;WZ08C7;WZ2008 (ausgewählte Positionen): Tarifindex;WZ08-18;H.v. Druckerz., Vervielf.v.Ton-,Bild-,Datenträgern;113,4;2020=100;VST066;Index d.tarifl. Monatsverdienste ohne Sonderzahl.
62221;Vj. Index der Tarifverdienste und Arbeitszeiten;JAHR;Jahr;2025;DINSGF;Früheres Bundesgebiet / Neue Länder;DN;Neue Länder;WZ08C7;WZ2008 (ausgewählte Positionen): Tarifindex;WZ08-18;H.v. Druckerz., Vervielf.v.Ton-,Bild-,Datenträgern;100,0;2020=100;VST018;Index der tariflichen Wochenarbeitszeit
62221;Vj. Index der Tarifverdienste und Arbeitszeiten;JAHR;Jahr;2025;DINSGF;Früheres Bundesgebiet / Neue Länder;DN;Neue Länder;WZ08C7;WZ2008 (ausgewählte Positionen): Tarifindex;WZ08-18;H.v. Druckerz., Vervielf.v.Ton-,Bild-,Datenträgern;113,4;2020=100;VST065;Index d.tarifl. Stundenverdienste ohne Sonderzahl.
62221;Vj. Index der Tarifverdienste und Arbeitszeiten;JAHR;Jahr;2025;DINSGF;Früheres Bundesgebiet / Neue Länder;DN;Neue Länder;WZ08C7;WZ2008 (ausgewählte Positionen): Tarifindex;WZ08-B-13;Prod. Gewerbe, Handel, Information u.Kommunikation;116,9;2020=100;VST072;Index d.tarifl. Stundenverdienste mit Sonderzahl.
62221;Vj. Index der Tarifverdienste und Arbeitszeiten;JAHR;Jahr;2025;DINSGF;Früheres Bundesgebiet / Neue Länder;DN;Neue Länder;WZ08C7;WZ2008 (ausgewählte Positionen): Tarifindex;WZ08-B-13;Prod. Gewerbe, Handel, Information u.Kommunikation;116,5;2020=100;VST073;Index d.tarifl. Monatsverdienste mit Sonderzahl.
62221;Vj. Index der Tarifverdienste und Arbeitszeiten;JAHR;Jahr;2025;DINSGF;Früheres Bundesgebiet / Neue Länder;DN;Neue Länder;WZ08C7;WZ2008 (ausgewählte Positionen): Tarifindex;WZ08-B-13;Prod. Gewerbe, Handel, Information u.Kommunikation;38,4;h;VST019;Durchschnittliche tarifliche Wochenarbeitszeit
62221;Vj. Index der Tarifverdienste und Arbeitszeiten;JAHR;Jahr;2025;DINSGF;Früheres Bundesgebiet / Neue Länder;DN;Neue Länder;WZ08C7;WZ2008 (ausgewählte Positionen): Tarifindex;WZ08-B-13;Prod. Gewerbe, Handel, Information u.Kommunikation;115,8;2020=100;VST066;Index d.tarifl. Monatsverdienste ohne Sonderzahl.
62221;Vj. Index der Tarifverdienste und Arbeitszeiten;JAHR;Jahr;2025;DINSGF;Früheres Bundesgebiet / Neue Länder;DN;Neue Länder;WZ08C7;WZ2008 (ausgewählte Positionen): Tarifindex;WZ08-B-13;Prod. Gewerbe, Handel, Information u.Kommunikation;99,6;2020=100;VST018;Index der tariflichen Wochenarbeitszeit
62221;Vj. Index der Tarifverdienste und Arbeitszeiten;JAHR;Jahr;2025;DINSGF;Früheres Bundesgebiet / Neue Länder;DN;Neue Länder;WZ08C7;WZ2008 (ausgewählte Positionen): Tarifindex;WZ08-B-13;Prod. Gewerbe, Handel, Information u.Kommunikation;116,2;2020=100;VST065;Index d.tarifl. Stundenverdienste ohne Sonderzahl.
62221;Vj. Index der Tarifverdienste und Arbeitszeiten;JAHR;Jahr;2025;DINSGF;Früheres Bundesgebiet / Neue Länder;DN;Neue Länder;WZ08C7;WZ2008 (ausgewählte Positionen): Tarifindex;WZ08-12;Tabakverarbeitung;119,4;2020=100;VST072;Index d.tarifl. Stundenverdienste mit Sonderzahl.
62221;Vj. Index der Tarifverdienste und Arbeitszeiten;JAHR;Jahr;2025;DINSGF;Früheres Bundesgebiet / Neue Länder;DN;Neue Länder;WZ08C7;WZ2008 (ausgewählte Positionen): Tarifindex;WZ08-12;Tabakverarbeitung;119,4;2020=100;VST073;Index d.tarifl. Monatsverdienste mit Sonderzahl.
62221;Vj. Index der Tarifverdienste und Arbeitszeiten;JAHR;Jahr;2025;DINSGF;Früheres Bundesgebiet / Neue Länder;DN;Neue Länder;WZ08C7;WZ2008 (ausgewählte Positionen): Tarifindex;WZ08-12;Tabakverarbeitung;38,2;h;VST019;Durchschnittliche tarifliche Wochenarbeitszeit
62221;Vj. Index der Tarifverdienste und Arbeitszeiten;JAHR;Jahr;2025;DINSGF;Früheres Bundesgebiet / Neue Länder;DN;Neue Länder;WZ08C7;WZ2008 (ausgewählte Positionen): Tarifindex;WZ08-12;Tabakverarbeitung;119,7;2020=100;VST066;Index d.tarifl. Monatsverdienste ohne Sonderzahl.
62221;Vj. Index der Tarifverdienste und Arbeitszeiten;JAHR;Jahr;2025;DINSGF;Früheres Bundesgebiet / Neue Länder;DN;Neue Länder;WZ08C7;WZ2008 (ausgewählte Positionen): Tarifindex;WZ08-12;Tabakverarbeitung;100,0;2020=100;VST018;Index der tariflichen Wochenarbeitszeit
62221;Vj. Index der Tarifverdienste und Arbeitszeiten;JAHR;Jahr;2025;DINSGF;Früheres Bundesgebiet / Neue Länder;DN;Neue Länder;WZ08C7;WZ2008 (ausgewählte Positionen): Tarifindex;WZ08-12;Tabakverarbeitung;119,7;2020=100;VST065;Index d.tarifl. Stundenverdienste ohne Sonderzahl.
62221;Vj. Index der Tarifverdienste und Arbeitszeiten;JAHR;Jahr;2023;DINSGF;Früheres Bundesgebiet / Neue Länder;DF;Früheres Bundesgebiet;WZ08C7;WZ2008 (ausgewählte Positionen): Tarifindex;WZ08-75;Veterinärwesen;114,9;2020=100;VST072;Index d.tarifl. Stundenverdienste mit Sonderzahl.
62221;Vj. Index der Tarifverdienste und Arbeitszeiten;JAHR;Jahr;2023;DINSGF;Früheres Bundesgebiet / Neue Länder;DF;Früheres Bundesgebiet;WZ08C7;WZ2008 (ausgewählte Positionen): Tarifindex;WZ08-75;Veterinärwesen;114,9;2020=100;VST073;Index d.tarifl. Monatsverdienste mit Sonderzahl.
62221;Vj. Index der Tarifverdienste und Arbeitszeiten;JAHR;Jahr;2023;DINSGF;Früheres Bundesgebiet / Neue Länder;DF;Früheres Bundesgebiet;WZ08C7;WZ2008 (ausgewählte Positionen): Tarifindex;WZ08-75;Veterinärwesen;39,9;h;VST019;Durchschnittliche tarifliche Wochenarbeitszeit
62221;Vj. Index der Tarifverdienste und Arbeitszeiten;JAHR;Jahr;2023;DINSGF;Früheres Bundesgebiet / Neue Länder;DF;Früheres Bundesgebiet;WZ08C7;WZ2008 (ausgewählte Positionen): Tarifindex;WZ08-75;Veterinärwesen;114,4;2020=100;VST066;Index d.tarifl. Monatsverdienste ohne Sonderzahl.
62221;Vj. Index der Tarifverdienste und Arbeitszeiten;JAHR;Jahr;2023;DINSGF;Früheres Bundesgebiet / Neue Länder;DF;Früheres Bundesgebiet;WZ08C7;WZ2008 (ausgewählte Positionen): Tarifindex;WZ08-75;Veterinärwesen;100,0;2020=100;VST018;Index der tariflichen Wochenarbeitszeit
62221;Vj. Index der Tarifverdienste und Arbeitszeiten;JAHR;Jahr;2023;DINSGF;Früheres Bundesgebiet / Neue Länder;DF;Früheres Bundesgebiet;WZ08C7;WZ2008 (ausgewählte Positionen): Tarifindex;WZ08-75;Veterinärwesen;114,4;2020=100;VST065;Index d.tarifl. Stundenverdienste ohne Sonderzahl.
62221;Vj. Index der Tarifverdienste und Arbeitszeiten;JAHR;Jahr;2019;DINSGF;Früheres Bundesgebiet / Neue Länder;DN;Neue Länder;WZ08C7;WZ2008 (ausgewählte Positionen): Tarifindex;WZ08-14;Herstellung von Bekleidung;-;2020=100;VST072;Index d.tarifl. Stundenverdienste mit Sonderzahl.
62221;Vj. Index der Tarifverdienste und Arbeitszeiten;JAHR;Jahr;2019;DINSGF;Früheres Bundesgebiet / Neue Länder;DN;Neue Länder;WZ08C7;WZ2008 (ausgewählte Positionen): Tarifindex;WZ08-14;Herstellung von Bekleidung;-;2020=100;VST073;Index d.tarifl. Monatsverdienste mit Sonderzahl.
62221;Vj. Index der Tarifverdienste und Arbeitszeiten;JAHR;Jahr;2019;DINSGF;Früheres Bundesgebiet / Neue Länder;DN;Neue Länder;WZ08C7;WZ2008 (ausgewählte Positionen): Tarifindex;WZ08-14;Herstellung von Bekleidung;-;h;VST019;Durchschnittliche tarifliche Wochenarbeitszeit
62221;Vj. Index der Tarifverdienste und Arbeitszeiten;JAHR;Jahr;2019;DINSGF;Früheres Bundesgebiet / Neue Länder;DN;Neue Länder;WZ08C7;WZ2008 (ausgewählte Positionen): Tarifindex;WZ08-14;Herstellung von Bekleidung;-;2020=100;VST066;Index d.tarifl. Monatsverdienste ohne Sonderzahl.
62221;Vj. Index der Tarifverdienste und Arbeitszeiten;JAHR;Jahr;2019;DINSGF;Früheres Bundesgebiet / Neue Länder;DN;Neue Länder;WZ08C7;WZ2008 (ausgewählte Positionen): Tarifindex;WZ08-14;Herstellung von Bekleidung;-;2020=100;VST018;Index der tariflichen Wochenarbeitszeit
62221;Vj. Index der Tarifverdienste und Arbeitszeiten;JAHR;Jahr;2019;DINSGF;Früheres Bundesgebiet / Neue Länder;DN;Neue Länder;WZ08C7;WZ2008 (ausgewählte Positionen): Tarifindex;WZ08-14;Herstellung von Bekleidung;-;2020=100;VST065;Index d.tarifl. Stundenverdienste ohne Sonderzahl.
62221;Vj. Index der Tarifverdienste und Arbeitszeiten;JAHR;Jahr;2017;DINSGF;Früheres Bundesgebiet / Neue Länder;DF;Früheres Bundesgebiet;WZ08C7;WZ2008 (ausgewählte Positionen): Tarifindex;WZ08-80;Wach- und Sicherheitsdienste sowie Detekteien;89,7;2020=100;VST072;Index d.tarifl. Stundenverdienste mit Sonderzahl.
62221;Vj. Index der Tarifverdienste und Arbeitszeiten;JAHR;Jahr;2017;DINSGF;Früheres Bundesgebiet / Neue Länder;DF;Früheres Bundesgebiet;WZ08C7;WZ2008 (ausgewählte Positionen): Tarifindex;WZ08-80;Wach- und Sicherheitsdienste sowie Detekteien;89,7;2020=100;VST073;Index d.tarifl. Monatsverdienste mit Sonderzahl.
62221;Vj. Index der Tarifverdienste und Arbeitszeiten;JAHR;Jahr;2017;DINSGF;Früheres Bundesgebiet / Neue Länder;DF;Früheres Bundesgebiet;WZ08C7;WZ2008 (ausgewählte Positionen): Tarifindex;WZ08-80;Wach- und Sicherheitsdienste sowie Detekteien;40,0;h;VST019;Durchschnittliche tarifliche Wochenarbeitszeit
62221;Vj. Index der Tarifverdienste und Arbeitszeiten;JAHR;Jahr;2017;DINSGF;Früheres Bundesgebiet / Neue Länder;DF;Früheres Bundesgebiet;WZ08C7;WZ2008 (ausgewählte Positionen): Tarifindex;WZ08-80;Wach- und Sicherheitsdienste sowie Detekteien;89,6;2020=100;VST066;Index d.tarifl. Monatsverdienste ohne Sonderzahl.
62221;Vj. Index der Tarifverdienste und Arbeitszeiten;JAHR;Jahr;2017;DINSGF;Früheres Bundesgebiet / Neue Länder;DF;Früheres Bundesgebiet;WZ08C7;WZ2008 (ausgewählte Positionen): Tarifindex;WZ08-80;Wach- und Sicherheitsdienste sowie Detekteien;100,0;2020=100;VST018;Index der tariflichen Wochenarbeitszeit
62221;Vj. Index der Tarifverdienste und Arbeitszeiten;JAHR;Jahr;2017;DINSGF;Früheres Bundesgebiet / Neue Länder;DF;Früheres Bundesgebiet;WZ08C7;WZ2008 (ausgewählte Positionen): Tarifindex;WZ08-80;Wach- und Sicherheitsdienste sowie Detekteien;89,6;2020=100;VST065;Index d.tarifl. Stundenverdienste ohne Sonderzahl.
62221;Vj. Index der Tarifverdienste und Arbeitszeiten;JAHR;Jahr;2017;DINSGF;Früheres Bundesgebiet / Neue Länder;DF;Früheres Bundesgebiet;WZ08C7;WZ2008 (ausgewählte Positionen): Tarifindex;WZ08-I;Gastgewerbe;93,1;2020=100;VST072;Index d.tarifl. Stundenverdienste mit Sonderzahl.
62221;Vj. Index der Tarifverdienste und Arbeitszeiten;JAHR;Jahr;2017;DINSGF;Früheres Bundesgebiet / Neue Länder;DF;Früheres Bundesgebiet;WZ08C7;WZ2008 (ausgewählte Positionen): Tarifindex;WZ08-I;Gastgewerbe;93,1;2020=100;VST073;Index d.tarifl. Monatsverdienste mit Sonderzahl.
62221;Vj. Index der Tarifverdienste und Arbeitszeiten;JAHR;Jahr;2017;DINSGF;Früheres Bundesgebiet / Neue Länder;DF;Früheres Bundesgebiet;WZ08C7;WZ2008 (ausgewählte Positionen): Tarifindex;WZ08-I;Gastgewerbe;39,0;h;VST019;Durchschnittliche tarifliche Wochenarbeitszeit
62221;Vj. Index der Tarifverdienste und Arbeitszeiten;JAHR;Jahr;2017;DINSGF;Früheres Bundesgebiet / Neue Länder;DF;Früheres Bundesgebiet;WZ08C7;WZ2008 (ausgewählte Positionen): Tarifindex;WZ08-I;Gastgewerbe;92,7;2020=100;VST066;Index d.tarifl. Monatsverdienste ohne Sonderzahl.
62221;Vj. Index der Tarifverdienste und Arbeitszeiten;JAHR;Jahr;2017;DINSGF;Früheres Bundesgebiet / Neue Länder;DF;Früheres Bundesgebiet;WZ08C7;WZ2008 (ausgewählte Positionen): Tarifindex;WZ08-I;Gastgewerbe;100,0;2020=100;VST018;Index der tariflichen Wochenarbeitszeit
62221;Vj. Index der Tarifverdienste und Arbeitszeiten;JAHR;Jahr;2017;DINSGF;Früheres Bundesgebiet / Neue Länder;DF;Früheres Bundesgebiet;WZ08C7;WZ2008 (ausgewählte Positionen): Tarifindex;WZ08-I;Gastgewerbe;92,8;2020=100;VST065;Index d.tarifl. Stundenverdienste ohne Sonderzahl.
62221;Vj. Index der Tarifverdienste und Arbeitszeiten;JAHR;Jahr;2020;DINSGF;Früheres Bundesgebiet / Neue Länder;DN;Neue Länder;WZ08C7;WZ2008 (ausgewählte Positionen): Tarifindex;WZ08-72-01;Forschung,Werbung u.Marktforschung,Veterinärwesen;100,0;2020=100;VST072;Index d.tarifl. Stundenverdienste mit Sonderzahl.
62221;Vj. Index der Tarifverdienste und Arbeitszeiten;JAHR;Jahr;2020;DINSGF;Früheres Bundesgebiet / Neue Länder;DN;Neue Länder;WZ08C7;WZ2008 (ausgewählte Positionen): Tarifindex;WZ08-72-01;Forschung,Werbung u.Marktforschung,Veterinärwesen;100,0;2020=100;VST073;Index d.tarifl. Monatsverdienste mit Sonderzahl.
62221;Vj. Index der Tarifverdienste und Arbeitszeiten;JAHR;Jahr;2020;DINSGF;Früheres Bundesgebiet / Neue Länder;DN;Neue Länder;WZ08C7;WZ2008 (ausgewählte Positionen): Tarifindex;WZ08-72-01;Forschung,Werbung u.Marktforschung,Veterinärwesen;39,3;h;VST019;Durchschnittliche tarifliche Wochenarbeitszeit
62221;Vj. Index der Tarifverdienste und Arbeitszeiten;JAHR;Jahr;2020;DINSGF;Früheres Bundesgebiet / Neue Länder;DN;Neue Länder;WZ08C7;WZ2008 (ausgewählte Positionen): Tarifindex;WZ08-72-01;Forschung,Werbung u.Marktforschung,Veterinärwesen;100,0;2020=100;VST066;Index d.tarifl. Monatsverdienste ohne Sonderzahl.
62221;Vj. Index der Tarifverdienste und Arbeitszeiten;JAHR;Jahr;2020;DINSGF;Früheres Bundesgebiet / Neue Länder;DN;Neue Länder;WZ08C7;WZ2008 (ausgewählte Positionen): Tarifindex;WZ08-72-01;Forschung,Werbung u.Marktforschung,Veterinärwesen;100,0;2020=100;VST018;Index der tariflichen Wochenarbeitszeit
62221;Vj. Index der Tarifverdienste und Arbeitszeiten;JAHR;Jahr;2020;DINSGF;Früheres Bundesgebiet / Neue Länder;DN;Neue Länder;WZ08C7;WZ2008 (ausgewählte Positionen): Tarifindex;WZ08-72-01;Forschung,Werbung u.Marktforschung,Veterinärwesen;100,0;2020=100;VST065;Index d.tarifl. Stundenverdienste ohne Sonderzahl.
62221;Vj. Index der Tarifverdienste und Arbeitszeiten;JAHR;Jahr;2022;DINSGF;Früheres Bundesgebiet / Neue Länder;DF;Früheres Bundesgebiet;WZ08C7;WZ2008 (ausgewählte Positionen): Tarifindex;WZ08-63;Informationsdienstleistungen;102,6;2020=100;VST072;Index d.tarifl. Stundenverdienste mit Sonderzahl.
62221;Vj. Index der Tarifverdienste und Arbeitszeiten;JAHR;Jahr;2022;DINSGF;Früheres Bundesgebiet / Neue Länder;DF;Früheres Bundesgebiet;WZ08C7;WZ2008 (ausgewählte Positionen): Tarifindex;WZ08-63;Informationsdienstleistungen;102,6;2020=100;VST073;Index d.tarifl. Monatsverdienste mit Sonderzahl.
62221;Vj. Index der Tarifverdienste und Arbeitszeiten;JAHR;Jahr;2022;DINSGF;Früheres Bundesgebiet / Neue Länder;DF;Früheres Bundesgebiet;WZ08C7;WZ2008 (ausgewählte Positionen): Tarifindex;WZ08-63;Informationsdienstleistungen;38,4;h;VST019;Durchschnittliche tarifliche Wochenarbeitszeit
62221;Vj. Index der Tarifverdienste und Arbeitszeiten;JAHR;Jahr;2022;DINSGF;Früheres Bundesgebiet / Neue Länder;DF;Früheres Bundesgebiet;WZ08C7;WZ2008 (ausgewählte Positionen): Tarifindex;WZ08-63;Informationsdienstleistungen;102,5;2020=100;VST066;Index d.tarifl. Monatsverdienste ohne Sonderzahl.
62221;Vj. Index der Tarifverdienste und Arbeitszeiten;JAHR;Jahr;2022;DINSGF;Früheres Bundesgebiet / Neue Länder;DF;Früheres Bundesgebiet;WZ08C7;WZ2008 (ausgewählte Positionen): Tarifindex;WZ08-63;Informationsdienstleistungen;100,0;2020=100;VST018;Index der tariflichen Wochenarbeitszeit
62221;Vj. Index der Tarifverdienste und Arbeitszeiten;JAHR;Jahr;2022;DINSGF;Früheres Bundesgebiet / Neue Länder;DF;Früheres Bundesgebiet;WZ08C7;WZ2008 (ausgewählte Positionen): Tarifindex;WZ08-63;Informationsdienstleistungen;102,5;2020=100;VST065;Index d.tarifl. Stundenverdienste ohne Sonderzahl.
62221;Vj. Index der Tarifverdienste und Arbeitszeiten;JAHR;Jahr;2022;DINSGF;Früheres Bundesgebiet / Neue Länder;DF;Früheres Bundesgebiet;WZ08C7;WZ2008 (ausgewählte Positionen): Tarifindex;WZ08-87;Heime (ohne Erholungs- und Ferienheime);104,3;2020=100;VST072;Index d.tarifl. Stundenverdienste mit Sonderzahl.
62221;Vj. Index der Tarifverdienste und Arbeitszeiten;JAHR;Jahr;2022;DINSGF;Früheres Bundesgebiet / Neue Länder;DF;Früheres Bundesgebiet;WZ08C7;WZ2008 (ausgewählte Positionen): Tarifindex;WZ08-87;Heime (ohne Erholungs- und Ferienheime);104,3;2020=100;VST073;Index d.tarifl. Monatsverdienste mit Sonderzahl.
62221;Vj. Index der Tarifverdienste und Arbeitszeiten;JAHR;Jahr;2022;DINSGF;Früheres Bundesgebiet / Neue Länder;DF;Früheres Bundesgebiet;WZ08C7;WZ2008 (ausgewählte Positionen): Tarifindex;WZ08-87;Heime (ohne Erholungs- und Ferienheime);39,0;h;VST019;Durchschnittliche tarifliche Wochenarbeitszeit
62221;Vj. Index der Tarifverdienste und Arbeitszeiten;JAHR;Jahr;2022;DINSGF;Früheres Bundesgebiet / Neue Länder;DF;Früheres Bundesgebiet;WZ08C7;WZ2008 (ausgewählte Positionen): Tarifindex;WZ08-87;Heime (ohne Erholungs- und Ferienheime);104,2;2020=100;VST066;Index d.tarifl. Monatsverdienste ohne Sonderzahl.
62221;Vj. Index der Tarifverdienste und Arbeitszeiten;JAHR;Jahr;2022;DINSGF;Früheres Bundesgebiet / Neue Länder;DF;Früheres Bundesgebiet;WZ08C7;WZ2008 (ausgewählte Positionen): Tarifindex;WZ08-87;Heime (ohne Erholungs- und Ferienheime);100,0;2020=100;VST018;Index der tariflichen Wochenarbeitszeit
62221;Vj. Index der Tarifverdienste und Arbeitszeiten;JAHR;Jahr;2022;DINSGF;Früheres Bundesgebiet / Neue Länder;DF;Früheres Bundesgebiet;WZ08C7;WZ2008 (ausgewählte Positionen): Tarifindex;WZ08-87;Heime (ohne Erholungs- und Ferienheime);104,2;2020=100;VST065;Index d.tarifl. Stundenverdienste ohne Sonderzahl.
62221;Vj. Index der Tarifverdienste und Arbeitszeiten;JAHR;Jahr;2017;DINSGF;Früheres Bundesgebiet / Neue Länder;DF;Früheres Bundesgebiet;WZ08C7;WZ2008 (ausgewählte Positionen): Tarifindex;WZ08-11;Getränkeherstellung;92,6;2020=100;VST072;Index d.tarifl. Stundenverdienste mit Sonderzahl.
62221;Vj. Index der Tarifverdienste und Arbeitszeiten;JAHR;Jahr;2017;DINSGF;Früheres Bundesgebiet / Neue Länder;DF;Früheres Bundesgebiet;WZ08C7;WZ2008 (ausgewählte Positionen): Tarifindex;WZ08-11;Getränkeherstellung;92,6;2020=100;VST073;Index d.tarifl. Monatsverdienste mit Sonderzahl.
62221;Vj. Index der Tarifverdienste und Arbeitszeiten;JAHR;Jahr;2017;DINSGF;Früheres Bundesgebiet / Neue Länder;DF;Früheres Bundesgebiet;WZ08C7;WZ2008 (ausgewählte Positionen): Tarifindex;WZ08-11;Getränkeherstellung;38,3;h;VST019;Durchschnittliche tarifliche Wochenarbeitszeit
62221;Vj. Index der Tarifverdienste und Arbeitszeiten;JAHR;Jahr;2017;DINSGF;Früheres Bundesgebiet / Neue Länder;DF;Früheres Bundesgebiet;WZ08C7;WZ2008 (ausgewählte Positionen): Tarifindex;WZ08-11;Getränkeherstellung;92,3;2020=100;VST066;Index d.tarifl. Monatsverdienste ohne Sonderzahl.
62221;Vj. Index der Tarifverdienste und Arbeitszeiten;JAHR;Jahr;2017;DINSGF;Früheres Bundesgebiet / Neue Länder;DF;Früheres Bundesgebiet;WZ08C7;WZ2008 (ausgewählte Positionen): Tarifindex;WZ08-11;Getränkeherstellung;100,0;2020=100;VST018;Index der tariflichen Wochenarbeitszeit
62221;Vj. Index der Tarifverdienste und Arbeitszeiten;JAHR;Jahr;2017;DINSGF;Früheres Bundesgebiet / Neue Länder;DF;Früheres Bundesgebiet;WZ08C7;WZ2008 (ausgewählte Positionen): Tarifindex;WZ08-11;Getränkeherstellung;92,3;2020=100;VST065;Index d.tarifl. Stundenverdienste ohne Sonderzahl.
62221;Vj. Index der Tarifverdienste und Arbeitszeiten;JAHR;Jahr;2017;DINSGF;Früheres Bundesgebiet / Neue Länder;DF;Früheres Bundesgebiet;WZ08C7;WZ2008 (ausgewählte Positionen): Tarifindex;WZ08-17;Herstellung von Papier, Pappe und Waren daraus;93,1;2020=100;VST072;Index d.tarifl. Stundenverdienste mit Sonderzahl.
62221;Vj. Index der Tarifverdienste und Arbeitszeiten;JAHR;Jahr;2017;DINSGF;Früheres Bundesgebiet / Neue Länder;DF;Früheres Bundesgebiet;WZ08C7;WZ2008 (ausgewählte Positionen): Tarifindex;WZ08-17;Herstellung von Papier, Pappe und Waren daraus;93,1;2020=100;VST073;Index d.tarifl. Monatsverdienste mit Sonderzahl.
62221;Vj. Index der Tarifverdienste und Arbeitszeiten;JAHR;Jahr;2017;DINSGF;Früheres Bundesgebiet / Neue Länder;DF;Früheres Bundesgebiet;WZ08C7;WZ2008 (ausgewählte Positionen): Tarifindex;WZ08-17;Herstellung von Papier, Pappe und Waren daraus;36,8;h;VST019;Durchschnittliche tarifliche Wochenarbeitszeit
62221;Vj. Index der Tarifverdienste und Arbeitszeiten;JAHR;Jahr;2017;DINSGF;Früheres Bundesgebiet / Neue Länder;DF;Früheres Bundesgebiet;WZ08C7;WZ2008 (ausgewählte Positionen): Tarifindex;WZ08-17;Herstellung von Papier, Pappe und Waren daraus;94,1;2020=100;VST066;Index d.tarifl. Monatsverdienste ohne Sonderzahl.
62221;Vj. Index der Tarifverdienste und Arbeitszeiten;JAHR;Jahr;2017;DINSGF;Früheres Bundesgebiet / Neue Länder;DF;Früheres Bundesgebiet;WZ08C7;WZ2008 (ausgewählte Positionen): Tarifindex;WZ08-17;Herstellung von Papier, Pappe und Waren daraus;100,0;2020=100;VST018;Index der tariflichen Wochenarbeitszeit
62221;Vj. Index der Tarifverdienste und Arbeitszeiten;JAHR;Jahr;2017;DINSGF;Früheres Bundesgebiet / Neue Länder;DF;Früheres Bundesgebiet;WZ08C7;WZ2008 (ausgewählte Positionen): Tarifindex;WZ08-17;Herstellung von Papier, Pappe und Waren daraus;94,1;2020=100;VST065;Index d.tarifl. Stundenverdienste ohne Sonderzahl.
62221;Vj. Index der Tarifverdienste und Arbeitszeiten;JAHR;Jahr;2022;DINSGF;Früheres Bundesgebiet / Neue Länder;DF;Früheres Bundesgebiet;WZ08C7;WZ2008 (ausgewählte Positionen): Tarifindex;WZ08-18;H.v. Druckerz., Vervielf.v.Ton-,Bild-,Datenträgern;103,7;2020=100;VST072;Index d.tarifl. Stundenverdienste mit Sonderzahl.
62221;Vj. Index der Tarifverdienste und Arbeitszeiten;JAHR;Jahr;2022;DINSGF;Früheres Bundesgebiet / Neue Länder;DF;Früheres Bundesgebiet;WZ08C7;WZ2008 (ausgewählte Positionen): Tarifindex;WZ08-18;H.v. Druckerz., Vervielf.v.Ton-,Bild-,Datenträgern;103,7;2020=100;VST073;Index d.tarifl. Monatsverdienste mit Sonderzahl.
62221;Vj. Index der Tarifverdienste und Arbeitszeiten;JAHR;Jahr;2022;DINSGF;Früheres Bundesgebiet / Neue Länder;DF;Früheres Bundesgebiet;WZ08C7;WZ2008 (ausgewählte Positionen): Tarifindex;WZ08-18;H.v. Druckerz., Vervielf.v.Ton-,Bild-,Datenträgern;35,3;h;VST019;Durchschnittliche tarifliche Wochenarbeitszeit
62221;Vj. Index der Tarifverdienste und Arbeitszeiten;JAHR;Jahr;2022;DINSGF;Früheres Bundesgebiet / Neue Länder;DF;Früheres Bundesgebiet;WZ08C7;WZ2008 (ausgewählte Positionen): Tarifindex;WZ08-18;H.v. Druckerz., Vervielf.v.Ton-,Bild-,Datenträgern;103,1;2020=100;VST066;Index d.tarifl. Monatsverdienste ohne Sonderzahl.
62221;Vj. Index der Tarifverdienste und Arbeitszeiten;JAHR;Jahr;2022;DINSGF;Früheres Bundesgebiet / Neue Länder;DF;Früheres Bundesgebiet;WZ08C7;WZ2008 (ausgewählte Positionen): Tarifindex;WZ08-18;H.v. Druckerz., Vervielf.v.Ton-,Bild-,Datenträgern;100,0;2020=100;VST018;Index der tariflichen Wochenarbeitszeit
62221;Vj. Index der Tarifverdienste und Arbeitszeiten;JAHR;Jahr;2022;DINSGF;Früheres Bundesgebiet / Neue Länder;DF;Früheres Bundesgebiet;WZ08C7;WZ2008 (ausgewählte Positionen): Tarifindex;WZ08-18;H.v. Druckerz., Vervielf.v.Ton-,Bild-,Datenträgern;103,1;2020=100;VST065;Index d.tarifl. Stundenverdienste ohne Sonderzahl.
62221;Vj. Index der Tarifverdienste und Arbeitszeiten;JAHR;Jahr;2020;DINSGF;Früheres Bundesgebiet / Neue Länder;DN;Neue Länder;WZ08C7;WZ2008 (ausgewählte Positionen): Tarifindex;WZ08-25;Herstellung von Metallerzeugnissen;100,0;2020=100;VST072;Index d.tarifl. Stundenverdienste mit Sonderzahl.
62221;Vj. Index der Tarifverdienste und Arbeitszeiten;JAHR;Jahr;2020;DINSGF;Früheres Bundesgebiet / Neue Länder;DN;Neue Länder;WZ08C7;WZ2008 (ausgewählte Positionen): Tarifindex;WZ08-25;Herstellung von Metallerzeugnissen;100,0;2020=100;VST073;Index d.tarifl. Monatsverdienste mit Sonderzahl.
62221;Vj. Index der Tarifverdienste und Arbeitszeiten;JAHR;Jahr;2020;DINSGF;Früheres Bundesgebiet / Neue Länder;DN;Neue Länder;WZ08C7;WZ2008 (ausgewählte Positionen): Tarifindex;WZ08-25;Herstellung von Metallerzeugnissen;37,7;h;VST019;Durchschnittliche tarifliche Wochenarbeitszeit
62221;Vj. Index der Tarifverdienste und Arbeitszeiten;JAHR;Jahr;2020;DINSGF;Früheres Bundesgebiet / Neue Länder;DN;Neue Länder;WZ08C7;WZ2008 (ausgewählte Positionen): Tarifindex;WZ08-25;Herstellung von Metallerzeugnissen;100,0;2020=100;VST066;Index d.tarifl. Monatsverdienste ohne Sonderzahl.
62221;Vj. Index der Tarifverdienste und Arbeitszeiten;JAHR;Jahr;2020;DINSGF;Früheres Bundesgebiet / Neue Länder;DN;Neue Länder;WZ08C7;WZ2008 (ausgewählte Positionen): Tarifindex;WZ08-25;Herstellung von Metallerzeugnissen;100,0;2020=100;VST018;Index der tariflichen Wochenarbeitszeit
62221;Vj. Index der Tarifverdienste und Arbeitszeiten;JAHR;Jahr;2020;DINSGF;Früheres Bundesgebiet / Neue Länder;DN;Neue Länder;WZ08C7;WZ2008 (ausgewählte Positionen): Tarifindex;WZ08-25;Herstellung von Metallerzeugnissen;100,0;2020=100;VST065;Index d.tarifl. Stundenverdienste ohne Sonderzahl.
62221;Vj. Index der Tarifverdienste und Arbeitszeiten;JAHR;Jahr;2017;DINSGF;Früheres Bundesgebiet / Neue Länder;DF;Früheres Bundesgebiet;WZ08C7;WZ2008 (ausgewählte Positionen): Tarifindex;WZ08-86;Gesundheitswesen;92,5;2020=100;VST072;Index d.tarifl. Stundenverdienste mit Sonderzahl.
62221;Vj. Index der Tarifverdienste und Arbeitszeiten;JAHR;Jahr;2017;DINSGF;Früheres Bundesgebiet / Neue Länder;DF;Früheres Bundesgebiet;WZ08C7;WZ2008 (ausgewählte Positionen): Tarifindex;WZ08-86;Gesundheitswesen;92,5;2020=100;VST073;Index d.tarifl. Monatsverdienste mit Sonderzahl.
62221;Vj. Index der Tarifverdienste und Arbeitszeiten;JAHR;Jahr;2017;DINSGF;Früheres Bundesgebiet / Neue Länder;DF;Früheres Bundesgebiet;WZ08C7;WZ2008 (ausgewählte Positionen): Tarifindex;WZ08-86;Gesundheitswesen;39,2;h;VST019;Durchschnittliche tarifliche Wochenarbeitszeit
62221;Vj. Index der Tarifverdienste und Arbeitszeiten;JAHR;Jahr;2017;DINSGF;Früheres Bundesgebiet / Neue Länder;DF;Früheres Bundesgebiet;WZ08C7;WZ2008 (ausgewählte Positionen): Tarifindex;WZ08-86;Gesundheitswesen;92,7;2020=100;VST066;Index d.tarifl. Monatsverdienste ohne Sonderzahl.
62221;Vj. Index der Tarifverdienste und Arbeitszeiten;JAHR;Jahr;2017;DINSGF;Früheres Bundesgebiet / Neue Länder;DF;Früheres Bundesgebiet;WZ08C7;WZ2008 (ausgewählte Positionen): Tarifindex;WZ08-86;Gesundheitswesen;100,0;2020=100;VST018;Index der tariflichen Wochenarbeitszeit
62221;Vj. Index der Tarifverdienste und Arbeitszeiten;JAHR;Jahr;2017;DINSGF;Früheres Bundesgebiet / Neue Länder;DF;Früheres Bundesgebiet;WZ08C7;WZ2008 (ausgewählte Positionen): Tarifindex;WZ08-86;Gesundheitswesen;92,7;2020=100;VST065;Index d.tarifl. Stundenverdienste ohne Sonderzahl.
62221;Vj. Index der Tarifverdienste und Arbeitszeiten;JAHR;Jahr;2020;DINSGF;Früheres Bundesgebiet / Neue Länder;DF;Früheres Bundesgebiet;WZ08C7;WZ2008 (ausgewählte Positionen): Tarifindex;WZ08-D-05;Energie- und Wasserversorgung, Entsorgung u.a.;100,0;2020=100;VST072;Index d.tarifl. Stundenverdienste mit Sonderzahl.
62221;Vj. Index der Tarifverdienste und Arbeitszeiten;JAHR;Jahr;2020;DINSGF;Früheres Bundesgebiet / Neue Länder;DF;Früheres Bundesgebiet;WZ08C7;WZ2008 (ausgewählte Positionen): Tarifindex;WZ08-D-05;Energie- und Wasserversorgung, Entsorgung u.a.;100,0;2020=100;VST073;Index d.tarifl. Monatsverdienste mit Sonderzahl.
62221;Vj. Index der Tarifverdienste und Arbeitszeiten;JAHR;Jahr;2020;DINSGF;Früheres Bundesgebiet / Neue Länder;DF;Früheres Bundesgebiet;WZ08C7;WZ2008 (ausgewählte Positionen): Tarifindex;WZ08-D-05;Energie- und Wasserversorgung, Entsorgung u.a.;38,5;h;VST019;Durchschnittliche tarifliche Wochenarbeitszeit
62221;Vj. Index der Tarifverdienste und Arbeitszeiten;JAHR;Jahr;2020;DINSGF;Früheres Bundesgebiet / Neue Länder;DF;Früheres Bundesgebiet;WZ08C7;WZ2008 (ausgewählte Positionen): Tarifindex;WZ08-D-05;Energie- und Wasserversorgung, Entsorgung u.a.;100,0;2020=100;VST066;Index d.tarifl. Monatsverdienste ohne Sonderzahl.
62221;Vj. Index der Tarifverdienste und Arbeitszeiten;JAHR;Jahr;2020;DINSGF;Früheres Bundesgebiet / Neue Länder;DF;Früheres Bundesgebiet;WZ08C7;WZ2008 (ausgewählte Positionen): Tarifindex;WZ08-D-05;Energie- und Wasserversorgung, Entsorgung u.a.;100,0;2020=100;VST018;Index der tariflichen Wochenarbeitszeit
62221;Vj. Index der Tarifverdienste und Arbeitszeiten;JAHR;Jahr;2020;DINSGF;Früheres Bundesgebiet / Neue Länder;DF;Früheres Bundesgebiet;WZ08C7;WZ2008 (ausgewählte Positionen): Tarifindex;WZ08-D-05;Energie- und Wasserversorgung, Entsorgung u.a.;100,0;2020=100;VST065;Index d.tarifl. Stundenverdienste ohne Sonderzahl.
62221;Vj. Index der Tarifverdienste und Arbeitszeiten;JAHR;Jahr;2021;DINSGF;Früheres Bundesgebiet / Neue Länder;DN;Neue Länder;WZ08C7;WZ2008 (ausgewählte Positionen): Tarifindex;WZ08-82;Dienstleistungen für Unternehmen u.Privatpers. ang;102,6;2020=100;VST072;Index d.tarifl. Stundenverdienste mit Sonderzahl.
62221;Vj. Index der Tarifverdienste und Arbeitszeiten;JAHR;Jahr;2021;DINSGF;Früheres Bundesgebiet / Neue Länder;DN;Neue Länder;WZ08C7;WZ2008 (ausgewählte Positionen): Tarifindex;WZ08-82;Dienstleistungen für Unternehmen u.Privatpers. ang;102,6;2020=100;VST073;Index d.tarifl. Monatsverdienste mit Sonderzahl.
62221;Vj. Index der Tarifverdienste und Arbeitszeiten;JAHR;Jahr;2021;DINSGF;Früheres Bundesgebiet / Neue Länder;DN;Neue Länder;WZ08C7;WZ2008 (ausgewählte Positionen): Tarifindex;WZ08-82;Dienstleistungen für Unternehmen u.Privatpers. ang;38,2;h;VST019;Durchschnittliche tarifliche Wochenarbeitszeit
62221;Vj. Index der Tarifverdienste und Arbeitszeiten;JAHR;Jahr;2021;DINSGF;Früheres Bundesgebiet / Neue Länder;DN;Neue Länder;WZ08C7;WZ2008 (ausgewählte Positionen): Tarifindex;WZ08-82;Dienstleistungen für Unternehmen u.Privatpers. ang;102,5;2020=100;VST066;Index d.tarifl. Monatsverdienste ohne Sonderzahl.
62221;Vj. Index der Tarifverdienste und Arbeitszeiten;JAHR;Jahr;2021;DINSGF;Früheres Bundesgebiet / Neue Länder;DN;Neue Länder;WZ08C7;WZ2008 (ausgewählte Positionen): Tarifindex;WZ08-82;Dienstleistungen für Unternehmen u.Privatpers. ang;100,0;2020=100;VST018;Index der tariflichen Wochenarbeitszeit
62221;Vj. Index der Tarifverdienste und Arbeitszeiten;JAHR;Jahr;2021;DINSGF;Früheres Bundesgebiet / Neue Länder;DN;Neue Länder;WZ08C7;WZ2008 (ausgewählte Positionen): Tarifindex;WZ08-82;Dienstleistungen für Unternehmen u.Privatpers. ang;102,5;2020=100;VST065;Index d.tarifl. Stundenverdienste ohne Sonderzahl.
62221;Vj. Index der Tarifverdienste und Arbeitszeiten;JAHR;Jahr;2021;DINSGF;Früheres Bundesgebiet / Neue Länder;DN;Neue Länder;WZ08C7;WZ2008 (ausgewählte Positionen): Tarifindex;WZ-X004;Verbrauchsgüterproduzenten;102,2;2020=100;VST072;Index d.tarifl. Stundenverdienste mit Sonderzahl.
62221;Vj. Index der Tarifverdienste und Arbeitszeiten;JAHR;Jahr;2021;DINSGF;Früheres Bundesgebiet / Neue Länder;DN;Neue Länder;WZ08C7;WZ2008 (ausgewählte Positionen): Tarifindex;WZ-X004;Verbrauchsgüterproduzenten;102,2;2020=100;VST073;Index d.tarifl. Monatsverdienste mit Sonderzahl.
62221;Vj. Index der Tarifverdienste und Arbeitszeiten;JAHR;Jahr;2021;DINSGF;Früheres Bundesgebiet / Neue Länder;DN;Neue Länder;WZ08C7;WZ2008 (ausgewählte Positionen): Tarifindex;WZ-X004;Verbrauchsgüterproduzenten;38,6;h;VST019;Durchschnittliche tarifliche Wochenarbeitszeit
62221;Vj. Index der Tarifverdienste und Arbeitszeiten;JAHR;Jahr;2021;DINSGF;Früheres Bundesgebiet / Neue Länder;DN;Neue Länder;WZ08C7;WZ2008 (ausgewählte Positionen): Tarifindex;WZ-X004;Verbrauchsgüterproduzenten;102,5;2020=100;VST066;Index d.tarifl. Monatsverdienste ohne Sonderzahl.
62221;Vj. Index der Tarifverdienste und Arbeitszeiten;JAHR;Jahr;2021;DINSGF;Früheres Bundesgebiet / Neue Länder;DN;Neue Länder;WZ08C7;WZ2008 (ausgewählte Positionen): Tarifindex;WZ-X004;Verbrauchsgüterproduzenten;100,0;2020=100;VST018;Index der tariflichen Wochenarbeitszeit
62221;Vj. Index der Tarifverdienste und Arbeitszeiten;JAHR;Jahr;2021;DINSGF;Früheres Bundesgebiet / Neue Länder;DN;Neue Länder;WZ08C7;WZ2008 (ausgewählte Positionen): Tarifindex;WZ-X004;Verbrauchsgüterproduzenten;102,5;2020=100;VST065;Index d.tarifl. Stundenverdienste ohne Sonderzahl.
62221;Vj. Index der Tarifverdienste und Arbeitszeiten;JAHR;Jahr;2017;DINSGF;Früheres Bundesgebiet / Neue Länder;DF;Früheres Bundesgebiet;WZ08C7;WZ2008 (ausgewählte Positionen): Tarifindex;WZ08-35;Energieversorgung;92,9;2020=100;VST072;Index d.tarifl. Stundenverdienste mit Sonderzahl.
62221;Vj. Index der Tarifverdienste und Arbeitszeiten;JAHR;Jahr;2017;DINSGF;Früheres Bundesgebiet / Neue Länder;DF;Früheres Bundesgebiet;WZ08C7;WZ2008 (ausgewählte Positionen): Tarifindex;WZ08-35;Energieversorgung;92,9;2020=100;VST073;Index d.tarifl. Monatsverdienste mit Sonderzahl.
62221;Vj. Index der Tarifverdienste und Arbeitszeiten;JAHR;Jahr;2017;DINSGF;Früheres Bundesgebiet / Neue Länder;DF;Früheres Bundesgebiet;WZ08C7;WZ2008 (ausgewählte Positionen): Tarifindex;WZ08-35;Energieversorgung;38,4;h;VST019;Durchschnittliche tarifliche Wochenarbeitszeit
62221;Vj. Index der Tarifverdienste und Arbeitszeiten;JAHR;Jahr;2017;DINSGF;Früheres Bundesgebiet / Neue Länder;DF;Früheres Bundesgebiet;WZ08C7;WZ2008 (ausgewählte Positionen): Tarifindex;WZ08-35;Energieversorgung;93,1;2020=100;VST066;Index d.tarifl. Monatsverdienste ohne Sonderzahl.
62221;Vj. Index der Tarifverdienste und Arbeitszeiten;JAHR;Jahr;2017;DINSGF;Früheres Bundesgebiet / Neue Länder;DF;Früheres Bundesgebiet;WZ08C7;WZ2008 (ausgewählte Positionen): Tarifindex;WZ08-35;Energieversorgung;100,0;2020=100;VST018;Index der tariflichen Wochenarbeitszeit
62221;Vj. Index der Tarifverdienste und Arbeitszeiten;JAHR;Jahr;2017;DINSGF;Früheres Bundesgebiet / Neue Länder;DF;Früheres Bundesgebiet;WZ08C7;WZ2008 (ausgewählte Positionen): Tarifindex;WZ08-35;Energieversorgung;93,1;2020=100;VST065;Index d.tarifl. Stundenverdienste ohne Sonderzahl.
62221;Vj. Index der Tarifverdienste und Arbeitszeiten;JAHR;Jahr;2021;DINSGF;Früheres Bundesgebiet / Neue Länder;DN;Neue Länder;WZ08C7;WZ2008 (ausgewählte Positionen): Tarifindex;WZ08-88;Sozialwesen (ohne Heime);102,3;2020=100;VST072;Index d.tarifl. Stundenverdienste mit Sonderzahl.
62221;Vj. Index der Tarifverdienste und Arbeitszeiten;JAHR;Jahr;2021;DINSGF;Früheres Bundesgebiet / Neue Länder;DN;Neue Länder;WZ08C7;WZ2008 (ausgewählte Positionen): Tarifindex;WZ08-88;Sozialwesen (ohne Heime);102,1;2020=100;VST073;Index d.tarifl. Monatsverdienste mit Sonderzahl.
62221;Vj. Index der Tarifverdienste und Arbeitszeiten;JAHR;Jahr;2021;DINSGF;Früheres Bundesgebiet / Neue Länder;DN;Neue Länder;WZ08C7;WZ2008 (ausgewählte Positionen): Tarifindex;WZ08-88;Sozialwesen (ohne Heime);39,3;h;VST019;Durchschnittliche tarifliche Wochenarbeitszeit
62221;Vj. Index der Tarifverdienste und Arbeitszeiten;JAHR;Jahr;2021;DINSGF;Früheres Bundesgebiet / Neue Länder;DN;Neue Länder;WZ08C7;WZ2008 (ausgewählte Positionen): Tarifindex;WZ08-88;Sozialwesen (ohne Heime);102,2;2020=100;VST066;Index d.tarifl. Monatsverdienste ohne Sonderzahl.
62221;Vj. Index der Tarifverdienste und Arbeitszeiten;JAHR;Jahr;2021;DINSGF;Früheres Bundesgebiet / Neue Länder;DN;Neue Länder;WZ08C7;WZ2008 (ausgewählte Positionen): Tarifindex;WZ08-88;Sozialwesen (ohne Heime);99,9;2020=100;VST018;Index der tariflichen Wochenarbeitszeit
62221;Vj. Index der Tarifverdienste und Arbeitszeiten;JAHR;Jahr;2021;DINSGF;Früheres Bundesgebiet / Neue Länder;DN;Neue Länder;WZ08C7;WZ2008 (ausgewählte Positionen): Tarifindex;WZ08-88;Sozialwesen (ohne Heime);102,4;2020=100;VST065;Index d.tarifl. Stundenverdienste ohne Sonderzahl.
62221;Vj. Index der Tarifverdienste und Arbeitszeiten;JAHR;Jahr;2017;DINSGF;Früheres Bundesgebiet / Neue Länder;DF;Früheres Bundesgebiet;WZ08C7;WZ2008 (ausgewählte Positionen): Tarifindex;WZ08-62;Dienstleistungen der Informationstechnologie;93,4;2020=100;VST072;Index d.tarifl. Stundenverdienste mit Sonderzahl.
62221;Vj. Index der Tarifverdienste und Arbeitszeiten;JAHR;Jahr;2017;DINSGF;Früheres Bundesgebiet / Neue Länder;DF;Früheres Bundesgebiet;WZ08C7;WZ2008 (ausgewählte Positionen): Tarifindex;WZ08-62;Dienstleistungen der Informationstechnologie;93,5;2020=100;VST073;Index d.tarifl. Monatsverdienste mit Sonderzahl.
62221;Vj. Index der Tarifverdienste und Arbeitszeiten;JAHR;Jahr;2017;DINSGF;Früheres Bundesgebiet / Neue Länder;DF;Früheres Bundesgebiet;WZ08C7;WZ2008 (ausgewählte Positionen): Tarifindex;WZ08-62;Dienstleistungen der Informationstechnologie;37,5;h;VST019;Durchschnittliche tarifliche Wochenarbeitszeit
62221;Vj. Index der Tarifverdienste und Arbeitszeiten;JAHR;Jahr;2017;DINSGF;Früheres Bundesgebiet / Neue Länder;DF;Früheres Bundesgebiet;WZ08C7;WZ2008 (ausgewählte Positionen): Tarifindex;WZ08-62;Dienstleistungen der Informationstechnologie;94,0;2020=100;VST066;Index d.tarifl. Monatsverdienste ohne Sonderzahl.
62221;Vj. Index der Tarifverdienste und Arbeitszeiten;JAHR;Jahr;2017;DINSGF;Früheres Bundesgebiet / Neue Länder;DF;Früheres Bundesgebiet;WZ08C7;WZ2008 (ausgewählte Positionen): Tarifindex;WZ08-62;Dienstleistungen der Informationstechnologie;100,1;2020=100;VST018;Index der tariflichen Wochenarbeitszeit
62221;Vj. Index der Tarifverdienste und Arbeitszeiten;JAHR;Jahr;2017;DINSGF;Früheres Bundesgebiet / Neue Länder;DF;Früheres Bundesgebiet;WZ08C7;WZ2008 (ausgewählte Positionen): Tarifindex;WZ08-62;Dienstleistungen der Informationstechnologie;93,9;2020=100;VST065;Index d.tarifl. Stundenverdienste ohne Sonderzahl.
62221;Vj. Index der Tarifverdienste und Arbeitszeiten;JAHR;Jahr;2017;DINSGF;Früheres Bundesgebiet / Neue Länder;DF;Früheres Bundesgebiet;WZ08C7;WZ2008 (ausgewählte Positionen): Tarifindex;WZ08-59;Film, TV-Programme, Kinos, Tonstudios, Musikverlag;93,2;2020=100;VST072;Index d.tarifl. Stundenverdienste mit Sonderzahl.
62221;Vj. Index der Tarifverdienste und Arbeitszeiten;JAHR;Jahr;2017;DINSGF;Früheres Bundesgebiet / Neue Länder;DF;Früheres Bundesgebiet;WZ08C7;WZ2008 (ausgewählte Positionen): Tarifindex;WZ08-59;Film, TV-Programme, Kinos, Tonstudios, Musikverlag;93,2;2020=100;VST073;Index d.tarifl. Monatsverdienste mit Sonderzahl.
62221;Vj. Index der Tarifverdienste und Arbeitszeiten;JAHR;Jahr;2017;DINSGF;Früheres Bundesgebiet / Neue Länder;DF;Früheres Bundesgebiet;WZ08C7;WZ2008 (ausgewählte Positionen): Tarifindex;WZ08-59;Film, TV-Programme, Kinos, Tonstudios, Musikverlag;38,7;h;VST019;Durchschnittliche tarifliche Wochenarbeitszeit
62221;Vj. Index der Tarifverdienste und Arbeitszeiten;JAHR;Jahr;2017;DINSGF;Früheres Bundesgebiet / Neue Länder;DF;Früheres Bundesgebiet;WZ08C7;WZ2008 (ausgewählte Positionen): Tarifindex;WZ08-59;Film, TV-Programme, Kinos, Tonstudios, Musikverlag;93,2;2020=100;VST066;Index d.tarifl. Monatsverdienste ohne Sonderzahl.
62221;Vj. Index der Tarifverdienste und Arbeitszeiten;JAHR;Jahr;2017;DINSGF;Früheres Bundesgebiet / Neue Länder;DF;Früheres Bundesgebiet;WZ08C7;WZ2008 (ausgewählte Positionen): Tarifindex;WZ08-59;Film, TV-Programme, Kinos, Tonstudios, Musikverlag;100,0;2020=100;VST018;Index der tariflichen Wochenarbeitszeit
62221;Vj. Index der Tarifverdienste und Arbeitszeiten;JAHR;Jahr;2017;DINSGF;Früheres Bundesgebiet / Neue Länder;DF;Früheres Bundesgebiet;WZ08C7;WZ2008 (ausgewählte Positionen): Tarifindex;WZ08-59;Film, TV-Programme, Kinos, Tonstudios, Musikverlag;93,2;2020=100;VST065;Index d.tarifl. Stundenverdienste ohne Sonderzahl.
62221;Vj. Index der Tarifverdienste und Arbeitszeiten;JAHR;Jahr;2022;DINSGF;Früheres Bundesgebiet / Neue Länder;DF;Früheres Bundesgebiet;WZ08C7;WZ2008 (ausgewählte Positionen): Tarifindex;WZ08-45;Kfz-Handel, Instandhaltung und Reparatur von Kfz;103,6;2020=100;VST072;Index d.tarifl. Stundenverdienste mit Sonderzahl.
62221;Vj. Index der Tarifverdienste und Arbeitszeiten;JAHR;Jahr;2022;DINSGF;Früheres Bundesgebiet / Neue Länder;DF;Früheres Bundesgebiet;WZ08C7;WZ2008 (ausgewählte Positionen): Tarifindex;WZ08-45;Kfz-Handel, Instandhaltung und Reparatur von Kfz;103,6;2020=100;VST073;Index d.tarifl. Monatsverdienste mit Sonderzahl.
62221;Vj. Index der Tarifverdienste und Arbeitszeiten;JAHR;Jahr;2022;DINSGF;Früheres Bundesgebiet / Neue Länder;DF;Früheres Bundesgebiet;WZ08C7;WZ2008 (ausgewählte Positionen): Tarifindex;WZ08-45;Kfz-Handel, Instandhaltung und Reparatur von Kfz;36,5;h;VST019;Durchschnittliche tarifliche Wochenarbeitszeit
62221;Vj. Index der Tarifverdienste und Arbeitszeiten;JAHR;Jahr;2022;DINSGF;Früheres Bundesgebiet / Neue Länder;DF;Früheres Bundesgebiet;WZ08C7;WZ2008 (ausgewählte Positionen): Tarifindex;WZ08-45;Kfz-Handel, Instandhaltung und Reparatur von Kfz;103,4;2020=100;VST066;Index d.tarifl. Monatsverdienste ohne Sonderzahl.
62221;Vj. Index der Tarifverdienste und Arbeitszeiten;JAHR;Jahr;2022;DINSGF;Früheres Bundesgebiet / Neue Länder;DF;Früheres Bundesgebiet;WZ08C7;WZ2008 (ausgewählte Positionen): Tarifindex;WZ08-45;Kfz-Handel, Instandhaltung und Reparatur von Kfz;100,0;2020=100;VST018;Index der tariflichen Wochenarbeitszeit
62221;Vj. Index der Tarifverdienste und Arbeitszeiten;JAHR;Jahr;2022;DINSGF;Früheres Bundesgebiet / Neue Länder;DF;Früheres Bundesgebiet;WZ08C7;WZ2008 (ausgewählte Positionen): Tarifindex;WZ08-45;Kfz-Handel, Instandhaltung und Reparatur von Kfz;103,4;2020=100;VST065;Index d.tarifl. Stundenverdienste ohne Sonderzahl.
62221;Vj. Index der Tarifverdienste und Arbeitszeiten;JAHR;Jahr;2023;DINSGF;Früheres Bundesgebiet / Neue Länder;DF;Früheres Bundesgebiet;WZ08C7;WZ2008 (ausgewählte Positionen): Tarifindex;WZ08-51;Luftfahrt;110,5;2020=100;VST072;Index d.tarifl. Stundenverdienste mit Sonderzahl.
62221;Vj. Index der Tarifverdienste und Arbeitszeiten;JAHR;Jahr;2023;DINSGF;Früheres Bundesgebiet / Neue Länder;DF;Früheres Bundesgebiet;WZ08C7;WZ2008 (ausgewählte Positionen): Tarifindex;WZ08-51;Luftfahrt;110,5;2020=100;VST073;Index d.tarifl. Monatsverdienste mit Sonderzahl.
62221;Vj. Index der Tarifverdienste und Arbeitszeiten;JAHR;Jahr;2023;DINSGF;Früheres Bundesgebiet / Neue Länder;DF;Früheres Bundesgebiet;WZ08C7;WZ2008 (ausgewählte Positionen): Tarifindex;WZ08-51;Luftfahrt;41,1;h;VST019;Durchschnittliche tarifliche Wochenarbeitszeit
62221;Vj. Index der Tarifverdienste und Arbeitszeiten;JAHR;Jahr;2023;DINSGF;Früheres Bundesgebiet / Neue Länder;DF;Früheres Bundesgebiet;WZ08C7;WZ2008 (ausgewählte Positionen): Tarifindex;WZ08-51;Luftfahrt;107,8;2020=100;VST066;Index d.tarifl. Monatsverdienste ohne Sonderzahl.
62221;Vj. Index der Tarifverdienste und Arbeitszeiten;JAHR;Jahr;2023;DINSGF;Früheres Bundesgebiet / Neue Länder;DF;Früheres Bundesgebiet;WZ08C7;WZ2008 (ausgewählte Positionen): Tarifindex;WZ08-51;Luftfahrt;100,0;2020=100;VST018;Index der tariflichen Wochenarbeitszeit
62221;Vj. Index der Tarifverdienste und Arbeitszeiten;JAHR;Jahr;2023;DINSGF;Früheres Bundesgebiet / Neue Länder;DF;Früheres Bundesgebiet;WZ08C7;WZ2008 (ausgewählte Positionen): Tarifindex;WZ08-51;Luftfahrt;107,8;2020=100;VST065;Index d.tarifl. Stundenverdienste ohne Sonderzahl.
62221;Vj. Index der Tarifverdienste und Arbeitszeiten;JAHR;Jahr;2020;DINSGF;Früheres Bundesgebiet / Neue Länder;DN;Neue Länder;WZ08C7;WZ2008 (ausgewählte Positionen): Tarifindex;WZ08-01;Landwirtschaft, Jagd und verbundene Tätigkeiten;100,0;2020=100;VST072;Index d.tarifl. Stundenverdienste mit Sonderzahl.
62221;Vj. Index der Tarifverdienste und Arbeitszeiten;JAHR;Jahr;2020;DINSGF;Früheres Bundesgebiet / Neue Länder;DN;Neue Länder;WZ08C7;WZ2008 (ausgewählte Positionen): Tarifindex;WZ08-01;Landwirtschaft, Jagd und verbundene Tätigkeiten;100,0;2020=100;VST073;Index d.tarifl. Monatsverdienste mit Sonderzahl.
62221;Vj. Index der Tarifverdienste und Arbeitszeiten;JAHR;Jahr;2020;DINSGF;Früheres Bundesgebiet / Neue Länder;DN;Neue Länder;WZ08C7;WZ2008 (ausgewählte Positionen): Tarifindex;WZ08-01;Landwirtschaft, Jagd und verbundene Tätigkeiten;39,7;h;VST019;Durchschnittliche tarifliche Wochenarbeitszeit
62221;Vj. Index der Tarifverdienste und Arbeitszeiten;JAHR;Jahr;2020;DINSGF;Früheres Bundesgebiet / Neue Länder;DN;Neue Länder;WZ08C7;WZ2008 (ausgewählte Positionen): Tarifindex;WZ08-01;Landwirtschaft, Jagd und verbundene Tätigkeiten;100,0;2020=100;VST066;Index d.tarifl. Monatsverdienste ohne Sonderzahl.
62221;Vj. Index der Tarifverdienste und Arbeitszeiten;JAHR;Jahr;2020;DINSGF;Früheres Bundesgebiet / Neue Länder;DN;Neue Länder;WZ08C7;WZ2008 (ausgewählte Positionen): Tarifindex;WZ08-01;Landwirtschaft, Jagd und verbundene Tätigkeiten;100,0;2020=100;VST018;Index der tariflichen Wochenarbeitszeit
62221;Vj. Index der Tarifverdienste und Arbeitszeiten;JAHR;Jahr;2020;DINSGF;Früheres Bundesgebiet / Neue Länder;DN;Neue Länder;WZ08C7;WZ2008 (ausgewählte Positionen): Tarifindex;WZ08-01;Landwirtschaft, Jagd und verbundene Tätigkeiten;100,0;2020=100;VST065;Index d.tarifl. Stundenverdienste ohne Sonderzahl.
62221;Vj. Index der Tarifverdienste und Arbeitszeiten;JAHR;Jahr;2018;DINSGF;Früheres Bundesgebiet / Neue Länder;DN;Neue Länder;WZ08C7;WZ2008 (ausgewählte Positionen): Tarifindex;WZ08-D-06;Energie- und Wasserversorgung;95,4;2020=100;VST072;Index d.tarifl. Stundenverdienste mit Sonderzahl.
62221;Vj. Index der Tarifverdienste und Arbeitszeiten;JAHR;Jahr;2018;DINSGF;Früheres Bundesgebiet / Neue Länder;DN;Neue Länder;WZ08C7;WZ2008 (ausgewählte Positionen): Tarifindex;WZ08-D-06;Energie- und Wasserversorgung;95,5;2020=100;VST073;Index d.tarifl. Monatsverdienste mit Sonderzahl.
62221;Vj. Index der Tarifverdienste und Arbeitszeiten;JAHR;Jahr;2018;DINSGF;Früheres Bundesgebiet / Neue Länder;DN;Neue Länder;WZ08C7;WZ2008 (ausgewählte Positionen): Tarifindex;WZ08-D-06;Energie- und Wasserversorgung;38,3;h;VST019;Durchschnittliche tarifliche Wochenarbeitszeit
62221;Vj. Index der Tarifverdienste und Arbeitszeiten;JAHR;Jahr;2018;DINSGF;Früheres Bundesgebiet / Neue Länder;DN;Neue Länder;WZ08C7;WZ2008 (ausgewählte Positionen): Tarifindex;WZ08-D-06;Energie- und Wasserversorgung;95,4;2020=100;VST066;Index d.tarifl. Monatsverdienste ohne Sonderzahl.
62221;Vj. Index der Tarifverdienste und Arbeitszeiten;JAHR;Jahr;2018;DINSGF;Früheres Bundesgebiet / Neue Länder;DN;Neue Länder;WZ08C7;WZ2008 (ausgewählte Positionen): Tarifindex;WZ08-D-06;Energie- und Wasserversorgung;100,0;2020=100;VST018;Index der tariflichen Wochenarbeitszeit
62221;Vj. Index der Tarifverdienste und Arbeitszeiten;JAHR;Jahr;2018;DINSGF;Früheres Bundesgebiet / Neue Länder;DN;Neue Länder;WZ08C7;WZ2008 (ausgewählte Positionen): Tarifindex;WZ08-D-06;Energie- und Wasserversorgung;95,3;2020=100;VST065;Index d.tarifl. Stundenverdienste ohne Sonderzahl.
62221;Vj. Index der Tarifverdienste und Arbeitszeiten;JAHR;Jahr;2022;DINSGF;Früheres Bundesgebiet / Neue Länder;DF;Früheres Bundesgebiet;WZ08C7;WZ2008 (ausgewählte Positionen): Tarifindex;WZ08-21;Herstellung von pharmazeutischen Erzeugnissen;105,0;2020=100;VST072;Index d.tarifl. Stundenverdienste mit Sonderzahl.
62221;Vj. Index der Tarifverdienste und Arbeitszeiten;JAHR;Jahr;2022;DINSGF;Früheres Bundesgebiet / Neue Länder;DF;Früheres Bundesgebiet;WZ08C7;WZ2008 (ausgewählte Positionen): Tarifindex;WZ08-21;Herstellung von pharmazeutischen Erzeugnissen;105,0;2020=100;VST073;Index d.tarifl. Monatsverdienste mit Sonderzahl.
62221;Vj. Index der Tarifverdienste und Arbeitszeiten;JAHR;Jahr;2022;DINSGF;Früheres Bundesgebiet / Neue Länder;DF;Früheres Bundesgebiet;WZ08C7;WZ2008 (ausgewählte Positionen): Tarifindex;WZ08-21;Herstellung von pharmazeutischen Erzeugnissen;37,5;h;VST019;Durchschnittliche tarifliche Wochenarbeitszeit
62221;Vj. Index der Tarifverdienste und Arbeitszeiten;JAHR;Jahr;2022;DINSGF;Früheres Bundesgebiet / Neue Länder;DF;Früheres Bundesgebiet;WZ08C7;WZ2008 (ausgewählte Positionen): Tarifindex;WZ08-21;Herstellung von pharmazeutischen Erzeugnissen;102,1;2020=100;VST066;Index d.tarifl. Monatsverdienste ohne Sonderzahl.
62221;Vj. Index der Tarifverdienste und Arbeitszeiten;JAHR;Jahr;2022;DINSGF;Früheres Bundesgebiet / Neue Länder;DF;Früheres Bundesgebiet;WZ08C7;WZ2008 (ausgewählte Positionen): Tarifindex;WZ08-21;Herstellung von pharmazeutischen Erzeugnissen;100,0;2020=100;VST018;Index der tariflichen Wochenarbeitszeit
62221;Vj. Index der Tarifverdienste und Arbeitszeiten;JAHR;Jahr;2022;DINSGF;Früheres Bundesgebiet / Neue Länder;DF;Früheres Bundesgebiet;WZ08C7;WZ2008 (ausgewählte Positionen): Tarifindex;WZ08-21;Herstellung von pharmazeutischen Erzeugnissen;102,1;2020=100;VST065;Index d.tarifl. Stundenverdienste ohne Sonderzahl.
62221;Vj. Index der Tarifverdienste und Arbeitszeiten;JAHR;Jahr;2017;DINSGF;Früheres Bundesgebiet / Neue Länder;DF;Früheres Bundesgebiet;WZ08C7;WZ2008 (ausgewählte Positionen): Tarifindex;WZ08-68;Grundstücks- und Wohnungswesen;92,7;2020=100;VST072;Index d.tarifl. Stundenverdienste mit Sonderzahl.
62221;Vj. Index der Tarifverdienste und Arbeitszeiten;JAHR;Jahr;2017;DINSGF;Früheres Bundesgebiet / Neue Länder;DF;Früheres Bundesgebiet;WZ08C7;WZ2008 (ausgewählte Positionen): Tarifindex;WZ08-68;Grundstücks- und Wohnungswesen;92,7;2020=100;VST073;Index d.tarifl. Monatsverdienste mit Sonderzahl.
62221;Vj. Index der Tarifverdienste und Arbeitszeiten;JAHR;Jahr;2017;DINSGF;Früheres Bundesgebiet / Neue Länder;DF;Früheres Bundesgebiet;WZ08C7;WZ2008 (ausgewählte Positionen): Tarifindex;WZ08-68;Grundstücks- und Wohnungswesen;38,2;h;VST019;Durchschnittliche tarifliche Wochenarbeitszeit
62221;Vj. Index der Tarifverdienste und Arbeitszeiten;JAHR;Jahr;2017;DINSGF;Früheres Bundesgebiet / Neue Länder;DF;Früheres Bundesgebiet;WZ08C7;WZ2008 (ausgewählte Positionen): Tarifindex;WZ08-68;Grundstücks- und Wohnungswesen;93,3;2020=100;VST066;Index d.tarifl. Monatsverdienste ohne Sonderzahl.
62221;Vj. Index der Tarifverdienste und Arbeitszeiten;JAHR;Jahr;2017;DINSGF;Früheres Bundesgebiet / Neue Länder;DF;Früheres Bundesgebiet;WZ08C7;WZ2008 (ausgewählte Positionen): Tarifindex;WZ08-68;Grundstücks- und Wohnungswesen;100,0;2020=100;VST018;Index der tariflichen Wochenarbeitszeit
62221;Vj. Index der Tarifverdienste und Arbeitszeiten;JAHR;Jahr;2017;DINSGF;Früheres Bundesgebiet / Neue Länder;DF;Früheres Bundesgebiet;WZ08C7;WZ2008 (ausgewählte Positionen): Tarifindex;WZ08-68;Grundstücks- und Wohnungswesen;93,3;2020=100;VST065;Index d.tarifl. Stundenverdienste ohne Sonderzahl.
62221;Vj. Index der Tarifverdienste und Arbeitszeiten;JAHR;Jahr;2022;DINSGF;Früheres Bundesgebiet / Neue Länder;DF;Früheres Bundesgebiet;WZ08C7;WZ2008 (ausgewählte Positionen): Tarifindex;WZ08-36;Wasserversorgung;103,0;2020=100;VST072;Index d.tarifl. Stundenverdienste mit Sonderzahl.
62221;Vj. Index der Tarifverdienste und Arbeitszeiten;JAHR;Jahr;2022;DINSGF;Früheres Bundesgebiet / Neue Länder;DF;Früheres Bundesgebiet;WZ08C7;WZ2008 (ausgewählte Positionen): Tarifindex;WZ08-36;Wasserversorgung;103,0;2020=100;VST073;Index d.tarifl. Monatsverdienste mit Sonderzahl.
62221;Vj. Index der Tarifverdienste und Arbeitszeiten;JAHR;Jahr;2022;DINSGF;Früheres Bundesgebiet / Neue Länder;DF;Früheres Bundesgebiet;WZ08C7;WZ2008 (ausgewählte Positionen): Tarifindex;WZ08-36;Wasserversorgung;38,9;h;VST019;Durchschnittliche tarifliche Wochenarbeitszeit
62221;Vj. Index der Tarifverdienste und Arbeitszeiten;JAHR;Jahr;2022;DINSGF;Früheres Bundesgebiet / Neue Länder;DF;Früheres Bundesgebiet;WZ08C7;WZ2008 (ausgewählte Positionen): Tarifindex;WZ08-36;Wasserversorgung;103,4;2020=100;VST066;Index d.tarifl. Monatsverdienste ohne Sonderzahl.
62221;Vj. Index der Tarifverdienste und Arbeitszeiten;JAHR;Jahr;2022;DINSGF;Früheres Bundesgebiet / Neue Länder;DF;Früheres Bundesgebiet;WZ08C7;WZ2008 (ausgewählte Positionen): Tarifindex;WZ08-36;Wasserversorgung;100,0;2020=100;VST018;Index der tariflichen Wochenarbeitszeit
62221;Vj. Index der Tarifverdienste und Arbeitszeiten;JAHR;Jahr;2022;DINSGF;Früheres Bundesgebiet / Neue Länder;DF;Früheres Bundesgebiet;WZ08C7;WZ2008 (ausgewählte Positionen): Tarifindex;WZ08-36;Wasserversorgung;103,4;2020=100;VST065;Index d.tarifl. Stundenverdienste ohne Sonderzahl.
62221;Vj. Index der Tarifverdienste und Arbeitszeiten;JAHR;Jahr;2023;DINSGF;Früheres Bundesgebiet / Neue Länder;DF;Früheres Bundesgebiet;WZ08C7;WZ2008 (ausgewählte Positionen): Tarifindex;WZ08-A;Land- und Forstwirtschaft, Fischerei;108,8;2020=100;VST072;Index d.tarifl. Stundenverdienste mit Sonderzahl.
62221;Vj. Index der Tarifverdienste und Arbeitszeiten;JAHR;Jahr;2023;DINSGF;Früheres Bundesgebiet / Neue Länder;DF;Früheres Bundesgebiet;WZ08C7;WZ2008 (ausgewählte Positionen): Tarifindex;WZ08-A;Land- und Forstwirtschaft, Fischerei;108,8;2020=100;VST073;Index d.tarifl. Monatsverdienste mit Sonderzahl.
62221;Vj. Index der Tarifverdienste und Arbeitszeiten;JAHR;Jahr;2023;DINSGF;Früheres Bundesgebiet / Neue Länder;DF;Früheres Bundesgebiet;WZ08C7;WZ2008 (ausgewählte Positionen): Tarifindex;WZ08-A;Land- und Forstwirtschaft, Fischerei;39,8;h;VST019;Durchschnittliche tarifliche Wochenarbeitszeit
62221;Vj. Index der Tarifverdienste und Arbeitszeiten;JAHR;Jahr;2023;DINSGF;Früheres Bundesgebiet / Neue Länder;DF;Früheres Bundesgebiet;WZ08C7;WZ2008 (ausgewählte Positionen): Tarifindex;WZ08-A;Land- und Forstwirtschaft, Fischerei;107,9;2020=100;VST066;Index d.tarifl. Monatsverdienste ohne Sonderzahl.
62221;Vj. Index der Tarifverdienste und Arbeitszeiten;JAHR;Jahr;2023;DINSGF;Früheres Bundesgebiet / Neue Länder;DF;Früheres Bundesgebiet;WZ08C7;WZ2008 (ausgewählte Positionen): Tarifindex;WZ08-A;Land- und Forstwirtschaft, Fischerei;100,0;2020=100;VST018;Index der tariflichen Wochenarbeitszeit
62221;Vj. Index der Tarifverdienste und Arbeitszeiten;JAHR;Jahr;2023;DINSGF;Früheres Bundesgebiet / Neue Länder;DF;Früheres Bundesgebiet;WZ08C7;WZ2008 (ausgewählte Positionen): Tarifindex;WZ08-A;Land- und Forstwirtschaft, Fischerei;107,9;2020=100;VST065;Index d.tarifl. Stundenverdienste ohne Sonderzahl.
62221;Vj. Index der Tarifverdienste und Arbeitszeiten;JAHR;Jahr;2017;DINSGF;Früheres Bundesgebiet / Neue Länder;DN;Neue Länder;WZ08C7;WZ2008 (ausgewählte Positionen): Tarifindex;WZ08-491-01;Personen- u. Güterbeförderung im Eisenbahnverkehr;93,2;2020=100;VST072;Index d.tarifl. Stundenverdienste mit Sonderzahl.
62221;Vj. Index der Tarifverdienste und Arbeitszeiten;JAHR;Jahr;2017;DINSGF;Früheres Bundesgebiet / Neue Länder;DN;Neue Länder;WZ08C7;WZ2008 (ausgewählte Positionen): Tarifindex;WZ08-491-01;Personen- u. Güterbeförderung im Eisenbahnverkehr;94,4;2020=100;VST073;Index d.tarifl. Monatsverdienste mit Sonderzahl.
62221;Vj. Index der Tarifverdienste und Arbeitszeiten;JAHR;Jahr;2017;DINSGF;Früheres Bundesgebiet / Neue Länder;DN;Neue Länder;WZ08C7;WZ2008 (ausgewählte Positionen): Tarifindex;WZ08-491-01;Personen- u. Güterbeförderung im Eisenbahnverkehr;39,6;h;VST019;Durchschnittliche tarifliche Wochenarbeitszeit
62221;Vj. Index der Tarifverdienste und Arbeitszeiten;JAHR;Jahr;2017;DINSGF;Früheres Bundesgebiet / Neue Länder;DN;Neue Länder;WZ08C7;WZ2008 (ausgewählte Positionen): Tarifindex;WZ08-491-01;Personen- u. Güterbeförderung im Eisenbahnverkehr;93,6;2020=100;VST066;Index d.tarifl. Monatsverdienste ohne Sonderzahl.
62221;Vj. Index der Tarifverdienste und Arbeitszeiten;JAHR;Jahr;2017;DINSGF;Früheres Bundesgebiet / Neue Länder;DN;Neue Länder;WZ08C7;WZ2008 (ausgewählte Positionen): Tarifindex;WZ08-491-01;Personen- u. Güterbeförderung im Eisenbahnverkehr;101,1;2020=100;VST018;Index der tariflichen Wochenarbeitszeit
62221;Vj. Index der Tarifverdienste und Arbeitszeiten;JAHR;Jahr;2017;DINSGF;Früheres Bundesgebiet / Neue Länder;DN;Neue Länder;WZ08C7;WZ2008 (ausgewählte Positionen): Tarifindex;WZ08-491-01;Personen- u. Güterbeförderung im Eisenbahnverkehr;92,4;2020=100;VST065;Index d.tarifl. Stundenverdienste ohne Sonderzahl.
62221;Vj. Index der Tarifverdienste und Arbeitszeiten;JAHR;Jahr;2021;DINSGF;Früheres Bundesgebiet / Neue Länder;DN;Neue Länder;WZ08C7;WZ2008 (ausgewählte Positionen): Tarifindex;WZ08-79;Reisebüros, -veranstalter u. sonst. Reservierungen;101,4;2020=100;VST072;Index d.tarifl. Stundenverdienste mit Sonderzahl.
62221;Vj. Index der Tarifverdienste und Arbeitszeiten;JAHR;Jahr;2021;DINSGF;Früheres Bundesgebiet / Neue Länder;DN;Neue Länder;WZ08C7;WZ2008 (ausgewählte Positionen): Tarifindex;WZ08-79;Reisebüros, -veranstalter u. sonst. Reservierungen;101,4;2020=100;VST073;Index d.tarifl. Monatsverdienste mit Sonderzahl.
62221;Vj. Index der Tarifverdienste und Arbeitszeiten;JAHR;Jahr;2021;DINSGF;Früheres Bundesgebiet / Neue Länder;DN;Neue Länder;WZ08C7;WZ2008 (ausgewählte Positionen): Tarifindex;WZ08-79;Reisebüros, -veranstalter u. sonst. Reservierungen;39,3;h;VST019;Durchschnittliche tarifliche Wochenarbeitszeit
62221;Vj. Index der Tarifverdienste und Arbeitszeiten;JAHR;Jahr;2021;DINSGF;Früheres Bundesgebiet / Neue Länder;DN;Neue Länder;WZ08C7;WZ2008 (ausgewählte Positionen): Tarifindex;WZ08-79;Reisebüros, -veranstalter u. sonst. Reservierungen;100,7;2020=100;VST066;Index d.tarifl. Monatsverdienste ohne Sonderzahl.
62221;Vj. Index der Tarifverdienste und Arbeitszeiten;JAHR;Jahr;2021;DINSGF;Früheres Bundesgebiet / Neue Länder;DN;Neue Länder;WZ08C7;WZ2008 (ausgewählte Positionen): Tarifindex;WZ08-79;Reisebüros, -veranstalter u. sonst. Reservierungen;100,0;2020=100;VST018;Index der tariflichen Wochenarbeitszeit
62221;Vj. Index der Tarifverdienste und Arbeitszeiten;JAHR;Jahr;2021;DINSGF;Früheres Bundesgebiet / Neue Länder;DN;Neue Länder;WZ08C7;WZ2008 (ausgewählte Positionen): Tarifindex;WZ08-79;Reisebüros, -veranstalter u. sonst. Reservierungen;100,7;2020=100;VST065;Index d.tarifl. Stundenverdienste ohne Sonderzahl.
62221;Vj. Index der Tarifverdienste und Arbeitszeiten;JAHR;Jahr;2021;DINSGF;Früheres Bundesgebiet / Neue Länder;DN;Neue Länder;WZ08C7;WZ2008 (ausgewählte Positionen): Tarifindex;WZ08-G-03;Wirtschaftliche Dienstleistungen;101,8;2020=100;VST072;Index d.tarifl. Stundenverdienste mit Sonderzahl.
62221;Vj. Index der Tarifverdienste und Arbeitszeiten;JAHR;Jahr;2021;DINSGF;Früheres Bundesgebiet / Neue Länder;DN;Neue Länder;WZ08C7;WZ2008 (ausgewählte Positionen): Tarifindex;WZ08-G-03;Wirtschaftliche Dienstleistungen;101,8;2020=100;VST073;Index d.tarifl. Monatsverdienste mit Sonderzahl.
62221;Vj. Index der Tarifverdienste und Arbeitszeiten;JAHR;Jahr;2021;DINSGF;Früheres Bundesgebiet / Neue Länder;DN;Neue Länder;WZ08C7;WZ2008 (ausgewählte Positionen): Tarifindex;WZ08-G-03;Wirtschaftliche Dienstleistungen;38,4;h;VST019;Durchschnittliche tarifliche Wochenarbeitszeit
62221;Vj. Index der Tarifverdienste und Arbeitszeiten;JAHR;Jahr;2021;DINSGF;Früheres Bundesgebiet / Neue Länder;DN;Neue Länder;WZ08C7;WZ2008 (ausgewählte Positionen): Tarifindex;WZ08-G-03;Wirtschaftliche Dienstleistungen;102,0;2020=100;VST066;Index d.tarifl. Monatsverdienste ohne Sonderzahl.
62221;Vj. Index der Tarifverdienste und Arbeitszeiten;JAHR;Jahr;2021;DINSGF;Früheres Bundesgebiet / Neue Länder;DN;Neue Länder;WZ08C7;WZ2008 (ausgewählte Positionen): Tarifindex;WZ08-G-03;Wirtschaftliche Dienstleistungen;100,0;2020=100;VST018;Index der tariflichen Wochenarbeitszeit
62221;Vj. Index der Tarifverdienste und Arbeitszeiten;JAHR;Jahr;2021;DINSGF;Früheres Bundesgebiet / Neue Länder;DN;Neue Länder;WZ08C7;WZ2008 (ausgewählte Positionen): Tarifindex;WZ08-G-03;Wirtschaftliche Dienstleistungen;102,0;2020=100;VST065;Index d.tarifl. Stundenverdienste ohne Sonderzahl.
62221;Vj. Index der Tarifverdienste und Arbeitszeiten;JAHR;Jahr;2022;DINSGF;Früheres Bundesgebiet / Neue Länder;DF;Früheres Bundesgebiet;WZ08C7;WZ2008 (ausgewählte Positionen): Tarifindex;WZ08-12;Tabakverarbeitung;107,3;2020=100;VST072;Index d.tarifl. Stundenverdienste mit Sonderzahl.
62221;Vj. Index der Tarifverdienste und Arbeitszeiten;JAHR;Jahr;2022;DINSGF;Früheres Bundesgebiet / Neue Länder;DF;Früheres Bundesgebiet;WZ08C7;WZ2008 (ausgewählte Positionen): Tarifindex;WZ08-12;Tabakverarbeitung;107,3;2020=100;VST073;Index d.tarifl. Monatsverdienste mit Sonderzahl.
62221;Vj. Index der Tarifverdienste und Arbeitszeiten;JAHR;Jahr;2022;DINSGF;Früheres Bundesgebiet / Neue Länder;DF;Früheres Bundesgebiet;WZ08C7;WZ2008 (ausgewählte Positionen): Tarifindex;WZ08-12;Tabakverarbeitung;37,8;h;VST019;Durchschnittliche tarifliche Wochenarbeitszeit
62221;Vj. Index der Tarifverdienste und Arbeitszeiten;JAHR;Jahr;2022;DINSGF;Früheres Bundesgebiet / Neue Länder;DF;Früheres Bundesgebiet;WZ08C7;WZ2008 (ausgewählte Positionen): Tarifindex;WZ08-12;Tabakverarbeitung;104,5;2020=100;VST066;Index d.tarifl. Monatsverdienste ohne Sonderzahl.
62221;Vj. Index der Tarifverdienste und Arbeitszeiten;JAHR;Jahr;2022;DINSGF;Früheres Bundesgebiet / Neue Länder;DF;Früheres Bundesgebiet;WZ08C7;WZ2008 (ausgewählte Positionen): Tarifindex;WZ08-12;Tabakverarbeitung;100,0;2020=100;VST018;Index der tariflichen Wochenarbeitszeit
62221;Vj. Index der Tarifverdienste und Arbeitszeiten;JAHR;Jahr;2022;DINSGF;Früheres Bundesgebiet / Neue Länder;DF;Früheres Bundesgebiet;WZ08C7;WZ2008 (ausgewählte Positionen): Tarifindex;WZ08-12;Tabakverarbeitung;104,5;2020=100;VST065;Index d.tarifl. Stundenverdienste ohne Sonderzahl.
62221;Vj. Index der Tarifverdienste und Arbeitszeiten;JAHR;Jahr;2022;DINSGF;Früheres Bundesgebiet / Neue Länder;DF;Früheres Bundesgebiet;WZ08C7;WZ2008 (ausgewählte Positionen): Tarifindex;WZ08-27;Herstellung von elektrischen Ausrüstungen;101,4;2020=100;VST072;Index d.tarifl. Stundenverdienste mit Sonderzahl.
62221;Vj. Index der Tarifverdienste und Arbeitszeiten;JAHR;Jahr;2022;DINSGF;Früheres Bundesgebiet / Neue Länder;DF;Früheres Bundesgebiet;WZ08C7;WZ2008 (ausgewählte Positionen): Tarifindex;WZ08-27;Herstellung von elektrischen Ausrüstungen;101,4;2020=100;VST073;Index d.tarifl. Monatsverdienste mit Sonderzahl.
62221;Vj. Index der Tarifverdienste und Arbeitszeiten;JAHR;Jahr;2022;DINSGF;Früheres Bundesgebiet / Neue Länder;DF;Früheres Bundesgebiet;WZ08C7;WZ2008 (ausgewählte Positionen): Tarifindex;WZ08-27;Herstellung von elektrischen Ausrüstungen;35,1;h;VST019;Durchschnittliche tarifliche Wochenarbeitszeit
62221;Vj. Index der Tarifverdienste und Arbeitszeiten;JAHR;Jahr;2022;DINSGF;Früheres Bundesgebiet / Neue Länder;DF;Früheres Bundesgebiet;WZ08C7;WZ2008 (ausgewählte Positionen): Tarifindex;WZ08-27;Herstellung von elektrischen Ausrüstungen;100,1;2020=100;VST066;Index d.tarifl. Monatsverdienste ohne Sonderzahl.
62221;Vj. Index der Tarifverdienste und Arbeitszeiten;JAHR;Jahr;2022;DINSGF;Früheres Bundesgebiet / Neue Länder;DF;Früheres Bundesgebiet;WZ08C7;WZ2008 (ausgewählte Positionen): Tarifindex;WZ08-27;Herstellung von elektrischen Ausrüstungen;100,0;2020=100;VST018;Index der tariflichen Wochenarbeitszeit
62221;Vj. Index der Tarifverdienste und Arbeitszeiten;JAHR;Jahr;2022;DINSGF;Früheres Bundesgebiet / Neue Länder;DF;Früheres Bundesgebiet;WZ08C7;WZ2008 (ausgewählte Positionen): Tarifindex;WZ08-27;Herstellung von elektrischen Ausrüstungen;100,1;2020=100;VST065;Index d.tarifl. Stundenverdienste ohne Sonderzahl.
62221;Vj. Index der Tarifverdienste und Arbeitszeiten;JAHR;Jahr;2017;DINSGF;Früheres Bundesgebiet / Neue Länder;DF;Früheres Bundesgebiet;WZ08C7;WZ2008 (ausgewählte Positionen): Tarifindex;WZ08-77;Vermietung von beweglichen Sachen;93,8;2020=100;VST072;Index d.tarifl. Stundenverdienste mit Sonderzahl.
62221;Vj. Index der Tarifverdienste und Arbeitszeiten;JAHR;Jahr;2017;DINSGF;Früheres Bundesgebiet / Neue Länder;DF;Früheres Bundesgebiet;WZ08C7;WZ2008 (ausgewählte Positionen): Tarifindex;WZ08-77;Vermietung von beweglichen Sachen;93,9;2020=100;VST073;Index d.tarifl. Monatsverdienste mit Sonderzahl.
62221;Vj. Index der Tarifverdienste und Arbeitszeiten;JAHR;Jahr;2017;DINSGF;Früheres Bundesgebiet / Neue Länder;DF;Früheres Bundesgebiet;WZ08C7;WZ2008 (ausgewählte Positionen): Tarifindex;WZ08-77;Vermietung von beweglichen Sachen;37,6;h;VST019;Durchschnittliche tarifliche Wochenarbeitszeit
62221;Vj. Index der Tarifverdienste und Arbeitszeiten;JAHR;Jahr;2017;DINSGF;Früheres Bundesgebiet / Neue Länder;DF;Früheres Bundesgebiet;WZ08C7;WZ2008 (ausgewählte Positionen): Tarifindex;WZ08-77;Vermietung von beweglichen Sachen;94,9;2020=100;VST066;Index d.tarifl. Monatsverdienste ohne Sonderzahl.
62221;Vj. Index der Tarifverdienste und Arbeitszeiten;JAHR;Jahr;2017;DINSGF;Früheres Bundesgebiet / Neue Länder;DF;Früheres Bundesgebiet;WZ08C7;WZ2008 (ausgewählte Positionen): Tarifindex;WZ08-77;Vermietung von beweglichen Sachen;100,0;2020=100;VST018;Index der tariflichen Wochenarbeitszeit
62221;Vj. Index der Tarifverdienste und Arbeitszeiten;JAHR;Jahr;2017;DINSGF;Früheres Bundesgebiet / Neue Länder;DF;Früheres Bundesgebiet;WZ08C7;WZ2008 (ausgewählte Positionen): Tarifindex;WZ08-77;Vermietung von beweglichen Sachen;94,9;2020=100;VST065;Index d.tarifl. Stundenverdienste ohne Sonderzahl.
62221;Vj. Index der Tarifverdienste und Arbeitszeiten;JAHR;Jahr;2023;DINSGF;Früheres Bundesgebiet / Neue Länder;DF;Früheres Bundesgebiet;WZ08C7;WZ2008 (ausgewählte Positionen): Tarifindex;WZ08-G;Handel, Instandhaltung und Reparatur von Kfz;106,4;2020=100;VST072;Index d.tarifl. Stundenverdienste mit Sonderzahl.
62221;Vj. Index der Tarifverdienste und Arbeitszeiten;JAHR;Jahr;2023;DINSGF;Früheres Bundesgebiet / Neue Länder;DF;Früheres Bundesgebiet;WZ08C7;WZ2008 (ausgewählte Positionen): Tarifindex;WZ08-G;Handel, Instandhaltung und Reparatur von Kfz;106,4;2020=100;VST073;Index d.tarifl. Monatsverdienste mit Sonderzahl.
62221;Vj. Index der Tarifverdienste und Arbeitszeiten;JAHR;Jahr;2023;DINSGF;Früheres Bundesgebiet / Neue Länder;DF;Früheres Bundesgebiet;WZ08C7;WZ2008 (ausgewählte Positionen): Tarifindex;WZ08-G;Handel, Instandhaltung und Reparatur von Kfz;37,7;h;VST019;Durchschnittliche tarifliche Wochenarbeitszeit
62221;Vj. Index der Tarifverdienste und Arbeitszeiten;JAHR;Jahr;2023;DINSGF;Früheres Bundesgebiet / Neue Länder;DF;Früheres Bundesgebiet;WZ08C7;WZ2008 (ausgewählte Positionen): Tarifindex;WZ08-G;Handel, Instandhaltung und Reparatur von Kfz;105,5;2020=100;VST066;Index d.tarifl. Monatsverdienste ohne Sonderzahl.
62221;Vj. Index der Tarifverdienste und Arbeitszeiten;JAHR;Jahr;2023;DINSGF;Früheres Bundesgebiet / Neue Länder;DF;Früheres Bundesgebiet;WZ08C7;WZ2008 (ausgewählte Positionen): Tarifindex;WZ08-G;Handel, Instandhaltung und Reparatur von Kfz;100,0;2020=100;VST018;Index der tariflichen Wochenarbeitszeit
62221;Vj. Index der Tarifverdienste und Arbeitszeiten;JAHR;Jahr;2023;DINSGF;Früheres Bundesgebiet / Neue Länder;DF;Früheres Bundesgebiet;WZ08C7;WZ2008 (ausgewählte Positionen): Tarifindex;WZ08-G;Handel, Instandhaltung und Reparatur von Kfz;105,5;2020=100;VST065;Index d.tarifl. Stundenverdienste ohne Sonderzahl.
62221;Vj. Index der Tarifverdienste und Arbeitszeiten;JAHR;Jahr;2021;DINSGF;Früheres Bundesgebiet / Neue Länder;DN;Neue Länder;WZ08C7;WZ2008 (ausgewählte Positionen): Tarifindex;WZ08-73;Werbung und Marktforschung;-;2020=100;VST072;Index d.tarifl. Stundenverdienste mit Sonderzahl.
62221;Vj. Index der Tarifverdienste und Arbeitszeiten;JAHR;Jahr;2021;DINSGF;Früheres Bundesgebiet / Neue Länder;DN;Neue Länder;WZ08C7;WZ2008 (ausgewählte Positionen): Tarifindex;WZ08-73;Werbung und Marktforschung;-;2020=100;VST073;Index d.tarifl. Monatsverdienste mit Sonderzahl.
62221;Vj. Index der Tarifverdienste und Arbeitszeiten;JAHR;Jahr;2021;DINSGF;Früheres Bundesgebiet / Neue Länder;DN;Neue Länder;WZ08C7;WZ2008 (ausgewählte Positionen): Tarifindex;WZ08-73;Werbung und Marktforschung;-;h;VST019;Durchschnittliche tarifliche Wochenarbeitszeit
62221;Vj. Index der Tarifverdienste und Arbeitszeiten;JAHR;Jahr;2021;DINSGF;Früheres Bundesgebiet / Neue Länder;DN;Neue Länder;WZ08C7;WZ2008 (ausgewählte Positionen): Tarifindex;WZ08-73;Werbung und Marktforschung;-;2020=100;VST066;Index d.tarifl. Monatsverdienste ohne Sonderzahl.
62221;Vj. Index der Tarifverdienste und Arbeitszeiten;JAHR;Jahr;2021;DINSGF;Früheres Bundesgebiet / Neue Länder;DN;Neue Länder;WZ08C7;WZ2008 (ausgewählte Positionen): Tarifindex;WZ08-73;Werbung und Marktforschung;-;2020=100;VST018;Index der tariflichen Wochenarbeitszeit
62221;Vj. Index der Tarifverdienste und Arbeitszeiten;JAHR;Jahr;2021;DINSGF;Früheres Bundesgebiet / Neue Länder;DN;Neue Länder;WZ08C7;WZ2008 (ausgewählte Positionen): Tarifindex;WZ08-73;Werbung und Marktforschung;-;2020=100;VST065;Index d.tarifl. Stundenverdienste ohne Sonderzahl.
62221;Vj. Index der Tarifverdienste und Arbeitszeiten;JAHR;Jahr;2017;DINSGF;Früheres Bundesgebiet / Neue Länder;DF;Früheres Bundesgebiet;WZ08C7;WZ2008 (ausgewählte Positionen): Tarifindex;WZ08-O;Öff. Verwaltung, Verteidigung, Sozialversicherung;91,7;2020=100;VST072;Index d.tarifl. Stundenverdienste mit Sonderzahl.
62221;Vj. Index der Tarifverdienste und Arbeitszeiten;JAHR;Jahr;2017;DINSGF;Früheres Bundesgebiet / Neue Länder;DF;Früheres Bundesgebiet;WZ08C7;WZ2008 (ausgewählte Positionen): Tarifindex;WZ08-O;Öff. Verwaltung, Verteidigung, Sozialversicherung;91,7;2020=100;VST073;Index d.tarifl. Monatsverdienste mit Sonderzahl.
62221;Vj. Index der Tarifverdienste und Arbeitszeiten;JAHR;Jahr;2017;DINSGF;Früheres Bundesgebiet / Neue Länder;DF;Früheres Bundesgebiet;WZ08C7;WZ2008 (ausgewählte Positionen): Tarifindex;WZ08-O;Öff. Verwaltung, Verteidigung, Sozialversicherung;40,1;h;VST019;Durchschnittliche tarifliche Wochenarbeitszeit
62221;Vj. Index der Tarifverdienste und Arbeitszeiten;JAHR;Jahr;2017;DINSGF;Früheres Bundesgebiet / Neue Länder;DF;Früheres Bundesgebiet;WZ08C7;WZ2008 (ausgewählte Positionen): Tarifindex;WZ08-O;Öff. Verwaltung, Verteidigung, Sozialversicherung;91,7;2020=100;VST066;Index d.tarifl. Monatsverdienste ohne Sonderzahl.
62221;Vj. Index der Tarifverdienste und Arbeitszeiten;JAHR;Jahr;2017;DINSGF;Früheres Bundesgebiet / Neue Länder;DF;Früheres Bundesgebiet;WZ08C7;WZ2008 (ausgewählte Positionen): Tarifindex;WZ08-O;Öff. Verwaltung, Verteidigung, Sozialversicherung;100,0;2020=100;VST018;Index der tariflichen Wochenarbeitszeit
62221;Vj. Index der Tarifverdienste und Arbeitszeiten;JAHR;Jahr;2017;DINSGF;Früheres Bundesgebiet / Neue Länder;DF;Früheres Bundesgebiet;WZ08C7;WZ2008 (ausgewählte Positionen): Tarifindex;WZ08-O;Öff. Verwaltung, Verteidigung, Sozialversicherung;91,7;2020=100;VST065;Index d.tarifl. Stundenverdienste ohne Sonderzahl.
62221;Vj. Index der Tarifverdienste und Arbeitszeiten;JAHR;Jahr;2016;DINSGF;Früheres Bundesgebiet / Neue Länder;DN;Neue Länder;WZ08C7;WZ2008 (ausgewählte Positionen): Tarifindex;WZ08-55-01;Gastgewerbe;89,4;2020=100;VST072;Index d.tarifl. Stundenverdienste mit Sonderzahl.
62221;Vj. Index der Tarifverdienste und Arbeitszeiten;JAHR;Jahr;2016;DINSGF;Früheres Bundesgebiet / Neue Länder;DN;Neue Länder;WZ08C7;WZ2008 (ausgewählte Positionen): Tarifindex;WZ08-55-01;Gastgewerbe;89,4;2020=100;VST073;Index d.tarifl. Monatsverdienste mit Sonderzahl.
62221;Vj. Index der Tarifverdienste und Arbeitszeiten;JAHR;Jahr;2016;DINSGF;Früheres Bundesgebiet / Neue Länder;DN;Neue Länder;WZ08C7;WZ2008 (ausgewählte Positionen): Tarifindex;WZ08-55-01;Gastgewerbe;39,4;h;VST019;Durchschnittliche tarifliche Wochenarbeitszeit
62221;Vj. Index der Tarifverdienste und Arbeitszeiten;JAHR;Jahr;2016;DINSGF;Früheres Bundesgebiet / Neue Länder;DN;Neue Länder;WZ08C7;WZ2008 (ausgewählte Positionen): Tarifindex;WZ08-55-01;Gastgewerbe;88,8;2020=100;VST066;Index d.tarifl. Monatsverdienste ohne Sonderzahl.
62221;Vj. Index der Tarifverdienste und Arbeitszeiten;JAHR;Jahr;2016;DINSGF;Früheres Bundesgebiet / Neue Länder;DN;Neue Länder;WZ08C7;WZ2008 (ausgewählte Positionen): Tarifindex;WZ08-55-01;Gastgewerbe;100,0;2020=100;VST018;Index der tariflichen Wochenarbeitszeit
62221;Vj. Index der Tarifverdienste und Arbeitszeiten;JAHR;Jahr;2016;DINSGF;Früheres Bundesgebiet / Neue Länder;DN;Neue Länder;WZ08C7;WZ2008 (ausgewählte Positionen): Tarifindex;WZ08-55-01;Gastgewerbe;88,8;2020=100;VST065;Index d.tarifl. Stundenverdienste ohne Sonderzahl.
62221;Vj. Index der Tarifverdienste und Arbeitszeiten;JAHR;Jahr;2023;DINSGF;Früheres Bundesgebiet / Neue Länder;DF;Früheres Bundesgebiet;WZ08C7;WZ2008 (ausgewählte Positionen): Tarifindex;WZ08-84;Öff. Verwaltung, Verteidigung, Sozialversicherung;105,8;2020=100;VST072;Index d.tarifl. Stundenverdienste mit Sonderzahl.
62221;Vj. Index der Tarifverdienste und Arbeitszeiten;JAHR;Jahr;2023;DINSGF;Früheres Bundesgebiet / Neue Länder;DF;Früheres Bundesgebiet;WZ08C7;WZ2008 (ausgewählte Positionen): Tarifindex;WZ08-84;Öff. Verwaltung, Verteidigung, Sozialversicherung;105,8;2020=100;VST073;Index d.tarifl. Monatsverdienste mit Sonderzahl.
62221;Vj. Index der Tarifverdienste und Arbeitszeiten;JAHR;Jahr;2023;DINSGF;Früheres Bundesgebiet / Neue Länder;DF;Früheres Bundesgebiet;WZ08C7;WZ2008 (ausgewählte Positionen): Tarifindex;WZ08-84;Öff. Verwaltung, Verteidigung, Sozialversicherung;40,1;h;VST019;Durchschnittliche tarifliche Wochenarbeitszeit
62221;Vj. Index der Tarifverdienste und Arbeitszeiten;JAHR;Jahr;2023;DINSGF;Früheres Bundesgebiet / Neue Länder;DF;Früheres Bundesgebiet;WZ08C7;WZ2008 (ausgewählte Positionen): Tarifindex;WZ08-84;Öff. Verwaltung, Verteidigung, Sozialversicherung;104,0;2020=100;VST066;Index d.tarifl. Monatsverdienste ohne Sonderzahl.
62221;Vj. Index der Tarifverdienste und Arbeitszeiten;JAHR;Jahr;2023;DINSGF;Früheres Bundesgebiet / Neue Länder;DF;Früheres Bundesgebiet;WZ08C7;WZ2008 (ausgewählte Positionen): Tarifindex;WZ08-84;Öff. Verwaltung, Verteidigung, Sozialversicherung;100,0;2020=100;VST018;Index der tariflichen Wochenarbeitszeit
62221;Vj. Index der Tarifverdienste und Arbeitszeiten;JAHR;Jahr;2023;DINSGF;Früheres Bundesgebiet / Neue Länder;DF;Früheres Bundesgebiet;WZ08C7;WZ2008 (ausgewählte Positionen): Tarifindex;WZ08-84;Öff. Verwaltung, Verteidigung, Sozialversicherung;104,0;2020=100;VST065;Index d.tarifl. Stundenverdienste ohne Sonderzahl.
62221;Vj. Index der Tarifverdienste und Arbeitszeiten;JAHR;Jahr;2017;DINSGF;Früheres Bundesgebiet / Neue Länder;DF;Früheres Bundesgebiet;WZ08C7;WZ2008 (ausgewählte Positionen): Tarifindex;WZ08-C;Verarbeitendes Gewerbe;92,9;2020=100;VST072;Index d.tarifl. Stundenverdienste mit Sonderzahl.
62221;Vj. Index der Tarifverdienste und Arbeitszeiten;JAHR;Jahr;2017;DINSGF;Früheres Bundesgebiet / Neue Länder;DF;Früheres Bundesgebiet;WZ08C7;WZ2008 (ausgewählte Positionen): Tarifindex;WZ08-C;Verarbeitendes Gewerbe;92,9;2020=100;VST073;Index d.tarifl. Monatsverdienste mit Sonderzahl.
62221;Vj. Index der Tarifverdienste und Arbeitszeiten;JAHR;Jahr;2017;DINSGF;Früheres Bundesgebiet / Neue Länder;DF;Früheres Bundesgebiet;WZ08C7;WZ2008 (ausgewählte Positionen): Tarifindex;WZ08-C;Verarbeitendes Gewerbe;36,0;h;VST019;Durchschnittliche tarifliche Wochenarbeitszeit
62221;Vj. Index der Tarifverdienste und Arbeitszeiten;JAHR;Jahr;2017;DINSGF;Früheres Bundesgebiet / Neue Länder;DF;Früheres Bundesgebiet;WZ08C7;WZ2008 (ausgewählte Positionen): Tarifindex;WZ08-C;Verarbeitendes Gewerbe;94,8;2020=100;VST066;Index d.tarifl. Monatsverdienste ohne Sonderzahl.
62221;Vj. Index der Tarifverdienste und Arbeitszeiten;JAHR;Jahr;2017;DINSGF;Früheres Bundesgebiet / Neue Länder;DF;Früheres Bundesgebiet;WZ08C7;WZ2008 (ausgewählte Positionen): Tarifindex;WZ08-C;Verarbeitendes Gewerbe;100,0;2020=100;VST018;Index der tariflichen Wochenarbeitszeit
62221;Vj. Index der Tarifverdienste und Arbeitszeiten;JAHR;Jahr;2017;DINSGF;Früheres Bundesgebiet / Neue Länder;DF;Früheres Bundesgebiet;WZ08C7;WZ2008 (ausgewählte Positionen): Tarifindex;WZ08-C;Verarbeitendes Gewerbe;94,8;2020=100;VST065;Index d.tarifl. Stundenverdienste ohne Sonderzahl.
62221;Vj. Index der Tarifverdienste und Arbeitszeiten;JAHR;Jahr;2021;DINSGF;Früheres Bundesgebiet / Neue Länder;DN;Neue Länder;WZ08C7;WZ2008 (ausgewählte Positionen): Tarifindex;WZ08-Q;Gesundheits- und Sozialwesen;102,1;2020=100;VST072;Index d.tarifl. Stundenverdienste mit Sonderzahl.
62221;Vj. Index der Tarifverdienste und Arbeitszeiten;JAHR;Jahr;2021;DINSGF;Früheres Bundesgebiet / Neue Länder;DN;Neue Länder;WZ08C7;WZ2008 (ausgewählte Positionen): Tarifindex;WZ08-Q;Gesundheits- und Sozialwesen;102,0;2020=100;VST073;Index d.tarifl. Monatsverdienste mit Sonderzahl.
62221;Vj. Index der Tarifverdienste und Arbeitszeiten;JAHR;Jahr;2021;DINSGF;Früheres Bundesgebiet / Neue Länder;DN;Neue Länder;WZ08C7;WZ2008 (ausgewählte Positionen): Tarifindex;WZ08-Q;Gesundheits- und Sozialwesen;39,4;h;VST019;Durchschnittliche tarifliche Wochenarbeitszeit
62221;Vj. Index der Tarifverdienste und Arbeitszeiten;JAHR;Jahr;2021;DINSGF;Früheres Bundesgebiet / Neue Länder;DN;Neue Länder;WZ08C7;WZ2008 (ausgewählte Positionen): Tarifindex;WZ08-Q;Gesundheits- und Sozialwesen;102,2;2020=100;VST066;Index d.tarifl. Monatsverdienste ohne Sonderzahl.
62221;Vj. Index der Tarifverdienste und Arbeitszeiten;JAHR;Jahr;2021;DINSGF;Früheres Bundesgebiet / Neue Länder;DN;Neue Länder;WZ08C7;WZ2008 (ausgewählte Positionen): Tarifindex;WZ08-Q;Gesundheits- und Sozialwesen;99,8;2020=100;VST018;Index der tariflichen Wochenarbeitszeit
62221;Vj. Index der Tarifverdienste und Arbeitszeiten;JAHR;Jahr;2021;DINSGF;Früheres Bundesgebiet / Neue Länder;DN;Neue Länder;WZ08C7;WZ2008 (ausgewählte Positionen): Tarifindex;WZ08-Q;Gesundheits- und Sozialwesen;102,3;2020=100;VST065;Index d.tarifl. Stundenverdienste ohne Sonderzahl.
62221;Vj. Index der Tarifverdienste und Arbeitszeiten;JAHR;Jahr;2021;DINSGF;Früheres Bundesgebiet / Neue Länder;DN;Neue Länder;WZ08C7;WZ2008 (ausgewählte Positionen): Tarifindex;WZ08-K;Erbringung v. Finanz- u. Versicherungsdienstleist.;100,5;2020=100;VST072;Index d.tarifl. Stundenverdienste mit Sonderzahl.
62221;Vj. Index der Tarifverdienste und Arbeitszeiten;JAHR;Jahr;2021;DINSGF;Früheres Bundesgebiet / Neue Länder;DN;Neue Länder;WZ08C7;WZ2008 (ausgewählte Positionen): Tarifindex;WZ08-K;Erbringung v. Finanz- u. Versicherungsdienstleist.;100,5;2020=100;VST073;Index d.tarifl. Monatsverdienste mit Sonderzahl.
62221;Vj. Index der Tarifverdienste und Arbeitszeiten;JAHR;Jahr;2021;DINSGF;Früheres Bundesgebiet / Neue Länder;DN;Neue Länder;WZ08C7;WZ2008 (ausgewählte Positionen): Tarifindex;WZ08-K;Erbringung v. Finanz- u. Versicherungsdienstleist.;38,9;h;VST019;Durchschnittliche tarifliche Wochenarbeitszeit
62221;Vj. Index der Tarifverdienste und Arbeitszeiten;JAHR;Jahr;2021;DINSGF;Früheres Bundesgebiet / Neue Länder;DN;Neue Länder;WZ08C7;WZ2008 (ausgewählte Positionen): Tarifindex;WZ08-K;Erbringung v. Finanz- u. Versicherungsdienstleist.;101,2;2020=100;VST066;Index d.tarifl. Monatsverdienste ohne Sonderzahl.
62221;Vj. Index der Tarifverdienste und Arbeitszeiten;JAHR;Jahr;2021;DINSGF;Früheres Bundesgebiet / Neue Länder;DN;Neue Länder;WZ08C7;WZ2008 (ausgewählte Positionen): Tarifindex;WZ08-K;Erbringung v. Finanz- u. Versicherungsdienstleist.;100,0;2020=100;VST018;Index der tariflichen Wochenarbeitszeit
62221;Vj. Index der Tarifverdienste und Arbeitszeiten;JAHR;Jahr;2021;DINSGF;Früheres Bundesgebiet / Neue Länder;DN;Neue Länder;WZ08C7;WZ2008 (ausgewählte Positionen): Tarifindex;WZ08-K;Erbringung v. Finanz- u. Versicherungsdienstleist.;101,2;2020=100;VST065;Index d.tarifl. Stundenverdienste ohne Sonderzahl.
62221;Vj. Index der Tarifverdienste und Arbeitszeiten;JAHR;Jahr;2023;DINSGF;Früheres Bundesgebiet / Neue Länder;DF;Früheres Bundesgebiet;WZ08C7;WZ2008 (ausgewählte Positionen): Tarifindex;WZ08-93;Dienstleistungen d.Sports,d.Unterhaltg.u.Erholung;107,0;2020=100;VST072;Index d.tarifl. Stundenverdienste mit Sonderzahl.
62221;Vj. Index der Tarifverdienste und Arbeitszeiten;JAHR;Jahr;2023;DINSGF;Früheres Bundesgebiet / Neue Länder;DF;Früheres Bundesgebiet;WZ08C7;WZ2008 (ausgewählte Positionen): Tarifindex;WZ08-93;Dienstleistungen d.Sports,d.Unterhaltg.u.Erholung;107,0;2020=100;VST073;Index d.tarifl. Monatsverdienste mit Sonderzahl.
62221;Vj. Index der Tarifverdienste und Arbeitszeiten;JAHR;Jahr;2023;DINSGF;Früheres Bundesgebiet / Neue Länder;DF;Früheres Bundesgebiet;WZ08C7;WZ2008 (ausgewählte Positionen): Tarifindex;WZ08-93;Dienstleistungen d.Sports,d.Unterhaltg.u.Erholung;38,9;h;VST019;Durchschnittliche tarifliche Wochenarbeitszeit
62221;Vj. Index der Tarifverdienste und Arbeitszeiten;JAHR;Jahr;2023;DINSGF;Früheres Bundesgebiet / Neue Länder;DF;Früheres Bundesgebiet;WZ08C7;WZ2008 (ausgewählte Positionen): Tarifindex;WZ08-93;Dienstleistungen d.Sports,d.Unterhaltg.u.Erholung;104,3;2020=100;VST066;Index d.tarifl. Monatsverdienste ohne Sonderzahl.
62221;Vj. Index der Tarifverdienste und Arbeitszeiten;JAHR;Jahr;2023;DINSGF;Früheres Bundesgebiet / Neue Länder;DF;Früheres Bundesgebiet;WZ08C7;WZ2008 (ausgewählte Positionen): Tarifindex;WZ08-93;Dienstleistungen d.Sports,d.Unterhaltg.u.Erholung;100,0;2020=100;VST018;Index der tariflichen Wochenarbeitszeit
62221;Vj. Index der Tarifverdienste und Arbeitszeiten;JAHR;Jahr;2023;DINSGF;Früheres Bundesgebiet / Neue Länder;DF;Früheres Bundesgebiet;WZ08C7;WZ2008 (ausgewählte Positionen): Tarifindex;WZ08-93;Dienstleistungen d.Sports,d.Unterhaltg.u.Erholung;104,3;2020=100;VST065;Index d.tarifl. Stundenverdienste ohne Sonderzahl.
62221;Vj. Index der Tarifverdienste und Arbeitszeiten;JAHR;Jahr;2021;DINSGF;Früheres Bundesgebiet / Neue Länder;DN;Neue Länder;WZ08C7;WZ2008 (ausgewählte Positionen): Tarifindex;WZ08-E;Wasserversorg.,Entsorg.,Beseitig.v.Umweltverschm.;100,9;2020=100;VST072;Index d.tarifl. Stundenverdienste mit Sonderzahl.
62221;Vj. Index der Tarifverdienste und Arbeitszeiten;JAHR;Jahr;2021;DINSGF;Früheres Bundesgebiet / Neue Länder;DN;Neue Länder;WZ08C7;WZ2008 (ausgewählte Positionen): Tarifindex;WZ08-E;Wasserversorg.,Entsorg.,Beseitig.v.Umweltverschm.;100,9;2020=100;VST073;Index d.tarifl. Monatsverdienste mit Sonderzahl.
62221;Vj. Index der Tarifverdienste und Arbeitszeiten;JAHR;Jahr;2021;DINSGF;Früheres Bundesgebiet / Neue Länder;DN;Neue Länder;WZ08C7;WZ2008 (ausgewählte Positionen): Tarifindex;WZ08-E;Wasserversorg.,Entsorg.,Beseitig.v.Umweltverschm.;39,1;h;VST019;Durchschnittliche tarifliche Wochenarbeitszeit
62221;Vj. Index der Tarifverdienste und Arbeitszeiten;JAHR;Jahr;2021;DINSGF;Früheres Bundesgebiet / Neue Länder;DN;Neue Länder;WZ08C7;WZ2008 (ausgewählte Positionen): Tarifindex;WZ08-E;Wasserversorg.,Entsorg.,Beseitig.v.Umweltverschm.;101,5;2020=100;VST066;Index d.tarifl. Monatsverdienste ohne Sonderzahl.
62221;Vj. Index der Tarifverdienste und Arbeitszeiten;JAHR;Jahr;2021;DINSGF;Früheres Bundesgebiet / Neue Länder;DN;Neue Länder;WZ08C7;WZ2008 (ausgewählte Positionen): Tarifindex;WZ08-E;Wasserversorg.,Entsorg.,Beseitig.v.Umweltverschm.;100,0;2020=100;VST018;Index der tariflichen Wochenarbeitszeit
62221;Vj. Index der Tarifverdienste und Arbeitszeiten;JAHR;Jahr;2021;DINSGF;Früheres Bundesgebiet / Neue Länder;DN;Neue Länder;WZ08C7;WZ2008 (ausgewählte Positionen): Tarifindex;WZ08-E;Wasserversorg.,Entsorg.,Beseitig.v.Umweltverschm.;101,5;2020=100;VST065;Index d.tarifl. Stundenverdienste ohne Sonderzahl.
62221;Vj. Index der Tarifverdienste und Arbeitszeiten;JAHR;Jahr;2023;DINSGF;Früheres Bundesgebiet / Neue Länder;DF;Früheres Bundesgebiet;WZ08C7;WZ2008 (ausgewählte Positionen): Tarifindex;WZ08-G-03;Wirtschaftliche Dienstleistungen;108,5;2020=100;VST072;Index d.tarifl. Stundenverdienste mit Sonderzahl.
62221;Vj. Index der Tarifverdienste und Arbeitszeiten;JAHR;Jahr;2023;DINSGF;Früheres Bundesgebiet / Neue Länder;DF;Früheres Bundesgebiet;WZ08C7;WZ2008 (ausgewählte Positionen): Tarifindex;WZ08-G-03;Wirtschaftliche Dienstleistungen;108,5;2020=100;VST073;Index d.tarifl. Monatsverdienste mit Sonderzahl.
62221;Vj. Index der Tarifverdienste und Arbeitszeiten;JAHR;Jahr;2023;DINSGF;Früheres Bundesgebiet / Neue Länder;DF;Früheres Bundesgebiet;WZ08C7;WZ2008 (ausgewählte Positionen): Tarifindex;WZ08-G-03;Wirtschaftliche Dienstleistungen;38,1;h;VST019;Durchschnittliche tarifliche Wochenarbeitszeit
62221;Vj. Index der Tarifverdienste und Arbeitszeiten;JAHR;Jahr;2023;DINSGF;Früheres Bundesgebiet / Neue Länder;DF;Früheres Bundesgebiet;WZ08C7;WZ2008 (ausgewählte Positionen): Tarifindex;WZ08-G-03;Wirtschaftliche Dienstleistungen;107,2;2020=100;VST066;Index d.tarifl. Monatsverdienste ohne Sonderzahl.
62221;Vj. Index der Tarifverdienste und Arbeitszeiten;JAHR;Jahr;2023;DINSGF;Früheres Bundesgebiet / Neue Länder;DF;Früheres Bundesgebiet;WZ08C7;WZ2008 (ausgewählte Positionen): Tarifindex;WZ08-G-03;Wirtschaftliche Dienstleistungen;100,0;2020=100;VST018;Index der tariflichen Wochenarbeitszeit
62221;Vj. Index der Tarifverdienste und Arbeitszeiten;JAHR;Jahr;2023;DINSGF;Früheres Bundesgebiet / Neue Länder;DF;Früheres Bundesgebiet;WZ08C7;WZ2008 (ausgewählte Positionen): Tarifindex;WZ08-G-03;Wirtschaftliche Dienstleistungen;107,2;2020=100;VST065;Index d.tarifl. Stundenverdienste ohne Sonderzahl.
62221;Vj. Index der Tarifverdienste und Arbeitszeiten;JAHR;Jahr;2023;DINSGF;Früheres Bundesgebiet / Neue Länder;DN;Neue Länder;WZ08C7;WZ2008 (ausgewählte Positionen): Tarifindex;WZ08-94;Interessenvertr., kirchl. u. sonst. Vereinigungen;107,5;2020=100;VST072;Index d.tarifl. Stundenverdienste mit Sonderzahl.
62221;Vj. Index der Tarifverdienste und Arbeitszeiten;JAHR;Jahr;2023;DINSGF;Früheres Bundesgebiet / Neue Länder;DN;Neue Länder;WZ08C7;WZ2008 (ausgewählte Positionen): Tarifindex;WZ08-94;Interessenvertr., kirchl. u. sonst. Vereinigungen;107,4;2020=100;VST073;Index d.tarifl. Monatsverdienste mit Sonderzahl.
62221;Vj. Index der Tarifverdienste und Arbeitszeiten;JAHR;Jahr;2023;DINSGF;Früheres Bundesgebiet / Neue Länder;DN;Neue Länder;WZ08C7;WZ2008 (ausgewählte Positionen): Tarifindex;WZ08-94;Interessenvertr., kirchl. u. sonst. Vereinigungen;39,7;h;VST019;Durchschnittliche tarifliche Wochenarbeitszeit
62221;Vj. Index der Tarifverdienste und Arbeitszeiten;JAHR;Jahr;2023;DINSGF;Früheres Bundesgebiet / Neue Länder;DN;Neue Länder;WZ08C7;WZ2008 (ausgewählte Positionen): Tarifindex;WZ08-94;Interessenvertr., kirchl. u. sonst. Vereinigungen;106,3;2020=100;VST066;Index d.tarifl. Monatsverdienste ohne Sonderzahl.
62221;Vj. Index der Tarifverdienste und Arbeitszeiten;JAHR;Jahr;2023;DINSGF;Früheres Bundesgebiet / Neue Länder;DN;Neue Länder;WZ08C7;WZ2008 (ausgewählte Positionen): Tarifindex;WZ08-94;Interessenvertr., kirchl. u. sonst. Vereinigungen;100,0;2020=100;VST018;Index der tariflichen Wochenarbeitszeit
62221;Vj. Index der Tarifverdienste und Arbeitszeiten;JAHR;Jahr;2023;DINSGF;Früheres Bundesgebiet / Neue Länder;DN;Neue Länder;WZ08C7;WZ2008 (ausgewählte Positionen): Tarifindex;WZ08-94;Interessenvertr., kirchl. u. sonst. Vereinigungen;106,3;2020=100;VST065;Index d.tarifl. Stundenverdienste ohne Sonderzahl.
62221;Vj. Index der Tarifverdienste und Arbeitszeiten;JAHR;Jahr;2023;DINSGF;Früheres Bundesgebiet / Neue Länder;DN;Neue Länder;WZ08C7;WZ2008 (ausgewählte Positionen): Tarifindex;WZ08-91;Bibliotheken, Archive, Museen, bot. u. zoo. Gärten;105,5;2020=100;VST072;Index d.tarifl. Stundenverdienste mit Sonderzahl.
62221;Vj. Index der Tarifverdienste und Arbeitszeiten;JAHR;Jahr;2023;DINSGF;Früheres Bundesgebiet / Neue Länder;DN;Neue Länder;WZ08C7;WZ2008 (ausgewählte Positionen): Tarifindex;WZ08-91;Bibliotheken, Archive, Museen, bot. u. zoo. Gärten;105,5;2020=100;VST073;Index d.tarifl. Monatsverdienste mit Sonderzahl.
62221;Vj. Index der Tarifverdienste und Arbeitszeiten;JAHR;Jahr;2023;DINSGF;Früheres Bundesgebiet / Neue Länder;DN;Neue Länder;WZ08C7;WZ2008 (ausgewählte Positionen): Tarifindex;WZ08-91;Bibliotheken, Archive, Museen, bot. u. zoo. Gärten;39,3;h;VST019;Durchschnittliche tarifliche Wochenarbeitszeit
62221;Vj. Index der Tarifverdienste und Arbeitszeiten;JAHR;Jahr;2023;DINSGF;Früheres Bundesgebiet / Neue Länder;DN;Neue Länder;WZ08C7;WZ2008 (ausgewählte Positionen): Tarifindex;WZ08-91;Bibliotheken, Archive, Museen, bot. u. zoo. Gärten;103,8;2020=100;VST066;Index d.tarifl. Monatsverdienste ohne Sonderzahl.
62221;Vj. Index der Tarifverdienste und Arbeitszeiten;JAHR;Jahr;2023;DINSGF;Früheres Bundesgebiet / Neue Länder;DN;Neue Länder;WZ08C7;WZ2008 (ausgewählte Positionen): Tarifindex;WZ08-91;Bibliotheken, Archive, Museen, bot. u. zoo. Gärten;100,0;2020=100;VST018;Index der tariflichen Wochenarbeitszeit
62221;Vj. Index der Tarifverdienste und Arbeitszeiten;JAHR;Jahr;2023;DINSGF;Früheres Bundesgebiet / Neue Länder;DN;Neue Länder;WZ08C7;WZ2008 (ausgewählte Positionen): Tarifindex;WZ08-91;Bibliotheken, Archive, Museen, bot. u. zoo. Gärten;103,8;2020=100;VST065;Index d.tarifl. Stundenverdienste ohne Sonderzahl.
62221;Vj. Index der Tarifverdienste und Arbeitszeiten;JAHR;Jahr;2023;DINSGF;Früheres Bundesgebiet / Neue Länder;DN;Neue Länder;WZ08C7;WZ2008 (ausgewählte Positionen): Tarifindex;WZ08-20-01;Chemische Industrie;111,5;2020=100;VST072;Index d.tarifl. Stundenverdienste mit Sonderzahl.
62221;Vj. Index der Tarifverdienste und Arbeitszeiten;JAHR;Jahr;2023;DINSGF;Früheres Bundesgebiet / Neue Länder;DN;Neue Länder;WZ08C7;WZ2008 (ausgewählte Positionen): Tarifindex;WZ08-20-01;Chemische Industrie;109,2;2020=100;VST073;Index d.tarifl. Monatsverdienste mit Sonderzahl.
62221;Vj. Index der Tarifverdienste und Arbeitszeiten;JAHR;Jahr;2023;DINSGF;Früheres Bundesgebiet / Neue Länder;DN;Neue Länder;WZ08C7;WZ2008 (ausgewählte Positionen): Tarifindex;WZ08-20-01;Chemische Industrie;38,4;h;VST019;Durchschnittliche tarifliche Wochenarbeitszeit
62221;Vj. Index der Tarifverdienste und Arbeitszeiten;JAHR;Jahr;2023;DINSGF;Früheres Bundesgebiet / Neue Länder;DN;Neue Länder;WZ08C7;WZ2008 (ausgewählte Positionen): Tarifindex;WZ08-20-01;Chemische Industrie;105,4;2020=100;VST066;Index d.tarifl. Monatsverdienste ohne Sonderzahl.
62221;Vj. Index der Tarifverdienste und Arbeitszeiten;JAHR;Jahr;2023;DINSGF;Früheres Bundesgebiet / Neue Länder;DN;Neue Länder;WZ08C7;WZ2008 (ausgewählte Positionen): Tarifindex;WZ08-20-01;Chemische Industrie;98,0;2020=100;VST018;Index der tariflichen Wochenarbeitszeit
62221;Vj. Index der Tarifverdienste und Arbeitszeiten;JAHR;Jahr;2023;DINSGF;Früheres Bundesgebiet / Neue Länder;DN;Neue Länder;WZ08C7;WZ2008 (ausgewählte Positionen): Tarifindex;WZ08-20-01;Chemische Industrie;107,7;2020=100;VST065;Index d.tarifl. Stundenverdienste ohne Sonderzahl.
62221;Vj. Index der Tarifverdienste und Arbeitszeiten;JAHR;Jahr;2024;DINSGF;Früheres Bundesgebiet / Neue Länder;DN;Neue Länder;WZ08C7;WZ2008 (ausgewählte Positionen): Tarifindex;WZ08-47;Einzelhandel (ohne Handel mit Kraftfahrzeugen);117,6;2020=100;VST072;Index d.tarifl. Stundenverdienste mit Sonderzahl.
62221;Vj. Index der Tarifverdienste und Arbeitszeiten;JAHR;Jahr;2024;DINSGF;Früheres Bundesgebiet / Neue Länder;DN;Neue Länder;WZ08C7;WZ2008 (ausgewählte Positionen): Tarifindex;WZ08-47;Einzelhandel (ohne Handel mit Kraftfahrzeugen);117,4;2020=100;VST073;Index d.tarifl. Monatsverdienste mit Sonderzahl.
62221;Vj. Index der Tarifverdienste und Arbeitszeiten;JAHR;Jahr;2024;DINSGF;Früheres Bundesgebiet / Neue Länder;DN;Neue Länder;WZ08C7;WZ2008 (ausgewählte Positionen): Tarifindex;WZ08-47;Einzelhandel (ohne Handel mit Kraftfahrzeugen);38,2;h;VST019;Durchschnittliche tarifliche Wochenarbeitszeit
62221;Vj. Index der Tarifverdienste und Arbeitszeiten;JAHR;Jahr;2024;DINSGF;Früheres Bundesgebiet / Neue Länder;DN;Neue Länder;WZ08C7;WZ2008 (ausgewählte Positionen): Tarifindex;WZ08-47;Einzelhandel (ohne Handel mit Kraftfahrzeugen);110,3;2020=100;VST066;Index d.tarifl. Monatsverdienste ohne Sonderzahl.
62221;Vj. Index der Tarifverdienste und Arbeitszeiten;JAHR;Jahr;2024;DINSGF;Früheres Bundesgebiet / Neue Länder;DN;Neue Länder;WZ08C7;WZ2008 (ausgewählte Positionen): Tarifindex;WZ08-47;Einzelhandel (ohne Handel mit Kraftfahrzeugen);99,9;2020=100;VST018;Index der tariflichen Wochenarbeitszeit
62221;Vj. Index der Tarifverdienste und Arbeitszeiten;JAHR;Jahr;2024;DINSGF;Früheres Bundesgebiet / Neue Länder;DN;Neue Länder;WZ08C7;WZ2008 (ausgewählte Positionen): Tarifindex;WZ08-47;Einzelhandel (ohne Handel mit Kraftfahrzeugen);110,5;2020=100;VST065;Index d.tarifl. Stundenverdienste ohne Sonderzahl.
62221;Vj. Index der Tarifverdienste und Arbeitszeiten;JAHR;Jahr;2023;DINSGF;Früheres Bundesgebiet / Neue Länder;DF;Früheres Bundesgebiet;WZ08C7;WZ2008 (ausgewählte Positionen): Tarifindex;WZ08-18;H.v. Druckerz., Vervielf.v.Ton-,Bild-,Datenträgern;105,9;2020=100;VST072;Index d.tarifl. Stundenverdienste mit Sonderzahl.
62221;Vj. Index der Tarifverdienste und Arbeitszeiten;JAHR;Jahr;2023;DINSGF;Früheres Bundesgebiet / Neue Länder;DF;Früheres Bundesgebiet;WZ08C7;WZ2008 (ausgewählte Positionen): Tarifindex;WZ08-18;H.v. Druckerz., Vervielf.v.Ton-,Bild-,Datenträgern;105,9;2020=100;VST073;Index d.tarifl. Monatsverdienste mit Sonderzahl.
62221;Vj. Index der Tarifverdienste und Arbeitszeiten;JAHR;Jahr;2023;DINSGF;Früheres Bundesgebiet / Neue Länder;DF;Früheres Bundesgebiet;WZ08C7;WZ2008 (ausgewählte Positionen): Tarifindex;WZ08-18;H.v. Druckerz., Vervielf.v.Ton-,Bild-,Datenträgern;35,3;h;VST019;Durchschnittliche tarifliche Wochenarbeitszeit
62221;Vj. Index der Tarifverdienste und Arbeitszeiten;JAHR;Jahr;2023;DINSGF;Früheres Bundesgebiet / Neue Länder;DF;Früheres Bundesgebiet;WZ08C7;WZ2008 (ausgewählte Positionen): Tarifindex;WZ08-18;H.v. Druckerz., Vervielf.v.Ton-,Bild-,Datenträgern;105,1;2020=100;VST066;Index d.tarifl. Monatsverdienste ohne Sonderzahl.
62221;Vj. Index der Tarifverdienste und Arbeitszeiten;JAHR;Jahr;2023;DINSGF;Früheres Bundesgebiet / Neue Länder;DF;Früheres Bundesgebiet;WZ08C7;WZ2008 (ausgewählte Positionen): Tarifindex;WZ08-18;H.v. Druckerz., Vervielf.v.Ton-,Bild-,Datenträgern;100,0;2020=100;VST018;Index der tariflichen Wochenarbeitszeit
62221;Vj. Index der Tarifverdienste und Arbeitszeiten;JAHR;Jahr;2023;DINSGF;Früheres Bundesgebiet / Neue Länder;DF;Früheres Bundesgebiet;WZ08C7;WZ2008 (ausgewählte Positionen): Tarifindex;WZ08-18;H.v. Druckerz., Vervielf.v.Ton-,Bild-,Datenträgern;105,1;2020=100;VST065;Index d.tarifl. Stundenverdienste ohne Sonderzahl.
62221;Vj. Index der Tarifverdienste und Arbeitszeiten;JAHR;Jahr;2017;DINSGF;Früheres Bundesgebiet / Neue Länder;DN;Neue Länder;WZ08C7;WZ2008 (ausgewählte Positionen): Tarifindex;WZ08-92;Spiel-, Wett- und Lotteriewesen;95,5;2020=100;VST072;Index d.tarifl. Stundenverdienste mit Sonderzahl.
62221;Vj. Index der Tarifverdienste und Arbeitszeiten;JAHR;Jahr;2017;DINSGF;Früheres Bundesgebiet / Neue Länder;DN;Neue Länder;WZ08C7;WZ2008 (ausgewählte Positionen): Tarifindex;WZ08-92;Spiel-, Wett- und Lotteriewesen;95,5;2020=100;VST073;Index d.tarifl. Monatsverdienste mit Sonderzahl.
62221;Vj. Index der Tarifverdienste und Arbeitszeiten;JAHR;Jahr;2017;DINSGF;Früheres Bundesgebiet / Neue Länder;DN;Neue Länder;WZ08C7;WZ2008 (ausgewählte Positionen): Tarifindex;WZ08-92;Spiel-, Wett- und Lotteriewesen;39,0;h;VST019;Durchschnittliche tarifliche Wochenarbeitszeit
62221;Vj. Index der Tarifverdienste und Arbeitszeiten;JAHR;Jahr;2017;DINSGF;Früheres Bundesgebiet / Neue Länder;DN;Neue Länder;WZ08C7;WZ2008 (ausgewählte Positionen): Tarifindex;WZ08-92;Spiel-, Wett- und Lotteriewesen;95,5;2020=100;VST066;Index d.tarifl. Monatsverdienste ohne Sonderzahl.
62221;Vj. Index der Tarifverdienste und Arbeitszeiten;JAHR;Jahr;2017;DINSGF;Früheres Bundesgebiet / Neue Länder;DN;Neue Länder;WZ08C7;WZ2008 (ausgewählte Positionen): Tarifindex;WZ08-92;Spiel-, Wett- und Lotteriewesen;100,0;2020=100;VST018;Index der tariflichen Wochenarbeitszeit
62221;Vj. Index der Tarifverdienste und Arbeitszeiten;JAHR;Jahr;2017;DINSGF;Früheres Bundesgebiet / Neue Länder;DN;Neue Länder;WZ08C7;WZ2008 (ausgewählte Positionen): Tarifindex;WZ08-92;Spiel-, Wett- und Lotteriewesen;95,5;2020=100;VST065;Index d.tarifl. Stundenverdienste ohne Sonderzahl.
62221;Vj. Index der Tarifverdienste und Arbeitszeiten;JAHR;Jahr;2016;DINSGF;Früheres Bundesgebiet / Neue Länder;DN;Neue Länder;WZ08C7;WZ2008 (ausgewählte Positionen): Tarifindex;WZ08-27;Herstellung von elektrischen Ausrüstungen;90,3;2020=100;VST072;Index d.tarifl. Stundenverdienste mit Sonderzahl.
62221;Vj. Index der Tarifverdienste und Arbeitszeiten;JAHR;Jahr;2016;DINSGF;Früheres Bundesgebiet / Neue Länder;DN;Neue Länder;WZ08C7;WZ2008 (ausgewählte Positionen): Tarifindex;WZ08-27;Herstellung von elektrischen Ausrüstungen;90,3;2020=100;VST073;Index d.tarifl. Monatsverdienste mit Sonderzahl.
62221;Vj. Index der Tarifverdienste und Arbeitszeiten;JAHR;Jahr;2016;DINSGF;Früheres Bundesgebiet / Neue Länder;DN;Neue Länder;WZ08C7;WZ2008 (ausgewählte Positionen): Tarifindex;WZ08-27;Herstellung von elektrischen Ausrüstungen;38,0;h;VST019;Durchschnittliche tarifliche Wochenarbeitszeit
62221;Vj. Index der Tarifverdienste und Arbeitszeiten;JAHR;Jahr;2016;DINSGF;Früheres Bundesgebiet / Neue Länder;DN;Neue Länder;WZ08C7;WZ2008 (ausgewählte Positionen): Tarifindex;WZ08-27;Herstellung von elektrischen Ausrüstungen;92,7;2020=100;VST066;Index d.tarifl. Monatsverdienste ohne Sonderzahl.
62221;Vj. Index der Tarifverdienste und Arbeitszeiten;JAHR;Jahr;2016;DINSGF;Früheres Bundesgebiet / Neue Länder;DN;Neue Länder;WZ08C7;WZ2008 (ausgewählte Positionen): Tarifindex;WZ08-27;Herstellung von elektrischen Ausrüstungen;100,0;2020=100;VST018;Index der tariflichen Wochenarbeitszeit
62221;Vj. Index der Tarifverdienste und Arbeitszeiten;JAHR;Jahr;2016;DINSGF;Früheres Bundesgebiet / Neue Länder;DN;Neue Länder;WZ08C7;WZ2008 (ausgewählte Positionen): Tarifindex;WZ08-27;Herstellung von elektrischen Ausrüstungen;92,7;2020=100;VST065;Index d.tarifl. Stundenverdienste ohne Sonderzahl.
62221;Vj. Index der Tarifverdienste und Arbeitszeiten;JAHR;Jahr;2020;DINSGF;Früheres Bundesgebiet / Neue Länder;DF;Früheres Bundesgebiet;WZ08C7;WZ2008 (ausgewählte Positionen): Tarifindex;WZ08-G-02;Dienstleistungsbereich;100,0;2020=100;VST072;Index d.tarifl. Stundenverdienste mit Sonderzahl.
62221;Vj. Index der Tarifverdienste und Arbeitszeiten;JAHR;Jahr;2020;DINSGF;Früheres Bundesgebiet / Neue Länder;DF;Früheres Bundesgebiet;WZ08C7;WZ2008 (ausgewählte Positionen): Tarifindex;WZ08-G-02;Dienstleistungsbereich;100,0;2020=100;VST073;Index d.tarifl. Monatsverdienste mit Sonderzahl.
62221;Vj. Index der Tarifverdienste und Arbeitszeiten;JAHR;Jahr;2020;DINSGF;Früheres Bundesgebiet / Neue Länder;DF;Früheres Bundesgebiet;WZ08C7;WZ2008 (ausgewählte Positionen): Tarifindex;WZ08-G-02;Dienstleistungsbereich;39,2;h;VST019;Durchschnittliche tarifliche Wochenarbeitszeit
62221;Vj. Index der Tarifverdienste und Arbeitszeiten;JAHR;Jahr;2020;DINSGF;Früheres Bundesgebiet / Neue Länder;DF;Früheres Bundesgebiet;WZ08C7;WZ2008 (ausgewählte Positionen): Tarifindex;WZ08-G-02;Dienstleistungsbereich;100,0;2020=100;VST066;Index d.tarifl. Monatsverdienste ohne Sonderzahl.
62221;Vj. Index der Tarifverdienste und Arbeitszeiten;JAHR;Jahr;2020;DINSGF;Früheres Bundesgebiet / Neue Länder;DF;Früheres Bundesgebiet;WZ08C7;WZ2008 (ausgewählte Positionen): Tarifindex;WZ08-G-02;Dienstleistungsbereich;100,0;2020=100;VST018;Index der tariflichen Wochenarbeitszeit
62221;Vj. Index der Tarifverdienste und Arbeitszeiten;JAHR;Jahr;2020;DINSGF;Früheres Bundesgebiet / Neue Länder;DF;Früheres Bundesgebiet;WZ08C7;WZ2008 (ausgewählte Positionen): Tarifindex;WZ08-G-02;Dienstleistungsbereich;100,0;2020=100;VST065;Index d.tarifl. Stundenverdienste ohne Sonderzahl.
62221;Vj. Index der Tarifverdienste und Arbeitszeiten;JAHR;Jahr;2017;DINSGF;Früheres Bundesgebiet / Neue Länder;DF;Früheres Bundesgebiet;WZ08C7;WZ2008 (ausgewählte Positionen): Tarifindex;WZ08-16;H.v. Holz-, Flecht-, Korb-u.Korkwaren (ohne Möbel);93,2;2020=100;VST072;Index d.tarifl. Stundenverdienste mit Sonderzahl.
62221;Vj. Index der Tarifverdienste und Arbeitszeiten;JAHR;Jahr;2017;DINSGF;Früheres Bundesgebiet / Neue Länder;DF;Früheres Bundesgebiet;WZ08C7;WZ2008 (ausgewählte Positionen): Tarifindex;WZ08-16;H.v. Holz-, Flecht-, Korb-u.Korkwaren (ohne Möbel);93,2;2020=100;VST073;Index d.tarifl. Monatsverdienste mit Sonderzahl.
62221;Vj. Index der Tarifverdienste und Arbeitszeiten;JAHR;Jahr;2017;DINSGF;Früheres Bundesgebiet / Neue Länder;DF;Früheres Bundesgebiet;WZ08C7;WZ2008 (ausgewählte Positionen): Tarifindex;WZ08-16;H.v. Holz-, Flecht-, Korb-u.Korkwaren (ohne Möbel);37,3;h;VST019;Durchschnittliche tarifliche Wochenarbeitszeit
62221;Vj. Index der Tarifverdienste und Arbeitszeiten;JAHR;Jahr;2017;DINSGF;Früheres Bundesgebiet / Neue Länder;DF;Früheres Bundesgebiet;WZ08C7;WZ2008 (ausgewählte Positionen): Tarifindex;WZ08-16;H.v. Holz-, Flecht-, Korb-u.Korkwaren (ohne Möbel);93,4;2020=100;VST066;Index d.tarifl. Monatsverdienste ohne Sonderzahl.
62221;Vj. Index der Tarifverdienste und Arbeitszeiten;JAHR;Jahr;2017;DINSGF;Früheres Bundesgebiet / Neue Länder;DF;Früheres Bundesgebiet;WZ08C7;WZ2008 (ausgewählte Positionen): Tarifindex;WZ08-16;H.v. Holz-, Flecht-, Korb-u.Korkwaren (ohne Möbel);100,0;2020=100;VST018;Index der tariflichen Wochenarbeitszeit
62221;Vj. Index der Tarifverdienste und Arbeitszeiten;JAHR;Jahr;2017;DINSGF;Früheres Bundesgebiet / Neue Länder;DF;Früheres Bundesgebiet;WZ08C7;WZ2008 (ausgewählte Positionen): Tarifindex;WZ08-16;H.v. Holz-, Flecht-, Korb-u.Korkwaren (ohne Möbel);93,4;2020=100;VST065;Index d.tarifl. Stundenverdienste ohne Sonderzahl.
62221;Vj. Index der Tarifverdienste und Arbeitszeiten;JAHR;Jahr;2018;DINSGF;Früheres Bundesgebiet / Neue Länder;DF;Früheres Bundesgebiet;WZ08C7;WZ2008 (ausgewählte Positionen): Tarifindex;WZ08-90;Kreative,künstlerische u.unterhaltende Tätigkeiten;94,4;2020=100;VST072;Index d.tarifl. Stundenverdienste mit Sonderzahl.
62221;Vj. Index der Tarifverdienste und Arbeitszeiten;JAHR;Jahr;2018;DINSGF;Früheres Bundesgebiet / Neue Länder;DF;Früheres Bundesgebiet;WZ08C7;WZ2008 (ausgewählte Positionen): Tarifindex;WZ08-90;Kreative,künstlerische u.unterhaltende Tätigkeiten;94,5;2020=100;VST073;Index d.tarifl. Monatsverdienste mit Sonderzahl.
62221;Vj. Index der Tarifverdienste und Arbeitszeiten;JAHR;Jahr;2018;DINSGF;Früheres Bundesgebiet / Neue Länder;DF;Früheres Bundesgebiet;WZ08C7;WZ2008 (ausgewählte Positionen): Tarifindex;WZ08-90;Kreative,künstlerische u.unterhaltende Tätigkeiten;39,1;h;VST019;Durchschnittliche tarifliche Wochenarbeitszeit
62221;Vj. Index der Tarifverdienste und Arbeitszeiten;JAHR;Jahr;2018;DINSGF;Früheres Bundesgebiet / Neue Länder;DF;Früheres Bundesgebiet;WZ08C7;WZ2008 (ausgewählte Positionen): Tarifindex;WZ08-90;Kreative,künstlerische u.unterhaltende Tätigkeiten;93,8;2020=100;VST066;Index d.tarifl. Monatsverdienste ohne Sonderzahl.
62221;Vj. Index der Tarifverdienste und Arbeitszeiten;JAHR;Jahr;2018;DINSGF;Früheres Bundesgebiet / Neue Länder;DF;Früheres Bundesgebiet;WZ08C7;WZ2008 (ausgewählte Positionen): Tarifindex;WZ08-90;Kreative,künstlerische u.unterhaltende Tätigkeiten;100,0;2020=100;VST018;Index der tariflichen Wochenarbeitszeit
62221;Vj. Index der Tarifverdienste und Arbeitszeiten;JAHR;Jahr;2018;DINSGF;Früheres Bundesgebiet / Neue Länder;DF;Früheres Bundesgebiet;WZ08C7;WZ2008 (ausgewählte Positionen): Tarifindex;WZ08-90;Kreative,künstlerische u.unterhaltende Tätigkeiten;93,8;2020=100;VST065;Index d.tarifl. Stundenverdienste ohne Sonderzahl.
62221;Vj. Index der Tarifverdienste und Arbeitszeiten;JAHR;Jahr;2022;DINSGF;Früheres Bundesgebiet / Neue Länder;DN;Neue Länder;WZ08C7;WZ2008 (ausgewählte Positionen): Tarifindex;WZ08-23;H.v.Glas,-waren,Keramik,Verarb. v.Steinen u.Erden;106,7;2020=100;VST072;Index d.tarifl. Stundenverdienste mit Sonderzahl.
62221;Vj. Index der Tarifverdienste und Arbeitszeiten;JAHR;Jahr;2022;DINSGF;Früheres Bundesgebiet / Neue Länder;DN;Neue Länder;WZ08C7;WZ2008 (ausgewählte Positionen): Tarifindex;WZ08-23;H.v.Glas,-waren,Keramik,Verarb. v.Steinen u.Erden;106,0;2020=100;VST073;Index d.tarifl. Monatsverdienste mit Sonderzahl.
62221;Vj. Index der Tarifverdienste und Arbeitszeiten;JAHR;Jahr;2022;DINSGF;Früheres Bundesgebiet / Neue Länder;DN;Neue Länder;WZ08C7;WZ2008 (ausgewählte Positionen): Tarifindex;WZ08-23;H.v.Glas,-waren,Keramik,Verarb. v.Steinen u.Erden;38,9;h;VST019;Durchschnittliche tarifliche Wochenarbeitszeit
62221;Vj. Index der Tarifverdienste und Arbeitszeiten;JAHR;Jahr;2022;DINSGF;Früheres Bundesgebiet / Neue Länder;DN;Neue Länder;WZ08C7;WZ2008 (ausgewählte Positionen): Tarifindex;WZ08-23;H.v.Glas,-waren,Keramik,Verarb. v.Steinen u.Erden;104,3;2020=100;VST066;Index d.tarifl. Monatsverdienste ohne Sonderzahl.
62221;Vj. Index der Tarifverdienste und Arbeitszeiten;JAHR;Jahr;2022;DINSGF;Früheres Bundesgebiet / Neue Länder;DN;Neue Länder;WZ08C7;WZ2008 (ausgewählte Positionen): Tarifindex;WZ08-23;H.v.Glas,-waren,Keramik,Verarb. v.Steinen u.Erden;99,5;2020=100;VST018;Index der tariflichen Wochenarbeitszeit
62221;Vj. Index der Tarifverdienste und Arbeitszeiten;JAHR;Jahr;2022;DINSGF;Früheres Bundesgebiet / Neue Länder;DN;Neue Länder;WZ08C7;WZ2008 (ausgewählte Positionen): Tarifindex;WZ08-23;H.v.Glas,-waren,Keramik,Verarb. v.Steinen u.Erden;105,0;2020=100;VST065;Index d.tarifl. Stundenverdienste ohne Sonderzahl.
62221;Vj. Index der Tarifverdienste und Arbeitszeiten;JAHR;Jahr;2022;DINSGF;Früheres Bundesgebiet / Neue Länder;DN;Neue Länder;WZ08C7;WZ2008 (ausgewählte Positionen): Tarifindex;WZ08-20;Herstellung von chemischen Erzeugnissen;105,5;2020=100;VST072;Index d.tarifl. Stundenverdienste mit Sonderzahl.
62221;Vj. Index der Tarifverdienste und Arbeitszeiten;JAHR;Jahr;2022;DINSGF;Früheres Bundesgebiet / Neue Länder;DN;Neue Länder;WZ08C7;WZ2008 (ausgewählte Positionen): Tarifindex;WZ08-20;Herstellung von chemischen Erzeugnissen;104,5;2020=100;VST073;Index d.tarifl. Monatsverdienste mit Sonderzahl.
62221;Vj. Index der Tarifverdienste und Arbeitszeiten;JAHR;Jahr;2022;DINSGF;Früheres Bundesgebiet / Neue Länder;DN;Neue Länder;WZ08C7;WZ2008 (ausgewählte Positionen): Tarifindex;WZ08-20;Herstellung von chemischen Erzeugnissen;38,7;h;VST019;Durchschnittliche tarifliche Wochenarbeitszeit
62221;Vj. Index der Tarifverdienste und Arbeitszeiten;JAHR;Jahr;2022;DINSGF;Früheres Bundesgebiet / Neue Länder;DN;Neue Länder;WZ08C7;WZ2008 (ausgewählte Positionen): Tarifindex;WZ08-20;Herstellung von chemischen Erzeugnissen;102,0;2020=100;VST066;Index d.tarifl. Monatsverdienste ohne Sonderzahl.
62221;Vj. Index der Tarifverdienste und Arbeitszeiten;JAHR;Jahr;2022;DINSGF;Früheres Bundesgebiet / Neue Länder;DN;Neue Länder;WZ08C7;WZ2008 (ausgewählte Positionen): Tarifindex;WZ08-20;Herstellung von chemischen Erzeugnissen;99,1;2020=100;VST018;Index der tariflichen Wochenarbeitszeit
62221;Vj. Index der Tarifverdienste und Arbeitszeiten;JAHR;Jahr;2022;DINSGF;Früheres Bundesgebiet / Neue Länder;DN;Neue Länder;WZ08C7;WZ2008 (ausgewählte Positionen): Tarifindex;WZ08-20;Herstellung von chemischen Erzeugnissen;103,0;2020=100;VST065;Index d.tarifl. Stundenverdienste ohne Sonderzahl.
62221;Vj. Index der Tarifverdienste und Arbeitszeiten;JAHR;Jahr;2017;DINSGF;Früheres Bundesgebiet / Neue Länder;DF;Früheres Bundesgebiet;WZ08C7;WZ2008 (ausgewählte Positionen): Tarifindex;WZ08-13;Herstellung von Textilien;94,2;2020=100;VST072;Index d.tarifl. Stundenverdienste mit Sonderzahl.
62221;Vj. Index der Tarifverdienste und Arbeitszeiten;JAHR;Jahr;2017;DINSGF;Früheres Bundesgebiet / Neue Länder;DF;Früheres Bundesgebiet;WZ08C7;WZ2008 (ausgewählte Positionen): Tarifindex;WZ08-13;Herstellung von Textilien;94,2;2020=100;VST073;Index d.tarifl. Monatsverdienste mit Sonderzahl.
62221;Vj. Index der Tarifverdienste und Arbeitszeiten;JAHR;Jahr;2017;DINSGF;Früheres Bundesgebiet / Neue Länder;DF;Früheres Bundesgebiet;WZ08C7;WZ2008 (ausgewählte Positionen): Tarifindex;WZ08-13;Herstellung von Textilien;37,1;h;VST019;Durchschnittliche tarifliche Wochenarbeitszeit
62221;Vj. Index der Tarifverdienste und Arbeitszeiten;JAHR;Jahr;2017;DINSGF;Früheres Bundesgebiet / Neue Länder;DF;Früheres Bundesgebiet;WZ08C7;WZ2008 (ausgewählte Positionen): Tarifindex;WZ08-13;Herstellung von Textilien;94,0;2020=100;VST066;Index d.tarifl. Monatsverdienste ohne Sonderzahl.
62221;Vj. Index der Tarifverdienste und Arbeitszeiten;JAHR;Jahr;2017;DINSGF;Früheres Bundesgebiet / Neue Länder;DF;Früheres Bundesgebiet;WZ08C7;WZ2008 (ausgewählte Positionen): Tarifindex;WZ08-13;Herstellung von Textilien;100,0;2020=100;VST018;Index der tariflichen Wochenarbeitszeit
62221;Vj. Index der Tarifverdienste und Arbeitszeiten;JAHR;Jahr;2017;DINSGF;Früheres Bundesgebiet / Neue Länder;DF;Früheres Bundesgebiet;WZ08C7;WZ2008 (ausgewählte Positionen): Tarifindex;WZ08-13;Herstellung von Textilien;94,0;2020=100;VST065;Index d.tarifl. Stundenverdienste ohne Sonderzahl.
62221;Vj. Index der Tarifverdienste und Arbeitszeiten;JAHR;Jahr;2025;DINSGF;Früheres Bundesgebiet / Neue Länder;DF;Früheres Bundesgebiet;WZ08C7;WZ2008 (ausgewählte Positionen): Tarifindex;WZ08-45;Kfz-Handel, Instandhaltung und Reparatur von Kfz;114,7;2020=100;VST072;Index d.tarifl. Stundenverdienste mit Sonderzahl.
62221;Vj. Index der Tarifverdienste und Arbeitszeiten;JAHR;Jahr;2025;DINSGF;Früheres Bundesgebiet / Neue Länder;DF;Früheres Bundesgebiet;WZ08C7;WZ2008 (ausgewählte Positionen): Tarifindex;WZ08-45;Kfz-Handel, Instandhaltung und Reparatur von Kfz;114,7;2020=100;VST073;Index d.tarifl. Monatsverdienste mit Sonderzahl.
62221;Vj. Index der Tarifverdienste und Arbeitszeiten;JAHR;Jahr;2025;DINSGF;Früheres Bundesgebiet / Neue Länder;DF;Früheres Bundesgebiet;WZ08C7;WZ2008 (ausgewählte Positionen): Tarifindex;WZ08-45;Kfz-Handel, Instandhaltung und Reparatur von Kfz;36,5;h;VST019;Durchschnittliche tarifliche Wochenarbeitszeit
62221;Vj. Index der Tarifverdienste und Arbeitszeiten;JAHR;Jahr;2025;DINSGF;Früheres Bundesgebiet / Neue Länder;DF;Früheres Bundesgebiet;WZ08C7;WZ2008 (ausgewählte Positionen): Tarifindex;WZ08-45;Kfz-Handel, Instandhaltung und Reparatur von Kfz;114,4;2020=100;VST066;Index d.tarifl. Monatsverdienste ohne Sonderzahl.
62221;Vj. Index der Tarifverdienste und Arbeitszeiten;JAHR;Jahr;2025;DINSGF;Früheres Bundesgebiet / Neue Länder;DF;Früheres Bundesgebiet;WZ08C7;WZ2008 (ausgewählte Positionen): Tarifindex;WZ08-45;Kfz-Handel, Instandhaltung und Reparatur von Kfz;100,0;2020=100;VST018;Index der tariflichen Wochenarbeitszeit
62221;Vj. Index der Tarifverdienste und Arbeitszeiten;JAHR;Jahr;2025;DINSGF;Früheres Bundesgebiet / Neue Länder;DF;Früheres Bundesgebiet;WZ08C7;WZ2008 (ausgewählte Positionen): Tarifindex;WZ08-45;Kfz-Handel, Instandhaltung und Reparatur von Kfz;114,4;2020=100;VST065;Index d.tarifl. Stundenverdienste ohne Sonderzahl.
62221;Vj. Index der Tarifverdienste und Arbeitszeiten;JAHR;Jahr;2018;DINSGF;Früheres Bundesgebiet / Neue Länder;DF;Früheres Bundesgebiet;WZ08C7;WZ2008 (ausgewählte Positionen): Tarifindex;WZ08-87;Heime (ohne Erholungs- und Ferienheime);94,4;2020=100;VST072;Index d.tarifl. Stundenverdienste mit Sonderzahl.
62221;Vj. Index der Tarifverdienste und Arbeitszeiten;JAHR;Jahr;2018;DINSGF;Früheres Bundesgebiet / Neue Länder;DF;Früheres Bundesgebiet;WZ08C7;WZ2008 (ausgewählte Positionen): Tarifindex;WZ08-87;Heime (ohne Erholungs- und Ferienheime);94,5;2020=100;VST073;Index d.tarifl. Monatsverdienste mit Sonderzahl.
62221;Vj. Index der Tarifverdienste und Arbeitszeiten;JAHR;Jahr;2018;DINSGF;Früheres Bundesgebiet / Neue Länder;DF;Früheres Bundesgebiet;WZ08C7;WZ2008 (ausgewählte Positionen): Tarifindex;WZ08-87;Heime (ohne Erholungs- und Ferienheime);39,1;h;VST019;Durchschnittliche tarifliche Wochenarbeitszeit
62221;Vj. Index der Tarifverdienste und Arbeitszeiten;JAHR;Jahr;2018;DINSGF;Früheres Bundesgebiet / Neue Länder;DF;Früheres Bundesgebiet;WZ08C7;WZ2008 (ausgewählte Positionen): Tarifindex;WZ08-87;Heime (ohne Erholungs- und Ferienheime);94,1;2020=100;VST066;Index d.tarifl. Monatsverdienste ohne Sonderzahl.
62221;Vj. Index der Tarifverdienste und Arbeitszeiten;JAHR;Jahr;2018;DINSGF;Früheres Bundesgebiet / Neue Länder;DF;Früheres Bundesgebiet;WZ08C7;WZ2008 (ausgewählte Positionen): Tarifindex;WZ08-87;Heime (ohne Erholungs- und Ferienheime);100,0;2020=100;VST018;Index der tariflichen Wochenarbeitszeit
62221;Vj. Index der Tarifverdienste und Arbeitszeiten;JAHR;Jahr;2018;DINSGF;Früheres Bundesgebiet / Neue Länder;DF;Früheres Bundesgebiet;WZ08C7;WZ2008 (ausgewählte Positionen): Tarifindex;WZ08-87;Heime (ohne Erholungs- und Ferienheime);94,1;2020=100;VST065;Index d.tarifl. Stundenverdienste ohne Sonderzahl.
62221;Vj. Index der Tarifverdienste und Arbeitszeiten;JAHR;Jahr;2022;DINSGF;Früheres Bundesgebiet / Neue Länder;DF;Früheres Bundesgebiet;WZ08C7;WZ2008 (ausgewählte Positionen): Tarifindex;WZ08-69-02;Rechts- und Steuerberatung, Unternehmensberatung;103,6;2020=100;VST072;Index d.tarifl. Stundenverdienste mit Sonderzahl.
62221;Vj. Index der Tarifverdienste und Arbeitszeiten;JAHR;Jahr;2022;DINSGF;Früheres Bundesgebiet / Neue Länder;DF;Früheres Bundesgebiet;WZ08C7;WZ2008 (ausgewählte Positionen): Tarifindex;WZ08-69-02;Rechts- und Steuerberatung, Unternehmensberatung;103,6;2020=100;VST073;Index d.tarifl. Monatsverdienste mit Sonderzahl.
62221;Vj. Index der Tarifverdienste und Arbeitszeiten;JAHR;Jahr;2022;DINSGF;Früheres Bundesgebiet / Neue Länder;DF;Früheres Bundesgebiet;WZ08C7;WZ2008 (ausgewählte Positionen): Tarifindex;WZ08-69-02;Rechts- und Steuerberatung, Unternehmensberatung;37,5;h;VST019;Durchschnittliche tarifliche Wochenarbeitszeit
62221;Vj. Index der Tarifverdienste und Arbeitszeiten;JAHR;Jahr;2022;DINSGF;Früheres Bundesgebiet / Neue Länder;DF;Früheres Bundesgebiet;WZ08C7;WZ2008 (ausgewählte Positionen): Tarifindex;WZ08-69-02;Rechts- und Steuerberatung, Unternehmensberatung;103,0;2020=100;VST066;Index d.tarifl. Monatsverdienste ohne Sonderzahl.
62221;Vj. Index der Tarifverdienste und Arbeitszeiten;JAHR;Jahr;2022;DINSGF;Früheres Bundesgebiet / Neue Länder;DF;Früheres Bundesgebiet;WZ08C7;WZ2008 (ausgewählte Positionen): Tarifindex;WZ08-69-02;Rechts- und Steuerberatung, Unternehmensberatung;100,0;2020=100;VST018;Index der tariflichen Wochenarbeitszeit
62221;Vj. Index der Tarifverdienste und Arbeitszeiten;JAHR;Jahr;2022;DINSGF;Früheres Bundesgebiet / Neue Länder;DF;Früheres Bundesgebiet;WZ08C7;WZ2008 (ausgewählte Positionen): Tarifindex;WZ08-69-02;Rechts- und Steuerberatung, Unternehmensberatung;103,0;2020=100;VST065;Index d.tarifl. Stundenverdienste ohne Sonderzahl.
62221;Vj. Index der Tarifverdienste und Arbeitszeiten;JAHR;Jahr;2017;DINSGF;Früheres Bundesgebiet / Neue Länder;DF;Früheres Bundesgebiet;WZ08C7;WZ2008 (ausgewählte Positionen): Tarifindex;WZ08-491-01;Personen- u. Güterbeförderung im Eisenbahnverkehr;93,1;2020=100;VST072;Index d.tarifl. Stundenverdienste mit Sonderzahl.
62221;Vj. Index der Tarifverdienste und Arbeitszeiten;JAHR;Jahr;2017;DINSGF;Früheres Bundesgebiet / Neue Länder;DF;Früheres Bundesgebiet;WZ08C7;WZ2008 (ausgewählte Positionen): Tarifindex;WZ08-491-01;Personen- u. Güterbeförderung im Eisenbahnverkehr;93,7;2020=100;VST073;Index d.tarifl. Monatsverdienste mit Sonderzahl.
62221;Vj. Index der Tarifverdienste und Arbeitszeiten;JAHR;Jahr;2017;DINSGF;Früheres Bundesgebiet / Neue Länder;DF;Früheres Bundesgebiet;WZ08C7;WZ2008 (ausgewählte Positionen): Tarifindex;WZ08-491-01;Personen- u. Güterbeförderung im Eisenbahnverkehr;39,4;h;VST019;Durchschnittliche tarifliche Wochenarbeitszeit
62221;Vj. Index der Tarifverdienste und Arbeitszeiten;JAHR;Jahr;2017;DINSGF;Früheres Bundesgebiet / Neue Länder;DF;Früheres Bundesgebiet;WZ08C7;WZ2008 (ausgewählte Positionen): Tarifindex;WZ08-491-01;Personen- u. Güterbeförderung im Eisenbahnverkehr;93,0;2020=100;VST066;Index d.tarifl. Monatsverdienste ohne Sonderzahl.
62221;Vj. Index der Tarifverdienste und Arbeitszeiten;JAHR;Jahr;2017;DINSGF;Früheres Bundesgebiet / Neue Länder;DF;Früheres Bundesgebiet;WZ08C7;WZ2008 (ausgewählte Positionen): Tarifindex;WZ08-491-01;Personen- u. Güterbeförderung im Eisenbahnverkehr;100,5;2020=100;VST018;Index der tariflichen Wochenarbeitszeit
62221;Vj. Index der Tarifverdienste und Arbeitszeiten;JAHR;Jahr;2017;DINSGF;Früheres Bundesgebiet / Neue Länder;DF;Früheres Bundesgebiet;WZ08C7;WZ2008 (ausgewählte Positionen): Tarifindex;WZ08-491-01;Personen- u. Güterbeförderung im Eisenbahnverkehr;92,5;2020=100;VST065;Index d.tarifl. Stundenverdienste ohne Sonderzahl.
62221;Vj. Index der Tarifverdienste und Arbeitszeiten;JAHR;Jahr;2024;DINSGF;Früheres Bundesgebiet / Neue Länder;DN;Neue Länder;WZ08C7;WZ2008 (ausgewählte Positionen): Tarifindex;WZ08-B-14;Kohlenbergbau, Gewinnung von Erdöl und Erdgas;114,2;2020=100;VST072;Index d.tarifl. Stundenverdienste mit Sonderzahl.
62221;Vj. Index der Tarifverdienste und Arbeitszeiten;JAHR;Jahr;2024;DINSGF;Früheres Bundesgebiet / Neue Länder;DN;Neue Länder;WZ08C7;WZ2008 (ausgewählte Positionen): Tarifindex;WZ08-B-14;Kohlenbergbau, Gewinnung von Erdöl und Erdgas;114,2;2020=100;VST073;Index d.tarifl. Monatsverdienste mit Sonderzahl.
62221;Vj. Index der Tarifverdienste und Arbeitszeiten;JAHR;Jahr;2024;DINSGF;Früheres Bundesgebiet / Neue Länder;DN;Neue Länder;WZ08C7;WZ2008 (ausgewählte Positionen): Tarifindex;WZ08-B-14;Kohlenbergbau, Gewinnung von Erdöl und Erdgas;37,0;h;VST019;Durchschnittliche tarifliche Wochenarbeitszeit
62221;Vj. Index der Tarifverdienste und Arbeitszeiten;JAHR;Jahr;2024;DINSGF;Früheres Bundesgebiet / Neue Länder;DN;Neue Länder;WZ08C7;WZ2008 (ausgewählte Positionen): Tarifindex;WZ08-B-14;Kohlenbergbau, Gewinnung von Erdöl und Erdgas;114,1;2020=100;VST066;Index d.tarifl. Monatsverdienste ohne Sonderzahl.
62221;Vj. Index der Tarifverdienste und Arbeitszeiten;JAHR;Jahr;2024;DINSGF;Früheres Bundesgebiet / Neue Länder;DN;Neue Länder;WZ08C7;WZ2008 (ausgewählte Positionen): Tarifindex;WZ08-B-14;Kohlenbergbau, Gewinnung von Erdöl und Erdgas;100,0;2020=100;VST018;Index der tariflichen Wochenarbeitszeit
62221;Vj. Index der Tarifverdienste und Arbeitszeiten;JAHR;Jahr;2024;DINSGF;Früheres Bundesgebiet / Neue Länder;DN;Neue Länder;WZ08C7;WZ2008 (ausgewählte Positionen): Tarifindex;WZ08-B-14;Kohlenbergbau, Gewinnung von Erdöl und Erdgas;114,1;2020=100;VST065;Index d.tarifl. Stundenverdienste ohne Sonderzahl.
62221;Vj. Index der Tarifverdienste und Arbeitszeiten;JAHR;Jahr;2023;DINSGF;Früheres Bundesgebiet / Neue Länder;DF;Früheres Bundesgebiet;WZ08C7;WZ2008 (ausgewählte Positionen): Tarifindex;WZ08-21;Herstellung von pharmazeutischen Erzeugnissen;108,5;2020=100;VST072;Index d.tarifl. Stundenverdienste mit Sonderzahl.
62221;Vj. Index der Tarifverdienste und Arbeitszeiten;JAHR;Jahr;2023;DINSGF;Früheres Bundesgebiet / Neue Länder;DF;Früheres Bundesgebiet;WZ08C7;WZ2008 (ausgewählte Positionen): Tarifindex;WZ08-21;Herstellung von pharmazeutischen Erzeugnissen;108,4;2020=100;VST073;Index d.tarifl. Monatsverdienste mit Sonderzahl.
62221;Vj. Index der Tarifverdienste und Arbeitszeiten;JAHR;Jahr;2023;DINSGF;Früheres Bundesgebiet / Neue Länder;DF;Früheres Bundesgebiet;WZ08C7;WZ2008 (ausgewählte Positionen): Tarifindex;WZ08-21;Herstellung von pharmazeutischen Erzeugnissen;37,5;h;VST019;Durchschnittliche tarifliche Wochenarbeitszeit
62221;Vj. Index der Tarifverdienste und Arbeitszeiten;JAHR;Jahr;2023;DINSGF;Früheres Bundesgebiet / Neue Länder;DF;Früheres Bundesgebiet;WZ08C7;WZ2008 (ausgewählte Positionen): Tarifindex;WZ08-21;Herstellung von pharmazeutischen Erzeugnissen;105,3;2020=100;VST066;Index d.tarifl. Monatsverdienste ohne Sonderzahl.
62221;Vj. Index der Tarifverdienste und Arbeitszeiten;JAHR;Jahr;2023;DINSGF;Früheres Bundesgebiet / Neue Länder;DF;Früheres Bundesgebiet;WZ08C7;WZ2008 (ausgewählte Positionen): Tarifindex;WZ08-21;Herstellung von pharmazeutischen Erzeugnissen;99,9;2020=100;VST018;Index der tariflichen Wochenarbeitszeit
62221;Vj. Index der Tarifverdienste und Arbeitszeiten;JAHR;Jahr;2023;DINSGF;Früheres Bundesgebiet / Neue Länder;DF;Früheres Bundesgebiet;WZ08C7;WZ2008 (ausgewählte Positionen): Tarifindex;WZ08-21;Herstellung von pharmazeutischen Erzeugnissen;105,4;2020=100;VST065;Index d.tarifl. Stundenverdienste ohne Sonderzahl.
62221;Vj. Index der Tarifverdienste und Arbeitszeiten;JAHR;Jahr;2019;DINSGF;Früheres Bundesgebiet / Neue Länder;DF;Früheres Bundesgebiet;WZ08C7;WZ2008 (ausgewählte Positionen): Tarifindex;WZ08-37;Abwasserentsorgung;97,5;2020=100;VST072;Index d.tarifl. Stundenverdienste mit Sonderzahl.
62221;Vj. Index der Tarifverdienste und Arbeitszeiten;JAHR;Jahr;2019;DINSGF;Früheres Bundesgebiet / Neue Länder;DF;Früheres Bundesgebiet;WZ08C7;WZ2008 (ausgewählte Positionen): Tarifindex;WZ08-37;Abwasserentsorgung;97,5;2020=100;VST073;Index d.tarifl. Monatsverdienste mit Sonderzahl.
62221;Vj. Index der Tarifverdienste und Arbeitszeiten;JAHR;Jahr;2019;DINSGF;Früheres Bundesgebiet / Neue Länder;DF;Früheres Bundesgebiet;WZ08C7;WZ2008 (ausgewählte Positionen): Tarifindex;WZ08-37;Abwasserentsorgung;39,0;h;VST019;Durchschnittliche tarifliche Wochenarbeitszeit
62221;Vj. Index der Tarifverdienste und Arbeitszeiten;JAHR;Jahr;2019;DINSGF;Früheres Bundesgebiet / Neue Länder;DF;Früheres Bundesgebiet;WZ08C7;WZ2008 (ausgewählte Positionen): Tarifindex;WZ08-37;Abwasserentsorgung;98,4;2020=100;VST066;Index d.tarifl. Monatsverdienste ohne Sonderzahl.
62221;Vj. Index der Tarifverdienste und Arbeitszeiten;JAHR;Jahr;2019;DINSGF;Früheres Bundesgebiet / Neue Länder;DF;Früheres Bundesgebiet;WZ08C7;WZ2008 (ausgewählte Positionen): Tarifindex;WZ08-37;Abwasserentsorgung;100,0;2020=100;VST018;Index der tariflichen Wochenarbeitszeit
62221;Vj. Index der Tarifverdienste und Arbeitszeiten;JAHR;Jahr;2019;DINSGF;Früheres Bundesgebiet / Neue Länder;DF;Früheres Bundesgebiet;WZ08C7;WZ2008 (ausgewählte Positionen): Tarifindex;WZ08-37;Abwasserentsorgung;98,4;2020=100;VST065;Index d.tarifl. Stundenverdienste ohne Sonderzahl.
62221;Vj. Index der Tarifverdienste und Arbeitszeiten;JAHR;Jahr;2022;DINSGF;Früheres Bundesgebiet / Neue Länder;DN;Neue Länder;WZ08C7;WZ2008 (ausgewählte Positionen): Tarifindex;WZ08-17;Herstellung von Papier, Pappe und Waren daraus;103,2;2020=100;VST072;Index d.tarifl. Stundenverdienste mit Sonderzahl.
62221;Vj. Index der Tarifverdienste und Arbeitszeiten;JAHR;Jahr;2022;DINSGF;Früheres Bundesgebiet / Neue Länder;DN;Neue Länder;WZ08C7;WZ2008 (ausgewählte Positionen): Tarifindex;WZ08-17;Herstellung von Papier, Pappe und Waren daraus;103,2;2020=100;VST073;Index d.tarifl. Monatsverdienste mit Sonderzahl.
62221;Vj. Index der Tarifverdienste und Arbeitszeiten;JAHR;Jahr;2022;DINSGF;Früheres Bundesgebiet / Neue Länder;DN;Neue Länder;WZ08C7;WZ2008 (ausgewählte Positionen): Tarifindex;WZ08-17;Herstellung von Papier, Pappe und Waren daraus;37,8;h;VST019;Durchschnittliche tarifliche Wochenarbeitszeit
62221;Vj. Index der Tarifverdienste und Arbeitszeiten;JAHR;Jahr;2022;DINSGF;Früheres Bundesgebiet / Neue Länder;DN;Neue Länder;WZ08C7;WZ2008 (ausgewählte Positionen): Tarifindex;WZ08-17;Herstellung von Papier, Pappe und Waren daraus;102,8;2020=100;VST066;Index d.tarifl. Monatsverdienste ohne Sonderzahl.
62221;Vj. Index der Tarifverdienste und Arbeitszeiten;JAHR;Jahr;2022;DINSGF;Früheres Bundesgebiet / Neue Länder;DN;Neue Länder;WZ08C7;WZ2008 (ausgewählte Positionen): Tarifindex;WZ08-17;Herstellung von Papier, Pappe und Waren daraus;100,0;2020=100;VST018;Index der tariflichen Wochenarbeitszeit
62221;Vj. Index der Tarifverdienste und Arbeitszeiten;JAHR;Jahr;2022;DINSGF;Früheres Bundesgebiet / Neue Länder;DN;Neue Länder;WZ08C7;WZ2008 (ausgewählte Positionen): Tarifindex;WZ08-17;Herstellung von Papier, Pappe und Waren daraus;102,8;2020=100;VST065;Index d.tarifl. Stundenverdienste ohne Sonderzahl.
62221;Vj. Index der Tarifverdienste und Arbeitszeiten;JAHR;Jahr;2016;DINSGF;Früheres Bundesgebiet / Neue Länder;DF;Früheres Bundesgebiet;WZ08C7;WZ2008 (ausgewählte Positionen): Tarifindex;WZ08-75;Veterinärwesen;90,3;2020=100;VST072;Index d.tarifl. Stundenverdienste mit Sonderzahl.
62221;Vj. Index der Tarifverdienste und Arbeitszeiten;JAHR;Jahr;2016;DINSGF;Früheres Bundesgebiet / Neue Länder;DF;Früheres Bundesgebiet;WZ08C7;WZ2008 (ausgewählte Positionen): Tarifindex;WZ08-75;Veterinärwesen;90,3;2020=100;VST073;Index d.tarifl. Monatsverdienste mit Sonderzahl.
62221;Vj. Index der Tarifverdienste und Arbeitszeiten;JAHR;Jahr;2016;DINSGF;Früheres Bundesgebiet / Neue Länder;DF;Früheres Bundesgebiet;WZ08C7;WZ2008 (ausgewählte Positionen): Tarifindex;WZ08-75;Veterinärwesen;39,7;h;VST019;Durchschnittliche tarifliche Wochenarbeitszeit
62221;Vj. Index der Tarifverdienste und Arbeitszeiten;JAHR;Jahr;2016;DINSGF;Früheres Bundesgebiet / Neue Länder;DF;Früheres Bundesgebiet;WZ08C7;WZ2008 (ausgewählte Positionen): Tarifindex;WZ08-75;Veterinärwesen;90,0;2020=100;VST066;Index d.tarifl. Monatsverdienste ohne Sonderzahl.
62221;Vj. Index der Tarifverdienste und Arbeitszeiten;JAHR;Jahr;2016;DINSGF;Früheres Bundesgebiet / Neue Länder;DF;Früheres Bundesgebiet;WZ08C7;WZ2008 (ausgewählte Positionen): Tarifindex;WZ08-75;Veterinärwesen;100,0;2020=100;VST018;Index der tariflichen Wochenarbeitszeit
62221;Vj. Index der Tarifverdienste und Arbeitszeiten;JAHR;Jahr;2016;DINSGF;Früheres Bundesgebiet / Neue Länder;DF;Früheres Bundesgebiet;WZ08C7;WZ2008 (ausgewählte Positionen): Tarifindex;WZ08-75;Veterinärwesen;90,0;2020=100;VST065;Index d.tarifl. Stundenverdienste ohne Sonderzahl.
62221;Vj. Index der Tarifverdienste und Arbeitszeiten;JAHR;Jahr;2016;DINSGF;Früheres Bundesgebiet / Neue Länder;DF;Früheres Bundesgebiet;WZ08C7;WZ2008 (ausgewählte Positionen): Tarifindex;WZ08-60;Rundfunkveranstalter;90,3;2020=100;VST072;Index d.tarifl. Stundenverdienste mit Sonderzahl.
62221;Vj. Index der Tarifverdienste und Arbeitszeiten;JAHR;Jahr;2016;DINSGF;Früheres Bundesgebiet / Neue Länder;DF;Früheres Bundesgebiet;WZ08C7;WZ2008 (ausgewählte Positionen): Tarifindex;WZ08-60;Rundfunkveranstalter;90,3;2020=100;VST073;Index d.tarifl. Monatsverdienste mit Sonderzahl.
62221;Vj. Index der Tarifverdienste und Arbeitszeiten;JAHR;Jahr;2016;DINSGF;Früheres Bundesgebiet / Neue Länder;DF;Früheres Bundesgebiet;WZ08C7;WZ2008 (ausgewählte Positionen): Tarifindex;WZ08-60;Rundfunkveranstalter;38,7;h;VST019;Durchschnittliche tarifliche Wochenarbeitszeit
62221;Vj. Index der Tarifverdienste und Arbeitszeiten;JAHR;Jahr;2016;DINSGF;Früheres Bundesgebiet / Neue Länder;DF;Früheres Bundesgebiet;WZ08C7;WZ2008 (ausgewählte Positionen): Tarifindex;WZ08-60;Rundfunkveranstalter;91,3;2020=100;VST066;Index d.tarifl. Monatsverdienste ohne Sonderzahl.
62221;Vj. Index der Tarifverdienste und Arbeitszeiten;JAHR;Jahr;2016;DINSGF;Früheres Bundesgebiet / Neue Länder;DF;Früheres Bundesgebiet;WZ08C7;WZ2008 (ausgewählte Positionen): Tarifindex;WZ08-60;Rundfunkveranstalter;100,0;2020=100;VST018;Index der tariflichen Wochenarbeitszeit
62221;Vj. Index der Tarifverdienste und Arbeitszeiten;JAHR;Jahr;2016;DINSGF;Früheres Bundesgebiet / Neue Länder;DF;Früheres Bundesgebiet;WZ08C7;WZ2008 (ausgewählte Positionen): Tarifindex;WZ08-60;Rundfunkveranstalter;91,3;2020=100;VST065;Index d.tarifl. Stundenverdienste ohne Sonderzahl.
62221;Vj. Index der Tarifverdienste und Arbeitszeiten;JAHR;Jahr;2016;DINSGF;Früheres Bundesgebiet / Neue Länder;DF;Früheres Bundesgebiet;WZ08C7;WZ2008 (ausgewählte Positionen): Tarifindex;WZ08-24-01;Metallgewerbe;90,5;2020=100;VST072;Index d.tarifl. Stundenverdienste mit Sonderzahl.
62221;Vj. Index der Tarifverdienste und Arbeitszeiten;JAHR;Jahr;2016;DINSGF;Früheres Bundesgebiet / Neue Länder;DF;Früheres Bundesgebiet;WZ08C7;WZ2008 (ausgewählte Positionen): Tarifindex;WZ08-24-01;Metallgewerbe;90,5;2020=100;VST073;Index d.tarifl. Monatsverdienste mit Sonderzahl.
62221;Vj. Index der Tarifverdienste und Arbeitszeiten;JAHR;Jahr;2016;DINSGF;Früheres Bundesgebiet / Neue Länder;DF;Früheres Bundesgebiet;WZ08C7;WZ2008 (ausgewählte Positionen): Tarifindex;WZ08-24-01;Metallgewerbe;35,4;h;VST019;Durchschnittliche tarifliche Wochenarbeitszeit
62221;Vj. Index der Tarifverdienste und Arbeitszeiten;JAHR;Jahr;2016;DINSGF;Früheres Bundesgebiet / Neue Länder;DF;Früheres Bundesgebiet;WZ08C7;WZ2008 (ausgewählte Positionen): Tarifindex;WZ08-24-01;Metallgewerbe;92,5;2020=100;VST066;Index d.tarifl. Monatsverdienste ohne Sonderzahl.
62221;Vj. Index der Tarifverdienste und Arbeitszeiten;JAHR;Jahr;2016;DINSGF;Früheres Bundesgebiet / Neue Länder;DF;Früheres Bundesgebiet;WZ08C7;WZ2008 (ausgewählte Positionen): Tarifindex;WZ08-24-01;Metallgewerbe;100,0;2020=100;VST018;Index der tariflichen Wochenarbeitszeit
62221;Vj. Index der Tarifverdienste und Arbeitszeiten;JAHR;Jahr;2016;DINSGF;Früheres Bundesgebiet / Neue Länder;DF;Früheres Bundesgebiet;WZ08C7;WZ2008 (ausgewählte Positionen): Tarifindex;WZ08-24-01;Metallgewerbe;92,5;2020=100;VST065;Index d.tarifl. Stundenverdienste ohne Sonderzahl.
62221;Vj. Index der Tarifverdienste und Arbeitszeiten;JAHR;Jahr;2019;DINSGF;Früheres Bundesgebiet / Neue Länder;DF;Früheres Bundesgebiet;WZ08C7;WZ2008 (ausgewählte Positionen): Tarifindex;WZ08-43;Vorb.Baustellenarbeiten, Bauinstall., sonst.Ausbau;98,6;2020=100;VST072;Index d.tarifl. Stundenverdienste mit Sonderzahl.
62221;Vj. Index der Tarifverdienste und Arbeitszeiten;JAHR;Jahr;2019;DINSGF;Früheres Bundesgebiet / Neue Länder;DF;Früheres Bundesgebiet;WZ08C7;WZ2008 (ausgewählte Positionen): Tarifindex;WZ08-43;Vorb.Baustellenarbeiten, Bauinstall., sonst.Ausbau;98,6;2020=100;VST073;Index d.tarifl. Monatsverdienste mit Sonderzahl.
62221;Vj. Index der Tarifverdienste und Arbeitszeiten;JAHR;Jahr;2019;DINSGF;Früheres Bundesgebiet / Neue Länder;DF;Früheres Bundesgebiet;WZ08C7;WZ2008 (ausgewählte Positionen): Tarifindex;WZ08-43;Vorb.Baustellenarbeiten, Bauinstall., sonst.Ausbau;38,7;h;VST019;Durchschnittliche tarifliche Wochenarbeitszeit
62221;Vj. Index der Tarifverdienste und Arbeitszeiten;JAHR;Jahr;2019;DINSGF;Früheres Bundesgebiet / Neue Länder;DF;Früheres Bundesgebiet;WZ08C7;WZ2008 (ausgewählte Positionen): Tarifindex;WZ08-43;Vorb.Baustellenarbeiten, Bauinstall., sonst.Ausbau;98,5;2020=100;VST066;Index d.tarifl. Monatsverdienste ohne Sonderzahl.
62221;Vj. Index der Tarifverdienste und Arbeitszeiten;JAHR;Jahr;2019;DINSGF;Früheres Bundesgebiet / Neue Länder;DF;Früheres Bundesgebiet;WZ08C7;WZ2008 (ausgewählte Positionen): Tarifindex;WZ08-43;Vorb.Baustellenarbeiten, Bauinstall., sonst.Ausbau;100,0;2020=100;VST018;Index der tariflichen Wochenarbeitszeit
62221;Vj. Index der Tarifverdienste und Arbeitszeiten;JAHR;Jahr;2019;DINSGF;Früheres Bundesgebiet / Neue Länder;DF;Früheres Bundesgebiet;WZ08C7;WZ2008 (ausgewählte Positionen): Tarifindex;WZ08-43;Vorb.Baustellenarbeiten, Bauinstall., sonst.Ausbau;98,5;2020=100;VST065;Index d.tarifl. Stundenverdienste ohne Sonderzahl.
62221;Vj. Index der Tarifverdienste und Arbeitszeiten;JAHR;Jahr;2016;DINSGF;Früheres Bundesgebiet / Neue Länder;DF;Früheres Bundesgebiet;WZ08C7;WZ2008 (ausgewählte Positionen): Tarifindex;WZ08-63;Informationsdienstleistungen;91,2;2020=100;VST072;Index d.tarifl. Stundenverdienste mit Sonderzahl.
62221;Vj. Index der Tarifverdienste und Arbeitszeiten;JAHR;Jahr;2016;DINSGF;Früheres Bundesgebiet / Neue Länder;DF;Früheres Bundesgebiet;WZ08C7;WZ2008 (ausgewählte Positionen): Tarifindex;WZ08-63;Informationsdienstleistungen;91,4;2020=100;VST073;Index d.tarifl. Monatsverdienste mit Sonderzahl.
62221;Vj. Index der Tarifverdienste und Arbeitszeiten;JAHR;Jahr;2016;DINSGF;Früheres Bundesgebiet / Neue Länder;DF;Früheres Bundesgebiet;WZ08C7;WZ2008 (ausgewählte Positionen): Tarifindex;WZ08-63;Informationsdienstleistungen;38,1;h;VST019;Durchschnittliche tarifliche Wochenarbeitszeit
62221;Vj. Index der Tarifverdienste und Arbeitszeiten;JAHR;Jahr;2016;DINSGF;Früheres Bundesgebiet / Neue Länder;DF;Früheres Bundesgebiet;WZ08C7;WZ2008 (ausgewählte Positionen): Tarifindex;WZ08-63;Informationsdienstleistungen;91,4;2020=100;VST066;Index d.tarifl. Monatsverdienste ohne Sonderzahl.
62221;Vj. Index der Tarifverdienste und Arbeitszeiten;JAHR;Jahr;2016;DINSGF;Früheres Bundesgebiet / Neue Länder;DF;Früheres Bundesgebiet;WZ08C7;WZ2008 (ausgewählte Positionen): Tarifindex;WZ08-63;Informationsdienstleistungen;100,1;2020=100;VST018;Index der tariflichen Wochenarbeitszeit
62221;Vj. Index der Tarifverdienste und Arbeitszeiten;JAHR;Jahr;2016;DINSGF;Früheres Bundesgebiet / Neue Länder;DF;Früheres Bundesgebiet;WZ08C7;WZ2008 (ausgewählte Positionen): Tarifindex;WZ08-63;Informationsdienstleistungen;91,2;2020=100;VST065;Index d.tarifl. Stundenverdienste ohne Sonderzahl.
62221;Vj. Index der Tarifverdienste und Arbeitszeiten;JAHR;Jahr;2023;DINSGF;Früheres Bundesgebiet / Neue Länder;DF;Früheres Bundesgebiet;WZ08C7;WZ2008 (ausgewählte Positionen): Tarifindex;WZ08-15;Herstellung von Leder, Lederwaren und Schuhen;107,7;2020=100;VST072;Index d.tarifl. Stundenverdienste mit Sonderzahl.
62221;Vj. Index der Tarifverdienste und Arbeitszeiten;JAHR;Jahr;2023;DINSGF;Früheres Bundesgebiet / Neue Länder;DF;Früheres Bundesgebiet;WZ08C7;WZ2008 (ausgewählte Positionen): Tarifindex;WZ08-15;Herstellung von Leder, Lederwaren und Schuhen;107,7;2020=100;VST073;Index d.tarifl. Monatsverdienste mit Sonderzahl.
62221;Vj. Index der Tarifverdienste und Arbeitszeiten;JAHR;Jahr;2023;DINSGF;Früheres Bundesgebiet / Neue Länder;DF;Früheres Bundesgebiet;WZ08C7;WZ2008 (ausgewählte Positionen): Tarifindex;WZ08-15;Herstellung von Leder, Lederwaren und Schuhen;38,4;h;VST019;Durchschnittliche tarifliche Wochenarbeitszeit
62221;Vj. Index der Tarifverdienste und Arbeitszeiten;JAHR;Jahr;2023;DINSGF;Früheres Bundesgebiet / Neue Länder;DF;Früheres Bundesgebiet;WZ08C7;WZ2008 (ausgewählte Positionen): Tarifindex;WZ08-15;Herstellung von Leder, Lederwaren und Schuhen;105,8;2020=100;VST066;Index d.tarifl. Monatsverdienste ohne Sonderzahl.
62221;Vj. Index der Tarifverdienste und Arbeitszeiten;JAHR;Jahr;2023;DINSGF;Früheres Bundesgebiet / Neue Länder;DF;Früheres Bundesgebiet;WZ08C7;WZ2008 (ausgewählte Positionen): Tarifindex;WZ08-15;Herstellung von Leder, Lederwaren und Schuhen;100,0;2020=100;VST018;Index der tariflichen Wochenarbeitszeit
62221;Vj. Index der Tarifverdienste und Arbeitszeiten;JAHR;Jahr;2023;DINSGF;Früheres Bundesgebiet / Neue Länder;DF;Früheres Bundesgebiet;WZ08C7;WZ2008 (ausgewählte Positionen): Tarifindex;WZ08-15;Herstellung von Leder, Lederwaren und Schuhen;105,8;2020=100;VST065;Index d.tarifl. Stundenverdienste ohne Sonderzahl.
62221;Vj. Index der Tarifverdienste und Arbeitszeiten;JAHR;Jahr;2018;DINSGF;Früheres Bundesgebiet / Neue Länder;DN;Neue Länder;WZ08C7;WZ2008 (ausgewählte Positionen): Tarifindex;WZ08-A;Land- und Forstwirtschaft, Fischerei;91,3;2020=100;VST072;Index d.tarifl. Stundenverdienste mit Sonderzahl.
62221;Vj. Index der Tarifverdienste und Arbeitszeiten;JAHR;Jahr;2018;DINSGF;Früheres Bundesgebiet / Neue Länder;DN;Neue Länder;WZ08C7;WZ2008 (ausgewählte Positionen): Tarifindex;WZ08-A;Land- und Forstwirtschaft, Fischerei;91,3;2020=100;VST073;Index d.tarifl. Monatsverdienste mit Sonderzahl.
62221;Vj. Index der Tarifverdienste und Arbeitszeiten;JAHR;Jahr;2018;DINSGF;Früheres Bundesgebiet / Neue Länder;DN;Neue Länder;WZ08C7;WZ2008 (ausgewählte Positionen): Tarifindex;WZ08-A;Land- und Forstwirtschaft, Fischerei;39,8;h;VST019;Durchschnittliche tarifliche Wochenarbeitszeit
62221;Vj. Index der Tarifverdienste und Arbeitszeiten;JAHR;Jahr;2018;DINSGF;Früheres Bundesgebiet / Neue Länder;DN;Neue Länder;WZ08C7;WZ2008 (ausgewählte Positionen): Tarifindex;WZ08-A;Land- und Forstwirtschaft, Fischerei;90,7;2020=100;VST066;Index d.tarifl. Monatsverdienste ohne Sonderzahl.
62221;Vj. Index der Tarifverdienste und Arbeitszeiten;JAHR;Jahr;2018;DINSGF;Früheres Bundesgebiet / Neue Länder;DN;Neue Länder;WZ08C7;WZ2008 (ausgewählte Positionen): Tarifindex;WZ08-A;Land- und Forstwirtschaft, Fischerei;100,0;2020=100;VST018;Index der tariflichen Wochenarbeitszeit
62221;Vj. Index der Tarifverdienste und Arbeitszeiten;JAHR;Jahr;2018;DINSGF;Früheres Bundesgebiet / Neue Länder;DN;Neue Länder;WZ08C7;WZ2008 (ausgewählte Positionen): Tarifindex;WZ08-A;Land- und Forstwirtschaft, Fischerei;90,7;2020=100;VST065;Index d.tarifl. Stundenverdienste ohne Sonderzahl.
62221;Vj. Index der Tarifverdienste und Arbeitszeiten;JAHR;Jahr;2023;DINSGF;Früheres Bundesgebiet / Neue Länder;DF;Früheres Bundesgebiet;WZ08C7;WZ2008 (ausgewählte Positionen): Tarifindex;WZ08-K;Erbringung v. Finanz- u. Versicherungsdienstleist.;106,4;2020=100;VST072;Index d.tarifl. Stundenverdienste mit Sonderzahl.
62221;Vj. Index der Tarifverdienste und Arbeitszeiten;JAHR;Jahr;2023;DINSGF;Früheres Bundesgebiet / Neue Länder;DF;Früheres Bundesgebiet;WZ08C7;WZ2008 (ausgewählte Positionen): Tarifindex;WZ08-K;Erbringung v. Finanz- u. Versicherungsdienstleist.;106,4;2020=100;VST073;Index d.tarifl. Monatsverdienste mit Sonderzahl.
62221;Vj. Index der Tarifverdienste und Arbeitszeiten;JAHR;Jahr;2023;DINSGF;Früheres Bundesgebiet / Neue Länder;DF;Früheres Bundesgebiet;WZ08C7;WZ2008 (ausgewählte Positionen): Tarifindex;WZ08-K;Erbringung v. Finanz- u. Versicherungsdienstleist.;38,7;h;VST019;Durchschnittliche tarifliche Wochenarbeitszeit
62221;Vj. Index der Tarifverdienste und Arbeitszeiten;JAHR;Jahr;2023;DINSGF;Früheres Bundesgebiet / Neue Länder;DF;Früheres Bundesgebiet;WZ08C7;WZ2008 (ausgewählte Positionen): Tarifindex;WZ08-K;Erbringung v. Finanz- u. Versicherungsdienstleist.;105,0;2020=100;VST066;Index d.tarifl. Monatsverdienste ohne Sonderzahl.
62221;Vj. Index der Tarifverdienste und Arbeitszeiten;JAHR;Jahr;2023;DINSGF;Früheres Bundesgebiet / Neue Länder;DF;Früheres Bundesgebiet;WZ08C7;WZ2008 (ausgewählte Positionen): Tarifindex;WZ08-K;Erbringung v. Finanz- u. Versicherungsdienstleist.;100,0;2020=100;VST018;Index der tariflichen Wochenarbeitszeit
62221;Vj. Index der Tarifverdienste und Arbeitszeiten;JAHR;Jahr;2023;DINSGF;Früheres Bundesgebiet / Neue Länder;DF;Früheres Bundesgebiet;WZ08C7;WZ2008 (ausgewählte Positionen): Tarifindex;WZ08-K;Erbringung v. Finanz- u. Versicherungsdienstleist.;105,0;2020=100;VST065;Index d.tarifl. Stundenverdienste ohne Sonderzahl.
62221;Vj. Index der Tarifverdienste und Arbeitszeiten;JAHR;Jahr;2016;DINSGF;Früheres Bundesgebiet / Neue Länder;DF;Früheres Bundesgebiet;WZ08C7;WZ2008 (ausgewählte Positionen): Tarifindex;WZ-X003;Gebrauchsgüterproduzenten;90,7;2020=100;VST072;Index d.tarifl. Stundenverdienste mit Sonderzahl.
62221;Vj. Index der Tarifverdienste und Arbeitszeiten;JAHR;Jahr;2016;DINSGF;Früheres Bundesgebiet / Neue Länder;DF;Früheres Bundesgebiet;WZ08C7;WZ2008 (ausgewählte Positionen): Tarifindex;WZ-X003;Gebrauchsgüterproduzenten;90,7;2020=100;VST073;Index d.tarifl. Monatsverdienste mit Sonderzahl.
62221;Vj. Index der Tarifverdienste und Arbeitszeiten;JAHR;Jahr;2016;DINSGF;Früheres Bundesgebiet / Neue Länder;DF;Früheres Bundesgebiet;WZ08C7;WZ2008 (ausgewählte Positionen): Tarifindex;WZ-X003;Gebrauchsgüterproduzenten;36,5;h;VST019;Durchschnittliche tarifliche Wochenarbeitszeit
62221;Vj. Index der Tarifverdienste und Arbeitszeiten;JAHR;Jahr;2016;DINSGF;Früheres Bundesgebiet / Neue Länder;DF;Früheres Bundesgebiet;WZ08C7;WZ2008 (ausgewählte Positionen): Tarifindex;WZ-X003;Gebrauchsgüterproduzenten;91,9;2020=100;VST066;Index d.tarifl. Monatsverdienste ohne Sonderzahl.
62221;Vj. Index der Tarifverdienste und Arbeitszeiten;JAHR;Jahr;2016;DINSGF;Früheres Bundesgebiet / Neue Länder;DF;Früheres Bundesgebiet;WZ08C7;WZ2008 (ausgewählte Positionen): Tarifindex;WZ-X003;Gebrauchsgüterproduzenten;100,0;2020=100;VST018;Index der tariflichen Wochenarbeitszeit
62221;Vj. Index der Tarifverdienste und Arbeitszeiten;JAHR;Jahr;2016;DINSGF;Früheres Bundesgebiet / Neue Länder;DF;Früheres Bundesgebiet;WZ08C7;WZ2008 (ausgewählte Positionen): Tarifindex;WZ-X003;Gebrauchsgüterproduzenten;91,9;2020=100;VST065;Index d.tarifl. Stundenverdienste ohne Sonderzahl.
62221;Vj. Index der Tarifverdienste und Arbeitszeiten;JAHR;Jahr;2018;DINSGF;Früheres Bundesgebiet / Neue Länder;DF;Früheres Bundesgebiet;WZ08C7;WZ2008 (ausgewählte Positionen): Tarifindex;WZ08-B-08;Produzierendes Gewerbe und Dienstleistungsbereich;95,0;2020=100;VST072;Index d.tarifl. Stundenverdienste mit Sonderzahl.
62221;Vj. Index der Tarifverdienste und Arbeitszeiten;JAHR;Jahr;2018;DINSGF;Früheres Bundesgebiet / Neue Länder;DF;Früheres Bundesgebiet;WZ08C7;WZ2008 (ausgewählte Positionen): Tarifindex;WZ08-B-08;Produzierendes Gewerbe und Dienstleistungsbereich;95,0;2020=100;VST073;Index d.tarifl. Monatsverdienste mit Sonderzahl.
62221;Vj. Index der Tarifverdienste und Arbeitszeiten;JAHR;Jahr;2018;DINSGF;Früheres Bundesgebiet / Neue Länder;DF;Früheres Bundesgebiet;WZ08C7;WZ2008 (ausgewählte Positionen): Tarifindex;WZ08-B-08;Produzierendes Gewerbe und Dienstleistungsbereich;38,4;h;VST019;Durchschnittliche tarifliche Wochenarbeitszeit
62221;Vj. Index der Tarifverdienste und Arbeitszeiten;JAHR;Jahr;2018;DINSGF;Früheres Bundesgebiet / Neue Länder;DF;Früheres Bundesgebiet;WZ08C7;WZ2008 (ausgewählte Positionen): Tarifindex;WZ08-B-08;Produzierendes Gewerbe und Dienstleistungsbereich;95,2;2020=100;VST066;Index d.tarifl. Monatsverdienste ohne Sonderzahl.
62221;Vj. Index der Tarifverdienste und Arbeitszeiten;JAHR;Jahr;2018;DINSGF;Früheres Bundesgebiet / Neue Länder;DF;Früheres Bundesgebiet;WZ08C7;WZ2008 (ausgewählte Positionen): Tarifindex;WZ08-B-08;Produzierendes Gewerbe und Dienstleistungsbereich;100,0;2020=100;VST018;Index der tariflichen Wochenarbeitszeit
62221;Vj. Index der Tarifverdienste und Arbeitszeiten;JAHR;Jahr;2018;DINSGF;Früheres Bundesgebiet / Neue Länder;DF;Früheres Bundesgebiet;WZ08C7;WZ2008 (ausgewählte Positionen): Tarifindex;WZ08-B-08;Produzierendes Gewerbe und Dienstleistungsbereich;95,2;2020=100;VST065;Index d.tarifl. Stundenverdienste ohne Sonderzahl.
62221;Vj. Index der Tarifverdienste und Arbeitszeiten;JAHR;Jahr;2018;DINSGF;Früheres Bundesgebiet / Neue Länder;DF;Früheres Bundesgebiet;WZ08C7;WZ2008 (ausgewählte Positionen): Tarifindex;WZ08-B-05;Produzierendes Gewerbe;96,0;2020=100;VST072;Index d.tarifl. Stundenverdienste mit Sonderzahl.
62221;Vj. Index der Tarifverdienste und Arbeitszeiten;JAHR;Jahr;2018;DINSGF;Früheres Bundesgebiet / Neue Länder;DF;Früheres Bundesgebiet;WZ08C7;WZ2008 (ausgewählte Positionen): Tarifindex;WZ08-B-05;Produzierendes Gewerbe;96,0;2020=100;VST073;Index d.tarifl. Monatsverdienste mit Sonderzahl.
62221;Vj. Index der Tarifverdienste und Arbeitszeiten;JAHR;Jahr;2018;DINSGF;Früheres Bundesgebiet / Neue Länder;DF;Früheres Bundesgebiet;WZ08C7;WZ2008 (ausgewählte Positionen): Tarifindex;WZ08-B-05;Produzierendes Gewerbe;36,7;h;VST019;Durchschnittliche tarifliche Wochenarbeitszeit
62221;Vj. Index der Tarifverdienste und Arbeitszeiten;JAHR;Jahr;2018;DINSGF;Früheres Bundesgebiet / Neue Länder;DF;Früheres Bundesgebiet;WZ08C7;WZ2008 (ausgewählte Positionen): Tarifindex;WZ08-B-05;Produzierendes Gewerbe;97,5;2020=100;VST066;Index d.tarifl. Monatsverdienste ohne Sonderzahl.
62221;Vj. Index der Tarifverdienste und Arbeitszeiten;JAHR;Jahr;2018;DINSGF;Früheres Bundesgebiet / Neue Länder;DF;Früheres Bundesgebiet;WZ08C7;WZ2008 (ausgewählte Positionen): Tarifindex;WZ08-B-05;Produzierendes Gewerbe;100,0;2020=100;VST018;Index der tariflichen Wochenarbeitszeit
62221;Vj. Index der Tarifverdienste und Arbeitszeiten;JAHR;Jahr;2018;DINSGF;Früheres Bundesgebiet / Neue Länder;DF;Früheres Bundesgebiet;WZ08C7;WZ2008 (ausgewählte Positionen): Tarifindex;WZ08-B-05;Produzierendes Gewerbe;97,5;2020=100;VST065;Index d.tarifl. Stundenverdienste ohne Sonderzahl.
62221;Vj. Index der Tarifverdienste und Arbeitszeiten;JAHR;Jahr;2018;DINSGF;Früheres Bundesgebiet / Neue Länder;DN;Neue Länder;WZ08C7;WZ2008 (ausgewählte Positionen): Tarifindex;WZ08-D-05;Energie- und Wasserversorgung, Entsorgung u.a.;95,3;2020=100;VST072;Index d.tarifl. Stundenverdienste mit Sonderzahl.
62221;Vj. Index der Tarifverdienste und Arbeitszeiten;JAHR;Jahr;2018;DINSGF;Früheres Bundesgebiet / Neue Länder;DN;Neue Länder;WZ08C7;WZ2008 (ausgewählte Positionen): Tarifindex;WZ08-D-05;Energie- und Wasserversorgung, Entsorgung u.a.;95,4;2020=100;VST073;Index d.tarifl. Monatsverdienste mit Sonderzahl.
62221;Vj. Index der Tarifverdienste und Arbeitszeiten;JAHR;Jahr;2018;DINSGF;Früheres Bundesgebiet / Neue Länder;DN;Neue Länder;WZ08C7;WZ2008 (ausgewählte Positionen): Tarifindex;WZ08-D-05;Energie- und Wasserversorgung, Entsorgung u.a.;38,5;h;VST019;Durchschnittliche tarifliche Wochenarbeitszeit
62221;Vj. Index der Tarifverdienste und Arbeitszeiten;JAHR;Jahr;2018;DINSGF;Früheres Bundesgebiet / Neue Länder;DN;Neue Länder;WZ08C7;WZ2008 (ausgewählte Positionen): Tarifindex;WZ08-D-05;Energie- und Wasserversorgung, Entsorgung u.a.;95,3;2020=100;VST066;Index d.tarifl. Monatsverdienste ohne Sonderzahl.
62221;Vj. Index der Tarifverdienste und Arbeitszeiten;JAHR;Jahr;2018;DINSGF;Früheres Bundesgebiet / Neue Länder;DN;Neue Länder;WZ08C7;WZ2008 (ausgewählte Positionen): Tarifindex;WZ08-D-05;Energie- und Wasserversorgung, Entsorgung u.a.;100,0;2020=100;VST018;Index der tariflichen Wochenarbeitszeit
62221;Vj. Index der Tarifverdienste und Arbeitszeiten;JAHR;Jahr;2018;DINSGF;Früheres Bundesgebiet / Neue Länder;DN;Neue Länder;WZ08C7;WZ2008 (ausgewählte Positionen): Tarifindex;WZ08-D-05;Energie- und Wasserversorgung, Entsorgung u.a.;95,3;2020=100;VST065;Index d.tarifl. Stundenverdienste ohne Sonderzahl.
62221;Vj. Index der Tarifverdienste und Arbeitszeiten;JAHR;Jahr;2018;DINSGF;Früheres Bundesgebiet / Neue Länder;DF;Früheres Bundesgebiet;WZ08C7;WZ2008 (ausgewählte Positionen): Tarifindex;WZ08-B-11;Produzierendes Gewerbe, Handel u.A.;95,5;2020=100;VST072;Index d.tarifl. Stundenverdienste mit Sonderzahl.
62221;Vj. Index der Tarifverdienste und Arbeitszeiten;JAHR;Jahr;2018;DINSGF;Früheres Bundesgebiet / Neue Länder;DF;Früheres Bundesgebiet;WZ08C7;WZ2008 (ausgewählte Positionen): Tarifindex;WZ08-B-11;Produzierendes Gewerbe, Handel u.A.;95,5;2020=100;VST073;Index d.tarifl. Monatsverdienste mit Sonderzahl.
62221;Vj. Index der Tarifverdienste und Arbeitszeiten;JAHR;Jahr;2018;DINSGF;Früheres Bundesgebiet / Neue Länder;DF;Früheres Bundesgebiet;WZ08C7;WZ2008 (ausgewählte Positionen): Tarifindex;WZ08-B-11;Produzierendes Gewerbe, Handel u.A.;38,1;h;VST019;Durchschnittliche tarifliche Wochenarbeitszeit
62221;Vj. Index der Tarifverdienste und Arbeitszeiten;JAHR;Jahr;2018;DINSGF;Früheres Bundesgebiet / Neue Länder;DF;Früheres Bundesgebiet;WZ08C7;WZ2008 (ausgewählte Positionen): Tarifindex;WZ08-B-11;Produzierendes Gewerbe, Handel u.A.;95,9;2020=100;VST066;Index d.tarifl. Monatsverdienste ohne Sonderzahl.
62221;Vj. Index der Tarifverdienste und Arbeitszeiten;JAHR;Jahr;2018;DINSGF;Früheres Bundesgebiet / Neue Länder;DF;Früheres Bundesgebiet;WZ08C7;WZ2008 (ausgewählte Positionen): Tarifindex;WZ08-B-11;Produzierendes Gewerbe, Handel u.A.;100,0;2020=100;VST018;Index der tariflichen Wochenarbeitszeit
62221;Vj. Index der Tarifverdienste und Arbeitszeiten;JAHR;Jahr;2018;DINSGF;Früheres Bundesgebiet / Neue Länder;DF;Früheres Bundesgebiet;WZ08C7;WZ2008 (ausgewählte Positionen): Tarifindex;WZ08-B-11;Produzierendes Gewerbe, Handel u.A.;95,9;2020=100;VST065;Index d.tarifl. Stundenverdienste ohne Sonderzahl.
62221;Vj. Index der Tarifverdienste und Arbeitszeiten;JAHR;Jahr;2018;DINSGF;Früheres Bundesgebiet / Neue Länder;DN;Neue Länder;WZ08C7;WZ2008 (ausgewählte Positionen): Tarifindex;WZ08-M;Freiberufliche, wiss. u. techn. Dienstleistungen;94,8;2020=100;VST072;Index d.tarifl. Stundenverdienste mit Sonderzahl.
62221;Vj. Index der Tarifverdienste und Arbeitszeiten;JAHR;Jahr;2018;DINSGF;Früheres Bundesgebiet / Neue Länder;DN;Neue Länder;WZ08C7;WZ2008 (ausgewählte Positionen): Tarifindex;WZ08-M;Freiberufliche, wiss. u. techn. Dienstleistungen;95,1;2020=100;VST073;Index d.tarifl. Monatsverdienste mit Sonderzahl.
62221;Vj. Index der Tarifverdienste und Arbeitszeiten;JAHR;Jahr;2018;DINSGF;Früheres Bundesgebiet / Neue Länder;DN;Neue Länder;WZ08C7;WZ2008 (ausgewählte Positionen): Tarifindex;WZ08-M;Freiberufliche, wiss. u. techn. Dienstleistungen;38,7;h;VST019;Durchschnittliche tarifliche Wochenarbeitszeit
62221;Vj. Index der Tarifverdienste und Arbeitszeiten;JAHR;Jahr;2018;DINSGF;Früheres Bundesgebiet / Neue Länder;DN;Neue Länder;WZ08C7;WZ2008 (ausgewählte Positionen): Tarifindex;WZ08-M;Freiberufliche, wiss. u. techn. Dienstleistungen;94,7;2020=100;VST066;Index d.tarifl. Monatsverdienste ohne Sonderzahl.
62221;Vj. Index der Tarifverdienste und Arbeitszeiten;JAHR;Jahr;2018;DINSGF;Früheres Bundesgebiet / Neue Länder;DN;Neue Länder;WZ08C7;WZ2008 (ausgewählte Positionen): Tarifindex;WZ08-M;Freiberufliche, wiss. u. techn. Dienstleistungen;100,1;2020=100;VST018;Index der tariflichen Wochenarbeitszeit
62221;Vj. Index der Tarifverdienste und Arbeitszeiten;JAHR;Jahr;2018;DINSGF;Früheres Bundesgebiet / Neue Länder;DN;Neue Länder;WZ08C7;WZ2008 (ausgewählte Positionen): Tarifindex;WZ08-M;Freiberufliche, wiss. u. techn. Dienstleistungen;94,5;2020=100;VST065;Index d.tarifl. Stundenverdienste ohne Sonderzahl.
62221;Vj. Index der Tarifverdienste und Arbeitszeiten;JAHR;Jahr;2018;DINSGF;Früheres Bundesgebiet / Neue Länder;DN;Neue Länder;WZ08C7;WZ2008 (ausgewählte Positionen): Tarifindex;WZ08-J;Information und Kommunikation;94,5;2020=100;VST072;Index d.tarifl. Stundenverdienste mit Sonderzahl.
62221;Vj. Index der Tarifverdienste und Arbeitszeiten;JAHR;Jahr;2018;DINSGF;Früheres Bundesgebiet / Neue Länder;DN;Neue Länder;WZ08C7;WZ2008 (ausgewählte Positionen): Tarifindex;WZ08-J;Information und Kommunikation;95,6;2020=100;VST073;Index d.tarifl. Monatsverdienste mit Sonderzahl.
62221;Vj. Index der Tarifverdienste und Arbeitszeiten;JAHR;Jahr;2018;DINSGF;Früheres Bundesgebiet / Neue Länder;DN;Neue Länder;WZ08C7;WZ2008 (ausgewählte Positionen): Tarifindex;WZ08-J;Information und Kommunikation;38,2;h;VST019;Durchschnittliche tarifliche Wochenarbeitszeit
62221;Vj. Index der Tarifverdienste und Arbeitszeiten;JAHR;Jahr;2018;DINSGF;Früheres Bundesgebiet / Neue Länder;DN;Neue Länder;WZ08C7;WZ2008 (ausgewählte Positionen): Tarifindex;WZ08-J;Information und Kommunikation;95,5;2020=100;VST066;Index d.tarifl. Monatsverdienste ohne Sonderzahl.
62221;Vj. Index der Tarifverdienste und Arbeitszeiten;JAHR;Jahr;2018;DINSGF;Früheres Bundesgebiet / Neue Länder;DN;Neue Länder;WZ08C7;WZ2008 (ausgewählte Positionen): Tarifindex;WZ08-J;Information und Kommunikation;101,0;2020=100;VST018;Index der tariflichen Wochenarbeitszeit
62221;Vj. Index der Tarifverdienste und Arbeitszeiten;JAHR;Jahr;2018;DINSGF;Früheres Bundesgebiet / Neue Länder;DN;Neue Länder;WZ08C7;WZ2008 (ausgewählte Positionen): Tarifindex;WZ08-J;Information und Kommunikation;94,2;2020=100;VST065;Index d.tarifl. Stundenverdienste ohne Sonderzahl.
62221;Vj. Index der Tarifverdienste und Arbeitszeiten;JAHR;Jahr;2024;DINSGF;Früheres Bundesgebiet / Neue Länder;DF;Früheres Bundesgebiet;WZ08C7;WZ2008 (ausgewählte Positionen): Tarifindex;WZ08-D-06;Energie- und Wasserversorgung;113,8;2020=100;VST072;Index d.tarifl. Stundenverdienste mit Sonderzahl.
62221;Vj. Index der Tarifverdienste und Arbeitszeiten;JAHR;Jahr;2024;DINSGF;Früheres Bundesgebiet / Neue Länder;DF;Früheres Bundesgebiet;WZ08C7;WZ2008 (ausgewählte Positionen): Tarifindex;WZ08-D-06;Energie- und Wasserversorgung;113,9;2020=100;VST073;Index d.tarifl. Monatsverdienste mit Sonderzahl.
62221;Vj. Index der Tarifverdienste und Arbeitszeiten;JAHR;Jahr;2024;DINSGF;Früheres Bundesgebiet / Neue Länder;DF;Früheres Bundesgebiet;WZ08C7;WZ2008 (ausgewählte Positionen): Tarifindex;WZ08-D-06;Energie- und Wasserversorgung;38,3;h;VST019;Durchschnittliche tarifliche Wochenarbeitszeit
62221;Vj. Index der Tarifverdienste und Arbeitszeiten;JAHR;Jahr;2024;DINSGF;Früheres Bundesgebiet / Neue Länder;DF;Früheres Bundesgebiet;WZ08C7;WZ2008 (ausgewählte Positionen): Tarifindex;WZ08-D-06;Energie- und Wasserversorgung;112,9;2020=100;VST066;Index d.tarifl. Monatsverdienste ohne Sonderzahl.
62221;Vj. Index der Tarifverdienste und Arbeitszeiten;JAHR;Jahr;2024;DINSGF;Früheres Bundesgebiet / Neue Länder;DF;Früheres Bundesgebiet;WZ08C7;WZ2008 (ausgewählte Positionen): Tarifindex;WZ08-D-06;Energie- und Wasserversorgung;100,1;2020=100;VST018;Index der tariflichen Wochenarbeitszeit
62221;Vj. Index der Tarifverdienste und Arbeitszeiten;JAHR;Jahr;2024;DINSGF;Früheres Bundesgebiet / Neue Länder;DF;Früheres Bundesgebiet;WZ08C7;WZ2008 (ausgewählte Positionen): Tarifindex;WZ08-D-06;Energie- und Wasserversorgung;112,9;2020=100;VST065;Index d.tarifl. Stundenverdienste ohne Sonderzahl.
62221;Vj. Index der Tarifverdienste und Arbeitszeiten;JAHR;Jahr;2016;DINSGF;Früheres Bundesgebiet / Neue Länder;DN;Neue Länder;WZ08C7;WZ2008 (ausgewählte Positionen): Tarifindex;WZ08-33;Reparatur u.Installation von Masch.u.Ausrüstungen;89,5;2020=100;VST072;Index d.tarifl. Stundenverdienste mit Sonderzahl.
62221;Vj. Index der Tarifverdienste und Arbeitszeiten;JAHR;Jahr;2016;DINSGF;Früheres Bundesgebiet / Neue Länder;DN;Neue Länder;WZ08C7;WZ2008 (ausgewählte Positionen): Tarifindex;WZ08-33;Reparatur u.Installation von Masch.u.Ausrüstungen;89,6;2020=100;VST073;Index d.tarifl. Monatsverdienste mit Sonderzahl.
62221;Vj. Index der Tarifverdienste und Arbeitszeiten;JAHR;Jahr;2016;DINSGF;Früheres Bundesgebiet / Neue Länder;DN;Neue Länder;WZ08C7;WZ2008 (ausgewählte Positionen): Tarifindex;WZ08-33;Reparatur u.Installation von Masch.u.Ausrüstungen;38,4;h;VST019;Durchschnittliche tarifliche Wochenarbeitszeit
62221;Vj. Index der Tarifverdienste und Arbeitszeiten;JAHR;Jahr;2016;DINSGF;Früheres Bundesgebiet / Neue Länder;DN;Neue Länder;WZ08C7;WZ2008 (ausgewählte Positionen): Tarifindex;WZ08-33;Reparatur u.Installation von Masch.u.Ausrüstungen;91,1;2020=100;VST066;Index d.tarifl. Monatsverdienste ohne Sonderzahl.
62221;Vj. Index der Tarifverdienste und Arbeitszeiten;JAHR;Jahr;2016;DINSGF;Früheres Bundesgebiet / Neue Länder;DN;Neue Länder;WZ08C7;WZ2008 (ausgewählte Positionen): Tarifindex;WZ08-33;Reparatur u.Installation von Masch.u.Ausrüstungen;100,0;2020=100;VST018;Index der tariflichen Wochenarbeitszeit
62221;Vj. Index der Tarifverdienste und Arbeitszeiten;JAHR;Jahr;2016;DINSGF;Früheres Bundesgebiet / Neue Länder;DN;Neue Länder;WZ08C7;WZ2008 (ausgewählte Positionen): Tarifindex;WZ08-33;Reparatur u.Installation von Masch.u.Ausrüstungen;91,1;2020=100;VST065;Index d.tarifl. Stundenverdienste ohne Sonderzahl.
62221;Vj. Index der Tarifverdienste und Arbeitszeiten;JAHR;Jahr;2017;DINSGF;Früheres Bundesgebiet / Neue Länder;DN;Neue Länder;WZ08C7;WZ2008 (ausgewählte Positionen): Tarifindex;WZ08-69-02;Rechts- und Steuerberatung, Unternehmensberatung;92,1;2020=100;VST072;Index d.tarifl. Stundenverdienste mit Sonderzahl.
62221;Vj. Index der Tarifverdienste und Arbeitszeiten;JAHR;Jahr;2017;DINSGF;Früheres Bundesgebiet / Neue Länder;DN;Neue Länder;WZ08C7;WZ2008 (ausgewählte Positionen): Tarifindex;WZ08-69-02;Rechts- und Steuerberatung, Unternehmensberatung;92,4;2020=100;VST073;Index d.tarifl. Monatsverdienste mit Sonderzahl.
62221;Vj. Index der Tarifverdienste und Arbeitszeiten;JAHR;Jahr;2017;DINSGF;Früheres Bundesgebiet / Neue Länder;DN;Neue Länder;WZ08C7;WZ2008 (ausgewählte Positionen): Tarifindex;WZ08-69-02;Rechts- und Steuerberatung, Unternehmensberatung;38,6;h;VST019;Durchschnittliche tarifliche Wochenarbeitszeit
62221;Vj. Index der Tarifverdienste und Arbeitszeiten;JAHR;Jahr;2017;DINSGF;Früheres Bundesgebiet / Neue Länder;DN;Neue Länder;WZ08C7;WZ2008 (ausgewählte Positionen): Tarifindex;WZ08-69-02;Rechts- und Steuerberatung, Unternehmensberatung;92,7;2020=100;VST066;Index d.tarifl. Monatsverdienste ohne Sonderzahl.
62221;Vj. Index der Tarifverdienste und Arbeitszeiten;JAHR;Jahr;2017;DINSGF;Früheres Bundesgebiet / Neue Länder;DN;Neue Länder;WZ08C7;WZ2008 (ausgewählte Positionen): Tarifindex;WZ08-69-02;Rechts- und Steuerberatung, Unternehmensberatung;100,2;2020=100;VST018;Index der tariflichen Wochenarbeitszeit
62221;Vj. Index der Tarifverdienste und Arbeitszeiten;JAHR;Jahr;2017;DINSGF;Früheres Bundesgebiet / Neue Länder;DN;Neue Länder;WZ08C7;WZ2008 (ausgewählte Positionen): Tarifindex;WZ08-69-02;Rechts- und Steuerberatung, Unternehmensberatung;92,4;2020=100;VST065;Index d.tarifl. Stundenverdienste ohne Sonderzahl.
62221;Vj. Index der Tarifverdienste und Arbeitszeiten;JAHR;Jahr;2016;DINSGF;Früheres Bundesgebiet / Neue Länder;DF;Früheres Bundesgebiet;WZ08C7;WZ2008 (ausgewählte Positionen): Tarifindex;WZ08-13-01;Textil- und Bekleidungsgewerbe;91,7;2020=100;VST072;Index d.tarifl. Stundenverdienste mit Sonderzahl.
62221;Vj. Index der Tarifverdienste und Arbeitszeiten;JAHR;Jahr;2016;DINSGF;Früheres Bundesgebiet / Neue Länder;DF;Früheres Bundesgebiet;WZ08C7;WZ2008 (ausgewählte Positionen): Tarifindex;WZ08-13-01;Textil- und Bekleidungsgewerbe;91,7;2020=100;VST073;Index d.tarifl. Monatsverdienste mit Sonderzahl.
62221;Vj. Index der Tarifverdienste und Arbeitszeiten;JAHR;Jahr;2016;DINSGF;Früheres Bundesgebiet / Neue Länder;DF;Früheres Bundesgebiet;WZ08C7;WZ2008 (ausgewählte Positionen): Tarifindex;WZ08-13-01;Textil- und Bekleidungsgewerbe;37,1;h;VST019;Durchschnittliche tarifliche Wochenarbeitszeit
62221;Vj. Index der Tarifverdienste und Arbeitszeiten;JAHR;Jahr;2016;DINSGF;Früheres Bundesgebiet / Neue Länder;DF;Früheres Bundesgebiet;WZ08C7;WZ2008 (ausgewählte Positionen): Tarifindex;WZ08-13-01;Textil- und Bekleidungsgewerbe;92,1;2020=100;VST066;Index d.tarifl. Monatsverdienste ohne Sonderzahl.
62221;Vj. Index der Tarifverdienste und Arbeitszeiten;JAHR;Jahr;2016;DINSGF;Früheres Bundesgebiet / Neue Länder;DF;Früheres Bundesgebiet;WZ08C7;WZ2008 (ausgewählte Positionen): Tarifindex;WZ08-13-01;Textil- und Bekleidungsgewerbe;100,0;2020=100;VST018;Index der tariflichen Wochenarbeitszeit
62221;Vj. Index der Tarifverdienste und Arbeitszeiten;JAHR;Jahr;2016;DINSGF;Früheres Bundesgebiet / Neue Länder;DF;Früheres Bundesgebiet;WZ08C7;WZ2008 (ausgewählte Positionen): Tarifindex;WZ08-13-01;Textil- und Bekleidungsgewerbe;92,1;2020=100;VST065;Index d.tarifl. Stundenverdienste ohne Sonderzahl.
62221;Vj. Index der Tarifverdienste und Arbeitszeiten;JAHR;Jahr;2023;DINSGF;Früheres Bundesgebiet / Neue Länder;DF;Früheres Bundesgebiet;WZ08C7;WZ2008 (ausgewählte Positionen): Tarifindex;WZ08-H;Verkehr und Lagerei;108,5;2020=100;VST072;Index d.tarifl. Stundenverdienste mit Sonderzahl.
62221;Vj. Index der Tarifverdienste und Arbeitszeiten;JAHR;Jahr;2023;DINSGF;Früheres Bundesgebiet / Neue Länder;DF;Früheres Bundesgebiet;WZ08C7;WZ2008 (ausgewählte Positionen): Tarifindex;WZ08-H;Verkehr und Lagerei;108,4;2020=100;VST073;Index d.tarifl. Monatsverdienste mit Sonderzahl.
62221;Vj. Index der Tarifverdienste und Arbeitszeiten;JAHR;Jahr;2023;DINSGF;Früheres Bundesgebiet / Neue Länder;DF;Früheres Bundesgebiet;WZ08C7;WZ2008 (ausgewählte Positionen): Tarifindex;WZ08-H;Verkehr und Lagerei;39,0;h;VST019;Durchschnittliche tarifliche Wochenarbeitszeit
62221;Vj. Index der Tarifverdienste und Arbeitszeiten;JAHR;Jahr;2023;DINSGF;Früheres Bundesgebiet / Neue Länder;DF;Früheres Bundesgebiet;WZ08C7;WZ2008 (ausgewählte Positionen): Tarifindex;WZ08-H;Verkehr und Lagerei;105,8;2020=100;VST066;Index d.tarifl. Monatsverdienste ohne Sonderzahl.
62221;Vj. Index der Tarifverdienste und Arbeitszeiten;JAHR;Jahr;2023;DINSGF;Früheres Bundesgebiet / Neue Länder;DF;Früheres Bundesgebiet;WZ08C7;WZ2008 (ausgewählte Positionen): Tarifindex;WZ08-H;Verkehr und Lagerei;100,0;2020=100;VST018;Index der tariflichen Wochenarbeitszeit
62221;Vj. Index der Tarifverdienste und Arbeitszeiten;JAHR;Jahr;2023;DINSGF;Früheres Bundesgebiet / Neue Länder;DF;Früheres Bundesgebiet;WZ08C7;WZ2008 (ausgewählte Positionen): Tarifindex;WZ08-H;Verkehr und Lagerei;105,8;2020=100;VST065;Index d.tarifl. Stundenverdienste ohne Sonderzahl.
62221;Vj. Index der Tarifverdienste und Arbeitszeiten;JAHR;Jahr;2016;DINSGF;Früheres Bundesgebiet / Neue Länder;DN;Neue Länder;WZ08C7;WZ2008 (ausgewählte Positionen): Tarifindex;WZ08-30;Sonstiger Fahrzeugbau;90,4;2020=100;VST072;Index d.tarifl. Stundenverdienste mit Sonderzahl.
62221;Vj. Index der Tarifverdienste und Arbeitszeiten;JAHR;Jahr;2016;DINSGF;Früheres Bundesgebiet / Neue Länder;DN;Neue Länder;WZ08C7;WZ2008 (ausgewählte Positionen): Tarifindex;WZ08-30;Sonstiger Fahrzeugbau;90,4;2020=100;VST073;Index d.tarifl. Monatsverdienste mit Sonderzahl.
62221;Vj. Index der Tarifverdienste und Arbeitszeiten;JAHR;Jahr;2016;DINSGF;Früheres Bundesgebiet / Neue Länder;DN;Neue Länder;WZ08C7;WZ2008 (ausgewählte Positionen): Tarifindex;WZ08-30;Sonstiger Fahrzeugbau;37,9;h;VST019;Durchschnittliche tarifliche Wochenarbeitszeit
62221;Vj. Index der Tarifverdienste und Arbeitszeiten;JAHR;Jahr;2016;DINSGF;Früheres Bundesgebiet / Neue Länder;DN;Neue Länder;WZ08C7;WZ2008 (ausgewählte Positionen): Tarifindex;WZ08-30;Sonstiger Fahrzeugbau;92,4;2020=100;VST066;Index d.tarifl. Monatsverdienste ohne Sonderzahl.
62221;Vj. Index der Tarifverdienste und Arbeitszeiten;JAHR;Jahr;2016;DINSGF;Früheres Bundesgebiet / Neue Länder;DN;Neue Länder;WZ08C7;WZ2008 (ausgewählte Positionen): Tarifindex;WZ08-30;Sonstiger Fahrzeugbau;100,0;2020=100;VST018;Index der tariflichen Wochenarbeitszeit
62221;Vj. Index der Tarifverdienste und Arbeitszeiten;JAHR;Jahr;2016;DINSGF;Früheres Bundesgebiet / Neue Länder;DN;Neue Länder;WZ08C7;WZ2008 (ausgewählte Positionen): Tarifindex;WZ08-30;Sonstiger Fahrzeugbau;92,4;2020=100;VST065;Index d.tarifl. Stundenverdienste ohne Sonderzahl.
62221;Vj. Index der Tarifverdienste und Arbeitszeiten;JAHR;Jahr;2025;DINSGF;Früheres Bundesgebiet / Neue Länder;DF;Früheres Bundesgebiet;WZ08C7;WZ2008 (ausgewählte Positionen): Tarifindex;WZ08-27;Herstellung von elektrischen Ausrüstungen;113,2;2020=100;VST072;Index d.tarifl. Stundenverdienste mit Sonderzahl.
62221;Vj. Index der Tarifverdienste und Arbeitszeiten;JAHR;Jahr;2025;DINSGF;Früheres Bundesgebiet / Neue Länder;DF;Früheres Bundesgebiet;WZ08C7;WZ2008 (ausgewählte Positionen): Tarifindex;WZ08-27;Herstellung von elektrischen Ausrüstungen;113,2;2020=100;VST073;Index d.tarifl. Monatsverdienste mit Sonderzahl.
62221;Vj. Index der Tarifverdienste und Arbeitszeiten;JAHR;Jahr;2025;DINSGF;Früheres Bundesgebiet / Neue Länder;DF;Früheres Bundesgebiet;WZ08C7;WZ2008 (ausgewählte Positionen): Tarifindex;WZ08-27;Herstellung von elektrischen Ausrüstungen;35,1;h;VST019;Durchschnittliche tarifliche Wochenarbeitszeit
62221;Vj. Index der Tarifverdienste und Arbeitszeiten;JAHR;Jahr;2025;DINSGF;Früheres Bundesgebiet / Neue Länder;DF;Früheres Bundesgebiet;WZ08C7;WZ2008 (ausgewählte Positionen): Tarifindex;WZ08-27;Herstellung von elektrischen Ausrüstungen;110,3;2020=100;VST066;Index d.tarifl. Monatsverdienste ohne Sonderzahl.
62221;Vj. Index der Tarifverdienste und Arbeitszeiten;JAHR;Jahr;2025;DINSGF;Früheres Bundesgebiet / Neue Länder;DF;Früheres Bundesgebiet;WZ08C7;WZ2008 (ausgewählte Positionen): Tarifindex;WZ08-27;Herstellung von elektrischen Ausrüstungen;100,0;2020=100;VST018;Index der tariflichen Wochenarbeitszeit
62221;Vj. Index der Tarifverdienste und Arbeitszeiten;JAHR;Jahr;2025;DINSGF;Früheres Bundesgebiet / Neue Länder;DF;Früheres Bundesgebiet;WZ08C7;WZ2008 (ausgewählte Positionen): Tarifindex;WZ08-27;Herstellung von elektrischen Ausrüstungen;110,3;2020=100;VST065;Index d.tarifl. Stundenverdienste ohne Sonderzahl.
62221;Vj. Index der Tarifverdienste und Arbeitszeiten;JAHR;Jahr;2016;DINSGF;Früheres Bundesgebiet / Neue Länder;DN;Neue Länder;WZ08C7;WZ2008 (ausgewählte Positionen): Tarifindex;WZ08-12;Tabakverarbeitung;91,2;2020=100;VST072;Index d.tarifl. Stundenverdienste mit Sonderzahl.
62221;Vj. Index der Tarifverdienste und Arbeitszeiten;JAHR;Jahr;2016;DINSGF;Früheres Bundesgebiet / Neue Länder;DN;Neue Länder;WZ08C7;WZ2008 (ausgewählte Positionen): Tarifindex;WZ08-12;Tabakverarbeitung;91,2;2020=100;VST073;Index d.tarifl. Monatsverdienste mit Sonderzahl.
62221;Vj. Index der Tarifverdienste und Arbeitszeiten;JAHR;Jahr;2016;DINSGF;Früheres Bundesgebiet / Neue Länder;DN;Neue Länder;WZ08C7;WZ2008 (ausgewählte Positionen): Tarifindex;WZ08-12;Tabakverarbeitung;37,9;h;VST019;Durchschnittliche tarifliche Wochenarbeitszeit
62221;Vj. Index der Tarifverdienste und Arbeitszeiten;JAHR;Jahr;2016;DINSGF;Früheres Bundesgebiet / Neue Länder;DN;Neue Länder;WZ08C7;WZ2008 (ausgewählte Positionen): Tarifindex;WZ08-12;Tabakverarbeitung;91,0;2020=100;VST066;Index d.tarifl. Monatsverdienste ohne Sonderzahl.
62221;Vj. Index der Tarifverdienste und Arbeitszeiten;JAHR;Jahr;2016;DINSGF;Früheres Bundesgebiet / Neue Länder;DN;Neue Länder;WZ08C7;WZ2008 (ausgewählte Positionen): Tarifindex;WZ08-12;Tabakverarbeitung;100,0;2020=100;VST018;Index der tariflichen Wochenarbeitszeit
62221;Vj. Index der Tarifverdienste und Arbeitszeiten;JAHR;Jahr;2016;DINSGF;Früheres Bundesgebiet / Neue Länder;DN;Neue Länder;WZ08C7;WZ2008 (ausgewählte Positionen): Tarifindex;WZ08-12;Tabakverarbeitung;91,0;2020=100;VST065;Index d.tarifl. Stundenverdienste ohne Sonderzahl.
62221;Vj. Index der Tarifverdienste und Arbeitszeiten;JAHR;Jahr;2023;DINSGF;Früheres Bundesgebiet / Neue Länder;DN;Neue Länder;WZ08C7;WZ2008 (ausgewählte Positionen): Tarifindex;WZ08-88;Sozialwesen (ohne Heime);110,1;2020=100;VST072;Index d.tarifl. Stundenverdienste mit Sonderzahl.
62221;Vj. Index der Tarifverdienste und Arbeitszeiten;JAHR;Jahr;2023;DINSGF;Früheres Bundesgebiet / Neue Länder;DN;Neue Länder;WZ08C7;WZ2008 (ausgewählte Positionen): Tarifindex;WZ08-88;Sozialwesen (ohne Heime);109,5;2020=100;VST073;Index d.tarifl. Monatsverdienste mit Sonderzahl.
62221;Vj. Index der Tarifverdienste und Arbeitszeiten;JAHR;Jahr;2023;DINSGF;Früheres Bundesgebiet / Neue Länder;DN;Neue Länder;WZ08C7;WZ2008 (ausgewählte Positionen): Tarifindex;WZ08-88;Sozialwesen (ohne Heime);39,1;h;VST019;Durchschnittliche tarifliche Wochenarbeitszeit
62221;Vj. Index der Tarifverdienste und Arbeitszeiten;JAHR;Jahr;2023;DINSGF;Früheres Bundesgebiet / Neue Länder;DN;Neue Länder;WZ08C7;WZ2008 (ausgewählte Positionen): Tarifindex;WZ08-88;Sozialwesen (ohne Heime);108,1;2020=100;VST066;Index d.tarifl. Monatsverdienste ohne Sonderzahl.
62221;Vj. Index der Tarifverdienste und Arbeitszeiten;JAHR;Jahr;2023;DINSGF;Früheres Bundesgebiet / Neue Länder;DN;Neue Länder;WZ08C7;WZ2008 (ausgewählte Positionen): Tarifindex;WZ08-88;Sozialwesen (ohne Heime);99,5;2020=100;VST018;Index der tariflichen Wochenarbeitszeit
62221;Vj. Index der Tarifverdienste und Arbeitszeiten;JAHR;Jahr;2023;DINSGF;Früheres Bundesgebiet / Neue Länder;DN;Neue Länder;WZ08C7;WZ2008 (ausgewählte Positionen): Tarifindex;WZ08-88;Sozialwesen (ohne Heime);108,7;2020=100;VST065;Index d.tarifl. Stundenverdienste ohne Sonderzahl.
62221;Vj. Index der Tarifverdienste und Arbeitszeiten;JAHR;Jahr;2019;DINSGF;Früheres Bundesgebiet / Neue Länder;DN;Neue Länder;WZ08C7;WZ2008 (ausgewählte Positionen): Tarifindex;WZ08-O-01;Öffentliche und persönliche Dienstleistungen;97,3;2020=100;VST072;Index d.tarifl. Stundenverdienste mit Sonderzahl.
62221;Vj. Index der Tarifverdienste und Arbeitszeiten;JAHR;Jahr;2019;DINSGF;Früheres Bundesgebiet / Neue Länder;DN;Neue Länder;WZ08C7;WZ2008 (ausgewählte Positionen): Tarifindex;WZ08-O-01;Öffentliche und persönliche Dienstleistungen;97,3;2020=100;VST073;Index d.tarifl. Monatsverdienste mit Sonderzahl.
62221;Vj. Index der Tarifverdienste und Arbeitszeiten;JAHR;Jahr;2019;DINSGF;Früheres Bundesgebiet / Neue Länder;DN;Neue Länder;WZ08C7;WZ2008 (ausgewählte Positionen): Tarifindex;WZ08-O-01;Öffentliche und persönliche Dienstleistungen;39,5;h;VST019;Durchschnittliche tarifliche Wochenarbeitszeit
62221;Vj. Index der Tarifverdienste und Arbeitszeiten;JAHR;Jahr;2019;DINSGF;Früheres Bundesgebiet / Neue Länder;DN;Neue Länder;WZ08C7;WZ2008 (ausgewählte Positionen): Tarifindex;WZ08-O-01;Öffentliche und persönliche Dienstleistungen;96,7;2020=100;VST066;Index d.tarifl. Monatsverdienste ohne Sonderzahl.
62221;Vj. Index der Tarifverdienste und Arbeitszeiten;JAHR;Jahr;2019;DINSGF;Früheres Bundesgebiet / Neue Länder;DN;Neue Länder;WZ08C7;WZ2008 (ausgewählte Positionen): Tarifindex;WZ08-O-01;Öffentliche und persönliche Dienstleistungen;100,0;2020=100;VST018;Index der tariflichen Wochenarbeitszeit
62221;Vj. Index der Tarifverdienste und Arbeitszeiten;JAHR;Jahr;2019;DINSGF;Früheres Bundesgebiet / Neue Länder;DN;Neue Länder;WZ08C7;WZ2008 (ausgewählte Positionen): Tarifindex;WZ08-O-01;Öffentliche und persönliche Dienstleistungen;96,7;2020=100;VST065;Index d.tarifl. Stundenverdienste ohne Sonderzahl.
62221;Vj. Index der Tarifverdienste und Arbeitszeiten;JAHR;Jahr;2020;DINSGF;Früheres Bundesgebiet / Neue Länder;DN;Neue Länder;WZ08C7;WZ2008 (ausgewählte Positionen): Tarifindex;WZ08-24-01;Metallgewerbe;100,0;2020=100;VST072;Index d.tarifl. Stundenverdienste mit Sonderzahl.
62221;Vj. Index der Tarifverdienste und Arbeitszeiten;JAHR;Jahr;2020;DINSGF;Früheres Bundesgebiet / Neue Länder;DN;Neue Länder;WZ08C7;WZ2008 (ausgewählte Positionen): Tarifindex;WZ08-24-01;Metallgewerbe;100,0;2020=100;VST073;Index d.tarifl. Monatsverdienste mit Sonderzahl.
62221;Vj. Index der Tarifverdienste und Arbeitszeiten;JAHR;Jahr;2020;DINSGF;Früheres Bundesgebiet / Neue Länder;DN;Neue Länder;WZ08C7;WZ2008 (ausgewählte Positionen): Tarifindex;WZ08-24-01;Metallgewerbe;36,8;h;VST019;Durchschnittliche tarifliche Wochenarbeitszeit
62221;Vj. Index der Tarifverdienste und Arbeitszeiten;JAHR;Jahr;2020;DINSGF;Früheres Bundesgebiet / Neue Länder;DN;Neue Länder;WZ08C7;WZ2008 (ausgewählte Positionen): Tarifindex;WZ08-24-01;Metallgewerbe;100,0;2020=100;VST066;Index d.tarifl. Monatsverdienste ohne Sonderzahl.
62221;Vj. Index der Tarifverdienste und Arbeitszeiten;JAHR;Jahr;2020;DINSGF;Früheres Bundesgebiet / Neue Länder;DN;Neue Länder;WZ08C7;WZ2008 (ausgewählte Positionen): Tarifindex;WZ08-24-01;Metallgewerbe;100,0;2020=100;VST018;Index der tariflichen Wochenarbeitszeit
62221;Vj. Index der Tarifverdienste und Arbeitszeiten;JAHR;Jahr;2020;DINSGF;Früheres Bundesgebiet / Neue Länder;DN;Neue Länder;WZ08C7;WZ2008 (ausgewählte Positionen): Tarifindex;WZ08-24-01;Metallgewerbe;100,0;2020=100;VST065;Index d.tarifl. Stundenverdienste ohne Sonderzahl.
62221;Vj. Index der Tarifverdienste und Arbeitszeiten;JAHR;Jahr;2025;DINSGF;Früheres Bundesgebiet / Neue Länder;DF;Früheres Bundesgebiet;WZ08C7;WZ2008 (ausgewählte Positionen): Tarifindex;WZ08-30;Sonstiger Fahrzeugbau;113,2;2020=100;VST072;Index d.tarifl. Stundenverdienste mit Sonderzahl.
62221;Vj. Index der Tarifverdienste und Arbeitszeiten;JAHR;Jahr;2025;DINSGF;Früheres Bundesgebiet / Neue Länder;DF;Früheres Bundesgebiet;WZ08C7;WZ2008 (ausgewählte Positionen): Tarifindex;WZ08-30;Sonstiger Fahrzeugbau;113,2;2020=100;VST073;Index d.tarifl. Monatsverdienste mit Sonderzahl.
62221;Vj. Index der Tarifverdienste und Arbeitszeiten;JAHR;Jahr;2025;DINSGF;Früheres Bundesgebiet / Neue Länder;DF;Früheres Bundesgebiet;WZ08C7;WZ2008 (ausgewählte Positionen): Tarifindex;WZ08-30;Sonstiger Fahrzeugbau;35,1;h;VST019;Durchschnittliche tarifliche Wochenarbeitszeit
62221;Vj. Index der Tarifverdienste und Arbeitszeiten;JAHR;Jahr;2025;DINSGF;Früheres Bundesgebiet / Neue Länder;DF;Früheres Bundesgebiet;WZ08C7;WZ2008 (ausgewählte Positionen): Tarifindex;WZ08-30;Sonstiger Fahrzeugbau;110,4;2020=100;VST066;Index d.tarifl. Monatsverdienste ohne Sonderzahl.
62221;Vj. Index der Tarifverdienste und Arbeitszeiten;JAHR;Jahr;2025;DINSGF;Früheres Bundesgebiet / Neue Länder;DF;Früheres Bundesgebiet;WZ08C7;WZ2008 (ausgewählte Positionen): Tarifindex;WZ08-30;Sonstiger Fahrzeugbau;100,0;2020=100;VST018;Index der tariflichen Wochenarbeitszeit
62221;Vj. Index der Tarifverdienste und Arbeitszeiten;JAHR;Jahr;2025;DINSGF;Früheres Bundesgebiet / Neue Länder;DF;Früheres Bundesgebiet;WZ08C7;WZ2008 (ausgewählte Positionen): Tarifindex;WZ08-30;Sonstiger Fahrzeugbau;110,4;2020=100;VST065;Index d.tarifl. Stundenverdienste ohne Sonderzahl.
62221;Vj. Index der Tarifverdienste und Arbeitszeiten;JAHR;Jahr;2019;DINSGF;Früheres Bundesgebiet / Neue Länder;DF;Früheres Bundesgebiet;WZ08C7;WZ2008 (ausgewählte Positionen): Tarifindex;WZ08-25;Herstellung von Metallerzeugnissen;99,6;2020=100;VST072;Index d.tarifl. Stundenverdienste mit Sonderzahl.
62221;Vj. Index der Tarifverdienste und Arbeitszeiten;JAHR;Jahr;2019;DINSGF;Früheres Bundesgebiet / Neue Länder;DF;Früheres Bundesgebiet;WZ08C7;WZ2008 (ausgewählte Positionen): Tarifindex;WZ08-25;Herstellung von Metallerzeugnissen;99,6;2020=100;VST073;Index d.tarifl. Monatsverdienste mit Sonderzahl.
62221;Vj. Index der Tarifverdienste und Arbeitszeiten;JAHR;Jahr;2019;DINSGF;Früheres Bundesgebiet / Neue Länder;DF;Früheres Bundesgebiet;WZ08C7;WZ2008 (ausgewählte Positionen): Tarifindex;WZ08-25;Herstellung von Metallerzeugnissen;35,6;h;VST019;Durchschnittliche tarifliche Wochenarbeitszeit
62221;Vj. Index der Tarifverdienste und Arbeitszeiten;JAHR;Jahr;2019;DINSGF;Früheres Bundesgebiet / Neue Länder;DF;Früheres Bundesgebiet;WZ08C7;WZ2008 (ausgewählte Positionen): Tarifindex;WZ08-25;Herstellung von Metallerzeugnissen;99,6;2020=100;VST066;Index d.tarifl. Monatsverdienste ohne Sonderzahl.
62221;Vj. Index der Tarifverdienste und Arbeitszeiten;JAHR;Jahr;2019;DINSGF;Früheres Bundesgebiet / Neue Länder;DF;Früheres Bundesgebiet;WZ08C7;WZ2008 (ausgewählte Positionen): Tarifindex;WZ08-25;Herstellung von Metallerzeugnissen;100,0;2020=100;VST018;Index der tariflichen Wochenarbeitszeit
62221;Vj. Index der Tarifverdienste und Arbeitszeiten;JAHR;Jahr;2019;DINSGF;Früheres Bundesgebiet / Neue Länder;DF;Früheres Bundesgebiet;WZ08C7;WZ2008 (ausgewählte Positionen): Tarifindex;WZ08-25;Herstellung von Metallerzeugnissen;99,6;2020=100;VST065;Index d.tarifl. Stundenverdienste ohne Sonderzahl.
62221;Vj. Index der Tarifverdienste und Arbeitszeiten;JAHR;Jahr;2024;DINSGF;Früheres Bundesgebiet / Neue Länder;DN;Neue Länder;WZ08C7;WZ2008 (ausgewählte Positionen): Tarifindex;WZ08-B-11;Produzierendes Gewerbe, Handel u.A.;112,8;2020=100;VST072;Index d.tarifl. Stundenverdienste mit Sonderzahl.
62221;Vj. Index der Tarifverdienste und Arbeitszeiten;JAHR;Jahr;2024;DINSGF;Früheres Bundesgebiet / Neue Länder;DN;Neue Länder;WZ08C7;WZ2008 (ausgewählte Positionen): Tarifindex;WZ08-B-11;Produzierendes Gewerbe, Handel u.A.;112,6;2020=100;VST073;Index d.tarifl. Monatsverdienste mit Sonderzahl.
62221;Vj. Index der Tarifverdienste und Arbeitszeiten;JAHR;Jahr;2024;DINSGF;Früheres Bundesgebiet / Neue Länder;DN;Neue Länder;WZ08C7;WZ2008 (ausgewählte Positionen): Tarifindex;WZ08-B-11;Produzierendes Gewerbe, Handel u.A.;39,1;h;VST019;Durchschnittliche tarifliche Wochenarbeitszeit
62221;Vj. Index der Tarifverdienste und Arbeitszeiten;JAHR;Jahr;2024;DINSGF;Früheres Bundesgebiet / Neue Länder;DN;Neue Länder;WZ08C7;WZ2008 (ausgewählte Positionen): Tarifindex;WZ08-B-11;Produzierendes Gewerbe, Handel u.A.;110,0;2020=100;VST066;Index d.tarifl. Monatsverdienste ohne Sonderzahl.
62221;Vj. Index der Tarifverdienste und Arbeitszeiten;JAHR;Jahr;2024;DINSGF;Früheres Bundesgebiet / Neue Länder;DN;Neue Länder;WZ08C7;WZ2008 (ausgewählte Positionen): Tarifindex;WZ08-B-11;Produzierendes Gewerbe, Handel u.A.;99,9;2020=100;VST018;Index der tariflichen Wochenarbeitszeit
62221;Vj. Index der Tarifverdienste und Arbeitszeiten;JAHR;Jahr;2024;DINSGF;Früheres Bundesgebiet / Neue Länder;DN;Neue Länder;WZ08C7;WZ2008 (ausgewählte Positionen): Tarifindex;WZ08-B-11;Produzierendes Gewerbe, Handel u.A.;110,2;2020=100;VST065;Index d.tarifl. Stundenverdienste ohne Sonderzahl.
62221;Vj. Index der Tarifverdienste und Arbeitszeiten;JAHR;Jahr;2016;DINSGF;Früheres Bundesgebiet / Neue Länder;DN;Neue Länder;WZ08C7;WZ2008 (ausgewählte Positionen): Tarifindex;WZ08-15;Herstellung von Leder, Lederwaren und Schuhen;-;2020=100;VST072;Index d.tarifl. Stundenverdienste mit Sonderzahl.
62221;Vj. Index der Tarifverdienste und Arbeitszeiten;JAHR;Jahr;2016;DINSGF;Früheres Bundesgebiet / Neue Länder;DN;Neue Länder;WZ08C7;WZ2008 (ausgewählte Positionen): Tarifindex;WZ08-15;Herstellung von Leder, Lederwaren und Schuhen;-;2020=100;VST073;Index d.tarifl. Monatsverdienste mit Sonderzahl.
62221;Vj. Index der Tarifverdienste und Arbeitszeiten;JAHR;Jahr;2016;DINSGF;Früheres Bundesgebiet / Neue Länder;DN;Neue Länder;WZ08C7;WZ2008 (ausgewählte Positionen): Tarifindex;WZ08-15;Herstellung von Leder, Lederwaren und Schuhen;-;h;VST019;Durchschnittliche tarifliche Wochenarbeitszeit
62221;Vj. Index der Tarifverdienste und Arbeitszeiten;JAHR;Jahr;2016;DINSGF;Früheres Bundesgebiet / Neue Länder;DN;Neue Länder;WZ08C7;WZ2008 (ausgewählte Positionen): Tarifindex;WZ08-15;Herstellung von Leder, Lederwaren und Schuhen;-;2020=100;VST066;Index d.tarifl. Monatsverdienste ohne Sonderzahl.
62221;Vj. Index der Tarifverdienste und Arbeitszeiten;JAHR;Jahr;2016;DINSGF;Früheres Bundesgebiet / Neue Länder;DN;Neue Länder;WZ08C7;WZ2008 (ausgewählte Positionen): Tarifindex;WZ08-15;Herstellung von Leder, Lederwaren und Schuhen;-;2020=100;VST018;Index der tariflichen Wochenarbeitszeit
62221;Vj. Index der Tarifverdienste und Arbeitszeiten;JAHR;Jahr;2016;DINSGF;Früheres Bundesgebiet / Neue Länder;DN;Neue Länder;WZ08C7;WZ2008 (ausgewählte Positionen): Tarifindex;WZ08-15;Herstellung von Leder, Lederwaren und Schuhen;-;2020=100;VST065;Index d.tarifl. Stundenverdienste ohne Sonderzahl.
62221;Vj. Index der Tarifverdienste und Arbeitszeiten;JAHR;Jahr;2018;DINSGF;Früheres Bundesgebiet / Neue Länder;DF;Früheres Bundesgebiet;WZ08C7;WZ2008 (ausgewählte Positionen): Tarifindex;WZ08-84;Öff. Verwaltung, Verteidigung, Sozialversicherung;94,1;2020=100;VST072;Index d.tarifl. Stundenverdienste mit Sonderzahl.
62221;Vj. Index der Tarifverdienste und Arbeitszeiten;JAHR;Jahr;2018;DINSGF;Früheres Bundesgebiet / Neue Länder;DF;Früheres Bundesgebiet;WZ08C7;WZ2008 (ausgewählte Positionen): Tarifindex;WZ08-84;Öff. Verwaltung, Verteidigung, Sozialversicherung;94,1;2020=100;VST073;Index d.tarifl. Monatsverdienste mit Sonderzahl.
62221;Vj. Index der Tarifverdienste und Arbeitszeiten;JAHR;Jahr;2018;DINSGF;Früheres Bundesgebiet / Neue Länder;DF;Früheres Bundesgebiet;WZ08C7;WZ2008 (ausgewählte Positionen): Tarifindex;WZ08-84;Öff. Verwaltung, Verteidigung, Sozialversicherung;40,1;h;VST019;Durchschnittliche tarifliche Wochenarbeitszeit
62221;Vj. Index der Tarifverdienste und Arbeitszeiten;JAHR;Jahr;2018;DINSGF;Früheres Bundesgebiet / Neue Länder;DF;Früheres Bundesgebiet;WZ08C7;WZ2008 (ausgewählte Positionen): Tarifindex;WZ08-84;Öff. Verwaltung, Verteidigung, Sozialversicherung;93,8;2020=100;VST066;Index d.tarifl. Monatsverdienste ohne Sonderzahl.
62221;Vj. Index der Tarifverdienste und Arbeitszeiten;JAHR;Jahr;2018;DINSGF;Früheres Bundesgebiet / Neue Länder;DF;Früheres Bundesgebiet;WZ08C7;WZ2008 (ausgewählte Positionen): Tarifindex;WZ08-84;Öff. Verwaltung, Verteidigung, Sozialversicherung;100,0;2020=100;VST018;Index der tariflichen Wochenarbeitszeit
62221;Vj. Index der Tarifverdienste und Arbeitszeiten;JAHR;Jahr;2018;DINSGF;Früheres Bundesgebiet / Neue Länder;DF;Früheres Bundesgebiet;WZ08C7;WZ2008 (ausgewählte Positionen): Tarifindex;WZ08-84;Öff. Verwaltung, Verteidigung, Sozialversicherung;93,8;2020=100;VST065;Index d.tarifl. Stundenverdienste ohne Sonderzahl.
62221;Vj. Index der Tarifverdienste und Arbeitszeiten;JAHR;Jahr;2022;DINSGF;Früheres Bundesgebiet / Neue Länder;DN;Neue Länder;WZ08C7;WZ2008 (ausgewählte Positionen): Tarifindex;WZ08-35;Energieversorgung;104,6;2020=100;VST072;Index d.tarifl. Stundenverdienste mit Sonderzahl.
62221;Vj. Index der Tarifverdienste und Arbeitszeiten;JAHR;Jahr;2022;DINSGF;Früheres Bundesgebiet / Neue Länder;DN;Neue Länder;WZ08C7;WZ2008 (ausgewählte Positionen): Tarifindex;WZ08-35;Energieversorgung;104,6;2020=100;VST073;Index d.tarifl. Monatsverdienste mit Sonderzahl.
62221;Vj. Index der Tarifverdienste und Arbeitszeiten;JAHR;Jahr;2022;DINSGF;Früheres Bundesgebiet / Neue Länder;DN;Neue Länder;WZ08C7;WZ2008 (ausgewählte Positionen): Tarifindex;WZ08-35;Energieversorgung;38,1;h;VST019;Durchschnittliche tarifliche Wochenarbeitszeit
62221;Vj. Index der Tarifverdienste und Arbeitszeiten;JAHR;Jahr;2022;DINSGF;Früheres Bundesgebiet / Neue Länder;DN;Neue Länder;WZ08C7;WZ2008 (ausgewählte Positionen): Tarifindex;WZ08-35;Energieversorgung;104,0;2020=100;VST066;Index d.tarifl. Monatsverdienste ohne Sonderzahl.
62221;Vj. Index der Tarifverdienste und Arbeitszeiten;JAHR;Jahr;2022;DINSGF;Früheres Bundesgebiet / Neue Länder;DN;Neue Länder;WZ08C7;WZ2008 (ausgewählte Positionen): Tarifindex;WZ08-35;Energieversorgung;100,0;2020=100;VST018;Index der tariflichen Wochenarbeitszeit
62221;Vj. Index der Tarifverdienste und Arbeitszeiten;JAHR;Jahr;2022;DINSGF;Früheres Bundesgebiet / Neue Länder;DN;Neue Länder;WZ08C7;WZ2008 (ausgewählte Positionen): Tarifindex;WZ08-35;Energieversorgung;104,1;2020=100;VST065;Index d.tarifl. Stundenverdienste ohne Sonderzahl.
62221;Vj. Index der Tarifverdienste und Arbeitszeiten;JAHR;Jahr;2024;DINSGF;Früheres Bundesgebiet / Neue Länder;DN;Neue Länder;WZ08C7;WZ2008 (ausgewählte Positionen): Tarifindex;WZ08-B-08;Produzierendes Gewerbe und Dienstleistungsbereich;113,1;2020=100;VST072;Index d.tarifl. Stundenverdienste mit Sonderzahl.
62221;Vj. Index der Tarifverdienste und Arbeitszeiten;JAHR;Jahr;2024;DINSGF;Früheres Bundesgebiet / Neue Länder;DN;Neue Länder;WZ08C7;WZ2008 (ausgewählte Positionen): Tarifindex;WZ08-B-08;Produzierendes Gewerbe und Dienstleistungsbereich;113,0;2020=100;VST073;Index d.tarifl. Monatsverdienste mit Sonderzahl.
62221;Vj. Index der Tarifverdienste und Arbeitszeiten;JAHR;Jahr;2024;DINSGF;Früheres Bundesgebiet / Neue Länder;DN;Neue Länder;WZ08C7;WZ2008 (ausgewählte Positionen): Tarifindex;WZ08-B-08;Produzierendes Gewerbe und Dienstleistungsbereich;39,1;h;VST019;Durchschnittliche tarifliche Wochenarbeitszeit
62221;Vj. Index der Tarifverdienste und Arbeitszeiten;JAHR;Jahr;2024;DINSGF;Früheres Bundesgebiet / Neue Länder;DN;Neue Länder;WZ08C7;WZ2008 (ausgewählte Positionen): Tarifindex;WZ08-B-08;Produzierendes Gewerbe und Dienstleistungsbereich;110,5;2020=100;VST066;Index d.tarifl. Monatsverdienste ohne Sonderzahl.
62221;Vj. Index der Tarifverdienste und Arbeitszeiten;JAHR;Jahr;2024;DINSGF;Früheres Bundesgebiet / Neue Länder;DN;Neue Länder;WZ08C7;WZ2008 (ausgewählte Positionen): Tarifindex;WZ08-B-08;Produzierendes Gewerbe und Dienstleistungsbereich;99,9;2020=100;VST018;Index der tariflichen Wochenarbeitszeit
62221;Vj. Index der Tarifverdienste und Arbeitszeiten;JAHR;Jahr;2024;DINSGF;Früheres Bundesgebiet / Neue Länder;DN;Neue Länder;WZ08C7;WZ2008 (ausgewählte Positionen): Tarifindex;WZ08-B-08;Produzierendes Gewerbe und Dienstleistungsbereich;110,6;2020=100;VST065;Index d.tarifl. Stundenverdienste ohne Sonderzahl.
62221;Vj. Index der Tarifverdienste und Arbeitszeiten;JAHR;Jahr;2024;DINSGF;Früheres Bundesgebiet / Neue Länder;DN;Neue Länder;WZ08C7;WZ2008 (ausgewählte Positionen): Tarifindex;WZ08-08-01;Gewinnung v. Steinen u. Erden, sonst. Bergbau, DL;115,7;2020=100;VST072;Index d.tarifl. Stundenverdienste mit Sonderzahl.
62221;Vj. Index der Tarifverdienste und Arbeitszeiten;JAHR;Jahr;2024;DINSGF;Früheres Bundesgebiet / Neue Länder;DN;Neue Länder;WZ08C7;WZ2008 (ausgewählte Positionen): Tarifindex;WZ08-08-01;Gewinnung v. Steinen u. Erden, sonst. Bergbau, DL;115,5;2020=100;VST073;Index d.tarifl. Monatsverdienste mit Sonderzahl.
62221;Vj. Index der Tarifverdienste und Arbeitszeiten;JAHR;Jahr;2024;DINSGF;Früheres Bundesgebiet / Neue Länder;DN;Neue Länder;WZ08C7;WZ2008 (ausgewählte Positionen): Tarifindex;WZ08-08-01;Gewinnung v. Steinen u. Erden, sonst. Bergbau, DL;39,4;h;VST019;Durchschnittliche tarifliche Wochenarbeitszeit
62221;Vj. Index der Tarifverdienste und Arbeitszeiten;JAHR;Jahr;2024;DINSGF;Früheres Bundesgebiet / Neue Länder;DN;Neue Länder;WZ08C7;WZ2008 (ausgewählte Positionen): Tarifindex;WZ08-08-01;Gewinnung v. Steinen u. Erden, sonst. Bergbau, DL;113,0;2020=100;VST066;Index d.tarifl. Monatsverdienste ohne Sonderzahl.
62221;Vj. Index der Tarifverdienste und Arbeitszeiten;JAHR;Jahr;2024;DINSGF;Früheres Bundesgebiet / Neue Länder;DN;Neue Länder;WZ08C7;WZ2008 (ausgewählte Positionen): Tarifindex;WZ08-08-01;Gewinnung v. Steinen u. Erden, sonst. Bergbau, DL;99,9;2020=100;VST018;Index der tariflichen Wochenarbeitszeit
62221;Vj. Index der Tarifverdienste und Arbeitszeiten;JAHR;Jahr;2024;DINSGF;Früheres Bundesgebiet / Neue Länder;DN;Neue Länder;WZ08C7;WZ2008 (ausgewählte Positionen): Tarifindex;WZ08-08-01;Gewinnung v. Steinen u. Erden, sonst. Bergbau, DL;113,1;2020=100;VST065;Index d.tarifl. Stundenverdienste ohne Sonderzahl.
62221;Vj. Index der Tarifverdienste und Arbeitszeiten;JAHR;Jahr;2022;DINSGF;Früheres Bundesgebiet / Neue Länder;DF;Früheres Bundesgebiet;WZ08C7;WZ2008 (ausgewählte Positionen): Tarifindex;WZ08-71;Architektur-,Ing.büros,techn.,physik.Untersuchung;103,7;2020=100;VST072;Index d.tarifl. Stundenverdienste mit Sonderzahl.
62221;Vj. Index der Tarifverdienste und Arbeitszeiten;JAHR;Jahr;2022;DINSGF;Früheres Bundesgebiet / Neue Länder;DF;Früheres Bundesgebiet;WZ08C7;WZ2008 (ausgewählte Positionen): Tarifindex;WZ08-71;Architektur-,Ing.büros,techn.,physik.Untersuchung;103,7;2020=100;VST073;Index d.tarifl. Monatsverdienste mit Sonderzahl.
62221;Vj. Index der Tarifverdienste und Arbeitszeiten;JAHR;Jahr;2022;DINSGF;Früheres Bundesgebiet / Neue Länder;DF;Früheres Bundesgebiet;WZ08C7;WZ2008 (ausgewählte Positionen): Tarifindex;WZ08-71;Architektur-,Ing.büros,techn.,physik.Untersuchung;37,0;h;VST019;Durchschnittliche tarifliche Wochenarbeitszeit
62221;Vj. Index der Tarifverdienste und Arbeitszeiten;JAHR;Jahr;2022;DINSGF;Früheres Bundesgebiet / Neue Länder;DF;Früheres Bundesgebiet;WZ08C7;WZ2008 (ausgewählte Positionen): Tarifindex;WZ08-71;Architektur-,Ing.büros,techn.,physik.Untersuchung;102,9;2020=100;VST066;Index d.tarifl. Monatsverdienste ohne Sonderzahl.
62221;Vj. Index der Tarifverdienste und Arbeitszeiten;JAHR;Jahr;2022;DINSGF;Früheres Bundesgebiet / Neue Länder;DF;Früheres Bundesgebiet;WZ08C7;WZ2008 (ausgewählte Positionen): Tarifindex;WZ08-71;Architektur-,Ing.büros,techn.,physik.Untersuchung;100,0;2020=100;VST018;Index der tariflichen Wochenarbeitszeit
62221;Vj. Index der Tarifverdienste und Arbeitszeiten;JAHR;Jahr;2022;DINSGF;Früheres Bundesgebiet / Neue Länder;DF;Früheres Bundesgebiet;WZ08C7;WZ2008 (ausgewählte Positionen): Tarifindex;WZ08-71;Architektur-,Ing.büros,techn.,physik.Untersuchung;102,9;2020=100;VST065;Index d.tarifl. Stundenverdienste ohne Sonderzahl.
62221;Vj. Index der Tarifverdienste und Arbeitszeiten;JAHR;Jahr;2024;DINSGF;Früheres Bundesgebiet / Neue Länder;DF;Früheres Bundesgebiet;WZ08C7;WZ2008 (ausgewählte Positionen): Tarifindex;WZ08-H-01;Verkehr und Lagerei, Information und Kommunikation;111,9;2020=100;VST072;Index d.tarifl. Stundenverdienste mit Sonderzahl.
62221;Vj. Index der Tarifverdienste und Arbeitszeiten;JAHR;Jahr;2024;DINSGF;Früheres Bundesgebiet / Neue Länder;DF;Früheres Bundesgebiet;WZ08C7;WZ2008 (ausgewählte Positionen): Tarifindex;WZ08-H-01;Verkehr und Lagerei, Information und Kommunikation;111,8;2020=100;VST073;Index d.tarifl. Monatsverdienste mit Sonderzahl.
62221;Vj. Index der Tarifverdienste und Arbeitszeiten;JAHR;Jahr;2024;DINSGF;Früheres Bundesgebiet / Neue Länder;DF;Früheres Bundesgebiet;WZ08C7;WZ2008 (ausgewählte Positionen): Tarifindex;WZ08-H-01;Verkehr und Lagerei, Information und Kommunikation;38,6;h;VST019;Durchschnittliche tarifliche Wochenarbeitszeit
62221;Vj. Index der Tarifverdienste und Arbeitszeiten;JAHR;Jahr;2024;DINSGF;Früheres Bundesgebiet / Neue Länder;DF;Früheres Bundesgebiet;WZ08C7;WZ2008 (ausgewählte Positionen): Tarifindex;WZ08-H-01;Verkehr und Lagerei, Information und Kommunikation;110,5;2020=100;VST066;Index d.tarifl. Monatsverdienste ohne Sonderzahl.
62221;Vj. Index der Tarifverdienste und Arbeitszeiten;JAHR;Jahr;2024;DINSGF;Früheres Bundesgebiet / Neue Länder;DF;Früheres Bundesgebiet;WZ08C7;WZ2008 (ausgewählte Positionen): Tarifindex;WZ08-H-01;Verkehr und Lagerei, Information und Kommunikation;99,9;2020=100;VST018;Index der tariflichen Wochenarbeitszeit
62221;Vj. Index der Tarifverdienste und Arbeitszeiten;JAHR;Jahr;2024;DINSGF;Früheres Bundesgebiet / Neue Länder;DF;Früheres Bundesgebiet;WZ08C7;WZ2008 (ausgewählte Positionen): Tarifindex;WZ08-H-01;Verkehr und Lagerei, Information und Kommunikation;110,6;2020=100;VST065;Index d.tarifl. Stundenverdienste ohne Sonderzahl.
62221;Vj. Index der Tarifverdienste und Arbeitszeiten;JAHR;Jahr;2024;DINSGF;Früheres Bundesgebiet / Neue Länder;DF;Früheres Bundesgebiet;WZ08C7;WZ2008 (ausgewählte Positionen): Tarifindex;WZ08-B-13;Prod. Gewerbe, Handel, Information u.Kommunikation;112,8;2020=100;VST072;Index d.tarifl. Stundenverdienste mit Sonderzahl.
62221;Vj. Index der Tarifverdienste und Arbeitszeiten;JAHR;Jahr;2024;DINSGF;Früheres Bundesgebiet / Neue Länder;DF;Früheres Bundesgebiet;WZ08C7;WZ2008 (ausgewählte Positionen): Tarifindex;WZ08-B-13;Prod. Gewerbe, Handel, Information u.Kommunikation;112,8;2020=100;VST073;Index d.tarifl. Monatsverdienste mit Sonderzahl.
62221;Vj. Index der Tarifverdienste und Arbeitszeiten;JAHR;Jahr;2024;DINSGF;Früheres Bundesgebiet / Neue Länder;DF;Früheres Bundesgebiet;WZ08C7;WZ2008 (ausgewählte Positionen): Tarifindex;WZ08-B-13;Prod. Gewerbe, Handel, Information u.Kommunikation;36,9;h;VST019;Durchschnittliche tarifliche Wochenarbeitszeit
62221;Vj. Index der Tarifverdienste und Arbeitszeiten;JAHR;Jahr;2024;DINSGF;Früheres Bundesgebiet / Neue Länder;DF;Früheres Bundesgebiet;WZ08C7;WZ2008 (ausgewählte Positionen): Tarifindex;WZ08-B-13;Prod. Gewerbe, Handel, Information u.Kommunikation;109,3;2020=100;VST066;Index d.tarifl. Monatsverdienste ohne Sonderzahl.
62221;Vj. Index der Tarifverdienste und Arbeitszeiten;JAHR;Jahr;2024;DINSGF;Früheres Bundesgebiet / Neue Länder;DF;Früheres Bundesgebiet;WZ08C7;WZ2008 (ausgewählte Positionen): Tarifindex;WZ08-B-13;Prod. Gewerbe, Handel, Information u.Kommunikation;100,0;2020=100;VST018;Index der tariflichen Wochenarbeitszeit
62221;Vj. Index der Tarifverdienste und Arbeitszeiten;JAHR;Jahr;2024;DINSGF;Früheres Bundesgebiet / Neue Länder;DF;Früheres Bundesgebiet;WZ08C7;WZ2008 (ausgewählte Positionen): Tarifindex;WZ08-B-13;Prod. Gewerbe, Handel, Information u.Kommunikation;109,3;2020=100;VST065;Index d.tarifl. Stundenverdienste ohne Sonderzahl.
62221;Vj. Index der Tarifverdienste und Arbeitszeiten;JAHR;Jahr;2022;DINSGF;Früheres Bundesgebiet / Neue Länder;DF;Früheres Bundesgebiet;WZ08C7;WZ2008 (ausgewählte Positionen): Tarifindex;WZ08-86;Gesundheitswesen;104,8;2020=100;VST072;Index d.tarifl. Stundenverdienste mit Sonderzahl.
62221;Vj. Index der Tarifverdienste und Arbeitszeiten;JAHR;Jahr;2022;DINSGF;Früheres Bundesgebiet / Neue Länder;DF;Früheres Bundesgebiet;WZ08C7;WZ2008 (ausgewählte Positionen): Tarifindex;WZ08-86;Gesundheitswesen;104,8;2020=100;VST073;Index d.tarifl. Monatsverdienste mit Sonderzahl.
62221;Vj. Index der Tarifverdienste und Arbeitszeiten;JAHR;Jahr;2022;DINSGF;Früheres Bundesgebiet / Neue Länder;DF;Früheres Bundesgebiet;WZ08C7;WZ2008 (ausgewählte Positionen): Tarifindex;WZ08-86;Gesundheitswesen;39,2;h;VST019;Durchschnittliche tarifliche Wochenarbeitszeit
62221;Vj. Index der Tarifverdienste und Arbeitszeiten;JAHR;Jahr;2022;DINSGF;Früheres Bundesgebiet / Neue Länder;DF;Früheres Bundesgebiet;WZ08C7;WZ2008 (ausgewählte Positionen): Tarifindex;WZ08-86;Gesundheitswesen;104,1;2020=100;VST066;Index d.tarifl. Monatsverdienste ohne Sonderzahl.
62221;Vj. Index der Tarifverdienste und Arbeitszeiten;JAHR;Jahr;2022;DINSGF;Früheres Bundesgebiet / Neue Länder;DF;Früheres Bundesgebiet;WZ08C7;WZ2008 (ausgewählte Positionen): Tarifindex;WZ08-86;Gesundheitswesen;100,0;2020=100;VST018;Index der tariflichen Wochenarbeitszeit
62221;Vj. Index der Tarifverdienste und Arbeitszeiten;JAHR;Jahr;2022;DINSGF;Früheres Bundesgebiet / Neue Länder;DF;Früheres Bundesgebiet;WZ08C7;WZ2008 (ausgewählte Positionen): Tarifindex;WZ08-86;Gesundheitswesen;104,1;2020=100;VST065;Index d.tarifl. Stundenverdienste ohne Sonderzahl.
62221;Vj. Index der Tarifverdienste und Arbeitszeiten;JAHR;Jahr;2019;DINSGF;Früheres Bundesgebiet / Neue Länder;DN;Neue Länder;WZ08C7;WZ2008 (ausgewählte Positionen): Tarifindex;WZ08-13;Herstellung von Textilien;97,0;2020=100;VST072;Index d.tarifl. Stundenverdienste mit Sonderzahl.
62221;Vj. Index der Tarifverdienste und Arbeitszeiten;JAHR;Jahr;2019;DINSGF;Früheres Bundesgebiet / Neue Länder;DN;Neue Länder;WZ08C7;WZ2008 (ausgewählte Positionen): Tarifindex;WZ08-13;Herstellung von Textilien;98,2;2020=100;VST073;Index d.tarifl. Monatsverdienste mit Sonderzahl.
62221;Vj. Index der Tarifverdienste und Arbeitszeiten;JAHR;Jahr;2019;DINSGF;Früheres Bundesgebiet / Neue Länder;DN;Neue Länder;WZ08C7;WZ2008 (ausgewählte Positionen): Tarifindex;WZ08-13;Herstellung von Textilien;39,8;h;VST019;Durchschnittliche tarifliche Wochenarbeitszeit
62221;Vj. Index der Tarifverdienste und Arbeitszeiten;JAHR;Jahr;2019;DINSGF;Früheres Bundesgebiet / Neue Länder;DN;Neue Länder;WZ08C7;WZ2008 (ausgewählte Positionen): Tarifindex;WZ08-13;Herstellung von Textilien;98,3;2020=100;VST066;Index d.tarifl. Monatsverdienste ohne Sonderzahl.
62221;Vj. Index der Tarifverdienste und Arbeitszeiten;JAHR;Jahr;2019;DINSGF;Früheres Bundesgebiet / Neue Länder;DN;Neue Länder;WZ08C7;WZ2008 (ausgewählte Positionen): Tarifindex;WZ08-13;Herstellung von Textilien;101,2;2020=100;VST018;Index der tariflichen Wochenarbeitszeit
62221;Vj. Index der Tarifverdienste und Arbeitszeiten;JAHR;Jahr;2019;DINSGF;Früheres Bundesgebiet / Neue Länder;DN;Neue Länder;WZ08C7;WZ2008 (ausgewählte Positionen): Tarifindex;WZ08-13;Herstellung von Textilien;97,1;2020=100;VST065;Index d.tarifl. Stundenverdienste ohne Sonderzahl.
62221;Vj. Index der Tarifverdienste und Arbeitszeiten;JAHR;Jahr;2019;DINSGF;Früheres Bundesgebiet / Neue Länder;DN;Neue Länder;WZ08C7;WZ2008 (ausgewählte Positionen): Tarifindex;WZ08-10;Herstellung von Nahrungs- und Futtermitteln;97,7;2020=100;VST072;Index d.tarifl. Stundenverdienste mit Sonderzahl.
62221;Vj. Index der Tarifverdienste und Arbeitszeiten;JAHR;Jahr;2019;DINSGF;Früheres Bundesgebiet / Neue Länder;DN;Neue Länder;WZ08C7;WZ2008 (ausgewählte Positionen): Tarifindex;WZ08-10;Herstellung von Nahrungs- und Futtermitteln;97,7;2020=100;VST073;Index d.tarifl. Monatsverdienste mit Sonderzahl.
62221;Vj. Index der Tarifverdienste und Arbeitszeiten;JAHR;Jahr;2019;DINSGF;Früheres Bundesgebiet / Neue Länder;DN;Neue Länder;WZ08C7;WZ2008 (ausgewählte Positionen): Tarifindex;WZ08-10;Herstellung von Nahrungs- und Futtermitteln;38,7;h;VST019;Durchschnittliche tarifliche Wochenarbeitszeit
62221;Vj. Index der Tarifverdienste und Arbeitszeiten;JAHR;Jahr;2019;DINSGF;Früheres Bundesgebiet / Neue Länder;DN;Neue Länder;WZ08C7;WZ2008 (ausgewählte Positionen): Tarifindex;WZ08-10;Herstellung von Nahrungs- und Futtermitteln;98,0;2020=100;VST066;Index d.tarifl. Monatsverdienste ohne Sonderzahl.
62221;Vj. Index der Tarifverdienste und Arbeitszeiten;JAHR;Jahr;2019;DINSGF;Früheres Bundesgebiet / Neue Länder;DN;Neue Länder;WZ08C7;WZ2008 (ausgewählte Positionen): Tarifindex;WZ08-10;Herstellung von Nahrungs- und Futtermitteln;100,0;2020=100;VST018;Index der tariflichen Wochenarbeitszeit
62221;Vj. Index der Tarifverdienste und Arbeitszeiten;JAHR;Jahr;2019;DINSGF;Früheres Bundesgebiet / Neue Länder;DN;Neue Länder;WZ08C7;WZ2008 (ausgewählte Positionen): Tarifindex;WZ08-10;Herstellung von Nahrungs- und Futtermitteln;98,0;2020=100;VST065;Index d.tarifl. Stundenverdienste ohne Sonderzahl.
62221;Vj. Index der Tarifverdienste und Arbeitszeiten;JAHR;Jahr;2023;DINSGF;Früheres Bundesgebiet / Neue Länder;DN;Neue Länder;WZ08C7;WZ2008 (ausgewählte Positionen): Tarifindex;WZ08-73;Werbung und Marktforschung;-;2020=100;VST072;Index d.tarifl. Stundenverdienste mit Sonderzahl.
62221;Vj. Index der Tarifverdienste und Arbeitszeiten;JAHR;Jahr;2023;DINSGF;Früheres Bundesgebiet / Neue Länder;DN;Neue Länder;WZ08C7;WZ2008 (ausgewählte Positionen): Tarifindex;WZ08-73;Werbung und Marktforschung;-;2020=100;VST073;Index d.tarifl. Monatsverdienste mit Sonderzahl.
62221;Vj. Index der Tarifverdienste und Arbeitszeiten;JAHR;Jahr;2023;DINSGF;Früheres Bundesgebiet / Neue Länder;DN;Neue Länder;WZ08C7;WZ2008 (ausgewählte Positionen): Tarifindex;WZ08-73;Werbung und Marktforschung;-;h;VST019;Durchschnittliche tarifliche Wochenarbeitszeit
62221;Vj. Index der Tarifverdienste und Arbeitszeiten;JAHR;Jahr;2023;DINSGF;Früheres Bundesgebiet / Neue Länder;DN;Neue Länder;WZ08C7;WZ2008 (ausgewählte Positionen): Tarifindex;WZ08-73;Werbung und Marktforschung;-;2020=100;VST066;Index d.tarifl. Monatsverdienste ohne Sonderzahl.
62221;Vj. Index der Tarifverdienste und Arbeitszeiten;JAHR;Jahr;2023;DINSGF;Früheres Bundesgebiet / Neue Länder;DN;Neue Länder;WZ08C7;WZ2008 (ausgewählte Positionen): Tarifindex;WZ08-73;Werbung und Marktforschung;-;2020=100;VST018;Index der tariflichen Wochenarbeitszeit
62221;Vj. Index der Tarifverdienste und Arbeitszeiten;JAHR;Jahr;2023;DINSGF;Früheres Bundesgebiet / Neue Länder;DN;Neue Länder;WZ08C7;WZ2008 (ausgewählte Positionen): Tarifindex;WZ08-73;Werbung und Marktforschung;-;2020=100;VST065;Index d.tarifl. Stundenverdienste ohne Sonderzahl.
62221;Vj. Index der Tarifverdienste und Arbeitszeiten;JAHR;Jahr;2022;DINSGF;Früheres Bundesgebiet / Neue Länder;DF;Früheres Bundesgebiet;WZ08C7;WZ2008 (ausgewählte Positionen): Tarifindex;WZ08-50;Schifffahrt;101,9;2020=100;VST072;Index d.tarifl. Stundenverdienste mit Sonderzahl.
62221;Vj. Index der Tarifverdienste und Arbeitszeiten;JAHR;Jahr;2022;DINSGF;Früheres Bundesgebiet / Neue Länder;DF;Früheres Bundesgebiet;WZ08C7;WZ2008 (ausgewählte Positionen): Tarifindex;WZ08-50;Schifffahrt;101,9;2020=100;VST073;Index d.tarifl. Monatsverdienste mit Sonderzahl.
62221;Vj. Index der Tarifverdienste und Arbeitszeiten;JAHR;Jahr;2022;DINSGF;Früheres Bundesgebiet / Neue Länder;DF;Früheres Bundesgebiet;WZ08C7;WZ2008 (ausgewählte Positionen): Tarifindex;WZ08-50;Schifffahrt;39,5;h;VST019;Durchschnittliche tarifliche Wochenarbeitszeit
62221;Vj. Index der Tarifverdienste und Arbeitszeiten;JAHR;Jahr;2022;DINSGF;Früheres Bundesgebiet / Neue Länder;DF;Früheres Bundesgebiet;WZ08C7;WZ2008 (ausgewählte Positionen): Tarifindex;WZ08-50;Schifffahrt;101,9;2020=100;VST066;Index d.tarifl. Monatsverdienste ohne Sonderzahl.
62221;Vj. Index der Tarifverdienste und Arbeitszeiten;JAHR;Jahr;2022;DINSGF;Früheres Bundesgebiet / Neue Länder;DF;Früheres Bundesgebiet;WZ08C7;WZ2008 (ausgewählte Positionen): Tarifindex;WZ08-50;Schifffahrt;100,0;2020=100;VST018;Index der tariflichen Wochenarbeitszeit
62221;Vj. Index der Tarifverdienste und Arbeitszeiten;JAHR;Jahr;2022;DINSGF;Früheres Bundesgebiet / Neue Länder;DF;Früheres Bundesgebiet;WZ08C7;WZ2008 (ausgewählte Positionen): Tarifindex;WZ08-50;Schifffahrt;101,9;2020=100;VST065;Index d.tarifl. Stundenverdienste ohne Sonderzahl.
62221;Vj. Index der Tarifverdienste und Arbeitszeiten;JAHR;Jahr;2020;DINSGF;Früheres Bundesgebiet / Neue Länder;DN;Neue Länder;WZ08C7;WZ2008 (ausgewählte Positionen): Tarifindex;WZ08-13-01;Textil- und Bekleidungsgewerbe;100,0;2020=100;VST072;Index d.tarifl. Stundenverdienste mit Sonderzahl.
62221;Vj. Index der Tarifverdienste und Arbeitszeiten;JAHR;Jahr;2020;DINSGF;Früheres Bundesgebiet / Neue Länder;DN;Neue Länder;WZ08C7;WZ2008 (ausgewählte Positionen): Tarifindex;WZ08-13-01;Textil- und Bekleidungsgewerbe;100,0;2020=100;VST073;Index d.tarifl. Monatsverdienste mit Sonderzahl.
62221;Vj. Index der Tarifverdienste und Arbeitszeiten;JAHR;Jahr;2020;DINSGF;Früheres Bundesgebiet / Neue Länder;DN;Neue Länder;WZ08C7;WZ2008 (ausgewählte Positionen): Tarifindex;WZ08-13-01;Textil- und Bekleidungsgewerbe;39,5;h;VST019;Durchschnittliche tarifliche Wochenarbeitszeit
62221;Vj. Index der Tarifverdienste und Arbeitszeiten;JAHR;Jahr;2020;DINSGF;Früheres Bundesgebiet / Neue Länder;DN;Neue Länder;WZ08C7;WZ2008 (ausgewählte Positionen): Tarifindex;WZ08-13-01;Textil- und Bekleidungsgewerbe;100,0;2020=100;VST066;Index d.tarifl. Monatsverdienste ohne Sonderzahl.
62221;Vj. Index der Tarifverdienste und Arbeitszeiten;JAHR;Jahr;2020;DINSGF;Früheres Bundesgebiet / Neue Länder;DN;Neue Länder;WZ08C7;WZ2008 (ausgewählte Positionen): Tarifindex;WZ08-13-01;Textil- und Bekleidungsgewerbe;100,0;2020=100;VST018;Index der tariflichen Wochenarbeitszeit
62221;Vj. Index der Tarifverdienste und Arbeitszeiten;JAHR;Jahr;2020;DINSGF;Früheres Bundesgebiet / Neue Länder;DN;Neue Länder;WZ08C7;WZ2008 (ausgewählte Positionen): Tarifindex;WZ08-13-01;Textil- und Bekleidungsgewerbe;100,0;2020=100;VST065;Index d.tarifl. Stundenverdienste ohne Sonderzahl.
62221;Vj. Index der Tarifverdienste und Arbeitszeiten;JAHR;Jahr;2022;DINSGF;Früheres Bundesgebiet / Neue Länder;DF;Früheres Bundesgebiet;WZ08C7;WZ2008 (ausgewählte Positionen): Tarifindex;WZ08-68;Grundstücks- und Wohnungswesen;103,8;2020=100;VST072;Index d.tarifl. Stundenverdienste mit Sonderzahl.
62221;Vj. Index der Tarifverdienste und Arbeitszeiten;JAHR;Jahr;2022;DINSGF;Früheres Bundesgebiet / Neue Länder;DF;Früheres Bundesgebiet;WZ08C7;WZ2008 (ausgewählte Positionen): Tarifindex;WZ08-68;Grundstücks- und Wohnungswesen;103,8;2020=100;VST073;Index d.tarifl. Monatsverdienste mit Sonderzahl.
62221;Vj. Index der Tarifverdienste und Arbeitszeiten;JAHR;Jahr;2022;DINSGF;Früheres Bundesgebiet / Neue Länder;DF;Früheres Bundesgebiet;WZ08C7;WZ2008 (ausgewählte Positionen): Tarifindex;WZ08-68;Grundstücks- und Wohnungswesen;38,1;h;VST019;Durchschnittliche tarifliche Wochenarbeitszeit
62221;Vj. Index der Tarifverdienste und Arbeitszeiten;JAHR;Jahr;2022;DINSGF;Früheres Bundesgebiet / Neue Länder;DF;Früheres Bundesgebiet;WZ08C7;WZ2008 (ausgewählte Positionen): Tarifindex;WZ08-68;Grundstücks- und Wohnungswesen;103,9;2020=100;VST066;Index d.tarifl. Monatsverdienste ohne Sonderzahl.
62221;Vj. Index der Tarifverdienste und Arbeitszeiten;JAHR;Jahr;2022;DINSGF;Früheres Bundesgebiet / Neue Länder;DF;Früheres Bundesgebiet;WZ08C7;WZ2008 (ausgewählte Positionen): Tarifindex;WZ08-68;Grundstücks- und Wohnungswesen;100,0;2020=100;VST018;Index der tariflichen Wochenarbeitszeit
62221;Vj. Index der Tarifverdienste und Arbeitszeiten;JAHR;Jahr;2022;DINSGF;Früheres Bundesgebiet / Neue Länder;DF;Früheres Bundesgebiet;WZ08C7;WZ2008 (ausgewählte Positionen): Tarifindex;WZ08-68;Grundstücks- und Wohnungswesen;103,9;2020=100;VST065;Index d.tarifl. Stundenverdienste ohne Sonderzahl.
62221;Vj. Index der Tarifverdienste und Arbeitszeiten;JAHR;Jahr;2022;DINSGF;Früheres Bundesgebiet / Neue Länder;DF;Früheres Bundesgebiet;WZ08C7;WZ2008 (ausgewählte Positionen): Tarifindex;WZ08-53;Post-, Kurier- und Expressdienste;104,0;2020=100;VST072;Index d.tarifl. Stundenverdienste mit Sonderzahl.
62221;Vj. Index der Tarifverdienste und Arbeitszeiten;JAHR;Jahr;2022;DINSGF;Früheres Bundesgebiet / Neue Länder;DF;Früheres Bundesgebiet;WZ08C7;WZ2008 (ausgewählte Positionen): Tarifindex;WZ08-53;Post-, Kurier- und Expressdienste;104,0;2020=100;VST073;Index d.tarifl. Monatsverdienste mit Sonderzahl.
62221;Vj. Index der Tarifverdienste und Arbeitszeiten;JAHR;Jahr;2022;DINSGF;Früheres Bundesgebiet / Neue Länder;DF;Früheres Bundesgebiet;WZ08C7;WZ2008 (ausgewählte Positionen): Tarifindex;WZ08-53;Post-, Kurier- und Expressdienste;39,1;h;VST019;Durchschnittliche tarifliche Wochenarbeitszeit
62221;Vj. Index der Tarifverdienste und Arbeitszeiten;JAHR;Jahr;2022;DINSGF;Früheres Bundesgebiet / Neue Länder;DF;Früheres Bundesgebiet;WZ08C7;WZ2008 (ausgewählte Positionen): Tarifindex;WZ08-53;Post-, Kurier- und Expressdienste;104,6;2020=100;VST066;Index d.tarifl. Monatsverdienste ohne Sonderzahl.
62221;Vj. Index der Tarifverdienste und Arbeitszeiten;JAHR;Jahr;2022;DINSGF;Früheres Bundesgebiet / Neue Länder;DF;Früheres Bundesgebiet;WZ08C7;WZ2008 (ausgewählte Positionen): Tarifindex;WZ08-53;Post-, Kurier- und Expressdienste;100,0;2020=100;VST018;Index der tariflichen Wochenarbeitszeit
62221;Vj. Index der Tarifverdienste und Arbeitszeiten;JAHR;Jahr;2022;DINSGF;Früheres Bundesgebiet / Neue Länder;DF;Früheres Bundesgebiet;WZ08C7;WZ2008 (ausgewählte Positionen): Tarifindex;WZ08-53;Post-, Kurier- und Expressdienste;104,6;2020=100;VST065;Index d.tarifl. Stundenverdienste ohne Sonderzahl.
62221;Vj. Index der Tarifverdienste und Arbeitszeiten;JAHR;Jahr;2025;DINSGF;Früheres Bundesgebiet / Neue Länder;DF;Früheres Bundesgebiet;WZ08C7;WZ2008 (ausgewählte Positionen): Tarifindex;WZ08-A-03;Gesamtwirtschaft;115,3;2020=100;VST072;Index d.tarifl. Stundenverdienste mit Sonderzahl.
62221;Vj. Index der Tarifverdienste und Arbeitszeiten;JAHR;Jahr;2025;DINSGF;Früheres Bundesgebiet / Neue Länder;DF;Früheres Bundesgebiet;WZ08C7;WZ2008 (ausgewählte Positionen): Tarifindex;WZ08-A-03;Gesamtwirtschaft;115,2;2020=100;VST073;Index d.tarifl. Monatsverdienste mit Sonderzahl.
62221;Vj. Index der Tarifverdienste und Arbeitszeiten;JAHR;Jahr;2025;DINSGF;Früheres Bundesgebiet / Neue Länder;DF;Früheres Bundesgebiet;WZ08C7;WZ2008 (ausgewählte Positionen): Tarifindex;WZ08-A-03;Gesamtwirtschaft;38,5;h;VST019;Durchschnittliche tarifliche Wochenarbeitszeit
62221;Vj. Index der Tarifverdienste und Arbeitszeiten;JAHR;Jahr;2025;DINSGF;Früheres Bundesgebiet / Neue Länder;DF;Früheres Bundesgebiet;WZ08C7;WZ2008 (ausgewählte Positionen): Tarifindex;WZ08-A-03;Gesamtwirtschaft;114,9;2020=100;VST066;Index d.tarifl. Monatsverdienste ohne Sonderzahl.
62221;Vj. Index der Tarifverdienste und Arbeitszeiten;JAHR;Jahr;2025;DINSGF;Früheres Bundesgebiet / Neue Länder;DF;Früheres Bundesgebiet;WZ08C7;WZ2008 (ausgewählte Positionen): Tarifindex;WZ08-A-03;Gesamtwirtschaft;99,8;2020=100;VST018;Index der tariflichen Wochenarbeitszeit
62221;Vj. Index der Tarifverdienste und Arbeitszeiten;JAHR;Jahr;2025;DINSGF;Früheres Bundesgebiet / Neue Länder;DF;Früheres Bundesgebiet;WZ08C7;WZ2008 (ausgewählte Positionen): Tarifindex;WZ08-A-03;Gesamtwirtschaft;114,9;2020=100;VST065;Index d.tarifl. Stundenverdienste ohne Sonderzahl.
62221;Vj. Index der Tarifverdienste und Arbeitszeiten;JAHR;Jahr;2025;DINSGF;Früheres Bundesgebiet / Neue Länder;DF;Früheres Bundesgebiet;WZ08C7;WZ2008 (ausgewählte Positionen): Tarifindex;WZ08-G-03;Wirtschaftliche Dienstleistungen;117,4;2020=100;VST072;Index d.tarifl. Stundenverdienste mit Sonderzahl.
62221;Vj. Index der Tarifverdienste und Arbeitszeiten;JAHR;Jahr;2025;DINSGF;Früheres Bundesgebiet / Neue Länder;DF;Früheres Bundesgebiet;WZ08C7;WZ2008 (ausgewählte Positionen): Tarifindex;WZ08-G-03;Wirtschaftliche Dienstleistungen;117,3;2020=100;VST073;Index d.tarifl. Monatsverdienste mit Sonderzahl.
62221;Vj. Index der Tarifverdienste und Arbeitszeiten;JAHR;Jahr;2025;DINSGF;Früheres Bundesgebiet / Neue Länder;DF;Früheres Bundesgebiet;WZ08C7;WZ2008 (ausgewählte Positionen): Tarifindex;WZ08-G-03;Wirtschaftliche Dienstleistungen;38,1;h;VST019;Durchschnittliche tarifliche Wochenarbeitszeit
62221;Vj. Index der Tarifverdienste und Arbeitszeiten;JAHR;Jahr;2025;DINSGF;Früheres Bundesgebiet / Neue Länder;DF;Früheres Bundesgebiet;WZ08C7;WZ2008 (ausgewählte Positionen): Tarifindex;WZ08-G-03;Wirtschaftliche Dienstleistungen;117,2;2020=100;VST066;Index d.tarifl. Monatsverdienste ohne Sonderzahl.
62221;Vj. Index der Tarifverdienste und Arbeitszeiten;JAHR;Jahr;2025;DINSGF;Früheres Bundesgebiet / Neue Länder;DF;Früheres Bundesgebiet;WZ08C7;WZ2008 (ausgewählte Positionen): Tarifindex;WZ08-G-03;Wirtschaftliche Dienstleistungen;99,9;2020=100;VST018;Index der tariflichen Wochenarbeitszeit
62221;Vj. Index der Tarifverdienste und Arbeitszeiten;JAHR;Jahr;2025;DINSGF;Früheres Bundesgebiet / Neue Länder;DF;Früheres Bundesgebiet;WZ08C7;WZ2008 (ausgewählte Positionen): Tarifindex;WZ08-G-03;Wirtschaftliche Dienstleistungen;117,4;2020=100;VST065;Index d.tarifl. Stundenverdienste ohne Sonderzahl.
62221;Vj. Index der Tarifverdienste und Arbeitszeiten;JAHR;Jahr;2022;DINSGF;Früheres Bundesgebiet / Neue Länder;DF;Früheres Bundesgebiet;WZ08C7;WZ2008 (ausgewählte Positionen): Tarifindex;WZ08-65;Versicherungen, Rückversicherungen, Pensionskassen;104,6;2020=100;VST072;Index d.tarifl. Stundenverdienste mit Sonderzahl.
62221;Vj. Index der Tarifverdienste und Arbeitszeiten;JAHR;Jahr;2022;DINSGF;Früheres Bundesgebiet / Neue Länder;DF;Früheres Bundesgebiet;WZ08C7;WZ2008 (ausgewählte Positionen): Tarifindex;WZ08-65;Versicherungen, Rückversicherungen, Pensionskassen;104,6;2020=100;VST073;Index d.tarifl. Monatsverdienste mit Sonderzahl.
62221;Vj. Index der Tarifverdienste und Arbeitszeiten;JAHR;Jahr;2022;DINSGF;Früheres Bundesgebiet / Neue Länder;DF;Früheres Bundesgebiet;WZ08C7;WZ2008 (ausgewählte Positionen): Tarifindex;WZ08-65;Versicherungen, Rückversicherungen, Pensionskassen;38,0;h;VST019;Durchschnittliche tarifliche Wochenarbeitszeit
62221;Vj. Index der Tarifverdienste und Arbeitszeiten;JAHR;Jahr;2022;DINSGF;Früheres Bundesgebiet / Neue Länder;DF;Früheres Bundesgebiet;WZ08C7;WZ2008 (ausgewählte Positionen): Tarifindex;WZ08-65;Versicherungen, Rückversicherungen, Pensionskassen;103,6;2020=100;VST066;Index d.tarifl. Monatsverdienste ohne Sonderzahl.
62221;Vj. Index der Tarifverdienste und Arbeitszeiten;JAHR;Jahr;2022;DINSGF;Früheres Bundesgebiet / Neue Länder;DF;Früheres Bundesgebiet;WZ08C7;WZ2008 (ausgewählte Positionen): Tarifindex;WZ08-65;Versicherungen, Rückversicherungen, Pensionskassen;100,0;2020=100;VST018;Index der tariflichen Wochenarbeitszeit
62221;Vj. Index der Tarifverdienste und Arbeitszeiten;JAHR;Jahr;2022;DINSGF;Früheres Bundesgebiet / Neue Länder;DF;Früheres Bundesgebiet;WZ08C7;WZ2008 (ausgewählte Positionen): Tarifindex;WZ08-65;Versicherungen, Rückversicherungen, Pensionskassen;103,6;2020=100;VST065;Index d.tarifl. Stundenverdienste ohne Sonderzahl.
62221;Vj. Index der Tarifverdienste und Arbeitszeiten;JAHR;Jahr;2025;DINSGF;Früheres Bundesgebiet / Neue Länder;DF;Früheres Bundesgebiet;WZ08C7;WZ2008 (ausgewählte Positionen): Tarifindex;WZ08-60;Rundfunkveranstalter;108,9;2020=100;VST072;Index d.tarifl. Stundenverdienste mit Sonderzahl.
62221;Vj. Index der Tarifverdienste und Arbeitszeiten;JAHR;Jahr;2025;DINSGF;Früheres Bundesgebiet / Neue Länder;DF;Früheres Bundesgebiet;WZ08C7;WZ2008 (ausgewählte Positionen): Tarifindex;WZ08-60;Rundfunkveranstalter;108,9;2020=100;VST073;Index d.tarifl. Monatsverdienste mit Sonderzahl.
62221;Vj. Index der Tarifverdienste und Arbeitszeiten;JAHR;Jahr;2025;DINSGF;Früheres Bundesgebiet / Neue Länder;DF;Früheres Bundesgebiet;WZ08C7;WZ2008 (ausgewählte Positionen): Tarifindex;WZ08-60;Rundfunkveranstalter;38,6;h;VST019;Durchschnittliche tarifliche Wochenarbeitszeit
62221;Vj. Index der Tarifverdienste und Arbeitszeiten;JAHR;Jahr;2025;DINSGF;Früheres Bundesgebiet / Neue Länder;DF;Früheres Bundesgebiet;WZ08C7;WZ2008 (ausgewählte Positionen): Tarifindex;WZ08-60;Rundfunkveranstalter;109,1;2020=100;VST066;Index d.tarifl. Monatsverdienste ohne Sonderzahl.
62221;Vj. Index der Tarifverdienste und Arbeitszeiten;JAHR;Jahr;2025;DINSGF;Früheres Bundesgebiet / Neue Länder;DF;Früheres Bundesgebiet;WZ08C7;WZ2008 (ausgewählte Positionen): Tarifindex;WZ08-60;Rundfunkveranstalter;100,0;2020=100;VST018;Index der tariflichen Wochenarbeitszeit
62221;Vj. Index der Tarifverdienste und Arbeitszeiten;JAHR;Jahr;2025;DINSGF;Früheres Bundesgebiet / Neue Länder;DF;Früheres Bundesgebiet;WZ08C7;WZ2008 (ausgewählte Positionen): Tarifindex;WZ08-60;Rundfunkveranstalter;109,1;2020=100;VST065;Index d.tarifl. Stundenverdienste ohne Sonderzahl.
62221;Vj. Index der Tarifverdienste und Arbeitszeiten;JAHR;Jahr;2020;DINSGF;Früheres Bundesgebiet / Neue Länder;DF;Früheres Bundesgebiet;WZ08C7;WZ2008 (ausgewählte Positionen): Tarifindex;WZ08-O-01;Öffentliche und persönliche Dienstleistungen;100,0;2020=100;VST072;Index d.tarifl. Stundenverdienste mit Sonderzahl.
62221;Vj. Index der Tarifverdienste und Arbeitszeiten;JAHR;Jahr;2020;DINSGF;Früheres Bundesgebiet / Neue Länder;DF;Früheres Bundesgebiet;WZ08C7;WZ2008 (ausgewählte Positionen): Tarifindex;WZ08-O-01;Öffentliche und persönliche Dienstleistungen;100,0;2020=100;VST073;Index d.tarifl. Monatsverdienste mit Sonderzahl.
62221;Vj. Index der Tarifverdienste und Arbeitszeiten;JAHR;Jahr;2020;DINSGF;Früheres Bundesgebiet / Neue Länder;DF;Früheres Bundesgebiet;WZ08C7;WZ2008 (ausgewählte Positionen): Tarifindex;WZ08-O-01;Öffentliche und persönliche Dienstleistungen;39,8;h;VST019;Durchschnittliche tarifliche Wochenarbeitszeit
62221;Vj. Index der Tarifverdienste und Arbeitszeiten;JAHR;Jahr;2020;DINSGF;Früheres Bundesgebiet / Neue Länder;DF;Früheres Bundesgebiet;WZ08C7;WZ2008 (ausgewählte Positionen): Tarifindex;WZ08-O-01;Öffentliche und persönliche Dienstleistungen;100,0;2020=100;VST066;Index d.tarifl. Monatsverdienste ohne Sonderzahl.
62221;Vj. Index der Tarifverdienste und Arbeitszeiten;JAHR;Jahr;2020;DINSGF;Früheres Bundesgebiet / Neue Länder;DF;Früheres Bundesgebiet;WZ08C7;WZ2008 (ausgewählte Positionen): Tarifindex;WZ08-O-01;Öffentliche und persönliche Dienstleistungen;100,0;2020=100;VST018;Index der tariflichen Wochenarbeitszeit
62221;Vj. Index der Tarifverdienste und Arbeitszeiten;JAHR;Jahr;2020;DINSGF;Früheres Bundesgebiet / Neue Länder;DF;Früheres Bundesgebiet;WZ08C7;WZ2008 (ausgewählte Positionen): Tarifindex;WZ08-O-01;Öffentliche und persönliche Dienstleistungen;100,0;2020=100;VST065;Index d.tarifl. Stundenverdienste ohne Sonderzahl.
62221;Vj. Index der Tarifverdienste und Arbeitszeiten;JAHR;Jahr;2019;DINSGF;Früheres Bundesgebiet / Neue Länder;DF;Früheres Bundesgebiet;WZ08C7;WZ2008 (ausgewählte Positionen): Tarifindex;WZ08-61;Telekommunikation;98,0;2020=100;VST072;Index d.tarifl. Stundenverdienste mit Sonderzahl.
62221;Vj. Index der Tarifverdienste und Arbeitszeiten;JAHR;Jahr;2019;DINSGF;Früheres Bundesgebiet / Neue Länder;DF;Früheres Bundesgebiet;WZ08C7;WZ2008 (ausgewählte Positionen): Tarifindex;WZ08-61;Telekommunikation;98,0;2020=100;VST073;Index d.tarifl. Monatsverdienste mit Sonderzahl.
62221;Vj. Index der Tarifverdienste und Arbeitszeiten;JAHR;Jahr;2019;DINSGF;Früheres Bundesgebiet / Neue Länder;DF;Früheres Bundesgebiet;WZ08C7;WZ2008 (ausgewählte Positionen): Tarifindex;WZ08-61;Telekommunikation;36,9;h;VST019;Durchschnittliche tarifliche Wochenarbeitszeit
62221;Vj. Index der Tarifverdienste und Arbeitszeiten;JAHR;Jahr;2019;DINSGF;Früheres Bundesgebiet / Neue Länder;DF;Früheres Bundesgebiet;WZ08C7;WZ2008 (ausgewählte Positionen): Tarifindex;WZ08-61;Telekommunikation;98,1;2020=100;VST066;Index d.tarifl. Monatsverdienste ohne Sonderzahl.
62221;Vj. Index der Tarifverdienste und Arbeitszeiten;JAHR;Jahr;2019;DINSGF;Früheres Bundesgebiet / Neue Länder;DF;Früheres Bundesgebiet;WZ08C7;WZ2008 (ausgewählte Positionen): Tarifindex;WZ08-61;Telekommunikation;100,0;2020=100;VST018;Index der tariflichen Wochenarbeitszeit
62221;Vj. Index der Tarifverdienste und Arbeitszeiten;JAHR;Jahr;2019;DINSGF;Früheres Bundesgebiet / Neue Länder;DF;Früheres Bundesgebiet;WZ08C7;WZ2008 (ausgewählte Positionen): Tarifindex;WZ08-61;Telekommunikation;98,1;2020=100;VST065;Index d.tarifl. Stundenverdienste ohne Sonderzahl.
62221;Vj. Index der Tarifverdienste und Arbeitszeiten;JAHR;Jahr;2016;DINSGF;Früheres Bundesgebiet / Neue Länder;DF;Früheres Bundesgebiet;WZ08C7;WZ2008 (ausgewählte Positionen): Tarifindex;WZ08-45;Kfz-Handel, Instandhaltung und Reparatur von Kfz;90,1;2020=100;VST072;Index d.tarifl. Stundenverdienste mit Sonderzahl.
62221;Vj. Index der Tarifverdienste und Arbeitszeiten;JAHR;Jahr;2016;DINSGF;Früheres Bundesgebiet / Neue Länder;DF;Früheres Bundesgebiet;WZ08C7;WZ2008 (ausgewählte Positionen): Tarifindex;WZ08-45;Kfz-Handel, Instandhaltung und Reparatur von Kfz;90,1;2020=100;VST073;Index d.tarifl. Monatsverdienste mit Sonderzahl.
62221;Vj. Index der Tarifverdienste und Arbeitszeiten;JAHR;Jahr;2016;DINSGF;Früheres Bundesgebiet / Neue Länder;DF;Früheres Bundesgebiet;WZ08C7;WZ2008 (ausgewählte Positionen): Tarifindex;WZ08-45;Kfz-Handel, Instandhaltung und Reparatur von Kfz;36,7;h;VST019;Durchschnittliche tarifliche Wochenarbeitszeit
62221;Vj. Index der Tarifverdienste und Arbeitszeiten;JAHR;Jahr;2016;DINSGF;Früheres Bundesgebiet / Neue Länder;DF;Früheres Bundesgebiet;WZ08C7;WZ2008 (ausgewählte Positionen): Tarifindex;WZ08-45;Kfz-Handel, Instandhaltung und Reparatur von Kfz;90,1;2020=100;VST066;Index d.tarifl. Monatsverdienste ohne Sonderzahl.
62221;Vj. Index der Tarifverdienste und Arbeitszeiten;JAHR;Jahr;2016;DINSGF;Früheres Bundesgebiet / Neue Länder;DF;Früheres Bundesgebiet;WZ08C7;WZ2008 (ausgewählte Positionen): Tarifindex;WZ08-45;Kfz-Handel, Instandhaltung und Reparatur von Kfz;100,0;2020=100;VST018;Index der tariflichen Wochenarbeitszeit
62221;Vj. Index der Tarifverdienste und Arbeitszeiten;JAHR;Jahr;2016;DINSGF;Früheres Bundesgebiet / Neue Länder;DF;Früheres Bundesgebiet;WZ08C7;WZ2008 (ausgewählte Positionen): Tarifindex;WZ08-45;Kfz-Handel, Instandhaltung und Reparatur von Kfz;90,1;2020=100;VST065;Index d.tarifl. Stundenverdienste ohne Sonderzahl.
62221;Vj. Index der Tarifverdienste und Arbeitszeiten;JAHR;Jahr;2021;DINSGF;Früheres Bundesgebiet / Neue Länder;DF;Früheres Bundesgebiet;WZ08C7;WZ2008 (ausgewählte Positionen): Tarifindex;WZ08-94;Interessenvertr., kirchl. u. sonst. Vereinigungen;101,0;2020=100;VST072;Index d.tarifl. Stundenverdienste mit Sonderzahl.
62221;Vj. Index der Tarifverdienste und Arbeitszeiten;JAHR;Jahr;2021;DINSGF;Früheres Bundesgebiet / Neue Länder;DF;Früheres Bundesgebiet;WZ08C7;WZ2008 (ausgewählte Positionen): Tarifindex;WZ08-94;Interessenvertr., kirchl. u. sonst. Vereinigungen;101,0;2020=100;VST073;Index d.tarifl. Monatsverdienste mit Sonderzahl.
62221;Vj. Index der Tarifverdienste und Arbeitszeiten;JAHR;Jahr;2021;DINSGF;Früheres Bundesgebiet / Neue Länder;DF;Früheres Bundesgebiet;WZ08C7;WZ2008 (ausgewählte Positionen): Tarifindex;WZ08-94;Interessenvertr., kirchl. u. sonst. Vereinigungen;39,3;h;VST019;Durchschnittliche tarifliche Wochenarbeitszeit
62221;Vj. Index der Tarifverdienste und Arbeitszeiten;JAHR;Jahr;2021;DINSGF;Früheres Bundesgebiet / Neue Länder;DF;Früheres Bundesgebiet;WZ08C7;WZ2008 (ausgewählte Positionen): Tarifindex;WZ08-94;Interessenvertr., kirchl. u. sonst. Vereinigungen;101,4;2020=100;VST066;Index d.tarifl. Monatsverdienste ohne Sonderzahl.
62221;Vj. Index der Tarifverdienste und Arbeitszeiten;JAHR;Jahr;2021;DINSGF;Früheres Bundesgebiet / Neue Länder;DF;Früheres Bundesgebiet;WZ08C7;WZ2008 (ausgewählte Positionen): Tarifindex;WZ08-94;Interessenvertr., kirchl. u. sonst. Vereinigungen;100,0;2020=100;VST018;Index der tariflichen Wochenarbeitszeit
62221;Vj. Index der Tarifverdienste und Arbeitszeiten;JAHR;Jahr;2021;DINSGF;Früheres Bundesgebiet / Neue Länder;DF;Früheres Bundesgebiet;WZ08C7;WZ2008 (ausgewählte Positionen): Tarifindex;WZ08-94;Interessenvertr., kirchl. u. sonst. Vereinigungen;101,4;2020=100;VST065;Index d.tarifl. Stundenverdienste ohne Sonderzahl.
62221;Vj. Index der Tarifverdienste und Arbeitszeiten;JAHR;Jahr;2018;DINSGF;Früheres Bundesgebiet / Neue Länder;DN;Neue Länder;WZ08C7;WZ2008 (ausgewählte Positionen): Tarifindex;WZ08-21;Herstellung von pharmazeutischen Erzeugnissen;93,6;2020=100;VST072;Index d.tarifl. Stundenverdienste mit Sonderzahl.
62221;Vj. Index der Tarifverdienste und Arbeitszeiten;JAHR;Jahr;2018;DINSGF;Früheres Bundesgebiet / Neue Länder;DN;Neue Länder;WZ08C7;WZ2008 (ausgewählte Positionen): Tarifindex;WZ08-21;Herstellung von pharmazeutischen Erzeugnissen;94,8;2020=100;VST073;Index d.tarifl. Monatsverdienste mit Sonderzahl.
62221;Vj. Index der Tarifverdienste und Arbeitszeiten;JAHR;Jahr;2018;DINSGF;Früheres Bundesgebiet / Neue Länder;DN;Neue Länder;WZ08C7;WZ2008 (ausgewählte Positionen): Tarifindex;WZ08-21;Herstellung von pharmazeutischen Erzeugnissen;39,9;h;VST019;Durchschnittliche tarifliche Wochenarbeitszeit
62221;Vj. Index der Tarifverdienste und Arbeitszeiten;JAHR;Jahr;2018;DINSGF;Früheres Bundesgebiet / Neue Länder;DN;Neue Länder;WZ08C7;WZ2008 (ausgewählte Positionen): Tarifindex;WZ08-21;Herstellung von pharmazeutischen Erzeugnissen;96,0;2020=100;VST066;Index d.tarifl. Monatsverdienste ohne Sonderzahl.
62221;Vj. Index der Tarifverdienste und Arbeitszeiten;JAHR;Jahr;2018;DINSGF;Früheres Bundesgebiet / Neue Länder;DN;Neue Länder;WZ08C7;WZ2008 (ausgewählte Positionen): Tarifindex;WZ08-21;Herstellung von pharmazeutischen Erzeugnissen;101,2;2020=100;VST018;Index der tariflichen Wochenarbeitszeit
62221;Vj. Index der Tarifverdienste und Arbeitszeiten;JAHR;Jahr;2018;DINSGF;Früheres Bundesgebiet / Neue Länder;DN;Neue Länder;WZ08C7;WZ2008 (ausgewählte Positionen): Tarifindex;WZ08-21;Herstellung von pharmazeutischen Erzeugnissen;94,9;2020=100;VST065;Index d.tarifl. Stundenverdienste ohne Sonderzahl.
62221;Vj. Index der Tarifverdienste und Arbeitszeiten;JAHR;Jahr;2025;DINSGF;Früheres Bundesgebiet / Neue Länder;DF;Früheres Bundesgebiet;WZ08C7;WZ2008 (ausgewählte Positionen): Tarifindex;WZ08-63;Informationsdienstleistungen;113,3;2020=100;VST072;Index d.tarifl. Stundenverdienste mit Sonderzahl.
62221;Vj. Index der Tarifverdienste und Arbeitszeiten;JAHR;Jahr;2025;DINSGF;Früheres Bundesgebiet / Neue Länder;DF;Früheres Bundesgebiet;WZ08C7;WZ2008 (ausgewählte Positionen): Tarifindex;WZ08-63;Informationsdienstleistungen;113,3;2020=100;VST073;Index d.tarifl. Monatsverdienste mit Sonderzahl.
62221;Vj. Index der Tarifverdienste und Arbeitszeiten;JAHR;Jahr;2025;DINSGF;Früheres Bundesgebiet / Neue Länder;DF;Früheres Bundesgebiet;WZ08C7;WZ2008 (ausgewählte Positionen): Tarifindex;WZ08-63;Informationsdienstleistungen;38,4;h;VST019;Durchschnittliche tarifliche Wochenarbeitszeit
62221;Vj. Index der Tarifverdienste und Arbeitszeiten;JAHR;Jahr;2025;DINSGF;Früheres Bundesgebiet / Neue Länder;DF;Früheres Bundesgebiet;WZ08C7;WZ2008 (ausgewählte Positionen): Tarifindex;WZ08-63;Informationsdienstleistungen;113,0;2020=100;VST066;Index d.tarifl. Monatsverdienste ohne Sonderzahl.
62221;Vj. Index der Tarifverdienste und Arbeitszeiten;JAHR;Jahr;2025;DINSGF;Früheres Bundesgebiet / Neue Länder;DF;Früheres Bundesgebiet;WZ08C7;WZ2008 (ausgewählte Positionen): Tarifindex;WZ08-63;Informationsdienstleistungen;100,0;2020=100;VST018;Index der tariflichen Wochenarbeitszeit
62221;Vj. Index der Tarifverdienste und Arbeitszeiten;JAHR;Jahr;2025;DINSGF;Früheres Bundesgebiet / Neue Länder;DF;Früheres Bundesgebiet;WZ08C7;WZ2008 (ausgewählte Positionen): Tarifindex;WZ08-63;Informationsdienstleistungen;113,1;2020=100;VST065;Index d.tarifl. Stundenverdienste ohne Sonderzahl.
62221;Vj. Index der Tarifverdienste und Arbeitszeiten;JAHR;Jahr;2022;DINSGF;Früheres Bundesgebiet / Neue Länder;DF;Früheres Bundesgebiet;WZ08C7;WZ2008 (ausgewählte Positionen): Tarifindex;WZ08-47;Einzelhandel (ohne Handel mit Kraftfahrzeugen);104,8;2020=100;VST072;Index d.tarifl. Stundenverdienste mit Sonderzahl.
62221;Vj. Index der Tarifverdienste und Arbeitszeiten;JAHR;Jahr;2022;DINSGF;Früheres Bundesgebiet / Neue Länder;DF;Früheres Bundesgebiet;WZ08C7;WZ2008 (ausgewählte Positionen): Tarifindex;WZ08-47;Einzelhandel (ohne Handel mit Kraftfahrzeugen);104,8;2020=100;VST073;Index d.tarifl. Monatsverdienste mit Sonderzahl.
62221;Vj. Index der Tarifverdienste und Arbeitszeiten;JAHR;Jahr;2022;DINSGF;Früheres Bundesgebiet / Neue Länder;DF;Früheres Bundesgebiet;WZ08C7;WZ2008 (ausgewählte Positionen): Tarifindex;WZ08-47;Einzelhandel (ohne Handel mit Kraftfahrzeugen);37,9;h;VST019;Durchschnittliche tarifliche Wochenarbeitszeit
62221;Vj. Index der Tarifverdienste und Arbeitszeiten;JAHR;Jahr;2022;DINSGF;Früheres Bundesgebiet / Neue Länder;DF;Früheres Bundesgebiet;WZ08C7;WZ2008 (ausgewählte Positionen): Tarifindex;WZ08-47;Einzelhandel (ohne Handel mit Kraftfahrzeugen);104,8;2020=100;VST066;Index d.tarifl. Monatsverdienste ohne Sonderzahl.
62221;Vj. Index der Tarifverdienste und Arbeitszeiten;JAHR;Jahr;2022;DINSGF;Früheres Bundesgebiet / Neue Länder;DF;Früheres Bundesgebiet;WZ08C7;WZ2008 (ausgewählte Positionen): Tarifindex;WZ08-47;Einzelhandel (ohne Handel mit Kraftfahrzeugen);100,0;2020=100;VST018;Index der tariflichen Wochenarbeitszeit
62221;Vj. Index der Tarifverdienste und Arbeitszeiten;JAHR;Jahr;2022;DINSGF;Früheres Bundesgebiet / Neue Länder;DF;Früheres Bundesgebiet;WZ08C7;WZ2008 (ausgewählte Positionen): Tarifindex;WZ08-47;Einzelhandel (ohne Handel mit Kraftfahrzeugen);104,8;2020=100;VST065;Index d.tarifl. Stundenverdienste ohne Sonderzahl.
62221;Vj. Index der Tarifverdienste und Arbeitszeiten;JAHR;Jahr;2025;DINSGF;Früheres Bundesgebiet / Neue Länder;DF;Früheres Bundesgebiet;WZ08C7;WZ2008 (ausgewählte Positionen): Tarifindex;WZ08-72-01;Forschung,Werbung u.Marktforschung,Veterinärwesen;114,3;2020=100;VST072;Index d.tarifl. Stundenverdienste mit Sonderzahl.
62221;Vj. Index der Tarifverdienste und Arbeitszeiten;JAHR;Jahr;2025;DINSGF;Früheres Bundesgebiet / Neue Länder;DF;Früheres Bundesgebiet;WZ08C7;WZ2008 (ausgewählte Positionen): Tarifindex;WZ08-72-01;Forschung,Werbung u.Marktforschung,Veterinärwesen;114,3;2020=100;VST073;Index d.tarifl. Monatsverdienste mit Sonderzahl.
62221;Vj. Index der Tarifverdienste und Arbeitszeiten;JAHR;Jahr;2025;DINSGF;Früheres Bundesgebiet / Neue Länder;DF;Früheres Bundesgebiet;WZ08C7;WZ2008 (ausgewählte Positionen): Tarifindex;WZ08-72-01;Forschung,Werbung u.Marktforschung,Veterinärwesen;38,9;h;VST019;Durchschnittliche tarifliche Wochenarbeitszeit
62221;Vj. Index der Tarifverdienste und Arbeitszeiten;JAHR;Jahr;2025;DINSGF;Früheres Bundesgebiet / Neue Länder;DF;Früheres Bundesgebiet;WZ08C7;WZ2008 (ausgewählte Positionen): Tarifindex;WZ08-72-01;Forschung,Werbung u.Marktforschung,Veterinärwesen;113,7;2020=100;VST066;Index d.tarifl. Monatsverdienste ohne Sonderzahl.
62221;Vj. Index der Tarifverdienste und Arbeitszeiten;JAHR;Jahr;2025;DINSGF;Früheres Bundesgebiet / Neue Länder;DF;Früheres Bundesgebiet;WZ08C7;WZ2008 (ausgewählte Positionen): Tarifindex;WZ08-72-01;Forschung,Werbung u.Marktforschung,Veterinärwesen;100,0;2020=100;VST018;Index der tariflichen Wochenarbeitszeit
62221;Vj. Index der Tarifverdienste und Arbeitszeiten;JAHR;Jahr;2025;DINSGF;Früheres Bundesgebiet / Neue Länder;DF;Früheres Bundesgebiet;WZ08C7;WZ2008 (ausgewählte Positionen): Tarifindex;WZ08-72-01;Forschung,Werbung u.Marktforschung,Veterinärwesen;113,7;2020=100;VST065;Index d.tarifl. Stundenverdienste ohne Sonderzahl.
62221;Vj. Index der Tarifverdienste und Arbeitszeiten;JAHR;Jahr;2016;DINSGF;Früheres Bundesgebiet / Neue Länder;DF;Früheres Bundesgebiet;WZ08C7;WZ2008 (ausgewählte Positionen): Tarifindex;WZ08-93;Dienstleistungen d.Sports,d.Unterhaltg.u.Erholung;90,0;2020=100;VST072;Index d.tarifl. Stundenverdienste mit Sonderzahl.
62221;Vj. Index der Tarifverdienste und Arbeitszeiten;JAHR;Jahr;2016;DINSGF;Früheres Bundesgebiet / Neue Länder;DF;Früheres Bundesgebiet;WZ08C7;WZ2008 (ausgewählte Positionen): Tarifindex;WZ08-93;Dienstleistungen d.Sports,d.Unterhaltg.u.Erholung;90,0;2020=100;VST073;Index d.tarifl. Monatsverdienste mit Sonderzahl.
62221;Vj. Index der Tarifverdienste und Arbeitszeiten;JAHR;Jahr;2016;DINSGF;Früheres Bundesgebiet / Neue Länder;DF;Früheres Bundesgebiet;WZ08C7;WZ2008 (ausgewählte Positionen): Tarifindex;WZ08-93;Dienstleistungen d.Sports,d.Unterhaltg.u.Erholung;39,1;h;VST019;Durchschnittliche tarifliche Wochenarbeitszeit
62221;Vj. Index der Tarifverdienste und Arbeitszeiten;JAHR;Jahr;2016;DINSGF;Früheres Bundesgebiet / Neue Länder;DF;Früheres Bundesgebiet;WZ08C7;WZ2008 (ausgewählte Positionen): Tarifindex;WZ08-93;Dienstleistungen d.Sports,d.Unterhaltg.u.Erholung;89,6;2020=100;VST066;Index d.tarifl. Monatsverdienste ohne Sonderzahl.
62221;Vj. Index der Tarifverdienste und Arbeitszeiten;JAHR;Jahr;2016;DINSGF;Früheres Bundesgebiet / Neue Länder;DF;Früheres Bundesgebiet;WZ08C7;WZ2008 (ausgewählte Positionen): Tarifindex;WZ08-93;Dienstleistungen d.Sports,d.Unterhaltg.u.Erholung;100,0;2020=100;VST018;Index der tariflichen Wochenarbeitszeit
62221;Vj. Index der Tarifverdienste und Arbeitszeiten;JAHR;Jahr;2016;DINSGF;Früheres Bundesgebiet / Neue Länder;DF;Früheres Bundesgebiet;WZ08C7;WZ2008 (ausgewählte Positionen): Tarifindex;WZ08-93;Dienstleistungen d.Sports,d.Unterhaltg.u.Erholung;89,6;2020=100;VST065;Index d.tarifl. Stundenverdienste ohne Sonderzahl.
62221;Vj. Index der Tarifverdienste und Arbeitszeiten;JAHR;Jahr;2016;DINSGF;Früheres Bundesgebiet / Neue Länder;DF;Früheres Bundesgebiet;WZ08C7;WZ2008 (ausgewählte Positionen): Tarifindex;WZ08-G-03;Wirtschaftliche Dienstleistungen;91,2;2020=100;VST072;Index d.tarifl. Stundenverdienste mit Sonderzahl.
62221;Vj. Index der Tarifverdienste und Arbeitszeiten;JAHR;Jahr;2016;DINSGF;Früheres Bundesgebiet / Neue Länder;DF;Früheres Bundesgebiet;WZ08C7;WZ2008 (ausgewählte Positionen): Tarifindex;WZ08-G-03;Wirtschaftliche Dienstleistungen;91,3;2020=100;VST073;Index d.tarifl. Monatsverdienste mit Sonderzahl.
62221;Vj. Index der Tarifverdienste und Arbeitszeiten;JAHR;Jahr;2016;DINSGF;Früheres Bundesgebiet / Neue Länder;DF;Früheres Bundesgebiet;WZ08C7;WZ2008 (ausgewählte Positionen): Tarifindex;WZ08-G-03;Wirtschaftliche Dienstleistungen;38,0;h;VST019;Durchschnittliche tarifliche Wochenarbeitszeit
62221;Vj. Index der Tarifverdienste und Arbeitszeiten;JAHR;Jahr;2016;DINSGF;Früheres Bundesgebiet / Neue Länder;DF;Früheres Bundesgebiet;WZ08C7;WZ2008 (ausgewählte Positionen): Tarifindex;WZ08-G-03;Wirtschaftliche Dienstleistungen;91,2;2020=100;VST066;Index d.tarifl. Monatsverdienste ohne Sonderzahl.
62221;Vj. Index der Tarifverdienste und Arbeitszeiten;JAHR;Jahr;2016;DINSGF;Früheres Bundesgebiet / Neue Länder;DF;Früheres Bundesgebiet;WZ08C7;WZ2008 (ausgewählte Positionen): Tarifindex;WZ08-G-03;Wirtschaftliche Dienstleistungen;100,0;2020=100;VST018;Index der tariflichen Wochenarbeitszeit
62221;Vj. Index der Tarifverdienste und Arbeitszeiten;JAHR;Jahr;2016;DINSGF;Früheres Bundesgebiet / Neue Länder;DF;Früheres Bundesgebiet;WZ08C7;WZ2008 (ausgewählte Positionen): Tarifindex;WZ08-G-03;Wirtschaftliche Dienstleistungen;91,2;2020=100;VST065;Index d.tarifl. Stundenverdienste ohne Sonderzahl.
62221;Vj. Index der Tarifverdienste und Arbeitszeiten;JAHR;Jahr;2018;DINSGF;Früheres Bundesgebiet / Neue Länder;DN;Neue Länder;WZ08C7;WZ2008 (ausgewählte Positionen): Tarifindex;WZ08-24;Metallerzeugung und -bearbeitung;95,0;2020=100;VST072;Index d.tarifl. Stundenverdienste mit Sonderzahl.
62221;Vj. Index der Tarifverdienste und Arbeitszeiten;JAHR;Jahr;2018;DINSGF;Früheres Bundesgebiet / Neue Länder;DN;Neue Länder;WZ08C7;WZ2008 (ausgewählte Positionen): Tarifindex;WZ08-24;Metallerzeugung und -bearbeitung;95,0;2020=100;VST073;Index d.tarifl. Monatsverdienste mit Sonderzahl.
62221;Vj. Index der Tarifverdienste und Arbeitszeiten;JAHR;Jahr;2018;DINSGF;Früheres Bundesgebiet / Neue Länder;DN;Neue Länder;WZ08C7;WZ2008 (ausgewählte Positionen): Tarifindex;WZ08-24;Metallerzeugung und -bearbeitung;36,0;h;VST019;Durchschnittliche tarifliche Wochenarbeitszeit
62221;Vj. Index der Tarifverdienste und Arbeitszeiten;JAHR;Jahr;2018;DINSGF;Früheres Bundesgebiet / Neue Länder;DN;Neue Länder;WZ08C7;WZ2008 (ausgewählte Positionen): Tarifindex;WZ08-24;Metallerzeugung und -bearbeitung;97,4;2020=100;VST066;Index d.tarifl. Monatsverdienste ohne Sonderzahl.
62221;Vj. Index der Tarifverdienste und Arbeitszeiten;JAHR;Jahr;2018;DINSGF;Früheres Bundesgebiet / Neue Länder;DN;Neue Länder;WZ08C7;WZ2008 (ausgewählte Positionen): Tarifindex;WZ08-24;Metallerzeugung und -bearbeitung;100,0;2020=100;VST018;Index der tariflichen Wochenarbeitszeit
62221;Vj. Index der Tarifverdienste und Arbeitszeiten;JAHR;Jahr;2018;DINSGF;Früheres Bundesgebiet / Neue Länder;DN;Neue Länder;WZ08C7;WZ2008 (ausgewählte Positionen): Tarifindex;WZ08-24;Metallerzeugung und -bearbeitung;97,4;2020=100;VST065;Index d.tarifl. Stundenverdienste ohne Sonderzahl.
62221;Vj. Index der Tarifverdienste und Arbeitszeiten;JAHR;Jahr;2020;DINSGF;Früheres Bundesgebiet / Neue Länder;DN;Neue Länder;WZ08C7;WZ2008 (ausgewählte Positionen): Tarifindex;WZ08-29;Herstellung von Kraftwagen und Kraftwagenteilen;100,0;2020=100;VST072;Index d.tarifl. Stundenverdienste mit Sonderzahl.
62221;Vj. Index der Tarifverdienste und Arbeitszeiten;JAHR;Jahr;2020;DINSGF;Früheres Bundesgebiet / Neue Länder;DN;Neue Länder;WZ08C7;WZ2008 (ausgewählte Positionen): Tarifindex;WZ08-29;Herstellung von Kraftwagen und Kraftwagenteilen;100,0;2020=100;VST073;Index d.tarifl. Monatsverdienste mit Sonderzahl.
62221;Vj. Index der Tarifverdienste und Arbeitszeiten;JAHR;Jahr;2020;DINSGF;Früheres Bundesgebiet / Neue Länder;DN;Neue Länder;WZ08C7;WZ2008 (ausgewählte Positionen): Tarifindex;WZ08-29;Herstellung von Kraftwagen und Kraftwagenteilen;38,0;h;VST019;Durchschnittliche tarifliche Wochenarbeitszeit
62221;Vj. Index der Tarifverdienste und Arbeitszeiten;JAHR;Jahr;2020;DINSGF;Früheres Bundesgebiet / Neue Länder;DN;Neue Länder;WZ08C7;WZ2008 (ausgewählte Positionen): Tarifindex;WZ08-29;Herstellung von Kraftwagen und Kraftwagenteilen;100,0;2020=100;VST066;Index d.tarifl. Monatsverdienste ohne Sonderzahl.
62221;Vj. Index der Tarifverdienste und Arbeitszeiten;JAHR;Jahr;2020;DINSGF;Früheres Bundesgebiet / Neue Länder;DN;Neue Länder;WZ08C7;WZ2008 (ausgewählte Positionen): Tarifindex;WZ08-29;Herstellung von Kraftwagen und Kraftwagenteilen;100,0;2020=100;VST018;Index der tariflichen Wochenarbeitszeit
62221;Vj. Index der Tarifverdienste und Arbeitszeiten;JAHR;Jahr;2020;DINSGF;Früheres Bundesgebiet / Neue Länder;DN;Neue Länder;WZ08C7;WZ2008 (ausgewählte Positionen): Tarifindex;WZ08-29;Herstellung von Kraftwagen und Kraftwagenteilen;100,0;2020=100;VST065;Index d.tarifl. Stundenverdienste ohne Sonderzahl.
62221;Vj. Index der Tarifverdienste und Arbeitszeiten;JAHR;Jahr;2020;DINSGF;Früheres Bundesgebiet / Neue Länder;DN;Neue Länder;WZ08C7;WZ2008 (ausgewählte Positionen): Tarifindex;WZ08-26;H.v. DV-Geräten, elektron. u. opt. Erzeugnissen;100,0;2020=100;VST072;Index d.tarifl. Stundenverdienste mit Sonderzahl.
62221;Vj. Index der Tarifverdienste und Arbeitszeiten;JAHR;Jahr;2020;DINSGF;Früheres Bundesgebiet / Neue Länder;DN;Neue Länder;WZ08C7;WZ2008 (ausgewählte Positionen): Tarifindex;WZ08-26;H.v. DV-Geräten, elektron. u. opt. Erzeugnissen;100,0;2020=100;VST073;Index d.tarifl. Monatsverdienste mit Sonderzahl.
62221;Vj. Index der Tarifverdienste und Arbeitszeiten;JAHR;Jahr;2020;DINSGF;Früheres Bundesgebiet / Neue Länder;DN;Neue Länder;WZ08C7;WZ2008 (ausgewählte Positionen): Tarifindex;WZ08-26;H.v. DV-Geräten, elektron. u. opt. Erzeugnissen;36,7;h;VST019;Durchschnittliche tarifliche Wochenarbeitszeit
62221;Vj. Index der Tarifverdienste und Arbeitszeiten;JAHR;Jahr;2020;DINSGF;Früheres Bundesgebiet / Neue Länder;DN;Neue Länder;WZ08C7;WZ2008 (ausgewählte Positionen): Tarifindex;WZ08-26;H.v. DV-Geräten, elektron. u. opt. Erzeugnissen;100,0;2020=100;VST066;Index d.tarifl. Monatsverdienste ohne Sonderzahl.
62221;Vj. Index der Tarifverdienste und Arbeitszeiten;JAHR;Jahr;2020;DINSGF;Früheres Bundesgebiet / Neue Länder;DN;Neue Länder;WZ08C7;WZ2008 (ausgewählte Positionen): Tarifindex;WZ08-26;H.v. DV-Geräten, elektron. u. opt. Erzeugnissen;100,0;2020=100;VST018;Index der tariflichen Wochenarbeitszeit
62221;Vj. Index der Tarifverdienste und Arbeitszeiten;JAHR;Jahr;2020;DINSGF;Früheres Bundesgebiet / Neue Länder;DN;Neue Länder;WZ08C7;WZ2008 (ausgewählte Positionen): Tarifindex;WZ08-26;H.v. DV-Geräten, elektron. u. opt. Erzeugnissen;100,0;2020=100;VST065;Index d.tarifl. Stundenverdienste ohne Sonderzahl.
62221;Vj. Index der Tarifverdienste und Arbeitszeiten;JAHR;Jahr;2025;DINSGF;Früheres Bundesgebiet / Neue Länder;DF;Früheres Bundesgebiet;WZ08C7;WZ2008 (ausgewählte Positionen): Tarifindex;WZ-X003;Gebrauchsgüterproduzenten;114,1;2020=100;VST072;Index d.tarifl. Stundenverdienste mit Sonderzahl.
62221;Vj. Index der Tarifverdienste und Arbeitszeiten;JAHR;Jahr;2025;DINSGF;Früheres Bundesgebiet / Neue Länder;DF;Früheres Bundesgebiet;WZ08C7;WZ2008 (ausgewählte Positionen): Tarifindex;WZ-X003;Gebrauchsgüterproduzenten;114,1;2020=100;VST073;Index d.tarifl. Monatsverdienste mit Sonderzahl.
62221;Vj. Index der Tarifverdienste und Arbeitszeiten;JAHR;Jahr;2025;DINSGF;Früheres Bundesgebiet / Neue Länder;DF;Früheres Bundesgebiet;WZ08C7;WZ2008 (ausgewählte Positionen): Tarifindex;WZ-X003;Gebrauchsgüterproduzenten;36,4;h;VST019;Durchschnittliche tarifliche Wochenarbeitszeit
62221;Vj. Index der Tarifverdienste und Arbeitszeiten;JAHR;Jahr;2025;DINSGF;Früheres Bundesgebiet / Neue Länder;DF;Früheres Bundesgebiet;WZ08C7;WZ2008 (ausgewählte Positionen): Tarifindex;WZ-X003;Gebrauchsgüterproduzenten;112,6;2020=100;VST066;Index d.tarifl. Monatsverdienste ohne Sonderzahl.
62221;Vj. Index der Tarifverdienste und Arbeitszeiten;JAHR;Jahr;2025;DINSGF;Früheres Bundesgebiet / Neue Länder;DF;Früheres Bundesgebiet;WZ08C7;WZ2008 (ausgewählte Positionen): Tarifindex;WZ-X003;Gebrauchsgüterproduzenten;100,0;2020=100;VST018;Index der tariflichen Wochenarbeitszeit
62221;Vj. Index der Tarifverdienste und Arbeitszeiten;JAHR;Jahr;2025;DINSGF;Früheres Bundesgebiet / Neue Länder;DF;Früheres Bundesgebiet;WZ08C7;WZ2008 (ausgewählte Positionen): Tarifindex;WZ-X003;Gebrauchsgüterproduzenten;112,6;2020=100;VST065;Index d.tarifl. Stundenverdienste ohne Sonderzahl.
62221;Vj. Index der Tarifverdienste und Arbeitszeiten;JAHR;Jahr;2017;DINSGF;Früheres Bundesgebiet / Neue Länder;DN;Neue Länder;WZ08C7;WZ2008 (ausgewählte Positionen): Tarifindex;WZ08-71;Architektur-,Ing.büros,techn.,physik.Untersuchung;92,3;2020=100;VST072;Index d.tarifl. Stundenverdienste mit Sonderzahl.
62221;Vj. Index der Tarifverdienste und Arbeitszeiten;JAHR;Jahr;2017;DINSGF;Früheres Bundesgebiet / Neue Länder;DN;Neue Länder;WZ08C7;WZ2008 (ausgewählte Positionen): Tarifindex;WZ08-71;Architektur-,Ing.büros,techn.,physik.Untersuchung;93,1;2020=100;VST073;Index d.tarifl. Monatsverdienste mit Sonderzahl.
62221;Vj. Index der Tarifverdienste und Arbeitszeiten;JAHR;Jahr;2017;DINSGF;Früheres Bundesgebiet / Neue Länder;DN;Neue Länder;WZ08C7;WZ2008 (ausgewählte Positionen): Tarifindex;WZ08-71;Architektur-,Ing.büros,techn.,physik.Untersuchung;38,3;h;VST019;Durchschnittliche tarifliche Wochenarbeitszeit
62221;Vj. Index der Tarifverdienste und Arbeitszeiten;JAHR;Jahr;2017;DINSGF;Früheres Bundesgebiet / Neue Länder;DN;Neue Länder;WZ08C7;WZ2008 (ausgewählte Positionen): Tarifindex;WZ08-71;Architektur-,Ing.büros,techn.,physik.Untersuchung;93,4;2020=100;VST066;Index d.tarifl. Monatsverdienste ohne Sonderzahl.
62221;Vj. Index der Tarifverdienste und Arbeitszeiten;JAHR;Jahr;2017;DINSGF;Früheres Bundesgebiet / Neue Länder;DN;Neue Länder;WZ08C7;WZ2008 (ausgewählte Positionen): Tarifindex;WZ08-71;Architektur-,Ing.büros,techn.,physik.Untersuchung;100,6;2020=100;VST018;Index der tariflichen Wochenarbeitszeit
62221;Vj. Index der Tarifverdienste und Arbeitszeiten;JAHR;Jahr;2017;DINSGF;Früheres Bundesgebiet / Neue Länder;DN;Neue Länder;WZ08C7;WZ2008 (ausgewählte Positionen): Tarifindex;WZ08-71;Architektur-,Ing.büros,techn.,physik.Untersuchung;92,6;2020=100;VST065;Index d.tarifl. Stundenverdienste ohne Sonderzahl.
62221;Vj. Index der Tarifverdienste und Arbeitszeiten;JAHR;Jahr;2016;DINSGF;Früheres Bundesgebiet / Neue Länder;DF;Früheres Bundesgebiet;WZ08C7;WZ2008 (ausgewählte Positionen): Tarifindex;WZ08-96;Sonstige überwiegend persönliche Dienstleistungen;89,2;2020=100;VST072;Index d.tarifl. Stundenverdienste mit Sonderzahl.
62221;Vj. Index der Tarifverdienste und Arbeitszeiten;JAHR;Jahr;2016;DINSGF;Früheres Bundesgebiet / Neue Länder;DF;Früheres Bundesgebiet;WZ08C7;WZ2008 (ausgewählte Positionen): Tarifindex;WZ08-96;Sonstige überwiegend persönliche Dienstleistungen;89,7;2020=100;VST073;Index d.tarifl. Monatsverdienste mit Sonderzahl.
62221;Vj. Index der Tarifverdienste und Arbeitszeiten;JAHR;Jahr;2016;DINSGF;Früheres Bundesgebiet / Neue Länder;DF;Früheres Bundesgebiet;WZ08C7;WZ2008 (ausgewählte Positionen): Tarifindex;WZ08-96;Sonstige überwiegend persönliche Dienstleistungen;38,8;h;VST019;Durchschnittliche tarifliche Wochenarbeitszeit
62221;Vj. Index der Tarifverdienste und Arbeitszeiten;JAHR;Jahr;2016;DINSGF;Früheres Bundesgebiet / Neue Länder;DF;Früheres Bundesgebiet;WZ08C7;WZ2008 (ausgewählte Positionen): Tarifindex;WZ08-96;Sonstige überwiegend persönliche Dienstleistungen;89,7;2020=100;VST066;Index d.tarifl. Monatsverdienste ohne Sonderzahl.
62221;Vj. Index der Tarifverdienste und Arbeitszeiten;JAHR;Jahr;2016;DINSGF;Früheres Bundesgebiet / Neue Länder;DF;Früheres Bundesgebiet;WZ08C7;WZ2008 (ausgewählte Positionen): Tarifindex;WZ08-96;Sonstige überwiegend persönliche Dienstleistungen;100,3;2020=100;VST018;Index der tariflichen Wochenarbeitszeit
62221;Vj. Index der Tarifverdienste und Arbeitszeiten;JAHR;Jahr;2016;DINSGF;Früheres Bundesgebiet / Neue Länder;DF;Früheres Bundesgebiet;WZ08C7;WZ2008 (ausgewählte Positionen): Tarifindex;WZ08-96;Sonstige überwiegend persönliche Dienstleistungen;89,1;2020=100;VST065;Index d.tarifl. Stundenverdienste ohne Sonderzahl.
62221;Vj. Index der Tarifverdienste und Arbeitszeiten;JAHR;Jahr;2024;DINSGF;Früheres Bundesgebiet / Neue Länder;DN;Neue Länder;WZ08C7;WZ2008 (ausgewählte Positionen): Tarifindex;WZ08-29-01;Fahrzeugbau;113,6;2020=100;VST072;Index d.tarifl. Stundenverdienste mit Sonderzahl.
62221;Vj. Index der Tarifverdienste und Arbeitszeiten;JAHR;Jahr;2024;DINSGF;Früheres Bundesgebiet / Neue Länder;DN;Neue Länder;WZ08C7;WZ2008 (ausgewählte Positionen): Tarifindex;WZ08-29-01;Fahrzeugbau;112,8;2020=100;VST073;Index d.tarifl. Monatsverdienste mit Sonderzahl.
62221;Vj. Index der Tarifverdienste und Arbeitszeiten;JAHR;Jahr;2024;DINSGF;Früheres Bundesgebiet / Neue Länder;DN;Neue Länder;WZ08C7;WZ2008 (ausgewählte Positionen): Tarifindex;WZ08-29-01;Fahrzeugbau;37,8;h;VST019;Durchschnittliche tarifliche Wochenarbeitszeit
62221;Vj. Index der Tarifverdienste und Arbeitszeiten;JAHR;Jahr;2024;DINSGF;Früheres Bundesgebiet / Neue Länder;DN;Neue Länder;WZ08C7;WZ2008 (ausgewählte Positionen): Tarifindex;WZ08-29-01;Fahrzeugbau;108,3;2020=100;VST066;Index d.tarifl. Monatsverdienste ohne Sonderzahl.
62221;Vj. Index der Tarifverdienste und Arbeitszeiten;JAHR;Jahr;2024;DINSGF;Früheres Bundesgebiet / Neue Länder;DN;Neue Länder;WZ08C7;WZ2008 (ausgewählte Positionen): Tarifindex;WZ08-29-01;Fahrzeugbau;99,3;2020=100;VST018;Index der tariflichen Wochenarbeitszeit
62221;Vj. Index der Tarifverdienste und Arbeitszeiten;JAHR;Jahr;2024;DINSGF;Früheres Bundesgebiet / Neue Länder;DN;Neue Länder;WZ08C7;WZ2008 (ausgewählte Positionen): Tarifindex;WZ08-29-01;Fahrzeugbau;109,1;2020=100;VST065;Index d.tarifl. Stundenverdienste ohne Sonderzahl.
62221;Vj. Index der Tarifverdienste und Arbeitszeiten;JAHR;Jahr;2017;DINSGF;Früheres Bundesgebiet / Neue Länder;DN;Neue Länder;WZ08C7;WZ2008 (ausgewählte Positionen): Tarifindex;WZ08-74;Sonst. freiberufl.,wissenschaftl. u. techn.Tätigk.;91,8;2020=100;VST072;Index d.tarifl. Stundenverdienste mit Sonderzahl.
62221;Vj. Index der Tarifverdienste und Arbeitszeiten;JAHR;Jahr;2017;DINSGF;Früheres Bundesgebiet / Neue Länder;DN;Neue Länder;WZ08C7;WZ2008 (ausgewählte Positionen): Tarifindex;WZ08-74;Sonst. freiberufl.,wissenschaftl. u. techn.Tätigk.;91,8;2020=100;VST073;Index d.tarifl. Monatsverdienste mit Sonderzahl.
62221;Vj. Index der Tarifverdienste und Arbeitszeiten;JAHR;Jahr;2017;DINSGF;Früheres Bundesgebiet / Neue Länder;DN;Neue Länder;WZ08C7;WZ2008 (ausgewählte Positionen): Tarifindex;WZ08-74;Sonst. freiberufl.,wissenschaftl. u. techn.Tätigk.;39,6;h;VST019;Durchschnittliche tarifliche Wochenarbeitszeit
62221;Vj. Index der Tarifverdienste und Arbeitszeiten;JAHR;Jahr;2017;DINSGF;Früheres Bundesgebiet / Neue Länder;DN;Neue Länder;WZ08C7;WZ2008 (ausgewählte Positionen): Tarifindex;WZ08-74;Sonst. freiberufl.,wissenschaftl. u. techn.Tätigk.;92,1;2020=100;VST066;Index d.tarifl. Monatsverdienste ohne Sonderzahl.
62221;Vj. Index der Tarifverdienste und Arbeitszeiten;JAHR;Jahr;2017;DINSGF;Früheres Bundesgebiet / Neue Länder;DN;Neue Länder;WZ08C7;WZ2008 (ausgewählte Positionen): Tarifindex;WZ08-74;Sonst. freiberufl.,wissenschaftl. u. techn.Tätigk.;100,0;2020=100;VST018;Index der tariflichen Wochenarbeitszeit
62221;Vj. Index der Tarifverdienste und Arbeitszeiten;JAHR;Jahr;2017;DINSGF;Früheres Bundesgebiet / Neue Länder;DN;Neue Länder;WZ08C7;WZ2008 (ausgewählte Positionen): Tarifindex;WZ08-74;Sonst. freiberufl.,wissenschaftl. u. techn.Tätigk.;92,1;2020=100;VST065;Index d.tarifl. Stundenverdienste ohne Sonderzahl.
62221;Vj. Index der Tarifverdienste und Arbeitszeiten;JAHR;Jahr;2019;DINSGF;Früheres Bundesgebiet / Neue Länder;DF;Früheres Bundesgebiet;WZ08C7;WZ2008 (ausgewählte Positionen): Tarifindex;WZ08-10;Herstellung von Nahrungs- und Futtermitteln;98,0;2020=100;VST072;Index d.tarifl. Stundenverdienste mit Sonderzahl.
62221;Vj. Index der Tarifverdienste und Arbeitszeiten;JAHR;Jahr;2019;DINSGF;Früheres Bundesgebiet / Neue Länder;DF;Früheres Bundesgebiet;WZ08C7;WZ2008 (ausgewählte Positionen): Tarifindex;WZ08-10;Herstellung von Nahrungs- und Futtermitteln;98,0;2020=100;VST073;Index d.tarifl. Monatsverdienste mit Sonderzahl.
62221;Vj. Index der Tarifverdienste und Arbeitszeiten;JAHR;Jahr;2019;DINSGF;Früheres Bundesgebiet / Neue Länder;DF;Früheres Bundesgebiet;WZ08C7;WZ2008 (ausgewählte Positionen): Tarifindex;WZ08-10;Herstellung von Nahrungs- und Futtermitteln;38,3;h;VST019;Durchschnittliche tarifliche Wochenarbeitszeit
62221;Vj. Index der Tarifverdienste und Arbeitszeiten;JAHR;Jahr;2019;DINSGF;Früheres Bundesgebiet / Neue Länder;DF;Früheres Bundesgebiet;WZ08C7;WZ2008 (ausgewählte Positionen): Tarifindex;WZ08-10;Herstellung von Nahrungs- und Futtermitteln;98,1;2020=100;VST066;Index d.tarifl. Monatsverdienste ohne Sonderzahl.
62221;Vj. Index der Tarifverdienste und Arbeitszeiten;JAHR;Jahr;2019;DINSGF;Früheres Bundesgebiet / Neue Länder;DF;Früheres Bundesgebiet;WZ08C7;WZ2008 (ausgewählte Positionen): Tarifindex;WZ08-10;Herstellung von Nahrungs- und Futtermitteln;100,0;2020=100;VST018;Index der tariflichen Wochenarbeitszeit
62221;Vj. Index der Tarifverdienste und Arbeitszeiten;JAHR;Jahr;2019;DINSGF;Früheres Bundesgebiet / Neue Länder;DF;Früheres Bundesgebiet;WZ08C7;WZ2008 (ausgewählte Positionen): Tarifindex;WZ08-10;Herstellung von Nahrungs- und Futtermitteln;98,1;2020=100;VST065;Index d.tarifl. Stundenverdienste ohne Sonderzahl.
62221;Vj. Index der Tarifverdienste und Arbeitszeiten;JAHR;Jahr;2019;DINSGF;Früheres Bundesgebiet / Neue Länder;DF;Früheres Bundesgebiet;WZ08C7;WZ2008 (ausgewählte Positionen): Tarifindex;WZ08-19;Kokerei und Mineralölverarbeitung;98,0;2020=100;VST072;Index d.tarifl. Stundenverdienste mit Sonderzahl.
62221;Vj. Index der Tarifverdienste und Arbeitszeiten;JAHR;Jahr;2019;DINSGF;Früheres Bundesgebiet / Neue Länder;DF;Früheres Bundesgebiet;WZ08C7;WZ2008 (ausgewählte Positionen): Tarifindex;WZ08-19;Kokerei und Mineralölverarbeitung;98,0;2020=100;VST073;Index d.tarifl. Monatsverdienste mit Sonderzahl.
62221;Vj. Index der Tarifverdienste und Arbeitszeiten;JAHR;Jahr;2019;DINSGF;Früheres Bundesgebiet / Neue Länder;DF;Früheres Bundesgebiet;WZ08C7;WZ2008 (ausgewählte Positionen): Tarifindex;WZ08-19;Kokerei und Mineralölverarbeitung;37,8;h;VST019;Durchschnittliche tarifliche Wochenarbeitszeit
62221;Vj. Index der Tarifverdienste und Arbeitszeiten;JAHR;Jahr;2019;DINSGF;Früheres Bundesgebiet / Neue Länder;DF;Früheres Bundesgebiet;WZ08C7;WZ2008 (ausgewählte Positionen): Tarifindex;WZ08-19;Kokerei und Mineralölverarbeitung;98,6;2020=100;VST066;Index d.tarifl. Monatsverdienste ohne Sonderzahl.
62221;Vj. Index der Tarifverdienste und Arbeitszeiten;JAHR;Jahr;2019;DINSGF;Früheres Bundesgebiet / Neue Länder;DF;Früheres Bundesgebiet;WZ08C7;WZ2008 (ausgewählte Positionen): Tarifindex;WZ08-19;Kokerei und Mineralölverarbeitung;100,0;2020=100;VST018;Index der tariflichen Wochenarbeitszeit
62221;Vj. Index der Tarifverdienste und Arbeitszeiten;JAHR;Jahr;2019;DINSGF;Früheres Bundesgebiet / Neue Länder;DF;Früheres Bundesgebiet;WZ08C7;WZ2008 (ausgewählte Positionen): Tarifindex;WZ08-19;Kokerei und Mineralölverarbeitung;98,6;2020=100;VST065;Index d.tarifl. Stundenverdienste ohne Sonderzahl.
62221;Vj. Index der Tarifverdienste und Arbeitszeiten;JAHR;Jahr;2019;DINSGF;Früheres Bundesgebiet / Neue Länder;DF;Früheres Bundesgebiet;WZ08C7;WZ2008 (ausgewählte Positionen): Tarifindex;WZ-X001;Vorleistungsgüterproduzenten;98,8;2020=100;VST072;Index d.tarifl. Stundenverdienste mit Sonderzahl.
62221;Vj. Index der Tarifverdienste und Arbeitszeiten;JAHR;Jahr;2019;DINSGF;Früheres Bundesgebiet / Neue Länder;DF;Früheres Bundesgebiet;WZ08C7;WZ2008 (ausgewählte Positionen): Tarifindex;WZ-X001;Vorleistungsgüterproduzenten;98,8;2020=100;VST073;Index d.tarifl. Monatsverdienste mit Sonderzahl.
62221;Vj. Index der Tarifverdienste und Arbeitszeiten;JAHR;Jahr;2019;DINSGF;Früheres Bundesgebiet / Neue Länder;DF;Früheres Bundesgebiet;WZ08C7;WZ2008 (ausgewählte Positionen): Tarifindex;WZ-X001;Vorleistungsgüterproduzenten;36,7;h;VST019;Durchschnittliche tarifliche Wochenarbeitszeit
62221;Vj. Index der Tarifverdienste und Arbeitszeiten;JAHR;Jahr;2019;DINSGF;Früheres Bundesgebiet / Neue Länder;DF;Früheres Bundesgebiet;WZ08C7;WZ2008 (ausgewählte Positionen): Tarifindex;WZ-X001;Vorleistungsgüterproduzenten;99,1;2020=100;VST066;Index d.tarifl. Monatsverdienste ohne Sonderzahl.
62221;Vj. Index der Tarifverdienste und Arbeitszeiten;JAHR;Jahr;2019;DINSGF;Früheres Bundesgebiet / Neue Länder;DF;Früheres Bundesgebiet;WZ08C7;WZ2008 (ausgewählte Positionen): Tarifindex;WZ-X001;Vorleistungsgüterproduzenten;100,0;2020=100;VST018;Index der tariflichen Wochenarbeitszeit
62221;Vj. Index der Tarifverdienste und Arbeitszeiten;JAHR;Jahr;2019;DINSGF;Früheres Bundesgebiet / Neue Länder;DF;Früheres Bundesgebiet;WZ08C7;WZ2008 (ausgewählte Positionen): Tarifindex;WZ-X001;Vorleistungsgüterproduzenten;99,1;2020=100;VST065;Index d.tarifl. Stundenverdienste ohne Sonderzahl.
62221;Vj. Index der Tarifverdienste und Arbeitszeiten;JAHR;Jahr;2019;DINSGF;Früheres Bundesgebiet / Neue Länder;DF;Früheres Bundesgebiet;WZ08C7;WZ2008 (ausgewählte Positionen): Tarifindex;WZ08-22;Herstellung von Gummi- und Kunststoffwaren;98,3;2020=100;VST072;Index d.tarifl. Stundenverdienste mit Sonderzahl.
62221;Vj. Index der Tarifverdienste und Arbeitszeiten;JAHR;Jahr;2019;DINSGF;Früheres Bundesgebiet / Neue Länder;DF;Früheres Bundesgebiet;WZ08C7;WZ2008 (ausgewählte Positionen): Tarifindex;WZ08-22;Herstellung von Gummi- und Kunststoffwaren;98,3;2020=100;VST073;Index d.tarifl. Monatsverdienste mit Sonderzahl.
62221;Vj. Index der Tarifverdienste und Arbeitszeiten;JAHR;Jahr;2019;DINSGF;Früheres Bundesgebiet / Neue Länder;DF;Früheres Bundesgebiet;WZ08C7;WZ2008 (ausgewählte Positionen): Tarifindex;WZ08-22;Herstellung von Gummi- und Kunststoffwaren;37,0;h;VST019;Durchschnittliche tarifliche Wochenarbeitszeit
62221;Vj. Index der Tarifverdienste und Arbeitszeiten;JAHR;Jahr;2019;DINSGF;Früheres Bundesgebiet / Neue Länder;DF;Früheres Bundesgebiet;WZ08C7;WZ2008 (ausgewählte Positionen): Tarifindex;WZ08-22;Herstellung von Gummi- und Kunststoffwaren;98,9;2020=100;VST066;Index d.tarifl. Monatsverdienste ohne Sonderzahl.
62221;Vj. Index der Tarifverdienste und Arbeitszeiten;JAHR;Jahr;2019;DINSGF;Früheres Bundesgebiet / Neue Länder;DF;Früheres Bundesgebiet;WZ08C7;WZ2008 (ausgewählte Positionen): Tarifindex;WZ08-22;Herstellung von Gummi- und Kunststoffwaren;100,0;2020=100;VST018;Index der tariflichen Wochenarbeitszeit
62221;Vj. Index der Tarifverdienste und Arbeitszeiten;JAHR;Jahr;2019;DINSGF;Früheres Bundesgebiet / Neue Länder;DF;Früheres Bundesgebiet;WZ08C7;WZ2008 (ausgewählte Positionen): Tarifindex;WZ08-22;Herstellung von Gummi- und Kunststoffwaren;98,9;2020=100;VST065;Index d.tarifl. Stundenverdienste ohne Sonderzahl.
62221;Vj. Index der Tarifverdienste und Arbeitszeiten;JAHR;Jahr;2018;DINSGF;Früheres Bundesgebiet / Neue Länder;DN;Neue Länder;WZ08C7;WZ2008 (ausgewählte Positionen): Tarifindex;WZ08-72;Forschung und Entwicklung;94,8;2020=100;VST072;Index d.tarifl. Stundenverdienste mit Sonderzahl.
62221;Vj. Index der Tarifverdienste und Arbeitszeiten;JAHR;Jahr;2018;DINSGF;Früheres Bundesgebiet / Neue Länder;DN;Neue Länder;WZ08C7;WZ2008 (ausgewählte Positionen): Tarifindex;WZ08-72;Forschung und Entwicklung;94,8;2020=100;VST073;Index d.tarifl. Monatsverdienste mit Sonderzahl.
62221;Vj. Index der Tarifverdienste und Arbeitszeiten;JAHR;Jahr;2018;DINSGF;Früheres Bundesgebiet / Neue Länder;DN;Neue Länder;WZ08C7;WZ2008 (ausgewählte Positionen): Tarifindex;WZ08-72;Forschung und Entwicklung;38,8;h;VST019;Durchschnittliche tarifliche Wochenarbeitszeit
62221;Vj. Index der Tarifverdienste und Arbeitszeiten;JAHR;Jahr;2018;DINSGF;Früheres Bundesgebiet / Neue Länder;DN;Neue Länder;WZ08C7;WZ2008 (ausgewählte Positionen): Tarifindex;WZ08-72;Forschung und Entwicklung;94,2;2020=100;VST066;Index d.tarifl. Monatsverdienste ohne Sonderzahl.
62221;Vj. Index der Tarifverdienste und Arbeitszeiten;JAHR;Jahr;2018;DINSGF;Früheres Bundesgebiet / Neue Länder;DN;Neue Länder;WZ08C7;WZ2008 (ausgewählte Positionen): Tarifindex;WZ08-72;Forschung und Entwicklung;100,0;2020=100;VST018;Index der tariflichen Wochenarbeitszeit
62221;Vj. Index der Tarifverdienste und Arbeitszeiten;JAHR;Jahr;2018;DINSGF;Früheres Bundesgebiet / Neue Länder;DN;Neue Länder;WZ08C7;WZ2008 (ausgewählte Positionen): Tarifindex;WZ08-72;Forschung und Entwicklung;94,2;2020=100;VST065;Index d.tarifl. Stundenverdienste ohne Sonderzahl.
62221;Vj. Index der Tarifverdienste und Arbeitszeiten;JAHR;Jahr;2019;DINSGF;Früheres Bundesgebiet / Neue Länder;DF;Früheres Bundesgebiet;WZ08C7;WZ2008 (ausgewählte Positionen): Tarifindex;WZ08-52-01;Lagerei und Kurierdienste;97,5;2020=100;VST072;Index d.tarifl. Stundenverdienste mit Sonderzahl.
62221;Vj. Index der Tarifverdienste und Arbeitszeiten;JAHR;Jahr;2019;DINSGF;Früheres Bundesgebiet / Neue Länder;DF;Früheres Bundesgebiet;WZ08C7;WZ2008 (ausgewählte Positionen): Tarifindex;WZ08-52-01;Lagerei und Kurierdienste;97,5;2020=100;VST073;Index d.tarifl. Monatsverdienste mit Sonderzahl.
62221;Vj. Index der Tarifverdienste und Arbeitszeiten;JAHR;Jahr;2019;DINSGF;Früheres Bundesgebiet / Neue Länder;DF;Früheres Bundesgebiet;WZ08C7;WZ2008 (ausgewählte Positionen): Tarifindex;WZ08-52-01;Lagerei und Kurierdienste;38,8;h;VST019;Durchschnittliche tarifliche Wochenarbeitszeit
62221;Vj. Index der Tarifverdienste und Arbeitszeiten;JAHR;Jahr;2019;DINSGF;Früheres Bundesgebiet / Neue Länder;DF;Früheres Bundesgebiet;WZ08C7;WZ2008 (ausgewählte Positionen): Tarifindex;WZ08-52-01;Lagerei und Kurierdienste;98,0;2020=100;VST066;Index d.tarifl. Monatsverdienste ohne Sonderzahl.
62221;Vj. Index der Tarifverdienste und Arbeitszeiten;JAHR;Jahr;2019;DINSGF;Früheres Bundesgebiet / Neue Länder;DF;Früheres Bundesgebiet;WZ08C7;WZ2008 (ausgewählte Positionen): Tarifindex;WZ08-52-01;Lagerei und Kurierdienste;100,0;2020=100;VST018;Index der tariflichen Wochenarbeitszeit
62221;Vj. Index der Tarifverdienste und Arbeitszeiten;JAHR;Jahr;2019;DINSGF;Früheres Bundesgebiet / Neue Länder;DF;Früheres Bundesgebiet;WZ08C7;WZ2008 (ausgewählte Positionen): Tarifindex;WZ08-52-01;Lagerei und Kurierdienste;98,0;2020=100;VST065;Index d.tarifl. Stundenverdienste ohne Sonderzahl.
62221;Vj. Index der Tarifverdienste und Arbeitszeiten;JAHR;Jahr;2017;DINSGF;Früheres Bundesgebiet / Neue Länder;DN;Neue Länder;WZ08C7;WZ2008 (ausgewählte Positionen): Tarifindex;WZ08-68;Grundstücks- und Wohnungswesen;93,1;2020=100;VST072;Index d.tarifl. Stundenverdienste mit Sonderzahl.
62221;Vj. Index der Tarifverdienste und Arbeitszeiten;JAHR;Jahr;2017;DINSGF;Früheres Bundesgebiet / Neue Länder;DN;Neue Länder;WZ08C7;WZ2008 (ausgewählte Positionen): Tarifindex;WZ08-68;Grundstücks- und Wohnungswesen;93,1;2020=100;VST073;Index d.tarifl. Monatsverdienste mit Sonderzahl.
62221;Vj. Index der Tarifverdienste und Arbeitszeiten;JAHR;Jahr;2017;DINSGF;Früheres Bundesgebiet / Neue Länder;DN;Neue Länder;WZ08C7;WZ2008 (ausgewählte Positionen): Tarifindex;WZ08-68;Grundstücks- und Wohnungswesen;37,2;h;VST019;Durchschnittliche tarifliche Wochenarbeitszeit
62221;Vj. Index der Tarifverdienste und Arbeitszeiten;JAHR;Jahr;2017;DINSGF;Früheres Bundesgebiet / Neue Länder;DN;Neue Länder;WZ08C7;WZ2008 (ausgewählte Positionen): Tarifindex;WZ08-68;Grundstücks- und Wohnungswesen;93,9;2020=100;VST066;Index d.tarifl. Monatsverdienste ohne Sonderzahl.
62221;Vj. Index der Tarifverdienste und Arbeitszeiten;JAHR;Jahr;2017;DINSGF;Früheres Bundesgebiet / Neue Länder;DN;Neue Länder;WZ08C7;WZ2008 (ausgewählte Positionen): Tarifindex;WZ08-68;Grundstücks- und Wohnungswesen;100,0;2020=100;VST018;Index der tariflichen Wochenarbeitszeit
62221;Vj. Index der Tarifverdienste und Arbeitszeiten;JAHR;Jahr;2017;DINSGF;Früheres Bundesgebiet / Neue Länder;DN;Neue Länder;WZ08C7;WZ2008 (ausgewählte Positionen): Tarifindex;WZ08-68;Grundstücks- und Wohnungswesen;93,9;2020=100;VST065;Index d.tarifl. Stundenverdienste ohne Sonderzahl.
62221;Vj. Index der Tarifverdienste und Arbeitszeiten;JAHR;Jahr;2018;DINSGF;Früheres Bundesgebiet / Neue Länder;DN;Neue Länder;WZ08C7;WZ2008 (ausgewählte Positionen): Tarifindex;WZ08-75;Veterinärwesen;94,3;2020=100;VST072;Index d.tarifl. Stundenverdienste mit Sonderzahl.
62221;Vj. Index der Tarifverdienste und Arbeitszeiten;JAHR;Jahr;2018;DINSGF;Früheres Bundesgebiet / Neue Länder;DN;Neue Länder;WZ08C7;WZ2008 (ausgewählte Positionen): Tarifindex;WZ08-75;Veterinärwesen;94,3;2020=100;VST073;Index d.tarifl. Monatsverdienste mit Sonderzahl.
62221;Vj. Index der Tarifverdienste und Arbeitszeiten;JAHR;Jahr;2018;DINSGF;Früheres Bundesgebiet / Neue Länder;DN;Neue Länder;WZ08C7;WZ2008 (ausgewählte Positionen): Tarifindex;WZ08-75;Veterinärwesen;39,7;h;VST019;Durchschnittliche tarifliche Wochenarbeitszeit
62221;Vj. Index der Tarifverdienste und Arbeitszeiten;JAHR;Jahr;2018;DINSGF;Früheres Bundesgebiet / Neue Länder;DN;Neue Länder;WZ08C7;WZ2008 (ausgewählte Positionen): Tarifindex;WZ08-75;Veterinärwesen;94,0;2020=100;VST066;Index d.tarifl. Monatsverdienste ohne Sonderzahl.
62221;Vj. Index der Tarifverdienste und Arbeitszeiten;JAHR;Jahr;2018;DINSGF;Früheres Bundesgebiet / Neue Länder;DN;Neue Länder;WZ08C7;WZ2008 (ausgewählte Positionen): Tarifindex;WZ08-75;Veterinärwesen;100,0;2020=100;VST018;Index der tariflichen Wochenarbeitszeit
62221;Vj. Index der Tarifverdienste und Arbeitszeiten;JAHR;Jahr;2018;DINSGF;Früheres Bundesgebiet / Neue Länder;DN;Neue Länder;WZ08C7;WZ2008 (ausgewählte Positionen): Tarifindex;WZ08-75;Veterinärwesen;94,0;2020=100;VST065;Index d.tarifl. Stundenverdienste ohne Sonderzahl.
62221;Vj. Index der Tarifverdienste und Arbeitszeiten;JAHR;Jahr;2018;DINSGF;Früheres Bundesgebiet / Neue Länder;DN;Neue Länder;WZ08C7;WZ2008 (ausgewählte Positionen): Tarifindex;WZ08-18;H.v. Druckerz., Vervielf.v.Ton-,Bild-,Datenträgern;97,0;2020=100;VST072;Index d.tarifl. Stundenverdienste mit Sonderzahl.
62221;Vj. Index der Tarifverdienste und Arbeitszeiten;JAHR;Jahr;2018;DINSGF;Früheres Bundesgebiet / Neue Länder;DN;Neue Länder;WZ08C7;WZ2008 (ausgewählte Positionen): Tarifindex;WZ08-18;H.v. Druckerz., Vervielf.v.Ton-,Bild-,Datenträgern;97,0;2020=100;VST073;Index d.tarifl. Monatsverdienste mit Sonderzahl.
62221;Vj. Index der Tarifverdienste und Arbeitszeiten;JAHR;Jahr;2018;DINSGF;Früheres Bundesgebiet / Neue Länder;DN;Neue Länder;WZ08C7;WZ2008 (ausgewählte Positionen): Tarifindex;WZ08-18;H.v. Druckerz., Vervielf.v.Ton-,Bild-,Datenträgern;38,0;h;VST019;Durchschnittliche tarifliche Wochenarbeitszeit
62221;Vj. Index der Tarifverdienste und Arbeitszeiten;JAHR;Jahr;2018;DINSGF;Früheres Bundesgebiet / Neue Länder;DN;Neue Länder;WZ08C7;WZ2008 (ausgewählte Positionen): Tarifindex;WZ08-18;H.v. Druckerz., Vervielf.v.Ton-,Bild-,Datenträgern;97,0;2020=100;VST066;Index d.tarifl. Monatsverdienste ohne Sonderzahl.
62221;Vj. Index der Tarifverdienste und Arbeitszeiten;JAHR;Jahr;2018;DINSGF;Früheres Bundesgebiet / Neue Länder;DN;Neue Länder;WZ08C7;WZ2008 (ausgewählte Positionen): Tarifindex;WZ08-18;H.v. Druckerz., Vervielf.v.Ton-,Bild-,Datenträgern;100,0;2020=100;VST018;Index der tariflichen Wochenarbeitszeit
62221;Vj. Index der Tarifverdienste und Arbeitszeiten;JAHR;Jahr;2018;DINSGF;Früheres Bundesgebiet / Neue Länder;DN;Neue Länder;WZ08C7;WZ2008 (ausgewählte Positionen): Tarifindex;WZ08-18;H.v. Druckerz., Vervielf.v.Ton-,Bild-,Datenträgern;97,0;2020=100;VST065;Index d.tarifl. Stundenverdienste ohne Sonderzahl.
62221;Vj. Index der Tarifverdienste und Arbeitszeiten;JAHR;Jahr;2024;DINSGF;Früheres Bundesgebiet / Neue Länder;DF;Früheres Bundesgebiet;WZ08C7;WZ2008 (ausgewählte Positionen): Tarifindex;WZ08-493;Sonstige Personenbeförderung im Landverkehr;114,4;2020=100;VST072;Index d.tarifl. Stundenverdienste mit Sonderzahl.
62221;Vj. Index der Tarifverdienste und Arbeitszeiten;JAHR;Jahr;2024;DINSGF;Früheres Bundesgebiet / Neue Länder;DF;Früheres Bundesgebiet;WZ08C7;WZ2008 (ausgewählte Positionen): Tarifindex;WZ08-493;Sonstige Personenbeförderung im Landverkehr;113,6;2020=100;VST073;Index d.tarifl. Monatsverdienste mit Sonderzahl.
62221;Vj. Index der Tarifverdienste und Arbeitszeiten;JAHR;Jahr;2024;DINSGF;Früheres Bundesgebiet / Neue Länder;DF;Früheres Bundesgebiet;WZ08C7;WZ2008 (ausgewählte Positionen): Tarifindex;WZ08-493;Sonstige Personenbeförderung im Landverkehr;38,8;h;VST019;Durchschnittliche tarifliche Wochenarbeitszeit
62221;Vj. Index der Tarifverdienste und Arbeitszeiten;JAHR;Jahr;2024;DINSGF;Früheres Bundesgebiet / Neue Länder;DF;Früheres Bundesgebiet;WZ08C7;WZ2008 (ausgewählte Positionen): Tarifindex;WZ08-493;Sonstige Personenbeförderung im Landverkehr;112,6;2020=100;VST066;Index d.tarifl. Monatsverdienste ohne Sonderzahl.
62221;Vj. Index der Tarifverdienste und Arbeitszeiten;JAHR;Jahr;2024;DINSGF;Früheres Bundesgebiet / Neue Länder;DF;Früheres Bundesgebiet;WZ08C7;WZ2008 (ausgewählte Positionen): Tarifindex;WZ08-493;Sonstige Personenbeförderung im Landverkehr;99,3;2020=100;VST018;Index der tariflichen Wochenarbeitszeit
62221;Vj. Index der Tarifverdienste und Arbeitszeiten;JAHR;Jahr;2024;DINSGF;Früheres Bundesgebiet / Neue Länder;DF;Früheres Bundesgebiet;WZ08C7;WZ2008 (ausgewählte Positionen): Tarifindex;WZ08-493;Sonstige Personenbeförderung im Landverkehr;113,4;2020=100;VST065;Index d.tarifl. Stundenverdienste ohne Sonderzahl.
62221;Vj. Index der Tarifverdienste und Arbeitszeiten;JAHR;Jahr;2025;DINSGF;Früheres Bundesgebiet / Neue Länder;DF;Früheres Bundesgebiet;WZ08C7;WZ2008 (ausgewählte Positionen): Tarifindex;WZ08-24;Metallerzeugung und -bearbeitung;113,6;2020=100;VST072;Index d.tarifl. Stundenverdienste mit Sonderzahl.
62221;Vj. Index der Tarifverdienste und Arbeitszeiten;JAHR;Jahr;2025;DINSGF;Früheres Bundesgebiet / Neue Länder;DF;Früheres Bundesgebiet;WZ08C7;WZ2008 (ausgewählte Positionen): Tarifindex;WZ08-24;Metallerzeugung und -bearbeitung;113,6;2020=100;VST073;Index d.tarifl. Monatsverdienste mit Sonderzahl.
62221;Vj. Index der Tarifverdienste und Arbeitszeiten;JAHR;Jahr;2025;DINSGF;Früheres Bundesgebiet / Neue Länder;DF;Früheres Bundesgebiet;WZ08C7;WZ2008 (ausgewählte Positionen): Tarifindex;WZ08-24;Metallerzeugung und -bearbeitung;35,2;h;VST019;Durchschnittliche tarifliche Wochenarbeitszeit
62221;Vj. Index der Tarifverdienste und Arbeitszeiten;JAHR;Jahr;2025;DINSGF;Früheres Bundesgebiet / Neue Länder;DF;Früheres Bundesgebiet;WZ08C7;WZ2008 (ausgewählte Positionen): Tarifindex;WZ08-24;Metallerzeugung und -bearbeitung;111,0;2020=100;VST066;Index d.tarifl. Monatsverdienste ohne Sonderzahl.
62221;Vj. Index der Tarifverdienste und Arbeitszeiten;JAHR;Jahr;2025;DINSGF;Früheres Bundesgebiet / Neue Länder;DF;Früheres Bundesgebiet;WZ08C7;WZ2008 (ausgewählte Positionen): Tarifindex;WZ08-24;Metallerzeugung und -bearbeitung;100,0;2020=100;VST018;Index der tariflichen Wochenarbeitszeit
62221;Vj. Index der Tarifverdienste und Arbeitszeiten;JAHR;Jahr;2025;DINSGF;Früheres Bundesgebiet / Neue Länder;DF;Früheres Bundesgebiet;WZ08C7;WZ2008 (ausgewählte Positionen): Tarifindex;WZ08-24;Metallerzeugung und -bearbeitung;111,0;2020=100;VST065;Index d.tarifl. Stundenverdienste ohne Sonderzahl.
62221;Vj. Index der Tarifverdienste und Arbeitszeiten;JAHR;Jahr;2021;DINSGF;Früheres Bundesgebiet / Neue Länder;DF;Früheres Bundesgebiet;WZ08C7;WZ2008 (ausgewählte Positionen): Tarifindex;WZ08-Q;Gesundheits- und Sozialwesen;101,6;2020=100;VST072;Index d.tarifl. Stundenverdienste mit Sonderzahl.
62221;Vj. Index der Tarifverdienste und Arbeitszeiten;JAHR;Jahr;2021;DINSGF;Früheres Bundesgebiet / Neue Länder;DF;Früheres Bundesgebiet;WZ08C7;WZ2008 (ausgewählte Positionen): Tarifindex;WZ08-Q;Gesundheits- und Sozialwesen;101,6;2020=100;VST073;Index d.tarifl. Monatsverdienste mit Sonderzahl.
62221;Vj. Index der Tarifverdienste und Arbeitszeiten;JAHR;Jahr;2021;DINSGF;Früheres Bundesgebiet / Neue Länder;DF;Früheres Bundesgebiet;WZ08C7;WZ2008 (ausgewählte Positionen): Tarifindex;WZ08-Q;Gesundheits- und Sozialwesen;39,2;h;VST019;Durchschnittliche tarifliche Wochenarbeitszeit
62221;Vj. Index der Tarifverdienste und Arbeitszeiten;JAHR;Jahr;2021;DINSGF;Früheres Bundesgebiet / Neue Länder;DF;Früheres Bundesgebiet;WZ08C7;WZ2008 (ausgewählte Positionen): Tarifindex;WZ08-Q;Gesundheits- und Sozialwesen;102,1;2020=100;VST066;Index d.tarifl. Monatsverdienste ohne Sonderzahl.
62221;Vj. Index der Tarifverdienste und Arbeitszeiten;JAHR;Jahr;2021;DINSGF;Früheres Bundesgebiet / Neue Länder;DF;Früheres Bundesgebiet;WZ08C7;WZ2008 (ausgewählte Positionen): Tarifindex;WZ08-Q;Gesundheits- und Sozialwesen;100,0;2020=100;VST018;Index der tariflichen Wochenarbeitszeit
62221;Vj. Index der Tarifverdienste und Arbeitszeiten;JAHR;Jahr;2021;DINSGF;Früheres Bundesgebiet / Neue Länder;DF;Früheres Bundesgebiet;WZ08C7;WZ2008 (ausgewählte Positionen): Tarifindex;WZ08-Q;Gesundheits- und Sozialwesen;102,1;2020=100;VST065;Index d.tarifl. Stundenverdienste ohne Sonderzahl.
62221;Vj. Index der Tarifverdienste und Arbeitszeiten;JAHR;Jahr;2020;DINSGF;Früheres Bundesgebiet / Neue Länder;DN;Neue Länder;WZ08C7;WZ2008 (ausgewählte Positionen): Tarifindex;WZ08-14;Herstellung von Bekleidung;-;2020=100;VST072;Index d.tarifl. Stundenverdienste mit Sonderzahl.
62221;Vj. Index der Tarifverdienste und Arbeitszeiten;JAHR;Jahr;2020;DINSGF;Früheres Bundesgebiet / Neue Länder;DN;Neue Länder;WZ08C7;WZ2008 (ausgewählte Positionen): Tarifindex;WZ08-14;Herstellung von Bekleidung;-;2020=100;VST073;Index d.tarifl. Monatsverdienste mit Sonderzahl.
62221;Vj. Index der Tarifverdienste und Arbeitszeiten;JAHR;Jahr;2020;DINSGF;Früheres Bundesgebiet / Neue Länder;DN;Neue Länder;WZ08C7;WZ2008 (ausgewählte Positionen): Tarifindex;WZ08-14;Herstellung von Bekleidung;-;h;VST019;Durchschnittliche tarifliche Wochenarbeitszeit
62221;Vj. Index der Tarifverdienste und Arbeitszeiten;JAHR;Jahr;2020;DINSGF;Früheres Bundesgebiet / Neue Länder;DN;Neue Länder;WZ08C7;WZ2008 (ausgewählte Positionen): Tarifindex;WZ08-14;Herstellung von Bekleidung;-;2020=100;VST066;Index d.tarifl. Monatsverdienste ohne Sonderzahl.
62221;Vj. Index der Tarifverdienste und Arbeitszeiten;JAHR;Jahr;2020;DINSGF;Früheres Bundesgebiet / Neue Länder;DN;Neue Länder;WZ08C7;WZ2008 (ausgewählte Positionen): Tarifindex;WZ08-14;Herstellung von Bekleidung;-;2020=100;VST018;Index der tariflichen Wochenarbeitszeit
62221;Vj. Index der Tarifverdienste und Arbeitszeiten;JAHR;Jahr;2020;DINSGF;Früheres Bundesgebiet / Neue Länder;DN;Neue Länder;WZ08C7;WZ2008 (ausgewählte Positionen): Tarifindex;WZ08-14;Herstellung von Bekleidung;-;2020=100;VST065;Index d.tarifl. Stundenverdienste ohne Sonderzahl.
62221;Vj. Index der Tarifverdienste und Arbeitszeiten;JAHR;Jahr;2025;DINSGF;Früheres Bundesgebiet / Neue Länder;DF;Früheres Bundesgebiet;WZ08C7;WZ2008 (ausgewählte Positionen): Tarifindex;WZ08-12;Tabakverarbeitung;117,0;2020=100;VST072;Index d.tarifl. Stundenverdienste mit Sonderzahl.
62221;Vj. Index der Tarifverdienste und Arbeitszeiten;JAHR;Jahr;2025;DINSGF;Früheres Bundesgebiet / Neue Länder;DF;Früheres Bundesgebiet;WZ08C7;WZ2008 (ausgewählte Positionen): Tarifindex;WZ08-12;Tabakverarbeitung;117,0;2020=100;VST073;Index d.tarifl. Monatsverdienste mit Sonderzahl.
62221;Vj. Index der Tarifverdienste und Arbeitszeiten;JAHR;Jahr;2025;DINSGF;Früheres Bundesgebiet / Neue Länder;DF;Früheres Bundesgebiet;WZ08C7;WZ2008 (ausgewählte Positionen): Tarifindex;WZ08-12;Tabakverarbeitung;37,8;h;VST019;Durchschnittliche tarifliche Wochenarbeitszeit
62221;Vj. Index der Tarifverdienste und Arbeitszeiten;JAHR;Jahr;2025;DINSGF;Früheres Bundesgebiet / Neue Länder;DF;Früheres Bundesgebiet;WZ08C7;WZ2008 (ausgewählte Positionen): Tarifindex;WZ08-12;Tabakverarbeitung;116,6;2020=100;VST066;Index d.tarifl. Monatsverdienste ohne Sonderzahl.
62221;Vj. Index der Tarifverdienste und Arbeitszeiten;JAHR;Jahr;2025;DINSGF;Früheres Bundesgebiet / Neue Länder;DF;Früheres Bundesgebiet;WZ08C7;WZ2008 (ausgewählte Positionen): Tarifindex;WZ08-12;Tabakverarbeitung;100,0;2020=100;VST018;Index der tariflichen Wochenarbeitszeit
62221;Vj. Index der Tarifverdienste und Arbeitszeiten;JAHR;Jahr;2025;DINSGF;Früheres Bundesgebiet / Neue Länder;DF;Früheres Bundesgebiet;WZ08C7;WZ2008 (ausgewählte Positionen): Tarifindex;WZ08-12;Tabakverarbeitung;116,6;2020=100;VST065;Index d.tarifl. Stundenverdienste ohne Sonderzahl.
62221;Vj. Index der Tarifverdienste und Arbeitszeiten;JAHR;Jahr;2020;DINSGF;Früheres Bundesgebiet / Neue Länder;DF;Früheres Bundesgebiet;WZ08C7;WZ2008 (ausgewählte Positionen): Tarifindex;WZ08-01-01;Land- und Forstwirtschaft;100,0;2020=100;VST072;Index d.tarifl. Stundenverdienste mit Sonderzahl.
62221;Vj. Index der Tarifverdienste und Arbeitszeiten;JAHR;Jahr;2020;DINSGF;Früheres Bundesgebiet / Neue Länder;DF;Früheres Bundesgebiet;WZ08C7;WZ2008 (ausgewählte Positionen): Tarifindex;WZ08-01-01;Land- und Forstwirtschaft;100,0;2020=100;VST073;Index d.tarifl. Monatsverdienste mit Sonderzahl.
62221;Vj. Index der Tarifverdienste und Arbeitszeiten;JAHR;Jahr;2020;DINSGF;Früheres Bundesgebiet / Neue Länder;DF;Früheres Bundesgebiet;WZ08C7;WZ2008 (ausgewählte Positionen): Tarifindex;WZ08-01-01;Land- und Forstwirtschaft;39,8;h;VST019;Durchschnittliche tarifliche Wochenarbeitszeit
62221;Vj. Index der Tarifverdienste und Arbeitszeiten;JAHR;Jahr;2020;DINSGF;Früheres Bundesgebiet / Neue Länder;DF;Früheres Bundesgebiet;WZ08C7;WZ2008 (ausgewählte Positionen): Tarifindex;WZ08-01-01;Land- und Forstwirtschaft;100,0;2020=100;VST066;Index d.tarifl. Monatsverdienste ohne Sonderzahl.
62221;Vj. Index der Tarifverdienste und Arbeitszeiten;JAHR;Jahr;2020;DINSGF;Früheres Bundesgebiet / Neue Länder;DF;Früheres Bundesgebiet;WZ08C7;WZ2008 (ausgewählte Positionen): Tarifindex;WZ08-01-01;Land- und Forstwirtschaft;100,0;2020=100;VST018;Index der tariflichen Wochenarbeitszeit
62221;Vj. Index der Tarifverdienste und Arbeitszeiten;JAHR;Jahr;2020;DINSGF;Früheres Bundesgebiet / Neue Länder;DF;Früheres Bundesgebiet;WZ08C7;WZ2008 (ausgewählte Positionen): Tarifindex;WZ08-01-01;Land- und Forstwirtschaft;100,0;2020=100;VST065;Index d.tarifl. Stundenverdienste ohne Sonderzahl.
62221;Vj. Index der Tarifverdienste und Arbeitszeiten;JAHR;Jahr;2017;DINSGF;Früheres Bundesgebiet / Neue Länder;DF;Früheres Bundesgebiet;WZ08C7;WZ2008 (ausgewählte Positionen): Tarifindex;WZ08-49;Landverkehr und Transport in Rohrfernleitungen;91,3;2020=100;VST072;Index d.tarifl. Stundenverdienste mit Sonderzahl.
62221;Vj. Index der Tarifverdienste und Arbeitszeiten;JAHR;Jahr;2017;DINSGF;Früheres Bundesgebiet / Neue Länder;DF;Früheres Bundesgebiet;WZ08C7;WZ2008 (ausgewählte Positionen): Tarifindex;WZ08-49;Landverkehr und Transport in Rohrfernleitungen;91,4;2020=100;VST073;Index d.tarifl. Monatsverdienste mit Sonderzahl.
62221;Vj. Index der Tarifverdienste und Arbeitszeiten;JAHR;Jahr;2017;DINSGF;Früheres Bundesgebiet / Neue Länder;DF;Früheres Bundesgebiet;WZ08C7;WZ2008 (ausgewählte Positionen): Tarifindex;WZ08-49;Landverkehr und Transport in Rohrfernleitungen;39,1;h;VST019;Durchschnittliche tarifliche Wochenarbeitszeit
62221;Vj. Index der Tarifverdienste und Arbeitszeiten;JAHR;Jahr;2017;DINSGF;Früheres Bundesgebiet / Neue Länder;DF;Früheres Bundesgebiet;WZ08C7;WZ2008 (ausgewählte Positionen): Tarifindex;WZ08-49;Landverkehr und Transport in Rohrfernleitungen;91,8;2020=100;VST066;Index d.tarifl. Monatsverdienste ohne Sonderzahl.
62221;Vj. Index der Tarifverdienste und Arbeitszeiten;JAHR;Jahr;2017;DINSGF;Früheres Bundesgebiet / Neue Länder;DF;Früheres Bundesgebiet;WZ08C7;WZ2008 (ausgewählte Positionen): Tarifindex;WZ08-49;Landverkehr und Transport in Rohrfernleitungen;100,1;2020=100;VST018;Index der tariflichen Wochenarbeitszeit
62221;Vj. Index der Tarifverdienste und Arbeitszeiten;JAHR;Jahr;2017;DINSGF;Früheres Bundesgebiet / Neue Länder;DF;Früheres Bundesgebiet;WZ08C7;WZ2008 (ausgewählte Positionen): Tarifindex;WZ08-49;Landverkehr und Transport in Rohrfernleitungen;91,7;2020=100;VST065;Index d.tarifl. Stundenverdienste ohne Sonderzahl.
62221;Vj. Index der Tarifverdienste und Arbeitszeiten;JAHR;Jahr;2017;DINSGF;Früheres Bundesgebiet / Neue Länder;DF;Früheres Bundesgebiet;WZ08C7;WZ2008 (ausgewählte Positionen): Tarifindex;WZ08-46;Großhandel (ohne Handel mit Kraftfahrzeugen);93,0;2020=100;VST072;Index d.tarifl. Stundenverdienste mit Sonderzahl.
62221;Vj. Index der Tarifverdienste und Arbeitszeiten;JAHR;Jahr;2017;DINSGF;Früheres Bundesgebiet / Neue Länder;DF;Früheres Bundesgebiet;WZ08C7;WZ2008 (ausgewählte Positionen): Tarifindex;WZ08-46;Großhandel (ohne Handel mit Kraftfahrzeugen);93,0;2020=100;VST073;Index d.tarifl. Monatsverdienste mit Sonderzahl.
62221;Vj. Index der Tarifverdienste und Arbeitszeiten;JAHR;Jahr;2017;DINSGF;Früheres Bundesgebiet / Neue Länder;DF;Früheres Bundesgebiet;WZ08C7;WZ2008 (ausgewählte Positionen): Tarifindex;WZ08-46;Großhandel (ohne Handel mit Kraftfahrzeugen);37,8;h;VST019;Durchschnittliche tarifliche Wochenarbeitszeit
62221;Vj. Index der Tarifverdienste und Arbeitszeiten;JAHR;Jahr;2017;DINSGF;Früheres Bundesgebiet / Neue Länder;DF;Früheres Bundesgebiet;WZ08C7;WZ2008 (ausgewählte Positionen): Tarifindex;WZ08-46;Großhandel (ohne Handel mit Kraftfahrzeugen);93,5;2020=100;VST066;Index d.tarifl. Monatsverdienste ohne Sonderzahl.
62221;Vj. Index der Tarifverdienste und Arbeitszeiten;JAHR;Jahr;2017;DINSGF;Früheres Bundesgebiet / Neue Länder;DF;Früheres Bundesgebiet;WZ08C7;WZ2008 (ausgewählte Positionen): Tarifindex;WZ08-46;Großhandel (ohne Handel mit Kraftfahrzeugen);100,0;2020=100;VST018;Index der tariflichen Wochenarbeitszeit
62221;Vj. Index der Tarifverdienste und Arbeitszeiten;JAHR;Jahr;2017;DINSGF;Früheres Bundesgebiet / Neue Länder;DF;Früheres Bundesgebiet;WZ08C7;WZ2008 (ausgewählte Positionen): Tarifindex;WZ08-46;Großhandel (ohne Handel mit Kraftfahrzeugen);93,5;2020=100;VST065;Index d.tarifl. Stundenverdienste ohne Sonderzahl.
62221;Vj. Index der Tarifverdienste und Arbeitszeiten;JAHR;Jahr;2021;DINSGF;Früheres Bundesgebiet / Neue Länder;DF;Früheres Bundesgebiet;WZ08C7;WZ2008 (ausgewählte Positionen): Tarifindex;WZ08-N;Sonstige wirtschaftliche Dienstleistungen;102,4;2020=100;VST072;Index d.tarifl. Stundenverdienste mit Sonderzahl.
62221;Vj. Index der Tarifverdienste und Arbeitszeiten;JAHR;Jahr;2021;DINSGF;Früheres Bundesgebiet / Neue Länder;DF;Früheres Bundesgebiet;WZ08C7;WZ2008 (ausgewählte Positionen): Tarifindex;WZ08-N;Sonstige wirtschaftliche Dienstleistungen;102,4;2020=100;VST073;Index d.tarifl. Monatsverdienste mit Sonderzahl.
62221;Vj. Index der Tarifverdienste und Arbeitszeiten;JAHR;Jahr;2021;DINSGF;Früheres Bundesgebiet / Neue Länder;DF;Früheres Bundesgebiet;WZ08C7;WZ2008 (ausgewählte Positionen): Tarifindex;WZ08-N;Sonstige wirtschaftliche Dienstleistungen;37,5;h;VST019;Durchschnittliche tarifliche Wochenarbeitszeit
62221;Vj. Index der Tarifverdienste und Arbeitszeiten;JAHR;Jahr;2021;DINSGF;Früheres Bundesgebiet / Neue Länder;DF;Früheres Bundesgebiet;WZ08C7;WZ2008 (ausgewählte Positionen): Tarifindex;WZ08-N;Sonstige wirtschaftliche Dienstleistungen;102,5;2020=100;VST066;Index d.tarifl. Monatsverdienste ohne Sonderzahl.
62221;Vj. Index der Tarifverdienste und Arbeitszeiten;JAHR;Jahr;2021;DINSGF;Früheres Bundesgebiet / Neue Länder;DF;Früheres Bundesgebiet;WZ08C7;WZ2008 (ausgewählte Positionen): Tarifindex;WZ08-N;Sonstige wirtschaftliche Dienstleistungen;100,0;2020=100;VST018;Index der tariflichen Wochenarbeitszeit
62221;Vj. Index der Tarifverdienste und Arbeitszeiten;JAHR;Jahr;2021;DINSGF;Früheres Bundesgebiet / Neue Länder;DF;Früheres Bundesgebiet;WZ08C7;WZ2008 (ausgewählte Positionen): Tarifindex;WZ08-N;Sonstige wirtschaftliche Dienstleistungen;102,5;2020=100;VST065;Index d.tarifl. Stundenverdienste ohne Sonderzahl.
62221;Vj. Index der Tarifverdienste und Arbeitszeiten;JAHR;Jahr;2019;DINSGF;Früheres Bundesgebiet / Neue Länder;DF;Früheres Bundesgebiet;WZ08C7;WZ2008 (ausgewählte Positionen): Tarifindex;WZ08-58;Verlagswesen;98,4;2020=100;VST072;Index d.tarifl. Stundenverdienste mit Sonderzahl.
62221;Vj. Index der Tarifverdienste und Arbeitszeiten;JAHR;Jahr;2019;DINSGF;Früheres Bundesgebiet / Neue Länder;DF;Früheres Bundesgebiet;WZ08C7;WZ2008 (ausgewählte Positionen): Tarifindex;WZ08-58;Verlagswesen;98,4;2020=100;VST073;Index d.tarifl. Monatsverdienste mit Sonderzahl.
62221;Vj. Index der Tarifverdienste und Arbeitszeiten;JAHR;Jahr;2019;DINSGF;Früheres Bundesgebiet / Neue Länder;DF;Früheres Bundesgebiet;WZ08C7;WZ2008 (ausgewählte Positionen): Tarifindex;WZ08-58;Verlagswesen;35,9;h;VST019;Durchschnittliche tarifliche Wochenarbeitszeit
62221;Vj. Index der Tarifverdienste und Arbeitszeiten;JAHR;Jahr;2019;DINSGF;Früheres Bundesgebiet / Neue Länder;DF;Früheres Bundesgebiet;WZ08C7;WZ2008 (ausgewählte Positionen): Tarifindex;WZ08-58;Verlagswesen;98,6;2020=100;VST066;Index d.tarifl. Monatsverdienste ohne Sonderzahl.
62221;Vj. Index der Tarifverdienste und Arbeitszeiten;JAHR;Jahr;2019;DINSGF;Früheres Bundesgebiet / Neue Länder;DF;Früheres Bundesgebiet;WZ08C7;WZ2008 (ausgewählte Positionen): Tarifindex;WZ08-58;Verlagswesen;100,0;2020=100;VST018;Index der tariflichen Wochenarbeitszeit
62221;Vj. Index der Tarifverdienste und Arbeitszeiten;JAHR;Jahr;2019;DINSGF;Früheres Bundesgebiet / Neue Länder;DF;Früheres Bundesgebiet;WZ08C7;WZ2008 (ausgewählte Positionen): Tarifindex;WZ08-58;Verlagswesen;98,6;2020=100;VST065;Index d.tarifl. Stundenverdienste ohne Sonderzahl.
62221;Vj. Index der Tarifverdienste und Arbeitszeiten;JAHR;Jahr;2019;DINSGF;Früheres Bundesgebiet / Neue Länder;DF;Früheres Bundesgebiet;WZ08C7;WZ2008 (ausgewählte Positionen): Tarifindex;WZ08-73;Werbung und Marktforschung;97,8;2020=100;VST072;Index d.tarifl. Stundenverdienste mit Sonderzahl.
62221;Vj. Index der Tarifverdienste und Arbeitszeiten;JAHR;Jahr;2019;DINSGF;Früheres Bundesgebiet / Neue Länder;DF;Früheres Bundesgebiet;WZ08C7;WZ2008 (ausgewählte Positionen): Tarifindex;WZ08-73;Werbung und Marktforschung;97,8;2020=100;VST073;Index d.tarifl. Monatsverdienste mit Sonderzahl.
62221;Vj. Index der Tarifverdienste und Arbeitszeiten;JAHR;Jahr;2019;DINSGF;Früheres Bundesgebiet / Neue Länder;DF;Früheres Bundesgebiet;WZ08C7;WZ2008 (ausgewählte Positionen): Tarifindex;WZ08-73;Werbung und Marktforschung;38,2;h;VST019;Durchschnittliche tarifliche Wochenarbeitszeit
62221;Vj. Index der Tarifverdienste und Arbeitszeiten;JAHR;Jahr;2019;DINSGF;Früheres Bundesgebiet / Neue Länder;DF;Früheres Bundesgebiet;WZ08C7;WZ2008 (ausgewählte Positionen): Tarifindex;WZ08-73;Werbung und Marktforschung;97,4;2020=100;VST066;Index d.tarifl. Monatsverdienste ohne Sonderzahl.
62221;Vj. Index der Tarifverdienste und Arbeitszeiten;JAHR;Jahr;2019;DINSGF;Früheres Bundesgebiet / Neue Länder;DF;Früheres Bundesgebiet;WZ08C7;WZ2008 (ausgewählte Positionen): Tarifindex;WZ08-73;Werbung und Marktforschung;100,0;2020=100;VST018;Index der tariflichen Wochenarbeitszeit
62221;Vj. Index der Tarifverdienste und Arbeitszeiten;JAHR;Jahr;2019;DINSGF;Früheres Bundesgebiet / Neue Länder;DF;Früheres Bundesgebiet;WZ08C7;WZ2008 (ausgewählte Positionen): Tarifindex;WZ08-73;Werbung und Marktforschung;97,4;2020=100;VST065;Index d.tarifl. Stundenverdienste ohne Sonderzahl.
62221;Vj. Index der Tarifverdienste und Arbeitszeiten;JAHR;Jahr;2018;DINSGF;Früheres Bundesgebiet / Neue Länder;DN;Neue Länder;WZ08C7;WZ2008 (ausgewählte Positionen): Tarifindex;WZ08-60;Rundfunkveranstalter;95,3;2020=100;VST072;Index d.tarifl. Stundenverdienste mit Sonderzahl.
62221;Vj. Index der Tarifverdienste und Arbeitszeiten;JAHR;Jahr;2018;DINSGF;Früheres Bundesgebiet / Neue Länder;DN;Neue Länder;WZ08C7;WZ2008 (ausgewählte Positionen): Tarifindex;WZ08-60;Rundfunkveranstalter;95,3;2020=100;VST073;Index d.tarifl. Monatsverdienste mit Sonderzahl.
62221;Vj. Index der Tarifverdienste und Arbeitszeiten;JAHR;Jahr;2018;DINSGF;Früheres Bundesgebiet / Neue Länder;DN;Neue Länder;WZ08C7;WZ2008 (ausgewählte Positionen): Tarifindex;WZ08-60;Rundfunkveranstalter;38,5;h;VST019;Durchschnittliche tarifliche Wochenarbeitszeit
62221;Vj. Index der Tarifverdienste und Arbeitszeiten;JAHR;Jahr;2018;DINSGF;Früheres Bundesgebiet / Neue Länder;DN;Neue Länder;WZ08C7;WZ2008 (ausgewählte Positionen): Tarifindex;WZ08-60;Rundfunkveranstalter;95,6;2020=100;VST066;Index d.tarifl. Monatsverdienste ohne Sonderzahl.
62221;Vj. Index der Tarifverdienste und Arbeitszeiten;JAHR;Jahr;2018;DINSGF;Früheres Bundesgebiet / Neue Länder;DN;Neue Länder;WZ08C7;WZ2008 (ausgewählte Positionen): Tarifindex;WZ08-60;Rundfunkveranstalter;100,0;2020=100;VST018;Index der tariflichen Wochenarbeitszeit
62221;Vj. Index der Tarifverdienste und Arbeitszeiten;JAHR;Jahr;2018;DINSGF;Früheres Bundesgebiet / Neue Länder;DN;Neue Länder;WZ08C7;WZ2008 (ausgewählte Positionen): Tarifindex;WZ08-60;Rundfunkveranstalter;95,6;2020=100;VST065;Index d.tarifl. Stundenverdienste ohne Sonderzahl.
62221;Vj. Index der Tarifverdienste und Arbeitszeiten;JAHR;Jahr;2021;DINSGF;Früheres Bundesgebiet / Neue Länder;DF;Früheres Bundesgebiet;WZ08C7;WZ2008 (ausgewählte Positionen): Tarifindex;WZ08-E;Wasserversorg.,Entsorg.,Beseitig.v.Umweltverschm.;100,6;2020=100;VST072;Index d.tarifl. Stundenverdienste mit Sonderzahl.
62221;Vj. Index der Tarifverdienste und Arbeitszeiten;JAHR;Jahr;2021;DINSGF;Früheres Bundesgebiet / Neue Länder;DF;Früheres Bundesgebiet;WZ08C7;WZ2008 (ausgewählte Positionen): Tarifindex;WZ08-E;Wasserversorg.,Entsorg.,Beseitig.v.Umweltverschm.;100,6;2020=100;VST073;Index d.tarifl. Monatsverdienste mit Sonderzahl.
62221;Vj. Index der Tarifverdienste und Arbeitszeiten;JAHR;Jahr;2021;DINSGF;Früheres Bundesgebiet / Neue Länder;DF;Früheres Bundesgebiet;WZ08C7;WZ2008 (ausgewählte Positionen): Tarifindex;WZ08-E;Wasserversorg.,Entsorg.,Beseitig.v.Umweltverschm.;38,9;h;VST019;Durchschnittliche tarifliche Wochenarbeitszeit
62221;Vj. Index der Tarifverdienste und Arbeitszeiten;JAHR;Jahr;2021;DINSGF;Früheres Bundesgebiet / Neue Länder;DF;Früheres Bundesgebiet;WZ08C7;WZ2008 (ausgewählte Positionen): Tarifindex;WZ08-E;Wasserversorg.,Entsorg.,Beseitig.v.Umweltverschm.;101,3;2020=100;VST066;Index d.tarifl. Monatsverdienste ohne Sonderzahl.
62221;Vj. Index der Tarifverdienste und Arbeitszeiten;JAHR;Jahr;2021;DINSGF;Früheres Bundesgebiet / Neue Länder;DF;Früheres Bundesgebiet;WZ08C7;WZ2008 (ausgewählte Positionen): Tarifindex;WZ08-E;Wasserversorg.,Entsorg.,Beseitig.v.Umweltverschm.;100,0;2020=100;VST018;Index der tariflichen Wochenarbeitszeit
62221;Vj. Index der Tarifverdienste und Arbeitszeiten;JAHR;Jahr;2021;DINSGF;Früheres Bundesgebiet / Neue Länder;DF;Früheres Bundesgebiet;WZ08C7;WZ2008 (ausgewählte Positionen): Tarifindex;WZ08-E;Wasserversorg.,Entsorg.,Beseitig.v.Umweltverschm.;101,3;2020=100;VST065;Index d.tarifl. Stundenverdienste ohne Sonderzahl.
62221;Vj. Index der Tarifverdienste und Arbeitszeiten;JAHR;Jahr;2020;DINSGF;Früheres Bundesgebiet / Neue Länder;DN;Neue Länder;WZ08C7;WZ2008 (ausgewählte Positionen): Tarifindex;WZ08-32;Herstellung von sonstigen Waren;100,0;2020=100;VST072;Index d.tarifl. Stundenverdienste mit Sonderzahl.
62221;Vj. Index der Tarifverdienste und Arbeitszeiten;JAHR;Jahr;2020;DINSGF;Früheres Bundesgebiet / Neue Länder;DN;Neue Länder;WZ08C7;WZ2008 (ausgewählte Positionen): Tarifindex;WZ08-32;Herstellung von sonstigen Waren;100,0;2020=100;VST073;Index d.tarifl. Monatsverdienste mit Sonderzahl.
62221;Vj. Index der Tarifverdienste und Arbeitszeiten;JAHR;Jahr;2020;DINSGF;Früheres Bundesgebiet / Neue Länder;DN;Neue Länder;WZ08C7;WZ2008 (ausgewählte Positionen): Tarifindex;WZ08-32;Herstellung von sonstigen Waren;38,0;h;VST019;Durchschnittliche tarifliche Wochenarbeitszeit
62221;Vj. Index der Tarifverdienste und Arbeitszeiten;JAHR;Jahr;2020;DINSGF;Früheres Bundesgebiet / Neue Länder;DN;Neue Länder;WZ08C7;WZ2008 (ausgewählte Positionen): Tarifindex;WZ08-32;Herstellung von sonstigen Waren;100,0;2020=100;VST066;Index d.tarifl. Monatsverdienste ohne Sonderzahl.
62221;Vj. Index der Tarifverdienste und Arbeitszeiten;JAHR;Jahr;2020;DINSGF;Früheres Bundesgebiet / Neue Länder;DN;Neue Länder;WZ08C7;WZ2008 (ausgewählte Positionen): Tarifindex;WZ08-32;Herstellung von sonstigen Waren;100,0;2020=100;VST018;Index der tariflichen Wochenarbeitszeit
62221;Vj. Index der Tarifverdienste und Arbeitszeiten;JAHR;Jahr;2020;DINSGF;Früheres Bundesgebiet / Neue Länder;DN;Neue Länder;WZ08C7;WZ2008 (ausgewählte Positionen): Tarifindex;WZ08-32;Herstellung von sonstigen Waren;100,0;2020=100;VST065;Index d.tarifl. Stundenverdienste ohne Sonderzahl.
62221;Vj. Index der Tarifverdienste und Arbeitszeiten;JAHR;Jahr;2019;DINSGF;Früheres Bundesgebiet / Neue Länder;DN;Neue Länder;WZ08C7;WZ2008 (ausgewählte Positionen): Tarifindex;WZ08-G-02;Dienstleistungsbereich;97,2;2020=100;VST072;Index d.tarifl. Stundenverdienste mit Sonderzahl.
62221;Vj. Index der Tarifverdienste und Arbeitszeiten;JAHR;Jahr;2019;DINSGF;Früheres Bundesgebiet / Neue Länder;DN;Neue Länder;WZ08C7;WZ2008 (ausgewählte Positionen): Tarifindex;WZ08-G-02;Dienstleistungsbereich;97,3;2020=100;VST073;Index d.tarifl. Monatsverdienste mit Sonderzahl.
62221;Vj. Index der Tarifverdienste und Arbeitszeiten;JAHR;Jahr;2019;DINSGF;Früheres Bundesgebiet / Neue Länder;DN;Neue Länder;WZ08C7;WZ2008 (ausgewählte Positionen): Tarifindex;WZ08-G-02;Dienstleistungsbereich;39,0;h;VST019;Durchschnittliche tarifliche Wochenarbeitszeit
62221;Vj. Index der Tarifverdienste und Arbeitszeiten;JAHR;Jahr;2019;DINSGF;Früheres Bundesgebiet / Neue Länder;DN;Neue Länder;WZ08C7;WZ2008 (ausgewählte Positionen): Tarifindex;WZ08-G-02;Dienstleistungsbereich;97,0;2020=100;VST066;Index d.tarifl. Monatsverdienste ohne Sonderzahl.
62221;Vj. Index der Tarifverdienste und Arbeitszeiten;JAHR;Jahr;2019;DINSGF;Früheres Bundesgebiet / Neue Länder;DN;Neue Länder;WZ08C7;WZ2008 (ausgewählte Positionen): Tarifindex;WZ08-G-02;Dienstleistungsbereich;100,0;2020=100;VST018;Index der tariflichen Wochenarbeitszeit
62221;Vj. Index der Tarifverdienste und Arbeitszeiten;JAHR;Jahr;2019;DINSGF;Früheres Bundesgebiet / Neue Länder;DN;Neue Länder;WZ08C7;WZ2008 (ausgewählte Positionen): Tarifindex;WZ08-G-02;Dienstleistungsbereich;97,0;2020=100;VST065;Index d.tarifl. Stundenverdienste ohne Sonderzahl.
62221;Vj. Index der Tarifverdienste und Arbeitszeiten;JAHR;Jahr;2020;DINSGF;Früheres Bundesgebiet / Neue Länder;DF;Früheres Bundesgebiet;WZ08C7;WZ2008 (ausgewählte Positionen): Tarifindex;WZ08-P;Erziehung und Unterricht;100,0;2020=100;VST072;Index d.tarifl. Stundenverdienste mit Sonderzahl.
62221;Vj. Index der Tarifverdienste und Arbeitszeiten;JAHR;Jahr;2020;DINSGF;Früheres Bundesgebiet / Neue Länder;DF;Früheres Bundesgebiet;WZ08C7;WZ2008 (ausgewählte Positionen): Tarifindex;WZ08-P;Erziehung und Unterricht;100,0;2020=100;VST073;Index d.tarifl. Monatsverdienste mit Sonderzahl.
62221;Vj. Index der Tarifverdienste und Arbeitszeiten;JAHR;Jahr;2020;DINSGF;Früheres Bundesgebiet / Neue Länder;DF;Früheres Bundesgebiet;WZ08C7;WZ2008 (ausgewählte Positionen): Tarifindex;WZ08-P;Erziehung und Unterricht;40,1;h;VST019;Durchschnittliche tarifliche Wochenarbeitszeit
62221;Vj. Index der Tarifverdienste und Arbeitszeiten;JAHR;Jahr;2020;DINSGF;Früheres Bundesgebiet / Neue Länder;DF;Früheres Bundesgebiet;WZ08C7;WZ2008 (ausgewählte Positionen): Tarifindex;WZ08-P;Erziehung und Unterricht;100,0;2020=100;VST066;Index d.tarifl. Monatsverdienste ohne Sonderzahl.
62221;Vj. Index der Tarifverdienste und Arbeitszeiten;JAHR;Jahr;2020;DINSGF;Früheres Bundesgebiet / Neue Länder;DF;Früheres Bundesgebiet;WZ08C7;WZ2008 (ausgewählte Positionen): Tarifindex;WZ08-P;Erziehung und Unterricht;100,0;2020=100;VST018;Index der tariflichen Wochenarbeitszeit
62221;Vj. Index der Tarifverdienste und Arbeitszeiten;JAHR;Jahr;2020;DINSGF;Früheres Bundesgebiet / Neue Länder;DF;Früheres Bundesgebiet;WZ08C7;WZ2008 (ausgewählte Positionen): Tarifindex;WZ08-P;Erziehung und Unterricht;100,0;2020=100;VST065;Index d.tarifl. Stundenverdienste ohne Sonderzahl.
62221;Vj. Index der Tarifverdienste und Arbeitszeiten;JAHR;Jahr;2025;DINSGF;Früheres Bundesgebiet / Neue Länder;DN;Neue Länder;WZ08C7;WZ2008 (ausgewählte Positionen): Tarifindex;WZ08-82;Dienstleistungen für Unternehmen u.Privatpers. ang;117,9;2020=100;VST072;Index d.tarifl. Stundenverdienste mit Sonderzahl.
62221;Vj. Index der Tarifverdienste und Arbeitszeiten;JAHR;Jahr;2025;DINSGF;Früheres Bundesgebiet / Neue Länder;DN;Neue Länder;WZ08C7;WZ2008 (ausgewählte Positionen): Tarifindex;WZ08-82;Dienstleistungen für Unternehmen u.Privatpers. ang;117,9;2020=100;VST073;Index d.tarifl. Monatsverdienste mit Sonderzahl.
62221;Vj. Index der Tarifverdienste und Arbeitszeiten;JAHR;Jahr;2025;DINSGF;Früheres Bundesgebiet / Neue Länder;DN;Neue Länder;WZ08C7;WZ2008 (ausgewählte Positionen): Tarifindex;WZ08-82;Dienstleistungen für Unternehmen u.Privatpers. ang;38,2;h;VST019;Durchschnittliche tarifliche Wochenarbeitszeit
62221;Vj. Index der Tarifverdienste und Arbeitszeiten;JAHR;Jahr;2025;DINSGF;Früheres Bundesgebiet / Neue Länder;DN;Neue Länder;WZ08C7;WZ2008 (ausgewählte Positionen): Tarifindex;WZ08-82;Dienstleistungen für Unternehmen u.Privatpers. ang;118,1;2020=100;VST066;Index d.tarifl. Monatsverdienste ohne Sonderzahl.
62221;Vj. Index der Tarifverdienste und Arbeitszeiten;JAHR;Jahr;2025;DINSGF;Früheres Bundesgebiet / Neue Länder;DN;Neue Länder;WZ08C7;WZ2008 (ausgewählte Positionen): Tarifindex;WZ08-82;Dienstleistungen für Unternehmen u.Privatpers. ang;100,0;2020=100;VST018;Index der tariflichen Wochenarbeitszeit
62221;Vj. Index der Tarifverdienste und Arbeitszeiten;JAHR;Jahr;2025;DINSGF;Früheres Bundesgebiet / Neue Länder;DN;Neue Länder;WZ08C7;WZ2008 (ausgewählte Positionen): Tarifindex;WZ08-82;Dienstleistungen für Unternehmen u.Privatpers. ang;118,1;2020=100;VST065;Index d.tarifl. Stundenverdienste ohne Sonderzahl.
62221;Vj. Index der Tarifverdienste und Arbeitszeiten;JAHR;Jahr;2018;DINSGF;Früheres Bundesgebiet / Neue Länder;DN;Neue Länder;WZ08C7;WZ2008 (ausgewählte Positionen): Tarifindex;WZ08-36;Wasserversorgung;94,9;2020=100;VST072;Index d.tarifl. Stundenverdienste mit Sonderzahl.
62221;Vj. Index der Tarifverdienste und Arbeitszeiten;JAHR;Jahr;2018;DINSGF;Früheres Bundesgebiet / Neue Länder;DN;Neue Länder;WZ08C7;WZ2008 (ausgewählte Positionen): Tarifindex;WZ08-36;Wasserversorgung;94,9;2020=100;VST073;Index d.tarifl. Monatsverdienste mit Sonderzahl.
62221;Vj. Index der Tarifverdienste und Arbeitszeiten;JAHR;Jahr;2018;DINSGF;Früheres Bundesgebiet / Neue Länder;DN;Neue Länder;WZ08C7;WZ2008 (ausgewählte Positionen): Tarifindex;WZ08-36;Wasserversorgung;39,0;h;VST019;Durchschnittliche tarifliche Wochenarbeitszeit
62221;Vj. Index der Tarifverdienste und Arbeitszeiten;JAHR;Jahr;2018;DINSGF;Früheres Bundesgebiet / Neue Länder;DN;Neue Länder;WZ08C7;WZ2008 (ausgewählte Positionen): Tarifindex;WZ08-36;Wasserversorgung;94,4;2020=100;VST066;Index d.tarifl. Monatsverdienste ohne Sonderzahl.
62221;Vj. Index der Tarifverdienste und Arbeitszeiten;JAHR;Jahr;2018;DINSGF;Früheres Bundesgebiet / Neue Länder;DN;Neue Länder;WZ08C7;WZ2008 (ausgewählte Positionen): Tarifindex;WZ08-36;Wasserversorgung;100,0;2020=100;VST018;Index der tariflichen Wochenarbeitszeit
62221;Vj. Index der Tarifverdienste und Arbeitszeiten;JAHR;Jahr;2018;DINSGF;Früheres Bundesgebiet / Neue Länder;DN;Neue Länder;WZ08C7;WZ2008 (ausgewählte Positionen): Tarifindex;WZ08-36;Wasserversorgung;94,4;2020=100;VST065;Index d.tarifl. Stundenverdienste ohne Sonderzahl.
62221;Vj. Index der Tarifverdienste und Arbeitszeiten;JAHR;Jahr;2017;DINSGF;Früheres Bundesgebiet / Neue Länder;DF;Früheres Bundesgebiet;WZ08C7;WZ2008 (ausgewählte Positionen): Tarifindex;WZ08-52;Lagerei, sonstige Dienstleistungen für den Verkehr;92,7;2020=100;VST072;Index d.tarifl. Stundenverdienste mit Sonderzahl.
62221;Vj. Index der Tarifverdienste und Arbeitszeiten;JAHR;Jahr;2017;DINSGF;Früheres Bundesgebiet / Neue Länder;DF;Früheres Bundesgebiet;WZ08C7;WZ2008 (ausgewählte Positionen): Tarifindex;WZ08-52;Lagerei, sonstige Dienstleistungen für den Verkehr;92,7;2020=100;VST073;Index d.tarifl. Monatsverdienste mit Sonderzahl.
62221;Vj. Index der Tarifverdienste und Arbeitszeiten;JAHR;Jahr;2017;DINSGF;Früheres Bundesgebiet / Neue Länder;DF;Früheres Bundesgebiet;WZ08C7;WZ2008 (ausgewählte Positionen): Tarifindex;WZ08-52;Lagerei, sonstige Dienstleistungen für den Verkehr;38,6;h;VST019;Durchschnittliche tarifliche Wochenarbeitszeit
62221;Vj. Index der Tarifverdienste und Arbeitszeiten;JAHR;Jahr;2017;DINSGF;Früheres Bundesgebiet / Neue Länder;DF;Früheres Bundesgebiet;WZ08C7;WZ2008 (ausgewählte Positionen): Tarifindex;WZ08-52;Lagerei, sonstige Dienstleistungen für den Verkehr;93,2;2020=100;VST066;Index d.tarifl. Monatsverdienste ohne Sonderzahl.
62221;Vj. Index der Tarifverdienste und Arbeitszeiten;JAHR;Jahr;2017;DINSGF;Früheres Bundesgebiet / Neue Länder;DF;Früheres Bundesgebiet;WZ08C7;WZ2008 (ausgewählte Positionen): Tarifindex;WZ08-52;Lagerei, sonstige Dienstleistungen für den Verkehr;100,0;2020=100;VST018;Index der tariflichen Wochenarbeitszeit
62221;Vj. Index der Tarifverdienste und Arbeitszeiten;JAHR;Jahr;2017;DINSGF;Früheres Bundesgebiet / Neue Länder;DF;Früheres Bundesgebiet;WZ08C7;WZ2008 (ausgewählte Positionen): Tarifindex;WZ08-52;Lagerei, sonstige Dienstleistungen für den Verkehr;93,2;2020=100;VST065;Index d.tarifl. Stundenverdienste ohne Sonderzahl.
62221;Vj. Index der Tarifverdienste und Arbeitszeiten;JAHR;Jahr;2019;DINSGF;Früheres Bundesgebiet / Neue Länder;DF;Früheres Bundesgebiet;WZ08C7;WZ2008 (ausgewählte Positionen): Tarifindex;WZ08-10-01;Ernährungsgewerbe und Tabakverarbeitung;97,9;2020=100;VST072;Index d.tarifl. Stundenverdienste mit Sonderzahl.
62221;Vj. Index der Tarifverdienste und Arbeitszeiten;JAHR;Jahr;2019;DINSGF;Früheres Bundesgebiet / Neue Länder;DF;Früheres Bundesgebiet;WZ08C7;WZ2008 (ausgewählte Positionen): Tarifindex;WZ08-10-01;Ernährungsgewerbe und Tabakverarbeitung;97,9;2020=100;VST073;Index d.tarifl. Monatsverdienste mit Sonderzahl.
62221;Vj. Index der Tarifverdienste und Arbeitszeiten;JAHR;Jahr;2019;DINSGF;Früheres Bundesgebiet / Neue Länder;DF;Früheres Bundesgebiet;WZ08C7;WZ2008 (ausgewählte Positionen): Tarifindex;WZ08-10-01;Ernährungsgewerbe und Tabakverarbeitung;38,3;h;VST019;Durchschnittliche tarifliche Wochenarbeitszeit
62221;Vj. Index der Tarifverdienste und Arbeitszeiten;JAHR;Jahr;2019;DINSGF;Früheres Bundesgebiet / Neue Länder;DF;Früheres Bundesgebiet;WZ08C7;WZ2008 (ausgewählte Positionen): Tarifindex;WZ08-10-01;Ernährungsgewerbe und Tabakverarbeitung;97,9;2020=100;VST066;Index d.tarifl. Monatsverdienste ohne Sonderzahl.
62221;Vj. Index der Tarifverdienste und Arbeitszeiten;JAHR;Jahr;2019;DINSGF;Früheres Bundesgebiet / Neue Länder;DF;Früheres Bundesgebiet;WZ08C7;WZ2008 (ausgewählte Positionen): Tarifindex;WZ08-10-01;Ernährungsgewerbe und Tabakverarbeitung;100,0;2020=100;VST018;Index der tariflichen Wochenarbeitszeit
62221;Vj. Index der Tarifverdienste und Arbeitszeiten;JAHR;Jahr;2019;DINSGF;Früheres Bundesgebiet / Neue Länder;DF;Früheres Bundesgebiet;WZ08C7;WZ2008 (ausgewählte Positionen): Tarifindex;WZ08-10-01;Ernährungsgewerbe und Tabakverarbeitung;97,9;2020=100;VST065;Index d.tarifl. Stundenverdienste ohne Sonderzahl.
62221;Vj. Index der Tarifverdienste und Arbeitszeiten;JAHR;Jahr;2021;DINSGF;Früheres Bundesgebiet / Neue Länder;DF;Früheres Bundesgebiet;WZ08C7;WZ2008 (ausgewählte Positionen): Tarifindex;WZ08-B;Bergbau und Gewinnung von Steinen und Erden;101,6;2020=100;VST072;Index d.tarifl. Stundenverdienste mit Sonderzahl.
62221;Vj. Index der Tarifverdienste und Arbeitszeiten;JAHR;Jahr;2021;DINSGF;Früheres Bundesgebiet / Neue Länder;DF;Früheres Bundesgebiet;WZ08C7;WZ2008 (ausgewählte Positionen): Tarifindex;WZ08-B;Bergbau und Gewinnung von Steinen und Erden;101,6;2020=100;VST073;Index d.tarifl. Monatsverdienste mit Sonderzahl.
62221;Vj. Index der Tarifverdienste und Arbeitszeiten;JAHR;Jahr;2021;DINSGF;Früheres Bundesgebiet / Neue Länder;DF;Früheres Bundesgebiet;WZ08C7;WZ2008 (ausgewählte Positionen): Tarifindex;WZ08-B;Bergbau und Gewinnung von Steinen und Erden;38,6;h;VST019;Durchschnittliche tarifliche Wochenarbeitszeit
62221;Vj. Index der Tarifverdienste und Arbeitszeiten;JAHR;Jahr;2021;DINSGF;Früheres Bundesgebiet / Neue Länder;DF;Früheres Bundesgebiet;WZ08C7;WZ2008 (ausgewählte Positionen): Tarifindex;WZ08-B;Bergbau und Gewinnung von Steinen und Erden;101,9;2020=100;VST066;Index d.tarifl. Monatsverdienste ohne Sonderzahl.
62221;Vj. Index der Tarifverdienste und Arbeitszeiten;JAHR;Jahr;2021;DINSGF;Früheres Bundesgebiet / Neue Länder;DF;Früheres Bundesgebiet;WZ08C7;WZ2008 (ausgewählte Positionen): Tarifindex;WZ08-B;Bergbau und Gewinnung von Steinen und Erden;100,0;2020=100;VST018;Index der tariflichen Wochenarbeitszeit
62221;Vj. Index der Tarifverdienste und Arbeitszeiten;JAHR;Jahr;2021;DINSGF;Früheres Bundesgebiet / Neue Länder;DF;Früheres Bundesgebiet;WZ08C7;WZ2008 (ausgewählte Positionen): Tarifindex;WZ08-B;Bergbau und Gewinnung von Steinen und Erden;101,9;2020=100;VST065;Index d.tarifl. Stundenverdienste ohne Sonderzahl.
62221;Vj. Index der Tarifverdienste und Arbeitszeiten;JAHR;Jahr;2020;DINSGF;Früheres Bundesgebiet / Neue Länder;DN;Neue Länder;WZ08C7;WZ2008 (ausgewählte Positionen): Tarifindex;WZ08-11;Getränkeherstellung;100,0;2020=100;VST072;Index d.tarifl. Stundenverdienste mit Sonderzahl.
62221;Vj. Index der Tarifverdienste und Arbeitszeiten;JAHR;Jahr;2020;DINSGF;Früheres Bundesgebiet / Neue Länder;DN;Neue Länder;WZ08C7;WZ2008 (ausgewählte Positionen): Tarifindex;WZ08-11;Getränkeherstellung;100,0;2020=100;VST073;Index d.tarifl. Monatsverdienste mit Sonderzahl.
62221;Vj. Index der Tarifverdienste und Arbeitszeiten;JAHR;Jahr;2020;DINSGF;Früheres Bundesgebiet / Neue Länder;DN;Neue Länder;WZ08C7;WZ2008 (ausgewählte Positionen): Tarifindex;WZ08-11;Getränkeherstellung;39,0;h;VST019;Durchschnittliche tarifliche Wochenarbeitszeit
62221;Vj. Index der Tarifverdienste und Arbeitszeiten;JAHR;Jahr;2020;DINSGF;Früheres Bundesgebiet / Neue Länder;DN;Neue Länder;WZ08C7;WZ2008 (ausgewählte Positionen): Tarifindex;WZ08-11;Getränkeherstellung;100,0;2020=100;VST066;Index d.tarifl. Monatsverdienste ohne Sonderzahl.
62221;Vj. Index der Tarifverdienste und Arbeitszeiten;JAHR;Jahr;2020;DINSGF;Früheres Bundesgebiet / Neue Länder;DN;Neue Länder;WZ08C7;WZ2008 (ausgewählte Positionen): Tarifindex;WZ08-11;Getränkeherstellung;100,0;2020=100;VST018;Index der tariflichen Wochenarbeitszeit
62221;Vj. Index der Tarifverdienste und Arbeitszeiten;JAHR;Jahr;2020;DINSGF;Früheres Bundesgebiet / Neue Länder;DN;Neue Länder;WZ08C7;WZ2008 (ausgewählte Positionen): Tarifindex;WZ08-11;Getränkeherstellung;100,0;2020=100;VST065;Index d.tarifl. Stundenverdienste ohne Sonderzahl.
62221;Vj. Index der Tarifverdienste und Arbeitszeiten;JAHR;Jahr;2024;DINSGF;Früheres Bundesgebiet / Neue Länder;DN;Neue Länder;WZ08C7;WZ2008 (ausgewählte Positionen): Tarifindex;WZ08-55-01;Gastgewerbe;124,7;2020=100;VST072;Index d.tarifl. Stundenverdienste mit Sonderzahl.
62221;Vj. Index der Tarifverdienste und Arbeitszeiten;JAHR;Jahr;2024;DINSGF;Früheres Bundesgebiet / Neue Länder;DN;Neue Länder;WZ08C7;WZ2008 (ausgewählte Positionen): Tarifindex;WZ08-55-01;Gastgewerbe;124,7;2020=100;VST073;Index d.tarifl. Monatsverdienste mit Sonderzahl.
62221;Vj. Index der Tarifverdienste und Arbeitszeiten;JAHR;Jahr;2024;DINSGF;Früheres Bundesgebiet / Neue Länder;DN;Neue Länder;WZ08C7;WZ2008 (ausgewählte Positionen): Tarifindex;WZ08-55-01;Gastgewerbe;39,4;h;VST019;Durchschnittliche tarifliche Wochenarbeitszeit
62221;Vj. Index der Tarifverdienste und Arbeitszeiten;JAHR;Jahr;2024;DINSGF;Früheres Bundesgebiet / Neue Länder;DN;Neue Länder;WZ08C7;WZ2008 (ausgewählte Positionen): Tarifindex;WZ08-55-01;Gastgewerbe;124,1;2020=100;VST066;Index d.tarifl. Monatsverdienste ohne Sonderzahl.
62221;Vj. Index der Tarifverdienste und Arbeitszeiten;JAHR;Jahr;2024;DINSGF;Früheres Bundesgebiet / Neue Länder;DN;Neue Länder;WZ08C7;WZ2008 (ausgewählte Positionen): Tarifindex;WZ08-55-01;Gastgewerbe;100,0;2020=100;VST018;Index der tariflichen Wochenarbeitszeit
62221;Vj. Index der Tarifverdienste und Arbeitszeiten;JAHR;Jahr;2024;DINSGF;Früheres Bundesgebiet / Neue Länder;DN;Neue Länder;WZ08C7;WZ2008 (ausgewählte Positionen): Tarifindex;WZ08-55-01;Gastgewerbe;124,1;2020=100;VST065;Index d.tarifl. Stundenverdienste ohne Sonderzahl.
62221;Vj. Index der Tarifverdienste und Arbeitszeiten;JAHR;Jahr;2024;DINSGF;Früheres Bundesgebiet / Neue Länder;DF;Früheres Bundesgebiet;WZ08C7;WZ2008 (ausgewählte Positionen): Tarifindex;WZ-X002;Investitionsgüterproduzenten;112,0;2020=100;VST072;Index d.tarifl. Stundenverdienste mit Sonderzahl.
62221;Vj. Index der Tarifverdienste und Arbeitszeiten;JAHR;Jahr;2024;DINSGF;Früheres Bundesgebiet / Neue Länder;DF;Früheres Bundesgebiet;WZ08C7;WZ2008 (ausgewählte Positionen): Tarifindex;WZ-X002;Investitionsgüterproduzenten;112,0;2020=100;VST073;Index d.tarifl. Monatsverdienste mit Sonderzahl.
62221;Vj. Index der Tarifverdienste und Arbeitszeiten;JAHR;Jahr;2024;DINSGF;Früheres Bundesgebiet / Neue Länder;DF;Früheres Bundesgebiet;WZ08C7;WZ2008 (ausgewählte Positionen): Tarifindex;WZ-X002;Investitionsgüterproduzenten;35,2;h;VST019;Durchschnittliche tarifliche Wochenarbeitszeit
62221;Vj. Index der Tarifverdienste und Arbeitszeiten;JAHR;Jahr;2024;DINSGF;Früheres Bundesgebiet / Neue Länder;DF;Früheres Bundesgebiet;WZ08C7;WZ2008 (ausgewählte Positionen): Tarifindex;WZ-X002;Investitionsgüterproduzenten;107,9;2020=100;VST066;Index d.tarifl. Monatsverdienste ohne Sonderzahl.
62221;Vj. Index der Tarifverdienste und Arbeitszeiten;JAHR;Jahr;2024;DINSGF;Früheres Bundesgebiet / Neue Länder;DF;Früheres Bundesgebiet;WZ08C7;WZ2008 (ausgewählte Positionen): Tarifindex;WZ-X002;Investitionsgüterproduzenten;100,0;2020=100;VST018;Index der tariflichen Wochenarbeitszeit
62221;Vj. Index der Tarifverdienste und Arbeitszeiten;JAHR;Jahr;2024;DINSGF;Früheres Bundesgebiet / Neue Länder;DF;Früheres Bundesgebiet;WZ08C7;WZ2008 (ausgewählte Positionen): Tarifindex;WZ-X002;Investitionsgüterproduzenten;107,9;2020=100;VST065;Index d.tarifl. Stundenverdienste ohne Sonderzahl.
62221;Vj. Index der Tarifverdienste und Arbeitszeiten;JAHR;Jahr;2017;DINSGF;Früheres Bundesgebiet / Neue Länder;DF;Früheres Bundesgebiet;WZ08C7;WZ2008 (ausgewählte Positionen): Tarifindex;WZ08-31;Herstellung von Möbeln;92,9;2020=100;VST072;Index d.tarifl. Stundenverdienste mit Sonderzahl.
62221;Vj. Index der Tarifverdienste und Arbeitszeiten;JAHR;Jahr;2017;DINSGF;Früheres Bundesgebiet / Neue Länder;DF;Früheres Bundesgebiet;WZ08C7;WZ2008 (ausgewählte Positionen): Tarifindex;WZ08-31;Herstellung von Möbeln;92,9;2020=100;VST073;Index d.tarifl. Monatsverdienste mit Sonderzahl.
62221;Vj. Index der Tarifverdienste und Arbeitszeiten;JAHR;Jahr;2017;DINSGF;Früheres Bundesgebiet / Neue Länder;DF;Früheres Bundesgebiet;WZ08C7;WZ2008 (ausgewählte Positionen): Tarifindex;WZ08-31;Herstellung von Möbeln;36,4;h;VST019;Durchschnittliche tarifliche Wochenarbeitszeit
62221;Vj. Index der Tarifverdienste und Arbeitszeiten;JAHR;Jahr;2017;DINSGF;Früheres Bundesgebiet / Neue Länder;DF;Früheres Bundesgebiet;WZ08C7;WZ2008 (ausgewählte Positionen): Tarifindex;WZ08-31;Herstellung von Möbeln;93,5;2020=100;VST066;Index d.tarifl. Monatsverdienste ohne Sonderzahl.
62221;Vj. Index der Tarifverdienste und Arbeitszeiten;JAHR;Jahr;2017;DINSGF;Früheres Bundesgebiet / Neue Länder;DF;Früheres Bundesgebiet;WZ08C7;WZ2008 (ausgewählte Positionen): Tarifindex;WZ08-31;Herstellung von Möbeln;100,0;2020=100;VST018;Index der tariflichen Wochenarbeitszeit
62221;Vj. Index der Tarifverdienste und Arbeitszeiten;JAHR;Jahr;2017;DINSGF;Früheres Bundesgebiet / Neue Länder;DF;Früheres Bundesgebiet;WZ08C7;WZ2008 (ausgewählte Positionen): Tarifindex;WZ08-31;Herstellung von Möbeln;93,5;2020=100;VST065;Index d.tarifl. Stundenverdienste ohne Sonderzahl.
62221;Vj. Index der Tarifverdienste und Arbeitszeiten;JAHR;Jahr;2017;DINSGF;Früheres Bundesgebiet / Neue Länder;DF;Früheres Bundesgebiet;WZ08C7;WZ2008 (ausgewählte Positionen): Tarifindex;WZ08-01;Landwirtschaft, Jagd und verbundene Tätigkeiten;91,5;2020=100;VST072;Index d.tarifl. Stundenverdienste mit Sonderzahl.
62221;Vj. Index der Tarifverdienste und Arbeitszeiten;JAHR;Jahr;2017;DINSGF;Früheres Bundesgebiet / Neue Länder;DF;Früheres Bundesgebiet;WZ08C7;WZ2008 (ausgewählte Positionen): Tarifindex;WZ08-01;Landwirtschaft, Jagd und verbundene Tätigkeiten;91,5;2020=100;VST073;Index d.tarifl. Monatsverdienste mit Sonderzahl.
62221;Vj. Index der Tarifverdienste und Arbeitszeiten;JAHR;Jahr;2017;DINSGF;Früheres Bundesgebiet / Neue Länder;DF;Früheres Bundesgebiet;WZ08C7;WZ2008 (ausgewählte Positionen): Tarifindex;WZ08-01;Landwirtschaft, Jagd und verbundene Tätigkeiten;39,5;h;VST019;Durchschnittliche tarifliche Wochenarbeitszeit
62221;Vj. Index der Tarifverdienste und Arbeitszeiten;JAHR;Jahr;2017;DINSGF;Früheres Bundesgebiet / Neue Länder;DF;Früheres Bundesgebiet;WZ08C7;WZ2008 (ausgewählte Positionen): Tarifindex;WZ08-01;Landwirtschaft, Jagd und verbundene Tätigkeiten;91,3;2020=100;VST066;Index d.tarifl. Monatsverdienste ohne Sonderzahl.
62221;Vj. Index der Tarifverdienste und Arbeitszeiten;JAHR;Jahr;2017;DINSGF;Früheres Bundesgebiet / Neue Länder;DF;Früheres Bundesgebiet;WZ08C7;WZ2008 (ausgewählte Positionen): Tarifindex;WZ08-01;Landwirtschaft, Jagd und verbundene Tätigkeiten;100,0;2020=100;VST018;Index der tariflichen Wochenarbeitszeit
62221;Vj. Index der Tarifverdienste und Arbeitszeiten;JAHR;Jahr;2017;DINSGF;Früheres Bundesgebiet / Neue Länder;DF;Früheres Bundesgebiet;WZ08C7;WZ2008 (ausgewählte Positionen): Tarifindex;WZ08-01;Landwirtschaft, Jagd und verbundene Tätigkeiten;91,3;2020=100;VST065;Index d.tarifl. Stundenverdienste ohne Sonderzahl.
62221;Vj. Index der Tarifverdienste und Arbeitszeiten;JAHR;Jahr;2016;DINSGF;Früheres Bundesgebiet / Neue Länder;DF;Früheres Bundesgebiet;WZ08C7;WZ2008 (ausgewählte Positionen): Tarifindex;WZ08-78;Vermittlung und Überlassung von Arbeitskräften;89,1;2020=100;VST072;Index d.tarifl. Stundenverdienste mit Sonderzahl.
62221;Vj. Index der Tarifverdienste und Arbeitszeiten;JAHR;Jahr;2016;DINSGF;Früheres Bundesgebiet / Neue Länder;DF;Früheres Bundesgebiet;WZ08C7;WZ2008 (ausgewählte Positionen): Tarifindex;WZ08-78;Vermittlung und Überlassung von Arbeitskräften;89,1;2020=100;VST073;Index d.tarifl. Monatsverdienste mit Sonderzahl.
62221;Vj. Index der Tarifverdienste und Arbeitszeiten;JAHR;Jahr;2016;DINSGF;Früheres Bundesgebiet / Neue Länder;DF;Früheres Bundesgebiet;WZ08C7;WZ2008 (ausgewählte Positionen): Tarifindex;WZ08-78;Vermittlung und Überlassung von Arbeitskräften;35,1;h;VST019;Durchschnittliche tarifliche Wochenarbeitszeit
62221;Vj. Index der Tarifverdienste und Arbeitszeiten;JAHR;Jahr;2016;DINSGF;Früheres Bundesgebiet / Neue Länder;DF;Früheres Bundesgebiet;WZ08C7;WZ2008 (ausgewählte Positionen): Tarifindex;WZ08-78;Vermittlung und Überlassung von Arbeitskräften;89,1;2020=100;VST066;Index d.tarifl. Monatsverdienste ohne Sonderzahl.
62221;Vj. Index der Tarifverdienste und Arbeitszeiten;JAHR;Jahr;2016;DINSGF;Früheres Bundesgebiet / Neue Länder;DF;Früheres Bundesgebiet;WZ08C7;WZ2008 (ausgewählte Positionen): Tarifindex;WZ08-78;Vermittlung und Überlassung von Arbeitskräften;100,0;2020=100;VST018;Index der tariflichen Wochenarbeitszeit
62221;Vj. Index der Tarifverdienste und Arbeitszeiten;JAHR;Jahr;2016;DINSGF;Früheres Bundesgebiet / Neue Länder;DF;Früheres Bundesgebiet;WZ08C7;WZ2008 (ausgewählte Positionen): Tarifindex;WZ08-78;Vermittlung und Überlassung von Arbeitskräften;89,1;2020=100;VST065;Index d.tarifl. Stundenverdienste ohne Sonderzahl.
62221;Vj. Index der Tarifverdienste und Arbeitszeiten;JAHR;Jahr;2024;DINSGF;Früheres Bundesgebiet / Neue Länder;DN;Neue Länder;WZ08C7;WZ2008 (ausgewählte Positionen): Tarifindex;WZ08-10-02;Ernährungsgewerbe;120,2;2020=100;VST072;Index d.tarifl. Stundenverdienste mit Sonderzahl.
62221;Vj. Index der Tarifverdienste und Arbeitszeiten;JAHR;Jahr;2024;DINSGF;Früheres Bundesgebiet / Neue Länder;DN;Neue Länder;WZ08C7;WZ2008 (ausgewählte Positionen): Tarifindex;WZ08-10-02;Ernährungsgewerbe;119,4;2020=100;VST073;Index d.tarifl. Monatsverdienste mit Sonderzahl.
62221;Vj. Index der Tarifverdienste und Arbeitszeiten;JAHR;Jahr;2024;DINSGF;Früheres Bundesgebiet / Neue Länder;DN;Neue Länder;WZ08C7;WZ2008 (ausgewählte Positionen): Tarifindex;WZ08-10-02;Ernährungsgewerbe;38,5;h;VST019;Durchschnittliche tarifliche Wochenarbeitszeit
62221;Vj. Index der Tarifverdienste und Arbeitszeiten;JAHR;Jahr;2024;DINSGF;Früheres Bundesgebiet / Neue Länder;DN;Neue Länder;WZ08C7;WZ2008 (ausgewählte Positionen): Tarifindex;WZ08-10-02;Ernährungsgewerbe;117,2;2020=100;VST066;Index d.tarifl. Monatsverdienste ohne Sonderzahl.
62221;Vj. Index der Tarifverdienste und Arbeitszeiten;JAHR;Jahr;2024;DINSGF;Früheres Bundesgebiet / Neue Länder;DN;Neue Länder;WZ08C7;WZ2008 (ausgewählte Positionen): Tarifindex;WZ08-10-02;Ernährungsgewerbe;99,4;2020=100;VST018;Index der tariflichen Wochenarbeitszeit
62221;Vj. Index der Tarifverdienste und Arbeitszeiten;JAHR;Jahr;2024;DINSGF;Früheres Bundesgebiet / Neue Länder;DN;Neue Länder;WZ08C7;WZ2008 (ausgewählte Positionen): Tarifindex;WZ08-10-02;Ernährungsgewerbe;117,9;2020=100;VST065;Index d.tarifl. Stundenverdienste ohne Sonderzahl.
62221;Vj. Index der Tarifverdienste und Arbeitszeiten;JAHR;Jahr;2025;DINSGF;Früheres Bundesgebiet / Neue Länder;DN;Neue Länder;WZ08C7;WZ2008 (ausgewählte Positionen): Tarifindex;WZ08-85;Erziehung und Unterricht;113,9;2020=100;VST072;Index d.tarifl. Stundenverdienste mit Sonderzahl.
62221;Vj. Index der Tarifverdienste und Arbeitszeiten;JAHR;Jahr;2025;DINSGF;Früheres Bundesgebiet / Neue Länder;DN;Neue Länder;WZ08C7;WZ2008 (ausgewählte Positionen): Tarifindex;WZ08-85;Erziehung und Unterricht;113,9;2020=100;VST073;Index d.tarifl. Monatsverdienste mit Sonderzahl.
62221;Vj. Index der Tarifverdienste und Arbeitszeiten;JAHR;Jahr;2025;DINSGF;Früheres Bundesgebiet / Neue Länder;DN;Neue Länder;WZ08C7;WZ2008 (ausgewählte Positionen): Tarifindex;WZ08-85;Erziehung und Unterricht;39,7;h;VST019;Durchschnittliche tarifliche Wochenarbeitszeit
62221;Vj. Index der Tarifverdienste und Arbeitszeiten;JAHR;Jahr;2025;DINSGF;Früheres Bundesgebiet / Neue Länder;DN;Neue Länder;WZ08C7;WZ2008 (ausgewählte Positionen): Tarifindex;WZ08-85;Erziehung und Unterricht;114,1;2020=100;VST066;Index d.tarifl. Monatsverdienste ohne Sonderzahl.
62221;Vj. Index der Tarifverdienste und Arbeitszeiten;JAHR;Jahr;2025;DINSGF;Früheres Bundesgebiet / Neue Länder;DN;Neue Länder;WZ08C7;WZ2008 (ausgewählte Positionen): Tarifindex;WZ08-85;Erziehung und Unterricht;100,0;2020=100;VST018;Index der tariflichen Wochenarbeitszeit
62221;Vj. Index der Tarifverdienste und Arbeitszeiten;JAHR;Jahr;2025;DINSGF;Früheres Bundesgebiet / Neue Länder;DN;Neue Länder;WZ08C7;WZ2008 (ausgewählte Positionen): Tarifindex;WZ08-85;Erziehung und Unterricht;114,1;2020=100;VST065;Index d.tarifl. Stundenverdienste ohne Sonderzahl.
62221;Vj. Index der Tarifverdienste und Arbeitszeiten;JAHR;Jahr;2017;DINSGF;Früheres Bundesgebiet / Neue Länder;DN;Neue Länder;WZ08C7;WZ2008 (ausgewählte Positionen): Tarifindex;WZ08-86;Gesundheitswesen;91,4;2020=100;VST072;Index d.tarifl. Stundenverdienste mit Sonderzahl.
62221;Vj. Index der Tarifverdienste und Arbeitszeiten;JAHR;Jahr;2017;DINSGF;Früheres Bundesgebiet / Neue Länder;DN;Neue Länder;WZ08C7;WZ2008 (ausgewählte Positionen): Tarifindex;WZ08-86;Gesundheitswesen;91,4;2020=100;VST073;Index d.tarifl. Monatsverdienste mit Sonderzahl.
62221;Vj. Index der Tarifverdienste und Arbeitszeiten;JAHR;Jahr;2017;DINSGF;Früheres Bundesgebiet / Neue Länder;DN;Neue Länder;WZ08C7;WZ2008 (ausgewählte Positionen): Tarifindex;WZ08-86;Gesundheitswesen;39,4;h;VST019;Durchschnittliche tarifliche Wochenarbeitszeit
62221;Vj. Index der Tarifverdienste und Arbeitszeiten;JAHR;Jahr;2017;DINSGF;Früheres Bundesgebiet / Neue Länder;DN;Neue Länder;WZ08C7;WZ2008 (ausgewählte Positionen): Tarifindex;WZ08-86;Gesundheitswesen;91,7;2020=100;VST066;Index d.tarifl. Monatsverdienste ohne Sonderzahl.
62221;Vj. Index der Tarifverdienste und Arbeitszeiten;JAHR;Jahr;2017;DINSGF;Früheres Bundesgebiet / Neue Länder;DN;Neue Länder;WZ08C7;WZ2008 (ausgewählte Positionen): Tarifindex;WZ08-86;Gesundheitswesen;99,9;2020=100;VST018;Index der tariflichen Wochenarbeitszeit
62221;Vj. Index der Tarifverdienste und Arbeitszeiten;JAHR;Jahr;2017;DINSGF;Früheres Bundesgebiet / Neue Länder;DN;Neue Länder;WZ08C7;WZ2008 (ausgewählte Positionen): Tarifindex;WZ08-86;Gesundheitswesen;91,8;2020=100;VST065;Index d.tarifl. Stundenverdienste ohne Sonderzahl.
62221;Vj. Index der Tarifverdienste und Arbeitszeiten;JAHR;Jahr;2022;DINSGF;Früheres Bundesgebiet / Neue Länder;DN;Neue Länder;WZ08C7;WZ2008 (ausgewählte Positionen): Tarifindex;WZ08-B-05;Produzierendes Gewerbe;104,3;2020=100;VST072;Index d.tarifl. Stundenverdienste mit Sonderzahl.
62221;Vj. Index der Tarifverdienste und Arbeitszeiten;JAHR;Jahr;2022;DINSGF;Früheres Bundesgebiet / Neue Länder;DN;Neue Länder;WZ08C7;WZ2008 (ausgewählte Positionen): Tarifindex;WZ08-B-05;Produzierendes Gewerbe;104,1;2020=100;VST073;Index d.tarifl. Monatsverdienste mit Sonderzahl.
62221;Vj. Index der Tarifverdienste und Arbeitszeiten;JAHR;Jahr;2022;DINSGF;Früheres Bundesgebiet / Neue Länder;DN;Neue Länder;WZ08C7;WZ2008 (ausgewählte Positionen): Tarifindex;WZ08-B-05;Produzierendes Gewerbe;38,6;h;VST019;Durchschnittliche tarifliche Wochenarbeitszeit
62221;Vj. Index der Tarifverdienste und Arbeitszeiten;JAHR;Jahr;2022;DINSGF;Früheres Bundesgebiet / Neue Länder;DN;Neue Länder;WZ08C7;WZ2008 (ausgewählte Positionen): Tarifindex;WZ08-B-05;Produzierendes Gewerbe;103,3;2020=100;VST066;Index d.tarifl. Monatsverdienste ohne Sonderzahl.
62221;Vj. Index der Tarifverdienste und Arbeitszeiten;JAHR;Jahr;2022;DINSGF;Früheres Bundesgebiet / Neue Länder;DN;Neue Länder;WZ08C7;WZ2008 (ausgewählte Positionen): Tarifindex;WZ08-B-05;Produzierendes Gewerbe;99,8;2020=100;VST018;Index der tariflichen Wochenarbeitszeit
62221;Vj. Index der Tarifverdienste und Arbeitszeiten;JAHR;Jahr;2022;DINSGF;Früheres Bundesgebiet / Neue Länder;DN;Neue Länder;WZ08C7;WZ2008 (ausgewählte Positionen): Tarifindex;WZ08-B-05;Produzierendes Gewerbe;103,5;2020=100;VST065;Index d.tarifl. Stundenverdienste ohne Sonderzahl.
62221;Vj. Index der Tarifverdienste und Arbeitszeiten;JAHR;Jahr;2019;DINSGF;Früheres Bundesgebiet / Neue Länder;DF;Früheres Bundesgebiet;WZ08C7;WZ2008 (ausgewählte Positionen): Tarifindex;WZ08-41-01;Hoch- und Tiefbau;100,0;2020=100;VST072;Index d.tarifl. Stundenverdienste mit Sonderzahl.
62221;Vj. Index der Tarifverdienste und Arbeitszeiten;JAHR;Jahr;2019;DINSGF;Früheres Bundesgebiet / Neue Länder;DF;Früheres Bundesgebiet;WZ08C7;WZ2008 (ausgewählte Positionen): Tarifindex;WZ08-41-01;Hoch- und Tiefbau;100,0;2020=100;VST073;Index d.tarifl. Monatsverdienste mit Sonderzahl.
62221;Vj. Index der Tarifverdienste und Arbeitszeiten;JAHR;Jahr;2019;DINSGF;Früheres Bundesgebiet / Neue Länder;DF;Früheres Bundesgebiet;WZ08C7;WZ2008 (ausgewählte Positionen): Tarifindex;WZ08-41-01;Hoch- und Tiefbau;40,0;h;VST019;Durchschnittliche tarifliche Wochenarbeitszeit
62221;Vj. Index der Tarifverdienste und Arbeitszeiten;JAHR;Jahr;2019;DINSGF;Früheres Bundesgebiet / Neue Länder;DF;Früheres Bundesgebiet;WZ08C7;WZ2008 (ausgewählte Positionen): Tarifindex;WZ08-41-01;Hoch- und Tiefbau;99,8;2020=100;VST066;Index d.tarifl. Monatsverdienste ohne Sonderzahl.
62221;Vj. Index der Tarifverdienste und Arbeitszeiten;JAHR;Jahr;2019;DINSGF;Früheres Bundesgebiet / Neue Länder;DF;Früheres Bundesgebiet;WZ08C7;WZ2008 (ausgewählte Positionen): Tarifindex;WZ08-41-01;Hoch- und Tiefbau;100,0;2020=100;VST018;Index der tariflichen Wochenarbeitszeit
62221;Vj. Index der Tarifverdienste und Arbeitszeiten;JAHR;Jahr;2019;DINSGF;Früheres Bundesgebiet / Neue Länder;DF;Früheres Bundesgebiet;WZ08C7;WZ2008 (ausgewählte Positionen): Tarifindex;WZ08-41-01;Hoch- und Tiefbau;99,8;2020=100;VST065;Index d.tarifl. Stundenverdienste ohne Sonderzahl.
62221;Vj. Index der Tarifverdienste und Arbeitszeiten;JAHR;Jahr;2023;DINSGF;Früheres Bundesgebiet / Neue Länder;DN;Neue Länder;WZ08C7;WZ2008 (ausgewählte Positionen): Tarifindex;WZ08-52-01;Lagerei und Kurierdienste;108,1;2020=100;VST072;Index d.tarifl. Stundenverdienste mit Sonderzahl.
62221;Vj. Index der Tarifverdienste und Arbeitszeiten;JAHR;Jahr;2023;DINSGF;Früheres Bundesgebiet / Neue Länder;DN;Neue Länder;WZ08C7;WZ2008 (ausgewählte Positionen): Tarifindex;WZ08-52-01;Lagerei und Kurierdienste;108,1;2020=100;VST073;Index d.tarifl. Monatsverdienste mit Sonderzahl.
62221;Vj. Index der Tarifverdienste und Arbeitszeiten;JAHR;Jahr;2023;DINSGF;Früheres Bundesgebiet / Neue Länder;DN;Neue Länder;WZ08C7;WZ2008 (ausgewählte Positionen): Tarifindex;WZ08-52-01;Lagerei und Kurierdienste;39,0;h;VST019;Durchschnittliche tarifliche Wochenarbeitszeit
62221;Vj. Index der Tarifverdienste und Arbeitszeiten;JAHR;Jahr;2023;DINSGF;Früheres Bundesgebiet / Neue Länder;DN;Neue Länder;WZ08C7;WZ2008 (ausgewählte Positionen): Tarifindex;WZ08-52-01;Lagerei und Kurierdienste;105,3;2020=100;VST066;Index d.tarifl. Monatsverdienste ohne Sonderzahl.
62221;Vj. Index der Tarifverdienste und Arbeitszeiten;JAHR;Jahr;2023;DINSGF;Früheres Bundesgebiet / Neue Länder;DN;Neue Länder;WZ08C7;WZ2008 (ausgewählte Positionen): Tarifindex;WZ08-52-01;Lagerei und Kurierdienste;100,0;2020=100;VST018;Index der tariflichen Wochenarbeitszeit
62221;Vj. Index der Tarifverdienste und Arbeitszeiten;JAHR;Jahr;2023;DINSGF;Früheres Bundesgebiet / Neue Länder;DN;Neue Länder;WZ08C7;WZ2008 (ausgewählte Positionen): Tarifindex;WZ08-52-01;Lagerei und Kurierdienste;105,3;2020=100;VST065;Index d.tarifl. Stundenverdienste ohne Sonderzahl.
62221;Vj. Index der Tarifverdienste und Arbeitszeiten;JAHR;Jahr;2017;DINSGF;Früheres Bundesgebiet / Neue Länder;DF;Früheres Bundesgebiet;WZ08C7;WZ2008 (ausgewählte Positionen): Tarifindex;WZ08-28;Maschinenbau;92,8;2020=100;VST072;Index d.tarifl. Stundenverdienste mit Sonderzahl.
62221;Vj. Index der Tarifverdienste und Arbeitszeiten;JAHR;Jahr;2017;DINSGF;Früheres Bundesgebiet / Neue Länder;DF;Früheres Bundesgebiet;WZ08C7;WZ2008 (ausgewählte Positionen): Tarifindex;WZ08-28;Maschinenbau;92,8;2020=100;VST073;Index d.tarifl. Monatsverdienste mit Sonderzahl.
62221;Vj. Index der Tarifverdienste und Arbeitszeiten;JAHR;Jahr;2017;DINSGF;Früheres Bundesgebiet / Neue Länder;DF;Früheres Bundesgebiet;WZ08C7;WZ2008 (ausgewählte Positionen): Tarifindex;WZ08-28;Maschinenbau;35,2;h;VST019;Durchschnittliche tarifliche Wochenarbeitszeit
62221;Vj. Index der Tarifverdienste und Arbeitszeiten;JAHR;Jahr;2017;DINSGF;Früheres Bundesgebiet / Neue Länder;DF;Früheres Bundesgebiet;WZ08C7;WZ2008 (ausgewählte Positionen): Tarifindex;WZ08-28;Maschinenbau;95,3;2020=100;VST066;Index d.tarifl. Monatsverdienste ohne Sonderzahl.
62221;Vj. Index der Tarifverdienste und Arbeitszeiten;JAHR;Jahr;2017;DINSGF;Früheres Bundesgebiet / Neue Länder;DF;Früheres Bundesgebiet;WZ08C7;WZ2008 (ausgewählte Positionen): Tarifindex;WZ08-28;Maschinenbau;100,0;2020=100;VST018;Index der tariflichen Wochenarbeitszeit
62221;Vj. Index der Tarifverdienste und Arbeitszeiten;JAHR;Jahr;2017;DINSGF;Früheres Bundesgebiet / Neue Länder;DF;Früheres Bundesgebiet;WZ08C7;WZ2008 (ausgewählte Positionen): Tarifindex;WZ08-28;Maschinenbau;95,3;2020=100;VST065;Index d.tarifl. Stundenverdienste ohne Sonderzahl.
62221;Vj. Index der Tarifverdienste und Arbeitszeiten;JAHR;Jahr;2016;DINSGF;Früheres Bundesgebiet / Neue Länder;DF;Früheres Bundesgebiet;WZ08C7;WZ2008 (ausgewählte Positionen): Tarifindex;WZ08-81;Gebäudebetreuung, Garten- und Landschaftsbau;90,9;2020=100;VST072;Index d.tarifl. Stundenverdienste mit Sonderzahl.
62221;Vj. Index der Tarifverdienste und Arbeitszeiten;JAHR;Jahr;2016;DINSGF;Früheres Bundesgebiet / Neue Länder;DF;Früheres Bundesgebiet;WZ08C7;WZ2008 (ausgewählte Positionen): Tarifindex;WZ08-81;Gebäudebetreuung, Garten- und Landschaftsbau;90,9;2020=100;VST073;Index d.tarifl. Monatsverdienste mit Sonderzahl.
62221;Vj. Index der Tarifverdienste und Arbeitszeiten;JAHR;Jahr;2016;DINSGF;Früheres Bundesgebiet / Neue Länder;DF;Früheres Bundesgebiet;WZ08C7;WZ2008 (ausgewählte Positionen): Tarifindex;WZ08-81;Gebäudebetreuung, Garten- und Landschaftsbau;38,9;h;VST019;Durchschnittliche tarifliche Wochenarbeitszeit
62221;Vj. Index der Tarifverdienste und Arbeitszeiten;JAHR;Jahr;2016;DINSGF;Früheres Bundesgebiet / Neue Länder;DF;Früheres Bundesgebiet;WZ08C7;WZ2008 (ausgewählte Positionen): Tarifindex;WZ08-81;Gebäudebetreuung, Garten- und Landschaftsbau;90,7;2020=100;VST066;Index d.tarifl. Monatsverdienste ohne Sonderzahl.
62221;Vj. Index der Tarifverdienste und Arbeitszeiten;JAHR;Jahr;2016;DINSGF;Früheres Bundesgebiet / Neue Länder;DF;Früheres Bundesgebiet;WZ08C7;WZ2008 (ausgewählte Positionen): Tarifindex;WZ08-81;Gebäudebetreuung, Garten- und Landschaftsbau;100,0;2020=100;VST018;Index der tariflichen Wochenarbeitszeit
62221;Vj. Index der Tarifverdienste und Arbeitszeiten;JAHR;Jahr;2016;DINSGF;Früheres Bundesgebiet / Neue Länder;DF;Früheres Bundesgebiet;WZ08C7;WZ2008 (ausgewählte Positionen): Tarifindex;WZ08-81;Gebäudebetreuung, Garten- und Landschaftsbau;90,7;2020=100;VST065;Index d.tarifl. Stundenverdienste ohne Sonderzahl.
62221;Vj. Index der Tarifverdienste und Arbeitszeiten;JAHR;Jahr;2024;DINSGF;Früheres Bundesgebiet / Neue Länder;DF;Früheres Bundesgebiet;WZ08C7;WZ2008 (ausgewählte Positionen): Tarifindex;WZ08-C;Verarbeitendes Gewerbe;112,4;2020=100;VST072;Index d.tarifl. Stundenverdienste mit Sonderzahl.
62221;Vj. Index der Tarifverdienste und Arbeitszeiten;JAHR;Jahr;2024;DINSGF;Früheres Bundesgebiet / Neue Länder;DF;Früheres Bundesgebiet;WZ08C7;WZ2008 (ausgewählte Positionen): Tarifindex;WZ08-C;Verarbeitendes Gewerbe;112,4;2020=100;VST073;Index d.tarifl. Monatsverdienste mit Sonderzahl.
62221;Vj. Index der Tarifverdienste und Arbeitszeiten;JAHR;Jahr;2024;DINSGF;Früheres Bundesgebiet / Neue Länder;DF;Früheres Bundesgebiet;WZ08C7;WZ2008 (ausgewählte Positionen): Tarifindex;WZ08-C;Verarbeitendes Gewerbe;36,0;h;VST019;Durchschnittliche tarifliche Wochenarbeitszeit
62221;Vj. Index der Tarifverdienste und Arbeitszeiten;JAHR;Jahr;2024;DINSGF;Früheres Bundesgebiet / Neue Länder;DF;Früheres Bundesgebiet;WZ08C7;WZ2008 (ausgewählte Positionen): Tarifindex;WZ08-C;Verarbeitendes Gewerbe;108,7;2020=100;VST066;Index d.tarifl. Monatsverdienste ohne Sonderzahl.
62221;Vj. Index der Tarifverdienste und Arbeitszeiten;JAHR;Jahr;2024;DINSGF;Früheres Bundesgebiet / Neue Länder;DF;Früheres Bundesgebiet;WZ08C7;WZ2008 (ausgewählte Positionen): Tarifindex;WZ08-C;Verarbeitendes Gewerbe;100,0;2020=100;VST018;Index der tariflichen Wochenarbeitszeit
62221;Vj. Index der Tarifverdienste und Arbeitszeiten;JAHR;Jahr;2024;DINSGF;Früheres Bundesgebiet / Neue Länder;DF;Früheres Bundesgebiet;WZ08C7;WZ2008 (ausgewählte Positionen): Tarifindex;WZ08-C;Verarbeitendes Gewerbe;108,7;2020=100;VST065;Index d.tarifl. Stundenverdienste ohne Sonderzahl.
62221;Vj. Index der Tarifverdienste und Arbeitszeiten;JAHR;Jahr;2021;DINSGF;Früheres Bundesgebiet / Neue Länder;DF;Früheres Bundesgebiet;WZ08C7;WZ2008 (ausgewählte Positionen): Tarifindex;WZ08-82;Dienstleistungen für Unternehmen u.Privatpers. ang;101,4;2020=100;VST072;Index d.tarifl. Stundenverdienste mit Sonderzahl.
62221;Vj. Index der Tarifverdienste und Arbeitszeiten;JAHR;Jahr;2021;DINSGF;Früheres Bundesgebiet / Neue Länder;DF;Früheres Bundesgebiet;WZ08C7;WZ2008 (ausgewählte Positionen): Tarifindex;WZ08-82;Dienstleistungen für Unternehmen u.Privatpers. ang;101,4;2020=100;VST073;Index d.tarifl. Monatsverdienste mit Sonderzahl.
62221;Vj. Index der Tarifverdienste und Arbeitszeiten;JAHR;Jahr;2021;DINSGF;Früheres Bundesgebiet / Neue Länder;DF;Früheres Bundesgebiet;WZ08C7;WZ2008 (ausgewählte Positionen): Tarifindex;WZ08-82;Dienstleistungen für Unternehmen u.Privatpers. ang;37,9;h;VST019;Durchschnittliche tarifliche Wochenarbeitszeit
62221;Vj. Index der Tarifverdienste und Arbeitszeiten;JAHR;Jahr;2021;DINSGF;Früheres Bundesgebiet / Neue Länder;DF;Früheres Bundesgebiet;WZ08C7;WZ2008 (ausgewählte Positionen): Tarifindex;WZ08-82;Dienstleistungen für Unternehmen u.Privatpers. ang;101,6;2020=100;VST066;Index d.tarifl. Monatsverdienste ohne Sonderzahl.
62221;Vj. Index der Tarifverdienste und Arbeitszeiten;JAHR;Jahr;2021;DINSGF;Früheres Bundesgebiet / Neue Länder;DF;Früheres Bundesgebiet;WZ08C7;WZ2008 (ausgewählte Positionen): Tarifindex;WZ08-82;Dienstleistungen für Unternehmen u.Privatpers. ang;100,0;2020=100;VST018;Index der tariflichen Wochenarbeitszeit
62221;Vj. Index der Tarifverdienste und Arbeitszeiten;JAHR;Jahr;2021;DINSGF;Früheres Bundesgebiet / Neue Länder;DF;Früheres Bundesgebiet;WZ08C7;WZ2008 (ausgewählte Positionen): Tarifindex;WZ08-82;Dienstleistungen für Unternehmen u.Privatpers. ang;101,6;2020=100;VST065;Index d.tarifl. Stundenverdienste ohne Sonderzahl.
62221;Vj. Index der Tarifverdienste und Arbeitszeiten;JAHR;Jahr;2022;DINSGF;Früheres Bundesgebiet / Neue Länder;DN;Neue Länder;WZ08C7;WZ2008 (ausgewählte Positionen): Tarifindex;WZ08-493;Sonstige Personenbeförderung im Landverkehr;105,1;2020=100;VST072;Index d.tarifl. Stundenverdienste mit Sonderzahl.
62221;Vj. Index der Tarifverdienste und Arbeitszeiten;JAHR;Jahr;2022;DINSGF;Früheres Bundesgebiet / Neue Länder;DN;Neue Länder;WZ08C7;WZ2008 (ausgewählte Positionen): Tarifindex;WZ08-493;Sonstige Personenbeförderung im Landverkehr;105,1;2020=100;VST073;Index d.tarifl. Monatsverdienste mit Sonderzahl.
62221;Vj. Index der Tarifverdienste und Arbeitszeiten;JAHR;Jahr;2022;DINSGF;Früheres Bundesgebiet / Neue Länder;DN;Neue Länder;WZ08C7;WZ2008 (ausgewählte Positionen): Tarifindex;WZ08-493;Sonstige Personenbeförderung im Landverkehr;39,2;h;VST019;Durchschnittliche tarifliche Wochenarbeitszeit
62221;Vj. Index der Tarifverdienste und Arbeitszeiten;JAHR;Jahr;2022;DINSGF;Früheres Bundesgebiet / Neue Länder;DN;Neue Länder;WZ08C7;WZ2008 (ausgewählte Positionen): Tarifindex;WZ08-493;Sonstige Personenbeförderung im Landverkehr;105,0;2020=100;VST066;Index d.tarifl. Monatsverdienste ohne Sonderzahl.
62221;Vj. Index der Tarifverdienste und Arbeitszeiten;JAHR;Jahr;2022;DINSGF;Früheres Bundesgebiet / Neue Länder;DN;Neue Länder;WZ08C7;WZ2008 (ausgewählte Positionen): Tarifindex;WZ08-493;Sonstige Personenbeförderung im Landverkehr;99,9;2020=100;VST018;Index der tariflichen Wochenarbeitszeit
62221;Vj. Index der Tarifverdienste und Arbeitszeiten;JAHR;Jahr;2022;DINSGF;Früheres Bundesgebiet / Neue Länder;DN;Neue Länder;WZ08C7;WZ2008 (ausgewählte Positionen): Tarifindex;WZ08-493;Sonstige Personenbeförderung im Landverkehr;105,1;2020=100;VST065;Index d.tarifl. Stundenverdienste ohne Sonderzahl.
62221;Vj. Index der Tarifverdienste und Arbeitszeiten;JAHR;Jahr;2018;DINSGF;Früheres Bundesgebiet / Neue Länder;DN;Neue Länder;WZ08C7;WZ2008 (ausgewählte Positionen): Tarifindex;WZ08-06;Gewinnung von Erdöl und Erdgas;95,7;2020=100;VST072;Index d.tarifl. Stundenverdienste mit Sonderzahl.
62221;Vj. Index der Tarifverdienste und Arbeitszeiten;JAHR;Jahr;2018;DINSGF;Früheres Bundesgebiet / Neue Länder;DN;Neue Länder;WZ08C7;WZ2008 (ausgewählte Positionen): Tarifindex;WZ08-06;Gewinnung von Erdöl und Erdgas;95,7;2020=100;VST073;Index d.tarifl. Monatsverdienste mit Sonderzahl.
62221;Vj. Index der Tarifverdienste und Arbeitszeiten;JAHR;Jahr;2018;DINSGF;Früheres Bundesgebiet / Neue Länder;DN;Neue Länder;WZ08C7;WZ2008 (ausgewählte Positionen): Tarifindex;WZ08-06;Gewinnung von Erdöl und Erdgas;38,0;h;VST019;Durchschnittliche tarifliche Wochenarbeitszeit
62221;Vj. Index der Tarifverdienste und Arbeitszeiten;JAHR;Jahr;2018;DINSGF;Früheres Bundesgebiet / Neue Länder;DN;Neue Länder;WZ08C7;WZ2008 (ausgewählte Positionen): Tarifindex;WZ08-06;Gewinnung von Erdöl und Erdgas;96,1;2020=100;VST066;Index d.tarifl. Monatsverdienste ohne Sonderzahl.
62221;Vj. Index der Tarifverdienste und Arbeitszeiten;JAHR;Jahr;2018;DINSGF;Früheres Bundesgebiet / Neue Länder;DN;Neue Länder;WZ08C7;WZ2008 (ausgewählte Positionen): Tarifindex;WZ08-06;Gewinnung von Erdöl und Erdgas;100,0;2020=100;VST018;Index der tariflichen Wochenarbeitszeit
62221;Vj. Index der Tarifverdienste und Arbeitszeiten;JAHR;Jahr;2018;DINSGF;Früheres Bundesgebiet / Neue Länder;DN;Neue Länder;WZ08C7;WZ2008 (ausgewählte Positionen): Tarifindex;WZ08-06;Gewinnung von Erdöl und Erdgas;96,1;2020=100;VST065;Index d.tarifl. Stundenverdienste ohne Sonderzahl.
62221;Vj. Index der Tarifverdienste und Arbeitszeiten;JAHR;Jahr;2024;DINSGF;Früheres Bundesgebiet / Neue Länder;DF;Früheres Bundesgebiet;WZ08C7;WZ2008 (ausgewählte Positionen): Tarifindex;WZ08-95;Reparatur von DV-Geräten und Gebrauchsgütern;113,5;2020=100;VST072;Index d.tarifl. Stundenverdienste mit Sonderzahl.
62221;Vj. Index der Tarifverdienste und Arbeitszeiten;JAHR;Jahr;2024;DINSGF;Früheres Bundesgebiet / Neue Länder;DF;Früheres Bundesgebiet;WZ08C7;WZ2008 (ausgewählte Positionen): Tarifindex;WZ08-95;Reparatur von DV-Geräten und Gebrauchsgütern;113,5;2020=100;VST073;Index d.tarifl. Monatsverdienste mit Sonderzahl.
62221;Vj. Index der Tarifverdienste und Arbeitszeiten;JAHR;Jahr;2024;DINSGF;Früheres Bundesgebiet / Neue Länder;DF;Früheres Bundesgebiet;WZ08C7;WZ2008 (ausgewählte Positionen): Tarifindex;WZ08-95;Reparatur von DV-Geräten und Gebrauchsgütern;36,6;h;VST019;Durchschnittliche tarifliche Wochenarbeitszeit
62221;Vj. Index der Tarifverdienste und Arbeitszeiten;JAHR;Jahr;2024;DINSGF;Früheres Bundesgebiet / Neue Länder;DF;Früheres Bundesgebiet;WZ08C7;WZ2008 (ausgewählte Positionen): Tarifindex;WZ08-95;Reparatur von DV-Geräten und Gebrauchsgütern;109,1;2020=100;VST066;Index d.tarifl. Monatsverdienste ohne Sonderzahl.
62221;Vj. Index der Tarifverdienste und Arbeitszeiten;JAHR;Jahr;2024;DINSGF;Früheres Bundesgebiet / Neue Länder;DF;Früheres Bundesgebiet;WZ08C7;WZ2008 (ausgewählte Positionen): Tarifindex;WZ08-95;Reparatur von DV-Geräten und Gebrauchsgütern;100,0;2020=100;VST018;Index der tariflichen Wochenarbeitszeit
62221;Vj. Index der Tarifverdienste und Arbeitszeiten;JAHR;Jahr;2024;DINSGF;Früheres Bundesgebiet / Neue Länder;DF;Früheres Bundesgebiet;WZ08C7;WZ2008 (ausgewählte Positionen): Tarifindex;WZ08-95;Reparatur von DV-Geräten und Gebrauchsgütern;109,1;2020=100;VST065;Index d.tarifl. Stundenverdienste ohne Sonderzahl.
62221;Vj. Index der Tarifverdienste und Arbeitszeiten;JAHR;Jahr;2024;DINSGF;Früheres Bundesgebiet / Neue Länder;DF;Früheres Bundesgebiet;WZ08C7;WZ2008 (ausgewählte Positionen): Tarifindex;WZ08-92;Spiel-, Wett- und Lotteriewesen;109,5;2020=100;VST072;Index d.tarifl. Stundenverdienste mit Sonderzahl.
62221;Vj. Index der Tarifverdienste und Arbeitszeiten;JAHR;Jahr;2024;DINSGF;Früheres Bundesgebiet / Neue Länder;DF;Früheres Bundesgebiet;WZ08C7;WZ2008 (ausgewählte Positionen): Tarifindex;WZ08-92;Spiel-, Wett- und Lotteriewesen;109,5;2020=100;VST073;Index d.tarifl. Monatsverdienste mit Sonderzahl.
62221;Vj. Index der Tarifverdienste und Arbeitszeiten;JAHR;Jahr;2024;DINSGF;Früheres Bundesgebiet / Neue Länder;DF;Früheres Bundesgebiet;WZ08C7;WZ2008 (ausgewählte Positionen): Tarifindex;WZ08-92;Spiel-, Wett- und Lotteriewesen;38,3;h;VST019;Durchschnittliche tarifliche Wochenarbeitszeit
62221;Vj. Index der Tarifverdienste und Arbeitszeiten;JAHR;Jahr;2024;DINSGF;Früheres Bundesgebiet / Neue Länder;DF;Früheres Bundesgebiet;WZ08C7;WZ2008 (ausgewählte Positionen): Tarifindex;WZ08-92;Spiel-, Wett- und Lotteriewesen;108,2;2020=100;VST066;Index d.tarifl. Monatsverdienste ohne Sonderzahl.
62221;Vj. Index der Tarifverdienste und Arbeitszeiten;JAHR;Jahr;2024;DINSGF;Früheres Bundesgebiet / Neue Länder;DF;Früheres Bundesgebiet;WZ08C7;WZ2008 (ausgewählte Positionen): Tarifindex;WZ08-92;Spiel-, Wett- und Lotteriewesen;100,0;2020=100;VST018;Index der tariflichen Wochenarbeitszeit
62221;Vj. Index der Tarifverdienste und Arbeitszeiten;JAHR;Jahr;2024;DINSGF;Früheres Bundesgebiet / Neue Länder;DF;Früheres Bundesgebiet;WZ08C7;WZ2008 (ausgewählte Positionen): Tarifindex;WZ08-92;Spiel-, Wett- und Lotteriewesen;108,2;2020=100;VST065;Index d.tarifl. Stundenverdienste ohne Sonderzahl.
62221;Vj. Index der Tarifverdienste und Arbeitszeiten;JAHR;Jahr;2019;DINSGF;Früheres Bundesgebiet / Neue Länder;DF;Früheres Bundesgebiet;WZ08C7;WZ2008 (ausgewählte Positionen): Tarifindex;WZ08-20-01;Chemische Industrie;98,3;2020=100;VST072;Index d.tarifl. Stundenverdienste mit Sonderzahl.
62221;Vj. Index der Tarifverdienste und Arbeitszeiten;JAHR;Jahr;2019;DINSGF;Früheres Bundesgebiet / Neue Länder;DF;Früheres Bundesgebiet;WZ08C7;WZ2008 (ausgewählte Positionen): Tarifindex;WZ08-20-01;Chemische Industrie;98,3;2020=100;VST073;Index d.tarifl. Monatsverdienste mit Sonderzahl.
62221;Vj. Index der Tarifverdienste und Arbeitszeiten;JAHR;Jahr;2019;DINSGF;Früheres Bundesgebiet / Neue Länder;DF;Früheres Bundesgebiet;WZ08C7;WZ2008 (ausgewählte Positionen): Tarifindex;WZ08-20-01;Chemische Industrie;37,5;h;VST019;Durchschnittliche tarifliche Wochenarbeitszeit
62221;Vj. Index der Tarifverdienste und Arbeitszeiten;JAHR;Jahr;2019;DINSGF;Früheres Bundesgebiet / Neue Länder;DF;Früheres Bundesgebiet;WZ08C7;WZ2008 (ausgewählte Positionen): Tarifindex;WZ08-20-01;Chemische Industrie;99,2;2020=100;VST066;Index d.tarifl. Monatsverdienste ohne Sonderzahl.
62221;Vj. Index der Tarifverdienste und Arbeitszeiten;JAHR;Jahr;2019;DINSGF;Früheres Bundesgebiet / Neue Länder;DF;Früheres Bundesgebiet;WZ08C7;WZ2008 (ausgewählte Positionen): Tarifindex;WZ08-20-01;Chemische Industrie;100,0;2020=100;VST018;Index der tariflichen Wochenarbeitszeit
62221;Vj. Index der Tarifverdienste und Arbeitszeiten;JAHR;Jahr;2019;DINSGF;Früheres Bundesgebiet / Neue Länder;DF;Früheres Bundesgebiet;WZ08C7;WZ2008 (ausgewählte Positionen): Tarifindex;WZ08-20-01;Chemische Industrie;99,2;2020=100;VST065;Index d.tarifl. Stundenverdienste ohne Sonderzahl.
62221;Vj. Index der Tarifverdienste und Arbeitszeiten;JAHR;Jahr;2025;DINSGF;Früheres Bundesgebiet / Neue Länder;DN;Neue Länder;WZ08C7;WZ2008 (ausgewählte Positionen): Tarifindex;WZ08-79;Reisebüros, -veranstalter u. sonst. Reservierungen;115,1;2020=100;VST072;Index d.tarifl. Stundenverdienste mit Sonderzahl.
62221;Vj. Index der Tarifverdienste und Arbeitszeiten;JAHR;Jahr;2025;DINSGF;Früheres Bundesgebiet / Neue Länder;DN;Neue Länder;WZ08C7;WZ2008 (ausgewählte Positionen): Tarifindex;WZ08-79;Reisebüros, -veranstalter u. sonst. Reservierungen;113,4;2020=100;VST073;Index d.tarifl. Monatsverdienste mit Sonderzahl.
62221;Vj. Index der Tarifverdienste und Arbeitszeiten;JAHR;Jahr;2025;DINSGF;Früheres Bundesgebiet / Neue Länder;DN;Neue Länder;WZ08C7;WZ2008 (ausgewählte Positionen): Tarifindex;WZ08-79;Reisebüros, -veranstalter u. sonst. Reservierungen;38,8;h;VST019;Durchschnittliche tarifliche Wochenarbeitszeit
62221;Vj. Index der Tarifverdienste und Arbeitszeiten;JAHR;Jahr;2025;DINSGF;Früheres Bundesgebiet / Neue Länder;DN;Neue Länder;WZ08C7;WZ2008 (ausgewählte Positionen): Tarifindex;WZ08-79;Reisebüros, -veranstalter u. sonst. Reservierungen;112,7;2020=100;VST066;Index d.tarifl. Monatsverdienste ohne Sonderzahl.
62221;Vj. Index der Tarifverdienste und Arbeitszeiten;JAHR;Jahr;2025;DINSGF;Früheres Bundesgebiet / Neue Länder;DN;Neue Länder;WZ08C7;WZ2008 (ausgewählte Positionen): Tarifindex;WZ08-79;Reisebüros, -veranstalter u. sonst. Reservierungen;98,7;2020=100;VST018;Index der tariflichen Wochenarbeitszeit
62221;Vj. Index der Tarifverdienste und Arbeitszeiten;JAHR;Jahr;2025;DINSGF;Früheres Bundesgebiet / Neue Länder;DN;Neue Länder;WZ08C7;WZ2008 (ausgewählte Positionen): Tarifindex;WZ08-79;Reisebüros, -veranstalter u. sonst. Reservierungen;114,3;2020=100;VST065;Index d.tarifl. Stundenverdienste ohne Sonderzahl.
62221;Vj. Index der Tarifverdienste und Arbeitszeiten;JAHR;Jahr;2023;DINSGF;Früheres Bundesgebiet / Neue Länder;DN;Neue Länder;WZ08C7;WZ2008 (ausgewählte Positionen): Tarifindex;WZ08-31-01;Möbelherstellung, Installation von Maschinen;109,3;2020=100;VST072;Index d.tarifl. Stundenverdienste mit Sonderzahl.
62221;Vj. Index der Tarifverdienste und Arbeitszeiten;JAHR;Jahr;2023;DINSGF;Früheres Bundesgebiet / Neue Länder;DN;Neue Länder;WZ08C7;WZ2008 (ausgewählte Positionen): Tarifindex;WZ08-31-01;Möbelherstellung, Installation von Maschinen;109,3;2020=100;VST073;Index d.tarifl. Monatsverdienste mit Sonderzahl.
62221;Vj. Index der Tarifverdienste und Arbeitszeiten;JAHR;Jahr;2023;DINSGF;Früheres Bundesgebiet / Neue Länder;DN;Neue Länder;WZ08C7;WZ2008 (ausgewählte Positionen): Tarifindex;WZ08-31-01;Möbelherstellung, Installation von Maschinen;38,1;h;VST019;Durchschnittliche tarifliche Wochenarbeitszeit
62221;Vj. Index der Tarifverdienste und Arbeitszeiten;JAHR;Jahr;2023;DINSGF;Früheres Bundesgebiet / Neue Länder;DN;Neue Länder;WZ08C7;WZ2008 (ausgewählte Positionen): Tarifindex;WZ08-31-01;Möbelherstellung, Installation von Maschinen;105,6;2020=100;VST066;Index d.tarifl. Monatsverdienste ohne Sonderzahl.
62221;Vj. Index der Tarifverdienste und Arbeitszeiten;JAHR;Jahr;2023;DINSGF;Früheres Bundesgebiet / Neue Länder;DN;Neue Länder;WZ08C7;WZ2008 (ausgewählte Positionen): Tarifindex;WZ08-31-01;Möbelherstellung, Installation von Maschinen;100,0;2020=100;VST018;Index der tariflichen Wochenarbeitszeit
62221;Vj. Index der Tarifverdienste und Arbeitszeiten;JAHR;Jahr;2023;DINSGF;Früheres Bundesgebiet / Neue Länder;DN;Neue Länder;WZ08C7;WZ2008 (ausgewählte Positionen): Tarifindex;WZ08-31-01;Möbelherstellung, Installation von Maschinen;105,6;2020=100;VST065;Index d.tarifl. Stundenverdienste ohne Sonderzahl.
62221;Vj. Index der Tarifverdienste und Arbeitszeiten;JAHR;Jahr;2024;DINSGF;Früheres Bundesgebiet / Neue Länder;DF;Früheres Bundesgebiet;WZ08C7;WZ2008 (ausgewählte Positionen): Tarifindex;WZ08-80;Wach- und Sicherheitsdienste sowie Detekteien;121,2;2020=100;VST072;Index d.tarifl. Stundenverdienste mit Sonderzahl.
62221;Vj. Index der Tarifverdienste und Arbeitszeiten;JAHR;Jahr;2024;DINSGF;Früheres Bundesgebiet / Neue Länder;DF;Früheres Bundesgebiet;WZ08C7;WZ2008 (ausgewählte Positionen): Tarifindex;WZ08-80;Wach- und Sicherheitsdienste sowie Detekteien;121,2;2020=100;VST073;Index d.tarifl. Monatsverdienste mit Sonderzahl.
62221;Vj. Index der Tarifverdienste und Arbeitszeiten;JAHR;Jahr;2024;DINSGF;Früheres Bundesgebiet / Neue Länder;DF;Früheres Bundesgebiet;WZ08C7;WZ2008 (ausgewählte Positionen): Tarifindex;WZ08-80;Wach- und Sicherheitsdienste sowie Detekteien;40,0;h;VST019;Durchschnittliche tarifliche Wochenarbeitszeit
62221;Vj. Index der Tarifverdienste und Arbeitszeiten;JAHR;Jahr;2024;DINSGF;Früheres Bundesgebiet / Neue Länder;DF;Früheres Bundesgebiet;WZ08C7;WZ2008 (ausgewählte Positionen): Tarifindex;WZ08-80;Wach- und Sicherheitsdienste sowie Detekteien;120,6;2020=100;VST066;Index d.tarifl. Monatsverdienste ohne Sonderzahl.
62221;Vj. Index der Tarifverdienste und Arbeitszeiten;JAHR;Jahr;2024;DINSGF;Früheres Bundesgebiet / Neue Länder;DF;Früheres Bundesgebiet;WZ08C7;WZ2008 (ausgewählte Positionen): Tarifindex;WZ08-80;Wach- und Sicherheitsdienste sowie Detekteien;100,0;2020=100;VST018;Index der tariflichen Wochenarbeitszeit
62221;Vj. Index der Tarifverdienste und Arbeitszeiten;JAHR;Jahr;2024;DINSGF;Früheres Bundesgebiet / Neue Länder;DF;Früheres Bundesgebiet;WZ08C7;WZ2008 (ausgewählte Positionen): Tarifindex;WZ08-80;Wach- und Sicherheitsdienste sowie Detekteien;120,6;2020=100;VST065;Index d.tarifl. Stundenverdienste ohne Sonderzahl.
62221;Vj. Index der Tarifverdienste und Arbeitszeiten;JAHR;Jahr;2024;DINSGF;Früheres Bundesgebiet / Neue Länder;DF;Früheres Bundesgebiet;WZ08C7;WZ2008 (ausgewählte Positionen): Tarifindex;WZ08-77;Vermietung von beweglichen Sachen;112,0;2020=100;VST072;Index d.tarifl. Stundenverdienste mit Sonderzahl.
62221;Vj. Index der Tarifverdienste und Arbeitszeiten;JAHR;Jahr;2024;DINSGF;Früheres Bundesgebiet / Neue Länder;DF;Früheres Bundesgebiet;WZ08C7;WZ2008 (ausgewählte Positionen): Tarifindex;WZ08-77;Vermietung von beweglichen Sachen;111,2;2020=100;VST073;Index d.tarifl. Monatsverdienste mit Sonderzahl.
62221;Vj. Index der Tarifverdienste und Arbeitszeiten;JAHR;Jahr;2024;DINSGF;Früheres Bundesgebiet / Neue Länder;DF;Früheres Bundesgebiet;WZ08C7;WZ2008 (ausgewählte Positionen): Tarifindex;WZ08-77;Vermietung von beweglichen Sachen;38,3;h;VST019;Durchschnittliche tarifliche Wochenarbeitszeit
62221;Vj. Index der Tarifverdienste und Arbeitszeiten;JAHR;Jahr;2024;DINSGF;Früheres Bundesgebiet / Neue Länder;DF;Früheres Bundesgebiet;WZ08C7;WZ2008 (ausgewählte Positionen): Tarifindex;WZ08-77;Vermietung von beweglichen Sachen;109,4;2020=100;VST066;Index d.tarifl. Monatsverdienste ohne Sonderzahl.
62221;Vj. Index der Tarifverdienste und Arbeitszeiten;JAHR;Jahr;2024;DINSGF;Früheres Bundesgebiet / Neue Länder;DF;Früheres Bundesgebiet;WZ08C7;WZ2008 (ausgewählte Positionen): Tarifindex;WZ08-77;Vermietung von beweglichen Sachen;99,1;2020=100;VST018;Index der tariflichen Wochenarbeitszeit
62221;Vj. Index der Tarifverdienste und Arbeitszeiten;JAHR;Jahr;2024;DINSGF;Früheres Bundesgebiet / Neue Länder;DF;Früheres Bundesgebiet;WZ08C7;WZ2008 (ausgewählte Positionen): Tarifindex;WZ08-77;Vermietung von beweglichen Sachen;110,3;2020=100;VST065;Index d.tarifl. Stundenverdienste ohne Sonderzahl.
62221;Vj. Index der Tarifverdienste und Arbeitszeiten;JAHR;Jahr;2024;DINSGF;Früheres Bundesgebiet / Neue Länder;DF;Früheres Bundesgebiet;WZ08C7;WZ2008 (ausgewählte Positionen): Tarifindex;WZ08-62;Dienstleistungen der Informationstechnologie;110,1;2020=100;VST072;Index d.tarifl. Stundenverdienste mit Sonderzahl.
62221;Vj. Index der Tarifverdienste und Arbeitszeiten;JAHR;Jahr;2024;DINSGF;Früheres Bundesgebiet / Neue Länder;DF;Früheres Bundesgebiet;WZ08C7;WZ2008 (ausgewählte Positionen): Tarifindex;WZ08-62;Dienstleistungen der Informationstechnologie;110,2;2020=100;VST073;Index d.tarifl. Monatsverdienste mit Sonderzahl.
62221;Vj. Index der Tarifverdienste und Arbeitszeiten;JAHR;Jahr;2024;DINSGF;Früheres Bundesgebiet / Neue Länder;DF;Früheres Bundesgebiet;WZ08C7;WZ2008 (ausgewählte Positionen): Tarifindex;WZ08-62;Dienstleistungen der Informationstechnologie;38,0;h;VST019;Durchschnittliche tarifliche Wochenarbeitszeit
62221;Vj. Index der Tarifverdienste und Arbeitszeiten;JAHR;Jahr;2024;DINSGF;Früheres Bundesgebiet / Neue Länder;DF;Früheres Bundesgebiet;WZ08C7;WZ2008 (ausgewählte Positionen): Tarifindex;WZ08-62;Dienstleistungen der Informationstechnologie;108,3;2020=100;VST066;Index d.tarifl. Monatsverdienste ohne Sonderzahl.
62221;Vj. Index der Tarifverdienste und Arbeitszeiten;JAHR;Jahr;2024;DINSGF;Früheres Bundesgebiet / Neue Länder;DF;Früheres Bundesgebiet;WZ08C7;WZ2008 (ausgewählte Positionen): Tarifindex;WZ08-62;Dienstleistungen der Informationstechnologie;100,1;2020=100;VST018;Index der tariflichen Wochenarbeitszeit
62221;Vj. Index der Tarifverdienste und Arbeitszeiten;JAHR;Jahr;2024;DINSGF;Früheres Bundesgebiet / Neue Länder;DF;Früheres Bundesgebiet;WZ08C7;WZ2008 (ausgewählte Positionen): Tarifindex;WZ08-62;Dienstleistungen der Informationstechnologie;108,3;2020=100;VST065;Index d.tarifl. Stundenverdienste ohne Sonderzahl.
62221;Vj. Index der Tarifverdienste und Arbeitszeiten;JAHR;Jahr;2023;DINSGF;Früheres Bundesgebiet / Neue Länder;DN;Neue Länder;WZ08C7;WZ2008 (ausgewählte Positionen): Tarifindex;WZ08-41-01;Hoch- und Tiefbau;110,8;2020=100;VST072;Index d.tarifl. Stundenverdienste mit Sonderzahl.
62221;Vj. Index der Tarifverdienste und Arbeitszeiten;JAHR;Jahr;2023;DINSGF;Früheres Bundesgebiet / Neue Länder;DN;Neue Länder;WZ08C7;WZ2008 (ausgewählte Positionen): Tarifindex;WZ08-41-01;Hoch- und Tiefbau;110,8;2020=100;VST073;Index d.tarifl. Monatsverdienste mit Sonderzahl.
62221;Vj. Index der Tarifverdienste und Arbeitszeiten;JAHR;Jahr;2023;DINSGF;Früheres Bundesgebiet / Neue Länder;DN;Neue Länder;WZ08C7;WZ2008 (ausgewählte Positionen): Tarifindex;WZ08-41-01;Hoch- und Tiefbau;40,0;h;VST019;Durchschnittliche tarifliche Wochenarbeitszeit
62221;Vj. Index der Tarifverdienste und Arbeitszeiten;JAHR;Jahr;2023;DINSGF;Früheres Bundesgebiet / Neue Länder;DN;Neue Länder;WZ08C7;WZ2008 (ausgewählte Positionen): Tarifindex;WZ08-41-01;Hoch- und Tiefbau;109,0;2020=100;VST066;Index d.tarifl. Monatsverdienste ohne Sonderzahl.
62221;Vj. Index der Tarifverdienste und Arbeitszeiten;JAHR;Jahr;2023;DINSGF;Früheres Bundesgebiet / Neue Länder;DN;Neue Länder;WZ08C7;WZ2008 (ausgewählte Positionen): Tarifindex;WZ08-41-01;Hoch- und Tiefbau;100,0;2020=100;VST018;Index der tariflichen Wochenarbeitszeit
62221;Vj. Index der Tarifverdienste und Arbeitszeiten;JAHR;Jahr;2023;DINSGF;Früheres Bundesgebiet / Neue Länder;DN;Neue Länder;WZ08C7;WZ2008 (ausgewählte Positionen): Tarifindex;WZ08-41-01;Hoch- und Tiefbau;109,0;2020=100;VST065;Index d.tarifl. Stundenverdienste ohne Sonderzahl.
62221;Vj. Index der Tarifverdienste und Arbeitszeiten;JAHR;Jahr;2024;DINSGF;Früheres Bundesgebiet / Neue Länder;DF;Früheres Bundesgebiet;WZ08C7;WZ2008 (ausgewählte Positionen): Tarifindex;WZ08-74;Sonst. freiberufl.,wissenschaftl. u. techn.Tätigk.;111,4;2020=100;VST072;Index d.tarifl. Stundenverdienste mit Sonderzahl.
62221;Vj. Index der Tarifverdienste und Arbeitszeiten;JAHR;Jahr;2024;DINSGF;Früheres Bundesgebiet / Neue Länder;DF;Früheres Bundesgebiet;WZ08C7;WZ2008 (ausgewählte Positionen): Tarifindex;WZ08-74;Sonst. freiberufl.,wissenschaftl. u. techn.Tätigk.;111,2;2020=100;VST073;Index d.tarifl. Monatsverdienste mit Sonderzahl.
62221;Vj. Index der Tarifverdienste und Arbeitszeiten;JAHR;Jahr;2024;DINSGF;Früheres Bundesgebiet / Neue Länder;DF;Früheres Bundesgebiet;WZ08C7;WZ2008 (ausgewählte Positionen): Tarifindex;WZ08-74;Sonst. freiberufl.,wissenschaftl. u. techn.Tätigk.;37,6;h;VST019;Durchschnittliche tarifliche Wochenarbeitszeit
62221;Vj. Index der Tarifverdienste und Arbeitszeiten;JAHR;Jahr;2024;DINSGF;Früheres Bundesgebiet / Neue Länder;DF;Früheres Bundesgebiet;WZ08C7;WZ2008 (ausgewählte Positionen): Tarifindex;WZ08-74;Sonst. freiberufl.,wissenschaftl. u. techn.Tätigk.;109,3;2020=100;VST066;Index d.tarifl. Monatsverdienste ohne Sonderzahl.
62221;Vj. Index der Tarifverdienste und Arbeitszeiten;JAHR;Jahr;2024;DINSGF;Früheres Bundesgebiet / Neue Länder;DF;Früheres Bundesgebiet;WZ08C7;WZ2008 (ausgewählte Positionen): Tarifindex;WZ08-74;Sonst. freiberufl.,wissenschaftl. u. techn.Tätigk.;99,8;2020=100;VST018;Index der tariflichen Wochenarbeitszeit
62221;Vj. Index der Tarifverdienste und Arbeitszeiten;JAHR;Jahr;2024;DINSGF;Früheres Bundesgebiet / Neue Länder;DF;Früheres Bundesgebiet;WZ08C7;WZ2008 (ausgewählte Positionen): Tarifindex;WZ08-74;Sonst. freiberufl.,wissenschaftl. u. techn.Tätigk.;109,5;2020=100;VST065;Index d.tarifl. Stundenverdienste ohne Sonderzahl.
62221;Vj. Index der Tarifverdienste und Arbeitszeiten;JAHR;Jahr;2025;DINSGF;Früheres Bundesgebiet / Neue Länder;DN;Neue Länder;WZ08C7;WZ2008 (ausgewählte Positionen): Tarifindex;WZ08-24-02;Metall- und Elektroindustrie;114,0;2020=100;VST072;Index d.tarifl. Stundenverdienste mit Sonderzahl.
62221;Vj. Index der Tarifverdienste und Arbeitszeiten;JAHR;Jahr;2025;DINSGF;Früheres Bundesgebiet / Neue Länder;DN;Neue Länder;WZ08C7;WZ2008 (ausgewählte Positionen): Tarifindex;WZ08-24-02;Metall- und Elektroindustrie;113,6;2020=100;VST073;Index d.tarifl. Monatsverdienste mit Sonderzahl.
62221;Vj. Index der Tarifverdienste und Arbeitszeiten;JAHR;Jahr;2025;DINSGF;Früheres Bundesgebiet / Neue Länder;DN;Neue Länder;WZ08C7;WZ2008 (ausgewählte Positionen): Tarifindex;WZ08-24-02;Metall- und Elektroindustrie;37,5;h;VST019;Durchschnittliche tarifliche Wochenarbeitszeit
62221;Vj. Index der Tarifverdienste und Arbeitszeiten;JAHR;Jahr;2025;DINSGF;Früheres Bundesgebiet / Neue Länder;DN;Neue Länder;WZ08C7;WZ2008 (ausgewählte Positionen): Tarifindex;WZ08-24-02;Metall- und Elektroindustrie;111,2;2020=100;VST066;Index d.tarifl. Monatsverdienste ohne Sonderzahl.
62221;Vj. Index der Tarifverdienste und Arbeitszeiten;JAHR;Jahr;2025;DINSGF;Früheres Bundesgebiet / Neue Länder;DN;Neue Länder;WZ08C7;WZ2008 (ausgewählte Positionen): Tarifindex;WZ08-24-02;Metall- und Elektroindustrie;99,7;2020=100;VST018;Index der tariflichen Wochenarbeitszeit
62221;Vj. Index der Tarifverdienste und Arbeitszeiten;JAHR;Jahr;2025;DINSGF;Früheres Bundesgebiet / Neue Länder;DN;Neue Länder;WZ08C7;WZ2008 (ausgewählte Positionen): Tarifindex;WZ08-24-02;Metall- und Elektroindustrie;111,7;2020=100;VST065;Index d.tarifl. Stundenverdienste ohne Sonderzahl.
62221;Vj. Index der Tarifverdienste und Arbeitszeiten;JAHR;Jahr;2019;DINSGF;Früheres Bundesgebiet / Neue Länder;DF;Früheres Bundesgebiet;WZ08C7;WZ2008 (ausgewählte Positionen): Tarifindex;WZ08-31-01;Möbelherstellung, Installation von Maschinen;98,9;2020=100;VST072;Index d.tarifl. Stundenverdienste mit Sonderzahl.
62221;Vj. Index der Tarifverdienste und Arbeitszeiten;JAHR;Jahr;2019;DINSGF;Früheres Bundesgebiet / Neue Länder;DF;Früheres Bundesgebiet;WZ08C7;WZ2008 (ausgewählte Positionen): Tarifindex;WZ08-31-01;Möbelherstellung, Installation von Maschinen;98,9;2020=100;VST073;Index d.tarifl. Monatsverdienste mit Sonderzahl.
62221;Vj. Index der Tarifverdienste und Arbeitszeiten;JAHR;Jahr;2019;DINSGF;Früheres Bundesgebiet / Neue Länder;DF;Früheres Bundesgebiet;WZ08C7;WZ2008 (ausgewählte Positionen): Tarifindex;WZ08-31-01;Möbelherstellung, Installation von Maschinen;36,5;h;VST019;Durchschnittliche tarifliche Wochenarbeitszeit
62221;Vj. Index der Tarifverdienste und Arbeitszeiten;JAHR;Jahr;2019;DINSGF;Früheres Bundesgebiet / Neue Länder;DF;Früheres Bundesgebiet;WZ08C7;WZ2008 (ausgewählte Positionen): Tarifindex;WZ08-31-01;Möbelherstellung, Installation von Maschinen;98,9;2020=100;VST066;Index d.tarifl. Monatsverdienste ohne Sonderzahl.
62221;Vj. Index der Tarifverdienste und Arbeitszeiten;JAHR;Jahr;2019;DINSGF;Früheres Bundesgebiet / Neue Länder;DF;Früheres Bundesgebiet;WZ08C7;WZ2008 (ausgewählte Positionen): Tarifindex;WZ08-31-01;Möbelherstellung, Installation von Maschinen;100,0;2020=100;VST018;Index der tariflichen Wochenarbeitszeit
62221;Vj. Index der Tarifverdienste und Arbeitszeiten;JAHR;Jahr;2019;DINSGF;Früheres Bundesgebiet / Neue Länder;DF;Früheres Bundesgebiet;WZ08C7;WZ2008 (ausgewählte Positionen): Tarifindex;WZ08-31-01;Möbelherstellung, Installation von Maschinen;98,9;2020=100;VST065;Index d.tarifl. Stundenverdienste ohne Sonderzahl.
62221;Vj. Index der Tarifverdienste und Arbeitszeiten;JAHR;Jahr;2024;DINSGF;Früheres Bundesgebiet / Neue Länder;DF;Früheres Bundesgebiet;WZ08C7;WZ2008 (ausgewählte Positionen): Tarifindex;WZ08-59;Film, TV-Programme, Kinos, Tonstudios, Musikverlag;107,3;2020=100;VST072;Index d.tarifl. Stundenverdienste mit Sonderzahl.
62221;Vj. Index der Tarifverdienste und Arbeitszeiten;JAHR;Jahr;2024;DINSGF;Früheres Bundesgebiet / Neue Länder;DF;Früheres Bundesgebiet;WZ08C7;WZ2008 (ausgewählte Positionen): Tarifindex;WZ08-59;Film, TV-Programme, Kinos, Tonstudios, Musikverlag;107,3;2020=100;VST073;Index d.tarifl. Monatsverdienste mit Sonderzahl.
62221;Vj. Index der Tarifverdienste und Arbeitszeiten;JAHR;Jahr;2024;DINSGF;Früheres Bundesgebiet / Neue Länder;DF;Früheres Bundesgebiet;WZ08C7;WZ2008 (ausgewählte Positionen): Tarifindex;WZ08-59;Film, TV-Programme, Kinos, Tonstudios, Musikverlag;39,0;h;VST019;Durchschnittliche tarifliche Wochenarbeitszeit
62221;Vj. Index der Tarifverdienste und Arbeitszeiten;JAHR;Jahr;2024;DINSGF;Früheres Bundesgebiet / Neue Länder;DF;Früheres Bundesgebiet;WZ08C7;WZ2008 (ausgewählte Positionen): Tarifindex;WZ08-59;Film, TV-Programme, Kinos, Tonstudios, Musikverlag;105,8;2020=100;VST066;Index d.tarifl. Monatsverdienste ohne Sonderzahl.
62221;Vj. Index der Tarifverdienste und Arbeitszeiten;JAHR;Jahr;2024;DINSGF;Früheres Bundesgebiet / Neue Länder;DF;Früheres Bundesgebiet;WZ08C7;WZ2008 (ausgewählte Positionen): Tarifindex;WZ08-59;Film, TV-Programme, Kinos, Tonstudios, Musikverlag;100,0;2020=100;VST018;Index der tariflichen Wochenarbeitszeit
62221;Vj. Index der Tarifverdienste und Arbeitszeiten;JAHR;Jahr;2024;DINSGF;Früheres Bundesgebiet / Neue Länder;DF;Früheres Bundesgebiet;WZ08C7;WZ2008 (ausgewählte Positionen): Tarifindex;WZ08-59;Film, TV-Programme, Kinos, Tonstudios, Musikverlag;105,8;2020=100;VST065;Index d.tarifl. Stundenverdienste ohne Sonderzahl.
62221;Vj. Index der Tarifverdienste und Arbeitszeiten;JAHR;Jahr;2020;DINSGF;Früheres Bundesgebiet / Neue Länder;DN;Neue Länder;WZ08C7;WZ2008 (ausgewählte Positionen): Tarifindex;WZ08-78;Vermittlung und Überlassung von Arbeitskräften;100,0;2020=100;VST072;Index d.tarifl. Stundenverdienste mit Sonderzahl.
62221;Vj. Index der Tarifverdienste und Arbeitszeiten;JAHR;Jahr;2020;DINSGF;Früheres Bundesgebiet / Neue Länder;DN;Neue Länder;WZ08C7;WZ2008 (ausgewählte Positionen): Tarifindex;WZ08-78;Vermittlung und Überlassung von Arbeitskräften;100,0;2020=100;VST073;Index d.tarifl. Monatsverdienste mit Sonderzahl.
62221;Vj. Index der Tarifverdienste und Arbeitszeiten;JAHR;Jahr;2020;DINSGF;Früheres Bundesgebiet / Neue Länder;DN;Neue Länder;WZ08C7;WZ2008 (ausgewählte Positionen): Tarifindex;WZ08-78;Vermittlung und Überlassung von Arbeitskräften;35,2;h;VST019;Durchschnittliche tarifliche Wochenarbeitszeit
62221;Vj. Index der Tarifverdienste und Arbeitszeiten;JAHR;Jahr;2020;DINSGF;Früheres Bundesgebiet / Neue Länder;DN;Neue Länder;WZ08C7;WZ2008 (ausgewählte Positionen): Tarifindex;WZ08-78;Vermittlung und Überlassung von Arbeitskräften;100,0;2020=100;VST066;Index d.tarifl. Monatsverdienste ohne Sonderzahl.
62221;Vj. Index der Tarifverdienste und Arbeitszeiten;JAHR;Jahr;2020;DINSGF;Früheres Bundesgebiet / Neue Länder;DN;Neue Länder;WZ08C7;WZ2008 (ausgewählte Positionen): Tarifindex;WZ08-78;Vermittlung und Überlassung von Arbeitskräften;100,0;2020=100;VST018;Index der tariflichen Wochenarbeitszeit
62221;Vj. Index der Tarifverdienste und Arbeitszeiten;JAHR;Jahr;2020;DINSGF;Früheres Bundesgebiet / Neue Länder;DN;Neue Länder;WZ08C7;WZ2008 (ausgewählte Positionen): Tarifindex;WZ08-78;Vermittlung und Überlassung von Arbeitskräften;100,0;2020=100;VST065;Index d.tarifl. Stundenverdienste ohne Sonderzahl.
62221;Vj. Index der Tarifverdienste und Arbeitszeiten;JAHR;Jahr;2016;DINSGF;Früheres Bundesgebiet / Neue Länder;DF;Früheres Bundesgebiet;WZ08C7;WZ2008 (ausgewählte Positionen): Tarifindex;WZ08-08-01;Gewinnung v. Steinen u. Erden, sonst. Bergbau, DL;90,1;2020=100;VST072;Index d.tarifl. Stundenverdienste mit Sonderzahl.
62221;Vj. Index der Tarifverdienste und Arbeitszeiten;JAHR;Jahr;2016;DINSGF;Früheres Bundesgebiet / Neue Länder;DF;Früheres Bundesgebiet;WZ08C7;WZ2008 (ausgewählte Positionen): Tarifindex;WZ08-08-01;Gewinnung v. Steinen u. Erden, sonst. Bergbau, DL;90,1;2020=100;VST073;Index d.tarifl. Monatsverdienste mit Sonderzahl.
62221;Vj. Index der Tarifverdienste und Arbeitszeiten;JAHR;Jahr;2016;DINSGF;Früheres Bundesgebiet / Neue Länder;DF;Früheres Bundesgebiet;WZ08C7;WZ2008 (ausgewählte Positionen): Tarifindex;WZ08-08-01;Gewinnung v. Steinen u. Erden, sonst. Bergbau, DL;37,5;h;VST019;Durchschnittliche tarifliche Wochenarbeitszeit
62221;Vj. Index der Tarifverdienste und Arbeitszeiten;JAHR;Jahr;2016;DINSGF;Früheres Bundesgebiet / Neue Länder;DF;Früheres Bundesgebiet;WZ08C7;WZ2008 (ausgewählte Positionen): Tarifindex;WZ08-08-01;Gewinnung v. Steinen u. Erden, sonst. Bergbau, DL;91,1;2020=100;VST066;Index d.tarifl. Monatsverdienste ohne Sonderzahl.
62221;Vj. Index der Tarifverdienste und Arbeitszeiten;JAHR;Jahr;2016;DINSGF;Früheres Bundesgebiet / Neue Länder;DF;Früheres Bundesgebiet;WZ08C7;WZ2008 (ausgewählte Positionen): Tarifindex;WZ08-08-01;Gewinnung v. Steinen u. Erden, sonst. Bergbau, DL;100,0;2020=100;VST018;Index der tariflichen Wochenarbeitszeit
62221;Vj. Index der Tarifverdienste und Arbeitszeiten;JAHR;Jahr;2016;DINSGF;Früheres Bundesgebiet / Neue Länder;DF;Früheres Bundesgebiet;WZ08C7;WZ2008 (ausgewählte Positionen): Tarifindex;WZ08-08-01;Gewinnung v. Steinen u. Erden, sonst. Bergbau, DL;91,1;2020=100;VST065;Index d.tarifl. Stundenverdienste ohne Sonderzahl.
62221;Vj. Index der Tarifverdienste und Arbeitszeiten;JAHR;Jahr;2020;DINSGF;Früheres Bundesgebiet / Neue Länder;DN;Neue Länder;WZ08C7;WZ2008 (ausgewählte Positionen): Tarifindex;WZ08-47;Einzelhandel (ohne Handel mit Kraftfahrzeugen);100,0;2020=100;VST072;Index d.tarifl. Stundenverdienste mit Sonderzahl.
62221;Vj. Index der Tarifverdienste und Arbeitszeiten;JAHR;Jahr;2020;DINSGF;Früheres Bundesgebiet / Neue Länder;DN;Neue Länder;WZ08C7;WZ2008 (ausgewählte Positionen): Tarifindex;WZ08-47;Einzelhandel (ohne Handel mit Kraftfahrzeugen);100,0;2020=100;VST073;Index d.tarifl. Monatsverdienste mit Sonderzahl.
62221;Vj. Index der Tarifverdienste und Arbeitszeiten;JAHR;Jahr;2020;DINSGF;Früheres Bundesgebiet / Neue Länder;DN;Neue Länder;WZ08C7;WZ2008 (ausgewählte Positionen): Tarifindex;WZ08-47;Einzelhandel (ohne Handel mit Kraftfahrzeugen);38,3;h;VST019;Durchschnittliche tarifliche Wochenarbeitszeit
62221;Vj. Index der Tarifverdienste und Arbeitszeiten;JAHR;Jahr;2020;DINSGF;Früheres Bundesgebiet / Neue Länder;DN;Neue Länder;WZ08C7;WZ2008 (ausgewählte Positionen): Tarifindex;WZ08-47;Einzelhandel (ohne Handel mit Kraftfahrzeugen);100,0;2020=100;VST066;Index d.tarifl. Monatsverdienste ohne Sonderzahl.
62221;Vj. Index der Tarifverdienste und Arbeitszeiten;JAHR;Jahr;2020;DINSGF;Früheres Bundesgebiet / Neue Länder;DN;Neue Länder;WZ08C7;WZ2008 (ausgewählte Positionen): Tarifindex;WZ08-47;Einzelhandel (ohne Handel mit Kraftfahrzeugen);100,0;2020=100;VST018;Index der tariflichen Wochenarbeitszeit
62221;Vj. Index der Tarifverdienste und Arbeitszeiten;JAHR;Jahr;2020;DINSGF;Früheres Bundesgebiet / Neue Länder;DN;Neue Länder;WZ08C7;WZ2008 (ausgewählte Positionen): Tarifindex;WZ08-47;Einzelhandel (ohne Handel mit Kraftfahrzeugen);100,0;2020=100;VST065;Index d.tarifl. Stundenverdienste ohne Sonderzahl.
62221;Vj. Index der Tarifverdienste und Arbeitszeiten;JAHR;Jahr;2017;DINSGF;Früheres Bundesgebiet / Neue Länder;DF;Früheres Bundesgebiet;WZ08C7;WZ2008 (ausgewählte Positionen): Tarifindex;WZ08-64;Erbringung von Finanzdienstleistungen;94,3;2020=100;VST072;Index d.tarifl. Stundenverdienste mit Sonderzahl.
62221;Vj. Index der Tarifverdienste und Arbeitszeiten;JAHR;Jahr;2017;DINSGF;Früheres Bundesgebiet / Neue Länder;DF;Früheres Bundesgebiet;WZ08C7;WZ2008 (ausgewählte Positionen): Tarifindex;WZ08-64;Erbringung von Finanzdienstleistungen;94,3;2020=100;VST073;Index d.tarifl. Monatsverdienste mit Sonderzahl.
62221;Vj. Index der Tarifverdienste und Arbeitszeiten;JAHR;Jahr;2017;DINSGF;Früheres Bundesgebiet / Neue Länder;DF;Früheres Bundesgebiet;WZ08C7;WZ2008 (ausgewählte Positionen): Tarifindex;WZ08-64;Erbringung von Finanzdienstleistungen;39,0;h;VST019;Durchschnittliche tarifliche Wochenarbeitszeit
62221;Vj. Index der Tarifverdienste und Arbeitszeiten;JAHR;Jahr;2017;DINSGF;Früheres Bundesgebiet / Neue Länder;DF;Früheres Bundesgebiet;WZ08C7;WZ2008 (ausgewählte Positionen): Tarifindex;WZ08-64;Erbringung von Finanzdienstleistungen;94,5;2020=100;VST066;Index d.tarifl. Monatsverdienste ohne Sonderzahl.
62221;Vj. Index der Tarifverdienste und Arbeitszeiten;JAHR;Jahr;2017;DINSGF;Früheres Bundesgebiet / Neue Länder;DF;Früheres Bundesgebiet;WZ08C7;WZ2008 (ausgewählte Positionen): Tarifindex;WZ08-64;Erbringung von Finanzdienstleistungen;100,0;2020=100;VST018;Index der tariflichen Wochenarbeitszeit
62221;Vj. Index der Tarifverdienste und Arbeitszeiten;JAHR;Jahr;2017;DINSGF;Früheres Bundesgebiet / Neue Länder;DF;Früheres Bundesgebiet;WZ08C7;WZ2008 (ausgewählte Positionen): Tarifindex;WZ08-64;Erbringung von Finanzdienstleistungen;94,5;2020=100;VST065;Index d.tarifl. Stundenverdienste ohne Sonderzahl.
62221;Vj. Index der Tarifverdienste und Arbeitszeiten;JAHR;Jahr;2023;DINSGF;Früheres Bundesgebiet / Neue Länder;DF;Früheres Bundesgebiet;WZ08C7;WZ2008 (ausgewählte Positionen): Tarifindex;WZ08-91;Bibliotheken, Archive, Museen, bot. u. zoo. Gärten;105,6;2020=100;VST072;Index d.tarifl. Stundenverdienste mit Sonderzahl.
62221;Vj. Index der Tarifverdienste und Arbeitszeiten;JAHR;Jahr;2023;DINSGF;Früheres Bundesgebiet / Neue Länder;DF;Früheres Bundesgebiet;WZ08C7;WZ2008 (ausgewählte Positionen): Tarifindex;WZ08-91;Bibliotheken, Archive, Museen, bot. u. zoo. Gärten;105,6;2020=100;VST073;Index d.tarifl. Monatsverdienste mit Sonderzahl.
62221;Vj. Index der Tarifverdienste und Arbeitszeiten;JAHR;Jahr;2023;DINSGF;Früheres Bundesgebiet / Neue Länder;DF;Früheres Bundesgebiet;WZ08C7;WZ2008 (ausgewählte Positionen): Tarifindex;WZ08-91;Bibliotheken, Archive, Museen, bot. u. zoo. Gärten;39,6;h;VST019;Durchschnittliche tarifliche Wochenarbeitszeit
62221;Vj. Index der Tarifverdienste und Arbeitszeiten;JAHR;Jahr;2023;DINSGF;Früheres Bundesgebiet / Neue Länder;DF;Früheres Bundesgebiet;WZ08C7;WZ2008 (ausgewählte Positionen): Tarifindex;WZ08-91;Bibliotheken, Archive, Museen, bot. u. zoo. Gärten;104,0;2020=100;VST066;Index d.tarifl. Monatsverdienste ohne Sonderzahl.
62221;Vj. Index der Tarifverdienste und Arbeitszeiten;JAHR;Jahr;2023;DINSGF;Früheres Bundesgebiet / Neue Länder;DF;Früheres Bundesgebiet;WZ08C7;WZ2008 (ausgewählte Positionen): Tarifindex;WZ08-91;Bibliotheken, Archive, Museen, bot. u. zoo. Gärten;100,0;2020=100;VST018;Index der tariflichen Wochenarbeitszeit
62221;Vj. Index der Tarifverdienste und Arbeitszeiten;JAHR;Jahr;2023;DINSGF;Früheres Bundesgebiet / Neue Länder;DF;Früheres Bundesgebiet;WZ08C7;WZ2008 (ausgewählte Positionen): Tarifindex;WZ08-91;Bibliotheken, Archive, Museen, bot. u. zoo. Gärten;104,0;2020=100;VST065;Index d.tarifl. Stundenverdienste ohne Sonderzahl.
62221;Vj. Index der Tarifverdienste und Arbeitszeiten;JAHR;Jahr;2024;DINSGF;Früheres Bundesgebiet / Neue Länder;DF;Früheres Bundesgebiet;WZ08C7;WZ2008 (ausgewählte Positionen): Tarifindex;WZ08-10;Herstellung von Nahrungs- und Futtermitteln;116,4;2020=100;VST072;Index d.tarifl. Stundenverdienste mit Sonderzahl.
62221;Vj. Index der Tarifverdienste und Arbeitszeiten;JAHR;Jahr;2024;DINSGF;Früheres Bundesgebiet / Neue Länder;DF;Früheres Bundesgebiet;WZ08C7;WZ2008 (ausgewählte Positionen): Tarifindex;WZ08-10;Herstellung von Nahrungs- und Futtermitteln;116,4;2020=100;VST073;Index d.tarifl. Monatsverdienste mit Sonderzahl.
62221;Vj. Index der Tarifverdienste und Arbeitszeiten;JAHR;Jahr;2024;DINSGF;Früheres Bundesgebiet / Neue Länder;DF;Früheres Bundesgebiet;WZ08C7;WZ2008 (ausgewählte Positionen): Tarifindex;WZ08-10;Herstellung von Nahrungs- und Futtermitteln;38,1;h;VST019;Durchschnittliche tarifliche Wochenarbeitszeit
62221;Vj. Index der Tarifverdienste und Arbeitszeiten;JAHR;Jahr;2024;DINSGF;Früheres Bundesgebiet / Neue Länder;DF;Früheres Bundesgebiet;WZ08C7;WZ2008 (ausgewählte Positionen): Tarifindex;WZ08-10;Herstellung von Nahrungs- und Futtermitteln;115,0;2020=100;VST066;Index d.tarifl. Monatsverdienste ohne Sonderzahl.
62221;Vj. Index der Tarifverdienste und Arbeitszeiten;JAHR;Jahr;2024;DINSGF;Früheres Bundesgebiet / Neue Länder;DF;Früheres Bundesgebiet;WZ08C7;WZ2008 (ausgewählte Positionen): Tarifindex;WZ08-10;Herstellung von Nahrungs- und Futtermitteln;100,0;2020=100;VST018;Index der tariflichen Wochenarbeitszeit
62221;Vj. Index der Tarifverdienste und Arbeitszeiten;JAHR;Jahr;2024;DINSGF;Früheres Bundesgebiet / Neue Länder;DF;Früheres Bundesgebiet;WZ08C7;WZ2008 (ausgewählte Positionen): Tarifindex;WZ08-10;Herstellung von Nahrungs- und Futtermitteln;114,9;2020=100;VST065;Index d.tarifl. Stundenverdienste ohne Sonderzahl.
62221;Vj. Index der Tarifverdienste und Arbeitszeiten;JAHR;Jahr;2018;DINSGF;Früheres Bundesgebiet / Neue Länder;DN;Neue Länder;WZ08C7;WZ2008 (ausgewählte Positionen): Tarifindex;WZ08-41-01;Hoch- und Tiefbau;95,4;2020=100;VST072;Index d.tarifl. Stundenverdienste mit Sonderzahl.
62221;Vj. Index der Tarifverdienste und Arbeitszeiten;JAHR;Jahr;2018;DINSGF;Früheres Bundesgebiet / Neue Länder;DN;Neue Länder;WZ08C7;WZ2008 (ausgewählte Positionen): Tarifindex;WZ08-41-01;Hoch- und Tiefbau;95,4;2020=100;VST073;Index d.tarifl. Monatsverdienste mit Sonderzahl.
62221;Vj. Index der Tarifverdienste und Arbeitszeiten;JAHR;Jahr;2018;DINSGF;Früheres Bundesgebiet / Neue Länder;DN;Neue Länder;WZ08C7;WZ2008 (ausgewählte Positionen): Tarifindex;WZ08-41-01;Hoch- und Tiefbau;40,0;h;VST019;Durchschnittliche tarifliche Wochenarbeitszeit
62221;Vj. Index der Tarifverdienste und Arbeitszeiten;JAHR;Jahr;2018;DINSGF;Früheres Bundesgebiet / Neue Länder;DN;Neue Länder;WZ08C7;WZ2008 (ausgewählte Positionen): Tarifindex;WZ08-41-01;Hoch- und Tiefbau;96,6;2020=100;VST066;Index d.tarifl. Monatsverdienste ohne Sonderzahl.
62221;Vj. Index der Tarifverdienste und Arbeitszeiten;JAHR;Jahr;2018;DINSGF;Früheres Bundesgebiet / Neue Länder;DN;Neue Länder;WZ08C7;WZ2008 (ausgewählte Positionen): Tarifindex;WZ08-41-01;Hoch- und Tiefbau;100,0;2020=100;VST018;Index der tariflichen Wochenarbeitszeit
62221;Vj. Index der Tarifverdienste und Arbeitszeiten;JAHR;Jahr;2018;DINSGF;Früheres Bundesgebiet / Neue Länder;DN;Neue Länder;WZ08C7;WZ2008 (ausgewählte Positionen): Tarifindex;WZ08-41-01;Hoch- und Tiefbau;96,6;2020=100;VST065;Index d.tarifl. Stundenverdienste ohne Sonderzahl.
62221;Vj. Index der Tarifverdienste und Arbeitszeiten;JAHR;Jahr;2022;DINSGF;Früheres Bundesgebiet / Neue Länder;DN;Neue Länder;WZ08C7;WZ2008 (ausgewählte Positionen): Tarifindex;WZ08-68;Grundstücks- und Wohnungswesen;103,4;2020=100;VST072;Index d.tarifl. Stundenverdienste mit Sonderzahl.
62221;Vj. Index der Tarifverdienste und Arbeitszeiten;JAHR;Jahr;2022;DINSGF;Früheres Bundesgebiet / Neue Länder;DN;Neue Länder;WZ08C7;WZ2008 (ausgewählte Positionen): Tarifindex;WZ08-68;Grundstücks- und Wohnungswesen;103,4;2020=100;VST073;Index d.tarifl. Monatsverdienste mit Sonderzahl.
62221;Vj. Index der Tarifverdienste und Arbeitszeiten;JAHR;Jahr;2022;DINSGF;Früheres Bundesgebiet / Neue Länder;DN;Neue Länder;WZ08C7;WZ2008 (ausgewählte Positionen): Tarifindex;WZ08-68;Grundstücks- und Wohnungswesen;37,9;h;VST019;Durchschnittliche tarifliche Wochenarbeitszeit
62221;Vj. Index der Tarifverdienste und Arbeitszeiten;JAHR;Jahr;2022;DINSGF;Früheres Bundesgebiet / Neue Länder;DN;Neue Länder;WZ08C7;WZ2008 (ausgewählte Positionen): Tarifindex;WZ08-68;Grundstücks- und Wohnungswesen;103,9;2020=100;VST066;Index d.tarifl. Monatsverdienste ohne Sonderzahl.
62221;Vj. Index der Tarifverdienste und Arbeitszeiten;JAHR;Jahr;2022;DINSGF;Früheres Bundesgebiet / Neue Länder;DN;Neue Länder;WZ08C7;WZ2008 (ausgewählte Positionen): Tarifindex;WZ08-68;Grundstücks- und Wohnungswesen;100,0;2020=100;VST018;Index der tariflichen Wochenarbeitszeit
62221;Vj. Index der Tarifverdienste und Arbeitszeiten;JAHR;Jahr;2022;DINSGF;Früheres Bundesgebiet / Neue Länder;DN;Neue Länder;WZ08C7;WZ2008 (ausgewählte Positionen): Tarifindex;WZ08-68;Grundstücks- und Wohnungswesen;103,9;2020=100;VST065;Index d.tarifl. Stundenverdienste ohne Sonderzahl.
62221;Vj. Index der Tarifverdienste und Arbeitszeiten;JAHR;Jahr;2017;DINSGF;Früheres Bundesgebiet / Neue Länder;DN;Neue Länder;WZ08C7;WZ2008 (ausgewählte Positionen): Tarifindex;WZ08-19;Kokerei und Mineralölverarbeitung;91,3;2020=100;VST072;Index d.tarifl. Stundenverdienste mit Sonderzahl.
62221;Vj. Index der Tarifverdienste und Arbeitszeiten;JAHR;Jahr;2017;DINSGF;Früheres Bundesgebiet / Neue Länder;DN;Neue Länder;WZ08C7;WZ2008 (ausgewählte Positionen): Tarifindex;WZ08-19;Kokerei und Mineralölverarbeitung;92,4;2020=100;VST073;Index d.tarifl. Monatsverdienste mit Sonderzahl.
62221;Vj. Index der Tarifverdienste und Arbeitszeiten;JAHR;Jahr;2017;DINSGF;Früheres Bundesgebiet / Neue Länder;DN;Neue Länder;WZ08C7;WZ2008 (ausgewählte Positionen): Tarifindex;WZ08-19;Kokerei und Mineralölverarbeitung;40,0;h;VST019;Durchschnittliche tarifliche Wochenarbeitszeit
62221;Vj. Index der Tarifverdienste und Arbeitszeiten;JAHR;Jahr;2017;DINSGF;Früheres Bundesgebiet / Neue Länder;DN;Neue Länder;WZ08C7;WZ2008 (ausgewählte Positionen): Tarifindex;WZ08-19;Kokerei und Mineralölverarbeitung;94,1;2020=100;VST066;Index d.tarifl. Monatsverdienste ohne Sonderzahl.
62221;Vj. Index der Tarifverdienste und Arbeitszeiten;JAHR;Jahr;2017;DINSGF;Früheres Bundesgebiet / Neue Länder;DN;Neue Länder;WZ08C7;WZ2008 (ausgewählte Positionen): Tarifindex;WZ08-19;Kokerei und Mineralölverarbeitung;101,2;2020=100;VST018;Index der tariflichen Wochenarbeitszeit
62221;Vj. Index der Tarifverdienste und Arbeitszeiten;JAHR;Jahr;2017;DINSGF;Früheres Bundesgebiet / Neue Länder;DN;Neue Länder;WZ08C7;WZ2008 (ausgewählte Positionen): Tarifindex;WZ08-19;Kokerei und Mineralölverarbeitung;92,9;2020=100;VST065;Index d.tarifl. Stundenverdienste ohne Sonderzahl.
62221;Vj. Index der Tarifverdienste und Arbeitszeiten;JAHR;Jahr;2019;DINSGF;Früheres Bundesgebiet / Neue Länder;DN;Neue Länder;WZ08C7;WZ2008 (ausgewählte Positionen): Tarifindex;WZ08-43;Vorb.Baustellenarbeiten, Bauinstall., sonst.Ausbau;97,4;2020=100;VST072;Index d.tarifl. Stundenverdienste mit Sonderzahl.
62221;Vj. Index der Tarifverdienste und Arbeitszeiten;JAHR;Jahr;2019;DINSGF;Früheres Bundesgebiet / Neue Länder;DN;Neue Länder;WZ08C7;WZ2008 (ausgewählte Positionen): Tarifindex;WZ08-43;Vorb.Baustellenarbeiten, Bauinstall., sonst.Ausbau;97,4;2020=100;VST073;Index d.tarifl. Monatsverdienste mit Sonderzahl.
62221;Vj. Index der Tarifverdienste und Arbeitszeiten;JAHR;Jahr;2019;DINSGF;Früheres Bundesgebiet / Neue Länder;DN;Neue Länder;WZ08C7;WZ2008 (ausgewählte Positionen): Tarifindex;WZ08-43;Vorb.Baustellenarbeiten, Bauinstall., sonst.Ausbau;39,7;h;VST019;Durchschnittliche tarifliche Wochenarbeitszeit
62221;Vj. Index der Tarifverdienste und Arbeitszeiten;JAHR;Jahr;2019;DINSGF;Früheres Bundesgebiet / Neue Länder;DN;Neue Länder;WZ08C7;WZ2008 (ausgewählte Positionen): Tarifindex;WZ08-43;Vorb.Baustellenarbeiten, Bauinstall., sonst.Ausbau;97,8;2020=100;VST066;Index d.tarifl. Monatsverdienste ohne Sonderzahl.
62221;Vj. Index der Tarifverdienste und Arbeitszeiten;JAHR;Jahr;2019;DINSGF;Früheres Bundesgebiet / Neue Länder;DN;Neue Länder;WZ08C7;WZ2008 (ausgewählte Positionen): Tarifindex;WZ08-43;Vorb.Baustellenarbeiten, Bauinstall., sonst.Ausbau;100,0;2020=100;VST018;Index der tariflichen Wochenarbeitszeit
62221;Vj. Index der Tarifverdienste und Arbeitszeiten;JAHR;Jahr;2019;DINSGF;Früheres Bundesgebiet / Neue Länder;DN;Neue Länder;WZ08C7;WZ2008 (ausgewählte Positionen): Tarifindex;WZ08-43;Vorb.Baustellenarbeiten, Bauinstall., sonst.Ausbau;97,8;2020=100;VST065;Index d.tarifl. Stundenverdienste ohne Sonderzahl.
62221;Vj. Index der Tarifverdienste und Arbeitszeiten;JAHR;Jahr;2022;DINSGF;Früheres Bundesgebiet / Neue Länder;DF;Früheres Bundesgebiet;WZ08C7;WZ2008 (ausgewählte Positionen): Tarifindex;WZ08-38-01;Recycling, Beseitigung von Umweltverschmutzungen;102,5;2020=100;VST072;Index d.tarifl. Stundenverdienste mit Sonderzahl.
62221;Vj. Index der Tarifverdienste und Arbeitszeiten;JAHR;Jahr;2022;DINSGF;Früheres Bundesgebiet / Neue Länder;DF;Früheres Bundesgebiet;WZ08C7;WZ2008 (ausgewählte Positionen): Tarifindex;WZ08-38-01;Recycling, Beseitigung von Umweltverschmutzungen;102,5;2020=100;VST073;Index d.tarifl. Monatsverdienste mit Sonderzahl.
62221;Vj. Index der Tarifverdienste und Arbeitszeiten;JAHR;Jahr;2022;DINSGF;Früheres Bundesgebiet / Neue Länder;DF;Früheres Bundesgebiet;WZ08C7;WZ2008 (ausgewählte Positionen): Tarifindex;WZ08-38-01;Recycling, Beseitigung von Umweltverschmutzungen;38,8;h;VST019;Durchschnittliche tarifliche Wochenarbeitszeit
62221;Vj. Index der Tarifverdienste und Arbeitszeiten;JAHR;Jahr;2022;DINSGF;Früheres Bundesgebiet / Neue Länder;DF;Früheres Bundesgebiet;WZ08C7;WZ2008 (ausgewählte Positionen): Tarifindex;WZ08-38-01;Recycling, Beseitigung von Umweltverschmutzungen;103,1;2020=100;VST066;Index d.tarifl. Monatsverdienste ohne Sonderzahl.
62221;Vj. Index der Tarifverdienste und Arbeitszeiten;JAHR;Jahr;2022;DINSGF;Früheres Bundesgebiet / Neue Länder;DF;Früheres Bundesgebiet;WZ08C7;WZ2008 (ausgewählte Positionen): Tarifindex;WZ08-38-01;Recycling, Beseitigung von Umweltverschmutzungen;100,0;2020=100;VST018;Index der tariflichen Wochenarbeitszeit
62221;Vj. Index der Tarifverdienste und Arbeitszeiten;JAHR;Jahr;2022;DINSGF;Früheres Bundesgebiet / Neue Länder;DF;Früheres Bundesgebiet;WZ08C7;WZ2008 (ausgewählte Positionen): Tarifindex;WZ08-38-01;Recycling, Beseitigung von Umweltverschmutzungen;103,1;2020=100;VST065;Index d.tarifl. Stundenverdienste ohne Sonderzahl.
62221;Vj. Index der Tarifverdienste und Arbeitszeiten;JAHR;Jahr;2020;DINSGF;Früheres Bundesgebiet / Neue Länder;DN;Neue Länder;WZ08C7;WZ2008 (ausgewählte Positionen): Tarifindex;WZ08-C;Verarbeitendes Gewerbe;100,0;2020=100;VST072;Index d.tarifl. Stundenverdienste mit Sonderzahl.
62221;Vj. Index der Tarifverdienste und Arbeitszeiten;JAHR;Jahr;2020;DINSGF;Früheres Bundesgebiet / Neue Länder;DN;Neue Länder;WZ08C7;WZ2008 (ausgewählte Positionen): Tarifindex;WZ08-C;Verarbeitendes Gewerbe;100,0;2020=100;VST073;Index d.tarifl. Monatsverdienste mit Sonderzahl.
62221;Vj. Index der Tarifverdienste und Arbeitszeiten;JAHR;Jahr;2020;DINSGF;Früheres Bundesgebiet / Neue Länder;DN;Neue Länder;WZ08C7;WZ2008 (ausgewählte Positionen): Tarifindex;WZ08-C;Verarbeitendes Gewerbe;38,1;h;VST019;Durchschnittliche tarifliche Wochenarbeitszeit
62221;Vj. Index der Tarifverdienste und Arbeitszeiten;JAHR;Jahr;2020;DINSGF;Früheres Bundesgebiet / Neue Länder;DN;Neue Länder;WZ08C7;WZ2008 (ausgewählte Positionen): Tarifindex;WZ08-C;Verarbeitendes Gewerbe;100,0;2020=100;VST066;Index d.tarifl. Monatsverdienste ohne Sonderzahl.
62221;Vj. Index der Tarifverdienste und Arbeitszeiten;JAHR;Jahr;2020;DINSGF;Früheres Bundesgebiet / Neue Länder;DN;Neue Länder;WZ08C7;WZ2008 (ausgewählte Positionen): Tarifindex;WZ08-C;Verarbeitendes Gewerbe;100,0;2020=100;VST018;Index der tariflichen Wochenarbeitszeit
62221;Vj. Index der Tarifverdienste und Arbeitszeiten;JAHR;Jahr;2020;DINSGF;Früheres Bundesgebiet / Neue Länder;DN;Neue Länder;WZ08C7;WZ2008 (ausgewählte Positionen): Tarifindex;WZ08-C;Verarbeitendes Gewerbe;100,0;2020=100;VST065;Index d.tarifl. Stundenverdienste ohne Sonderzahl.
62221;Vj. Index der Tarifverdienste und Arbeitszeiten;JAHR;Jahr;2024;DINSGF;Früheres Bundesgebiet / Neue Länder;DF;Früheres Bundesgebiet;WZ08C7;WZ2008 (ausgewählte Positionen): Tarifindex;WZ08-G-02;Dienstleistungsbereich;112,2;2020=100;VST072;Index d.tarifl. Stundenverdienste mit Sonderzahl.
62221;Vj. Index der Tarifverdienste und Arbeitszeiten;JAHR;Jahr;2024;DINSGF;Früheres Bundesgebiet / Neue Länder;DF;Früheres Bundesgebiet;WZ08C7;WZ2008 (ausgewählte Positionen): Tarifindex;WZ08-G-02;Dienstleistungsbereich;112,2;2020=100;VST073;Index d.tarifl. Monatsverdienste mit Sonderzahl.
62221;Vj. Index der Tarifverdienste und Arbeitszeiten;JAHR;Jahr;2024;DINSGF;Früheres Bundesgebiet / Neue Länder;DF;Früheres Bundesgebiet;WZ08C7;WZ2008 (ausgewählte Positionen): Tarifindex;WZ08-G-02;Dienstleistungsbereich;39,2;h;VST019;Durchschnittliche tarifliche Wochenarbeitszeit
62221;Vj. Index der Tarifverdienste und Arbeitszeiten;JAHR;Jahr;2024;DINSGF;Früheres Bundesgebiet / Neue Länder;DF;Früheres Bundesgebiet;WZ08C7;WZ2008 (ausgewählte Positionen): Tarifindex;WZ08-G-02;Dienstleistungsbereich;109,9;2020=100;VST066;Index d.tarifl. Monatsverdienste ohne Sonderzahl.
62221;Vj. Index der Tarifverdienste und Arbeitszeiten;JAHR;Jahr;2024;DINSGF;Früheres Bundesgebiet / Neue Länder;DF;Früheres Bundesgebiet;WZ08C7;WZ2008 (ausgewählte Positionen): Tarifindex;WZ08-G-02;Dienstleistungsbereich;100,0;2020=100;VST018;Index der tariflichen Wochenarbeitszeit
62221;Vj. Index der Tarifverdienste und Arbeitszeiten;JAHR;Jahr;2024;DINSGF;Früheres Bundesgebiet / Neue Länder;DF;Früheres Bundesgebiet;WZ08C7;WZ2008 (ausgewählte Positionen): Tarifindex;WZ08-G-02;Dienstleistungsbereich;109,9;2020=100;VST065;Index d.tarifl. Stundenverdienste ohne Sonderzahl.
62221;Vj. Index der Tarifverdienste und Arbeitszeiten;JAHR;Jahr;2022;DINSGF;Früheres Bundesgebiet / Neue Länder;DF;Früheres Bundesgebiet;WZ08C7;WZ2008 (ausgewählte Positionen): Tarifindex;WZ08-20;Herstellung von chemischen Erzeugnissen;104,9;2020=100;VST072;Index d.tarifl. Stundenverdienste mit Sonderzahl.
62221;Vj. Index der Tarifverdienste und Arbeitszeiten;JAHR;Jahr;2022;DINSGF;Früheres Bundesgebiet / Neue Länder;DF;Früheres Bundesgebiet;WZ08C7;WZ2008 (ausgewählte Positionen): Tarifindex;WZ08-20;Herstellung von chemischen Erzeugnissen;104,9;2020=100;VST073;Index d.tarifl. Monatsverdienste mit Sonderzahl.
62221;Vj. Index der Tarifverdienste und Arbeitszeiten;JAHR;Jahr;2022;DINSGF;Früheres Bundesgebiet / Neue Länder;DF;Früheres Bundesgebiet;WZ08C7;WZ2008 (ausgewählte Positionen): Tarifindex;WZ08-20;Herstellung von chemischen Erzeugnissen;37,5;h;VST019;Durchschnittliche tarifliche Wochenarbeitszeit
62221;Vj. Index der Tarifverdienste und Arbeitszeiten;JAHR;Jahr;2022;DINSGF;Früheres Bundesgebiet / Neue Länder;DF;Früheres Bundesgebiet;WZ08C7;WZ2008 (ausgewählte Positionen): Tarifindex;WZ08-20;Herstellung von chemischen Erzeugnissen;102,1;2020=100;VST066;Index d.tarifl. Monatsverdienste ohne Sonderzahl.
62221;Vj. Index der Tarifverdienste und Arbeitszeiten;JAHR;Jahr;2022;DINSGF;Früheres Bundesgebiet / Neue Länder;DF;Früheres Bundesgebiet;WZ08C7;WZ2008 (ausgewählte Positionen): Tarifindex;WZ08-20;Herstellung von chemischen Erzeugnissen;100,0;2020=100;VST018;Index der tariflichen Wochenarbeitszeit
62221;Vj. Index der Tarifverdienste und Arbeitszeiten;JAHR;Jahr;2022;DINSGF;Früheres Bundesgebiet / Neue Länder;DF;Früheres Bundesgebiet;WZ08C7;WZ2008 (ausgewählte Positionen): Tarifindex;WZ08-20;Herstellung von chemischen Erzeugnissen;102,1;2020=100;VST065;Index d.tarifl. Stundenverdienste ohne Sonderzahl.
62221;Vj. Index der Tarifverdienste und Arbeitszeiten;JAHR;Jahr;2024;DINSGF;Früheres Bundesgebiet / Neue Länder;DF;Früheres Bundesgebiet;WZ08C7;WZ2008 (ausgewählte Positionen): Tarifindex;WZ08-O;Öff. Verwaltung, Verteidigung, Sozialversicherung;111,1;2020=100;VST072;Index d.tarifl. Stundenverdienste mit Sonderzahl.
62221;Vj. Index der Tarifverdienste und Arbeitszeiten;JAHR;Jahr;2024;DINSGF;Früheres Bundesgebiet / Neue Länder;DF;Früheres Bundesgebiet;WZ08C7;WZ2008 (ausgewählte Positionen): Tarifindex;WZ08-O;Öff. Verwaltung, Verteidigung, Sozialversicherung;111,1;2020=100;VST073;Index d.tarifl. Monatsverdienste mit Sonderzahl.
62221;Vj. Index der Tarifverdienste und Arbeitszeiten;JAHR;Jahr;2024;DINSGF;Früheres Bundesgebiet / Neue Länder;DF;Früheres Bundesgebiet;WZ08C7;WZ2008 (ausgewählte Positionen): Tarifindex;WZ08-O;Öff. Verwaltung, Verteidigung, Sozialversicherung;40,1;h;VST019;Durchschnittliche tarifliche Wochenarbeitszeit
62221;Vj. Index der Tarifverdienste und Arbeitszeiten;JAHR;Jahr;2024;DINSGF;Früheres Bundesgebiet / Neue Länder;DF;Früheres Bundesgebiet;WZ08C7;WZ2008 (ausgewählte Positionen): Tarifindex;WZ08-O;Öff. Verwaltung, Verteidigung, Sozialversicherung;108,5;2020=100;VST066;Index d.tarifl. Monatsverdienste ohne Sonderzahl.
62221;Vj. Index der Tarifverdienste und Arbeitszeiten;JAHR;Jahr;2024;DINSGF;Früheres Bundesgebiet / Neue Länder;DF;Früheres Bundesgebiet;WZ08C7;WZ2008 (ausgewählte Positionen): Tarifindex;WZ08-O;Öff. Verwaltung, Verteidigung, Sozialversicherung;100,0;2020=100;VST018;Index der tariflichen Wochenarbeitszeit
62221;Vj. Index der Tarifverdienste und Arbeitszeiten;JAHR;Jahr;2024;DINSGF;Früheres Bundesgebiet / Neue Länder;DF;Früheres Bundesgebiet;WZ08C7;WZ2008 (ausgewählte Positionen): Tarifindex;WZ08-O;Öff. Verwaltung, Verteidigung, Sozialversicherung;108,5;2020=100;VST065;Index d.tarifl. Stundenverdienste ohne Sonderzahl.
62221;Vj. Index der Tarifverdienste und Arbeitszeiten;JAHR;Jahr;2019;DINSGF;Früheres Bundesgebiet / Neue Länder;DN;Neue Länder;WZ08C7;WZ2008 (ausgewählte Positionen): Tarifindex;WZ08-46;Großhandel (ohne Handel mit Kraftfahrzeugen);97,7;2020=100;VST072;Index d.tarifl. Stundenverdienste mit Sonderzahl.
62221;Vj. Index der Tarifverdienste und Arbeitszeiten;JAHR;Jahr;2019;DINSGF;Früheres Bundesgebiet / Neue Länder;DN;Neue Länder;WZ08C7;WZ2008 (ausgewählte Positionen): Tarifindex;WZ08-46;Großhandel (ohne Handel mit Kraftfahrzeugen);97,7;2020=100;VST073;Index d.tarifl. Monatsverdienste mit Sonderzahl.
62221;Vj. Index der Tarifverdienste und Arbeitszeiten;JAHR;Jahr;2019;DINSGF;Früheres Bundesgebiet / Neue Länder;DN;Neue Länder;WZ08C7;WZ2008 (ausgewählte Positionen): Tarifindex;WZ08-46;Großhandel (ohne Handel mit Kraftfahrzeugen);38,7;h;VST019;Durchschnittliche tarifliche Wochenarbeitszeit
62221;Vj. Index der Tarifverdienste und Arbeitszeiten;JAHR;Jahr;2019;DINSGF;Früheres Bundesgebiet / Neue Länder;DN;Neue Länder;WZ08C7;WZ2008 (ausgewählte Positionen): Tarifindex;WZ08-46;Großhandel (ohne Handel mit Kraftfahrzeugen);97,4;2020=100;VST066;Index d.tarifl. Monatsverdienste ohne Sonderzahl.
62221;Vj. Index der Tarifverdienste und Arbeitszeiten;JAHR;Jahr;2019;DINSGF;Früheres Bundesgebiet / Neue Länder;DN;Neue Länder;WZ08C7;WZ2008 (ausgewählte Positionen): Tarifindex;WZ08-46;Großhandel (ohne Handel mit Kraftfahrzeugen);100,0;2020=100;VST018;Index der tariflichen Wochenarbeitszeit
62221;Vj. Index der Tarifverdienste und Arbeitszeiten;JAHR;Jahr;2019;DINSGF;Früheres Bundesgebiet / Neue Länder;DN;Neue Länder;WZ08C7;WZ2008 (ausgewählte Positionen): Tarifindex;WZ08-46;Großhandel (ohne Handel mit Kraftfahrzeugen);97,5;2020=100;VST065;Index d.tarifl. Stundenverdienste ohne Sonderzahl.
62221;Vj. Index der Tarifverdienste und Arbeitszeiten;JAHR;Jahr;2024;DINSGF;Früheres Bundesgebiet / Neue Länder;DF;Früheres Bundesgebiet;WZ08C7;WZ2008 (ausgewählte Positionen): Tarifindex;WZ08-L;Grundstücks- und Wohnungswesen;112,2;2020=100;VST072;Index d.tarifl. Stundenverdienste mit Sonderzahl.
62221;Vj. Index der Tarifverdienste und Arbeitszeiten;JAHR;Jahr;2024;DINSGF;Früheres Bundesgebiet / Neue Länder;DF;Früheres Bundesgebiet;WZ08C7;WZ2008 (ausgewählte Positionen): Tarifindex;WZ08-L;Grundstücks- und Wohnungswesen;112,2;2020=100;VST073;Index d.tarifl. Monatsverdienste mit Sonderzahl.
62221;Vj. Index der Tarifverdienste und Arbeitszeiten;JAHR;Jahr;2024;DINSGF;Früheres Bundesgebiet / Neue Länder;DF;Früheres Bundesgebiet;WZ08C7;WZ2008 (ausgewählte Positionen): Tarifindex;WZ08-L;Grundstücks- und Wohnungswesen;38,1;h;VST019;Durchschnittliche tarifliche Wochenarbeitszeit
62221;Vj. Index der Tarifverdienste und Arbeitszeiten;JAHR;Jahr;2024;DINSGF;Früheres Bundesgebiet / Neue Länder;DF;Früheres Bundesgebiet;WZ08C7;WZ2008 (ausgewählte Positionen): Tarifindex;WZ08-L;Grundstücks- und Wohnungswesen;110,2;2020=100;VST066;Index d.tarifl. Monatsverdienste ohne Sonderzahl.
62221;Vj. Index der Tarifverdienste und Arbeitszeiten;JAHR;Jahr;2024;DINSGF;Früheres Bundesgebiet / Neue Länder;DF;Früheres Bundesgebiet;WZ08C7;WZ2008 (ausgewählte Positionen): Tarifindex;WZ08-L;Grundstücks- und Wohnungswesen;100,0;2020=100;VST018;Index der tariflichen Wochenarbeitszeit
62221;Vj. Index der Tarifverdienste und Arbeitszeiten;JAHR;Jahr;2024;DINSGF;Früheres Bundesgebiet / Neue Länder;DF;Früheres Bundesgebiet;WZ08C7;WZ2008 (ausgewählte Positionen): Tarifindex;WZ08-L;Grundstücks- und Wohnungswesen;110,2;2020=100;VST065;Index d.tarifl. Stundenverdienste ohne Sonderzahl.
62221;Vj. Index der Tarifverdienste und Arbeitszeiten;JAHR;Jahr;2016;DINSGF;Früheres Bundesgebiet / Neue Länder;DF;Früheres Bundesgebiet;WZ08C7;WZ2008 (ausgewählte Positionen): Tarifindex;WZ08-A-03;Gesamtwirtschaft;90,1;2020=100;VST072;Index d.tarifl. Stundenverdienste mit Sonderzahl.
62221;Vj. Index der Tarifverdienste und Arbeitszeiten;JAHR;Jahr;2016;DINSGF;Früheres Bundesgebiet / Neue Länder;DF;Früheres Bundesgebiet;WZ08C7;WZ2008 (ausgewählte Positionen): Tarifindex;WZ08-A-03;Gesamtwirtschaft;90,1;2020=100;VST073;Index d.tarifl. Monatsverdienste mit Sonderzahl.
62221;Vj. Index der Tarifverdienste und Arbeitszeiten;JAHR;Jahr;2016;DINSGF;Früheres Bundesgebiet / Neue Länder;DF;Früheres Bundesgebiet;WZ08C7;WZ2008 (ausgewählte Positionen): Tarifindex;WZ08-A-03;Gesamtwirtschaft;38,4;h;VST019;Durchschnittliche tarifliche Wochenarbeitszeit
62221;Vj. Index der Tarifverdienste und Arbeitszeiten;JAHR;Jahr;2016;DINSGF;Früheres Bundesgebiet / Neue Länder;DF;Früheres Bundesgebiet;WZ08C7;WZ2008 (ausgewählte Positionen): Tarifindex;WZ08-A-03;Gesamtwirtschaft;90,2;2020=100;VST066;Index d.tarifl. Monatsverdienste ohne Sonderzahl.
62221;Vj. Index der Tarifverdienste und Arbeitszeiten;JAHR;Jahr;2016;DINSGF;Früheres Bundesgebiet / Neue Länder;DF;Früheres Bundesgebiet;WZ08C7;WZ2008 (ausgewählte Positionen): Tarifindex;WZ08-A-03;Gesamtwirtschaft;100,0;2020=100;VST018;Index der tariflichen Wochenarbeitszeit
62221;Vj. Index der Tarifverdienste und Arbeitszeiten;JAHR;Jahr;2016;DINSGF;Früheres Bundesgebiet / Neue Länder;DF;Früheres Bundesgebiet;WZ08C7;WZ2008 (ausgewählte Positionen): Tarifindex;WZ08-A-03;Gesamtwirtschaft;90,2;2020=100;VST065;Index d.tarifl. Stundenverdienste ohne Sonderzahl.
62221;Vj. Index der Tarifverdienste und Arbeitszeiten;JAHR;Jahr;2019;DINSGF;Früheres Bundesgebiet / Neue Länder;DN;Neue Länder;WZ08C7;WZ2008 (ausgewählte Positionen): Tarifindex;WZ08-B-13;Prod. Gewerbe, Handel, Information u.Kommunikation;98,3;2020=100;VST072;Index d.tarifl. Stundenverdienste mit Sonderzahl.
62221;Vj. Index der Tarifverdienste und Arbeitszeiten;JAHR;Jahr;2019;DINSGF;Früheres Bundesgebiet / Neue Länder;DN;Neue Länder;WZ08C7;WZ2008 (ausgewählte Positionen): Tarifindex;WZ08-B-13;Prod. Gewerbe, Handel, Information u.Kommunikation;98,3;2020=100;VST073;Index d.tarifl. Monatsverdienste mit Sonderzahl.
62221;Vj. Index der Tarifverdienste und Arbeitszeiten;JAHR;Jahr;2019;DINSGF;Früheres Bundesgebiet / Neue Länder;DN;Neue Länder;WZ08C7;WZ2008 (ausgewählte Positionen): Tarifindex;WZ08-B-13;Prod. Gewerbe, Handel, Information u.Kommunikation;38,5;h;VST019;Durchschnittliche tarifliche Wochenarbeitszeit
62221;Vj. Index der Tarifverdienste und Arbeitszeiten;JAHR;Jahr;2019;DINSGF;Früheres Bundesgebiet / Neue Länder;DN;Neue Länder;WZ08C7;WZ2008 (ausgewählte Positionen): Tarifindex;WZ08-B-13;Prod. Gewerbe, Handel, Information u.Kommunikation;98,6;2020=100;VST066;Index d.tarifl. Monatsverdienste ohne Sonderzahl.
62221;Vj. Index der Tarifverdienste und Arbeitszeiten;JAHR;Jahr;2019;DINSGF;Früheres Bundesgebiet / Neue Länder;DN;Neue Länder;WZ08C7;WZ2008 (ausgewählte Positionen): Tarifindex;WZ08-B-13;Prod. Gewerbe, Handel, Information u.Kommunikation;100,1;2020=100;VST018;Index der tariflichen Wochenarbeitszeit
62221;Vj. Index der Tarifverdienste und Arbeitszeiten;JAHR;Jahr;2019;DINSGF;Früheres Bundesgebiet / Neue Länder;DN;Neue Länder;WZ08C7;WZ2008 (ausgewählte Positionen): Tarifindex;WZ08-B-13;Prod. Gewerbe, Handel, Information u.Kommunikation;98,6;2020=100;VST065;Index d.tarifl. Stundenverdienste ohne Sonderzahl.
62221;Vj. Index der Tarifverdienste und Arbeitszeiten;JAHR;Jahr;2020;DINSGF;Früheres Bundesgebiet / Neue Länder;DF;Früheres Bundesgebiet;WZ08C7;WZ2008 (ausgewählte Positionen): Tarifindex;WZ08-05;Kohlenbergbau;100,0;2020=100;VST072;Index d.tarifl. Stundenverdienste mit Sonderzahl.
62221;Vj. Index der Tarifverdienste und Arbeitszeiten;JAHR;Jahr;2020;DINSGF;Früheres Bundesgebiet / Neue Länder;DF;Früheres Bundesgebiet;WZ08C7;WZ2008 (ausgewählte Positionen): Tarifindex;WZ08-05;Kohlenbergbau;100,0;2020=100;VST073;Index d.tarifl. Monatsverdienste mit Sonderzahl.
62221;Vj. Index der Tarifverdienste und Arbeitszeiten;JAHR;Jahr;2020;DINSGF;Früheres Bundesgebiet / Neue Länder;DF;Früheres Bundesgebiet;WZ08C7;WZ2008 (ausgewählte Positionen): Tarifindex;WZ08-05;Kohlenbergbau;40,0;h;VST019;Durchschnittliche tarifliche Wochenarbeitszeit
62221;Vj. Index der Tarifverdienste und Arbeitszeiten;JAHR;Jahr;2020;DINSGF;Früheres Bundesgebiet / Neue Länder;DF;Früheres Bundesgebiet;WZ08C7;WZ2008 (ausgewählte Positionen): Tarifindex;WZ08-05;Kohlenbergbau;100,0;2020=100;VST066;Index d.tarifl. Monatsverdienste ohne Sonderzahl.
62221;Vj. Index der Tarifverdienste und Arbeitszeiten;JAHR;Jahr;2020;DINSGF;Früheres Bundesgebiet / Neue Länder;DF;Früheres Bundesgebiet;WZ08C7;WZ2008 (ausgewählte Positionen): Tarifindex;WZ08-05;Kohlenbergbau;100,0;2020=100;VST018;Index der tariflichen Wochenarbeitszeit
62221;Vj. Index der Tarifverdienste und Arbeitszeiten;JAHR;Jahr;2020;DINSGF;Früheres Bundesgebiet / Neue Länder;DF;Früheres Bundesgebiet;WZ08C7;WZ2008 (ausgewählte Positionen): Tarifindex;WZ08-05;Kohlenbergbau;100,0;2020=100;VST065;Index d.tarifl. Stundenverdienste ohne Sonderzahl.
62221;Vj. Index der Tarifverdienste und Arbeitszeiten;JAHR;Jahr;2023;DINSGF;Früheres Bundesgebiet / Neue Länder;DN;Neue Länder;WZ08C7;WZ2008 (ausgewählte Positionen): Tarifindex;WZ08-10-01;Ernährungsgewerbe und Tabakverarbeitung;109,8;2020=100;VST072;Index d.tarifl. Stundenverdienste mit Sonderzahl.
62221;Vj. Index der Tarifverdienste und Arbeitszeiten;JAHR;Jahr;2023;DINSGF;Früheres Bundesgebiet / Neue Länder;DN;Neue Länder;WZ08C7;WZ2008 (ausgewählte Positionen): Tarifindex;WZ08-10-01;Ernährungsgewerbe und Tabakverarbeitung;109,4;2020=100;VST073;Index d.tarifl. Monatsverdienste mit Sonderzahl.
62221;Vj. Index der Tarifverdienste und Arbeitszeiten;JAHR;Jahr;2023;DINSGF;Früheres Bundesgebiet / Neue Länder;DN;Neue Länder;WZ08C7;WZ2008 (ausgewählte Positionen): Tarifindex;WZ08-10-01;Ernährungsgewerbe und Tabakverarbeitung;38,6;h;VST019;Durchschnittliche tarifliche Wochenarbeitszeit
62221;Vj. Index der Tarifverdienste und Arbeitszeiten;JAHR;Jahr;2023;DINSGF;Früheres Bundesgebiet / Neue Länder;DN;Neue Länder;WZ08C7;WZ2008 (ausgewählte Positionen): Tarifindex;WZ08-10-01;Ernährungsgewerbe und Tabakverarbeitung;108,9;2020=100;VST066;Index d.tarifl. Monatsverdienste ohne Sonderzahl.
62221;Vj. Index der Tarifverdienste und Arbeitszeiten;JAHR;Jahr;2023;DINSGF;Früheres Bundesgebiet / Neue Länder;DN;Neue Länder;WZ08C7;WZ2008 (ausgewählte Positionen): Tarifindex;WZ08-10-01;Ernährungsgewerbe und Tabakverarbeitung;99,7;2020=100;VST018;Index der tariflichen Wochenarbeitszeit
62221;Vj. Index der Tarifverdienste und Arbeitszeiten;JAHR;Jahr;2023;DINSGF;Früheres Bundesgebiet / Neue Länder;DN;Neue Länder;WZ08C7;WZ2008 (ausgewählte Positionen): Tarifindex;WZ08-10-01;Ernährungsgewerbe und Tabakverarbeitung;109,3;2020=100;VST065;Index d.tarifl. Stundenverdienste ohne Sonderzahl.
62221;Vj. Index der Tarifverdienste und Arbeitszeiten;JAHR;Jahr;2017;DINSGF;Früheres Bundesgebiet / Neue Länder;DF;Früheres Bundesgebiet;WZ08C7;WZ2008 (ausgewählte Positionen): Tarifindex;WZ-X004;Verbrauchsgüterproduzenten;93,4;2020=100;VST072;Index d.tarifl. Stundenverdienste mit Sonderzahl.
62221;Vj. Index der Tarifverdienste und Arbeitszeiten;JAHR;Jahr;2017;DINSGF;Früheres Bundesgebiet / Neue Länder;DF;Früheres Bundesgebiet;WZ08C7;WZ2008 (ausgewählte Positionen): Tarifindex;WZ-X004;Verbrauchsgüterproduzenten;93,4;2020=100;VST073;Index d.tarifl. Monatsverdienste mit Sonderzahl.
62221;Vj. Index der Tarifverdienste und Arbeitszeiten;JAHR;Jahr;2017;DINSGF;Früheres Bundesgebiet / Neue Länder;DF;Früheres Bundesgebiet;WZ08C7;WZ2008 (ausgewählte Positionen): Tarifindex;WZ-X004;Verbrauchsgüterproduzenten;38,0;h;VST019;Durchschnittliche tarifliche Wochenarbeitszeit
62221;Vj. Index der Tarifverdienste und Arbeitszeiten;JAHR;Jahr;2017;DINSGF;Früheres Bundesgebiet / Neue Länder;DF;Früheres Bundesgebiet;WZ08C7;WZ2008 (ausgewählte Positionen): Tarifindex;WZ-X004;Verbrauchsgüterproduzenten;93,5;2020=100;VST066;Index d.tarifl. Monatsverdienste ohne Sonderzahl.
62221;Vj. Index der Tarifverdienste und Arbeitszeiten;JAHR;Jahr;2017;DINSGF;Früheres Bundesgebiet / Neue Länder;DF;Früheres Bundesgebiet;WZ08C7;WZ2008 (ausgewählte Positionen): Tarifindex;WZ-X004;Verbrauchsgüterproduzenten;100,0;2020=100;VST018;Index der tariflichen Wochenarbeitszeit
62221;Vj. Index der Tarifverdienste und Arbeitszeiten;JAHR;Jahr;2017;DINSGF;Früheres Bundesgebiet / Neue Länder;DF;Früheres Bundesgebiet;WZ08C7;WZ2008 (ausgewählte Positionen): Tarifindex;WZ-X004;Verbrauchsgüterproduzenten;93,5;2020=100;VST065;Index d.tarifl. Stundenverdienste ohne Sonderzahl.
62221;Vj. Index der Tarifverdienste und Arbeitszeiten;JAHR;Jahr;2019;DINSGF;Früheres Bundesgebiet / Neue Länder;DN;Neue Länder;WZ08C7;WZ2008 (ausgewählte Positionen): Tarifindex;WZ08-B;Bergbau und Gewinnung von Steinen und Erden;98,0;2020=100;VST072;Index d.tarifl. Stundenverdienste mit Sonderzahl.
62221;Vj. Index der Tarifverdienste und Arbeitszeiten;JAHR;Jahr;2019;DINSGF;Früheres Bundesgebiet / Neue Länder;DN;Neue Länder;WZ08C7;WZ2008 (ausgewählte Positionen): Tarifindex;WZ08-B;Bergbau und Gewinnung von Steinen und Erden;98,0;2020=100;VST073;Index d.tarifl. Monatsverdienste mit Sonderzahl.
62221;Vj. Index der Tarifverdienste und Arbeitszeiten;JAHR;Jahr;2019;DINSGF;Früheres Bundesgebiet / Neue Länder;DN;Neue Länder;WZ08C7;WZ2008 (ausgewählte Positionen): Tarifindex;WZ08-B;Bergbau und Gewinnung von Steinen und Erden;38,1;h;VST019;Durchschnittliche tarifliche Wochenarbeitszeit
62221;Vj. Index der Tarifverdienste und Arbeitszeiten;JAHR;Jahr;2019;DINSGF;Früheres Bundesgebiet / Neue Länder;DN;Neue Länder;WZ08C7;WZ2008 (ausgewählte Positionen): Tarifindex;WZ08-B;Bergbau und Gewinnung von Steinen und Erden;98,2;2020=100;VST066;Index d.tarifl. Monatsverdienste ohne Sonderzahl.
62221;Vj. Index der Tarifverdienste und Arbeitszeiten;JAHR;Jahr;2019;DINSGF;Früheres Bundesgebiet / Neue Länder;DN;Neue Länder;WZ08C7;WZ2008 (ausgewählte Positionen): Tarifindex;WZ08-B;Bergbau und Gewinnung von Steinen und Erden;100,0;2020=100;VST018;Index der tariflichen Wochenarbeitszeit
62221;Vj. Index der Tarifverdienste und Arbeitszeiten;JAHR;Jahr;2019;DINSGF;Früheres Bundesgebiet / Neue Länder;DN;Neue Länder;WZ08C7;WZ2008 (ausgewählte Positionen): Tarifindex;WZ08-B;Bergbau und Gewinnung von Steinen und Erden;98,2;2020=100;VST065;Index d.tarifl. Stundenverdienste ohne Sonderzahl.
62221;Vj. Index der Tarifverdienste und Arbeitszeiten;JAHR;Jahr;2022;DINSGF;Früheres Bundesgebiet / Neue Länder;DN;Neue Länder;WZ08C7;WZ2008 (ausgewählte Positionen): Tarifindex;WZ08-90;Kreative,künstlerische u.unterhaltende Tätigkeiten;103,4;2020=100;VST072;Index d.tarifl. Stundenverdienste mit Sonderzahl.
62221;Vj. Index der Tarifverdienste und Arbeitszeiten;JAHR;Jahr;2022;DINSGF;Früheres Bundesgebiet / Neue Länder;DN;Neue Länder;WZ08C7;WZ2008 (ausgewählte Positionen): Tarifindex;WZ08-90;Kreative,künstlerische u.unterhaltende Tätigkeiten;103,4;2020=100;VST073;Index d.tarifl. Monatsverdienste mit Sonderzahl.
62221;Vj. Index der Tarifverdienste und Arbeitszeiten;JAHR;Jahr;2022;DINSGF;Früheres Bundesgebiet / Neue Länder;DN;Neue Länder;WZ08C7;WZ2008 (ausgewählte Positionen): Tarifindex;WZ08-90;Kreative,künstlerische u.unterhaltende Tätigkeiten;39,0;h;VST019;Durchschnittliche tarifliche Wochenarbeitszeit
62221;Vj. Index der Tarifverdienste und Arbeitszeiten;JAHR;Jahr;2022;DINSGF;Früheres Bundesgebiet / Neue Länder;DN;Neue Länder;WZ08C7;WZ2008 (ausgewählte Positionen): Tarifindex;WZ08-90;Kreative,künstlerische u.unterhaltende Tätigkeiten;102,2;2020=100;VST066;Index d.tarifl. Monatsverdienste ohne Sonderzahl.
62221;Vj. Index der Tarifverdienste und Arbeitszeiten;JAHR;Jahr;2022;DINSGF;Früheres Bundesgebiet / Neue Länder;DN;Neue Länder;WZ08C7;WZ2008 (ausgewählte Positionen): Tarifindex;WZ08-90;Kreative,künstlerische u.unterhaltende Tätigkeiten;100,0;2020=100;VST018;Index der tariflichen Wochenarbeitszeit
62221;Vj. Index der Tarifverdienste und Arbeitszeiten;JAHR;Jahr;2022;DINSGF;Früheres Bundesgebiet / Neue Länder;DN;Neue Länder;WZ08C7;WZ2008 (ausgewählte Positionen): Tarifindex;WZ08-90;Kreative,künstlerische u.unterhaltende Tätigkeiten;102,2;2020=100;VST065;Index d.tarifl. Stundenverdienste ohne Sonderzahl.
62221;Vj. Index der Tarifverdienste und Arbeitszeiten;JAHR;Jahr;2025;DINSGF;Früheres Bundesgebiet / Neue Länder;DF;Früheres Bundesgebiet;WZ08C7;WZ2008 (ausgewählte Positionen): Tarifindex;WZ08-13-01;Textil- und Bekleidungsgewerbe;115,0;2020=100;VST072;Index d.tarifl. Stundenverdienste mit Sonderzahl.
62221;Vj. Index der Tarifverdienste und Arbeitszeiten;JAHR;Jahr;2025;DINSGF;Früheres Bundesgebiet / Neue Länder;DF;Früheres Bundesgebiet;WZ08C7;WZ2008 (ausgewählte Positionen): Tarifindex;WZ08-13-01;Textil- und Bekleidungsgewerbe;115,0;2020=100;VST073;Index d.tarifl. Monatsverdienste mit Sonderzahl.
62221;Vj. Index der Tarifverdienste und Arbeitszeiten;JAHR;Jahr;2025;DINSGF;Früheres Bundesgebiet / Neue Länder;DF;Früheres Bundesgebiet;WZ08C7;WZ2008 (ausgewählte Positionen): Tarifindex;WZ08-13-01;Textil- und Bekleidungsgewerbe;37,0;h;VST019;Durchschnittliche tarifliche Wochenarbeitszeit
62221;Vj. Index der Tarifverdienste und Arbeitszeiten;JAHR;Jahr;2025;DINSGF;Früheres Bundesgebiet / Neue Länder;DF;Früheres Bundesgebiet;WZ08C7;WZ2008 (ausgewählte Positionen): Tarifindex;WZ08-13-01;Textil- und Bekleidungsgewerbe;114,3;2020=100;VST066;Index d.tarifl. Monatsverdienste ohne Sonderzahl.
62221;Vj. Index der Tarifverdienste und Arbeitszeiten;JAHR;Jahr;2025;DINSGF;Früheres Bundesgebiet / Neue Länder;DF;Früheres Bundesgebiet;WZ08C7;WZ2008 (ausgewählte Positionen): Tarifindex;WZ08-13-01;Textil- und Bekleidungsgewerbe;100,0;2020=100;VST018;Index der tariflichen Wochenarbeitszeit
62221;Vj. Index der Tarifverdienste und Arbeitszeiten;JAHR;Jahr;2025;DINSGF;Früheres Bundesgebiet / Neue Länder;DF;Früheres Bundesgebiet;WZ08C7;WZ2008 (ausgewählte Positionen): Tarifindex;WZ08-13-01;Textil- und Bekleidungsgewerbe;114,3;2020=100;VST065;Index d.tarifl. Stundenverdienste ohne Sonderzahl.
62221;Vj. Index der Tarifverdienste und Arbeitszeiten;JAHR;Jahr;2022;DINSGF;Früheres Bundesgebiet / Neue Länder;DN;Neue Länder;WZ08C7;WZ2008 (ausgewählte Positionen): Tarifindex;WZ08-93;Dienstleistungen d.Sports,d.Unterhaltg.u.Erholung;103,5;2020=100;VST072;Index d.tarifl. Stundenverdienste mit Sonderzahl.
62221;Vj. Index der Tarifverdienste und Arbeitszeiten;JAHR;Jahr;2022;DINSGF;Früheres Bundesgebiet / Neue Länder;DN;Neue Länder;WZ08C7;WZ2008 (ausgewählte Positionen): Tarifindex;WZ08-93;Dienstleistungen d.Sports,d.Unterhaltg.u.Erholung;103,5;2020=100;VST073;Index d.tarifl. Monatsverdienste mit Sonderzahl.
62221;Vj. Index der Tarifverdienste und Arbeitszeiten;JAHR;Jahr;2022;DINSGF;Früheres Bundesgebiet / Neue Länder;DN;Neue Länder;WZ08C7;WZ2008 (ausgewählte Positionen): Tarifindex;WZ08-93;Dienstleistungen d.Sports,d.Unterhaltg.u.Erholung;38,8;h;VST019;Durchschnittliche tarifliche Wochenarbeitszeit
62221;Vj. Index der Tarifverdienste und Arbeitszeiten;JAHR;Jahr;2022;DINSGF;Früheres Bundesgebiet / Neue Länder;DN;Neue Länder;WZ08C7;WZ2008 (ausgewählte Positionen): Tarifindex;WZ08-93;Dienstleistungen d.Sports,d.Unterhaltg.u.Erholung;103,8;2020=100;VST066;Index d.tarifl. Monatsverdienste ohne Sonderzahl.
62221;Vj. Index der Tarifverdienste und Arbeitszeiten;JAHR;Jahr;2022;DINSGF;Früheres Bundesgebiet / Neue Länder;DN;Neue Länder;WZ08C7;WZ2008 (ausgewählte Positionen): Tarifindex;WZ08-93;Dienstleistungen d.Sports,d.Unterhaltg.u.Erholung;100,0;2020=100;VST018;Index der tariflichen Wochenarbeitszeit
62221;Vj. Index der Tarifverdienste und Arbeitszeiten;JAHR;Jahr;2022;DINSGF;Früheres Bundesgebiet / Neue Länder;DN;Neue Länder;WZ08C7;WZ2008 (ausgewählte Positionen): Tarifindex;WZ08-93;Dienstleistungen d.Sports,d.Unterhaltg.u.Erholung;103,8;2020=100;VST065;Index d.tarifl. Stundenverdienste ohne Sonderzahl.
62221;Vj. Index der Tarifverdienste und Arbeitszeiten;JAHR;Jahr;2016;DINSGF;Früheres Bundesgebiet / Neue Länder;DF;Früheres Bundesgebiet;WZ08C7;WZ2008 (ausgewählte Positionen): Tarifindex;WZ08-12;Tabakverarbeitung;91,3;2020=100;VST072;Index d.tarifl. Stundenverdienste mit Sonderzahl.
62221;Vj. Index der Tarifverdienste und Arbeitszeiten;JAHR;Jahr;2016;DINSGF;Früheres Bundesgebiet / Neue Länder;DF;Früheres Bundesgebiet;WZ08C7;WZ2008 (ausgewählte Positionen): Tarifindex;WZ08-12;Tabakverarbeitung;91,3;2020=100;VST073;Index d.tarifl. Monatsverdienste mit Sonderzahl.
62221;Vj. Index der Tarifverdienste und Arbeitszeiten;JAHR;Jahr;2016;DINSGF;Früheres Bundesgebiet / Neue Länder;DF;Früheres Bundesgebiet;WZ08C7;WZ2008 (ausgewählte Positionen): Tarifindex;WZ08-12;Tabakverarbeitung;37,6;h;VST019;Durchschnittliche tarifliche Wochenarbeitszeit
62221;Vj. Index der Tarifverdienste und Arbeitszeiten;JAHR;Jahr;2016;DINSGF;Früheres Bundesgebiet / Neue Länder;DF;Früheres Bundesgebiet;WZ08C7;WZ2008 (ausgewählte Positionen): Tarifindex;WZ08-12;Tabakverarbeitung;91,0;2020=100;VST066;Index d.tarifl. Monatsverdienste ohne Sonderzahl.
62221;Vj. Index der Tarifverdienste und Arbeitszeiten;JAHR;Jahr;2016;DINSGF;Früheres Bundesgebiet / Neue Länder;DF;Früheres Bundesgebiet;WZ08C7;WZ2008 (ausgewählte Positionen): Tarifindex;WZ08-12;Tabakverarbeitung;100,0;2020=100;VST018;Index der tariflichen Wochenarbeitszeit
62221;Vj. Index der Tarifverdienste und Arbeitszeiten;JAHR;Jahr;2016;DINSGF;Früheres Bundesgebiet / Neue Länder;DF;Früheres Bundesgebiet;WZ08C7;WZ2008 (ausgewählte Positionen): Tarifindex;WZ08-12;Tabakverarbeitung;91,0;2020=100;VST065;Index d.tarifl. Stundenverdienste ohne Sonderzahl.
62221;Vj. Index der Tarifverdienste und Arbeitszeiten;JAHR;Jahr;2018;DINSGF;Früheres Bundesgebiet / Neue Länder;DF;Früheres Bundesgebiet;WZ08C7;WZ2008 (ausgewählte Positionen): Tarifindex;WZ08-51;Luftfahrt;100,6;2020=100;VST072;Index d.tarifl. Stundenverdienste mit Sonderzahl.
62221;Vj. Index der Tarifverdienste und Arbeitszeiten;JAHR;Jahr;2018;DINSGF;Früheres Bundesgebiet / Neue Länder;DF;Früheres Bundesgebiet;WZ08C7;WZ2008 (ausgewählte Positionen): Tarifindex;WZ08-51;Luftfahrt;100,6;2020=100;VST073;Index d.tarifl. Monatsverdienste mit Sonderzahl.
62221;Vj. Index der Tarifverdienste und Arbeitszeiten;JAHR;Jahr;2018;DINSGF;Früheres Bundesgebiet / Neue Länder;DF;Früheres Bundesgebiet;WZ08C7;WZ2008 (ausgewählte Positionen): Tarifindex;WZ08-51;Luftfahrt;38,0;h;VST019;Durchschnittliche tarifliche Wochenarbeitszeit
62221;Vj. Index der Tarifverdienste und Arbeitszeiten;JAHR;Jahr;2018;DINSGF;Früheres Bundesgebiet / Neue Länder;DF;Früheres Bundesgebiet;WZ08C7;WZ2008 (ausgewählte Positionen): Tarifindex;WZ08-51;Luftfahrt;96,7;2020=100;VST066;Index d.tarifl. Monatsverdienste ohne Sonderzahl.
62221;Vj. Index der Tarifverdienste und Arbeitszeiten;JAHR;Jahr;2018;DINSGF;Früheres Bundesgebiet / Neue Länder;DF;Früheres Bundesgebiet;WZ08C7;WZ2008 (ausgewählte Positionen): Tarifindex;WZ08-51;Luftfahrt;100,0;2020=100;VST018;Index der tariflichen Wochenarbeitszeit
62221;Vj. Index der Tarifverdienste und Arbeitszeiten;JAHR;Jahr;2018;DINSGF;Früheres Bundesgebiet / Neue Länder;DF;Früheres Bundesgebiet;WZ08C7;WZ2008 (ausgewählte Positionen): Tarifindex;WZ08-51;Luftfahrt;96,7;2020=100;VST065;Index d.tarifl. Stundenverdienste ohne Sonderzahl.
62221;Vj. Index der Tarifverdienste und Arbeitszeiten;JAHR;Jahr;2024;DINSGF;Früheres Bundesgebiet / Neue Länder;DF;Früheres Bundesgebiet;WZ08C7;WZ2008 (ausgewählte Positionen): Tarifindex;WZ08-19;Kokerei und Mineralölverarbeitung;112,4;2020=100;VST072;Index d.tarifl. Stundenverdienste mit Sonderzahl.
62221;Vj. Index der Tarifverdienste und Arbeitszeiten;JAHR;Jahr;2024;DINSGF;Früheres Bundesgebiet / Neue Länder;DF;Früheres Bundesgebiet;WZ08C7;WZ2008 (ausgewählte Positionen): Tarifindex;WZ08-19;Kokerei und Mineralölverarbeitung;112,4;2020=100;VST073;Index d.tarifl. Monatsverdienste mit Sonderzahl.
62221;Vj. Index der Tarifverdienste und Arbeitszeiten;JAHR;Jahr;2024;DINSGF;Früheres Bundesgebiet / Neue Länder;DF;Früheres Bundesgebiet;WZ08C7;WZ2008 (ausgewählte Positionen): Tarifindex;WZ08-19;Kokerei und Mineralölverarbeitung;37,4;h;VST019;Durchschnittliche tarifliche Wochenarbeitszeit
62221;Vj. Index der Tarifverdienste und Arbeitszeiten;JAHR;Jahr;2024;DINSGF;Früheres Bundesgebiet / Neue Länder;DF;Früheres Bundesgebiet;WZ08C7;WZ2008 (ausgewählte Positionen): Tarifindex;WZ08-19;Kokerei und Mineralölverarbeitung;109,8;2020=100;VST066;Index d.tarifl. Monatsverdienste ohne Sonderzahl.
62221;Vj. Index der Tarifverdienste und Arbeitszeiten;JAHR;Jahr;2024;DINSGF;Früheres Bundesgebiet / Neue Länder;DF;Früheres Bundesgebiet;WZ08C7;WZ2008 (ausgewählte Positionen): Tarifindex;WZ08-19;Kokerei und Mineralölverarbeitung;100,0;2020=100;VST018;Index der tariflichen Wochenarbeitszeit
62221;Vj. Index der Tarifverdienste und Arbeitszeiten;JAHR;Jahr;2024;DINSGF;Früheres Bundesgebiet / Neue Länder;DF;Früheres Bundesgebiet;WZ08C7;WZ2008 (ausgewählte Positionen): Tarifindex;WZ08-19;Kokerei und Mineralölverarbeitung;109,8;2020=100;VST065;Index d.tarifl. Stundenverdienste ohne Sonderzahl.
62221;Vj. Index der Tarifverdienste und Arbeitszeiten;JAHR;Jahr;2016;DINSGF;Früheres Bundesgebiet / Neue Länder;DF;Früheres Bundesgebiet;WZ08C7;WZ2008 (ausgewählte Positionen): Tarifindex;WZ08-24;Metallerzeugung und -bearbeitung;90,6;2020=100;VST072;Index d.tarifl. Stundenverdienste mit Sonderzahl.
62221;Vj. Index der Tarifverdienste und Arbeitszeiten;JAHR;Jahr;2016;DINSGF;Früheres Bundesgebiet / Neue Länder;DF;Früheres Bundesgebiet;WZ08C7;WZ2008 (ausgewählte Positionen): Tarifindex;WZ08-24;Metallerzeugung und -bearbeitung;90,6;2020=100;VST073;Index d.tarifl. Monatsverdienste mit Sonderzahl.
62221;Vj. Index der Tarifverdienste und Arbeitszeiten;JAHR;Jahr;2016;DINSGF;Früheres Bundesgebiet / Neue Länder;DF;Früheres Bundesgebiet;WZ08C7;WZ2008 (ausgewählte Positionen): Tarifindex;WZ08-24;Metallerzeugung und -bearbeitung;35,1;h;VST019;Durchschnittliche tarifliche Wochenarbeitszeit
62221;Vj. Index der Tarifverdienste und Arbeitszeiten;JAHR;Jahr;2016;DINSGF;Früheres Bundesgebiet / Neue Länder;DF;Früheres Bundesgebiet;WZ08C7;WZ2008 (ausgewählte Positionen): Tarifindex;WZ08-24;Metallerzeugung und -bearbeitung;92,7;2020=100;VST066;Index d.tarifl. Monatsverdienste ohne Sonderzahl.
62221;Vj. Index der Tarifverdienste und Arbeitszeiten;JAHR;Jahr;2016;DINSGF;Früheres Bundesgebiet / Neue Länder;DF;Früheres Bundesgebiet;WZ08C7;WZ2008 (ausgewählte Positionen): Tarifindex;WZ08-24;Metallerzeugung und -bearbeitung;100,0;2020=100;VST018;Index der tariflichen Wochenarbeitszeit
62221;Vj. Index der Tarifverdienste und Arbeitszeiten;JAHR;Jahr;2016;DINSGF;Früheres Bundesgebiet / Neue Länder;DF;Früheres Bundesgebiet;WZ08C7;WZ2008 (ausgewählte Positionen): Tarifindex;WZ08-24;Metallerzeugung und -bearbeitung;92,7;2020=100;VST065;Index d.tarifl. Stundenverdienste ohne Sonderzahl.
62221;Vj. Index der Tarifverdienste und Arbeitszeiten;JAHR;Jahr;2020;DINSGF;Früheres Bundesgebiet / Neue Länder;DF;Früheres Bundesgebiet;WZ08C7;WZ2008 (ausgewählte Positionen): Tarifindex;WZ08-D-06;Energie- und Wasserversorgung;100,0;2020=100;VST072;Index d.tarifl. Stundenverdienste mit Sonderzahl.
62221;Vj. Index der Tarifverdienste und Arbeitszeiten;JAHR;Jahr;2020;DINSGF;Früheres Bundesgebiet / Neue Länder;DF;Früheres Bundesgebiet;WZ08C7;WZ2008 (ausgewählte Positionen): Tarifindex;WZ08-D-06;Energie- und Wasserversorgung;100,0;2020=100;VST073;Index d.tarifl. Monatsverdienste mit Sonderzahl.
62221;Vj. Index der Tarifverdienste und Arbeitszeiten;JAHR;Jahr;2020;DINSGF;Früheres Bundesgebiet / Neue Länder;DF;Früheres Bundesgebiet;WZ08C7;WZ2008 (ausgewählte Positionen): Tarifindex;WZ08-D-06;Energie- und Wasserversorgung;38,3;h;VST019;Durchschnittliche tarifliche Wochenarbeitszeit
62221;Vj. Index der Tarifverdienste und Arbeitszeiten;JAHR;Jahr;2020;DINSGF;Früheres Bundesgebiet / Neue Länder;DF;Früheres Bundesgebiet;WZ08C7;WZ2008 (ausgewählte Positionen): Tarifindex;WZ08-D-06;Energie- und Wasserversorgung;100,0;2020=100;VST066;Index d.tarifl. Monatsverdienste ohne Sonderzahl.
62221;Vj. Index der Tarifverdienste und Arbeitszeiten;JAHR;Jahr;2020;DINSGF;Früheres Bundesgebiet / Neue Länder;DF;Früheres Bundesgebiet;WZ08C7;WZ2008 (ausgewählte Positionen): Tarifindex;WZ08-D-06;Energie- und Wasserversorgung;100,0;2020=100;VST018;Index der tariflichen Wochenarbeitszeit
62221;Vj. Index der Tarifverdienste und Arbeitszeiten;JAHR;Jahr;2020;DINSGF;Früheres Bundesgebiet / Neue Länder;DF;Früheres Bundesgebiet;WZ08C7;WZ2008 (ausgewählte Positionen): Tarifindex;WZ08-D-06;Energie- und Wasserversorgung;100,0;2020=100;VST065;Index d.tarifl. Stundenverdienste ohne Sonderzahl.
62221;Vj. Index der Tarifverdienste und Arbeitszeiten;JAHR;Jahr;2016;DINSGF;Früheres Bundesgebiet / Neue Länder;DF;Früheres Bundesgebiet;WZ08C7;WZ2008 (ausgewählte Positionen): Tarifindex;WZ08-27;Herstellung von elektrischen Ausrüstungen;90,6;2020=100;VST072;Index d.tarifl. Stundenverdienste mit Sonderzahl.
62221;Vj. Index der Tarifverdienste und Arbeitszeiten;JAHR;Jahr;2016;DINSGF;Früheres Bundesgebiet / Neue Länder;DF;Früheres Bundesgebiet;WZ08C7;WZ2008 (ausgewählte Positionen): Tarifindex;WZ08-27;Herstellung von elektrischen Ausrüstungen;90,6;2020=100;VST073;Index d.tarifl. Monatsverdienste mit Sonderzahl.
62221;Vj. Index der Tarifverdienste und Arbeitszeiten;JAHR;Jahr;2016;DINSGF;Früheres Bundesgebiet / Neue Länder;DF;Früheres Bundesgebiet;WZ08C7;WZ2008 (ausgewählte Positionen): Tarifindex;WZ08-27;Herstellung von elektrischen Ausrüstungen;35,1;h;VST019;Durchschnittliche tarifliche Wochenarbeitszeit
62221;Vj. Index der Tarifverdienste und Arbeitszeiten;JAHR;Jahr;2016;DINSGF;Früheres Bundesgebiet / Neue Länder;DF;Früheres Bundesgebiet;WZ08C7;WZ2008 (ausgewählte Positionen): Tarifindex;WZ08-27;Herstellung von elektrischen Ausrüstungen;92,7;2020=100;VST066;Index d.tarifl. Monatsverdienste ohne Sonderzahl.
62221;Vj. Index der Tarifverdienste und Arbeitszeiten;JAHR;Jahr;2016;DINSGF;Früheres Bundesgebiet / Neue Länder;DF;Früheres Bundesgebiet;WZ08C7;WZ2008 (ausgewählte Positionen): Tarifindex;WZ08-27;Herstellung von elektrischen Ausrüstungen;100,0;2020=100;VST018;Index der tariflichen Wochenarbeitszeit
62221;Vj. Index der Tarifverdienste und Arbeitszeiten;JAHR;Jahr;2016;DINSGF;Früheres Bundesgebiet / Neue Länder;DF;Früheres Bundesgebiet;WZ08C7;WZ2008 (ausgewählte Positionen): Tarifindex;WZ08-27;Herstellung von elektrischen Ausrüstungen;92,7;2020=100;VST065;Index d.tarifl. Stundenverdienste ohne Sonderzahl.
62221;Vj. Index der Tarifverdienste und Arbeitszeiten;JAHR;Jahr;2018;DINSGF;Früheres Bundesgebiet / Neue Länder;DF;Früheres Bundesgebiet;WZ08C7;WZ2008 (ausgewählte Positionen): Tarifindex;WZ08-33;Reparatur u.Installation von Masch.u.Ausrüstungen;96,1;2020=100;VST072;Index d.tarifl. Stundenverdienste mit Sonderzahl.
62221;Vj. Index der Tarifverdienste und Arbeitszeiten;JAHR;Jahr;2018;DINSGF;Früheres Bundesgebiet / Neue Länder;DF;Früheres Bundesgebiet;WZ08C7;WZ2008 (ausgewählte Positionen): Tarifindex;WZ08-33;Reparatur u.Installation von Masch.u.Ausrüstungen;96,1;2020=100;VST073;Index d.tarifl. Monatsverdienste mit Sonderzahl.
62221;Vj. Index der Tarifverdienste und Arbeitszeiten;JAHR;Jahr;2018;DINSGF;Früheres Bundesgebiet / Neue Länder;DF;Früheres Bundesgebiet;WZ08C7;WZ2008 (ausgewählte Positionen): Tarifindex;WZ08-33;Reparatur u.Installation von Masch.u.Ausrüstungen;36,6;h;VST019;Durchschnittliche tarifliche Wochenarbeitszeit
62221;Vj. Index der Tarifverdienste und Arbeitszeiten;JAHR;Jahr;2018;DINSGF;Früheres Bundesgebiet / Neue Länder;DF;Früheres Bundesgebiet;WZ08C7;WZ2008 (ausgewählte Positionen): Tarifindex;WZ08-33;Reparatur u.Installation von Masch.u.Ausrüstungen;97,5;2020=100;VST066;Index d.tarifl. Monatsverdienste ohne Sonderzahl.
62221;Vj. Index der Tarifverdienste und Arbeitszeiten;JAHR;Jahr;2018;DINSGF;Früheres Bundesgebiet / Neue Länder;DF;Früheres Bundesgebiet;WZ08C7;WZ2008 (ausgewählte Positionen): Tarifindex;WZ08-33;Reparatur u.Installation von Masch.u.Ausrüstungen;100,0;2020=100;VST018;Index der tariflichen Wochenarbeitszeit
62221;Vj. Index der Tarifverdienste und Arbeitszeiten;JAHR;Jahr;2018;DINSGF;Früheres Bundesgebiet / Neue Länder;DF;Früheres Bundesgebiet;WZ08C7;WZ2008 (ausgewählte Positionen): Tarifindex;WZ08-33;Reparatur u.Installation von Masch.u.Ausrüstungen;97,5;2020=100;VST065;Index d.tarifl. Stundenverdienste ohne Sonderzahl.
62221;Vj. Index der Tarifverdienste und Arbeitszeiten;JAHR;Jahr;2016;DINSGF;Früheres Bundesgebiet / Neue Länder;DN;Neue Länder;WZ08C7;WZ2008 (ausgewählte Positionen): Tarifindex;WZ08-72-01;Forschung,Werbung u.Marktforschung,Veterinärwesen;89,7;2020=100;VST072;Index d.tarifl. Stundenverdienste mit Sonderzahl.
62221;Vj. Index der Tarifverdienste und Arbeitszeiten;JAHR;Jahr;2016;DINSGF;Früheres Bundesgebiet / Neue Länder;DN;Neue Länder;WZ08C7;WZ2008 (ausgewählte Positionen): Tarifindex;WZ08-72-01;Forschung,Werbung u.Marktforschung,Veterinärwesen;89,7;2020=100;VST073;Index d.tarifl. Monatsverdienste mit Sonderzahl.
62221;Vj. Index der Tarifverdienste und Arbeitszeiten;JAHR;Jahr;2016;DINSGF;Früheres Bundesgebiet / Neue Länder;DN;Neue Länder;WZ08C7;WZ2008 (ausgewählte Positionen): Tarifindex;WZ08-72-01;Forschung,Werbung u.Marktforschung,Veterinärwesen;38,9;h;VST019;Durchschnittliche tarifliche Wochenarbeitszeit
62221;Vj. Index der Tarifverdienste und Arbeitszeiten;JAHR;Jahr;2016;DINSGF;Früheres Bundesgebiet / Neue Länder;DN;Neue Länder;WZ08C7;WZ2008 (ausgewählte Positionen): Tarifindex;WZ08-72-01;Forschung,Werbung u.Marktforschung,Veterinärwesen;89,4;2020=100;VST066;Index d.tarifl. Monatsverdienste ohne Sonderzahl.
62221;Vj. Index der Tarifverdienste und Arbeitszeiten;JAHR;Jahr;2016;DINSGF;Früheres Bundesgebiet / Neue Länder;DN;Neue Länder;WZ08C7;WZ2008 (ausgewählte Positionen): Tarifindex;WZ08-72-01;Forschung,Werbung u.Marktforschung,Veterinärwesen;100,0;2020=100;VST018;Index der tariflichen Wochenarbeitszeit
62221;Vj. Index der Tarifverdienste und Arbeitszeiten;JAHR;Jahr;2016;DINSGF;Früheres Bundesgebiet / Neue Länder;DN;Neue Länder;WZ08C7;WZ2008 (ausgewählte Positionen): Tarifindex;WZ08-72-01;Forschung,Werbung u.Marktforschung,Veterinärwesen;89,4;2020=100;VST065;Index d.tarifl. Stundenverdienste ohne Sonderzahl.
62221;Vj. Index der Tarifverdienste und Arbeitszeiten;JAHR;Jahr;2016;DINSGF;Früheres Bundesgebiet / Neue Länder;DF;Früheres Bundesgebiet;WZ08C7;WZ2008 (ausgewählte Positionen): Tarifindex;WZ08-30;Sonstiger Fahrzeugbau;90,5;2020=100;VST072;Index d.tarifl. Stundenverdienste mit Sonderzahl.
62221;Vj. Index der Tarifverdienste und Arbeitszeiten;JAHR;Jahr;2016;DINSGF;Früheres Bundesgebiet / Neue Länder;DF;Früheres Bundesgebiet;WZ08C7;WZ2008 (ausgewählte Positionen): Tarifindex;WZ08-30;Sonstiger Fahrzeugbau;90,5;2020=100;VST073;Index d.tarifl. Monatsverdienste mit Sonderzahl.
62221;Vj. Index der Tarifverdienste und Arbeitszeiten;JAHR;Jahr;2016;DINSGF;Früheres Bundesgebiet / Neue Länder;DF;Früheres Bundesgebiet;WZ08C7;WZ2008 (ausgewählte Positionen): Tarifindex;WZ08-30;Sonstiger Fahrzeugbau;35,1;h;VST019;Durchschnittliche tarifliche Wochenarbeitszeit
62221;Vj. Index der Tarifverdienste und Arbeitszeiten;JAHR;Jahr;2016;DINSGF;Früheres Bundesgebiet / Neue Länder;DF;Früheres Bundesgebiet;WZ08C7;WZ2008 (ausgewählte Positionen): Tarifindex;WZ08-30;Sonstiger Fahrzeugbau;92,7;2020=100;VST066;Index d.tarifl. Monatsverdienste ohne Sonderzahl.
62221;Vj. Index der Tarifverdienste und Arbeitszeiten;JAHR;Jahr;2016;DINSGF;Früheres Bundesgebiet / Neue Länder;DF;Früheres Bundesgebiet;WZ08C7;WZ2008 (ausgewählte Positionen): Tarifindex;WZ08-30;Sonstiger Fahrzeugbau;100,0;2020=100;VST018;Index der tariflichen Wochenarbeitszeit
62221;Vj. Index der Tarifverdienste und Arbeitszeiten;JAHR;Jahr;2016;DINSGF;Früheres Bundesgebiet / Neue Länder;DF;Früheres Bundesgebiet;WZ08C7;WZ2008 (ausgewählte Positionen): Tarifindex;WZ08-30;Sonstiger Fahrzeugbau;92,7;2020=100;VST065;Index d.tarifl. Stundenverdienste ohne Sonderzahl.
62221;Vj. Index der Tarifverdienste und Arbeitszeiten;JAHR;Jahr;2024;DINSGF;Früheres Bundesgebiet / Neue Länder;DF;Früheres Bundesgebiet;WZ08C7;WZ2008 (ausgewählte Positionen): Tarifindex;WZ08-22;Herstellung von Gummi- und Kunststoffwaren;112,3;2020=100;VST072;Index d.tarifl. Stundenverdienste mit Sonderzahl.
62221;Vj. Index der Tarifverdienste und Arbeitszeiten;JAHR;Jahr;2024;DINSGF;Früheres Bundesgebiet / Neue Länder;DF;Früheres Bundesgebiet;WZ08C7;WZ2008 (ausgewählte Positionen): Tarifindex;WZ08-22;Herstellung von Gummi- und Kunststoffwaren;112,3;2020=100;VST073;Index d.tarifl. Monatsverdienste mit Sonderzahl.
62221;Vj. Index der Tarifverdienste und Arbeitszeiten;JAHR;Jahr;2024;DINSGF;Früheres Bundesgebiet / Neue Länder;DF;Früheres Bundesgebiet;WZ08C7;WZ2008 (ausgewählte Positionen): Tarifindex;WZ08-22;Herstellung von Gummi- und Kunststoffwaren;36,9;h;VST019;Durchschnittliche tarifliche Wochenarbeitszeit
62221;Vj. Index der Tarifverdienste und Arbeitszeiten;JAHR;Jahr;2024;DINSGF;Früheres Bundesgebiet / Neue Länder;DF;Früheres Bundesgebiet;WZ08C7;WZ2008 (ausgewählte Positionen): Tarifindex;WZ08-22;Herstellung von Gummi- und Kunststoffwaren;108,4;2020=100;VST066;Index d.tarifl. Monatsverdienste ohne Sonderzahl.
62221;Vj. Index der Tarifverdienste und Arbeitszeiten;JAHR;Jahr;2024;DINSGF;Früheres Bundesgebiet / Neue Länder;DF;Früheres Bundesgebiet;WZ08C7;WZ2008 (ausgewählte Positionen): Tarifindex;WZ08-22;Herstellung von Gummi- und Kunststoffwaren;100,0;2020=100;VST018;Index der tariflichen Wochenarbeitszeit
62221;Vj. Index der Tarifverdienste und Arbeitszeiten;JAHR;Jahr;2024;DINSGF;Früheres Bundesgebiet / Neue Länder;DF;Früheres Bundesgebiet;WZ08C7;WZ2008 (ausgewählte Positionen): Tarifindex;WZ08-22;Herstellung von Gummi- und Kunststoffwaren;108,4;2020=100;VST065;Index d.tarifl. Stundenverdienste ohne Sonderzahl.
62221;Vj. Index der Tarifverdienste und Arbeitszeiten;JAHR;Jahr;2024;DINSGF;Früheres Bundesgebiet / Neue Länder;DF;Früheres Bundesgebiet;WZ08C7;WZ2008 (ausgewählte Positionen): Tarifindex;WZ08-25;Herstellung von Metallerzeugnissen;112,8;2020=100;VST072;Index d.tarifl. Stundenverdienste mit Sonderzahl.
62221;Vj. Index der Tarifverdienste und Arbeitszeiten;JAHR;Jahr;2024;DINSGF;Früheres Bundesgebiet / Neue Länder;DF;Früheres Bundesgebiet;WZ08C7;WZ2008 (ausgewählte Positionen): Tarifindex;WZ08-25;Herstellung von Metallerzeugnissen;112,8;2020=100;VST073;Index d.tarifl. Monatsverdienste mit Sonderzahl.
62221;Vj. Index der Tarifverdienste und Arbeitszeiten;JAHR;Jahr;2024;DINSGF;Früheres Bundesgebiet / Neue Länder;DF;Früheres Bundesgebiet;WZ08C7;WZ2008 (ausgewählte Positionen): Tarifindex;WZ08-25;Herstellung von Metallerzeugnissen;35,8;h;VST019;Durchschnittliche tarifliche Wochenarbeitszeit
62221;Vj. Index der Tarifverdienste und Arbeitszeiten;JAHR;Jahr;2024;DINSGF;Früheres Bundesgebiet / Neue Länder;DF;Früheres Bundesgebiet;WZ08C7;WZ2008 (ausgewählte Positionen): Tarifindex;WZ08-25;Herstellung von Metallerzeugnissen;108,3;2020=100;VST066;Index d.tarifl. Monatsverdienste ohne Sonderzahl.
62221;Vj. Index der Tarifverdienste und Arbeitszeiten;JAHR;Jahr;2024;DINSGF;Früheres Bundesgebiet / Neue Länder;DF;Früheres Bundesgebiet;WZ08C7;WZ2008 (ausgewählte Positionen): Tarifindex;WZ08-25;Herstellung von Metallerzeugnissen;100,0;2020=100;VST018;Index der tariflichen Wochenarbeitszeit
62221;Vj. Index der Tarifverdienste und Arbeitszeiten;JAHR;Jahr;2024;DINSGF;Früheres Bundesgebiet / Neue Länder;DF;Früheres Bundesgebiet;WZ08C7;WZ2008 (ausgewählte Positionen): Tarifindex;WZ08-25;Herstellung von Metallerzeugnissen;108,3;2020=100;VST065;Index d.tarifl. Stundenverdienste ohne Sonderzahl.
62221;Vj. Index der Tarifverdienste und Arbeitszeiten;JAHR;Jahr;2018;DINSGF;Früheres Bundesgebiet / Neue Länder;DF;Früheres Bundesgebiet;WZ08C7;WZ2008 (ausgewählte Positionen): Tarifindex;WZ08-36;Wasserversorgung;95,1;2020=100;VST072;Index d.tarifl. Stundenverdienste mit Sonderzahl.
62221;Vj. Index der Tarifverdienste und Arbeitszeiten;JAHR;Jahr;2018;DINSGF;Früheres Bundesgebiet / Neue Länder;DF;Früheres Bundesgebiet;WZ08C7;WZ2008 (ausgewählte Positionen): Tarifindex;WZ08-36;Wasserversorgung;95,1;2020=100;VST073;Index d.tarifl. Monatsverdienste mit Sonderzahl.
62221;Vj. Index der Tarifverdienste und Arbeitszeiten;JAHR;Jahr;2018;DINSGF;Früheres Bundesgebiet / Neue Länder;DF;Früheres Bundesgebiet;WZ08C7;WZ2008 (ausgewählte Positionen): Tarifindex;WZ08-36;Wasserversorgung;39,0;h;VST019;Durchschnittliche tarifliche Wochenarbeitszeit
62221;Vj. Index der Tarifverdienste und Arbeitszeiten;JAHR;Jahr;2018;DINSGF;Früheres Bundesgebiet / Neue Länder;DF;Früheres Bundesgebiet;WZ08C7;WZ2008 (ausgewählte Positionen): Tarifindex;WZ08-36;Wasserversorgung;94,4;2020=100;VST066;Index d.tarifl. Monatsverdienste ohne Sonderzahl.
62221;Vj. Index der Tarifverdienste und Arbeitszeiten;JAHR;Jahr;2018;DINSGF;Früheres Bundesgebiet / Neue Länder;DF;Früheres Bundesgebiet;WZ08C7;WZ2008 (ausgewählte Positionen): Tarifindex;WZ08-36;Wasserversorgung;100,0;2020=100;VST018;Index der tariflichen Wochenarbeitszeit
62221;Vj. Index der Tarifverdienste und Arbeitszeiten;JAHR;Jahr;2018;DINSGF;Früheres Bundesgebiet / Neue Länder;DF;Früheres Bundesgebiet;WZ08C7;WZ2008 (ausgewählte Positionen): Tarifindex;WZ08-36;Wasserversorgung;94,4;2020=100;VST065;Index d.tarifl. Stundenverdienste ohne Sonderzahl.
62221;Vj. Index der Tarifverdienste und Arbeitszeiten;JAHR;Jahr;2019;DINSGF;Früheres Bundesgebiet / Neue Länder;DN;Neue Länder;WZ08C7;WZ2008 (ausgewählte Positionen): Tarifindex;WZ08-Q;Gesundheits- und Sozialwesen;97,1;2020=100;VST072;Index d.tarifl. Stundenverdienste mit Sonderzahl.
62221;Vj. Index der Tarifverdienste und Arbeitszeiten;JAHR;Jahr;2019;DINSGF;Früheres Bundesgebiet / Neue Länder;DN;Neue Länder;WZ08C7;WZ2008 (ausgewählte Positionen): Tarifindex;WZ08-Q;Gesundheits- und Sozialwesen;97,1;2020=100;VST073;Index d.tarifl. Monatsverdienste mit Sonderzahl.
62221;Vj. Index der Tarifverdienste und Arbeitszeiten;JAHR;Jahr;2019;DINSGF;Früheres Bundesgebiet / Neue Länder;DN;Neue Länder;WZ08C7;WZ2008 (ausgewählte Positionen): Tarifindex;WZ08-Q;Gesundheits- und Sozialwesen;39,4;h;VST019;Durchschnittliche tarifliche Wochenarbeitszeit
62221;Vj. Index der Tarifverdienste und Arbeitszeiten;JAHR;Jahr;2019;DINSGF;Früheres Bundesgebiet / Neue Länder;DN;Neue Länder;WZ08C7;WZ2008 (ausgewählte Positionen): Tarifindex;WZ08-Q;Gesundheits- und Sozialwesen;97,2;2020=100;VST066;Index d.tarifl. Monatsverdienste ohne Sonderzahl.
62221;Vj. Index der Tarifverdienste und Arbeitszeiten;JAHR;Jahr;2019;DINSGF;Früheres Bundesgebiet / Neue Länder;DN;Neue Länder;WZ08C7;WZ2008 (ausgewählte Positionen): Tarifindex;WZ08-Q;Gesundheits- und Sozialwesen;100,1;2020=100;VST018;Index der tariflichen Wochenarbeitszeit
62221;Vj. Index der Tarifverdienste und Arbeitszeiten;JAHR;Jahr;2019;DINSGF;Früheres Bundesgebiet / Neue Länder;DN;Neue Länder;WZ08C7;WZ2008 (ausgewählte Positionen): Tarifindex;WZ08-Q;Gesundheits- und Sozialwesen;97,2;2020=100;VST065;Index d.tarifl. Stundenverdienste ohne Sonderzahl.
62221;Vj. Index der Tarifverdienste und Arbeitszeiten;JAHR;Jahr;2020;DINSGF;Früheres Bundesgebiet / Neue Länder;DN;Neue Länder;WZ08C7;WZ2008 (ausgewählte Positionen): Tarifindex;WZ08-63;Informationsdienstleistungen;100,0;2020=100;VST072;Index d.tarifl. Stundenverdienste mit Sonderzahl.
62221;Vj. Index der Tarifverdienste und Arbeitszeiten;JAHR;Jahr;2020;DINSGF;Früheres Bundesgebiet / Neue Länder;DN;Neue Länder;WZ08C7;WZ2008 (ausgewählte Positionen): Tarifindex;WZ08-63;Informationsdienstleistungen;100,0;2020=100;VST073;Index d.tarifl. Monatsverdienste mit Sonderzahl.
62221;Vj. Index der Tarifverdienste und Arbeitszeiten;JAHR;Jahr;2020;DINSGF;Früheres Bundesgebiet / Neue Länder;DN;Neue Länder;WZ08C7;WZ2008 (ausgewählte Positionen): Tarifindex;WZ08-63;Informationsdienstleistungen;38,2;h;VST019;Durchschnittliche tarifliche Wochenarbeitszeit
62221;Vj. Index der Tarifverdienste und Arbeitszeiten;JAHR;Jahr;2020;DINSGF;Früheres Bundesgebiet / Neue Länder;DN;Neue Länder;WZ08C7;WZ2008 (ausgewählte Positionen): Tarifindex;WZ08-63;Informationsdienstleistungen;100,0;2020=100;VST066;Index d.tarifl. Monatsverdienste ohne Sonderzahl.
62221;Vj. Index der Tarifverdienste und Arbeitszeiten;JAHR;Jahr;2020;DINSGF;Früheres Bundesgebiet / Neue Länder;DN;Neue Länder;WZ08C7;WZ2008 (ausgewählte Positionen): Tarifindex;WZ08-63;Informationsdienstleistungen;100,0;2020=100;VST018;Index der tariflichen Wochenarbeitszeit
62221;Vj. Index der Tarifverdienste und Arbeitszeiten;JAHR;Jahr;2020;DINSGF;Früheres Bundesgebiet / Neue Länder;DN;Neue Länder;WZ08C7;WZ2008 (ausgewählte Positionen): Tarifindex;WZ08-63;Informationsdienstleistungen;100,0;2020=100;VST065;Index d.tarifl. Stundenverdienste ohne Sonderzahl.
62221;Vj. Index der Tarifverdienste und Arbeitszeiten;JAHR;Jahr;2019;DINSGF;Früheres Bundesgebiet / Neue Länder;DF;Früheres Bundesgebiet;WZ08C7;WZ2008 (ausgewählte Positionen): Tarifindex;WZ08-493;Sonstige Personenbeförderung im Landverkehr;97,7;2020=100;VST072;Index d.tarifl. Stundenverdienste mit Sonderzahl.
62221;Vj. Index der Tarifverdienste und Arbeitszeiten;JAHR;Jahr;2019;DINSGF;Früheres Bundesgebiet / Neue Länder;DF;Früheres Bundesgebiet;WZ08C7;WZ2008 (ausgewählte Positionen): Tarifindex;WZ08-493;Sonstige Personenbeförderung im Landverkehr;97,7;2020=100;VST073;Index d.tarifl. Monatsverdienste mit Sonderzahl.
62221;Vj. Index der Tarifverdienste und Arbeitszeiten;JAHR;Jahr;2019;DINSGF;Früheres Bundesgebiet / Neue Länder;DF;Früheres Bundesgebiet;WZ08C7;WZ2008 (ausgewählte Positionen): Tarifindex;WZ08-493;Sonstige Personenbeförderung im Landverkehr;39,0;h;VST019;Durchschnittliche tarifliche Wochenarbeitszeit
62221;Vj. Index der Tarifverdienste und Arbeitszeiten;JAHR;Jahr;2019;DINSGF;Früheres Bundesgebiet / Neue Länder;DF;Früheres Bundesgebiet;WZ08C7;WZ2008 (ausgewählte Positionen): Tarifindex;WZ08-493;Sonstige Personenbeförderung im Landverkehr;97,5;2020=100;VST066;Index d.tarifl. Monatsverdienste ohne Sonderzahl.
62221;Vj. Index der Tarifverdienste und Arbeitszeiten;JAHR;Jahr;2019;DINSGF;Früheres Bundesgebiet / Neue Länder;DF;Früheres Bundesgebiet;WZ08C7;WZ2008 (ausgewählte Positionen): Tarifindex;WZ08-493;Sonstige Personenbeförderung im Landverkehr;100,0;2020=100;VST018;Index der tariflichen Wochenarbeitszeit
62221;Vj. Index der Tarifverdienste und Arbeitszeiten;JAHR;Jahr;2019;DINSGF;Früheres Bundesgebiet / Neue Länder;DF;Früheres Bundesgebiet;WZ08C7;WZ2008 (ausgewählte Positionen): Tarifindex;WZ08-493;Sonstige Personenbeförderung im Landverkehr;97,5;2020=100;VST065;Index d.tarifl. Stundenverdienste ohne Sonderzahl.
62221;Vj. Index der Tarifverdienste und Arbeitszeiten;JAHR;Jahr;2017;DINSGF;Früheres Bundesgebiet / Neue Länder;DF;Früheres Bundesgebiet;WZ08C7;WZ2008 (ausgewählte Positionen): Tarifindex;WZ08-79;Reisebüros, -veranstalter u. sonst. Reservierungen;97,1;2020=100;VST072;Index d.tarifl. Stundenverdienste mit Sonderzahl.
62221;Vj. Index der Tarifverdienste und Arbeitszeiten;JAHR;Jahr;2017;DINSGF;Früheres Bundesgebiet / Neue Länder;DF;Früheres Bundesgebiet;WZ08C7;WZ2008 (ausgewählte Positionen): Tarifindex;WZ08-79;Reisebüros, -veranstalter u. sonst. Reservierungen;97,1;2020=100;VST073;Index d.tarifl. Monatsverdienste mit Sonderzahl.
62221;Vj. Index der Tarifverdienste und Arbeitszeiten;JAHR;Jahr;2017;DINSGF;Früheres Bundesgebiet / Neue Länder;DF;Früheres Bundesgebiet;WZ08C7;WZ2008 (ausgewählte Positionen): Tarifindex;WZ08-79;Reisebüros, -veranstalter u. sonst. Reservierungen;38,7;h;VST019;Durchschnittliche tarifliche Wochenarbeitszeit
62221;Vj. Index der Tarifverdienste und Arbeitszeiten;JAHR;Jahr;2017;DINSGF;Früheres Bundesgebiet / Neue Länder;DF;Früheres Bundesgebiet;WZ08C7;WZ2008 (ausgewählte Positionen): Tarifindex;WZ08-79;Reisebüros, -veranstalter u. sonst. Reservierungen;96,3;2020=100;VST066;Index d.tarifl. Monatsverdienste ohne Sonderzahl.
62221;Vj. Index der Tarifverdienste und Arbeitszeiten;JAHR;Jahr;2017;DINSGF;Früheres Bundesgebiet / Neue Länder;DF;Früheres Bundesgebiet;WZ08C7;WZ2008 (ausgewählte Positionen): Tarifindex;WZ08-79;Reisebüros, -veranstalter u. sonst. Reservierungen;100,0;2020=100;VST018;Index der tariflichen Wochenarbeitszeit
62221;Vj. Index der Tarifverdienste und Arbeitszeiten;JAHR;Jahr;2017;DINSGF;Früheres Bundesgebiet / Neue Länder;DF;Früheres Bundesgebiet;WZ08C7;WZ2008 (ausgewählte Positionen): Tarifindex;WZ08-79;Reisebüros, -veranstalter u. sonst. Reservierungen;96,3;2020=100;VST065;Index d.tarifl. Stundenverdienste ohne Sonderzahl.
62221;Vj. Index der Tarifverdienste und Arbeitszeiten;JAHR;Jahr;2023;DINSGF;Früheres Bundesgebiet / Neue Länder;DN;Neue Länder;WZ08C7;WZ2008 (ausgewählte Positionen): Tarifindex;WZ08-B-09;Produzierendes Gewerbe und wirtschaftl. Dienstl.;109,5;2020=100;VST072;Index d.tarifl. Stundenverdienste mit Sonderzahl.
62221;Vj. Index der Tarifverdienste und Arbeitszeiten;JAHR;Jahr;2023;DINSGF;Früheres Bundesgebiet / Neue Länder;DN;Neue Länder;WZ08C7;WZ2008 (ausgewählte Positionen): Tarifindex;WZ08-B-09;Produzierendes Gewerbe und wirtschaftl. Dienstl.;109,3;2020=100;VST073;Index d.tarifl. Monatsverdienste mit Sonderzahl.
62221;Vj. Index der Tarifverdienste und Arbeitszeiten;JAHR;Jahr;2023;DINSGF;Früheres Bundesgebiet / Neue Länder;DN;Neue Länder;WZ08C7;WZ2008 (ausgewählte Positionen): Tarifindex;WZ08-B-09;Produzierendes Gewerbe und wirtschaftl. Dienstl.;38,4;h;VST019;Durchschnittliche tarifliche Wochenarbeitszeit
62221;Vj. Index der Tarifverdienste und Arbeitszeiten;JAHR;Jahr;2023;DINSGF;Früheres Bundesgebiet / Neue Länder;DN;Neue Länder;WZ08C7;WZ2008 (ausgewählte Positionen): Tarifindex;WZ08-B-09;Produzierendes Gewerbe und wirtschaftl. Dienstl.;107,3;2020=100;VST066;Index d.tarifl. Monatsverdienste ohne Sonderzahl.
62221;Vj. Index der Tarifverdienste und Arbeitszeiten;JAHR;Jahr;2023;DINSGF;Früheres Bundesgebiet / Neue Länder;DN;Neue Länder;WZ08C7;WZ2008 (ausgewählte Positionen): Tarifindex;WZ08-B-09;Produzierendes Gewerbe und wirtschaftl. Dienstl.;99,9;2020=100;VST018;Index der tariflichen Wochenarbeitszeit
62221;Vj. Index der Tarifverdienste und Arbeitszeiten;JAHR;Jahr;2023;DINSGF;Früheres Bundesgebiet / Neue Länder;DN;Neue Länder;WZ08C7;WZ2008 (ausgewählte Positionen): Tarifindex;WZ08-B-09;Produzierendes Gewerbe und wirtschaftl. Dienstl.;107,5;2020=100;VST065;Index d.tarifl. Stundenverdienste ohne Sonderzahl.
62221;Vj. Index der Tarifverdienste und Arbeitszeiten;JAHR;Jahr;2016;DINSGF;Früheres Bundesgebiet / Neue Länder;DF;Früheres Bundesgebiet;WZ08C7;WZ2008 (ausgewählte Positionen): Tarifindex;WZ08-Q;Gesundheits- und Sozialwesen;89,1;2020=100;VST072;Index d.tarifl. Stundenverdienste mit Sonderzahl.
62221;Vj. Index der Tarifverdienste und Arbeitszeiten;JAHR;Jahr;2016;DINSGF;Früheres Bundesgebiet / Neue Länder;DF;Früheres Bundesgebiet;WZ08C7;WZ2008 (ausgewählte Positionen): Tarifindex;WZ08-Q;Gesundheits- und Sozialwesen;89,1;2020=100;VST073;Index d.tarifl. Monatsverdienste mit Sonderzahl.
62221;Vj. Index der Tarifverdienste und Arbeitszeiten;JAHR;Jahr;2016;DINSGF;Früheres Bundesgebiet / Neue Länder;DF;Früheres Bundesgebiet;WZ08C7;WZ2008 (ausgewählte Positionen): Tarifindex;WZ08-Q;Gesundheits- und Sozialwesen;39,1;h;VST019;Durchschnittliche tarifliche Wochenarbeitszeit
62221;Vj. Index der Tarifverdienste und Arbeitszeiten;JAHR;Jahr;2016;DINSGF;Früheres Bundesgebiet / Neue Länder;DF;Früheres Bundesgebiet;WZ08C7;WZ2008 (ausgewählte Positionen): Tarifindex;WZ08-Q;Gesundheits- und Sozialwesen;88,9;2020=100;VST066;Index d.tarifl. Monatsverdienste ohne Sonderzahl.
62221;Vj. Index der Tarifverdienste und Arbeitszeiten;JAHR;Jahr;2016;DINSGF;Früheres Bundesgebiet / Neue Länder;DF;Früheres Bundesgebiet;WZ08C7;WZ2008 (ausgewählte Positionen): Tarifindex;WZ08-Q;Gesundheits- und Sozialwesen;100,0;2020=100;VST018;Index der tariflichen Wochenarbeitszeit
62221;Vj. Index der Tarifverdienste und Arbeitszeiten;JAHR;Jahr;2016;DINSGF;Früheres Bundesgebiet / Neue Länder;DF;Früheres Bundesgebiet;WZ08C7;WZ2008 (ausgewählte Positionen): Tarifindex;WZ08-Q;Gesundheits- und Sozialwesen;88,9;2020=100;VST065;Index d.tarifl. Stundenverdienste ohne Sonderzahl.
62221;Vj. Index der Tarifverdienste und Arbeitszeiten;JAHR;Jahr;2019;DINSGF;Früheres Bundesgebiet / Neue Länder;DN;Neue Länder;WZ08C7;WZ2008 (ausgewählte Positionen): Tarifindex;WZ08-N;Sonstige wirtschaftliche Dienstleistungen;97,0;2020=100;VST072;Index d.tarifl. Stundenverdienste mit Sonderzahl.
62221;Vj. Index der Tarifverdienste und Arbeitszeiten;JAHR;Jahr;2019;DINSGF;Früheres Bundesgebiet / Neue Länder;DN;Neue Länder;WZ08C7;WZ2008 (ausgewählte Positionen): Tarifindex;WZ08-N;Sonstige wirtschaftliche Dienstleistungen;97,0;2020=100;VST073;Index d.tarifl. Monatsverdienste mit Sonderzahl.
62221;Vj. Index der Tarifverdienste und Arbeitszeiten;JAHR;Jahr;2019;DINSGF;Früheres Bundesgebiet / Neue Länder;DN;Neue Länder;WZ08C7;WZ2008 (ausgewählte Positionen): Tarifindex;WZ08-N;Sonstige wirtschaftliche Dienstleistungen;36,8;h;VST019;Durchschnittliche tarifliche Wochenarbeitszeit
62221;Vj. Index der Tarifverdienste und Arbeitszeiten;JAHR;Jahr;2019;DINSGF;Früheres Bundesgebiet / Neue Länder;DN;Neue Länder;WZ08C7;WZ2008 (ausgewählte Positionen): Tarifindex;WZ08-N;Sonstige wirtschaftliche Dienstleistungen;96,9;2020=100;VST066;Index d.tarifl. Monatsverdienste ohne Sonderzahl.
62221;Vj. Index der Tarifverdienste und Arbeitszeiten;JAHR;Jahr;2019;DINSGF;Früheres Bundesgebiet / Neue Länder;DN;Neue Länder;WZ08C7;WZ2008 (ausgewählte Positionen): Tarifindex;WZ08-N;Sonstige wirtschaftliche Dienstleistungen;100,0;2020=100;VST018;Index der tariflichen Wochenarbeitszeit
62221;Vj. Index der Tarifverdienste und Arbeitszeiten;JAHR;Jahr;2019;DINSGF;Früheres Bundesgebiet / Neue Länder;DN;Neue Länder;WZ08C7;WZ2008 (ausgewählte Positionen): Tarifindex;WZ08-N;Sonstige wirtschaftliche Dienstleistungen;96,9;2020=100;VST065;Index d.tarifl. Stundenverdienste ohne Sonderzahl.
62221;Vj. Index der Tarifverdienste und Arbeitszeiten;JAHR;Jahr;2023;DINSGF;Früheres Bundesgebiet / Neue Länder;DN;Neue Länder;WZ08C7;WZ2008 (ausgewählte Positionen): Tarifindex;WZ08-D-06;Energie- und Wasserversorgung;108,2;2020=100;VST072;Index d.tarifl. Stundenverdienste mit Sonderzahl.
62221;Vj. Index der Tarifverdienste und Arbeitszeiten;JAHR;Jahr;2023;DINSGF;Früheres Bundesgebiet / Neue Länder;DN;Neue Länder;WZ08C7;WZ2008 (ausgewählte Positionen): Tarifindex;WZ08-D-06;Energie- und Wasserversorgung;108,1;2020=100;VST073;Index d.tarifl. Monatsverdienste mit Sonderzahl.
62221;Vj. Index der Tarifverdienste und Arbeitszeiten;JAHR;Jahr;2023;DINSGF;Früheres Bundesgebiet / Neue Länder;DN;Neue Länder;WZ08C7;WZ2008 (ausgewählte Positionen): Tarifindex;WZ08-D-06;Energie- und Wasserversorgung;38,4;h;VST019;Durchschnittliche tarifliche Wochenarbeitszeit
62221;Vj. Index der Tarifverdienste und Arbeitszeiten;JAHR;Jahr;2023;DINSGF;Früheres Bundesgebiet / Neue Länder;DN;Neue Länder;WZ08C7;WZ2008 (ausgewählte Positionen): Tarifindex;WZ08-D-06;Energie- und Wasserversorgung;105,7;2020=100;VST066;Index d.tarifl. Monatsverdienste ohne Sonderzahl.
62221;Vj. Index der Tarifverdienste und Arbeitszeiten;JAHR;Jahr;2023;DINSGF;Früheres Bundesgebiet / Neue Länder;DN;Neue Länder;WZ08C7;WZ2008 (ausgewählte Positionen): Tarifindex;WZ08-D-06;Energie- und Wasserversorgung;99,9;2020=100;VST018;Index der tariflichen Wochenarbeitszeit
62221;Vj. Index der Tarifverdienste und Arbeitszeiten;JAHR;Jahr;2023;DINSGF;Früheres Bundesgebiet / Neue Länder;DN;Neue Länder;WZ08C7;WZ2008 (ausgewählte Positionen): Tarifindex;WZ08-D-06;Energie- und Wasserversorgung;105,8;2020=100;VST065;Index d.tarifl. Stundenverdienste ohne Sonderzahl.
62221;Vj. Index der Tarifverdienste und Arbeitszeiten;JAHR;Jahr;2022;DINSGF;Früheres Bundesgebiet / Neue Länder;DN;Neue Länder;WZ08C7;WZ2008 (ausgewählte Positionen): Tarifindex;WZ08-53;Post-, Kurier- und Expressdienste;104,4;2020=100;VST072;Index d.tarifl. Stundenverdienste mit Sonderzahl.
62221;Vj. Index der Tarifverdienste und Arbeitszeiten;JAHR;Jahr;2022;DINSGF;Früheres Bundesgebiet / Neue Länder;DN;Neue Länder;WZ08C7;WZ2008 (ausgewählte Positionen): Tarifindex;WZ08-53;Post-, Kurier- und Expressdienste;104,4;2020=100;VST073;Index d.tarifl. Monatsverdienste mit Sonderzahl.
62221;Vj. Index der Tarifverdienste und Arbeitszeiten;JAHR;Jahr;2022;DINSGF;Früheres Bundesgebiet / Neue Länder;DN;Neue Länder;WZ08C7;WZ2008 (ausgewählte Positionen): Tarifindex;WZ08-53;Post-, Kurier- und Expressdienste;38,5;h;VST019;Durchschnittliche tarifliche Wochenarbeitszeit
62221;Vj. Index der Tarifverdienste und Arbeitszeiten;JAHR;Jahr;2022;DINSGF;Früheres Bundesgebiet / Neue Länder;DN;Neue Länder;WZ08C7;WZ2008 (ausgewählte Positionen): Tarifindex;WZ08-53;Post-, Kurier- und Expressdienste;105,1;2020=100;VST066;Index d.tarifl. Monatsverdienste ohne Sonderzahl.
62221;Vj. Index der Tarifverdienste und Arbeitszeiten;JAHR;Jahr;2022;DINSGF;Früheres Bundesgebiet / Neue Länder;DN;Neue Länder;WZ08C7;WZ2008 (ausgewählte Positionen): Tarifindex;WZ08-53;Post-, Kurier- und Expressdienste;100,0;2020=100;VST018;Index der tariflichen Wochenarbeitszeit
62221;Vj. Index der Tarifverdienste und Arbeitszeiten;JAHR;Jahr;2022;DINSGF;Früheres Bundesgebiet / Neue Länder;DN;Neue Länder;WZ08C7;WZ2008 (ausgewählte Positionen): Tarifindex;WZ08-53;Post-, Kurier- und Expressdienste;105,1;2020=100;VST065;Index d.tarifl. Stundenverdienste ohne Sonderzahl.
62221;Vj. Index der Tarifverdienste und Arbeitszeiten;JAHR;Jahr;2022;DINSGF;Früheres Bundesgebiet / Neue Länder;DF;Früheres Bundesgebiet;WZ08C7;WZ2008 (ausgewählte Positionen): Tarifindex;WZ08-35;Energieversorgung;103,6;2020=100;VST072;Index d.tarifl. Stundenverdienste mit Sonderzahl.
62221;Vj. Index der Tarifverdienste und Arbeitszeiten;JAHR;Jahr;2022;DINSGF;Früheres Bundesgebiet / Neue Länder;DF;Früheres Bundesgebiet;WZ08C7;WZ2008 (ausgewählte Positionen): Tarifindex;WZ08-35;Energieversorgung;103,6;2020=100;VST073;Index d.tarifl. Monatsverdienste mit Sonderzahl.
62221;Vj. Index der Tarifverdienste und Arbeitszeiten;JAHR;Jahr;2022;DINSGF;Früheres Bundesgebiet / Neue Länder;DF;Früheres Bundesgebiet;WZ08C7;WZ2008 (ausgewählte Positionen): Tarifindex;WZ08-35;Energieversorgung;38,2;h;VST019;Durchschnittliche tarifliche Wochenarbeitszeit
62221;Vj. Index der Tarifverdienste und Arbeitszeiten;JAHR;Jahr;2022;DINSGF;Früheres Bundesgebiet / Neue Länder;DF;Früheres Bundesgebiet;WZ08C7;WZ2008 (ausgewählte Positionen): Tarifindex;WZ08-35;Energieversorgung;103,4;2020=100;VST066;Index d.tarifl. Monatsverdienste ohne Sonderzahl.
62221;Vj. Index der Tarifverdienste und Arbeitszeiten;JAHR;Jahr;2022;DINSGF;Früheres Bundesgebiet / Neue Länder;DF;Früheres Bundesgebiet;WZ08C7;WZ2008 (ausgewählte Positionen): Tarifindex;WZ08-35;Energieversorgung;100,0;2020=100;VST018;Index der tariflichen Wochenarbeitszeit
62221;Vj. Index der Tarifverdienste und Arbeitszeiten;JAHR;Jahr;2022;DINSGF;Früheres Bundesgebiet / Neue Länder;DF;Früheres Bundesgebiet;WZ08C7;WZ2008 (ausgewählte Positionen): Tarifindex;WZ08-35;Energieversorgung;103,4;2020=100;VST065;Index d.tarifl. Stundenverdienste ohne Sonderzahl.
62221;Vj. Index der Tarifverdienste und Arbeitszeiten;JAHR;Jahr;2022;DINSGF;Früheres Bundesgebiet / Neue Länder;DF;Früheres Bundesgebiet;WZ08C7;WZ2008 (ausgewählte Positionen): Tarifindex;WZ08-32;Herstellung von sonstigen Waren;103,0;2020=100;VST072;Index d.tarifl. Stundenverdienste mit Sonderzahl.
62221;Vj. Index der Tarifverdienste und Arbeitszeiten;JAHR;Jahr;2022;DINSGF;Früheres Bundesgebiet / Neue Länder;DF;Früheres Bundesgebiet;WZ08C7;WZ2008 (ausgewählte Positionen): Tarifindex;WZ08-32;Herstellung von sonstigen Waren;103,0;2020=100;VST073;Index d.tarifl. Monatsverdienste mit Sonderzahl.
62221;Vj. Index der Tarifverdienste und Arbeitszeiten;JAHR;Jahr;2022;DINSGF;Früheres Bundesgebiet / Neue Länder;DF;Früheres Bundesgebiet;WZ08C7;WZ2008 (ausgewählte Positionen): Tarifindex;WZ08-32;Herstellung von sonstigen Waren;36,2;h;VST019;Durchschnittliche tarifliche Wochenarbeitszeit
62221;Vj. Index der Tarifverdienste und Arbeitszeiten;JAHR;Jahr;2022;DINSGF;Früheres Bundesgebiet / Neue Länder;DF;Früheres Bundesgebiet;WZ08C7;WZ2008 (ausgewählte Positionen): Tarifindex;WZ08-32;Herstellung von sonstigen Waren;101,1;2020=100;VST066;Index d.tarifl. Monatsverdienste ohne Sonderzahl.
62221;Vj. Index der Tarifverdienste und Arbeitszeiten;JAHR;Jahr;2022;DINSGF;Früheres Bundesgebiet / Neue Länder;DF;Früheres Bundesgebiet;WZ08C7;WZ2008 (ausgewählte Positionen): Tarifindex;WZ08-32;Herstellung von sonstigen Waren;100,0;2020=100;VST018;Index der tariflichen Wochenarbeitszeit
62221;Vj. Index der Tarifverdienste und Arbeitszeiten;JAHR;Jahr;2022;DINSGF;Früheres Bundesgebiet / Neue Länder;DF;Früheres Bundesgebiet;WZ08C7;WZ2008 (ausgewählte Positionen): Tarifindex;WZ08-32;Herstellung von sonstigen Waren;101,1;2020=100;VST065;Index d.tarifl. Stundenverdienste ohne Sonderzahl.
62221;Vj. Index der Tarifverdienste und Arbeitszeiten;JAHR;Jahr;2022;DINSGF;Früheres Bundesgebiet / Neue Länder;DF;Früheres Bundesgebiet;WZ08C7;WZ2008 (ausgewählte Positionen): Tarifindex;WZ08-01;Landwirtschaft, Jagd und verbundene Tätigkeiten;104,7;2020=100;VST072;Index d.tarifl. Stundenverdienste mit Sonderzahl.
62221;Vj. Index der Tarifverdienste und Arbeitszeiten;JAHR;Jahr;2022;DINSGF;Früheres Bundesgebiet / Neue Länder;DF;Früheres Bundesgebiet;WZ08C7;WZ2008 (ausgewählte Positionen): Tarifindex;WZ08-01;Landwirtschaft, Jagd und verbundene Tätigkeiten;104,7;2020=100;VST073;Index d.tarifl. Monatsverdienste mit Sonderzahl.
62221;Vj. Index der Tarifverdienste und Arbeitszeiten;JAHR;Jahr;2022;DINSGF;Früheres Bundesgebiet / Neue Länder;DF;Früheres Bundesgebiet;WZ08C7;WZ2008 (ausgewählte Positionen): Tarifindex;WZ08-01;Landwirtschaft, Jagd und verbundene Tätigkeiten;39,5;h;VST019;Durchschnittliche tarifliche Wochenarbeitszeit
62221;Vj. Index der Tarifverdienste und Arbeitszeiten;JAHR;Jahr;2022;DINSGF;Früheres Bundesgebiet / Neue Länder;DF;Früheres Bundesgebiet;WZ08C7;WZ2008 (ausgewählte Positionen): Tarifindex;WZ08-01;Landwirtschaft, Jagd und verbundene Tätigkeiten;104,5;2020=100;VST066;Index d.tarifl. Monatsverdienste ohne Sonderzahl.
62221;Vj. Index der Tarifverdienste und Arbeitszeiten;JAHR;Jahr;2022;DINSGF;Früheres Bundesgebiet / Neue Länder;DF;Früheres Bundesgebiet;WZ08C7;WZ2008 (ausgewählte Positionen): Tarifindex;WZ08-01;Landwirtschaft, Jagd und verbundene Tätigkeiten;100,0;2020=100;VST018;Index der tariflichen Wochenarbeitszeit
62221;Vj. Index der Tarifverdienste und Arbeitszeiten;JAHR;Jahr;2022;DINSGF;Früheres Bundesgebiet / Neue Länder;DF;Früheres Bundesgebiet;WZ08C7;WZ2008 (ausgewählte Positionen): Tarifindex;WZ08-01;Landwirtschaft, Jagd und verbundene Tätigkeiten;104,5;2020=100;VST065;Index d.tarifl. Stundenverdienste ohne Sonderzahl.
62221;Vj. Index der Tarifverdienste und Arbeitszeiten;JAHR;Jahr;2019;DINSGF;Früheres Bundesgebiet / Neue Länder;DN;Neue Länder;WZ08C7;WZ2008 (ausgewählte Positionen): Tarifindex;WZ08-58;Verlagswesen;98,2;2020=100;VST072;Index d.tarifl. Stundenverdienste mit Sonderzahl.
62221;Vj. Index der Tarifverdienste und Arbeitszeiten;JAHR;Jahr;2019;DINSGF;Früheres Bundesgebiet / Neue Länder;DN;Neue Länder;WZ08C7;WZ2008 (ausgewählte Positionen): Tarifindex;WZ08-58;Verlagswesen;98,2;2020=100;VST073;Index d.tarifl. Monatsverdienste mit Sonderzahl.
62221;Vj. Index der Tarifverdienste und Arbeitszeiten;JAHR;Jahr;2019;DINSGF;Früheres Bundesgebiet / Neue Länder;DN;Neue Länder;WZ08C7;WZ2008 (ausgewählte Positionen): Tarifindex;WZ08-58;Verlagswesen;36,4;h;VST019;Durchschnittliche tarifliche Wochenarbeitszeit
62221;Vj. Index der Tarifverdienste und Arbeitszeiten;JAHR;Jahr;2019;DINSGF;Früheres Bundesgebiet / Neue Länder;DN;Neue Länder;WZ08C7;WZ2008 (ausgewählte Positionen): Tarifindex;WZ08-58;Verlagswesen;98,5;2020=100;VST066;Index d.tarifl. Monatsverdienste ohne Sonderzahl.
62221;Vj. Index der Tarifverdienste und Arbeitszeiten;JAHR;Jahr;2019;DINSGF;Früheres Bundesgebiet / Neue Länder;DN;Neue Länder;WZ08C7;WZ2008 (ausgewählte Positionen): Tarifindex;WZ08-58;Verlagswesen;100,0;2020=100;VST018;Index der tariflichen Wochenarbeitszeit
62221;Vj. Index der Tarifverdienste und Arbeitszeiten;JAHR;Jahr;2019;DINSGF;Früheres Bundesgebiet / Neue Länder;DN;Neue Länder;WZ08C7;WZ2008 (ausgewählte Positionen): Tarifindex;WZ08-58;Verlagswesen;98,5;2020=100;VST065;Index d.tarifl. Stundenverdienste ohne Sonderzahl.
62221;Vj. Index der Tarifverdienste und Arbeitszeiten;JAHR;Jahr;2024;DINSGF;Früheres Bundesgebiet / Neue Länder;DN;Neue Länder;WZ08C7;WZ2008 (ausgewählte Positionen): Tarifindex;WZ08-01-01;Land- und Forstwirtschaft;112,0;2020=100;VST072;Index d.tarifl. Stundenverdienste mit Sonderzahl.
62221;Vj. Index der Tarifverdienste und Arbeitszeiten;JAHR;Jahr;2024;DINSGF;Früheres Bundesgebiet / Neue Länder;DN;Neue Länder;WZ08C7;WZ2008 (ausgewählte Positionen): Tarifindex;WZ08-01-01;Land- und Forstwirtschaft;112,0;2020=100;VST073;Index d.tarifl. Monatsverdienste mit Sonderzahl.
62221;Vj. Index der Tarifverdienste und Arbeitszeiten;JAHR;Jahr;2024;DINSGF;Früheres Bundesgebiet / Neue Länder;DN;Neue Länder;WZ08C7;WZ2008 (ausgewählte Positionen): Tarifindex;WZ08-01-01;Land- und Forstwirtschaft;39,8;h;VST019;Durchschnittliche tarifliche Wochenarbeitszeit
62221;Vj. Index der Tarifverdienste und Arbeitszeiten;JAHR;Jahr;2024;DINSGF;Früheres Bundesgebiet / Neue Länder;DN;Neue Länder;WZ08C7;WZ2008 (ausgewählte Positionen): Tarifindex;WZ08-01-01;Land- und Forstwirtschaft;109,6;2020=100;VST066;Index d.tarifl. Monatsverdienste ohne Sonderzahl.
62221;Vj. Index der Tarifverdienste und Arbeitszeiten;JAHR;Jahr;2024;DINSGF;Früheres Bundesgebiet / Neue Länder;DN;Neue Länder;WZ08C7;WZ2008 (ausgewählte Positionen): Tarifindex;WZ08-01-01;Land- und Forstwirtschaft;100,0;2020=100;VST018;Index der tariflichen Wochenarbeitszeit
62221;Vj. Index der Tarifverdienste und Arbeitszeiten;JAHR;Jahr;2024;DINSGF;Früheres Bundesgebiet / Neue Länder;DN;Neue Länder;WZ08C7;WZ2008 (ausgewählte Positionen): Tarifindex;WZ08-01-01;Land- und Forstwirtschaft;109,6;2020=100;VST065;Index d.tarifl. Stundenverdienste ohne Sonderzahl.
62221;Vj. Index der Tarifverdienste und Arbeitszeiten;JAHR;Jahr;2023;DINSGF;Früheres Bundesgebiet / Neue Länder;DF;Früheres Bundesgebiet;WZ08C7;WZ2008 (ausgewählte Positionen): Tarifindex;WZ08-85;Erziehung und Unterricht;105,2;2020=100;VST072;Index d.tarifl. Stundenverdienste mit Sonderzahl.
62221;Vj. Index der Tarifverdienste und Arbeitszeiten;JAHR;Jahr;2023;DINSGF;Früheres Bundesgebiet / Neue Länder;DF;Früheres Bundesgebiet;WZ08C7;WZ2008 (ausgewählte Positionen): Tarifindex;WZ08-85;Erziehung und Unterricht;105,2;2020=100;VST073;Index d.tarifl. Monatsverdienste mit Sonderzahl.
62221;Vj. Index der Tarifverdienste und Arbeitszeiten;JAHR;Jahr;2023;DINSGF;Früheres Bundesgebiet / Neue Länder;DF;Früheres Bundesgebiet;WZ08C7;WZ2008 (ausgewählte Positionen): Tarifindex;WZ08-85;Erziehung und Unterricht;40,1;h;VST019;Durchschnittliche tarifliche Wochenarbeitszeit
62221;Vj. Index der Tarifverdienste und Arbeitszeiten;JAHR;Jahr;2023;DINSGF;Früheres Bundesgebiet / Neue Länder;DF;Früheres Bundesgebiet;WZ08C7;WZ2008 (ausgewählte Positionen): Tarifindex;WZ08-85;Erziehung und Unterricht;104,5;2020=100;VST066;Index d.tarifl. Monatsverdienste ohne Sonderzahl.
62221;Vj. Index der Tarifverdienste und Arbeitszeiten;JAHR;Jahr;2023;DINSGF;Früheres Bundesgebiet / Neue Länder;DF;Früheres Bundesgebiet;WZ08C7;WZ2008 (ausgewählte Positionen): Tarifindex;WZ08-85;Erziehung und Unterricht;100,0;2020=100;VST018;Index der tariflichen Wochenarbeitszeit
62221;Vj. Index der Tarifverdienste und Arbeitszeiten;JAHR;Jahr;2023;DINSGF;Früheres Bundesgebiet / Neue Länder;DF;Früheres Bundesgebiet;WZ08C7;WZ2008 (ausgewählte Positionen): Tarifindex;WZ08-85;Erziehung und Unterricht;104,5;2020=100;VST065;Index d.tarifl. Stundenverdienste ohne Sonderzahl.
62221;Vj. Index der Tarifverdienste und Arbeitszeiten;JAHR;Jahr;2023;DINSGF;Früheres Bundesgebiet / Neue Länder;DF;Früheres Bundesgebiet;WZ08C7;WZ2008 (ausgewählte Positionen): Tarifindex;WZ08-88;Sozialwesen (ohne Heime);108,3;2020=100;VST072;Index d.tarifl. Stundenverdienste mit Sonderzahl.
62221;Vj. Index der Tarifverdienste und Arbeitszeiten;JAHR;Jahr;2023;DINSGF;Früheres Bundesgebiet / Neue Länder;DF;Früheres Bundesgebiet;WZ08C7;WZ2008 (ausgewählte Positionen): Tarifindex;WZ08-88;Sozialwesen (ohne Heime);108,3;2020=100;VST073;Index d.tarifl. Monatsverdienste mit Sonderzahl.
62221;Vj. Index der Tarifverdienste und Arbeitszeiten;JAHR;Jahr;2023;DINSGF;Früheres Bundesgebiet / Neue Länder;DF;Früheres Bundesgebiet;WZ08C7;WZ2008 (ausgewählte Positionen): Tarifindex;WZ08-88;Sozialwesen (ohne Heime);39,1;h;VST019;Durchschnittliche tarifliche Wochenarbeitszeit
62221;Vj. Index der Tarifverdienste und Arbeitszeiten;JAHR;Jahr;2023;DINSGF;Früheres Bundesgebiet / Neue Länder;DF;Früheres Bundesgebiet;WZ08C7;WZ2008 (ausgewählte Positionen): Tarifindex;WZ08-88;Sozialwesen (ohne Heime);105,8;2020=100;VST066;Index d.tarifl. Monatsverdienste ohne Sonderzahl.
62221;Vj. Index der Tarifverdienste und Arbeitszeiten;JAHR;Jahr;2023;DINSGF;Früheres Bundesgebiet / Neue Länder;DF;Früheres Bundesgebiet;WZ08C7;WZ2008 (ausgewählte Positionen): Tarifindex;WZ08-88;Sozialwesen (ohne Heime);100,0;2020=100;VST018;Index der tariflichen Wochenarbeitszeit
62221;Vj. Index der Tarifverdienste und Arbeitszeiten;JAHR;Jahr;2023;DINSGF;Früheres Bundesgebiet / Neue Länder;DF;Früheres Bundesgebiet;WZ08C7;WZ2008 (ausgewählte Positionen): Tarifindex;WZ08-88;Sozialwesen (ohne Heime);105,7;2020=100;VST065;Index d.tarifl. Stundenverdienste ohne Sonderzahl.
62221;Vj. Index der Tarifverdienste und Arbeitszeiten;JAHR;Jahr;2020;DINSGF;Früheres Bundesgebiet / Neue Länder;DN;Neue Länder;WZ08C7;WZ2008 (ausgewählte Positionen): Tarifindex;WZ08-81;Gebäudebetreuung, Garten- und Landschaftsbau;100,0;2020=100;VST072;Index d.tarifl. Stundenverdienste mit Sonderzahl.
62221;Vj. Index der Tarifverdienste und Arbeitszeiten;JAHR;Jahr;2020;DINSGF;Früheres Bundesgebiet / Neue Länder;DN;Neue Länder;WZ08C7;WZ2008 (ausgewählte Positionen): Tarifindex;WZ08-81;Gebäudebetreuung, Garten- und Landschaftsbau;100,0;2020=100;VST073;Index d.tarifl. Monatsverdienste mit Sonderzahl.
62221;Vj. Index der Tarifverdienste und Arbeitszeiten;JAHR;Jahr;2020;DINSGF;Früheres Bundesgebiet / Neue Länder;DN;Neue Länder;WZ08C7;WZ2008 (ausgewählte Positionen): Tarifindex;WZ08-81;Gebäudebetreuung, Garten- und Landschaftsbau;39,0;h;VST019;Durchschnittliche tarifliche Wochenarbeitszeit
62221;Vj. Index der Tarifverdienste und Arbeitszeiten;JAHR;Jahr;2020;DINSGF;Früheres Bundesgebiet / Neue Länder;DN;Neue Länder;WZ08C7;WZ2008 (ausgewählte Positionen): Tarifindex;WZ08-81;Gebäudebetreuung, Garten- und Landschaftsbau;100,0;2020=100;VST066;Index d.tarifl. Monatsverdienste ohne Sonderzahl.
62221;Vj. Index der Tarifverdienste und Arbeitszeiten;JAHR;Jahr;2020;DINSGF;Früheres Bundesgebiet / Neue Länder;DN;Neue Länder;WZ08C7;WZ2008 (ausgewählte Positionen): Tarifindex;WZ08-81;Gebäudebetreuung, Garten- und Landschaftsbau;100,0;2020=100;VST018;Index der tariflichen Wochenarbeitszeit
62221;Vj. Index der Tarifverdienste und Arbeitszeiten;JAHR;Jahr;2020;DINSGF;Früheres Bundesgebiet / Neue Länder;DN;Neue Länder;WZ08C7;WZ2008 (ausgewählte Positionen): Tarifindex;WZ08-81;Gebäudebetreuung, Garten- und Landschaftsbau;100,0;2020=100;VST065;Index d.tarifl. Stundenverdienste ohne Sonderzahl.
62221;Vj. Index der Tarifverdienste und Arbeitszeiten;JAHR;Jahr;2016;DINSGF;Früheres Bundesgebiet / Neue Länder;DF;Früheres Bundesgebiet;WZ08C7;WZ2008 (ausgewählte Positionen): Tarifindex;WZ08-N;Sonstige wirtschaftliche Dienstleistungen;89,7;2020=100;VST072;Index d.tarifl. Stundenverdienste mit Sonderzahl.
62221;Vj. Index der Tarifverdienste und Arbeitszeiten;JAHR;Jahr;2016;DINSGF;Früheres Bundesgebiet / Neue Länder;DF;Früheres Bundesgebiet;WZ08C7;WZ2008 (ausgewählte Positionen): Tarifindex;WZ08-N;Sonstige wirtschaftliche Dienstleistungen;89,7;2020=100;VST073;Index d.tarifl. Monatsverdienste mit Sonderzahl.
62221;Vj. Index der Tarifverdienste und Arbeitszeiten;JAHR;Jahr;2016;DINSGF;Früheres Bundesgebiet / Neue Länder;DF;Früheres Bundesgebiet;WZ08C7;WZ2008 (ausgewählte Positionen): Tarifindex;WZ08-N;Sonstige wirtschaftliche Dienstleistungen;36,9;h;VST019;Durchschnittliche tarifliche Wochenarbeitszeit
62221;Vj. Index der Tarifverdienste und Arbeitszeiten;JAHR;Jahr;2016;DINSGF;Früheres Bundesgebiet / Neue Länder;DF;Früheres Bundesgebiet;WZ08C7;WZ2008 (ausgewählte Positionen): Tarifindex;WZ08-N;Sonstige wirtschaftliche Dienstleistungen;89,8;2020=100;VST066;Index d.tarifl. Monatsverdienste ohne Sonderzahl.
62221;Vj. Index der Tarifverdienste und Arbeitszeiten;JAHR;Jahr;2016;DINSGF;Früheres Bundesgebiet / Neue Länder;DF;Früheres Bundesgebiet;WZ08C7;WZ2008 (ausgewählte Positionen): Tarifindex;WZ08-N;Sonstige wirtschaftliche Dienstleistungen;100,0;2020=100;VST018;Index der tariflichen Wochenarbeitszeit
62221;Vj. Index der Tarifverdienste und Arbeitszeiten;JAHR;Jahr;2016;DINSGF;Früheres Bundesgebiet / Neue Länder;DF;Früheres Bundesgebiet;WZ08C7;WZ2008 (ausgewählte Positionen): Tarifindex;WZ08-N;Sonstige wirtschaftliche Dienstleistungen;89,8;2020=100;VST065;Index d.tarifl. Stundenverdienste ohne Sonderzahl.
62221;Vj. Index der Tarifverdienste und Arbeitszeiten;JAHR;Jahr;2020;DINSGF;Früheres Bundesgebiet / Neue Länder;DF;Früheres Bundesgebiet;WZ08C7;WZ2008 (ausgewählte Positionen): Tarifindex;WZ08-H-01;Verkehr und Lagerei, Information und Kommunikation;100,0;2020=100;VST072;Index d.tarifl. Stundenverdienste mit Sonderzahl.
62221;Vj. Index der Tarifverdienste und Arbeitszeiten;JAHR;Jahr;2020;DINSGF;Früheres Bundesgebiet / Neue Länder;DF;Früheres Bundesgebiet;WZ08C7;WZ2008 (ausgewählte Positionen): Tarifindex;WZ08-H-01;Verkehr und Lagerei, Information und Kommunikation;100,0;2020=100;VST073;Index d.tarifl. Monatsverdienste mit Sonderzahl.
62221;Vj. Index der Tarifverdienste und Arbeitszeiten;JAHR;Jahr;2020;DINSGF;Früheres Bundesgebiet / Neue Länder;DF;Früheres Bundesgebiet;WZ08C7;WZ2008 (ausgewählte Positionen): Tarifindex;WZ08-H-01;Verkehr und Lagerei, Information und Kommunikation;38,7;h;VST019;Durchschnittliche tarifliche Wochenarbeitszeit
62221;Vj. Index der Tarifverdienste und Arbeitszeiten;JAHR;Jahr;2020;DINSGF;Früheres Bundesgebiet / Neue Länder;DF;Früheres Bundesgebiet;WZ08C7;WZ2008 (ausgewählte Positionen): Tarifindex;WZ08-H-01;Verkehr und Lagerei, Information und Kommunikation;100,0;2020=100;VST066;Index d.tarifl. Monatsverdienste ohne Sonderzahl.
62221;Vj. Index der Tarifverdienste und Arbeitszeiten;JAHR;Jahr;2020;DINSGF;Früheres Bundesgebiet / Neue Länder;DF;Früheres Bundesgebiet;WZ08C7;WZ2008 (ausgewählte Positionen): Tarifindex;WZ08-H-01;Verkehr und Lagerei, Information und Kommunikation;100,0;2020=100;VST018;Index der tariflichen Wochenarbeitszeit
62221;Vj. Index der Tarifverdienste und Arbeitszeiten;JAHR;Jahr;2020;DINSGF;Früheres Bundesgebiet / Neue Länder;DF;Früheres Bundesgebiet;WZ08C7;WZ2008 (ausgewählte Positionen): Tarifindex;WZ08-H-01;Verkehr und Lagerei, Information und Kommunikation;100,0;2020=100;VST065;Index d.tarifl. Stundenverdienste ohne Sonderzahl.
62221;Vj. Index der Tarifverdienste und Arbeitszeiten;JAHR;Jahr;2016;DINSGF;Früheres Bundesgebiet / Neue Länder;DN;Neue Länder;WZ08C7;WZ2008 (ausgewählte Positionen): Tarifindex;WZ08-24-02;Metall- und Elektroindustrie;90,4;2020=100;VST072;Index d.tarifl. Stundenverdienste mit Sonderzahl.
62221;Vj. Index der Tarifverdienste und Arbeitszeiten;JAHR;Jahr;2016;DINSGF;Früheres Bundesgebiet / Neue Länder;DN;Neue Länder;WZ08C7;WZ2008 (ausgewählte Positionen): Tarifindex;WZ08-24-02;Metall- und Elektroindustrie;90,4;2020=100;VST073;Index d.tarifl. Monatsverdienste mit Sonderzahl.
62221;Vj. Index der Tarifverdienste und Arbeitszeiten;JAHR;Jahr;2016;DINSGF;Früheres Bundesgebiet / Neue Länder;DN;Neue Länder;WZ08C7;WZ2008 (ausgewählte Positionen): Tarifindex;WZ08-24-02;Metall- und Elektroindustrie;37,6;h;VST019;Durchschnittliche tarifliche Wochenarbeitszeit
62221;Vj. Index der Tarifverdienste und Arbeitszeiten;JAHR;Jahr;2016;DINSGF;Früheres Bundesgebiet / Neue Länder;DN;Neue Länder;WZ08C7;WZ2008 (ausgewählte Positionen): Tarifindex;WZ08-24-02;Metall- und Elektroindustrie;92,5;2020=100;VST066;Index d.tarifl. Monatsverdienste ohne Sonderzahl.
62221;Vj. Index der Tarifverdienste und Arbeitszeiten;JAHR;Jahr;2016;DINSGF;Früheres Bundesgebiet / Neue Länder;DN;Neue Länder;WZ08C7;WZ2008 (ausgewählte Positionen): Tarifindex;WZ08-24-02;Metall- und Elektroindustrie;100,0;2020=100;VST018;Index der tariflichen Wochenarbeitszeit
62221;Vj. Index der Tarifverdienste und Arbeitszeiten;JAHR;Jahr;2016;DINSGF;Früheres Bundesgebiet / Neue Länder;DN;Neue Länder;WZ08C7;WZ2008 (ausgewählte Positionen): Tarifindex;WZ08-24-02;Metall- und Elektroindustrie;92,4;2020=100;VST065;Index d.tarifl. Stundenverdienste ohne Sonderzahl.
62221;Vj. Index der Tarifverdienste und Arbeitszeiten;JAHR;Jahr;2019;DINSGF;Früheres Bundesgebiet / Neue Länder;DN;Neue Länder;WZ08C7;WZ2008 (ausgewählte Positionen): Tarifindex;WZ08-E;Wasserversorg.,Entsorg.,Beseitig.v.Umweltverschm.;97,7;2020=100;VST072;Index d.tarifl. Stundenverdienste mit Sonderzahl.
62221;Vj. Index der Tarifverdienste und Arbeitszeiten;JAHR;Jahr;2019;DINSGF;Früheres Bundesgebiet / Neue Länder;DN;Neue Länder;WZ08C7;WZ2008 (ausgewählte Positionen): Tarifindex;WZ08-E;Wasserversorg.,Entsorg.,Beseitig.v.Umweltverschm.;97,7;2020=100;VST073;Index d.tarifl. Monatsverdienste mit Sonderzahl.
62221;Vj. Index der Tarifverdienste und Arbeitszeiten;JAHR;Jahr;2019;DINSGF;Früheres Bundesgebiet / Neue Länder;DN;Neue Länder;WZ08C7;WZ2008 (ausgewählte Positionen): Tarifindex;WZ08-E;Wasserversorg.,Entsorg.,Beseitig.v.Umweltverschm.;39,0;h;VST019;Durchschnittliche tarifliche Wochenarbeitszeit
62221;Vj. Index der Tarifverdienste und Arbeitszeiten;JAHR;Jahr;2019;DINSGF;Früheres Bundesgebiet / Neue Länder;DN;Neue Länder;WZ08C7;WZ2008 (ausgewählte Positionen): Tarifindex;WZ08-E;Wasserversorg.,Entsorg.,Beseitig.v.Umweltverschm.;98,4;2020=100;VST066;Index d.tarifl. Monatsverdienste ohne Sonderzahl.
62221;Vj. Index der Tarifverdienste und Arbeitszeiten;JAHR;Jahr;2019;DINSGF;Früheres Bundesgebiet / Neue Länder;DN;Neue Länder;WZ08C7;WZ2008 (ausgewählte Positionen): Tarifindex;WZ08-E;Wasserversorg.,Entsorg.,Beseitig.v.Umweltverschm.;100,0;2020=100;VST018;Index der tariflichen Wochenarbeitszeit
62221;Vj. Index der Tarifverdienste und Arbeitszeiten;JAHR;Jahr;2019;DINSGF;Früheres Bundesgebiet / Neue Länder;DN;Neue Länder;WZ08C7;WZ2008 (ausgewählte Positionen): Tarifindex;WZ08-E;Wasserversorg.,Entsorg.,Beseitig.v.Umweltverschm.;98,4;2020=100;VST065;Index d.tarifl. Stundenverdienste ohne Sonderzahl.
62221;Vj. Index der Tarifverdienste und Arbeitszeiten;JAHR;Jahr;2019;DINSGF;Früheres Bundesgebiet / Neue Länder;DN;Neue Länder;WZ08C7;WZ2008 (ausgewählte Positionen): Tarifindex;WZ08-28;Maschinenbau;99,9;2020=100;VST072;Index d.tarifl. Stundenverdienste mit Sonderzahl.
62221;Vj. Index der Tarifverdienste und Arbeitszeiten;JAHR;Jahr;2019;DINSGF;Früheres Bundesgebiet / Neue Länder;DN;Neue Länder;WZ08C7;WZ2008 (ausgewählte Positionen): Tarifindex;WZ08-28;Maschinenbau;100,0;2020=100;VST073;Index d.tarifl. Monatsverdienste mit Sonderzahl.
62221;Vj. Index der Tarifverdienste und Arbeitszeiten;JAHR;Jahr;2019;DINSGF;Früheres Bundesgebiet / Neue Länder;DN;Neue Länder;WZ08C7;WZ2008 (ausgewählte Positionen): Tarifindex;WZ08-28;Maschinenbau;37,9;h;VST019;Durchschnittliche tarifliche Wochenarbeitszeit
62221;Vj. Index der Tarifverdienste und Arbeitszeiten;JAHR;Jahr;2019;DINSGF;Früheres Bundesgebiet / Neue Länder;DN;Neue Länder;WZ08C7;WZ2008 (ausgewählte Positionen): Tarifindex;WZ08-28;Maschinenbau;99,9;2020=100;VST066;Index d.tarifl. Monatsverdienste ohne Sonderzahl.
62221;Vj. Index der Tarifverdienste und Arbeitszeiten;JAHR;Jahr;2019;DINSGF;Früheres Bundesgebiet / Neue Länder;DN;Neue Länder;WZ08C7;WZ2008 (ausgewählte Positionen): Tarifindex;WZ08-28;Maschinenbau;100,0;2020=100;VST018;Index der tariflichen Wochenarbeitszeit
62221;Vj. Index der Tarifverdienste und Arbeitszeiten;JAHR;Jahr;2019;DINSGF;Früheres Bundesgebiet / Neue Länder;DN;Neue Länder;WZ08C7;WZ2008 (ausgewählte Positionen): Tarifindex;WZ08-28;Maschinenbau;99,9;2020=100;VST065;Index d.tarifl. Stundenverdienste ohne Sonderzahl.
62221;Vj. Index der Tarifverdienste und Arbeitszeiten;JAHR;Jahr;2020;DINSGF;Früheres Bundesgebiet / Neue Länder;DN;Neue Länder;WZ08C7;WZ2008 (ausgewählte Positionen): Tarifindex;WZ08-84;Öff. Verwaltung, Verteidigung, Sozialversicherung;100,0;2020=100;VST072;Index d.tarifl. Stundenverdienste mit Sonderzahl.
62221;Vj. Index der Tarifverdienste und Arbeitszeiten;JAHR;Jahr;2020;DINSGF;Früheres Bundesgebiet / Neue Länder;DN;Neue Länder;WZ08C7;WZ2008 (ausgewählte Positionen): Tarifindex;WZ08-84;Öff. Verwaltung, Verteidigung, Sozialversicherung;100,0;2020=100;VST073;Index d.tarifl. Monatsverdienste mit Sonderzahl.
62221;Vj. Index der Tarifverdienste und Arbeitszeiten;JAHR;Jahr;2020;DINSGF;Früheres Bundesgebiet / Neue Länder;DN;Neue Länder;WZ08C7;WZ2008 (ausgewählte Positionen): Tarifindex;WZ08-84;Öff. Verwaltung, Verteidigung, Sozialversicherung;39,8;h;VST019;Durchschnittliche tarifliche Wochenarbeitszeit
62221;Vj. Index der Tarifverdienste und Arbeitszeiten;JAHR;Jahr;2020;DINSGF;Früheres Bundesgebiet / Neue Länder;DN;Neue Länder;WZ08C7;WZ2008 (ausgewählte Positionen): Tarifindex;WZ08-84;Öff. Verwaltung, Verteidigung, Sozialversicherung;100,0;2020=100;VST066;Index d.tarifl. Monatsverdienste ohne Sonderzahl.
62221;Vj. Index der Tarifverdienste und Arbeitszeiten;JAHR;Jahr;2020;DINSGF;Früheres Bundesgebiet / Neue Länder;DN;Neue Länder;WZ08C7;WZ2008 (ausgewählte Positionen): Tarifindex;WZ08-84;Öff. Verwaltung, Verteidigung, Sozialversicherung;100,0;2020=100;VST018;Index der tariflichen Wochenarbeitszeit
62221;Vj. Index der Tarifverdienste und Arbeitszeiten;JAHR;Jahr;2020;DINSGF;Früheres Bundesgebiet / Neue Länder;DN;Neue Länder;WZ08C7;WZ2008 (ausgewählte Positionen): Tarifindex;WZ08-84;Öff. Verwaltung, Verteidigung, Sozialversicherung;100,0;2020=100;VST065;Index d.tarifl. Stundenverdienste ohne Sonderzahl.
62221;Vj. Index der Tarifverdienste und Arbeitszeiten;JAHR;Jahr;2022;DINSGF;Früheres Bundesgebiet / Neue Länder;DF;Früheres Bundesgebiet;WZ08C7;WZ2008 (ausgewählte Positionen): Tarifindex;WZ08-F;Baugewerbe;106,1;2020=100;VST072;Index d.tarifl. Stundenverdienste mit Sonderzahl.
62221;Vj. Index der Tarifverdienste und Arbeitszeiten;JAHR;Jahr;2022;DINSGF;Früheres Bundesgebiet / Neue Länder;DF;Früheres Bundesgebiet;WZ08C7;WZ2008 (ausgewählte Positionen): Tarifindex;WZ08-F;Baugewerbe;106,0;2020=100;VST073;Index d.tarifl. Monatsverdienste mit Sonderzahl.
62221;Vj. Index der Tarifverdienste und Arbeitszeiten;JAHR;Jahr;2022;DINSGF;Früheres Bundesgebiet / Neue Länder;DF;Früheres Bundesgebiet;WZ08C7;WZ2008 (ausgewählte Positionen): Tarifindex;WZ08-F;Baugewerbe;39,4;h;VST019;Durchschnittliche tarifliche Wochenarbeitszeit
62221;Vj. Index der Tarifverdienste und Arbeitszeiten;JAHR;Jahr;2022;DINSGF;Früheres Bundesgebiet / Neue Länder;DF;Früheres Bundesgebiet;WZ08C7;WZ2008 (ausgewählte Positionen): Tarifindex;WZ08-F;Baugewerbe;105,1;2020=100;VST066;Index d.tarifl. Monatsverdienste ohne Sonderzahl.
62221;Vj. Index der Tarifverdienste und Arbeitszeiten;JAHR;Jahr;2022;DINSGF;Früheres Bundesgebiet / Neue Länder;DF;Früheres Bundesgebiet;WZ08C7;WZ2008 (ausgewählte Positionen): Tarifindex;WZ08-F;Baugewerbe;100,0;2020=100;VST018;Index der tariflichen Wochenarbeitszeit
62221;Vj. Index der Tarifverdienste und Arbeitszeiten;JAHR;Jahr;2022;DINSGF;Früheres Bundesgebiet / Neue Länder;DF;Früheres Bundesgebiet;WZ08C7;WZ2008 (ausgewählte Positionen): Tarifindex;WZ08-F;Baugewerbe;105,1;2020=100;VST065;Index d.tarifl. Stundenverdienste ohne Sonderzahl.
62221;Vj. Index der Tarifverdienste und Arbeitszeiten;JAHR;Jahr;2022;DINSGF;Früheres Bundesgebiet / Neue Länder;DF;Früheres Bundesgebiet;WZ08C7;WZ2008 (ausgewählte Positionen): Tarifindex;WZ08-14;Herstellung von Bekleidung;103,3;2020=100;VST072;Index d.tarifl. Stundenverdienste mit Sonderzahl.
62221;Vj. Index der Tarifverdienste und Arbeitszeiten;JAHR;Jahr;2022;DINSGF;Früheres Bundesgebiet / Neue Länder;DF;Früheres Bundesgebiet;WZ08C7;WZ2008 (ausgewählte Positionen): Tarifindex;WZ08-14;Herstellung von Bekleidung;103,3;2020=100;VST073;Index d.tarifl. Monatsverdienste mit Sonderzahl.
62221;Vj. Index der Tarifverdienste und Arbeitszeiten;JAHR;Jahr;2022;DINSGF;Früheres Bundesgebiet / Neue Länder;DF;Früheres Bundesgebiet;WZ08C7;WZ2008 (ausgewählte Positionen): Tarifindex;WZ08-14;Herstellung von Bekleidung;37,0;h;VST019;Durchschnittliche tarifliche Wochenarbeitszeit
62221;Vj. Index der Tarifverdienste und Arbeitszeiten;JAHR;Jahr;2022;DINSGF;Früheres Bundesgebiet / Neue Länder;DF;Früheres Bundesgebiet;WZ08C7;WZ2008 (ausgewählte Positionen): Tarifindex;WZ08-14;Herstellung von Bekleidung;103,1;2020=100;VST066;Index d.tarifl. Monatsverdienste ohne Sonderzahl.
62221;Vj. Index der Tarifverdienste und Arbeitszeiten;JAHR;Jahr;2022;DINSGF;Früheres Bundesgebiet / Neue Länder;DF;Früheres Bundesgebiet;WZ08C7;WZ2008 (ausgewählte Positionen): Tarifindex;WZ08-14;Herstellung von Bekleidung;100,0;2020=100;VST018;Index der tariflichen Wochenarbeitszeit
62221;Vj. Index der Tarifverdienste und Arbeitszeiten;JAHR;Jahr;2022;DINSGF;Früheres Bundesgebiet / Neue Länder;DF;Früheres Bundesgebiet;WZ08C7;WZ2008 (ausgewählte Positionen): Tarifindex;WZ08-14;Herstellung von Bekleidung;103,1;2020=100;VST065;Index d.tarifl. Stundenverdienste ohne Sonderzahl.
62221;Vj. Index der Tarifverdienste und Arbeitszeiten;JAHR;Jahr;2020;DINSGF;Früheres Bundesgebiet / Neue Länder;DN;Neue Länder;WZ08C7;WZ2008 (ausgewählte Positionen): Tarifindex;WZ08-66;Mit Finanz- u. Versicherungsdienstl. verb. Tätigk.;100,0;2020=100;VST072;Index d.tarifl. Stundenverdienste mit Sonderzahl.
62221;Vj. Index der Tarifverdienste und Arbeitszeiten;JAHR;Jahr;2020;DINSGF;Früheres Bundesgebiet / Neue Länder;DN;Neue Länder;WZ08C7;WZ2008 (ausgewählte Positionen): Tarifindex;WZ08-66;Mit Finanz- u. Versicherungsdienstl. verb. Tätigk.;100,0;2020=100;VST073;Index d.tarifl. Monatsverdienste mit Sonderzahl.
62221;Vj. Index der Tarifverdienste und Arbeitszeiten;JAHR;Jahr;2020;DINSGF;Früheres Bundesgebiet / Neue Länder;DN;Neue Länder;WZ08C7;WZ2008 (ausgewählte Positionen): Tarifindex;WZ08-66;Mit Finanz- u. Versicherungsdienstl. verb. Tätigk.;38,1;h;VST019;Durchschnittliche tarifliche Wochenarbeitszeit
62221;Vj. Index der Tarifverdienste und Arbeitszeiten;JAHR;Jahr;2020;DINSGF;Früheres Bundesgebiet / Neue Länder;DN;Neue Länder;WZ08C7;WZ2008 (ausgewählte Positionen): Tarifindex;WZ08-66;Mit Finanz- u. Versicherungsdienstl. verb. Tätigk.;100,0;2020=100;VST066;Index d.tarifl. Monatsverdienste ohne Sonderzahl.
62221;Vj. Index der Tarifverdienste und Arbeitszeiten;JAHR;Jahr;2020;DINSGF;Früheres Bundesgebiet / Neue Länder;DN;Neue Länder;WZ08C7;WZ2008 (ausgewählte Positionen): Tarifindex;WZ08-66;Mit Finanz- u. Versicherungsdienstl. verb. Tätigk.;100,0;2020=100;VST018;Index der tariflichen Wochenarbeitszeit
62221;Vj. Index der Tarifverdienste und Arbeitszeiten;JAHR;Jahr;2020;DINSGF;Früheres Bundesgebiet / Neue Länder;DN;Neue Länder;WZ08C7;WZ2008 (ausgewählte Positionen): Tarifindex;WZ08-66;Mit Finanz- u. Versicherungsdienstl. verb. Tätigk.;100,0;2020=100;VST065;Index d.tarifl. Stundenverdienste ohne Sonderzahl.
62221;Vj. Index der Tarifverdienste und Arbeitszeiten;JAHR;Jahr;2019;DINSGF;Früheres Bundesgebiet / Neue Länder;DN;Neue Länder;WZ08C7;WZ2008 (ausgewählte Positionen): Tarifindex;WZ08-31;Herstellung von Möbeln;97,8;2020=100;VST072;Index d.tarifl. Stundenverdienste mit Sonderzahl.
62221;Vj. Index der Tarifverdienste und Arbeitszeiten;JAHR;Jahr;2019;DINSGF;Früheres Bundesgebiet / Neue Länder;DN;Neue Länder;WZ08C7;WZ2008 (ausgewählte Positionen): Tarifindex;WZ08-31;Herstellung von Möbeln;98,3;2020=100;VST073;Index d.tarifl. Monatsverdienste mit Sonderzahl.
62221;Vj. Index der Tarifverdienste und Arbeitszeiten;JAHR;Jahr;2019;DINSGF;Früheres Bundesgebiet / Neue Länder;DN;Neue Länder;WZ08C7;WZ2008 (ausgewählte Positionen): Tarifindex;WZ08-31;Herstellung von Möbeln;38,9;h;VST019;Durchschnittliche tarifliche Wochenarbeitszeit
62221;Vj. Index der Tarifverdienste und Arbeitszeiten;JAHR;Jahr;2019;DINSGF;Früheres Bundesgebiet / Neue Länder;DN;Neue Länder;WZ08C7;WZ2008 (ausgewählte Positionen): Tarifindex;WZ08-31;Herstellung von Möbeln;98,8;2020=100;VST066;Index d.tarifl. Monatsverdienste ohne Sonderzahl.
62221;Vj. Index der Tarifverdienste und Arbeitszeiten;JAHR;Jahr;2019;DINSGF;Früheres Bundesgebiet / Neue Länder;DN;Neue Länder;WZ08C7;WZ2008 (ausgewählte Positionen): Tarifindex;WZ08-31;Herstellung von Möbeln;100,4;2020=100;VST018;Index der tariflichen Wochenarbeitszeit
62221;Vj. Index der Tarifverdienste und Arbeitszeiten;JAHR;Jahr;2019;DINSGF;Früheres Bundesgebiet / Neue Länder;DN;Neue Länder;WZ08C7;WZ2008 (ausgewählte Positionen): Tarifindex;WZ08-31;Herstellung von Möbeln;98,5;2020=100;VST065;Index d.tarifl. Stundenverdienste ohne Sonderzahl.
62221;Vj. Index der Tarifverdienste und Arbeitszeiten;JAHR;Jahr;2022;DINSGF;Früheres Bundesgebiet / Neue Länder;DF;Früheres Bundesgebiet;WZ08C7;WZ2008 (ausgewählte Positionen): Tarifindex;WZ08-I;Gastgewerbe;108,8;2020=100;VST072;Index d.tarifl. Stundenverdienste mit Sonderzahl.
62221;Vj. Index der Tarifverdienste und Arbeitszeiten;JAHR;Jahr;2022;DINSGF;Früheres Bundesgebiet / Neue Länder;DF;Früheres Bundesgebiet;WZ08C7;WZ2008 (ausgewählte Positionen): Tarifindex;WZ08-I;Gastgewerbe;108,8;2020=100;VST073;Index d.tarifl. Monatsverdienste mit Sonderzahl.
62221;Vj. Index der Tarifverdienste und Arbeitszeiten;JAHR;Jahr;2022;DINSGF;Früheres Bundesgebiet / Neue Länder;DF;Früheres Bundesgebiet;WZ08C7;WZ2008 (ausgewählte Positionen): Tarifindex;WZ08-I;Gastgewerbe;39,0;h;VST019;Durchschnittliche tarifliche Wochenarbeitszeit
62221;Vj. Index der Tarifverdienste und Arbeitszeiten;JAHR;Jahr;2022;DINSGF;Früheres Bundesgebiet / Neue Länder;DF;Früheres Bundesgebiet;WZ08C7;WZ2008 (ausgewählte Positionen): Tarifindex;WZ08-I;Gastgewerbe;108,8;2020=100;VST066;Index d.tarifl. Monatsverdienste ohne Sonderzahl.
62221;Vj. Index der Tarifverdienste und Arbeitszeiten;JAHR;Jahr;2022;DINSGF;Früheres Bundesgebiet / Neue Länder;DF;Früheres Bundesgebiet;WZ08C7;WZ2008 (ausgewählte Positionen): Tarifindex;WZ08-I;Gastgewerbe;100,0;2020=100;VST018;Index der tariflichen Wochenarbeitszeit
62221;Vj. Index der Tarifverdienste und Arbeitszeiten;JAHR;Jahr;2022;DINSGF;Früheres Bundesgebiet / Neue Länder;DF;Früheres Bundesgebiet;WZ08C7;WZ2008 (ausgewählte Positionen): Tarifindex;WZ08-I;Gastgewerbe;108,8;2020=100;VST065;Index d.tarifl. Stundenverdienste ohne Sonderzahl.
62221;Vj. Index der Tarifverdienste und Arbeitszeiten;JAHR;Jahr;2019;DINSGF;Früheres Bundesgebiet / Neue Länder;DN;Neue Länder;WZ08C7;WZ2008 (ausgewählte Positionen): Tarifindex;WZ08-H-01;Verkehr und Lagerei, Information und Kommunikation;97,5;2020=100;VST072;Index d.tarifl. Stundenverdienste mit Sonderzahl.
62221;Vj. Index der Tarifverdienste und Arbeitszeiten;JAHR;Jahr;2019;DINSGF;Früheres Bundesgebiet / Neue Länder;DN;Neue Länder;WZ08C7;WZ2008 (ausgewählte Positionen): Tarifindex;WZ08-H-01;Verkehr und Lagerei, Information und Kommunikation;97,6;2020=100;VST073;Index d.tarifl. Monatsverdienste mit Sonderzahl.
62221;Vj. Index der Tarifverdienste und Arbeitszeiten;JAHR;Jahr;2019;DINSGF;Früheres Bundesgebiet / Neue Länder;DN;Neue Länder;WZ08C7;WZ2008 (ausgewählte Positionen): Tarifindex;WZ08-H-01;Verkehr und Lagerei, Information und Kommunikation;38,9;h;VST019;Durchschnittliche tarifliche Wochenarbeitszeit
62221;Vj. Index der Tarifverdienste und Arbeitszeiten;JAHR;Jahr;2019;DINSGF;Früheres Bundesgebiet / Neue Länder;DN;Neue Länder;WZ08C7;WZ2008 (ausgewählte Positionen): Tarifindex;WZ08-H-01;Verkehr und Lagerei, Information und Kommunikation;97,5;2020=100;VST066;Index d.tarifl. Monatsverdienste ohne Sonderzahl.
62221;Vj. Index der Tarifverdienste und Arbeitszeiten;JAHR;Jahr;2019;DINSGF;Früheres Bundesgebiet / Neue Länder;DN;Neue Länder;WZ08C7;WZ2008 (ausgewählte Positionen): Tarifindex;WZ08-H-01;Verkehr und Lagerei, Information und Kommunikation;100,0;2020=100;VST018;Index der tariflichen Wochenarbeitszeit
62221;Vj. Index der Tarifverdienste und Arbeitszeiten;JAHR;Jahr;2019;DINSGF;Früheres Bundesgebiet / Neue Länder;DN;Neue Länder;WZ08C7;WZ2008 (ausgewählte Positionen): Tarifindex;WZ08-H-01;Verkehr und Lagerei, Information und Kommunikation;97,5;2020=100;VST065;Index d.tarifl. Stundenverdienste ohne Sonderzahl.
62221;Vj. Index der Tarifverdienste und Arbeitszeiten;JAHR;Jahr;2016;DINSGF;Früheres Bundesgebiet / Neue Länder;DF;Früheres Bundesgebiet;WZ08C7;WZ2008 (ausgewählte Positionen): Tarifindex;WZ08-B;Bergbau und Gewinnung von Steinen und Erden;91,3;2020=100;VST072;Index d.tarifl. Stundenverdienste mit Sonderzahl.
62221;Vj. Index der Tarifverdienste und Arbeitszeiten;JAHR;Jahr;2016;DINSGF;Früheres Bundesgebiet / Neue Länder;DF;Früheres Bundesgebiet;WZ08C7;WZ2008 (ausgewählte Positionen): Tarifindex;WZ08-B;Bergbau und Gewinnung von Steinen und Erden;91,3;2020=100;VST073;Index d.tarifl. Monatsverdienste mit Sonderzahl.
62221;Vj. Index der Tarifverdienste und Arbeitszeiten;JAHR;Jahr;2016;DINSGF;Früheres Bundesgebiet / Neue Länder;DF;Früheres Bundesgebiet;WZ08C7;WZ2008 (ausgewählte Positionen): Tarifindex;WZ08-B;Bergbau und Gewinnung von Steinen und Erden;38,5;h;VST019;Durchschnittliche tarifliche Wochenarbeitszeit
62221;Vj. Index der Tarifverdienste und Arbeitszeiten;JAHR;Jahr;2016;DINSGF;Früheres Bundesgebiet / Neue Länder;DF;Früheres Bundesgebiet;WZ08C7;WZ2008 (ausgewählte Positionen): Tarifindex;WZ08-B;Bergbau und Gewinnung von Steinen und Erden;92,2;2020=100;VST066;Index d.tarifl. Monatsverdienste ohne Sonderzahl.
62221;Vj. Index der Tarifverdienste und Arbeitszeiten;JAHR;Jahr;2016;DINSGF;Früheres Bundesgebiet / Neue Länder;DF;Früheres Bundesgebiet;WZ08C7;WZ2008 (ausgewählte Positionen): Tarifindex;WZ08-B;Bergbau und Gewinnung von Steinen und Erden;100,0;2020=100;VST018;Index der tariflichen Wochenarbeitszeit
62221;Vj. Index der Tarifverdienste und Arbeitszeiten;JAHR;Jahr;2016;DINSGF;Früheres Bundesgebiet / Neue Länder;DF;Früheres Bundesgebiet;WZ08C7;WZ2008 (ausgewählte Positionen): Tarifindex;WZ08-B;Bergbau und Gewinnung von Steinen und Erden;92,2;2020=100;VST065;Index d.tarifl. Stundenverdienste ohne Sonderzahl.
62221;Vj. Index der Tarifverdienste und Arbeitszeiten;JAHR;Jahr;2022;DINSGF;Früheres Bundesgebiet / Neue Länder;DF;Früheres Bundesgebiet;WZ08C7;WZ2008 (ausgewählte Positionen): Tarifindex;WZ08-17;Herstellung von Papier, Pappe und Waren daraus;103,2;2020=100;VST072;Index d.tarifl. Stundenverdienste mit Sonderzahl.
62221;Vj. Index der Tarifverdienste und Arbeitszeiten;JAHR;Jahr;2022;DINSGF;Früheres Bundesgebiet / Neue Länder;DF;Früheres Bundesgebiet;WZ08C7;WZ2008 (ausgewählte Positionen): Tarifindex;WZ08-17;Herstellung von Papier, Pappe und Waren daraus;103,2;2020=100;VST073;Index d.tarifl. Monatsverdienste mit Sonderzahl.
62221;Vj. Index der Tarifverdienste und Arbeitszeiten;JAHR;Jahr;2022;DINSGF;Früheres Bundesgebiet / Neue Länder;DF;Früheres Bundesgebiet;WZ08C7;WZ2008 (ausgewählte Positionen): Tarifindex;WZ08-17;Herstellung von Papier, Pappe und Waren daraus;36,3;h;VST019;Durchschnittliche tarifliche Wochenarbeitszeit
62221;Vj. Index der Tarifverdienste und Arbeitszeiten;JAHR;Jahr;2022;DINSGF;Früheres Bundesgebiet / Neue Länder;DF;Früheres Bundesgebiet;WZ08C7;WZ2008 (ausgewählte Positionen): Tarifindex;WZ08-17;Herstellung von Papier, Pappe und Waren daraus;102,7;2020=100;VST066;Index d.tarifl. Monatsverdienste ohne Sonderzahl.
62221;Vj. Index der Tarifverdienste und Arbeitszeiten;JAHR;Jahr;2022;DINSGF;Früheres Bundesgebiet / Neue Länder;DF;Früheres Bundesgebiet;WZ08C7;WZ2008 (ausgewählte Positionen): Tarifindex;WZ08-17;Herstellung von Papier, Pappe und Waren daraus;100,0;2020=100;VST018;Index der tariflichen Wochenarbeitszeit
62221;Vj. Index der Tarifverdienste und Arbeitszeiten;JAHR;Jahr;2022;DINSGF;Früheres Bundesgebiet / Neue Länder;DF;Früheres Bundesgebiet;WZ08C7;WZ2008 (ausgewählte Positionen): Tarifindex;WZ08-17;Herstellung von Papier, Pappe und Waren daraus;102,7;2020=100;VST065;Index d.tarifl. Stundenverdienste ohne Sonderzahl.
62221;Vj. Index der Tarifverdienste und Arbeitszeiten;JAHR;Jahr;2020;DINSGF;Früheres Bundesgebiet / Neue Länder;DF;Früheres Bundesgebiet;WZ08C7;WZ2008 (ausgewählte Positionen): Tarifindex;WZ08-B-13;Prod. Gewerbe, Handel, Information u.Kommunikation;100,0;2020=100;VST072;Index d.tarifl. Stundenverdienste mit Sonderzahl.
62221;Vj. Index der Tarifverdienste und Arbeitszeiten;JAHR;Jahr;2020;DINSGF;Früheres Bundesgebiet / Neue Länder;DF;Früheres Bundesgebiet;WZ08C7;WZ2008 (ausgewählte Positionen): Tarifindex;WZ08-B-13;Prod. Gewerbe, Handel, Information u.Kommunikation;100,0;2020=100;VST073;Index d.tarifl. Monatsverdienste mit Sonderzahl.
62221;Vj. Index der Tarifverdienste und Arbeitszeiten;JAHR;Jahr;2020;DINSGF;Früheres Bundesgebiet / Neue Länder;DF;Früheres Bundesgebiet;WZ08C7;WZ2008 (ausgewählte Positionen): Tarifindex;WZ08-B-13;Prod. Gewerbe, Handel, Information u.Kommunikation;36,9;h;VST019;Durchschnittliche tarifliche Wochenarbeitszeit
62221;Vj. Index der Tarifverdienste und Arbeitszeiten;JAHR;Jahr;2020;DINSGF;Früheres Bundesgebiet / Neue Länder;DF;Früheres Bundesgebiet;WZ08C7;WZ2008 (ausgewählte Positionen): Tarifindex;WZ08-B-13;Prod. Gewerbe, Handel, Information u.Kommunikation;100,0;2020=100;VST066;Index d.tarifl. Monatsverdienste ohne Sonderzahl.
62221;Vj. Index der Tarifverdienste und Arbeitszeiten;JAHR;Jahr;2020;DINSGF;Früheres Bundesgebiet / Neue Länder;DF;Früheres Bundesgebiet;WZ08C7;WZ2008 (ausgewählte Positionen): Tarifindex;WZ08-B-13;Prod. Gewerbe, Handel, Information u.Kommunikation;100,0;2020=100;VST018;Index der tariflichen Wochenarbeitszeit
62221;Vj. Index der Tarifverdienste und Arbeitszeiten;JAHR;Jahr;2020;DINSGF;Früheres Bundesgebiet / Neue Länder;DF;Früheres Bundesgebiet;WZ08C7;WZ2008 (ausgewählte Positionen): Tarifindex;WZ08-B-13;Prod. Gewerbe, Handel, Information u.Kommunikation;100,0;2020=100;VST065;Index d.tarifl. Stundenverdienste ohne Sonderzahl.
62221;Vj. Index der Tarifverdienste und Arbeitszeiten;JAHR;Jahr;2020;DINSGF;Früheres Bundesgebiet / Neue Länder;DN;Neue Länder;WZ08C7;WZ2008 (ausgewählte Positionen): Tarifindex;WZ-X003;Gebrauchsgüterproduzenten;100,0;2020=100;VST072;Index d.tarifl. Stundenverdienste mit Sonderzahl.
62221;Vj. Index der Tarifverdienste und Arbeitszeiten;JAHR;Jahr;2020;DINSGF;Früheres Bundesgebiet / Neue Länder;DN;Neue Länder;WZ08C7;WZ2008 (ausgewählte Positionen): Tarifindex;WZ-X003;Gebrauchsgüterproduzenten;100,0;2020=100;VST073;Index d.tarifl. Monatsverdienste mit Sonderzahl.
62221;Vj. Index der Tarifverdienste und Arbeitszeiten;JAHR;Jahr;2020;DINSGF;Früheres Bundesgebiet / Neue Länder;DN;Neue Länder;WZ08C7;WZ2008 (ausgewählte Positionen): Tarifindex;WZ-X003;Gebrauchsgüterproduzenten;37,9;h;VST019;Durchschnittliche tarifliche Wochenarbeitszeit
62221;Vj. Index der Tarifverdienste und Arbeitszeiten;JAHR;Jahr;2020;DINSGF;Früheres Bundesgebiet / Neue Länder;DN;Neue Länder;WZ08C7;WZ2008 (ausgewählte Positionen): Tarifindex;WZ-X003;Gebrauchsgüterproduzenten;100,0;2020=100;VST066;Index d.tarifl. Monatsverdienste ohne Sonderzahl.
62221;Vj. Index der Tarifverdienste und Arbeitszeiten;JAHR;Jahr;2020;DINSGF;Früheres Bundesgebiet / Neue Länder;DN;Neue Länder;WZ08C7;WZ2008 (ausgewählte Positionen): Tarifindex;WZ-X003;Gebrauchsgüterproduzenten;100,0;2020=100;VST018;Index der tariflichen Wochenarbeitszeit
62221;Vj. Index der Tarifverdienste und Arbeitszeiten;JAHR;Jahr;2020;DINSGF;Früheres Bundesgebiet / Neue Länder;DN;Neue Länder;WZ08C7;WZ2008 (ausgewählte Positionen): Tarifindex;WZ-X003;Gebrauchsgüterproduzenten;100,0;2020=100;VST065;Index d.tarifl. Stundenverdienste ohne Sonderzahl.
62221;Vj. Index der Tarifverdienste und Arbeitszeiten;JAHR;Jahr;2022;DINSGF;Früheres Bundesgebiet / Neue Länder;DN;Neue Länder;WZ08C7;WZ2008 (ausgewählte Positionen): Tarifindex;WZ08-I;Gastgewerbe;110,8;2020=100;VST072;Index d.tarifl. Stundenverdienste mit Sonderzahl.
62221;Vj. Index der Tarifverdienste und Arbeitszeiten;JAHR;Jahr;2022;DINSGF;Früheres Bundesgebiet / Neue Länder;DN;Neue Länder;WZ08C7;WZ2008 (ausgewählte Positionen): Tarifindex;WZ08-I;Gastgewerbe;110,8;2020=100;VST073;Index d.tarifl. Monatsverdienste mit Sonderzahl.
62221;Vj. Index der Tarifverdienste und Arbeitszeiten;JAHR;Jahr;2022;DINSGF;Früheres Bundesgebiet / Neue Länder;DN;Neue Länder;WZ08C7;WZ2008 (ausgewählte Positionen): Tarifindex;WZ08-I;Gastgewerbe;39,4;h;VST019;Durchschnittliche tarifliche Wochenarbeitszeit
62221;Vj. Index der Tarifverdienste und Arbeitszeiten;JAHR;Jahr;2022;DINSGF;Früheres Bundesgebiet / Neue Länder;DN;Neue Länder;WZ08C7;WZ2008 (ausgewählte Positionen): Tarifindex;WZ08-I;Gastgewerbe;110,7;2020=100;VST066;Index d.tarifl. Monatsverdienste ohne Sonderzahl.
62221;Vj. Index der Tarifverdienste und Arbeitszeiten;JAHR;Jahr;2022;DINSGF;Früheres Bundesgebiet / Neue Länder;DN;Neue Länder;WZ08C7;WZ2008 (ausgewählte Positionen): Tarifindex;WZ08-I;Gastgewerbe;100,0;2020=100;VST018;Index der tariflichen Wochenarbeitszeit
62221;Vj. Index der Tarifverdienste und Arbeitszeiten;JAHR;Jahr;2022;DINSGF;Früheres Bundesgebiet / Neue Länder;DN;Neue Länder;WZ08C7;WZ2008 (ausgewählte Positionen): Tarifindex;WZ08-I;Gastgewerbe;110,7;2020=100;VST065;Index d.tarifl. Stundenverdienste ohne Sonderzahl.
62221;Vj. Index der Tarifverdienste und Arbeitszeiten;JAHR;Jahr;2018;DINSGF;Früheres Bundesgebiet / Neue Länder;DN;Neue Länder;WZ08C7;WZ2008 (ausgewählte Positionen): Tarifindex;WZ08-52-01;Lagerei und Kurierdienste;94,5;2020=100;VST072;Index d.tarifl. Stundenverdienste mit Sonderzahl.
62221;Vj. Index der Tarifverdienste und Arbeitszeiten;JAHR;Jahr;2018;DINSGF;Früheres Bundesgebiet / Neue Länder;DN;Neue Länder;WZ08C7;WZ2008 (ausgewählte Positionen): Tarifindex;WZ08-52-01;Lagerei und Kurierdienste;94,6;2020=100;VST073;Index d.tarifl. Monatsverdienste mit Sonderzahl.
62221;Vj. Index der Tarifverdienste und Arbeitszeiten;JAHR;Jahr;2018;DINSGF;Früheres Bundesgebiet / Neue Länder;DN;Neue Länder;WZ08C7;WZ2008 (ausgewählte Positionen): Tarifindex;WZ08-52-01;Lagerei und Kurierdienste;39,1;h;VST019;Durchschnittliche tarifliche Wochenarbeitszeit
62221;Vj. Index der Tarifverdienste und Arbeitszeiten;JAHR;Jahr;2018;DINSGF;Früheres Bundesgebiet / Neue Länder;DN;Neue Länder;WZ08C7;WZ2008 (ausgewählte Positionen): Tarifindex;WZ08-52-01;Lagerei und Kurierdienste;95,0;2020=100;VST066;Index d.tarifl. Monatsverdienste ohne Sonderzahl.
62221;Vj. Index der Tarifverdienste und Arbeitszeiten;JAHR;Jahr;2018;DINSGF;Früheres Bundesgebiet / Neue Länder;DN;Neue Länder;WZ08C7;WZ2008 (ausgewählte Positionen): Tarifindex;WZ08-52-01;Lagerei und Kurierdienste;100,1;2020=100;VST018;Index der tariflichen Wochenarbeitszeit
62221;Vj. Index der Tarifverdienste und Arbeitszeiten;JAHR;Jahr;2018;DINSGF;Früheres Bundesgebiet / Neue Länder;DN;Neue Länder;WZ08C7;WZ2008 (ausgewählte Positionen): Tarifindex;WZ08-52-01;Lagerei und Kurierdienste;94,8;2020=100;VST065;Index d.tarifl. Stundenverdienste ohne Sonderzahl.
62221;Vj. Index der Tarifverdienste und Arbeitszeiten;JAHR;Jahr;2016;DINSGF;Früheres Bundesgebiet / Neue Länder;DN;Neue Länder;WZ08C7;WZ2008 (ausgewählte Positionen): Tarifindex;WZ08-A-03;Gesamtwirtschaft;89,4;2020=100;VST072;Index d.tarifl. Stundenverdienste mit Sonderzahl.
62221;Vj. Index der Tarifverdienste und Arbeitszeiten;JAHR;Jahr;2016;DINSGF;Früheres Bundesgebiet / Neue Länder;DN;Neue Länder;WZ08C7;WZ2008 (ausgewählte Positionen): Tarifindex;WZ08-A-03;Gesamtwirtschaft;89,5;2020=100;VST073;Index d.tarifl. Monatsverdienste mit Sonderzahl.
62221;Vj. Index der Tarifverdienste und Arbeitszeiten;JAHR;Jahr;2016;DINSGF;Früheres Bundesgebiet / Neue Länder;DN;Neue Länder;WZ08C7;WZ2008 (ausgewählte Positionen): Tarifindex;WZ08-A-03;Gesamtwirtschaft;39,0;h;VST019;Durchschnittliche tarifliche Wochenarbeitszeit
62221;Vj. Index der Tarifverdienste und Arbeitszeiten;JAHR;Jahr;2016;DINSGF;Früheres Bundesgebiet / Neue Länder;DN;Neue Länder;WZ08C7;WZ2008 (ausgewählte Positionen): Tarifindex;WZ08-A-03;Gesamtwirtschaft;89,3;2020=100;VST066;Index d.tarifl. Monatsverdienste ohne Sonderzahl.
62221;Vj. Index der Tarifverdienste und Arbeitszeiten;JAHR;Jahr;2016;DINSGF;Früheres Bundesgebiet / Neue Länder;DN;Neue Länder;WZ08C7;WZ2008 (ausgewählte Positionen): Tarifindex;WZ08-A-03;Gesamtwirtschaft;100,1;2020=100;VST018;Index der tariflichen Wochenarbeitszeit
62221;Vj. Index der Tarifverdienste und Arbeitszeiten;JAHR;Jahr;2016;DINSGF;Früheres Bundesgebiet / Neue Länder;DN;Neue Länder;WZ08C7;WZ2008 (ausgewählte Positionen): Tarifindex;WZ08-A-03;Gesamtwirtschaft;89,3;2020=100;VST065;Index d.tarifl. Stundenverdienste ohne Sonderzahl.
62221;Vj. Index der Tarifverdienste und Arbeitszeiten;JAHR;Jahr;2019;DINSGF;Früheres Bundesgebiet / Neue Länder;DN;Neue Länder;WZ08C7;WZ2008 (ausgewählte Positionen): Tarifindex;WZ08-25;Herstellung von Metallerzeugnissen;100,1;2020=100;VST072;Index d.tarifl. Stundenverdienste mit Sonderzahl.
62221;Vj. Index der Tarifverdienste und Arbeitszeiten;JAHR;Jahr;2019;DINSGF;Früheres Bundesgebiet / Neue Länder;DN;Neue Länder;WZ08C7;WZ2008 (ausgewählte Positionen): Tarifindex;WZ08-25;Herstellung von Metallerzeugnissen;100,1;2020=100;VST073;Index d.tarifl. Monatsverdienste mit Sonderzahl.
62221;Vj. Index der Tarifverdienste und Arbeitszeiten;JAHR;Jahr;2019;DINSGF;Früheres Bundesgebiet / Neue Länder;DN;Neue Länder;WZ08C7;WZ2008 (ausgewählte Positionen): Tarifindex;WZ08-25;Herstellung von Metallerzeugnissen;37,6;h;VST019;Durchschnittliche tarifliche Wochenarbeitszeit
62221;Vj. Index der Tarifverdienste und Arbeitszeiten;JAHR;Jahr;2019;DINSGF;Früheres Bundesgebiet / Neue Länder;DN;Neue Länder;WZ08C7;WZ2008 (ausgewählte Positionen): Tarifindex;WZ08-25;Herstellung von Metallerzeugnissen;100,0;2020=100;VST066;Index d.tarifl. Monatsverdienste ohne Sonderzahl.
62221;Vj. Index der Tarifverdienste und Arbeitszeiten;JAHR;Jahr;2019;DINSGF;Früheres Bundesgebiet / Neue Länder;DN;Neue Länder;WZ08C7;WZ2008 (ausgewählte Positionen): Tarifindex;WZ08-25;Herstellung von Metallerzeugnissen;100,0;2020=100;VST018;Index der tariflichen Wochenarbeitszeit
62221;Vj. Index der Tarifverdienste und Arbeitszeiten;JAHR;Jahr;2019;DINSGF;Früheres Bundesgebiet / Neue Länder;DN;Neue Länder;WZ08C7;WZ2008 (ausgewählte Positionen): Tarifindex;WZ08-25;Herstellung von Metallerzeugnissen;100,0;2020=100;VST065;Index d.tarifl. Stundenverdienste ohne Sonderzahl.
62221;Vj. Index der Tarifverdienste und Arbeitszeiten;JAHR;Jahr;2019;DINSGF;Früheres Bundesgebiet / Neue Länder;DN;Neue Länder;WZ08C7;WZ2008 (ausgewählte Positionen): Tarifindex;WZ-X004;Verbrauchsgüterproduzenten;97,6;2020=100;VST072;Index d.tarifl. Stundenverdienste mit Sonderzahl.
62221;Vj. Index der Tarifverdienste und Arbeitszeiten;JAHR;Jahr;2019;DINSGF;Früheres Bundesgebiet / Neue Länder;DN;Neue Länder;WZ08C7;WZ2008 (ausgewählte Positionen): Tarifindex;WZ-X004;Verbrauchsgüterproduzenten;97,6;2020=100;VST073;Index d.tarifl. Monatsverdienste mit Sonderzahl.
62221;Vj. Index der Tarifverdienste und Arbeitszeiten;JAHR;Jahr;2019;DINSGF;Früheres Bundesgebiet / Neue Länder;DN;Neue Länder;WZ08C7;WZ2008 (ausgewählte Positionen): Tarifindex;WZ-X004;Verbrauchsgüterproduzenten;38,7;h;VST019;Durchschnittliche tarifliche Wochenarbeitszeit
62221;Vj. Index der Tarifverdienste und Arbeitszeiten;JAHR;Jahr;2019;DINSGF;Früheres Bundesgebiet / Neue Länder;DN;Neue Länder;WZ08C7;WZ2008 (ausgewählte Positionen): Tarifindex;WZ-X004;Verbrauchsgüterproduzenten;97,7;2020=100;VST066;Index d.tarifl. Monatsverdienste ohne Sonderzahl.
62221;Vj. Index der Tarifverdienste und Arbeitszeiten;JAHR;Jahr;2019;DINSGF;Früheres Bundesgebiet / Neue Länder;DN;Neue Länder;WZ08C7;WZ2008 (ausgewählte Positionen): Tarifindex;WZ-X004;Verbrauchsgüterproduzenten;100,0;2020=100;VST018;Index der tariflichen Wochenarbeitszeit
62221;Vj. Index der Tarifverdienste und Arbeitszeiten;JAHR;Jahr;2019;DINSGF;Früheres Bundesgebiet / Neue Länder;DN;Neue Länder;WZ08C7;WZ2008 (ausgewählte Positionen): Tarifindex;WZ-X004;Verbrauchsgüterproduzenten;97,7;2020=100;VST065;Index d.tarifl. Stundenverdienste ohne Sonderzahl.
62221;Vj. Index der Tarifverdienste und Arbeitszeiten;JAHR;Jahr;2020;DINSGF;Früheres Bundesgebiet / Neue Länder;DN;Neue Länder;WZ08C7;WZ2008 (ausgewählte Positionen): Tarifindex;WZ08-08-01;Gewinnung v. Steinen u. Erden, sonst. Bergbau, DL;100,0;2020=100;VST072;Index d.tarifl. Stundenverdienste mit Sonderzahl.
62221;Vj. Index der Tarifverdienste und Arbeitszeiten;JAHR;Jahr;2020;DINSGF;Früheres Bundesgebiet / Neue Länder;DN;Neue Länder;WZ08C7;WZ2008 (ausgewählte Positionen): Tarifindex;WZ08-08-01;Gewinnung v. Steinen u. Erden, sonst. Bergbau, DL;100,0;2020=100;VST073;Index d.tarifl. Monatsverdienste mit Sonderzahl.
62221;Vj. Index der Tarifverdienste und Arbeitszeiten;JAHR;Jahr;2020;DINSGF;Früheres Bundesgebiet / Neue Länder;DN;Neue Länder;WZ08C7;WZ2008 (ausgewählte Positionen): Tarifindex;WZ08-08-01;Gewinnung v. Steinen u. Erden, sonst. Bergbau, DL;39,4;h;VST019;Durchschnittliche tarifliche Wochenarbeitszeit
62221;Vj. Index der Tarifverdienste und Arbeitszeiten;JAHR;Jahr;2020;DINSGF;Früheres Bundesgebiet / Neue Länder;DN;Neue Länder;WZ08C7;WZ2008 (ausgewählte Positionen): Tarifindex;WZ08-08-01;Gewinnung v. Steinen u. Erden, sonst. Bergbau, DL;100,0;2020=100;VST066;Index d.tarifl. Monatsverdienste ohne Sonderzahl.
62221;Vj. Index der Tarifverdienste und Arbeitszeiten;JAHR;Jahr;2020;DINSGF;Früheres Bundesgebiet / Neue Länder;DN;Neue Länder;WZ08C7;WZ2008 (ausgewählte Positionen): Tarifindex;WZ08-08-01;Gewinnung v. Steinen u. Erden, sonst. Bergbau, DL;100,0;2020=100;VST018;Index der tariflichen Wochenarbeitszeit
62221;Vj. Index der Tarifverdienste und Arbeitszeiten;JAHR;Jahr;2020;DINSGF;Früheres Bundesgebiet / Neue Länder;DN;Neue Länder;WZ08C7;WZ2008 (ausgewählte Positionen): Tarifindex;WZ08-08-01;Gewinnung v. Steinen u. Erden, sonst. Bergbau, DL;100,0;2020=100;VST065;Index d.tarifl. Stundenverdienste ohne Sonderzahl.
62221;Vj. Index der Tarifverdienste und Arbeitszeiten;JAHR;Jahr;2019;DINSGF;Früheres Bundesgebiet / Neue Länder;DN;Neue Länder;WZ08C7;WZ2008 (ausgewählte Positionen): Tarifindex;WZ-X001;Vorleistungsgüterproduzenten;98,2;2020=100;VST072;Index d.tarifl. Stundenverdienste mit Sonderzahl.
62221;Vj. Index der Tarifverdienste und Arbeitszeiten;JAHR;Jahr;2019;DINSGF;Früheres Bundesgebiet / Neue Länder;DN;Neue Länder;WZ08C7;WZ2008 (ausgewählte Positionen): Tarifindex;WZ-X001;Vorleistungsgüterproduzenten;98,1;2020=100;VST073;Index d.tarifl. Monatsverdienste mit Sonderzahl.
62221;Vj. Index der Tarifverdienste und Arbeitszeiten;JAHR;Jahr;2019;DINSGF;Früheres Bundesgebiet / Neue Länder;DN;Neue Länder;WZ08C7;WZ2008 (ausgewählte Positionen): Tarifindex;WZ-X001;Vorleistungsgüterproduzenten;38,4;h;VST019;Durchschnittliche tarifliche Wochenarbeitszeit
62221;Vj. Index der Tarifverdienste und Arbeitszeiten;JAHR;Jahr;2019;DINSGF;Früheres Bundesgebiet / Neue Länder;DN;Neue Länder;WZ08C7;WZ2008 (ausgewählte Positionen): Tarifindex;WZ-X001;Vorleistungsgüterproduzenten;98,7;2020=100;VST066;Index d.tarifl. Monatsverdienste ohne Sonderzahl.
62221;Vj. Index der Tarifverdienste und Arbeitszeiten;JAHR;Jahr;2019;DINSGF;Früheres Bundesgebiet / Neue Länder;DN;Neue Länder;WZ08C7;WZ2008 (ausgewählte Positionen): Tarifindex;WZ-X001;Vorleistungsgüterproduzenten;100,1;2020=100;VST018;Index der tariflichen Wochenarbeitszeit
62221;Vj. Index der Tarifverdienste und Arbeitszeiten;JAHR;Jahr;2019;DINSGF;Früheres Bundesgebiet / Neue Länder;DN;Neue Länder;WZ08C7;WZ2008 (ausgewählte Positionen): Tarifindex;WZ-X001;Vorleistungsgüterproduzenten;98,7;2020=100;VST065;Index d.tarifl. Stundenverdienste ohne Sonderzahl.
62221;Vj. Index der Tarifverdienste und Arbeitszeiten;JAHR;Jahr;2022;DINSGF;Früheres Bundesgebiet / Neue Länder;DF;Früheres Bundesgebiet;WZ08C7;WZ2008 (ausgewählte Positionen): Tarifindex;WZ08-29;Herstellung von Kraftwagen und Kraftwagenteilen;101,8;2020=100;VST072;Index d.tarifl. Stundenverdienste mit Sonderzahl.
62221;Vj. Index der Tarifverdienste und Arbeitszeiten;JAHR;Jahr;2022;DINSGF;Früheres Bundesgebiet / Neue Länder;DF;Früheres Bundesgebiet;WZ08C7;WZ2008 (ausgewählte Positionen): Tarifindex;WZ08-29;Herstellung von Kraftwagen und Kraftwagenteilen;101,8;2020=100;VST073;Index d.tarifl. Monatsverdienste mit Sonderzahl.
62221;Vj. Index der Tarifverdienste und Arbeitszeiten;JAHR;Jahr;2022;DINSGF;Früheres Bundesgebiet / Neue Länder;DF;Früheres Bundesgebiet;WZ08C7;WZ2008 (ausgewählte Positionen): Tarifindex;WZ08-29;Herstellung von Kraftwagen und Kraftwagenteilen;35,2;h;VST019;Durchschnittliche tarifliche Wochenarbeitszeit
62221;Vj. Index der Tarifverdienste und Arbeitszeiten;JAHR;Jahr;2022;DINSGF;Früheres Bundesgebiet / Neue Länder;DF;Früheres Bundesgebiet;WZ08C7;WZ2008 (ausgewählte Positionen): Tarifindex;WZ08-29;Herstellung von Kraftwagen und Kraftwagenteilen;100,8;2020=100;VST066;Index d.tarifl. Monatsverdienste ohne Sonderzahl.
62221;Vj. Index der Tarifverdienste und Arbeitszeiten;JAHR;Jahr;2022;DINSGF;Früheres Bundesgebiet / Neue Länder;DF;Früheres Bundesgebiet;WZ08C7;WZ2008 (ausgewählte Positionen): Tarifindex;WZ08-29;Herstellung von Kraftwagen und Kraftwagenteilen;100,0;2020=100;VST018;Index der tariflichen Wochenarbeitszeit
62221;Vj. Index der Tarifverdienste und Arbeitszeiten;JAHR;Jahr;2022;DINSGF;Früheres Bundesgebiet / Neue Länder;DF;Früheres Bundesgebiet;WZ08C7;WZ2008 (ausgewählte Positionen): Tarifindex;WZ08-29;Herstellung von Kraftwagen und Kraftwagenteilen;100,8;2020=100;VST065;Index d.tarifl. Stundenverdienste ohne Sonderzahl.
62221;Vj. Index der Tarifverdienste und Arbeitszeiten;JAHR;Jahr;2022;DINSGF;Früheres Bundesgebiet / Neue Länder;DN;Neue Länder;WZ08C7;WZ2008 (ausgewählte Positionen): Tarifindex;WZ08-74;Sonst. freiberufl.,wissenschaftl. u. techn.Tätigk.;102,9;2020=100;VST072;Index d.tarifl. Stundenverdienste mit Sonderzahl.
62221;Vj. Index der Tarifverdienste und Arbeitszeiten;JAHR;Jahr;2022;DINSGF;Früheres Bundesgebiet / Neue Länder;DN;Neue Länder;WZ08C7;WZ2008 (ausgewählte Positionen): Tarifindex;WZ08-74;Sonst. freiberufl.,wissenschaftl. u. techn.Tätigk.;102,9;2020=100;VST073;Index d.tarifl. Monatsverdienste mit Sonderzahl.
62221;Vj. Index der Tarifverdienste und Arbeitszeiten;JAHR;Jahr;2022;DINSGF;Früheres Bundesgebiet / Neue Länder;DN;Neue Länder;WZ08C7;WZ2008 (ausgewählte Positionen): Tarifindex;WZ08-74;Sonst. freiberufl.,wissenschaftl. u. techn.Tätigk.;39,1;h;VST019;Durchschnittliche tarifliche Wochenarbeitszeit
62221;Vj. Index der Tarifverdienste und Arbeitszeiten;JAHR;Jahr;2022;DINSGF;Früheres Bundesgebiet / Neue Länder;DN;Neue Länder;WZ08C7;WZ2008 (ausgewählte Positionen): Tarifindex;WZ08-74;Sonst. freiberufl.,wissenschaftl. u. techn.Tätigk.;102,6;2020=100;VST066;Index d.tarifl. Monatsverdienste ohne Sonderzahl.
62221;Vj. Index der Tarifverdienste und Arbeitszeiten;JAHR;Jahr;2022;DINSGF;Früheres Bundesgebiet / Neue Länder;DN;Neue Länder;WZ08C7;WZ2008 (ausgewählte Positionen): Tarifindex;WZ08-74;Sonst. freiberufl.,wissenschaftl. u. techn.Tätigk.;100,0;2020=100;VST018;Index der tariflichen Wochenarbeitszeit
62221;Vj. Index der Tarifverdienste und Arbeitszeiten;JAHR;Jahr;2022;DINSGF;Früheres Bundesgebiet / Neue Länder;DN;Neue Länder;WZ08C7;WZ2008 (ausgewählte Positionen): Tarifindex;WZ08-74;Sonst. freiberufl.,wissenschaftl. u. techn.Tätigk.;102,6;2020=100;VST065;Index d.tarifl. Stundenverdienste ohne Sonderzahl.
62221;Vj. Index der Tarifverdienste und Arbeitszeiten;JAHR;Jahr;2016;DINSGF;Früheres Bundesgebiet / Neue Länder;DF;Früheres Bundesgebiet;WZ08C7;WZ2008 (ausgewählte Positionen): Tarifindex;WZ08-E;Wasserversorg.,Entsorg.,Beseitig.v.Umweltverschm.;89,5;2020=100;VST072;Index d.tarifl. Stundenverdienste mit Sonderzahl.
62221;Vj. Index der Tarifverdienste und Arbeitszeiten;JAHR;Jahr;2016;DINSGF;Früheres Bundesgebiet / Neue Länder;DF;Früheres Bundesgebiet;WZ08C7;WZ2008 (ausgewählte Positionen): Tarifindex;WZ08-E;Wasserversorg.,Entsorg.,Beseitig.v.Umweltverschm.;89,5;2020=100;VST073;Index d.tarifl. Monatsverdienste mit Sonderzahl.
62221;Vj. Index der Tarifverdienste und Arbeitszeiten;JAHR;Jahr;2016;DINSGF;Früheres Bundesgebiet / Neue Länder;DF;Früheres Bundesgebiet;WZ08C7;WZ2008 (ausgewählte Positionen): Tarifindex;WZ08-E;Wasserversorg.,Entsorg.,Beseitig.v.Umweltverschm.;39,0;h;VST019;Durchschnittliche tarifliche Wochenarbeitszeit
62221;Vj. Index der Tarifverdienste und Arbeitszeiten;JAHR;Jahr;2016;DINSGF;Früheres Bundesgebiet / Neue Länder;DF;Früheres Bundesgebiet;WZ08C7;WZ2008 (ausgewählte Positionen): Tarifindex;WZ08-E;Wasserversorg.,Entsorg.,Beseitig.v.Umweltverschm.;89,8;2020=100;VST066;Index d.tarifl. Monatsverdienste ohne Sonderzahl.
62221;Vj. Index der Tarifverdienste und Arbeitszeiten;JAHR;Jahr;2016;DINSGF;Früheres Bundesgebiet / Neue Länder;DF;Früheres Bundesgebiet;WZ08C7;WZ2008 (ausgewählte Positionen): Tarifindex;WZ08-E;Wasserversorg.,Entsorg.,Beseitig.v.Umweltverschm.;100,0;2020=100;VST018;Index der tariflichen Wochenarbeitszeit
62221;Vj. Index der Tarifverdienste und Arbeitszeiten;JAHR;Jahr;2016;DINSGF;Früheres Bundesgebiet / Neue Länder;DF;Früheres Bundesgebiet;WZ08C7;WZ2008 (ausgewählte Positionen): Tarifindex;WZ08-E;Wasserversorg.,Entsorg.,Beseitig.v.Umweltverschm.;89,8;2020=100;VST065;Index d.tarifl. Stundenverdienste ohne Sonderzahl.
62221;Vj. Index der Tarifverdienste und Arbeitszeiten;JAHR;Jahr;2022;DINSGF;Früheres Bundesgebiet / Neue Länder;DN;Neue Länder;WZ08C7;WZ2008 (ausgewählte Positionen): Tarifindex;WZ08-71;Architektur-,Ing.büros,techn.,physik.Untersuchung;103,7;2020=100;VST072;Index d.tarifl. Stundenverdienste mit Sonderzahl.
62221;Vj. Index der Tarifverdienste und Arbeitszeiten;JAHR;Jahr;2022;DINSGF;Früheres Bundesgebiet / Neue Länder;DN;Neue Länder;WZ08C7;WZ2008 (ausgewählte Positionen): Tarifindex;WZ08-71;Architektur-,Ing.büros,techn.,physik.Untersuchung;103,6;2020=100;VST073;Index d.tarifl. Monatsverdienste mit Sonderzahl.
62221;Vj. Index der Tarifverdienste und Arbeitszeiten;JAHR;Jahr;2022;DINSGF;Früheres Bundesgebiet / Neue Länder;DN;Neue Länder;WZ08C7;WZ2008 (ausgewählte Positionen): Tarifindex;WZ08-71;Architektur-,Ing.büros,techn.,physik.Untersuchung;38,0;h;VST019;Durchschnittliche tarifliche Wochenarbeitszeit
62221;Vj. Index der Tarifverdienste und Arbeitszeiten;JAHR;Jahr;2022;DINSGF;Früheres Bundesgebiet / Neue Länder;DN;Neue Länder;WZ08C7;WZ2008 (ausgewählte Positionen): Tarifindex;WZ08-71;Architektur-,Ing.büros,techn.,physik.Untersuchung;103,0;2020=100;VST066;Index d.tarifl. Monatsverdienste ohne Sonderzahl.
62221;Vj. Index der Tarifverdienste und Arbeitszeiten;JAHR;Jahr;2022;DINSGF;Früheres Bundesgebiet / Neue Länder;DN;Neue Länder;WZ08C7;WZ2008 (ausgewählte Positionen): Tarifindex;WZ08-71;Architektur-,Ing.büros,techn.,physik.Untersuchung;99,9;2020=100;VST018;Index der tariflichen Wochenarbeitszeit
62221;Vj. Index der Tarifverdienste und Arbeitszeiten;JAHR;Jahr;2022;DINSGF;Früheres Bundesgebiet / Neue Länder;DN;Neue Länder;WZ08C7;WZ2008 (ausgewählte Positionen): Tarifindex;WZ08-71;Architektur-,Ing.büros,techn.,physik.Untersuchung;103,1;2020=100;VST065;Index d.tarifl. Stundenverdienste ohne Sonderzahl.
62221;Vj. Index der Tarifverdienste und Arbeitszeiten;JAHR;Jahr;2020;DINSGF;Früheres Bundesgebiet / Neue Länder;DF;Früheres Bundesgebiet;WZ08C7;WZ2008 (ausgewählte Positionen): Tarifindex;WZ08-29-01;Fahrzeugbau;100,0;2020=100;VST072;Index d.tarifl. Stundenverdienste mit Sonderzahl.
62221;Vj. Index der Tarifverdienste und Arbeitszeiten;JAHR;Jahr;2020;DINSGF;Früheres Bundesgebiet / Neue Länder;DF;Früheres Bundesgebiet;WZ08C7;WZ2008 (ausgewählte Positionen): Tarifindex;WZ08-29-01;Fahrzeugbau;100,0;2020=100;VST073;Index d.tarifl. Monatsverdienste mit Sonderzahl.
62221;Vj. Index der Tarifverdienste und Arbeitszeiten;JAHR;Jahr;2020;DINSGF;Früheres Bundesgebiet / Neue Länder;DF;Früheres Bundesgebiet;WZ08C7;WZ2008 (ausgewählte Positionen): Tarifindex;WZ08-29-01;Fahrzeugbau;35,2;h;VST019;Durchschnittliche tarifliche Wochenarbeitszeit
62221;Vj. Index der Tarifverdienste und Arbeitszeiten;JAHR;Jahr;2020;DINSGF;Früheres Bundesgebiet / Neue Länder;DF;Früheres Bundesgebiet;WZ08C7;WZ2008 (ausgewählte Positionen): Tarifindex;WZ08-29-01;Fahrzeugbau;100,0;2020=100;VST066;Index d.tarifl. Monatsverdienste ohne Sonderzahl.
62221;Vj. Index der Tarifverdienste und Arbeitszeiten;JAHR;Jahr;2020;DINSGF;Früheres Bundesgebiet / Neue Länder;DF;Früheres Bundesgebiet;WZ08C7;WZ2008 (ausgewählte Positionen): Tarifindex;WZ08-29-01;Fahrzeugbau;100,0;2020=100;VST018;Index der tariflichen Wochenarbeitszeit
62221;Vj. Index der Tarifverdienste und Arbeitszeiten;JAHR;Jahr;2020;DINSGF;Früheres Bundesgebiet / Neue Länder;DF;Früheres Bundesgebiet;WZ08C7;WZ2008 (ausgewählte Positionen): Tarifindex;WZ08-29-01;Fahrzeugbau;100,0;2020=100;VST065;Index d.tarifl. Stundenverdienste ohne Sonderzahl.
62221;Vj. Index der Tarifverdienste und Arbeitszeiten;JAHR;Jahr;2022;DINSGF;Früheres Bundesgebiet / Neue Länder;DN;Neue Länder;WZ08C7;WZ2008 (ausgewählte Positionen): Tarifindex;WZ08-L;Grundstücks- und Wohnungswesen;103,4;2020=100;VST072;Index d.tarifl. Stundenverdienste mit Sonderzahl.
62221;Vj. Index der Tarifverdienste und Arbeitszeiten;JAHR;Jahr;2022;DINSGF;Früheres Bundesgebiet / Neue Länder;DN;Neue Länder;WZ08C7;WZ2008 (ausgewählte Positionen): Tarifindex;WZ08-L;Grundstücks- und Wohnungswesen;103,4;2020=100;VST073;Index d.tarifl. Monatsverdienste mit Sonderzahl.
62221;Vj. Index der Tarifverdienste und Arbeitszeiten;JAHR;Jahr;2022;DINSGF;Früheres Bundesgebiet / Neue Länder;DN;Neue Länder;WZ08C7;WZ2008 (ausgewählte Positionen): Tarifindex;WZ08-L;Grundstücks- und Wohnungswesen;37,9;h;VST019;Durchschnittliche tarifliche Wochenarbeitszeit
62221;Vj. Index der Tarifverdienste und Arbeitszeiten;JAHR;Jahr;2022;DINSGF;Früheres Bundesgebiet / Neue Länder;DN;Neue Länder;WZ08C7;WZ2008 (ausgewählte Positionen): Tarifindex;WZ08-L;Grundstücks- und Wohnungswesen;103,9;2020=100;VST066;Index d.tarifl. Monatsverdienste ohne Sonderzahl.
62221;Vj. Index der Tarifverdienste und Arbeitszeiten;JAHR;Jahr;2022;DINSGF;Früheres Bundesgebiet / Neue Länder;DN;Neue Länder;WZ08C7;WZ2008 (ausgewählte Positionen): Tarifindex;WZ08-L;Grundstücks- und Wohnungswesen;100,0;2020=100;VST018;Index der tariflichen Wochenarbeitszeit
62221;Vj. Index der Tarifverdienste und Arbeitszeiten;JAHR;Jahr;2022;DINSGF;Früheres Bundesgebiet / Neue Länder;DN;Neue Länder;WZ08C7;WZ2008 (ausgewählte Positionen): Tarifindex;WZ08-L;Grundstücks- und Wohnungswesen;103,9;2020=100;VST065;Index d.tarifl. Stundenverdienste ohne Sonderzahl.
62221;Vj. Index der Tarifverdienste und Arbeitszeiten;JAHR;Jahr;2018;DINSGF;Früheres Bundesgebiet / Neue Länder;DF;Früheres Bundesgebiet;WZ08C7;WZ2008 (ausgewählte Positionen): Tarifindex;WZ08-S;Erbringung von sonstigen Dienstleistungen;94,5;2020=100;VST072;Index d.tarifl. Stundenverdienste mit Sonderzahl.
62221;Vj. Index der Tarifverdienste und Arbeitszeiten;JAHR;Jahr;2018;DINSGF;Früheres Bundesgebiet / Neue Länder;DF;Früheres Bundesgebiet;WZ08C7;WZ2008 (ausgewählte Positionen): Tarifindex;WZ08-S;Erbringung von sonstigen Dienstleistungen;94,6;2020=100;VST073;Index d.tarifl. Monatsverdienste mit Sonderzahl.
62221;Vj. Index der Tarifverdienste und Arbeitszeiten;JAHR;Jahr;2018;DINSGF;Früheres Bundesgebiet / Neue Länder;DF;Früheres Bundesgebiet;WZ08C7;WZ2008 (ausgewählte Positionen): Tarifindex;WZ08-S;Erbringung von sonstigen Dienstleistungen;39,0;h;VST019;Durchschnittliche tarifliche Wochenarbeitszeit
62221;Vj. Index der Tarifverdienste und Arbeitszeiten;JAHR;Jahr;2018;DINSGF;Früheres Bundesgebiet / Neue Länder;DF;Früheres Bundesgebiet;WZ08C7;WZ2008 (ausgewählte Positionen): Tarifindex;WZ08-S;Erbringung von sonstigen Dienstleistungen;94,3;2020=100;VST066;Index d.tarifl. Monatsverdienste ohne Sonderzahl.
62221;Vj. Index der Tarifverdienste und Arbeitszeiten;JAHR;Jahr;2018;DINSGF;Früheres Bundesgebiet / Neue Länder;DF;Früheres Bundesgebiet;WZ08C7;WZ2008 (ausgewählte Positionen): Tarifindex;WZ08-S;Erbringung von sonstigen Dienstleistungen;100,0;2020=100;VST018;Index der tariflichen Wochenarbeitszeit
62221;Vj. Index der Tarifverdienste und Arbeitszeiten;JAHR;Jahr;2018;DINSGF;Früheres Bundesgebiet / Neue Länder;DF;Früheres Bundesgebiet;WZ08C7;WZ2008 (ausgewählte Positionen): Tarifindex;WZ08-S;Erbringung von sonstigen Dienstleistungen;94,2;2020=100;VST065;Index d.tarifl. Stundenverdienste ohne Sonderzahl.
62221;Vj. Index der Tarifverdienste und Arbeitszeiten;JAHR;Jahr;2018;DINSGF;Früheres Bundesgebiet / Neue Länder;DF;Früheres Bundesgebiet;WZ08C7;WZ2008 (ausgewählte Positionen): Tarifindex;WZ08-G;Handel, Instandhaltung und Reparatur von Kfz;95,6;2020=100;VST072;Index d.tarifl. Stundenverdienste mit Sonderzahl.
62221;Vj. Index der Tarifverdienste und Arbeitszeiten;JAHR;Jahr;2018;DINSGF;Früheres Bundesgebiet / Neue Länder;DF;Früheres Bundesgebiet;WZ08C7;WZ2008 (ausgewählte Positionen): Tarifindex;WZ08-G;Handel, Instandhaltung und Reparatur von Kfz;95,6;2020=100;VST073;Index d.tarifl. Monatsverdienste mit Sonderzahl.
62221;Vj. Index der Tarifverdienste und Arbeitszeiten;JAHR;Jahr;2018;DINSGF;Früheres Bundesgebiet / Neue Länder;DF;Früheres Bundesgebiet;WZ08C7;WZ2008 (ausgewählte Positionen): Tarifindex;WZ08-G;Handel, Instandhaltung und Reparatur von Kfz;37,7;h;VST019;Durchschnittliche tarifliche Wochenarbeitszeit
62221;Vj. Index der Tarifverdienste und Arbeitszeiten;JAHR;Jahr;2018;DINSGF;Früheres Bundesgebiet / Neue Länder;DF;Früheres Bundesgebiet;WZ08C7;WZ2008 (ausgewählte Positionen): Tarifindex;WZ08-G;Handel, Instandhaltung und Reparatur von Kfz;95,9;2020=100;VST066;Index d.tarifl. Monatsverdienste ohne Sonderzahl.
62221;Vj. Index der Tarifverdienste und Arbeitszeiten;JAHR;Jahr;2018;DINSGF;Früheres Bundesgebiet / Neue Länder;DF;Früheres Bundesgebiet;WZ08C7;WZ2008 (ausgewählte Positionen): Tarifindex;WZ08-G;Handel, Instandhaltung und Reparatur von Kfz;100,0;2020=100;VST018;Index der tariflichen Wochenarbeitszeit
62221;Vj. Index der Tarifverdienste und Arbeitszeiten;JAHR;Jahr;2018;DINSGF;Früheres Bundesgebiet / Neue Länder;DF;Früheres Bundesgebiet;WZ08C7;WZ2008 (ausgewählte Positionen): Tarifindex;WZ08-G;Handel, Instandhaltung und Reparatur von Kfz;95,8;2020=100;VST065;Index d.tarifl. Stundenverdienste ohne Sonderzahl.
62221;Vj. Index der Tarifverdienste und Arbeitszeiten;JAHR;Jahr;2018;DINSGF;Früheres Bundesgebiet / Neue Länder;DF;Früheres Bundesgebiet;WZ08C7;WZ2008 (ausgewählte Positionen): Tarifindex;WZ08-J;Information und Kommunikation;95,1;2020=100;VST072;Index d.tarifl. Stundenverdienste mit Sonderzahl.
62221;Vj. Index der Tarifverdienste und Arbeitszeiten;JAHR;Jahr;2018;DINSGF;Früheres Bundesgebiet / Neue Länder;DF;Früheres Bundesgebiet;WZ08C7;WZ2008 (ausgewählte Positionen): Tarifindex;WZ08-J;Information und Kommunikation;95,7;2020=100;VST073;Index d.tarifl. Monatsverdienste mit Sonderzahl.
62221;Vj. Index der Tarifverdienste und Arbeitszeiten;JAHR;Jahr;2018;DINSGF;Früheres Bundesgebiet / Neue Länder;DF;Früheres Bundesgebiet;WZ08C7;WZ2008 (ausgewählte Positionen): Tarifindex;WZ08-J;Information und Kommunikation;37,5;h;VST019;Durchschnittliche tarifliche Wochenarbeitszeit
62221;Vj. Index der Tarifverdienste und Arbeitszeiten;JAHR;Jahr;2018;DINSGF;Früheres Bundesgebiet / Neue Länder;DF;Früheres Bundesgebiet;WZ08C7;WZ2008 (ausgewählte Positionen): Tarifindex;WZ08-J;Information und Kommunikation;95,8;2020=100;VST066;Index d.tarifl. Monatsverdienste ohne Sonderzahl.
62221;Vj. Index der Tarifverdienste und Arbeitszeiten;JAHR;Jahr;2018;DINSGF;Früheres Bundesgebiet / Neue Länder;DF;Früheres Bundesgebiet;WZ08C7;WZ2008 (ausgewählte Positionen): Tarifindex;WZ08-J;Information und Kommunikation;100,6;2020=100;VST018;Index der tariflichen Wochenarbeitszeit
62221;Vj. Index der Tarifverdienste und Arbeitszeiten;JAHR;Jahr;2018;DINSGF;Früheres Bundesgebiet / Neue Länder;DF;Früheres Bundesgebiet;WZ08C7;WZ2008 (ausgewählte Positionen): Tarifindex;WZ08-J;Information und Kommunikation;95,2;2020=100;VST065;Index d.tarifl. Stundenverdienste ohne Sonderzahl.
62221;Vj. Index der Tarifverdienste und Arbeitszeiten;JAHR;Jahr;2023;DINSGF;Früheres Bundesgebiet / Neue Länder;DN;Neue Länder;WZ08C7;WZ2008 (ausgewählte Positionen): Tarifindex;WZ08-B-12;Prod. Gewerbe, Handel, Verkehr und Lagerei;108,8;2020=100;VST072;Index d.tarifl. Stundenverdienste mit Sonderzahl.
62221;Vj. Index der Tarifverdienste und Arbeitszeiten;JAHR;Jahr;2023;DINSGF;Früheres Bundesgebiet / Neue Länder;DN;Neue Länder;WZ08C7;WZ2008 (ausgewählte Positionen): Tarifindex;WZ08-B-12;Prod. Gewerbe, Handel, Verkehr und Lagerei;108,5;2020=100;VST073;Index d.tarifl. Monatsverdienste mit Sonderzahl.
62221;Vj. Index der Tarifverdienste und Arbeitszeiten;JAHR;Jahr;2023;DINSGF;Früheres Bundesgebiet / Neue Länder;DN;Neue Länder;WZ08C7;WZ2008 (ausgewählte Positionen): Tarifindex;WZ08-B-12;Prod. Gewerbe, Handel, Verkehr und Lagerei;38,6;h;VST019;Durchschnittliche tarifliche Wochenarbeitszeit
62221;Vj. Index der Tarifverdienste und Arbeitszeiten;JAHR;Jahr;2023;DINSGF;Früheres Bundesgebiet / Neue Länder;DN;Neue Länder;WZ08C7;WZ2008 (ausgewählte Positionen): Tarifindex;WZ08-B-12;Prod. Gewerbe, Handel, Verkehr und Lagerei;106,0;2020=100;VST066;Index d.tarifl. Monatsverdienste ohne Sonderzahl.
62221;Vj. Index der Tarifverdienste und Arbeitszeiten;JAHR;Jahr;2023;DINSGF;Früheres Bundesgebiet / Neue Länder;DN;Neue Länder;WZ08C7;WZ2008 (ausgewählte Positionen): Tarifindex;WZ08-B-12;Prod. Gewerbe, Handel, Verkehr und Lagerei;99,8;2020=100;VST018;Index der tariflichen Wochenarbeitszeit
62221;Vj. Index der Tarifverdienste und Arbeitszeiten;JAHR;Jahr;2023;DINSGF;Früheres Bundesgebiet / Neue Länder;DN;Neue Länder;WZ08C7;WZ2008 (ausgewählte Positionen): Tarifindex;WZ08-B-12;Prod. Gewerbe, Handel, Verkehr und Lagerei;106,3;2020=100;VST065;Index d.tarifl. Stundenverdienste ohne Sonderzahl.
62221;Vj. Index der Tarifverdienste und Arbeitszeiten;JAHR;Jahr;2016;DINSGF;Früheres Bundesgebiet / Neue Länder;DN;Neue Länder;WZ08C7;WZ2008 (ausgewählte Positionen): Tarifindex;WZ08-85;Erziehung und Unterricht;88,5;2020=100;VST072;Index d.tarifl. Stundenverdienste mit Sonderzahl.
62221;Vj. Index der Tarifverdienste und Arbeitszeiten;JAHR;Jahr;2016;DINSGF;Früheres Bundesgebiet / Neue Länder;DN;Neue Länder;WZ08C7;WZ2008 (ausgewählte Positionen): Tarifindex;WZ08-85;Erziehung und Unterricht;88,5;2020=100;VST073;Index d.tarifl. Monatsverdienste mit Sonderzahl.
62221;Vj. Index der Tarifverdienste und Arbeitszeiten;JAHR;Jahr;2016;DINSGF;Früheres Bundesgebiet / Neue Länder;DN;Neue Länder;WZ08C7;WZ2008 (ausgewählte Positionen): Tarifindex;WZ08-85;Erziehung und Unterricht;39,5;h;VST019;Durchschnittliche tarifliche Wochenarbeitszeit
62221;Vj. Index der Tarifverdienste und Arbeitszeiten;JAHR;Jahr;2016;DINSGF;Früheres Bundesgebiet / Neue Länder;DN;Neue Länder;WZ08C7;WZ2008 (ausgewählte Positionen): Tarifindex;WZ08-85;Erziehung und Unterricht;88,1;2020=100;VST066;Index d.tarifl. Monatsverdienste ohne Sonderzahl.
62221;Vj. Index der Tarifverdienste und Arbeitszeiten;JAHR;Jahr;2016;DINSGF;Früheres Bundesgebiet / Neue Länder;DN;Neue Länder;WZ08C7;WZ2008 (ausgewählte Positionen): Tarifindex;WZ08-85;Erziehung und Unterricht;100,0;2020=100;VST018;Index der tariflichen Wochenarbeitszeit
62221;Vj. Index der Tarifverdienste und Arbeitszeiten;JAHR;Jahr;2016;DINSGF;Früheres Bundesgebiet / Neue Länder;DN;Neue Länder;WZ08C7;WZ2008 (ausgewählte Positionen): Tarifindex;WZ08-85;Erziehung und Unterricht;88,1;2020=100;VST065;Index d.tarifl. Stundenverdienste ohne Sonderzahl.
62221;Vj. Index der Tarifverdienste und Arbeitszeiten;JAHR;Jahr;2017;DINSGF;Früheres Bundesgebiet / Neue Länder;DN;Neue Länder;WZ08C7;WZ2008 (ausgewählte Positionen): Tarifindex;WZ08-B-05;Produzierendes Gewerbe;92,3;2020=100;VST072;Index d.tarifl. Stundenverdienste mit Sonderzahl.
62221;Vj. Index der Tarifverdienste und Arbeitszeiten;JAHR;Jahr;2017;DINSGF;Früheres Bundesgebiet / Neue Länder;DN;Neue Länder;WZ08C7;WZ2008 (ausgewählte Positionen): Tarifindex;WZ08-B-05;Produzierendes Gewerbe;92,3;2020=100;VST073;Index d.tarifl. Monatsverdienste mit Sonderzahl.
62221;Vj. Index der Tarifverdienste und Arbeitszeiten;JAHR;Jahr;2017;DINSGF;Früheres Bundesgebiet / Neue Länder;DN;Neue Länder;WZ08C7;WZ2008 (ausgewählte Positionen): Tarifindex;WZ08-B-05;Produzierendes Gewerbe;38,6;h;VST019;Durchschnittliche tarifliche Wochenarbeitszeit
62221;Vj. Index der Tarifverdienste und Arbeitszeiten;JAHR;Jahr;2017;DINSGF;Früheres Bundesgebiet / Neue Länder;DN;Neue Länder;WZ08C7;WZ2008 (ausgewählte Positionen): Tarifindex;WZ08-B-05;Produzierendes Gewerbe;93,7;2020=100;VST066;Index d.tarifl. Monatsverdienste ohne Sonderzahl.
62221;Vj. Index der Tarifverdienste und Arbeitszeiten;JAHR;Jahr;2017;DINSGF;Früheres Bundesgebiet / Neue Länder;DN;Neue Länder;WZ08C7;WZ2008 (ausgewählte Positionen): Tarifindex;WZ08-B-05;Produzierendes Gewerbe;100,1;2020=100;VST018;Index der tariflichen Wochenarbeitszeit
62221;Vj. Index der Tarifverdienste und Arbeitszeiten;JAHR;Jahr;2017;DINSGF;Früheres Bundesgebiet / Neue Länder;DN;Neue Länder;WZ08C7;WZ2008 (ausgewählte Positionen): Tarifindex;WZ08-B-05;Produzierendes Gewerbe;93,6;2020=100;VST065;Index d.tarifl. Stundenverdienste ohne Sonderzahl.
62221;Vj. Index der Tarifverdienste und Arbeitszeiten;JAHR;Jahr;2016;DINSGF;Früheres Bundesgebiet / Neue Länder;DN;Neue Länder;WZ08C7;WZ2008 (ausgewählte Positionen): Tarifindex;WZ08-82;Dienstleistungen für Unternehmen u.Privatpers. ang;91,3;2020=100;VST072;Index d.tarifl. Stundenverdienste mit Sonderzahl.
62221;Vj. Index der Tarifverdienste und Arbeitszeiten;JAHR;Jahr;2016;DINSGF;Früheres Bundesgebiet / Neue Länder;DN;Neue Länder;WZ08C7;WZ2008 (ausgewählte Positionen): Tarifindex;WZ08-82;Dienstleistungen für Unternehmen u.Privatpers. ang;91,3;2020=100;VST073;Index d.tarifl. Monatsverdienste mit Sonderzahl.
62221;Vj. Index der Tarifverdienste und Arbeitszeiten;JAHR;Jahr;2016;DINSGF;Früheres Bundesgebiet / Neue Länder;DN;Neue Länder;WZ08C7;WZ2008 (ausgewählte Positionen): Tarifindex;WZ08-82;Dienstleistungen für Unternehmen u.Privatpers. ang;39,1;h;VST019;Durchschnittliche tarifliche Wochenarbeitszeit
62221;Vj. Index der Tarifverdienste und Arbeitszeiten;JAHR;Jahr;2016;DINSGF;Früheres Bundesgebiet / Neue Länder;DN;Neue Länder;WZ08C7;WZ2008 (ausgewählte Positionen): Tarifindex;WZ08-82;Dienstleistungen für Unternehmen u.Privatpers. ang;90,9;2020=100;VST066;Index d.tarifl. Monatsverdienste ohne Sonderzahl.
62221;Vj. Index der Tarifverdienste und Arbeitszeiten;JAHR;Jahr;2016;DINSGF;Früheres Bundesgebiet / Neue Länder;DN;Neue Länder;WZ08C7;WZ2008 (ausgewählte Positionen): Tarifindex;WZ08-82;Dienstleistungen für Unternehmen u.Privatpers. ang;100,0;2020=100;VST018;Index der tariflichen Wochenarbeitszeit
62221;Vj. Index der Tarifverdienste und Arbeitszeiten;JAHR;Jahr;2016;DINSGF;Früheres Bundesgebiet / Neue Länder;DN;Neue Länder;WZ08C7;WZ2008 (ausgewählte Positionen): Tarifindex;WZ08-82;Dienstleistungen für Unternehmen u.Privatpers. ang;90,9;2020=100;VST065;Index d.tarifl. Stundenverdienste ohne Sonderzahl.
62221;Vj. Index der Tarifverdienste und Arbeitszeiten;JAHR;Jahr;2019;DINSGF;Früheres Bundesgebiet / Neue Länder;DF;Früheres Bundesgebiet;WZ08C7;WZ2008 (ausgewählte Positionen): Tarifindex;WZ08-D-05;Energie- und Wasserversorgung, Entsorgung u.a.;97,8;2020=100;VST072;Index d.tarifl. Stundenverdienste mit Sonderzahl.
62221;Vj. Index der Tarifverdienste und Arbeitszeiten;JAHR;Jahr;2019;DINSGF;Früheres Bundesgebiet / Neue Länder;DF;Früheres Bundesgebiet;WZ08C7;WZ2008 (ausgewählte Positionen): Tarifindex;WZ08-D-05;Energie- und Wasserversorgung, Entsorgung u.a.;97,8;2020=100;VST073;Index d.tarifl. Monatsverdienste mit Sonderzahl.
62221;Vj. Index der Tarifverdienste und Arbeitszeiten;JAHR;Jahr;2019;DINSGF;Früheres Bundesgebiet / Neue Länder;DF;Früheres Bundesgebiet;WZ08C7;WZ2008 (ausgewählte Positionen): Tarifindex;WZ08-D-05;Energie- und Wasserversorgung, Entsorgung u.a.;38,7;h;VST019;Durchschnittliche tarifliche Wochenarbeitszeit
62221;Vj. Index der Tarifverdienste und Arbeitszeiten;JAHR;Jahr;2019;DINSGF;Früheres Bundesgebiet / Neue Länder;DF;Früheres Bundesgebiet;WZ08C7;WZ2008 (ausgewählte Positionen): Tarifindex;WZ08-D-05;Energie- und Wasserversorgung, Entsorgung u.a.;98,3;2020=100;VST066;Index d.tarifl. Monatsverdienste ohne Sonderzahl.
62221;Vj. Index der Tarifverdienste und Arbeitszeiten;JAHR;Jahr;2019;DINSGF;Früheres Bundesgebiet / Neue Länder;DF;Früheres Bundesgebiet;WZ08C7;WZ2008 (ausgewählte Positionen): Tarifindex;WZ08-D-05;Energie- und Wasserversorgung, Entsorgung u.a.;100,0;2020=100;VST018;Index der tariflichen Wochenarbeitszeit
62221;Vj. Index der Tarifverdienste und Arbeitszeiten;JAHR;Jahr;2019;DINSGF;Früheres Bundesgebiet / Neue Länder;DF;Früheres Bundesgebiet;WZ08C7;WZ2008 (ausgewählte Positionen): Tarifindex;WZ08-D-05;Energie- und Wasserversorgung, Entsorgung u.a.;98,3;2020=100;VST065;Index d.tarifl. Stundenverdienste ohne Sonderzahl.
62221;Vj. Index der Tarifverdienste und Arbeitszeiten;JAHR;Jahr;2022;DINSGF;Früheres Bundesgebiet / Neue Länder;DN;Neue Länder;WZ08C7;WZ2008 (ausgewählte Positionen): Tarifindex;WZ08-86;Gesundheitswesen;105,1;2020=100;VST072;Index d.tarifl. Stundenverdienste mit Sonderzahl.
62221;Vj. Index der Tarifverdienste und Arbeitszeiten;JAHR;Jahr;2022;DINSGF;Früheres Bundesgebiet / Neue Länder;DN;Neue Länder;WZ08C7;WZ2008 (ausgewählte Positionen): Tarifindex;WZ08-86;Gesundheitswesen;104,9;2020=100;VST073;Index d.tarifl. Monatsverdienste mit Sonderzahl.
62221;Vj. Index der Tarifverdienste und Arbeitszeiten;JAHR;Jahr;2022;DINSGF;Früheres Bundesgebiet / Neue Länder;DN;Neue Länder;WZ08C7;WZ2008 (ausgewählte Positionen): Tarifindex;WZ08-86;Gesundheitswesen;39,4;h;VST019;Durchschnittliche tarifliche Wochenarbeitszeit
62221;Vj. Index der Tarifverdienste und Arbeitszeiten;JAHR;Jahr;2022;DINSGF;Früheres Bundesgebiet / Neue Länder;DN;Neue Länder;WZ08C7;WZ2008 (ausgewählte Positionen): Tarifindex;WZ08-86;Gesundheitswesen;103,9;2020=100;VST066;Index d.tarifl. Monatsverdienste ohne Sonderzahl.
62221;Vj. Index der Tarifverdienste und Arbeitszeiten;JAHR;Jahr;2022;DINSGF;Früheres Bundesgebiet / Neue Länder;DN;Neue Länder;WZ08C7;WZ2008 (ausgewählte Positionen): Tarifindex;WZ08-86;Gesundheitswesen;99,8;2020=100;VST018;Index der tariflichen Wochenarbeitszeit
62221;Vj. Index der Tarifverdienste und Arbeitszeiten;JAHR;Jahr;2022;DINSGF;Früheres Bundesgebiet / Neue Länder;DN;Neue Länder;WZ08C7;WZ2008 (ausgewählte Positionen): Tarifindex;WZ08-86;Gesundheitswesen;104,1;2020=100;VST065;Index d.tarifl. Stundenverdienste ohne Sonderzahl.
62221;Vj. Index der Tarifverdienste und Arbeitszeiten;JAHR;Jahr;2020;DINSGF;Früheres Bundesgebiet / Neue Länder;DN;Neue Länder;WZ08C7;WZ2008 (ausgewählte Positionen): Tarifindex;WZ08-P;Erziehung und Unterricht;100,0;2020=100;VST072;Index d.tarifl. Stundenverdienste mit Sonderzahl.
62221;Vj. Index der Tarifverdienste und Arbeitszeiten;JAHR;Jahr;2020;DINSGF;Früheres Bundesgebiet / Neue Länder;DN;Neue Länder;WZ08C7;WZ2008 (ausgewählte Positionen): Tarifindex;WZ08-P;Erziehung und Unterricht;100,0;2020=100;VST073;Index d.tarifl. Monatsverdienste mit Sonderzahl.
62221;Vj. Index der Tarifverdienste und Arbeitszeiten;JAHR;Jahr;2020;DINSGF;Früheres Bundesgebiet / Neue Länder;DN;Neue Länder;WZ08C7;WZ2008 (ausgewählte Positionen): Tarifindex;WZ08-P;Erziehung und Unterricht;39,7;h;VST019;Durchschnittliche tarifliche Wochenarbeitszeit
62221;Vj. Index der Tarifverdienste und Arbeitszeiten;JAHR;Jahr;2020;DINSGF;Früheres Bundesgebiet / Neue Länder;DN;Neue Länder;WZ08C7;WZ2008 (ausgewählte Positionen): Tarifindex;WZ08-P;Erziehung und Unterricht;100,0;2020=100;VST066;Index d.tarifl. Monatsverdienste ohne Sonderzahl.
62221;Vj. Index der Tarifverdienste und Arbeitszeiten;JAHR;Jahr;2020;DINSGF;Früheres Bundesgebiet / Neue Länder;DN;Neue Länder;WZ08C7;WZ2008 (ausgewählte Positionen): Tarifindex;WZ08-P;Erziehung und Unterricht;100,0;2020=100;VST018;Index der tariflichen Wochenarbeitszeit
62221;Vj. Index der Tarifverdienste und Arbeitszeiten;JAHR;Jahr;2020;DINSGF;Früheres Bundesgebiet / Neue Länder;DN;Neue Länder;WZ08C7;WZ2008 (ausgewählte Positionen): Tarifindex;WZ08-P;Erziehung und Unterricht;100,0;2020=100;VST065;Index d.tarifl. Stundenverdienste ohne Sonderzahl.
62221;Vj. Index der Tarifverdienste und Arbeitszeiten;JAHR;Jahr;2016;DINSGF;Früheres Bundesgebiet / Neue Länder;DN;Neue Länder;WZ08C7;WZ2008 (ausgewählte Positionen): Tarifindex;WZ08-79;Reisebüros, -veranstalter u. sonst. Reservierungen;92,2;2020=100;VST072;Index d.tarifl. Stundenverdienste mit Sonderzahl.
62221;Vj. Index der Tarifverdienste und Arbeitszeiten;JAHR;Jahr;2016;DINSGF;Früheres Bundesgebiet / Neue Länder;DN;Neue Länder;WZ08C7;WZ2008 (ausgewählte Positionen): Tarifindex;WZ08-79;Reisebüros, -veranstalter u. sonst. Reservierungen;92,2;2020=100;VST073;Index d.tarifl. Monatsverdienste mit Sonderzahl.
62221;Vj. Index der Tarifverdienste und Arbeitszeiten;JAHR;Jahr;2016;DINSGF;Früheres Bundesgebiet / Neue Länder;DN;Neue Länder;WZ08C7;WZ2008 (ausgewählte Positionen): Tarifindex;WZ08-79;Reisebüros, -veranstalter u. sonst. Reservierungen;38,9;h;VST019;Durchschnittliche tarifliche Wochenarbeitszeit
62221;Vj. Index der Tarifverdienste und Arbeitszeiten;JAHR;Jahr;2016;DINSGF;Früheres Bundesgebiet / Neue Länder;DN;Neue Länder;WZ08C7;WZ2008 (ausgewählte Positionen): Tarifindex;WZ08-79;Reisebüros, -veranstalter u. sonst. Reservierungen;91,7;2020=100;VST066;Index d.tarifl. Monatsverdienste ohne Sonderzahl.
62221;Vj. Index der Tarifverdienste und Arbeitszeiten;JAHR;Jahr;2016;DINSGF;Früheres Bundesgebiet / Neue Länder;DN;Neue Länder;WZ08C7;WZ2008 (ausgewählte Positionen): Tarifindex;WZ08-79;Reisebüros, -veranstalter u. sonst. Reservierungen;100,0;2020=100;VST018;Index der tariflichen Wochenarbeitszeit
62221;Vj. Index der Tarifverdienste und Arbeitszeiten;JAHR;Jahr;2016;DINSGF;Früheres Bundesgebiet / Neue Länder;DN;Neue Länder;WZ08C7;WZ2008 (ausgewählte Positionen): Tarifindex;WZ08-79;Reisebüros, -veranstalter u. sonst. Reservierungen;91,7;2020=100;VST065;Index d.tarifl. Stundenverdienste ohne Sonderzahl.
62221;Vj. Index der Tarifverdienste und Arbeitszeiten;JAHR;Jahr;2020;DINSGF;Früheres Bundesgebiet / Neue Länder;DN;Neue Länder;WZ08C7;WZ2008 (ausgewählte Positionen): Tarifindex;WZ08-S;Erbringung von sonstigen Dienstleistungen;100,0;2020=100;VST072;Index d.tarifl. Stundenverdienste mit Sonderzahl.
62221;Vj. Index der Tarifverdienste und Arbeitszeiten;JAHR;Jahr;2020;DINSGF;Früheres Bundesgebiet / Neue Länder;DN;Neue Länder;WZ08C7;WZ2008 (ausgewählte Positionen): Tarifindex;WZ08-S;Erbringung von sonstigen Dienstleistungen;100,0;2020=100;VST073;Index d.tarifl. Monatsverdienste mit Sonderzahl.
62221;Vj. Index der Tarifverdienste und Arbeitszeiten;JAHR;Jahr;2020;DINSGF;Früheres Bundesgebiet / Neue Länder;DN;Neue Länder;WZ08C7;WZ2008 (ausgewählte Positionen): Tarifindex;WZ08-S;Erbringung von sonstigen Dienstleistungen;39,6;h;VST019;Durchschnittliche tarifliche Wochenarbeitszeit
62221;Vj. Index der Tarifverdienste und Arbeitszeiten;JAHR;Jahr;2020;DINSGF;Früheres Bundesgebiet / Neue Länder;DN;Neue Länder;WZ08C7;WZ2008 (ausgewählte Positionen): Tarifindex;WZ08-S;Erbringung von sonstigen Dienstleistungen;100,0;2020=100;VST066;Index d.tarifl. Monatsverdienste ohne Sonderzahl.
62221;Vj. Index der Tarifverdienste und Arbeitszeiten;JAHR;Jahr;2020;DINSGF;Früheres Bundesgebiet / Neue Länder;DN;Neue Länder;WZ08C7;WZ2008 (ausgewählte Positionen): Tarifindex;WZ08-S;Erbringung von sonstigen Dienstleistungen;100,0;2020=100;VST018;Index der tariflichen Wochenarbeitszeit
62221;Vj. Index der Tarifverdienste und Arbeitszeiten;JAHR;Jahr;2020;DINSGF;Früheres Bundesgebiet / Neue Länder;DN;Neue Länder;WZ08C7;WZ2008 (ausgewählte Positionen): Tarifindex;WZ08-S;Erbringung von sonstigen Dienstleistungen;100,0;2020=100;VST065;Index d.tarifl. Stundenverdienste ohne Sonderzahl.
62221;Vj. Index der Tarifverdienste und Arbeitszeiten;JAHR;Jahr;2024;DINSGF;Früheres Bundesgebiet / Neue Länder;DF;Früheres Bundesgebiet;WZ08C7;WZ2008 (ausgewählte Positionen): Tarifindex;WZ08-37;Abwasserentsorgung;111,8;2020=100;VST072;Index d.tarifl. Stundenverdienste mit Sonderzahl.
62221;Vj. Index der Tarifverdienste und Arbeitszeiten;JAHR;Jahr;2024;DINSGF;Früheres Bundesgebiet / Neue Länder;DF;Früheres Bundesgebiet;WZ08C7;WZ2008 (ausgewählte Positionen): Tarifindex;WZ08-37;Abwasserentsorgung;111,8;2020=100;VST073;Index d.tarifl. Monatsverdienste mit Sonderzahl.
62221;Vj. Index der Tarifverdienste und Arbeitszeiten;JAHR;Jahr;2024;DINSGF;Früheres Bundesgebiet / Neue Länder;DF;Früheres Bundesgebiet;WZ08C7;WZ2008 (ausgewählte Positionen): Tarifindex;WZ08-37;Abwasserentsorgung;39,0;h;VST019;Durchschnittliche tarifliche Wochenarbeitszeit
62221;Vj. Index der Tarifverdienste und Arbeitszeiten;JAHR;Jahr;2024;DINSGF;Früheres Bundesgebiet / Neue Länder;DF;Früheres Bundesgebiet;WZ08C7;WZ2008 (ausgewählte Positionen): Tarifindex;WZ08-37;Abwasserentsorgung;111,7;2020=100;VST066;Index d.tarifl. Monatsverdienste ohne Sonderzahl.
62221;Vj. Index der Tarifverdienste und Arbeitszeiten;JAHR;Jahr;2024;DINSGF;Früheres Bundesgebiet / Neue Länder;DF;Früheres Bundesgebiet;WZ08C7;WZ2008 (ausgewählte Positionen): Tarifindex;WZ08-37;Abwasserentsorgung;100,0;2020=100;VST018;Index der tariflichen Wochenarbeitszeit
62221;Vj. Index der Tarifverdienste und Arbeitszeiten;JAHR;Jahr;2024;DINSGF;Früheres Bundesgebiet / Neue Länder;DF;Früheres Bundesgebiet;WZ08C7;WZ2008 (ausgewählte Positionen): Tarifindex;WZ08-37;Abwasserentsorgung;111,7;2020=100;VST065;Index d.tarifl. Stundenverdienste ohne Sonderzahl.
62221;Vj. Index der Tarifverdienste und Arbeitszeiten;JAHR;Jahr;2022;DINSGF;Früheres Bundesgebiet / Neue Länder;DN;Neue Länder;WZ08C7;WZ2008 (ausgewählte Positionen): Tarifindex;WZ08-491-01;Personen- u. Güterbeförderung im Eisenbahnverkehr;103,8;2020=100;VST072;Index d.tarifl. Stundenverdienste mit Sonderzahl.
62221;Vj. Index der Tarifverdienste und Arbeitszeiten;JAHR;Jahr;2022;DINSGF;Früheres Bundesgebiet / Neue Länder;DN;Neue Länder;WZ08C7;WZ2008 (ausgewählte Positionen): Tarifindex;WZ08-491-01;Personen- u. Güterbeförderung im Eisenbahnverkehr;103,8;2020=100;VST073;Index d.tarifl. Monatsverdienste mit Sonderzahl.
62221;Vj. Index der Tarifverdienste und Arbeitszeiten;JAHR;Jahr;2022;DINSGF;Früheres Bundesgebiet / Neue Länder;DN;Neue Länder;WZ08C7;WZ2008 (ausgewählte Positionen): Tarifindex;WZ08-491-01;Personen- u. Güterbeförderung im Eisenbahnverkehr;39,9;h;VST019;Durchschnittliche tarifliche Wochenarbeitszeit
62221;Vj. Index der Tarifverdienste und Arbeitszeiten;JAHR;Jahr;2022;DINSGF;Früheres Bundesgebiet / Neue Länder;DN;Neue Länder;WZ08C7;WZ2008 (ausgewählte Positionen): Tarifindex;WZ08-491-01;Personen- u. Güterbeförderung im Eisenbahnverkehr;102,9;2020=100;VST066;Index d.tarifl. Monatsverdienste ohne Sonderzahl.
62221;Vj. Index der Tarifverdienste und Arbeitszeiten;JAHR;Jahr;2022;DINSGF;Früheres Bundesgebiet / Neue Länder;DN;Neue Länder;WZ08C7;WZ2008 (ausgewählte Positionen): Tarifindex;WZ08-491-01;Personen- u. Güterbeförderung im Eisenbahnverkehr;100,0;2020=100;VST018;Index der tariflichen Wochenarbeitszeit
62221;Vj. Index der Tarifverdienste und Arbeitszeiten;JAHR;Jahr;2022;DINSGF;Früheres Bundesgebiet / Neue Länder;DN;Neue Länder;WZ08C7;WZ2008 (ausgewählte Positionen): Tarifindex;WZ08-491-01;Personen- u. Güterbeförderung im Eisenbahnverkehr;102,9;2020=100;VST065;Index d.tarifl. Stundenverdienste ohne Sonderzahl.
62221;Vj. Index der Tarifverdienste und Arbeitszeiten;JAHR;Jahr;2021;DINSGF;Früheres Bundesgebiet / Neue Länder;DF;Früheres Bundesgebiet;WZ08C7;WZ2008 (ausgewählte Positionen): Tarifindex;WZ08-72-01;Forschung,Werbung u.Marktforschung,Veterinärwesen;101,2;2020=100;VST072;Index d.tarifl. Stundenverdienste mit Sonderzahl.
62221;Vj. Index der Tarifverdienste und Arbeitszeiten;JAHR;Jahr;2021;DINSGF;Früheres Bundesgebiet / Neue Länder;DF;Früheres Bundesgebiet;WZ08C7;WZ2008 (ausgewählte Positionen): Tarifindex;WZ08-72-01;Forschung,Werbung u.Marktforschung,Veterinärwesen;101,2;2020=100;VST073;Index d.tarifl. Monatsverdienste mit Sonderzahl.
62221;Vj. Index der Tarifverdienste und Arbeitszeiten;JAHR;Jahr;2021;DINSGF;Früheres Bundesgebiet / Neue Länder;DF;Früheres Bundesgebiet;WZ08C7;WZ2008 (ausgewählte Positionen): Tarifindex;WZ08-72-01;Forschung,Werbung u.Marktforschung,Veterinärwesen;38,9;h;VST019;Durchschnittliche tarifliche Wochenarbeitszeit
62221;Vj. Index der Tarifverdienste und Arbeitszeiten;JAHR;Jahr;2021;DINSGF;Früheres Bundesgebiet / Neue Länder;DF;Früheres Bundesgebiet;WZ08C7;WZ2008 (ausgewählte Positionen): Tarifindex;WZ08-72-01;Forschung,Werbung u.Marktforschung,Veterinärwesen;101,2;2020=100;VST066;Index d.tarifl. Monatsverdienste ohne Sonderzahl.
62221;Vj. Index der Tarifverdienste und Arbeitszeiten;JAHR;Jahr;2021;DINSGF;Früheres Bundesgebiet / Neue Länder;DF;Früheres Bundesgebiet;WZ08C7;WZ2008 (ausgewählte Positionen): Tarifindex;WZ08-72-01;Forschung,Werbung u.Marktforschung,Veterinärwesen;100,0;2020=100;VST018;Index der tariflichen Wochenarbeitszeit
62221;Vj. Index der Tarifverdienste und Arbeitszeiten;JAHR;Jahr;2021;DINSGF;Früheres Bundesgebiet / Neue Länder;DF;Früheres Bundesgebiet;WZ08C7;WZ2008 (ausgewählte Positionen): Tarifindex;WZ08-72-01;Forschung,Werbung u.Marktforschung,Veterinärwesen;101,2;2020=100;VST065;Index d.tarifl. Stundenverdienste ohne Sonderzahl.
62221;Vj. Index der Tarifverdienste und Arbeitszeiten;JAHR;Jahr;2025;DINSGF;Früheres Bundesgebiet / Neue Länder;DF;Früheres Bundesgebiet;WZ08C7;WZ2008 (ausgewählte Positionen): Tarifindex;WZ08-24-01;Metallgewerbe;113,7;2020=100;VST072;Index d.tarifl. Stundenverdienste mit Sonderzahl.
62221;Vj. Index der Tarifverdienste und Arbeitszeiten;JAHR;Jahr;2025;DINSGF;Früheres Bundesgebiet / Neue Länder;DF;Früheres Bundesgebiet;WZ08C7;WZ2008 (ausgewählte Positionen): Tarifindex;WZ08-24-01;Metallgewerbe;113,7;2020=100;VST073;Index d.tarifl. Monatsverdienste mit Sonderzahl.
62221;Vj. Index der Tarifverdienste und Arbeitszeiten;JAHR;Jahr;2025;DINSGF;Früheres Bundesgebiet / Neue Länder;DF;Früheres Bundesgebiet;WZ08C7;WZ2008 (ausgewählte Positionen): Tarifindex;WZ08-24-01;Metallgewerbe;35,5;h;VST019;Durchschnittliche tarifliche Wochenarbeitszeit
62221;Vj. Index der Tarifverdienste und Arbeitszeiten;JAHR;Jahr;2025;DINSGF;Früheres Bundesgebiet / Neue Länder;DF;Früheres Bundesgebiet;WZ08C7;WZ2008 (ausgewählte Positionen): Tarifindex;WZ08-24-01;Metallgewerbe;111,1;2020=100;VST066;Index d.tarifl. Monatsverdienste ohne Sonderzahl.
62221;Vj. Index der Tarifverdienste und Arbeitszeiten;JAHR;Jahr;2025;DINSGF;Früheres Bundesgebiet / Neue Länder;DF;Früheres Bundesgebiet;WZ08C7;WZ2008 (ausgewählte Positionen): Tarifindex;WZ08-24-01;Metallgewerbe;100,0;2020=100;VST018;Index der tariflichen Wochenarbeitszeit
62221;Vj. Index der Tarifverdienste und Arbeitszeiten;JAHR;Jahr;2025;DINSGF;Früheres Bundesgebiet / Neue Länder;DF;Früheres Bundesgebiet;WZ08C7;WZ2008 (ausgewählte Positionen): Tarifindex;WZ08-24-01;Metallgewerbe;111,1;2020=100;VST065;Index d.tarifl. Stundenverdienste ohne Sonderzahl.
62221;Vj. Index der Tarifverdienste und Arbeitszeiten;JAHR;Jahr;2025;DINSGF;Früheres Bundesgebiet / Neue Länder;DF;Früheres Bundesgebiet;WZ08C7;WZ2008 (ausgewählte Positionen): Tarifindex;WZ08-94;Interessenvertr., kirchl. u. sonst. Vereinigungen;114,7;2020=100;VST072;Index d.tarifl. Stundenverdienste mit Sonderzahl.
62221;Vj. Index der Tarifverdienste und Arbeitszeiten;JAHR;Jahr;2025;DINSGF;Früheres Bundesgebiet / Neue Länder;DF;Früheres Bundesgebiet;WZ08C7;WZ2008 (ausgewählte Positionen): Tarifindex;WZ08-94;Interessenvertr., kirchl. u. sonst. Vereinigungen;114,7;2020=100;VST073;Index d.tarifl. Monatsverdienste mit Sonderzahl.
62221;Vj. Index der Tarifverdienste und Arbeitszeiten;JAHR;Jahr;2025;DINSGF;Früheres Bundesgebiet / Neue Länder;DF;Früheres Bundesgebiet;WZ08C7;WZ2008 (ausgewählte Positionen): Tarifindex;WZ08-94;Interessenvertr., kirchl. u. sonst. Vereinigungen;39,3;h;VST019;Durchschnittliche tarifliche Wochenarbeitszeit
62221;Vj. Index der Tarifverdienste und Arbeitszeiten;JAHR;Jahr;2025;DINSGF;Früheres Bundesgebiet / Neue Länder;DF;Früheres Bundesgebiet;WZ08C7;WZ2008 (ausgewählte Positionen): Tarifindex;WZ08-94;Interessenvertr., kirchl. u. sonst. Vereinigungen;114,8;2020=100;VST066;Index d.tarifl. Monatsverdienste ohne Sonderzahl.
62221;Vj. Index der Tarifverdienste und Arbeitszeiten;JAHR;Jahr;2025;DINSGF;Früheres Bundesgebiet / Neue Länder;DF;Früheres Bundesgebiet;WZ08C7;WZ2008 (ausgewählte Positionen): Tarifindex;WZ08-94;Interessenvertr., kirchl. u. sonst. Vereinigungen;100,0;2020=100;VST018;Index der tariflichen Wochenarbeitszeit
62221;Vj. Index der Tarifverdienste und Arbeitszeiten;JAHR;Jahr;2025;DINSGF;Früheres Bundesgebiet / Neue Länder;DF;Früheres Bundesgebiet;WZ08C7;WZ2008 (ausgewählte Positionen): Tarifindex;WZ08-94;Interessenvertr., kirchl. u. sonst. Vereinigungen;114,8;2020=100;VST065;Index d.tarifl. Stundenverdienste ohne Sonderzahl.
62221;Vj. Index der Tarifverdienste und Arbeitszeiten;JAHR;Jahr;2020;DINSGF;Früheres Bundesgebiet / Neue Länder;DN;Neue Länder;WZ08C7;WZ2008 (ausgewählte Positionen): Tarifindex;WZ08-51;Luftfahrt;100,0;2020=100;VST072;Index d.tarifl. Stundenverdienste mit Sonderzahl.
62221;Vj. Index der Tarifverdienste und Arbeitszeiten;JAHR;Jahr;2020;DINSGF;Früheres Bundesgebiet / Neue Länder;DN;Neue Länder;WZ08C7;WZ2008 (ausgewählte Positionen): Tarifindex;WZ08-51;Luftfahrt;100,0;2020=100;VST073;Index d.tarifl. Monatsverdienste mit Sonderzahl.
62221;Vj. Index der Tarifverdienste und Arbeitszeiten;JAHR;Jahr;2020;DINSGF;Früheres Bundesgebiet / Neue Länder;DN;Neue Länder;WZ08C7;WZ2008 (ausgewählte Positionen): Tarifindex;WZ08-51;Luftfahrt;39,8;h;VST019;Durchschnittliche tarifliche Wochenarbeitszeit
62221;Vj. Index der Tarifverdienste und Arbeitszeiten;JAHR;Jahr;2020;DINSGF;Früheres Bundesgebiet / Neue Länder;DN;Neue Länder;WZ08C7;WZ2008 (ausgewählte Positionen): Tarifindex;WZ08-51;Luftfahrt;100,0;2020=100;VST066;Index d.tarifl. Monatsverdienste ohne Sonderzahl.
62221;Vj. Index der Tarifverdienste und Arbeitszeiten;JAHR;Jahr;2020;DINSGF;Früheres Bundesgebiet / Neue Länder;DN;Neue Länder;WZ08C7;WZ2008 (ausgewählte Positionen): Tarifindex;WZ08-51;Luftfahrt;100,0;2020=100;VST018;Index der tariflichen Wochenarbeitszeit
62221;Vj. Index der Tarifverdienste und Arbeitszeiten;JAHR;Jahr;2020;DINSGF;Früheres Bundesgebiet / Neue Länder;DN;Neue Länder;WZ08C7;WZ2008 (ausgewählte Positionen): Tarifindex;WZ08-51;Luftfahrt;100,0;2020=100;VST065;Index d.tarifl. Stundenverdienste ohne Sonderzahl.
62221;Vj. Index der Tarifverdienste und Arbeitszeiten;JAHR;Jahr;2019;DINSGF;Früheres Bundesgebiet / Neue Länder;DN;Neue Länder;WZ08C7;WZ2008 (ausgewählte Positionen): Tarifindex;WZ08-61;Telekommunikation;98,0;2020=100;VST072;Index d.tarifl. Stundenverdienste mit Sonderzahl.
62221;Vj. Index der Tarifverdienste und Arbeitszeiten;JAHR;Jahr;2019;DINSGF;Früheres Bundesgebiet / Neue Länder;DN;Neue Länder;WZ08C7;WZ2008 (ausgewählte Positionen): Tarifindex;WZ08-61;Telekommunikation;98,0;2020=100;VST073;Index d.tarifl. Monatsverdienste mit Sonderzahl.
62221;Vj. Index der Tarifverdienste und Arbeitszeiten;JAHR;Jahr;2019;DINSGF;Früheres Bundesgebiet / Neue Länder;DN;Neue Länder;WZ08C7;WZ2008 (ausgewählte Positionen): Tarifindex;WZ08-61;Telekommunikation;36,2;h;VST019;Durchschnittliche tarifliche Wochenarbeitszeit
62221;Vj. Index der Tarifverdienste und Arbeitszeiten;JAHR;Jahr;2019;DINSGF;Früheres Bundesgebiet / Neue Länder;DN;Neue Länder;WZ08C7;WZ2008 (ausgewählte Positionen): Tarifindex;WZ08-61;Telekommunikation;98,0;2020=100;VST066;Index d.tarifl. Monatsverdienste ohne Sonderzahl.
62221;Vj. Index der Tarifverdienste und Arbeitszeiten;JAHR;Jahr;2019;DINSGF;Früheres Bundesgebiet / Neue Länder;DN;Neue Länder;WZ08C7;WZ2008 (ausgewählte Positionen): Tarifindex;WZ08-61;Telekommunikation;100,0;2020=100;VST018;Index der tariflichen Wochenarbeitszeit
62221;Vj. Index der Tarifverdienste und Arbeitszeiten;JAHR;Jahr;2019;DINSGF;Früheres Bundesgebiet / Neue Länder;DN;Neue Länder;WZ08C7;WZ2008 (ausgewählte Positionen): Tarifindex;WZ08-61;Telekommunikation;98,0;2020=100;VST065;Index d.tarifl. Stundenverdienste ohne Sonderzahl.
62221;Vj. Index der Tarifverdienste und Arbeitszeiten;JAHR;Jahr;2024;DINSGF;Früheres Bundesgebiet / Neue Länder;DF;Früheres Bundesgebiet;WZ08C7;WZ2008 (ausgewählte Positionen): Tarifindex;WZ08-O-01;Öffentliche und persönliche Dienstleistungen;111,4;2020=100;VST072;Index d.tarifl. Stundenverdienste mit Sonderzahl.
62221;Vj. Index der Tarifverdienste und Arbeitszeiten;JAHR;Jahr;2024;DINSGF;Früheres Bundesgebiet / Neue Länder;DF;Früheres Bundesgebiet;WZ08C7;WZ2008 (ausgewählte Positionen): Tarifindex;WZ08-O-01;Öffentliche und persönliche Dienstleistungen;111,4;2020=100;VST073;Index d.tarifl. Monatsverdienste mit Sonderzahl.
62221;Vj. Index der Tarifverdienste und Arbeitszeiten;JAHR;Jahr;2024;DINSGF;Früheres Bundesgebiet / Neue Länder;DF;Früheres Bundesgebiet;WZ08C7;WZ2008 (ausgewählte Positionen): Tarifindex;WZ08-O-01;Öffentliche und persönliche Dienstleistungen;39,8;h;VST019;Durchschnittliche tarifliche Wochenarbeitszeit
62221;Vj. Index der Tarifverdienste und Arbeitszeiten;JAHR;Jahr;2024;DINSGF;Früheres Bundesgebiet / Neue Länder;DF;Früheres Bundesgebiet;WZ08C7;WZ2008 (ausgewählte Positionen): Tarifindex;WZ08-O-01;Öffentliche und persönliche Dienstleistungen;109,0;2020=100;VST066;Index d.tarifl. Monatsverdienste ohne Sonderzahl.
62221;Vj. Index der Tarifverdienste und Arbeitszeiten;JAHR;Jahr;2024;DINSGF;Früheres Bundesgebiet / Neue Länder;DF;Früheres Bundesgebiet;WZ08C7;WZ2008 (ausgewählte Positionen): Tarifindex;WZ08-O-01;Öffentliche und persönliche Dienstleistungen;99,9;2020=100;VST018;Index der tariflichen Wochenarbeitszeit
62221;Vj. Index der Tarifverdienste und Arbeitszeiten;JAHR;Jahr;2024;DINSGF;Früheres Bundesgebiet / Neue Länder;DF;Früheres Bundesgebiet;WZ08C7;WZ2008 (ausgewählte Positionen): Tarifindex;WZ08-O-01;Öffentliche und persönliche Dienstleistungen;109,0;2020=100;VST065;Index d.tarifl. Stundenverdienste ohne Sonderzahl.
62221;Vj. Index der Tarifverdienste und Arbeitszeiten;JAHR;Jahr;2019;DINSGF;Früheres Bundesgebiet / Neue Länder;DN;Neue Länder;WZ08C7;WZ2008 (ausgewählte Positionen): Tarifindex;WZ08-64;Erbringung von Finanzdienstleistungen;97,7;2020=100;VST072;Index d.tarifl. Stundenverdienste mit Sonderzahl.
62221;Vj. Index der Tarifverdienste und Arbeitszeiten;JAHR;Jahr;2019;DINSGF;Früheres Bundesgebiet / Neue Länder;DN;Neue Länder;WZ08C7;WZ2008 (ausgewählte Positionen): Tarifindex;WZ08-64;Erbringung von Finanzdienstleistungen;97,7;2020=100;VST073;Index d.tarifl. Monatsverdienste mit Sonderzahl.
62221;Vj. Index der Tarifverdienste und Arbeitszeiten;JAHR;Jahr;2019;DINSGF;Früheres Bundesgebiet / Neue Länder;DN;Neue Länder;WZ08C7;WZ2008 (ausgewählte Positionen): Tarifindex;WZ08-64;Erbringung von Finanzdienstleistungen;39,0;h;VST019;Durchschnittliche tarifliche Wochenarbeitszeit
62221;Vj. Index der Tarifverdienste und Arbeitszeiten;JAHR;Jahr;2019;DINSGF;Früheres Bundesgebiet / Neue Länder;DN;Neue Länder;WZ08C7;WZ2008 (ausgewählte Positionen): Tarifindex;WZ08-64;Erbringung von Finanzdienstleistungen;98,3;2020=100;VST066;Index d.tarifl. Monatsverdienste ohne Sonderzahl.
62221;Vj. Index der Tarifverdienste und Arbeitszeiten;JAHR;Jahr;2019;DINSGF;Früheres Bundesgebiet / Neue Länder;DN;Neue Länder;WZ08C7;WZ2008 (ausgewählte Positionen): Tarifindex;WZ08-64;Erbringung von Finanzdienstleistungen;100,0;2020=100;VST018;Index der tariflichen Wochenarbeitszeit
62221;Vj. Index der Tarifverdienste und Arbeitszeiten;JAHR;Jahr;2019;DINSGF;Früheres Bundesgebiet / Neue Länder;DN;Neue Länder;WZ08C7;WZ2008 (ausgewählte Positionen): Tarifindex;WZ08-64;Erbringung von Finanzdienstleistungen;98,3;2020=100;VST065;Index d.tarifl. Stundenverdienste ohne Sonderzahl.
62221;Vj. Index der Tarifverdienste und Arbeitszeiten;JAHR;Jahr;2018;DINSGF;Früheres Bundesgebiet / Neue Länder;DF;Früheres Bundesgebiet;WZ08C7;WZ2008 (ausgewählte Positionen): Tarifindex;WZ08-66;Mit Finanz- u. Versicherungsdienstl. verb. Tätigk.;96,3;2020=100;VST072;Index d.tarifl. Stundenverdienste mit Sonderzahl.
62221;Vj. Index der Tarifverdienste und Arbeitszeiten;JAHR;Jahr;2018;DINSGF;Früheres Bundesgebiet / Neue Länder;DF;Früheres Bundesgebiet;WZ08C7;WZ2008 (ausgewählte Positionen): Tarifindex;WZ08-66;Mit Finanz- u. Versicherungsdienstl. verb. Tätigk.;96,3;2020=100;VST073;Index d.tarifl. Monatsverdienste mit Sonderzahl.
62221;Vj. Index der Tarifverdienste und Arbeitszeiten;JAHR;Jahr;2018;DINSGF;Früheres Bundesgebiet / Neue Länder;DF;Früheres Bundesgebiet;WZ08C7;WZ2008 (ausgewählte Positionen): Tarifindex;WZ08-66;Mit Finanz- u. Versicherungsdienstl. verb. Tätigk.;38,1;h;VST019;Durchschnittliche tarifliche Wochenarbeitszeit
62221;Vj. Index der Tarifverdienste und Arbeitszeiten;JAHR;Jahr;2018;DINSGF;Früheres Bundesgebiet / Neue Länder;DF;Früheres Bundesgebiet;WZ08C7;WZ2008 (ausgewählte Positionen): Tarifindex;WZ08-66;Mit Finanz- u. Versicherungsdienstl. verb. Tätigk.;96,5;2020=100;VST066;Index d.tarifl. Monatsverdienste ohne Sonderzahl.
62221;Vj. Index der Tarifverdienste und Arbeitszeiten;JAHR;Jahr;2018;DINSGF;Früheres Bundesgebiet / Neue Länder;DF;Früheres Bundesgebiet;WZ08C7;WZ2008 (ausgewählte Positionen): Tarifindex;WZ08-66;Mit Finanz- u. Versicherungsdienstl. verb. Tätigk.;100,0;2020=100;VST018;Index der tariflichen Wochenarbeitszeit
62221;Vj. Index der Tarifverdienste und Arbeitszeiten;JAHR;Jahr;2018;DINSGF;Früheres Bundesgebiet / Neue Länder;DF;Früheres Bundesgebiet;WZ08C7;WZ2008 (ausgewählte Positionen): Tarifindex;WZ08-66;Mit Finanz- u. Versicherungsdienstl. verb. Tätigk.;96,5;2020=100;VST065;Index d.tarifl. Stundenverdienste ohne Sonderzahl.
62221;Vj. Index der Tarifverdienste und Arbeitszeiten;JAHR;Jahr;2020;DINSGF;Früheres Bundesgebiet / Neue Länder;DN;Neue Länder;WZ08C7;WZ2008 (ausgewählte Positionen): Tarifindex;WZ08-G;Handel, Instandhaltung und Reparatur von Kfz;100,0;2020=100;VST072;Index d.tarifl. Stundenverdienste mit Sonderzahl.
62221;Vj. Index der Tarifverdienste und Arbeitszeiten;JAHR;Jahr;2020;DINSGF;Früheres Bundesgebiet / Neue Länder;DN;Neue Länder;WZ08C7;WZ2008 (ausgewählte Positionen): Tarifindex;WZ08-G;Handel, Instandhaltung und Reparatur von Kfz;100,0;2020=100;VST073;Index d.tarifl. Monatsverdienste mit Sonderzahl.
62221;Vj. Index der Tarifverdienste und Arbeitszeiten;JAHR;Jahr;2020;DINSGF;Früheres Bundesgebiet / Neue Länder;DN;Neue Länder;WZ08C7;WZ2008 (ausgewählte Positionen): Tarifindex;WZ08-G;Handel, Instandhaltung und Reparatur von Kfz;38,3;h;VST019;Durchschnittliche tarifliche Wochenarbeitszeit
62221;Vj. Index der Tarifverdienste und Arbeitszeiten;JAHR;Jahr;2020;DINSGF;Früheres Bundesgebiet / Neue Länder;DN;Neue Länder;WZ08C7;WZ2008 (ausgewählte Positionen): Tarifindex;WZ08-G;Handel, Instandhaltung und Reparatur von Kfz;100,0;2020=100;VST066;Index d.tarifl. Monatsverdienste ohne Sonderzahl.
62221;Vj. Index der Tarifverdienste und Arbeitszeiten;JAHR;Jahr;2020;DINSGF;Früheres Bundesgebiet / Neue Länder;DN;Neue Länder;WZ08C7;WZ2008 (ausgewählte Positionen): Tarifindex;WZ08-G;Handel, Instandhaltung und Reparatur von Kfz;100,0;2020=100;VST018;Index der tariflichen Wochenarbeitszeit
62221;Vj. Index der Tarifverdienste und Arbeitszeiten;JAHR;Jahr;2020;DINSGF;Früheres Bundesgebiet / Neue Länder;DN;Neue Länder;WZ08C7;WZ2008 (ausgewählte Positionen): Tarifindex;WZ08-G;Handel, Instandhaltung und Reparatur von Kfz;100,0;2020=100;VST065;Index d.tarifl. Stundenverdienste ohne Sonderzahl.
62221;Vj. Index der Tarifverdienste und Arbeitszeiten;JAHR;Jahr;2020;DINSGF;Früheres Bundesgebiet / Neue Länder;DF;Früheres Bundesgebiet;WZ08C7;WZ2008 (ausgewählte Positionen): Tarifindex;WZ08-26;H.v. DV-Geräten, elektron. u. opt. Erzeugnissen;100,0;2020=100;VST072;Index d.tarifl. Stundenverdienste mit Sonderzahl.
62221;Vj. Index der Tarifverdienste und Arbeitszeiten;JAHR;Jahr;2020;DINSGF;Früheres Bundesgebiet / Neue Länder;DF;Früheres Bundesgebiet;WZ08C7;WZ2008 (ausgewählte Positionen): Tarifindex;WZ08-26;H.v. DV-Geräten, elektron. u. opt. Erzeugnissen;100,0;2020=100;VST073;Index d.tarifl. Monatsverdienste mit Sonderzahl.
62221;Vj. Index der Tarifverdienste und Arbeitszeiten;JAHR;Jahr;2020;DINSGF;Früheres Bundesgebiet / Neue Länder;DF;Früheres Bundesgebiet;WZ08C7;WZ2008 (ausgewählte Positionen): Tarifindex;WZ08-26;H.v. DV-Geräten, elektron. u. opt. Erzeugnissen;35,2;h;VST019;Durchschnittliche tarifliche Wochenarbeitszeit
62221;Vj. Index der Tarifverdienste und Arbeitszeiten;JAHR;Jahr;2020;DINSGF;Früheres Bundesgebiet / Neue Länder;DF;Früheres Bundesgebiet;WZ08C7;WZ2008 (ausgewählte Positionen): Tarifindex;WZ08-26;H.v. DV-Geräten, elektron. u. opt. Erzeugnissen;100,0;2020=100;VST066;Index d.tarifl. Monatsverdienste ohne Sonderzahl.
62221;Vj. Index der Tarifverdienste und Arbeitszeiten;JAHR;Jahr;2020;DINSGF;Früheres Bundesgebiet / Neue Länder;DF;Früheres Bundesgebiet;WZ08C7;WZ2008 (ausgewählte Positionen): Tarifindex;WZ08-26;H.v. DV-Geräten, elektron. u. opt. Erzeugnissen;100,0;2020=100;VST018;Index der tariflichen Wochenarbeitszeit
62221;Vj. Index der Tarifverdienste und Arbeitszeiten;JAHR;Jahr;2020;DINSGF;Früheres Bundesgebiet / Neue Länder;DF;Früheres Bundesgebiet;WZ08C7;WZ2008 (ausgewählte Positionen): Tarifindex;WZ08-26;H.v. DV-Geräten, elektron. u. opt. Erzeugnissen;100,0;2020=100;VST065;Index d.tarifl. Stundenverdienste ohne Sonderzahl.
62221;Vj. Index der Tarifverdienste und Arbeitszeiten;JAHR;Jahr;2020;DINSGF;Früheres Bundesgebiet / Neue Länder;DF;Früheres Bundesgebiet;WZ08C7;WZ2008 (ausgewählte Positionen): Tarifindex;WZ08-23;H.v.Glas,-waren,Keramik,Verarb. v.Steinen u.Erden;100,0;2020=100;VST072;Index d.tarifl. Stundenverdienste mit Sonderzahl.
62221;Vj. Index der Tarifverdienste und Arbeitszeiten;JAHR;Jahr;2020;DINSGF;Früheres Bundesgebiet / Neue Länder;DF;Früheres Bundesgebiet;WZ08C7;WZ2008 (ausgewählte Positionen): Tarifindex;WZ08-23;H.v.Glas,-waren,Keramik,Verarb. v.Steinen u.Erden;100,0;2020=100;VST073;Index d.tarifl. Monatsverdienste mit Sonderzahl.
62221;Vj. Index der Tarifverdienste und Arbeitszeiten;JAHR;Jahr;2020;DINSGF;Früheres Bundesgebiet / Neue Länder;DF;Früheres Bundesgebiet;WZ08C7;WZ2008 (ausgewählte Positionen): Tarifindex;WZ08-23;H.v.Glas,-waren,Keramik,Verarb. v.Steinen u.Erden;38,0;h;VST019;Durchschnittliche tarifliche Wochenarbeitszeit
62221;Vj. Index der Tarifverdienste und Arbeitszeiten;JAHR;Jahr;2020;DINSGF;Früheres Bundesgebiet / Neue Länder;DF;Früheres Bundesgebiet;WZ08C7;WZ2008 (ausgewählte Positionen): Tarifindex;WZ08-23;H.v.Glas,-waren,Keramik,Verarb. v.Steinen u.Erden;100,0;2020=100;VST066;Index d.tarifl. Monatsverdienste ohne Sonderzahl.
62221;Vj. Index der Tarifverdienste und Arbeitszeiten;JAHR;Jahr;2020;DINSGF;Früheres Bundesgebiet / Neue Länder;DF;Früheres Bundesgebiet;WZ08C7;WZ2008 (ausgewählte Positionen): Tarifindex;WZ08-23;H.v.Glas,-waren,Keramik,Verarb. v.Steinen u.Erden;100,0;2020=100;VST018;Index der tariflichen Wochenarbeitszeit
62221;Vj. Index der Tarifverdienste und Arbeitszeiten;JAHR;Jahr;2020;DINSGF;Früheres Bundesgebiet / Neue Länder;DF;Früheres Bundesgebiet;WZ08C7;WZ2008 (ausgewählte Positionen): Tarifindex;WZ08-23;H.v.Glas,-waren,Keramik,Verarb. v.Steinen u.Erden;100,0;2020=100;VST065;Index d.tarifl. Stundenverdienste ohne Sonderzahl.
62221;Vj. Index der Tarifverdienste und Arbeitszeiten;JAHR;Jahr;2017;DINSGF;Früheres Bundesgebiet / Neue Länder;DN;Neue Länder;WZ08C7;WZ2008 (ausgewählte Positionen): Tarifindex;WZ08-49;Landverkehr und Transport in Rohrfernleitungen;91,5;2020=100;VST072;Index d.tarifl. Stundenverdienste mit Sonderzahl.
62221;Vj. Index der Tarifverdienste und Arbeitszeiten;JAHR;Jahr;2017;DINSGF;Früheres Bundesgebiet / Neue Länder;DN;Neue Länder;WZ08C7;WZ2008 (ausgewählte Positionen): Tarifindex;WZ08-49;Landverkehr und Transport in Rohrfernleitungen;92,5;2020=100;VST073;Index d.tarifl. Monatsverdienste mit Sonderzahl.
62221;Vj. Index der Tarifverdienste und Arbeitszeiten;JAHR;Jahr;2017;DINSGF;Früheres Bundesgebiet / Neue Länder;DN;Neue Länder;WZ08C7;WZ2008 (ausgewählte Positionen): Tarifindex;WZ08-49;Landverkehr und Transport in Rohrfernleitungen;39,5;h;VST019;Durchschnittliche tarifliche Wochenarbeitszeit
62221;Vj. Index der Tarifverdienste und Arbeitszeiten;JAHR;Jahr;2017;DINSGF;Früheres Bundesgebiet / Neue Länder;DN;Neue Länder;WZ08C7;WZ2008 (ausgewählte Positionen): Tarifindex;WZ08-49;Landverkehr und Transport in Rohrfernleitungen;92,8;2020=100;VST066;Index d.tarifl. Monatsverdienste ohne Sonderzahl.
62221;Vj. Index der Tarifverdienste und Arbeitszeiten;JAHR;Jahr;2017;DINSGF;Früheres Bundesgebiet / Neue Länder;DN;Neue Länder;WZ08C7;WZ2008 (ausgewählte Positionen): Tarifindex;WZ08-49;Landverkehr und Transport in Rohrfernleitungen;101,0;2020=100;VST018;Index der tariflichen Wochenarbeitszeit
62221;Vj. Index der Tarifverdienste und Arbeitszeiten;JAHR;Jahr;2017;DINSGF;Früheres Bundesgebiet / Neue Länder;DN;Neue Länder;WZ08C7;WZ2008 (ausgewählte Positionen): Tarifindex;WZ08-49;Landverkehr und Transport in Rohrfernleitungen;91,7;2020=100;VST065;Index d.tarifl. Stundenverdienste ohne Sonderzahl.
62221;Vj. Index der Tarifverdienste und Arbeitszeiten;JAHR;Jahr;2024;DINSGF;Früheres Bundesgebiet / Neue Länder;DN;Neue Länder;WZ08C7;WZ2008 (ausgewählte Positionen): Tarifindex;WZ08-29;Herstellung von Kraftwagen und Kraftwagenteilen;114,1;2020=100;VST072;Index d.tarifl. Stundenverdienste mit Sonderzahl.
62221;Vj. Index der Tarifverdienste und Arbeitszeiten;JAHR;Jahr;2024;DINSGF;Früheres Bundesgebiet / Neue Länder;DN;Neue Länder;WZ08C7;WZ2008 (ausgewählte Positionen): Tarifindex;WZ08-29;Herstellung von Kraftwagen und Kraftwagenteilen;113,1;2020=100;VST073;Index d.tarifl. Monatsverdienste mit Sonderzahl.
62221;Vj. Index der Tarifverdienste und Arbeitszeiten;JAHR;Jahr;2024;DINSGF;Früheres Bundesgebiet / Neue Länder;DN;Neue Länder;WZ08C7;WZ2008 (ausgewählte Positionen): Tarifindex;WZ08-29;Herstellung von Kraftwagen und Kraftwagenteilen;37,7;h;VST019;Durchschnittliche tarifliche Wochenarbeitszeit
62221;Vj. Index der Tarifverdienste und Arbeitszeiten;JAHR;Jahr;2024;DINSGF;Früheres Bundesgebiet / Neue Länder;DN;Neue Länder;WZ08C7;WZ2008 (ausgewählte Positionen): Tarifindex;WZ08-29;Herstellung von Kraftwagen und Kraftwagenteilen;108,4;2020=100;VST066;Index d.tarifl. Monatsverdienste ohne Sonderzahl.
62221;Vj. Index der Tarifverdienste und Arbeitszeiten;JAHR;Jahr;2024;DINSGF;Früheres Bundesgebiet / Neue Länder;DN;Neue Länder;WZ08C7;WZ2008 (ausgewählte Positionen): Tarifindex;WZ08-29;Herstellung von Kraftwagen und Kraftwagenteilen;99,2;2020=100;VST018;Index der tariflichen Wochenarbeitszeit
62221;Vj. Index der Tarifverdienste und Arbeitszeiten;JAHR;Jahr;2024;DINSGF;Früheres Bundesgebiet / Neue Länder;DN;Neue Länder;WZ08C7;WZ2008 (ausgewählte Positionen): Tarifindex;WZ08-29;Herstellung von Kraftwagen und Kraftwagenteilen;109,4;2020=100;VST065;Index d.tarifl. Stundenverdienste ohne Sonderzahl.
62221;Vj. Index der Tarifverdienste und Arbeitszeiten;JAHR;Jahr;2024;DINSGF;Früheres Bundesgebiet / Neue Länder;DN;Neue Länder;WZ08C7;WZ2008 (ausgewählte Positionen): Tarifindex;WZ08-26;H.v. DV-Geräten, elektron. u. opt. Erzeugnissen;112,0;2020=100;VST072;Index d.tarifl. Stundenverdienste mit Sonderzahl.
62221;Vj. Index der Tarifverdienste und Arbeitszeiten;JAHR;Jahr;2024;DINSGF;Früheres Bundesgebiet / Neue Länder;DN;Neue Länder;WZ08C7;WZ2008 (ausgewählte Positionen): Tarifindex;WZ08-26;H.v. DV-Geräten, elektron. u. opt. Erzeugnissen;112,0;2020=100;VST073;Index d.tarifl. Monatsverdienste mit Sonderzahl.
62221;Vj. Index der Tarifverdienste und Arbeitszeiten;JAHR;Jahr;2024;DINSGF;Früheres Bundesgebiet / Neue Länder;DN;Neue Länder;WZ08C7;WZ2008 (ausgewählte Positionen): Tarifindex;WZ08-26;H.v. DV-Geräten, elektron. u. opt. Erzeugnissen;36,7;h;VST019;Durchschnittliche tarifliche Wochenarbeitszeit
62221;Vj. Index der Tarifverdienste und Arbeitszeiten;JAHR;Jahr;2024;DINSGF;Früheres Bundesgebiet / Neue Länder;DN;Neue Länder;WZ08C7;WZ2008 (ausgewählte Positionen): Tarifindex;WZ08-26;H.v. DV-Geräten, elektron. u. opt. Erzeugnissen;107,5;2020=100;VST066;Index d.tarifl. Monatsverdienste ohne Sonderzahl.
62221;Vj. Index der Tarifverdienste und Arbeitszeiten;JAHR;Jahr;2024;DINSGF;Früheres Bundesgebiet / Neue Länder;DN;Neue Länder;WZ08C7;WZ2008 (ausgewählte Positionen): Tarifindex;WZ08-26;H.v. DV-Geräten, elektron. u. opt. Erzeugnissen;100,0;2020=100;VST018;Index der tariflichen Wochenarbeitszeit
62221;Vj. Index der Tarifverdienste und Arbeitszeiten;JAHR;Jahr;2024;DINSGF;Früheres Bundesgebiet / Neue Länder;DN;Neue Länder;WZ08C7;WZ2008 (ausgewählte Positionen): Tarifindex;WZ08-26;H.v. DV-Geräten, elektron. u. opt. Erzeugnissen;107,5;2020=100;VST065;Index d.tarifl. Stundenverdienste ohne Sonderzahl.
62221;Vj. Index der Tarifverdienste und Arbeitszeiten;JAHR;Jahr;2017;DINSGF;Früheres Bundesgebiet / Neue Länder;DN;Neue Länder;WZ08C7;WZ2008 (ausgewählte Positionen): Tarifindex;WZ08-38-01;Recycling, Beseitigung von Umweltverschmutzungen;93,4;2020=100;VST072;Index d.tarifl. Stundenverdienste mit Sonderzahl.
62221;Vj. Index der Tarifverdienste und Arbeitszeiten;JAHR;Jahr;2017;DINSGF;Früheres Bundesgebiet / Neue Länder;DN;Neue Länder;WZ08C7;WZ2008 (ausgewählte Positionen): Tarifindex;WZ08-38-01;Recycling, Beseitigung von Umweltverschmutzungen;93,4;2020=100;VST073;Index d.tarifl. Monatsverdienste mit Sonderzahl.
62221;Vj. Index der Tarifverdienste und Arbeitszeiten;JAHR;Jahr;2017;DINSGF;Früheres Bundesgebiet / Neue Länder;DN;Neue Länder;WZ08C7;WZ2008 (ausgewählte Positionen): Tarifindex;WZ08-38-01;Recycling, Beseitigung von Umweltverschmutzungen;39,1;h;VST019;Durchschnittliche tarifliche Wochenarbeitszeit
62221;Vj. Index der Tarifverdienste und Arbeitszeiten;JAHR;Jahr;2017;DINSGF;Früheres Bundesgebiet / Neue Länder;DN;Neue Länder;WZ08C7;WZ2008 (ausgewählte Positionen): Tarifindex;WZ08-38-01;Recycling, Beseitigung von Umweltverschmutzungen;93,8;2020=100;VST066;Index d.tarifl. Monatsverdienste ohne Sonderzahl.
62221;Vj. Index der Tarifverdienste und Arbeitszeiten;JAHR;Jahr;2017;DINSGF;Früheres Bundesgebiet / Neue Länder;DN;Neue Länder;WZ08C7;WZ2008 (ausgewählte Positionen): Tarifindex;WZ08-38-01;Recycling, Beseitigung von Umweltverschmutzungen;100,0;2020=100;VST018;Index der tariflichen Wochenarbeitszeit
62221;Vj. Index der Tarifverdienste und Arbeitszeiten;JAHR;Jahr;2017;DINSGF;Früheres Bundesgebiet / Neue Länder;DN;Neue Länder;WZ08C7;WZ2008 (ausgewählte Positionen): Tarifindex;WZ08-38-01;Recycling, Beseitigung von Umweltverschmutzungen;93,8;2020=100;VST065;Index d.tarifl. Stundenverdienste ohne Sonderzahl.
62221;Vj. Index der Tarifverdienste und Arbeitszeiten;JAHR;Jahr;2022;DINSGF;Früheres Bundesgebiet / Neue Länder;DF;Früheres Bundesgebiet;WZ08C7;WZ2008 (ausgewählte Positionen): Tarifindex;WZ08-R;Kunst, Unterhaltung und Erholung;103,2;2020=100;VST072;Index d.tarifl. Stundenverdienste mit Sonderzahl.
62221;Vj. Index der Tarifverdienste und Arbeitszeiten;JAHR;Jahr;2022;DINSGF;Früheres Bundesgebiet / Neue Länder;DF;Früheres Bundesgebiet;WZ08C7;WZ2008 (ausgewählte Positionen): Tarifindex;WZ08-R;Kunst, Unterhaltung und Erholung;103,2;2020=100;VST073;Index d.tarifl. Monatsverdienste mit Sonderzahl.
62221;Vj. Index der Tarifverdienste und Arbeitszeiten;JAHR;Jahr;2022;DINSGF;Früheres Bundesgebiet / Neue Länder;DF;Früheres Bundesgebiet;WZ08C7;WZ2008 (ausgewählte Positionen): Tarifindex;WZ08-R;Kunst, Unterhaltung und Erholung;39,2;h;VST019;Durchschnittliche tarifliche Wochenarbeitszeit
62221;Vj. Index der Tarifverdienste und Arbeitszeiten;JAHR;Jahr;2022;DINSGF;Früheres Bundesgebiet / Neue Länder;DF;Früheres Bundesgebiet;WZ08C7;WZ2008 (ausgewählte Positionen): Tarifindex;WZ08-R;Kunst, Unterhaltung und Erholung;102,4;2020=100;VST066;Index d.tarifl. Monatsverdienste ohne Sonderzahl.
62221;Vj. Index der Tarifverdienste und Arbeitszeiten;JAHR;Jahr;2022;DINSGF;Früheres Bundesgebiet / Neue Länder;DF;Früheres Bundesgebiet;WZ08C7;WZ2008 (ausgewählte Positionen): Tarifindex;WZ08-R;Kunst, Unterhaltung und Erholung;100,0;2020=100;VST018;Index der tariflichen Wochenarbeitszeit
62221;Vj. Index der Tarifverdienste und Arbeitszeiten;JAHR;Jahr;2022;DINSGF;Früheres Bundesgebiet / Neue Länder;DF;Früheres Bundesgebiet;WZ08C7;WZ2008 (ausgewählte Positionen): Tarifindex;WZ08-R;Kunst, Unterhaltung und Erholung;102,4;2020=100;VST065;Index d.tarifl. Stundenverdienste ohne Sonderzahl.
62221;Vj. Index der Tarifverdienste und Arbeitszeiten;JAHR;Jahr;2022;DINSGF;Früheres Bundesgebiet / Neue Länder;DN;Neue Länder;WZ08C7;WZ2008 (ausgewählte Positionen): Tarifindex;WZ08-05;Kohlenbergbau;104,9;2020=100;VST072;Index d.tarifl. Stundenverdienste mit Sonderzahl.
62221;Vj. Index der Tarifverdienste und Arbeitszeiten;JAHR;Jahr;2022;DINSGF;Früheres Bundesgebiet / Neue Länder;DN;Neue Länder;WZ08C7;WZ2008 (ausgewählte Positionen): Tarifindex;WZ08-05;Kohlenbergbau;104,9;2020=100;VST073;Index d.tarifl. Monatsverdienste mit Sonderzahl.
62221;Vj. Index der Tarifverdienste und Arbeitszeiten;JAHR;Jahr;2022;DINSGF;Früheres Bundesgebiet / Neue Länder;DN;Neue Länder;WZ08C7;WZ2008 (ausgewählte Positionen): Tarifindex;WZ08-05;Kohlenbergbau;37,0;h;VST019;Durchschnittliche tarifliche Wochenarbeitszeit
62221;Vj. Index der Tarifverdienste und Arbeitszeiten;JAHR;Jahr;2022;DINSGF;Früheres Bundesgebiet / Neue Länder;DN;Neue Länder;WZ08C7;WZ2008 (ausgewählte Positionen): Tarifindex;WZ08-05;Kohlenbergbau;104,5;2020=100;VST066;Index d.tarifl. Monatsverdienste ohne Sonderzahl.
62221;Vj. Index der Tarifverdienste und Arbeitszeiten;JAHR;Jahr;2022;DINSGF;Früheres Bundesgebiet / Neue Länder;DN;Neue Länder;WZ08C7;WZ2008 (ausgewählte Positionen): Tarifindex;WZ08-05;Kohlenbergbau;100,0;2020=100;VST018;Index der tariflichen Wochenarbeitszeit
62221;Vj. Index der Tarifverdienste und Arbeitszeiten;JAHR;Jahr;2022;DINSGF;Früheres Bundesgebiet / Neue Länder;DN;Neue Länder;WZ08C7;WZ2008 (ausgewählte Positionen): Tarifindex;WZ08-05;Kohlenbergbau;104,5;2020=100;VST065;Index d.tarifl. Stundenverdienste ohne Sonderzahl.
62221;Vj. Index der Tarifverdienste und Arbeitszeiten;JAHR;Jahr;2018;DINSGF;Früheres Bundesgebiet / Neue Länder;DF;Früheres Bundesgebiet;WZ08C7;WZ2008 (ausgewählte Positionen): Tarifindex;WZ08-18;H.v. Druckerz., Vervielf.v.Ton-,Bild-,Datenträgern;96,5;2020=100;VST072;Index d.tarifl. Stundenverdienste mit Sonderzahl.
62221;Vj. Index der Tarifverdienste und Arbeitszeiten;JAHR;Jahr;2018;DINSGF;Früheres Bundesgebiet / Neue Länder;DF;Früheres Bundesgebiet;WZ08C7;WZ2008 (ausgewählte Positionen): Tarifindex;WZ08-18;H.v. Druckerz., Vervielf.v.Ton-,Bild-,Datenträgern;96,5;2020=100;VST073;Index d.tarifl. Monatsverdienste mit Sonderzahl.
62221;Vj. Index der Tarifverdienste und Arbeitszeiten;JAHR;Jahr;2018;DINSGF;Früheres Bundesgebiet / Neue Länder;DF;Früheres Bundesgebiet;WZ08C7;WZ2008 (ausgewählte Positionen): Tarifindex;WZ08-18;H.v. Druckerz., Vervielf.v.Ton-,Bild-,Datenträgern;35,3;h;VST019;Durchschnittliche tarifliche Wochenarbeitszeit
62221;Vj. Index der Tarifverdienste und Arbeitszeiten;JAHR;Jahr;2018;DINSGF;Früheres Bundesgebiet / Neue Länder;DF;Früheres Bundesgebiet;WZ08C7;WZ2008 (ausgewählte Positionen): Tarifindex;WZ08-18;H.v. Druckerz., Vervielf.v.Ton-,Bild-,Datenträgern;96,7;2020=100;VST066;Index d.tarifl. Monatsverdienste ohne Sonderzahl.
62221;Vj. Index der Tarifverdienste und Arbeitszeiten;JAHR;Jahr;2018;DINSGF;Früheres Bundesgebiet / Neue Länder;DF;Früheres Bundesgebiet;WZ08C7;WZ2008 (ausgewählte Positionen): Tarifindex;WZ08-18;H.v. Druckerz., Vervielf.v.Ton-,Bild-,Datenträgern;100,0;2020=100;VST018;Index der tariflichen Wochenarbeitszeit
62221;Vj. Index der Tarifverdienste und Arbeitszeiten;JAHR;Jahr;2018;DINSGF;Früheres Bundesgebiet / Neue Länder;DF;Früheres Bundesgebiet;WZ08C7;WZ2008 (ausgewählte Positionen): Tarifindex;WZ08-18;H.v. Druckerz., Vervielf.v.Ton-,Bild-,Datenträgern;96,7;2020=100;VST065;Index d.tarifl. Stundenverdienste ohne Sonderzahl.
62221;Vj. Index der Tarifverdienste und Arbeitszeiten;JAHR;Jahr;2016;DINSGF;Früheres Bundesgebiet / Neue Länder;DF;Früheres Bundesgebiet;WZ08C7;WZ2008 (ausgewählte Positionen): Tarifindex;WZ08-B-14;Kohlenbergbau, Gewinnung von Erdöl und Erdgas;92,6;2020=100;VST072;Index d.tarifl. Stundenverdienste mit Sonderzahl.
62221;Vj. Index der Tarifverdienste und Arbeitszeiten;JAHR;Jahr;2016;DINSGF;Früheres Bundesgebiet / Neue Länder;DF;Früheres Bundesgebiet;WZ08C7;WZ2008 (ausgewählte Positionen): Tarifindex;WZ08-B-14;Kohlenbergbau, Gewinnung von Erdöl und Erdgas;92,6;2020=100;VST073;Index d.tarifl. Monatsverdienste mit Sonderzahl.
62221;Vj. Index der Tarifverdienste und Arbeitszeiten;JAHR;Jahr;2016;DINSGF;Früheres Bundesgebiet / Neue Länder;DF;Früheres Bundesgebiet;WZ08C7;WZ2008 (ausgewählte Positionen): Tarifindex;WZ08-B-14;Kohlenbergbau, Gewinnung von Erdöl und Erdgas;39,6;h;VST019;Durchschnittliche tarifliche Wochenarbeitszeit
62221;Vj. Index der Tarifverdienste und Arbeitszeiten;JAHR;Jahr;2016;DINSGF;Früheres Bundesgebiet / Neue Länder;DF;Früheres Bundesgebiet;WZ08C7;WZ2008 (ausgewählte Positionen): Tarifindex;WZ08-B-14;Kohlenbergbau, Gewinnung von Erdöl und Erdgas;93,1;2020=100;VST066;Index d.tarifl. Monatsverdienste ohne Sonderzahl.
62221;Vj. Index der Tarifverdienste und Arbeitszeiten;JAHR;Jahr;2016;DINSGF;Früheres Bundesgebiet / Neue Länder;DF;Früheres Bundesgebiet;WZ08C7;WZ2008 (ausgewählte Positionen): Tarifindex;WZ08-B-14;Kohlenbergbau, Gewinnung von Erdöl und Erdgas;100,0;2020=100;VST018;Index der tariflichen Wochenarbeitszeit
62221;Vj. Index der Tarifverdienste und Arbeitszeiten;JAHR;Jahr;2016;DINSGF;Früheres Bundesgebiet / Neue Länder;DF;Früheres Bundesgebiet;WZ08C7;WZ2008 (ausgewählte Positionen): Tarifindex;WZ08-B-14;Kohlenbergbau, Gewinnung von Erdöl und Erdgas;93,1;2020=100;VST065;Index d.tarifl. Stundenverdienste ohne Sonderzahl.
62221;Vj. Index der Tarifverdienste und Arbeitszeiten;JAHR;Jahr;2018;DINSGF;Früheres Bundesgebiet / Neue Länder;DF;Früheres Bundesgebiet;WZ08C7;WZ2008 (ausgewählte Positionen): Tarifindex;WZ08-72;Forschung und Entwicklung;95,0;2020=100;VST072;Index d.tarifl. Stundenverdienste mit Sonderzahl.
62221;Vj. Index der Tarifverdienste und Arbeitszeiten;JAHR;Jahr;2018;DINSGF;Früheres Bundesgebiet / Neue Länder;DF;Früheres Bundesgebiet;WZ08C7;WZ2008 (ausgewählte Positionen): Tarifindex;WZ08-72;Forschung und Entwicklung;95,0;2020=100;VST073;Index d.tarifl. Monatsverdienste mit Sonderzahl.
62221;Vj. Index der Tarifverdienste und Arbeitszeiten;JAHR;Jahr;2018;DINSGF;Früheres Bundesgebiet / Neue Länder;DF;Früheres Bundesgebiet;WZ08C7;WZ2008 (ausgewählte Positionen): Tarifindex;WZ08-72;Forschung und Entwicklung;38,6;h;VST019;Durchschnittliche tarifliche Wochenarbeitszeit
62221;Vj. Index der Tarifverdienste und Arbeitszeiten;JAHR;Jahr;2018;DINSGF;Früheres Bundesgebiet / Neue Länder;DF;Früheres Bundesgebiet;WZ08C7;WZ2008 (ausgewählte Positionen): Tarifindex;WZ08-72;Forschung und Entwicklung;94,6;2020=100;VST066;Index d.tarifl. Monatsverdienste ohne Sonderzahl.
62221;Vj. Index der Tarifverdienste und Arbeitszeiten;JAHR;Jahr;2018;DINSGF;Früheres Bundesgebiet / Neue Länder;DF;Früheres Bundesgebiet;WZ08C7;WZ2008 (ausgewählte Positionen): Tarifindex;WZ08-72;Forschung und Entwicklung;100,0;2020=100;VST018;Index der tariflichen Wochenarbeitszeit
62221;Vj. Index der Tarifverdienste und Arbeitszeiten;JAHR;Jahr;2018;DINSGF;Früheres Bundesgebiet / Neue Länder;DF;Früheres Bundesgebiet;WZ08C7;WZ2008 (ausgewählte Positionen): Tarifindex;WZ08-72;Forschung und Entwicklung;94,6;2020=100;VST065;Index d.tarifl. Stundenverdienste ohne Sonderzahl.
62221;Vj. Index der Tarifverdienste und Arbeitszeiten;JAHR;Jahr;2025;DINSGF;Früheres Bundesgebiet / Neue Länder;DF;Früheres Bundesgebiet;WZ08C7;WZ2008 (ausgewählte Positionen): Tarifindex;WZ08-Q;Gesundheits- und Sozialwesen;116,8;2020=100;VST072;Index d.tarifl. Stundenverdienste mit Sonderzahl.
62221;Vj. Index der Tarifverdienste und Arbeitszeiten;JAHR;Jahr;2025;DINSGF;Früheres Bundesgebiet / Neue Länder;DF;Früheres Bundesgebiet;WZ08C7;WZ2008 (ausgewählte Positionen): Tarifindex;WZ08-Q;Gesundheits- und Sozialwesen;116,8;2020=100;VST073;Index d.tarifl. Monatsverdienste mit Sonderzahl.
62221;Vj. Index der Tarifverdienste und Arbeitszeiten;JAHR;Jahr;2025;DINSGF;Früheres Bundesgebiet / Neue Länder;DF;Früheres Bundesgebiet;WZ08C7;WZ2008 (ausgewählte Positionen): Tarifindex;WZ08-Q;Gesundheits- und Sozialwesen;39,2;h;VST019;Durchschnittliche tarifliche Wochenarbeitszeit
62221;Vj. Index der Tarifverdienste und Arbeitszeiten;JAHR;Jahr;2025;DINSGF;Früheres Bundesgebiet / Neue Länder;DF;Früheres Bundesgebiet;WZ08C7;WZ2008 (ausgewählte Positionen): Tarifindex;WZ08-Q;Gesundheits- und Sozialwesen;116,7;2020=100;VST066;Index d.tarifl. Monatsverdienste ohne Sonderzahl.
62221;Vj. Index der Tarifverdienste und Arbeitszeiten;JAHR;Jahr;2025;DINSGF;Früheres Bundesgebiet / Neue Länder;DF;Früheres Bundesgebiet;WZ08C7;WZ2008 (ausgewählte Positionen): Tarifindex;WZ08-Q;Gesundheits- und Sozialwesen;98,9;2020=100;VST018;Index der tariflichen Wochenarbeitszeit
62221;Vj. Index der Tarifverdienste und Arbeitszeiten;JAHR;Jahr;2025;DINSGF;Früheres Bundesgebiet / Neue Länder;DF;Früheres Bundesgebiet;WZ08C7;WZ2008 (ausgewählte Positionen): Tarifindex;WZ08-Q;Gesundheits- und Sozialwesen;116,7;2020=100;VST065;Index d.tarifl. Stundenverdienste ohne Sonderzahl.
62221;Vj. Index der Tarifverdienste und Arbeitszeiten;JAHR;Jahr;2018;DINSGF;Früheres Bundesgebiet / Neue Länder;DF;Früheres Bundesgebiet;WZ08C7;WZ2008 (ausgewählte Positionen): Tarifindex;WZ08-15;Herstellung von Leder, Lederwaren und Schuhen;96,4;2020=100;VST072;Index d.tarifl. Stundenverdienste mit Sonderzahl.
62221;Vj. Index der Tarifverdienste und Arbeitszeiten;JAHR;Jahr;2018;DINSGF;Früheres Bundesgebiet / Neue Länder;DF;Früheres Bundesgebiet;WZ08C7;WZ2008 (ausgewählte Positionen): Tarifindex;WZ08-15;Herstellung von Leder, Lederwaren und Schuhen;96,4;2020=100;VST073;Index d.tarifl. Monatsverdienste mit Sonderzahl.
62221;Vj. Index der Tarifverdienste und Arbeitszeiten;JAHR;Jahr;2018;DINSGF;Früheres Bundesgebiet / Neue Länder;DF;Früheres Bundesgebiet;WZ08C7;WZ2008 (ausgewählte Positionen): Tarifindex;WZ08-15;Herstellung von Leder, Lederwaren und Schuhen;38,8;h;VST019;Durchschnittliche tarifliche Wochenarbeitszeit
62221;Vj. Index der Tarifverdienste und Arbeitszeiten;JAHR;Jahr;2018;DINSGF;Früheres Bundesgebiet / Neue Länder;DF;Früheres Bundesgebiet;WZ08C7;WZ2008 (ausgewählte Positionen): Tarifindex;WZ08-15;Herstellung von Leder, Lederwaren und Schuhen;96,5;2020=100;VST066;Index d.tarifl. Monatsverdienste ohne Sonderzahl.
62221;Vj. Index der Tarifverdienste und Arbeitszeiten;JAHR;Jahr;2018;DINSGF;Früheres Bundesgebiet / Neue Länder;DF;Früheres Bundesgebiet;WZ08C7;WZ2008 (ausgewählte Positionen): Tarifindex;WZ08-15;Herstellung von Leder, Lederwaren und Schuhen;100,0;2020=100;VST018;Index der tariflichen Wochenarbeitszeit
62221;Vj. Index der Tarifverdienste und Arbeitszeiten;JAHR;Jahr;2018;DINSGF;Früheres Bundesgebiet / Neue Länder;DF;Früheres Bundesgebiet;WZ08C7;WZ2008 (ausgewählte Positionen): Tarifindex;WZ08-15;Herstellung von Leder, Lederwaren und Schuhen;96,5;2020=100;VST065;Index d.tarifl. Stundenverdienste ohne Sonderzahl.
62221;Vj. Index der Tarifverdienste und Arbeitszeiten;JAHR;Jahr;2024;DINSGF;Früheres Bundesgebiet / Neue Länder;DN;Neue Länder;WZ08C7;WZ2008 (ausgewählte Positionen): Tarifindex;WZ08-14;Herstellung von Bekleidung;-;2020=100;VST072;Index d.tarifl. Stundenverdienste mit Sonderzahl.
62221;Vj. Index der Tarifverdienste und Arbeitszeiten;JAHR;Jahr;2024;DINSGF;Früheres Bundesgebiet / Neue Länder;DN;Neue Länder;WZ08C7;WZ2008 (ausgewählte Positionen): Tarifindex;WZ08-14;Herstellung von Bekleidung;-;2020=100;VST073;Index d.tarifl. Monatsverdienste mit Sonderzahl.
62221;Vj. Index der Tarifverdienste und Arbeitszeiten;JAHR;Jahr;2024;DINSGF;Früheres Bundesgebiet / Neue Länder;DN;Neue Länder;WZ08C7;WZ2008 (ausgewählte Positionen): Tarifindex;WZ08-14;Herstellung von Bekleidung;-;h;VST019;Durchschnittliche tarifliche Wochenarbeitszeit
62221;Vj. Index der Tarifverdienste und Arbeitszeiten;JAHR;Jahr;2024;DINSGF;Früheres Bundesgebiet / Neue Länder;DN;Neue Länder;WZ08C7;WZ2008 (ausgewählte Positionen): Tarifindex;WZ08-14;Herstellung von Bekleidung;-;2020=100;VST066;Index d.tarifl. Monatsverdienste ohne Sonderzahl.
62221;Vj. Index der Tarifverdienste und Arbeitszeiten;JAHR;Jahr;2024;DINSGF;Früheres Bundesgebiet / Neue Länder;DN;Neue Länder;WZ08C7;WZ2008 (ausgewählte Positionen): Tarifindex;WZ08-14;Herstellung von Bekleidung;-;2020=100;VST018;Index der tariflichen Wochenarbeitszeit
62221;Vj. Index der Tarifverdienste und Arbeitszeiten;JAHR;Jahr;2024;DINSGF;Früheres Bundesgebiet / Neue Länder;DN;Neue Länder;WZ08C7;WZ2008 (ausgewählte Positionen): Tarifindex;WZ08-14;Herstellung von Bekleidung;-;2020=100;VST065;Index d.tarifl. Stundenverdienste ohne Sonderzahl.
62221;Vj. Index der Tarifverdienste und Arbeitszeiten;JAHR;Jahr;2024;DINSGF;Früheres Bundesgebiet / Neue Länder;DF;Früheres Bundesgebiet;WZ08C7;WZ2008 (ausgewählte Positionen): Tarifindex;WZ08-43;Vorb.Baustellenarbeiten, Bauinstall., sonst.Ausbau;112,8;2020=100;VST072;Index d.tarifl. Stundenverdienste mit Sonderzahl.
62221;Vj. Index der Tarifverdienste und Arbeitszeiten;JAHR;Jahr;2024;DINSGF;Früheres Bundesgebiet / Neue Länder;DF;Früheres Bundesgebiet;WZ08C7;WZ2008 (ausgewählte Positionen): Tarifindex;WZ08-43;Vorb.Baustellenarbeiten, Bauinstall., sonst.Ausbau;112,8;2020=100;VST073;Index d.tarifl. Monatsverdienste mit Sonderzahl.
62221;Vj. Index der Tarifverdienste und Arbeitszeiten;JAHR;Jahr;2024;DINSGF;Früheres Bundesgebiet / Neue Länder;DF;Früheres Bundesgebiet;WZ08C7;WZ2008 (ausgewählte Positionen): Tarifindex;WZ08-43;Vorb.Baustellenarbeiten, Bauinstall., sonst.Ausbau;39,0;h;VST019;Durchschnittliche tarifliche Wochenarbeitszeit
62221;Vj. Index der Tarifverdienste und Arbeitszeiten;JAHR;Jahr;2024;DINSGF;Früheres Bundesgebiet / Neue Länder;DF;Früheres Bundesgebiet;WZ08C7;WZ2008 (ausgewählte Positionen): Tarifindex;WZ08-43;Vorb.Baustellenarbeiten, Bauinstall., sonst.Ausbau;111,2;2020=100;VST066;Index d.tarifl. Monatsverdienste ohne Sonderzahl.
62221;Vj. Index der Tarifverdienste und Arbeitszeiten;JAHR;Jahr;2024;DINSGF;Früheres Bundesgebiet / Neue Länder;DF;Früheres Bundesgebiet;WZ08C7;WZ2008 (ausgewählte Positionen): Tarifindex;WZ08-43;Vorb.Baustellenarbeiten, Bauinstall., sonst.Ausbau;100,0;2020=100;VST018;Index der tariflichen Wochenarbeitszeit
62221;Vj. Index der Tarifverdienste und Arbeitszeiten;JAHR;Jahr;2024;DINSGF;Früheres Bundesgebiet / Neue Länder;DF;Früheres Bundesgebiet;WZ08C7;WZ2008 (ausgewählte Positionen): Tarifindex;WZ08-43;Vorb.Baustellenarbeiten, Bauinstall., sonst.Ausbau;111,2;2020=100;VST065;Index d.tarifl. Stundenverdienste ohne Sonderzahl.
62221;Vj. Index der Tarifverdienste und Arbeitszeiten;JAHR;Jahr;2020;DINSGF;Früheres Bundesgebiet / Neue Länder;DN;Neue Länder;WZ08C7;WZ2008 (ausgewählte Positionen): Tarifindex;WZ08-96;Sonstige überwiegend persönliche Dienstleistungen;100,0;2020=100;VST072;Index d.tarifl. Stundenverdienste mit Sonderzahl.
62221;Vj. Index der Tarifverdienste und Arbeitszeiten;JAHR;Jahr;2020;DINSGF;Früheres Bundesgebiet / Neue Länder;DN;Neue Länder;WZ08C7;WZ2008 (ausgewählte Positionen): Tarifindex;WZ08-96;Sonstige überwiegend persönliche Dienstleistungen;100,0;2020=100;VST073;Index d.tarifl. Monatsverdienste mit Sonderzahl.
62221;Vj. Index der Tarifverdienste und Arbeitszeiten;JAHR;Jahr;2020;DINSGF;Früheres Bundesgebiet / Neue Länder;DN;Neue Länder;WZ08C7;WZ2008 (ausgewählte Positionen): Tarifindex;WZ08-96;Sonstige überwiegend persönliche Dienstleistungen;38,7;h;VST019;Durchschnittliche tarifliche Wochenarbeitszeit
62221;Vj. Index der Tarifverdienste und Arbeitszeiten;JAHR;Jahr;2020;DINSGF;Früheres Bundesgebiet / Neue Länder;DN;Neue Länder;WZ08C7;WZ2008 (ausgewählte Positionen): Tarifindex;WZ08-96;Sonstige überwiegend persönliche Dienstleistungen;100,0;2020=100;VST066;Index d.tarifl. Monatsverdienste ohne Sonderzahl.
62221;Vj. Index der Tarifverdienste und Arbeitszeiten;JAHR;Jahr;2020;DINSGF;Früheres Bundesgebiet / Neue Länder;DN;Neue Länder;WZ08C7;WZ2008 (ausgewählte Positionen): Tarifindex;WZ08-96;Sonstige überwiegend persönliche Dienstleistungen;100,0;2020=100;VST018;Index der tariflichen Wochenarbeitszeit
62221;Vj. Index der Tarifverdienste und Arbeitszeiten;JAHR;Jahr;2020;DINSGF;Früheres Bundesgebiet / Neue Länder;DN;Neue Länder;WZ08C7;WZ2008 (ausgewählte Positionen): Tarifindex;WZ08-96;Sonstige überwiegend persönliche Dienstleistungen;100,0;2020=100;VST065;Index d.tarifl. Stundenverdienste ohne Sonderzahl.
62221;Vj. Index der Tarifverdienste und Arbeitszeiten;JAHR;Jahr;2025;DINSGF;Früheres Bundesgebiet / Neue Länder;DF;Früheres Bundesgebiet;WZ08C7;WZ2008 (ausgewählte Positionen): Tarifindex;WZ08-N;Sonstige wirtschaftliche Dienstleistungen;127,8;2020=100;VST072;Index d.tarifl. Stundenverdienste mit Sonderzahl.
62221;Vj. Index der Tarifverdienste und Arbeitszeiten;JAHR;Jahr;2025;DINSGF;Früheres Bundesgebiet / Neue Länder;DF;Früheres Bundesgebiet;WZ08C7;WZ2008 (ausgewählte Positionen): Tarifindex;WZ08-N;Sonstige wirtschaftliche Dienstleistungen;127,7;2020=100;VST073;Index d.tarifl. Monatsverdienste mit Sonderzahl.
62221;Vj. Index der Tarifverdienste und Arbeitszeiten;JAHR;Jahr;2025;DINSGF;Früheres Bundesgebiet / Neue Länder;DF;Früheres Bundesgebiet;WZ08C7;WZ2008 (ausgewählte Positionen): Tarifindex;WZ08-N;Sonstige wirtschaftliche Dienstleistungen;37,5;h;VST019;Durchschnittliche tarifliche Wochenarbeitszeit
62221;Vj. Index der Tarifverdienste und Arbeitszeiten;JAHR;Jahr;2025;DINSGF;Früheres Bundesgebiet / Neue Länder;DF;Früheres Bundesgebiet;WZ08C7;WZ2008 (ausgewählte Positionen): Tarifindex;WZ08-N;Sonstige wirtschaftliche Dienstleistungen;127,8;2020=100;VST066;Index d.tarifl. Monatsverdienste ohne Sonderzahl.
62221;Vj. Index der Tarifverdienste und Arbeitszeiten;JAHR;Jahr;2025;DINSGF;Früheres Bundesgebiet / Neue Länder;DF;Früheres Bundesgebiet;WZ08C7;WZ2008 (ausgewählte Positionen): Tarifindex;WZ08-N;Sonstige wirtschaftliche Dienstleistungen;100,0;2020=100;VST018;Index der tariflichen Wochenarbeitszeit
62221;Vj. Index der Tarifverdienste und Arbeitszeiten;JAHR;Jahr;2025;DINSGF;Früheres Bundesgebiet / Neue Länder;DF;Früheres Bundesgebiet;WZ08C7;WZ2008 (ausgewählte Positionen): Tarifindex;WZ08-N;Sonstige wirtschaftliche Dienstleistungen;127,8;2020=100;VST065;Index d.tarifl. Stundenverdienste ohne Sonderzahl.
62221;Vj. Index der Tarifverdienste und Arbeitszeiten;JAHR;Jahr;2018;DINSGF;Früheres Bundesgebiet / Neue Länder;DF;Früheres Bundesgebiet;WZ08C7;WZ2008 (ausgewählte Positionen): Tarifindex;WZ08-21;Herstellung von pharmazeutischen Erzeugnissen;95,5;2020=100;VST072;Index d.tarifl. Stundenverdienste mit Sonderzahl.
62221;Vj. Index der Tarifverdienste und Arbeitszeiten;JAHR;Jahr;2018;DINSGF;Früheres Bundesgebiet / Neue Länder;DF;Früheres Bundesgebiet;WZ08C7;WZ2008 (ausgewählte Positionen): Tarifindex;WZ08-21;Herstellung von pharmazeutischen Erzeugnissen;95,5;2020=100;VST073;Index d.tarifl. Monatsverdienste mit Sonderzahl.
62221;Vj. Index der Tarifverdienste und Arbeitszeiten;JAHR;Jahr;2018;DINSGF;Früheres Bundesgebiet / Neue Länder;DF;Früheres Bundesgebiet;WZ08C7;WZ2008 (ausgewählte Positionen): Tarifindex;WZ08-21;Herstellung von pharmazeutischen Erzeugnissen;37,5;h;VST019;Durchschnittliche tarifliche Wochenarbeitszeit
62221;Vj. Index der Tarifverdienste und Arbeitszeiten;JAHR;Jahr;2018;DINSGF;Früheres Bundesgebiet / Neue Länder;DF;Früheres Bundesgebiet;WZ08C7;WZ2008 (ausgewählte Positionen): Tarifindex;WZ08-21;Herstellung von pharmazeutischen Erzeugnissen;96,5;2020=100;VST066;Index d.tarifl. Monatsverdienste ohne Sonderzahl.
62221;Vj. Index der Tarifverdienste und Arbeitszeiten;JAHR;Jahr;2018;DINSGF;Früheres Bundesgebiet / Neue Länder;DF;Früheres Bundesgebiet;WZ08C7;WZ2008 (ausgewählte Positionen): Tarifindex;WZ08-21;Herstellung von pharmazeutischen Erzeugnissen;100,0;2020=100;VST018;Index der tariflichen Wochenarbeitszeit
62221;Vj. Index der Tarifverdienste und Arbeitszeiten;JAHR;Jahr;2018;DINSGF;Früheres Bundesgebiet / Neue Länder;DF;Früheres Bundesgebiet;WZ08C7;WZ2008 (ausgewählte Positionen): Tarifindex;WZ08-21;Herstellung von pharmazeutischen Erzeugnissen;96,5;2020=100;VST065;Index d.tarifl. Stundenverdienste ohne Sonderzahl.
62221;Vj. Index der Tarifverdienste und Arbeitszeiten;JAHR;Jahr;2016;DINSGF;Früheres Bundesgebiet / Neue Länder;DF;Früheres Bundesgebiet;WZ08C7;WZ2008 (ausgewählte Positionen): Tarifindex;WZ08-10-02;Ernährungsgewerbe;91,0;2020=100;VST072;Index d.tarifl. Stundenverdienste mit Sonderzahl.
62221;Vj. Index der Tarifverdienste und Arbeitszeiten;JAHR;Jahr;2016;DINSGF;Früheres Bundesgebiet / Neue Länder;DF;Früheres Bundesgebiet;WZ08C7;WZ2008 (ausgewählte Positionen): Tarifindex;WZ08-10-02;Ernährungsgewerbe;91,0;2020=100;VST073;Index d.tarifl. Monatsverdienste mit Sonderzahl.
62221;Vj. Index der Tarifverdienste und Arbeitszeiten;JAHR;Jahr;2016;DINSGF;Früheres Bundesgebiet / Neue Länder;DF;Früheres Bundesgebiet;WZ08C7;WZ2008 (ausgewählte Positionen): Tarifindex;WZ08-10-02;Ernährungsgewerbe;38,3;h;VST019;Durchschnittliche tarifliche Wochenarbeitszeit
62221;Vj. Index der Tarifverdienste und Arbeitszeiten;JAHR;Jahr;2016;DINSGF;Früheres Bundesgebiet / Neue Länder;DF;Früheres Bundesgebiet;WZ08C7;WZ2008 (ausgewählte Positionen): Tarifindex;WZ08-10-02;Ernährungsgewerbe;91,2;2020=100;VST066;Index d.tarifl. Monatsverdienste ohne Sonderzahl.
62221;Vj. Index der Tarifverdienste und Arbeitszeiten;JAHR;Jahr;2016;DINSGF;Früheres Bundesgebiet / Neue Länder;DF;Früheres Bundesgebiet;WZ08C7;WZ2008 (ausgewählte Positionen): Tarifindex;WZ08-10-02;Ernährungsgewerbe;100,0;2020=100;VST018;Index der tariflichen Wochenarbeitszeit
62221;Vj. Index der Tarifverdienste und Arbeitszeiten;JAHR;Jahr;2016;DINSGF;Früheres Bundesgebiet / Neue Länder;DF;Früheres Bundesgebiet;WZ08C7;WZ2008 (ausgewählte Positionen): Tarifindex;WZ08-10-02;Ernährungsgewerbe;91,2;2020=100;VST065;Index d.tarifl. Stundenverdienste ohne Sonderzahl.
62221;Vj. Index der Tarifverdienste und Arbeitszeiten;JAHR;Jahr;2022;DINSGF;Früheres Bundesgebiet / Neue Länder;DF;Früheres Bundesgebiet;WZ08C7;WZ2008 (ausgewählte Positionen): Tarifindex;WZ08-491-01;Personen- u. Güterbeförderung im Eisenbahnverkehr;103,7;2020=100;VST072;Index d.tarifl. Stundenverdienste mit Sonderzahl.
62221;Vj. Index der Tarifverdienste und Arbeitszeiten;JAHR;Jahr;2022;DINSGF;Früheres Bundesgebiet / Neue Länder;DF;Früheres Bundesgebiet;WZ08C7;WZ2008 (ausgewählte Positionen): Tarifindex;WZ08-491-01;Personen- u. Güterbeförderung im Eisenbahnverkehr;103,7;2020=100;VST073;Index d.tarifl. Monatsverdienste mit Sonderzahl.
62221;Vj. Index der Tarifverdienste und Arbeitszeiten;JAHR;Jahr;2022;DINSGF;Früheres Bundesgebiet / Neue Länder;DF;Früheres Bundesgebiet;WZ08C7;WZ2008 (ausgewählte Positionen): Tarifindex;WZ08-491-01;Personen- u. Güterbeförderung im Eisenbahnverkehr;39,9;h;VST019;Durchschnittliche tarifliche Wochenarbeitszeit
62221;Vj. Index der Tarifverdienste und Arbeitszeiten;JAHR;Jahr;2022;DINSGF;Früheres Bundesgebiet / Neue Länder;DF;Früheres Bundesgebiet;WZ08C7;WZ2008 (ausgewählte Positionen): Tarifindex;WZ08-491-01;Personen- u. Güterbeförderung im Eisenbahnverkehr;102,9;2020=100;VST066;Index d.tarifl. Monatsverdienste ohne Sonderzahl.
62221;Vj. Index der Tarifverdienste und Arbeitszeiten;JAHR;Jahr;2022;DINSGF;Früheres Bundesgebiet / Neue Länder;DF;Früheres Bundesgebiet;WZ08C7;WZ2008 (ausgewählte Positionen): Tarifindex;WZ08-491-01;Personen- u. Güterbeförderung im Eisenbahnverkehr;100,0;2020=100;VST018;Index der tariflichen Wochenarbeitszeit
62221;Vj. Index der Tarifverdienste und Arbeitszeiten;JAHR;Jahr;2022;DINSGF;Früheres Bundesgebiet / Neue Länder;DF;Früheres Bundesgebiet;WZ08C7;WZ2008 (ausgewählte Positionen): Tarifindex;WZ08-491-01;Personen- u. Güterbeförderung im Eisenbahnverkehr;102,9;2020=100;VST065;Index d.tarifl. Stundenverdienste ohne Sonderzahl.
62221;Vj. Index der Tarifverdienste und Arbeitszeiten;JAHR;Jahr;2020;DINSGF;Früheres Bundesgebiet / Neue Länder;DF;Früheres Bundesgebiet;WZ08C7;WZ2008 (ausgewählte Positionen): Tarifindex;WZ08-59;Film, TV-Programme, Kinos, Tonstudios, Musikverlag;100,0;2020=100;VST072;Index d.tarifl. Stundenverdienste mit Sonderzahl.
62221;Vj. Index der Tarifverdienste und Arbeitszeiten;JAHR;Jahr;2020;DINSGF;Früheres Bundesgebiet / Neue Länder;DF;Früheres Bundesgebiet;WZ08C7;WZ2008 (ausgewählte Positionen): Tarifindex;WZ08-59;Film, TV-Programme, Kinos, Tonstudios, Musikverlag;100,0;2020=100;VST073;Index d.tarifl. Monatsverdienste mit Sonderzahl.
62221;Vj. Index der Tarifverdienste und Arbeitszeiten;JAHR;Jahr;2020;DINSGF;Früheres Bundesgebiet / Neue Länder;DF;Früheres Bundesgebiet;WZ08C7;WZ2008 (ausgewählte Positionen): Tarifindex;WZ08-59;Film, TV-Programme, Kinos, Tonstudios, Musikverlag;39,0;h;VST019;Durchschnittliche tarifliche Wochenarbeitszeit
62221;Vj. Index der Tarifverdienste und Arbeitszeiten;JAHR;Jahr;2020;DINSGF;Früheres Bundesgebiet / Neue Länder;DF;Früheres Bundesgebiet;WZ08C7;WZ2008 (ausgewählte Positionen): Tarifindex;WZ08-59;Film, TV-Programme, Kinos, Tonstudios, Musikverlag;100,0;2020=100;VST066;Index d.tarifl. Monatsverdienste ohne Sonderzahl.
62221;Vj. Index der Tarifverdienste und Arbeitszeiten;JAHR;Jahr;2020;DINSGF;Früheres Bundesgebiet / Neue Länder;DF;Früheres Bundesgebiet;WZ08C7;WZ2008 (ausgewählte Positionen): Tarifindex;WZ08-59;Film, TV-Programme, Kinos, Tonstudios, Musikverlag;100,0;2020=100;VST018;Index der tariflichen Wochenarbeitszeit
62221;Vj. Index der Tarifverdienste und Arbeitszeiten;JAHR;Jahr;2020;DINSGF;Früheres Bundesgebiet / Neue Länder;DF;Früheres Bundesgebiet;WZ08C7;WZ2008 (ausgewählte Positionen): Tarifindex;WZ08-59;Film, TV-Programme, Kinos, Tonstudios, Musikverlag;100,0;2020=100;VST065;Index d.tarifl. Stundenverdienste ohne Sonderzahl.
62221;Vj. Index der Tarifverdienste und Arbeitszeiten;JAHR;Jahr;2025;DINSGF;Früheres Bundesgebiet / Neue Länder;DF;Früheres Bundesgebiet;WZ08C7;WZ2008 (ausgewählte Positionen): Tarifindex;WZ08-B;Bergbau und Gewinnung von Steinen und Erden;112,7;2020=100;VST072;Index d.tarifl. Stundenverdienste mit Sonderzahl.
62221;Vj. Index der Tarifverdienste und Arbeitszeiten;JAHR;Jahr;2025;DINSGF;Früheres Bundesgebiet / Neue Länder;DF;Früheres Bundesgebiet;WZ08C7;WZ2008 (ausgewählte Positionen): Tarifindex;WZ08-B;Bergbau und Gewinnung von Steinen und Erden;112,6;2020=100;VST073;Index d.tarifl. Monatsverdienste mit Sonderzahl.
62221;Vj. Index der Tarifverdienste und Arbeitszeiten;JAHR;Jahr;2025;DINSGF;Früheres Bundesgebiet / Neue Länder;DF;Früheres Bundesgebiet;WZ08C7;WZ2008 (ausgewählte Positionen): Tarifindex;WZ08-B;Bergbau und Gewinnung von Steinen und Erden;38,6;h;VST019;Durchschnittliche tarifliche Wochenarbeitszeit
62221;Vj. Index der Tarifverdienste und Arbeitszeiten;JAHR;Jahr;2025;DINSGF;Früheres Bundesgebiet / Neue Länder;DF;Früheres Bundesgebiet;WZ08C7;WZ2008 (ausgewählte Positionen): Tarifindex;WZ08-B;Bergbau und Gewinnung von Steinen und Erden;113,2;2020=100;VST066;Index d.tarifl. Monatsverdienste ohne Sonderzahl.
62221;Vj. Index der Tarifverdienste und Arbeitszeiten;JAHR;Jahr;2025;DINSGF;Früheres Bundesgebiet / Neue Länder;DF;Früheres Bundesgebiet;WZ08C7;WZ2008 (ausgewählte Positionen): Tarifindex;WZ08-B;Bergbau und Gewinnung von Steinen und Erden;100,0;2020=100;VST018;Index der tariflichen Wochenarbeitszeit
62221;Vj. Index der Tarifverdienste und Arbeitszeiten;JAHR;Jahr;2025;DINSGF;Früheres Bundesgebiet / Neue Länder;DF;Früheres Bundesgebiet;WZ08C7;WZ2008 (ausgewählte Positionen): Tarifindex;WZ08-B;Bergbau und Gewinnung von Steinen und Erden;113,3;2020=100;VST065;Index d.tarifl. Stundenverdienste ohne Sonderzahl.
62221;Vj. Index der Tarifverdienste und Arbeitszeiten;JAHR;Jahr;2017;DINSGF;Früheres Bundesgebiet / Neue Länder;DN;Neue Länder;WZ08C7;WZ2008 (ausgewählte Positionen): Tarifindex;WZ08-52;Lagerei, sonstige Dienstleistungen für den Verkehr;92,3;2020=100;VST072;Index d.tarifl. Stundenverdienste mit Sonderzahl.
62221;Vj. Index der Tarifverdienste und Arbeitszeiten;JAHR;Jahr;2017;DINSGF;Früheres Bundesgebiet / Neue Länder;DN;Neue Länder;WZ08C7;WZ2008 (ausgewählte Positionen): Tarifindex;WZ08-52;Lagerei, sonstige Dienstleistungen für den Verkehr;92,5;2020=100;VST073;Index d.tarifl. Monatsverdienste mit Sonderzahl.
62221;Vj. Index der Tarifverdienste und Arbeitszeiten;JAHR;Jahr;2017;DINSGF;Früheres Bundesgebiet / Neue Länder;DN;Neue Länder;WZ08C7;WZ2008 (ausgewählte Positionen): Tarifindex;WZ08-52;Lagerei, sonstige Dienstleistungen für den Verkehr;39,3;h;VST019;Durchschnittliche tarifliche Wochenarbeitszeit
62221;Vj. Index der Tarifverdienste und Arbeitszeiten;JAHR;Jahr;2017;DINSGF;Früheres Bundesgebiet / Neue Länder;DN;Neue Länder;WZ08C7;WZ2008 (ausgewählte Positionen): Tarifindex;WZ08-52;Lagerei, sonstige Dienstleistungen für den Verkehr;92,6;2020=100;VST066;Index d.tarifl. Monatsverdienste ohne Sonderzahl.
62221;Vj. Index der Tarifverdienste und Arbeitszeiten;JAHR;Jahr;2017;DINSGF;Früheres Bundesgebiet / Neue Länder;DN;Neue Länder;WZ08C7;WZ2008 (ausgewählte Positionen): Tarifindex;WZ08-52;Lagerei, sonstige Dienstleistungen für den Verkehr;100,3;2020=100;VST018;Index der tariflichen Wochenarbeitszeit
62221;Vj. Index der Tarifverdienste und Arbeitszeiten;JAHR;Jahr;2017;DINSGF;Früheres Bundesgebiet / Neue Länder;DN;Neue Länder;WZ08C7;WZ2008 (ausgewählte Positionen): Tarifindex;WZ08-52;Lagerei, sonstige Dienstleistungen für den Verkehr;92,4;2020=100;VST065;Index d.tarifl. Stundenverdienste ohne Sonderzahl.
62221;Vj. Index der Tarifverdienste und Arbeitszeiten;JAHR;Jahr;2025;DINSGF;Früheres Bundesgebiet / Neue Länder;DF;Früheres Bundesgebiet;WZ08C7;WZ2008 (ausgewählte Positionen): Tarifindex;WZ08-E;Wasserversorg.,Entsorg.,Beseitig.v.Umweltverschm.;115,9;2020=100;VST072;Index d.tarifl. Stundenverdienste mit Sonderzahl.
62221;Vj. Index der Tarifverdienste und Arbeitszeiten;JAHR;Jahr;2025;DINSGF;Früheres Bundesgebiet / Neue Länder;DF;Früheres Bundesgebiet;WZ08C7;WZ2008 (ausgewählte Positionen): Tarifindex;WZ08-E;Wasserversorg.,Entsorg.,Beseitig.v.Umweltverschm.;115,9;2020=100;VST073;Index d.tarifl. Monatsverdienste mit Sonderzahl.
62221;Vj. Index der Tarifverdienste und Arbeitszeiten;JAHR;Jahr;2025;DINSGF;Früheres Bundesgebiet / Neue Länder;DF;Früheres Bundesgebiet;WZ08C7;WZ2008 (ausgewählte Positionen): Tarifindex;WZ08-E;Wasserversorg.,Entsorg.,Beseitig.v.Umweltverschm.;38,9;h;VST019;Durchschnittliche tarifliche Wochenarbeitszeit
62221;Vj. Index der Tarifverdienste und Arbeitszeiten;JAHR;Jahr;2025;DINSGF;Früheres Bundesgebiet / Neue Länder;DF;Früheres Bundesgebiet;WZ08C7;WZ2008 (ausgewählte Positionen): Tarifindex;WZ08-E;Wasserversorg.,Entsorg.,Beseitig.v.Umweltverschm.;116,3;2020=100;VST066;Index d.tarifl. Monatsverdienste ohne Sonderzahl.
62221;Vj. Index der Tarifverdienste und Arbeitszeiten;JAHR;Jahr;2025;DINSGF;Früheres Bundesgebiet / Neue Länder;DF;Früheres Bundesgebiet;WZ08C7;WZ2008 (ausgewählte Positionen): Tarifindex;WZ08-E;Wasserversorg.,Entsorg.,Beseitig.v.Umweltverschm.;100,0;2020=100;VST018;Index der tariflichen Wochenarbeitszeit
62221;Vj. Index der Tarifverdienste und Arbeitszeiten;JAHR;Jahr;2025;DINSGF;Früheres Bundesgebiet / Neue Länder;DF;Früheres Bundesgebiet;WZ08C7;WZ2008 (ausgewählte Positionen): Tarifindex;WZ08-E;Wasserversorg.,Entsorg.,Beseitig.v.Umweltverschm.;116,3;2020=100;VST065;Index d.tarifl. Stundenverdienste ohne Sonderzahl.
62221;Vj. Index der Tarifverdienste und Arbeitszeiten;JAHR;Jahr;2024;DINSGF;Früheres Bundesgebiet / Neue Länder;DN;Neue Länder;WZ08C7;WZ2008 (ausgewählte Positionen): Tarifindex;WZ08-59;Film, TV-Programme, Kinos, Tonstudios, Musikverlag;-;2020=100;VST072;Index d.tarifl. Stundenverdienste mit Sonderzahl.
62221;Vj. Index der Tarifverdienste und Arbeitszeiten;JAHR;Jahr;2024;DINSGF;Früheres Bundesgebiet / Neue Länder;DN;Neue Länder;WZ08C7;WZ2008 (ausgewählte Positionen): Tarifindex;WZ08-59;Film, TV-Programme, Kinos, Tonstudios, Musikverlag;-;2020=100;VST073;Index d.tarifl. Monatsverdienste mit Sonderzahl.
62221;Vj. Index der Tarifverdienste und Arbeitszeiten;JAHR;Jahr;2024;DINSGF;Früheres Bundesgebiet / Neue Länder;DN;Neue Länder;WZ08C7;WZ2008 (ausgewählte Positionen): Tarifindex;WZ08-59;Film, TV-Programme, Kinos, Tonstudios, Musikverlag;-;h;VST019;Durchschnittliche tarifliche Wochenarbeitszeit
62221;Vj. Index der Tarifverdienste und Arbeitszeiten;JAHR;Jahr;2024;DINSGF;Früheres Bundesgebiet / Neue Länder;DN;Neue Länder;WZ08C7;WZ2008 (ausgewählte Positionen): Tarifindex;WZ08-59;Film, TV-Programme, Kinos, Tonstudios, Musikverlag;-;2020=100;VST066;Index d.tarifl. Monatsverdienste ohne Sonderzahl.
62221;Vj. Index der Tarifverdienste und Arbeitszeiten;JAHR;Jahr;2024;DINSGF;Früheres Bundesgebiet / Neue Länder;DN;Neue Länder;WZ08C7;WZ2008 (ausgewählte Positionen): Tarifindex;WZ08-59;Film, TV-Programme, Kinos, Tonstudios, Musikverlag;-;2020=100;VST018;Index der tariflichen Wochenarbeitszeit
62221;Vj. Index der Tarifverdienste und Arbeitszeiten;JAHR;Jahr;2024;DINSGF;Früheres Bundesgebiet / Neue Länder;DN;Neue Länder;WZ08C7;WZ2008 (ausgewählte Positionen): Tarifindex;WZ08-59;Film, TV-Programme, Kinos, Tonstudios, Musikverlag;-;2020=100;VST065;Index d.tarifl. Stundenverdienste ohne Sonderzahl.
62221;Vj. Index der Tarifverdienste und Arbeitszeiten;JAHR;Jahr;2024;DINSGF;Früheres Bundesgebiet / Neue Länder;DN;Neue Länder;WZ08C7;WZ2008 (ausgewählte Positionen): Tarifindex;WZ08-R;Kunst, Unterhaltung und Erholung;111,5;2020=100;VST072;Index d.tarifl. Stundenverdienste mit Sonderzahl.
62221;Vj. Index der Tarifverdienste und Arbeitszeiten;JAHR;Jahr;2024;DINSGF;Früheres Bundesgebiet / Neue Länder;DN;Neue Länder;WZ08C7;WZ2008 (ausgewählte Positionen): Tarifindex;WZ08-R;Kunst, Unterhaltung und Erholung;111,5;2020=100;VST073;Index d.tarifl. Monatsverdienste mit Sonderzahl.
62221;Vj. Index der Tarifverdienste und Arbeitszeiten;JAHR;Jahr;2024;DINSGF;Früheres Bundesgebiet / Neue Länder;DN;Neue Länder;WZ08C7;WZ2008 (ausgewählte Positionen): Tarifindex;WZ08-R;Kunst, Unterhaltung und Erholung;39,1;h;VST019;Durchschnittliche tarifliche Wochenarbeitszeit
62221;Vj. Index der Tarifverdienste und Arbeitszeiten;JAHR;Jahr;2024;DINSGF;Früheres Bundesgebiet / Neue Länder;DN;Neue Länder;WZ08C7;WZ2008 (ausgewählte Positionen): Tarifindex;WZ08-R;Kunst, Unterhaltung und Erholung;108,8;2020=100;VST066;Index d.tarifl. Monatsverdienste ohne Sonderzahl.
62221;Vj. Index der Tarifverdienste und Arbeitszeiten;JAHR;Jahr;2024;DINSGF;Früheres Bundesgebiet / Neue Länder;DN;Neue Länder;WZ08C7;WZ2008 (ausgewählte Positionen): Tarifindex;WZ08-R;Kunst, Unterhaltung und Erholung;100,0;2020=100;VST018;Index der tariflichen Wochenarbeitszeit
62221;Vj. Index der Tarifverdienste und Arbeitszeiten;JAHR;Jahr;2024;DINSGF;Früheres Bundesgebiet / Neue Länder;DN;Neue Länder;WZ08C7;WZ2008 (ausgewählte Positionen): Tarifindex;WZ08-R;Kunst, Unterhaltung und Erholung;108,8;2020=100;VST065;Index d.tarifl. Stundenverdienste ohne Sonderzahl.
62221;Vj. Index der Tarifverdienste und Arbeitszeiten;JAHR;Jahr;2020;DINSGF;Früheres Bundesgebiet / Neue Länder;DF;Früheres Bundesgebiet;WZ08C7;WZ2008 (ausgewählte Positionen): Tarifindex;WZ08-C;Verarbeitendes Gewerbe;100,0;2020=100;VST072;Index d.tarifl. Stundenverdienste mit Sonderzahl.
62221;Vj. Index der Tarifverdienste und Arbeitszeiten;JAHR;Jahr;2020;DINSGF;Früheres Bundesgebiet / Neue Länder;DF;Früheres Bundesgebiet;WZ08C7;WZ2008 (ausgewählte Positionen): Tarifindex;WZ08-C;Verarbeitendes Gewerbe;100,0;2020=100;VST073;Index d.tarifl. Monatsverdienste mit Sonderzahl.
62221;Vj. Index der Tarifverdienste und Arbeitszeiten;JAHR;Jahr;2020;DINSGF;Früheres Bundesgebiet / Neue Länder;DF;Früheres Bundesgebiet;WZ08C7;WZ2008 (ausgewählte Positionen): Tarifindex;WZ08-C;Verarbeitendes Gewerbe;36,0;h;VST019;Durchschnittliche tarifliche Wochenarbeitszeit
62221;Vj. Index der Tarifverdienste und Arbeitszeiten;JAHR;Jahr;2020;DINSGF;Früheres Bundesgebiet / Neue Länder;DF;Früheres Bundesgebiet;WZ08C7;WZ2008 (ausgewählte Positionen): Tarifindex;WZ08-C;Verarbeitendes Gewerbe;100,0;2020=100;VST066;Index d.tarifl. Monatsverdienste ohne Sonderzahl.
62221;Vj. Index der Tarifverdienste und Arbeitszeiten;JAHR;Jahr;2020;DINSGF;Früheres Bundesgebiet / Neue Länder;DF;Früheres Bundesgebiet;WZ08C7;WZ2008 (ausgewählte Positionen): Tarifindex;WZ08-C;Verarbeitendes Gewerbe;100,0;2020=100;VST018;Index der tariflichen Wochenarbeitszeit
62221;Vj. Index der Tarifverdienste und Arbeitszeiten;JAHR;Jahr;2020;DINSGF;Früheres Bundesgebiet / Neue Länder;DF;Früheres Bundesgebiet;WZ08C7;WZ2008 (ausgewählte Positionen): Tarifindex;WZ08-C;Verarbeitendes Gewerbe;100,0;2020=100;VST065;Index d.tarifl. Stundenverdienste ohne Sonderzahl.
62221;Vj. Index der Tarifverdienste und Arbeitszeiten;JAHR;Jahr;2024;DINSGF;Früheres Bundesgebiet / Neue Länder;DN;Neue Länder;WZ08C7;WZ2008 (ausgewählte Positionen): Tarifindex;WZ08-50;Schifffahrt;111,4;2020=100;VST072;Index d.tarifl. Stundenverdienste mit Sonderzahl.
62221;Vj. Index der Tarifverdienste und Arbeitszeiten;JAHR;Jahr;2024;DINSGF;Früheres Bundesgebiet / Neue Länder;DN;Neue Länder;WZ08C7;WZ2008 (ausgewählte Positionen): Tarifindex;WZ08-50;Schifffahrt;110,4;2020=100;VST073;Index d.tarifl. Monatsverdienste mit Sonderzahl.
62221;Vj. Index der Tarifverdienste und Arbeitszeiten;JAHR;Jahr;2024;DINSGF;Früheres Bundesgebiet / Neue Länder;DN;Neue Länder;WZ08C7;WZ2008 (ausgewählte Positionen): Tarifindex;WZ08-50;Schifffahrt;39,7;h;VST019;Durchschnittliche tarifliche Wochenarbeitszeit
62221;Vj. Index der Tarifverdienste und Arbeitszeiten;JAHR;Jahr;2024;DINSGF;Früheres Bundesgebiet / Neue Länder;DN;Neue Länder;WZ08C7;WZ2008 (ausgewählte Positionen): Tarifindex;WZ08-50;Schifffahrt;109,0;2020=100;VST066;Index d.tarifl. Monatsverdienste ohne Sonderzahl.
62221;Vj. Index der Tarifverdienste und Arbeitszeiten;JAHR;Jahr;2024;DINSGF;Früheres Bundesgebiet / Neue Länder;DN;Neue Länder;WZ08C7;WZ2008 (ausgewählte Positionen): Tarifindex;WZ08-50;Schifffahrt;99,1;2020=100;VST018;Index der tariflichen Wochenarbeitszeit
62221;Vj. Index der Tarifverdienste und Arbeitszeiten;JAHR;Jahr;2024;DINSGF;Früheres Bundesgebiet / Neue Länder;DN;Neue Länder;WZ08C7;WZ2008 (ausgewählte Positionen): Tarifindex;WZ08-50;Schifffahrt;110,0;2020=100;VST065;Index d.tarifl. Stundenverdienste ohne Sonderzahl.
62221;Vj. Index der Tarifverdienste und Arbeitszeiten;JAHR;Jahr;2024;DINSGF;Früheres Bundesgebiet / Neue Länder;DN;Neue Länder;WZ08C7;WZ2008 (ausgewählte Positionen): Tarifindex;WZ-X002;Investitionsgüterproduzenten;112,5;2020=100;VST072;Index d.tarifl. Stundenverdienste mit Sonderzahl.
62221;Vj. Index der Tarifverdienste und Arbeitszeiten;JAHR;Jahr;2024;DINSGF;Früheres Bundesgebiet / Neue Länder;DN;Neue Länder;WZ08C7;WZ2008 (ausgewählte Positionen): Tarifindex;WZ-X002;Investitionsgüterproduzenten;112,0;2020=100;VST073;Index d.tarifl. Monatsverdienste mit Sonderzahl.
62221;Vj. Index der Tarifverdienste und Arbeitszeiten;JAHR;Jahr;2024;DINSGF;Früheres Bundesgebiet / Neue Länder;DN;Neue Länder;WZ08C7;WZ2008 (ausgewählte Positionen): Tarifindex;WZ-X002;Investitionsgüterproduzenten;37,7;h;VST019;Durchschnittliche tarifliche Wochenarbeitszeit
62221;Vj. Index der Tarifverdienste und Arbeitszeiten;JAHR;Jahr;2024;DINSGF;Früheres Bundesgebiet / Neue Länder;DN;Neue Länder;WZ08C7;WZ2008 (ausgewählte Positionen): Tarifindex;WZ-X002;Investitionsgüterproduzenten;107,8;2020=100;VST066;Index d.tarifl. Monatsverdienste ohne Sonderzahl.
62221;Vj. Index der Tarifverdienste und Arbeitszeiten;JAHR;Jahr;2024;DINSGF;Früheres Bundesgebiet / Neue Länder;DN;Neue Länder;WZ08C7;WZ2008 (ausgewählte Positionen): Tarifindex;WZ-X002;Investitionsgüterproduzenten;99,6;2020=100;VST018;Index der tariflichen Wochenarbeitszeit
62221;Vj. Index der Tarifverdienste und Arbeitszeiten;JAHR;Jahr;2024;DINSGF;Früheres Bundesgebiet / Neue Länder;DN;Neue Länder;WZ08C7;WZ2008 (ausgewählte Positionen): Tarifindex;WZ-X002;Investitionsgüterproduzenten;108,3;2020=100;VST065;Index d.tarifl. Stundenverdienste ohne Sonderzahl.
62221;Vj. Index der Tarifverdienste und Arbeitszeiten;JAHR;Jahr;2020;DINSGF;Früheres Bundesgebiet / Neue Länder;DN;Neue Länder;WZ08C7;WZ2008 (ausgewählte Positionen): Tarifindex;WZ08-10-02;Ernährungsgewerbe;100,0;2020=100;VST072;Index d.tarifl. Stundenverdienste mit Sonderzahl.
62221;Vj. Index der Tarifverdienste und Arbeitszeiten;JAHR;Jahr;2020;DINSGF;Früheres Bundesgebiet / Neue Länder;DN;Neue Länder;WZ08C7;WZ2008 (ausgewählte Positionen): Tarifindex;WZ08-10-02;Ernährungsgewerbe;100,0;2020=100;VST073;Index d.tarifl. Monatsverdienste mit Sonderzahl.
62221;Vj. Index der Tarifverdienste und Arbeitszeiten;JAHR;Jahr;2020;DINSGF;Früheres Bundesgebiet / Neue Länder;DN;Neue Länder;WZ08C7;WZ2008 (ausgewählte Positionen): Tarifindex;WZ08-10-02;Ernährungsgewerbe;38,8;h;VST019;Durchschnittliche tarifliche Wochenarbeitszeit
62221;Vj. Index der Tarifverdienste und Arbeitszeiten;JAHR;Jahr;2020;DINSGF;Früheres Bundesgebiet / Neue Länder;DN;Neue Länder;WZ08C7;WZ2008 (ausgewählte Positionen): Tarifindex;WZ08-10-02;Ernährungsgewerbe;100,0;2020=100;VST066;Index d.tarifl. Monatsverdienste ohne Sonderzahl.
62221;Vj. Index der Tarifverdienste und Arbeitszeiten;JAHR;Jahr;2020;DINSGF;Früheres Bundesgebiet / Neue Länder;DN;Neue Länder;WZ08C7;WZ2008 (ausgewählte Positionen): Tarifindex;WZ08-10-02;Ernährungsgewerbe;100,0;2020=100;VST018;Index der tariflichen Wochenarbeitszeit
62221;Vj. Index der Tarifverdienste und Arbeitszeiten;JAHR;Jahr;2020;DINSGF;Früheres Bundesgebiet / Neue Länder;DN;Neue Länder;WZ08C7;WZ2008 (ausgewählte Positionen): Tarifindex;WZ08-10-02;Ernährungsgewerbe;100,0;2020=100;VST065;Index d.tarifl. Stundenverdienste ohne Sonderzahl.
62221;Vj. Index der Tarifverdienste und Arbeitszeiten;JAHR;Jahr;2024;DINSGF;Früheres Bundesgebiet / Neue Länder;DN;Neue Länder;WZ08C7;WZ2008 (ausgewählte Positionen): Tarifindex;WZ08-11;Getränkeherstellung;116,1;2020=100;VST072;Index d.tarifl. Stundenverdienste mit Sonderzahl.
62221;Vj. Index der Tarifverdienste und Arbeitszeiten;JAHR;Jahr;2024;DINSGF;Früheres Bundesgebiet / Neue Länder;DN;Neue Länder;WZ08C7;WZ2008 (ausgewählte Positionen): Tarifindex;WZ08-11;Getränkeherstellung;116,1;2020=100;VST073;Index d.tarifl. Monatsverdienste mit Sonderzahl.
62221;Vj. Index der Tarifverdienste und Arbeitszeiten;JAHR;Jahr;2024;DINSGF;Früheres Bundesgebiet / Neue Länder;DN;Neue Länder;WZ08C7;WZ2008 (ausgewählte Positionen): Tarifindex;WZ08-11;Getränkeherstellung;39,0;h;VST019;Durchschnittliche tarifliche Wochenarbeitszeit
62221;Vj. Index der Tarifverdienste und Arbeitszeiten;JAHR;Jahr;2024;DINSGF;Früheres Bundesgebiet / Neue Länder;DN;Neue Länder;WZ08C7;WZ2008 (ausgewählte Positionen): Tarifindex;WZ08-11;Getränkeherstellung;115,1;2020=100;VST066;Index d.tarifl. Monatsverdienste ohne Sonderzahl.
62221;Vj. Index der Tarifverdienste und Arbeitszeiten;JAHR;Jahr;2024;DINSGF;Früheres Bundesgebiet / Neue Länder;DN;Neue Länder;WZ08C7;WZ2008 (ausgewählte Positionen): Tarifindex;WZ08-11;Getränkeherstellung;100,0;2020=100;VST018;Index der tariflichen Wochenarbeitszeit
62221;Vj. Index der Tarifverdienste und Arbeitszeiten;JAHR;Jahr;2024;DINSGF;Früheres Bundesgebiet / Neue Länder;DN;Neue Länder;WZ08C7;WZ2008 (ausgewählte Positionen): Tarifindex;WZ08-11;Getränkeherstellung;115,1;2020=100;VST065;Index d.tarifl. Stundenverdienste ohne Sonderzahl.
62221;Vj. Index der Tarifverdienste und Arbeitszeiten;JAHR;Jahr;2020;DINSGF;Früheres Bundesgebiet / Neue Länder;DN;Neue Länder;WZ08C7;WZ2008 (ausgewählte Positionen): Tarifindex;WZ08-55-01;Gastgewerbe;100,0;2020=100;VST072;Index d.tarifl. Stundenverdienste mit Sonderzahl.
62221;Vj. Index der Tarifverdienste und Arbeitszeiten;JAHR;Jahr;2020;DINSGF;Früheres Bundesgebiet / Neue Länder;DN;Neue Länder;WZ08C7;WZ2008 (ausgewählte Positionen): Tarifindex;WZ08-55-01;Gastgewerbe;100,0;2020=100;VST073;Index d.tarifl. Monatsverdienste mit Sonderzahl.
62221;Vj. Index der Tarifverdienste und Arbeitszeiten;JAHR;Jahr;2020;DINSGF;Früheres Bundesgebiet / Neue Länder;DN;Neue Länder;WZ08C7;WZ2008 (ausgewählte Positionen): Tarifindex;WZ08-55-01;Gastgewerbe;39,4;h;VST019;Durchschnittliche tarifliche Wochenarbeitszeit
62221;Vj. Index der Tarifverdienste und Arbeitszeiten;JAHR;Jahr;2020;DINSGF;Früheres Bundesgebiet / Neue Länder;DN;Neue Länder;WZ08C7;WZ2008 (ausgewählte Positionen): Tarifindex;WZ08-55-01;Gastgewerbe;100,0;2020=100;VST066;Index d.tarifl. Monatsverdienste ohne Sonderzahl.
62221;Vj. Index der Tarifverdienste und Arbeitszeiten;JAHR;Jahr;2020;DINSGF;Früheres Bundesgebiet / Neue Länder;DN;Neue Länder;WZ08C7;WZ2008 (ausgewählte Positionen): Tarifindex;WZ08-55-01;Gastgewerbe;100,0;2020=100;VST018;Index der tariflichen Wochenarbeitszeit
62221;Vj. Index der Tarifverdienste und Arbeitszeiten;JAHR;Jahr;2020;DINSGF;Früheres Bundesgebiet / Neue Länder;DN;Neue Länder;WZ08C7;WZ2008 (ausgewählte Positionen): Tarifindex;WZ08-55-01;Gastgewerbe;100,0;2020=100;VST065;Index d.tarifl. Stundenverdienste ohne Sonderzahl.
62221;Vj. Index der Tarifverdienste und Arbeitszeiten;JAHR;Jahr;2017;DINSGF;Früheres Bundesgebiet / Neue Länder;DN;Neue Länder;WZ08C7;WZ2008 (ausgewählte Positionen): Tarifindex;WZ08-H;Verkehr und Lagerei;91,2;2020=100;VST072;Index d.tarifl. Stundenverdienste mit Sonderzahl.
62221;Vj. Index der Tarifverdienste und Arbeitszeiten;JAHR;Jahr;2017;DINSGF;Früheres Bundesgebiet / Neue Länder;DN;Neue Länder;WZ08C7;WZ2008 (ausgewählte Positionen): Tarifindex;WZ08-H;Verkehr und Lagerei;91,6;2020=100;VST073;Index d.tarifl. Monatsverdienste mit Sonderzahl.
62221;Vj. Index der Tarifverdienste und Arbeitszeiten;JAHR;Jahr;2017;DINSGF;Früheres Bundesgebiet / Neue Länder;DN;Neue Länder;WZ08C7;WZ2008 (ausgewählte Positionen): Tarifindex;WZ08-H;Verkehr und Lagerei;39,3;h;VST019;Durchschnittliche tarifliche Wochenarbeitszeit
62221;Vj. Index der Tarifverdienste und Arbeitszeiten;JAHR;Jahr;2017;DINSGF;Früheres Bundesgebiet / Neue Länder;DN;Neue Länder;WZ08C7;WZ2008 (ausgewählte Positionen): Tarifindex;WZ08-H;Verkehr und Lagerei;92,1;2020=100;VST066;Index d.tarifl. Monatsverdienste ohne Sonderzahl.
62221;Vj. Index der Tarifverdienste und Arbeitszeiten;JAHR;Jahr;2017;DINSGF;Früheres Bundesgebiet / Neue Länder;DN;Neue Länder;WZ08C7;WZ2008 (ausgewählte Positionen): Tarifindex;WZ08-H;Verkehr und Lagerei;100,6;2020=100;VST018;Index der tariflichen Wochenarbeitszeit
62221;Vj. Index der Tarifverdienste und Arbeitszeiten;JAHR;Jahr;2017;DINSGF;Früheres Bundesgebiet / Neue Länder;DN;Neue Länder;WZ08C7;WZ2008 (ausgewählte Positionen): Tarifindex;WZ08-H;Verkehr und Lagerei;91,6;2020=100;VST065;Index d.tarifl. Stundenverdienste ohne Sonderzahl.
62221;Vj. Index der Tarifverdienste und Arbeitszeiten;JAHR;Jahr;2017;DINSGF;Früheres Bundesgebiet / Neue Länder;DN;Neue Länder;WZ08C7;WZ2008 (ausgewählte Positionen): Tarifindex;WZ08-K;Erbringung v. Finanz- u. Versicherungsdienstleist.;93,6;2020=100;VST072;Index d.tarifl. Stundenverdienste mit Sonderzahl.
62221;Vj. Index der Tarifverdienste und Arbeitszeiten;JAHR;Jahr;2017;DINSGF;Früheres Bundesgebiet / Neue Länder;DN;Neue Länder;WZ08C7;WZ2008 (ausgewählte Positionen): Tarifindex;WZ08-K;Erbringung v. Finanz- u. Versicherungsdienstleist.;93,6;2020=100;VST073;Index d.tarifl. Monatsverdienste mit Sonderzahl.
62221;Vj. Index der Tarifverdienste und Arbeitszeiten;JAHR;Jahr;2017;DINSGF;Früheres Bundesgebiet / Neue Länder;DN;Neue Länder;WZ08C7;WZ2008 (ausgewählte Positionen): Tarifindex;WZ08-K;Erbringung v. Finanz- u. Versicherungsdienstleist.;38,9;h;VST019;Durchschnittliche tarifliche Wochenarbeitszeit
62221;Vj. Index der Tarifverdienste und Arbeitszeiten;JAHR;Jahr;2017;DINSGF;Früheres Bundesgebiet / Neue Länder;DN;Neue Länder;WZ08C7;WZ2008 (ausgewählte Positionen): Tarifindex;WZ08-K;Erbringung v. Finanz- u. Versicherungsdienstleist.;94,0;2020=100;VST066;Index d.tarifl. Monatsverdienste ohne Sonderzahl.
62221;Vj. Index der Tarifverdienste und Arbeitszeiten;JAHR;Jahr;2017;DINSGF;Früheres Bundesgebiet / Neue Länder;DN;Neue Länder;WZ08C7;WZ2008 (ausgewählte Positionen): Tarifindex;WZ08-K;Erbringung v. Finanz- u. Versicherungsdienstleist.;100,0;2020=100;VST018;Index der tariflichen Wochenarbeitszeit
62221;Vj. Index der Tarifverdienste und Arbeitszeiten;JAHR;Jahr;2017;DINSGF;Früheres Bundesgebiet / Neue Länder;DN;Neue Länder;WZ08C7;WZ2008 (ausgewählte Positionen): Tarifindex;WZ08-K;Erbringung v. Finanz- u. Versicherungsdienstleist.;94,0;2020=100;VST065;Index d.tarifl. Stundenverdienste ohne Sonderzahl.
62221;Vj. Index der Tarifverdienste und Arbeitszeiten;JAHR;Jahr;2020;DINSGF;Früheres Bundesgebiet / Neue Länder;DF;Früheres Bundesgebiet;WZ08C7;WZ2008 (ausgewählte Positionen): Tarifindex;WZ-X002;Investitionsgüterproduzenten;100,0;2020=100;VST072;Index d.tarifl. Stundenverdienste mit Sonderzahl.
62221;Vj. Index der Tarifverdienste und Arbeitszeiten;JAHR;Jahr;2020;DINSGF;Früheres Bundesgebiet / Neue Länder;DF;Früheres Bundesgebiet;WZ08C7;WZ2008 (ausgewählte Positionen): Tarifindex;WZ-X002;Investitionsgüterproduzenten;100,0;2020=100;VST073;Index d.tarifl. Monatsverdienste mit Sonderzahl.
62221;Vj. Index der Tarifverdienste und Arbeitszeiten;JAHR;Jahr;2020;DINSGF;Früheres Bundesgebiet / Neue Länder;DF;Früheres Bundesgebiet;WZ08C7;WZ2008 (ausgewählte Positionen): Tarifindex;WZ-X002;Investitionsgüterproduzenten;35,2;h;VST019;Durchschnittliche tarifliche Wochenarbeitszeit
62221;Vj. Index der Tarifverdienste und Arbeitszeiten;JAHR;Jahr;2020;DINSGF;Früheres Bundesgebiet / Neue Länder;DF;Früheres Bundesgebiet;WZ08C7;WZ2008 (ausgewählte Positionen): Tarifindex;WZ-X002;Investitionsgüterproduzenten;100,0;2020=100;VST066;Index d.tarifl. Monatsverdienste ohne Sonderzahl.
62221;Vj. Index der Tarifverdienste und Arbeitszeiten;JAHR;Jahr;2020;DINSGF;Früheres Bundesgebiet / Neue Länder;DF;Früheres Bundesgebiet;WZ08C7;WZ2008 (ausgewählte Positionen): Tarifindex;WZ-X002;Investitionsgüterproduzenten;100,0;2020=100;VST018;Index der tariflichen Wochenarbeitszeit
62221;Vj. Index der Tarifverdienste und Arbeitszeiten;JAHR;Jahr;2020;DINSGF;Früheres Bundesgebiet / Neue Länder;DF;Früheres Bundesgebiet;WZ08C7;WZ2008 (ausgewählte Positionen): Tarifindex;WZ-X002;Investitionsgüterproduzenten;100,0;2020=100;VST065;Index d.tarifl. Stundenverdienste ohne Sonderzahl.
62221;Vj. Index der Tarifverdienste und Arbeitszeiten;JAHR;Jahr;2025;DINSGF;Früheres Bundesgebiet / Neue Länder;DF;Früheres Bundesgebiet;WZ08C7;WZ2008 (ausgewählte Positionen): Tarifindex;WZ08-82;Dienstleistungen für Unternehmen u.Privatpers. ang;116,1;2020=100;VST072;Index d.tarifl. Stundenverdienste mit Sonderzahl.
62221;Vj. Index der Tarifverdienste und Arbeitszeiten;JAHR;Jahr;2025;DINSGF;Früheres Bundesgebiet / Neue Länder;DF;Früheres Bundesgebiet;WZ08C7;WZ2008 (ausgewählte Positionen): Tarifindex;WZ08-82;Dienstleistungen für Unternehmen u.Privatpers. ang;116,2;2020=100;VST073;Index d.tarifl. Monatsverdienste mit Sonderzahl.
62221;Vj. Index der Tarifverdienste und Arbeitszeiten;JAHR;Jahr;2025;DINSGF;Früheres Bundesgebiet / Neue Länder;DF;Früheres Bundesgebiet;WZ08C7;WZ2008 (ausgewählte Positionen): Tarifindex;WZ08-82;Dienstleistungen für Unternehmen u.Privatpers. ang;37,9;h;VST019;Durchschnittliche tarifliche Wochenarbeitszeit
62221;Vj. Index der Tarifverdienste und Arbeitszeiten;JAHR;Jahr;2025;DINSGF;Früheres Bundesgebiet / Neue Länder;DF;Früheres Bundesgebiet;WZ08C7;WZ2008 (ausgewählte Positionen): Tarifindex;WZ08-82;Dienstleistungen für Unternehmen u.Privatpers. ang;115,6;2020=100;VST066;Index d.tarifl. Monatsverdienste ohne Sonderzahl.
62221;Vj. Index der Tarifverdienste und Arbeitszeiten;JAHR;Jahr;2025;DINSGF;Früheres Bundesgebiet / Neue Länder;DF;Früheres Bundesgebiet;WZ08C7;WZ2008 (ausgewählte Positionen): Tarifindex;WZ08-82;Dienstleistungen für Unternehmen u.Privatpers. ang;100,0;2020=100;VST018;Index der tariflichen Wochenarbeitszeit
62221;Vj. Index der Tarifverdienste und Arbeitszeiten;JAHR;Jahr;2025;DINSGF;Früheres Bundesgebiet / Neue Länder;DF;Früheres Bundesgebiet;WZ08C7;WZ2008 (ausgewählte Positionen): Tarifindex;WZ08-82;Dienstleistungen für Unternehmen u.Privatpers. ang;115,5;2020=100;VST065;Index d.tarifl. Stundenverdienste ohne Sonderzahl.
62221;Vj. Index der Tarifverdienste und Arbeitszeiten;JAHR;Jahr;2024;DINSGF;Früheres Bundesgebiet / Neue Länder;DN;Neue Länder;WZ08C7;WZ2008 (ausgewählte Positionen): Tarifindex;WZ08-32;Herstellung von sonstigen Waren;113,7;2020=100;VST072;Index d.tarifl. Stundenverdienste mit Sonderzahl.
62221;Vj. Index der Tarifverdienste und Arbeitszeiten;JAHR;Jahr;2024;DINSGF;Früheres Bundesgebiet / Neue Länder;DN;Neue Länder;WZ08C7;WZ2008 (ausgewählte Positionen): Tarifindex;WZ08-32;Herstellung von sonstigen Waren;113,7;2020=100;VST073;Index d.tarifl. Monatsverdienste mit Sonderzahl.
62221;Vj. Index der Tarifverdienste und Arbeitszeiten;JAHR;Jahr;2024;DINSGF;Früheres Bundesgebiet / Neue Länder;DN;Neue Länder;WZ08C7;WZ2008 (ausgewählte Positionen): Tarifindex;WZ08-32;Herstellung von sonstigen Waren;38,0;h;VST019;Durchschnittliche tarifliche Wochenarbeitszeit
62221;Vj. Index der Tarifverdienste und Arbeitszeiten;JAHR;Jahr;2024;DINSGF;Früheres Bundesgebiet / Neue Länder;DN;Neue Länder;WZ08C7;WZ2008 (ausgewählte Positionen): Tarifindex;WZ08-32;Herstellung von sonstigen Waren;108,8;2020=100;VST066;Index d.tarifl. Monatsverdienste ohne Sonderzahl.
62221;Vj. Index der Tarifverdienste und Arbeitszeiten;JAHR;Jahr;2024;DINSGF;Früheres Bundesgebiet / Neue Länder;DN;Neue Länder;WZ08C7;WZ2008 (ausgewählte Positionen): Tarifindex;WZ08-32;Herstellung von sonstigen Waren;100,0;2020=100;VST018;Index der tariflichen Wochenarbeitszeit
62221;Vj. Index der Tarifverdienste und Arbeitszeiten;JAHR;Jahr;2024;DINSGF;Früheres Bundesgebiet / Neue Länder;DN;Neue Länder;WZ08C7;WZ2008 (ausgewählte Positionen): Tarifindex;WZ08-32;Herstellung von sonstigen Waren;108,8;2020=100;VST065;Index d.tarifl. Stundenverdienste ohne Sonderzahl.
62221;Vj. Index der Tarifverdienste und Arbeitszeiten;JAHR;Jahr;2020;DINSGF;Früheres Bundesgebiet / Neue Länder;DF;Früheres Bundesgebiet;WZ08C7;WZ2008 (ausgewählte Positionen): Tarifindex;WZ08-11;Getränkeherstellung;100,0;2020=100;VST072;Index d.tarifl. Stundenverdienste mit Sonderzahl.
62221;Vj. Index der Tarifverdienste und Arbeitszeiten;JAHR;Jahr;2020;DINSGF;Früheres Bundesgebiet / Neue Länder;DF;Früheres Bundesgebiet;WZ08C7;WZ2008 (ausgewählte Positionen): Tarifindex;WZ08-11;Getränkeherstellung;100,0;2020=100;VST073;Index d.tarifl. Monatsverdienste mit Sonderzahl.
62221;Vj. Index der Tarifverdienste und Arbeitszeiten;JAHR;Jahr;2020;DINSGF;Früheres Bundesgebiet / Neue Länder;DF;Früheres Bundesgebiet;WZ08C7;WZ2008 (ausgewählte Positionen): Tarifindex;WZ08-11;Getränkeherstellung;38,1;h;VST019;Durchschnittliche tarifliche Wochenarbeitszeit
62221;Vj. Index der Tarifverdienste und Arbeitszeiten;JAHR;Jahr;2020;DINSGF;Früheres Bundesgebiet / Neue Länder;DF;Früheres Bundesgebiet;WZ08C7;WZ2008 (ausgewählte Positionen): Tarifindex;WZ08-11;Getränkeherstellung;100,0;2020=100;VST066;Index d.tarifl. Monatsverdienste ohne Sonderzahl.
62221;Vj. Index der Tarifverdienste und Arbeitszeiten;JAHR;Jahr;2020;DINSGF;Früheres Bundesgebiet / Neue Länder;DF;Früheres Bundesgebiet;WZ08C7;WZ2008 (ausgewählte Positionen): Tarifindex;WZ08-11;Getränkeherstellung;100,0;2020=100;VST018;Index der tariflichen Wochenarbeitszeit
62221;Vj. Index der Tarifverdienste und Arbeitszeiten;JAHR;Jahr;2020;DINSGF;Früheres Bundesgebiet / Neue Länder;DF;Früheres Bundesgebiet;WZ08C7;WZ2008 (ausgewählte Positionen): Tarifindex;WZ08-11;Getränkeherstellung;100,0;2020=100;VST065;Index d.tarifl. Stundenverdienste ohne Sonderzahl.
62221;Vj. Index der Tarifverdienste und Arbeitszeiten;JAHR;Jahr;2020;DINSGF;Früheres Bundesgebiet / Neue Länder;DF;Früheres Bundesgebiet;WZ08C7;WZ2008 (ausgewählte Positionen): Tarifindex;WZ08-L;Grundstücks- und Wohnungswesen;100,0;2020=100;VST072;Index d.tarifl. Stundenverdienste mit Sonderzahl.
62221;Vj. Index der Tarifverdienste und Arbeitszeiten;JAHR;Jahr;2020;DINSGF;Früheres Bundesgebiet / Neue Länder;DF;Früheres Bundesgebiet;WZ08C7;WZ2008 (ausgewählte Positionen): Tarifindex;WZ08-L;Grundstücks- und Wohnungswesen;100,0;2020=100;VST073;Index d.tarifl. Monatsverdienste mit Sonderzahl.
62221;Vj. Index der Tarifverdienste und Arbeitszeiten;JAHR;Jahr;2020;DINSGF;Früheres Bundesgebiet / Neue Länder;DF;Früheres Bundesgebiet;WZ08C7;WZ2008 (ausgewählte Positionen): Tarifindex;WZ08-L;Grundstücks- und Wohnungswesen;38,1;h;VST019;Durchschnittliche tarifliche Wochenarbeitszeit
62221;Vj. Index der Tarifverdienste und Arbeitszeiten;JAHR;Jahr;2020;DINSGF;Früheres Bundesgebiet / Neue Länder;DF;Früheres Bundesgebiet;WZ08C7;WZ2008 (ausgewählte Positionen): Tarifindex;WZ08-L;Grundstücks- und Wohnungswesen;100,0;2020=100;VST066;Index d.tarifl. Monatsverdienste ohne Sonderzahl.
62221;Vj. Index der Tarifverdienste und Arbeitszeiten;JAHR;Jahr;2020;DINSGF;Früheres Bundesgebiet / Neue Länder;DF;Früheres Bundesgebiet;WZ08C7;WZ2008 (ausgewählte Positionen): Tarifindex;WZ08-L;Grundstücks- und Wohnungswesen;100,0;2020=100;VST018;Index der tariflichen Wochenarbeitszeit
62221;Vj. Index der Tarifverdienste und Arbeitszeiten;JAHR;Jahr;2020;DINSGF;Früheres Bundesgebiet / Neue Länder;DF;Früheres Bundesgebiet;WZ08C7;WZ2008 (ausgewählte Positionen): Tarifindex;WZ08-L;Grundstücks- und Wohnungswesen;100,0;2020=100;VST065;Index d.tarifl. Stundenverdienste ohne Sonderzahl.
62221;Vj. Index der Tarifverdienste und Arbeitszeiten;JAHR;Jahr;2023;DINSGF;Früheres Bundesgebiet / Neue Länder;DF;Früheres Bundesgebiet;WZ08C7;WZ2008 (ausgewählte Positionen): Tarifindex;WZ08-B-09;Produzierendes Gewerbe und wirtschaftl. Dienstl.;108,3;2020=100;VST072;Index d.tarifl. Stundenverdienste mit Sonderzahl.
62221;Vj. Index der Tarifverdienste und Arbeitszeiten;JAHR;Jahr;2023;DINSGF;Früheres Bundesgebiet / Neue Länder;DF;Früheres Bundesgebiet;WZ08C7;WZ2008 (ausgewählte Positionen): Tarifindex;WZ08-B-09;Produzierendes Gewerbe und wirtschaftl. Dienstl.;108,3;2020=100;VST073;Index d.tarifl. Monatsverdienste mit Sonderzahl.
62221;Vj. Index der Tarifverdienste und Arbeitszeiten;JAHR;Jahr;2023;DINSGF;Früheres Bundesgebiet / Neue Länder;DF;Früheres Bundesgebiet;WZ08C7;WZ2008 (ausgewählte Positionen): Tarifindex;WZ08-B-09;Produzierendes Gewerbe und wirtschaftl. Dienstl.;37,4;h;VST019;Durchschnittliche tarifliche Wochenarbeitszeit
62221;Vj. Index der Tarifverdienste und Arbeitszeiten;JAHR;Jahr;2023;DINSGF;Früheres Bundesgebiet / Neue Länder;DF;Früheres Bundesgebiet;WZ08C7;WZ2008 (ausgewählte Positionen): Tarifindex;WZ08-B-09;Produzierendes Gewerbe und wirtschaftl. Dienstl.;105,9;2020=100;VST066;Index d.tarifl. Monatsverdienste ohne Sonderzahl.
62221;Vj. Index der Tarifverdienste und Arbeitszeiten;JAHR;Jahr;2023;DINSGF;Früheres Bundesgebiet / Neue Länder;DF;Früheres Bundesgebiet;WZ08C7;WZ2008 (ausgewählte Positionen): Tarifindex;WZ08-B-09;Produzierendes Gewerbe und wirtschaftl. Dienstl.;100,0;2020=100;VST018;Index der tariflichen Wochenarbeitszeit
62221;Vj. Index der Tarifverdienste und Arbeitszeiten;JAHR;Jahr;2023;DINSGF;Früheres Bundesgebiet / Neue Länder;DF;Früheres Bundesgebiet;WZ08C7;WZ2008 (ausgewählte Positionen): Tarifindex;WZ08-B-09;Produzierendes Gewerbe und wirtschaftl. Dienstl.;105,9;2020=100;VST065;Index d.tarifl. Stundenverdienste ohne Sonderzahl.
62221;Vj. Index der Tarifverdienste und Arbeitszeiten;JAHR;Jahr;2017;DINSGF;Früheres Bundesgebiet / Neue Länder;DN;Neue Länder;WZ08C7;WZ2008 (ausgewählte Positionen): Tarifindex;WZ08-37;Abwasserentsorgung;92,3;2020=100;VST072;Index d.tarifl. Stundenverdienste mit Sonderzahl.
62221;Vj. Index der Tarifverdienste und Arbeitszeiten;JAHR;Jahr;2017;DINSGF;Früheres Bundesgebiet / Neue Länder;DN;Neue Länder;WZ08C7;WZ2008 (ausgewählte Positionen): Tarifindex;WZ08-37;Abwasserentsorgung;92,3;2020=100;VST073;Index d.tarifl. Monatsverdienste mit Sonderzahl.
62221;Vj. Index der Tarifverdienste und Arbeitszeiten;JAHR;Jahr;2017;DINSGF;Früheres Bundesgebiet / Neue Länder;DN;Neue Länder;WZ08C7;WZ2008 (ausgewählte Positionen): Tarifindex;WZ08-37;Abwasserentsorgung;39,0;h;VST019;Durchschnittliche tarifliche Wochenarbeitszeit
62221;Vj. Index der Tarifverdienste und Arbeitszeiten;JAHR;Jahr;2017;DINSGF;Früheres Bundesgebiet / Neue Länder;DN;Neue Länder;WZ08C7;WZ2008 (ausgewählte Positionen): Tarifindex;WZ08-37;Abwasserentsorgung;93,0;2020=100;VST066;Index d.tarifl. Monatsverdienste ohne Sonderzahl.
62221;Vj. Index der Tarifverdienste und Arbeitszeiten;JAHR;Jahr;2017;DINSGF;Früheres Bundesgebiet / Neue Länder;DN;Neue Länder;WZ08C7;WZ2008 (ausgewählte Positionen): Tarifindex;WZ08-37;Abwasserentsorgung;100,0;2020=100;VST018;Index der tariflichen Wochenarbeitszeit
62221;Vj. Index der Tarifverdienste und Arbeitszeiten;JAHR;Jahr;2017;DINSGF;Früheres Bundesgebiet / Neue Länder;DN;Neue Länder;WZ08C7;WZ2008 (ausgewählte Positionen): Tarifindex;WZ08-37;Abwasserentsorgung;93,0;2020=100;VST065;Index d.tarifl. Stundenverdienste ohne Sonderzahl.
62221;Vj. Index der Tarifverdienste und Arbeitszeiten;JAHR;Jahr;2017;DINSGF;Früheres Bundesgebiet / Neue Länder;DN;Neue Länder;WZ08C7;WZ2008 (ausgewählte Positionen): Tarifindex;WZ08-22;Herstellung von Gummi- und Kunststoffwaren;90,2;2020=100;VST072;Index d.tarifl. Stundenverdienste mit Sonderzahl.
62221;Vj. Index der Tarifverdienste und Arbeitszeiten;JAHR;Jahr;2017;DINSGF;Früheres Bundesgebiet / Neue Länder;DN;Neue Länder;WZ08C7;WZ2008 (ausgewählte Positionen): Tarifindex;WZ08-22;Herstellung von Gummi- und Kunststoffwaren;90,4;2020=100;VST073;Index d.tarifl. Monatsverdienste mit Sonderzahl.
62221;Vj. Index der Tarifverdienste und Arbeitszeiten;JAHR;Jahr;2017;DINSGF;Früheres Bundesgebiet / Neue Länder;DN;Neue Länder;WZ08C7;WZ2008 (ausgewählte Positionen): Tarifindex;WZ08-22;Herstellung von Gummi- und Kunststoffwaren;39,5;h;VST019;Durchschnittliche tarifliche Wochenarbeitszeit
62221;Vj. Index der Tarifverdienste und Arbeitszeiten;JAHR;Jahr;2017;DINSGF;Früheres Bundesgebiet / Neue Länder;DN;Neue Länder;WZ08C7;WZ2008 (ausgewählte Positionen): Tarifindex;WZ08-22;Herstellung von Gummi- und Kunststoffwaren;91,0;2020=100;VST066;Index d.tarifl. Monatsverdienste ohne Sonderzahl.
62221;Vj. Index der Tarifverdienste und Arbeitszeiten;JAHR;Jahr;2017;DINSGF;Früheres Bundesgebiet / Neue Länder;DN;Neue Länder;WZ08C7;WZ2008 (ausgewählte Positionen): Tarifindex;WZ08-22;Herstellung von Gummi- und Kunststoffwaren;100,2;2020=100;VST018;Index der tariflichen Wochenarbeitszeit
62221;Vj. Index der Tarifverdienste und Arbeitszeiten;JAHR;Jahr;2017;DINSGF;Früheres Bundesgebiet / Neue Länder;DN;Neue Länder;WZ08C7;WZ2008 (ausgewählte Positionen): Tarifindex;WZ08-22;Herstellung von Gummi- und Kunststoffwaren;90,7;2020=100;VST065;Index d.tarifl. Stundenverdienste ohne Sonderzahl.
62221;Vj. Index der Tarifverdienste und Arbeitszeiten;JAHR;Jahr;2025;DINSGF;Früheres Bundesgebiet / Neue Länder;DF;Früheres Bundesgebiet;WZ08C7;WZ2008 (ausgewählte Positionen): Tarifindex;WZ08-08-01;Gewinnung v. Steinen u. Erden, sonst. Bergbau, DL;114,1;2020=100;VST072;Index d.tarifl. Stundenverdienste mit Sonderzahl.
62221;Vj. Index der Tarifverdienste und Arbeitszeiten;JAHR;Jahr;2025;DINSGF;Früheres Bundesgebiet / Neue Länder;DF;Früheres Bundesgebiet;WZ08C7;WZ2008 (ausgewählte Positionen): Tarifindex;WZ08-08-01;Gewinnung v. Steinen u. Erden, sonst. Bergbau, DL;114,1;2020=100;VST073;Index d.tarifl. Monatsverdienste mit Sonderzahl.
62221;Vj. Index der Tarifverdienste und Arbeitszeiten;JAHR;Jahr;2025;DINSGF;Früheres Bundesgebiet / Neue Länder;DF;Früheres Bundesgebiet;WZ08C7;WZ2008 (ausgewählte Positionen): Tarifindex;WZ08-08-01;Gewinnung v. Steinen u. Erden, sonst. Bergbau, DL;38,0;h;VST019;Durchschnittliche tarifliche Wochenarbeitszeit
62221;Vj. Index der Tarifverdienste und Arbeitszeiten;JAHR;Jahr;2025;DINSGF;Früheres Bundesgebiet / Neue Länder;DF;Früheres Bundesgebiet;WZ08C7;WZ2008 (ausgewählte Positionen): Tarifindex;WZ08-08-01;Gewinnung v. Steinen u. Erden, sonst. Bergbau, DL;114,9;2020=100;VST066;Index d.tarifl. Monatsverdienste ohne Sonderzahl.
62221;Vj. Index der Tarifverdienste und Arbeitszeiten;JAHR;Jahr;2025;DINSGF;Früheres Bundesgebiet / Neue Länder;DF;Früheres Bundesgebiet;WZ08C7;WZ2008 (ausgewählte Positionen): Tarifindex;WZ08-08-01;Gewinnung v. Steinen u. Erden, sonst. Bergbau, DL;100,0;2020=100;VST018;Index der tariflichen Wochenarbeitszeit
62221;Vj. Index der Tarifverdienste und Arbeitszeiten;JAHR;Jahr;2025;DINSGF;Früheres Bundesgebiet / Neue Länder;DF;Früheres Bundesgebiet;WZ08C7;WZ2008 (ausgewählte Positionen): Tarifindex;WZ08-08-01;Gewinnung v. Steinen u. Erden, sonst. Bergbau, DL;114,9;2020=100;VST065;Index d.tarifl. Stundenverdienste ohne Sonderzahl.
62221;Vj. Index der Tarifverdienste und Arbeitszeiten;JAHR;Jahr;2024;DINSGF;Früheres Bundesgebiet / Neue Länder;DN;Neue Länder;WZ08C7;WZ2008 (ausgewählte Positionen): Tarifindex;WZ08-95;Reparatur von DV-Geräten und Gebrauchsgütern;111,9;2020=100;VST072;Index d.tarifl. Stundenverdienste mit Sonderzahl.
62221;Vj. Index der Tarifverdienste und Arbeitszeiten;JAHR;Jahr;2024;DINSGF;Früheres Bundesgebiet / Neue Länder;DN;Neue Länder;WZ08C7;WZ2008 (ausgewählte Positionen): Tarifindex;WZ08-95;Reparatur von DV-Geräten und Gebrauchsgütern;111,9;2020=100;VST073;Index d.tarifl. Monatsverdienste mit Sonderzahl.
62221;Vj. Index der Tarifverdienste und Arbeitszeiten;JAHR;Jahr;2024;DINSGF;Früheres Bundesgebiet / Neue Länder;DN;Neue Länder;WZ08C7;WZ2008 (ausgewählte Positionen): Tarifindex;WZ08-95;Reparatur von DV-Geräten und Gebrauchsgütern;36,1;h;VST019;Durchschnittliche tarifliche Wochenarbeitszeit
62221;Vj. Index der Tarifverdienste und Arbeitszeiten;JAHR;Jahr;2024;DINSGF;Früheres Bundesgebiet / Neue Länder;DN;Neue Länder;WZ08C7;WZ2008 (ausgewählte Positionen): Tarifindex;WZ08-95;Reparatur von DV-Geräten und Gebrauchsgütern;109,2;2020=100;VST066;Index d.tarifl. Monatsverdienste ohne Sonderzahl.
62221;Vj. Index der Tarifverdienste und Arbeitszeiten;JAHR;Jahr;2024;DINSGF;Früheres Bundesgebiet / Neue Länder;DN;Neue Länder;WZ08C7;WZ2008 (ausgewählte Positionen): Tarifindex;WZ08-95;Reparatur von DV-Geräten und Gebrauchsgütern;100,0;2020=100;VST018;Index der tariflichen Wochenarbeitszeit
62221;Vj. Index der Tarifverdienste und Arbeitszeiten;JAHR;Jahr;2024;DINSGF;Früheres Bundesgebiet / Neue Länder;DN;Neue Länder;WZ08C7;WZ2008 (ausgewählte Positionen): Tarifindex;WZ08-95;Reparatur von DV-Geräten und Gebrauchsgütern;109,2;2020=100;VST065;Index d.tarifl. Stundenverdienste ohne Sonderzahl.
62221;Vj. Index der Tarifverdienste und Arbeitszeiten;JAHR;Jahr;2020;DINSGF;Früheres Bundesgebiet / Neue Länder;DF;Früheres Bundesgebiet;WZ08C7;WZ2008 (ausgewählte Positionen): Tarifindex;WZ08-95;Reparatur von DV-Geräten und Gebrauchsgütern;100,0;2020=100;VST072;Index d.tarifl. Stundenverdienste mit Sonderzahl.
62221;Vj. Index der Tarifverdienste und Arbeitszeiten;JAHR;Jahr;2020;DINSGF;Früheres Bundesgebiet / Neue Länder;DF;Früheres Bundesgebiet;WZ08C7;WZ2008 (ausgewählte Positionen): Tarifindex;WZ08-95;Reparatur von DV-Geräten und Gebrauchsgütern;100,0;2020=100;VST073;Index d.tarifl. Monatsverdienste mit Sonderzahl.
62221;Vj. Index der Tarifverdienste und Arbeitszeiten;JAHR;Jahr;2020;DINSGF;Früheres Bundesgebiet / Neue Länder;DF;Früheres Bundesgebiet;WZ08C7;WZ2008 (ausgewählte Positionen): Tarifindex;WZ08-95;Reparatur von DV-Geräten und Gebrauchsgütern;36,6;h;VST019;Durchschnittliche tarifliche Wochenarbeitszeit
62221;Vj. Index der Tarifverdienste und Arbeitszeiten;JAHR;Jahr;2020;DINSGF;Früheres Bundesgebiet / Neue Länder;DF;Früheres Bundesgebiet;WZ08C7;WZ2008 (ausgewählte Positionen): Tarifindex;WZ08-95;Reparatur von DV-Geräten und Gebrauchsgütern;100,0;2020=100;VST066;Index d.tarifl. Monatsverdienste ohne Sonderzahl.
62221;Vj. Index der Tarifverdienste und Arbeitszeiten;JAHR;Jahr;2020;DINSGF;Früheres Bundesgebiet / Neue Länder;DF;Früheres Bundesgebiet;WZ08C7;WZ2008 (ausgewählte Positionen): Tarifindex;WZ08-95;Reparatur von DV-Geräten und Gebrauchsgütern;100,0;2020=100;VST018;Index der tariflichen Wochenarbeitszeit
62221;Vj. Index der Tarifverdienste und Arbeitszeiten;JAHR;Jahr;2020;DINSGF;Früheres Bundesgebiet / Neue Länder;DF;Früheres Bundesgebiet;WZ08C7;WZ2008 (ausgewählte Positionen): Tarifindex;WZ08-95;Reparatur von DV-Geräten und Gebrauchsgütern;100,0;2020=100;VST065;Index d.tarifl. Stundenverdienste ohne Sonderzahl.
62221;Vj. Index der Tarifverdienste und Arbeitszeiten;JAHR;Jahr;2020;DINSGF;Früheres Bundesgebiet / Neue Länder;DF;Früheres Bundesgebiet;WZ08C7;WZ2008 (ausgewählte Positionen): Tarifindex;WZ08-80;Wach- und Sicherheitsdienste sowie Detekteien;100,0;2020=100;VST072;Index d.tarifl. Stundenverdienste mit Sonderzahl.
62221;Vj. Index der Tarifverdienste und Arbeitszeiten;JAHR;Jahr;2020;DINSGF;Früheres Bundesgebiet / Neue Länder;DF;Früheres Bundesgebiet;WZ08C7;WZ2008 (ausgewählte Positionen): Tarifindex;WZ08-80;Wach- und Sicherheitsdienste sowie Detekteien;100,0;2020=100;VST073;Index d.tarifl. Monatsverdienste mit Sonderzahl.
62221;Vj. Index der Tarifverdienste und Arbeitszeiten;JAHR;Jahr;2020;DINSGF;Früheres Bundesgebiet / Neue Länder;DF;Früheres Bundesgebiet;WZ08C7;WZ2008 (ausgewählte Positionen): Tarifindex;WZ08-80;Wach- und Sicherheitsdienste sowie Detekteien;40,0;h;VST019;Durchschnittliche tarifliche Wochenarbeitszeit
62221;Vj. Index der Tarifverdienste und Arbeitszeiten;JAHR;Jahr;2020;DINSGF;Früheres Bundesgebiet / Neue Länder;DF;Früheres Bundesgebiet;WZ08C7;WZ2008 (ausgewählte Positionen): Tarifindex;WZ08-80;Wach- und Sicherheitsdienste sowie Detekteien;100,0;2020=100;VST066;Index d.tarifl. Monatsverdienste ohne Sonderzahl.
62221;Vj. Index der Tarifverdienste und Arbeitszeiten;JAHR;Jahr;2020;DINSGF;Früheres Bundesgebiet / Neue Länder;DF;Früheres Bundesgebiet;WZ08C7;WZ2008 (ausgewählte Positionen): Tarifindex;WZ08-80;Wach- und Sicherheitsdienste sowie Detekteien;100,0;2020=100;VST018;Index der tariflichen Wochenarbeitszeit
62221;Vj. Index der Tarifverdienste und Arbeitszeiten;JAHR;Jahr;2020;DINSGF;Früheres Bundesgebiet / Neue Länder;DF;Früheres Bundesgebiet;WZ08C7;WZ2008 (ausgewählte Positionen): Tarifindex;WZ08-80;Wach- und Sicherheitsdienste sowie Detekteien;100,0;2020=100;VST065;Index d.tarifl. Stundenverdienste ohne Sonderzahl.
62221;Vj. Index der Tarifverdienste und Arbeitszeiten;JAHR;Jahr;2024;DINSGF;Früheres Bundesgebiet / Neue Länder;DN;Neue Länder;WZ08C7;WZ2008 (ausgewählte Positionen): Tarifindex;WZ08-C;Verarbeitendes Gewerbe;114,2;2020=100;VST072;Index d.tarifl. Stundenverdienste mit Sonderzahl.
62221;Vj. Index der Tarifverdienste und Arbeitszeiten;JAHR;Jahr;2024;DINSGF;Früheres Bundesgebiet / Neue Länder;DN;Neue Länder;WZ08C7;WZ2008 (ausgewählte Positionen): Tarifindex;WZ08-C;Verarbeitendes Gewerbe;113,4;2020=100;VST073;Index d.tarifl. Monatsverdienste mit Sonderzahl.
62221;Vj. Index der Tarifverdienste und Arbeitszeiten;JAHR;Jahr;2024;DINSGF;Früheres Bundesgebiet / Neue Länder;DN;Neue Länder;WZ08C7;WZ2008 (ausgewählte Positionen): Tarifindex;WZ08-C;Verarbeitendes Gewerbe;37,9;h;VST019;Durchschnittliche tarifliche Wochenarbeitszeit
62221;Vj. Index der Tarifverdienste und Arbeitszeiten;JAHR;Jahr;2024;DINSGF;Früheres Bundesgebiet / Neue Länder;DN;Neue Länder;WZ08C7;WZ2008 (ausgewählte Positionen): Tarifindex;WZ08-C;Verarbeitendes Gewerbe;109,6;2020=100;VST066;Index d.tarifl. Monatsverdienste ohne Sonderzahl.
62221;Vj. Index der Tarifverdienste und Arbeitszeiten;JAHR;Jahr;2024;DINSGF;Früheres Bundesgebiet / Neue Länder;DN;Neue Länder;WZ08C7;WZ2008 (ausgewählte Positionen): Tarifindex;WZ08-C;Verarbeitendes Gewerbe;99,4;2020=100;VST018;Index der tariflichen Wochenarbeitszeit
62221;Vj. Index der Tarifverdienste und Arbeitszeiten;JAHR;Jahr;2024;DINSGF;Früheres Bundesgebiet / Neue Länder;DN;Neue Länder;WZ08C7;WZ2008 (ausgewählte Positionen): Tarifindex;WZ08-C;Verarbeitendes Gewerbe;110,3;2020=100;VST065;Index d.tarifl. Stundenverdienste ohne Sonderzahl.
62221;Vj. Index der Tarifverdienste und Arbeitszeiten;JAHR;Jahr;2024;DINSGF;Früheres Bundesgebiet / Neue Länder;DN;Neue Länder;WZ08C7;WZ2008 (ausgewählte Positionen): Tarifindex;WZ08-O;Öff. Verwaltung, Verteidigung, Sozialversicherung;110,9;2020=100;VST072;Index d.tarifl. Stundenverdienste mit Sonderzahl.
62221;Vj. Index der Tarifverdienste und Arbeitszeiten;JAHR;Jahr;2024;DINSGF;Früheres Bundesgebiet / Neue Länder;DN;Neue Länder;WZ08C7;WZ2008 (ausgewählte Positionen): Tarifindex;WZ08-O;Öff. Verwaltung, Verteidigung, Sozialversicherung;110,9;2020=100;VST073;Index d.tarifl. Monatsverdienste mit Sonderzahl.
62221;Vj. Index der Tarifverdienste und Arbeitszeiten;JAHR;Jahr;2024;DINSGF;Früheres Bundesgebiet / Neue Länder;DN;Neue Länder;WZ08C7;WZ2008 (ausgewählte Positionen): Tarifindex;WZ08-O;Öff. Verwaltung, Verteidigung, Sozialversicherung;39,8;h;VST019;Durchschnittliche tarifliche Wochenarbeitszeit
62221;Vj. Index der Tarifverdienste und Arbeitszeiten;JAHR;Jahr;2024;DINSGF;Früheres Bundesgebiet / Neue Länder;DN;Neue Länder;WZ08C7;WZ2008 (ausgewählte Positionen): Tarifindex;WZ08-O;Öff. Verwaltung, Verteidigung, Sozialversicherung;109,0;2020=100;VST066;Index d.tarifl. Monatsverdienste ohne Sonderzahl.
62221;Vj. Index der Tarifverdienste und Arbeitszeiten;JAHR;Jahr;2024;DINSGF;Früheres Bundesgebiet / Neue Länder;DN;Neue Länder;WZ08C7;WZ2008 (ausgewählte Positionen): Tarifindex;WZ08-O;Öff. Verwaltung, Verteidigung, Sozialversicherung;100,0;2020=100;VST018;Index der tariflichen Wochenarbeitszeit
62221;Vj. Index der Tarifverdienste und Arbeitszeiten;JAHR;Jahr;2024;DINSGF;Früheres Bundesgebiet / Neue Länder;DN;Neue Länder;WZ08C7;WZ2008 (ausgewählte Positionen): Tarifindex;WZ08-O;Öff. Verwaltung, Verteidigung, Sozialversicherung;109,0;2020=100;VST065;Index d.tarifl. Stundenverdienste ohne Sonderzahl.
62221;Vj. Index der Tarifverdienste und Arbeitszeiten;JAHR;Jahr;2017;DINSGF;Früheres Bundesgebiet / Neue Länder;DN;Neue Länder;WZ08C7;WZ2008 (ausgewählte Positionen): Tarifindex;WZ08-16;H.v. Holz-, Flecht-, Korb-u.Korkwaren (ohne Möbel);91,7;2020=100;VST072;Index d.tarifl. Stundenverdienste mit Sonderzahl.
62221;Vj. Index der Tarifverdienste und Arbeitszeiten;JAHR;Jahr;2017;DINSGF;Früheres Bundesgebiet / Neue Länder;DN;Neue Länder;WZ08C7;WZ2008 (ausgewählte Positionen): Tarifindex;WZ08-16;H.v. Holz-, Flecht-, Korb-u.Korkwaren (ohne Möbel);91,7;2020=100;VST073;Index d.tarifl. Monatsverdienste mit Sonderzahl.
62221;Vj. Index der Tarifverdienste und Arbeitszeiten;JAHR;Jahr;2017;DINSGF;Früheres Bundesgebiet / Neue Länder;DN;Neue Länder;WZ08C7;WZ2008 (ausgewählte Positionen): Tarifindex;WZ08-16;H.v. Holz-, Flecht-, Korb-u.Korkwaren (ohne Möbel);39,0;h;VST019;Durchschnittliche tarifliche Wochenarbeitszeit
62221;Vj. Index der Tarifverdienste und Arbeitszeiten;JAHR;Jahr;2017;DINSGF;Früheres Bundesgebiet / Neue Länder;DN;Neue Länder;WZ08C7;WZ2008 (ausgewählte Positionen): Tarifindex;WZ08-16;H.v. Holz-, Flecht-, Korb-u.Korkwaren (ohne Möbel);92,7;2020=100;VST066;Index d.tarifl. Monatsverdienste ohne Sonderzahl.
62221;Vj. Index der Tarifverdienste und Arbeitszeiten;JAHR;Jahr;2017;DINSGF;Früheres Bundesgebiet / Neue Länder;DN;Neue Länder;WZ08C7;WZ2008 (ausgewählte Positionen): Tarifindex;WZ08-16;H.v. Holz-, Flecht-, Korb-u.Korkwaren (ohne Möbel);100,0;2020=100;VST018;Index der tariflichen Wochenarbeitszeit
62221;Vj. Index der Tarifverdienste und Arbeitszeiten;JAHR;Jahr;2017;DINSGF;Früheres Bundesgebiet / Neue Länder;DN;Neue Länder;WZ08C7;WZ2008 (ausgewählte Positionen): Tarifindex;WZ08-16;H.v. Holz-, Flecht-, Korb-u.Korkwaren (ohne Möbel);92,7;2020=100;VST065;Index d.tarifl. Stundenverdienste ohne Sonderzahl.
62221;Vj. Index der Tarifverdienste und Arbeitszeiten;JAHR;Jahr;2024;DINSGF;Früheres Bundesgebiet / Neue Länder;DN;Neue Länder;WZ08C7;WZ2008 (ausgewählte Positionen): Tarifindex;WZ08-F;Baugewerbe;115,8;2020=100;VST072;Index d.tarifl. Stundenverdienste mit Sonderzahl.
62221;Vj. Index der Tarifverdienste und Arbeitszeiten;JAHR;Jahr;2024;DINSGF;Früheres Bundesgebiet / Neue Länder;DN;Neue Länder;WZ08C7;WZ2008 (ausgewählte Positionen): Tarifindex;WZ08-F;Baugewerbe;115,7;2020=100;VST073;Index d.tarifl. Monatsverdienste mit Sonderzahl.
62221;Vj. Index der Tarifverdienste und Arbeitszeiten;JAHR;Jahr;2024;DINSGF;Früheres Bundesgebiet / Neue Länder;DN;Neue Länder;WZ08C7;WZ2008 (ausgewählte Positionen): Tarifindex;WZ08-F;Baugewerbe;39,7;h;VST019;Durchschnittliche tarifliche Wochenarbeitszeit
62221;Vj. Index der Tarifverdienste und Arbeitszeiten;JAHR;Jahr;2024;DINSGF;Früheres Bundesgebiet / Neue Länder;DN;Neue Länder;WZ08C7;WZ2008 (ausgewählte Positionen): Tarifindex;WZ08-F;Baugewerbe;113,2;2020=100;VST066;Index d.tarifl. Monatsverdienste ohne Sonderzahl.
62221;Vj. Index der Tarifverdienste und Arbeitszeiten;JAHR;Jahr;2024;DINSGF;Früheres Bundesgebiet / Neue Länder;DN;Neue Länder;WZ08C7;WZ2008 (ausgewählte Positionen): Tarifindex;WZ08-F;Baugewerbe;100,0;2020=100;VST018;Index der tariflichen Wochenarbeitszeit
62221;Vj. Index der Tarifverdienste und Arbeitszeiten;JAHR;Jahr;2024;DINSGF;Früheres Bundesgebiet / Neue Länder;DN;Neue Länder;WZ08C7;WZ2008 (ausgewählte Positionen): Tarifindex;WZ08-F;Baugewerbe;113,3;2020=100;VST065;Index d.tarifl. Stundenverdienste ohne Sonderzahl.
62221;Vj. Index der Tarifverdienste und Arbeitszeiten;JAHR;Jahr;2019;DINSGF;Früheres Bundesgebiet / Neue Länder;DF;Früheres Bundesgebiet;WZ08C7;WZ2008 (ausgewählte Positionen): Tarifindex;WZ08-06;Gewinnung von Erdöl und Erdgas;98,1;2020=100;VST072;Index d.tarifl. Stundenverdienste mit Sonderzahl.
62221;Vj. Index der Tarifverdienste und Arbeitszeiten;JAHR;Jahr;2019;DINSGF;Früheres Bundesgebiet / Neue Länder;DF;Früheres Bundesgebiet;WZ08C7;WZ2008 (ausgewählte Positionen): Tarifindex;WZ08-06;Gewinnung von Erdöl und Erdgas;98,1;2020=100;VST073;Index d.tarifl. Monatsverdienste mit Sonderzahl.
62221;Vj. Index der Tarifverdienste und Arbeitszeiten;JAHR;Jahr;2019;DINSGF;Früheres Bundesgebiet / Neue Länder;DF;Früheres Bundesgebiet;WZ08C7;WZ2008 (ausgewählte Positionen): Tarifindex;WZ08-06;Gewinnung von Erdöl und Erdgas;37,8;h;VST019;Durchschnittliche tarifliche Wochenarbeitszeit
62221;Vj. Index der Tarifverdienste und Arbeitszeiten;JAHR;Jahr;2019;DINSGF;Früheres Bundesgebiet / Neue Länder;DF;Früheres Bundesgebiet;WZ08C7;WZ2008 (ausgewählte Positionen): Tarifindex;WZ08-06;Gewinnung von Erdöl und Erdgas;97,7;2020=100;VST066;Index d.tarifl. Monatsverdienste ohne Sonderzahl.
62221;Vj. Index der Tarifverdienste und Arbeitszeiten;JAHR;Jahr;2019;DINSGF;Früheres Bundesgebiet / Neue Länder;DF;Früheres Bundesgebiet;WZ08C7;WZ2008 (ausgewählte Positionen): Tarifindex;WZ08-06;Gewinnung von Erdöl und Erdgas;100,0;2020=100;VST018;Index der tariflichen Wochenarbeitszeit
62221;Vj. Index der Tarifverdienste und Arbeitszeiten;JAHR;Jahr;2019;DINSGF;Früheres Bundesgebiet / Neue Länder;DF;Früheres Bundesgebiet;WZ08C7;WZ2008 (ausgewählte Positionen): Tarifindex;WZ08-06;Gewinnung von Erdöl und Erdgas;97,7;2020=100;VST065;Index d.tarifl. Stundenverdienste ohne Sonderzahl.
62221;Vj. Index der Tarifverdienste und Arbeitszeiten;JAHR;Jahr;2020;DINSGF;Früheres Bundesgebiet / Neue Länder;DF;Früheres Bundesgebiet;WZ08C7;WZ2008 (ausgewählte Positionen): Tarifindex;WZ08-92;Spiel-, Wett- und Lotteriewesen;100,0;2020=100;VST072;Index d.tarifl. Stundenverdienste mit Sonderzahl.
62221;Vj. Index der Tarifverdienste und Arbeitszeiten;JAHR;Jahr;2020;DINSGF;Früheres Bundesgebiet / Neue Länder;DF;Früheres Bundesgebiet;WZ08C7;WZ2008 (ausgewählte Positionen): Tarifindex;WZ08-92;Spiel-, Wett- und Lotteriewesen;100,0;2020=100;VST073;Index d.tarifl. Monatsverdienste mit Sonderzahl.
62221;Vj. Index der Tarifverdienste und Arbeitszeiten;JAHR;Jahr;2020;DINSGF;Früheres Bundesgebiet / Neue Länder;DF;Früheres Bundesgebiet;WZ08C7;WZ2008 (ausgewählte Positionen): Tarifindex;WZ08-92;Spiel-, Wett- und Lotteriewesen;38,3;h;VST019;Durchschnittliche tarifliche Wochenarbeitszeit
62221;Vj. Index der Tarifverdienste und Arbeitszeiten;JAHR;Jahr;2020;DINSGF;Früheres Bundesgebiet / Neue Länder;DF;Früheres Bundesgebiet;WZ08C7;WZ2008 (ausgewählte Positionen): Tarifindex;WZ08-92;Spiel-, Wett- und Lotteriewesen;100,0;2020=100;VST066;Index d.tarifl. Monatsverdienste ohne Sonderzahl.
62221;Vj. Index der Tarifverdienste und Arbeitszeiten;JAHR;Jahr;2020;DINSGF;Früheres Bundesgebiet / Neue Länder;DF;Früheres Bundesgebiet;WZ08C7;WZ2008 (ausgewählte Positionen): Tarifindex;WZ08-92;Spiel-, Wett- und Lotteriewesen;100,0;2020=100;VST018;Index der tariflichen Wochenarbeitszeit
62221;Vj. Index der Tarifverdienste und Arbeitszeiten;JAHR;Jahr;2020;DINSGF;Früheres Bundesgebiet / Neue Länder;DF;Früheres Bundesgebiet;WZ08C7;WZ2008 (ausgewählte Positionen): Tarifindex;WZ08-92;Spiel-, Wett- und Lotteriewesen;100,0;2020=100;VST065;Index d.tarifl. Stundenverdienste ohne Sonderzahl.
62221;Vj. Index der Tarifverdienste und Arbeitszeiten;JAHR;Jahr;2024;DINSGF;Früheres Bundesgebiet / Neue Länder;DN;Neue Länder;WZ08C7;WZ2008 (ausgewählte Positionen): Tarifindex;WZ08-77;Vermietung von beweglichen Sachen;116,1;2020=100;VST072;Index d.tarifl. Stundenverdienste mit Sonderzahl.
62221;Vj. Index der Tarifverdienste und Arbeitszeiten;JAHR;Jahr;2024;DINSGF;Früheres Bundesgebiet / Neue Länder;DN;Neue Länder;WZ08C7;WZ2008 (ausgewählte Positionen): Tarifindex;WZ08-77;Vermietung von beweglichen Sachen;115,8;2020=100;VST073;Index d.tarifl. Monatsverdienste mit Sonderzahl.
62221;Vj. Index der Tarifverdienste und Arbeitszeiten;JAHR;Jahr;2024;DINSGF;Früheres Bundesgebiet / Neue Länder;DN;Neue Länder;WZ08C7;WZ2008 (ausgewählte Positionen): Tarifindex;WZ08-77;Vermietung von beweglichen Sachen;39,7;h;VST019;Durchschnittliche tarifliche Wochenarbeitszeit
62221;Vj. Index der Tarifverdienste und Arbeitszeiten;JAHR;Jahr;2024;DINSGF;Früheres Bundesgebiet / Neue Länder;DN;Neue Länder;WZ08C7;WZ2008 (ausgewählte Positionen): Tarifindex;WZ08-77;Vermietung von beweglichen Sachen;113,3;2020=100;VST066;Index d.tarifl. Monatsverdienste ohne Sonderzahl.
62221;Vj. Index der Tarifverdienste und Arbeitszeiten;JAHR;Jahr;2024;DINSGF;Früheres Bundesgebiet / Neue Länder;DN;Neue Länder;WZ08C7;WZ2008 (ausgewählte Positionen): Tarifindex;WZ08-77;Vermietung von beweglichen Sachen;99,7;2020=100;VST018;Index der tariflichen Wochenarbeitszeit
62221;Vj. Index der Tarifverdienste und Arbeitszeiten;JAHR;Jahr;2024;DINSGF;Früheres Bundesgebiet / Neue Länder;DN;Neue Länder;WZ08C7;WZ2008 (ausgewählte Positionen): Tarifindex;WZ08-77;Vermietung von beweglichen Sachen;113,7;2020=100;VST065;Index d.tarifl. Stundenverdienste ohne Sonderzahl.
62221;Vj. Index der Tarifverdienste und Arbeitszeiten;JAHR;Jahr;2024;DINSGF;Früheres Bundesgebiet / Neue Länder;DN;Neue Länder;WZ08C7;WZ2008 (ausgewählte Positionen): Tarifindex;WZ08-65;Versicherungen, Rückversicherungen, Pensionskassen;109,6;2020=100;VST072;Index d.tarifl. Stundenverdienste mit Sonderzahl.
62221;Vj. Index der Tarifverdienste und Arbeitszeiten;JAHR;Jahr;2024;DINSGF;Früheres Bundesgebiet / Neue Länder;DN;Neue Länder;WZ08C7;WZ2008 (ausgewählte Positionen): Tarifindex;WZ08-65;Versicherungen, Rückversicherungen, Pensionskassen;109,6;2020=100;VST073;Index d.tarifl. Monatsverdienste mit Sonderzahl.
62221;Vj. Index der Tarifverdienste und Arbeitszeiten;JAHR;Jahr;2024;DINSGF;Früheres Bundesgebiet / Neue Länder;DN;Neue Länder;WZ08C7;WZ2008 (ausgewählte Positionen): Tarifindex;WZ08-65;Versicherungen, Rückversicherungen, Pensionskassen;38,4;h;VST019;Durchschnittliche tarifliche Wochenarbeitszeit
62221;Vj. Index der Tarifverdienste und Arbeitszeiten;JAHR;Jahr;2024;DINSGF;Früheres Bundesgebiet / Neue Länder;DN;Neue Länder;WZ08C7;WZ2008 (ausgewählte Positionen): Tarifindex;WZ08-65;Versicherungen, Rückversicherungen, Pensionskassen;108,1;2020=100;VST066;Index d.tarifl. Monatsverdienste ohne Sonderzahl.
62221;Vj. Index der Tarifverdienste und Arbeitszeiten;JAHR;Jahr;2024;DINSGF;Früheres Bundesgebiet / Neue Länder;DN;Neue Länder;WZ08C7;WZ2008 (ausgewählte Positionen): Tarifindex;WZ08-65;Versicherungen, Rückversicherungen, Pensionskassen;100,0;2020=100;VST018;Index der tariflichen Wochenarbeitszeit
62221;Vj. Index der Tarifverdienste und Arbeitszeiten;JAHR;Jahr;2024;DINSGF;Früheres Bundesgebiet / Neue Länder;DN;Neue Länder;WZ08C7;WZ2008 (ausgewählte Positionen): Tarifindex;WZ08-65;Versicherungen, Rückversicherungen, Pensionskassen;108,1;2020=100;VST065;Index d.tarifl. Stundenverdienste ohne Sonderzahl.
62221;Vj. Index der Tarifverdienste und Arbeitszeiten;JAHR;Jahr;2021;DINSGF;Früheres Bundesgebiet / Neue Länder;DF;Früheres Bundesgebiet;WZ08C7;WZ2008 (ausgewählte Positionen): Tarifindex;WZ08-24-02;Metall- und Elektroindustrie;101,0;2020=100;VST072;Index d.tarifl. Stundenverdienste mit Sonderzahl.
62221;Vj. Index der Tarifverdienste und Arbeitszeiten;JAHR;Jahr;2021;DINSGF;Früheres Bundesgebiet / Neue Länder;DF;Früheres Bundesgebiet;WZ08C7;WZ2008 (ausgewählte Positionen): Tarifindex;WZ08-24-02;Metall- und Elektroindustrie;101,0;2020=100;VST073;Index d.tarifl. Monatsverdienste mit Sonderzahl.
62221;Vj. Index der Tarifverdienste und Arbeitszeiten;JAHR;Jahr;2021;DINSGF;Früheres Bundesgebiet / Neue Länder;DF;Früheres Bundesgebiet;WZ08C7;WZ2008 (ausgewählte Positionen): Tarifindex;WZ08-24-02;Metall- und Elektroindustrie;35,4;h;VST019;Durchschnittliche tarifliche Wochenarbeitszeit
62221;Vj. Index der Tarifverdienste und Arbeitszeiten;JAHR;Jahr;2021;DINSGF;Früheres Bundesgebiet / Neue Länder;DF;Früheres Bundesgebiet;WZ08C7;WZ2008 (ausgewählte Positionen): Tarifindex;WZ08-24-02;Metall- und Elektroindustrie;100,2;2020=100;VST066;Index d.tarifl. Monatsverdienste ohne Sonderzahl.
62221;Vj. Index der Tarifverdienste und Arbeitszeiten;JAHR;Jahr;2021;DINSGF;Früheres Bundesgebiet / Neue Länder;DF;Früheres Bundesgebiet;WZ08C7;WZ2008 (ausgewählte Positionen): Tarifindex;WZ08-24-02;Metall- und Elektroindustrie;100,0;2020=100;VST018;Index der tariflichen Wochenarbeitszeit
62221;Vj. Index der Tarifverdienste und Arbeitszeiten;JAHR;Jahr;2021;DINSGF;Früheres Bundesgebiet / Neue Länder;DF;Früheres Bundesgebiet;WZ08C7;WZ2008 (ausgewählte Positionen): Tarifindex;WZ08-24-02;Metall- und Elektroindustrie;100,2;2020=100;VST065;Index d.tarifl. Stundenverdienste ohne Sonderzahl.
62221;Vj. Index der Tarifverdienste und Arbeitszeiten;JAHR;Jahr;2024;DINSGF;Früheres Bundesgebiet / Neue Länder;DN;Neue Länder;WZ08C7;WZ2008 (ausgewählte Positionen): Tarifindex;WZ08-62;Dienstleistungen der Informationstechnologie;109,2;2020=100;VST072;Index d.tarifl. Stundenverdienste mit Sonderzahl.
62221;Vj. Index der Tarifverdienste und Arbeitszeiten;JAHR;Jahr;2024;DINSGF;Früheres Bundesgebiet / Neue Länder;DN;Neue Länder;WZ08C7;WZ2008 (ausgewählte Positionen): Tarifindex;WZ08-62;Dienstleistungen der Informationstechnologie;109,2;2020=100;VST073;Index d.tarifl. Monatsverdienste mit Sonderzahl.
62221;Vj. Index der Tarifverdienste und Arbeitszeiten;JAHR;Jahr;2024;DINSGF;Früheres Bundesgebiet / Neue Länder;DN;Neue Länder;WZ08C7;WZ2008 (ausgewählte Positionen): Tarifindex;WZ08-62;Dienstleistungen der Informationstechnologie;38,1;h;VST019;Durchschnittliche tarifliche Wochenarbeitszeit
62221;Vj. Index der Tarifverdienste und Arbeitszeiten;JAHR;Jahr;2024;DINSGF;Früheres Bundesgebiet / Neue Länder;DN;Neue Länder;WZ08C7;WZ2008 (ausgewählte Positionen): Tarifindex;WZ08-62;Dienstleistungen der Informationstechnologie;108,4;2020=100;VST066;Index d.tarifl. Monatsverdienste ohne Sonderzahl.
62221;Vj. Index der Tarifverdienste und Arbeitszeiten;JAHR;Jahr;2024;DINSGF;Früheres Bundesgebiet / Neue Länder;DN;Neue Länder;WZ08C7;WZ2008 (ausgewählte Positionen): Tarifindex;WZ08-62;Dienstleistungen der Informationstechnologie;100,0;2020=100;VST018;Index der tariflichen Wochenarbeitszeit
62221;Vj. Index der Tarifverdienste und Arbeitszeiten;JAHR;Jahr;2024;DINSGF;Früheres Bundesgebiet / Neue Länder;DN;Neue Länder;WZ08C7;WZ2008 (ausgewählte Positionen): Tarifindex;WZ08-62;Dienstleistungen der Informationstechnologie;108,4;2020=100;VST065;Index d.tarifl. Stundenverdienste ohne Sonderzahl.
62221;Vj. Index der Tarifverdienste und Arbeitszeiten;JAHR;Jahr;2016;DINSGF;Früheres Bundesgebiet / Neue Länder;DF;Früheres Bundesgebiet;WZ08C7;WZ2008 (ausgewählte Positionen): Tarifindex;WZ08-55-01;Gastgewerbe;91,5;2020=100;VST072;Index d.tarifl. Stundenverdienste mit Sonderzahl.
62221;Vj. Index der Tarifverdienste und Arbeitszeiten;JAHR;Jahr;2016;DINSGF;Früheres Bundesgebiet / Neue Länder;DF;Früheres Bundesgebiet;WZ08C7;WZ2008 (ausgewählte Positionen): Tarifindex;WZ08-55-01;Gastgewerbe;91,5;2020=100;VST073;Index d.tarifl. Monatsverdienste mit Sonderzahl.
62221;Vj. Index der Tarifverdienste und Arbeitszeiten;JAHR;Jahr;2016;DINSGF;Früheres Bundesgebiet / Neue Länder;DF;Früheres Bundesgebiet;WZ08C7;WZ2008 (ausgewählte Positionen): Tarifindex;WZ08-55-01;Gastgewerbe;39,0;h;VST019;Durchschnittliche tarifliche Wochenarbeitszeit
62221;Vj. Index der Tarifverdienste und Arbeitszeiten;JAHR;Jahr;2016;DINSGF;Früheres Bundesgebiet / Neue Länder;DF;Früheres Bundesgebiet;WZ08C7;WZ2008 (ausgewählte Positionen): Tarifindex;WZ08-55-01;Gastgewerbe;90,9;2020=100;VST066;Index d.tarifl. Monatsverdienste ohne Sonderzahl.
62221;Vj. Index der Tarifverdienste und Arbeitszeiten;JAHR;Jahr;2016;DINSGF;Früheres Bundesgebiet / Neue Länder;DF;Früheres Bundesgebiet;WZ08C7;WZ2008 (ausgewählte Positionen): Tarifindex;WZ08-55-01;Gastgewerbe;100,0;2020=100;VST018;Index der tariflichen Wochenarbeitszeit
62221;Vj. Index der Tarifverdienste und Arbeitszeiten;JAHR;Jahr;2016;DINSGF;Früheres Bundesgebiet / Neue Länder;DF;Früheres Bundesgebiet;WZ08C7;WZ2008 (ausgewählte Positionen): Tarifindex;WZ08-55-01;Gastgewerbe;90,9;2020=100;VST065;Index d.tarifl. Stundenverdienste ohne Sonderzahl.
62221;Vj. Index der Tarifverdienste und Arbeitszeiten;JAHR;Jahr;2020;DINSGF;Früheres Bundesgebiet / Neue Länder;DF;Früheres Bundesgebiet;WZ08C7;WZ2008 (ausgewählte Positionen): Tarifindex;WZ08-77;Vermietung von beweglichen Sachen;100,0;2020=100;VST072;Index d.tarifl. Stundenverdienste mit Sonderzahl.
62221;Vj. Index der Tarifverdienste und Arbeitszeiten;JAHR;Jahr;2020;DINSGF;Früheres Bundesgebiet / Neue Länder;DF;Früheres Bundesgebiet;WZ08C7;WZ2008 (ausgewählte Positionen): Tarifindex;WZ08-77;Vermietung von beweglichen Sachen;100,0;2020=100;VST073;Index d.tarifl. Monatsverdienste mit Sonderzahl.
62221;Vj. Index der Tarifverdienste und Arbeitszeiten;JAHR;Jahr;2020;DINSGF;Früheres Bundesgebiet / Neue Länder;DF;Früheres Bundesgebiet;WZ08C7;WZ2008 (ausgewählte Positionen): Tarifindex;WZ08-77;Vermietung von beweglichen Sachen;38,6;h;VST019;Durchschnittliche tarifliche Wochenarbeitszeit
62221;Vj. Index der Tarifverdienste und Arbeitszeiten;JAHR;Jahr;2020;DINSGF;Früheres Bundesgebiet / Neue Länder;DF;Früheres Bundesgebiet;WZ08C7;WZ2008 (ausgewählte Positionen): Tarifindex;WZ08-77;Vermietung von beweglichen Sachen;100,0;2020=100;VST066;Index d.tarifl. Monatsverdienste ohne Sonderzahl.
62221;Vj. Index der Tarifverdienste und Arbeitszeiten;JAHR;Jahr;2020;DINSGF;Früheres Bundesgebiet / Neue Länder;DF;Früheres Bundesgebiet;WZ08C7;WZ2008 (ausgewählte Positionen): Tarifindex;WZ08-77;Vermietung von beweglichen Sachen;100,0;2020=100;VST018;Index der tariflichen Wochenarbeitszeit
62221;Vj. Index der Tarifverdienste und Arbeitszeiten;JAHR;Jahr;2020;DINSGF;Früheres Bundesgebiet / Neue Länder;DF;Früheres Bundesgebiet;WZ08C7;WZ2008 (ausgewählte Positionen): Tarifindex;WZ08-77;Vermietung von beweglichen Sachen;100,0;2020=100;VST065;Index d.tarifl. Stundenverdienste ohne Sonderzahl.
62221;Vj. Index der Tarifverdienste und Arbeitszeiten;JAHR;Jahr;2017;DINSGF;Früheres Bundesgebiet / Neue Länder;DN;Neue Länder;WZ08C7;WZ2008 (ausgewählte Positionen): Tarifindex;WZ08-01;Landwirtschaft, Jagd und verbundene Tätigkeiten;82,9;2020=100;VST072;Index d.tarifl. Stundenverdienste mit Sonderzahl.
62221;Vj. Index der Tarifverdienste und Arbeitszeiten;JAHR;Jahr;2017;DINSGF;Früheres Bundesgebiet / Neue Länder;DN;Neue Länder;WZ08C7;WZ2008 (ausgewählte Positionen): Tarifindex;WZ08-01;Landwirtschaft, Jagd und verbundene Tätigkeiten;82,9;2020=100;VST073;Index d.tarifl. Monatsverdienste mit Sonderzahl.
62221;Vj. Index der Tarifverdienste und Arbeitszeiten;JAHR;Jahr;2017;DINSGF;Früheres Bundesgebiet / Neue Länder;DN;Neue Länder;WZ08C7;WZ2008 (ausgewählte Positionen): Tarifindex;WZ08-01;Landwirtschaft, Jagd und verbundene Tätigkeiten;39,9;h;VST019;Durchschnittliche tarifliche Wochenarbeitszeit
62221;Vj. Index der Tarifverdienste und Arbeitszeiten;JAHR;Jahr;2017;DINSGF;Früheres Bundesgebiet / Neue Länder;DN;Neue Länder;WZ08C7;WZ2008 (ausgewählte Positionen): Tarifindex;WZ08-01;Landwirtschaft, Jagd und verbundene Tätigkeiten;82,7;2020=100;VST066;Index d.tarifl. Monatsverdienste ohne Sonderzahl.
62221;Vj. Index der Tarifverdienste und Arbeitszeiten;JAHR;Jahr;2017;DINSGF;Früheres Bundesgebiet / Neue Länder;DN;Neue Länder;WZ08C7;WZ2008 (ausgewählte Positionen): Tarifindex;WZ08-01;Landwirtschaft, Jagd und verbundene Tätigkeiten;100,0;2020=100;VST018;Index der tariflichen Wochenarbeitszeit
62221;Vj. Index der Tarifverdienste und Arbeitszeiten;JAHR;Jahr;2017;DINSGF;Früheres Bundesgebiet / Neue Länder;DN;Neue Länder;WZ08C7;WZ2008 (ausgewählte Positionen): Tarifindex;WZ08-01;Landwirtschaft, Jagd und verbundene Tätigkeiten;82,7;2020=100;VST065;Index d.tarifl. Stundenverdienste ohne Sonderzahl.
62221;Vj. Index der Tarifverdienste und Arbeitszeiten;JAHR;Jahr;2018;DINSGF;Früheres Bundesgebiet / Neue Länder;DN;Neue Länder;WZ08C7;WZ2008 (ausgewählte Positionen): Tarifindex;WZ08-94;Interessenvertr., kirchl. u. sonst. Vereinigungen;94,3;2020=100;VST072;Index d.tarifl. Stundenverdienste mit Sonderzahl.
62221;Vj. Index der Tarifverdienste und Arbeitszeiten;JAHR;Jahr;2018;DINSGF;Früheres Bundesgebiet / Neue Länder;DN;Neue Länder;WZ08C7;WZ2008 (ausgewählte Positionen): Tarifindex;WZ08-94;Interessenvertr., kirchl. u. sonst. Vereinigungen;94,3;2020=100;VST073;Index d.tarifl. Monatsverdienste mit Sonderzahl.
62221;Vj. Index der Tarifverdienste und Arbeitszeiten;JAHR;Jahr;2018;DINSGF;Früheres Bundesgebiet / Neue Länder;DN;Neue Länder;WZ08C7;WZ2008 (ausgewählte Positionen): Tarifindex;WZ08-94;Interessenvertr., kirchl. u. sonst. Vereinigungen;39,2;h;VST019;Durchschnittliche tarifliche Wochenarbeitszeit
62221;Vj. Index der Tarifverdienste und Arbeitszeiten;JAHR;Jahr;2018;DINSGF;Früheres Bundesgebiet / Neue Länder;DN;Neue Länder;WZ08C7;WZ2008 (ausgewählte Positionen): Tarifindex;WZ08-94;Interessenvertr., kirchl. u. sonst. Vereinigungen;94,0;2020=100;VST066;Index d.tarifl. Monatsverdienste ohne Sonderzahl.
62221;Vj. Index der Tarifverdienste und Arbeitszeiten;JAHR;Jahr;2018;DINSGF;Früheres Bundesgebiet / Neue Länder;DN;Neue Länder;WZ08C7;WZ2008 (ausgewählte Positionen): Tarifindex;WZ08-94;Interessenvertr., kirchl. u. sonst. Vereinigungen;100,1;2020=100;VST018;Index der tariflichen Wochenarbeitszeit
62221;Vj. Index der Tarifverdienste und Arbeitszeiten;JAHR;Jahr;2018;DINSGF;Früheres Bundesgebiet / Neue Länder;DN;Neue Länder;WZ08C7;WZ2008 (ausgewählte Positionen): Tarifindex;WZ08-94;Interessenvertr., kirchl. u. sonst. Vereinigungen;93,9;2020=100;VST065;Index d.tarifl. Stundenverdienste ohne Sonderzahl.
62221;Vj. Index der Tarifverdienste und Arbeitszeiten;JAHR;Jahr;2024;DINSGF;Früheres Bundesgebiet / Neue Länder;DN;Neue Länder;WZ08C7;WZ2008 (ausgewählte Positionen): Tarifindex;WZ08-O-01;Öffentliche und persönliche Dienstleistungen;111,8;2020=100;VST072;Index d.tarifl. Stundenverdienste mit Sonderzahl.
62221;Vj. Index der Tarifverdienste und Arbeitszeiten;JAHR;Jahr;2024;DINSGF;Früheres Bundesgebiet / Neue Länder;DN;Neue Länder;WZ08C7;WZ2008 (ausgewählte Positionen): Tarifindex;WZ08-O-01;Öffentliche und persönliche Dienstleistungen;111,7;2020=100;VST073;Index d.tarifl. Monatsverdienste mit Sonderzahl.
62221;Vj. Index der Tarifverdienste und Arbeitszeiten;JAHR;Jahr;2024;DINSGF;Früheres Bundesgebiet / Neue Länder;DN;Neue Länder;WZ08C7;WZ2008 (ausgewählte Positionen): Tarifindex;WZ08-O-01;Öffentliche und persönliche Dienstleistungen;39,6;h;VST019;Durchschnittliche tarifliche Wochenarbeitszeit
62221;Vj. Index der Tarifverdienste und Arbeitszeiten;JAHR;Jahr;2024;DINSGF;Früheres Bundesgebiet / Neue Länder;DN;Neue Länder;WZ08C7;WZ2008 (ausgewählte Positionen): Tarifindex;WZ08-O-01;Öffentliche und persönliche Dienstleistungen;109,3;2020=100;VST066;Index d.tarifl. Monatsverdienste ohne Sonderzahl.
62221;Vj. Index der Tarifverdienste und Arbeitszeiten;JAHR;Jahr;2024;DINSGF;Früheres Bundesgebiet / Neue Länder;DN;Neue Länder;WZ08C7;WZ2008 (ausgewählte Positionen): Tarifindex;WZ08-O-01;Öffentliche und persönliche Dienstleistungen;99,9;2020=100;VST018;Index der tariflichen Wochenarbeitszeit
62221;Vj. Index der Tarifverdienste und Arbeitszeiten;JAHR;Jahr;2024;DINSGF;Früheres Bundesgebiet / Neue Länder;DN;Neue Länder;WZ08C7;WZ2008 (ausgewählte Positionen): Tarifindex;WZ08-O-01;Öffentliche und persönliche Dienstleistungen;109,4;2020=100;VST065;Index d.tarifl. Stundenverdienste ohne Sonderzahl.
62221;Vj. Index der Tarifverdienste und Arbeitszeiten;JAHR;Jahr;2020;DINSGF;Früheres Bundesgebiet / Neue Länder;DF;Früheres Bundesgebiet;WZ08C7;WZ2008 (ausgewählte Positionen): Tarifindex;WZ08-74;Sonst. freiberufl.,wissenschaftl. u. techn.Tätigk.;100,0;2020=100;VST072;Index d.tarifl. Stundenverdienste mit Sonderzahl.
62221;Vj. Index der Tarifverdienste und Arbeitszeiten;JAHR;Jahr;2020;DINSGF;Früheres Bundesgebiet / Neue Länder;DF;Früheres Bundesgebiet;WZ08C7;WZ2008 (ausgewählte Positionen): Tarifindex;WZ08-74;Sonst. freiberufl.,wissenschaftl. u. techn.Tätigk.;100,0;2020=100;VST073;Index d.tarifl. Monatsverdienste mit Sonderzahl.
62221;Vj. Index der Tarifverdienste und Arbeitszeiten;JAHR;Jahr;2020;DINSGF;Früheres Bundesgebiet / Neue Länder;DF;Früheres Bundesgebiet;WZ08C7;WZ2008 (ausgewählte Positionen): Tarifindex;WZ08-74;Sonst. freiberufl.,wissenschaftl. u. techn.Tätigk.;37,7;h;VST019;Durchschnittliche tarifliche Wochenarbeitszeit
62221;Vj. Index der Tarifverdienste und Arbeitszeiten;JAHR;Jahr;2020;DINSGF;Früheres Bundesgebiet / Neue Länder;DF;Früheres Bundesgebiet;WZ08C7;WZ2008 (ausgewählte Positionen): Tarifindex;WZ08-74;Sonst. freiberufl.,wissenschaftl. u. techn.Tätigk.;100,0;2020=100;VST066;Index d.tarifl. Monatsverdienste ohne Sonderzahl.
62221;Vj. Index der Tarifverdienste und Arbeitszeiten;JAHR;Jahr;2020;DINSGF;Früheres Bundesgebiet / Neue Länder;DF;Früheres Bundesgebiet;WZ08C7;WZ2008 (ausgewählte Positionen): Tarifindex;WZ08-74;Sonst. freiberufl.,wissenschaftl. u. techn.Tätigk.;100,0;2020=100;VST018;Index der tariflichen Wochenarbeitszeit
62221;Vj. Index der Tarifverdienste und Arbeitszeiten;JAHR;Jahr;2020;DINSGF;Früheres Bundesgebiet / Neue Länder;DF;Früheres Bundesgebiet;WZ08C7;WZ2008 (ausgewählte Positionen): Tarifindex;WZ08-74;Sonst. freiberufl.,wissenschaftl. u. techn.Tätigk.;100,0;2020=100;VST065;Index d.tarifl. Stundenverdienste ohne Sonderzahl.
62221;Vj. Index der Tarifverdienste und Arbeitszeiten;JAHR;Jahr;2018;DINSGF;Früheres Bundesgebiet / Neue Länder;DN;Neue Länder;WZ08C7;WZ2008 (ausgewählte Positionen): Tarifindex;WZ08-88;Sozialwesen (ohne Heime);93,8;2020=100;VST072;Index d.tarifl. Stundenverdienste mit Sonderzahl.
62221;Vj. Index der Tarifverdienste und Arbeitszeiten;JAHR;Jahr;2018;DINSGF;Früheres Bundesgebiet / Neue Länder;DN;Neue Länder;WZ08C7;WZ2008 (ausgewählte Positionen): Tarifindex;WZ08-88;Sozialwesen (ohne Heime);94,3;2020=100;VST073;Index d.tarifl. Monatsverdienste mit Sonderzahl.
62221;Vj. Index der Tarifverdienste und Arbeitszeiten;JAHR;Jahr;2018;DINSGF;Früheres Bundesgebiet / Neue Länder;DN;Neue Länder;WZ08C7;WZ2008 (ausgewählte Positionen): Tarifindex;WZ08-88;Sozialwesen (ohne Heime);39,4;h;VST019;Durchschnittliche tarifliche Wochenarbeitszeit
62221;Vj. Index der Tarifverdienste und Arbeitszeiten;JAHR;Jahr;2018;DINSGF;Früheres Bundesgebiet / Neue Länder;DN;Neue Länder;WZ08C7;WZ2008 (ausgewählte Positionen): Tarifindex;WZ08-88;Sozialwesen (ohne Heime);93,7;2020=100;VST066;Index d.tarifl. Monatsverdienste ohne Sonderzahl.
62221;Vj. Index der Tarifverdienste und Arbeitszeiten;JAHR;Jahr;2018;DINSGF;Früheres Bundesgebiet / Neue Länder;DN;Neue Länder;WZ08C7;WZ2008 (ausgewählte Positionen): Tarifindex;WZ08-88;Sozialwesen (ohne Heime);100,5;2020=100;VST018;Index der tariflichen Wochenarbeitszeit
62221;Vj. Index der Tarifverdienste und Arbeitszeiten;JAHR;Jahr;2018;DINSGF;Früheres Bundesgebiet / Neue Länder;DN;Neue Länder;WZ08C7;WZ2008 (ausgewählte Positionen): Tarifindex;WZ08-88;Sozialwesen (ohne Heime);93,3;2020=100;VST065;Index d.tarifl. Stundenverdienste ohne Sonderzahl.
62221;Vj. Index der Tarifverdienste und Arbeitszeiten;JAHR;Jahr;2020;DINSGF;Früheres Bundesgebiet / Neue Länder;DF;Früheres Bundesgebiet;WZ08C7;WZ2008 (ausgewählte Positionen): Tarifindex;WZ08-62;Dienstleistungen der Informationstechnologie;100,0;2020=100;VST072;Index d.tarifl. Stundenverdienste mit Sonderzahl.
62221;Vj. Index der Tarifverdienste und Arbeitszeiten;JAHR;Jahr;2020;DINSGF;Früheres Bundesgebiet / Neue Länder;DF;Früheres Bundesgebiet;WZ08C7;WZ2008 (ausgewählte Positionen): Tarifindex;WZ08-62;Dienstleistungen der Informationstechnologie;100,0;2020=100;VST073;Index d.tarifl. Monatsverdienste mit Sonderzahl.
62221;Vj. Index der Tarifverdienste und Arbeitszeiten;JAHR;Jahr;2020;DINSGF;Früheres Bundesgebiet / Neue Länder;DF;Früheres Bundesgebiet;WZ08C7;WZ2008 (ausgewählte Positionen): Tarifindex;WZ08-62;Dienstleistungen der Informationstechnologie;37,9;h;VST019;Durchschnittliche tarifliche Wochenarbeitszeit
62221;Vj. Index der Tarifverdienste und Arbeitszeiten;JAHR;Jahr;2020;DINSGF;Früheres Bundesgebiet / Neue Länder;DF;Früheres Bundesgebiet;WZ08C7;WZ2008 (ausgewählte Positionen): Tarifindex;WZ08-62;Dienstleistungen der Informationstechnologie;100,0;2020=100;VST066;Index d.tarifl. Monatsverdienste ohne Sonderzahl.
62221;Vj. Index der Tarifverdienste und Arbeitszeiten;JAHR;Jahr;2020;DINSGF;Früheres Bundesgebiet / Neue Länder;DF;Früheres Bundesgebiet;WZ08C7;WZ2008 (ausgewählte Positionen): Tarifindex;WZ08-62;Dienstleistungen der Informationstechnologie;100,0;2020=100;VST018;Index der tariflichen Wochenarbeitszeit
62221;Vj. Index der Tarifverdienste und Arbeitszeiten;JAHR;Jahr;2020;DINSGF;Früheres Bundesgebiet / Neue Länder;DF;Früheres Bundesgebiet;WZ08C7;WZ2008 (ausgewählte Positionen): Tarifindex;WZ08-62;Dienstleistungen der Informationstechnologie;100,0;2020=100;VST065;Index d.tarifl. Stundenverdienste ohne Sonderzahl.
62221;Vj. Index der Tarifverdienste und Arbeitszeiten;JAHR;Jahr;2023;DINSGF;Früheres Bundesgebiet / Neue Länder;DF;Früheres Bundesgebiet;WZ08C7;WZ2008 (ausgewählte Positionen): Tarifindex;WZ08-B-12;Prod. Gewerbe, Handel, Verkehr und Lagerei;108,0;2020=100;VST072;Index d.tarifl. Stundenverdienste mit Sonderzahl.
62221;Vj. Index der Tarifverdienste und Arbeitszeiten;JAHR;Jahr;2023;DINSGF;Früheres Bundesgebiet / Neue Länder;DF;Früheres Bundesgebiet;WZ08C7;WZ2008 (ausgewählte Positionen): Tarifindex;WZ08-B-12;Prod. Gewerbe, Handel, Verkehr und Lagerei;108,0;2020=100;VST073;Index d.tarifl. Monatsverdienste mit Sonderzahl.
62221;Vj. Index der Tarifverdienste und Arbeitszeiten;JAHR;Jahr;2023;DINSGF;Früheres Bundesgebiet / Neue Länder;DF;Früheres Bundesgebiet;WZ08C7;WZ2008 (ausgewählte Positionen): Tarifindex;WZ08-B-12;Prod. Gewerbe, Handel, Verkehr und Lagerei;37,1;h;VST019;Durchschnittliche tarifliche Wochenarbeitszeit
62221;Vj. Index der Tarifverdienste und Arbeitszeiten;JAHR;Jahr;2023;DINSGF;Früheres Bundesgebiet / Neue Länder;DF;Früheres Bundesgebiet;WZ08C7;WZ2008 (ausgewählte Positionen): Tarifindex;WZ08-B-12;Prod. Gewerbe, Handel, Verkehr und Lagerei;105,0;2020=100;VST066;Index d.tarifl. Monatsverdienste ohne Sonderzahl.
62221;Vj. Index der Tarifverdienste und Arbeitszeiten;JAHR;Jahr;2023;DINSGF;Früheres Bundesgebiet / Neue Länder;DF;Früheres Bundesgebiet;WZ08C7;WZ2008 (ausgewählte Positionen): Tarifindex;WZ08-B-12;Prod. Gewerbe, Handel, Verkehr und Lagerei;100,0;2020=100;VST018;Index der tariflichen Wochenarbeitszeit
62221;Vj. Index der Tarifverdienste und Arbeitszeiten;JAHR;Jahr;2023;DINSGF;Früheres Bundesgebiet / Neue Länder;DF;Früheres Bundesgebiet;WZ08C7;WZ2008 (ausgewählte Positionen): Tarifindex;WZ08-B-12;Prod. Gewerbe, Handel, Verkehr und Lagerei;105,0;2020=100;VST065;Index d.tarifl. Stundenverdienste ohne Sonderzahl.
62221;Vj. Index der Tarifverdienste und Arbeitszeiten;JAHR;Jahr;2018;DINSGF;Früheres Bundesgebiet / Neue Länder;DN;Neue Länder;WZ08C7;WZ2008 (ausgewählte Positionen): Tarifindex;WZ08-91;Bibliotheken, Archive, Museen, bot. u. zoo. Gärten;94,4;2020=100;VST072;Index d.tarifl. Stundenverdienste mit Sonderzahl.
62221;Vj. Index der Tarifverdienste und Arbeitszeiten;JAHR;Jahr;2018;DINSGF;Früheres Bundesgebiet / Neue Länder;DN;Neue Länder;WZ08C7;WZ2008 (ausgewählte Positionen): Tarifindex;WZ08-91;Bibliotheken, Archive, Museen, bot. u. zoo. Gärten;94,4;2020=100;VST073;Index d.tarifl. Monatsverdienste mit Sonderzahl.
62221;Vj. Index der Tarifverdienste und Arbeitszeiten;JAHR;Jahr;2018;DINSGF;Früheres Bundesgebiet / Neue Länder;DN;Neue Länder;WZ08C7;WZ2008 (ausgewählte Positionen): Tarifindex;WZ08-91;Bibliotheken, Archive, Museen, bot. u. zoo. Gärten;39,1;h;VST019;Durchschnittliche tarifliche Wochenarbeitszeit
62221;Vj. Index der Tarifverdienste und Arbeitszeiten;JAHR;Jahr;2018;DINSGF;Früheres Bundesgebiet / Neue Länder;DN;Neue Länder;WZ08C7;WZ2008 (ausgewählte Positionen): Tarifindex;WZ08-91;Bibliotheken, Archive, Museen, bot. u. zoo. Gärten;93,9;2020=100;VST066;Index d.tarifl. Monatsverdienste ohne Sonderzahl.
62221;Vj. Index der Tarifverdienste und Arbeitszeiten;JAHR;Jahr;2018;DINSGF;Früheres Bundesgebiet / Neue Länder;DN;Neue Länder;WZ08C7;WZ2008 (ausgewählte Positionen): Tarifindex;WZ08-91;Bibliotheken, Archive, Museen, bot. u. zoo. Gärten;100,0;2020=100;VST018;Index der tariflichen Wochenarbeitszeit
62221;Vj. Index der Tarifverdienste und Arbeitszeiten;JAHR;Jahr;2018;DINSGF;Früheres Bundesgebiet / Neue Länder;DN;Neue Länder;WZ08C7;WZ2008 (ausgewählte Positionen): Tarifindex;WZ08-91;Bibliotheken, Archive, Museen, bot. u. zoo. Gärten;93,9;2020=100;VST065;Index d.tarifl. Stundenverdienste ohne Sonderzahl.
62221;Vj. Index der Tarifverdienste und Arbeitszeiten;JAHR;Jahr;2024;DINSGF;Früheres Bundesgebiet / Neue Länder;DN;Neue Länder;WZ08C7;WZ2008 (ausgewählte Positionen): Tarifindex;WZ08-80;Wach- und Sicherheitsdienste sowie Detekteien;127,6;2020=100;VST072;Index d.tarifl. Stundenverdienste mit Sonderzahl.
62221;Vj. Index der Tarifverdienste und Arbeitszeiten;JAHR;Jahr;2024;DINSGF;Früheres Bundesgebiet / Neue Länder;DN;Neue Länder;WZ08C7;WZ2008 (ausgewählte Positionen): Tarifindex;WZ08-80;Wach- und Sicherheitsdienste sowie Detekteien;127,6;2020=100;VST073;Index d.tarifl. Monatsverdienste mit Sonderzahl.
62221;Vj. Index der Tarifverdienste und Arbeitszeiten;JAHR;Jahr;2024;DINSGF;Früheres Bundesgebiet / Neue Länder;DN;Neue Länder;WZ08C7;WZ2008 (ausgewählte Positionen): Tarifindex;WZ08-80;Wach- und Sicherheitsdienste sowie Detekteien;40,0;h;VST019;Durchschnittliche tarifliche Wochenarbeitszeit
62221;Vj. Index der Tarifverdienste und Arbeitszeiten;JAHR;Jahr;2024;DINSGF;Früheres Bundesgebiet / Neue Länder;DN;Neue Länder;WZ08C7;WZ2008 (ausgewählte Positionen): Tarifindex;WZ08-80;Wach- und Sicherheitsdienste sowie Detekteien;126,9;2020=100;VST066;Index d.tarifl. Monatsverdienste ohne Sonderzahl.
62221;Vj. Index der Tarifverdienste und Arbeitszeiten;JAHR;Jahr;2024;DINSGF;Früheres Bundesgebiet / Neue Länder;DN;Neue Länder;WZ08C7;WZ2008 (ausgewählte Positionen): Tarifindex;WZ08-80;Wach- und Sicherheitsdienste sowie Detekteien;100,0;2020=100;VST018;Index der tariflichen Wochenarbeitszeit
62221;Vj. Index der Tarifverdienste und Arbeitszeiten;JAHR;Jahr;2024;DINSGF;Früheres Bundesgebiet / Neue Länder;DN;Neue Länder;WZ08C7;WZ2008 (ausgewählte Positionen): Tarifindex;WZ08-80;Wach- und Sicherheitsdienste sowie Detekteien;126,9;2020=100;VST065;Index d.tarifl. Stundenverdienste ohne Sonderzahl.
62221;Vj. Index der Tarifverdienste und Arbeitszeiten;JAHR;Jahr;2025;DINSGF;Früheres Bundesgebiet / Neue Länder;DN;Neue Länder;WZ08C7;WZ2008 (ausgewählte Positionen): Tarifindex;WZ08-A-03;Gesamtwirtschaft;116,7;2020=100;VST072;Index d.tarifl. Stundenverdienste mit Sonderzahl.
62221;Vj. Index der Tarifverdienste und Arbeitszeiten;JAHR;Jahr;2025;DINSGF;Früheres Bundesgebiet / Neue Länder;DN;Neue Länder;WZ08C7;WZ2008 (ausgewählte Positionen): Tarifindex;WZ08-A-03;Gesamtwirtschaft;116,4;2020=100;VST073;Index d.tarifl. Monatsverdienste mit Sonderzahl.
62221;Vj. Index der Tarifverdienste und Arbeitszeiten;JAHR;Jahr;2025;DINSGF;Früheres Bundesgebiet / Neue Länder;DN;Neue Länder;WZ08C7;WZ2008 (ausgewählte Positionen): Tarifindex;WZ08-A-03;Gesamtwirtschaft;39,0;h;VST019;Durchschnittliche tarifliche Wochenarbeitszeit
62221;Vj. Index der Tarifverdienste und Arbeitszeiten;JAHR;Jahr;2025;DINSGF;Früheres Bundesgebiet / Neue Länder;DN;Neue Länder;WZ08C7;WZ2008 (ausgewählte Positionen): Tarifindex;WZ08-A-03;Gesamtwirtschaft;116,4;2020=100;VST066;Index d.tarifl. Monatsverdienste ohne Sonderzahl.
62221;Vj. Index der Tarifverdienste und Arbeitszeiten;JAHR;Jahr;2025;DINSGF;Früheres Bundesgebiet / Neue Länder;DN;Neue Länder;WZ08C7;WZ2008 (ausgewählte Positionen): Tarifindex;WZ08-A-03;Gesamtwirtschaft;99,8;2020=100;VST018;Index der tariflichen Wochenarbeitszeit
62221;Vj. Index der Tarifverdienste und Arbeitszeiten;JAHR;Jahr;2025;DINSGF;Früheres Bundesgebiet / Neue Länder;DN;Neue Länder;WZ08C7;WZ2008 (ausgewählte Positionen): Tarifindex;WZ08-A-03;Gesamtwirtschaft;116,6;2020=100;VST065;Index d.tarifl. Stundenverdienste ohne Sonderzahl.
62221;Vj. Index der Tarifverdienste und Arbeitszeiten;JAHR;Jahr;2021;DINSGF;Früheres Bundesgebiet / Neue Länder;DF;Früheres Bundesgebiet;WZ08C7;WZ2008 (ausgewählte Positionen): Tarifindex;WZ08-28;Maschinenbau;100,9;2020=100;VST072;Index d.tarifl. Stundenverdienste mit Sonderzahl.
62221;Vj. Index der Tarifverdienste und Arbeitszeiten;JAHR;Jahr;2021;DINSGF;Früheres Bundesgebiet / Neue Länder;DF;Früheres Bundesgebiet;WZ08C7;WZ2008 (ausgewählte Positionen): Tarifindex;WZ08-28;Maschinenbau;100,9;2020=100;VST073;Index d.tarifl. Monatsverdienste mit Sonderzahl.
62221;Vj. Index der Tarifverdienste und Arbeitszeiten;JAHR;Jahr;2021;DINSGF;Früheres Bundesgebiet / Neue Länder;DF;Früheres Bundesgebiet;WZ08C7;WZ2008 (ausgewählte Positionen): Tarifindex;WZ08-28;Maschinenbau;35,3;h;VST019;Durchschnittliche tarifliche Wochenarbeitszeit
62221;Vj. Index der Tarifverdienste und Arbeitszeiten;JAHR;Jahr;2021;DINSGF;Früheres Bundesgebiet / Neue Länder;DF;Früheres Bundesgebiet;WZ08C7;WZ2008 (ausgewählte Positionen): Tarifindex;WZ08-28;Maschinenbau;100,2;2020=100;VST066;Index d.tarifl. Monatsverdienste ohne Sonderzahl.
62221;Vj. Index der Tarifverdienste und Arbeitszeiten;JAHR;Jahr;2021;DINSGF;Früheres Bundesgebiet / Neue Länder;DF;Früheres Bundesgebiet;WZ08C7;WZ2008 (ausgewählte Positionen): Tarifindex;WZ08-28;Maschinenbau;100,0;2020=100;VST018;Index der tariflichen Wochenarbeitszeit
62221;Vj. Index der Tarifverdienste und Arbeitszeiten;JAHR;Jahr;2021;DINSGF;Früheres Bundesgebiet / Neue Länder;DF;Früheres Bundesgebiet;WZ08C7;WZ2008 (ausgewählte Positionen): Tarifindex;WZ08-28;Maschinenbau;100,2;2020=100;VST065;Index d.tarifl. Stundenverdienste ohne Sonderzahl.
62221;Vj. Index der Tarifverdienste und Arbeitszeiten;JAHR;Jahr;2024;DINSGF;Früheres Bundesgebiet / Neue Länder;DN;Neue Länder;WZ08C7;WZ2008 (ausgewählte Positionen): Tarifindex;WZ08-13;Herstellung von Textilien;118,7;2020=100;VST072;Index d.tarifl. Stundenverdienste mit Sonderzahl.
62221;Vj. Index der Tarifverdienste und Arbeitszeiten;JAHR;Jahr;2024;DINSGF;Früheres Bundesgebiet / Neue Länder;DN;Neue Länder;WZ08C7;WZ2008 (ausgewählte Positionen): Tarifindex;WZ08-13;Herstellung von Textilien;115,2;2020=100;VST073;Index d.tarifl. Monatsverdienste mit Sonderzahl.
62221;Vj. Index der Tarifverdienste und Arbeitszeiten;JAHR;Jahr;2024;DINSGF;Früheres Bundesgebiet / Neue Länder;DN;Neue Länder;WZ08C7;WZ2008 (ausgewählte Positionen): Tarifindex;WZ08-13;Herstellung von Textilien;38,4;h;VST019;Durchschnittliche tarifliche Wochenarbeitszeit
62221;Vj. Index der Tarifverdienste und Arbeitszeiten;JAHR;Jahr;2024;DINSGF;Früheres Bundesgebiet / Neue Länder;DN;Neue Länder;WZ08C7;WZ2008 (ausgewählte Positionen): Tarifindex;WZ08-13;Herstellung von Textilien;110,2;2020=100;VST066;Index d.tarifl. Monatsverdienste ohne Sonderzahl.
62221;Vj. Index der Tarifverdienste und Arbeitszeiten;JAHR;Jahr;2024;DINSGF;Früheres Bundesgebiet / Neue Länder;DN;Neue Länder;WZ08C7;WZ2008 (ausgewählte Positionen): Tarifindex;WZ08-13;Herstellung von Textilien;97,2;2020=100;VST018;Index der tariflichen Wochenarbeitszeit
62221;Vj. Index der Tarifverdienste und Arbeitszeiten;JAHR;Jahr;2024;DINSGF;Früheres Bundesgebiet / Neue Länder;DN;Neue Länder;WZ08C7;WZ2008 (ausgewählte Positionen): Tarifindex;WZ08-13;Herstellung von Textilien;113,4;2020=100;VST065;Index d.tarifl. Stundenverdienste ohne Sonderzahl.
62221;Vj. Index der Tarifverdienste und Arbeitszeiten;JAHR;Jahr;2025;DINSGF;Früheres Bundesgebiet / Neue Länder;DF;Früheres Bundesgebiet;WZ08C7;WZ2008 (ausgewählte Positionen): Tarifindex;WZ08-P;Erziehung und Unterricht;113,5;2020=100;VST072;Index d.tarifl. Stundenverdienste mit Sonderzahl.
62221;Vj. Index der Tarifverdienste und Arbeitszeiten;JAHR;Jahr;2025;DINSGF;Früheres Bundesgebiet / Neue Länder;DF;Früheres Bundesgebiet;WZ08C7;WZ2008 (ausgewählte Positionen): Tarifindex;WZ08-P;Erziehung und Unterricht;113,5;2020=100;VST073;Index d.tarifl. Monatsverdienste mit Sonderzahl.
62221;Vj. Index der Tarifverdienste und Arbeitszeiten;JAHR;Jahr;2025;DINSGF;Früheres Bundesgebiet / Neue Länder;DF;Früheres Bundesgebiet;WZ08C7;WZ2008 (ausgewählte Positionen): Tarifindex;WZ08-P;Erziehung und Unterricht;40,1;h;VST019;Durchschnittliche tarifliche Wochenarbeitszeit
62221;Vj. Index der Tarifverdienste und Arbeitszeiten;JAHR;Jahr;2025;DINSGF;Früheres Bundesgebiet / Neue Länder;DF;Früheres Bundesgebiet;WZ08C7;WZ2008 (ausgewählte Positionen): Tarifindex;WZ08-P;Erziehung und Unterricht;113,5;2020=100;VST066;Index d.tarifl. Monatsverdienste ohne Sonderzahl.
62221;Vj. Index der Tarifverdienste und Arbeitszeiten;JAHR;Jahr;2025;DINSGF;Früheres Bundesgebiet / Neue Länder;DF;Früheres Bundesgebiet;WZ08C7;WZ2008 (ausgewählte Positionen): Tarifindex;WZ08-P;Erziehung und Unterricht;100,0;2020=100;VST018;Index der tariflichen Wochenarbeitszeit
62221;Vj. Index der Tarifverdienste und Arbeitszeiten;JAHR;Jahr;2025;DINSGF;Früheres Bundesgebiet / Neue Länder;DF;Früheres Bundesgebiet;WZ08C7;WZ2008 (ausgewählte Positionen): Tarifindex;WZ08-P;Erziehung und Unterricht;113,5;2020=100;VST065;Index d.tarifl. Stundenverdienste ohne Sonderzahl.
62221;Vj. Index der Tarifverdienste und Arbeitszeiten;JAHR;Jahr;2023;DINSGF;Früheres Bundesgebiet / Neue Länder;DN;Neue Länder;WZ08C7;WZ2008 (ausgewählte Positionen): Tarifindex;WZ08-60;Rundfunkveranstalter;103,7;2020=100;VST072;Index d.tarifl. Stundenverdienste mit Sonderzahl.
62221;Vj. Index der Tarifverdienste und Arbeitszeiten;JAHR;Jahr;2023;DINSGF;Früheres Bundesgebiet / Neue Länder;DN;Neue Länder;WZ08C7;WZ2008 (ausgewählte Positionen): Tarifindex;WZ08-60;Rundfunkveranstalter;103,7;2020=100;VST073;Index d.tarifl. Monatsverdienste mit Sonderzahl.
62221;Vj. Index der Tarifverdienste und Arbeitszeiten;JAHR;Jahr;2023;DINSGF;Früheres Bundesgebiet / Neue Länder;DN;Neue Länder;WZ08C7;WZ2008 (ausgewählte Positionen): Tarifindex;WZ08-60;Rundfunkveranstalter;38,5;h;VST019;Durchschnittliche tarifliche Wochenarbeitszeit
62221;Vj. Index der Tarifverdienste und Arbeitszeiten;JAHR;Jahr;2023;DINSGF;Früheres Bundesgebiet / Neue Länder;DN;Neue Länder;WZ08C7;WZ2008 (ausgewählte Positionen): Tarifindex;WZ08-60;Rundfunkveranstalter;104,0;2020=100;VST066;Index d.tarifl. Monatsverdienste ohne Sonderzahl.
62221;Vj. Index der Tarifverdienste und Arbeitszeiten;JAHR;Jahr;2023;DINSGF;Früheres Bundesgebiet / Neue Länder;DN;Neue Länder;WZ08C7;WZ2008 (ausgewählte Positionen): Tarifindex;WZ08-60;Rundfunkveranstalter;100,0;2020=100;VST018;Index der tariflichen Wochenarbeitszeit
62221;Vj. Index der Tarifverdienste und Arbeitszeiten;JAHR;Jahr;2023;DINSGF;Früheres Bundesgebiet / Neue Länder;DN;Neue Länder;WZ08C7;WZ2008 (ausgewählte Positionen): Tarifindex;WZ08-60;Rundfunkveranstalter;104,0;2020=100;VST065;Index d.tarifl. Stundenverdienste ohne Sonderzahl.
62221;Vj. Index der Tarifverdienste und Arbeitszeiten;JAHR;Jahr;2023;DINSGF;Früheres Bundesgebiet / Neue Länder;DF;Früheres Bundesgebiet;WZ08C7;WZ2008 (ausgewählte Positionen): Tarifindex;WZ08-20-01;Chemische Industrie;108,5;2020=100;VST072;Index d.tarifl. Stundenverdienste mit Sonderzahl.
62221;Vj. Index der Tarifverdienste und Arbeitszeiten;JAHR;Jahr;2023;DINSGF;Früheres Bundesgebiet / Neue Länder;DF;Früheres Bundesgebiet;WZ08C7;WZ2008 (ausgewählte Positionen): Tarifindex;WZ08-20-01;Chemische Industrie;108,4;2020=100;VST073;Index d.tarifl. Monatsverdienste mit Sonderzahl.
62221;Vj. Index der Tarifverdienste und Arbeitszeiten;JAHR;Jahr;2023;DINSGF;Früheres Bundesgebiet / Neue Länder;DF;Früheres Bundesgebiet;WZ08C7;WZ2008 (ausgewählte Positionen): Tarifindex;WZ08-20-01;Chemische Industrie;37,5;h;VST019;Durchschnittliche tarifliche Wochenarbeitszeit
62221;Vj. Index der Tarifverdienste und Arbeitszeiten;JAHR;Jahr;2023;DINSGF;Früheres Bundesgebiet / Neue Länder;DF;Früheres Bundesgebiet;WZ08C7;WZ2008 (ausgewählte Positionen): Tarifindex;WZ08-20-01;Chemische Industrie;105,4;2020=100;VST066;Index d.tarifl. Monatsverdienste ohne Sonderzahl.
62221;Vj. Index der Tarifverdienste und Arbeitszeiten;JAHR;Jahr;2023;DINSGF;Früheres Bundesgebiet / Neue Länder;DF;Früheres Bundesgebiet;WZ08C7;WZ2008 (ausgewählte Positionen): Tarifindex;WZ08-20-01;Chemische Industrie;100,0;2020=100;VST018;Index der tariflichen Wochenarbeitszeit
62221;Vj. Index der Tarifverdienste und Arbeitszeiten;JAHR;Jahr;2023;DINSGF;Früheres Bundesgebiet / Neue Länder;DF;Früheres Bundesgebiet;WZ08C7;WZ2008 (ausgewählte Positionen): Tarifindex;WZ08-20-01;Chemische Industrie;105,4;2020=100;VST065;Index d.tarifl. Stundenverdienste ohne Sonderzahl.
62221;Vj. Index der Tarifverdienste und Arbeitszeiten;JAHR;Jahr;2016;DINSGF;Früheres Bundesgebiet / Neue Länder;DN;Neue Länder;WZ08C7;WZ2008 (ausgewählte Positionen): Tarifindex;WZ08-52;Lagerei, sonstige Dienstleistungen für den Verkehr;89,6;2020=100;VST072;Index d.tarifl. Stundenverdienste mit Sonderzahl.
62221;Vj. Index der Tarifverdienste und Arbeitszeiten;JAHR;Jahr;2016;DINSGF;Früheres Bundesgebiet / Neue Länder;DN;Neue Länder;WZ08C7;WZ2008 (ausgewählte Positionen): Tarifindex;WZ08-52;Lagerei, sonstige Dienstleistungen für den Verkehr;89,7;2020=100;VST073;Index d.tarifl. Monatsverdienste mit Sonderzahl.
62221;Vj. Index der Tarifverdienste und Arbeitszeiten;JAHR;Jahr;2016;DINSGF;Früheres Bundesgebiet / Neue Länder;DN;Neue Länder;WZ08C7;WZ2008 (ausgewählte Positionen): Tarifindex;WZ08-52;Lagerei, sonstige Dienstleistungen für den Verkehr;39,3;h;VST019;Durchschnittliche tarifliche Wochenarbeitszeit
62221;Vj. Index der Tarifverdienste und Arbeitszeiten;JAHR;Jahr;2016;DINSGF;Früheres Bundesgebiet / Neue Länder;DN;Neue Länder;WZ08C7;WZ2008 (ausgewählte Positionen): Tarifindex;WZ08-52;Lagerei, sonstige Dienstleistungen für den Verkehr;90,2;2020=100;VST066;Index d.tarifl. Monatsverdienste ohne Sonderzahl.
62221;Vj. Index der Tarifverdienste und Arbeitszeiten;JAHR;Jahr;2016;DINSGF;Früheres Bundesgebiet / Neue Länder;DN;Neue Länder;WZ08C7;WZ2008 (ausgewählte Positionen): Tarifindex;WZ08-52;Lagerei, sonstige Dienstleistungen für den Verkehr;100,3;2020=100;VST018;Index der tariflichen Wochenarbeitszeit
62221;Vj. Index der Tarifverdienste und Arbeitszeiten;JAHR;Jahr;2016;DINSGF;Früheres Bundesgebiet / Neue Länder;DN;Neue Länder;WZ08C7;WZ2008 (ausgewählte Positionen): Tarifindex;WZ08-52;Lagerei, sonstige Dienstleistungen für den Verkehr;90,1;2020=100;VST065;Index d.tarifl. Stundenverdienste ohne Sonderzahl.
62221;Vj. Index der Tarifverdienste und Arbeitszeiten;JAHR;Jahr;2024;DINSGF;Früheres Bundesgebiet / Neue Länder;DN;Neue Länder;WZ08C7;WZ2008 (ausgewählte Positionen): Tarifindex;WZ08-78;Vermittlung und Überlassung von Arbeitskräften;129,8;2020=100;VST072;Index d.tarifl. Stundenverdienste mit Sonderzahl.
62221;Vj. Index der Tarifverdienste und Arbeitszeiten;JAHR;Jahr;2024;DINSGF;Früheres Bundesgebiet / Neue Länder;DN;Neue Länder;WZ08C7;WZ2008 (ausgewählte Positionen): Tarifindex;WZ08-78;Vermittlung und Überlassung von Arbeitskräften;129,8;2020=100;VST073;Index d.tarifl. Monatsverdienste mit Sonderzahl.
62221;Vj. Index der Tarifverdienste und Arbeitszeiten;JAHR;Jahr;2024;DINSGF;Früheres Bundesgebiet / Neue Länder;DN;Neue Länder;WZ08C7;WZ2008 (ausgewählte Positionen): Tarifindex;WZ08-78;Vermittlung und Überlassung von Arbeitskräften;35,2;h;VST019;Durchschnittliche tarifliche Wochenarbeitszeit
62221;Vj. Index der Tarifverdienste und Arbeitszeiten;JAHR;Jahr;2024;DINSGF;Früheres Bundesgebiet / Neue Länder;DN;Neue Länder;WZ08C7;WZ2008 (ausgewählte Positionen): Tarifindex;WZ08-78;Vermittlung und Überlassung von Arbeitskräften;129,2;2020=100;VST066;Index d.tarifl. Monatsverdienste ohne Sonderzahl.
62221;Vj. Index der Tarifverdienste und Arbeitszeiten;JAHR;Jahr;2024;DINSGF;Früheres Bundesgebiet / Neue Länder;DN;Neue Länder;WZ08C7;WZ2008 (ausgewählte Positionen): Tarifindex;WZ08-78;Vermittlung und Überlassung von Arbeitskräften;100,0;2020=100;VST018;Index der tariflichen Wochenarbeitszeit
62221;Vj. Index der Tarifverdienste und Arbeitszeiten;JAHR;Jahr;2024;DINSGF;Früheres Bundesgebiet / Neue Länder;DN;Neue Länder;WZ08C7;WZ2008 (ausgewählte Positionen): Tarifindex;WZ08-78;Vermittlung und Überlassung von Arbeitskräften;129,2;2020=100;VST065;Index d.tarifl. Stundenverdienste ohne Sonderzahl.
62221;Vj. Index der Tarifverdienste und Arbeitszeiten;JAHR;Jahr;2018;DINSGF;Früheres Bundesgebiet / Neue Länder;DN;Neue Länder;WZ08C7;WZ2008 (ausgewählte Positionen): Tarifindex;WZ08-73;Werbung und Marktforschung;95,5;2020=100;VST072;Index d.tarifl. Stundenverdienste mit Sonderzahl.
62221;Vj. Index der Tarifverdienste und Arbeitszeiten;JAHR;Jahr;2018;DINSGF;Früheres Bundesgebiet / Neue Länder;DN;Neue Länder;WZ08C7;WZ2008 (ausgewählte Positionen): Tarifindex;WZ08-73;Werbung und Marktforschung;95,5;2020=100;VST073;Index d.tarifl. Monatsverdienste mit Sonderzahl.
62221;Vj. Index der Tarifverdienste und Arbeitszeiten;JAHR;Jahr;2018;DINSGF;Früheres Bundesgebiet / Neue Länder;DN;Neue Länder;WZ08C7;WZ2008 (ausgewählte Positionen): Tarifindex;WZ08-73;Werbung und Marktforschung;38,5;h;VST019;Durchschnittliche tarifliche Wochenarbeitszeit
62221;Vj. Index der Tarifverdienste und Arbeitszeiten;JAHR;Jahr;2018;DINSGF;Früheres Bundesgebiet / Neue Länder;DN;Neue Länder;WZ08C7;WZ2008 (ausgewählte Positionen): Tarifindex;WZ08-73;Werbung und Marktforschung;95,5;2020=100;VST066;Index d.tarifl. Monatsverdienste ohne Sonderzahl.
62221;Vj. Index der Tarifverdienste und Arbeitszeiten;JAHR;Jahr;2018;DINSGF;Früheres Bundesgebiet / Neue Länder;DN;Neue Länder;WZ08C7;WZ2008 (ausgewählte Positionen): Tarifindex;WZ08-73;Werbung und Marktforschung;100,0;2020=100;VST018;Index der tariflichen Wochenarbeitszeit
62221;Vj. Index der Tarifverdienste und Arbeitszeiten;JAHR;Jahr;2018;DINSGF;Früheres Bundesgebiet / Neue Länder;DN;Neue Länder;WZ08C7;WZ2008 (ausgewählte Positionen): Tarifindex;WZ08-73;Werbung und Marktforschung;95,5;2020=100;VST065;Index d.tarifl. Stundenverdienste ohne Sonderzahl.
62221;Vj. Index der Tarifverdienste und Arbeitszeiten;JAHR;Jahr;2025;DINSGF;Früheres Bundesgebiet / Neue Länder;DN;Neue Länder;WZ08C7;WZ2008 (ausgewählte Positionen): Tarifindex;WZ08-84;Öff. Verwaltung, Verteidigung, Sozialversicherung;114,1;2020=100;VST072;Index d.tarifl. Stundenverdienste mit Sonderzahl.
62221;Vj. Index der Tarifverdienste und Arbeitszeiten;JAHR;Jahr;2025;DINSGF;Früheres Bundesgebiet / Neue Länder;DN;Neue Länder;WZ08C7;WZ2008 (ausgewählte Positionen): Tarifindex;WZ08-84;Öff. Verwaltung, Verteidigung, Sozialversicherung;114,1;2020=100;VST073;Index d.tarifl. Monatsverdienste mit Sonderzahl.
62221;Vj. Index der Tarifverdienste und Arbeitszeiten;JAHR;Jahr;2025;DINSGF;Früheres Bundesgebiet / Neue Länder;DN;Neue Länder;WZ08C7;WZ2008 (ausgewählte Positionen): Tarifindex;WZ08-84;Öff. Verwaltung, Verteidigung, Sozialversicherung;39,8;h;VST019;Durchschnittliche tarifliche Wochenarbeitszeit
62221;Vj. Index der Tarifverdienste und Arbeitszeiten;JAHR;Jahr;2025;DINSGF;Früheres Bundesgebiet / Neue Länder;DN;Neue Länder;WZ08C7;WZ2008 (ausgewählte Positionen): Tarifindex;WZ08-84;Öff. Verwaltung, Verteidigung, Sozialversicherung;114,6;2020=100;VST066;Index d.tarifl. Monatsverdienste ohne Sonderzahl.
62221;Vj. Index der Tarifverdienste und Arbeitszeiten;JAHR;Jahr;2025;DINSGF;Früheres Bundesgebiet / Neue Länder;DN;Neue Länder;WZ08C7;WZ2008 (ausgewählte Positionen): Tarifindex;WZ08-84;Öff. Verwaltung, Verteidigung, Sozialversicherung;100,0;2020=100;VST018;Index der tariflichen Wochenarbeitszeit
62221;Vj. Index der Tarifverdienste und Arbeitszeiten;JAHR;Jahr;2025;DINSGF;Früheres Bundesgebiet / Neue Länder;DN;Neue Länder;WZ08C7;WZ2008 (ausgewählte Positionen): Tarifindex;WZ08-84;Öff. Verwaltung, Verteidigung, Sozialversicherung;114,6;2020=100;VST065;Index d.tarifl. Stundenverdienste ohne Sonderzahl.
62221;Vj. Index der Tarifverdienste und Arbeitszeiten;JAHR;Jahr;2020;DINSGF;Früheres Bundesgebiet / Neue Länder;DF;Früheres Bundesgebiet;WZ08C7;WZ2008 (ausgewählte Positionen): Tarifindex;WZ08-10;Herstellung von Nahrungs- und Futtermitteln;100,0;2020=100;VST072;Index d.tarifl. Stundenverdienste mit Sonderzahl.
62221;Vj. Index der Tarifverdienste und Arbeitszeiten;JAHR;Jahr;2020;DINSGF;Früheres Bundesgebiet / Neue Länder;DF;Früheres Bundesgebiet;WZ08C7;WZ2008 (ausgewählte Positionen): Tarifindex;WZ08-10;Herstellung von Nahrungs- und Futtermitteln;100,0;2020=100;VST073;Index d.tarifl. Monatsverdienste mit Sonderzahl.
62221;Vj. Index der Tarifverdienste und Arbeitszeiten;JAHR;Jahr;2020;DINSGF;Früheres Bundesgebiet / Neue Länder;DF;Früheres Bundesgebiet;WZ08C7;WZ2008 (ausgewählte Positionen): Tarifindex;WZ08-10;Herstellung von Nahrungs- und Futtermitteln;38,1;h;VST019;Durchschnittliche tarifliche Wochenarbeitszeit
62221;Vj. Index der Tarifverdienste und Arbeitszeiten;JAHR;Jahr;2020;DINSGF;Früheres Bundesgebiet / Neue Länder;DF;Früheres Bundesgebiet;WZ08C7;WZ2008 (ausgewählte Positionen): Tarifindex;WZ08-10;Herstellung von Nahrungs- und Futtermitteln;100,0;2020=100;VST066;Index d.tarifl. Monatsverdienste ohne Sonderzahl.
62221;Vj. Index der Tarifverdienste und Arbeitszeiten;JAHR;Jahr;2020;DINSGF;Früheres Bundesgebiet / Neue Länder;DF;Früheres Bundesgebiet;WZ08C7;WZ2008 (ausgewählte Positionen): Tarifindex;WZ08-10;Herstellung von Nahrungs- und Futtermitteln;100,0;2020=100;VST018;Index der tariflichen Wochenarbeitszeit
62221;Vj. Index der Tarifverdienste und Arbeitszeiten;JAHR;Jahr;2020;DINSGF;Früheres Bundesgebiet / Neue Länder;DF;Früheres Bundesgebiet;WZ08C7;WZ2008 (ausgewählte Positionen): Tarifindex;WZ08-10;Herstellung von Nahrungs- und Futtermitteln;100,0;2020=100;VST065;Index d.tarifl. Stundenverdienste ohne Sonderzahl.
62221;Vj. Index der Tarifverdienste und Arbeitszeiten;JAHR;Jahr;2020;DINSGF;Früheres Bundesgebiet / Neue Länder;DF;Früheres Bundesgebiet;WZ08C7;WZ2008 (ausgewählte Positionen): Tarifindex;WZ08-75;Veterinärwesen;100,0;2020=100;VST072;Index d.tarifl. Stundenverdienste mit Sonderzahl.
62221;Vj. Index der Tarifverdienste und Arbeitszeiten;JAHR;Jahr;2020;DINSGF;Früheres Bundesgebiet / Neue Länder;DF;Früheres Bundesgebiet;WZ08C7;WZ2008 (ausgewählte Positionen): Tarifindex;WZ08-75;Veterinärwesen;100,0;2020=100;VST073;Index d.tarifl. Monatsverdienste mit Sonderzahl.
62221;Vj. Index der Tarifverdienste und Arbeitszeiten;JAHR;Jahr;2020;DINSGF;Früheres Bundesgebiet / Neue Länder;DF;Früheres Bundesgebiet;WZ08C7;WZ2008 (ausgewählte Positionen): Tarifindex;WZ08-75;Veterinärwesen;39,9;h;VST019;Durchschnittliche tarifliche Wochenarbeitszeit
62221;Vj. Index der Tarifverdienste und Arbeitszeiten;JAHR;Jahr;2020;DINSGF;Früheres Bundesgebiet / Neue Länder;DF;Früheres Bundesgebiet;WZ08C7;WZ2008 (ausgewählte Positionen): Tarifindex;WZ08-75;Veterinärwesen;100,0;2020=100;VST066;Index d.tarifl. Monatsverdienste ohne Sonderzahl.
62221;Vj. Index der Tarifverdienste und Arbeitszeiten;JAHR;Jahr;2020;DINSGF;Früheres Bundesgebiet / Neue Länder;DF;Früheres Bundesgebiet;WZ08C7;WZ2008 (ausgewählte Positionen): Tarifindex;WZ08-75;Veterinärwesen;100,0;2020=100;VST018;Index der tariflichen Wochenarbeitszeit
62221;Vj. Index der Tarifverdienste und Arbeitszeiten;JAHR;Jahr;2020;DINSGF;Früheres Bundesgebiet / Neue Länder;DF;Früheres Bundesgebiet;WZ08C7;WZ2008 (ausgewählte Positionen): Tarifindex;WZ08-75;Veterinärwesen;100,0;2020=100;VST065;Index d.tarifl. Stundenverdienste ohne Sonderzahl.
62221;Vj. Index der Tarifverdienste und Arbeitszeiten;JAHR;Jahr;2018;DINSGF;Früheres Bundesgebiet / Neue Länder;DN;Neue Länder;WZ08C7;WZ2008 (ausgewählte Positionen): Tarifindex;WZ08-31-01;Möbelherstellung, Installation von Maschinen;95,8;2020=100;VST072;Index d.tarifl. Stundenverdienste mit Sonderzahl.
62221;Vj. Index der Tarifverdienste und Arbeitszeiten;JAHR;Jahr;2018;DINSGF;Früheres Bundesgebiet / Neue Länder;DN;Neue Länder;WZ08C7;WZ2008 (ausgewählte Positionen): Tarifindex;WZ08-31-01;Möbelherstellung, Installation von Maschinen;95,9;2020=100;VST073;Index d.tarifl. Monatsverdienste mit Sonderzahl.
62221;Vj. Index der Tarifverdienste und Arbeitszeiten;JAHR;Jahr;2018;DINSGF;Früheres Bundesgebiet / Neue Länder;DN;Neue Länder;WZ08C7;WZ2008 (ausgewählte Positionen): Tarifindex;WZ08-31-01;Möbelherstellung, Installation von Maschinen;38,3;h;VST019;Durchschnittliche tarifliche Wochenarbeitszeit
62221;Vj. Index der Tarifverdienste und Arbeitszeiten;JAHR;Jahr;2018;DINSGF;Früheres Bundesgebiet / Neue Länder;DN;Neue Länder;WZ08C7;WZ2008 (ausgewählte Positionen): Tarifindex;WZ08-31-01;Möbelherstellung, Installation von Maschinen;97,3;2020=100;VST066;Index d.tarifl. Monatsverdienste ohne Sonderzahl.
62221;Vj. Index der Tarifverdienste und Arbeitszeiten;JAHR;Jahr;2018;DINSGF;Früheres Bundesgebiet / Neue Länder;DN;Neue Länder;WZ08C7;WZ2008 (ausgewählte Positionen): Tarifindex;WZ08-31-01;Möbelherstellung, Installation von Maschinen;100,1;2020=100;VST018;Index der tariflichen Wochenarbeitszeit
62221;Vj. Index der Tarifverdienste und Arbeitszeiten;JAHR;Jahr;2018;DINSGF;Früheres Bundesgebiet / Neue Länder;DN;Neue Länder;WZ08C7;WZ2008 (ausgewählte Positionen): Tarifindex;WZ08-31-01;Möbelherstellung, Installation von Maschinen;97,2;2020=100;VST065;Index d.tarifl. Stundenverdienste ohne Sonderzahl.
62221;Vj. Index der Tarifverdienste und Arbeitszeiten;JAHR;Jahr;2019;DINSGF;Früheres Bundesgebiet / Neue Länder;DF;Früheres Bundesgebiet;WZ08C7;WZ2008 (ausgewählte Positionen): Tarifindex;WZ08-74;Sonst. freiberufl.,wissenschaftl. u. techn.Tätigk.;98,0;2020=100;VST072;Index d.tarifl. Stundenverdienste mit Sonderzahl.
62221;Vj. Index der Tarifverdienste und Arbeitszeiten;JAHR;Jahr;2019;DINSGF;Früheres Bundesgebiet / Neue Länder;DF;Früheres Bundesgebiet;WZ08C7;WZ2008 (ausgewählte Positionen): Tarifindex;WZ08-74;Sonst. freiberufl.,wissenschaftl. u. techn.Tätigk.;98,0;2020=100;VST073;Index d.tarifl. Monatsverdienste mit Sonderzahl.
62221;Vj. Index der Tarifverdienste und Arbeitszeiten;JAHR;Jahr;2019;DINSGF;Früheres Bundesgebiet / Neue Länder;DF;Früheres Bundesgebiet;WZ08C7;WZ2008 (ausgewählte Positionen): Tarifindex;WZ08-74;Sonst. freiberufl.,wissenschaftl. u. techn.Tätigk.;38,4;h;VST019;Durchschnittliche tarifliche Wochenarbeitszeit
62221;Vj. Index der Tarifverdienste und Arbeitszeiten;JAHR;Jahr;2019;DINSGF;Früheres Bundesgebiet / Neue Länder;DF;Früheres Bundesgebiet;WZ08C7;WZ2008 (ausgewählte Positionen): Tarifindex;WZ08-74;Sonst. freiberufl.,wissenschaftl. u. techn.Tätigk.;98,0;2020=100;VST066;Index d.tarifl. Monatsverdienste ohne Sonderzahl.
62221;Vj. Index der Tarifverdienste und Arbeitszeiten;JAHR;Jahr;2019;DINSGF;Früheres Bundesgebiet / Neue Länder;DF;Früheres Bundesgebiet;WZ08C7;WZ2008 (ausgewählte Positionen): Tarifindex;WZ08-74;Sonst. freiberufl.,wissenschaftl. u. techn.Tätigk.;100,0;2020=100;VST018;Index der tariflichen Wochenarbeitszeit
62221;Vj. Index der Tarifverdienste und Arbeitszeiten;JAHR;Jahr;2019;DINSGF;Früheres Bundesgebiet / Neue Länder;DF;Früheres Bundesgebiet;WZ08C7;WZ2008 (ausgewählte Positionen): Tarifindex;WZ08-74;Sonst. freiberufl.,wissenschaftl. u. techn.Tätigk.;98,0;2020=100;VST065;Index d.tarifl. Stundenverdienste ohne Sonderzahl.
62221;Vj. Index der Tarifverdienste und Arbeitszeiten;JAHR;Jahr;2019;DINSGF;Früheres Bundesgebiet / Neue Länder;DF;Früheres Bundesgebiet;WZ08C7;WZ2008 (ausgewählte Positionen): Tarifindex;WZ08-K;Erbringung v. Finanz- u. Versicherungsdienstleist.;97,9;2020=100;VST072;Index d.tarifl. Stundenverdienste mit Sonderzahl.
62221;Vj. Index der Tarifverdienste und Arbeitszeiten;JAHR;Jahr;2019;DINSGF;Früheres Bundesgebiet / Neue Länder;DF;Früheres Bundesgebiet;WZ08C7;WZ2008 (ausgewählte Positionen): Tarifindex;WZ08-K;Erbringung v. Finanz- u. Versicherungsdienstleist.;97,9;2020=100;VST073;Index d.tarifl. Monatsverdienste mit Sonderzahl.
62221;Vj. Index der Tarifverdienste und Arbeitszeiten;JAHR;Jahr;2019;DINSGF;Früheres Bundesgebiet / Neue Länder;DF;Früheres Bundesgebiet;WZ08C7;WZ2008 (ausgewählte Positionen): Tarifindex;WZ08-K;Erbringung v. Finanz- u. Versicherungsdienstleist.;38,8;h;VST019;Durchschnittliche tarifliche Wochenarbeitszeit
62221;Vj. Index der Tarifverdienste und Arbeitszeiten;JAHR;Jahr;2019;DINSGF;Früheres Bundesgebiet / Neue Länder;DF;Früheres Bundesgebiet;WZ08C7;WZ2008 (ausgewählte Positionen): Tarifindex;WZ08-K;Erbringung v. Finanz- u. Versicherungsdienstleist.;98,0;2020=100;VST066;Index d.tarifl. Monatsverdienste ohne Sonderzahl.
62221;Vj. Index der Tarifverdienste und Arbeitszeiten;JAHR;Jahr;2019;DINSGF;Früheres Bundesgebiet / Neue Länder;DF;Früheres Bundesgebiet;WZ08C7;WZ2008 (ausgewählte Positionen): Tarifindex;WZ08-K;Erbringung v. Finanz- u. Versicherungsdienstleist.;100,0;2020=100;VST018;Index der tariflichen Wochenarbeitszeit
62221;Vj. Index der Tarifverdienste und Arbeitszeiten;JAHR;Jahr;2019;DINSGF;Früheres Bundesgebiet / Neue Länder;DF;Früheres Bundesgebiet;WZ08C7;WZ2008 (ausgewählte Positionen): Tarifindex;WZ08-K;Erbringung v. Finanz- u. Versicherungsdienstleist.;98,0;2020=100;VST065;Index d.tarifl. Stundenverdienste ohne Sonderzahl.
62221;Vj. Index der Tarifverdienste und Arbeitszeiten;JAHR;Jahr;2017;DINSGF;Früheres Bundesgebiet / Neue Länder;DF;Früheres Bundesgebiet;WZ08C7;WZ2008 (ausgewählte Positionen): Tarifindex;WZ08-47;Einzelhandel (ohne Handel mit Kraftfahrzeugen);93,3;2020=100;VST072;Index d.tarifl. Stundenverdienste mit Sonderzahl.
62221;Vj. Index der Tarifverdienste und Arbeitszeiten;JAHR;Jahr;2017;DINSGF;Früheres Bundesgebiet / Neue Länder;DF;Früheres Bundesgebiet;WZ08C7;WZ2008 (ausgewählte Positionen): Tarifindex;WZ08-47;Einzelhandel (ohne Handel mit Kraftfahrzeugen);93,4;2020=100;VST073;Index d.tarifl. Monatsverdienste mit Sonderzahl.
62221;Vj. Index der Tarifverdienste und Arbeitszeiten;JAHR;Jahr;2017;DINSGF;Früheres Bundesgebiet / Neue Länder;DF;Früheres Bundesgebiet;WZ08C7;WZ2008 (ausgewählte Positionen): Tarifindex;WZ08-47;Einzelhandel (ohne Handel mit Kraftfahrzeugen);38,0;h;VST019;Durchschnittliche tarifliche Wochenarbeitszeit
62221;Vj. Index der Tarifverdienste und Arbeitszeiten;JAHR;Jahr;2017;DINSGF;Früheres Bundesgebiet / Neue Länder;DF;Früheres Bundesgebiet;WZ08C7;WZ2008 (ausgewählte Positionen): Tarifindex;WZ08-47;Einzelhandel (ohne Handel mit Kraftfahrzeugen);93,1;2020=100;VST066;Index d.tarifl. Monatsverdienste ohne Sonderzahl.
62221;Vj. Index der Tarifverdienste und Arbeitszeiten;JAHR;Jahr;2017;DINSGF;Früheres Bundesgebiet / Neue Länder;DF;Früheres Bundesgebiet;WZ08C7;WZ2008 (ausgewählte Positionen): Tarifindex;WZ08-47;Einzelhandel (ohne Handel mit Kraftfahrzeugen);100,0;2020=100;VST018;Index der tariflichen Wochenarbeitszeit
62221;Vj. Index der Tarifverdienste und Arbeitszeiten;JAHR;Jahr;2017;DINSGF;Früheres Bundesgebiet / Neue Länder;DF;Früheres Bundesgebiet;WZ08C7;WZ2008 (ausgewählte Positionen): Tarifindex;WZ08-47;Einzelhandel (ohne Handel mit Kraftfahrzeugen);93,0;2020=100;VST065;Index d.tarifl. Stundenverdienste ohne Sonderzahl.
62221;Vj. Index der Tarifverdienste und Arbeitszeiten;JAHR;Jahr;2016;DINSGF;Früheres Bundesgebiet / Neue Länder;DN;Neue Länder;WZ08C7;WZ2008 (ausgewählte Positionen): Tarifindex;WZ08-H;Verkehr und Lagerei;88,7;2020=100;VST072;Index d.tarifl. Stundenverdienste mit Sonderzahl.
62221;Vj. Index der Tarifverdienste und Arbeitszeiten;JAHR;Jahr;2016;DINSGF;Früheres Bundesgebiet / Neue Länder;DN;Neue Länder;WZ08C7;WZ2008 (ausgewählte Positionen): Tarifindex;WZ08-H;Verkehr und Lagerei;89,1;2020=100;VST073;Index d.tarifl. Monatsverdienste mit Sonderzahl.
62221;Vj. Index der Tarifverdienste und Arbeitszeiten;JAHR;Jahr;2016;DINSGF;Früheres Bundesgebiet / Neue Länder;DN;Neue Länder;WZ08C7;WZ2008 (ausgewählte Positionen): Tarifindex;WZ08-H;Verkehr und Lagerei;39,3;h;VST019;Durchschnittliche tarifliche Wochenarbeitszeit
62221;Vj. Index der Tarifverdienste und Arbeitszeiten;JAHR;Jahr;2016;DINSGF;Früheres Bundesgebiet / Neue Länder;DN;Neue Länder;WZ08C7;WZ2008 (ausgewählte Positionen): Tarifindex;WZ08-H;Verkehr und Lagerei;89,8;2020=100;VST066;Index d.tarifl. Monatsverdienste ohne Sonderzahl.
62221;Vj. Index der Tarifverdienste und Arbeitszeiten;JAHR;Jahr;2016;DINSGF;Früheres Bundesgebiet / Neue Länder;DN;Neue Länder;WZ08C7;WZ2008 (ausgewählte Positionen): Tarifindex;WZ08-H;Verkehr und Lagerei;100,6;2020=100;VST018;Index der tariflichen Wochenarbeitszeit
62221;Vj. Index der Tarifverdienste und Arbeitszeiten;JAHR;Jahr;2016;DINSGF;Früheres Bundesgebiet / Neue Länder;DN;Neue Länder;WZ08C7;WZ2008 (ausgewählte Positionen): Tarifindex;WZ08-H;Verkehr und Lagerei;89,4;2020=100;VST065;Index d.tarifl. Stundenverdienste ohne Sonderzahl.
62221;Vj. Index der Tarifverdienste und Arbeitszeiten;JAHR;Jahr;2022;DINSGF;Früheres Bundesgebiet / Neue Länder;DN;Neue Länder;WZ08C7;WZ2008 (ausgewählte Positionen): Tarifindex;WZ08-J;Information und Kommunikation;102,9;2020=100;VST072;Index d.tarifl. Stundenverdienste mit Sonderzahl.
62221;Vj. Index der Tarifverdienste und Arbeitszeiten;JAHR;Jahr;2022;DINSGF;Früheres Bundesgebiet / Neue Länder;DN;Neue Länder;WZ08C7;WZ2008 (ausgewählte Positionen): Tarifindex;WZ08-J;Information und Kommunikation;102,9;2020=100;VST073;Index d.tarifl. Monatsverdienste mit Sonderzahl.
62221;Vj. Index der Tarifverdienste und Arbeitszeiten;JAHR;Jahr;2022;DINSGF;Früheres Bundesgebiet / Neue Länder;DN;Neue Länder;WZ08C7;WZ2008 (ausgewählte Positionen): Tarifindex;WZ08-J;Information und Kommunikation;37,7;h;VST019;Durchschnittliche tarifliche Wochenarbeitszeit
62221;Vj. Index der Tarifverdienste und Arbeitszeiten;JAHR;Jahr;2022;DINSGF;Früheres Bundesgebiet / Neue Länder;DN;Neue Länder;WZ08C7;WZ2008 (ausgewählte Positionen): Tarifindex;WZ08-J;Information und Kommunikation;102,8;2020=100;VST066;Index d.tarifl. Monatsverdienste ohne Sonderzahl.
62221;Vj. Index der Tarifverdienste und Arbeitszeiten;JAHR;Jahr;2022;DINSGF;Früheres Bundesgebiet / Neue Länder;DN;Neue Länder;WZ08C7;WZ2008 (ausgewählte Positionen): Tarifindex;WZ08-J;Information und Kommunikation;100,0;2020=100;VST018;Index der tariflichen Wochenarbeitszeit
62221;Vj. Index der Tarifverdienste und Arbeitszeiten;JAHR;Jahr;2022;DINSGF;Früheres Bundesgebiet / Neue Länder;DN;Neue Länder;WZ08C7;WZ2008 (ausgewählte Positionen): Tarifindex;WZ08-J;Information und Kommunikation;102,8;2020=100;VST065;Index d.tarifl. Stundenverdienste ohne Sonderzahl.
62221;Vj. Index der Tarifverdienste und Arbeitszeiten;JAHR;Jahr;2024;DINSGF;Früheres Bundesgebiet / Neue Länder;DF;Früheres Bundesgebiet;WZ08C7;WZ2008 (ausgewählte Positionen): Tarifindex;WZ08-61;Telekommunikation;111,0;2020=100;VST072;Index d.tarifl. Stundenverdienste mit Sonderzahl.
62221;Vj. Index der Tarifverdienste und Arbeitszeiten;JAHR;Jahr;2024;DINSGF;Früheres Bundesgebiet / Neue Länder;DF;Früheres Bundesgebiet;WZ08C7;WZ2008 (ausgewählte Positionen): Tarifindex;WZ08-61;Telekommunikation;111,0;2020=100;VST073;Index d.tarifl. Monatsverdienste mit Sonderzahl.
62221;Vj. Index der Tarifverdienste und Arbeitszeiten;JAHR;Jahr;2024;DINSGF;Früheres Bundesgebiet / Neue Länder;DF;Früheres Bundesgebiet;WZ08C7;WZ2008 (ausgewählte Positionen): Tarifindex;WZ08-61;Telekommunikation;37,4;h;VST019;Durchschnittliche tarifliche Wochenarbeitszeit
62221;Vj. Index der Tarifverdienste und Arbeitszeiten;JAHR;Jahr;2024;DINSGF;Früheres Bundesgebiet / Neue Länder;DF;Früheres Bundesgebiet;WZ08C7;WZ2008 (ausgewählte Positionen): Tarifindex;WZ08-61;Telekommunikation;109,0;2020=100;VST066;Index d.tarifl. Monatsverdienste ohne Sonderzahl.
62221;Vj. Index der Tarifverdienste und Arbeitszeiten;JAHR;Jahr;2024;DINSGF;Früheres Bundesgebiet / Neue Länder;DF;Früheres Bundesgebiet;WZ08C7;WZ2008 (ausgewählte Positionen): Tarifindex;WZ08-61;Telekommunikation;100,0;2020=100;VST018;Index der tariflichen Wochenarbeitszeit
62221;Vj. Index der Tarifverdienste und Arbeitszeiten;JAHR;Jahr;2024;DINSGF;Früheres Bundesgebiet / Neue Länder;DF;Früheres Bundesgebiet;WZ08C7;WZ2008 (ausgewählte Positionen): Tarifindex;WZ08-61;Telekommunikation;109,0;2020=100;VST065;Index d.tarifl. Stundenverdienste ohne Sonderzahl.
62221;Vj. Index der Tarifverdienste und Arbeitszeiten;JAHR;Jahr;2019;DINSGF;Früheres Bundesgebiet / Neue Länder;DF;Früheres Bundesgebiet;WZ08C7;WZ2008 (ausgewählte Positionen): Tarifindex;WZ08-O-01;Öffentliche und persönliche Dienstleistungen;97,3;2020=100;VST072;Index d.tarifl. Stundenverdienste mit Sonderzahl.
62221;Vj. Index der Tarifverdienste und Arbeitszeiten;JAHR;Jahr;2019;DINSGF;Früheres Bundesgebiet / Neue Länder;DF;Früheres Bundesgebiet;WZ08C7;WZ2008 (ausgewählte Positionen): Tarifindex;WZ08-O-01;Öffentliche und persönliche Dienstleistungen;97,3;2020=100;VST073;Index d.tarifl. Monatsverdienste mit Sonderzahl.
62221;Vj. Index der Tarifverdienste und Arbeitszeiten;JAHR;Jahr;2019;DINSGF;Früheres Bundesgebiet / Neue Länder;DF;Früheres Bundesgebiet;WZ08C7;WZ2008 (ausgewählte Positionen): Tarifindex;WZ08-O-01;Öffentliche und persönliche Dienstleistungen;39,7;h;VST019;Durchschnittliche tarifliche Wochenarbeitszeit
62221;Vj. Index der Tarifverdienste und Arbeitszeiten;JAHR;Jahr;2019;DINSGF;Früheres Bundesgebiet / Neue Länder;DF;Früheres Bundesgebiet;WZ08C7;WZ2008 (ausgewählte Positionen): Tarifindex;WZ08-O-01;Öffentliche und persönliche Dienstleistungen;97,0;2020=100;VST066;Index d.tarifl. Monatsverdienste ohne Sonderzahl.
62221;Vj. Index der Tarifverdienste und Arbeitszeiten;JAHR;Jahr;2019;DINSGF;Früheres Bundesgebiet / Neue Länder;DF;Früheres Bundesgebiet;WZ08C7;WZ2008 (ausgewählte Positionen): Tarifindex;WZ08-O-01;Öffentliche und persönliche Dienstleistungen;100,0;2020=100;VST018;Index der tariflichen Wochenarbeitszeit
62221;Vj. Index der Tarifverdienste und Arbeitszeiten;JAHR;Jahr;2019;DINSGF;Früheres Bundesgebiet / Neue Länder;DF;Früheres Bundesgebiet;WZ08C7;WZ2008 (ausgewählte Positionen): Tarifindex;WZ08-O-01;Öffentliche und persönliche Dienstleistungen;97,0;2020=100;VST065;Index d.tarifl. Stundenverdienste ohne Sonderzahl.
62221;Vj. Index der Tarifverdienste und Arbeitszeiten;JAHR;Jahr;2017;DINSGF;Früheres Bundesgebiet / Neue Länder;DF;Früheres Bundesgebiet;WZ08C7;WZ2008 (ausgewählte Positionen): Tarifindex;WZ08-50;Schifffahrt;96,1;2020=100;VST072;Index d.tarifl. Stundenverdienste mit Sonderzahl.
62221;Vj. Index der Tarifverdienste und Arbeitszeiten;JAHR;Jahr;2017;DINSGF;Früheres Bundesgebiet / Neue Länder;DF;Früheres Bundesgebiet;WZ08C7;WZ2008 (ausgewählte Positionen): Tarifindex;WZ08-50;Schifffahrt;96,1;2020=100;VST073;Index d.tarifl. Monatsverdienste mit Sonderzahl.
62221;Vj. Index der Tarifverdienste und Arbeitszeiten;JAHR;Jahr;2017;DINSGF;Früheres Bundesgebiet / Neue Länder;DF;Früheres Bundesgebiet;WZ08C7;WZ2008 (ausgewählte Positionen): Tarifindex;WZ08-50;Schifffahrt;38,9;h;VST019;Durchschnittliche tarifliche Wochenarbeitszeit
62221;Vj. Index der Tarifverdienste und Arbeitszeiten;JAHR;Jahr;2017;DINSGF;Früheres Bundesgebiet / Neue Länder;DF;Früheres Bundesgebiet;WZ08C7;WZ2008 (ausgewählte Positionen): Tarifindex;WZ08-50;Schifffahrt;96,1;2020=100;VST066;Index d.tarifl. Monatsverdienste ohne Sonderzahl.
62221;Vj. Index der Tarifverdienste und Arbeitszeiten;JAHR;Jahr;2017;DINSGF;Früheres Bundesgebiet / Neue Länder;DF;Früheres Bundesgebiet;WZ08C7;WZ2008 (ausgewählte Positionen): Tarifindex;WZ08-50;Schifffahrt;100,0;2020=100;VST018;Index der tariflichen Wochenarbeitszeit
62221;Vj. Index der Tarifverdienste und Arbeitszeiten;JAHR;Jahr;2017;DINSGF;Früheres Bundesgebiet / Neue Länder;DF;Früheres Bundesgebiet;WZ08C7;WZ2008 (ausgewählte Positionen): Tarifindex;WZ08-50;Schifffahrt;96,1;2020=100;VST065;Index d.tarifl. Stundenverdienste ohne Sonderzahl.
62221;Vj. Index der Tarifverdienste und Arbeitszeiten;JAHR;Jahr;2017;DINSGF;Früheres Bundesgebiet / Neue Länder;DN;Neue Länder;WZ08C7;WZ2008 (ausgewählte Positionen): Tarifindex;WZ08-493;Sonstige Personenbeförderung im Landverkehr;90,9;2020=100;VST072;Index d.tarifl. Stundenverdienste mit Sonderzahl.
62221;Vj. Index der Tarifverdienste und Arbeitszeiten;JAHR;Jahr;2017;DINSGF;Früheres Bundesgebiet / Neue Länder;DN;Neue Länder;WZ08C7;WZ2008 (ausgewählte Positionen): Tarifindex;WZ08-493;Sonstige Personenbeförderung im Landverkehr;91,9;2020=100;VST073;Index d.tarifl. Monatsverdienste mit Sonderzahl.
62221;Vj. Index der Tarifverdienste und Arbeitszeiten;JAHR;Jahr;2017;DINSGF;Früheres Bundesgebiet / Neue Länder;DN;Neue Länder;WZ08C7;WZ2008 (ausgewählte Positionen): Tarifindex;WZ08-493;Sonstige Personenbeförderung im Landverkehr;39,6;h;VST019;Durchschnittliche tarifliche Wochenarbeitszeit
62221;Vj. Index der Tarifverdienste und Arbeitszeiten;JAHR;Jahr;2017;DINSGF;Früheres Bundesgebiet / Neue Länder;DN;Neue Länder;WZ08C7;WZ2008 (ausgewählte Positionen): Tarifindex;WZ08-493;Sonstige Personenbeförderung im Landverkehr;92,4;2020=100;VST066;Index d.tarifl. Monatsverdienste ohne Sonderzahl.
62221;Vj. Index der Tarifverdienste und Arbeitszeiten;JAHR;Jahr;2017;DINSGF;Früheres Bundesgebiet / Neue Länder;DN;Neue Länder;WZ08C7;WZ2008 (ausgewählte Positionen): Tarifindex;WZ08-493;Sonstige Personenbeförderung im Landverkehr;101,1;2020=100;VST018;Index der tariflichen Wochenarbeitszeit
62221;Vj. Index der Tarifverdienste und Arbeitszeiten;JAHR;Jahr;2017;DINSGF;Früheres Bundesgebiet / Neue Länder;DN;Neue Länder;WZ08C7;WZ2008 (ausgewählte Positionen): Tarifindex;WZ08-493;Sonstige Personenbeförderung im Landverkehr;91,4;2020=100;VST065;Index d.tarifl. Stundenverdienste ohne Sonderzahl.
62221;Vj. Index der Tarifverdienste und Arbeitszeiten;JAHR;Jahr;2020;DINSGF;Früheres Bundesgebiet / Neue Länder;DF;Früheres Bundesgebiet;WZ08C7;WZ2008 (ausgewählte Positionen): Tarifindex;WZ08-O;Öff. Verwaltung, Verteidigung, Sozialversicherung;100,0;2020=100;VST072;Index d.tarifl. Stundenverdienste mit Sonderzahl.
62221;Vj. Index der Tarifverdienste und Arbeitszeiten;JAHR;Jahr;2020;DINSGF;Früheres Bundesgebiet / Neue Länder;DF;Früheres Bundesgebiet;WZ08C7;WZ2008 (ausgewählte Positionen): Tarifindex;WZ08-O;Öff. Verwaltung, Verteidigung, Sozialversicherung;100,0;2020=100;VST073;Index d.tarifl. Monatsverdienste mit Sonderzahl.
62221;Vj. Index der Tarifverdienste und Arbeitszeiten;JAHR;Jahr;2020;DINSGF;Früheres Bundesgebiet / Neue Länder;DF;Früheres Bundesgebiet;WZ08C7;WZ2008 (ausgewählte Positionen): Tarifindex;WZ08-O;Öff. Verwaltung, Verteidigung, Sozialversicherung;40,1;h;VST019;Durchschnittliche tarifliche Wochenarbeitszeit
62221;Vj. Index der Tarifverdienste und Arbeitszeiten;JAHR;Jahr;2020;DINSGF;Früheres Bundesgebiet / Neue Länder;DF;Früheres Bundesgebiet;WZ08C7;WZ2008 (ausgewählte Positionen): Tarifindex;WZ08-O;Öff. Verwaltung, Verteidigung, Sozialversicherung;100,0;2020=100;VST066;Index d.tarifl. Monatsverdienste ohne Sonderzahl.
62221;Vj. Index der Tarifverdienste und Arbeitszeiten;JAHR;Jahr;2020;DINSGF;Früheres Bundesgebiet / Neue Länder;DF;Früheres Bundesgebiet;WZ08C7;WZ2008 (ausgewählte Positionen): Tarifindex;WZ08-O;Öff. Verwaltung, Verteidigung, Sozialversicherung;100,0;2020=100;VST018;Index der tariflichen Wochenarbeitszeit
62221;Vj. Index der Tarifverdienste und Arbeitszeiten;JAHR;Jahr;2020;DINSGF;Früheres Bundesgebiet / Neue Länder;DF;Früheres Bundesgebiet;WZ08C7;WZ2008 (ausgewählte Positionen): Tarifindex;WZ08-O;Öff. Verwaltung, Verteidigung, Sozialversicherung;100,0;2020=100;VST065;Index d.tarifl. Stundenverdienste ohne Sonderzahl.
62221;Vj. Index der Tarifverdienste und Arbeitszeiten;JAHR;Jahr;2025;DINSGF;Früheres Bundesgebiet / Neue Länder;DF;Früheres Bundesgebiet;WZ08C7;WZ2008 (ausgewählte Positionen): Tarifindex;WZ08-11;Getränkeherstellung;117,8;2020=100;VST072;Index d.tarifl. Stundenverdienste mit Sonderzahl.
62221;Vj. Index der Tarifverdienste und Arbeitszeiten;JAHR;Jahr;2025;DINSGF;Früheres Bundesgebiet / Neue Länder;DF;Früheres Bundesgebiet;WZ08C7;WZ2008 (ausgewählte Positionen): Tarifindex;WZ08-11;Getränkeherstellung;117,8;2020=100;VST073;Index d.tarifl. Monatsverdienste mit Sonderzahl.
62221;Vj. Index der Tarifverdienste und Arbeitszeiten;JAHR;Jahr;2025;DINSGF;Früheres Bundesgebiet / Neue Länder;DF;Früheres Bundesgebiet;WZ08C7;WZ2008 (ausgewählte Positionen): Tarifindex;WZ08-11;Getränkeherstellung;38,1;h;VST019;Durchschnittliche tarifliche Wochenarbeitszeit
62221;Vj. Index der Tarifverdienste und Arbeitszeiten;JAHR;Jahr;2025;DINSGF;Früheres Bundesgebiet / Neue Länder;DF;Früheres Bundesgebiet;WZ08C7;WZ2008 (ausgewählte Positionen): Tarifindex;WZ08-11;Getränkeherstellung;117,7;2020=100;VST066;Index d.tarifl. Monatsverdienste ohne Sonderzahl.
62221;Vj. Index der Tarifverdienste und Arbeitszeiten;JAHR;Jahr;2025;DINSGF;Früheres Bundesgebiet / Neue Länder;DF;Früheres Bundesgebiet;WZ08C7;WZ2008 (ausgewählte Positionen): Tarifindex;WZ08-11;Getränkeherstellung;100,0;2020=100;VST018;Index der tariflichen Wochenarbeitszeit
62221;Vj. Index der Tarifverdienste und Arbeitszeiten;JAHR;Jahr;2025;DINSGF;Früheres Bundesgebiet / Neue Länder;DF;Früheres Bundesgebiet;WZ08C7;WZ2008 (ausgewählte Positionen): Tarifindex;WZ08-11;Getränkeherstellung;117,7;2020=100;VST065;Index d.tarifl. Stundenverdienste ohne Sonderzahl.
62221;Vj. Index der Tarifverdienste und Arbeitszeiten;JAHR;Jahr;2025;DINSGF;Früheres Bundesgebiet / Neue Länder;DF;Früheres Bundesgebiet;WZ08C7;WZ2008 (ausgewählte Positionen): Tarifindex;WZ08-79;Reisebüros, -veranstalter u. sonst. Reservierungen;105,1;2020=100;VST072;Index d.tarifl. Stundenverdienste mit Sonderzahl.
62221;Vj. Index der Tarifverdienste und Arbeitszeiten;JAHR;Jahr;2025;DINSGF;Früheres Bundesgebiet / Neue Länder;DF;Früheres Bundesgebiet;WZ08C7;WZ2008 (ausgewählte Positionen): Tarifindex;WZ08-79;Reisebüros, -veranstalter u. sonst. Reservierungen;104,7;2020=100;VST073;Index d.tarifl. Monatsverdienste mit Sonderzahl.
62221;Vj. Index der Tarifverdienste und Arbeitszeiten;JAHR;Jahr;2025;DINSGF;Früheres Bundesgebiet / Neue Länder;DF;Früheres Bundesgebiet;WZ08C7;WZ2008 (ausgewählte Positionen): Tarifindex;WZ08-79;Reisebüros, -veranstalter u. sonst. Reservierungen;38,6;h;VST019;Durchschnittliche tarifliche Wochenarbeitszeit
62221;Vj. Index der Tarifverdienste und Arbeitszeiten;JAHR;Jahr;2025;DINSGF;Früheres Bundesgebiet / Neue Länder;DF;Früheres Bundesgebiet;WZ08C7;WZ2008 (ausgewählte Positionen): Tarifindex;WZ08-79;Reisebüros, -veranstalter u. sonst. Reservierungen;104,5;2020=100;VST066;Index d.tarifl. Monatsverdienste ohne Sonderzahl.
62221;Vj. Index der Tarifverdienste und Arbeitszeiten;JAHR;Jahr;2025;DINSGF;Früheres Bundesgebiet / Neue Länder;DF;Früheres Bundesgebiet;WZ08C7;WZ2008 (ausgewählte Positionen): Tarifindex;WZ08-79;Reisebüros, -veranstalter u. sonst. Reservierungen;99,8;2020=100;VST018;Index der tariflichen Wochenarbeitszeit
62221;Vj. Index der Tarifverdienste und Arbeitszeiten;JAHR;Jahr;2025;DINSGF;Früheres Bundesgebiet / Neue Länder;DF;Früheres Bundesgebiet;WZ08C7;WZ2008 (ausgewählte Positionen): Tarifindex;WZ08-79;Reisebüros, -veranstalter u. sonst. Reservierungen;104,9;2020=100;VST065;Index d.tarifl. Stundenverdienste ohne Sonderzahl.
62221;Vj. Index der Tarifverdienste und Arbeitszeiten;JAHR;Jahr;2016;DINSGF;Früheres Bundesgebiet / Neue Länder;DN;Neue Länder;WZ08C7;WZ2008 (ausgewählte Positionen): Tarifindex;WZ08-24-01;Metallgewerbe;90,5;2020=100;VST072;Index d.tarifl. Stundenverdienste mit Sonderzahl.
62221;Vj. Index der Tarifverdienste und Arbeitszeiten;JAHR;Jahr;2016;DINSGF;Früheres Bundesgebiet / Neue Länder;DN;Neue Länder;WZ08C7;WZ2008 (ausgewählte Positionen): Tarifindex;WZ08-24-01;Metallgewerbe;90,5;2020=100;VST073;Index d.tarifl. Monatsverdienste mit Sonderzahl.
62221;Vj. Index der Tarifverdienste und Arbeitszeiten;JAHR;Jahr;2016;DINSGF;Früheres Bundesgebiet / Neue Länder;DN;Neue Länder;WZ08C7;WZ2008 (ausgewählte Positionen): Tarifindex;WZ08-24-01;Metallgewerbe;36,5;h;VST019;Durchschnittliche tarifliche Wochenarbeitszeit
62221;Vj. Index der Tarifverdienste und Arbeitszeiten;JAHR;Jahr;2016;DINSGF;Früheres Bundesgebiet / Neue Länder;DN;Neue Länder;WZ08C7;WZ2008 (ausgewählte Positionen): Tarifindex;WZ08-24-01;Metallgewerbe;92,8;2020=100;VST066;Index d.tarifl. Monatsverdienste ohne Sonderzahl.
62221;Vj. Index der Tarifverdienste und Arbeitszeiten;JAHR;Jahr;2016;DINSGF;Früheres Bundesgebiet / Neue Länder;DN;Neue Länder;WZ08C7;WZ2008 (ausgewählte Positionen): Tarifindex;WZ08-24-01;Metallgewerbe;100,0;2020=100;VST018;Index der tariflichen Wochenarbeitszeit
62221;Vj. Index der Tarifverdienste und Arbeitszeiten;JAHR;Jahr;2016;DINSGF;Früheres Bundesgebiet / Neue Länder;DN;Neue Länder;WZ08C7;WZ2008 (ausgewählte Positionen): Tarifindex;WZ08-24-01;Metallgewerbe;92,8;2020=100;VST065;Index d.tarifl. Stundenverdienste ohne Sonderzahl.
62221;Vj. Index der Tarifverdienste und Arbeitszeiten;JAHR;Jahr;2024;DINSGF;Früheres Bundesgebiet / Neue Länder;DF;Früheres Bundesgebiet;WZ08C7;WZ2008 (ausgewählte Positionen): Tarifindex;WZ08-08-01;Gewinnung v. Steinen u. Erden, sonst. Bergbau, DL;112,8;2020=100;VST072;Index d.tarifl. Stundenverdienste mit Sonderzahl.
62221;Vj. Index der Tarifverdienste und Arbeitszeiten;JAHR;Jahr;2024;DINSGF;Früheres Bundesgebiet / Neue Länder;DF;Früheres Bundesgebiet;WZ08C7;WZ2008 (ausgewählte Positionen): Tarifindex;WZ08-08-01;Gewinnung v. Steinen u. Erden, sonst. Bergbau, DL;112,8;2020=100;VST073;Index d.tarifl. Monatsverdienste mit Sonderzahl.
62221;Vj. Index der Tarifverdienste und Arbeitszeiten;JAHR;Jahr;2024;DINSGF;Früheres Bundesgebiet / Neue Länder;DF;Früheres Bundesgebiet;WZ08C7;WZ2008 (ausgewählte Positionen): Tarifindex;WZ08-08-01;Gewinnung v. Steinen u. Erden, sonst. Bergbau, DL;38,0;h;VST019;Durchschnittliche tarifliche Wochenarbeitszeit
62221;Vj. Index der Tarifverdienste und Arbeitszeiten;JAHR;Jahr;2024;DINSGF;Früheres Bundesgebiet / Neue Länder;DF;Früheres Bundesgebiet;WZ08C7;WZ2008 (ausgewählte Positionen): Tarifindex;WZ08-08-01;Gewinnung v. Steinen u. Erden, sonst. Bergbau, DL;111,7;2020=100;VST066;Index d.tarifl. Monatsverdienste ohne Sonderzahl.
62221;Vj. Index der Tarifverdienste und Arbeitszeiten;JAHR;Jahr;2024;DINSGF;Früheres Bundesgebiet / Neue Länder;DF;Früheres Bundesgebiet;WZ08C7;WZ2008 (ausgewählte Positionen): Tarifindex;WZ08-08-01;Gewinnung v. Steinen u. Erden, sonst. Bergbau, DL;100,0;2020=100;VST018;Index der tariflichen Wochenarbeitszeit
62221;Vj. Index der Tarifverdienste und Arbeitszeiten;JAHR;Jahr;2024;DINSGF;Früheres Bundesgebiet / Neue Länder;DF;Früheres Bundesgebiet;WZ08C7;WZ2008 (ausgewählte Positionen): Tarifindex;WZ08-08-01;Gewinnung v. Steinen u. Erden, sonst. Bergbau, DL;111,7;2020=100;VST065;Index d.tarifl. Stundenverdienste ohne Sonderzahl.
62221;Vj. Index der Tarifverdienste und Arbeitszeiten;JAHR;Jahr;2024;DINSGF;Früheres Bundesgebiet / Neue Länder;DF;Früheres Bundesgebiet;WZ08C7;WZ2008 (ausgewählte Positionen): Tarifindex;WZ08-A;Land- und Forstwirtschaft, Fischerei;114,6;2020=100;VST072;Index d.tarifl. Stundenverdienste mit Sonderzahl.
62221;Vj. Index der Tarifverdienste und Arbeitszeiten;JAHR;Jahr;2024;DINSGF;Früheres Bundesgebiet / Neue Länder;DF;Früheres Bundesgebiet;WZ08C7;WZ2008 (ausgewählte Positionen): Tarifindex;WZ08-A;Land- und Forstwirtschaft, Fischerei;114,6;2020=100;VST073;Index d.tarifl. Monatsverdienste mit Sonderzahl.
62221;Vj. Index der Tarifverdienste und Arbeitszeiten;JAHR;Jahr;2024;DINSGF;Früheres Bundesgebiet / Neue Länder;DF;Früheres Bundesgebiet;WZ08C7;WZ2008 (ausgewählte Positionen): Tarifindex;WZ08-A;Land- und Forstwirtschaft, Fischerei;39,8;h;VST019;Durchschnittliche tarifliche Wochenarbeitszeit
62221;Vj. Index der Tarifverdienste und Arbeitszeiten;JAHR;Jahr;2024;DINSGF;Früheres Bundesgebiet / Neue Länder;DF;Früheres Bundesgebiet;WZ08C7;WZ2008 (ausgewählte Positionen): Tarifindex;WZ08-A;Land- und Forstwirtschaft, Fischerei;112,1;2020=100;VST066;Index d.tarifl. Monatsverdienste ohne Sonderzahl.
62221;Vj. Index der Tarifverdienste und Arbeitszeiten;JAHR;Jahr;2024;DINSGF;Früheres Bundesgebiet / Neue Länder;DF;Früheres Bundesgebiet;WZ08C7;WZ2008 (ausgewählte Positionen): Tarifindex;WZ08-A;Land- und Forstwirtschaft, Fischerei;100,0;2020=100;VST018;Index der tariflichen Wochenarbeitszeit
62221;Vj. Index der Tarifverdienste und Arbeitszeiten;JAHR;Jahr;2024;DINSGF;Früheres Bundesgebiet / Neue Länder;DF;Früheres Bundesgebiet;WZ08C7;WZ2008 (ausgewählte Positionen): Tarifindex;WZ08-A;Land- und Forstwirtschaft, Fischerei;112,1;2020=100;VST065;Index d.tarifl. Stundenverdienste ohne Sonderzahl.
62221;Vj. Index der Tarifverdienste und Arbeitszeiten;JAHR;Jahr;2021;DINSGF;Früheres Bundesgebiet / Neue Länder;DN;Neue Länder;WZ08C7;WZ2008 (ausgewählte Positionen): Tarifindex;WZ08-33;Reparatur u.Installation von Masch.u.Ausrüstungen;102,0;2020=100;VST072;Index d.tarifl. Stundenverdienste mit Sonderzahl.
62221;Vj. Index der Tarifverdienste und Arbeitszeiten;JAHR;Jahr;2021;DINSGF;Früheres Bundesgebiet / Neue Länder;DN;Neue Länder;WZ08C7;WZ2008 (ausgewählte Positionen): Tarifindex;WZ08-33;Reparatur u.Installation von Masch.u.Ausrüstungen;102,0;2020=100;VST073;Index d.tarifl. Monatsverdienste mit Sonderzahl.
62221;Vj. Index der Tarifverdienste und Arbeitszeiten;JAHR;Jahr;2021;DINSGF;Früheres Bundesgebiet / Neue Länder;DN;Neue Länder;WZ08C7;WZ2008 (ausgewählte Positionen): Tarifindex;WZ08-33;Reparatur u.Installation von Masch.u.Ausrüstungen;38,1;h;VST019;Durchschnittliche tarifliche Wochenarbeitszeit
62221;Vj. Index der Tarifverdienste und Arbeitszeiten;JAHR;Jahr;2021;DINSGF;Früheres Bundesgebiet / Neue Länder;DN;Neue Länder;WZ08C7;WZ2008 (ausgewählte Positionen): Tarifindex;WZ08-33;Reparatur u.Installation von Masch.u.Ausrüstungen;101,2;2020=100;VST066;Index d.tarifl. Monatsverdienste ohne Sonderzahl.
62221;Vj. Index der Tarifverdienste und Arbeitszeiten;JAHR;Jahr;2021;DINSGF;Früheres Bundesgebiet / Neue Länder;DN;Neue Länder;WZ08C7;WZ2008 (ausgewählte Positionen): Tarifindex;WZ08-33;Reparatur u.Installation von Masch.u.Ausrüstungen;100,0;2020=100;VST018;Index der tariflichen Wochenarbeitszeit
62221;Vj. Index der Tarifverdienste und Arbeitszeiten;JAHR;Jahr;2021;DINSGF;Früheres Bundesgebiet / Neue Länder;DN;Neue Länder;WZ08C7;WZ2008 (ausgewählte Positionen): Tarifindex;WZ08-33;Reparatur u.Installation von Masch.u.Ausrüstungen;101,2;2020=100;VST065;Index d.tarifl. Stundenverdienste ohne Sonderzahl.
62221;Vj. Index der Tarifverdienste und Arbeitszeiten;JAHR;Jahr;2018;DINSGF;Früheres Bundesgebiet / Neue Länder;DF;Früheres Bundesgebiet;WZ08C7;WZ2008 (ausgewählte Positionen): Tarifindex;WZ08-68;Grundstücks- und Wohnungswesen;95,3;2020=100;VST072;Index d.tarifl. Stundenverdienste mit Sonderzahl.
62221;Vj. Index der Tarifverdienste und Arbeitszeiten;JAHR;Jahr;2018;DINSGF;Früheres Bundesgebiet / Neue Länder;DF;Früheres Bundesgebiet;WZ08C7;WZ2008 (ausgewählte Positionen): Tarifindex;WZ08-68;Grundstücks- und Wohnungswesen;95,3;2020=100;VST073;Index d.tarifl. Monatsverdienste mit Sonderzahl.
62221;Vj. Index der Tarifverdienste und Arbeitszeiten;JAHR;Jahr;2018;DINSGF;Früheres Bundesgebiet / Neue Länder;DF;Früheres Bundesgebiet;WZ08C7;WZ2008 (ausgewählte Positionen): Tarifindex;WZ08-68;Grundstücks- und Wohnungswesen;38,2;h;VST019;Durchschnittliche tarifliche Wochenarbeitszeit
62221;Vj. Index der Tarifverdienste und Arbeitszeiten;JAHR;Jahr;2018;DINSGF;Früheres Bundesgebiet / Neue Länder;DF;Früheres Bundesgebiet;WZ08C7;WZ2008 (ausgewählte Positionen): Tarifindex;WZ08-68;Grundstücks- und Wohnungswesen;95,6;2020=100;VST066;Index d.tarifl. Monatsverdienste ohne Sonderzahl.
62221;Vj. Index der Tarifverdienste und Arbeitszeiten;JAHR;Jahr;2018;DINSGF;Früheres Bundesgebiet / Neue Länder;DF;Früheres Bundesgebiet;WZ08C7;WZ2008 (ausgewählte Positionen): Tarifindex;WZ08-68;Grundstücks- und Wohnungswesen;100,0;2020=100;VST018;Index der tariflichen Wochenarbeitszeit
62221;Vj. Index der Tarifverdienste und Arbeitszeiten;JAHR;Jahr;2018;DINSGF;Früheres Bundesgebiet / Neue Länder;DF;Früheres Bundesgebiet;WZ08C7;WZ2008 (ausgewählte Positionen): Tarifindex;WZ08-68;Grundstücks- und Wohnungswesen;95,6;2020=100;VST065;Index d.tarifl. Stundenverdienste ohne Sonderzahl.
62221;Vj. Index der Tarifverdienste und Arbeitszeiten;JAHR;Jahr;2024;DINSGF;Früheres Bundesgebiet / Neue Länder;DF;Früheres Bundesgebiet;WZ08C7;WZ2008 (ausgewählte Positionen): Tarifindex;WZ08-58;Verlagswesen;108,1;2020=100;VST072;Index d.tarifl. Stundenverdienste mit Sonderzahl.
62221;Vj. Index der Tarifverdienste und Arbeitszeiten;JAHR;Jahr;2024;DINSGF;Früheres Bundesgebiet / Neue Länder;DF;Früheres Bundesgebiet;WZ08C7;WZ2008 (ausgewählte Positionen): Tarifindex;WZ08-58;Verlagswesen;108,1;2020=100;VST073;Index d.tarifl. Monatsverdienste mit Sonderzahl.
62221;Vj. Index der Tarifverdienste und Arbeitszeiten;JAHR;Jahr;2024;DINSGF;Früheres Bundesgebiet / Neue Länder;DF;Früheres Bundesgebiet;WZ08C7;WZ2008 (ausgewählte Positionen): Tarifindex;WZ08-58;Verlagswesen;36,2;h;VST019;Durchschnittliche tarifliche Wochenarbeitszeit
62221;Vj. Index der Tarifverdienste und Arbeitszeiten;JAHR;Jahr;2024;DINSGF;Früheres Bundesgebiet / Neue Länder;DF;Früheres Bundesgebiet;WZ08C7;WZ2008 (ausgewählte Positionen): Tarifindex;WZ08-58;Verlagswesen;106,4;2020=100;VST066;Index d.tarifl. Monatsverdienste ohne Sonderzahl.
62221;Vj. Index der Tarifverdienste und Arbeitszeiten;JAHR;Jahr;2024;DINSGF;Früheres Bundesgebiet / Neue Länder;DF;Früheres Bundesgebiet;WZ08C7;WZ2008 (ausgewählte Positionen): Tarifindex;WZ08-58;Verlagswesen;100,0;2020=100;VST018;Index der tariflichen Wochenarbeitszeit
62221;Vj. Index der Tarifverdienste und Arbeitszeiten;JAHR;Jahr;2024;DINSGF;Früheres Bundesgebiet / Neue Länder;DF;Früheres Bundesgebiet;WZ08C7;WZ2008 (ausgewählte Positionen): Tarifindex;WZ08-58;Verlagswesen;106,4;2020=100;VST065;Index d.tarifl. Stundenverdienste ohne Sonderzahl.
62221;Vj. Index der Tarifverdienste und Arbeitszeiten;JAHR;Jahr;2022;DINSGF;Früheres Bundesgebiet / Neue Länder;DF;Früheres Bundesgebiet;WZ08C7;WZ2008 (ausgewählte Positionen): Tarifindex;WZ08-49;Landverkehr und Transport in Rohrfernleitungen;103,3;2020=100;VST072;Index d.tarifl. Stundenverdienste mit Sonderzahl.
62221;Vj. Index der Tarifverdienste und Arbeitszeiten;JAHR;Jahr;2022;DINSGF;Früheres Bundesgebiet / Neue Länder;DF;Früheres Bundesgebiet;WZ08C7;WZ2008 (ausgewählte Positionen): Tarifindex;WZ08-49;Landverkehr und Transport in Rohrfernleitungen;103,3;2020=100;VST073;Index d.tarifl. Monatsverdienste mit Sonderzahl.
62221;Vj. Index der Tarifverdienste und Arbeitszeiten;JAHR;Jahr;2022;DINSGF;Früheres Bundesgebiet / Neue Länder;DF;Früheres Bundesgebiet;WZ08C7;WZ2008 (ausgewählte Positionen): Tarifindex;WZ08-49;Landverkehr und Transport in Rohrfernleitungen;39,1;h;VST019;Durchschnittliche tarifliche Wochenarbeitszeit
62221;Vj. Index der Tarifverdienste und Arbeitszeiten;JAHR;Jahr;2022;DINSGF;Früheres Bundesgebiet / Neue Länder;DF;Früheres Bundesgebiet;WZ08C7;WZ2008 (ausgewählte Positionen): Tarifindex;WZ08-49;Landverkehr und Transport in Rohrfernleitungen;103,6;2020=100;VST066;Index d.tarifl. Monatsverdienste ohne Sonderzahl.
62221;Vj. Index der Tarifverdienste und Arbeitszeiten;JAHR;Jahr;2022;DINSGF;Früheres Bundesgebiet / Neue Länder;DF;Früheres Bundesgebiet;WZ08C7;WZ2008 (ausgewählte Positionen): Tarifindex;WZ08-49;Landverkehr und Transport in Rohrfernleitungen;100,0;2020=100;VST018;Index der tariflichen Wochenarbeitszeit
62221;Vj. Index der Tarifverdienste und Arbeitszeiten;JAHR;Jahr;2022;DINSGF;Früheres Bundesgebiet / Neue Länder;DF;Früheres Bundesgebiet;WZ08C7;WZ2008 (ausgewählte Positionen): Tarifindex;WZ08-49;Landverkehr und Transport in Rohrfernleitungen;103,6;2020=100;VST065;Index d.tarifl. Stundenverdienste ohne Sonderzahl.
62221;Vj. Index der Tarifverdienste und Arbeitszeiten;JAHR;Jahr;2019;DINSGF;Früheres Bundesgebiet / Neue Länder;DN;Neue Länder;WZ08C7;WZ2008 (ausgewählte Positionen): Tarifindex;WZ08-94;Interessenvertr., kirchl. u. sonst. Vereinigungen;97,3;2020=100;VST072;Index d.tarifl. Stundenverdienste mit Sonderzahl.
62221;Vj. Index der Tarifverdienste und Arbeitszeiten;JAHR;Jahr;2019;DINSGF;Früheres Bundesgebiet / Neue Länder;DN;Neue Länder;WZ08C7;WZ2008 (ausgewählte Positionen): Tarifindex;WZ08-94;Interessenvertr., kirchl. u. sonst. Vereinigungen;97,3;2020=100;VST073;Index d.tarifl. Monatsverdienste mit Sonderzahl.
62221;Vj. Index der Tarifverdienste und Arbeitszeiten;JAHR;Jahr;2019;DINSGF;Früheres Bundesgebiet / Neue Länder;DN;Neue Länder;WZ08C7;WZ2008 (ausgewählte Positionen): Tarifindex;WZ08-94;Interessenvertr., kirchl. u. sonst. Vereinigungen;39,2;h;VST019;Durchschnittliche tarifliche Wochenarbeitszeit
62221;Vj. Index der Tarifverdienste und Arbeitszeiten;JAHR;Jahr;2019;DINSGF;Früheres Bundesgebiet / Neue Länder;DN;Neue Länder;WZ08C7;WZ2008 (ausgewählte Positionen): Tarifindex;WZ08-94;Interessenvertr., kirchl. u. sonst. Vereinigungen;97,0;2020=100;VST066;Index d.tarifl. Monatsverdienste ohne Sonderzahl.
62221;Vj. Index der Tarifverdienste und Arbeitszeiten;JAHR;Jahr;2019;DINSGF;Früheres Bundesgebiet / Neue Länder;DN;Neue Länder;WZ08C7;WZ2008 (ausgewählte Positionen): Tarifindex;WZ08-94;Interessenvertr., kirchl. u. sonst. Vereinigungen;100,1;2020=100;VST018;Index der tariflichen Wochenarbeitszeit
62221;Vj. Index der Tarifverdienste und Arbeitszeiten;JAHR;Jahr;2019;DINSGF;Früheres Bundesgebiet / Neue Länder;DN;Neue Länder;WZ08C7;WZ2008 (ausgewählte Positionen): Tarifindex;WZ08-94;Interessenvertr., kirchl. u. sonst. Vereinigungen;97,0;2020=100;VST065;Index d.tarifl. Stundenverdienste ohne Sonderzahl.
62221;Vj. Index der Tarifverdienste und Arbeitszeiten;JAHR;Jahr;2023;DINSGF;Früheres Bundesgebiet / Neue Länder;DN;Neue Länder;WZ08C7;WZ2008 (ausgewählte Positionen): Tarifindex;WZ08-O-01;Öffentliche und persönliche Dienstleistungen;106,5;2020=100;VST072;Index d.tarifl. Stundenverdienste mit Sonderzahl.
62221;Vj. Index der Tarifverdienste und Arbeitszeiten;JAHR;Jahr;2023;DINSGF;Früheres Bundesgebiet / Neue Länder;DN;Neue Länder;WZ08C7;WZ2008 (ausgewählte Positionen): Tarifindex;WZ08-O-01;Öffentliche und persönliche Dienstleistungen;106,4;2020=100;VST073;Index d.tarifl. Monatsverdienste mit Sonderzahl.
62221;Vj. Index der Tarifverdienste und Arbeitszeiten;JAHR;Jahr;2023;DINSGF;Früheres Bundesgebiet / Neue Länder;DN;Neue Länder;WZ08C7;WZ2008 (ausgewählte Positionen): Tarifindex;WZ08-O-01;Öffentliche und persönliche Dienstleistungen;39,6;h;VST019;Durchschnittliche tarifliche Wochenarbeitszeit
62221;Vj. Index der Tarifverdienste und Arbeitszeiten;JAHR;Jahr;2023;DINSGF;Früheres Bundesgebiet / Neue Länder;DN;Neue Länder;WZ08C7;WZ2008 (ausgewählte Positionen): Tarifindex;WZ08-O-01;Öffentliche und persönliche Dienstleistungen;104,9;2020=100;VST066;Index d.tarifl. Monatsverdienste ohne Sonderzahl.
62221;Vj. Index der Tarifverdienste und Arbeitszeiten;JAHR;Jahr;2023;DINSGF;Früheres Bundesgebiet / Neue Länder;DN;Neue Länder;WZ08C7;WZ2008 (ausgewählte Positionen): Tarifindex;WZ08-O-01;Öffentliche und persönliche Dienstleistungen;99,9;2020=100;VST018;Index der tariflichen Wochenarbeitszeit
62221;Vj. Index der Tarifverdienste und Arbeitszeiten;JAHR;Jahr;2023;DINSGF;Früheres Bundesgebiet / Neue Länder;DN;Neue Länder;WZ08C7;WZ2008 (ausgewählte Positionen): Tarifindex;WZ08-O-01;Öffentliche und persönliche Dienstleistungen;105,0;2020=100;VST065;Index d.tarifl. Stundenverdienste ohne Sonderzahl.
62221;Vj. Index der Tarifverdienste und Arbeitszeiten;JAHR;Jahr;2019;DINSGF;Früheres Bundesgebiet / Neue Länder;DN;Neue Länder;WZ08C7;WZ2008 (ausgewählte Positionen): Tarifindex;WZ08-26;H.v. DV-Geräten, elektron. u. opt. Erzeugnissen;100,1;2020=100;VST072;Index d.tarifl. Stundenverdienste mit Sonderzahl.
62221;Vj. Index der Tarifverdienste und Arbeitszeiten;JAHR;Jahr;2019;DINSGF;Früheres Bundesgebiet / Neue Länder;DN;Neue Länder;WZ08C7;WZ2008 (ausgewählte Positionen): Tarifindex;WZ08-26;H.v. DV-Geräten, elektron. u. opt. Erzeugnissen;100,1;2020=100;VST073;Index d.tarifl. Monatsverdienste mit Sonderzahl.
62221;Vj. Index der Tarifverdienste und Arbeitszeiten;JAHR;Jahr;2019;DINSGF;Früheres Bundesgebiet / Neue Länder;DN;Neue Länder;WZ08C7;WZ2008 (ausgewählte Positionen): Tarifindex;WZ08-26;H.v. DV-Geräten, elektron. u. opt. Erzeugnissen;37,3;h;VST019;Durchschnittliche tarifliche Wochenarbeitszeit
62221;Vj. Index der Tarifverdienste und Arbeitszeiten;JAHR;Jahr;2019;DINSGF;Früheres Bundesgebiet / Neue Länder;DN;Neue Länder;WZ08C7;WZ2008 (ausgewählte Positionen): Tarifindex;WZ08-26;H.v. DV-Geräten, elektron. u. opt. Erzeugnissen;100,0;2020=100;VST066;Index d.tarifl. Monatsverdienste ohne Sonderzahl.
62221;Vj. Index der Tarifverdienste und Arbeitszeiten;JAHR;Jahr;2019;DINSGF;Früheres Bundesgebiet / Neue Länder;DN;Neue Länder;WZ08C7;WZ2008 (ausgewählte Positionen): Tarifindex;WZ08-26;H.v. DV-Geräten, elektron. u. opt. Erzeugnissen;100,0;2020=100;VST018;Index der tariflichen Wochenarbeitszeit
62221;Vj. Index der Tarifverdienste und Arbeitszeiten;JAHR;Jahr;2019;DINSGF;Früheres Bundesgebiet / Neue Länder;DN;Neue Länder;WZ08C7;WZ2008 (ausgewählte Positionen): Tarifindex;WZ08-26;H.v. DV-Geräten, elektron. u. opt. Erzeugnissen;100,0;2020=100;VST065;Index d.tarifl. Stundenverdienste ohne Sonderzahl.
62221;Vj. Index der Tarifverdienste und Arbeitszeiten;JAHR;Jahr;2024;DINSGF;Früheres Bundesgebiet / Neue Länder;DF;Früheres Bundesgebiet;WZ08C7;WZ2008 (ausgewählte Positionen): Tarifindex;WZ-X001;Vorleistungsgüterproduzenten;112,9;2020=100;VST072;Index d.tarifl. Stundenverdienste mit Sonderzahl.
62221;Vj. Index der Tarifverdienste und Arbeitszeiten;JAHR;Jahr;2024;DINSGF;Früheres Bundesgebiet / Neue Länder;DF;Früheres Bundesgebiet;WZ08C7;WZ2008 (ausgewählte Positionen): Tarifindex;WZ-X001;Vorleistungsgüterproduzenten;112,8;2020=100;VST073;Index d.tarifl. Monatsverdienste mit Sonderzahl.
62221;Vj. Index der Tarifverdienste und Arbeitszeiten;JAHR;Jahr;2024;DINSGF;Früheres Bundesgebiet / Neue Länder;DF;Früheres Bundesgebiet;WZ08C7;WZ2008 (ausgewählte Positionen): Tarifindex;WZ-X001;Vorleistungsgüterproduzenten;36,7;h;VST019;Durchschnittliche tarifliche Wochenarbeitszeit
62221;Vj. Index der Tarifverdienste und Arbeitszeiten;JAHR;Jahr;2024;DINSGF;Früheres Bundesgebiet / Neue Länder;DF;Früheres Bundesgebiet;WZ08C7;WZ2008 (ausgewählte Positionen): Tarifindex;WZ-X001;Vorleistungsgüterproduzenten;109,5;2020=100;VST066;Index d.tarifl. Monatsverdienste ohne Sonderzahl.
62221;Vj. Index der Tarifverdienste und Arbeitszeiten;JAHR;Jahr;2024;DINSGF;Früheres Bundesgebiet / Neue Länder;DF;Früheres Bundesgebiet;WZ08C7;WZ2008 (ausgewählte Positionen): Tarifindex;WZ-X001;Vorleistungsgüterproduzenten;100,0;2020=100;VST018;Index der tariflichen Wochenarbeitszeit
62221;Vj. Index der Tarifverdienste und Arbeitszeiten;JAHR;Jahr;2024;DINSGF;Früheres Bundesgebiet / Neue Länder;DF;Früheres Bundesgebiet;WZ08C7;WZ2008 (ausgewählte Positionen): Tarifindex;WZ-X001;Vorleistungsgüterproduzenten;109,6;2020=100;VST065;Index d.tarifl. Stundenverdienste ohne Sonderzahl.
62221;Vj. Index der Tarifverdienste und Arbeitszeiten;JAHR;Jahr;2020;DINSGF;Früheres Bundesgebiet / Neue Länder;DF;Früheres Bundesgebiet;WZ08C7;WZ2008 (ausgewählte Positionen): Tarifindex;WZ08-60;Rundfunkveranstalter;100,0;2020=100;VST072;Index d.tarifl. Stundenverdienste mit Sonderzahl.
62221;Vj. Index der Tarifverdienste und Arbeitszeiten;JAHR;Jahr;2020;DINSGF;Früheres Bundesgebiet / Neue Länder;DF;Früheres Bundesgebiet;WZ08C7;WZ2008 (ausgewählte Positionen): Tarifindex;WZ08-60;Rundfunkveranstalter;100,0;2020=100;VST073;Index d.tarifl. Monatsverdienste mit Sonderzahl.
62221;Vj. Index der Tarifverdienste und Arbeitszeiten;JAHR;Jahr;2020;DINSGF;Früheres Bundesgebiet / Neue Länder;DF;Früheres Bundesgebiet;WZ08C7;WZ2008 (ausgewählte Positionen): Tarifindex;WZ08-60;Rundfunkveranstalter;38,6;h;VST019;Durchschnittliche tarifliche Wochenarbeitszeit
62221;Vj. Index der Tarifverdienste und Arbeitszeiten;JAHR;Jahr;2020;DINSGF;Früheres Bundesgebiet / Neue Länder;DF;Früheres Bundesgebiet;WZ08C7;WZ2008 (ausgewählte Positionen): Tarifindex;WZ08-60;Rundfunkveranstalter;100,0;2020=100;VST066;Index d.tarifl. Monatsverdienste ohne Sonderzahl.
62221;Vj. Index der Tarifverdienste und Arbeitszeiten;JAHR;Jahr;2020;DINSGF;Früheres Bundesgebiet / Neue Länder;DF;Früheres Bundesgebiet;WZ08C7;WZ2008 (ausgewählte Positionen): Tarifindex;WZ08-60;Rundfunkveranstalter;100,0;2020=100;VST018;Index der tariflichen Wochenarbeitszeit
62221;Vj. Index der Tarifverdienste und Arbeitszeiten;JAHR;Jahr;2020;DINSGF;Früheres Bundesgebiet / Neue Länder;DF;Früheres Bundesgebiet;WZ08C7;WZ2008 (ausgewählte Positionen): Tarifindex;WZ08-60;Rundfunkveranstalter;100,0;2020=100;VST065;Index d.tarifl. Stundenverdienste ohne Sonderzahl.
62221;Vj. Index der Tarifverdienste und Arbeitszeiten;JAHR;Jahr;2023;DINSGF;Früheres Bundesgebiet / Neue Länder;DN;Neue Länder;WZ08C7;WZ2008 (ausgewählte Positionen): Tarifindex;WZ08-10;Herstellung von Nahrungs- und Futtermitteln;110,1;2020=100;VST072;Index d.tarifl. Stundenverdienste mit Sonderzahl.
62221;Vj. Index der Tarifverdienste und Arbeitszeiten;JAHR;Jahr;2023;DINSGF;Früheres Bundesgebiet / Neue Länder;DN;Neue Länder;WZ08C7;WZ2008 (ausgewählte Positionen): Tarifindex;WZ08-10;Herstellung von Nahrungs- und Futtermitteln;109,6;2020=100;VST073;Index d.tarifl. Monatsverdienste mit Sonderzahl.
62221;Vj. Index der Tarifverdienste und Arbeitszeiten;JAHR;Jahr;2023;DINSGF;Früheres Bundesgebiet / Neue Länder;DN;Neue Länder;WZ08C7;WZ2008 (ausgewählte Positionen): Tarifindex;WZ08-10;Herstellung von Nahrungs- und Futtermitteln;38,5;h;VST019;Durchschnittliche tarifliche Wochenarbeitszeit
62221;Vj. Index der Tarifverdienste und Arbeitszeiten;JAHR;Jahr;2023;DINSGF;Früheres Bundesgebiet / Neue Länder;DN;Neue Länder;WZ08C7;WZ2008 (ausgewählte Positionen): Tarifindex;WZ08-10;Herstellung von Nahrungs- und Futtermitteln;109,1;2020=100;VST066;Index d.tarifl. Monatsverdienste ohne Sonderzahl.
62221;Vj. Index der Tarifverdienste und Arbeitszeiten;JAHR;Jahr;2023;DINSGF;Früheres Bundesgebiet / Neue Länder;DN;Neue Länder;WZ08C7;WZ2008 (ausgewählte Positionen): Tarifindex;WZ08-10;Herstellung von Nahrungs- und Futtermitteln;99,6;2020=100;VST018;Index der tariflichen Wochenarbeitszeit
62221;Vj. Index der Tarifverdienste und Arbeitszeiten;JAHR;Jahr;2023;DINSGF;Früheres Bundesgebiet / Neue Länder;DN;Neue Länder;WZ08C7;WZ2008 (ausgewählte Positionen): Tarifindex;WZ08-10;Herstellung von Nahrungs- und Futtermitteln;109,6;2020=100;VST065;Index d.tarifl. Stundenverdienste ohne Sonderzahl.
62221;Vj. Index der Tarifverdienste und Arbeitszeiten;JAHR;Jahr;2017;DINSGF;Früheres Bundesgebiet / Neue Länder;DN;Neue Länder;WZ08C7;WZ2008 (ausgewählte Positionen): Tarifindex;WZ08-17;Herstellung von Papier, Pappe und Waren daraus;93,0;2020=100;VST072;Index d.tarifl. Stundenverdienste mit Sonderzahl.
62221;Vj. Index der Tarifverdienste und Arbeitszeiten;JAHR;Jahr;2017;DINSGF;Früheres Bundesgebiet / Neue Länder;DN;Neue Länder;WZ08C7;WZ2008 (ausgewählte Positionen): Tarifindex;WZ08-17;Herstellung von Papier, Pappe und Waren daraus;93,0;2020=100;VST073;Index d.tarifl. Monatsverdienste mit Sonderzahl.
62221;Vj. Index der Tarifverdienste und Arbeitszeiten;JAHR;Jahr;2017;DINSGF;Früheres Bundesgebiet / Neue Länder;DN;Neue Länder;WZ08C7;WZ2008 (ausgewählte Positionen): Tarifindex;WZ08-17;Herstellung von Papier, Pappe und Waren daraus;37,9;h;VST019;Durchschnittliche tarifliche Wochenarbeitszeit
62221;Vj. Index der Tarifverdienste und Arbeitszeiten;JAHR;Jahr;2017;DINSGF;Früheres Bundesgebiet / Neue Länder;DN;Neue Länder;WZ08C7;WZ2008 (ausgewählte Positionen): Tarifindex;WZ08-17;Herstellung von Papier, Pappe und Waren daraus;94,1;2020=100;VST066;Index d.tarifl. Monatsverdienste ohne Sonderzahl.
62221;Vj. Index der Tarifverdienste und Arbeitszeiten;JAHR;Jahr;2017;DINSGF;Früheres Bundesgebiet / Neue Länder;DN;Neue Länder;WZ08C7;WZ2008 (ausgewählte Positionen): Tarifindex;WZ08-17;Herstellung von Papier, Pappe und Waren daraus;100,1;2020=100;VST018;Index der tariflichen Wochenarbeitszeit
62221;Vj. Index der Tarifverdienste und Arbeitszeiten;JAHR;Jahr;2017;DINSGF;Früheres Bundesgebiet / Neue Länder;DN;Neue Länder;WZ08C7;WZ2008 (ausgewählte Positionen): Tarifindex;WZ08-17;Herstellung von Papier, Pappe und Waren daraus;94,0;2020=100;VST065;Index d.tarifl. Stundenverdienste ohne Sonderzahl.
62221;Vj. Index der Tarifverdienste und Arbeitszeiten;JAHR;Jahr;2021;DINSGF;Früheres Bundesgebiet / Neue Länder;DN;Neue Länder;WZ08C7;WZ2008 (ausgewählte Positionen): Tarifindex;WZ08-S;Erbringung von sonstigen Dienstleistungen;101,8;2020=100;VST072;Index d.tarifl. Stundenverdienste mit Sonderzahl.
62221;Vj. Index der Tarifverdienste und Arbeitszeiten;JAHR;Jahr;2021;DINSGF;Früheres Bundesgebiet / Neue Länder;DN;Neue Länder;WZ08C7;WZ2008 (ausgewählte Positionen): Tarifindex;WZ08-S;Erbringung von sonstigen Dienstleistungen;101,8;2020=100;VST073;Index d.tarifl. Monatsverdienste mit Sonderzahl.
62221;Vj. Index der Tarifverdienste und Arbeitszeiten;JAHR;Jahr;2021;DINSGF;Früheres Bundesgebiet / Neue Länder;DN;Neue Länder;WZ08C7;WZ2008 (ausgewählte Positionen): Tarifindex;WZ08-S;Erbringung von sonstigen Dienstleistungen;39,6;h;VST019;Durchschnittliche tarifliche Wochenarbeitszeit
62221;Vj. Index der Tarifverdienste und Arbeitszeiten;JAHR;Jahr;2021;DINSGF;Früheres Bundesgebiet / Neue Länder;DN;Neue Länder;WZ08C7;WZ2008 (ausgewählte Positionen): Tarifindex;WZ08-S;Erbringung von sonstigen Dienstleistungen;101,8;2020=100;VST066;Index d.tarifl. Monatsverdienste ohne Sonderzahl.
62221;Vj. Index der Tarifverdienste und Arbeitszeiten;JAHR;Jahr;2021;DINSGF;Früheres Bundesgebiet / Neue Länder;DN;Neue Länder;WZ08C7;WZ2008 (ausgewählte Positionen): Tarifindex;WZ08-S;Erbringung von sonstigen Dienstleistungen;100,0;2020=100;VST018;Index der tariflichen Wochenarbeitszeit
62221;Vj. Index der Tarifverdienste und Arbeitszeiten;JAHR;Jahr;2021;DINSGF;Früheres Bundesgebiet / Neue Länder;DN;Neue Länder;WZ08C7;WZ2008 (ausgewählte Positionen): Tarifindex;WZ08-S;Erbringung von sonstigen Dienstleistungen;101,8;2020=100;VST065;Index d.tarifl. Stundenverdienste ohne Sonderzahl.
62221;Vj. Index der Tarifverdienste und Arbeitszeiten;JAHR;Jahr;2018;DINSGF;Früheres Bundesgebiet / Neue Länder;DF;Früheres Bundesgebiet;WZ08C7;WZ2008 (ausgewählte Positionen): Tarifindex;WZ08-71;Architektur-,Ing.büros,techn.,physik.Untersuchung;95,7;2020=100;VST072;Index d.tarifl. Stundenverdienste mit Sonderzahl.
62221;Vj. Index der Tarifverdienste und Arbeitszeiten;JAHR;Jahr;2018;DINSGF;Früheres Bundesgebiet / Neue Länder;DF;Früheres Bundesgebiet;WZ08C7;WZ2008 (ausgewählte Positionen): Tarifindex;WZ08-71;Architektur-,Ing.büros,techn.,physik.Untersuchung;96,0;2020=100;VST073;Index d.tarifl. Monatsverdienste mit Sonderzahl.
62221;Vj. Index der Tarifverdienste und Arbeitszeiten;JAHR;Jahr;2018;DINSGF;Früheres Bundesgebiet / Neue Länder;DF;Früheres Bundesgebiet;WZ08C7;WZ2008 (ausgewählte Positionen): Tarifindex;WZ08-71;Architektur-,Ing.büros,techn.,physik.Untersuchung;37,1;h;VST019;Durchschnittliche tarifliche Wochenarbeitszeit
62221;Vj. Index der Tarifverdienste und Arbeitszeiten;JAHR;Jahr;2018;DINSGF;Früheres Bundesgebiet / Neue Länder;DF;Früheres Bundesgebiet;WZ08C7;WZ2008 (ausgewählte Positionen): Tarifindex;WZ08-71;Architektur-,Ing.büros,techn.,physik.Untersuchung;96,3;2020=100;VST066;Index d.tarifl. Monatsverdienste ohne Sonderzahl.
62221;Vj. Index der Tarifverdienste und Arbeitszeiten;JAHR;Jahr;2018;DINSGF;Früheres Bundesgebiet / Neue Länder;DF;Früheres Bundesgebiet;WZ08C7;WZ2008 (ausgewählte Positionen): Tarifindex;WZ08-71;Architektur-,Ing.büros,techn.,physik.Untersuchung;100,2;2020=100;VST018;Index der tariflichen Wochenarbeitszeit
62221;Vj. Index der Tarifverdienste und Arbeitszeiten;JAHR;Jahr;2018;DINSGF;Früheres Bundesgebiet / Neue Länder;DF;Früheres Bundesgebiet;WZ08C7;WZ2008 (ausgewählte Positionen): Tarifindex;WZ08-71;Architektur-,Ing.büros,techn.,physik.Untersuchung;96,1;2020=100;VST065;Index d.tarifl. Stundenverdienste ohne Sonderzahl.
62221;Vj. Index der Tarifverdienste und Arbeitszeiten;JAHR;Jahr;2021;DINSGF;Früheres Bundesgebiet / Neue Länder;DN;Neue Länder;WZ08C7;WZ2008 (ausgewählte Positionen): Tarifindex;WZ08-51;Luftfahrt;102,1;2020=100;VST072;Index d.tarifl. Stundenverdienste mit Sonderzahl.
62221;Vj. Index der Tarifverdienste und Arbeitszeiten;JAHR;Jahr;2021;DINSGF;Früheres Bundesgebiet / Neue Länder;DN;Neue Länder;WZ08C7;WZ2008 (ausgewählte Positionen): Tarifindex;WZ08-51;Luftfahrt;102,1;2020=100;VST073;Index d.tarifl. Monatsverdienste mit Sonderzahl.
62221;Vj. Index der Tarifverdienste und Arbeitszeiten;JAHR;Jahr;2021;DINSGF;Früheres Bundesgebiet / Neue Länder;DN;Neue Länder;WZ08C7;WZ2008 (ausgewählte Positionen): Tarifindex;WZ08-51;Luftfahrt;39,8;h;VST019;Durchschnittliche tarifliche Wochenarbeitszeit
62221;Vj. Index der Tarifverdienste und Arbeitszeiten;JAHR;Jahr;2021;DINSGF;Früheres Bundesgebiet / Neue Länder;DN;Neue Länder;WZ08C7;WZ2008 (ausgewählte Positionen): Tarifindex;WZ08-51;Luftfahrt;102,2;2020=100;VST066;Index d.tarifl. Monatsverdienste ohne Sonderzahl.
62221;Vj. Index der Tarifverdienste und Arbeitszeiten;JAHR;Jahr;2021;DINSGF;Früheres Bundesgebiet / Neue Länder;DN;Neue Länder;WZ08C7;WZ2008 (ausgewählte Positionen): Tarifindex;WZ08-51;Luftfahrt;100,0;2020=100;VST018;Index der tariflichen Wochenarbeitszeit
62221;Vj. Index der Tarifverdienste und Arbeitszeiten;JAHR;Jahr;2021;DINSGF;Früheres Bundesgebiet / Neue Länder;DN;Neue Länder;WZ08C7;WZ2008 (ausgewählte Positionen): Tarifindex;WZ08-51;Luftfahrt;102,2;2020=100;VST065;Index d.tarifl. Stundenverdienste ohne Sonderzahl.
62221;Vj. Index der Tarifverdienste und Arbeitszeiten;JAHR;Jahr;2018;DINSGF;Früheres Bundesgebiet / Neue Länder;DN;Neue Länder;WZ08C7;WZ2008 (ausgewählte Positionen): Tarifindex;WZ08-05;Kohlenbergbau;96,4;2020=100;VST072;Index d.tarifl. Stundenverdienste mit Sonderzahl.
62221;Vj. Index der Tarifverdienste und Arbeitszeiten;JAHR;Jahr;2018;DINSGF;Früheres Bundesgebiet / Neue Länder;DN;Neue Länder;WZ08C7;WZ2008 (ausgewählte Positionen): Tarifindex;WZ08-05;Kohlenbergbau;96,4;2020=100;VST073;Index d.tarifl. Monatsverdienste mit Sonderzahl.
62221;Vj. Index der Tarifverdienste und Arbeitszeiten;JAHR;Jahr;2018;DINSGF;Früheres Bundesgebiet / Neue Länder;DN;Neue Länder;WZ08C7;WZ2008 (ausgewählte Positionen): Tarifindex;WZ08-05;Kohlenbergbau;37,0;h;VST019;Durchschnittliche tarifliche Wochenarbeitszeit
62221;Vj. Index der Tarifverdienste und Arbeitszeiten;JAHR;Jahr;2018;DINSGF;Früheres Bundesgebiet / Neue Länder;DN;Neue Länder;WZ08C7;WZ2008 (ausgewählte Positionen): Tarifindex;WZ08-05;Kohlenbergbau;96,2;2020=100;VST066;Index d.tarifl. Monatsverdienste ohne Sonderzahl.
62221;Vj. Index der Tarifverdienste und Arbeitszeiten;JAHR;Jahr;2018;DINSGF;Früheres Bundesgebiet / Neue Länder;DN;Neue Länder;WZ08C7;WZ2008 (ausgewählte Positionen): Tarifindex;WZ08-05;Kohlenbergbau;100,0;2020=100;VST018;Index der tariflichen Wochenarbeitszeit
62221;Vj. Index der Tarifverdienste und Arbeitszeiten;JAHR;Jahr;2018;DINSGF;Früheres Bundesgebiet / Neue Länder;DN;Neue Länder;WZ08C7;WZ2008 (ausgewählte Positionen): Tarifindex;WZ08-05;Kohlenbergbau;96,2;2020=100;VST065;Index d.tarifl. Stundenverdienste ohne Sonderzahl.
62221;Vj. Index der Tarifverdienste und Arbeitszeiten;JAHR;Jahr;2022;DINSGF;Früheres Bundesgebiet / Neue Länder;DF;Früheres Bundesgebiet;WZ08C7;WZ2008 (ausgewählte Positionen): Tarifindex;WZ08-B-05;Produzierendes Gewerbe;103,0;2020=100;VST072;Index d.tarifl. Stundenverdienste mit Sonderzahl.
62221;Vj. Index der Tarifverdienste und Arbeitszeiten;JAHR;Jahr;2022;DINSGF;Früheres Bundesgebiet / Neue Länder;DF;Früheres Bundesgebiet;WZ08C7;WZ2008 (ausgewählte Positionen): Tarifindex;WZ08-B-05;Produzierendes Gewerbe;103,0;2020=100;VST073;Index d.tarifl. Monatsverdienste mit Sonderzahl.
62221;Vj. Index der Tarifverdienste und Arbeitszeiten;JAHR;Jahr;2022;DINSGF;Früheres Bundesgebiet / Neue Länder;DF;Früheres Bundesgebiet;WZ08C7;WZ2008 (ausgewählte Positionen): Tarifindex;WZ08-B-05;Produzierendes Gewerbe;36,7;h;VST019;Durchschnittliche tarifliche Wochenarbeitszeit
62221;Vj. Index der Tarifverdienste und Arbeitszeiten;JAHR;Jahr;2022;DINSGF;Früheres Bundesgebiet / Neue Länder;DF;Früheres Bundesgebiet;WZ08C7;WZ2008 (ausgewählte Positionen): Tarifindex;WZ08-B-05;Produzierendes Gewerbe;101,8;2020=100;VST066;Index d.tarifl. Monatsverdienste ohne Sonderzahl.
62221;Vj. Index der Tarifverdienste und Arbeitszeiten;JAHR;Jahr;2022;DINSGF;Früheres Bundesgebiet / Neue Länder;DF;Früheres Bundesgebiet;WZ08C7;WZ2008 (ausgewählte Positionen): Tarifindex;WZ08-B-05;Produzierendes Gewerbe;100,0;2020=100;VST018;Index der tariflichen Wochenarbeitszeit
62221;Vj. Index der Tarifverdienste und Arbeitszeiten;JAHR;Jahr;2022;DINSGF;Früheres Bundesgebiet / Neue Länder;DF;Früheres Bundesgebiet;WZ08C7;WZ2008 (ausgewählte Positionen): Tarifindex;WZ08-B-05;Produzierendes Gewerbe;101,8;2020=100;VST065;Index d.tarifl. Stundenverdienste ohne Sonderzahl.
62221;Vj. Index der Tarifverdienste und Arbeitszeiten;JAHR;Jahr;2021;DINSGF;Früheres Bundesgebiet / Neue Länder;DF;Früheres Bundesgebiet;WZ08C7;WZ2008 (ausgewählte Positionen): Tarifindex;WZ08-78;Vermittlung und Überlassung von Arbeitskräften;102,6;2020=100;VST072;Index d.tarifl. Stundenverdienste mit Sonderzahl.
62221;Vj. Index der Tarifverdienste und Arbeitszeiten;JAHR;Jahr;2021;DINSGF;Früheres Bundesgebiet / Neue Länder;DF;Früheres Bundesgebiet;WZ08C7;WZ2008 (ausgewählte Positionen): Tarifindex;WZ08-78;Vermittlung und Überlassung von Arbeitskräften;102,6;2020=100;VST073;Index d.tarifl. Monatsverdienste mit Sonderzahl.
62221;Vj. Index der Tarifverdienste und Arbeitszeiten;JAHR;Jahr;2021;DINSGF;Früheres Bundesgebiet / Neue Länder;DF;Früheres Bundesgebiet;WZ08C7;WZ2008 (ausgewählte Positionen): Tarifindex;WZ08-78;Vermittlung und Überlassung von Arbeitskräften;35,1;h;VST019;Durchschnittliche tarifliche Wochenarbeitszeit
62221;Vj. Index der Tarifverdienste und Arbeitszeiten;JAHR;Jahr;2021;DINSGF;Früheres Bundesgebiet / Neue Länder;DF;Früheres Bundesgebiet;WZ08C7;WZ2008 (ausgewählte Positionen): Tarifindex;WZ08-78;Vermittlung und Überlassung von Arbeitskräften;103,0;2020=100;VST066;Index d.tarifl. Monatsverdienste ohne Sonderzahl.
62221;Vj. Index der Tarifverdienste und Arbeitszeiten;JAHR;Jahr;2021;DINSGF;Früheres Bundesgebiet / Neue Länder;DF;Früheres Bundesgebiet;WZ08C7;WZ2008 (ausgewählte Positionen): Tarifindex;WZ08-78;Vermittlung und Überlassung von Arbeitskräften;100,0;2020=100;VST018;Index der tariflichen Wochenarbeitszeit
62221;Vj. Index der Tarifverdienste und Arbeitszeiten;JAHR;Jahr;2021;DINSGF;Früheres Bundesgebiet / Neue Länder;DF;Früheres Bundesgebiet;WZ08C7;WZ2008 (ausgewählte Positionen): Tarifindex;WZ08-78;Vermittlung und Überlassung von Arbeitskräften;103,0;2020=100;VST065;Index d.tarifl. Stundenverdienste ohne Sonderzahl.
62221;Vj. Index der Tarifverdienste und Arbeitszeiten;JAHR;Jahr;2024;DINSGF;Früheres Bundesgebiet / Neue Länder;DN;Neue Länder;WZ08C7;WZ2008 (ausgewählte Positionen): Tarifindex;WZ08-81;Gebäudebetreuung, Garten- und Landschaftsbau;121,8;2020=100;VST072;Index d.tarifl. Stundenverdienste mit Sonderzahl.
62221;Vj. Index der Tarifverdienste und Arbeitszeiten;JAHR;Jahr;2024;DINSGF;Früheres Bundesgebiet / Neue Länder;DN;Neue Länder;WZ08C7;WZ2008 (ausgewählte Positionen): Tarifindex;WZ08-81;Gebäudebetreuung, Garten- und Landschaftsbau;121,8;2020=100;VST073;Index d.tarifl. Monatsverdienste mit Sonderzahl.
62221;Vj. Index der Tarifverdienste und Arbeitszeiten;JAHR;Jahr;2024;DINSGF;Früheres Bundesgebiet / Neue Länder;DN;Neue Länder;WZ08C7;WZ2008 (ausgewählte Positionen): Tarifindex;WZ08-81;Gebäudebetreuung, Garten- und Landschaftsbau;39,0;h;VST019;Durchschnittliche tarifliche Wochenarbeitszeit
62221;Vj. Index der Tarifverdienste und Arbeitszeiten;JAHR;Jahr;2024;DINSGF;Früheres Bundesgebiet / Neue Länder;DN;Neue Länder;WZ08C7;WZ2008 (ausgewählte Positionen): Tarifindex;WZ08-81;Gebäudebetreuung, Garten- und Landschaftsbau;121,8;2020=100;VST066;Index d.tarifl. Monatsverdienste ohne Sonderzahl.
62221;Vj. Index der Tarifverdienste und Arbeitszeiten;JAHR;Jahr;2024;DINSGF;Früheres Bundesgebiet / Neue Länder;DN;Neue Länder;WZ08C7;WZ2008 (ausgewählte Positionen): Tarifindex;WZ08-81;Gebäudebetreuung, Garten- und Landschaftsbau;100,0;2020=100;VST018;Index der tariflichen Wochenarbeitszeit
62221;Vj. Index der Tarifverdienste und Arbeitszeiten;JAHR;Jahr;2024;DINSGF;Früheres Bundesgebiet / Neue Länder;DN;Neue Länder;WZ08C7;WZ2008 (ausgewählte Positionen): Tarifindex;WZ08-81;Gebäudebetreuung, Garten- und Landschaftsbau;121,8;2020=100;VST065;Index d.tarifl. Stundenverdienste ohne Sonderzahl.
62221;Vj. Index der Tarifverdienste und Arbeitszeiten;JAHR;Jahr;2021;DINSGF;Früheres Bundesgebiet / Neue Länder;DN;Neue Länder;WZ08C7;WZ2008 (ausgewählte Positionen): Tarifindex;WZ08-G;Handel, Instandhaltung und Reparatur von Kfz;101,5;2020=100;VST072;Index d.tarifl. Stundenverdienste mit Sonderzahl.
62221;Vj. Index der Tarifverdienste und Arbeitszeiten;JAHR;Jahr;2021;DINSGF;Früheres Bundesgebiet / Neue Länder;DN;Neue Länder;WZ08C7;WZ2008 (ausgewählte Positionen): Tarifindex;WZ08-G;Handel, Instandhaltung und Reparatur von Kfz;101,5;2020=100;VST073;Index d.tarifl. Monatsverdienste mit Sonderzahl.
62221;Vj. Index der Tarifverdienste und Arbeitszeiten;JAHR;Jahr;2021;DINSGF;Früheres Bundesgebiet / Neue Länder;DN;Neue Länder;WZ08C7;WZ2008 (ausgewählte Positionen): Tarifindex;WZ08-G;Handel, Instandhaltung und Reparatur von Kfz;38,2;h;VST019;Durchschnittliche tarifliche Wochenarbeitszeit
62221;Vj. Index der Tarifverdienste und Arbeitszeiten;JAHR;Jahr;2021;DINSGF;Früheres Bundesgebiet / Neue Länder;DN;Neue Länder;WZ08C7;WZ2008 (ausgewählte Positionen): Tarifindex;WZ08-G;Handel, Instandhaltung und Reparatur von Kfz;101,1;2020=100;VST066;Index d.tarifl. Monatsverdienste ohne Sonderzahl.
62221;Vj. Index der Tarifverdienste und Arbeitszeiten;JAHR;Jahr;2021;DINSGF;Früheres Bundesgebiet / Neue Länder;DN;Neue Länder;WZ08C7;WZ2008 (ausgewählte Positionen): Tarifindex;WZ08-G;Handel, Instandhaltung und Reparatur von Kfz;100,0;2020=100;VST018;Index der tariflichen Wochenarbeitszeit
62221;Vj. Index der Tarifverdienste und Arbeitszeiten;JAHR;Jahr;2021;DINSGF;Früheres Bundesgebiet / Neue Länder;DN;Neue Länder;WZ08C7;WZ2008 (ausgewählte Positionen): Tarifindex;WZ08-G;Handel, Instandhaltung und Reparatur von Kfz;101,1;2020=100;VST065;Index d.tarifl. Stundenverdienste ohne Sonderzahl.
62221;Vj. Index der Tarifverdienste und Arbeitszeiten;JAHR;Jahr;2023;DINSGF;Früheres Bundesgebiet / Neue Länder;DF;Früheres Bundesgebiet;WZ08C7;WZ2008 (ausgewählte Positionen): Tarifindex;WZ08-B-11;Produzierendes Gewerbe, Handel u.A.;107,2;2020=100;VST072;Index d.tarifl. Stundenverdienste mit Sonderzahl.
62221;Vj. Index der Tarifverdienste und Arbeitszeiten;JAHR;Jahr;2023;DINSGF;Früheres Bundesgebiet / Neue Länder;DF;Früheres Bundesgebiet;WZ08C7;WZ2008 (ausgewählte Positionen): Tarifindex;WZ08-B-11;Produzierendes Gewerbe, Handel u.A.;107,2;2020=100;VST073;Index d.tarifl. Monatsverdienste mit Sonderzahl.
62221;Vj. Index der Tarifverdienste und Arbeitszeiten;JAHR;Jahr;2023;DINSGF;Früheres Bundesgebiet / Neue Länder;DF;Früheres Bundesgebiet;WZ08C7;WZ2008 (ausgewählte Positionen): Tarifindex;WZ08-B-11;Produzierendes Gewerbe, Handel u.A.;38,1;h;VST019;Durchschnittliche tarifliche Wochenarbeitszeit
62221;Vj. Index der Tarifverdienste und Arbeitszeiten;JAHR;Jahr;2023;DINSGF;Früheres Bundesgebiet / Neue Länder;DF;Früheres Bundesgebiet;WZ08C7;WZ2008 (ausgewählte Positionen): Tarifindex;WZ08-B-11;Produzierendes Gewerbe, Handel u.A.;104,7;2020=100;VST066;Index d.tarifl. Monatsverdienste ohne Sonderzahl.
62221;Vj. Index der Tarifverdienste und Arbeitszeiten;JAHR;Jahr;2023;DINSGF;Früheres Bundesgebiet / Neue Länder;DF;Früheres Bundesgebiet;WZ08C7;WZ2008 (ausgewählte Positionen): Tarifindex;WZ08-B-11;Produzierendes Gewerbe, Handel u.A.;100,0;2020=100;VST018;Index der tariflichen Wochenarbeitszeit
62221;Vj. Index der Tarifverdienste und Arbeitszeiten;JAHR;Jahr;2023;DINSGF;Früheres Bundesgebiet / Neue Länder;DF;Früheres Bundesgebiet;WZ08C7;WZ2008 (ausgewählte Positionen): Tarifindex;WZ08-B-11;Produzierendes Gewerbe, Handel u.A.;104,7;2020=100;VST065;Index d.tarifl. Stundenverdienste ohne Sonderzahl.
62221;Vj. Index der Tarifverdienste und Arbeitszeiten;JAHR;Jahr;2016;DINSGF;Früheres Bundesgebiet / Neue Länder;DN;Neue Länder;WZ08C7;WZ2008 (ausgewählte Positionen): Tarifindex;WZ08-49;Landverkehr und Transport in Rohrfernleitungen;88,8;2020=100;VST072;Index d.tarifl. Stundenverdienste mit Sonderzahl.
62221;Vj. Index der Tarifverdienste und Arbeitszeiten;JAHR;Jahr;2016;DINSGF;Früheres Bundesgebiet / Neue Länder;DN;Neue Länder;WZ08C7;WZ2008 (ausgewählte Positionen): Tarifindex;WZ08-49;Landverkehr und Transport in Rohrfernleitungen;89,7;2020=100;VST073;Index d.tarifl. Monatsverdienste mit Sonderzahl.
62221;Vj. Index der Tarifverdienste und Arbeitszeiten;JAHR;Jahr;2016;DINSGF;Früheres Bundesgebiet / Neue Länder;DN;Neue Länder;WZ08C7;WZ2008 (ausgewählte Positionen): Tarifindex;WZ08-49;Landverkehr und Transport in Rohrfernleitungen;39,5;h;VST019;Durchschnittliche tarifliche Wochenarbeitszeit
62221;Vj. Index der Tarifverdienste und Arbeitszeiten;JAHR;Jahr;2016;DINSGF;Früheres Bundesgebiet / Neue Länder;DN;Neue Länder;WZ08C7;WZ2008 (ausgewählte Positionen): Tarifindex;WZ08-49;Landverkehr und Transport in Rohrfernleitungen;90,5;2020=100;VST066;Index d.tarifl. Monatsverdienste ohne Sonderzahl.
62221;Vj. Index der Tarifverdienste und Arbeitszeiten;JAHR;Jahr;2016;DINSGF;Früheres Bundesgebiet / Neue Länder;DN;Neue Länder;WZ08C7;WZ2008 (ausgewählte Positionen): Tarifindex;WZ08-49;Landverkehr und Transport in Rohrfernleitungen;101,0;2020=100;VST018;Index der tariflichen Wochenarbeitszeit
62221;Vj. Index der Tarifverdienste und Arbeitszeiten;JAHR;Jahr;2016;DINSGF;Früheres Bundesgebiet / Neue Länder;DN;Neue Länder;WZ08C7;WZ2008 (ausgewählte Positionen): Tarifindex;WZ08-49;Landverkehr und Transport in Rohrfernleitungen;89,5;2020=100;VST065;Index d.tarifl. Stundenverdienste ohne Sonderzahl.
62221;Vj. Index der Tarifverdienste und Arbeitszeiten;JAHR;Jahr;2016;DINSGF;Früheres Bundesgebiet / Neue Länder;DN;Neue Länder;WZ08C7;WZ2008 (ausgewählte Positionen): Tarifindex;WZ08-13-01;Textil- und Bekleidungsgewerbe;89,8;2020=100;VST072;Index d.tarifl. Stundenverdienste mit Sonderzahl.
62221;Vj. Index der Tarifverdienste und Arbeitszeiten;JAHR;Jahr;2016;DINSGF;Früheres Bundesgebiet / Neue Länder;DN;Neue Länder;WZ08C7;WZ2008 (ausgewählte Positionen): Tarifindex;WZ08-13-01;Textil- und Bekleidungsgewerbe;90,9;2020=100;VST073;Index d.tarifl. Monatsverdienste mit Sonderzahl.
62221;Vj. Index der Tarifverdienste und Arbeitszeiten;JAHR;Jahr;2016;DINSGF;Früheres Bundesgebiet / Neue Länder;DN;Neue Länder;WZ08C7;WZ2008 (ausgewählte Positionen): Tarifindex;WZ08-13-01;Textil- und Bekleidungsgewerbe;39,8;h;VST019;Durchschnittliche tarifliche Wochenarbeitszeit
62221;Vj. Index der Tarifverdienste und Arbeitszeiten;JAHR;Jahr;2016;DINSGF;Früheres Bundesgebiet / Neue Länder;DN;Neue Länder;WZ08C7;WZ2008 (ausgewählte Positionen): Tarifindex;WZ08-13-01;Textil- und Bekleidungsgewerbe;91,2;2020=100;VST066;Index d.tarifl. Monatsverdienste ohne Sonderzahl.
62221;Vj. Index der Tarifverdienste und Arbeitszeiten;JAHR;Jahr;2016;DINSGF;Früheres Bundesgebiet / Neue Länder;DN;Neue Länder;WZ08C7;WZ2008 (ausgewählte Positionen): Tarifindex;WZ08-13-01;Textil- und Bekleidungsgewerbe;101,2;2020=100;VST018;Index der tariflichen Wochenarbeitszeit
62221;Vj. Index der Tarifverdienste und Arbeitszeiten;JAHR;Jahr;2016;DINSGF;Früheres Bundesgebiet / Neue Länder;DN;Neue Länder;WZ08C7;WZ2008 (ausgewählte Positionen): Tarifindex;WZ08-13-01;Textil- und Bekleidungsgewerbe;90,0;2020=100;VST065;Index d.tarifl. Stundenverdienste ohne Sonderzahl.
62221;Vj. Index der Tarifverdienste und Arbeitszeiten;JAHR;Jahr;2024;DINSGF;Früheres Bundesgebiet / Neue Länder;DN;Neue Länder;WZ08C7;WZ2008 (ausgewählte Positionen): Tarifindex;WZ08-63;Informationsdienstleistungen;111,3;2020=100;VST072;Index d.tarifl. Stundenverdienste mit Sonderzahl.
62221;Vj. Index der Tarifverdienste und Arbeitszeiten;JAHR;Jahr;2024;DINSGF;Früheres Bundesgebiet / Neue Länder;DN;Neue Länder;WZ08C7;WZ2008 (ausgewählte Positionen): Tarifindex;WZ08-63;Informationsdienstleistungen;111,3;2020=100;VST073;Index d.tarifl. Monatsverdienste mit Sonderzahl.
62221;Vj. Index der Tarifverdienste und Arbeitszeiten;JAHR;Jahr;2024;DINSGF;Früheres Bundesgebiet / Neue Länder;DN;Neue Länder;WZ08C7;WZ2008 (ausgewählte Positionen): Tarifindex;WZ08-63;Informationsdienstleistungen;38,2;h;VST019;Durchschnittliche tarifliche Wochenarbeitszeit
62221;Vj. Index der Tarifverdienste und Arbeitszeiten;JAHR;Jahr;2024;DINSGF;Früheres Bundesgebiet / Neue Länder;DN;Neue Länder;WZ08C7;WZ2008 (ausgewählte Positionen): Tarifindex;WZ08-63;Informationsdienstleistungen;109,4;2020=100;VST066;Index d.tarifl. Monatsverdienste ohne Sonderzahl.
62221;Vj. Index der Tarifverdienste und Arbeitszeiten;JAHR;Jahr;2024;DINSGF;Früheres Bundesgebiet / Neue Länder;DN;Neue Länder;WZ08C7;WZ2008 (ausgewählte Positionen): Tarifindex;WZ08-63;Informationsdienstleistungen;100,0;2020=100;VST018;Index der tariflichen Wochenarbeitszeit
62221;Vj. Index der Tarifverdienste und Arbeitszeiten;JAHR;Jahr;2024;DINSGF;Früheres Bundesgebiet / Neue Länder;DN;Neue Länder;WZ08C7;WZ2008 (ausgewählte Positionen): Tarifindex;WZ08-63;Informationsdienstleistungen;109,4;2020=100;VST065;Index d.tarifl. Stundenverdienste ohne Sonderzahl.
62221;Vj. Index der Tarifverdienste und Arbeitszeiten;JAHR;Jahr;2020;DINSGF;Früheres Bundesgebiet / Neue Länder;DN;Neue Länder;WZ08C7;WZ2008 (ausgewählte Positionen): Tarifindex;WZ08-G-02;Dienstleistungsbereich;100,0;2020=100;VST072;Index d.tarifl. Stundenverdienste mit Sonderzahl.
62221;Vj. Index der Tarifverdienste und Arbeitszeiten;JAHR;Jahr;2020;DINSGF;Früheres Bundesgebiet / Neue Länder;DN;Neue Länder;WZ08C7;WZ2008 (ausgewählte Positionen): Tarifindex;WZ08-G-02;Dienstleistungsbereich;100,0;2020=100;VST073;Index d.tarifl. Monatsverdienste mit Sonderzahl.
62221;Vj. Index der Tarifverdienste und Arbeitszeiten;JAHR;Jahr;2020;DINSGF;Früheres Bundesgebiet / Neue Länder;DN;Neue Länder;WZ08C7;WZ2008 (ausgewählte Positionen): Tarifindex;WZ08-G-02;Dienstleistungsbereich;39,2;h;VST019;Durchschnittliche tarifliche Wochenarbeitszeit
62221;Vj. Index der Tarifverdienste und Arbeitszeiten;JAHR;Jahr;2020;DINSGF;Früheres Bundesgebiet / Neue Länder;DN;Neue Länder;WZ08C7;WZ2008 (ausgewählte Positionen): Tarifindex;WZ08-G-02;Dienstleistungsbereich;100,0;2020=100;VST066;Index d.tarifl. Monatsverdienste ohne Sonderzahl.
62221;Vj. Index der Tarifverdienste und Arbeitszeiten;JAHR;Jahr;2020;DINSGF;Früheres Bundesgebiet / Neue Länder;DN;Neue Länder;WZ08C7;WZ2008 (ausgewählte Positionen): Tarifindex;WZ08-G-02;Dienstleistungsbereich;100,0;2020=100;VST018;Index der tariflichen Wochenarbeitszeit
62221;Vj. Index der Tarifverdienste und Arbeitszeiten;JAHR;Jahr;2020;DINSGF;Früheres Bundesgebiet / Neue Länder;DN;Neue Länder;WZ08C7;WZ2008 (ausgewählte Positionen): Tarifindex;WZ08-G-02;Dienstleistungsbereich;100,0;2020=100;VST065;Index d.tarifl. Stundenverdienste ohne Sonderzahl.
62221;Vj. Index der Tarifverdienste und Arbeitszeiten;JAHR;Jahr;2018;DINSGF;Früheres Bundesgebiet / Neue Länder;DF;Früheres Bundesgebiet;WZ08C7;WZ2008 (ausgewählte Positionen): Tarifindex;WZ08-53;Post-, Kurier- und Expressdienste;94,3;2020=100;VST072;Index d.tarifl. Stundenverdienste mit Sonderzahl.
62221;Vj. Index der Tarifverdienste und Arbeitszeiten;JAHR;Jahr;2018;DINSGF;Früheres Bundesgebiet / Neue Länder;DF;Früheres Bundesgebiet;WZ08C7;WZ2008 (ausgewählte Positionen): Tarifindex;WZ08-53;Post-, Kurier- und Expressdienste;94,4;2020=100;VST073;Index d.tarifl. Monatsverdienste mit Sonderzahl.
62221;Vj. Index der Tarifverdienste und Arbeitszeiten;JAHR;Jahr;2018;DINSGF;Früheres Bundesgebiet / Neue Länder;DF;Früheres Bundesgebiet;WZ08C7;WZ2008 (ausgewählte Positionen): Tarifindex;WZ08-53;Post-, Kurier- und Expressdienste;39,2;h;VST019;Durchschnittliche tarifliche Wochenarbeitszeit
62221;Vj. Index der Tarifverdienste und Arbeitszeiten;JAHR;Jahr;2018;DINSGF;Früheres Bundesgebiet / Neue Länder;DF;Früheres Bundesgebiet;WZ08C7;WZ2008 (ausgewählte Positionen): Tarifindex;WZ08-53;Post-, Kurier- und Expressdienste;94,7;2020=100;VST066;Index d.tarifl. Monatsverdienste ohne Sonderzahl.
62221;Vj. Index der Tarifverdienste und Arbeitszeiten;JAHR;Jahr;2018;DINSGF;Früheres Bundesgebiet / Neue Länder;DF;Früheres Bundesgebiet;WZ08C7;WZ2008 (ausgewählte Positionen): Tarifindex;WZ08-53;Post-, Kurier- und Expressdienste;100,0;2020=100;VST018;Index der tariflichen Wochenarbeitszeit
62221;Vj. Index der Tarifverdienste und Arbeitszeiten;JAHR;Jahr;2018;DINSGF;Früheres Bundesgebiet / Neue Länder;DF;Früheres Bundesgebiet;WZ08C7;WZ2008 (ausgewählte Positionen): Tarifindex;WZ08-53;Post-, Kurier- und Expressdienste;94,7;2020=100;VST065;Index d.tarifl. Stundenverdienste ohne Sonderzahl.
62221;Vj. Index der Tarifverdienste und Arbeitszeiten;JAHR;Jahr;2020;DINSGF;Früheres Bundesgebiet / Neue Länder;DN;Neue Länder;WZ08C7;WZ2008 (ausgewählte Positionen): Tarifindex;WZ08-01-01;Land- und Forstwirtschaft;100,0;2020=100;VST072;Index d.tarifl. Stundenverdienste mit Sonderzahl.
62221;Vj. Index der Tarifverdienste und Arbeitszeiten;JAHR;Jahr;2020;DINSGF;Früheres Bundesgebiet / Neue Länder;DN;Neue Länder;WZ08C7;WZ2008 (ausgewählte Positionen): Tarifindex;WZ08-01-01;Land- und Forstwirtschaft;100,0;2020=100;VST073;Index d.tarifl. Monatsverdienste mit Sonderzahl.
62221;Vj. Index der Tarifverdienste und Arbeitszeiten;JAHR;Jahr;2020;DINSGF;Früheres Bundesgebiet / Neue Länder;DN;Neue Länder;WZ08C7;WZ2008 (ausgewählte Positionen): Tarifindex;WZ08-01-01;Land- und Forstwirtschaft;39,8;h;VST019;Durchschnittliche tarifliche Wochenarbeitszeit
62221;Vj. Index der Tarifverdienste und Arbeitszeiten;JAHR;Jahr;2020;DINSGF;Früheres Bundesgebiet / Neue Länder;DN;Neue Länder;WZ08C7;WZ2008 (ausgewählte Positionen): Tarifindex;WZ08-01-01;Land- und Forstwirtschaft;100,0;2020=100;VST066;Index d.tarifl. Monatsverdienste ohne Sonderzahl.
62221;Vj. Index der Tarifverdienste und Arbeitszeiten;JAHR;Jahr;2020;DINSGF;Früheres Bundesgebiet / Neue Länder;DN;Neue Länder;WZ08C7;WZ2008 (ausgewählte Positionen): Tarifindex;WZ08-01-01;Land- und Forstwirtschaft;100,0;2020=100;VST018;Index der tariflichen Wochenarbeitszeit
62221;Vj. Index der Tarifverdienste und Arbeitszeiten;JAHR;Jahr;2020;DINSGF;Früheres Bundesgebiet / Neue Länder;DN;Neue Länder;WZ08C7;WZ2008 (ausgewählte Positionen): Tarifindex;WZ08-01-01;Land- und Forstwirtschaft;100,0;2020=100;VST065;Index d.tarifl. Stundenverdienste ohne Sonderzahl.
62221;Vj. Index der Tarifverdienste und Arbeitszeiten;JAHR;Jahr;2021;DINSGF;Früheres Bundesgebiet / Neue Länder;DN;Neue Länder;WZ08C7;WZ2008 (ausgewählte Positionen): Tarifindex;WZ08-69-02;Rechts- und Steuerberatung, Unternehmensberatung;102,2;2020=100;VST072;Index d.tarifl. Stundenverdienste mit Sonderzahl.
62221;Vj. Index der Tarifverdienste und Arbeitszeiten;JAHR;Jahr;2021;DINSGF;Früheres Bundesgebiet / Neue Länder;DN;Neue Länder;WZ08C7;WZ2008 (ausgewählte Positionen): Tarifindex;WZ08-69-02;Rechts- und Steuerberatung, Unternehmensberatung;102,1;2020=100;VST073;Index d.tarifl. Monatsverdienste mit Sonderzahl.
62221;Vj. Index der Tarifverdienste und Arbeitszeiten;JAHR;Jahr;2021;DINSGF;Früheres Bundesgebiet / Neue Länder;DN;Neue Länder;WZ08C7;WZ2008 (ausgewählte Positionen): Tarifindex;WZ08-69-02;Rechts- und Steuerberatung, Unternehmensberatung;38,3;h;VST019;Durchschnittliche tarifliche Wochenarbeitszeit
62221;Vj. Index der Tarifverdienste und Arbeitszeiten;JAHR;Jahr;2021;DINSGF;Früheres Bundesgebiet / Neue Länder;DN;Neue Länder;WZ08C7;WZ2008 (ausgewählte Positionen): Tarifindex;WZ08-69-02;Rechts- und Steuerberatung, Unternehmensberatung;101,9;2020=100;VST066;Index d.tarifl. Monatsverdienste ohne Sonderzahl.
62221;Vj. Index der Tarifverdienste und Arbeitszeiten;JAHR;Jahr;2021;DINSGF;Früheres Bundesgebiet / Neue Länder;DN;Neue Länder;WZ08C7;WZ2008 (ausgewählte Positionen): Tarifindex;WZ08-69-02;Rechts- und Steuerberatung, Unternehmensberatung;99,9;2020=100;VST018;Index der tariflichen Wochenarbeitszeit
62221;Vj. Index der Tarifverdienste und Arbeitszeiten;JAHR;Jahr;2021;DINSGF;Früheres Bundesgebiet / Neue Länder;DN;Neue Länder;WZ08C7;WZ2008 (ausgewählte Positionen): Tarifindex;WZ08-69-02;Rechts- und Steuerberatung, Unternehmensberatung;102,0;2020=100;VST065;Index d.tarifl. Stundenverdienste ohne Sonderzahl.
62221;Vj. Index der Tarifverdienste und Arbeitszeiten;JAHR;Jahr;2024;DINSGF;Früheres Bundesgebiet / Neue Länder;DN;Neue Länder;WZ08C7;WZ2008 (ausgewählte Positionen): Tarifindex;WZ-X003;Gebrauchsgüterproduzenten;114,3;2020=100;VST072;Index d.tarifl. Stundenverdienste mit Sonderzahl.
62221;Vj. Index der Tarifverdienste und Arbeitszeiten;JAHR;Jahr;2024;DINSGF;Früheres Bundesgebiet / Neue Länder;DN;Neue Länder;WZ08C7;WZ2008 (ausgewählte Positionen): Tarifindex;WZ-X003;Gebrauchsgüterproduzenten;114,3;2020=100;VST073;Index d.tarifl. Monatsverdienste mit Sonderzahl.
62221;Vj. Index der Tarifverdienste und Arbeitszeiten;JAHR;Jahr;2024;DINSGF;Früheres Bundesgebiet / Neue Länder;DN;Neue Länder;WZ08C7;WZ2008 (ausgewählte Positionen): Tarifindex;WZ-X003;Gebrauchsgüterproduzenten;37,9;h;VST019;Durchschnittliche tarifliche Wochenarbeitszeit
62221;Vj. Index der Tarifverdienste und Arbeitszeiten;JAHR;Jahr;2024;DINSGF;Früheres Bundesgebiet / Neue Länder;DN;Neue Länder;WZ08C7;WZ2008 (ausgewählte Positionen): Tarifindex;WZ-X003;Gebrauchsgüterproduzenten;108,9;2020=100;VST066;Index d.tarifl. Monatsverdienste ohne Sonderzahl.
62221;Vj. Index der Tarifverdienste und Arbeitszeiten;JAHR;Jahr;2024;DINSGF;Früheres Bundesgebiet / Neue Länder;DN;Neue Länder;WZ08C7;WZ2008 (ausgewählte Positionen): Tarifindex;WZ-X003;Gebrauchsgüterproduzenten;100,0;2020=100;VST018;Index der tariflichen Wochenarbeitszeit
62221;Vj. Index der Tarifverdienste und Arbeitszeiten;JAHR;Jahr;2024;DINSGF;Früheres Bundesgebiet / Neue Länder;DN;Neue Länder;WZ08C7;WZ2008 (ausgewählte Positionen): Tarifindex;WZ-X003;Gebrauchsgüterproduzenten;108,9;2020=100;VST065;Index d.tarifl. Stundenverdienste ohne Sonderzahl.
62221;Vj. Index der Tarifverdienste und Arbeitszeiten;JAHR;Jahr;2016;DINSGF;Früheres Bundesgebiet / Neue Länder;DF;Früheres Bundesgebiet;WZ08C7;WZ2008 (ausgewählte Positionen): Tarifindex;WZ08-94;Interessenvertr., kirchl. u. sonst. Vereinigungen;89,6;2020=100;VST072;Index d.tarifl. Stundenverdienste mit Sonderzahl.
62221;Vj. Index der Tarifverdienste und Arbeitszeiten;JAHR;Jahr;2016;DINSGF;Früheres Bundesgebiet / Neue Länder;DF;Früheres Bundesgebiet;WZ08C7;WZ2008 (ausgewählte Positionen): Tarifindex;WZ08-94;Interessenvertr., kirchl. u. sonst. Vereinigungen;89,6;2020=100;VST073;Index d.tarifl. Monatsverdienste mit Sonderzahl.
62221;Vj. Index der Tarifverdienste und Arbeitszeiten;JAHR;Jahr;2016;DINSGF;Früheres Bundesgebiet / Neue Länder;DF;Früheres Bundesgebiet;WZ08C7;WZ2008 (ausgewählte Positionen): Tarifindex;WZ08-94;Interessenvertr., kirchl. u. sonst. Vereinigungen;39,1;h;VST019;Durchschnittliche tarifliche Wochenarbeitszeit
62221;Vj. Index der Tarifverdienste und Arbeitszeiten;JAHR;Jahr;2016;DINSGF;Früheres Bundesgebiet / Neue Länder;DF;Früheres Bundesgebiet;WZ08C7;WZ2008 (ausgewählte Positionen): Tarifindex;WZ08-94;Interessenvertr., kirchl. u. sonst. Vereinigungen;89,2;2020=100;VST066;Index d.tarifl. Monatsverdienste ohne Sonderzahl.
62221;Vj. Index der Tarifverdienste und Arbeitszeiten;JAHR;Jahr;2016;DINSGF;Früheres Bundesgebiet / Neue Länder;DF;Früheres Bundesgebiet;WZ08C7;WZ2008 (ausgewählte Positionen): Tarifindex;WZ08-94;Interessenvertr., kirchl. u. sonst. Vereinigungen;100,0;2020=100;VST018;Index der tariflichen Wochenarbeitszeit
62221;Vj. Index der Tarifverdienste und Arbeitszeiten;JAHR;Jahr;2016;DINSGF;Früheres Bundesgebiet / Neue Länder;DF;Früheres Bundesgebiet;WZ08C7;WZ2008 (ausgewählte Positionen): Tarifindex;WZ08-94;Interessenvertr., kirchl. u. sonst. Vereinigungen;89,2;2020=100;VST065;Index d.tarifl. Stundenverdienste ohne Sonderzahl.
62221;Vj. Index der Tarifverdienste und Arbeitszeiten;JAHR;Jahr;2020;DINSGF;Früheres Bundesgebiet / Neue Länder;DF;Früheres Bundesgebiet;WZ08C7;WZ2008 (ausgewählte Positionen): Tarifindex;WZ08-10-01;Ernährungsgewerbe und Tabakverarbeitung;100,0;2020=100;VST072;Index d.tarifl. Stundenverdienste mit Sonderzahl.
62221;Vj. Index der Tarifverdienste und Arbeitszeiten;JAHR;Jahr;2020;DINSGF;Früheres Bundesgebiet / Neue Länder;DF;Früheres Bundesgebiet;WZ08C7;WZ2008 (ausgewählte Positionen): Tarifindex;WZ08-10-01;Ernährungsgewerbe und Tabakverarbeitung;100,0;2020=100;VST073;Index d.tarifl. Monatsverdienste mit Sonderzahl.
62221;Vj. Index der Tarifverdienste und Arbeitszeiten;JAHR;Jahr;2020;DINSGF;Früheres Bundesgebiet / Neue Länder;DF;Früheres Bundesgebiet;WZ08C7;WZ2008 (ausgewählte Positionen): Tarifindex;WZ08-10-01;Ernährungsgewerbe und Tabakverarbeitung;38,1;h;VST019;Durchschnittliche tarifliche Wochenarbeitszeit
62221;Vj. Index der Tarifverdienste und Arbeitszeiten;JAHR;Jahr;2020;DINSGF;Früheres Bundesgebiet / Neue Länder;DF;Früheres Bundesgebiet;WZ08C7;WZ2008 (ausgewählte Positionen): Tarifindex;WZ08-10-01;Ernährungsgewerbe und Tabakverarbeitung;100,0;2020=100;VST066;Index d.tarifl. Monatsverdienste ohne Sonderzahl.
62221;Vj. Index der Tarifverdienste und Arbeitszeiten;JAHR;Jahr;2020;DINSGF;Früheres Bundesgebiet / Neue Länder;DF;Früheres Bundesgebiet;WZ08C7;WZ2008 (ausgewählte Positionen): Tarifindex;WZ08-10-01;Ernährungsgewerbe und Tabakverarbeitung;100,0;2020=100;VST018;Index der tariflichen Wochenarbeitszeit
62221;Vj. Index der Tarifverdienste und Arbeitszeiten;JAHR;Jahr;2020;DINSGF;Früheres Bundesgebiet / Neue Länder;DF;Früheres Bundesgebiet;WZ08C7;WZ2008 (ausgewählte Positionen): Tarifindex;WZ08-10-01;Ernährungsgewerbe und Tabakverarbeitung;100,0;2020=100;VST065;Index d.tarifl. Stundenverdienste ohne Sonderzahl.
62221;Vj. Index der Tarifverdienste und Arbeitszeiten;JAHR;Jahr;2020;DINSGF;Früheres Bundesgebiet / Neue Länder;DN;Neue Länder;WZ08C7;WZ2008 (ausgewählte Positionen): Tarifindex;WZ08-D;Energieversorgung;100,0;2020=100;VST072;Index d.tarifl. Stundenverdienste mit Sonderzahl.
62221;Vj. Index der Tarifverdienste und Arbeitszeiten;JAHR;Jahr;2020;DINSGF;Früheres Bundesgebiet / Neue Länder;DN;Neue Länder;WZ08C7;WZ2008 (ausgewählte Positionen): Tarifindex;WZ08-D;Energieversorgung;100,0;2020=100;VST073;Index d.tarifl. Monatsverdienste mit Sonderzahl.
62221;Vj. Index der Tarifverdienste und Arbeitszeiten;JAHR;Jahr;2020;DINSGF;Früheres Bundesgebiet / Neue Länder;DN;Neue Länder;WZ08C7;WZ2008 (ausgewählte Positionen): Tarifindex;WZ08-D;Energieversorgung;38,1;h;VST019;Durchschnittliche tarifliche Wochenarbeitszeit
62221;Vj. Index der Tarifverdienste und Arbeitszeiten;JAHR;Jahr;2020;DINSGF;Früheres Bundesgebiet / Neue Länder;DN;Neue Länder;WZ08C7;WZ2008 (ausgewählte Positionen): Tarifindex;WZ08-D;Energieversorgung;100,0;2020=100;VST066;Index d.tarifl. Monatsverdienste ohne Sonderzahl.
62221;Vj. Index der Tarifverdienste und Arbeitszeiten;JAHR;Jahr;2020;DINSGF;Früheres Bundesgebiet / Neue Länder;DN;Neue Länder;WZ08C7;WZ2008 (ausgewählte Positionen): Tarifindex;WZ08-D;Energieversorgung;100,0;2020=100;VST018;Index der tariflichen Wochenarbeitszeit
62221;Vj. Index der Tarifverdienste und Arbeitszeiten;JAHR;Jahr;2020;DINSGF;Früheres Bundesgebiet / Neue Länder;DN;Neue Länder;WZ08C7;WZ2008 (ausgewählte Positionen): Tarifindex;WZ08-D;Energieversorgung;100,0;2020=100;VST065;Index d.tarifl. Stundenverdienste ohne Sonderzahl.
62221;Vj. Index der Tarifverdienste und Arbeitszeiten;JAHR;Jahr;2020;DINSGF;Früheres Bundesgebiet / Neue Länder;DN;Neue Länder;WZ08C7;WZ2008 (ausgewählte Positionen): Tarifindex;WZ08-45;Kfz-Handel, Instandhaltung und Reparatur von Kfz;100,0;2020=100;VST072;Index d.tarifl. Stundenverdienste mit Sonderzahl.
62221;Vj. Index der Tarifverdienste und Arbeitszeiten;JAHR;Jahr;2020;DINSGF;Früheres Bundesgebiet / Neue Länder;DN;Neue Länder;WZ08C7;WZ2008 (ausgewählte Positionen): Tarifindex;WZ08-45;Kfz-Handel, Instandhaltung und Reparatur von Kfz;100,0;2020=100;VST073;Index d.tarifl. Monatsverdienste mit Sonderzahl.
62221;Vj. Index der Tarifverdienste und Arbeitszeiten;JAHR;Jahr;2020;DINSGF;Früheres Bundesgebiet / Neue Länder;DN;Neue Länder;WZ08C7;WZ2008 (ausgewählte Positionen): Tarifindex;WZ08-45;Kfz-Handel, Instandhaltung und Reparatur von Kfz;37,3;h;VST019;Durchschnittliche tarifliche Wochenarbeitszeit
62221;Vj. Index der Tarifverdienste und Arbeitszeiten;JAHR;Jahr;2020;DINSGF;Früheres Bundesgebiet / Neue Länder;DN;Neue Länder;WZ08C7;WZ2008 (ausgewählte Positionen): Tarifindex;WZ08-45;Kfz-Handel, Instandhaltung und Reparatur von Kfz;100,0;2020=100;VST066;Index d.tarifl. Monatsverdienste ohne Sonderzahl.
62221;Vj. Index der Tarifverdienste und Arbeitszeiten;JAHR;Jahr;2020;DINSGF;Früheres Bundesgebiet / Neue Länder;DN;Neue Länder;WZ08C7;WZ2008 (ausgewählte Positionen): Tarifindex;WZ08-45;Kfz-Handel, Instandhaltung und Reparatur von Kfz;100,0;2020=100;VST018;Index der tariflichen Wochenarbeitszeit
62221;Vj. Index der Tarifverdienste und Arbeitszeiten;JAHR;Jahr;2020;DINSGF;Früheres Bundesgebiet / Neue Länder;DN;Neue Länder;WZ08C7;WZ2008 (ausgewählte Positionen): Tarifindex;WZ08-45;Kfz-Handel, Instandhaltung und Reparatur von Kfz;100,0;2020=100;VST065;Index d.tarifl. Stundenverdienste ohne Sonderzahl.
62221;Vj. Index der Tarifverdienste und Arbeitszeiten;JAHR;Jahr;2024;DINSGF;Früheres Bundesgebiet / Neue Länder;DF;Früheres Bundesgebiet;WZ08C7;WZ2008 (ausgewählte Positionen): Tarifindex;WZ08-29-01;Fahrzeugbau;111,7;2020=100;VST072;Index d.tarifl. Stundenverdienste mit Sonderzahl.
62221;Vj. Index der Tarifverdienste und Arbeitszeiten;JAHR;Jahr;2024;DINSGF;Früheres Bundesgebiet / Neue Länder;DF;Früheres Bundesgebiet;WZ08C7;WZ2008 (ausgewählte Positionen): Tarifindex;WZ08-29-01;Fahrzeugbau;111,7;2020=100;VST073;Index d.tarifl. Monatsverdienste mit Sonderzahl.
62221;Vj. Index der Tarifverdienste und Arbeitszeiten;JAHR;Jahr;2024;DINSGF;Früheres Bundesgebiet / Neue Länder;DF;Früheres Bundesgebiet;WZ08C7;WZ2008 (ausgewählte Positionen): Tarifindex;WZ08-29-01;Fahrzeugbau;35,2;h;VST019;Durchschnittliche tarifliche Wochenarbeitszeit
62221;Vj. Index der Tarifverdienste und Arbeitszeiten;JAHR;Jahr;2024;DINSGF;Früheres Bundesgebiet / Neue Länder;DF;Früheres Bundesgebiet;WZ08C7;WZ2008 (ausgewählte Positionen): Tarifindex;WZ08-29-01;Fahrzeugbau;108,2;2020=100;VST066;Index d.tarifl. Monatsverdienste ohne Sonderzahl.
62221;Vj. Index der Tarifverdienste und Arbeitszeiten;JAHR;Jahr;2024;DINSGF;Früheres Bundesgebiet / Neue Länder;DF;Früheres Bundesgebiet;WZ08C7;WZ2008 (ausgewählte Positionen): Tarifindex;WZ08-29-01;Fahrzeugbau;100,0;2020=100;VST018;Index der tariflichen Wochenarbeitszeit
62221;Vj. Index der Tarifverdienste und Arbeitszeiten;JAHR;Jahr;2024;DINSGF;Früheres Bundesgebiet / Neue Länder;DF;Früheres Bundesgebiet;WZ08C7;WZ2008 (ausgewählte Positionen): Tarifindex;WZ08-29-01;Fahrzeugbau;108,2;2020=100;VST065;Index d.tarifl. Stundenverdienste ohne Sonderzahl.
62221;Vj. Index der Tarifverdienste und Arbeitszeiten;JAHR;Jahr;2021;DINSGF;Früheres Bundesgebiet / Neue Länder;DF;Früheres Bundesgebiet;WZ08C7;WZ2008 (ausgewählte Positionen): Tarifindex;WZ08-81;Gebäudebetreuung, Garten- und Landschaftsbau;102,6;2020=100;VST072;Index d.tarifl. Stundenverdienste mit Sonderzahl.
62221;Vj. Index der Tarifverdienste und Arbeitszeiten;JAHR;Jahr;2021;DINSGF;Früheres Bundesgebiet / Neue Länder;DF;Früheres Bundesgebiet;WZ08C7;WZ2008 (ausgewählte Positionen): Tarifindex;WZ08-81;Gebäudebetreuung, Garten- und Landschaftsbau;102,6;2020=100;VST073;Index d.tarifl. Monatsverdienste mit Sonderzahl.
62221;Vj. Index der Tarifverdienste und Arbeitszeiten;JAHR;Jahr;2021;DINSGF;Früheres Bundesgebiet / Neue Länder;DF;Früheres Bundesgebiet;WZ08C7;WZ2008 (ausgewählte Positionen): Tarifindex;WZ08-81;Gebäudebetreuung, Garten- und Landschaftsbau;39,0;h;VST019;Durchschnittliche tarifliche Wochenarbeitszeit
62221;Vj. Index der Tarifverdienste und Arbeitszeiten;JAHR;Jahr;2021;DINSGF;Früheres Bundesgebiet / Neue Länder;DF;Früheres Bundesgebiet;WZ08C7;WZ2008 (ausgewählte Positionen): Tarifindex;WZ08-81;Gebäudebetreuung, Garten- und Landschaftsbau;102,6;2020=100;VST066;Index d.tarifl. Monatsverdienste ohne Sonderzahl.
62221;Vj. Index der Tarifverdienste und Arbeitszeiten;JAHR;Jahr;2021;DINSGF;Früheres Bundesgebiet / Neue Länder;DF;Früheres Bundesgebiet;WZ08C7;WZ2008 (ausgewählte Positionen): Tarifindex;WZ08-81;Gebäudebetreuung, Garten- und Landschaftsbau;100,0;2020=100;VST018;Index der tariflichen Wochenarbeitszeit
62221;Vj. Index der Tarifverdienste und Arbeitszeiten;JAHR;Jahr;2021;DINSGF;Früheres Bundesgebiet / Neue Länder;DF;Früheres Bundesgebiet;WZ08C7;WZ2008 (ausgewählte Positionen): Tarifindex;WZ08-81;Gebäudebetreuung, Garten- und Landschaftsbau;102,6;2020=100;VST065;Index d.tarifl. Stundenverdienste ohne Sonderzahl.
62221;Vj. Index der Tarifverdienste und Arbeitszeiten;JAHR;Jahr;2021;DINSGF;Früheres Bundesgebiet / Neue Länder;DF;Früheres Bundesgebiet;WZ08C7;WZ2008 (ausgewählte Positionen): Tarifindex;WZ08-96;Sonstige überwiegend persönliche Dienstleistungen;100,9;2020=100;VST072;Index d.tarifl. Stundenverdienste mit Sonderzahl.
62221;Vj. Index der Tarifverdienste und Arbeitszeiten;JAHR;Jahr;2021;DINSGF;Früheres Bundesgebiet / Neue Länder;DF;Früheres Bundesgebiet;WZ08C7;WZ2008 (ausgewählte Positionen): Tarifindex;WZ08-96;Sonstige überwiegend persönliche Dienstleistungen;100,9;2020=100;VST073;Index d.tarifl. Monatsverdienste mit Sonderzahl.
62221;Vj. Index der Tarifverdienste und Arbeitszeiten;JAHR;Jahr;2021;DINSGF;Früheres Bundesgebiet / Neue Länder;DF;Früheres Bundesgebiet;WZ08C7;WZ2008 (ausgewählte Positionen): Tarifindex;WZ08-96;Sonstige überwiegend persönliche Dienstleistungen;38,7;h;VST019;Durchschnittliche tarifliche Wochenarbeitszeit
62221;Vj. Index der Tarifverdienste und Arbeitszeiten;JAHR;Jahr;2021;DINSGF;Früheres Bundesgebiet / Neue Länder;DF;Früheres Bundesgebiet;WZ08C7;WZ2008 (ausgewählte Positionen): Tarifindex;WZ08-96;Sonstige überwiegend persönliche Dienstleistungen;101,0;2020=100;VST066;Index d.tarifl. Monatsverdienste ohne Sonderzahl.
62221;Vj. Index der Tarifverdienste und Arbeitszeiten;JAHR;Jahr;2021;DINSGF;Früheres Bundesgebiet / Neue Länder;DF;Früheres Bundesgebiet;WZ08C7;WZ2008 (ausgewählte Positionen): Tarifindex;WZ08-96;Sonstige überwiegend persönliche Dienstleistungen;100,0;2020=100;VST018;Index der tariflichen Wochenarbeitszeit
62221;Vj. Index der Tarifverdienste und Arbeitszeiten;JAHR;Jahr;2021;DINSGF;Früheres Bundesgebiet / Neue Länder;DF;Früheres Bundesgebiet;WZ08C7;WZ2008 (ausgewählte Positionen): Tarifindex;WZ08-96;Sonstige überwiegend persönliche Dienstleistungen;101,0;2020=100;VST065;Index d.tarifl. Stundenverdienste ohne Sonderzahl.
62221;Vj. Index der Tarifverdienste und Arbeitszeiten;JAHR;Jahr;2022;DINSGF;Früheres Bundesgebiet / Neue Länder;DN;Neue Länder;WZ08C7;WZ2008 (ausgewählte Positionen): Tarifindex;WZ08-92;Spiel-, Wett- und Lotteriewesen;105,4;2020=100;VST072;Index d.tarifl. Stundenverdienste mit Sonderzahl.
62221;Vj. Index der Tarifverdienste und Arbeitszeiten;JAHR;Jahr;2022;DINSGF;Früheres Bundesgebiet / Neue Länder;DN;Neue Länder;WZ08C7;WZ2008 (ausgewählte Positionen): Tarifindex;WZ08-92;Spiel-, Wett- und Lotteriewesen;105,4;2020=100;VST073;Index d.tarifl. Monatsverdienste mit Sonderzahl.
62221;Vj. Index der Tarifverdienste und Arbeitszeiten;JAHR;Jahr;2022;DINSGF;Früheres Bundesgebiet / Neue Länder;DN;Neue Länder;WZ08C7;WZ2008 (ausgewählte Positionen): Tarifindex;WZ08-92;Spiel-, Wett- und Lotteriewesen;39,3;h;VST019;Durchschnittliche tarifliche Wochenarbeitszeit
62221;Vj. Index der Tarifverdienste und Arbeitszeiten;JAHR;Jahr;2022;DINSGF;Früheres Bundesgebiet / Neue Länder;DN;Neue Länder;WZ08C7;WZ2008 (ausgewählte Positionen): Tarifindex;WZ08-92;Spiel-, Wett- und Lotteriewesen;103,9;2020=100;VST066;Index d.tarifl. Monatsverdienste ohne Sonderzahl.
62221;Vj. Index der Tarifverdienste und Arbeitszeiten;JAHR;Jahr;2022;DINSGF;Früheres Bundesgebiet / Neue Länder;DN;Neue Länder;WZ08C7;WZ2008 (ausgewählte Positionen): Tarifindex;WZ08-92;Spiel-, Wett- und Lotteriewesen;100,0;2020=100;VST018;Index der tariflichen Wochenarbeitszeit
62221;Vj. Index der Tarifverdienste und Arbeitszeiten;JAHR;Jahr;2022;DINSGF;Früheres Bundesgebiet / Neue Länder;DN;Neue Länder;WZ08C7;WZ2008 (ausgewählte Positionen): Tarifindex;WZ08-92;Spiel-, Wett- und Lotteriewesen;103,9;2020=100;VST065;Index d.tarifl. Stundenverdienste ohne Sonderzahl.
62221;Vj. Index der Tarifverdienste und Arbeitszeiten;JAHR;Jahr;2025;DINSGF;Früheres Bundesgebiet / Neue Länder;DF;Früheres Bundesgebiet;WZ08C7;WZ2008 (ausgewählte Positionen): Tarifindex;WZ08-D;Energieversorgung;117,3;2020=100;VST072;Index d.tarifl. Stundenverdienste mit Sonderzahl.
62221;Vj. Index der Tarifverdienste und Arbeitszeiten;JAHR;Jahr;2025;DINSGF;Früheres Bundesgebiet / Neue Länder;DF;Früheres Bundesgebiet;WZ08C7;WZ2008 (ausgewählte Positionen): Tarifindex;WZ08-D;Energieversorgung;117,6;2020=100;VST073;Index d.tarifl. Monatsverdienste mit Sonderzahl.
62221;Vj. Index der Tarifverdienste und Arbeitszeiten;JAHR;Jahr;2025;DINSGF;Früheres Bundesgebiet / Neue Länder;DF;Früheres Bundesgebiet;WZ08C7;WZ2008 (ausgewählte Positionen): Tarifindex;WZ08-D;Energieversorgung;38,3;h;VST019;Durchschnittliche tarifliche Wochenarbeitszeit
62221;Vj. Index der Tarifverdienste und Arbeitszeiten;JAHR;Jahr;2025;DINSGF;Früheres Bundesgebiet / Neue Länder;DF;Früheres Bundesgebiet;WZ08C7;WZ2008 (ausgewählte Positionen): Tarifindex;WZ08-D;Energieversorgung;117,8;2020=100;VST066;Index d.tarifl. Monatsverdienste ohne Sonderzahl.
62221;Vj. Index der Tarifverdienste und Arbeitszeiten;JAHR;Jahr;2025;DINSGF;Früheres Bundesgebiet / Neue Länder;DF;Früheres Bundesgebiet;WZ08C7;WZ2008 (ausgewählte Positionen): Tarifindex;WZ08-D;Energieversorgung;100,3;2020=100;VST018;Index der tariflichen Wochenarbeitszeit
62221;Vj. Index der Tarifverdienste und Arbeitszeiten;JAHR;Jahr;2025;DINSGF;Früheres Bundesgebiet / Neue Länder;DF;Früheres Bundesgebiet;WZ08C7;WZ2008 (ausgewählte Positionen): Tarifindex;WZ08-D;Energieversorgung;117,5;2020=100;VST065;Index d.tarifl. Stundenverdienste ohne Sonderzahl.
62221;Vj. Index der Tarifverdienste und Arbeitszeiten;JAHR;Jahr;2016;DINSGF;Früheres Bundesgebiet / Neue Länder;DF;Früheres Bundesgebiet;WZ08C7;WZ2008 (ausgewählte Positionen): Tarifindex;WZ08-01-01;Land- und Forstwirtschaft;90,5;2020=100;VST072;Index d.tarifl. Stundenverdienste mit Sonderzahl.
62221;Vj. Index der Tarifverdienste und Arbeitszeiten;JAHR;Jahr;2016;DINSGF;Früheres Bundesgebiet / Neue Länder;DF;Früheres Bundesgebiet;WZ08C7;WZ2008 (ausgewählte Positionen): Tarifindex;WZ08-01-01;Land- und Forstwirtschaft;90,5;2020=100;VST073;Index d.tarifl. Monatsverdienste mit Sonderzahl.
62221;Vj. Index der Tarifverdienste und Arbeitszeiten;JAHR;Jahr;2016;DINSGF;Früheres Bundesgebiet / Neue Länder;DF;Früheres Bundesgebiet;WZ08C7;WZ2008 (ausgewählte Positionen): Tarifindex;WZ08-01-01;Land- und Forstwirtschaft;39,6;h;VST019;Durchschnittliche tarifliche Wochenarbeitszeit
62221;Vj. Index der Tarifverdienste und Arbeitszeiten;JAHR;Jahr;2016;DINSGF;Früheres Bundesgebiet / Neue Länder;DF;Früheres Bundesgebiet;WZ08C7;WZ2008 (ausgewählte Positionen): Tarifindex;WZ08-01-01;Land- und Forstwirtschaft;90,2;2020=100;VST066;Index d.tarifl. Monatsverdienste ohne Sonderzahl.
62221;Vj. Index der Tarifverdienste und Arbeitszeiten;JAHR;Jahr;2016;DINSGF;Früheres Bundesgebiet / Neue Länder;DF;Früheres Bundesgebiet;WZ08C7;WZ2008 (ausgewählte Positionen): Tarifindex;WZ08-01-01;Land- und Forstwirtschaft;100,0;2020=100;VST018;Index der tariflichen Wochenarbeitszeit
62221;Vj. Index der Tarifverdienste und Arbeitszeiten;JAHR;Jahr;2016;DINSGF;Früheres Bundesgebiet / Neue Länder;DF;Früheres Bundesgebiet;WZ08C7;WZ2008 (ausgewählte Positionen): Tarifindex;WZ08-01-01;Land- und Forstwirtschaft;90,2;2020=100;VST065;Index d.tarifl. Stundenverdienste ohne Sonderzahl.
62221;Vj. Index der Tarifverdienste und Arbeitszeiten;JAHR;Jahr;2020;DINSGF;Früheres Bundesgebiet / Neue Länder;DN;Neue Länder;WZ08C7;WZ2008 (ausgewählte Positionen): Tarifindex;WZ08-30;Sonstiger Fahrzeugbau;100,0;2020=100;VST072;Index d.tarifl. Stundenverdienste mit Sonderzahl.
62221;Vj. Index der Tarifverdienste und Arbeitszeiten;JAHR;Jahr;2020;DINSGF;Früheres Bundesgebiet / Neue Länder;DN;Neue Länder;WZ08C7;WZ2008 (ausgewählte Positionen): Tarifindex;WZ08-30;Sonstiger Fahrzeugbau;100,0;2020=100;VST073;Index d.tarifl. Monatsverdienste mit Sonderzahl.
62221;Vj. Index der Tarifverdienste und Arbeitszeiten;JAHR;Jahr;2020;DINSGF;Früheres Bundesgebiet / Neue Länder;DN;Neue Länder;WZ08C7;WZ2008 (ausgewählte Positionen): Tarifindex;WZ08-30;Sonstiger Fahrzeugbau;38,4;h;VST019;Durchschnittliche tarifliche Wochenarbeitszeit
62221;Vj. Index der Tarifverdienste und Arbeitszeiten;JAHR;Jahr;2020;DINSGF;Früheres Bundesgebiet / Neue Länder;DN;Neue Länder;WZ08C7;WZ2008 (ausgewählte Positionen): Tarifindex;WZ08-30;Sonstiger Fahrzeugbau;100,0;2020=100;VST066;Index d.tarifl. Monatsverdienste ohne Sonderzahl.
62221;Vj. Index der Tarifverdienste und Arbeitszeiten;JAHR;Jahr;2020;DINSGF;Früheres Bundesgebiet / Neue Länder;DN;Neue Länder;WZ08C7;WZ2008 (ausgewählte Positionen): Tarifindex;WZ08-30;Sonstiger Fahrzeugbau;100,0;2020=100;VST018;Index der tariflichen Wochenarbeitszeit
62221;Vj. Index der Tarifverdienste und Arbeitszeiten;JAHR;Jahr;2020;DINSGF;Früheres Bundesgebiet / Neue Länder;DN;Neue Länder;WZ08C7;WZ2008 (ausgewählte Positionen): Tarifindex;WZ08-30;Sonstiger Fahrzeugbau;100,0;2020=100;VST065;Index d.tarifl. Stundenverdienste ohne Sonderzahl.
62221;Vj. Index der Tarifverdienste und Arbeitszeiten;JAHR;Jahr;2020;DINSGF;Früheres Bundesgebiet / Neue Länder;DN;Neue Länder;WZ08C7;WZ2008 (ausgewählte Positionen): Tarifindex;WZ08-27;Herstellung von elektrischen Ausrüstungen;100,0;2020=100;VST072;Index d.tarifl. Stundenverdienste mit Sonderzahl.
62221;Vj. Index der Tarifverdienste und Arbeitszeiten;JAHR;Jahr;2020;DINSGF;Früheres Bundesgebiet / Neue Länder;DN;Neue Länder;WZ08C7;WZ2008 (ausgewählte Positionen): Tarifindex;WZ08-27;Herstellung von elektrischen Ausrüstungen;100,0;2020=100;VST073;Index d.tarifl. Monatsverdienste mit Sonderzahl.
62221;Vj. Index der Tarifverdienste und Arbeitszeiten;JAHR;Jahr;2020;DINSGF;Früheres Bundesgebiet / Neue Länder;DN;Neue Länder;WZ08C7;WZ2008 (ausgewählte Positionen): Tarifindex;WZ08-27;Herstellung von elektrischen Ausrüstungen;37,8;h;VST019;Durchschnittliche tarifliche Wochenarbeitszeit
62221;Vj. Index der Tarifverdienste und Arbeitszeiten;JAHR;Jahr;2020;DINSGF;Früheres Bundesgebiet / Neue Länder;DN;Neue Länder;WZ08C7;WZ2008 (ausgewählte Positionen): Tarifindex;WZ08-27;Herstellung von elektrischen Ausrüstungen;100,0;2020=100;VST066;Index d.tarifl. Monatsverdienste ohne Sonderzahl.
62221;Vj. Index der Tarifverdienste und Arbeitszeiten;JAHR;Jahr;2020;DINSGF;Früheres Bundesgebiet / Neue Länder;DN;Neue Länder;WZ08C7;WZ2008 (ausgewählte Positionen): Tarifindex;WZ08-27;Herstellung von elektrischen Ausrüstungen;100,0;2020=100;VST018;Index der tariflichen Wochenarbeitszeit
62221;Vj. Index der Tarifverdienste und Arbeitszeiten;JAHR;Jahr;2020;DINSGF;Früheres Bundesgebiet / Neue Länder;DN;Neue Länder;WZ08C7;WZ2008 (ausgewählte Positionen): Tarifindex;WZ08-27;Herstellung von elektrischen Ausrüstungen;100,0;2020=100;VST065;Index d.tarifl. Stundenverdienste ohne Sonderzahl.
62221;Vj. Index der Tarifverdienste und Arbeitszeiten;JAHR;Jahr;2017;DINSGF;Früheres Bundesgebiet / Neue Länder;DF;Früheres Bundesgebiet;WZ08C7;WZ2008 (ausgewählte Positionen): Tarifindex;WZ08-69-02;Rechts- und Steuerberatung, Unternehmensberatung;93,0;2020=100;VST072;Index d.tarifl. Stundenverdienste mit Sonderzahl.
62221;Vj. Index der Tarifverdienste und Arbeitszeiten;JAHR;Jahr;2017;DINSGF;Früheres Bundesgebiet / Neue Länder;DF;Früheres Bundesgebiet;WZ08C7;WZ2008 (ausgewählte Positionen): Tarifindex;WZ08-69-02;Rechts- und Steuerberatung, Unternehmensberatung;93,0;2020=100;VST073;Index d.tarifl. Monatsverdienste mit Sonderzahl.
62221;Vj. Index der Tarifverdienste und Arbeitszeiten;JAHR;Jahr;2017;DINSGF;Früheres Bundesgebiet / Neue Länder;DF;Früheres Bundesgebiet;WZ08C7;WZ2008 (ausgewählte Positionen): Tarifindex;WZ08-69-02;Rechts- und Steuerberatung, Unternehmensberatung;37,5;h;VST019;Durchschnittliche tarifliche Wochenarbeitszeit
62221;Vj. Index der Tarifverdienste und Arbeitszeiten;JAHR;Jahr;2017;DINSGF;Früheres Bundesgebiet / Neue Länder;DF;Früheres Bundesgebiet;WZ08C7;WZ2008 (ausgewählte Positionen): Tarifindex;WZ08-69-02;Rechts- und Steuerberatung, Unternehmensberatung;93,7;2020=100;VST066;Index d.tarifl. Monatsverdienste ohne Sonderzahl.
62221;Vj. Index der Tarifverdienste und Arbeitszeiten;JAHR;Jahr;2017;DINSGF;Früheres Bundesgebiet / Neue Länder;DF;Früheres Bundesgebiet;WZ08C7;WZ2008 (ausgewählte Positionen): Tarifindex;WZ08-69-02;Rechts- und Steuerberatung, Unternehmensberatung;100,0;2020=100;VST018;Index der tariflichen Wochenarbeitszeit
62221;Vj. Index der Tarifverdienste und Arbeitszeiten;JAHR;Jahr;2017;DINSGF;Früheres Bundesgebiet / Neue Länder;DF;Früheres Bundesgebiet;WZ08C7;WZ2008 (ausgewählte Positionen): Tarifindex;WZ08-69-02;Rechts- und Steuerberatung, Unternehmensberatung;93,7;2020=100;VST065;Index d.tarifl. Stundenverdienste ohne Sonderzahl.
62221;Vj. Index der Tarifverdienste und Arbeitszeiten;JAHR;Jahr;2023;DINSGF;Früheres Bundesgebiet / Neue Länder;DF;Früheres Bundesgebiet;WZ08C7;WZ2008 (ausgewählte Positionen): Tarifindex;WZ08-37;Abwasserentsorgung;106,8;2020=100;VST072;Index d.tarifl. Stundenverdienste mit Sonderzahl.
62221;Vj. Index der Tarifverdienste und Arbeitszeiten;JAHR;Jahr;2023;DINSGF;Früheres Bundesgebiet / Neue Länder;DF;Früheres Bundesgebiet;WZ08C7;WZ2008 (ausgewählte Positionen): Tarifindex;WZ08-37;Abwasserentsorgung;106,8;2020=100;VST073;Index d.tarifl. Monatsverdienste mit Sonderzahl.
62221;Vj. Index der Tarifverdienste und Arbeitszeiten;JAHR;Jahr;2023;DINSGF;Früheres Bundesgebiet / Neue Länder;DF;Früheres Bundesgebiet;WZ08C7;WZ2008 (ausgewählte Positionen): Tarifindex;WZ08-37;Abwasserentsorgung;39,0;h;VST019;Durchschnittliche tarifliche Wochenarbeitszeit
62221;Vj. Index der Tarifverdienste und Arbeitszeiten;JAHR;Jahr;2023;DINSGF;Früheres Bundesgebiet / Neue Länder;DF;Früheres Bundesgebiet;WZ08C7;WZ2008 (ausgewählte Positionen): Tarifindex;WZ08-37;Abwasserentsorgung;103,5;2020=100;VST066;Index d.tarifl. Monatsverdienste ohne Sonderzahl.
62221;Vj. Index der Tarifverdienste und Arbeitszeiten;JAHR;Jahr;2023;DINSGF;Früheres Bundesgebiet / Neue Länder;DF;Früheres Bundesgebiet;WZ08C7;WZ2008 (ausgewählte Positionen): Tarifindex;WZ08-37;Abwasserentsorgung;100,0;2020=100;VST018;Index der tariflichen Wochenarbeitszeit
62221;Vj. Index der Tarifverdienste und Arbeitszeiten;JAHR;Jahr;2023;DINSGF;Früheres Bundesgebiet / Neue Länder;DF;Früheres Bundesgebiet;WZ08C7;WZ2008 (ausgewählte Positionen): Tarifindex;WZ08-37;Abwasserentsorgung;103,5;2020=100;VST065;Index d.tarifl. Stundenverdienste ohne Sonderzahl.
62221;Vj. Index der Tarifverdienste und Arbeitszeiten;JAHR;Jahr;2020;DINSGF;Früheres Bundesgebiet / Neue Länder;DN;Neue Länder;WZ08C7;WZ2008 (ausgewählte Positionen): Tarifindex;WZ08-12;Tabakverarbeitung;100,0;2020=100;VST072;Index d.tarifl. Stundenverdienste mit Sonderzahl.
62221;Vj. Index der Tarifverdienste und Arbeitszeiten;JAHR;Jahr;2020;DINSGF;Früheres Bundesgebiet / Neue Länder;DN;Neue Länder;WZ08C7;WZ2008 (ausgewählte Positionen): Tarifindex;WZ08-12;Tabakverarbeitung;100,0;2020=100;VST073;Index d.tarifl. Monatsverdienste mit Sonderzahl.
62221;Vj. Index der Tarifverdienste und Arbeitszeiten;JAHR;Jahr;2020;DINSGF;Früheres Bundesgebiet / Neue Länder;DN;Neue Länder;WZ08C7;WZ2008 (ausgewählte Positionen): Tarifindex;WZ08-12;Tabakverarbeitung;38,2;h;VST019;Durchschnittliche tarifliche Wochenarbeitszeit
62221;Vj. Index der Tarifverdienste und Arbeitszeiten;JAHR;Jahr;2020;DINSGF;Früheres Bundesgebiet / Neue Länder;DN;Neue Länder;WZ08C7;WZ2008 (ausgewählte Positionen): Tarifindex;WZ08-12;Tabakverarbeitung;100,0;2020=100;VST066;Index d.tarifl. Monatsverdienste ohne Sonderzahl.
62221;Vj. Index der Tarifverdienste und Arbeitszeiten;JAHR;Jahr;2020;DINSGF;Früheres Bundesgebiet / Neue Länder;DN;Neue Länder;WZ08C7;WZ2008 (ausgewählte Positionen): Tarifindex;WZ08-12;Tabakverarbeitung;100,0;2020=100;VST018;Index der tariflichen Wochenarbeitszeit
62221;Vj. Index der Tarifverdienste und Arbeitszeiten;JAHR;Jahr;2020;DINSGF;Früheres Bundesgebiet / Neue Länder;DN;Neue Länder;WZ08C7;WZ2008 (ausgewählte Positionen): Tarifindex;WZ08-12;Tabakverarbeitung;100,0;2020=100;VST065;Index d.tarifl. Stundenverdienste ohne Sonderzahl.
62221;Vj. Index der Tarifverdienste und Arbeitszeiten;JAHR;Jahr;2018;DINSGF;Früheres Bundesgebiet / Neue Länder;DN;Neue Länder;WZ08C7;WZ2008 (ausgewählte Positionen): Tarifindex;WZ08-23;H.v.Glas,-waren,Keramik,Verarb. v.Steinen u.Erden;94,7;2020=100;VST072;Index d.tarifl. Stundenverdienste mit Sonderzahl.
62221;Vj. Index der Tarifverdienste und Arbeitszeiten;JAHR;Jahr;2018;DINSGF;Früheres Bundesgebiet / Neue Länder;DN;Neue Länder;WZ08C7;WZ2008 (ausgewählte Positionen): Tarifindex;WZ08-23;H.v.Glas,-waren,Keramik,Verarb. v.Steinen u.Erden;94,9;2020=100;VST073;Index d.tarifl. Monatsverdienste mit Sonderzahl.
62221;Vj. Index der Tarifverdienste und Arbeitszeiten;JAHR;Jahr;2018;DINSGF;Früheres Bundesgebiet / Neue Länder;DN;Neue Länder;WZ08C7;WZ2008 (ausgewählte Positionen): Tarifindex;WZ08-23;H.v.Glas,-waren,Keramik,Verarb. v.Steinen u.Erden;38,9;h;VST019;Durchschnittliche tarifliche Wochenarbeitszeit
62221;Vj. Index der Tarifverdienste und Arbeitszeiten;JAHR;Jahr;2018;DINSGF;Früheres Bundesgebiet / Neue Länder;DN;Neue Länder;WZ08C7;WZ2008 (ausgewählte Positionen): Tarifindex;WZ08-23;H.v.Glas,-waren,Keramik,Verarb. v.Steinen u.Erden;95,0;2020=100;VST066;Index d.tarifl. Monatsverdienste ohne Sonderzahl.
62221;Vj. Index der Tarifverdienste und Arbeitszeiten;JAHR;Jahr;2018;DINSGF;Früheres Bundesgebiet / Neue Länder;DN;Neue Länder;WZ08C7;WZ2008 (ausgewählte Positionen): Tarifindex;WZ08-23;H.v.Glas,-waren,Keramik,Verarb. v.Steinen u.Erden;100,2;2020=100;VST018;Index der tariflichen Wochenarbeitszeit
62221;Vj. Index der Tarifverdienste und Arbeitszeiten;JAHR;Jahr;2018;DINSGF;Früheres Bundesgebiet / Neue Länder;DN;Neue Länder;WZ08C7;WZ2008 (ausgewählte Positionen): Tarifindex;WZ08-23;H.v.Glas,-waren,Keramik,Verarb. v.Steinen u.Erden;94,7;2020=100;VST065;Index d.tarifl. Stundenverdienste ohne Sonderzahl.
62221;Vj. Index der Tarifverdienste und Arbeitszeiten;JAHR;Jahr;2019;DINSGF;Früheres Bundesgebiet / Neue Länder;DF;Früheres Bundesgebiet;WZ08C7;WZ2008 (ausgewählte Positionen): Tarifindex;WZ08-92;Spiel-, Wett- und Lotteriewesen;98,0;2020=100;VST072;Index d.tarifl. Stundenverdienste mit Sonderzahl.
62221;Vj. Index der Tarifverdienste und Arbeitszeiten;JAHR;Jahr;2019;DINSGF;Früheres Bundesgebiet / Neue Länder;DF;Früheres Bundesgebiet;WZ08C7;WZ2008 (ausgewählte Positionen): Tarifindex;WZ08-92;Spiel-, Wett- und Lotteriewesen;98,0;2020=100;VST073;Index d.tarifl. Monatsverdienste mit Sonderzahl.
62221;Vj. Index der Tarifverdienste und Arbeitszeiten;JAHR;Jahr;2019;DINSGF;Früheres Bundesgebiet / Neue Länder;DF;Früheres Bundesgebiet;WZ08C7;WZ2008 (ausgewählte Positionen): Tarifindex;WZ08-92;Spiel-, Wett- und Lotteriewesen;38,7;h;VST019;Durchschnittliche tarifliche Wochenarbeitszeit
62221;Vj. Index der Tarifverdienste und Arbeitszeiten;JAHR;Jahr;2019;DINSGF;Früheres Bundesgebiet / Neue Länder;DF;Früheres Bundesgebiet;WZ08C7;WZ2008 (ausgewählte Positionen): Tarifindex;WZ08-92;Spiel-, Wett- und Lotteriewesen;98,1;2020=100;VST066;Index d.tarifl. Monatsverdienste ohne Sonderzahl.
62221;Vj. Index der Tarifverdienste und Arbeitszeiten;JAHR;Jahr;2019;DINSGF;Früheres Bundesgebiet / Neue Länder;DF;Früheres Bundesgebiet;WZ08C7;WZ2008 (ausgewählte Positionen): Tarifindex;WZ08-92;Spiel-, Wett- und Lotteriewesen;100,0;2020=100;VST018;Index der tariflichen Wochenarbeitszeit
62221;Vj. Index der Tarifverdienste und Arbeitszeiten;JAHR;Jahr;2019;DINSGF;Früheres Bundesgebiet / Neue Länder;DF;Früheres Bundesgebiet;WZ08C7;WZ2008 (ausgewählte Positionen): Tarifindex;WZ08-92;Spiel-, Wett- und Lotteriewesen;98,1;2020=100;VST065;Index d.tarifl. Stundenverdienste ohne Sonderzahl.
62221;Vj. Index der Tarifverdienste und Arbeitszeiten;JAHR;Jahr;2017;DINSGF;Früheres Bundesgebiet / Neue Länder;DF;Früheres Bundesgebiet;WZ08C7;WZ2008 (ausgewählte Positionen): Tarifindex;WZ08-Q;Gesundheits- und Sozialwesen;92,3;2020=100;VST072;Index d.tarifl. Stundenverdienste mit Sonderzahl.
62221;Vj. Index der Tarifverdienste und Arbeitszeiten;JAHR;Jahr;2017;DINSGF;Früheres Bundesgebiet / Neue Länder;DF;Früheres Bundesgebiet;WZ08C7;WZ2008 (ausgewählte Positionen): Tarifindex;WZ08-Q;Gesundheits- und Sozialwesen;92,3;2020=100;VST073;Index d.tarifl. Monatsverdienste mit Sonderzahl.
62221;Vj. Index der Tarifverdienste und Arbeitszeiten;JAHR;Jahr;2017;DINSGF;Früheres Bundesgebiet / Neue Länder;DF;Früheres Bundesgebiet;WZ08C7;WZ2008 (ausgewählte Positionen): Tarifindex;WZ08-Q;Gesundheits- und Sozialwesen;39,1;h;VST019;Durchschnittliche tarifliche Wochenarbeitszeit
62221;Vj. Index der Tarifverdienste und Arbeitszeiten;JAHR;Jahr;2017;DINSGF;Früheres Bundesgebiet / Neue Länder;DF;Früheres Bundesgebiet;WZ08C7;WZ2008 (ausgewählte Positionen): Tarifindex;WZ08-Q;Gesundheits- und Sozialwesen;92,5;2020=100;VST066;Index d.tarifl. Monatsverdienste ohne Sonderzahl.
62221;Vj. Index der Tarifverdienste und Arbeitszeiten;JAHR;Jahr;2017;DINSGF;Früheres Bundesgebiet / Neue Länder;DF;Früheres Bundesgebiet;WZ08C7;WZ2008 (ausgewählte Positionen): Tarifindex;WZ08-Q;Gesundheits- und Sozialwesen;100,0;2020=100;VST018;Index der tariflichen Wochenarbeitszeit
62221;Vj. Index der Tarifverdienste und Arbeitszeiten;JAHR;Jahr;2017;DINSGF;Früheres Bundesgebiet / Neue Länder;DF;Früheres Bundesgebiet;WZ08C7;WZ2008 (ausgewählte Positionen): Tarifindex;WZ08-Q;Gesundheits- und Sozialwesen;92,5;2020=100;VST065;Index d.tarifl. Stundenverdienste ohne Sonderzahl.
62221;Vj. Index der Tarifverdienste und Arbeitszeiten;JAHR;Jahr;2024;DINSGF;Früheres Bundesgebiet / Neue Länder;DF;Früheres Bundesgebiet;WZ08C7;WZ2008 (ausgewählte Positionen): Tarifindex;WZ08-B-14;Kohlenbergbau, Gewinnung von Erdöl und Erdgas;109,1;2020=100;VST072;Index d.tarifl. Stundenverdienste mit Sonderzahl.
62221;Vj. Index der Tarifverdienste und Arbeitszeiten;JAHR;Jahr;2024;DINSGF;Früheres Bundesgebiet / Neue Länder;DF;Früheres Bundesgebiet;WZ08C7;WZ2008 (ausgewählte Positionen): Tarifindex;WZ08-B-14;Kohlenbergbau, Gewinnung von Erdöl und Erdgas;108,9;2020=100;VST073;Index d.tarifl. Monatsverdienste mit Sonderzahl.
62221;Vj. Index der Tarifverdienste und Arbeitszeiten;JAHR;Jahr;2024;DINSGF;Früheres Bundesgebiet / Neue Länder;DF;Früheres Bundesgebiet;WZ08C7;WZ2008 (ausgewählte Positionen): Tarifindex;WZ08-B-14;Kohlenbergbau, Gewinnung von Erdöl und Erdgas;39,5;h;VST019;Durchschnittliche tarifliche Wochenarbeitszeit
62221;Vj. Index der Tarifverdienste und Arbeitszeiten;JAHR;Jahr;2024;DINSGF;Früheres Bundesgebiet / Neue Länder;DF;Früheres Bundesgebiet;WZ08C7;WZ2008 (ausgewählte Positionen): Tarifindex;WZ08-B-14;Kohlenbergbau, Gewinnung von Erdöl und Erdgas;107,1;2020=100;VST066;Index d.tarifl. Monatsverdienste ohne Sonderzahl.
62221;Vj. Index der Tarifverdienste und Arbeitszeiten;JAHR;Jahr;2024;DINSGF;Früheres Bundesgebiet / Neue Länder;DF;Früheres Bundesgebiet;WZ08C7;WZ2008 (ausgewählte Positionen): Tarifindex;WZ08-B-14;Kohlenbergbau, Gewinnung von Erdöl und Erdgas;99,9;2020=100;VST018;Index der tariflichen Wochenarbeitszeit
62221;Vj. Index der Tarifverdienste und Arbeitszeiten;JAHR;Jahr;2024;DINSGF;Früheres Bundesgebiet / Neue Länder;DF;Früheres Bundesgebiet;WZ08C7;WZ2008 (ausgewählte Positionen): Tarifindex;WZ08-B-14;Kohlenbergbau, Gewinnung von Erdöl und Erdgas;107,3;2020=100;VST065;Index d.tarifl. Stundenverdienste ohne Sonderzahl.
62221;Vj. Index der Tarifverdienste und Arbeitszeiten;JAHR;Jahr;2024;DINSGF;Früheres Bundesgebiet / Neue Länder;DN;Neue Länder;WZ08C7;WZ2008 (ausgewählte Positionen): Tarifindex;WZ08-P;Erziehung und Unterricht;110,1;2020=100;VST072;Index d.tarifl. Stundenverdienste mit Sonderzahl.
62221;Vj. Index der Tarifverdienste und Arbeitszeiten;JAHR;Jahr;2024;DINSGF;Früheres Bundesgebiet / Neue Länder;DN;Neue Länder;WZ08C7;WZ2008 (ausgewählte Positionen): Tarifindex;WZ08-P;Erziehung und Unterricht;110,1;2020=100;VST073;Index d.tarifl. Monatsverdienste mit Sonderzahl.
62221;Vj. Index der Tarifverdienste und Arbeitszeiten;JAHR;Jahr;2024;DINSGF;Früheres Bundesgebiet / Neue Länder;DN;Neue Länder;WZ08C7;WZ2008 (ausgewählte Positionen): Tarifindex;WZ08-P;Erziehung und Unterricht;39,7;h;VST019;Durchschnittliche tarifliche Wochenarbeitszeit
62221;Vj. Index der Tarifverdienste und Arbeitszeiten;JAHR;Jahr;2024;DINSGF;Früheres Bundesgebiet / Neue Länder;DN;Neue Länder;WZ08C7;WZ2008 (ausgewählte Positionen): Tarifindex;WZ08-P;Erziehung und Unterricht;107,4;2020=100;VST066;Index d.tarifl. Monatsverdienste ohne Sonderzahl.
62221;Vj. Index der Tarifverdienste und Arbeitszeiten;JAHR;Jahr;2024;DINSGF;Früheres Bundesgebiet / Neue Länder;DN;Neue Länder;WZ08C7;WZ2008 (ausgewählte Positionen): Tarifindex;WZ08-P;Erziehung und Unterricht;100,0;2020=100;VST018;Index der tariflichen Wochenarbeitszeit
62221;Vj. Index der Tarifverdienste und Arbeitszeiten;JAHR;Jahr;2024;DINSGF;Früheres Bundesgebiet / Neue Länder;DN;Neue Länder;WZ08C7;WZ2008 (ausgewählte Positionen): Tarifindex;WZ08-P;Erziehung und Unterricht;107,4;2020=100;VST065;Index d.tarifl. Stundenverdienste ohne Sonderzahl.
62221;Vj. Index der Tarifverdienste und Arbeitszeiten;JAHR;Jahr;2016;DINSGF;Früheres Bundesgebiet / Neue Länder;DN;Neue Länder;WZ08C7;WZ2008 (ausgewählte Positionen): Tarifindex;WZ08-14;Herstellung von Bekleidung;-;2020=100;VST072;Index d.tarifl. Stundenverdienste mit Sonderzahl.
62221;Vj. Index der Tarifverdienste und Arbeitszeiten;JAHR;Jahr;2016;DINSGF;Früheres Bundesgebiet / Neue Länder;DN;Neue Länder;WZ08C7;WZ2008 (ausgewählte Positionen): Tarifindex;WZ08-14;Herstellung von Bekleidung;-;2020=100;VST073;Index d.tarifl. Monatsverdienste mit Sonderzahl.
62221;Vj. Index der Tarifverdienste und Arbeitszeiten;JAHR;Jahr;2016;DINSGF;Früheres Bundesgebiet / Neue Länder;DN;Neue Länder;WZ08C7;WZ2008 (ausgewählte Positionen): Tarifindex;WZ08-14;Herstellung von Bekleidung;-;h;VST019;Durchschnittliche tarifliche Wochenarbeitszeit
62221;Vj. Index der Tarifverdienste und Arbeitszeiten;JAHR;Jahr;2016;DINSGF;Früheres Bundesgebiet / Neue Länder;DN;Neue Länder;WZ08C7;WZ2008 (ausgewählte Positionen): Tarifindex;WZ08-14;Herstellung von Bekleidung;-;2020=100;VST066;Index d.tarifl. Monatsverdienste ohne Sonderzahl.
62221;Vj. Index der Tarifverdienste und Arbeitszeiten;JAHR;Jahr;2016;DINSGF;Früheres Bundesgebiet / Neue Länder;DN;Neue Länder;WZ08C7;WZ2008 (ausgewählte Positionen): Tarifindex;WZ08-14;Herstellung von Bekleidung;-;2020=100;VST018;Index der tariflichen Wochenarbeitszeit
62221;Vj. Index der Tarifverdienste und Arbeitszeiten;JAHR;Jahr;2016;DINSGF;Früheres Bundesgebiet / Neue Länder;DN;Neue Länder;WZ08C7;WZ2008 (ausgewählte Positionen): Tarifindex;WZ08-14;Herstellung von Bekleidung;-;2020=100;VST065;Index d.tarifl. Stundenverdienste ohne Sonderzahl.
62221;Vj. Index der Tarifverdienste und Arbeitszeiten;JAHR;Jahr;2022;DINSGF;Früheres Bundesgebiet / Neue Länder;DF;Früheres Bundesgebiet;WZ08C7;WZ2008 (ausgewählte Positionen): Tarifindex;WZ08-16;H.v. Holz-, Flecht-, Korb-u.Korkwaren (ohne Möbel);104,2;2020=100;VST072;Index d.tarifl. Stundenverdienste mit Sonderzahl.
62221;Vj. Index der Tarifverdienste und Arbeitszeiten;JAHR;Jahr;2022;DINSGF;Früheres Bundesgebiet / Neue Länder;DF;Früheres Bundesgebiet;WZ08C7;WZ2008 (ausgewählte Positionen): Tarifindex;WZ08-16;H.v. Holz-, Flecht-, Korb-u.Korkwaren (ohne Möbel);104,2;2020=100;VST073;Index d.tarifl. Monatsverdienste mit Sonderzahl.
62221;Vj. Index der Tarifverdienste und Arbeitszeiten;JAHR;Jahr;2022;DINSGF;Früheres Bundesgebiet / Neue Länder;DF;Früheres Bundesgebiet;WZ08C7;WZ2008 (ausgewählte Positionen): Tarifindex;WZ08-16;H.v. Holz-, Flecht-, Korb-u.Korkwaren (ohne Möbel);37,3;h;VST019;Durchschnittliche tarifliche Wochenarbeitszeit
62221;Vj. Index der Tarifverdienste und Arbeitszeiten;JAHR;Jahr;2022;DINSGF;Früheres Bundesgebiet / Neue Länder;DF;Früheres Bundesgebiet;WZ08C7;WZ2008 (ausgewählte Positionen): Tarifindex;WZ08-16;H.v. Holz-, Flecht-, Korb-u.Korkwaren (ohne Möbel);104,0;2020=100;VST066;Index d.tarifl. Monatsverdienste ohne Sonderzahl.
62221;Vj. Index der Tarifverdienste und Arbeitszeiten;JAHR;Jahr;2022;DINSGF;Früheres Bundesgebiet / Neue Länder;DF;Früheres Bundesgebiet;WZ08C7;WZ2008 (ausgewählte Positionen): Tarifindex;WZ08-16;H.v. Holz-, Flecht-, Korb-u.Korkwaren (ohne Möbel);100,0;2020=100;VST018;Index der tariflichen Wochenarbeitszeit
62221;Vj. Index der Tarifverdienste und Arbeitszeiten;JAHR;Jahr;2022;DINSGF;Früheres Bundesgebiet / Neue Länder;DF;Früheres Bundesgebiet;WZ08C7;WZ2008 (ausgewählte Positionen): Tarifindex;WZ08-16;H.v. Holz-, Flecht-, Korb-u.Korkwaren (ohne Möbel);104,0;2020=100;VST065;Index d.tarifl. Stundenverdienste ohne Sonderzahl.
62221;Vj. Index der Tarifverdienste und Arbeitszeiten;JAHR;Jahr;2023;DINSGF;Früheres Bundesgebiet / Neue Länder;DF;Früheres Bundesgebiet;WZ08C7;WZ2008 (ausgewählte Positionen): Tarifindex;WZ08-B-08;Produzierendes Gewerbe und Dienstleistungsbereich;107,3;2020=100;VST072;Index d.tarifl. Stundenverdienste mit Sonderzahl.
62221;Vj. Index der Tarifverdienste und Arbeitszeiten;JAHR;Jahr;2023;DINSGF;Früheres Bundesgebiet / Neue Länder;DF;Früheres Bundesgebiet;WZ08C7;WZ2008 (ausgewählte Positionen): Tarifindex;WZ08-B-08;Produzierendes Gewerbe und Dienstleistungsbereich;107,3;2020=100;VST073;Index d.tarifl. Monatsverdienste mit Sonderzahl.
62221;Vj. Index der Tarifverdienste und Arbeitszeiten;JAHR;Jahr;2023;DINSGF;Früheres Bundesgebiet / Neue Länder;DF;Früheres Bundesgebiet;WZ08C7;WZ2008 (ausgewählte Positionen): Tarifindex;WZ08-B-08;Produzierendes Gewerbe und Dienstleistungsbereich;38,5;h;VST019;Durchschnittliche tarifliche Wochenarbeitszeit
62221;Vj. Index der Tarifverdienste und Arbeitszeiten;JAHR;Jahr;2023;DINSGF;Früheres Bundesgebiet / Neue Länder;DF;Früheres Bundesgebiet;WZ08C7;WZ2008 (ausgewählte Positionen): Tarifindex;WZ08-B-08;Produzierendes Gewerbe und Dienstleistungsbereich;105,3;2020=100;VST066;Index d.tarifl. Monatsverdienste ohne Sonderzahl.
62221;Vj. Index der Tarifverdienste und Arbeitszeiten;JAHR;Jahr;2023;DINSGF;Früheres Bundesgebiet / Neue Länder;DF;Früheres Bundesgebiet;WZ08C7;WZ2008 (ausgewählte Positionen): Tarifindex;WZ08-B-08;Produzierendes Gewerbe und Dienstleistungsbereich;100,0;2020=100;VST018;Index der tariflichen Wochenarbeitszeit
62221;Vj. Index der Tarifverdienste und Arbeitszeiten;JAHR;Jahr;2023;DINSGF;Früheres Bundesgebiet / Neue Länder;DF;Früheres Bundesgebiet;WZ08C7;WZ2008 (ausgewählte Positionen): Tarifindex;WZ08-B-08;Produzierendes Gewerbe und Dienstleistungsbereich;105,3;2020=100;VST065;Index d.tarifl. Stundenverdienste ohne Sonderzahl.
62221;Vj. Index der Tarifverdienste und Arbeitszeiten;JAHR;Jahr;2019;DINSGF;Früheres Bundesgebiet / Neue Länder;DF;Früheres Bundesgebiet;WZ08C7;WZ2008 (ausgewählte Positionen): Tarifindex;WZ08-B-13;Prod. Gewerbe, Handel, Information u.Kommunikation;98,8;2020=100;VST072;Index d.tarifl. Stundenverdienste mit Sonderzahl.
62221;Vj. Index der Tarifverdienste und Arbeitszeiten;JAHR;Jahr;2019;DINSGF;Früheres Bundesgebiet / Neue Länder;DF;Früheres Bundesgebiet;WZ08C7;WZ2008 (ausgewählte Positionen): Tarifindex;WZ08-B-13;Prod. Gewerbe, Handel, Information u.Kommunikation;98,9;2020=100;VST073;Index d.tarifl. Monatsverdienste mit Sonderzahl.
62221;Vj. Index der Tarifverdienste und Arbeitszeiten;JAHR;Jahr;2019;DINSGF;Früheres Bundesgebiet / Neue Länder;DF;Früheres Bundesgebiet;WZ08C7;WZ2008 (ausgewählte Positionen): Tarifindex;WZ08-B-13;Prod. Gewerbe, Handel, Information u.Kommunikation;36,9;h;VST019;Durchschnittliche tarifliche Wochenarbeitszeit
62221;Vj. Index der Tarifverdienste und Arbeitszeiten;JAHR;Jahr;2019;DINSGF;Früheres Bundesgebiet / Neue Länder;DF;Früheres Bundesgebiet;WZ08C7;WZ2008 (ausgewählte Positionen): Tarifindex;WZ08-B-13;Prod. Gewerbe, Handel, Information u.Kommunikation;99,0;2020=100;VST066;Index d.tarifl. Monatsverdienste ohne Sonderzahl.
62221;Vj. Index der Tarifverdienste und Arbeitszeiten;JAHR;Jahr;2019;DINSGF;Früheres Bundesgebiet / Neue Länder;DF;Früheres Bundesgebiet;WZ08C7;WZ2008 (ausgewählte Positionen): Tarifindex;WZ08-B-13;Prod. Gewerbe, Handel, Information u.Kommunikation;100,0;2020=100;VST018;Index der tariflichen Wochenarbeitszeit
62221;Vj. Index der Tarifverdienste und Arbeitszeiten;JAHR;Jahr;2019;DINSGF;Früheres Bundesgebiet / Neue Länder;DF;Früheres Bundesgebiet;WZ08C7;WZ2008 (ausgewählte Positionen): Tarifindex;WZ08-B-13;Prod. Gewerbe, Handel, Information u.Kommunikation;99,0;2020=100;VST065;Index d.tarifl. Stundenverdienste ohne Sonderzahl.
62221;Vj. Index der Tarifverdienste und Arbeitszeiten;JAHR;Jahr;2024;DINSGF;Früheres Bundesgebiet / Neue Länder;DN;Neue Länder;WZ08C7;WZ2008 (ausgewählte Positionen): Tarifindex;WZ08-D-06;Energie- und Wasserversorgung;115,2;2020=100;VST072;Index d.tarifl. Stundenverdienste mit Sonderzahl.
62221;Vj. Index der Tarifverdienste und Arbeitszeiten;JAHR;Jahr;2024;DINSGF;Früheres Bundesgebiet / Neue Länder;DN;Neue Länder;WZ08C7;WZ2008 (ausgewählte Positionen): Tarifindex;WZ08-D-06;Energie- und Wasserversorgung;115,1;2020=100;VST073;Index d.tarifl. Monatsverdienste mit Sonderzahl.
62221;Vj. Index der Tarifverdienste und Arbeitszeiten;JAHR;Jahr;2024;DINSGF;Früheres Bundesgebiet / Neue Länder;DN;Neue Länder;WZ08C7;WZ2008 (ausgewählte Positionen): Tarifindex;WZ08-D-06;Energie- und Wasserversorgung;38,4;h;VST019;Durchschnittliche tarifliche Wochenarbeitszeit
62221;Vj. Index der Tarifverdienste und Arbeitszeiten;JAHR;Jahr;2024;DINSGF;Früheres Bundesgebiet / Neue Länder;DN;Neue Länder;WZ08C7;WZ2008 (ausgewählte Positionen): Tarifindex;WZ08-D-06;Energie- und Wasserversorgung;112,4;2020=100;VST066;Index d.tarifl. Monatsverdienste ohne Sonderzahl.
62221;Vj. Index der Tarifverdienste und Arbeitszeiten;JAHR;Jahr;2024;DINSGF;Früheres Bundesgebiet / Neue Länder;DN;Neue Länder;WZ08C7;WZ2008 (ausgewählte Positionen): Tarifindex;WZ08-D-06;Energie- und Wasserversorgung;99,9;2020=100;VST018;Index der tariflichen Wochenarbeitszeit
62221;Vj. Index der Tarifverdienste und Arbeitszeiten;JAHR;Jahr;2024;DINSGF;Früheres Bundesgebiet / Neue Länder;DN;Neue Länder;WZ08C7;WZ2008 (ausgewählte Positionen): Tarifindex;WZ08-D-06;Energie- und Wasserversorgung;112,5;2020=100;VST065;Index d.tarifl. Stundenverdienste ohne Sonderzahl.
62221;Vj. Index der Tarifverdienste und Arbeitszeiten;JAHR;Jahr;2023;DINSGF;Früheres Bundesgebiet / Neue Länder;DN;Neue Länder;WZ08C7;WZ2008 (ausgewählte Positionen): Tarifindex;WZ08-25;Herstellung von Metallerzeugnissen;108,4;2020=100;VST072;Index d.tarifl. Stundenverdienste mit Sonderzahl.
62221;Vj. Index der Tarifverdienste und Arbeitszeiten;JAHR;Jahr;2023;DINSGF;Früheres Bundesgebiet / Neue Länder;DN;Neue Länder;WZ08C7;WZ2008 (ausgewählte Positionen): Tarifindex;WZ08-25;Herstellung von Metallerzeugnissen;108,4;2020=100;VST073;Index d.tarifl. Monatsverdienste mit Sonderzahl.
62221;Vj. Index der Tarifverdienste und Arbeitszeiten;JAHR;Jahr;2023;DINSGF;Früheres Bundesgebiet / Neue Länder;DN;Neue Länder;WZ08C7;WZ2008 (ausgewählte Positionen): Tarifindex;WZ08-25;Herstellung von Metallerzeugnissen;37,7;h;VST019;Durchschnittliche tarifliche Wochenarbeitszeit
62221;Vj. Index der Tarifverdienste und Arbeitszeiten;JAHR;Jahr;2023;DINSGF;Früheres Bundesgebiet / Neue Länder;DN;Neue Länder;WZ08C7;WZ2008 (ausgewählte Positionen): Tarifindex;WZ08-25;Herstellung von Metallerzeugnissen;103,5;2020=100;VST066;Index d.tarifl. Monatsverdienste ohne Sonderzahl.
62221;Vj. Index der Tarifverdienste und Arbeitszeiten;JAHR;Jahr;2023;DINSGF;Früheres Bundesgebiet / Neue Länder;DN;Neue Länder;WZ08C7;WZ2008 (ausgewählte Positionen): Tarifindex;WZ08-25;Herstellung von Metallerzeugnissen;100,0;2020=100;VST018;Index der tariflichen Wochenarbeitszeit
62221;Vj. Index der Tarifverdienste und Arbeitszeiten;JAHR;Jahr;2023;DINSGF;Früheres Bundesgebiet / Neue Länder;DN;Neue Länder;WZ08C7;WZ2008 (ausgewählte Positionen): Tarifindex;WZ08-25;Herstellung von Metallerzeugnissen;103,5;2020=100;VST065;Index d.tarifl. Stundenverdienste ohne Sonderzahl.
62221;Vj. Index der Tarifverdienste und Arbeitszeiten;JAHR;Jahr;2024;DINSGF;Früheres Bundesgebiet / Neue Länder;DF;Früheres Bundesgebiet;WZ08C7;WZ2008 (ausgewählte Positionen): Tarifindex;WZ08-23;H.v.Glas,-waren,Keramik,Verarb. v.Steinen u.Erden;113,9;2020=100;VST072;Index d.tarifl. Stundenverdienste mit Sonderzahl.
62221;Vj. Index der Tarifverdienste und Arbeitszeiten;JAHR;Jahr;2024;DINSGF;Früheres Bundesgebiet / Neue Länder;DF;Früheres Bundesgebiet;WZ08C7;WZ2008 (ausgewählte Positionen): Tarifindex;WZ08-23;H.v.Glas,-waren,Keramik,Verarb. v.Steinen u.Erden;113,7;2020=100;VST073;Index d.tarifl. Monatsverdienste mit Sonderzahl.
62221;Vj. Index der Tarifverdienste und Arbeitszeiten;JAHR;Jahr;2024;DINSGF;Früheres Bundesgebiet / Neue Länder;DF;Früheres Bundesgebiet;WZ08C7;WZ2008 (ausgewählte Positionen): Tarifindex;WZ08-23;H.v.Glas,-waren,Keramik,Verarb. v.Steinen u.Erden;38,0;h;VST019;Durchschnittliche tarifliche Wochenarbeitszeit
62221;Vj. Index der Tarifverdienste und Arbeitszeiten;JAHR;Jahr;2024;DINSGF;Früheres Bundesgebiet / Neue Länder;DF;Früheres Bundesgebiet;WZ08C7;WZ2008 (ausgewählte Positionen): Tarifindex;WZ08-23;H.v.Glas,-waren,Keramik,Verarb. v.Steinen u.Erden;112,8;2020=100;VST066;Index d.tarifl. Monatsverdienste ohne Sonderzahl.
62221;Vj. Index der Tarifverdienste und Arbeitszeiten;JAHR;Jahr;2024;DINSGF;Früheres Bundesgebiet / Neue Länder;DF;Früheres Bundesgebiet;WZ08C7;WZ2008 (ausgewählte Positionen): Tarifindex;WZ08-23;H.v.Glas,-waren,Keramik,Verarb. v.Steinen u.Erden;99,9;2020=100;VST018;Index der tariflichen Wochenarbeitszeit
62221;Vj. Index der Tarifverdienste und Arbeitszeiten;JAHR;Jahr;2024;DINSGF;Früheres Bundesgebiet / Neue Länder;DF;Früheres Bundesgebiet;WZ08C7;WZ2008 (ausgewählte Positionen): Tarifindex;WZ08-23;H.v.Glas,-waren,Keramik,Verarb. v.Steinen u.Erden;112,9;2020=100;VST065;Index d.tarifl. Stundenverdienste ohne Sonderzahl.
62221;Vj. Index der Tarifverdienste und Arbeitszeiten;JAHR;Jahr;2023;DINSGF;Früheres Bundesgebiet / Neue Länder;DF;Früheres Bundesgebiet;WZ08C7;WZ2008 (ausgewählte Positionen): Tarifindex;WZ08-73;Werbung und Marktforschung;104,1;2020=100;VST072;Index d.tarifl. Stundenverdienste mit Sonderzahl.
62221;Vj. Index der Tarifverdienste und Arbeitszeiten;JAHR;Jahr;2023;DINSGF;Früheres Bundesgebiet / Neue Länder;DF;Früheres Bundesgebiet;WZ08C7;WZ2008 (ausgewählte Positionen): Tarifindex;WZ08-73;Werbung und Marktforschung;104,1;2020=100;VST073;Index d.tarifl. Monatsverdienste mit Sonderzahl.
62221;Vj. Index der Tarifverdienste und Arbeitszeiten;JAHR;Jahr;2023;DINSGF;Früheres Bundesgebiet / Neue Länder;DF;Früheres Bundesgebiet;WZ08C7;WZ2008 (ausgewählte Positionen): Tarifindex;WZ08-73;Werbung und Marktforschung;38,6;h;VST019;Durchschnittliche tarifliche Wochenarbeitszeit
62221;Vj. Index der Tarifverdienste und Arbeitszeiten;JAHR;Jahr;2023;DINSGF;Früheres Bundesgebiet / Neue Länder;DF;Früheres Bundesgebiet;WZ08C7;WZ2008 (ausgewählte Positionen): Tarifindex;WZ08-73;Werbung und Marktforschung;105,7;2020=100;VST066;Index d.tarifl. Monatsverdienste ohne Sonderzahl.
62221;Vj. Index der Tarifverdienste und Arbeitszeiten;JAHR;Jahr;2023;DINSGF;Früheres Bundesgebiet / Neue Länder;DF;Früheres Bundesgebiet;WZ08C7;WZ2008 (ausgewählte Positionen): Tarifindex;WZ08-73;Werbung und Marktforschung;100,0;2020=100;VST018;Index der tariflichen Wochenarbeitszeit
62221;Vj. Index der Tarifverdienste und Arbeitszeiten;JAHR;Jahr;2023;DINSGF;Früheres Bundesgebiet / Neue Länder;DF;Früheres Bundesgebiet;WZ08C7;WZ2008 (ausgewählte Positionen): Tarifindex;WZ08-73;Werbung und Marktforschung;105,7;2020=100;VST065;Index d.tarifl. Stundenverdienste ohne Sonderzahl.
62221;Vj. Index der Tarifverdienste und Arbeitszeiten;JAHR;Jahr;2024;DINSGF;Früheres Bundesgebiet / Neue Länder;DN;Neue Länder;WZ08C7;WZ2008 (ausgewählte Positionen): Tarifindex;WZ08-D;Energieversorgung;116,3;2020=100;VST072;Index d.tarifl. Stundenverdienste mit Sonderzahl.
62221;Vj. Index der Tarifverdienste und Arbeitszeiten;JAHR;Jahr;2024;DINSGF;Früheres Bundesgebiet / Neue Länder;DN;Neue Länder;WZ08C7;WZ2008 (ausgewählte Positionen): Tarifindex;WZ08-D;Energieversorgung;116,2;2020=100;VST073;Index d.tarifl. Monatsverdienste mit Sonderzahl.
62221;Vj. Index der Tarifverdienste und Arbeitszeiten;JAHR;Jahr;2024;DINSGF;Früheres Bundesgebiet / Neue Länder;DN;Neue Länder;WZ08C7;WZ2008 (ausgewählte Positionen): Tarifindex;WZ08-D;Energieversorgung;38,1;h;VST019;Durchschnittliche tarifliche Wochenarbeitszeit
62221;Vj. Index der Tarifverdienste und Arbeitszeiten;JAHR;Jahr;2024;DINSGF;Früheres Bundesgebiet / Neue Länder;DN;Neue Länder;WZ08C7;WZ2008 (ausgewählte Positionen): Tarifindex;WZ08-D;Energieversorgung;112,6;2020=100;VST066;Index d.tarifl. Monatsverdienste ohne Sonderzahl.
62221;Vj. Index der Tarifverdienste und Arbeitszeiten;JAHR;Jahr;2024;DINSGF;Früheres Bundesgebiet / Neue Länder;DN;Neue Länder;WZ08C7;WZ2008 (ausgewählte Positionen): Tarifindex;WZ08-D;Energieversorgung;99,9;2020=100;VST018;Index der tariflichen Wochenarbeitszeit
62221;Vj. Index der Tarifverdienste und Arbeitszeiten;JAHR;Jahr;2024;DINSGF;Früheres Bundesgebiet / Neue Länder;DN;Neue Länder;WZ08C7;WZ2008 (ausgewählte Positionen): Tarifindex;WZ08-D;Energieversorgung;112,7;2020=100;VST065;Index d.tarifl. Stundenverdienste ohne Sonderzahl.
62221;Vj. Index der Tarifverdienste und Arbeitszeiten;JAHR;Jahr;2025;DINSGF;Früheres Bundesgebiet / Neue Länder;DN;Neue Länder;WZ08C7;WZ2008 (ausgewählte Positionen): Tarifindex;WZ08-01;Landwirtschaft, Jagd und verbundene Tätigkeiten;117,2;2020=100;VST072;Index d.tarifl. Stundenverdienste mit Sonderzahl.
62221;Vj. Index der Tarifverdienste und Arbeitszeiten;JAHR;Jahr;2025;DINSGF;Früheres Bundesgebiet / Neue Länder;DN;Neue Länder;WZ08C7;WZ2008 (ausgewählte Positionen): Tarifindex;WZ08-01;Landwirtschaft, Jagd und verbundene Tätigkeiten;116,8;2020=100;VST073;Index d.tarifl. Monatsverdienste mit Sonderzahl.
62221;Vj. Index der Tarifverdienste und Arbeitszeiten;JAHR;Jahr;2025;DINSGF;Früheres Bundesgebiet / Neue Länder;DN;Neue Länder;WZ08C7;WZ2008 (ausgewählte Positionen): Tarifindex;WZ08-01;Landwirtschaft, Jagd und verbundene Tätigkeiten;39,6;h;VST019;Durchschnittliche tarifliche Wochenarbeitszeit
62221;Vj. Index der Tarifverdienste und Arbeitszeiten;JAHR;Jahr;2025;DINSGF;Früheres Bundesgebiet / Neue Länder;DN;Neue Länder;WZ08C7;WZ2008 (ausgewählte Positionen): Tarifindex;WZ08-01;Landwirtschaft, Jagd und verbundene Tätigkeiten;117,3;2020=100;VST066;Index d.tarifl. Monatsverdienste ohne Sonderzahl.
62221;Vj. Index der Tarifverdienste und Arbeitszeiten;JAHR;Jahr;2025;DINSGF;Früheres Bundesgebiet / Neue Länder;DN;Neue Länder;WZ08C7;WZ2008 (ausgewählte Positionen): Tarifindex;WZ08-01;Landwirtschaft, Jagd und verbundene Tätigkeiten;99,8;2020=100;VST018;Index der tariflichen Wochenarbeitszeit
62221;Vj. Index der Tarifverdienste und Arbeitszeiten;JAHR;Jahr;2025;DINSGF;Früheres Bundesgebiet / Neue Länder;DN;Neue Länder;WZ08C7;WZ2008 (ausgewählte Positionen): Tarifindex;WZ08-01;Landwirtschaft, Jagd und verbundene Tätigkeiten;117,6;2020=100;VST065;Index d.tarifl. Stundenverdienste ohne Sonderzahl.
62221;Vj. Index der Tarifverdienste und Arbeitszeiten;JAHR;Jahr;2022;DINSGF;Früheres Bundesgebiet / Neue Länder;DN;Neue Länder;WZ08C7;WZ2008 (ausgewählte Positionen): Tarifindex;WZ08-72;Forschung und Entwicklung;103,1;2020=100;VST072;Index d.tarifl. Stundenverdienste mit Sonderzahl.
62221;Vj. Index der Tarifverdienste und Arbeitszeiten;JAHR;Jahr;2022;DINSGF;Früheres Bundesgebiet / Neue Länder;DN;Neue Länder;WZ08C7;WZ2008 (ausgewählte Positionen): Tarifindex;WZ08-72;Forschung und Entwicklung;103,1;2020=100;VST073;Index d.tarifl. Monatsverdienste mit Sonderzahl.
62221;Vj. Index der Tarifverdienste und Arbeitszeiten;JAHR;Jahr;2022;DINSGF;Früheres Bundesgebiet / Neue Länder;DN;Neue Länder;WZ08C7;WZ2008 (ausgewählte Positionen): Tarifindex;WZ08-72;Forschung und Entwicklung;39,3;h;VST019;Durchschnittliche tarifliche Wochenarbeitszeit
62221;Vj. Index der Tarifverdienste und Arbeitszeiten;JAHR;Jahr;2022;DINSGF;Früheres Bundesgebiet / Neue Länder;DN;Neue Länder;WZ08C7;WZ2008 (ausgewählte Positionen): Tarifindex;WZ08-72;Forschung und Entwicklung;102,6;2020=100;VST066;Index d.tarifl. Monatsverdienste ohne Sonderzahl.
62221;Vj. Index der Tarifverdienste und Arbeitszeiten;JAHR;Jahr;2022;DINSGF;Früheres Bundesgebiet / Neue Länder;DN;Neue Länder;WZ08C7;WZ2008 (ausgewählte Positionen): Tarifindex;WZ08-72;Forschung und Entwicklung;100,0;2020=100;VST018;Index der tariflichen Wochenarbeitszeit
62221;Vj. Index der Tarifverdienste und Arbeitszeiten;JAHR;Jahr;2022;DINSGF;Früheres Bundesgebiet / Neue Länder;DN;Neue Länder;WZ08C7;WZ2008 (ausgewählte Positionen): Tarifindex;WZ08-72;Forschung und Entwicklung;102,6;2020=100;VST065;Index d.tarifl. Stundenverdienste ohne Sonderzahl.
62221;Vj. Index der Tarifverdienste und Arbeitszeiten;JAHR;Jahr;2021;DINSGF;Früheres Bundesgebiet / Neue Länder;DN;Neue Länder;WZ08C7;WZ2008 (ausgewählte Positionen): Tarifindex;WZ08-66;Mit Finanz- u. Versicherungsdienstl. verb. Tätigk.;101,9;2020=100;VST072;Index d.tarifl. Stundenverdienste mit Sonderzahl.
62221;Vj. Index der Tarifverdienste und Arbeitszeiten;JAHR;Jahr;2021;DINSGF;Früheres Bundesgebiet / Neue Länder;DN;Neue Länder;WZ08C7;WZ2008 (ausgewählte Positionen): Tarifindex;WZ08-66;Mit Finanz- u. Versicherungsdienstl. verb. Tätigk.;101,9;2020=100;VST073;Index d.tarifl. Monatsverdienste mit Sonderzahl.
62221;Vj. Index der Tarifverdienste und Arbeitszeiten;JAHR;Jahr;2021;DINSGF;Früheres Bundesgebiet / Neue Länder;DN;Neue Länder;WZ08C7;WZ2008 (ausgewählte Positionen): Tarifindex;WZ08-66;Mit Finanz- u. Versicherungsdienstl. verb. Tätigk.;38,1;h;VST019;Durchschnittliche tarifliche Wochenarbeitszeit
62221;Vj. Index der Tarifverdienste und Arbeitszeiten;JAHR;Jahr;2021;DINSGF;Früheres Bundesgebiet / Neue Länder;DN;Neue Länder;WZ08C7;WZ2008 (ausgewählte Positionen): Tarifindex;WZ08-66;Mit Finanz- u. Versicherungsdienstl. verb. Tätigk.;101,8;2020=100;VST066;Index d.tarifl. Monatsverdienste ohne Sonderzahl.
62221;Vj. Index der Tarifverdienste und Arbeitszeiten;JAHR;Jahr;2021;DINSGF;Früheres Bundesgebiet / Neue Länder;DN;Neue Länder;WZ08C7;WZ2008 (ausgewählte Positionen): Tarifindex;WZ08-66;Mit Finanz- u. Versicherungsdienstl. verb. Tätigk.;100,0;2020=100;VST018;Index der tariflichen Wochenarbeitszeit
62221;Vj. Index der Tarifverdienste und Arbeitszeiten;JAHR;Jahr;2021;DINSGF;Früheres Bundesgebiet / Neue Länder;DN;Neue Länder;WZ08C7;WZ2008 (ausgewählte Positionen): Tarifindex;WZ08-66;Mit Finanz- u. Versicherungsdienstl. verb. Tätigk.;101,8;2020=100;VST065;Index d.tarifl. Stundenverdienste ohne Sonderzahl.
62221;Vj. Index der Tarifverdienste und Arbeitszeiten;JAHR;Jahr;2025;DINSGF;Früheres Bundesgebiet / Neue Länder;DN;Neue Länder;WZ08C7;WZ2008 (ausgewählte Positionen): Tarifindex;WZ08-72-01;Forschung,Werbung u.Marktforschung,Veterinärwesen;114,6;2020=100;VST072;Index d.tarifl. Stundenverdienste mit Sonderzahl.
62221;Vj. Index der Tarifverdienste und Arbeitszeiten;JAHR;Jahr;2025;DINSGF;Früheres Bundesgebiet / Neue Länder;DN;Neue Länder;WZ08C7;WZ2008 (ausgewählte Positionen): Tarifindex;WZ08-72-01;Forschung,Werbung u.Marktforschung,Veterinärwesen;114,6;2020=100;VST073;Index d.tarifl. Monatsverdienste mit Sonderzahl.
62221;Vj. Index der Tarifverdienste und Arbeitszeiten;JAHR;Jahr;2025;DINSGF;Früheres Bundesgebiet / Neue Länder;DN;Neue Länder;WZ08C7;WZ2008 (ausgewählte Positionen): Tarifindex;WZ08-72-01;Forschung,Werbung u.Marktforschung,Veterinärwesen;39,3;h;VST019;Durchschnittliche tarifliche Wochenarbeitszeit
62221;Vj. Index der Tarifverdienste und Arbeitszeiten;JAHR;Jahr;2025;DINSGF;Früheres Bundesgebiet / Neue Länder;DN;Neue Länder;WZ08C7;WZ2008 (ausgewählte Positionen): Tarifindex;WZ08-72-01;Forschung,Werbung u.Marktforschung,Veterinärwesen;114,2;2020=100;VST066;Index d.tarifl. Monatsverdienste ohne Sonderzahl.
62221;Vj. Index der Tarifverdienste und Arbeitszeiten;JAHR;Jahr;2025;DINSGF;Früheres Bundesgebiet / Neue Länder;DN;Neue Länder;WZ08C7;WZ2008 (ausgewählte Positionen): Tarifindex;WZ08-72-01;Forschung,Werbung u.Marktforschung,Veterinärwesen;100,0;2020=100;VST018;Index der tariflichen Wochenarbeitszeit
62221;Vj. Index der Tarifverdienste und Arbeitszeiten;JAHR;Jahr;2025;DINSGF;Früheres Bundesgebiet / Neue Länder;DN;Neue Länder;WZ08C7;WZ2008 (ausgewählte Positionen): Tarifindex;WZ08-72-01;Forschung,Werbung u.Marktforschung,Veterinärwesen;114,2;2020=100;VST065;Index d.tarifl. Stundenverdienste ohne Sonderzahl.
62221;Vj. Index der Tarifverdienste und Arbeitszeiten;JAHR;Jahr;2023;DINSGF;Früheres Bundesgebiet / Neue Länder;DN;Neue Länder;WZ08C7;WZ2008 (ausgewählte Positionen): Tarifindex;WZ08-D-05;Energie- und Wasserversorgung, Entsorgung u.a.;108,0;2020=100;VST072;Index d.tarifl. Stundenverdienste mit Sonderzahl.
62221;Vj. Index der Tarifverdienste und Arbeitszeiten;JAHR;Jahr;2023;DINSGF;Früheres Bundesgebiet / Neue Länder;DN;Neue Länder;WZ08C7;WZ2008 (ausgewählte Positionen): Tarifindex;WZ08-D-05;Energie- und Wasserversorgung, Entsorgung u.a.;108,0;2020=100;VST073;Index d.tarifl. Monatsverdienste mit Sonderzahl.
62221;Vj. Index der Tarifverdienste und Arbeitszeiten;JAHR;Jahr;2023;DINSGF;Früheres Bundesgebiet / Neue Länder;DN;Neue Länder;WZ08C7;WZ2008 (ausgewählte Positionen): Tarifindex;WZ08-D-05;Energie- und Wasserversorgung, Entsorgung u.a.;38,5;h;VST019;Durchschnittliche tarifliche Wochenarbeitszeit
62221;Vj. Index der Tarifverdienste und Arbeitszeiten;JAHR;Jahr;2023;DINSGF;Früheres Bundesgebiet / Neue Länder;DN;Neue Länder;WZ08C7;WZ2008 (ausgewählte Positionen): Tarifindex;WZ08-D-05;Energie- und Wasserversorgung, Entsorgung u.a.;105,4;2020=100;VST066;Index d.tarifl. Monatsverdienste ohne Sonderzahl.
62221;Vj. Index der Tarifverdienste und Arbeitszeiten;JAHR;Jahr;2023;DINSGF;Früheres Bundesgebiet / Neue Länder;DN;Neue Länder;WZ08C7;WZ2008 (ausgewählte Positionen): Tarifindex;WZ08-D-05;Energie- und Wasserversorgung, Entsorgung u.a.;100,0;2020=100;VST018;Index der tariflichen Wochenarbeitszeit
62221;Vj. Index der Tarifverdienste und Arbeitszeiten;JAHR;Jahr;2023;DINSGF;Früheres Bundesgebiet / Neue Länder;DN;Neue Länder;WZ08C7;WZ2008 (ausgewählte Positionen): Tarifindex;WZ08-D-05;Energie- und Wasserversorgung, Entsorgung u.a.;105,5;2020=100;VST065;Index d.tarifl. Stundenverdienste ohne Sonderzahl.
62221;Vj. Index der Tarifverdienste und Arbeitszeiten;JAHR;Jahr;2021;DINSGF;Früheres Bundesgebiet / Neue Länder;DN;Neue Länder;WZ08C7;WZ2008 (ausgewählte Positionen): Tarifindex;WZ08-71;Architektur-,Ing.büros,techn.,physik.Untersuchung;101,7;2020=100;VST072;Index d.tarifl. Stundenverdienste mit Sonderzahl.
62221;Vj. Index der Tarifverdienste und Arbeitszeiten;JAHR;Jahr;2021;DINSGF;Früheres Bundesgebiet / Neue Länder;DN;Neue Länder;WZ08C7;WZ2008 (ausgewählte Positionen): Tarifindex;WZ08-71;Architektur-,Ing.büros,techn.,physik.Untersuchung;101,6;2020=100;VST073;Index d.tarifl. Monatsverdienste mit Sonderzahl.
62221;Vj. Index der Tarifverdienste und Arbeitszeiten;JAHR;Jahr;2021;DINSGF;Früheres Bundesgebiet / Neue Länder;DN;Neue Länder;WZ08C7;WZ2008 (ausgewählte Positionen): Tarifindex;WZ08-71;Architektur-,Ing.büros,techn.,physik.Untersuchung;38,0;h;VST019;Durchschnittliche tarifliche Wochenarbeitszeit
62221;Vj. Index der Tarifverdienste und Arbeitszeiten;JAHR;Jahr;2021;DINSGF;Früheres Bundesgebiet / Neue Länder;DN;Neue Länder;WZ08C7;WZ2008 (ausgewählte Positionen): Tarifindex;WZ08-71;Architektur-,Ing.büros,techn.,physik.Untersuchung;101,5;2020=100;VST066;Index d.tarifl. Monatsverdienste ohne Sonderzahl.
62221;Vj. Index der Tarifverdienste und Arbeitszeiten;JAHR;Jahr;2021;DINSGF;Früheres Bundesgebiet / Neue Länder;DN;Neue Länder;WZ08C7;WZ2008 (ausgewählte Positionen): Tarifindex;WZ08-71;Architektur-,Ing.büros,techn.,physik.Untersuchung;99,9;2020=100;VST018;Index der tariflichen Wochenarbeitszeit
62221;Vj. Index der Tarifverdienste und Arbeitszeiten;JAHR;Jahr;2021;DINSGF;Früheres Bundesgebiet / Neue Länder;DN;Neue Länder;WZ08C7;WZ2008 (ausgewählte Positionen): Tarifindex;WZ08-71;Architektur-,Ing.büros,techn.,physik.Untersuchung;101,6;2020=100;VST065;Index d.tarifl. Stundenverdienste ohne Sonderzahl.
62221;Vj. Index der Tarifverdienste und Arbeitszeiten;JAHR;Jahr;2023;DINSGF;Früheres Bundesgebiet / Neue Länder;DF;Früheres Bundesgebiet;WZ08C7;WZ2008 (ausgewählte Positionen): Tarifindex;WZ08-17;Herstellung von Papier, Pappe und Waren daraus;108,3;2020=100;VST072;Index d.tarifl. Stundenverdienste mit Sonderzahl.
62221;Vj. Index der Tarifverdienste und Arbeitszeiten;JAHR;Jahr;2023;DINSGF;Früheres Bundesgebiet / Neue Länder;DF;Früheres Bundesgebiet;WZ08C7;WZ2008 (ausgewählte Positionen): Tarifindex;WZ08-17;Herstellung von Papier, Pappe und Waren daraus;108,3;2020=100;VST073;Index d.tarifl. Monatsverdienste mit Sonderzahl.
62221;Vj. Index der Tarifverdienste und Arbeitszeiten;JAHR;Jahr;2023;DINSGF;Früheres Bundesgebiet / Neue Länder;DF;Früheres Bundesgebiet;WZ08C7;WZ2008 (ausgewählte Positionen): Tarifindex;WZ08-17;Herstellung von Papier, Pappe und Waren daraus;36,3;h;VST019;Durchschnittliche tarifliche Wochenarbeitszeit
62221;Vj. Index der Tarifverdienste und Arbeitszeiten;JAHR;Jahr;2023;DINSGF;Früheres Bundesgebiet / Neue Länder;DF;Früheres Bundesgebiet;WZ08C7;WZ2008 (ausgewählte Positionen): Tarifindex;WZ08-17;Herstellung von Papier, Pappe und Waren daraus;106,1;2020=100;VST066;Index d.tarifl. Monatsverdienste ohne Sonderzahl.
62221;Vj. Index der Tarifverdienste und Arbeitszeiten;JAHR;Jahr;2023;DINSGF;Früheres Bundesgebiet / Neue Länder;DF;Früheres Bundesgebiet;WZ08C7;WZ2008 (ausgewählte Positionen): Tarifindex;WZ08-17;Herstellung von Papier, Pappe und Waren daraus;100,0;2020=100;VST018;Index der tariflichen Wochenarbeitszeit
62221;Vj. Index der Tarifverdienste und Arbeitszeiten;JAHR;Jahr;2023;DINSGF;Früheres Bundesgebiet / Neue Länder;DF;Früheres Bundesgebiet;WZ08C7;WZ2008 (ausgewählte Positionen): Tarifindex;WZ08-17;Herstellung von Papier, Pappe und Waren daraus;106,1;2020=100;VST065;Index d.tarifl. Stundenverdienste ohne Sonderzahl.
62221;Vj. Index der Tarifverdienste und Arbeitszeiten;JAHR;Jahr;2021;DINSGF;Früheres Bundesgebiet / Neue Länder;DN;Neue Länder;WZ08C7;WZ2008 (ausgewählte Positionen): Tarifindex;WZ08-86;Gesundheitswesen;101,9;2020=100;VST072;Index d.tarifl. Stundenverdienste mit Sonderzahl.
62221;Vj. Index der Tarifverdienste und Arbeitszeiten;JAHR;Jahr;2021;DINSGF;Früheres Bundesgebiet / Neue Länder;DN;Neue Länder;WZ08C7;WZ2008 (ausgewählte Positionen): Tarifindex;WZ08-86;Gesundheitswesen;101,8;2020=100;VST073;Index d.tarifl. Monatsverdienste mit Sonderzahl.
62221;Vj. Index der Tarifverdienste und Arbeitszeiten;JAHR;Jahr;2021;DINSGF;Früheres Bundesgebiet / Neue Länder;DN;Neue Länder;WZ08C7;WZ2008 (ausgewählte Positionen): Tarifindex;WZ08-86;Gesundheitswesen;39,5;h;VST019;Durchschnittliche tarifliche Wochenarbeitszeit
62221;Vj. Index der Tarifverdienste und Arbeitszeiten;JAHR;Jahr;2021;DINSGF;Früheres Bundesgebiet / Neue Länder;DN;Neue Länder;WZ08C7;WZ2008 (ausgewählte Positionen): Tarifindex;WZ08-86;Gesundheitswesen;102,1;2020=100;VST066;Index d.tarifl. Monatsverdienste ohne Sonderzahl.
62221;Vj. Index der Tarifverdienste und Arbeitszeiten;JAHR;Jahr;2021;DINSGF;Früheres Bundesgebiet / Neue Länder;DN;Neue Länder;WZ08C7;WZ2008 (ausgewählte Positionen): Tarifindex;WZ08-86;Gesundheitswesen;99,9;2020=100;VST018;Index der tariflichen Wochenarbeitszeit
62221;Vj. Index der Tarifverdienste und Arbeitszeiten;JAHR;Jahr;2021;DINSGF;Früheres Bundesgebiet / Neue Länder;DN;Neue Länder;WZ08C7;WZ2008 (ausgewählte Positionen): Tarifindex;WZ08-86;Gesundheitswesen;102,2;2020=100;VST065;Index d.tarifl. Stundenverdienste ohne Sonderzahl.
62221;Vj. Index der Tarifverdienste und Arbeitszeiten;JAHR;Jahr;2020;DINSGF;Früheres Bundesgebiet / Neue Länder;DF;Früheres Bundesgebiet;WZ08C7;WZ2008 (ausgewählte Positionen): Tarifindex;WZ08-43;Vorb.Baustellenarbeiten, Bauinstall., sonst.Ausbau;100,0;2020=100;VST072;Index d.tarifl. Stundenverdienste mit Sonderzahl.
62221;Vj. Index der Tarifverdienste und Arbeitszeiten;JAHR;Jahr;2020;DINSGF;Früheres Bundesgebiet / Neue Länder;DF;Früheres Bundesgebiet;WZ08C7;WZ2008 (ausgewählte Positionen): Tarifindex;WZ08-43;Vorb.Baustellenarbeiten, Bauinstall., sonst.Ausbau;100,0;2020=100;VST073;Index d.tarifl. Monatsverdienste mit Sonderzahl.
62221;Vj. Index der Tarifverdienste und Arbeitszeiten;JAHR;Jahr;2020;DINSGF;Früheres Bundesgebiet / Neue Länder;DF;Früheres Bundesgebiet;WZ08C7;WZ2008 (ausgewählte Positionen): Tarifindex;WZ08-43;Vorb.Baustellenarbeiten, Bauinstall., sonst.Ausbau;39,0;h;VST019;Durchschnittliche tarifliche Wochenarbeitszeit
62221;Vj. Index der Tarifverdienste und Arbeitszeiten;JAHR;Jahr;2020;DINSGF;Früheres Bundesgebiet / Neue Länder;DF;Früheres Bundesgebiet;WZ08C7;WZ2008 (ausgewählte Positionen): Tarifindex;WZ08-43;Vorb.Baustellenarbeiten, Bauinstall., sonst.Ausbau;100,0;2020=100;VST066;Index d.tarifl. Monatsverdienste ohne Sonderzahl.
62221;Vj. Index der Tarifverdienste und Arbeitszeiten;JAHR;Jahr;2020;DINSGF;Früheres Bundesgebiet / Neue Länder;DF;Früheres Bundesgebiet;WZ08C7;WZ2008 (ausgewählte Positionen): Tarifindex;WZ08-43;Vorb.Baustellenarbeiten, Bauinstall., sonst.Ausbau;100,0;2020=100;VST018;Index der tariflichen Wochenarbeitszeit
62221;Vj. Index der Tarifverdienste und Arbeitszeiten;JAHR;Jahr;2020;DINSGF;Früheres Bundesgebiet / Neue Länder;DF;Früheres Bundesgebiet;WZ08C7;WZ2008 (ausgewählte Positionen): Tarifindex;WZ08-43;Vorb.Baustellenarbeiten, Bauinstall., sonst.Ausbau;100,0;2020=100;VST065;Index d.tarifl. Stundenverdienste ohne Sonderzahl.
62221;Vj. Index der Tarifverdienste und Arbeitszeiten;JAHR;Jahr;2017;DINSGF;Früheres Bundesgebiet / Neue Länder;DF;Früheres Bundesgebiet;WZ08C7;WZ2008 (ausgewählte Positionen): Tarifindex;WZ08-E;Wasserversorg.,Entsorg.,Beseitig.v.Umweltverschm.;92,2;2020=100;VST072;Index d.tarifl. Stundenverdienste mit Sonderzahl.
62221;Vj. Index der Tarifverdienste und Arbeitszeiten;JAHR;Jahr;2017;DINSGF;Früheres Bundesgebiet / Neue Länder;DF;Früheres Bundesgebiet;WZ08C7;WZ2008 (ausgewählte Positionen): Tarifindex;WZ08-E;Wasserversorg.,Entsorg.,Beseitig.v.Umweltverschm.;92,2;2020=100;VST073;Index d.tarifl. Monatsverdienste mit Sonderzahl.
62221;Vj. Index der Tarifverdienste und Arbeitszeiten;JAHR;Jahr;2017;DINSGF;Früheres Bundesgebiet / Neue Länder;DF;Früheres Bundesgebiet;WZ08C7;WZ2008 (ausgewählte Positionen): Tarifindex;WZ08-E;Wasserversorg.,Entsorg.,Beseitig.v.Umweltverschm.;39,0;h;VST019;Durchschnittliche tarifliche Wochenarbeitszeit
62221;Vj. Index der Tarifverdienste und Arbeitszeiten;JAHR;Jahr;2017;DINSGF;Früheres Bundesgebiet / Neue Länder;DF;Früheres Bundesgebiet;WZ08C7;WZ2008 (ausgewählte Positionen): Tarifindex;WZ08-E;Wasserversorg.,Entsorg.,Beseitig.v.Umweltverschm.;93,0;2020=100;VST066;Index d.tarifl. Monatsverdienste ohne Sonderzahl.
62221;Vj. Index der Tarifverdienste und Arbeitszeiten;JAHR;Jahr;2017;DINSGF;Früheres Bundesgebiet / Neue Länder;DF;Früheres Bundesgebiet;WZ08C7;WZ2008 (ausgewählte Positionen): Tarifindex;WZ08-E;Wasserversorg.,Entsorg.,Beseitig.v.Umweltverschm.;100,0;2020=100;VST018;Index der tariflichen Wochenarbeitszeit
62221;Vj. Index der Tarifverdienste und Arbeitszeiten;JAHR;Jahr;2017;DINSGF;Früheres Bundesgebiet / Neue Länder;DF;Früheres Bundesgebiet;WZ08C7;WZ2008 (ausgewählte Positionen): Tarifindex;WZ08-E;Wasserversorg.,Entsorg.,Beseitig.v.Umweltverschm.;93,0;2020=100;VST065;Index d.tarifl. Stundenverdienste ohne Sonderzahl.
62221;Vj. Index der Tarifverdienste und Arbeitszeiten;JAHR;Jahr;2025;DINSGF;Früheres Bundesgebiet / Neue Länder;DF;Früheres Bundesgebiet;WZ08C7;WZ2008 (ausgewählte Positionen): Tarifindex;WZ08-26;H.v. DV-Geräten, elektron. u. opt. Erzeugnissen;113,5;2020=100;VST072;Index d.tarifl. Stundenverdienste mit Sonderzahl.
62221;Vj. Index der Tarifverdienste und Arbeitszeiten;JAHR;Jahr;2025;DINSGF;Früheres Bundesgebiet / Neue Länder;DF;Früheres Bundesgebiet;WZ08C7;WZ2008 (ausgewählte Positionen): Tarifindex;WZ08-26;H.v. DV-Geräten, elektron. u. opt. Erzeugnissen;113,5;2020=100;VST073;Index d.tarifl. Monatsverdienste mit Sonderzahl.
62221;Vj. Index der Tarifverdienste und Arbeitszeiten;JAHR;Jahr;2025;DINSGF;Früheres Bundesgebiet / Neue Länder;DF;Früheres Bundesgebiet;WZ08C7;WZ2008 (ausgewählte Positionen): Tarifindex;WZ08-26;H.v. DV-Geräten, elektron. u. opt. Erzeugnissen;35,2;h;VST019;Durchschnittliche tarifliche Wochenarbeitszeit
62221;Vj. Index der Tarifverdienste und Arbeitszeiten;JAHR;Jahr;2025;DINSGF;Früheres Bundesgebiet / Neue Länder;DF;Früheres Bundesgebiet;WZ08C7;WZ2008 (ausgewählte Positionen): Tarifindex;WZ08-26;H.v. DV-Geräten, elektron. u. opt. Erzeugnissen;110,7;2020=100;VST066;Index d.tarifl. Monatsverdienste ohne Sonderzahl.
62221;Vj. Index der Tarifverdienste und Arbeitszeiten;JAHR;Jahr;2025;DINSGF;Früheres Bundesgebiet / Neue Länder;DF;Früheres Bundesgebiet;WZ08C7;WZ2008 (ausgewählte Positionen): Tarifindex;WZ08-26;H.v. DV-Geräten, elektron. u. opt. Erzeugnissen;100,0;2020=100;VST018;Index der tariflichen Wochenarbeitszeit
62221;Vj. Index der Tarifverdienste und Arbeitszeiten;JAHR;Jahr;2025;DINSGF;Früheres Bundesgebiet / Neue Länder;DF;Früheres Bundesgebiet;WZ08C7;WZ2008 (ausgewählte Positionen): Tarifindex;WZ08-26;H.v. DV-Geräten, elektron. u. opt. Erzeugnissen;110,7;2020=100;VST065;Index d.tarifl. Stundenverdienste ohne Sonderzahl.
62221;Vj. Index der Tarifverdienste und Arbeitszeiten;JAHR;Jahr;2023;DINSGF;Früheres Bundesgebiet / Neue Länder;DN;Neue Länder;WZ08C7;WZ2008 (ausgewählte Positionen): Tarifindex;WZ08-A;Land- und Forstwirtschaft, Fischerei;106,3;2020=100;VST072;Index d.tarifl. Stundenverdienste mit Sonderzahl.
62221;Vj. Index der Tarifverdienste und Arbeitszeiten;JAHR;Jahr;2023;DINSGF;Früheres Bundesgebiet / Neue Länder;DN;Neue Länder;WZ08C7;WZ2008 (ausgewählte Positionen): Tarifindex;WZ08-A;Land- und Forstwirtschaft, Fischerei;106,3;2020=100;VST073;Index d.tarifl. Monatsverdienste mit Sonderzahl.
62221;Vj. Index der Tarifverdienste und Arbeitszeiten;JAHR;Jahr;2023;DINSGF;Früheres Bundesgebiet / Neue Länder;DN;Neue Länder;WZ08C7;WZ2008 (ausgewählte Positionen): Tarifindex;WZ08-A;Land- und Forstwirtschaft, Fischerei;39,8;h;VST019;Durchschnittliche tarifliche Wochenarbeitszeit
62221;Vj. Index der Tarifverdienste und Arbeitszeiten;JAHR;Jahr;2023;DINSGF;Früheres Bundesgebiet / Neue Länder;DN;Neue Länder;WZ08C7;WZ2008 (ausgewählte Positionen): Tarifindex;WZ08-A;Land- und Forstwirtschaft, Fischerei;105,7;2020=100;VST066;Index d.tarifl. Monatsverdienste ohne Sonderzahl.
62221;Vj. Index der Tarifverdienste und Arbeitszeiten;JAHR;Jahr;2023;DINSGF;Früheres Bundesgebiet / Neue Länder;DN;Neue Länder;WZ08C7;WZ2008 (ausgewählte Positionen): Tarifindex;WZ08-A;Land- und Forstwirtschaft, Fischerei;100,0;2020=100;VST018;Index der tariflichen Wochenarbeitszeit
62221;Vj. Index der Tarifverdienste und Arbeitszeiten;JAHR;Jahr;2023;DINSGF;Früheres Bundesgebiet / Neue Länder;DN;Neue Länder;WZ08C7;WZ2008 (ausgewählte Positionen): Tarifindex;WZ08-A;Land- und Forstwirtschaft, Fischerei;105,7;2020=100;VST065;Index d.tarifl. Stundenverdienste ohne Sonderzahl.
62221;Vj. Index der Tarifverdienste und Arbeitszeiten;JAHR;Jahr;2024;DINSGF;Früheres Bundesgebiet / Neue Länder;DN;Neue Länder;WZ08C7;WZ2008 (ausgewählte Positionen): Tarifindex;WZ08-G-03;Wirtschaftliche Dienstleistungen;116,0;2020=100;VST072;Index d.tarifl. Stundenverdienste mit Sonderzahl.
62221;Vj. Index der Tarifverdienste und Arbeitszeiten;JAHR;Jahr;2024;DINSGF;Früheres Bundesgebiet / Neue Länder;DN;Neue Länder;WZ08C7;WZ2008 (ausgewählte Positionen): Tarifindex;WZ08-G-03;Wirtschaftliche Dienstleistungen;115,9;2020=100;VST073;Index d.tarifl. Monatsverdienste mit Sonderzahl.
62221;Vj. Index der Tarifverdienste und Arbeitszeiten;JAHR;Jahr;2024;DINSGF;Früheres Bundesgebiet / Neue Länder;DN;Neue Länder;WZ08C7;WZ2008 (ausgewählte Positionen): Tarifindex;WZ08-G-03;Wirtschaftliche Dienstleistungen;38,3;h;VST019;Durchschnittliche tarifliche Wochenarbeitszeit
62221;Vj. Index der Tarifverdienste und Arbeitszeiten;JAHR;Jahr;2024;DINSGF;Früheres Bundesgebiet / Neue Länder;DN;Neue Länder;WZ08C7;WZ2008 (ausgewählte Positionen): Tarifindex;WZ08-G-03;Wirtschaftliche Dienstleistungen;113,8;2020=100;VST066;Index d.tarifl. Monatsverdienste ohne Sonderzahl.
62221;Vj. Index der Tarifverdienste und Arbeitszeiten;JAHR;Jahr;2024;DINSGF;Früheres Bundesgebiet / Neue Länder;DN;Neue Länder;WZ08C7;WZ2008 (ausgewählte Positionen): Tarifindex;WZ08-G-03;Wirtschaftliche Dienstleistungen;99,9;2020=100;VST018;Index der tariflichen Wochenarbeitszeit
62221;Vj. Index der Tarifverdienste und Arbeitszeiten;JAHR;Jahr;2024;DINSGF;Früheres Bundesgebiet / Neue Länder;DN;Neue Länder;WZ08C7;WZ2008 (ausgewählte Positionen): Tarifindex;WZ08-G-03;Wirtschaftliche Dienstleistungen;113,9;2020=100;VST065;Index d.tarifl. Stundenverdienste ohne Sonderzahl.
62221;Vj. Index der Tarifverdienste und Arbeitszeiten;JAHR;Jahr;2019;DINSGF;Früheres Bundesgebiet / Neue Länder;DN;Neue Länder;WZ08C7;WZ2008 (ausgewählte Positionen): Tarifindex;WZ08-55-01;Gastgewerbe;96,9;2020=100;VST072;Index d.tarifl. Stundenverdienste mit Sonderzahl.
62221;Vj. Index der Tarifverdienste und Arbeitszeiten;JAHR;Jahr;2019;DINSGF;Früheres Bundesgebiet / Neue Länder;DN;Neue Länder;WZ08C7;WZ2008 (ausgewählte Positionen): Tarifindex;WZ08-55-01;Gastgewerbe;96,9;2020=100;VST073;Index d.tarifl. Monatsverdienste mit Sonderzahl.
62221;Vj. Index der Tarifverdienste und Arbeitszeiten;JAHR;Jahr;2019;DINSGF;Früheres Bundesgebiet / Neue Länder;DN;Neue Länder;WZ08C7;WZ2008 (ausgewählte Positionen): Tarifindex;WZ08-55-01;Gastgewerbe;39,5;h;VST019;Durchschnittliche tarifliche Wochenarbeitszeit
62221;Vj. Index der Tarifverdienste und Arbeitszeiten;JAHR;Jahr;2019;DINSGF;Früheres Bundesgebiet / Neue Länder;DN;Neue Länder;WZ08C7;WZ2008 (ausgewählte Positionen): Tarifindex;WZ08-55-01;Gastgewerbe;96,5;2020=100;VST066;Index d.tarifl. Monatsverdienste ohne Sonderzahl.
62221;Vj. Index der Tarifverdienste und Arbeitszeiten;JAHR;Jahr;2019;DINSGF;Früheres Bundesgebiet / Neue Länder;DN;Neue Länder;WZ08C7;WZ2008 (ausgewählte Positionen): Tarifindex;WZ08-55-01;Gastgewerbe;100,0;2020=100;VST018;Index der tariflichen Wochenarbeitszeit
62221;Vj. Index der Tarifverdienste und Arbeitszeiten;JAHR;Jahr;2019;DINSGF;Früheres Bundesgebiet / Neue Länder;DN;Neue Länder;WZ08C7;WZ2008 (ausgewählte Positionen): Tarifindex;WZ08-55-01;Gastgewerbe;96,5;2020=100;VST065;Index d.tarifl. Stundenverdienste ohne Sonderzahl.
62221;Vj. Index der Tarifverdienste und Arbeitszeiten;JAHR;Jahr;2022;DINSGF;Früheres Bundesgebiet / Neue Länder;DF;Früheres Bundesgebiet;WZ08C7;WZ2008 (ausgewählte Positionen): Tarifindex;WZ08-52;Lagerei, sonstige Dienstleistungen für den Verkehr;104,2;2020=100;VST072;Index d.tarifl. Stundenverdienste mit Sonderzahl.
62221;Vj. Index der Tarifverdienste und Arbeitszeiten;JAHR;Jahr;2022;DINSGF;Früheres Bundesgebiet / Neue Länder;DF;Früheres Bundesgebiet;WZ08C7;WZ2008 (ausgewählte Positionen): Tarifindex;WZ08-52;Lagerei, sonstige Dienstleistungen für den Verkehr;104,2;2020=100;VST073;Index d.tarifl. Monatsverdienste mit Sonderzahl.
62221;Vj. Index der Tarifverdienste und Arbeitszeiten;JAHR;Jahr;2022;DINSGF;Früheres Bundesgebiet / Neue Länder;DF;Früheres Bundesgebiet;WZ08C7;WZ2008 (ausgewählte Positionen): Tarifindex;WZ08-52;Lagerei, sonstige Dienstleistungen für den Verkehr;38,5;h;VST019;Durchschnittliche tarifliche Wochenarbeitszeit
62221;Vj. Index der Tarifverdienste und Arbeitszeiten;JAHR;Jahr;2022;DINSGF;Früheres Bundesgebiet / Neue Länder;DF;Früheres Bundesgebiet;WZ08C7;WZ2008 (ausgewählte Positionen): Tarifindex;WZ08-52;Lagerei, sonstige Dienstleistungen für den Verkehr;103,9;2020=100;VST066;Index d.tarifl. Monatsverdienste ohne Sonderzahl.
62221;Vj. Index der Tarifverdienste und Arbeitszeiten;JAHR;Jahr;2022;DINSGF;Früheres Bundesgebiet / Neue Länder;DF;Früheres Bundesgebiet;WZ08C7;WZ2008 (ausgewählte Positionen): Tarifindex;WZ08-52;Lagerei, sonstige Dienstleistungen für den Verkehr;100,0;2020=100;VST018;Index der tariflichen Wochenarbeitszeit
62221;Vj. Index der Tarifverdienste und Arbeitszeiten;JAHR;Jahr;2022;DINSGF;Früheres Bundesgebiet / Neue Länder;DF;Früheres Bundesgebiet;WZ08C7;WZ2008 (ausgewählte Positionen): Tarifindex;WZ08-52;Lagerei, sonstige Dienstleistungen für den Verkehr;103,9;2020=100;VST065;Index d.tarifl. Stundenverdienste ohne Sonderzahl.
62221;Vj. Index der Tarifverdienste und Arbeitszeiten;JAHR;Jahr;2017;DINSGF;Früheres Bundesgebiet / Neue Länder;DN;Neue Länder;WZ08C7;WZ2008 (ausgewählte Positionen): Tarifindex;WZ08-35;Energieversorgung;95,3;2020=100;VST072;Index d.tarifl. Stundenverdienste mit Sonderzahl.
62221;Vj. Index der Tarifverdienste und Arbeitszeiten;JAHR;Jahr;2017;DINSGF;Früheres Bundesgebiet / Neue Länder;DN;Neue Länder;WZ08C7;WZ2008 (ausgewählte Positionen): Tarifindex;WZ08-35;Energieversorgung;95,3;2020=100;VST073;Index d.tarifl. Monatsverdienste mit Sonderzahl.
62221;Vj. Index der Tarifverdienste und Arbeitszeiten;JAHR;Jahr;2017;DINSGF;Früheres Bundesgebiet / Neue Länder;DN;Neue Länder;WZ08C7;WZ2008 (ausgewählte Positionen): Tarifindex;WZ08-35;Energieversorgung;38,1;h;VST019;Durchschnittliche tarifliche Wochenarbeitszeit
62221;Vj. Index der Tarifverdienste und Arbeitszeiten;JAHR;Jahr;2017;DINSGF;Früheres Bundesgebiet / Neue Länder;DN;Neue Länder;WZ08C7;WZ2008 (ausgewählte Positionen): Tarifindex;WZ08-35;Energieversorgung;94,8;2020=100;VST066;Index d.tarifl. Monatsverdienste ohne Sonderzahl.
62221;Vj. Index der Tarifverdienste und Arbeitszeiten;JAHR;Jahr;2017;DINSGF;Früheres Bundesgebiet / Neue Länder;DN;Neue Länder;WZ08C7;WZ2008 (ausgewählte Positionen): Tarifindex;WZ08-35;Energieversorgung;100,1;2020=100;VST018;Index der tariflichen Wochenarbeitszeit
62221;Vj. Index der Tarifverdienste und Arbeitszeiten;JAHR;Jahr;2017;DINSGF;Früheres Bundesgebiet / Neue Länder;DN;Neue Länder;WZ08C7;WZ2008 (ausgewählte Positionen): Tarifindex;WZ08-35;Energieversorgung;94,7;2020=100;VST065;Index d.tarifl. Stundenverdienste ohne Sonderzahl.
62221;Vj. Index der Tarifverdienste und Arbeitszeiten;JAHR;Jahr;2024;DINSGF;Früheres Bundesgebiet / Neue Länder;DN;Neue Länder;WZ08C7;WZ2008 (ausgewählte Positionen): Tarifindex;WZ08-96;Sonstige überwiegend persönliche Dienstleistungen;114,6;2020=100;VST072;Index d.tarifl. Stundenverdienste mit Sonderzahl.
62221;Vj. Index der Tarifverdienste und Arbeitszeiten;JAHR;Jahr;2024;DINSGF;Früheres Bundesgebiet / Neue Länder;DN;Neue Länder;WZ08C7;WZ2008 (ausgewählte Positionen): Tarifindex;WZ08-96;Sonstige überwiegend persönliche Dienstleistungen;113,4;2020=100;VST073;Index d.tarifl. Monatsverdienste mit Sonderzahl.
62221;Vj. Index der Tarifverdienste und Arbeitszeiten;JAHR;Jahr;2024;DINSGF;Früheres Bundesgebiet / Neue Länder;DN;Neue Länder;WZ08C7;WZ2008 (ausgewählte Positionen): Tarifindex;WZ08-96;Sonstige überwiegend persönliche Dienstleistungen;38,3;h;VST019;Durchschnittliche tarifliche Wochenarbeitszeit
62221;Vj. Index der Tarifverdienste und Arbeitszeiten;JAHR;Jahr;2024;DINSGF;Früheres Bundesgebiet / Neue Länder;DN;Neue Länder;WZ08C7;WZ2008 (ausgewählte Positionen): Tarifindex;WZ08-96;Sonstige überwiegend persönliche Dienstleistungen;112,2;2020=100;VST066;Index d.tarifl. Monatsverdienste ohne Sonderzahl.
62221;Vj. Index der Tarifverdienste und Arbeitszeiten;JAHR;Jahr;2024;DINSGF;Früheres Bundesgebiet / Neue Länder;DN;Neue Länder;WZ08C7;WZ2008 (ausgewählte Positionen): Tarifindex;WZ08-96;Sonstige überwiegend persönliche Dienstleistungen;98,8;2020=100;VST018;Index der tariflichen Wochenarbeitszeit
62221;Vj. Index der Tarifverdienste und Arbeitszeiten;JAHR;Jahr;2024;DINSGF;Früheres Bundesgebiet / Neue Länder;DN;Neue Länder;WZ08C7;WZ2008 (ausgewählte Positionen): Tarifindex;WZ08-96;Sonstige überwiegend persönliche Dienstleistungen;113,4;2020=100;VST065;Index d.tarifl. Stundenverdienste ohne Sonderzahl.
62221;Vj. Index der Tarifverdienste und Arbeitszeiten;JAHR;Jahr;2024;DINSGF;Früheres Bundesgebiet / Neue Länder;DN;Neue Länder;WZ08C7;WZ2008 (ausgewählte Positionen): Tarifindex;WZ08-46;Großhandel (ohne Handel mit Kraftfahrzeugen);116,2;2020=100;VST072;Index d.tarifl. Stundenverdienste mit Sonderzahl.
62221;Vj. Index der Tarifverdienste und Arbeitszeiten;JAHR;Jahr;2024;DINSGF;Früheres Bundesgebiet / Neue Länder;DN;Neue Länder;WZ08C7;WZ2008 (ausgewählte Positionen): Tarifindex;WZ08-46;Großhandel (ohne Handel mit Kraftfahrzeugen);116,0;2020=100;VST073;Index d.tarifl. Monatsverdienste mit Sonderzahl.
62221;Vj. Index der Tarifverdienste und Arbeitszeiten;JAHR;Jahr;2024;DINSGF;Früheres Bundesgebiet / Neue Länder;DN;Neue Länder;WZ08C7;WZ2008 (ausgewählte Positionen): Tarifindex;WZ08-46;Großhandel (ohne Handel mit Kraftfahrzeugen);38,5;h;VST019;Durchschnittliche tarifliche Wochenarbeitszeit
62221;Vj. Index der Tarifverdienste und Arbeitszeiten;JAHR;Jahr;2024;DINSGF;Früheres Bundesgebiet / Neue Länder;DN;Neue Länder;WZ08C7;WZ2008 (ausgewählte Positionen): Tarifindex;WZ08-46;Großhandel (ohne Handel mit Kraftfahrzeugen);108,9;2020=100;VST066;Index d.tarifl. Monatsverdienste ohne Sonderzahl.
62221;Vj. Index der Tarifverdienste und Arbeitszeiten;JAHR;Jahr;2024;DINSGF;Früheres Bundesgebiet / Neue Länder;DN;Neue Länder;WZ08C7;WZ2008 (ausgewählte Positionen): Tarifindex;WZ08-46;Großhandel (ohne Handel mit Kraftfahrzeugen);99,8;2020=100;VST018;Index der tariflichen Wochenarbeitszeit
62221;Vj. Index der Tarifverdienste und Arbeitszeiten;JAHR;Jahr;2024;DINSGF;Früheres Bundesgebiet / Neue Länder;DN;Neue Länder;WZ08C7;WZ2008 (ausgewählte Positionen): Tarifindex;WZ08-46;Großhandel (ohne Handel mit Kraftfahrzeugen);109,1;2020=100;VST065;Index d.tarifl. Stundenverdienste ohne Sonderzahl.
62221;Vj. Index der Tarifverdienste und Arbeitszeiten;JAHR;Jahr;2021;DINSGF;Früheres Bundesgebiet / Neue Länder;DN;Neue Länder;WZ08C7;WZ2008 (ausgewählte Positionen): Tarifindex;WZ08-15;Herstellung von Leder, Lederwaren und Schuhen;-;2020=100;VST072;Index d.tarifl. Stundenverdienste mit Sonderzahl.
62221;Vj. Index der Tarifverdienste und Arbeitszeiten;JAHR;Jahr;2021;DINSGF;Früheres Bundesgebiet / Neue Länder;DN;Neue Länder;WZ08C7;WZ2008 (ausgewählte Positionen): Tarifindex;WZ08-15;Herstellung von Leder, Lederwaren und Schuhen;-;2020=100;VST073;Index d.tarifl. Monatsverdienste mit Sonderzahl.
62221;Vj. Index der Tarifverdienste und Arbeitszeiten;JAHR;Jahr;2021;DINSGF;Früheres Bundesgebiet / Neue Länder;DN;Neue Länder;WZ08C7;WZ2008 (ausgewählte Positionen): Tarifindex;WZ08-15;Herstellung von Leder, Lederwaren und Schuhen;-;h;VST019;Durchschnittliche tarifliche Wochenarbeitszeit
62221;Vj. Index der Tarifverdienste und Arbeitszeiten;JAHR;Jahr;2021;DINSGF;Früheres Bundesgebiet / Neue Länder;DN;Neue Länder;WZ08C7;WZ2008 (ausgewählte Positionen): Tarifindex;WZ08-15;Herstellung von Leder, Lederwaren und Schuhen;-;2020=100;VST066;Index d.tarifl. Monatsverdienste ohne Sonderzahl.
62221;Vj. Index der Tarifverdienste und Arbeitszeiten;JAHR;Jahr;2021;DINSGF;Früheres Bundesgebiet / Neue Länder;DN;Neue Länder;WZ08C7;WZ2008 (ausgewählte Positionen): Tarifindex;WZ08-15;Herstellung von Leder, Lederwaren und Schuhen;-;2020=100;VST018;Index der tariflichen Wochenarbeitszeit
62221;Vj. Index der Tarifverdienste und Arbeitszeiten;JAHR;Jahr;2021;DINSGF;Früheres Bundesgebiet / Neue Länder;DN;Neue Länder;WZ08C7;WZ2008 (ausgewählte Positionen): Tarifindex;WZ08-15;Herstellung von Leder, Lederwaren und Schuhen;-;2020=100;VST065;Index d.tarifl. Stundenverdienste ohne Sonderzahl.
62221;Vj. Index der Tarifverdienste und Arbeitszeiten;JAHR;Jahr;2018;DINSGF;Früheres Bundesgebiet / Neue Länder;DN;Neue Länder;WZ08C7;WZ2008 (ausgewählte Positionen): Tarifindex;WZ08-B-05;Produzierendes Gewerbe;95,3;2020=100;VST072;Index d.tarifl. Stundenverdienste mit Sonderzahl.
62221;Vj. Index der Tarifverdienste und Arbeitszeiten;JAHR;Jahr;2018;DINSGF;Früheres Bundesgebiet / Neue Länder;DN;Neue Länder;WZ08C7;WZ2008 (ausgewählte Positionen): Tarifindex;WZ08-B-05;Produzierendes Gewerbe;95,4;2020=100;VST073;Index d.tarifl. Monatsverdienste mit Sonderzahl.
62221;Vj. Index der Tarifverdienste und Arbeitszeiten;JAHR;Jahr;2018;DINSGF;Früheres Bundesgebiet / Neue Länder;DN;Neue Länder;WZ08C7;WZ2008 (ausgewählte Positionen): Tarifindex;WZ08-B-05;Produzierendes Gewerbe;38,6;h;VST019;Durchschnittliche tarifliche Wochenarbeitszeit
62221;Vj. Index der Tarifverdienste und Arbeitszeiten;JAHR;Jahr;2018;DINSGF;Früheres Bundesgebiet / Neue Länder;DN;Neue Länder;WZ08C7;WZ2008 (ausgewählte Positionen): Tarifindex;WZ08-B-05;Produzierendes Gewerbe;96,6;2020=100;VST066;Index d.tarifl. Monatsverdienste ohne Sonderzahl.
62221;Vj. Index der Tarifverdienste und Arbeitszeiten;JAHR;Jahr;2018;DINSGF;Früheres Bundesgebiet / Neue Länder;DN;Neue Länder;WZ08C7;WZ2008 (ausgewählte Positionen): Tarifindex;WZ08-B-05;Produzierendes Gewerbe;100,1;2020=100;VST018;Index der tariflichen Wochenarbeitszeit
62221;Vj. Index der Tarifverdienste und Arbeitszeiten;JAHR;Jahr;2018;DINSGF;Früheres Bundesgebiet / Neue Länder;DN;Neue Länder;WZ08C7;WZ2008 (ausgewählte Positionen): Tarifindex;WZ08-B-05;Produzierendes Gewerbe;96,4;2020=100;VST065;Index d.tarifl. Stundenverdienste ohne Sonderzahl.
62221;Vj. Index der Tarifverdienste und Arbeitszeiten;JAHR;Jahr;2024;DINSGF;Früheres Bundesgebiet / Neue Länder;DN;Neue Länder;WZ08C7;WZ2008 (ausgewählte Positionen): Tarifindex;WZ08-31;Herstellung von Möbeln;116,3;2020=100;VST072;Index d.tarifl. Stundenverdienste mit Sonderzahl.
62221;Vj. Index der Tarifverdienste und Arbeitszeiten;JAHR;Jahr;2024;DINSGF;Früheres Bundesgebiet / Neue Länder;DN;Neue Länder;WZ08C7;WZ2008 (ausgewählte Positionen): Tarifindex;WZ08-31;Herstellung von Möbeln;116,3;2020=100;VST073;Index d.tarifl. Monatsverdienste mit Sonderzahl.
62221;Vj. Index der Tarifverdienste und Arbeitszeiten;JAHR;Jahr;2024;DINSGF;Früheres Bundesgebiet / Neue Länder;DN;Neue Länder;WZ08C7;WZ2008 (ausgewählte Positionen): Tarifindex;WZ08-31;Herstellung von Möbeln;37,6;h;VST019;Durchschnittliche tarifliche Wochenarbeitszeit
62221;Vj. Index der Tarifverdienste und Arbeitszeiten;JAHR;Jahr;2024;DINSGF;Früheres Bundesgebiet / Neue Länder;DN;Neue Länder;WZ08C7;WZ2008 (ausgewählte Positionen): Tarifindex;WZ08-31;Herstellung von Möbeln;109,4;2020=100;VST066;Index d.tarifl. Monatsverdienste ohne Sonderzahl.
62221;Vj. Index der Tarifverdienste und Arbeitszeiten;JAHR;Jahr;2024;DINSGF;Früheres Bundesgebiet / Neue Länder;DN;Neue Länder;WZ08C7;WZ2008 (ausgewählte Positionen): Tarifindex;WZ08-31;Herstellung von Möbeln;100,0;2020=100;VST018;Index der tariflichen Wochenarbeitszeit
62221;Vj. Index der Tarifverdienste und Arbeitszeiten;JAHR;Jahr;2024;DINSGF;Früheres Bundesgebiet / Neue Länder;DN;Neue Länder;WZ08C7;WZ2008 (ausgewählte Positionen): Tarifindex;WZ08-31;Herstellung von Möbeln;109,4;2020=100;VST065;Index d.tarifl. Stundenverdienste ohne Sonderzahl.
62221;Vj. Index der Tarifverdienste und Arbeitszeiten;JAHR;Jahr;2021;DINSGF;Früheres Bundesgebiet / Neue Länder;DF;Früheres Bundesgebiet;WZ08C7;WZ2008 (ausgewählte Positionen): Tarifindex;WZ08-24-01;Metallgewerbe;101,1;2020=100;VST072;Index d.tarifl. Stundenverdienste mit Sonderzahl.
62221;Vj. Index der Tarifverdienste und Arbeitszeiten;JAHR;Jahr;2021;DINSGF;Früheres Bundesgebiet / Neue Länder;DF;Früheres Bundesgebiet;WZ08C7;WZ2008 (ausgewählte Positionen): Tarifindex;WZ08-24-01;Metallgewerbe;101,1;2020=100;VST073;Index d.tarifl. Monatsverdienste mit Sonderzahl.
62221;Vj. Index der Tarifverdienste und Arbeitszeiten;JAHR;Jahr;2021;DINSGF;Früheres Bundesgebiet / Neue Länder;DF;Früheres Bundesgebiet;WZ08C7;WZ2008 (ausgewählte Positionen): Tarifindex;WZ08-24-01;Metallgewerbe;35,5;h;VST019;Durchschnittliche tarifliche Wochenarbeitszeit
62221;Vj. Index der Tarifverdienste und Arbeitszeiten;JAHR;Jahr;2021;DINSGF;Früheres Bundesgebiet / Neue Länder;DF;Früheres Bundesgebiet;WZ08C7;WZ2008 (ausgewählte Positionen): Tarifindex;WZ08-24-01;Metallgewerbe;100,2;2020=100;VST066;Index d.tarifl. Monatsverdienste ohne Sonderzahl.
62221;Vj. Index der Tarifverdienste und Arbeitszeiten;JAHR;Jahr;2021;DINSGF;Früheres Bundesgebiet / Neue Länder;DF;Früheres Bundesgebiet;WZ08C7;WZ2008 (ausgewählte Positionen): Tarifindex;WZ08-24-01;Metallgewerbe;100,0;2020=100;VST018;Index der tariflichen Wochenarbeitszeit
62221;Vj. Index der Tarifverdienste und Arbeitszeiten;JAHR;Jahr;2021;DINSGF;Früheres Bundesgebiet / Neue Länder;DF;Früheres Bundesgebiet;WZ08C7;WZ2008 (ausgewählte Positionen): Tarifindex;WZ08-24-01;Metallgewerbe;100,2;2020=100;VST065;Index d.tarifl. Stundenverdienste ohne Sonderzahl.
62221;Vj. Index der Tarifverdienste und Arbeitszeiten;JAHR;Jahr;2017;DINSGF;Früheres Bundesgebiet / Neue Länder;DF;Früheres Bundesgebiet;WZ08C7;WZ2008 (ausgewählte Positionen): Tarifindex;WZ08-82;Dienstleistungen für Unternehmen u.Privatpers. ang;92,7;2020=100;VST072;Index d.tarifl. Stundenverdienste mit Sonderzahl.
62221;Vj. Index der Tarifverdienste und Arbeitszeiten;JAHR;Jahr;2017;DINSGF;Früheres Bundesgebiet / Neue Länder;DF;Früheres Bundesgebiet;WZ08C7;WZ2008 (ausgewählte Positionen): Tarifindex;WZ08-82;Dienstleistungen für Unternehmen u.Privatpers. ang;92,8;2020=100;VST073;Index d.tarifl. Monatsverdienste mit Sonderzahl.
62221;Vj. Index der Tarifverdienste und Arbeitszeiten;JAHR;Jahr;2017;DINSGF;Früheres Bundesgebiet / Neue Länder;DF;Früheres Bundesgebiet;WZ08C7;WZ2008 (ausgewählte Positionen): Tarifindex;WZ08-82;Dienstleistungen für Unternehmen u.Privatpers. ang;37,4;h;VST019;Durchschnittliche tarifliche Wochenarbeitszeit
62221;Vj. Index der Tarifverdienste und Arbeitszeiten;JAHR;Jahr;2017;DINSGF;Früheres Bundesgebiet / Neue Länder;DF;Früheres Bundesgebiet;WZ08C7;WZ2008 (ausgewählte Positionen): Tarifindex;WZ08-82;Dienstleistungen für Unternehmen u.Privatpers. ang;93,6;2020=100;VST066;Index d.tarifl. Monatsverdienste ohne Sonderzahl.
62221;Vj. Index der Tarifverdienste und Arbeitszeiten;JAHR;Jahr;2017;DINSGF;Früheres Bundesgebiet / Neue Länder;DF;Früheres Bundesgebiet;WZ08C7;WZ2008 (ausgewählte Positionen): Tarifindex;WZ08-82;Dienstleistungen für Unternehmen u.Privatpers. ang;100,1;2020=100;VST018;Index der tariflichen Wochenarbeitszeit
62221;Vj. Index der Tarifverdienste und Arbeitszeiten;JAHR;Jahr;2017;DINSGF;Früheres Bundesgebiet / Neue Länder;DF;Früheres Bundesgebiet;WZ08C7;WZ2008 (ausgewählte Positionen): Tarifindex;WZ08-82;Dienstleistungen für Unternehmen u.Privatpers. ang;93,5;2020=100;VST065;Index d.tarifl. Stundenverdienste ohne Sonderzahl.
62221;Vj. Index der Tarifverdienste und Arbeitszeiten;JAHR;Jahr;2020;DINSGF;Früheres Bundesgebiet / Neue Länder;DF;Früheres Bundesgebiet;WZ08C7;WZ2008 (ausgewählte Positionen): Tarifindex;WZ08-G-03;Wirtschaftliche Dienstleistungen;100,0;2020=100;VST072;Index d.tarifl. Stundenverdienste mit Sonderzahl.
62221;Vj. Index der Tarifverdienste und Arbeitszeiten;JAHR;Jahr;2020;DINSGF;Früheres Bundesgebiet / Neue Länder;DF;Früheres Bundesgebiet;WZ08C7;WZ2008 (ausgewählte Positionen): Tarifindex;WZ08-G-03;Wirtschaftliche Dienstleistungen;100,0;2020=100;VST073;Index d.tarifl. Monatsverdienste mit Sonderzahl.
62221;Vj. Index der Tarifverdienste und Arbeitszeiten;JAHR;Jahr;2020;DINSGF;Früheres Bundesgebiet / Neue Länder;DF;Früheres Bundesgebiet;WZ08C7;WZ2008 (ausgewählte Positionen): Tarifindex;WZ08-G-03;Wirtschaftliche Dienstleistungen;38,1;h;VST019;Durchschnittliche tarifliche Wochenarbeitszeit
62221;Vj. Index der Tarifverdienste und Arbeitszeiten;JAHR;Jahr;2020;DINSGF;Früheres Bundesgebiet / Neue Länder;DF;Früheres Bundesgebiet;WZ08C7;WZ2008 (ausgewählte Positionen): Tarifindex;WZ08-G-03;Wirtschaftliche Dienstleistungen;100,0;2020=100;VST066;Index d.tarifl. Monatsverdienste ohne Sonderzahl.
62221;Vj. Index der Tarifverdienste und Arbeitszeiten;JAHR;Jahr;2020;DINSGF;Früheres Bundesgebiet / Neue Länder;DF;Früheres Bundesgebiet;WZ08C7;WZ2008 (ausgewählte Positionen): Tarifindex;WZ08-G-03;Wirtschaftliche Dienstleistungen;100,0;2020=100;VST018;Index der tariflichen Wochenarbeitszeit
62221;Vj. Index der Tarifverdienste und Arbeitszeiten;JAHR;Jahr;2020;DINSGF;Früheres Bundesgebiet / Neue Länder;DF;Früheres Bundesgebiet;WZ08C7;WZ2008 (ausgewählte Positionen): Tarifindex;WZ08-G-03;Wirtschaftliche Dienstleistungen;100,0;2020=100;VST065;Index d.tarifl. Stundenverdienste ohne Sonderzahl.
62221;Vj. Index der Tarifverdienste und Arbeitszeiten;JAHR;Jahr;2018;DINSGF;Früheres Bundesgebiet / Neue Länder;DN;Neue Länder;WZ08C7;WZ2008 (ausgewählte Positionen): Tarifindex;WZ08-20-01;Chemische Industrie;93,9;2020=100;VST072;Index d.tarifl. Stundenverdienste mit Sonderzahl.
62221;Vj. Index der Tarifverdienste und Arbeitszeiten;JAHR;Jahr;2018;DINSGF;Früheres Bundesgebiet / Neue Länder;DN;Neue Länder;WZ08C7;WZ2008 (ausgewählte Positionen): Tarifindex;WZ08-20-01;Chemische Industrie;94,9;2020=100;VST073;Index d.tarifl. Monatsverdienste mit Sonderzahl.
62221;Vj. Index der Tarifverdienste und Arbeitszeiten;JAHR;Jahr;2018;DINSGF;Früheres Bundesgebiet / Neue Länder;DN;Neue Länder;WZ08C7;WZ2008 (ausgewählte Positionen): Tarifindex;WZ08-20-01;Chemische Industrie;39,7;h;VST019;Durchschnittliche tarifliche Wochenarbeitszeit
62221;Vj. Index der Tarifverdienste und Arbeitszeiten;JAHR;Jahr;2018;DINSGF;Früheres Bundesgebiet / Neue Länder;DN;Neue Länder;WZ08C7;WZ2008 (ausgewählte Positionen): Tarifindex;WZ08-20-01;Chemische Industrie;95,9;2020=100;VST066;Index d.tarifl. Monatsverdienste ohne Sonderzahl.
62221;Vj. Index der Tarifverdienste und Arbeitszeiten;JAHR;Jahr;2018;DINSGF;Früheres Bundesgebiet / Neue Länder;DN;Neue Länder;WZ08C7;WZ2008 (ausgewählte Positionen): Tarifindex;WZ08-20-01;Chemische Industrie;101,1;2020=100;VST018;Index der tariflichen Wochenarbeitszeit
62221;Vj. Index der Tarifverdienste und Arbeitszeiten;JAHR;Jahr;2018;DINSGF;Früheres Bundesgebiet / Neue Länder;DN;Neue Länder;WZ08C7;WZ2008 (ausgewählte Positionen): Tarifindex;WZ08-20-01;Chemische Industrie;94,9;2020=100;VST065;Index d.tarifl. Stundenverdienste ohne Sonderzahl.
62221;Vj. Index der Tarifverdienste und Arbeitszeiten;JAHR;Jahr;2020;DINSGF;Früheres Bundesgebiet / Neue Länder;DF;Früheres Bundesgebiet;WZ08C7;WZ2008 (ausgewählte Positionen): Tarifindex;WZ08-93;Dienstleistungen d.Sports,d.Unterhaltg.u.Erholung;100,0;2020=100;VST072;Index d.tarifl. Stundenverdienste mit Sonderzahl.
62221;Vj. Index der Tarifverdienste und Arbeitszeiten;JAHR;Jahr;2020;DINSGF;Früheres Bundesgebiet / Neue Länder;DF;Früheres Bundesgebiet;WZ08C7;WZ2008 (ausgewählte Positionen): Tarifindex;WZ08-93;Dienstleistungen d.Sports,d.Unterhaltg.u.Erholung;100,0;2020=100;VST073;Index d.tarifl. Monatsverdienste mit Sonderzahl.
62221;Vj. Index der Tarifverdienste und Arbeitszeiten;JAHR;Jahr;2020;DINSGF;Früheres Bundesgebiet / Neue Länder;DF;Früheres Bundesgebiet;WZ08C7;WZ2008 (ausgewählte Positionen): Tarifindex;WZ08-93;Dienstleistungen d.Sports,d.Unterhaltg.u.Erholung;38,9;h;VST019;Durchschnittliche tarifliche Wochenarbeitszeit
62221;Vj. Index der Tarifverdienste und Arbeitszeiten;JAHR;Jahr;2020;DINSGF;Früheres Bundesgebiet / Neue Länder;DF;Früheres Bundesgebiet;WZ08C7;WZ2008 (ausgewählte Positionen): Tarifindex;WZ08-93;Dienstleistungen d.Sports,d.Unterhaltg.u.Erholung;100,0;2020=100;VST066;Index d.tarifl. Monatsverdienste ohne Sonderzahl.
62221;Vj. Index der Tarifverdienste und Arbeitszeiten;JAHR;Jahr;2020;DINSGF;Früheres Bundesgebiet / Neue Länder;DF;Früheres Bundesgebiet;WZ08C7;WZ2008 (ausgewählte Positionen): Tarifindex;WZ08-93;Dienstleistungen d.Sports,d.Unterhaltg.u.Erholung;100,0;2020=100;VST018;Index der tariflichen Wochenarbeitszeit
62221;Vj. Index der Tarifverdienste und Arbeitszeiten;JAHR;Jahr;2020;DINSGF;Früheres Bundesgebiet / Neue Länder;DF;Früheres Bundesgebiet;WZ08C7;WZ2008 (ausgewählte Positionen): Tarifindex;WZ08-93;Dienstleistungen d.Sports,d.Unterhaltg.u.Erholung;100,0;2020=100;VST065;Index d.tarifl. Stundenverdienste ohne Sonderzahl.
62221;Vj. Index der Tarifverdienste und Arbeitszeiten;JAHR;Jahr;2017;DINSGF;Früheres Bundesgebiet / Neue Länder;DN;Neue Länder;WZ08C7;WZ2008 (ausgewählte Positionen): Tarifindex;WZ08-20;Herstellung von chemischen Erzeugnissen;91,7;2020=100;VST072;Index d.tarifl. Stundenverdienste mit Sonderzahl.
62221;Vj. Index der Tarifverdienste und Arbeitszeiten;JAHR;Jahr;2017;DINSGF;Früheres Bundesgebiet / Neue Länder;DN;Neue Länder;WZ08C7;WZ2008 (ausgewählte Positionen): Tarifindex;WZ08-20;Herstellung von chemischen Erzeugnissen;92,6;2020=100;VST073;Index d.tarifl. Monatsverdienste mit Sonderzahl.
62221;Vj. Index der Tarifverdienste und Arbeitszeiten;JAHR;Jahr;2017;DINSGF;Früheres Bundesgebiet / Neue Länder;DN;Neue Länder;WZ08C7;WZ2008 (ausgewählte Positionen): Tarifindex;WZ08-20;Herstellung von chemischen Erzeugnissen;39,6;h;VST019;Durchschnittliche tarifliche Wochenarbeitszeit
62221;Vj. Index der Tarifverdienste und Arbeitszeiten;JAHR;Jahr;2017;DINSGF;Früheres Bundesgebiet / Neue Länder;DN;Neue Länder;WZ08C7;WZ2008 (ausgewählte Positionen): Tarifindex;WZ08-20;Herstellung von chemischen Erzeugnissen;94,0;2020=100;VST066;Index d.tarifl. Monatsverdienste ohne Sonderzahl.
62221;Vj. Index der Tarifverdienste und Arbeitszeiten;JAHR;Jahr;2017;DINSGF;Früheres Bundesgebiet / Neue Länder;DN;Neue Länder;WZ08C7;WZ2008 (ausgewählte Positionen): Tarifindex;WZ08-20;Herstellung von chemischen Erzeugnissen;101,0;2020=100;VST018;Index der tariflichen Wochenarbeitszeit
62221;Vj. Index der Tarifverdienste und Arbeitszeiten;JAHR;Jahr;2017;DINSGF;Früheres Bundesgebiet / Neue Länder;DN;Neue Länder;WZ08C7;WZ2008 (ausgewählte Positionen): Tarifindex;WZ08-20;Herstellung von chemischen Erzeugnissen;93,0;2020=100;VST065;Index d.tarifl. Stundenverdienste ohne Sonderzahl.
62221;Vj. Index der Tarifverdienste und Arbeitszeiten;JAHR;Jahr;2019;DINSGF;Früheres Bundesgebiet / Neue Länder;DN;Neue Länder;WZ08C7;WZ2008 (ausgewählte Positionen): Tarifindex;WZ08-B-11;Produzierendes Gewerbe, Handel u.A.;97,8;2020=100;VST072;Index d.tarifl. Stundenverdienste mit Sonderzahl.
62221;Vj. Index der Tarifverdienste und Arbeitszeiten;JAHR;Jahr;2019;DINSGF;Früheres Bundesgebiet / Neue Länder;DN;Neue Länder;WZ08C7;WZ2008 (ausgewählte Positionen): Tarifindex;WZ08-B-11;Produzierendes Gewerbe, Handel u.A.;97,8;2020=100;VST073;Index d.tarifl. Monatsverdienste mit Sonderzahl.
62221;Vj. Index der Tarifverdienste und Arbeitszeiten;JAHR;Jahr;2019;DINSGF;Früheres Bundesgebiet / Neue Länder;DN;Neue Länder;WZ08C7;WZ2008 (ausgewählte Positionen): Tarifindex;WZ08-B-11;Produzierendes Gewerbe, Handel u.A.;39,1;h;VST019;Durchschnittliche tarifliche Wochenarbeitszeit
62221;Vj. Index der Tarifverdienste und Arbeitszeiten;JAHR;Jahr;2019;DINSGF;Früheres Bundesgebiet / Neue Länder;DN;Neue Länder;WZ08C7;WZ2008 (ausgewählte Positionen): Tarifindex;WZ08-B-11;Produzierendes Gewerbe, Handel u.A.;97,7;2020=100;VST066;Index d.tarifl. Monatsverdienste ohne Sonderzahl.
62221;Vj. Index der Tarifverdienste und Arbeitszeiten;JAHR;Jahr;2019;DINSGF;Früheres Bundesgebiet / Neue Länder;DN;Neue Länder;WZ08C7;WZ2008 (ausgewählte Positionen): Tarifindex;WZ08-B-11;Produzierendes Gewerbe, Handel u.A.;100,0;2020=100;VST018;Index der tariflichen Wochenarbeitszeit
62221;Vj. Index der Tarifverdienste und Arbeitszeiten;JAHR;Jahr;2019;DINSGF;Früheres Bundesgebiet / Neue Länder;DN;Neue Länder;WZ08C7;WZ2008 (ausgewählte Positionen): Tarifindex;WZ08-B-11;Produzierendes Gewerbe, Handel u.A.;97,7;2020=100;VST065;Index d.tarifl. Stundenverdienste ohne Sonderzahl.
62221;Vj. Index der Tarifverdienste und Arbeitszeiten;JAHR;Jahr;2019;DINSGF;Früheres Bundesgebiet / Neue Länder;DF;Früheres Bundesgebiet;WZ08C7;WZ2008 (ausgewählte Positionen): Tarifindex;WZ08-H-01;Verkehr und Lagerei, Information und Kommunikation;97,9;2020=100;VST072;Index d.tarifl. Stundenverdienste mit Sonderzahl.
62221;Vj. Index der Tarifverdienste und Arbeitszeiten;JAHR;Jahr;2019;DINSGF;Früheres Bundesgebiet / Neue Länder;DF;Früheres Bundesgebiet;WZ08C7;WZ2008 (ausgewählte Positionen): Tarifindex;WZ08-H-01;Verkehr und Lagerei, Information und Kommunikation;97,9;2020=100;VST073;Index d.tarifl. Monatsverdienste mit Sonderzahl.
62221;Vj. Index der Tarifverdienste und Arbeitszeiten;JAHR;Jahr;2019;DINSGF;Früheres Bundesgebiet / Neue Länder;DF;Früheres Bundesgebiet;WZ08C7;WZ2008 (ausgewählte Positionen): Tarifindex;WZ08-H-01;Verkehr und Lagerei, Information und Kommunikation;38,5;h;VST019;Durchschnittliche tarifliche Wochenarbeitszeit
62221;Vj. Index der Tarifverdienste und Arbeitszeiten;JAHR;Jahr;2019;DINSGF;Früheres Bundesgebiet / Neue Länder;DF;Früheres Bundesgebiet;WZ08C7;WZ2008 (ausgewählte Positionen): Tarifindex;WZ08-H-01;Verkehr und Lagerei, Information und Kommunikation;98,0;2020=100;VST066;Index d.tarifl. Monatsverdienste ohne Sonderzahl.
62221;Vj. Index der Tarifverdienste und Arbeitszeiten;JAHR;Jahr;2019;DINSGF;Früheres Bundesgebiet / Neue Länder;DF;Früheres Bundesgebiet;WZ08C7;WZ2008 (ausgewählte Positionen): Tarifindex;WZ08-H-01;Verkehr und Lagerei, Information und Kommunikation;100,1;2020=100;VST018;Index der tariflichen Wochenarbeitszeit
62221;Vj. Index der Tarifverdienste und Arbeitszeiten;JAHR;Jahr;2019;DINSGF;Früheres Bundesgebiet / Neue Länder;DF;Früheres Bundesgebiet;WZ08C7;WZ2008 (ausgewählte Positionen): Tarifindex;WZ08-H-01;Verkehr und Lagerei, Information und Kommunikation;98,0;2020=100;VST065;Index d.tarifl. Stundenverdienste ohne Sonderzahl.
62221;Vj. Index der Tarifverdienste und Arbeitszeiten;JAHR;Jahr;2021;DINSGF;Früheres Bundesgebiet / Neue Länder;DF;Früheres Bundesgebiet;WZ08C7;WZ2008 (ausgewählte Positionen): Tarifindex;WZ08-13;Herstellung von Textilien;102,3;2020=100;VST072;Index d.tarifl. Stundenverdienste mit Sonderzahl.
62221;Vj. Index der Tarifverdienste und Arbeitszeiten;JAHR;Jahr;2021;DINSGF;Früheres Bundesgebiet / Neue Länder;DF;Früheres Bundesgebiet;WZ08C7;WZ2008 (ausgewählte Positionen): Tarifindex;WZ08-13;Herstellung von Textilien;102,3;2020=100;VST073;Index d.tarifl. Monatsverdienste mit Sonderzahl.
62221;Vj. Index der Tarifverdienste und Arbeitszeiten;JAHR;Jahr;2021;DINSGF;Früheres Bundesgebiet / Neue Länder;DF;Früheres Bundesgebiet;WZ08C7;WZ2008 (ausgewählte Positionen): Tarifindex;WZ08-13;Herstellung von Textilien;37,0;h;VST019;Durchschnittliche tarifliche Wochenarbeitszeit
62221;Vj. Index der Tarifverdienste und Arbeitszeiten;JAHR;Jahr;2021;DINSGF;Früheres Bundesgebiet / Neue Länder;DF;Früheres Bundesgebiet;WZ08C7;WZ2008 (ausgewählte Positionen): Tarifindex;WZ08-13;Herstellung von Textilien;101,6;2020=100;VST066;Index d.tarifl. Monatsverdienste ohne Sonderzahl.
62221;Vj. Index der Tarifverdienste und Arbeitszeiten;JAHR;Jahr;2021;DINSGF;Früheres Bundesgebiet / Neue Länder;DF;Früheres Bundesgebiet;WZ08C7;WZ2008 (ausgewählte Positionen): Tarifindex;WZ08-13;Herstellung von Textilien;100,0;2020=100;VST018;Index der tariflichen Wochenarbeitszeit
62221;Vj. Index der Tarifverdienste und Arbeitszeiten;JAHR;Jahr;2021;DINSGF;Früheres Bundesgebiet / Neue Länder;DF;Früheres Bundesgebiet;WZ08C7;WZ2008 (ausgewählte Positionen): Tarifindex;WZ08-13;Herstellung von Textilien;101,6;2020=100;VST065;Index d.tarifl. Stundenverdienste ohne Sonderzahl.
62221;Vj. Index der Tarifverdienste und Arbeitszeiten;JAHR;Jahr;2023;DINSGF;Früheres Bundesgebiet / Neue Länder;DN;Neue Länder;WZ08C7;WZ2008 (ausgewählte Positionen): Tarifindex;WZ08-75;Veterinärwesen;119,5;2020=100;VST072;Index d.tarifl. Stundenverdienste mit Sonderzahl.
62221;Vj. Index der Tarifverdienste und Arbeitszeiten;JAHR;Jahr;2023;DINSGF;Früheres Bundesgebiet / Neue Länder;DN;Neue Länder;WZ08C7;WZ2008 (ausgewählte Positionen): Tarifindex;WZ08-75;Veterinärwesen;119,5;2020=100;VST073;Index d.tarifl. Monatsverdienste mit Sonderzahl.
62221;Vj. Index der Tarifverdienste und Arbeitszeiten;JAHR;Jahr;2023;DINSGF;Früheres Bundesgebiet / Neue Länder;DN;Neue Länder;WZ08C7;WZ2008 (ausgewählte Positionen): Tarifindex;WZ08-75;Veterinärwesen;40,0;h;VST019;Durchschnittliche tarifliche Wochenarbeitszeit
62221;Vj. Index der Tarifverdienste und Arbeitszeiten;JAHR;Jahr;2023;DINSGF;Früheres Bundesgebiet / Neue Länder;DN;Neue Länder;WZ08C7;WZ2008 (ausgewählte Positionen): Tarifindex;WZ08-75;Veterinärwesen;119,5;2020=100;VST066;Index d.tarifl. Monatsverdienste ohne Sonderzahl.
62221;Vj. Index der Tarifverdienste und Arbeitszeiten;JAHR;Jahr;2023;DINSGF;Früheres Bundesgebiet / Neue Länder;DN;Neue Länder;WZ08C7;WZ2008 (ausgewählte Positionen): Tarifindex;WZ08-75;Veterinärwesen;100,0;2020=100;VST018;Index der tariflichen Wochenarbeitszeit
62221;Vj. Index der Tarifverdienste und Arbeitszeiten;JAHR;Jahr;2023;DINSGF;Früheres Bundesgebiet / Neue Länder;DN;Neue Länder;WZ08C7;WZ2008 (ausgewählte Positionen): Tarifindex;WZ08-75;Veterinärwesen;119,5;2020=100;VST065;Index d.tarifl. Stundenverdienste ohne Sonderzahl.
62221;Vj. Index der Tarifverdienste und Arbeitszeiten;JAHR;Jahr;2023;DINSGF;Früheres Bundesgebiet / Neue Länder;DN;Neue Länder;WZ08C7;WZ2008 (ausgewählte Positionen): Tarifindex;WZ08-M;Freiberufliche, wiss. u. techn. Dienstleistungen;106,5;2020=100;VST072;Index d.tarifl. Stundenverdienste mit Sonderzahl.
62221;Vj. Index der Tarifverdienste und Arbeitszeiten;JAHR;Jahr;2023;DINSGF;Früheres Bundesgebiet / Neue Länder;DN;Neue Länder;WZ08C7;WZ2008 (ausgewählte Positionen): Tarifindex;WZ08-M;Freiberufliche, wiss. u. techn. Dienstleistungen;106,4;2020=100;VST073;Index d.tarifl. Monatsverdienste mit Sonderzahl.
62221;Vj. Index der Tarifverdienste und Arbeitszeiten;JAHR;Jahr;2023;DINSGF;Früheres Bundesgebiet / Neue Länder;DN;Neue Länder;WZ08C7;WZ2008 (ausgewählte Positionen): Tarifindex;WZ08-M;Freiberufliche, wiss. u. techn. Dienstleistungen;38,9;h;VST019;Durchschnittliche tarifliche Wochenarbeitszeit
62221;Vj. Index der Tarifverdienste und Arbeitszeiten;JAHR;Jahr;2023;DINSGF;Früheres Bundesgebiet / Neue Länder;DN;Neue Länder;WZ08C7;WZ2008 (ausgewählte Positionen): Tarifindex;WZ08-M;Freiberufliche, wiss. u. techn. Dienstleistungen;104,5;2020=100;VST066;Index d.tarifl. Monatsverdienste ohne Sonderzahl.
62221;Vj. Index der Tarifverdienste und Arbeitszeiten;JAHR;Jahr;2023;DINSGF;Früheres Bundesgebiet / Neue Länder;DN;Neue Länder;WZ08C7;WZ2008 (ausgewählte Positionen): Tarifindex;WZ08-M;Freiberufliche, wiss. u. techn. Dienstleistungen;99,9;2020=100;VST018;Index der tariflichen Wochenarbeitszeit
62221;Vj. Index der Tarifverdienste und Arbeitszeiten;JAHR;Jahr;2023;DINSGF;Früheres Bundesgebiet / Neue Länder;DN;Neue Länder;WZ08C7;WZ2008 (ausgewählte Positionen): Tarifindex;WZ08-M;Freiberufliche, wiss. u. techn. Dienstleistungen;104,5;2020=100;VST065;Index d.tarifl. Stundenverdienste ohne Sonderzahl.
62221;Vj. Index der Tarifverdienste und Arbeitszeiten;JAHR;Jahr;2020;DINSGF;Früheres Bundesgebiet / Neue Länder;DF;Früheres Bundesgebiet;WZ08C7;WZ2008 (ausgewählte Positionen): Tarifindex;WZ08-25;Herstellung von Metallerzeugnissen;100,0;2020=100;VST072;Index d.tarifl. Stundenverdienste mit Sonderzahl.
62221;Vj. Index der Tarifverdienste und Arbeitszeiten;JAHR;Jahr;2020;DINSGF;Früheres Bundesgebiet / Neue Länder;DF;Früheres Bundesgebiet;WZ08C7;WZ2008 (ausgewählte Positionen): Tarifindex;WZ08-25;Herstellung von Metallerzeugnissen;100,0;2020=100;VST073;Index d.tarifl. Monatsverdienste mit Sonderzahl.
62221;Vj. Index der Tarifverdienste und Arbeitszeiten;JAHR;Jahr;2020;DINSGF;Früheres Bundesgebiet / Neue Länder;DF;Früheres Bundesgebiet;WZ08C7;WZ2008 (ausgewählte Positionen): Tarifindex;WZ08-25;Herstellung von Metallerzeugnissen;35,8;h;VST019;Durchschnittliche tarifliche Wochenarbeitszeit
62221;Vj. Index der Tarifverdienste und Arbeitszeiten;JAHR;Jahr;2020;DINSGF;Früheres Bundesgebiet / Neue Länder;DF;Früheres Bundesgebiet;WZ08C7;WZ2008 (ausgewählte Positionen): Tarifindex;WZ08-25;Herstellung von Metallerzeugnissen;100,0;2020=100;VST066;Index d.tarifl. Monatsverdienste ohne Sonderzahl.
62221;Vj. Index der Tarifverdienste und Arbeitszeiten;JAHR;Jahr;2020;DINSGF;Früheres Bundesgebiet / Neue Länder;DF;Früheres Bundesgebiet;WZ08C7;WZ2008 (ausgewählte Positionen): Tarifindex;WZ08-25;Herstellung von Metallerzeugnissen;100,0;2020=100;VST018;Index der tariflichen Wochenarbeitszeit
62221;Vj. Index der Tarifverdienste und Arbeitszeiten;JAHR;Jahr;2020;DINSGF;Früheres Bundesgebiet / Neue Länder;DF;Früheres Bundesgebiet;WZ08C7;WZ2008 (ausgewählte Positionen): Tarifindex;WZ08-25;Herstellung von Metallerzeugnissen;100,0;2020=100;VST065;Index d.tarifl. Stundenverdienste ohne Sonderzahl.
62221;Vj. Index der Tarifverdienste und Arbeitszeiten;JAHR;Jahr;2023;DINSGF;Früheres Bundesgebiet / Neue Länder;DF;Früheres Bundesgebiet;WZ08C7;WZ2008 (ausgewählte Positionen): Tarifindex;WZ08-52-01;Lagerei und Kurierdienste;108,4;2020=100;VST072;Index d.tarifl. Stundenverdienste mit Sonderzahl.
62221;Vj. Index der Tarifverdienste und Arbeitszeiten;JAHR;Jahr;2023;DINSGF;Früheres Bundesgebiet / Neue Länder;DF;Früheres Bundesgebiet;WZ08C7;WZ2008 (ausgewählte Positionen): Tarifindex;WZ08-52-01;Lagerei und Kurierdienste;108,4;2020=100;VST073;Index d.tarifl. Monatsverdienste mit Sonderzahl.
62221;Vj. Index der Tarifverdienste und Arbeitszeiten;JAHR;Jahr;2023;DINSGF;Früheres Bundesgebiet / Neue Länder;DF;Früheres Bundesgebiet;WZ08C7;WZ2008 (ausgewählte Positionen): Tarifindex;WZ08-52-01;Lagerei und Kurierdienste;38,8;h;VST019;Durchschnittliche tarifliche Wochenarbeitszeit
62221;Vj. Index der Tarifverdienste und Arbeitszeiten;JAHR;Jahr;2023;DINSGF;Früheres Bundesgebiet / Neue Länder;DF;Früheres Bundesgebiet;WZ08C7;WZ2008 (ausgewählte Positionen): Tarifindex;WZ08-52-01;Lagerei und Kurierdienste;105,6;2020=100;VST066;Index d.tarifl. Monatsverdienste ohne Sonderzahl.
62221;Vj. Index der Tarifverdienste und Arbeitszeiten;JAHR;Jahr;2023;DINSGF;Früheres Bundesgebiet / Neue Länder;DF;Früheres Bundesgebiet;WZ08C7;WZ2008 (ausgewählte Positionen): Tarifindex;WZ08-52-01;Lagerei und Kurierdienste;100,0;2020=100;VST018;Index der tariflichen Wochenarbeitszeit
62221;Vj. Index der Tarifverdienste und Arbeitszeiten;JAHR;Jahr;2023;DINSGF;Früheres Bundesgebiet / Neue Länder;DF;Früheres Bundesgebiet;WZ08C7;WZ2008 (ausgewählte Positionen): Tarifindex;WZ08-52-01;Lagerei und Kurierdienste;105,6;2020=100;VST065;Index d.tarifl. Stundenverdienste ohne Sonderzahl.
62221;Vj. Index der Tarifverdienste und Arbeitszeiten;JAHR;Jahr;2022;DINSGF;Früheres Bundesgebiet / Neue Länder;DN;Neue Länder;WZ08C7;WZ2008 (ausgewählte Positionen): Tarifindex;WZ08-87;Heime (ohne Erholungs- und Ferienheime);106,5;2020=100;VST072;Index d.tarifl. Stundenverdienste mit Sonderzahl.
62221;Vj. Index der Tarifverdienste und Arbeitszeiten;JAHR;Jahr;2022;DINSGF;Früheres Bundesgebiet / Neue Länder;DN;Neue Länder;WZ08C7;WZ2008 (ausgewählte Positionen): Tarifindex;WZ08-87;Heime (ohne Erholungs- und Ferienheime);106,2;2020=100;VST073;Index d.tarifl. Monatsverdienste mit Sonderzahl.
62221;Vj. Index der Tarifverdienste und Arbeitszeiten;JAHR;Jahr;2022;DINSGF;Früheres Bundesgebiet / Neue Länder;DN;Neue Länder;WZ08C7;WZ2008 (ausgewählte Positionen): Tarifindex;WZ08-87;Heime (ohne Erholungs- und Ferienheime);39,3;h;VST019;Durchschnittliche tarifliche Wochenarbeitszeit
62221;Vj. Index der Tarifverdienste und Arbeitszeiten;JAHR;Jahr;2022;DINSGF;Früheres Bundesgebiet / Neue Länder;DN;Neue Länder;WZ08C7;WZ2008 (ausgewählte Positionen): Tarifindex;WZ08-87;Heime (ohne Erholungs- und Ferienheime);104,9;2020=100;VST066;Index d.tarifl. Monatsverdienste ohne Sonderzahl.
62221;Vj. Index der Tarifverdienste und Arbeitszeiten;JAHR;Jahr;2022;DINSGF;Früheres Bundesgebiet / Neue Länder;DN;Neue Länder;WZ08C7;WZ2008 (ausgewählte Positionen): Tarifindex;WZ08-87;Heime (ohne Erholungs- und Ferienheime);99,6;2020=100;VST018;Index der tariflichen Wochenarbeitszeit
62221;Vj. Index der Tarifverdienste und Arbeitszeiten;JAHR;Jahr;2022;DINSGF;Früheres Bundesgebiet / Neue Länder;DN;Neue Länder;WZ08C7;WZ2008 (ausgewählte Positionen): Tarifindex;WZ08-87;Heime (ohne Erholungs- und Ferienheime);105,3;2020=100;VST065;Index d.tarifl. Stundenverdienste ohne Sonderzahl.
62221;Vj. Index der Tarifverdienste und Arbeitszeiten;JAHR;Jahr;2025;DINSGF;Früheres Bundesgebiet / Neue Länder;DN;Neue Länder;WZ08C7;WZ2008 (ausgewählte Positionen): Tarifindex;WZ08-16;H.v. Holz-, Flecht-, Korb-u.Korkwaren (ohne Möbel);119,4;2020=100;VST072;Index d.tarifl. Stundenverdienste mit Sonderzahl.
62221;Vj. Index der Tarifverdienste und Arbeitszeiten;JAHR;Jahr;2025;DINSGF;Früheres Bundesgebiet / Neue Länder;DN;Neue Länder;WZ08C7;WZ2008 (ausgewählte Positionen): Tarifindex;WZ08-16;H.v. Holz-, Flecht-, Korb-u.Korkwaren (ohne Möbel);118,2;2020=100;VST073;Index d.tarifl. Monatsverdienste mit Sonderzahl.
62221;Vj. Index der Tarifverdienste und Arbeitszeiten;JAHR;Jahr;2025;DINSGF;Früheres Bundesgebiet / Neue Länder;DN;Neue Länder;WZ08C7;WZ2008 (ausgewählte Positionen): Tarifindex;WZ08-16;H.v. Holz-, Flecht-, Korb-u.Korkwaren (ohne Möbel);38,7;h;VST019;Durchschnittliche tarifliche Wochenarbeitszeit
62221;Vj. Index der Tarifverdienste und Arbeitszeiten;JAHR;Jahr;2025;DINSGF;Früheres Bundesgebiet / Neue Länder;DN;Neue Länder;WZ08C7;WZ2008 (ausgewählte Positionen): Tarifindex;WZ08-16;H.v. Holz-, Flecht-, Korb-u.Korkwaren (ohne Möbel);118,0;2020=100;VST066;Index d.tarifl. Monatsverdienste ohne Sonderzahl.
62221;Vj. Index der Tarifverdienste und Arbeitszeiten;JAHR;Jahr;2025;DINSGF;Früheres Bundesgebiet / Neue Länder;DN;Neue Länder;WZ08C7;WZ2008 (ausgewählte Positionen): Tarifindex;WZ08-16;H.v. Holz-, Flecht-, Korb-u.Korkwaren (ohne Möbel);98,9;2020=100;VST018;Index der tariflichen Wochenarbeitszeit
62221;Vj. Index der Tarifverdienste und Arbeitszeiten;JAHR;Jahr;2025;DINSGF;Früheres Bundesgebiet / Neue Länder;DN;Neue Länder;WZ08C7;WZ2008 (ausgewählte Positionen): Tarifindex;WZ08-16;H.v. Holz-, Flecht-, Korb-u.Korkwaren (ohne Möbel);119,2;2020=100;VST065;Index d.tarifl. Stundenverdienste ohne Sonderzahl.
62221;Vj. Index der Tarifverdienste und Arbeitszeiten;JAHR;Jahr;2024;DINSGF;Früheres Bundesgebiet / Neue Länder;DN;Neue Länder;WZ08C7;WZ2008 (ausgewählte Positionen): Tarifindex;WZ08-28;Maschinenbau;110,3;2020=100;VST072;Index d.tarifl. Stundenverdienste mit Sonderzahl.
62221;Vj. Index der Tarifverdienste und Arbeitszeiten;JAHR;Jahr;2024;DINSGF;Früheres Bundesgebiet / Neue Länder;DN;Neue Länder;WZ08C7;WZ2008 (ausgewählte Positionen): Tarifindex;WZ08-28;Maschinenbau;110,3;2020=100;VST073;Index d.tarifl. Monatsverdienste mit Sonderzahl.
62221;Vj. Index der Tarifverdienste und Arbeitszeiten;JAHR;Jahr;2024;DINSGF;Früheres Bundesgebiet / Neue Länder;DN;Neue Länder;WZ08C7;WZ2008 (ausgewählte Positionen): Tarifindex;WZ08-28;Maschinenbau;37,6;h;VST019;Durchschnittliche tarifliche Wochenarbeitszeit
62221;Vj. Index der Tarifverdienste und Arbeitszeiten;JAHR;Jahr;2024;DINSGF;Früheres Bundesgebiet / Neue Länder;DN;Neue Länder;WZ08C7;WZ2008 (ausgewählte Positionen): Tarifindex;WZ08-28;Maschinenbau;106,8;2020=100;VST066;Index d.tarifl. Monatsverdienste ohne Sonderzahl.
62221;Vj. Index der Tarifverdienste und Arbeitszeiten;JAHR;Jahr;2024;DINSGF;Früheres Bundesgebiet / Neue Länder;DN;Neue Länder;WZ08C7;WZ2008 (ausgewählte Positionen): Tarifindex;WZ08-28;Maschinenbau;100,0;2020=100;VST018;Index der tariflichen Wochenarbeitszeit
62221;Vj. Index der Tarifverdienste und Arbeitszeiten;JAHR;Jahr;2024;DINSGF;Früheres Bundesgebiet / Neue Länder;DN;Neue Länder;WZ08C7;WZ2008 (ausgewählte Positionen): Tarifindex;WZ08-28;Maschinenbau;106,8;2020=100;VST065;Index d.tarifl. Stundenverdienste ohne Sonderzahl.
62221;Vj. Index der Tarifverdienste und Arbeitszeiten;JAHR;Jahr;2019;DINSGF;Früheres Bundesgebiet / Neue Länder;DN;Neue Länder;WZ08C7;WZ2008 (ausgewählte Positionen): Tarifindex;WZ08-08-01;Gewinnung v. Steinen u. Erden, sonst. Bergbau, DL;96,7;2020=100;VST072;Index d.tarifl. Stundenverdienste mit Sonderzahl.
62221;Vj. Index der Tarifverdienste und Arbeitszeiten;JAHR;Jahr;2019;DINSGF;Früheres Bundesgebiet / Neue Länder;DN;Neue Länder;WZ08C7;WZ2008 (ausgewählte Positionen): Tarifindex;WZ08-08-01;Gewinnung v. Steinen u. Erden, sonst. Bergbau, DL;96,7;2020=100;VST073;Index d.tarifl. Monatsverdienste mit Sonderzahl.
62221;Vj. Index der Tarifverdienste und Arbeitszeiten;JAHR;Jahr;2019;DINSGF;Früheres Bundesgebiet / Neue Länder;DN;Neue Länder;WZ08C7;WZ2008 (ausgewählte Positionen): Tarifindex;WZ08-08-01;Gewinnung v. Steinen u. Erden, sonst. Bergbau, DL;40,0;h;VST019;Durchschnittliche tarifliche Wochenarbeitszeit
62221;Vj. Index der Tarifverdienste und Arbeitszeiten;JAHR;Jahr;2019;DINSGF;Früheres Bundesgebiet / Neue Länder;DN;Neue Länder;WZ08C7;WZ2008 (ausgewählte Positionen): Tarifindex;WZ08-08-01;Gewinnung v. Steinen u. Erden, sonst. Bergbau, DL;96,7;2020=100;VST066;Index d.tarifl. Monatsverdienste ohne Sonderzahl.
62221;Vj. Index der Tarifverdienste und Arbeitszeiten;JAHR;Jahr;2019;DINSGF;Früheres Bundesgebiet / Neue Länder;DN;Neue Länder;WZ08C7;WZ2008 (ausgewählte Positionen): Tarifindex;WZ08-08-01;Gewinnung v. Steinen u. Erden, sonst. Bergbau, DL;100,0;2020=100;VST018;Index der tariflichen Wochenarbeitszeit
62221;Vj. Index der Tarifverdienste und Arbeitszeiten;JAHR;Jahr;2019;DINSGF;Früheres Bundesgebiet / Neue Länder;DN;Neue Länder;WZ08C7;WZ2008 (ausgewählte Positionen): Tarifindex;WZ08-08-01;Gewinnung v. Steinen u. Erden, sonst. Bergbau, DL;96,7;2020=100;VST065;Index d.tarifl. Stundenverdienste ohne Sonderzahl.
62221;Vj. Index der Tarifverdienste und Arbeitszeiten;JAHR;Jahr;2024;DINSGF;Früheres Bundesgebiet / Neue Länder;DF;Früheres Bundesgebiet;WZ08C7;WZ2008 (ausgewählte Positionen): Tarifindex;WZ08-55-01;Gastgewerbe;120,9;2020=100;VST072;Index d.tarifl. Stundenverdienste mit Sonderzahl.
62221;Vj. Index der Tarifverdienste und Arbeitszeiten;JAHR;Jahr;2024;DINSGF;Früheres Bundesgebiet / Neue Länder;DF;Früheres Bundesgebiet;WZ08C7;WZ2008 (ausgewählte Positionen): Tarifindex;WZ08-55-01;Gastgewerbe;120,9;2020=100;VST073;Index d.tarifl. Monatsverdienste mit Sonderzahl.
62221;Vj. Index der Tarifverdienste und Arbeitszeiten;JAHR;Jahr;2024;DINSGF;Früheres Bundesgebiet / Neue Länder;DF;Früheres Bundesgebiet;WZ08C7;WZ2008 (ausgewählte Positionen): Tarifindex;WZ08-55-01;Gastgewerbe;39,0;h;VST019;Durchschnittliche tarifliche Wochenarbeitszeit
62221;Vj. Index der Tarifverdienste und Arbeitszeiten;JAHR;Jahr;2024;DINSGF;Früheres Bundesgebiet / Neue Länder;DF;Früheres Bundesgebiet;WZ08C7;WZ2008 (ausgewählte Positionen): Tarifindex;WZ08-55-01;Gastgewerbe;120,8;2020=100;VST066;Index d.tarifl. Monatsverdienste ohne Sonderzahl.
62221;Vj. Index der Tarifverdienste und Arbeitszeiten;JAHR;Jahr;2024;DINSGF;Früheres Bundesgebiet / Neue Länder;DF;Früheres Bundesgebiet;WZ08C7;WZ2008 (ausgewählte Positionen): Tarifindex;WZ08-55-01;Gastgewerbe;100,0;2020=100;VST018;Index der tariflichen Wochenarbeitszeit
62221;Vj. Index der Tarifverdienste und Arbeitszeiten;JAHR;Jahr;2024;DINSGF;Früheres Bundesgebiet / Neue Länder;DF;Früheres Bundesgebiet;WZ08C7;WZ2008 (ausgewählte Positionen): Tarifindex;WZ08-55-01;Gastgewerbe;120,8;2020=100;VST065;Index d.tarifl. Stundenverdienste ohne Sonderzahl.
62221;Vj. Index der Tarifverdienste und Arbeitszeiten;JAHR;Jahr;2016;DINSGF;Früheres Bundesgebiet / Neue Länder;DF;Früheres Bundesgebiet;WZ08C7;WZ2008 (ausgewählte Positionen): Tarifindex;WZ08-D;Energieversorgung;91,2;2020=100;VST072;Index d.tarifl. Stundenverdienste mit Sonderzahl.
62221;Vj. Index der Tarifverdienste und Arbeitszeiten;JAHR;Jahr;2016;DINSGF;Früheres Bundesgebiet / Neue Länder;DF;Früheres Bundesgebiet;WZ08C7;WZ2008 (ausgewählte Positionen): Tarifindex;WZ08-D;Energieversorgung;91,2;2020=100;VST073;Index d.tarifl. Monatsverdienste mit Sonderzahl.
62221;Vj. Index der Tarifverdienste und Arbeitszeiten;JAHR;Jahr;2016;DINSGF;Früheres Bundesgebiet / Neue Länder;DF;Früheres Bundesgebiet;WZ08C7;WZ2008 (ausgewählte Positionen): Tarifindex;WZ08-D;Energieversorgung;38,4;h;VST019;Durchschnittliche tarifliche Wochenarbeitszeit
62221;Vj. Index der Tarifverdienste und Arbeitszeiten;JAHR;Jahr;2016;DINSGF;Früheres Bundesgebiet / Neue Länder;DF;Früheres Bundesgebiet;WZ08C7;WZ2008 (ausgewählte Positionen): Tarifindex;WZ08-D;Energieversorgung;90,8;2020=100;VST066;Index d.tarifl. Monatsverdienste ohne Sonderzahl.
62221;Vj. Index der Tarifverdienste und Arbeitszeiten;JAHR;Jahr;2016;DINSGF;Früheres Bundesgebiet / Neue Länder;DF;Früheres Bundesgebiet;WZ08C7;WZ2008 (ausgewählte Positionen): Tarifindex;WZ08-D;Energieversorgung;100,0;2020=100;VST018;Index der tariflichen Wochenarbeitszeit
62221;Vj. Index der Tarifverdienste und Arbeitszeiten;JAHR;Jahr;2016;DINSGF;Früheres Bundesgebiet / Neue Länder;DF;Früheres Bundesgebiet;WZ08C7;WZ2008 (ausgewählte Positionen): Tarifindex;WZ08-D;Energieversorgung;90,8;2020=100;VST065;Index d.tarifl. Stundenverdienste ohne Sonderzahl.
62221;Vj. Index der Tarifverdienste und Arbeitszeiten;JAHR;Jahr;2021;DINSGF;Früheres Bundesgebiet / Neue Länder;DF;Früheres Bundesgebiet;WZ08C7;WZ2008 (ausgewählte Positionen): Tarifindex;WZ08-13-01;Textil- und Bekleidungsgewerbe;102,2;2020=100;VST072;Index d.tarifl. Stundenverdienste mit Sonderzahl.
62221;Vj. Index der Tarifverdienste und Arbeitszeiten;JAHR;Jahr;2021;DINSGF;Früheres Bundesgebiet / Neue Länder;DF;Früheres Bundesgebiet;WZ08C7;WZ2008 (ausgewählte Positionen): Tarifindex;WZ08-13-01;Textil- und Bekleidungsgewerbe;102,2;2020=100;VST073;Index d.tarifl. Monatsverdienste mit Sonderzahl.
62221;Vj. Index der Tarifverdienste und Arbeitszeiten;JAHR;Jahr;2021;DINSGF;Früheres Bundesgebiet / Neue Länder;DF;Früheres Bundesgebiet;WZ08C7;WZ2008 (ausgewählte Positionen): Tarifindex;WZ08-13-01;Textil- und Bekleidungsgewerbe;37,0;h;VST019;Durchschnittliche tarifliche Wochenarbeitszeit
62221;Vj. Index der Tarifverdienste und Arbeitszeiten;JAHR;Jahr;2021;DINSGF;Früheres Bundesgebiet / Neue Länder;DF;Früheres Bundesgebiet;WZ08C7;WZ2008 (ausgewählte Positionen): Tarifindex;WZ08-13-01;Textil- und Bekleidungsgewerbe;101,6;2020=100;VST066;Index d.tarifl. Monatsverdienste ohne Sonderzahl.
62221;Vj. Index der Tarifverdienste und Arbeitszeiten;JAHR;Jahr;2021;DINSGF;Früheres Bundesgebiet / Neue Länder;DF;Früheres Bundesgebiet;WZ08C7;WZ2008 (ausgewählte Positionen): Tarifindex;WZ08-13-01;Textil- und Bekleidungsgewerbe;100,0;2020=100;VST018;Index der tariflichen Wochenarbeitszeit
62221;Vj. Index der Tarifverdienste und Arbeitszeiten;JAHR;Jahr;2021;DINSGF;Früheres Bundesgebiet / Neue Länder;DF;Früheres Bundesgebiet;WZ08C7;WZ2008 (ausgewählte Positionen): Tarifindex;WZ08-13-01;Textil- und Bekleidungsgewerbe;101,6;2020=100;VST065;Index d.tarifl. Stundenverdienste ohne Sonderzahl.
62221;Vj. Index der Tarifverdienste und Arbeitszeiten;JAHR;Jahr;2020;DINSGF;Früheres Bundesgebiet / Neue Länder;DN;Neue Länder;WZ08C7;WZ2008 (ausgewählte Positionen): Tarifindex;WZ08-R;Kunst, Unterhaltung und Erholung;100,0;2020=100;VST072;Index d.tarifl. Stundenverdienste mit Sonderzahl.
62221;Vj. Index der Tarifverdienste und Arbeitszeiten;JAHR;Jahr;2020;DINSGF;Früheres Bundesgebiet / Neue Länder;DN;Neue Länder;WZ08C7;WZ2008 (ausgewählte Positionen): Tarifindex;WZ08-R;Kunst, Unterhaltung und Erholung;100,0;2020=100;VST073;Index d.tarifl. Monatsverdienste mit Sonderzahl.
62221;Vj. Index der Tarifverdienste und Arbeitszeiten;JAHR;Jahr;2020;DINSGF;Früheres Bundesgebiet / Neue Länder;DN;Neue Länder;WZ08C7;WZ2008 (ausgewählte Positionen): Tarifindex;WZ08-R;Kunst, Unterhaltung und Erholung;39,1;h;VST019;Durchschnittliche tarifliche Wochenarbeitszeit
62221;Vj. Index der Tarifverdienste und Arbeitszeiten;JAHR;Jahr;2020;DINSGF;Früheres Bundesgebiet / Neue Länder;DN;Neue Länder;WZ08C7;WZ2008 (ausgewählte Positionen): Tarifindex;WZ08-R;Kunst, Unterhaltung und Erholung;100,0;2020=100;VST066;Index d.tarifl. Monatsverdienste ohne Sonderzahl.
62221;Vj. Index der Tarifverdienste und Arbeitszeiten;JAHR;Jahr;2020;DINSGF;Früheres Bundesgebiet / Neue Länder;DN;Neue Länder;WZ08C7;WZ2008 (ausgewählte Positionen): Tarifindex;WZ08-R;Kunst, Unterhaltung und Erholung;100,0;2020=100;VST018;Index der tariflichen Wochenarbeitszeit
62221;Vj. Index der Tarifverdienste und Arbeitszeiten;JAHR;Jahr;2020;DINSGF;Früheres Bundesgebiet / Neue Länder;DN;Neue Länder;WZ08C7;WZ2008 (ausgewählte Positionen): Tarifindex;WZ08-R;Kunst, Unterhaltung und Erholung;100,0;2020=100;VST065;Index d.tarifl. Stundenverdienste ohne Sonderzahl.
62221;Vj. Index der Tarifverdienste und Arbeitszeiten;JAHR;Jahr;2024;DINSGF;Früheres Bundesgebiet / Neue Länder;DF;Früheres Bundesgebiet;WZ08C7;WZ2008 (ausgewählte Positionen): Tarifindex;WZ08-10-02;Ernährungsgewerbe;116,2;2020=100;VST072;Index d.tarifl. Stundenverdienste mit Sonderzahl.
62221;Vj. Index der Tarifverdienste und Arbeitszeiten;JAHR;Jahr;2024;DINSGF;Früheres Bundesgebiet / Neue Länder;DF;Früheres Bundesgebiet;WZ08C7;WZ2008 (ausgewählte Positionen): Tarifindex;WZ08-10-02;Ernährungsgewerbe;116,2;2020=100;VST073;Index d.tarifl. Monatsverdienste mit Sonderzahl.
62221;Vj. Index der Tarifverdienste und Arbeitszeiten;JAHR;Jahr;2024;DINSGF;Früheres Bundesgebiet / Neue Länder;DF;Früheres Bundesgebiet;WZ08C7;WZ2008 (ausgewählte Positionen): Tarifindex;WZ08-10-02;Ernährungsgewerbe;38,1;h;VST019;Durchschnittliche tarifliche Wochenarbeitszeit
62221;Vj. Index der Tarifverdienste und Arbeitszeiten;JAHR;Jahr;2024;DINSGF;Früheres Bundesgebiet / Neue Länder;DF;Früheres Bundesgebiet;WZ08C7;WZ2008 (ausgewählte Positionen): Tarifindex;WZ08-10-02;Ernährungsgewerbe;114,7;2020=100;VST066;Index d.tarifl. Monatsverdienste ohne Sonderzahl.
62221;Vj. Index der Tarifverdienste und Arbeitszeiten;JAHR;Jahr;2024;DINSGF;Früheres Bundesgebiet / Neue Länder;DF;Früheres Bundesgebiet;WZ08C7;WZ2008 (ausgewählte Positionen): Tarifindex;WZ08-10-02;Ernährungsgewerbe;100,0;2020=100;VST018;Index der tariflichen Wochenarbeitszeit
62221;Vj. Index der Tarifverdienste und Arbeitszeiten;JAHR;Jahr;2024;DINSGF;Früheres Bundesgebiet / Neue Länder;DF;Früheres Bundesgebiet;WZ08C7;WZ2008 (ausgewählte Positionen): Tarifindex;WZ08-10-02;Ernährungsgewerbe;114,6;2020=100;VST065;Index d.tarifl. Stundenverdienste ohne Sonderzahl.
62221;Vj. Index der Tarifverdienste und Arbeitszeiten;JAHR;Jahr;2018;DINSGF;Früheres Bundesgebiet / Neue Länder;DF;Früheres Bundesgebiet;WZ08C7;WZ2008 (ausgewählte Positionen): Tarifindex;WZ08-H;Verkehr und Lagerei;95,0;2020=100;VST072;Index d.tarifl. Stundenverdienste mit Sonderzahl.
62221;Vj. Index der Tarifverdienste und Arbeitszeiten;JAHR;Jahr;2018;DINSGF;Früheres Bundesgebiet / Neue Länder;DF;Früheres Bundesgebiet;WZ08C7;WZ2008 (ausgewählte Positionen): Tarifindex;WZ08-H;Verkehr und Lagerei;95,0;2020=100;VST073;Index d.tarifl. Monatsverdienste mit Sonderzahl.
62221;Vj. Index der Tarifverdienste und Arbeitszeiten;JAHR;Jahr;2018;DINSGF;Früheres Bundesgebiet / Neue Länder;DF;Früheres Bundesgebiet;WZ08C7;WZ2008 (ausgewählte Positionen): Tarifindex;WZ08-H;Verkehr und Lagerei;38,8;h;VST019;Durchschnittliche tarifliche Wochenarbeitszeit
62221;Vj. Index der Tarifverdienste und Arbeitszeiten;JAHR;Jahr;2018;DINSGF;Früheres Bundesgebiet / Neue Länder;DF;Früheres Bundesgebiet;WZ08C7;WZ2008 (ausgewählte Positionen): Tarifindex;WZ08-H;Verkehr und Lagerei;95,0;2020=100;VST066;Index d.tarifl. Monatsverdienste ohne Sonderzahl.
62221;Vj. Index der Tarifverdienste und Arbeitszeiten;JAHR;Jahr;2018;DINSGF;Früheres Bundesgebiet / Neue Länder;DF;Früheres Bundesgebiet;WZ08C7;WZ2008 (ausgewählte Positionen): Tarifindex;WZ08-H;Verkehr und Lagerei;100,0;2020=100;VST018;Index der tariflichen Wochenarbeitszeit
62221;Vj. Index der Tarifverdienste und Arbeitszeiten;JAHR;Jahr;2018;DINSGF;Früheres Bundesgebiet / Neue Länder;DF;Früheres Bundesgebiet;WZ08C7;WZ2008 (ausgewählte Positionen): Tarifindex;WZ08-H;Verkehr und Lagerei;94,9;2020=100;VST065;Index d.tarifl. Stundenverdienste ohne Sonderzahl.
62221;Vj. Index der Tarifverdienste und Arbeitszeiten;JAHR;Jahr;2020;DINSGF;Früheres Bundesgebiet / Neue Länder;DN;Neue Länder;WZ08C7;WZ2008 (ausgewählte Positionen): Tarifindex;WZ08-50;Schifffahrt;100,0;2020=100;VST072;Index d.tarifl. Stundenverdienste mit Sonderzahl.
62221;Vj. Index der Tarifverdienste und Arbeitszeiten;JAHR;Jahr;2020;DINSGF;Früheres Bundesgebiet / Neue Länder;DN;Neue Länder;WZ08C7;WZ2008 (ausgewählte Positionen): Tarifindex;WZ08-50;Schifffahrt;100,0;2020=100;VST073;Index d.tarifl. Monatsverdienste mit Sonderzahl.
62221;Vj. Index der Tarifverdienste und Arbeitszeiten;JAHR;Jahr;2020;DINSGF;Früheres Bundesgebiet / Neue Länder;DN;Neue Länder;WZ08C7;WZ2008 (ausgewählte Positionen): Tarifindex;WZ08-50;Schifffahrt;40,0;h;VST019;Durchschnittliche tarifliche Wochenarbeitszeit
62221;Vj. Index der Tarifverdienste und Arbeitszeiten;JAHR;Jahr;2020;DINSGF;Früheres Bundesgebiet / Neue Länder;DN;Neue Länder;WZ08C7;WZ2008 (ausgewählte Positionen): Tarifindex;WZ08-50;Schifffahrt;100,0;2020=100;VST066;Index d.tarifl. Monatsverdienste ohne Sonderzahl.
62221;Vj. Index der Tarifverdienste und Arbeitszeiten;JAHR;Jahr;2020;DINSGF;Früheres Bundesgebiet / Neue Länder;DN;Neue Länder;WZ08C7;WZ2008 (ausgewählte Positionen): Tarifindex;WZ08-50;Schifffahrt;100,0;2020=100;VST018;Index der tariflichen Wochenarbeitszeit
62221;Vj. Index der Tarifverdienste und Arbeitszeiten;JAHR;Jahr;2020;DINSGF;Früheres Bundesgebiet / Neue Länder;DN;Neue Länder;WZ08C7;WZ2008 (ausgewählte Positionen): Tarifindex;WZ08-50;Schifffahrt;100,0;2020=100;VST065;Index d.tarifl. Stundenverdienste ohne Sonderzahl.
62221;Vj. Index der Tarifverdienste und Arbeitszeiten;JAHR;Jahr;2023;DINSGF;Früheres Bundesgebiet / Neue Länder;DF;Früheres Bundesgebiet;WZ08C7;WZ2008 (ausgewählte Positionen): Tarifindex;WZ08-20;Herstellung von chemischen Erzeugnissen;108,5;2020=100;VST072;Index d.tarifl. Stundenverdienste mit Sonderzahl.
62221;Vj. Index der Tarifverdienste und Arbeitszeiten;JAHR;Jahr;2023;DINSGF;Früheres Bundesgebiet / Neue Länder;DF;Früheres Bundesgebiet;WZ08C7;WZ2008 (ausgewählte Positionen): Tarifindex;WZ08-20;Herstellung von chemischen Erzeugnissen;108,5;2020=100;VST073;Index d.tarifl. Monatsverdienste mit Sonderzahl.
62221;Vj. Index der Tarifverdienste und Arbeitszeiten;JAHR;Jahr;2023;DINSGF;Früheres Bundesgebiet / Neue Länder;DF;Früheres Bundesgebiet;WZ08C7;WZ2008 (ausgewählte Positionen): Tarifindex;WZ08-20;Herstellung von chemischen Erzeugnissen;37,5;h;VST019;Durchschnittliche tarifliche Wochenarbeitszeit
62221;Vj. Index der Tarifverdienste und Arbeitszeiten;JAHR;Jahr;2023;DINSGF;Früheres Bundesgebiet / Neue Länder;DF;Früheres Bundesgebiet;WZ08C7;WZ2008 (ausgewählte Positionen): Tarifindex;WZ08-20;Herstellung von chemischen Erzeugnissen;105,4;2020=100;VST066;Index d.tarifl. Monatsverdienste ohne Sonderzahl.
62221;Vj. Index der Tarifverdienste und Arbeitszeiten;JAHR;Jahr;2023;DINSGF;Früheres Bundesgebiet / Neue Länder;DF;Früheres Bundesgebiet;WZ08C7;WZ2008 (ausgewählte Positionen): Tarifindex;WZ08-20;Herstellung von chemischen Erzeugnissen;100,0;2020=100;VST018;Index der tariflichen Wochenarbeitszeit
62221;Vj. Index der Tarifverdienste und Arbeitszeiten;JAHR;Jahr;2023;DINSGF;Früheres Bundesgebiet / Neue Länder;DF;Früheres Bundesgebiet;WZ08C7;WZ2008 (ausgewählte Positionen): Tarifindex;WZ08-20;Herstellung von chemischen Erzeugnissen;105,4;2020=100;VST065;Index d.tarifl. Stundenverdienste ohne Sonderzahl.
62221;Vj. Index der Tarifverdienste und Arbeitszeiten;JAHR;Jahr;2023;DINSGF;Früheres Bundesgebiet / Neue Länder;DF;Früheres Bundesgebiet;WZ08C7;WZ2008 (ausgewählte Positionen): Tarifindex;WZ08-31-01;Möbelherstellung, Installation von Maschinen;107,8;2020=100;VST072;Index d.tarifl. Stundenverdienste mit Sonderzahl.
62221;Vj. Index der Tarifverdienste und Arbeitszeiten;JAHR;Jahr;2023;DINSGF;Früheres Bundesgebiet / Neue Länder;DF;Früheres Bundesgebiet;WZ08C7;WZ2008 (ausgewählte Positionen): Tarifindex;WZ08-31-01;Möbelherstellung, Installation von Maschinen;107,8;2020=100;VST073;Index d.tarifl. Monatsverdienste mit Sonderzahl.
62221;Vj. Index der Tarifverdienste und Arbeitszeiten;JAHR;Jahr;2023;DINSGF;Früheres Bundesgebiet / Neue Länder;DF;Früheres Bundesgebiet;WZ08C7;WZ2008 (ausgewählte Positionen): Tarifindex;WZ08-31-01;Möbelherstellung, Installation von Maschinen;36,5;h;VST019;Durchschnittliche tarifliche Wochenarbeitszeit
62221;Vj. Index der Tarifverdienste und Arbeitszeiten;JAHR;Jahr;2023;DINSGF;Früheres Bundesgebiet / Neue Länder;DF;Früheres Bundesgebiet;WZ08C7;WZ2008 (ausgewählte Positionen): Tarifindex;WZ08-31-01;Möbelherstellung, Installation von Maschinen;104,5;2020=100;VST066;Index d.tarifl. Monatsverdienste ohne Sonderzahl.
62221;Vj. Index der Tarifverdienste und Arbeitszeiten;JAHR;Jahr;2023;DINSGF;Früheres Bundesgebiet / Neue Länder;DF;Früheres Bundesgebiet;WZ08C7;WZ2008 (ausgewählte Positionen): Tarifindex;WZ08-31-01;Möbelherstellung, Installation von Maschinen;100,0;2020=100;VST018;Index der tariflichen Wochenarbeitszeit
62221;Vj. Index der Tarifverdienste und Arbeitszeiten;JAHR;Jahr;2023;DINSGF;Früheres Bundesgebiet / Neue Länder;DF;Früheres Bundesgebiet;WZ08C7;WZ2008 (ausgewählte Positionen): Tarifindex;WZ08-31-01;Möbelherstellung, Installation von Maschinen;104,5;2020=100;VST065;Index d.tarifl. Stundenverdienste ohne Sonderzahl.
62221;Vj. Index der Tarifverdienste und Arbeitszeiten;JAHR;Jahr;2019;DINSGF;Früheres Bundesgebiet / Neue Länder;DN;Neue Länder;WZ08C7;WZ2008 (ausgewählte Positionen): Tarifindex;WZ08-10-01;Ernährungsgewerbe und Tabakverarbeitung;97,6;2020=100;VST072;Index d.tarifl. Stundenverdienste mit Sonderzahl.
62221;Vj. Index der Tarifverdienste und Arbeitszeiten;JAHR;Jahr;2019;DINSGF;Früheres Bundesgebiet / Neue Länder;DN;Neue Länder;WZ08C7;WZ2008 (ausgewählte Positionen): Tarifindex;WZ08-10-01;Ernährungsgewerbe und Tabakverarbeitung;97,6;2020=100;VST073;Index d.tarifl. Monatsverdienste mit Sonderzahl.
62221;Vj. Index der Tarifverdienste und Arbeitszeiten;JAHR;Jahr;2019;DINSGF;Früheres Bundesgebiet / Neue Länder;DN;Neue Länder;WZ08C7;WZ2008 (ausgewählte Positionen): Tarifindex;WZ08-10-01;Ernährungsgewerbe und Tabakverarbeitung;38,7;h;VST019;Durchschnittliche tarifliche Wochenarbeitszeit
62221;Vj. Index der Tarifverdienste und Arbeitszeiten;JAHR;Jahr;2019;DINSGF;Früheres Bundesgebiet / Neue Länder;DN;Neue Länder;WZ08C7;WZ2008 (ausgewählte Positionen): Tarifindex;WZ08-10-01;Ernährungsgewerbe und Tabakverarbeitung;97,7;2020=100;VST066;Index d.tarifl. Monatsverdienste ohne Sonderzahl.
62221;Vj. Index der Tarifverdienste und Arbeitszeiten;JAHR;Jahr;2019;DINSGF;Früheres Bundesgebiet / Neue Länder;DN;Neue Länder;WZ08C7;WZ2008 (ausgewählte Positionen): Tarifindex;WZ08-10-01;Ernährungsgewerbe und Tabakverarbeitung;100,0;2020=100;VST018;Index der tariflichen Wochenarbeitszeit
62221;Vj. Index der Tarifverdienste und Arbeitszeiten;JAHR;Jahr;2019;DINSGF;Früheres Bundesgebiet / Neue Länder;DN;Neue Länder;WZ08C7;WZ2008 (ausgewählte Positionen): Tarifindex;WZ08-10-01;Ernährungsgewerbe und Tabakverarbeitung;97,7;2020=100;VST065;Index d.tarifl. Stundenverdienste ohne Sonderzahl.
62221;Vj. Index der Tarifverdienste und Arbeitszeiten;JAHR;Jahr;2024;DINSGF;Früheres Bundesgebiet / Neue Länder;DF;Früheres Bundesgebiet;WZ08C7;WZ2008 (ausgewählte Positionen): Tarifindex;WZ08-05;Kohlenbergbau;106,1;2020=100;VST072;Index d.tarifl. Stundenverdienste mit Sonderzahl.
62221;Vj. Index der Tarifverdienste und Arbeitszeiten;JAHR;Jahr;2024;DINSGF;Früheres Bundesgebiet / Neue Länder;DF;Früheres Bundesgebiet;WZ08C7;WZ2008 (ausgewählte Positionen): Tarifindex;WZ08-05;Kohlenbergbau;106,1;2020=100;VST073;Index d.tarifl. Monatsverdienste mit Sonderzahl.
62221;Vj. Index der Tarifverdienste und Arbeitszeiten;JAHR;Jahr;2024;DINSGF;Früheres Bundesgebiet / Neue Länder;DF;Früheres Bundesgebiet;WZ08C7;WZ2008 (ausgewählte Positionen): Tarifindex;WZ08-05;Kohlenbergbau;40,0;h;VST019;Durchschnittliche tarifliche Wochenarbeitszeit
62221;Vj. Index der Tarifverdienste und Arbeitszeiten;JAHR;Jahr;2024;DINSGF;Früheres Bundesgebiet / Neue Länder;DF;Früheres Bundesgebiet;WZ08C7;WZ2008 (ausgewählte Positionen): Tarifindex;WZ08-05;Kohlenbergbau;103,6;2020=100;VST066;Index d.tarifl. Monatsverdienste ohne Sonderzahl.
62221;Vj. Index der Tarifverdienste und Arbeitszeiten;JAHR;Jahr;2024;DINSGF;Früheres Bundesgebiet / Neue Länder;DF;Früheres Bundesgebiet;WZ08C7;WZ2008 (ausgewählte Positionen): Tarifindex;WZ08-05;Kohlenbergbau;100,0;2020=100;VST018;Index der tariflichen Wochenarbeitszeit
62221;Vj. Index der Tarifverdienste und Arbeitszeiten;JAHR;Jahr;2024;DINSGF;Früheres Bundesgebiet / Neue Länder;DF;Früheres Bundesgebiet;WZ08C7;WZ2008 (ausgewählte Positionen): Tarifindex;WZ08-05;Kohlenbergbau;103,6;2020=100;VST065;Index d.tarifl. Stundenverdienste ohne Sonderzahl.
62221;Vj. Index der Tarifverdienste und Arbeitszeiten;JAHR;Jahr;2022;DINSGF;Früheres Bundesgebiet / Neue Länder;DN;Neue Länder;WZ08C7;WZ2008 (ausgewählte Positionen): Tarifindex;WZ08-36;Wasserversorgung;102,7;2020=100;VST072;Index d.tarifl. Stundenverdienste mit Sonderzahl.
62221;Vj. Index der Tarifverdienste und Arbeitszeiten;JAHR;Jahr;2022;DINSGF;Früheres Bundesgebiet / Neue Länder;DN;Neue Länder;WZ08C7;WZ2008 (ausgewählte Positionen): Tarifindex;WZ08-36;Wasserversorgung;102,7;2020=100;VST073;Index d.tarifl. Monatsverdienste mit Sonderzahl.
62221;Vj. Index der Tarifverdienste und Arbeitszeiten;JAHR;Jahr;2022;DINSGF;Früheres Bundesgebiet / Neue Länder;DN;Neue Länder;WZ08C7;WZ2008 (ausgewählte Positionen): Tarifindex;WZ08-36;Wasserversorgung;39,1;h;VST019;Durchschnittliche tarifliche Wochenarbeitszeit
62221;Vj. Index der Tarifverdienste und Arbeitszeiten;JAHR;Jahr;2022;DINSGF;Früheres Bundesgebiet / Neue Länder;DN;Neue Länder;WZ08C7;WZ2008 (ausgewählte Positionen): Tarifindex;WZ08-36;Wasserversorgung;103,3;2020=100;VST066;Index d.tarifl. Monatsverdienste ohne Sonderzahl.
62221;Vj. Index der Tarifverdienste und Arbeitszeiten;JAHR;Jahr;2022;DINSGF;Früheres Bundesgebiet / Neue Länder;DN;Neue Länder;WZ08C7;WZ2008 (ausgewählte Positionen): Tarifindex;WZ08-36;Wasserversorgung;100,0;2020=100;VST018;Index der tariflichen Wochenarbeitszeit
62221;Vj. Index der Tarifverdienste und Arbeitszeiten;JAHR;Jahr;2022;DINSGF;Früheres Bundesgebiet / Neue Länder;DN;Neue Länder;WZ08C7;WZ2008 (ausgewählte Positionen): Tarifindex;WZ08-36;Wasserversorgung;103,3;2020=100;VST065;Index d.tarifl. Stundenverdienste ohne Sonderzahl.
62221;Vj. Index der Tarifverdienste und Arbeitszeiten;JAHR;Jahr;2022;DINSGF;Früheres Bundesgebiet / Neue Länder;DN;Neue Länder;WZ08C7;WZ2008 (ausgewählte Positionen): Tarifindex;WZ08-21;Herstellung von pharmazeutischen Erzeugnissen;106,6;2020=100;VST072;Index d.tarifl. Stundenverdienste mit Sonderzahl.
62221;Vj. Index der Tarifverdienste und Arbeitszeiten;JAHR;Jahr;2022;DINSGF;Früheres Bundesgebiet / Neue Länder;DN;Neue Länder;WZ08C7;WZ2008 (ausgewählte Positionen): Tarifindex;WZ08-21;Herstellung von pharmazeutischen Erzeugnissen;105,3;2020=100;VST073;Index d.tarifl. Monatsverdienste mit Sonderzahl.
62221;Vj. Index der Tarifverdienste und Arbeitszeiten;JAHR;Jahr;2022;DINSGF;Früheres Bundesgebiet / Neue Länder;DN;Neue Länder;WZ08C7;WZ2008 (ausgewählte Positionen): Tarifindex;WZ08-21;Herstellung von pharmazeutischen Erzeugnissen;38,9;h;VST019;Durchschnittliche tarifliche Wochenarbeitszeit
62221;Vj. Index der Tarifverdienste und Arbeitszeiten;JAHR;Jahr;2022;DINSGF;Früheres Bundesgebiet / Neue Länder;DN;Neue Länder;WZ08C7;WZ2008 (ausgewählte Positionen): Tarifindex;WZ08-21;Herstellung von pharmazeutischen Erzeugnissen;102,2;2020=100;VST066;Index d.tarifl. Monatsverdienste ohne Sonderzahl.
62221;Vj. Index der Tarifverdienste und Arbeitszeiten;JAHR;Jahr;2022;DINSGF;Früheres Bundesgebiet / Neue Länder;DN;Neue Länder;WZ08C7;WZ2008 (ausgewählte Positionen): Tarifindex;WZ08-21;Herstellung von pharmazeutischen Erzeugnissen;98,7;2020=100;VST018;Index der tariflichen Wochenarbeitszeit
62221;Vj. Index der Tarifverdienste und Arbeitszeiten;JAHR;Jahr;2022;DINSGF;Früheres Bundesgebiet / Neue Länder;DN;Neue Länder;WZ08C7;WZ2008 (ausgewählte Positionen): Tarifindex;WZ08-21;Herstellung von pharmazeutischen Erzeugnissen;103,5;2020=100;VST065;Index d.tarifl. Stundenverdienste ohne Sonderzahl.
62221;Vj. Index der Tarifverdienste und Arbeitszeiten;JAHR;Jahr;2025;DINSGF;Früheres Bundesgebiet / Neue Länder;DN;Neue Länder;WZ08C7;WZ2008 (ausgewählte Positionen): Tarifindex;WZ08-52;Lagerei, sonstige Dienstleistungen für den Verkehr;118,4;2020=100;VST072;Index d.tarifl. Stundenverdienste mit Sonderzahl.
62221;Vj. Index der Tarifverdienste und Arbeitszeiten;JAHR;Jahr;2025;DINSGF;Früheres Bundesgebiet / Neue Länder;DN;Neue Länder;WZ08C7;WZ2008 (ausgewählte Positionen): Tarifindex;WZ08-52;Lagerei, sonstige Dienstleistungen für den Verkehr;117,5;2020=100;VST073;Index d.tarifl. Monatsverdienste mit Sonderzahl.
62221;Vj. Index der Tarifverdienste und Arbeitszeiten;JAHR;Jahr;2025;DINSGF;Früheres Bundesgebiet / Neue Länder;DN;Neue Länder;WZ08C7;WZ2008 (ausgewählte Positionen): Tarifindex;WZ08-52;Lagerei, sonstige Dienstleistungen für den Verkehr;39,1;h;VST019;Durchschnittliche tarifliche Wochenarbeitszeit
62221;Vj. Index der Tarifverdienste und Arbeitszeiten;JAHR;Jahr;2025;DINSGF;Früheres Bundesgebiet / Neue Länder;DN;Neue Länder;WZ08C7;WZ2008 (ausgewählte Positionen): Tarifindex;WZ08-52;Lagerei, sonstige Dienstleistungen für den Verkehr;117,9;2020=100;VST066;Index d.tarifl. Monatsverdienste ohne Sonderzahl.
62221;Vj. Index der Tarifverdienste und Arbeitszeiten;JAHR;Jahr;2025;DINSGF;Früheres Bundesgebiet / Neue Länder;DN;Neue Länder;WZ08C7;WZ2008 (ausgewählte Positionen): Tarifindex;WZ08-52;Lagerei, sonstige Dienstleistungen für den Verkehr;99,4;2020=100;VST018;Index der tariflichen Wochenarbeitszeit
62221;Vj. Index der Tarifverdienste und Arbeitszeiten;JAHR;Jahr;2025;DINSGF;Früheres Bundesgebiet / Neue Länder;DN;Neue Länder;WZ08C7;WZ2008 (ausgewählte Positionen): Tarifindex;WZ08-52;Lagerei, sonstige Dienstleistungen für den Verkehr;118,7;2020=100;VST065;Index d.tarifl. Stundenverdienste ohne Sonderzahl.
62221;Vj. Index der Tarifverdienste und Arbeitszeiten;JAHR;Jahr;2020;DINSGF;Früheres Bundesgebiet / Neue Länder;DN;Neue Länder;WZ08C7;WZ2008 (ausgewählte Positionen): Tarifindex;WZ08-F;Baugewerbe;100,0;2020=100;VST072;Index d.tarifl. Stundenverdienste mit Sonderzahl.
62221;Vj. Index der Tarifverdienste und Arbeitszeiten;JAHR;Jahr;2020;DINSGF;Früheres Bundesgebiet / Neue Länder;DN;Neue Länder;WZ08C7;WZ2008 (ausgewählte Positionen): Tarifindex;WZ08-F;Baugewerbe;100,0;2020=100;VST073;Index d.tarifl. Monatsverdienste mit Sonderzahl.
62221;Vj. Index der Tarifverdienste und Arbeitszeiten;JAHR;Jahr;2020;DINSGF;Früheres Bundesgebiet / Neue Länder;DN;Neue Länder;WZ08C7;WZ2008 (ausgewählte Positionen): Tarifindex;WZ08-F;Baugewerbe;39,7;h;VST019;Durchschnittliche tarifliche Wochenarbeitszeit
62221;Vj. Index der Tarifverdienste und Arbeitszeiten;JAHR;Jahr;2020;DINSGF;Früheres Bundesgebiet / Neue Länder;DN;Neue Länder;WZ08C7;WZ2008 (ausgewählte Positionen): Tarifindex;WZ08-F;Baugewerbe;100,0;2020=100;VST066;Index d.tarifl. Monatsverdienste ohne Sonderzahl.
62221;Vj. Index der Tarifverdienste und Arbeitszeiten;JAHR;Jahr;2020;DINSGF;Früheres Bundesgebiet / Neue Länder;DN;Neue Länder;WZ08C7;WZ2008 (ausgewählte Positionen): Tarifindex;WZ08-F;Baugewerbe;100,0;2020=100;VST018;Index der tariflichen Wochenarbeitszeit
62221;Vj. Index der Tarifverdienste und Arbeitszeiten;JAHR;Jahr;2020;DINSGF;Früheres Bundesgebiet / Neue Länder;DN;Neue Länder;WZ08C7;WZ2008 (ausgewählte Positionen): Tarifindex;WZ08-F;Baugewerbe;100,0;2020=100;VST065;Index d.tarifl. Stundenverdienste ohne Sonderzahl.
62221;Vj. Index der Tarifverdienste und Arbeitszeiten;JAHR;Jahr;2021;DINSGF;Früheres Bundesgebiet / Neue Länder;DF;Früheres Bundesgebiet;WZ08C7;WZ2008 (ausgewählte Positionen): Tarifindex;WZ08-64;Erbringung von Finanzdienstleistungen;100,8;2020=100;VST072;Index d.tarifl. Stundenverdienste mit Sonderzahl.
62221;Vj. Index der Tarifverdienste und Arbeitszeiten;JAHR;Jahr;2021;DINSGF;Früheres Bundesgebiet / Neue Länder;DF;Früheres Bundesgebiet;WZ08C7;WZ2008 (ausgewählte Positionen): Tarifindex;WZ08-64;Erbringung von Finanzdienstleistungen;100,8;2020=100;VST073;Index d.tarifl. Monatsverdienste mit Sonderzahl.
62221;Vj. Index der Tarifverdienste und Arbeitszeiten;JAHR;Jahr;2021;DINSGF;Früheres Bundesgebiet / Neue Länder;DF;Früheres Bundesgebiet;WZ08C7;WZ2008 (ausgewählte Positionen): Tarifindex;WZ08-64;Erbringung von Finanzdienstleistungen;39,0;h;VST019;Durchschnittliche tarifliche Wochenarbeitszeit
62221;Vj. Index der Tarifverdienste und Arbeitszeiten;JAHR;Jahr;2021;DINSGF;Früheres Bundesgebiet / Neue Länder;DF;Früheres Bundesgebiet;WZ08C7;WZ2008 (ausgewählte Positionen): Tarifindex;WZ08-64;Erbringung von Finanzdienstleistungen;101,2;2020=100;VST066;Index d.tarifl. Monatsverdienste ohne Sonderzahl.
62221;Vj. Index der Tarifverdienste und Arbeitszeiten;JAHR;Jahr;2021;DINSGF;Früheres Bundesgebiet / Neue Länder;DF;Früheres Bundesgebiet;WZ08C7;WZ2008 (ausgewählte Positionen): Tarifindex;WZ08-64;Erbringung von Finanzdienstleistungen;100,0;2020=100;VST018;Index der tariflichen Wochenarbeitszeit
62221;Vj. Index der Tarifverdienste und Arbeitszeiten;JAHR;Jahr;2021;DINSGF;Früheres Bundesgebiet / Neue Länder;DF;Früheres Bundesgebiet;WZ08C7;WZ2008 (ausgewählte Positionen): Tarifindex;WZ08-64;Erbringung von Finanzdienstleistungen;101,2;2020=100;VST065;Index d.tarifl. Stundenverdienste ohne Sonderzahl.
62221;Vj. Index der Tarifverdienste und Arbeitszeiten;JAHR;Jahr;2016;DINSGF;Früheres Bundesgebiet / Neue Länder;DF;Früheres Bundesgebiet;WZ08C7;WZ2008 (ausgewählte Positionen): Tarifindex;WZ08-P;Erziehung und Unterricht;89,2;2020=100;VST072;Index d.tarifl. Stundenverdienste mit Sonderzahl.
62221;Vj. Index der Tarifverdienste und Arbeitszeiten;JAHR;Jahr;2016;DINSGF;Früheres Bundesgebiet / Neue Länder;DF;Früheres Bundesgebiet;WZ08C7;WZ2008 (ausgewählte Positionen): Tarifindex;WZ08-P;Erziehung und Unterricht;89,2;2020=100;VST073;Index d.tarifl. Monatsverdienste mit Sonderzahl.
62221;Vj. Index der Tarifverdienste und Arbeitszeiten;JAHR;Jahr;2016;DINSGF;Früheres Bundesgebiet / Neue Länder;DF;Früheres Bundesgebiet;WZ08C7;WZ2008 (ausgewählte Positionen): Tarifindex;WZ08-P;Erziehung und Unterricht;40,1;h;VST019;Durchschnittliche tarifliche Wochenarbeitszeit
62221;Vj. Index der Tarifverdienste und Arbeitszeiten;JAHR;Jahr;2016;DINSGF;Früheres Bundesgebiet / Neue Länder;DF;Früheres Bundesgebiet;WZ08C7;WZ2008 (ausgewählte Positionen): Tarifindex;WZ08-P;Erziehung und Unterricht;88,5;2020=100;VST066;Index d.tarifl. Monatsverdienste ohne Sonderzahl.
62221;Vj. Index der Tarifverdienste und Arbeitszeiten;JAHR;Jahr;2016;DINSGF;Früheres Bundesgebiet / Neue Länder;DF;Früheres Bundesgebiet;WZ08C7;WZ2008 (ausgewählte Positionen): Tarifindex;WZ08-P;Erziehung und Unterricht;100,0;2020=100;VST018;Index der tariflichen Wochenarbeitszeit
62221;Vj. Index der Tarifverdienste und Arbeitszeiten;JAHR;Jahr;2016;DINSGF;Früheres Bundesgebiet / Neue Länder;DF;Früheres Bundesgebiet;WZ08C7;WZ2008 (ausgewählte Positionen): Tarifindex;WZ08-P;Erziehung und Unterricht;88,5;2020=100;VST065;Index d.tarifl. Stundenverdienste ohne Sonderzahl.
62221;Vj. Index der Tarifverdienste und Arbeitszeiten;JAHR;Jahr;2020;DINSGF;Früheres Bundesgebiet / Neue Länder;DN;Neue Länder;WZ08C7;WZ2008 (ausgewählte Positionen): Tarifindex;WZ08-65;Versicherungen, Rückversicherungen, Pensionskassen;100,0;2020=100;VST072;Index d.tarifl. Stundenverdienste mit Sonderzahl.
62221;Vj. Index der Tarifverdienste und Arbeitszeiten;JAHR;Jahr;2020;DINSGF;Früheres Bundesgebiet / Neue Länder;DN;Neue Länder;WZ08C7;WZ2008 (ausgewählte Positionen): Tarifindex;WZ08-65;Versicherungen, Rückversicherungen, Pensionskassen;100,0;2020=100;VST073;Index d.tarifl. Monatsverdienste mit Sonderzahl.
62221;Vj. Index der Tarifverdienste und Arbeitszeiten;JAHR;Jahr;2020;DINSGF;Früheres Bundesgebiet / Neue Länder;DN;Neue Länder;WZ08C7;WZ2008 (ausgewählte Positionen): Tarifindex;WZ08-65;Versicherungen, Rückversicherungen, Pensionskassen;38,4;h;VST019;Durchschnittliche tarifliche Wochenarbeitszeit
62221;Vj. Index der Tarifverdienste und Arbeitszeiten;JAHR;Jahr;2020;DINSGF;Früheres Bundesgebiet / Neue Länder;DN;Neue Länder;WZ08C7;WZ2008 (ausgewählte Positionen): Tarifindex;WZ08-65;Versicherungen, Rückversicherungen, Pensionskassen;100,0;2020=100;VST066;Index d.tarifl. Monatsverdienste ohne Sonderzahl.
62221;Vj. Index der Tarifverdienste und Arbeitszeiten;JAHR;Jahr;2020;DINSGF;Früheres Bundesgebiet / Neue Länder;DN;Neue Länder;WZ08C7;WZ2008 (ausgewählte Positionen): Tarifindex;WZ08-65;Versicherungen, Rückversicherungen, Pensionskassen;100,0;2020=100;VST018;Index der tariflichen Wochenarbeitszeit
62221;Vj. Index der Tarifverdienste und Arbeitszeiten;JAHR;Jahr;2020;DINSGF;Früheres Bundesgebiet / Neue Länder;DN;Neue Länder;WZ08C7;WZ2008 (ausgewählte Positionen): Tarifindex;WZ08-65;Versicherungen, Rückversicherungen, Pensionskassen;100,0;2020=100;VST065;Index d.tarifl. Stundenverdienste ohne Sonderzahl.
62221;Vj. Index der Tarifverdienste und Arbeitszeiten;JAHR;Jahr;2023;DINSGF;Früheres Bundesgebiet / Neue Länder;DN;Neue Länder;WZ08C7;WZ2008 (ausgewählte Positionen): Tarifindex;WZ08-93;Dienstleistungen d.Sports,d.Unterhaltg.u.Erholung;107,8;2020=100;VST072;Index d.tarifl. Stundenverdienste mit Sonderzahl.
62221;Vj. Index der Tarifverdienste und Arbeitszeiten;JAHR;Jahr;2023;DINSGF;Früheres Bundesgebiet / Neue Länder;DN;Neue Länder;WZ08C7;WZ2008 (ausgewählte Positionen): Tarifindex;WZ08-93;Dienstleistungen d.Sports,d.Unterhaltg.u.Erholung;107,8;2020=100;VST073;Index d.tarifl. Monatsverdienste mit Sonderzahl.
62221;Vj. Index der Tarifverdienste und Arbeitszeiten;JAHR;Jahr;2023;DINSGF;Früheres Bundesgebiet / Neue Länder;DN;Neue Länder;WZ08C7;WZ2008 (ausgewählte Positionen): Tarifindex;WZ08-93;Dienstleistungen d.Sports,d.Unterhaltg.u.Erholung;38,8;h;VST019;Durchschnittliche tarifliche Wochenarbeitszeit
62221;Vj. Index der Tarifverdienste und Arbeitszeiten;JAHR;Jahr;2023;DINSGF;Früheres Bundesgebiet / Neue Länder;DN;Neue Länder;WZ08C7;WZ2008 (ausgewählte Positionen): Tarifindex;WZ08-93;Dienstleistungen d.Sports,d.Unterhaltg.u.Erholung;105,1;2020=100;VST066;Index d.tarifl. Monatsverdienste ohne Sonderzahl.
62221;Vj. Index der Tarifverdienste und Arbeitszeiten;JAHR;Jahr;2023;DINSGF;Früheres Bundesgebiet / Neue Länder;DN;Neue Länder;WZ08C7;WZ2008 (ausgewählte Positionen): Tarifindex;WZ08-93;Dienstleistungen d.Sports,d.Unterhaltg.u.Erholung;100,0;2020=100;VST018;Index der tariflichen Wochenarbeitszeit
62221;Vj. Index der Tarifverdienste und Arbeitszeiten;JAHR;Jahr;2023;DINSGF;Früheres Bundesgebiet / Neue Länder;DN;Neue Länder;WZ08C7;WZ2008 (ausgewählte Positionen): Tarifindex;WZ08-93;Dienstleistungen d.Sports,d.Unterhaltg.u.Erholung;105,1;2020=100;VST065;Index d.tarifl. Stundenverdienste ohne Sonderzahl.
62221;Vj. Index der Tarifverdienste und Arbeitszeiten;JAHR;Jahr;2023;DINSGF;Früheres Bundesgebiet / Neue Länder;DF;Früheres Bundesgebiet;WZ08C7;WZ2008 (ausgewählte Positionen): Tarifindex;WZ08-41-01;Hoch- und Tiefbau;109,5;2020=100;VST072;Index d.tarifl. Stundenverdienste mit Sonderzahl.
62221;Vj. Index der Tarifverdienste und Arbeitszeiten;JAHR;Jahr;2023;DINSGF;Früheres Bundesgebiet / Neue Länder;DF;Früheres Bundesgebiet;WZ08C7;WZ2008 (ausgewählte Positionen): Tarifindex;WZ08-41-01;Hoch- und Tiefbau;109,5;2020=100;VST073;Index d.tarifl. Monatsverdienste mit Sonderzahl.
62221;Vj. Index der Tarifverdienste und Arbeitszeiten;JAHR;Jahr;2023;DINSGF;Früheres Bundesgebiet / Neue Länder;DF;Früheres Bundesgebiet;WZ08C7;WZ2008 (ausgewählte Positionen): Tarifindex;WZ08-41-01;Hoch- und Tiefbau;39,9;h;VST019;Durchschnittliche tarifliche Wochenarbeitszeit
62221;Vj. Index der Tarifverdienste und Arbeitszeiten;JAHR;Jahr;2023;DINSGF;Früheres Bundesgebiet / Neue Länder;DF;Früheres Bundesgebiet;WZ08C7;WZ2008 (ausgewählte Positionen): Tarifindex;WZ08-41-01;Hoch- und Tiefbau;107,7;2020=100;VST066;Index d.tarifl. Monatsverdienste ohne Sonderzahl.
62221;Vj. Index der Tarifverdienste und Arbeitszeiten;JAHR;Jahr;2023;DINSGF;Früheres Bundesgebiet / Neue Länder;DF;Früheres Bundesgebiet;WZ08C7;WZ2008 (ausgewählte Positionen): Tarifindex;WZ08-41-01;Hoch- und Tiefbau;100,0;2020=100;VST018;Index der tariflichen Wochenarbeitszeit
62221;Vj. Index der Tarifverdienste und Arbeitszeiten;JAHR;Jahr;2023;DINSGF;Früheres Bundesgebiet / Neue Länder;DF;Früheres Bundesgebiet;WZ08C7;WZ2008 (ausgewählte Positionen): Tarifindex;WZ08-41-01;Hoch- und Tiefbau;107,7;2020=100;VST065;Index d.tarifl. Stundenverdienste ohne Sonderzahl.
62221;Vj. Index der Tarifverdienste und Arbeitszeiten;JAHR;Jahr;2019;DINSGF;Früheres Bundesgebiet / Neue Länder;DN;Neue Länder;WZ08C7;WZ2008 (ausgewählte Positionen): Tarifindex;WZ08-29-01;Fahrzeugbau;99,8;2020=100;VST072;Index d.tarifl. Stundenverdienste mit Sonderzahl.
62221;Vj. Index der Tarifverdienste und Arbeitszeiten;JAHR;Jahr;2019;DINSGF;Früheres Bundesgebiet / Neue Länder;DN;Neue Länder;WZ08C7;WZ2008 (ausgewählte Positionen): Tarifindex;WZ08-29-01;Fahrzeugbau;99,9;2020=100;VST073;Index d.tarifl. Monatsverdienste mit Sonderzahl.
62221;Vj. Index der Tarifverdienste und Arbeitszeiten;JAHR;Jahr;2019;DINSGF;Früheres Bundesgebiet / Neue Länder;DN;Neue Länder;WZ08C7;WZ2008 (ausgewählte Positionen): Tarifindex;WZ08-29-01;Fahrzeugbau;37,7;h;VST019;Durchschnittliche tarifliche Wochenarbeitszeit
62221;Vj. Index der Tarifverdienste und Arbeitszeiten;JAHR;Jahr;2019;DINSGF;Früheres Bundesgebiet / Neue Länder;DN;Neue Länder;WZ08C7;WZ2008 (ausgewählte Positionen): Tarifindex;WZ08-29-01;Fahrzeugbau;99,8;2020=100;VST066;Index d.tarifl. Monatsverdienste ohne Sonderzahl.
62221;Vj. Index der Tarifverdienste und Arbeitszeiten;JAHR;Jahr;2019;DINSGF;Früheres Bundesgebiet / Neue Länder;DN;Neue Länder;WZ08C7;WZ2008 (ausgewählte Positionen): Tarifindex;WZ08-29-01;Fahrzeugbau;100,1;2020=100;VST018;Index der tariflichen Wochenarbeitszeit
62221;Vj. Index der Tarifverdienste und Arbeitszeiten;JAHR;Jahr;2019;DINSGF;Früheres Bundesgebiet / Neue Länder;DN;Neue Länder;WZ08C7;WZ2008 (ausgewählte Positionen): Tarifindex;WZ08-29-01;Fahrzeugbau;99,7;2020=100;VST065;Index d.tarifl. Stundenverdienste ohne Sonderzahl.
62221;Vj. Index der Tarifverdienste und Arbeitszeiten;JAHR;Jahr;2018;DINSGF;Früheres Bundesgebiet / Neue Länder;DF;Früheres Bundesgebiet;WZ08C7;WZ2008 (ausgewählte Positionen): Tarifindex;WZ08-85;Erziehung und Unterricht;93,7;2020=100;VST072;Index d.tarifl. Stundenverdienste mit Sonderzahl.
62221;Vj. Index der Tarifverdienste und Arbeitszeiten;JAHR;Jahr;2018;DINSGF;Früheres Bundesgebiet / Neue Länder;DF;Früheres Bundesgebiet;WZ08C7;WZ2008 (ausgewählte Positionen): Tarifindex;WZ08-85;Erziehung und Unterricht;93,8;2020=100;VST073;Index d.tarifl. Monatsverdienste mit Sonderzahl.
62221;Vj. Index der Tarifverdienste und Arbeitszeiten;JAHR;Jahr;2018;DINSGF;Früheres Bundesgebiet / Neue Länder;DF;Früheres Bundesgebiet;WZ08C7;WZ2008 (ausgewählte Positionen): Tarifindex;WZ08-85;Erziehung und Unterricht;40,1;h;VST019;Durchschnittliche tarifliche Wochenarbeitszeit
62221;Vj. Index der Tarifverdienste und Arbeitszeiten;JAHR;Jahr;2018;DINSGF;Früheres Bundesgebiet / Neue Länder;DF;Früheres Bundesgebiet;WZ08C7;WZ2008 (ausgewählte Positionen): Tarifindex;WZ08-85;Erziehung und Unterricht;93,5;2020=100;VST066;Index d.tarifl. Monatsverdienste ohne Sonderzahl.
62221;Vj. Index der Tarifverdienste und Arbeitszeiten;JAHR;Jahr;2018;DINSGF;Früheres Bundesgebiet / Neue Länder;DF;Früheres Bundesgebiet;WZ08C7;WZ2008 (ausgewählte Positionen): Tarifindex;WZ08-85;Erziehung und Unterricht;100,0;2020=100;VST018;Index der tariflichen Wochenarbeitszeit
62221;Vj. Index der Tarifverdienste und Arbeitszeiten;JAHR;Jahr;2018;DINSGF;Früheres Bundesgebiet / Neue Länder;DF;Früheres Bundesgebiet;WZ08C7;WZ2008 (ausgewählte Positionen): Tarifindex;WZ08-85;Erziehung und Unterricht;93,5;2020=100;VST065;Index d.tarifl. Stundenverdienste ohne Sonderzahl.
62221;Vj. Index der Tarifverdienste und Arbeitszeiten;JAHR;Jahr;2019;DINSGF;Früheres Bundesgebiet / Neue Länder;DN;Neue Länder;WZ08C7;WZ2008 (ausgewählte Positionen): Tarifindex;WZ08-B-08;Produzierendes Gewerbe und Dienstleistungsbereich;97,5;2020=100;VST072;Index d.tarifl. Stundenverdienste mit Sonderzahl.
62221;Vj. Index der Tarifverdienste und Arbeitszeiten;JAHR;Jahr;2019;DINSGF;Früheres Bundesgebiet / Neue Länder;DN;Neue Länder;WZ08C7;WZ2008 (ausgewählte Positionen): Tarifindex;WZ08-B-08;Produzierendes Gewerbe und Dienstleistungsbereich;97,6;2020=100;VST073;Index d.tarifl. Monatsverdienste mit Sonderzahl.
62221;Vj. Index der Tarifverdienste und Arbeitszeiten;JAHR;Jahr;2019;DINSGF;Früheres Bundesgebiet / Neue Länder;DN;Neue Länder;WZ08C7;WZ2008 (ausgewählte Positionen): Tarifindex;WZ08-B-08;Produzierendes Gewerbe und Dienstleistungsbereich;39,0;h;VST019;Durchschnittliche tarifliche Wochenarbeitszeit
62221;Vj. Index der Tarifverdienste und Arbeitszeiten;JAHR;Jahr;2019;DINSGF;Früheres Bundesgebiet / Neue Länder;DN;Neue Länder;WZ08C7;WZ2008 (ausgewählte Positionen): Tarifindex;WZ08-B-08;Produzierendes Gewerbe und Dienstleistungsbereich;97,3;2020=100;VST066;Index d.tarifl. Monatsverdienste ohne Sonderzahl.
62221;Vj. Index der Tarifverdienste und Arbeitszeiten;JAHR;Jahr;2019;DINSGF;Früheres Bundesgebiet / Neue Länder;DN;Neue Länder;WZ08C7;WZ2008 (ausgewählte Positionen): Tarifindex;WZ08-B-08;Produzierendes Gewerbe und Dienstleistungsbereich;100,0;2020=100;VST018;Index der tariflichen Wochenarbeitszeit
62221;Vj. Index der Tarifverdienste und Arbeitszeiten;JAHR;Jahr;2019;DINSGF;Früheres Bundesgebiet / Neue Länder;DN;Neue Länder;WZ08C7;WZ2008 (ausgewählte Positionen): Tarifindex;WZ08-B-08;Produzierendes Gewerbe und Dienstleistungsbereich;97,2;2020=100;VST065;Index d.tarifl. Stundenverdienste ohne Sonderzahl.
62221;Vj. Index der Tarifverdienste und Arbeitszeiten;JAHR;Jahr;2021;DINSGF;Früheres Bundesgebiet / Neue Länder;DF;Früheres Bundesgebiet;WZ08C7;WZ2008 (ausgewählte Positionen): Tarifindex;WZ08-46;Großhandel (ohne Handel mit Kraftfahrzeugen);101,4;2020=100;VST072;Index d.tarifl. Stundenverdienste mit Sonderzahl.
62221;Vj. Index der Tarifverdienste und Arbeitszeiten;JAHR;Jahr;2021;DINSGF;Früheres Bundesgebiet / Neue Länder;DF;Früheres Bundesgebiet;WZ08C7;WZ2008 (ausgewählte Positionen): Tarifindex;WZ08-46;Großhandel (ohne Handel mit Kraftfahrzeugen);101,4;2020=100;VST073;Index d.tarifl. Monatsverdienste mit Sonderzahl.
62221;Vj. Index der Tarifverdienste und Arbeitszeiten;JAHR;Jahr;2021;DINSGF;Früheres Bundesgebiet / Neue Länder;DF;Früheres Bundesgebiet;WZ08C7;WZ2008 (ausgewählte Positionen): Tarifindex;WZ08-46;Großhandel (ohne Handel mit Kraftfahrzeugen);37,7;h;VST019;Durchschnittliche tarifliche Wochenarbeitszeit
62221;Vj. Index der Tarifverdienste und Arbeitszeiten;JAHR;Jahr;2021;DINSGF;Früheres Bundesgebiet / Neue Länder;DF;Früheres Bundesgebiet;WZ08C7;WZ2008 (ausgewählte Positionen): Tarifindex;WZ08-46;Großhandel (ohne Handel mit Kraftfahrzeugen);100,9;2020=100;VST066;Index d.tarifl. Monatsverdienste ohne Sonderzahl.
62221;Vj. Index der Tarifverdienste und Arbeitszeiten;JAHR;Jahr;2021;DINSGF;Früheres Bundesgebiet / Neue Länder;DF;Früheres Bundesgebiet;WZ08C7;WZ2008 (ausgewählte Positionen): Tarifindex;WZ08-46;Großhandel (ohne Handel mit Kraftfahrzeugen);100,0;2020=100;VST018;Index der tariflichen Wochenarbeitszeit
62221;Vj. Index der Tarifverdienste und Arbeitszeiten;JAHR;Jahr;2021;DINSGF;Früheres Bundesgebiet / Neue Länder;DF;Früheres Bundesgebiet;WZ08C7;WZ2008 (ausgewählte Positionen): Tarifindex;WZ08-46;Großhandel (ohne Handel mit Kraftfahrzeugen);100,9;2020=100;VST065;Index d.tarifl. Stundenverdienste ohne Sonderzahl.
62221;Vj. Index der Tarifverdienste und Arbeitszeiten;JAHR;Jahr;2025;DINSGF;Früheres Bundesgebiet / Neue Länder;DN;Neue Länder;WZ08C7;WZ2008 (ausgewählte Positionen): Tarifindex;WZ08-H;Verkehr und Lagerei;119,7;2020=100;VST072;Index d.tarifl. Stundenverdienste mit Sonderzahl.
62221;Vj. Index der Tarifverdienste und Arbeitszeiten;JAHR;Jahr;2025;DINSGF;Früheres Bundesgebiet / Neue Länder;DN;Neue Länder;WZ08C7;WZ2008 (ausgewählte Positionen): Tarifindex;WZ08-H;Verkehr und Lagerei;118,7;2020=100;VST073;Index d.tarifl. Monatsverdienste mit Sonderzahl.
62221;Vj. Index der Tarifverdienste und Arbeitszeiten;JAHR;Jahr;2025;DINSGF;Früheres Bundesgebiet / Neue Länder;DN;Neue Länder;WZ08C7;WZ2008 (ausgewählte Positionen): Tarifindex;WZ08-H;Verkehr und Lagerei;38,8;h;VST019;Durchschnittliche tarifliche Wochenarbeitszeit
62221;Vj. Index der Tarifverdienste und Arbeitszeiten;JAHR;Jahr;2025;DINSGF;Früheres Bundesgebiet / Neue Länder;DN;Neue Länder;WZ08C7;WZ2008 (ausgewählte Positionen): Tarifindex;WZ08-H;Verkehr und Lagerei;119,2;2020=100;VST066;Index d.tarifl. Monatsverdienste ohne Sonderzahl.
62221;Vj. Index der Tarifverdienste und Arbeitszeiten;JAHR;Jahr;2025;DINSGF;Früheres Bundesgebiet / Neue Länder;DN;Neue Länder;WZ08C7;WZ2008 (ausgewählte Positionen): Tarifindex;WZ08-H;Verkehr und Lagerei;99,2;2020=100;VST018;Index der tariflichen Wochenarbeitszeit
62221;Vj. Index der Tarifverdienste und Arbeitszeiten;JAHR;Jahr;2025;DINSGF;Früheres Bundesgebiet / Neue Länder;DN;Neue Länder;WZ08C7;WZ2008 (ausgewählte Positionen): Tarifindex;WZ08-H;Verkehr und Lagerei;120,2;2020=100;VST065;Index d.tarifl. Stundenverdienste ohne Sonderzahl.
62221;Vj. Index der Tarifverdienste und Arbeitszeiten;JAHR;Jahr;2016;DINSGF;Früheres Bundesgebiet / Neue Länder;DN;Neue Länder;WZ08C7;WZ2008 (ausgewählte Positionen): Tarifindex;WZ08-32;Herstellung von sonstigen Waren;90,4;2020=100;VST072;Index d.tarifl. Stundenverdienste mit Sonderzahl.
62221;Vj. Index der Tarifverdienste und Arbeitszeiten;JAHR;Jahr;2016;DINSGF;Früheres Bundesgebiet / Neue Länder;DN;Neue Länder;WZ08C7;WZ2008 (ausgewählte Positionen): Tarifindex;WZ08-32;Herstellung von sonstigen Waren;90,6;2020=100;VST073;Index d.tarifl. Monatsverdienste mit Sonderzahl.
62221;Vj. Index der Tarifverdienste und Arbeitszeiten;JAHR;Jahr;2016;DINSGF;Früheres Bundesgebiet / Neue Länder;DN;Neue Länder;WZ08C7;WZ2008 (ausgewählte Positionen): Tarifindex;WZ08-32;Herstellung von sonstigen Waren;36,6;h;VST019;Durchschnittliche tarifliche Wochenarbeitszeit
62221;Vj. Index der Tarifverdienste und Arbeitszeiten;JAHR;Jahr;2016;DINSGF;Früheres Bundesgebiet / Neue Länder;DN;Neue Länder;WZ08C7;WZ2008 (ausgewählte Positionen): Tarifindex;WZ08-32;Herstellung von sonstigen Waren;92,4;2020=100;VST066;Index d.tarifl. Monatsverdienste ohne Sonderzahl.
62221;Vj. Index der Tarifverdienste und Arbeitszeiten;JAHR;Jahr;2016;DINSGF;Früheres Bundesgebiet / Neue Länder;DN;Neue Länder;WZ08C7;WZ2008 (ausgewählte Positionen): Tarifindex;WZ08-32;Herstellung von sonstigen Waren;100,4;2020=100;VST018;Index der tariflichen Wochenarbeitszeit
62221;Vj. Index der Tarifverdienste und Arbeitszeiten;JAHR;Jahr;2016;DINSGF;Früheres Bundesgebiet / Neue Länder;DN;Neue Länder;WZ08C7;WZ2008 (ausgewählte Positionen): Tarifindex;WZ08-32;Herstellung von sonstigen Waren;92,2;2020=100;VST065;Index d.tarifl. Stundenverdienste ohne Sonderzahl.
62221;Vj. Index der Tarifverdienste und Arbeitszeiten;JAHR;Jahr;2022;DINSGF;Früheres Bundesgebiet / Neue Länder;DN;Neue Länder;WZ08C7;WZ2008 (ausgewählte Positionen): Tarifindex;WZ08-18;H.v. Druckerz., Vervielf.v.Ton-,Bild-,Datenträgern;104,1;2020=100;VST072;Index d.tarifl. Stundenverdienste mit Sonderzahl.
62221;Vj. Index der Tarifverdienste und Arbeitszeiten;JAHR;Jahr;2022;DINSGF;Früheres Bundesgebiet / Neue Länder;DN;Neue Länder;WZ08C7;WZ2008 (ausgewählte Positionen): Tarifindex;WZ08-18;H.v. Druckerz., Vervielf.v.Ton-,Bild-,Datenträgern;104,1;2020=100;VST073;Index d.tarifl. Monatsverdienste mit Sonderzahl.
62221;Vj. Index der Tarifverdienste und Arbeitszeiten;JAHR;Jahr;2022;DINSGF;Früheres Bundesgebiet / Neue Länder;DN;Neue Länder;WZ08C7;WZ2008 (ausgewählte Positionen): Tarifindex;WZ08-18;H.v. Druckerz., Vervielf.v.Ton-,Bild-,Datenträgern;36,2;h;VST019;Durchschnittliche tarifliche Wochenarbeitszeit
62221;Vj. Index der Tarifverdienste und Arbeitszeiten;JAHR;Jahr;2022;DINSGF;Früheres Bundesgebiet / Neue Länder;DN;Neue Länder;WZ08C7;WZ2008 (ausgewählte Positionen): Tarifindex;WZ08-18;H.v. Druckerz., Vervielf.v.Ton-,Bild-,Datenträgern;104,0;2020=100;VST066;Index d.tarifl. Monatsverdienste ohne Sonderzahl.
62221;Vj. Index der Tarifverdienste und Arbeitszeiten;JAHR;Jahr;2022;DINSGF;Früheres Bundesgebiet / Neue Länder;DN;Neue Länder;WZ08C7;WZ2008 (ausgewählte Positionen): Tarifindex;WZ08-18;H.v. Druckerz., Vervielf.v.Ton-,Bild-,Datenträgern;100,0;2020=100;VST018;Index der tariflichen Wochenarbeitszeit
62221;Vj. Index der Tarifverdienste und Arbeitszeiten;JAHR;Jahr;2022;DINSGF;Früheres Bundesgebiet / Neue Länder;DN;Neue Länder;WZ08C7;WZ2008 (ausgewählte Positionen): Tarifindex;WZ08-18;H.v. Druckerz., Vervielf.v.Ton-,Bild-,Datenträgern;104,1;2020=100;VST065;Index d.tarifl. Stundenverdienste ohne Sonderzahl.
62221;Vj. Index der Tarifverdienste und Arbeitszeiten;JAHR;Jahr;2021;DINSGF;Früheres Bundesgebiet / Neue Länder;DF;Früheres Bundesgebiet;WZ08C7;WZ2008 (ausgewählte Positionen): Tarifindex;WZ-X004;Verbrauchsgüterproduzenten;101,9;2020=100;VST072;Index d.tarifl. Stundenverdienste mit Sonderzahl.
62221;Vj. Index der Tarifverdienste und Arbeitszeiten;JAHR;Jahr;2021;DINSGF;Früheres Bundesgebiet / Neue Länder;DF;Früheres Bundesgebiet;WZ08C7;WZ2008 (ausgewählte Positionen): Tarifindex;WZ-X004;Verbrauchsgüterproduzenten;101,9;2020=100;VST073;Index d.tarifl. Monatsverdienste mit Sonderzahl.
62221;Vj. Index der Tarifverdienste und Arbeitszeiten;JAHR;Jahr;2021;DINSGF;Früheres Bundesgebiet / Neue Länder;DF;Früheres Bundesgebiet;WZ08C7;WZ2008 (ausgewählte Positionen): Tarifindex;WZ-X004;Verbrauchsgüterproduzenten;38,0;h;VST019;Durchschnittliche tarifliche Wochenarbeitszeit
62221;Vj. Index der Tarifverdienste und Arbeitszeiten;JAHR;Jahr;2021;DINSGF;Früheres Bundesgebiet / Neue Länder;DF;Früheres Bundesgebiet;WZ08C7;WZ2008 (ausgewählte Positionen): Tarifindex;WZ-X004;Verbrauchsgüterproduzenten;101,8;2020=100;VST066;Index d.tarifl. Monatsverdienste ohne Sonderzahl.
62221;Vj. Index der Tarifverdienste und Arbeitszeiten;JAHR;Jahr;2021;DINSGF;Früheres Bundesgebiet / Neue Länder;DF;Früheres Bundesgebiet;WZ08C7;WZ2008 (ausgewählte Positionen): Tarifindex;WZ-X004;Verbrauchsgüterproduzenten;100,0;2020=100;VST018;Index der tariflichen Wochenarbeitszeit
62221;Vj. Index der Tarifverdienste und Arbeitszeiten;JAHR;Jahr;2021;DINSGF;Früheres Bundesgebiet / Neue Länder;DF;Früheres Bundesgebiet;WZ08C7;WZ2008 (ausgewählte Positionen): Tarifindex;WZ-X004;Verbrauchsgüterproduzenten;101,8;2020=100;VST065;Index d.tarifl. Stundenverdienste ohne Sonderzahl.
62221;Vj. Index der Tarifverdienste und Arbeitszeiten;JAHR;Jahr;2021;DINSGF;Früheres Bundesgebiet / Neue Länder;DF;Früheres Bundesgebiet;WZ08C7;WZ2008 (ausgewählte Positionen): Tarifindex;WZ08-31;Herstellung von Möbeln;101,5;2020=100;VST072;Index d.tarifl. Stundenverdienste mit Sonderzahl.
62221;Vj. Index der Tarifverdienste und Arbeitszeiten;JAHR;Jahr;2021;DINSGF;Früheres Bundesgebiet / Neue Länder;DF;Früheres Bundesgebiet;WZ08C7;WZ2008 (ausgewählte Positionen): Tarifindex;WZ08-31;Herstellung von Möbeln;101,5;2020=100;VST073;Index d.tarifl. Monatsverdienste mit Sonderzahl.
62221;Vj. Index der Tarifverdienste und Arbeitszeiten;JAHR;Jahr;2021;DINSGF;Früheres Bundesgebiet / Neue Länder;DF;Früheres Bundesgebiet;WZ08C7;WZ2008 (ausgewählte Positionen): Tarifindex;WZ08-31;Herstellung von Möbeln;36,7;h;VST019;Durchschnittliche tarifliche Wochenarbeitszeit
62221;Vj. Index der Tarifverdienste und Arbeitszeiten;JAHR;Jahr;2021;DINSGF;Früheres Bundesgebiet / Neue Länder;DF;Früheres Bundesgebiet;WZ08C7;WZ2008 (ausgewählte Positionen): Tarifindex;WZ08-31;Herstellung von Möbeln;101,5;2020=100;VST066;Index d.tarifl. Monatsverdienste ohne Sonderzahl.
62221;Vj. Index der Tarifverdienste und Arbeitszeiten;JAHR;Jahr;2021;DINSGF;Früheres Bundesgebiet / Neue Länder;DF;Früheres Bundesgebiet;WZ08C7;WZ2008 (ausgewählte Positionen): Tarifindex;WZ08-31;Herstellung von Möbeln;100,0;2020=100;VST018;Index der tariflichen Wochenarbeitszeit
62221;Vj. Index der Tarifverdienste und Arbeitszeiten;JAHR;Jahr;2021;DINSGF;Früheres Bundesgebiet / Neue Länder;DF;Früheres Bundesgebiet;WZ08C7;WZ2008 (ausgewählte Positionen): Tarifindex;WZ08-31;Herstellung von Möbeln;101,5;2020=100;VST065;Index d.tarifl. Stundenverdienste ohne Sonderzahl.
62221;Vj. Index der Tarifverdienste und Arbeitszeiten;JAHR;Jahr;2016;DINSGF;Früheres Bundesgebiet / Neue Länder;DN;Neue Länder;WZ08C7;WZ2008 (ausgewählte Positionen): Tarifindex;WZ08-29;Herstellung von Kraftwagen und Kraftwagenteilen;90,4;2020=100;VST072;Index d.tarifl. Stundenverdienste mit Sonderzahl.
62221;Vj. Index der Tarifverdienste und Arbeitszeiten;JAHR;Jahr;2016;DINSGF;Früheres Bundesgebiet / Neue Länder;DN;Neue Länder;WZ08C7;WZ2008 (ausgewählte Positionen): Tarifindex;WZ08-29;Herstellung von Kraftwagen und Kraftwagenteilen;90,4;2020=100;VST073;Index d.tarifl. Monatsverdienste mit Sonderzahl.
62221;Vj. Index der Tarifverdienste und Arbeitszeiten;JAHR;Jahr;2016;DINSGF;Früheres Bundesgebiet / Neue Länder;DN;Neue Länder;WZ08C7;WZ2008 (ausgewählte Positionen): Tarifindex;WZ08-29;Herstellung von Kraftwagen und Kraftwagenteilen;37,7;h;VST019;Durchschnittliche tarifliche Wochenarbeitszeit
62221;Vj. Index der Tarifverdienste und Arbeitszeiten;JAHR;Jahr;2016;DINSGF;Früheres Bundesgebiet / Neue Länder;DN;Neue Länder;WZ08C7;WZ2008 (ausgewählte Positionen): Tarifindex;WZ08-29;Herstellung von Kraftwagen und Kraftwagenteilen;92,6;2020=100;VST066;Index d.tarifl. Monatsverdienste ohne Sonderzahl.
62221;Vj. Index der Tarifverdienste und Arbeitszeiten;JAHR;Jahr;2016;DINSGF;Früheres Bundesgebiet / Neue Länder;DN;Neue Länder;WZ08C7;WZ2008 (ausgewählte Positionen): Tarifindex;WZ08-29;Herstellung von Kraftwagen und Kraftwagenteilen;100,1;2020=100;VST018;Index der tariflichen Wochenarbeitszeit
62221;Vj. Index der Tarifverdienste und Arbeitszeiten;JAHR;Jahr;2016;DINSGF;Früheres Bundesgebiet / Neue Länder;DN;Neue Länder;WZ08C7;WZ2008 (ausgewählte Positionen): Tarifindex;WZ08-29;Herstellung von Kraftwagen und Kraftwagenteilen;92,6;2020=100;VST065;Index d.tarifl. Stundenverdienste ohne Sonderzahl.
62221;Vj. Index der Tarifverdienste und Arbeitszeiten;JAHR;Jahr;2025;DINSGF;Früheres Bundesgebiet / Neue Länder;DN;Neue Länder;WZ08C7;WZ2008 (ausgewählte Positionen): Tarifindex;WZ08-49;Landverkehr und Transport in Rohrfernleitungen;125,7;2020=100;VST072;Index d.tarifl. Stundenverdienste mit Sonderzahl.
62221;Vj. Index der Tarifverdienste und Arbeitszeiten;JAHR;Jahr;2025;DINSGF;Früheres Bundesgebiet / Neue Länder;DN;Neue Länder;WZ08C7;WZ2008 (ausgewählte Positionen): Tarifindex;WZ08-49;Landverkehr und Transport in Rohrfernleitungen;123,5;2020=100;VST073;Index d.tarifl. Monatsverdienste mit Sonderzahl.
62221;Vj. Index der Tarifverdienste und Arbeitszeiten;JAHR;Jahr;2025;DINSGF;Früheres Bundesgebiet / Neue Länder;DN;Neue Länder;WZ08C7;WZ2008 (ausgewählte Positionen): Tarifindex;WZ08-49;Landverkehr und Transport in Rohrfernleitungen;38,6;h;VST019;Durchschnittliche tarifliche Wochenarbeitszeit
62221;Vj. Index der Tarifverdienste und Arbeitszeiten;JAHR;Jahr;2025;DINSGF;Früheres Bundesgebiet / Neue Länder;DN;Neue Länder;WZ08C7;WZ2008 (ausgewählte Positionen): Tarifindex;WZ08-49;Landverkehr und Transport in Rohrfernleitungen;124,1;2020=100;VST066;Index d.tarifl. Monatsverdienste ohne Sonderzahl.
62221;Vj. Index der Tarifverdienste und Arbeitszeiten;JAHR;Jahr;2025;DINSGF;Früheres Bundesgebiet / Neue Länder;DN;Neue Länder;WZ08C7;WZ2008 (ausgewählte Positionen): Tarifindex;WZ08-49;Landverkehr und Transport in Rohrfernleitungen;98,2;2020=100;VST018;Index der tariflichen Wochenarbeitszeit
62221;Vj. Index der Tarifverdienste und Arbeitszeiten;JAHR;Jahr;2025;DINSGF;Früheres Bundesgebiet / Neue Länder;DN;Neue Länder;WZ08C7;WZ2008 (ausgewählte Positionen): Tarifindex;WZ08-49;Landverkehr und Transport in Rohrfernleitungen;126,3;2020=100;VST065;Index d.tarifl. Stundenverdienste ohne Sonderzahl.
62221;Vj. Index der Tarifverdienste und Arbeitszeiten;JAHR;Jahr;2024;DINSGF;Früheres Bundesgebiet / Neue Länder;DF;Früheres Bundesgebiet;WZ08C7;WZ2008 (ausgewählte Positionen): Tarifindex;WZ08-75;Veterinärwesen;116,8;2020=100;VST072;Index d.tarifl. Stundenverdienste mit Sonderzahl.
62221;Vj. Index der Tarifverdienste und Arbeitszeiten;JAHR;Jahr;2024;DINSGF;Früheres Bundesgebiet / Neue Länder;DF;Früheres Bundesgebiet;WZ08C7;WZ2008 (ausgewählte Positionen): Tarifindex;WZ08-75;Veterinärwesen;116,8;2020=100;VST073;Index d.tarifl. Monatsverdienste mit Sonderzahl.
62221;Vj. Index der Tarifverdienste und Arbeitszeiten;JAHR;Jahr;2024;DINSGF;Früheres Bundesgebiet / Neue Länder;DF;Früheres Bundesgebiet;WZ08C7;WZ2008 (ausgewählte Positionen): Tarifindex;WZ08-75;Veterinärwesen;39,9;h;VST019;Durchschnittliche tarifliche Wochenarbeitszeit
62221;Vj. Index der Tarifverdienste und Arbeitszeiten;JAHR;Jahr;2024;DINSGF;Früheres Bundesgebiet / Neue Länder;DF;Früheres Bundesgebiet;WZ08C7;WZ2008 (ausgewählte Positionen): Tarifindex;WZ08-75;Veterinärwesen;115,7;2020=100;VST066;Index d.tarifl. Monatsverdienste ohne Sonderzahl.
62221;Vj. Index der Tarifverdienste und Arbeitszeiten;JAHR;Jahr;2024;DINSGF;Früheres Bundesgebiet / Neue Länder;DF;Früheres Bundesgebiet;WZ08C7;WZ2008 (ausgewählte Positionen): Tarifindex;WZ08-75;Veterinärwesen;100,0;2020=100;VST018;Index der tariflichen Wochenarbeitszeit
62221;Vj. Index der Tarifverdienste und Arbeitszeiten;JAHR;Jahr;2024;DINSGF;Früheres Bundesgebiet / Neue Länder;DF;Früheres Bundesgebiet;WZ08C7;WZ2008 (ausgewählte Positionen): Tarifindex;WZ08-75;Veterinärwesen;115,7;2020=100;VST065;Index d.tarifl. Stundenverdienste ohne Sonderzahl.
62221;Vj. Index der Tarifverdienste und Arbeitszeiten;JAHR;Jahr;2023;DINSGF;Früheres Bundesgebiet / Neue Länder;DF;Früheres Bundesgebiet;WZ08C7;WZ2008 (ausgewählte Positionen): Tarifindex;WZ08-D-05;Energie- und Wasserversorgung, Entsorgung u.a.;108,2;2020=100;VST072;Index d.tarifl. Stundenverdienste mit Sonderzahl.
62221;Vj. Index der Tarifverdienste und Arbeitszeiten;JAHR;Jahr;2023;DINSGF;Früheres Bundesgebiet / Neue Länder;DF;Früheres Bundesgebiet;WZ08C7;WZ2008 (ausgewählte Positionen): Tarifindex;WZ08-D-05;Energie- und Wasserversorgung, Entsorgung u.a.;108,2;2020=100;VST073;Index d.tarifl. Monatsverdienste mit Sonderzahl.
62221;Vj. Index der Tarifverdienste und Arbeitszeiten;JAHR;Jahr;2023;DINSGF;Früheres Bundesgebiet / Neue Länder;DF;Früheres Bundesgebiet;WZ08C7;WZ2008 (ausgewählte Positionen): Tarifindex;WZ08-D-05;Energie- und Wasserversorgung, Entsorgung u.a.;38,5;h;VST019;Durchschnittliche tarifliche Wochenarbeitszeit
62221;Vj. Index der Tarifverdienste und Arbeitszeiten;JAHR;Jahr;2023;DINSGF;Früheres Bundesgebiet / Neue Länder;DF;Früheres Bundesgebiet;WZ08C7;WZ2008 (ausgewählte Positionen): Tarifindex;WZ08-D-05;Energie- und Wasserversorgung, Entsorgung u.a.;105,3;2020=100;VST066;Index d.tarifl. Monatsverdienste ohne Sonderzahl.
62221;Vj. Index der Tarifverdienste und Arbeitszeiten;JAHR;Jahr;2023;DINSGF;Früheres Bundesgebiet / Neue Länder;DF;Früheres Bundesgebiet;WZ08C7;WZ2008 (ausgewählte Positionen): Tarifindex;WZ08-D-05;Energie- und Wasserversorgung, Entsorgung u.a.;100,0;2020=100;VST018;Index der tariflichen Wochenarbeitszeit
62221;Vj. Index der Tarifverdienste und Arbeitszeiten;JAHR;Jahr;2023;DINSGF;Früheres Bundesgebiet / Neue Länder;DF;Früheres Bundesgebiet;WZ08C7;WZ2008 (ausgewählte Positionen): Tarifindex;WZ08-D-05;Energie- und Wasserversorgung, Entsorgung u.a.;105,3;2020=100;VST065;Index d.tarifl. Stundenverdienste ohne Sonderzahl.
62221;Vj. Index der Tarifverdienste und Arbeitszeiten;JAHR;Jahr;2024;DINSGF;Früheres Bundesgebiet / Neue Länder;DN;Neue Länder;WZ08C7;WZ2008 (ausgewählte Positionen): Tarifindex;WZ-X004;Verbrauchsgüterproduzenten;119,7;2020=100;VST072;Index d.tarifl. Stundenverdienste mit Sonderzahl.
62221;Vj. Index der Tarifverdienste und Arbeitszeiten;JAHR;Jahr;2024;DINSGF;Früheres Bundesgebiet / Neue Länder;DN;Neue Länder;WZ08C7;WZ2008 (ausgewählte Positionen): Tarifindex;WZ-X004;Verbrauchsgüterproduzenten;118,9;2020=100;VST073;Index d.tarifl. Monatsverdienste mit Sonderzahl.
62221;Vj. Index der Tarifverdienste und Arbeitszeiten;JAHR;Jahr;2024;DINSGF;Früheres Bundesgebiet / Neue Länder;DN;Neue Länder;WZ08C7;WZ2008 (ausgewählte Positionen): Tarifindex;WZ-X004;Verbrauchsgüterproduzenten;38,4;h;VST019;Durchschnittliche tarifliche Wochenarbeitszeit
62221;Vj. Index der Tarifverdienste und Arbeitszeiten;JAHR;Jahr;2024;DINSGF;Früheres Bundesgebiet / Neue Länder;DN;Neue Länder;WZ08C7;WZ2008 (ausgewählte Positionen): Tarifindex;WZ-X004;Verbrauchsgüterproduzenten;116,8;2020=100;VST066;Index d.tarifl. Monatsverdienste ohne Sonderzahl.
62221;Vj. Index der Tarifverdienste und Arbeitszeiten;JAHR;Jahr;2024;DINSGF;Früheres Bundesgebiet / Neue Länder;DN;Neue Länder;WZ08C7;WZ2008 (ausgewählte Positionen): Tarifindex;WZ-X004;Verbrauchsgüterproduzenten;99,5;2020=100;VST018;Index der tariflichen Wochenarbeitszeit
62221;Vj. Index der Tarifverdienste und Arbeitszeiten;JAHR;Jahr;2024;DINSGF;Früheres Bundesgebiet / Neue Länder;DN;Neue Länder;WZ08C7;WZ2008 (ausgewählte Positionen): Tarifindex;WZ-X004;Verbrauchsgüterproduzenten;117,5;2020=100;VST065;Index d.tarifl. Stundenverdienste ohne Sonderzahl.
62221;Vj. Index der Tarifverdienste und Arbeitszeiten;JAHR;Jahr;2021;DINSGF;Früheres Bundesgebiet / Neue Länder;DN;Neue Länder;WZ08C7;WZ2008 (ausgewählte Positionen): Tarifindex;WZ08-A-03;Gesamtwirtschaft;101,5;2020=100;VST072;Index d.tarifl. Stundenverdienste mit Sonderzahl.
62221;Vj. Index der Tarifverdienste und Arbeitszeiten;JAHR;Jahr;2021;DINSGF;Früheres Bundesgebiet / Neue Länder;DN;Neue Länder;WZ08C7;WZ2008 (ausgewählte Positionen): Tarifindex;WZ08-A-03;Gesamtwirtschaft;101,4;2020=100;VST073;Index d.tarifl. Monatsverdienste mit Sonderzahl.
62221;Vj. Index der Tarifverdienste und Arbeitszeiten;JAHR;Jahr;2021;DINSGF;Früheres Bundesgebiet / Neue Länder;DN;Neue Länder;WZ08C7;WZ2008 (ausgewählte Positionen): Tarifindex;WZ08-A-03;Gesamtwirtschaft;39,1;h;VST019;Durchschnittliche tarifliche Wochenarbeitszeit
62221;Vj. Index der Tarifverdienste und Arbeitszeiten;JAHR;Jahr;2021;DINSGF;Früheres Bundesgebiet / Neue Länder;DN;Neue Länder;WZ08C7;WZ2008 (ausgewählte Positionen): Tarifindex;WZ08-A-03;Gesamtwirtschaft;101,6;2020=100;VST066;Index d.tarifl. Monatsverdienste ohne Sonderzahl.
62221;Vj. Index der Tarifverdienste und Arbeitszeiten;JAHR;Jahr;2021;DINSGF;Früheres Bundesgebiet / Neue Länder;DN;Neue Länder;WZ08C7;WZ2008 (ausgewählte Positionen): Tarifindex;WZ08-A-03;Gesamtwirtschaft;100,0;2020=100;VST018;Index der tariflichen Wochenarbeitszeit
62221;Vj. Index der Tarifverdienste und Arbeitszeiten;JAHR;Jahr;2021;DINSGF;Früheres Bundesgebiet / Neue Länder;DN;Neue Länder;WZ08C7;WZ2008 (ausgewählte Positionen): Tarifindex;WZ08-A-03;Gesamtwirtschaft;101,7;2020=100;VST065;Index d.tarifl. Stundenverdienste ohne Sonderzahl.
62221;Vj. Index der Tarifverdienste und Arbeitszeiten;JAHR;Jahr;2018;DINSGF;Früheres Bundesgebiet / Neue Länder;DF;Früheres Bundesgebiet;WZ08C7;WZ2008 (ausgewählte Positionen): Tarifindex;WZ08-17;Herstellung von Papier, Pappe und Waren daraus;94,7;2020=100;VST072;Index d.tarifl. Stundenverdienste mit Sonderzahl.
62221;Vj. Index der Tarifverdienste und Arbeitszeiten;JAHR;Jahr;2018;DINSGF;Früheres Bundesgebiet / Neue Länder;DF;Früheres Bundesgebiet;WZ08C7;WZ2008 (ausgewählte Positionen): Tarifindex;WZ08-17;Herstellung von Papier, Pappe und Waren daraus;94,7;2020=100;VST073;Index d.tarifl. Monatsverdienste mit Sonderzahl.
62221;Vj. Index der Tarifverdienste und Arbeitszeiten;JAHR;Jahr;2018;DINSGF;Früheres Bundesgebiet / Neue Länder;DF;Früheres Bundesgebiet;WZ08C7;WZ2008 (ausgewählte Positionen): Tarifindex;WZ08-17;Herstellung von Papier, Pappe und Waren daraus;36,8;h;VST019;Durchschnittliche tarifliche Wochenarbeitszeit
62221;Vj. Index der Tarifverdienste und Arbeitszeiten;JAHR;Jahr;2018;DINSGF;Früheres Bundesgebiet / Neue Länder;DF;Früheres Bundesgebiet;WZ08C7;WZ2008 (ausgewählte Positionen): Tarifindex;WZ08-17;Herstellung von Papier, Pappe und Waren daraus;95,9;2020=100;VST066;Index d.tarifl. Monatsverdienste ohne Sonderzahl.
62221;Vj. Index der Tarifverdienste und Arbeitszeiten;JAHR;Jahr;2018;DINSGF;Früheres Bundesgebiet / Neue Länder;DF;Früheres Bundesgebiet;WZ08C7;WZ2008 (ausgewählte Positionen): Tarifindex;WZ08-17;Herstellung von Papier, Pappe und Waren daraus;100,0;2020=100;VST018;Index der tariflichen Wochenarbeitszeit
62221;Vj. Index der Tarifverdienste und Arbeitszeiten;JAHR;Jahr;2018;DINSGF;Früheres Bundesgebiet / Neue Länder;DF;Früheres Bundesgebiet;WZ08C7;WZ2008 (ausgewählte Positionen): Tarifindex;WZ08-17;Herstellung von Papier, Pappe und Waren daraus;95,9;2020=100;VST065;Index d.tarifl. Stundenverdienste ohne Sonderzahl.
62221;Vj. Index der Tarifverdienste und Arbeitszeiten;JAHR;Jahr;2020;DINSGF;Früheres Bundesgebiet / Neue Länder;DN;Neue Länder;WZ08C7;WZ2008 (ausgewählte Positionen): Tarifindex;WZ08-13;Herstellung von Textilien;100,0;2020=100;VST072;Index d.tarifl. Stundenverdienste mit Sonderzahl.
62221;Vj. Index der Tarifverdienste und Arbeitszeiten;JAHR;Jahr;2020;DINSGF;Früheres Bundesgebiet / Neue Länder;DN;Neue Länder;WZ08C7;WZ2008 (ausgewählte Positionen): Tarifindex;WZ08-13;Herstellung von Textilien;100,0;2020=100;VST073;Index d.tarifl. Monatsverdienste mit Sonderzahl.
62221;Vj. Index der Tarifverdienste und Arbeitszeiten;JAHR;Jahr;2020;DINSGF;Früheres Bundesgebiet / Neue Länder;DN;Neue Länder;WZ08C7;WZ2008 (ausgewählte Positionen): Tarifindex;WZ08-13;Herstellung von Textilien;39,5;h;VST019;Durchschnittliche tarifliche Wochenarbeitszeit
62221;Vj. Index der Tarifverdienste und Arbeitszeiten;JAHR;Jahr;2020;DINSGF;Früheres Bundesgebiet / Neue Länder;DN;Neue Länder;WZ08C7;WZ2008 (ausgewählte Positionen): Tarifindex;WZ08-13;Herstellung von Textilien;100,0;2020=100;VST066;Index d.tarifl. Monatsverdienste ohne Sonderzahl.
62221;Vj. Index der Tarifverdienste und Arbeitszeiten;JAHR;Jahr;2020;DINSGF;Früheres Bundesgebiet / Neue Länder;DN;Neue Länder;WZ08C7;WZ2008 (ausgewählte Positionen): Tarifindex;WZ08-13;Herstellung von Textilien;100,0;2020=100;VST018;Index der tariflichen Wochenarbeitszeit
62221;Vj. Index der Tarifverdienste und Arbeitszeiten;JAHR;Jahr;2020;DINSGF;Früheres Bundesgebiet / Neue Länder;DN;Neue Länder;WZ08C7;WZ2008 (ausgewählte Positionen): Tarifindex;WZ08-13;Herstellung von Textilien;100,0;2020=100;VST065;Index d.tarifl. Stundenverdienste ohne Sonderzahl.
62221;Vj. Index der Tarifverdienste und Arbeitszeiten;JAHR;Jahr;2021;DINSGF;Früheres Bundesgebiet / Neue Länder;DF;Früheres Bundesgebiet;WZ08C7;WZ2008 (ausgewählte Positionen): Tarifindex;WZ08-P;Erziehung und Unterricht;101,3;2020=100;VST072;Index d.tarifl. Stundenverdienste mit Sonderzahl.
62221;Vj. Index der Tarifverdienste und Arbeitszeiten;JAHR;Jahr;2021;DINSGF;Früheres Bundesgebiet / Neue Länder;DF;Früheres Bundesgebiet;WZ08C7;WZ2008 (ausgewählte Positionen): Tarifindex;WZ08-P;Erziehung und Unterricht;101,3;2020=100;VST073;Index d.tarifl. Monatsverdienste mit Sonderzahl.
62221;Vj. Index der Tarifverdienste und Arbeitszeiten;JAHR;Jahr;2021;DINSGF;Früheres Bundesgebiet / Neue Länder;DF;Früheres Bundesgebiet;WZ08C7;WZ2008 (ausgewählte Positionen): Tarifindex;WZ08-P;Erziehung und Unterricht;40,1;h;VST019;Durchschnittliche tarifliche Wochenarbeitszeit
62221;Vj. Index der Tarifverdienste und Arbeitszeiten;JAHR;Jahr;2021;DINSGF;Früheres Bundesgebiet / Neue Länder;DF;Früheres Bundesgebiet;WZ08C7;WZ2008 (ausgewählte Positionen): Tarifindex;WZ08-P;Erziehung und Unterricht;101,4;2020=100;VST066;Index d.tarifl. Monatsverdienste ohne Sonderzahl.
62221;Vj. Index der Tarifverdienste und Arbeitszeiten;JAHR;Jahr;2021;DINSGF;Früheres Bundesgebiet / Neue Länder;DF;Früheres Bundesgebiet;WZ08C7;WZ2008 (ausgewählte Positionen): Tarifindex;WZ08-P;Erziehung und Unterricht;100,0;2020=100;VST018;Index der tariflichen Wochenarbeitszeit
62221;Vj. Index der Tarifverdienste und Arbeitszeiten;JAHR;Jahr;2021;DINSGF;Früheres Bundesgebiet / Neue Länder;DF;Früheres Bundesgebiet;WZ08C7;WZ2008 (ausgewählte Positionen): Tarifindex;WZ08-P;Erziehung und Unterricht;101,4;2020=100;VST065;Index d.tarifl. Stundenverdienste ohne Sonderzahl.
62221;Vj. Index der Tarifverdienste und Arbeitszeiten;JAHR;Jahr;2019;DINSGF;Früheres Bundesgebiet / Neue Länder;DF;Früheres Bundesgebiet;WZ08C7;WZ2008 (ausgewählte Positionen): Tarifindex;WZ08-23;H.v.Glas,-waren,Keramik,Verarb. v.Steinen u.Erden;98,0;2020=100;VST072;Index d.tarifl. Stundenverdienste mit Sonderzahl.
62221;Vj. Index der Tarifverdienste und Arbeitszeiten;JAHR;Jahr;2019;DINSGF;Früheres Bundesgebiet / Neue Länder;DF;Früheres Bundesgebiet;WZ08C7;WZ2008 (ausgewählte Positionen): Tarifindex;WZ08-23;H.v.Glas,-waren,Keramik,Verarb. v.Steinen u.Erden;98,0;2020=100;VST073;Index d.tarifl. Monatsverdienste mit Sonderzahl.
62221;Vj. Index der Tarifverdienste und Arbeitszeiten;JAHR;Jahr;2019;DINSGF;Früheres Bundesgebiet / Neue Länder;DF;Früheres Bundesgebiet;WZ08C7;WZ2008 (ausgewählte Positionen): Tarifindex;WZ08-23;H.v.Glas,-waren,Keramik,Verarb. v.Steinen u.Erden;37,9;h;VST019;Durchschnittliche tarifliche Wochenarbeitszeit
62221;Vj. Index der Tarifverdienste und Arbeitszeiten;JAHR;Jahr;2019;DINSGF;Früheres Bundesgebiet / Neue Länder;DF;Früheres Bundesgebiet;WZ08C7;WZ2008 (ausgewählte Positionen): Tarifindex;WZ08-23;H.v.Glas,-waren,Keramik,Verarb. v.Steinen u.Erden;98,1;2020=100;VST066;Index d.tarifl. Monatsverdienste ohne Sonderzahl.
62221;Vj. Index der Tarifverdienste und Arbeitszeiten;JAHR;Jahr;2019;DINSGF;Früheres Bundesgebiet / Neue Länder;DF;Früheres Bundesgebiet;WZ08C7;WZ2008 (ausgewählte Positionen): Tarifindex;WZ08-23;H.v.Glas,-waren,Keramik,Verarb. v.Steinen u.Erden;100,0;2020=100;VST018;Index der tariflichen Wochenarbeitszeit
62221;Vj. Index der Tarifverdienste und Arbeitszeiten;JAHR;Jahr;2019;DINSGF;Früheres Bundesgebiet / Neue Länder;DF;Früheres Bundesgebiet;WZ08C7;WZ2008 (ausgewählte Positionen): Tarifindex;WZ08-23;H.v.Glas,-waren,Keramik,Verarb. v.Steinen u.Erden;98,1;2020=100;VST065;Index d.tarifl. Stundenverdienste ohne Sonderzahl.
62221;Vj. Index der Tarifverdienste und Arbeitszeiten;JAHR;Jahr;2022;DINSGF;Früheres Bundesgebiet / Neue Länder;DN;Neue Länder;WZ08C7;WZ2008 (ausgewählte Positionen): Tarifindex;WZ08-37;Abwasserentsorgung;102,4;2020=100;VST072;Index d.tarifl. Stundenverdienste mit Sonderzahl.
62221;Vj. Index der Tarifverdienste und Arbeitszeiten;JAHR;Jahr;2022;DINSGF;Früheres Bundesgebiet / Neue Länder;DN;Neue Länder;WZ08C7;WZ2008 (ausgewählte Positionen): Tarifindex;WZ08-37;Abwasserentsorgung;102,4;2020=100;VST073;Index d.tarifl. Monatsverdienste mit Sonderzahl.
62221;Vj. Index der Tarifverdienste und Arbeitszeiten;JAHR;Jahr;2022;DINSGF;Früheres Bundesgebiet / Neue Länder;DN;Neue Länder;WZ08C7;WZ2008 (ausgewählte Positionen): Tarifindex;WZ08-37;Abwasserentsorgung;39,0;h;VST019;Durchschnittliche tarifliche Wochenarbeitszeit
62221;Vj. Index der Tarifverdienste und Arbeitszeiten;JAHR;Jahr;2022;DINSGF;Früheres Bundesgebiet / Neue Länder;DN;Neue Länder;WZ08C7;WZ2008 (ausgewählte Positionen): Tarifindex;WZ08-37;Abwasserentsorgung;103,1;2020=100;VST066;Index d.tarifl. Monatsverdienste ohne Sonderzahl.
62221;Vj. Index der Tarifverdienste und Arbeitszeiten;JAHR;Jahr;2022;DINSGF;Früheres Bundesgebiet / Neue Länder;DN;Neue Länder;WZ08C7;WZ2008 (ausgewählte Positionen): Tarifindex;WZ08-37;Abwasserentsorgung;100,0;2020=100;VST018;Index der tariflichen Wochenarbeitszeit
62221;Vj. Index der Tarifverdienste und Arbeitszeiten;JAHR;Jahr;2022;DINSGF;Früheres Bundesgebiet / Neue Länder;DN;Neue Länder;WZ08C7;WZ2008 (ausgewählte Positionen): Tarifindex;WZ08-37;Abwasserentsorgung;103,1;2020=100;VST065;Index d.tarifl. Stundenverdienste ohne Sonderzahl.
62221;Vj. Index der Tarifverdienste und Arbeitszeiten;JAHR;Jahr;2019;DINSGF;Früheres Bundesgebiet / Neue Länder;DF;Früheres Bundesgebiet;WZ08C7;WZ2008 (ausgewählte Positionen): Tarifindex;WZ08-88;Sozialwesen (ohne Heime);97,9;2020=100;VST072;Index d.tarifl. Stundenverdienste mit Sonderzahl.
62221;Vj. Index der Tarifverdienste und Arbeitszeiten;JAHR;Jahr;2019;DINSGF;Früheres Bundesgebiet / Neue Länder;DF;Früheres Bundesgebiet;WZ08C7;WZ2008 (ausgewählte Positionen): Tarifindex;WZ08-88;Sozialwesen (ohne Heime);97,9;2020=100;VST073;Index d.tarifl. Monatsverdienste mit Sonderzahl.
62221;Vj. Index der Tarifverdienste und Arbeitszeiten;JAHR;Jahr;2019;DINSGF;Früheres Bundesgebiet / Neue Länder;DF;Früheres Bundesgebiet;WZ08C7;WZ2008 (ausgewählte Positionen): Tarifindex;WZ08-88;Sozialwesen (ohne Heime);39,0;h;VST019;Durchschnittliche tarifliche Wochenarbeitszeit
62221;Vj. Index der Tarifverdienste und Arbeitszeiten;JAHR;Jahr;2019;DINSGF;Früheres Bundesgebiet / Neue Länder;DF;Früheres Bundesgebiet;WZ08C7;WZ2008 (ausgewählte Positionen): Tarifindex;WZ08-88;Sozialwesen (ohne Heime);98,2;2020=100;VST066;Index d.tarifl. Monatsverdienste ohne Sonderzahl.
62221;Vj. Index der Tarifverdienste und Arbeitszeiten;JAHR;Jahr;2019;DINSGF;Früheres Bundesgebiet / Neue Länder;DF;Früheres Bundesgebiet;WZ08C7;WZ2008 (ausgewählte Positionen): Tarifindex;WZ08-88;Sozialwesen (ohne Heime);100,0;2020=100;VST018;Index der tariflichen Wochenarbeitszeit
62221;Vj. Index der Tarifverdienste und Arbeitszeiten;JAHR;Jahr;2019;DINSGF;Früheres Bundesgebiet / Neue Länder;DF;Früheres Bundesgebiet;WZ08C7;WZ2008 (ausgewählte Positionen): Tarifindex;WZ08-88;Sozialwesen (ohne Heime);98,2;2020=100;VST065;Index d.tarifl. Stundenverdienste ohne Sonderzahl.
62221;Vj. Index der Tarifverdienste und Arbeitszeiten;JAHR;Jahr;2017;DINSGF;Früheres Bundesgebiet / Neue Länder;DN;Neue Länder;WZ08C7;WZ2008 (ausgewählte Positionen): Tarifindex;WZ08-I;Gastgewerbe;90,9;2020=100;VST072;Index d.tarifl. Stundenverdienste mit Sonderzahl.
62221;Vj. Index der Tarifverdienste und Arbeitszeiten;JAHR;Jahr;2017;DINSGF;Früheres Bundesgebiet / Neue Länder;DN;Neue Länder;WZ08C7;WZ2008 (ausgewählte Positionen): Tarifindex;WZ08-I;Gastgewerbe;90,9;2020=100;VST073;Index d.tarifl. Monatsverdienste mit Sonderzahl.
62221;Vj. Index der Tarifverdienste und Arbeitszeiten;JAHR;Jahr;2017;DINSGF;Früheres Bundesgebiet / Neue Länder;DN;Neue Länder;WZ08C7;WZ2008 (ausgewählte Positionen): Tarifindex;WZ08-I;Gastgewerbe;39,4;h;VST019;Durchschnittliche tarifliche Wochenarbeitszeit
62221;Vj. Index der Tarifverdienste und Arbeitszeiten;JAHR;Jahr;2017;DINSGF;Früheres Bundesgebiet / Neue Länder;DN;Neue Länder;WZ08C7;WZ2008 (ausgewählte Positionen): Tarifindex;WZ08-I;Gastgewerbe;90,5;2020=100;VST066;Index d.tarifl. Monatsverdienste ohne Sonderzahl.
62221;Vj. Index der Tarifverdienste und Arbeitszeiten;JAHR;Jahr;2017;DINSGF;Früheres Bundesgebiet / Neue Länder;DN;Neue Länder;WZ08C7;WZ2008 (ausgewählte Positionen): Tarifindex;WZ08-I;Gastgewerbe;100,0;2020=100;VST018;Index der tariflichen Wochenarbeitszeit
62221;Vj. Index der Tarifverdienste und Arbeitszeiten;JAHR;Jahr;2017;DINSGF;Früheres Bundesgebiet / Neue Länder;DN;Neue Länder;WZ08C7;WZ2008 (ausgewählte Positionen): Tarifindex;WZ08-I;Gastgewerbe;90,5;2020=100;VST065;Index d.tarifl. Stundenverdienste ohne Sonderzahl.
62221;Vj. Index der Tarifverdienste und Arbeitszeiten;JAHR;Jahr;2016;DINSGF;Früheres Bundesgebiet / Neue Länder;DF;Früheres Bundesgebiet;WZ08C7;WZ2008 (ausgewählte Positionen): Tarifindex;WZ08-80;Wach- und Sicherheitsdienste sowie Detekteien;86,6;2020=100;VST072;Index d.tarifl. Stundenverdienste mit Sonderzahl.
62221;Vj. Index der Tarifverdienste und Arbeitszeiten;JAHR;Jahr;2016;DINSGF;Früheres Bundesgebiet / Neue Länder;DF;Früheres Bundesgebiet;WZ08C7;WZ2008 (ausgewählte Positionen): Tarifindex;WZ08-80;Wach- und Sicherheitsdienste sowie Detekteien;86,6;2020=100;VST073;Index d.tarifl. Monatsverdienste mit Sonderzahl.
62221;Vj. Index der Tarifverdienste und Arbeitszeiten;JAHR;Jahr;2016;DINSGF;Früheres Bundesgebiet / Neue Länder;DF;Früheres Bundesgebiet;WZ08C7;WZ2008 (ausgewählte Positionen): Tarifindex;WZ08-80;Wach- und Sicherheitsdienste sowie Detekteien;40,0;h;VST019;Durchschnittliche tarifliche Wochenarbeitszeit
62221;Vj. Index der Tarifverdienste und Arbeitszeiten;JAHR;Jahr;2016;DINSGF;Früheres Bundesgebiet / Neue Länder;DF;Früheres Bundesgebiet;WZ08C7;WZ2008 (ausgewählte Positionen): Tarifindex;WZ08-80;Wach- und Sicherheitsdienste sowie Detekteien;86,6;2020=100;VST066;Index d.tarifl. Monatsverdienste ohne Sonderzahl.
62221;Vj. Index der Tarifverdienste und Arbeitszeiten;JAHR;Jahr;2016;DINSGF;Früheres Bundesgebiet / Neue Länder;DF;Früheres Bundesgebiet;WZ08C7;WZ2008 (ausgewählte Positionen): Tarifindex;WZ08-80;Wach- und Sicherheitsdienste sowie Detekteien;100,0;2020=100;VST018;Index der tariflichen Wochenarbeitszeit
62221;Vj. Index der Tarifverdienste und Arbeitszeiten;JAHR;Jahr;2016;DINSGF;Früheres Bundesgebiet / Neue Länder;DF;Früheres Bundesgebiet;WZ08C7;WZ2008 (ausgewählte Positionen): Tarifindex;WZ08-80;Wach- und Sicherheitsdienste sowie Detekteien;86,6;2020=100;VST065;Index d.tarifl. Stundenverdienste ohne Sonderzahl.
62221;Vj. Index der Tarifverdienste und Arbeitszeiten;JAHR;Jahr;2018;DINSGF;Früheres Bundesgebiet / Neue Länder;DN;Neue Länder;WZ08C7;WZ2008 (ausgewählte Positionen): Tarifindex;WZ08-93;Dienstleistungen d.Sports,d.Unterhaltg.u.Erholung;94,5;2020=100;VST072;Index d.tarifl. Stundenverdienste mit Sonderzahl.
62221;Vj. Index der Tarifverdienste und Arbeitszeiten;JAHR;Jahr;2018;DINSGF;Früheres Bundesgebiet / Neue Länder;DN;Neue Länder;WZ08C7;WZ2008 (ausgewählte Positionen): Tarifindex;WZ08-93;Dienstleistungen d.Sports,d.Unterhaltg.u.Erholung;94,5;2020=100;VST073;Index d.tarifl. Monatsverdienste mit Sonderzahl.
62221;Vj. Index der Tarifverdienste und Arbeitszeiten;JAHR;Jahr;2018;DINSGF;Früheres Bundesgebiet / Neue Länder;DN;Neue Länder;WZ08C7;WZ2008 (ausgewählte Positionen): Tarifindex;WZ08-93;Dienstleistungen d.Sports,d.Unterhaltg.u.Erholung;38,9;h;VST019;Durchschnittliche tarifliche Wochenarbeitszeit
62221;Vj. Index der Tarifverdienste und Arbeitszeiten;JAHR;Jahr;2018;DINSGF;Früheres Bundesgebiet / Neue Länder;DN;Neue Länder;WZ08C7;WZ2008 (ausgewählte Positionen): Tarifindex;WZ08-93;Dienstleistungen d.Sports,d.Unterhaltg.u.Erholung;94,0;2020=100;VST066;Index d.tarifl. Monatsverdienste ohne Sonderzahl.
62221;Vj. Index der Tarifverdienste und Arbeitszeiten;JAHR;Jahr;2018;DINSGF;Früheres Bundesgebiet / Neue Länder;DN;Neue Länder;WZ08C7;WZ2008 (ausgewählte Positionen): Tarifindex;WZ08-93;Dienstleistungen d.Sports,d.Unterhaltg.u.Erholung;100,0;2020=100;VST018;Index der tariflichen Wochenarbeitszeit
62221;Vj. Index der Tarifverdienste und Arbeitszeiten;JAHR;Jahr;2018;DINSGF;Früheres Bundesgebiet / Neue Länder;DN;Neue Länder;WZ08C7;WZ2008 (ausgewählte Positionen): Tarifindex;WZ08-93;Dienstleistungen d.Sports,d.Unterhaltg.u.Erholung;94,0;2020=100;VST065;Index d.tarifl. Stundenverdienste ohne Sonderzahl.
62221;Vj. Index der Tarifverdienste und Arbeitszeiten;JAHR;Jahr;2025;DINSGF;Früheres Bundesgebiet / Neue Länder;DF;Früheres Bundesgebiet;WZ08C7;WZ2008 (ausgewählte Positionen): Tarifindex;WZ-X002;Investitionsgüterproduzenten;112,9;2020=100;VST072;Index d.tarifl. Stundenverdienste mit Sonderzahl.
62221;Vj. Index der Tarifverdienste und Arbeitszeiten;JAHR;Jahr;2025;DINSGF;Früheres Bundesgebiet / Neue Länder;DF;Früheres Bundesgebiet;WZ08C7;WZ2008 (ausgewählte Positionen): Tarifindex;WZ-X002;Investitionsgüterproduzenten;112,9;2020=100;VST073;Index d.tarifl. Monatsverdienste mit Sonderzahl.
62221;Vj. Index der Tarifverdienste und Arbeitszeiten;JAHR;Jahr;2025;DINSGF;Früheres Bundesgebiet / Neue Länder;DF;Früheres Bundesgebiet;WZ08C7;WZ2008 (ausgewählte Positionen): Tarifindex;WZ-X002;Investitionsgüterproduzenten;35,2;h;VST019;Durchschnittliche tarifliche Wochenarbeitszeit
62221;Vj. Index der Tarifverdienste und Arbeitszeiten;JAHR;Jahr;2025;DINSGF;Früheres Bundesgebiet / Neue Länder;DF;Früheres Bundesgebiet;WZ08C7;WZ2008 (ausgewählte Positionen): Tarifindex;WZ-X002;Investitionsgüterproduzenten;110,6;2020=100;VST066;Index d.tarifl. Monatsverdienste ohne Sonderzahl.
62221;Vj. Index der Tarifverdienste und Arbeitszeiten;JAHR;Jahr;2025;DINSGF;Früheres Bundesgebiet / Neue Länder;DF;Früheres Bundesgebiet;WZ08C7;WZ2008 (ausgewählte Positionen): Tarifindex;WZ-X002;Investitionsgüterproduzenten;100,0;2020=100;VST018;Index der tariflichen Wochenarbeitszeit
62221;Vj. Index der Tarifverdienste und Arbeitszeiten;JAHR;Jahr;2025;DINSGF;Früheres Bundesgebiet / Neue Länder;DF;Früheres Bundesgebiet;WZ08C7;WZ2008 (ausgewählte Positionen): Tarifindex;WZ-X002;Investitionsgüterproduzenten;110,6;2020=100;VST065;Index d.tarifl. Stundenverdienste ohne Sonderzahl.
62221;Vj. Index der Tarifverdienste und Arbeitszeiten;JAHR;Jahr;2020;DINSGF;Früheres Bundesgebiet / Neue Länder;DF;Früheres Bundesgebiet;WZ08C7;WZ2008 (ausgewählte Positionen): Tarifindex;WZ08-61;Telekommunikation;100,0;2020=100;VST072;Index d.tarifl. Stundenverdienste mit Sonderzahl.
62221;Vj. Index der Tarifverdienste und Arbeitszeiten;JAHR;Jahr;2020;DINSGF;Früheres Bundesgebiet / Neue Länder;DF;Früheres Bundesgebiet;WZ08C7;WZ2008 (ausgewählte Positionen): Tarifindex;WZ08-61;Telekommunikation;100,0;2020=100;VST073;Index d.tarifl. Monatsverdienste mit Sonderzahl.
62221;Vj. Index der Tarifverdienste und Arbeitszeiten;JAHR;Jahr;2020;DINSGF;Früheres Bundesgebiet / Neue Länder;DF;Früheres Bundesgebiet;WZ08C7;WZ2008 (ausgewählte Positionen): Tarifindex;WZ08-61;Telekommunikation;37,4;h;VST019;Durchschnittliche tarifliche Wochenarbeitszeit
62221;Vj. Index der Tarifverdienste und Arbeitszeiten;JAHR;Jahr;2020;DINSGF;Früheres Bundesgebiet / Neue Länder;DF;Früheres Bundesgebiet;WZ08C7;WZ2008 (ausgewählte Positionen): Tarifindex;WZ08-61;Telekommunikation;100,0;2020=100;VST066;Index d.tarifl. Monatsverdienste ohne Sonderzahl.
62221;Vj. Index der Tarifverdienste und Arbeitszeiten;JAHR;Jahr;2020;DINSGF;Früheres Bundesgebiet / Neue Länder;DF;Früheres Bundesgebiet;WZ08C7;WZ2008 (ausgewählte Positionen): Tarifindex;WZ08-61;Telekommunikation;100,0;2020=100;VST018;Index der tariflichen Wochenarbeitszeit
62221;Vj. Index der Tarifverdienste und Arbeitszeiten;JAHR;Jahr;2020;DINSGF;Früheres Bundesgebiet / Neue Länder;DF;Früheres Bundesgebiet;WZ08C7;WZ2008 (ausgewählte Positionen): Tarifindex;WZ08-61;Telekommunikation;100,0;2020=100;VST065;Index d.tarifl. Stundenverdienste ohne Sonderzahl.
62221;Vj. Index der Tarifverdienste und Arbeitszeiten;JAHR;Jahr;2017;DINSGF;Früheres Bundesgebiet / Neue Länder;DF;Früheres Bundesgebiet;WZ08C7;WZ2008 (ausgewählte Positionen): Tarifindex;WZ08-24-02;Metall- und Elektroindustrie;92,8;2020=100;VST072;Index d.tarifl. Stundenverdienste mit Sonderzahl.
62221;Vj. Index der Tarifverdienste und Arbeitszeiten;JAHR;Jahr;2017;DINSGF;Früheres Bundesgebiet / Neue Länder;DF;Früheres Bundesgebiet;WZ08C7;WZ2008 (ausgewählte Positionen): Tarifindex;WZ08-24-02;Metall- und Elektroindustrie;92,8;2020=100;VST073;Index d.tarifl. Monatsverdienste mit Sonderzahl.
62221;Vj. Index der Tarifverdienste und Arbeitszeiten;JAHR;Jahr;2017;DINSGF;Früheres Bundesgebiet / Neue Länder;DF;Früheres Bundesgebiet;WZ08C7;WZ2008 (ausgewählte Positionen): Tarifindex;WZ08-24-02;Metall- und Elektroindustrie;35,3;h;VST019;Durchschnittliche tarifliche Wochenarbeitszeit
62221;Vj. Index der Tarifverdienste und Arbeitszeiten;JAHR;Jahr;2017;DINSGF;Früheres Bundesgebiet / Neue Länder;DF;Früheres Bundesgebiet;WZ08C7;WZ2008 (ausgewählte Positionen): Tarifindex;WZ08-24-02;Metall- und Elektroindustrie;95,2;2020=100;VST066;Index d.tarifl. Monatsverdienste ohne Sonderzahl.
62221;Vj. Index der Tarifverdienste und Arbeitszeiten;JAHR;Jahr;2017;DINSGF;Früheres Bundesgebiet / Neue Länder;DF;Früheres Bundesgebiet;WZ08C7;WZ2008 (ausgewählte Positionen): Tarifindex;WZ08-24-02;Metall- und Elektroindustrie;100,0;2020=100;VST018;Index der tariflichen Wochenarbeitszeit
62221;Vj. Index der Tarifverdienste und Arbeitszeiten;JAHR;Jahr;2017;DINSGF;Früheres Bundesgebiet / Neue Länder;DF;Früheres Bundesgebiet;WZ08C7;WZ2008 (ausgewählte Positionen): Tarifindex;WZ08-24-02;Metall- und Elektroindustrie;95,2;2020=100;VST065;Index d.tarifl. Stundenverdienste ohne Sonderzahl.
62221;Vj. Index der Tarifverdienste und Arbeitszeiten;JAHR;Jahr;2018;DINSGF;Früheres Bundesgebiet / Neue Länder;DF;Früheres Bundesgebiet;WZ08C7;WZ2008 (ausgewählte Positionen): Tarifindex;WZ08-41-01;Hoch- und Tiefbau;97,1;2020=100;VST072;Index d.tarifl. Stundenverdienste mit Sonderzahl.
62221;Vj. Index der Tarifverdienste und Arbeitszeiten;JAHR;Jahr;2018;DINSGF;Früheres Bundesgebiet / Neue Länder;DF;Früheres Bundesgebiet;WZ08C7;WZ2008 (ausgewählte Positionen): Tarifindex;WZ08-41-01;Hoch- und Tiefbau;97,1;2020=100;VST073;Index d.tarifl. Monatsverdienste mit Sonderzahl.
62221;Vj. Index der Tarifverdienste und Arbeitszeiten;JAHR;Jahr;2018;DINSGF;Früheres Bundesgebiet / Neue Länder;DF;Früheres Bundesgebiet;WZ08C7;WZ2008 (ausgewählte Positionen): Tarifindex;WZ08-41-01;Hoch- und Tiefbau;40,0;h;VST019;Durchschnittliche tarifliche Wochenarbeitszeit
62221;Vj. Index der Tarifverdienste und Arbeitszeiten;JAHR;Jahr;2018;DINSGF;Früheres Bundesgebiet / Neue Länder;DF;Früheres Bundesgebiet;WZ08C7;WZ2008 (ausgewählte Positionen): Tarifindex;WZ08-41-01;Hoch- und Tiefbau;97,5;2020=100;VST066;Index d.tarifl. Monatsverdienste ohne Sonderzahl.
62221;Vj. Index der Tarifverdienste und Arbeitszeiten;JAHR;Jahr;2018;DINSGF;Früheres Bundesgebiet / Neue Länder;DF;Früheres Bundesgebiet;WZ08C7;WZ2008 (ausgewählte Positionen): Tarifindex;WZ08-41-01;Hoch- und Tiefbau;100,0;2020=100;VST018;Index der tariflichen Wochenarbeitszeit
62221;Vj. Index der Tarifverdienste und Arbeitszeiten;JAHR;Jahr;2018;DINSGF;Früheres Bundesgebiet / Neue Länder;DF;Früheres Bundesgebiet;WZ08C7;WZ2008 (ausgewählte Positionen): Tarifindex;WZ08-41-01;Hoch- und Tiefbau;97,5;2020=100;VST065;Index d.tarifl. Stundenverdienste ohne Sonderzahl.
62221;Vj. Index der Tarifverdienste und Arbeitszeiten;JAHR;Jahr;2022;DINSGF;Früheres Bundesgebiet / Neue Länder;DF;Früheres Bundesgebiet;WZ08C7;WZ2008 (ausgewählte Positionen): Tarifindex;WZ08-51;Luftfahrt;105,5;2020=100;VST072;Index d.tarifl. Stundenverdienste mit Sonderzahl.
62221;Vj. Index der Tarifverdienste und Arbeitszeiten;JAHR;Jahr;2022;DINSGF;Früheres Bundesgebiet / Neue Länder;DF;Früheres Bundesgebiet;WZ08C7;WZ2008 (ausgewählte Positionen): Tarifindex;WZ08-51;Luftfahrt;105,5;2020=100;VST073;Index d.tarifl. Monatsverdienste mit Sonderzahl.
62221;Vj. Index der Tarifverdienste und Arbeitszeiten;JAHR;Jahr;2022;DINSGF;Früheres Bundesgebiet / Neue Länder;DF;Früheres Bundesgebiet;WZ08C7;WZ2008 (ausgewählte Positionen): Tarifindex;WZ08-51;Luftfahrt;41,1;h;VST019;Durchschnittliche tarifliche Wochenarbeitszeit
62221;Vj. Index der Tarifverdienste und Arbeitszeiten;JAHR;Jahr;2022;DINSGF;Früheres Bundesgebiet / Neue Länder;DF;Früheres Bundesgebiet;WZ08C7;WZ2008 (ausgewählte Positionen): Tarifindex;WZ08-51;Luftfahrt;101,5;2020=100;VST066;Index d.tarifl. Monatsverdienste ohne Sonderzahl.
62221;Vj. Index der Tarifverdienste und Arbeitszeiten;JAHR;Jahr;2022;DINSGF;Früheres Bundesgebiet / Neue Länder;DF;Früheres Bundesgebiet;WZ08C7;WZ2008 (ausgewählte Positionen): Tarifindex;WZ08-51;Luftfahrt;100,0;2020=100;VST018;Index der tariflichen Wochenarbeitszeit
62221;Vj. Index der Tarifverdienste und Arbeitszeiten;JAHR;Jahr;2022;DINSGF;Früheres Bundesgebiet / Neue Länder;DF;Früheres Bundesgebiet;WZ08C7;WZ2008 (ausgewählte Positionen): Tarifindex;WZ08-51;Luftfahrt;101,5;2020=100;VST065;Index d.tarifl. Stundenverdienste ohne Sonderzahl.
62221;Vj. Index der Tarifverdienste und Arbeitszeiten;JAHR;Jahr;2021;DINSGF;Früheres Bundesgebiet / Neue Länder;DF;Früheres Bundesgebiet;WZ08C7;WZ2008 (ausgewählte Positionen): Tarifindex;WZ08-45;Kfz-Handel, Instandhaltung und Reparatur von Kfz;102,1;2020=100;VST072;Index d.tarifl. Stundenverdienste mit Sonderzahl.
62221;Vj. Index der Tarifverdienste und Arbeitszeiten;JAHR;Jahr;2021;DINSGF;Früheres Bundesgebiet / Neue Länder;DF;Früheres Bundesgebiet;WZ08C7;WZ2008 (ausgewählte Positionen): Tarifindex;WZ08-45;Kfz-Handel, Instandhaltung und Reparatur von Kfz;102,1;2020=100;VST073;Index d.tarifl. Monatsverdienste mit Sonderzahl.
62221;Vj. Index der Tarifverdienste und Arbeitszeiten;JAHR;Jahr;2021;DINSGF;Früheres Bundesgebiet / Neue Länder;DF;Früheres Bundesgebiet;WZ08C7;WZ2008 (ausgewählte Positionen): Tarifindex;WZ08-45;Kfz-Handel, Instandhaltung und Reparatur von Kfz;36,5;h;VST019;Durchschnittliche tarifliche Wochenarbeitszeit
62221;Vj. Index der Tarifverdienste und Arbeitszeiten;JAHR;Jahr;2021;DINSGF;Früheres Bundesgebiet / Neue Länder;DF;Früheres Bundesgebiet;WZ08C7;WZ2008 (ausgewählte Positionen): Tarifindex;WZ08-45;Kfz-Handel, Instandhaltung und Reparatur von Kfz;101,3;2020=100;VST066;Index d.tarifl. Monatsverdienste ohne Sonderzahl.
62221;Vj. Index der Tarifverdienste und Arbeitszeiten;JAHR;Jahr;2021;DINSGF;Früheres Bundesgebiet / Neue Länder;DF;Früheres Bundesgebiet;WZ08C7;WZ2008 (ausgewählte Positionen): Tarifindex;WZ08-45;Kfz-Handel, Instandhaltung und Reparatur von Kfz;100,0;2020=100;VST018;Index der tariflichen Wochenarbeitszeit
62221;Vj. Index der Tarifverdienste und Arbeitszeiten;JAHR;Jahr;2021;DINSGF;Früheres Bundesgebiet / Neue Länder;DF;Früheres Bundesgebiet;WZ08C7;WZ2008 (ausgewählte Positionen): Tarifindex;WZ08-45;Kfz-Handel, Instandhaltung und Reparatur von Kfz;101,3;2020=100;VST065;Index d.tarifl. Stundenverdienste ohne Sonderzahl.
62221;Vj. Index der Tarifverdienste und Arbeitszeiten;JAHR;Jahr;2021;DINSGF;Früheres Bundesgebiet / Neue Länder;DF;Früheres Bundesgebiet;WZ08C7;WZ2008 (ausgewählte Positionen): Tarifindex;WZ08-79;Reisebüros, -veranstalter u. sonst. Reservierungen;100,4;2020=100;VST072;Index d.tarifl. Stundenverdienste mit Sonderzahl.
62221;Vj. Index der Tarifverdienste und Arbeitszeiten;JAHR;Jahr;2021;DINSGF;Früheres Bundesgebiet / Neue Länder;DF;Früheres Bundesgebiet;WZ08C7;WZ2008 (ausgewählte Positionen): Tarifindex;WZ08-79;Reisebüros, -veranstalter u. sonst. Reservierungen;100,4;2020=100;VST073;Index d.tarifl. Monatsverdienste mit Sonderzahl.
62221;Vj. Index der Tarifverdienste und Arbeitszeiten;JAHR;Jahr;2021;DINSGF;Früheres Bundesgebiet / Neue Länder;DF;Früheres Bundesgebiet;WZ08C7;WZ2008 (ausgewählte Positionen): Tarifindex;WZ08-79;Reisebüros, -veranstalter u. sonst. Reservierungen;38,7;h;VST019;Durchschnittliche tarifliche Wochenarbeitszeit
62221;Vj. Index der Tarifverdienste und Arbeitszeiten;JAHR;Jahr;2021;DINSGF;Früheres Bundesgebiet / Neue Länder;DF;Früheres Bundesgebiet;WZ08C7;WZ2008 (ausgewählte Positionen): Tarifindex;WZ08-79;Reisebüros, -veranstalter u. sonst. Reservierungen;100,4;2020=100;VST066;Index d.tarifl. Monatsverdienste ohne Sonderzahl.
62221;Vj. Index der Tarifverdienste und Arbeitszeiten;JAHR;Jahr;2021;DINSGF;Früheres Bundesgebiet / Neue Länder;DF;Früheres Bundesgebiet;WZ08C7;WZ2008 (ausgewählte Positionen): Tarifindex;WZ08-79;Reisebüros, -veranstalter u. sonst. Reservierungen;100,0;2020=100;VST018;Index der tariflichen Wochenarbeitszeit
62221;Vj. Index der Tarifverdienste und Arbeitszeiten;JAHR;Jahr;2021;DINSGF;Früheres Bundesgebiet / Neue Länder;DF;Früheres Bundesgebiet;WZ08C7;WZ2008 (ausgewählte Positionen): Tarifindex;WZ08-79;Reisebüros, -veranstalter u. sonst. Reservierungen;100,4;2020=100;VST065;Index d.tarifl. Stundenverdienste ohne Sonderzahl.
62221;Vj. Index der Tarifverdienste und Arbeitszeiten;JAHR;Jahr;2019;DINSGF;Früheres Bundesgebiet / Neue Länder;DF;Früheres Bundesgebiet;WZ08C7;WZ2008 (ausgewählte Positionen): Tarifindex;WZ08-B-09;Produzierendes Gewerbe und wirtschaftl. Dienstl.;98,7;2020=100;VST072;Index d.tarifl. Stundenverdienste mit Sonderzahl.
62221;Vj. Index der Tarifverdienste und Arbeitszeiten;JAHR;Jahr;2019;DINSGF;Früheres Bundesgebiet / Neue Länder;DF;Früheres Bundesgebiet;WZ08C7;WZ2008 (ausgewählte Positionen): Tarifindex;WZ08-B-09;Produzierendes Gewerbe und wirtschaftl. Dienstl.;98,7;2020=100;VST073;Index d.tarifl. Monatsverdienste mit Sonderzahl.
62221;Vj. Index der Tarifverdienste und Arbeitszeiten;JAHR;Jahr;2019;DINSGF;Früheres Bundesgebiet / Neue Länder;DF;Früheres Bundesgebiet;WZ08C7;WZ2008 (ausgewählte Positionen): Tarifindex;WZ08-B-09;Produzierendes Gewerbe und wirtschaftl. Dienstl.;37,3;h;VST019;Durchschnittliche tarifliche Wochenarbeitszeit
62221;Vj. Index der Tarifverdienste und Arbeitszeiten;JAHR;Jahr;2019;DINSGF;Früheres Bundesgebiet / Neue Länder;DF;Früheres Bundesgebiet;WZ08C7;WZ2008 (ausgewählte Positionen): Tarifindex;WZ08-B-09;Produzierendes Gewerbe und wirtschaftl. Dienstl.;98,7;2020=100;VST066;Index d.tarifl. Monatsverdienste ohne Sonderzahl.
62221;Vj. Index der Tarifverdienste und Arbeitszeiten;JAHR;Jahr;2019;DINSGF;Früheres Bundesgebiet / Neue Länder;DF;Früheres Bundesgebiet;WZ08C7;WZ2008 (ausgewählte Positionen): Tarifindex;WZ08-B-09;Produzierendes Gewerbe und wirtschaftl. Dienstl.;100,0;2020=100;VST018;Index der tariflichen Wochenarbeitszeit
62221;Vj. Index der Tarifverdienste und Arbeitszeiten;JAHR;Jahr;2019;DINSGF;Früheres Bundesgebiet / Neue Länder;DF;Früheres Bundesgebiet;WZ08C7;WZ2008 (ausgewählte Positionen): Tarifindex;WZ08-B-09;Produzierendes Gewerbe und wirtschaftl. Dienstl.;98,7;2020=100;VST065;Index d.tarifl. Stundenverdienste ohne Sonderzahl.
62221;Vj. Index der Tarifverdienste und Arbeitszeiten;JAHR;Jahr;2019;DINSGF;Früheres Bundesgebiet / Neue Länder;DN;Neue Länder;WZ08C7;WZ2008 (ausgewählte Positionen): Tarifindex;WZ08-77;Vermietung von beweglichen Sachen;99,3;2020=100;VST072;Index d.tarifl. Stundenverdienste mit Sonderzahl.
62221;Vj. Index der Tarifverdienste und Arbeitszeiten;JAHR;Jahr;2019;DINSGF;Früheres Bundesgebiet / Neue Länder;DN;Neue Länder;WZ08C7;WZ2008 (ausgewählte Positionen): Tarifindex;WZ08-77;Vermietung von beweglichen Sachen;99,3;2020=100;VST073;Index d.tarifl. Monatsverdienste mit Sonderzahl.
62221;Vj. Index der Tarifverdienste und Arbeitszeiten;JAHR;Jahr;2019;DINSGF;Früheres Bundesgebiet / Neue Länder;DN;Neue Länder;WZ08C7;WZ2008 (ausgewählte Positionen): Tarifindex;WZ08-77;Vermietung von beweglichen Sachen;37,9;h;VST019;Durchschnittliche tarifliche Wochenarbeitszeit
62221;Vj. Index der Tarifverdienste und Arbeitszeiten;JAHR;Jahr;2019;DINSGF;Früheres Bundesgebiet / Neue Länder;DN;Neue Länder;WZ08C7;WZ2008 (ausgewählte Positionen): Tarifindex;WZ08-77;Vermietung von beweglichen Sachen;99,5;2020=100;VST066;Index d.tarifl. Monatsverdienste ohne Sonderzahl.
62221;Vj. Index der Tarifverdienste und Arbeitszeiten;JAHR;Jahr;2019;DINSGF;Früheres Bundesgebiet / Neue Länder;DN;Neue Länder;WZ08C7;WZ2008 (ausgewählte Positionen): Tarifindex;WZ08-77;Vermietung von beweglichen Sachen;100,0;2020=100;VST018;Index der tariflichen Wochenarbeitszeit
62221;Vj. Index der Tarifverdienste und Arbeitszeiten;JAHR;Jahr;2019;DINSGF;Früheres Bundesgebiet / Neue Länder;DN;Neue Länder;WZ08C7;WZ2008 (ausgewählte Positionen): Tarifindex;WZ08-77;Vermietung von beweglichen Sachen;99,5;2020=100;VST065;Index d.tarifl. Stundenverdienste ohne Sonderzahl.
62221;Vj. Index der Tarifverdienste und Arbeitszeiten;JAHR;Jahr;2019;DINSGF;Früheres Bundesgebiet / Neue Länder;DN;Neue Länder;WZ08C7;WZ2008 (ausgewählte Positionen): Tarifindex;WZ08-D-06;Energie- und Wasserversorgung;98,0;2020=100;VST072;Index d.tarifl. Stundenverdienste mit Sonderzahl.
62221;Vj. Index der Tarifverdienste und Arbeitszeiten;JAHR;Jahr;2019;DINSGF;Früheres Bundesgebiet / Neue Länder;DN;Neue Länder;WZ08C7;WZ2008 (ausgewählte Positionen): Tarifindex;WZ08-D-06;Energie- und Wasserversorgung;98,1;2020=100;VST073;Index d.tarifl. Monatsverdienste mit Sonderzahl.
62221;Vj. Index der Tarifverdienste und Arbeitszeiten;JAHR;Jahr;2019;DINSGF;Früheres Bundesgebiet / Neue Länder;DN;Neue Länder;WZ08C7;WZ2008 (ausgewählte Positionen): Tarifindex;WZ08-D-06;Energie- und Wasserversorgung;38,3;h;VST019;Durchschnittliche tarifliche Wochenarbeitszeit
62221;Vj. Index der Tarifverdienste und Arbeitszeiten;JAHR;Jahr;2019;DINSGF;Früheres Bundesgebiet / Neue Länder;DN;Neue Länder;WZ08C7;WZ2008 (ausgewählte Positionen): Tarifindex;WZ08-D-06;Energie- und Wasserversorgung;98,3;2020=100;VST066;Index d.tarifl. Monatsverdienste ohne Sonderzahl.
62221;Vj. Index der Tarifverdienste und Arbeitszeiten;JAHR;Jahr;2019;DINSGF;Früheres Bundesgebiet / Neue Länder;DN;Neue Länder;WZ08C7;WZ2008 (ausgewählte Positionen): Tarifindex;WZ08-D-06;Energie- und Wasserversorgung;100,0;2020=100;VST018;Index der tariflichen Wochenarbeitszeit
62221;Vj. Index der Tarifverdienste und Arbeitszeiten;JAHR;Jahr;2019;DINSGF;Früheres Bundesgebiet / Neue Länder;DN;Neue Länder;WZ08C7;WZ2008 (ausgewählte Positionen): Tarifindex;WZ08-D-06;Energie- und Wasserversorgung;98,2;2020=100;VST065;Index d.tarifl. Stundenverdienste ohne Sonderzahl.
62221;Vj. Index der Tarifverdienste und Arbeitszeiten;JAHR;Jahr;2020;DINSGF;Früheres Bundesgebiet / Neue Länder;DF;Früheres Bundesgebiet;WZ08C7;WZ2008 (ausgewählte Positionen): Tarifindex;WZ08-A;Land- und Forstwirtschaft, Fischerei;100,0;2020=100;VST072;Index d.tarifl. Stundenverdienste mit Sonderzahl.
62221;Vj. Index der Tarifverdienste und Arbeitszeiten;JAHR;Jahr;2020;DINSGF;Früheres Bundesgebiet / Neue Länder;DF;Früheres Bundesgebiet;WZ08C7;WZ2008 (ausgewählte Positionen): Tarifindex;WZ08-A;Land- und Forstwirtschaft, Fischerei;100,0;2020=100;VST073;Index d.tarifl. Monatsverdienste mit Sonderzahl.
62221;Vj. Index der Tarifverdienste und Arbeitszeiten;JAHR;Jahr;2020;DINSGF;Früheres Bundesgebiet / Neue Länder;DF;Früheres Bundesgebiet;WZ08C7;WZ2008 (ausgewählte Positionen): Tarifindex;WZ08-A;Land- und Forstwirtschaft, Fischerei;39,8;h;VST019;Durchschnittliche tarifliche Wochenarbeitszeit
62221;Vj. Index der Tarifverdienste und Arbeitszeiten;JAHR;Jahr;2020;DINSGF;Früheres Bundesgebiet / Neue Länder;DF;Früheres Bundesgebiet;WZ08C7;WZ2008 (ausgewählte Positionen): Tarifindex;WZ08-A;Land- und Forstwirtschaft, Fischerei;100,0;2020=100;VST066;Index d.tarifl. Monatsverdienste ohne Sonderzahl.
62221;Vj. Index der Tarifverdienste und Arbeitszeiten;JAHR;Jahr;2020;DINSGF;Früheres Bundesgebiet / Neue Länder;DF;Früheres Bundesgebiet;WZ08C7;WZ2008 (ausgewählte Positionen): Tarifindex;WZ08-A;Land- und Forstwirtschaft, Fischerei;100,0;2020=100;VST018;Index der tariflichen Wochenarbeitszeit
62221;Vj. Index der Tarifverdienste und Arbeitszeiten;JAHR;Jahr;2020;DINSGF;Früheres Bundesgebiet / Neue Länder;DF;Früheres Bundesgebiet;WZ08C7;WZ2008 (ausgewählte Positionen): Tarifindex;WZ08-A;Land- und Forstwirtschaft, Fischerei;100,0;2020=100;VST065;Index d.tarifl. Stundenverdienste ohne Sonderzahl.
62221;Vj. Index der Tarifverdienste und Arbeitszeiten;JAHR;Jahr;2025;DINSGF;Früheres Bundesgebiet / Neue Länder;DN;Neue Länder;WZ08C7;WZ2008 (ausgewählte Positionen): Tarifindex;WZ08-33;Reparatur u.Installation von Masch.u.Ausrüstungen;118,7;2020=100;VST072;Index d.tarifl. Stundenverdienste mit Sonderzahl.
62221;Vj. Index der Tarifverdienste und Arbeitszeiten;JAHR;Jahr;2025;DINSGF;Früheres Bundesgebiet / Neue Länder;DN;Neue Länder;WZ08C7;WZ2008 (ausgewählte Positionen): Tarifindex;WZ08-33;Reparatur u.Installation von Masch.u.Ausrüstungen;117,8;2020=100;VST073;Index d.tarifl. Monatsverdienste mit Sonderzahl.
62221;Vj. Index der Tarifverdienste und Arbeitszeiten;JAHR;Jahr;2025;DINSGF;Früheres Bundesgebiet / Neue Länder;DN;Neue Länder;WZ08C7;WZ2008 (ausgewählte Positionen): Tarifindex;WZ08-33;Reparatur u.Installation von Masch.u.Ausrüstungen;37,8;h;VST019;Durchschnittliche tarifliche Wochenarbeitszeit
62221;Vj. Index der Tarifverdienste und Arbeitszeiten;JAHR;Jahr;2025;DINSGF;Früheres Bundesgebiet / Neue Länder;DN;Neue Länder;WZ08C7;WZ2008 (ausgewählte Positionen): Tarifindex;WZ08-33;Reparatur u.Installation von Masch.u.Ausrüstungen;116,4;2020=100;VST066;Index d.tarifl. Monatsverdienste ohne Sonderzahl.
62221;Vj. Index der Tarifverdienste und Arbeitszeiten;JAHR;Jahr;2025;DINSGF;Früheres Bundesgebiet / Neue Länder;DN;Neue Länder;WZ08C7;WZ2008 (ausgewählte Positionen): Tarifindex;WZ08-33;Reparatur u.Installation von Masch.u.Ausrüstungen;99,2;2020=100;VST018;Index der tariflichen Wochenarbeitszeit
62221;Vj. Index der Tarifverdienste und Arbeitszeiten;JAHR;Jahr;2025;DINSGF;Früheres Bundesgebiet / Neue Länder;DN;Neue Länder;WZ08C7;WZ2008 (ausgewählte Positionen): Tarifindex;WZ08-33;Reparatur u.Installation von Masch.u.Ausrüstungen;117,3;2020=100;VST065;Index d.tarifl. Stundenverdienste ohne Sonderzahl.
62221;Vj. Index der Tarifverdienste und Arbeitszeiten;JAHR;Jahr;2020;DINSGF;Früheres Bundesgebiet / Neue Länder;DF;Früheres Bundesgebiet;WZ08C7;WZ2008 (ausgewählte Positionen): Tarifindex;WZ08-08-01;Gewinnung v. Steinen u. Erden, sonst. Bergbau, DL;100,0;2020=100;VST072;Index d.tarifl. Stundenverdienste mit Sonderzahl.
62221;Vj. Index der Tarifverdienste und Arbeitszeiten;JAHR;Jahr;2020;DINSGF;Früheres Bundesgebiet / Neue Länder;DF;Früheres Bundesgebiet;WZ08C7;WZ2008 (ausgewählte Positionen): Tarifindex;WZ08-08-01;Gewinnung v. Steinen u. Erden, sonst. Bergbau, DL;100,0;2020=100;VST073;Index d.tarifl. Monatsverdienste mit Sonderzahl.
62221;Vj. Index der Tarifverdienste und Arbeitszeiten;JAHR;Jahr;2020;DINSGF;Früheres Bundesgebiet / Neue Länder;DF;Früheres Bundesgebiet;WZ08C7;WZ2008 (ausgewählte Positionen): Tarifindex;WZ08-08-01;Gewinnung v. Steinen u. Erden, sonst. Bergbau, DL;38,0;h;VST019;Durchschnittliche tarifliche Wochenarbeitszeit
62221;Vj. Index der Tarifverdienste und Arbeitszeiten;JAHR;Jahr;2020;DINSGF;Früheres Bundesgebiet / Neue Länder;DF;Früheres Bundesgebiet;WZ08C7;WZ2008 (ausgewählte Positionen): Tarifindex;WZ08-08-01;Gewinnung v. Steinen u. Erden, sonst. Bergbau, DL;100,0;2020=100;VST066;Index d.tarifl. Monatsverdienste ohne Sonderzahl.
62221;Vj. Index der Tarifverdienste und Arbeitszeiten;JAHR;Jahr;2020;DINSGF;Früheres Bundesgebiet / Neue Länder;DF;Früheres Bundesgebiet;WZ08C7;WZ2008 (ausgewählte Positionen): Tarifindex;WZ08-08-01;Gewinnung v. Steinen u. Erden, sonst. Bergbau, DL;100,0;2020=100;VST018;Index der tariflichen Wochenarbeitszeit
62221;Vj. Index der Tarifverdienste und Arbeitszeiten;JAHR;Jahr;2020;DINSGF;Früheres Bundesgebiet / Neue Länder;DF;Früheres Bundesgebiet;WZ08C7;WZ2008 (ausgewählte Positionen): Tarifindex;WZ08-08-01;Gewinnung v. Steinen u. Erden, sonst. Bergbau, DL;100,0;2020=100;VST065;Index d.tarifl. Stundenverdienste ohne Sonderzahl.
62221;Vj. Index der Tarifverdienste und Arbeitszeiten;JAHR;Jahr;2024;DINSGF;Früheres Bundesgebiet / Neue Länder;DN;Neue Länder;WZ08C7;WZ2008 (ausgewählte Positionen): Tarifindex;WZ08-64;Erbringung von Finanzdienstleistungen;109,6;2020=100;VST072;Index d.tarifl. Stundenverdienste mit Sonderzahl.
62221;Vj. Index der Tarifverdienste und Arbeitszeiten;JAHR;Jahr;2024;DINSGF;Früheres Bundesgebiet / Neue Länder;DN;Neue Länder;WZ08C7;WZ2008 (ausgewählte Positionen): Tarifindex;WZ08-64;Erbringung von Finanzdienstleistungen;109,6;2020=100;VST073;Index d.tarifl. Monatsverdienste mit Sonderzahl.
62221;Vj. Index der Tarifverdienste und Arbeitszeiten;JAHR;Jahr;2024;DINSGF;Früheres Bundesgebiet / Neue Länder;DN;Neue Länder;WZ08C7;WZ2008 (ausgewählte Positionen): Tarifindex;WZ08-64;Erbringung von Finanzdienstleistungen;39,0;h;VST019;Durchschnittliche tarifliche Wochenarbeitszeit
62221;Vj. Index der Tarifverdienste und Arbeitszeiten;JAHR;Jahr;2024;DINSGF;Früheres Bundesgebiet / Neue Länder;DN;Neue Länder;WZ08C7;WZ2008 (ausgewählte Positionen): Tarifindex;WZ08-64;Erbringung von Finanzdienstleistungen;110,2;2020=100;VST066;Index d.tarifl. Monatsverdienste ohne Sonderzahl.
62221;Vj. Index der Tarifverdienste und Arbeitszeiten;JAHR;Jahr;2024;DINSGF;Früheres Bundesgebiet / Neue Länder;DN;Neue Länder;WZ08C7;WZ2008 (ausgewählte Positionen): Tarifindex;WZ08-64;Erbringung von Finanzdienstleistungen;100,0;2020=100;VST018;Index der tariflichen Wochenarbeitszeit
62221;Vj. Index der Tarifverdienste und Arbeitszeiten;JAHR;Jahr;2024;DINSGF;Früheres Bundesgebiet / Neue Länder;DN;Neue Länder;WZ08C7;WZ2008 (ausgewählte Positionen): Tarifindex;WZ08-64;Erbringung von Finanzdienstleistungen;110,2;2020=100;VST065;Index d.tarifl. Stundenverdienste ohne Sonderzahl.
62221;Vj. Index der Tarifverdienste und Arbeitszeiten;JAHR;Jahr;2020;DINSGF;Früheres Bundesgebiet / Neue Länder;DF;Früheres Bundesgebiet;WZ08C7;WZ2008 (ausgewählte Positionen): Tarifindex;WZ08-58;Verlagswesen;100,0;2020=100;VST072;Index d.tarifl. Stundenverdienste mit Sonderzahl.
62221;Vj. Index der Tarifverdienste und Arbeitszeiten;JAHR;Jahr;2020;DINSGF;Früheres Bundesgebiet / Neue Länder;DF;Früheres Bundesgebiet;WZ08C7;WZ2008 (ausgewählte Positionen): Tarifindex;WZ08-58;Verlagswesen;100,0;2020=100;VST073;Index d.tarifl. Monatsverdienste mit Sonderzahl.
62221;Vj. Index der Tarifverdienste und Arbeitszeiten;JAHR;Jahr;2020;DINSGF;Früheres Bundesgebiet / Neue Länder;DF;Früheres Bundesgebiet;WZ08C7;WZ2008 (ausgewählte Positionen): Tarifindex;WZ08-58;Verlagswesen;36,2;h;VST019;Durchschnittliche tarifliche Wochenarbeitszeit
62221;Vj. Index der Tarifverdienste und Arbeitszeiten;JAHR;Jahr;2020;DINSGF;Früheres Bundesgebiet / Neue Länder;DF;Früheres Bundesgebiet;WZ08C7;WZ2008 (ausgewählte Positionen): Tarifindex;WZ08-58;Verlagswesen;100,0;2020=100;VST066;Index d.tarifl. Monatsverdienste ohne Sonderzahl.
62221;Vj. Index der Tarifverdienste und Arbeitszeiten;JAHR;Jahr;2020;DINSGF;Früheres Bundesgebiet / Neue Länder;DF;Früheres Bundesgebiet;WZ08C7;WZ2008 (ausgewählte Positionen): Tarifindex;WZ08-58;Verlagswesen;100,0;2020=100;VST018;Index der tariflichen Wochenarbeitszeit
62221;Vj. Index der Tarifverdienste und Arbeitszeiten;JAHR;Jahr;2020;DINSGF;Früheres Bundesgebiet / Neue Länder;DF;Früheres Bundesgebiet;WZ08C7;WZ2008 (ausgewählte Positionen): Tarifindex;WZ08-58;Verlagswesen;100,0;2020=100;VST065;Index d.tarifl. Stundenverdienste ohne Sonderzahl.
62221;Vj. Index der Tarifverdienste und Arbeitszeiten;JAHR;Jahr;2017;DINSGF;Früheres Bundesgebiet / Neue Länder;DN;Neue Länder;WZ08C7;WZ2008 (ausgewählte Positionen): Tarifindex;WZ08-53;Post-, Kurier- und Expressdienste;89,1;2020=100;VST072;Index d.tarifl. Stundenverdienste mit Sonderzahl.
62221;Vj. Index der Tarifverdienste und Arbeitszeiten;JAHR;Jahr;2017;DINSGF;Früheres Bundesgebiet / Neue Länder;DN;Neue Länder;WZ08C7;WZ2008 (ausgewählte Positionen): Tarifindex;WZ08-53;Post-, Kurier- und Expressdienste;89,1;2020=100;VST073;Index d.tarifl. Monatsverdienste mit Sonderzahl.
62221;Vj. Index der Tarifverdienste und Arbeitszeiten;JAHR;Jahr;2017;DINSGF;Früheres Bundesgebiet / Neue Länder;DN;Neue Länder;WZ08C7;WZ2008 (ausgewählte Positionen): Tarifindex;WZ08-53;Post-, Kurier- und Expressdienste;38,9;h;VST019;Durchschnittliche tarifliche Wochenarbeitszeit
62221;Vj. Index der Tarifverdienste und Arbeitszeiten;JAHR;Jahr;2017;DINSGF;Früheres Bundesgebiet / Neue Länder;DN;Neue Länder;WZ08C7;WZ2008 (ausgewählte Positionen): Tarifindex;WZ08-53;Post-, Kurier- und Expressdienste;90,3;2020=100;VST066;Index d.tarifl. Monatsverdienste ohne Sonderzahl.
62221;Vj. Index der Tarifverdienste und Arbeitszeiten;JAHR;Jahr;2017;DINSGF;Früheres Bundesgebiet / Neue Länder;DN;Neue Länder;WZ08C7;WZ2008 (ausgewählte Positionen): Tarifindex;WZ08-53;Post-, Kurier- und Expressdienste;100,0;2020=100;VST018;Index der tariflichen Wochenarbeitszeit
62221;Vj. Index der Tarifverdienste und Arbeitszeiten;JAHR;Jahr;2017;DINSGF;Früheres Bundesgebiet / Neue Länder;DN;Neue Länder;WZ08C7;WZ2008 (ausgewählte Positionen): Tarifindex;WZ08-53;Post-, Kurier- und Expressdienste;90,3;2020=100;VST065;Index d.tarifl. Stundenverdienste ohne Sonderzahl.
62221;Vj. Index der Tarifverdienste und Arbeitszeiten;JAHR;Jahr;2019;DINSGF;Früheres Bundesgebiet / Neue Länder;DF;Früheres Bundesgebiet;WZ08C7;WZ2008 (ausgewählte Positionen): Tarifindex;WZ08-91;Bibliotheken, Archive, Museen, bot. u. zoo. Gärten;97,4;2020=100;VST072;Index d.tarifl. Stundenverdienste mit Sonderzahl.
62221;Vj. Index der Tarifverdienste und Arbeitszeiten;JAHR;Jahr;2019;DINSGF;Früheres Bundesgebiet / Neue Länder;DF;Früheres Bundesgebiet;WZ08C7;WZ2008 (ausgewählte Positionen): Tarifindex;WZ08-91;Bibliotheken, Archive, Museen, bot. u. zoo. Gärten;97,4;2020=100;VST073;Index d.tarifl. Monatsverdienste mit Sonderzahl.
62221;Vj. Index der Tarifverdienste und Arbeitszeiten;JAHR;Jahr;2019;DINSGF;Früheres Bundesgebiet / Neue Länder;DF;Früheres Bundesgebiet;WZ08C7;WZ2008 (ausgewählte Positionen): Tarifindex;WZ08-91;Bibliotheken, Archive, Museen, bot. u. zoo. Gärten;39,3;h;VST019;Durchschnittliche tarifliche Wochenarbeitszeit
62221;Vj. Index der Tarifverdienste und Arbeitszeiten;JAHR;Jahr;2019;DINSGF;Früheres Bundesgebiet / Neue Länder;DF;Früheres Bundesgebiet;WZ08C7;WZ2008 (ausgewählte Positionen): Tarifindex;WZ08-91;Bibliotheken, Archive, Museen, bot. u. zoo. Gärten;97,2;2020=100;VST066;Index d.tarifl. Monatsverdienste ohne Sonderzahl.
62221;Vj. Index der Tarifverdienste und Arbeitszeiten;JAHR;Jahr;2019;DINSGF;Früheres Bundesgebiet / Neue Länder;DF;Früheres Bundesgebiet;WZ08C7;WZ2008 (ausgewählte Positionen): Tarifindex;WZ08-91;Bibliotheken, Archive, Museen, bot. u. zoo. Gärten;100,0;2020=100;VST018;Index der tariflichen Wochenarbeitszeit
62221;Vj. Index der Tarifverdienste und Arbeitszeiten;JAHR;Jahr;2019;DINSGF;Früheres Bundesgebiet / Neue Länder;DF;Früheres Bundesgebiet;WZ08C7;WZ2008 (ausgewählte Positionen): Tarifindex;WZ08-91;Bibliotheken, Archive, Museen, bot. u. zoo. Gärten;97,2;2020=100;VST065;Index d.tarifl. Stundenverdienste ohne Sonderzahl.
62221;Vj. Index der Tarifverdienste und Arbeitszeiten;JAHR;Jahr;2025;DINSGF;Früheres Bundesgebiet / Neue Länder;DF;Früheres Bundesgebiet;WZ08C7;WZ2008 (ausgewählte Positionen): Tarifindex;WZ08-62;Dienstleistungen der Informationstechnologie;112,6;2020=100;VST072;Index d.tarifl. Stundenverdienste mit Sonderzahl.
62221;Vj. Index der Tarifverdienste und Arbeitszeiten;JAHR;Jahr;2025;DINSGF;Früheres Bundesgebiet / Neue Länder;DF;Früheres Bundesgebiet;WZ08C7;WZ2008 (ausgewählte Positionen): Tarifindex;WZ08-62;Dienstleistungen der Informationstechnologie;112,8;2020=100;VST073;Index d.tarifl. Monatsverdienste mit Sonderzahl.
62221;Vj. Index der Tarifverdienste und Arbeitszeiten;JAHR;Jahr;2025;DINSGF;Früheres Bundesgebiet / Neue Länder;DF;Früheres Bundesgebiet;WZ08C7;WZ2008 (ausgewählte Positionen): Tarifindex;WZ08-62;Dienstleistungen der Informationstechnologie;38,0;h;VST019;Durchschnittliche tarifliche Wochenarbeitszeit
62221;Vj. Index der Tarifverdienste und Arbeitszeiten;JAHR;Jahr;2025;DINSGF;Früheres Bundesgebiet / Neue Länder;DF;Früheres Bundesgebiet;WZ08C7;WZ2008 (ausgewählte Positionen): Tarifindex;WZ08-62;Dienstleistungen der Informationstechnologie;112,1;2020=100;VST066;Index d.tarifl. Monatsverdienste ohne Sonderzahl.
62221;Vj. Index der Tarifverdienste und Arbeitszeiten;JAHR;Jahr;2025;DINSGF;Früheres Bundesgebiet / Neue Länder;DF;Früheres Bundesgebiet;WZ08C7;WZ2008 (ausgewählte Positionen): Tarifindex;WZ08-62;Dienstleistungen der Informationstechnologie;100,2;2020=100;VST018;Index der tariflichen Wochenarbeitszeit
62221;Vj. Index der Tarifverdienste und Arbeitszeiten;JAHR;Jahr;2025;DINSGF;Früheres Bundesgebiet / Neue Länder;DF;Früheres Bundesgebiet;WZ08C7;WZ2008 (ausgewählte Positionen): Tarifindex;WZ08-62;Dienstleistungen der Informationstechnologie;111,9;2020=100;VST065;Index d.tarifl. Stundenverdienste ohne Sonderzahl.
62221;Vj. Index der Tarifverdienste und Arbeitszeiten;JAHR;Jahr;2022;DINSGF;Früheres Bundesgebiet / Neue Länder;DN;Neue Länder;WZ08C7;WZ2008 (ausgewählte Positionen): Tarifindex;WZ08-41-01;Hoch- und Tiefbau;108,2;2020=100;VST072;Index d.tarifl. Stundenverdienste mit Sonderzahl.
62221;Vj. Index der Tarifverdienste und Arbeitszeiten;JAHR;Jahr;2022;DINSGF;Früheres Bundesgebiet / Neue Länder;DN;Neue Länder;WZ08C7;WZ2008 (ausgewählte Positionen): Tarifindex;WZ08-41-01;Hoch- und Tiefbau;108,2;2020=100;VST073;Index d.tarifl. Monatsverdienste mit Sonderzahl.
62221;Vj. Index der Tarifverdienste und Arbeitszeiten;JAHR;Jahr;2022;DINSGF;Früheres Bundesgebiet / Neue Länder;DN;Neue Länder;WZ08C7;WZ2008 (ausgewählte Positionen): Tarifindex;WZ08-41-01;Hoch- und Tiefbau;40,0;h;VST019;Durchschnittliche tarifliche Wochenarbeitszeit
62221;Vj. Index der Tarifverdienste und Arbeitszeiten;JAHR;Jahr;2022;DINSGF;Früheres Bundesgebiet / Neue Länder;DN;Neue Länder;WZ08C7;WZ2008 (ausgewählte Positionen): Tarifindex;WZ08-41-01;Hoch- und Tiefbau;107,1;2020=100;VST066;Index d.tarifl. Monatsverdienste ohne Sonderzahl.
62221;Vj. Index der Tarifverdienste und Arbeitszeiten;JAHR;Jahr;2022;DINSGF;Früheres Bundesgebiet / Neue Länder;DN;Neue Länder;WZ08C7;WZ2008 (ausgewählte Positionen): Tarifindex;WZ08-41-01;Hoch- und Tiefbau;100,0;2020=100;VST018;Index der tariflichen Wochenarbeitszeit
62221;Vj. Index der Tarifverdienste und Arbeitszeiten;JAHR;Jahr;2022;DINSGF;Früheres Bundesgebiet / Neue Länder;DN;Neue Länder;WZ08C7;WZ2008 (ausgewählte Positionen): Tarifindex;WZ08-41-01;Hoch- und Tiefbau;107,1;2020=100;VST065;Index d.tarifl. Stundenverdienste ohne Sonderzahl.
62221;Vj. Index der Tarifverdienste und Arbeitszeiten;JAHR;Jahr;2022;DINSGF;Früheres Bundesgebiet / Neue Länder;DN;Neue Länder;WZ08C7;WZ2008 (ausgewählte Positionen): Tarifindex;WZ08-38-01;Recycling, Beseitigung von Umweltverschmutzungen;103,3;2020=100;VST072;Index d.tarifl. Stundenverdienste mit Sonderzahl.
62221;Vj. Index der Tarifverdienste und Arbeitszeiten;JAHR;Jahr;2022;DINSGF;Früheres Bundesgebiet / Neue Länder;DN;Neue Länder;WZ08C7;WZ2008 (ausgewählte Positionen): Tarifindex;WZ08-38-01;Recycling, Beseitigung von Umweltverschmutzungen;103,3;2020=100;VST073;Index d.tarifl. Monatsverdienste mit Sonderzahl.
62221;Vj. Index der Tarifverdienste und Arbeitszeiten;JAHR;Jahr;2022;DINSGF;Früheres Bundesgebiet / Neue Länder;DN;Neue Länder;WZ08C7;WZ2008 (ausgewählte Positionen): Tarifindex;WZ08-38-01;Recycling, Beseitigung von Umweltverschmutzungen;39,2;h;VST019;Durchschnittliche tarifliche Wochenarbeitszeit
62221;Vj. Index der Tarifverdienste und Arbeitszeiten;JAHR;Jahr;2022;DINSGF;Früheres Bundesgebiet / Neue Länder;DN;Neue Länder;WZ08C7;WZ2008 (ausgewählte Positionen): Tarifindex;WZ08-38-01;Recycling, Beseitigung von Umweltverschmutzungen;103,4;2020=100;VST066;Index d.tarifl. Monatsverdienste ohne Sonderzahl.
62221;Vj. Index der Tarifverdienste und Arbeitszeiten;JAHR;Jahr;2022;DINSGF;Früheres Bundesgebiet / Neue Länder;DN;Neue Länder;WZ08C7;WZ2008 (ausgewählte Positionen): Tarifindex;WZ08-38-01;Recycling, Beseitigung von Umweltverschmutzungen;100,0;2020=100;VST018;Index der tariflichen Wochenarbeitszeit
62221;Vj. Index der Tarifverdienste und Arbeitszeiten;JAHR;Jahr;2022;DINSGF;Früheres Bundesgebiet / Neue Länder;DN;Neue Länder;WZ08C7;WZ2008 (ausgewählte Positionen): Tarifindex;WZ08-38-01;Recycling, Beseitigung von Umweltverschmutzungen;103,4;2020=100;VST065;Index d.tarifl. Stundenverdienste ohne Sonderzahl.
62221;Vj. Index der Tarifverdienste und Arbeitszeiten;JAHR;Jahr;2020;DINSGF;Früheres Bundesgebiet / Neue Länder;DF;Früheres Bundesgebiet;WZ08C7;WZ2008 (ausgewählte Positionen): Tarifindex;WZ08-M;Freiberufliche, wiss. u. techn. Dienstleistungen;100,0;2020=100;VST072;Index d.tarifl. Stundenverdienste mit Sonderzahl.
62221;Vj. Index der Tarifverdienste und Arbeitszeiten;JAHR;Jahr;2020;DINSGF;Früheres Bundesgebiet / Neue Länder;DF;Früheres Bundesgebiet;WZ08C7;WZ2008 (ausgewählte Positionen): Tarifindex;WZ08-M;Freiberufliche, wiss. u. techn. Dienstleistungen;100,0;2020=100;VST073;Index d.tarifl. Monatsverdienste mit Sonderzahl.
62221;Vj. Index der Tarifverdienste und Arbeitszeiten;JAHR;Jahr;2020;DINSGF;Früheres Bundesgebiet / Neue Länder;DF;Früheres Bundesgebiet;WZ08C7;WZ2008 (ausgewählte Positionen): Tarifindex;WZ08-M;Freiberufliche, wiss. u. techn. Dienstleistungen;37,9;h;VST019;Durchschnittliche tarifliche Wochenarbeitszeit
62221;Vj. Index der Tarifverdienste und Arbeitszeiten;JAHR;Jahr;2020;DINSGF;Früheres Bundesgebiet / Neue Länder;DF;Früheres Bundesgebiet;WZ08C7;WZ2008 (ausgewählte Positionen): Tarifindex;WZ08-M;Freiberufliche, wiss. u. techn. Dienstleistungen;100,0;2020=100;VST066;Index d.tarifl. Monatsverdienste ohne Sonderzahl.
62221;Vj. Index der Tarifverdienste und Arbeitszeiten;JAHR;Jahr;2020;DINSGF;Früheres Bundesgebiet / Neue Länder;DF;Früheres Bundesgebiet;WZ08C7;WZ2008 (ausgewählte Positionen): Tarifindex;WZ08-M;Freiberufliche, wiss. u. techn. Dienstleistungen;100,0;2020=100;VST018;Index der tariflichen Wochenarbeitszeit
62221;Vj. Index der Tarifverdienste und Arbeitszeiten;JAHR;Jahr;2020;DINSGF;Früheres Bundesgebiet / Neue Länder;DF;Früheres Bundesgebiet;WZ08C7;WZ2008 (ausgewählte Positionen): Tarifindex;WZ08-M;Freiberufliche, wiss. u. techn. Dienstleistungen;100,0;2020=100;VST065;Index d.tarifl. Stundenverdienste ohne Sonderzahl.
62221;Vj. Index der Tarifverdienste und Arbeitszeiten;JAHR;Jahr;2024;DINSGF;Früheres Bundesgebiet / Neue Länder;DN;Neue Länder;WZ08C7;WZ2008 (ausgewählte Positionen): Tarifindex;WZ08-Q;Gesundheits- und Sozialwesen;115,5;2020=100;VST072;Index d.tarifl. Stundenverdienste mit Sonderzahl.
62221;Vj. Index der Tarifverdienste und Arbeitszeiten;JAHR;Jahr;2024;DINSGF;Früheres Bundesgebiet / Neue Länder;DN;Neue Länder;WZ08C7;WZ2008 (ausgewählte Positionen): Tarifindex;WZ08-Q;Gesundheits- und Sozialwesen;115,0;2020=100;VST073;Index d.tarifl. Monatsverdienste mit Sonderzahl.
62221;Vj. Index der Tarifverdienste und Arbeitszeiten;JAHR;Jahr;2024;DINSGF;Früheres Bundesgebiet / Neue Länder;DN;Neue Länder;WZ08C7;WZ2008 (ausgewählte Positionen): Tarifindex;WZ08-Q;Gesundheits- und Sozialwesen;39,3;h;VST019;Durchschnittliche tarifliche Wochenarbeitszeit
62221;Vj. Index der Tarifverdienste und Arbeitszeiten;JAHR;Jahr;2024;DINSGF;Früheres Bundesgebiet / Neue Länder;DN;Neue Länder;WZ08C7;WZ2008 (ausgewählte Positionen): Tarifindex;WZ08-Q;Gesundheits- und Sozialwesen;112,5;2020=100;VST066;Index d.tarifl. Monatsverdienste ohne Sonderzahl.
62221;Vj. Index der Tarifverdienste und Arbeitszeiten;JAHR;Jahr;2024;DINSGF;Früheres Bundesgebiet / Neue Länder;DN;Neue Länder;WZ08C7;WZ2008 (ausgewählte Positionen): Tarifindex;WZ08-Q;Gesundheits- und Sozialwesen;99,6;2020=100;VST018;Index der tariflichen Wochenarbeitszeit
62221;Vj. Index der Tarifverdienste und Arbeitszeiten;JAHR;Jahr;2024;DINSGF;Früheres Bundesgebiet / Neue Länder;DN;Neue Länder;WZ08C7;WZ2008 (ausgewählte Positionen): Tarifindex;WZ08-Q;Gesundheits- und Sozialwesen;112,9;2020=100;VST065;Index d.tarifl. Stundenverdienste ohne Sonderzahl.
62221;Vj. Index der Tarifverdienste und Arbeitszeiten;JAHR;Jahr;2023;DINSGF;Früheres Bundesgebiet / Neue Länder;DN;Neue Länder;WZ08C7;WZ2008 (ausgewählte Positionen): Tarifindex;WZ08-24;Metallerzeugung und -bearbeitung;108,0;2020=100;VST072;Index d.tarifl. Stundenverdienste mit Sonderzahl.
62221;Vj. Index der Tarifverdienste und Arbeitszeiten;JAHR;Jahr;2023;DINSGF;Früheres Bundesgebiet / Neue Länder;DN;Neue Länder;WZ08C7;WZ2008 (ausgewählte Positionen): Tarifindex;WZ08-24;Metallerzeugung und -bearbeitung;108,0;2020=100;VST073;Index d.tarifl. Monatsverdienste mit Sonderzahl.
62221;Vj. Index der Tarifverdienste und Arbeitszeiten;JAHR;Jahr;2023;DINSGF;Früheres Bundesgebiet / Neue Länder;DN;Neue Länder;WZ08C7;WZ2008 (ausgewählte Positionen): Tarifindex;WZ08-24;Metallerzeugung und -bearbeitung;36,2;h;VST019;Durchschnittliche tarifliche Wochenarbeitszeit
62221;Vj. Index der Tarifverdienste und Arbeitszeiten;JAHR;Jahr;2023;DINSGF;Früheres Bundesgebiet / Neue Länder;DN;Neue Länder;WZ08C7;WZ2008 (ausgewählte Positionen): Tarifindex;WZ08-24;Metallerzeugung und -bearbeitung;104,2;2020=100;VST066;Index d.tarifl. Monatsverdienste ohne Sonderzahl.
62221;Vj. Index der Tarifverdienste und Arbeitszeiten;JAHR;Jahr;2023;DINSGF;Früheres Bundesgebiet / Neue Länder;DN;Neue Länder;WZ08C7;WZ2008 (ausgewählte Positionen): Tarifindex;WZ08-24;Metallerzeugung und -bearbeitung;100,0;2020=100;VST018;Index der tariflichen Wochenarbeitszeit
62221;Vj. Index der Tarifverdienste und Arbeitszeiten;JAHR;Jahr;2023;DINSGF;Früheres Bundesgebiet / Neue Länder;DN;Neue Länder;WZ08C7;WZ2008 (ausgewählte Positionen): Tarifindex;WZ08-24;Metallerzeugung und -bearbeitung;104,2;2020=100;VST065;Index d.tarifl. Stundenverdienste ohne Sonderzahl.
62221;Vj. Index der Tarifverdienste und Arbeitszeiten;JAHR;Jahr;2020;DINSGF;Früheres Bundesgebiet / Neue Länder;DF;Früheres Bundesgebiet;WZ08C7;WZ2008 (ausgewählte Positionen): Tarifindex;WZ-X001;Vorleistungsgüterproduzenten;100,0;2020=100;VST072;Index d.tarifl. Stundenverdienste mit Sonderzahl.
62221;Vj. Index der Tarifverdienste und Arbeitszeiten;JAHR;Jahr;2020;DINSGF;Früheres Bundesgebiet / Neue Länder;DF;Früheres Bundesgebiet;WZ08C7;WZ2008 (ausgewählte Positionen): Tarifindex;WZ-X001;Vorleistungsgüterproduzenten;100,0;2020=100;VST073;Index d.tarifl. Monatsverdienste mit Sonderzahl.
62221;Vj. Index der Tarifverdienste und Arbeitszeiten;JAHR;Jahr;2020;DINSGF;Früheres Bundesgebiet / Neue Länder;DF;Früheres Bundesgebiet;WZ08C7;WZ2008 (ausgewählte Positionen): Tarifindex;WZ-X001;Vorleistungsgüterproduzenten;36,7;h;VST019;Durchschnittliche tarifliche Wochenarbeitszeit
62221;Vj. Index der Tarifverdienste und Arbeitszeiten;JAHR;Jahr;2020;DINSGF;Früheres Bundesgebiet / Neue Länder;DF;Früheres Bundesgebiet;WZ08C7;WZ2008 (ausgewählte Positionen): Tarifindex;WZ-X001;Vorleistungsgüterproduzenten;100,0;2020=100;VST066;Index d.tarifl. Monatsverdienste ohne Sonderzahl.
62221;Vj. Index der Tarifverdienste und Arbeitszeiten;JAHR;Jahr;2020;DINSGF;Früheres Bundesgebiet / Neue Länder;DF;Früheres Bundesgebiet;WZ08C7;WZ2008 (ausgewählte Positionen): Tarifindex;WZ-X001;Vorleistungsgüterproduzenten;100,0;2020=100;VST018;Index der tariflichen Wochenarbeitszeit
62221;Vj. Index der Tarifverdienste und Arbeitszeiten;JAHR;Jahr;2020;DINSGF;Früheres Bundesgebiet / Neue Länder;DF;Früheres Bundesgebiet;WZ08C7;WZ2008 (ausgewählte Positionen): Tarifindex;WZ-X001;Vorleistungsgüterproduzenten;100,0;2020=100;VST065;Index d.tarifl. Stundenverdienste ohne Sonderzahl.
62221;Vj. Index der Tarifverdienste und Arbeitszeiten;JAHR;Jahr;2024;DINSGF;Früheres Bundesgebiet / Neue Länder;DN;Neue Länder;WZ08C7;WZ2008 (ausgewählte Positionen): Tarifindex;WZ08-E;Wasserversorg.,Entsorg.,Beseitig.v.Umweltverschm.;112,9;2020=100;VST072;Index d.tarifl. Stundenverdienste mit Sonderzahl.
62221;Vj. Index der Tarifverdienste und Arbeitszeiten;JAHR;Jahr;2024;DINSGF;Früheres Bundesgebiet / Neue Länder;DN;Neue Länder;WZ08C7;WZ2008 (ausgewählte Positionen): Tarifindex;WZ08-E;Wasserversorg.,Entsorg.,Beseitig.v.Umweltverschm.;112,8;2020=100;VST073;Index d.tarifl. Monatsverdienste mit Sonderzahl.
62221;Vj. Index der Tarifverdienste und Arbeitszeiten;JAHR;Jahr;2024;DINSGF;Früheres Bundesgebiet / Neue Länder;DN;Neue Länder;WZ08C7;WZ2008 (ausgewählte Positionen): Tarifindex;WZ08-E;Wasserversorg.,Entsorg.,Beseitig.v.Umweltverschm.;39,1;h;VST019;Durchschnittliche tarifliche Wochenarbeitszeit
62221;Vj. Index der Tarifverdienste und Arbeitszeiten;JAHR;Jahr;2024;DINSGF;Früheres Bundesgebiet / Neue Länder;DN;Neue Länder;WZ08C7;WZ2008 (ausgewählte Positionen): Tarifindex;WZ08-E;Wasserversorg.,Entsorg.,Beseitig.v.Umweltverschm.;112,1;2020=100;VST066;Index d.tarifl. Monatsverdienste ohne Sonderzahl.
62221;Vj. Index der Tarifverdienste und Arbeitszeiten;JAHR;Jahr;2024;DINSGF;Früheres Bundesgebiet / Neue Länder;DN;Neue Länder;WZ08C7;WZ2008 (ausgewählte Positionen): Tarifindex;WZ08-E;Wasserversorg.,Entsorg.,Beseitig.v.Umweltverschm.;100,0;2020=100;VST018;Index der tariflichen Wochenarbeitszeit
62221;Vj. Index der Tarifverdienste und Arbeitszeiten;JAHR;Jahr;2024;DINSGF;Früheres Bundesgebiet / Neue Länder;DN;Neue Länder;WZ08C7;WZ2008 (ausgewählte Positionen): Tarifindex;WZ08-E;Wasserversorg.,Entsorg.,Beseitig.v.Umweltverschm.;112,1;2020=100;VST065;Index d.tarifl. Stundenverdienste ohne Sonderzahl.
62221;Vj. Index der Tarifverdienste und Arbeitszeiten;JAHR;Jahr;2025;DINSGF;Früheres Bundesgebiet / Neue Länder;DF;Früheres Bundesgebiet;WZ08C7;WZ2008 (ausgewählte Positionen): Tarifindex;WZ08-59;Film, TV-Programme, Kinos, Tonstudios, Musikverlag;108,8;2020=100;VST072;Index d.tarifl. Stundenverdienste mit Sonderzahl.
62221;Vj. Index der Tarifverdienste und Arbeitszeiten;JAHR;Jahr;2025;DINSGF;Früheres Bundesgebiet / Neue Länder;DF;Früheres Bundesgebiet;WZ08C7;WZ2008 (ausgewählte Positionen): Tarifindex;WZ08-59;Film, TV-Programme, Kinos, Tonstudios, Musikverlag;108,8;2020=100;VST073;Index d.tarifl. Monatsverdienste mit Sonderzahl.
62221;Vj. Index der Tarifverdienste und Arbeitszeiten;JAHR;Jahr;2025;DINSGF;Früheres Bundesgebiet / Neue Länder;DF;Früheres Bundesgebiet;WZ08C7;WZ2008 (ausgewählte Positionen): Tarifindex;WZ08-59;Film, TV-Programme, Kinos, Tonstudios, Musikverlag;39,0;h;VST019;Durchschnittliche tarifliche Wochenarbeitszeit
62221;Vj. Index der Tarifverdienste und Arbeitszeiten;JAHR;Jahr;2025;DINSGF;Früheres Bundesgebiet / Neue Länder;DF;Früheres Bundesgebiet;WZ08C7;WZ2008 (ausgewählte Positionen): Tarifindex;WZ08-59;Film, TV-Programme, Kinos, Tonstudios, Musikverlag;108,8;2020=100;VST066;Index d.tarifl. Monatsverdienste ohne Sonderzahl.
62221;Vj. Index der Tarifverdienste und Arbeitszeiten;JAHR;Jahr;2025;DINSGF;Früheres Bundesgebiet / Neue Länder;DF;Früheres Bundesgebiet;WZ08C7;WZ2008 (ausgewählte Positionen): Tarifindex;WZ08-59;Film, TV-Programme, Kinos, Tonstudios, Musikverlag;100,0;2020=100;VST018;Index der tariflichen Wochenarbeitszeit
62221;Vj. Index der Tarifverdienste und Arbeitszeiten;JAHR;Jahr;2025;DINSGF;Früheres Bundesgebiet / Neue Länder;DF;Früheres Bundesgebiet;WZ08C7;WZ2008 (ausgewählte Positionen): Tarifindex;WZ08-59;Film, TV-Programme, Kinos, Tonstudios, Musikverlag;108,8;2020=100;VST065;Index d.tarifl. Stundenverdienste ohne Sonderzahl.
62221;Vj. Index der Tarifverdienste und Arbeitszeiten;JAHR;Jahr;2016;DINSGF;Früheres Bundesgebiet / Neue Länder;DN;Neue Länder;WZ08C7;WZ2008 (ausgewählte Positionen): Tarifindex;WZ08-66;Mit Finanz- u. Versicherungsdienstl. verb. Tätigk.;93,3;2020=100;VST072;Index d.tarifl. Stundenverdienste mit Sonderzahl.
62221;Vj. Index der Tarifverdienste und Arbeitszeiten;JAHR;Jahr;2016;DINSGF;Früheres Bundesgebiet / Neue Länder;DN;Neue Länder;WZ08C7;WZ2008 (ausgewählte Positionen): Tarifindex;WZ08-66;Mit Finanz- u. Versicherungsdienstl. verb. Tätigk.;93,3;2020=100;VST073;Index d.tarifl. Monatsverdienste mit Sonderzahl.
62221;Vj. Index der Tarifverdienste und Arbeitszeiten;JAHR;Jahr;2016;DINSGF;Früheres Bundesgebiet / Neue Länder;DN;Neue Länder;WZ08C7;WZ2008 (ausgewählte Positionen): Tarifindex;WZ08-66;Mit Finanz- u. Versicherungsdienstl. verb. Tätigk.;38,1;h;VST019;Durchschnittliche tarifliche Wochenarbeitszeit
62221;Vj. Index der Tarifverdienste und Arbeitszeiten;JAHR;Jahr;2016;DINSGF;Früheres Bundesgebiet / Neue Länder;DN;Neue Länder;WZ08C7;WZ2008 (ausgewählte Positionen): Tarifindex;WZ08-66;Mit Finanz- u. Versicherungsdienstl. verb. Tätigk.;93,2;2020=100;VST066;Index d.tarifl. Monatsverdienste ohne Sonderzahl.
62221;Vj. Index der Tarifverdienste und Arbeitszeiten;JAHR;Jahr;2016;DINSGF;Früheres Bundesgebiet / Neue Länder;DN;Neue Länder;WZ08C7;WZ2008 (ausgewählte Positionen): Tarifindex;WZ08-66;Mit Finanz- u. Versicherungsdienstl. verb. Tätigk.;100,0;2020=100;VST018;Index der tariflichen Wochenarbeitszeit
62221;Vj. Index der Tarifverdienste und Arbeitszeiten;JAHR;Jahr;2016;DINSGF;Früheres Bundesgebiet / Neue Länder;DN;Neue Länder;WZ08C7;WZ2008 (ausgewählte Positionen): Tarifindex;WZ08-66;Mit Finanz- u. Versicherungsdienstl. verb. Tätigk.;93,2;2020=100;VST065;Index d.tarifl. Stundenverdienste ohne Sonderzahl.
62221;Vj. Index der Tarifverdienste und Arbeitszeiten;JAHR;Jahr;2025;DINSGF;Früheres Bundesgebiet / Neue Länder;DN;Neue Länder;WZ08C7;WZ2008 (ausgewählte Positionen): Tarifindex;WZ08-13-01;Textil- und Bekleidungsgewerbe;123,1;2020=100;VST072;Index d.tarifl. Stundenverdienste mit Sonderzahl.
62221;Vj. Index der Tarifverdienste und Arbeitszeiten;JAHR;Jahr;2025;DINSGF;Früheres Bundesgebiet / Neue Länder;DN;Neue Länder;WZ08C7;WZ2008 (ausgewählte Positionen): Tarifindex;WZ08-13-01;Textil- und Bekleidungsgewerbe;118,2;2020=100;VST073;Index d.tarifl. Monatsverdienste mit Sonderzahl.
62221;Vj. Index der Tarifverdienste und Arbeitszeiten;JAHR;Jahr;2025;DINSGF;Früheres Bundesgebiet / Neue Länder;DN;Neue Länder;WZ08C7;WZ2008 (ausgewählte Positionen): Tarifindex;WZ08-13-01;Textil- und Bekleidungsgewerbe;38,0;h;VST019;Durchschnittliche tarifliche Wochenarbeitszeit
62221;Vj. Index der Tarifverdienste und Arbeitszeiten;JAHR;Jahr;2025;DINSGF;Früheres Bundesgebiet / Neue Länder;DN;Neue Länder;WZ08C7;WZ2008 (ausgewählte Positionen): Tarifindex;WZ08-13-01;Textil- und Bekleidungsgewerbe;116,6;2020=100;VST066;Index d.tarifl. Monatsverdienste ohne Sonderzahl.
62221;Vj. Index der Tarifverdienste und Arbeitszeiten;JAHR;Jahr;2025;DINSGF;Früheres Bundesgebiet / Neue Länder;DN;Neue Länder;WZ08C7;WZ2008 (ausgewählte Positionen): Tarifindex;WZ08-13-01;Textil- und Bekleidungsgewerbe;96,2;2020=100;VST018;Index der tariflichen Wochenarbeitszeit
62221;Vj. Index der Tarifverdienste und Arbeitszeiten;JAHR;Jahr;2025;DINSGF;Früheres Bundesgebiet / Neue Länder;DN;Neue Länder;WZ08C7;WZ2008 (ausgewählte Positionen): Tarifindex;WZ08-13-01;Textil- und Bekleidungsgewerbe;121,4;2020=100;VST065;Index d.tarifl. Stundenverdienste ohne Sonderzahl.
62221;Vj. Index der Tarifverdienste und Arbeitszeiten;JAHR;Jahr;2024;DINSGF;Früheres Bundesgebiet / Neue Länder;DF;Früheres Bundesgebiet;WZ08C7;WZ2008 (ausgewählte Positionen): Tarifindex;WZ08-60;Rundfunkveranstalter;103,6;2020=100;VST072;Index d.tarifl. Stundenverdienste mit Sonderzahl.
62221;Vj. Index der Tarifverdienste und Arbeitszeiten;JAHR;Jahr;2024;DINSGF;Früheres Bundesgebiet / Neue Länder;DF;Früheres Bundesgebiet;WZ08C7;WZ2008 (ausgewählte Positionen): Tarifindex;WZ08-60;Rundfunkveranstalter;103,6;2020=100;VST073;Index d.tarifl. Monatsverdienste mit Sonderzahl.
62221;Vj. Index der Tarifverdienste und Arbeitszeiten;JAHR;Jahr;2024;DINSGF;Früheres Bundesgebiet / Neue Länder;DF;Früheres Bundesgebiet;WZ08C7;WZ2008 (ausgewählte Positionen): Tarifindex;WZ08-60;Rundfunkveranstalter;38,6;h;VST019;Durchschnittliche tarifliche Wochenarbeitszeit
62221;Vj. Index der Tarifverdienste und Arbeitszeiten;JAHR;Jahr;2024;DINSGF;Früheres Bundesgebiet / Neue Länder;DF;Früheres Bundesgebiet;WZ08C7;WZ2008 (ausgewählte Positionen): Tarifindex;WZ08-60;Rundfunkveranstalter;105,4;2020=100;VST066;Index d.tarifl. Monatsverdienste ohne Sonderzahl.
62221;Vj. Index der Tarifverdienste und Arbeitszeiten;JAHR;Jahr;2024;DINSGF;Früheres Bundesgebiet / Neue Länder;DF;Früheres Bundesgebiet;WZ08C7;WZ2008 (ausgewählte Positionen): Tarifindex;WZ08-60;Rundfunkveranstalter;100,0;2020=100;VST018;Index der tariflichen Wochenarbeitszeit
62221;Vj. Index der Tarifverdienste und Arbeitszeiten;JAHR;Jahr;2024;DINSGF;Früheres Bundesgebiet / Neue Länder;DF;Früheres Bundesgebiet;WZ08C7;WZ2008 (ausgewählte Positionen): Tarifindex;WZ08-60;Rundfunkveranstalter;105,4;2020=100;VST065;Index d.tarifl. Stundenverdienste ohne Sonderzahl.
62221;Vj. Index der Tarifverdienste und Arbeitszeiten;JAHR;Jahr;2019;DINSGF;Früheres Bundesgebiet / Neue Länder;DN;Neue Länder;WZ08C7;WZ2008 (ausgewählte Positionen): Tarifindex;WZ08-80;Wach- und Sicherheitsdienste sowie Detekteien;95,3;2020=100;VST072;Index d.tarifl. Stundenverdienste mit Sonderzahl.
62221;Vj. Index der Tarifverdienste und Arbeitszeiten;JAHR;Jahr;2019;DINSGF;Früheres Bundesgebiet / Neue Länder;DN;Neue Länder;WZ08C7;WZ2008 (ausgewählte Positionen): Tarifindex;WZ08-80;Wach- und Sicherheitsdienste sowie Detekteien;95,3;2020=100;VST073;Index d.tarifl. Monatsverdienste mit Sonderzahl.
62221;Vj. Index der Tarifverdienste und Arbeitszeiten;JAHR;Jahr;2019;DINSGF;Früheres Bundesgebiet / Neue Länder;DN;Neue Länder;WZ08C7;WZ2008 (ausgewählte Positionen): Tarifindex;WZ08-80;Wach- und Sicherheitsdienste sowie Detekteien;40,0;h;VST019;Durchschnittliche tarifliche Wochenarbeitszeit
62221;Vj. Index der Tarifverdienste und Arbeitszeiten;JAHR;Jahr;2019;DINSGF;Früheres Bundesgebiet / Neue Länder;DN;Neue Länder;WZ08C7;WZ2008 (ausgewählte Positionen): Tarifindex;WZ08-80;Wach- und Sicherheitsdienste sowie Detekteien;95,3;2020=100;VST066;Index d.tarifl. Monatsverdienste ohne Sonderzahl.
62221;Vj. Index der Tarifverdienste und Arbeitszeiten;JAHR;Jahr;2019;DINSGF;Früheres Bundesgebiet / Neue Länder;DN;Neue Länder;WZ08C7;WZ2008 (ausgewählte Positionen): Tarifindex;WZ08-80;Wach- und Sicherheitsdienste sowie Detekteien;100,0;2020=100;VST018;Index der tariflichen Wochenarbeitszeit
62221;Vj. Index der Tarifverdienste und Arbeitszeiten;JAHR;Jahr;2019;DINSGF;Früheres Bundesgebiet / Neue Länder;DN;Neue Länder;WZ08C7;WZ2008 (ausgewählte Positionen): Tarifindex;WZ08-80;Wach- und Sicherheitsdienste sowie Detekteien;95,3;2020=100;VST065;Index d.tarifl. Stundenverdienste ohne Sonderzahl.
62221;Vj. Index der Tarifverdienste und Arbeitszeiten;JAHR;Jahr;2022;DINSGF;Früheres Bundesgebiet / Neue Länder;DF;Früheres Bundesgebiet;WZ08C7;WZ2008 (ausgewählte Positionen): Tarifindex;WZ08-S;Erbringung von sonstigen Dienstleistungen;103,1;2020=100;VST072;Index d.tarifl. Stundenverdienste mit Sonderzahl.
62221;Vj. Index der Tarifverdienste und Arbeitszeiten;JAHR;Jahr;2022;DINSGF;Früheres Bundesgebiet / Neue Länder;DF;Früheres Bundesgebiet;WZ08C7;WZ2008 (ausgewählte Positionen): Tarifindex;WZ08-S;Erbringung von sonstigen Dienstleistungen;103,0;2020=100;VST073;Index d.tarifl. Monatsverdienste mit Sonderzahl.
62221;Vj. Index der Tarifverdienste und Arbeitszeiten;JAHR;Jahr;2022;DINSGF;Früheres Bundesgebiet / Neue Länder;DF;Früheres Bundesgebiet;WZ08C7;WZ2008 (ausgewählte Positionen): Tarifindex;WZ08-S;Erbringung von sonstigen Dienstleistungen;39,1;h;VST019;Durchschnittliche tarifliche Wochenarbeitszeit
62221;Vj. Index der Tarifverdienste und Arbeitszeiten;JAHR;Jahr;2022;DINSGF;Früheres Bundesgebiet / Neue Länder;DF;Früheres Bundesgebiet;WZ08C7;WZ2008 (ausgewählte Positionen): Tarifindex;WZ08-S;Erbringung von sonstigen Dienstleistungen;102,7;2020=100;VST066;Index d.tarifl. Monatsverdienste ohne Sonderzahl.
62221;Vj. Index der Tarifverdienste und Arbeitszeiten;JAHR;Jahr;2022;DINSGF;Früheres Bundesgebiet / Neue Länder;DF;Früheres Bundesgebiet;WZ08C7;WZ2008 (ausgewählte Positionen): Tarifindex;WZ08-S;Erbringung von sonstigen Dienstleistungen;100,0;2020=100;VST018;Index der tariflichen Wochenarbeitszeit
62221;Vj. Index der Tarifverdienste und Arbeitszeiten;JAHR;Jahr;2022;DINSGF;Früheres Bundesgebiet / Neue Länder;DF;Früheres Bundesgebiet;WZ08C7;WZ2008 (ausgewählte Positionen): Tarifindex;WZ08-S;Erbringung von sonstigen Dienstleistungen;102,8;2020=100;VST065;Index d.tarifl. Stundenverdienste ohne Sonderzahl.
62221;Vj. Index der Tarifverdienste und Arbeitszeiten;JAHR;Jahr;2023;DINSGF;Früheres Bundesgebiet / Neue Länder;DN;Neue Länder;WZ08C7;WZ2008 (ausgewählte Positionen): Tarifindex;WZ08-06;Gewinnung von Erdöl und Erdgas;109,3;2020=100;VST072;Index d.tarifl. Stundenverdienste mit Sonderzahl.
62221;Vj. Index der Tarifverdienste und Arbeitszeiten;JAHR;Jahr;2023;DINSGF;Früheres Bundesgebiet / Neue Länder;DN;Neue Länder;WZ08C7;WZ2008 (ausgewählte Positionen): Tarifindex;WZ08-06;Gewinnung von Erdöl und Erdgas;109,3;2020=100;VST073;Index d.tarifl. Monatsverdienste mit Sonderzahl.
62221;Vj. Index der Tarifverdienste und Arbeitszeiten;JAHR;Jahr;2023;DINSGF;Früheres Bundesgebiet / Neue Länder;DN;Neue Länder;WZ08C7;WZ2008 (ausgewählte Positionen): Tarifindex;WZ08-06;Gewinnung von Erdöl und Erdgas;38,0;h;VST019;Durchschnittliche tarifliche Wochenarbeitszeit
62221;Vj. Index der Tarifverdienste und Arbeitszeiten;JAHR;Jahr;2023;DINSGF;Früheres Bundesgebiet / Neue Länder;DN;Neue Länder;WZ08C7;WZ2008 (ausgewählte Positionen): Tarifindex;WZ08-06;Gewinnung von Erdöl und Erdgas;108,9;2020=100;VST066;Index d.tarifl. Monatsverdienste ohne Sonderzahl.
62221;Vj. Index der Tarifverdienste und Arbeitszeiten;JAHR;Jahr;2023;DINSGF;Früheres Bundesgebiet / Neue Länder;DN;Neue Länder;WZ08C7;WZ2008 (ausgewählte Positionen): Tarifindex;WZ08-06;Gewinnung von Erdöl und Erdgas;100,0;2020=100;VST018;Index der tariflichen Wochenarbeitszeit
62221;Vj. Index der Tarifverdienste und Arbeitszeiten;JAHR;Jahr;2023;DINSGF;Früheres Bundesgebiet / Neue Länder;DN;Neue Länder;WZ08C7;WZ2008 (ausgewählte Positionen): Tarifindex;WZ08-06;Gewinnung von Erdöl und Erdgas;108,9;2020=100;VST065;Index d.tarifl. Stundenverdienste ohne Sonderzahl.
62221;Vj. Index der Tarifverdienste und Arbeitszeiten;JAHR;Jahr;2023;DINSGF;Früheres Bundesgebiet / Neue Länder;DN;Neue Länder;WZ08C7;WZ2008 (ausgewählte Positionen): Tarifindex;WZ-X001;Vorleistungsgüterproduzenten;109,7;2020=100;VST072;Index d.tarifl. Stundenverdienste mit Sonderzahl.
62221;Vj. Index der Tarifverdienste und Arbeitszeiten;JAHR;Jahr;2023;DINSGF;Früheres Bundesgebiet / Neue Länder;DN;Neue Länder;WZ08C7;WZ2008 (ausgewählte Positionen): Tarifindex;WZ-X001;Vorleistungsgüterproduzenten;108,9;2020=100;VST073;Index d.tarifl. Monatsverdienste mit Sonderzahl.
62221;Vj. Index der Tarifverdienste und Arbeitszeiten;JAHR;Jahr;2023;DINSGF;Früheres Bundesgebiet / Neue Länder;DN;Neue Länder;WZ08C7;WZ2008 (ausgewählte Positionen): Tarifindex;WZ-X001;Vorleistungsgüterproduzenten;38,1;h;VST019;Durchschnittliche tarifliche Wochenarbeitszeit
62221;Vj. Index der Tarifverdienste und Arbeitszeiten;JAHR;Jahr;2023;DINSGF;Früheres Bundesgebiet / Neue Länder;DN;Neue Länder;WZ08C7;WZ2008 (ausgewählte Positionen): Tarifindex;WZ-X001;Vorleistungsgüterproduzenten;105,9;2020=100;VST066;Index d.tarifl. Monatsverdienste ohne Sonderzahl.
62221;Vj. Index der Tarifverdienste und Arbeitszeiten;JAHR;Jahr;2023;DINSGF;Früheres Bundesgebiet / Neue Länder;DN;Neue Länder;WZ08C7;WZ2008 (ausgewählte Positionen): Tarifindex;WZ-X001;Vorleistungsgüterproduzenten;99,4;2020=100;VST018;Index der tariflichen Wochenarbeitszeit
62221;Vj. Index der Tarifverdienste und Arbeitszeiten;JAHR;Jahr;2023;DINSGF;Früheres Bundesgebiet / Neue Länder;DN;Neue Länder;WZ08C7;WZ2008 (ausgewählte Positionen): Tarifindex;WZ-X001;Vorleistungsgüterproduzenten;106,7;2020=100;VST065;Index d.tarifl. Stundenverdienste ohne Sonderzahl.
62221;Vj. Index der Tarifverdienste und Arbeitszeiten;JAHR;Jahr;2025;DINSGF;Früheres Bundesgebiet / Neue Länder;DF;Früheres Bundesgebiet;WZ08C7;WZ2008 (ausgewählte Positionen): Tarifindex;WZ08-78;Vermittlung und Überlassung von Arbeitskräften;134,0;2020=100;VST072;Index d.tarifl. Stundenverdienste mit Sonderzahl.
62221;Vj. Index der Tarifverdienste und Arbeitszeiten;JAHR;Jahr;2025;DINSGF;Früheres Bundesgebiet / Neue Länder;DF;Früheres Bundesgebiet;WZ08C7;WZ2008 (ausgewählte Positionen): Tarifindex;WZ08-78;Vermittlung und Überlassung von Arbeitskräften;133,9;2020=100;VST073;Index d.tarifl. Monatsverdienste mit Sonderzahl.
62221;Vj. Index der Tarifverdienste und Arbeitszeiten;JAHR;Jahr;2025;DINSGF;Früheres Bundesgebiet / Neue Länder;DF;Früheres Bundesgebiet;WZ08C7;WZ2008 (ausgewählte Positionen): Tarifindex;WZ08-78;Vermittlung und Überlassung von Arbeitskräften;35,1;h;VST019;Durchschnittliche tarifliche Wochenarbeitszeit
62221;Vj. Index der Tarifverdienste und Arbeitszeiten;JAHR;Jahr;2025;DINSGF;Früheres Bundesgebiet / Neue Länder;DF;Früheres Bundesgebiet;WZ08C7;WZ2008 (ausgewählte Positionen): Tarifindex;WZ08-78;Vermittlung und Überlassung von Arbeitskräften;134,0;2020=100;VST066;Index d.tarifl. Monatsverdienste ohne Sonderzahl.
62221;Vj. Index der Tarifverdienste und Arbeitszeiten;JAHR;Jahr;2025;DINSGF;Früheres Bundesgebiet / Neue Länder;DF;Früheres Bundesgebiet;WZ08C7;WZ2008 (ausgewählte Positionen): Tarifindex;WZ08-78;Vermittlung und Überlassung von Arbeitskräften;100,0;2020=100;VST018;Index der tariflichen Wochenarbeitszeit
62221;Vj. Index der Tarifverdienste und Arbeitszeiten;JAHR;Jahr;2025;DINSGF;Früheres Bundesgebiet / Neue Länder;DF;Früheres Bundesgebiet;WZ08C7;WZ2008 (ausgewählte Positionen): Tarifindex;WZ08-78;Vermittlung und Überlassung von Arbeitskräften;134,0;2020=100;VST065;Index d.tarifl. Stundenverdienste ohne Sonderzahl.
62221;Vj. Index der Tarifverdienste und Arbeitszeiten;JAHR;Jahr;2017;DINSGF;Früheres Bundesgebiet / Neue Länder;DN;Neue Länder;WZ08C7;WZ2008 (ausgewählte Positionen): Tarifindex;WZ08-90;Kreative,künstlerische u.unterhaltende Tätigkeiten;91,9;2020=100;VST072;Index d.tarifl. Stundenverdienste mit Sonderzahl.
62221;Vj. Index der Tarifverdienste und Arbeitszeiten;JAHR;Jahr;2017;DINSGF;Früheres Bundesgebiet / Neue Länder;DN;Neue Länder;WZ08C7;WZ2008 (ausgewählte Positionen): Tarifindex;WZ08-90;Kreative,künstlerische u.unterhaltende Tätigkeiten;91,9;2020=100;VST073;Index d.tarifl. Monatsverdienste mit Sonderzahl.
62221;Vj. Index der Tarifverdienste und Arbeitszeiten;JAHR;Jahr;2017;DINSGF;Früheres Bundesgebiet / Neue Länder;DN;Neue Länder;WZ08C7;WZ2008 (ausgewählte Positionen): Tarifindex;WZ08-90;Kreative,künstlerische u.unterhaltende Tätigkeiten;39,0;h;VST019;Durchschnittliche tarifliche Wochenarbeitszeit
62221;Vj. Index der Tarifverdienste und Arbeitszeiten;JAHR;Jahr;2017;DINSGF;Früheres Bundesgebiet / Neue Länder;DN;Neue Länder;WZ08C7;WZ2008 (ausgewählte Positionen): Tarifindex;WZ08-90;Kreative,künstlerische u.unterhaltende Tätigkeiten;91,6;2020=100;VST066;Index d.tarifl. Monatsverdienste ohne Sonderzahl.
62221;Vj. Index der Tarifverdienste und Arbeitszeiten;JAHR;Jahr;2017;DINSGF;Früheres Bundesgebiet / Neue Länder;DN;Neue Länder;WZ08C7;WZ2008 (ausgewählte Positionen): Tarifindex;WZ08-90;Kreative,künstlerische u.unterhaltende Tätigkeiten;100,0;2020=100;VST018;Index der tariflichen Wochenarbeitszeit
62221;Vj. Index der Tarifverdienste und Arbeitszeiten;JAHR;Jahr;2017;DINSGF;Früheres Bundesgebiet / Neue Länder;DN;Neue Länder;WZ08C7;WZ2008 (ausgewählte Positionen): Tarifindex;WZ08-90;Kreative,künstlerische u.unterhaltende Tätigkeiten;91,6;2020=100;VST065;Index d.tarifl. Stundenverdienste ohne Sonderzahl.
62221;Vj. Index der Tarifverdienste und Arbeitszeiten;JAHR;Jahr;2018;DINSGF;Früheres Bundesgebiet / Neue Länder;DF;Früheres Bundesgebiet;WZ08C7;WZ2008 (ausgewählte Positionen): Tarifindex;WZ08-38-01;Recycling, Beseitigung von Umweltverschmutzungen;94,7;2020=100;VST072;Index d.tarifl. Stundenverdienste mit Sonderzahl.
62221;Vj. Index der Tarifverdienste und Arbeitszeiten;JAHR;Jahr;2018;DINSGF;Früheres Bundesgebiet / Neue Länder;DF;Früheres Bundesgebiet;WZ08C7;WZ2008 (ausgewählte Positionen): Tarifindex;WZ08-38-01;Recycling, Beseitigung von Umweltverschmutzungen;94,8;2020=100;VST073;Index d.tarifl. Monatsverdienste mit Sonderzahl.
62221;Vj. Index der Tarifverdienste und Arbeitszeiten;JAHR;Jahr;2018;DINSGF;Früheres Bundesgebiet / Neue Länder;DF;Früheres Bundesgebiet;WZ08C7;WZ2008 (ausgewählte Positionen): Tarifindex;WZ08-38-01;Recycling, Beseitigung von Umweltverschmutzungen;39,0;h;VST019;Durchschnittliche tarifliche Wochenarbeitszeit
62221;Vj. Index der Tarifverdienste und Arbeitszeiten;JAHR;Jahr;2018;DINSGF;Früheres Bundesgebiet / Neue Länder;DF;Früheres Bundesgebiet;WZ08C7;WZ2008 (ausgewählte Positionen): Tarifindex;WZ08-38-01;Recycling, Beseitigung von Umweltverschmutzungen;94,3;2020=100;VST066;Index d.tarifl. Monatsverdienste ohne Sonderzahl.
62221;Vj. Index der Tarifverdienste und Arbeitszeiten;JAHR;Jahr;2018;DINSGF;Früheres Bundesgebiet / Neue Länder;DF;Früheres Bundesgebiet;WZ08C7;WZ2008 (ausgewählte Positionen): Tarifindex;WZ08-38-01;Recycling, Beseitigung von Umweltverschmutzungen;100,0;2020=100;VST018;Index der tariflichen Wochenarbeitszeit
62221;Vj. Index der Tarifverdienste und Arbeitszeiten;JAHR;Jahr;2018;DINSGF;Früheres Bundesgebiet / Neue Länder;DF;Früheres Bundesgebiet;WZ08C7;WZ2008 (ausgewählte Positionen): Tarifindex;WZ08-38-01;Recycling, Beseitigung von Umweltverschmutzungen;94,3;2020=100;VST065;Index d.tarifl. Stundenverdienste ohne Sonderzahl.
62221;Vj. Index der Tarifverdienste und Arbeitszeiten;JAHR;Jahr;2018;DINSGF;Früheres Bundesgebiet / Neue Länder;DN;Neue Länder;WZ08C7;WZ2008 (ausgewählte Positionen): Tarifindex;WZ08-L;Grundstücks- und Wohnungswesen;95,3;2020=100;VST072;Index d.tarifl. Stundenverdienste mit Sonderzahl.
62221;Vj. Index der Tarifverdienste und Arbeitszeiten;JAHR;Jahr;2018;DINSGF;Früheres Bundesgebiet / Neue Länder;DN;Neue Länder;WZ08C7;WZ2008 (ausgewählte Positionen): Tarifindex;WZ08-L;Grundstücks- und Wohnungswesen;95,3;2020=100;VST073;Index d.tarifl. Monatsverdienste mit Sonderzahl.
62221;Vj. Index der Tarifverdienste und Arbeitszeiten;JAHR;Jahr;2018;DINSGF;Früheres Bundesgebiet / Neue Länder;DN;Neue Länder;WZ08C7;WZ2008 (ausgewählte Positionen): Tarifindex;WZ08-L;Grundstücks- und Wohnungswesen;37,2;h;VST019;Durchschnittliche tarifliche Wochenarbeitszeit
62221;Vj. Index der Tarifverdienste und Arbeitszeiten;JAHR;Jahr;2018;DINSGF;Früheres Bundesgebiet / Neue Länder;DN;Neue Länder;WZ08C7;WZ2008 (ausgewählte Positionen): Tarifindex;WZ08-L;Grundstücks- und Wohnungswesen;96,1;2020=100;VST066;Index d.tarifl. Monatsverdienste ohne Sonderzahl.
62221;Vj. Index der Tarifverdienste und Arbeitszeiten;JAHR;Jahr;2018;DINSGF;Früheres Bundesgebiet / Neue Länder;DN;Neue Länder;WZ08C7;WZ2008 (ausgewählte Positionen): Tarifindex;WZ08-L;Grundstücks- und Wohnungswesen;100,0;2020=100;VST018;Index der tariflichen Wochenarbeitszeit
62221;Vj. Index der Tarifverdienste und Arbeitszeiten;JAHR;Jahr;2018;DINSGF;Früheres Bundesgebiet / Neue Länder;DN;Neue Länder;WZ08C7;WZ2008 (ausgewählte Positionen): Tarifindex;WZ08-L;Grundstücks- und Wohnungswesen;96,1;2020=100;VST065;Index d.tarifl. Stundenverdienste ohne Sonderzahl.
62221;Vj. Index der Tarifverdienste und Arbeitszeiten;JAHR;Jahr;2022;DINSGF;Früheres Bundesgebiet / Neue Länder;DN;Neue Länder;WZ08C7;WZ2008 (ausgewählte Positionen): Tarifindex;WZ08-22;Herstellung von Gummi- und Kunststoffwaren;104,3;2020=100;VST072;Index d.tarifl. Stundenverdienste mit Sonderzahl.
62221;Vj. Index der Tarifverdienste und Arbeitszeiten;JAHR;Jahr;2022;DINSGF;Früheres Bundesgebiet / Neue Länder;DN;Neue Länder;WZ08C7;WZ2008 (ausgewählte Positionen): Tarifindex;WZ08-22;Herstellung von Gummi- und Kunststoffwaren;102,9;2020=100;VST073;Index d.tarifl. Monatsverdienste mit Sonderzahl.
62221;Vj. Index der Tarifverdienste und Arbeitszeiten;JAHR;Jahr;2022;DINSGF;Früheres Bundesgebiet / Neue Länder;DN;Neue Länder;WZ08C7;WZ2008 (ausgewählte Positionen): Tarifindex;WZ08-22;Herstellung von Gummi- und Kunststoffwaren;38,9;h;VST019;Durchschnittliche tarifliche Wochenarbeitszeit
62221;Vj. Index der Tarifverdienste und Arbeitszeiten;JAHR;Jahr;2022;DINSGF;Früheres Bundesgebiet / Neue Länder;DN;Neue Länder;WZ08C7;WZ2008 (ausgewählte Positionen): Tarifindex;WZ08-22;Herstellung von Gummi- und Kunststoffwaren;102,8;2020=100;VST066;Index d.tarifl. Monatsverdienste ohne Sonderzahl.
62221;Vj. Index der Tarifverdienste und Arbeitszeiten;JAHR;Jahr;2022;DINSGF;Früheres Bundesgebiet / Neue Länder;DN;Neue Länder;WZ08C7;WZ2008 (ausgewählte Positionen): Tarifindex;WZ08-22;Herstellung von Gummi- und Kunststoffwaren;98,8;2020=100;VST018;Index der tariflichen Wochenarbeitszeit
62221;Vj. Index der Tarifverdienste und Arbeitszeiten;JAHR;Jahr;2022;DINSGF;Früheres Bundesgebiet / Neue Länder;DN;Neue Länder;WZ08C7;WZ2008 (ausgewählte Positionen): Tarifindex;WZ08-22;Herstellung von Gummi- und Kunststoffwaren;104,2;2020=100;VST065;Index d.tarifl. Stundenverdienste ohne Sonderzahl.
62221;Vj. Index der Tarifverdienste und Arbeitszeiten;JAHR;Jahr;2025;DINSGF;Früheres Bundesgebiet / Neue Länder;DN;Neue Länder;WZ08C7;WZ2008 (ausgewählte Positionen): Tarifindex;WZ08-G;Handel, Instandhaltung und Reparatur von Kfz;117,2;2020=100;VST072;Index d.tarifl. Stundenverdienste mit Sonderzahl.
62221;Vj. Index der Tarifverdienste und Arbeitszeiten;JAHR;Jahr;2025;DINSGF;Früheres Bundesgebiet / Neue Länder;DN;Neue Länder;WZ08C7;WZ2008 (ausgewählte Positionen): Tarifindex;WZ08-G;Handel, Instandhaltung und Reparatur von Kfz;116,9;2020=100;VST073;Index d.tarifl. Monatsverdienste mit Sonderzahl.
62221;Vj. Index der Tarifverdienste und Arbeitszeiten;JAHR;Jahr;2025;DINSGF;Früheres Bundesgebiet / Neue Länder;DN;Neue Länder;WZ08C7;WZ2008 (ausgewählte Positionen): Tarifindex;WZ08-G;Handel, Instandhaltung und Reparatur von Kfz;38,1;h;VST019;Durchschnittliche tarifliche Wochenarbeitszeit
62221;Vj. Index der Tarifverdienste und Arbeitszeiten;JAHR;Jahr;2025;DINSGF;Früheres Bundesgebiet / Neue Länder;DN;Neue Länder;WZ08C7;WZ2008 (ausgewählte Positionen): Tarifindex;WZ08-G;Handel, Instandhaltung und Reparatur von Kfz;116,7;2020=100;VST066;Index d.tarifl. Monatsverdienste ohne Sonderzahl.
62221;Vj. Index der Tarifverdienste und Arbeitszeiten;JAHR;Jahr;2025;DINSGF;Früheres Bundesgebiet / Neue Länder;DN;Neue Länder;WZ08C7;WZ2008 (ausgewählte Positionen): Tarifindex;WZ08-G;Handel, Instandhaltung und Reparatur von Kfz;99,7;2020=100;VST018;Index der tariflichen Wochenarbeitszeit
62221;Vj. Index der Tarifverdienste und Arbeitszeiten;JAHR;Jahr;2025;DINSGF;Früheres Bundesgebiet / Neue Länder;DN;Neue Länder;WZ08C7;WZ2008 (ausgewählte Positionen): Tarifindex;WZ08-G;Handel, Instandhaltung und Reparatur von Kfz;117,1;2020=100;VST065;Index d.tarifl. Stundenverdienste ohne Sonderzahl.
62221;Vj. Index der Tarifverdienste und Arbeitszeiten;JAHR;Jahr;2019;DINSGF;Früheres Bundesgebiet / Neue Länder;DN;Neue Länder;WZ08C7;WZ2008 (ausgewählte Positionen): Tarifindex;WZ08-62;Dienstleistungen der Informationstechnologie;97,6;2020=100;VST072;Index d.tarifl. Stundenverdienste mit Sonderzahl.
62221;Vj. Index der Tarifverdienste und Arbeitszeiten;JAHR;Jahr;2019;DINSGF;Früheres Bundesgebiet / Neue Länder;DN;Neue Länder;WZ08C7;WZ2008 (ausgewählte Positionen): Tarifindex;WZ08-62;Dienstleistungen der Informationstechnologie;97,6;2020=100;VST073;Index d.tarifl. Monatsverdienste mit Sonderzahl.
62221;Vj. Index der Tarifverdienste und Arbeitszeiten;JAHR;Jahr;2019;DINSGF;Früheres Bundesgebiet / Neue Länder;DN;Neue Länder;WZ08C7;WZ2008 (ausgewählte Positionen): Tarifindex;WZ08-62;Dienstleistungen der Informationstechnologie;38,6;h;VST019;Durchschnittliche tarifliche Wochenarbeitszeit
62221;Vj. Index der Tarifverdienste und Arbeitszeiten;JAHR;Jahr;2019;DINSGF;Früheres Bundesgebiet / Neue Länder;DN;Neue Länder;WZ08C7;WZ2008 (ausgewählte Positionen): Tarifindex;WZ08-62;Dienstleistungen der Informationstechnologie;97,8;2020=100;VST066;Index d.tarifl. Monatsverdienste ohne Sonderzahl.
62221;Vj. Index der Tarifverdienste und Arbeitszeiten;JAHR;Jahr;2019;DINSGF;Früheres Bundesgebiet / Neue Länder;DN;Neue Länder;WZ08C7;WZ2008 (ausgewählte Positionen): Tarifindex;WZ08-62;Dienstleistungen der Informationstechnologie;100,0;2020=100;VST018;Index der tariflichen Wochenarbeitszeit
62221;Vj. Index der Tarifverdienste und Arbeitszeiten;JAHR;Jahr;2019;DINSGF;Früheres Bundesgebiet / Neue Länder;DN;Neue Länder;WZ08C7;WZ2008 (ausgewählte Positionen): Tarifindex;WZ08-62;Dienstleistungen der Informationstechnologie;97,7;2020=100;VST065;Index d.tarifl. Stundenverdienste ohne Sonderzahl.
62221;Vj. Index der Tarifverdienste und Arbeitszeiten;JAHR;Jahr;2025;DINSGF;Früheres Bundesgebiet / Neue Länder;DN;Neue Länder;WZ08C7;WZ2008 (ausgewählte Positionen): Tarifindex;WZ08-51;Luftfahrt;118,1;2020=100;VST072;Index d.tarifl. Stundenverdienste mit Sonderzahl.
62221;Vj. Index der Tarifverdienste und Arbeitszeiten;JAHR;Jahr;2025;DINSGF;Früheres Bundesgebiet / Neue Länder;DN;Neue Länder;WZ08C7;WZ2008 (ausgewählte Positionen): Tarifindex;WZ08-51;Luftfahrt;118,1;2020=100;VST073;Index d.tarifl. Monatsverdienste mit Sonderzahl.
62221;Vj. Index der Tarifverdienste und Arbeitszeiten;JAHR;Jahr;2025;DINSGF;Früheres Bundesgebiet / Neue Länder;DN;Neue Länder;WZ08C7;WZ2008 (ausgewählte Positionen): Tarifindex;WZ08-51;Luftfahrt;39,8;h;VST019;Durchschnittliche tarifliche Wochenarbeitszeit
62221;Vj. Index der Tarifverdienste und Arbeitszeiten;JAHR;Jahr;2025;DINSGF;Früheres Bundesgebiet / Neue Länder;DN;Neue Länder;WZ08C7;WZ2008 (ausgewählte Positionen): Tarifindex;WZ08-51;Luftfahrt;118,1;2020=100;VST066;Index d.tarifl. Monatsverdienste ohne Sonderzahl.
62221;Vj. Index der Tarifverdienste und Arbeitszeiten;JAHR;Jahr;2025;DINSGF;Früheres Bundesgebiet / Neue Länder;DN;Neue Länder;WZ08C7;WZ2008 (ausgewählte Positionen): Tarifindex;WZ08-51;Luftfahrt;100,0;2020=100;VST018;Index der tariflichen Wochenarbeitszeit
62221;Vj. Index der Tarifverdienste und Arbeitszeiten;JAHR;Jahr;2025;DINSGF;Früheres Bundesgebiet / Neue Länder;DN;Neue Länder;WZ08C7;WZ2008 (ausgewählte Positionen): Tarifindex;WZ08-51;Luftfahrt;118,2;2020=100;VST065;Index d.tarifl. Stundenverdienste ohne Sonderzahl.
62221;Vj. Index der Tarifverdienste und Arbeitszeiten;JAHR;Jahr;2021;DINSGF;Früheres Bundesgebiet / Neue Länder;DF;Früheres Bundesgebiet;WZ08C7;WZ2008 (ausgewählte Positionen): Tarifindex;WZ08-30;Sonstiger Fahrzeugbau;100,8;2020=100;VST072;Index d.tarifl. Stundenverdienste mit Sonderzahl.
62221;Vj. Index der Tarifverdienste und Arbeitszeiten;JAHR;Jahr;2021;DINSGF;Früheres Bundesgebiet / Neue Länder;DF;Früheres Bundesgebiet;WZ08C7;WZ2008 (ausgewählte Positionen): Tarifindex;WZ08-30;Sonstiger Fahrzeugbau;100,8;2020=100;VST073;Index d.tarifl. Monatsverdienste mit Sonderzahl.
62221;Vj. Index der Tarifverdienste und Arbeitszeiten;JAHR;Jahr;2021;DINSGF;Früheres Bundesgebiet / Neue Länder;DF;Früheres Bundesgebiet;WZ08C7;WZ2008 (ausgewählte Positionen): Tarifindex;WZ08-30;Sonstiger Fahrzeugbau;35,1;h;VST019;Durchschnittliche tarifliche Wochenarbeitszeit
62221;Vj. Index der Tarifverdienste und Arbeitszeiten;JAHR;Jahr;2021;DINSGF;Früheres Bundesgebiet / Neue Länder;DF;Früheres Bundesgebiet;WZ08C7;WZ2008 (ausgewählte Positionen): Tarifindex;WZ08-30;Sonstiger Fahrzeugbau;100,0;2020=100;VST066;Index d.tarifl. Monatsverdienste ohne Sonderzahl.
62221;Vj. Index der Tarifverdienste und Arbeitszeiten;JAHR;Jahr;2021;DINSGF;Früheres Bundesgebiet / Neue Länder;DF;Früheres Bundesgebiet;WZ08C7;WZ2008 (ausgewählte Positionen): Tarifindex;WZ08-30;Sonstiger Fahrzeugbau;100,0;2020=100;VST018;Index der tariflichen Wochenarbeitszeit
62221;Vj. Index der Tarifverdienste und Arbeitszeiten;JAHR;Jahr;2021;DINSGF;Früheres Bundesgebiet / Neue Länder;DF;Früheres Bundesgebiet;WZ08C7;WZ2008 (ausgewählte Positionen): Tarifindex;WZ08-30;Sonstiger Fahrzeugbau;100,0;2020=100;VST065;Index d.tarifl. Stundenverdienste ohne Sonderzahl.
62221;Vj. Index der Tarifverdienste und Arbeitszeiten;JAHR;Jahr;2024;DINSGF;Früheres Bundesgebiet / Neue Länder;DN;Neue Länder;WZ08C7;WZ2008 (ausgewählte Positionen): Tarifindex;WZ08-G-02;Dienstleistungsbereich;112,8;2020=100;VST072;Index d.tarifl. Stundenverdienste mit Sonderzahl.
62221;Vj. Index der Tarifverdienste und Arbeitszeiten;JAHR;Jahr;2024;DINSGF;Früheres Bundesgebiet / Neue Länder;DN;Neue Länder;WZ08C7;WZ2008 (ausgewählte Positionen): Tarifindex;WZ08-G-02;Dienstleistungsbereich;112,7;2020=100;VST073;Index d.tarifl. Monatsverdienste mit Sonderzahl.
62221;Vj. Index der Tarifverdienste und Arbeitszeiten;JAHR;Jahr;2024;DINSGF;Früheres Bundesgebiet / Neue Länder;DN;Neue Länder;WZ08C7;WZ2008 (ausgewählte Positionen): Tarifindex;WZ08-G-02;Dienstleistungsbereich;39,2;h;VST019;Durchschnittliche tarifliche Wochenarbeitszeit
62221;Vj. Index der Tarifverdienste und Arbeitszeiten;JAHR;Jahr;2024;DINSGF;Früheres Bundesgebiet / Neue Länder;DN;Neue Länder;WZ08C7;WZ2008 (ausgewählte Positionen): Tarifindex;WZ08-G-02;Dienstleistungsbereich;110,4;2020=100;VST066;Index d.tarifl. Monatsverdienste ohne Sonderzahl.
62221;Vj. Index der Tarifverdienste und Arbeitszeiten;JAHR;Jahr;2024;DINSGF;Früheres Bundesgebiet / Neue Länder;DN;Neue Länder;WZ08C7;WZ2008 (ausgewählte Positionen): Tarifindex;WZ08-G-02;Dienstleistungsbereich;99,9;2020=100;VST018;Index der tariflichen Wochenarbeitszeit
62221;Vj. Index der Tarifverdienste und Arbeitszeiten;JAHR;Jahr;2024;DINSGF;Früheres Bundesgebiet / Neue Länder;DN;Neue Länder;WZ08C7;WZ2008 (ausgewählte Positionen): Tarifindex;WZ08-G-02;Dienstleistungsbereich;110,5;2020=100;VST065;Index d.tarifl. Stundenverdienste ohne Sonderzahl.
62221;Vj. Index der Tarifverdienste und Arbeitszeiten;JAHR;Jahr;2025;DINSGF;Früheres Bundesgebiet / Neue Länder;DN;Neue Länder;WZ08C7;WZ2008 (ausgewählte Positionen): Tarifindex;WZ08-S;Erbringung von sonstigen Dienstleistungen;118,0;2020=100;VST072;Index d.tarifl. Stundenverdienste mit Sonderzahl.
62221;Vj. Index der Tarifverdienste und Arbeitszeiten;JAHR;Jahr;2025;DINSGF;Früheres Bundesgebiet / Neue Länder;DN;Neue Länder;WZ08C7;WZ2008 (ausgewählte Positionen): Tarifindex;WZ08-S;Erbringung von sonstigen Dienstleistungen;117,1;2020=100;VST073;Index d.tarifl. Monatsverdienste mit Sonderzahl.
62221;Vj. Index der Tarifverdienste und Arbeitszeiten;JAHR;Jahr;2025;DINSGF;Früheres Bundesgebiet / Neue Länder;DN;Neue Länder;WZ08C7;WZ2008 (ausgewählte Positionen): Tarifindex;WZ08-S;Erbringung von sonstigen Dienstleistungen;39,3;h;VST019;Durchschnittliche tarifliche Wochenarbeitszeit
62221;Vj. Index der Tarifverdienste und Arbeitszeiten;JAHR;Jahr;2025;DINSGF;Früheres Bundesgebiet / Neue Länder;DN;Neue Länder;WZ08C7;WZ2008 (ausgewählte Positionen): Tarifindex;WZ08-S;Erbringung von sonstigen Dienstleistungen;116,3;2020=100;VST066;Index d.tarifl. Monatsverdienste ohne Sonderzahl.
62221;Vj. Index der Tarifverdienste und Arbeitszeiten;JAHR;Jahr;2025;DINSGF;Früheres Bundesgebiet / Neue Länder;DN;Neue Länder;WZ08C7;WZ2008 (ausgewählte Positionen): Tarifindex;WZ08-S;Erbringung von sonstigen Dienstleistungen;99,2;2020=100;VST018;Index der tariflichen Wochenarbeitszeit
62221;Vj. Index der Tarifverdienste und Arbeitszeiten;JAHR;Jahr;2025;DINSGF;Früheres Bundesgebiet / Neue Länder;DN;Neue Länder;WZ08C7;WZ2008 (ausgewählte Positionen): Tarifindex;WZ08-S;Erbringung von sonstigen Dienstleistungen;117,1;2020=100;VST065;Index d.tarifl. Stundenverdienste ohne Sonderzahl.
62221;Vj. Index der Tarifverdienste und Arbeitszeiten;JAHR;Jahr;2020;DINSGF;Früheres Bundesgebiet / Neue Länder;DN;Neue Länder;WZ08C7;WZ2008 (ausgewählte Positionen): Tarifindex;WZ08-B-14;Kohlenbergbau, Gewinnung von Erdöl und Erdgas;100,0;2020=100;VST072;Index d.tarifl. Stundenverdienste mit Sonderzahl.
62221;Vj. Index der Tarifverdienste und Arbeitszeiten;JAHR;Jahr;2020;DINSGF;Früheres Bundesgebiet / Neue Länder;DN;Neue Länder;WZ08C7;WZ2008 (ausgewählte Positionen): Tarifindex;WZ08-B-14;Kohlenbergbau, Gewinnung von Erdöl und Erdgas;100,0;2020=100;VST073;Index d.tarifl. Monatsverdienste mit Sonderzahl.
62221;Vj. Index der Tarifverdienste und Arbeitszeiten;JAHR;Jahr;2020;DINSGF;Früheres Bundesgebiet / Neue Länder;DN;Neue Länder;WZ08C7;WZ2008 (ausgewählte Positionen): Tarifindex;WZ08-B-14;Kohlenbergbau, Gewinnung von Erdöl und Erdgas;37,0;h;VST019;Durchschnittliche tarifliche Wochenarbeitszeit
62221;Vj. Index der Tarifverdienste und Arbeitszeiten;JAHR;Jahr;2020;DINSGF;Früheres Bundesgebiet / Neue Länder;DN;Neue Länder;WZ08C7;WZ2008 (ausgewählte Positionen): Tarifindex;WZ08-B-14;Kohlenbergbau, Gewinnung von Erdöl und Erdgas;100,0;2020=100;VST066;Index d.tarifl. Monatsverdienste ohne Sonderzahl.
62221;Vj. Index der Tarifverdienste und Arbeitszeiten;JAHR;Jahr;2020;DINSGF;Früheres Bundesgebiet / Neue Länder;DN;Neue Länder;WZ08C7;WZ2008 (ausgewählte Positionen): Tarifindex;WZ08-B-14;Kohlenbergbau, Gewinnung von Erdöl und Erdgas;100,0;2020=100;VST018;Index der tariflichen Wochenarbeitszeit
62221;Vj. Index der Tarifverdienste und Arbeitszeiten;JAHR;Jahr;2020;DINSGF;Früheres Bundesgebiet / Neue Länder;DN;Neue Länder;WZ08C7;WZ2008 (ausgewählte Positionen): Tarifindex;WZ08-B-14;Kohlenbergbau, Gewinnung von Erdöl und Erdgas;100,0;2020=100;VST065;Index d.tarifl. Stundenverdienste ohne Sonderzahl.
62221;Vj. Index der Tarifverdienste und Arbeitszeiten;JAHR;Jahr;2018;DINSGF;Früheres Bundesgebiet / Neue Länder;DN;Neue Länder;WZ08C7;WZ2008 (ausgewählte Positionen): Tarifindex;WZ08-74;Sonst. freiberufl.,wissenschaftl. u. techn.Tätigk.;94,4;2020=100;VST072;Index d.tarifl. Stundenverdienste mit Sonderzahl.
62221;Vj. Index der Tarifverdienste und Arbeitszeiten;JAHR;Jahr;2018;DINSGF;Früheres Bundesgebiet / Neue Länder;DN;Neue Länder;WZ08C7;WZ2008 (ausgewählte Positionen): Tarifindex;WZ08-74;Sonst. freiberufl.,wissenschaftl. u. techn.Tätigk.;94,4;2020=100;VST073;Index d.tarifl. Monatsverdienste mit Sonderzahl.
62221;Vj. Index der Tarifverdienste und Arbeitszeiten;JAHR;Jahr;2018;DINSGF;Früheres Bundesgebiet / Neue Länder;DN;Neue Länder;WZ08C7;WZ2008 (ausgewählte Positionen): Tarifindex;WZ08-74;Sonst. freiberufl.,wissenschaftl. u. techn.Tätigk.;39,6;h;VST019;Durchschnittliche tarifliche Wochenarbeitszeit
62221;Vj. Index der Tarifverdienste und Arbeitszeiten;JAHR;Jahr;2018;DINSGF;Früheres Bundesgebiet / Neue Länder;DN;Neue Länder;WZ08C7;WZ2008 (ausgewählte Positionen): Tarifindex;WZ08-74;Sonst. freiberufl.,wissenschaftl. u. techn.Tätigk.;93,8;2020=100;VST066;Index d.tarifl. Monatsverdienste ohne Sonderzahl.
62221;Vj. Index der Tarifverdienste und Arbeitszeiten;JAHR;Jahr;2018;DINSGF;Früheres Bundesgebiet / Neue Länder;DN;Neue Länder;WZ08C7;WZ2008 (ausgewählte Positionen): Tarifindex;WZ08-74;Sonst. freiberufl.,wissenschaftl. u. techn.Tätigk.;100,0;2020=100;VST018;Index der tariflichen Wochenarbeitszeit
62221;Vj. Index der Tarifverdienste und Arbeitszeiten;JAHR;Jahr;2018;DINSGF;Früheres Bundesgebiet / Neue Länder;DN;Neue Länder;WZ08C7;WZ2008 (ausgewählte Positionen): Tarifindex;WZ08-74;Sonst. freiberufl.,wissenschaftl. u. techn.Tätigk.;93,8;2020=100;VST065;Index d.tarifl. Stundenverdienste ohne Sonderzahl.
62221;Vj. Index der Tarifverdienste und Arbeitszeiten;JAHR;Jahr;2018;DINSGF;Früheres Bundesgebiet / Neue Länder;DF;Früheres Bundesgebiet;WZ08C7;WZ2008 (ausgewählte Positionen): Tarifindex;WZ08-52-01;Lagerei und Kurierdienste;94,7;2020=100;VST072;Index d.tarifl. Stundenverdienste mit Sonderzahl.
62221;Vj. Index der Tarifverdienste und Arbeitszeiten;JAHR;Jahr;2018;DINSGF;Früheres Bundesgebiet / Neue Länder;DF;Früheres Bundesgebiet;WZ08C7;WZ2008 (ausgewählte Positionen): Tarifindex;WZ08-52-01;Lagerei und Kurierdienste;94,7;2020=100;VST073;Index d.tarifl. Monatsverdienste mit Sonderzahl.
62221;Vj. Index der Tarifverdienste und Arbeitszeiten;JAHR;Jahr;2018;DINSGF;Früheres Bundesgebiet / Neue Länder;DF;Früheres Bundesgebiet;WZ08C7;WZ2008 (ausgewählte Positionen): Tarifindex;WZ08-52-01;Lagerei und Kurierdienste;38,8;h;VST019;Durchschnittliche tarifliche Wochenarbeitszeit
62221;Vj. Index der Tarifverdienste und Arbeitszeiten;JAHR;Jahr;2018;DINSGF;Früheres Bundesgebiet / Neue Länder;DF;Früheres Bundesgebiet;WZ08C7;WZ2008 (ausgewählte Positionen): Tarifindex;WZ08-52-01;Lagerei und Kurierdienste;95,1;2020=100;VST066;Index d.tarifl. Monatsverdienste ohne Sonderzahl.
62221;Vj. Index der Tarifverdienste und Arbeitszeiten;JAHR;Jahr;2018;DINSGF;Früheres Bundesgebiet / Neue Länder;DF;Früheres Bundesgebiet;WZ08C7;WZ2008 (ausgewählte Positionen): Tarifindex;WZ08-52-01;Lagerei und Kurierdienste;100,0;2020=100;VST018;Index der tariflichen Wochenarbeitszeit
62221;Vj. Index der Tarifverdienste und Arbeitszeiten;JAHR;Jahr;2018;DINSGF;Früheres Bundesgebiet / Neue Länder;DF;Früheres Bundesgebiet;WZ08C7;WZ2008 (ausgewählte Positionen): Tarifindex;WZ08-52-01;Lagerei und Kurierdienste;95,1;2020=100;VST065;Index d.tarifl. Stundenverdienste ohne Sonderzahl.
62221;Vj. Index der Tarifverdienste und Arbeitszeiten;JAHR;Jahr;2017;DINSGF;Früheres Bundesgebiet / Neue Länder;DN;Neue Länder;WZ08C7;WZ2008 (ausgewählte Positionen): Tarifindex;WZ08-72;Forschung und Entwicklung;91,8;2020=100;VST072;Index d.tarifl. Stundenverdienste mit Sonderzahl.
62221;Vj. Index der Tarifverdienste und Arbeitszeiten;JAHR;Jahr;2017;DINSGF;Früheres Bundesgebiet / Neue Länder;DN;Neue Länder;WZ08C7;WZ2008 (ausgewählte Positionen): Tarifindex;WZ08-72;Forschung und Entwicklung;91,8;2020=100;VST073;Index d.tarifl. Monatsverdienste mit Sonderzahl.
62221;Vj. Index der Tarifverdienste und Arbeitszeiten;JAHR;Jahr;2017;DINSGF;Früheres Bundesgebiet / Neue Länder;DN;Neue Länder;WZ08C7;WZ2008 (ausgewählte Positionen): Tarifindex;WZ08-72;Forschung und Entwicklung;38,8;h;VST019;Durchschnittliche tarifliche Wochenarbeitszeit
62221;Vj. Index der Tarifverdienste und Arbeitszeiten;JAHR;Jahr;2017;DINSGF;Früheres Bundesgebiet / Neue Länder;DN;Neue Länder;WZ08C7;WZ2008 (ausgewählte Positionen): Tarifindex;WZ08-72;Forschung und Entwicklung;92,1;2020=100;VST066;Index d.tarifl. Monatsverdienste ohne Sonderzahl.
62221;Vj. Index der Tarifverdienste und Arbeitszeiten;JAHR;Jahr;2017;DINSGF;Früheres Bundesgebiet / Neue Länder;DN;Neue Länder;WZ08C7;WZ2008 (ausgewählte Positionen): Tarifindex;WZ08-72;Forschung und Entwicklung;100,0;2020=100;VST018;Index der tariflichen Wochenarbeitszeit
62221;Vj. Index der Tarifverdienste und Arbeitszeiten;JAHR;Jahr;2017;DINSGF;Früheres Bundesgebiet / Neue Länder;DN;Neue Länder;WZ08C7;WZ2008 (ausgewählte Positionen): Tarifindex;WZ08-72;Forschung und Entwicklung;92,1;2020=100;VST065;Index d.tarifl. Stundenverdienste ohne Sonderzahl.
62221;Vj. Index der Tarifverdienste und Arbeitszeiten;JAHR;Jahr;2024;DINSGF;Früheres Bundesgebiet / Neue Länder;DN;Neue Länder;WZ08C7;WZ2008 (ausgewählte Positionen): Tarifindex;WZ08-45;Kfz-Handel, Instandhaltung und Reparatur von Kfz;113,6;2020=100;VST072;Index d.tarifl. Stundenverdienste mit Sonderzahl.
62221;Vj. Index der Tarifverdienste und Arbeitszeiten;JAHR;Jahr;2024;DINSGF;Früheres Bundesgebiet / Neue Länder;DN;Neue Länder;WZ08C7;WZ2008 (ausgewählte Positionen): Tarifindex;WZ08-45;Kfz-Handel, Instandhaltung und Reparatur von Kfz;113,4;2020=100;VST073;Index d.tarifl. Monatsverdienste mit Sonderzahl.
62221;Vj. Index der Tarifverdienste und Arbeitszeiten;JAHR;Jahr;2024;DINSGF;Früheres Bundesgebiet / Neue Länder;DN;Neue Länder;WZ08C7;WZ2008 (ausgewählte Positionen): Tarifindex;WZ08-45;Kfz-Handel, Instandhaltung und Reparatur von Kfz;37,3;h;VST019;Durchschnittliche tarifliche Wochenarbeitszeit
62221;Vj. Index der Tarifverdienste und Arbeitszeiten;JAHR;Jahr;2024;DINSGF;Früheres Bundesgebiet / Neue Länder;DN;Neue Länder;WZ08C7;WZ2008 (ausgewählte Positionen): Tarifindex;WZ08-45;Kfz-Handel, Instandhaltung und Reparatur von Kfz;109,6;2020=100;VST066;Index d.tarifl. Monatsverdienste ohne Sonderzahl.
62221;Vj. Index der Tarifverdienste und Arbeitszeiten;JAHR;Jahr;2024;DINSGF;Früheres Bundesgebiet / Neue Länder;DN;Neue Länder;WZ08C7;WZ2008 (ausgewählte Positionen): Tarifindex;WZ08-45;Kfz-Handel, Instandhaltung und Reparatur von Kfz;99,8;2020=100;VST018;Index der tariflichen Wochenarbeitszeit
62221;Vj. Index der Tarifverdienste und Arbeitszeiten;JAHR;Jahr;2024;DINSGF;Früheres Bundesgebiet / Neue Länder;DN;Neue Länder;WZ08C7;WZ2008 (ausgewählte Positionen): Tarifindex;WZ08-45;Kfz-Handel, Instandhaltung und Reparatur von Kfz;109,8;2020=100;VST065;Index d.tarifl. Stundenverdienste ohne Sonderzahl.
62221;Vj. Index der Tarifverdienste und Arbeitszeiten;JAHR;Jahr;2024;DINSGF;Früheres Bundesgebiet / Neue Länder;DN;Neue Länder;WZ08C7;WZ2008 (ausgewählte Positionen): Tarifindex;WZ08-30;Sonstiger Fahrzeugbau;111,8;2020=100;VST072;Index d.tarifl. Stundenverdienste mit Sonderzahl.
62221;Vj. Index der Tarifverdienste und Arbeitszeiten;JAHR;Jahr;2024;DINSGF;Früheres Bundesgebiet / Neue Länder;DN;Neue Länder;WZ08C7;WZ2008 (ausgewählte Positionen): Tarifindex;WZ08-30;Sonstiger Fahrzeugbau;111,6;2020=100;VST073;Index d.tarifl. Monatsverdienste mit Sonderzahl.
62221;Vj. Index der Tarifverdienste und Arbeitszeiten;JAHR;Jahr;2024;DINSGF;Früheres Bundesgebiet / Neue Länder;DN;Neue Länder;WZ08C7;WZ2008 (ausgewählte Positionen): Tarifindex;WZ08-30;Sonstiger Fahrzeugbau;38,3;h;VST019;Durchschnittliche tarifliche Wochenarbeitszeit
62221;Vj. Index der Tarifverdienste und Arbeitszeiten;JAHR;Jahr;2024;DINSGF;Früheres Bundesgebiet / Neue Länder;DN;Neue Länder;WZ08C7;WZ2008 (ausgewählte Positionen): Tarifindex;WZ08-30;Sonstiger Fahrzeugbau;107,9;2020=100;VST066;Index d.tarifl. Monatsverdienste ohne Sonderzahl.
62221;Vj. Index der Tarifverdienste und Arbeitszeiten;JAHR;Jahr;2024;DINSGF;Früheres Bundesgebiet / Neue Länder;DN;Neue Länder;WZ08C7;WZ2008 (ausgewählte Positionen): Tarifindex;WZ08-30;Sonstiger Fahrzeugbau;99,9;2020=100;VST018;Index der tariflichen Wochenarbeitszeit
62221;Vj. Index der Tarifverdienste und Arbeitszeiten;JAHR;Jahr;2024;DINSGF;Früheres Bundesgebiet / Neue Länder;DN;Neue Länder;WZ08C7;WZ2008 (ausgewählte Positionen): Tarifindex;WZ08-30;Sonstiger Fahrzeugbau;108,0;2020=100;VST065;Index d.tarifl. Stundenverdienste ohne Sonderzahl.
62221;Vj. Index der Tarifverdienste und Arbeitszeiten;JAHR;Jahr;2020;DINSGF;Früheres Bundesgebiet / Neue Länder;DF;Früheres Bundesgebiet;WZ08C7;WZ2008 (ausgewählte Positionen): Tarifindex;WZ08-24;Metallerzeugung und -bearbeitung;100,0;2020=100;VST072;Index d.tarifl. Stundenverdienste mit Sonderzahl.
62221;Vj. Index der Tarifverdienste und Arbeitszeiten;JAHR;Jahr;2020;DINSGF;Früheres Bundesgebiet / Neue Länder;DF;Früheres Bundesgebiet;WZ08C7;WZ2008 (ausgewählte Positionen): Tarifindex;WZ08-24;Metallerzeugung und -bearbeitung;100,0;2020=100;VST073;Index d.tarifl. Monatsverdienste mit Sonderzahl.
62221;Vj. Index der Tarifverdienste und Arbeitszeiten;JAHR;Jahr;2020;DINSGF;Früheres Bundesgebiet / Neue Länder;DF;Früheres Bundesgebiet;WZ08C7;WZ2008 (ausgewählte Positionen): Tarifindex;WZ08-24;Metallerzeugung und -bearbeitung;35,2;h;VST019;Durchschnittliche tarifliche Wochenarbeitszeit
62221;Vj. Index der Tarifverdienste und Arbeitszeiten;JAHR;Jahr;2020;DINSGF;Früheres Bundesgebiet / Neue Länder;DF;Früheres Bundesgebiet;WZ08C7;WZ2008 (ausgewählte Positionen): Tarifindex;WZ08-24;Metallerzeugung und -bearbeitung;100,0;2020=100;VST066;Index d.tarifl. Monatsverdienste ohne Sonderzahl.
62221;Vj. Index der Tarifverdienste und Arbeitszeiten;JAHR;Jahr;2020;DINSGF;Früheres Bundesgebiet / Neue Länder;DF;Früheres Bundesgebiet;WZ08C7;WZ2008 (ausgewählte Positionen): Tarifindex;WZ08-24;Metallerzeugung und -bearbeitung;100,0;2020=100;VST018;Index der tariflichen Wochenarbeitszeit
62221;Vj. Index der Tarifverdienste und Arbeitszeiten;JAHR;Jahr;2020;DINSGF;Früheres Bundesgebiet / Neue Länder;DF;Früheres Bundesgebiet;WZ08C7;WZ2008 (ausgewählte Positionen): Tarifindex;WZ08-24;Metallerzeugung und -bearbeitung;100,0;2020=100;VST065;Index d.tarifl. Stundenverdienste ohne Sonderzahl.
62221;Vj. Index der Tarifverdienste und Arbeitszeiten;JAHR;Jahr;2024;DINSGF;Früheres Bundesgebiet / Neue Länder;DF;Früheres Bundesgebiet;WZ08C7;WZ2008 (ausgewählte Positionen): Tarifindex;WZ08-10-01;Ernährungsgewerbe und Tabakverarbeitung;116,1;2020=100;VST072;Index d.tarifl. Stundenverdienste mit Sonderzahl.
62221;Vj. Index der Tarifverdienste und Arbeitszeiten;JAHR;Jahr;2024;DINSGF;Früheres Bundesgebiet / Neue Länder;DF;Früheres Bundesgebiet;WZ08C7;WZ2008 (ausgewählte Positionen): Tarifindex;WZ08-10-01;Ernährungsgewerbe und Tabakverarbeitung;116,2;2020=100;VST073;Index d.tarifl. Monatsverdienste mit Sonderzahl.
62221;Vj. Index der Tarifverdienste und Arbeitszeiten;JAHR;Jahr;2024;DINSGF;Früheres Bundesgebiet / Neue Länder;DF;Früheres Bundesgebiet;WZ08C7;WZ2008 (ausgewählte Positionen): Tarifindex;WZ08-10-01;Ernährungsgewerbe und Tabakverarbeitung;38,1;h;VST019;Durchschnittliche tarifliche Wochenarbeitszeit
62221;Vj. Index der Tarifverdienste und Arbeitszeiten;JAHR;Jahr;2024;DINSGF;Früheres Bundesgebiet / Neue Länder;DF;Früheres Bundesgebiet;WZ08C7;WZ2008 (ausgewählte Positionen): Tarifindex;WZ08-10-01;Ernährungsgewerbe und Tabakverarbeitung;114,7;2020=100;VST066;Index d.tarifl. Monatsverdienste ohne Sonderzahl.
62221;Vj. Index der Tarifverdienste und Arbeitszeiten;JAHR;Jahr;2024;DINSGF;Früheres Bundesgebiet / Neue Länder;DF;Früheres Bundesgebiet;WZ08C7;WZ2008 (ausgewählte Positionen): Tarifindex;WZ08-10-01;Ernährungsgewerbe und Tabakverarbeitung;100,0;2020=100;VST018;Index der tariflichen Wochenarbeitszeit
62221;Vj. Index der Tarifverdienste und Arbeitszeiten;JAHR;Jahr;2024;DINSGF;Früheres Bundesgebiet / Neue Länder;DF;Früheres Bundesgebiet;WZ08C7;WZ2008 (ausgewählte Positionen): Tarifindex;WZ08-10-01;Ernährungsgewerbe und Tabakverarbeitung;114,6;2020=100;VST065;Index d.tarifl. Stundenverdienste ohne Sonderzahl.
62221;Vj. Index der Tarifverdienste und Arbeitszeiten;JAHR;Jahr;2019;DINSGF;Früheres Bundesgebiet / Neue Länder;DN;Neue Länder;WZ08C7;WZ2008 (ausgewählte Positionen): Tarifindex;WZ08-10-02;Ernährungsgewerbe;97,6;2020=100;VST072;Index d.tarifl. Stundenverdienste mit Sonderzahl.
62221;Vj. Index der Tarifverdienste und Arbeitszeiten;JAHR;Jahr;2019;DINSGF;Früheres Bundesgebiet / Neue Länder;DN;Neue Länder;WZ08C7;WZ2008 (ausgewählte Positionen): Tarifindex;WZ08-10-02;Ernährungsgewerbe;97,6;2020=100;VST073;Index d.tarifl. Monatsverdienste mit Sonderzahl.
62221;Vj. Index der Tarifverdienste und Arbeitszeiten;JAHR;Jahr;2019;DINSGF;Früheres Bundesgebiet / Neue Länder;DN;Neue Länder;WZ08C7;WZ2008 (ausgewählte Positionen): Tarifindex;WZ08-10-02;Ernährungsgewerbe;38,7;h;VST019;Durchschnittliche tarifliche Wochenarbeitszeit
62221;Vj. Index der Tarifverdienste und Arbeitszeiten;JAHR;Jahr;2019;DINSGF;Früheres Bundesgebiet / Neue Länder;DN;Neue Länder;WZ08C7;WZ2008 (ausgewählte Positionen): Tarifindex;WZ08-10-02;Ernährungsgewerbe;97,7;2020=100;VST066;Index d.tarifl. Monatsverdienste ohne Sonderzahl.
62221;Vj. Index der Tarifverdienste und Arbeitszeiten;JAHR;Jahr;2019;DINSGF;Früheres Bundesgebiet / Neue Länder;DN;Neue Länder;WZ08C7;WZ2008 (ausgewählte Positionen): Tarifindex;WZ08-10-02;Ernährungsgewerbe;100,0;2020=100;VST018;Index der tariflichen Wochenarbeitszeit
62221;Vj. Index der Tarifverdienste und Arbeitszeiten;JAHR;Jahr;2019;DINSGF;Früheres Bundesgebiet / Neue Länder;DN;Neue Länder;WZ08C7;WZ2008 (ausgewählte Positionen): Tarifindex;WZ08-10-02;Ernährungsgewerbe;97,7;2020=100;VST065;Index d.tarifl. Stundenverdienste ohne Sonderzahl.
62221;Vj. Index der Tarifverdienste und Arbeitszeiten;JAHR;Jahr;2017;DINSGF;Früheres Bundesgebiet / Neue Länder;DN;Neue Länder;WZ08C7;WZ2008 (ausgewählte Positionen): Tarifindex;WZ08-87;Heime (ohne Erholungs- und Ferienheime);90,8;2020=100;VST072;Index d.tarifl. Stundenverdienste mit Sonderzahl.
62221;Vj. Index der Tarifverdienste und Arbeitszeiten;JAHR;Jahr;2017;DINSGF;Früheres Bundesgebiet / Neue Länder;DN;Neue Länder;WZ08C7;WZ2008 (ausgewählte Positionen): Tarifindex;WZ08-87;Heime (ohne Erholungs- und Ferienheime);91,3;2020=100;VST073;Index d.tarifl. Monatsverdienste mit Sonderzahl.
62221;Vj. Index der Tarifverdienste und Arbeitszeiten;JAHR;Jahr;2017;DINSGF;Früheres Bundesgebiet / Neue Länder;DN;Neue Länder;WZ08C7;WZ2008 (ausgewählte Positionen): Tarifindex;WZ08-87;Heime (ohne Erholungs- und Ferienheime);39,5;h;VST019;Durchschnittliche tarifliche Wochenarbeitszeit
62221;Vj. Index der Tarifverdienste und Arbeitszeiten;JAHR;Jahr;2017;DINSGF;Früheres Bundesgebiet / Neue Länder;DN;Neue Länder;WZ08C7;WZ2008 (ausgewählte Positionen): Tarifindex;WZ08-87;Heime (ohne Erholungs- und Ferienheime);91,3;2020=100;VST066;Index d.tarifl. Monatsverdienste ohne Sonderzahl.
62221;Vj. Index der Tarifverdienste und Arbeitszeiten;JAHR;Jahr;2017;DINSGF;Früheres Bundesgebiet / Neue Länder;DN;Neue Länder;WZ08C7;WZ2008 (ausgewählte Positionen): Tarifindex;WZ08-87;Heime (ohne Erholungs- und Ferienheime);100,5;2020=100;VST018;Index der tariflichen Wochenarbeitszeit
62221;Vj. Index der Tarifverdienste und Arbeitszeiten;JAHR;Jahr;2017;DINSGF;Früheres Bundesgebiet / Neue Länder;DN;Neue Länder;WZ08C7;WZ2008 (ausgewählte Positionen): Tarifindex;WZ08-87;Heime (ohne Erholungs- und Ferienheime);91,0;2020=100;VST065;Index d.tarifl. Stundenverdienste ohne Sonderzahl.
62221;Vj. Index der Tarifverdienste und Arbeitszeiten;JAHR;Jahr;2018;DINSGF;Früheres Bundesgebiet / Neue Länder;DF;Früheres Bundesgebiet;WZ08C7;WZ2008 (ausgewählte Positionen): Tarifindex;WZ08-20;Herstellung von chemischen Erzeugnissen;95,5;2020=100;VST072;Index d.tarifl. Stundenverdienste mit Sonderzahl.
62221;Vj. Index der Tarifverdienste und Arbeitszeiten;JAHR;Jahr;2018;DINSGF;Früheres Bundesgebiet / Neue Länder;DF;Früheres Bundesgebiet;WZ08C7;WZ2008 (ausgewählte Positionen): Tarifindex;WZ08-20;Herstellung von chemischen Erzeugnissen;95,5;2020=100;VST073;Index d.tarifl. Monatsverdienste mit Sonderzahl.
62221;Vj. Index der Tarifverdienste und Arbeitszeiten;JAHR;Jahr;2018;DINSGF;Früheres Bundesgebiet / Neue Länder;DF;Früheres Bundesgebiet;WZ08C7;WZ2008 (ausgewählte Positionen): Tarifindex;WZ08-20;Herstellung von chemischen Erzeugnissen;37,5;h;VST019;Durchschnittliche tarifliche Wochenarbeitszeit
62221;Vj. Index der Tarifverdienste und Arbeitszeiten;JAHR;Jahr;2018;DINSGF;Früheres Bundesgebiet / Neue Länder;DF;Früheres Bundesgebiet;WZ08C7;WZ2008 (ausgewählte Positionen): Tarifindex;WZ08-20;Herstellung von chemischen Erzeugnissen;96,6;2020=100;VST066;Index d.tarifl. Monatsverdienste ohne Sonderzahl.
62221;Vj. Index der Tarifverdienste und Arbeitszeiten;JAHR;Jahr;2018;DINSGF;Früheres Bundesgebiet / Neue Länder;DF;Früheres Bundesgebiet;WZ08C7;WZ2008 (ausgewählte Positionen): Tarifindex;WZ08-20;Herstellung von chemischen Erzeugnissen;100,0;2020=100;VST018;Index der tariflichen Wochenarbeitszeit
62221;Vj. Index der Tarifverdienste und Arbeitszeiten;JAHR;Jahr;2018;DINSGF;Früheres Bundesgebiet / Neue Länder;DF;Früheres Bundesgebiet;WZ08C7;WZ2008 (ausgewählte Positionen): Tarifindex;WZ08-20;Herstellung von chemischen Erzeugnissen;96,6;2020=100;VST065;Index d.tarifl. Stundenverdienste ohne Sonderzahl.
62221;Vj. Index der Tarifverdienste und Arbeitszeiten;JAHR;Jahr;2020;DINSGF;Früheres Bundesgebiet / Neue Länder;DF;Früheres Bundesgebiet;WZ08C7;WZ2008 (ausgewählte Positionen): Tarifindex;WZ08-N;Sonstige wirtschaftliche Dienstleistungen;100,0;2020=100;VST072;Index d.tarifl. Stundenverdienste mit Sonderzahl.
62221;Vj. Index der Tarifverdienste und Arbeitszeiten;JAHR;Jahr;2020;DINSGF;Früheres Bundesgebiet / Neue Länder;DF;Früheres Bundesgebiet;WZ08C7;WZ2008 (ausgewählte Positionen): Tarifindex;WZ08-N;Sonstige wirtschaftliche Dienstleistungen;100,0;2020=100;VST073;Index d.tarifl. Monatsverdienste mit Sonderzahl.
62221;Vj. Index der Tarifverdienste und Arbeitszeiten;JAHR;Jahr;2020;DINSGF;Früheres Bundesgebiet / Neue Länder;DF;Früheres Bundesgebiet;WZ08C7;WZ2008 (ausgewählte Positionen): Tarifindex;WZ08-N;Sonstige wirtschaftliche Dienstleistungen;37,5;h;VST019;Durchschnittliche tarifliche Wochenarbeitszeit
62221;Vj. Index der Tarifverdienste und Arbeitszeiten;JAHR;Jahr;2020;DINSGF;Früheres Bundesgebiet / Neue Länder;DF;Früheres Bundesgebiet;WZ08C7;WZ2008 (ausgewählte Positionen): Tarifindex;WZ08-N;Sonstige wirtschaftliche Dienstleistungen;100,0;2020=100;VST066;Index d.tarifl. Monatsverdienste ohne Sonderzahl.
62221;Vj. Index der Tarifverdienste und Arbeitszeiten;JAHR;Jahr;2020;DINSGF;Früheres Bundesgebiet / Neue Länder;DF;Früheres Bundesgebiet;WZ08C7;WZ2008 (ausgewählte Positionen): Tarifindex;WZ08-N;Sonstige wirtschaftliche Dienstleistungen;100,0;2020=100;VST018;Index der tariflichen Wochenarbeitszeit
62221;Vj. Index der Tarifverdienste und Arbeitszeiten;JAHR;Jahr;2020;DINSGF;Früheres Bundesgebiet / Neue Länder;DF;Früheres Bundesgebiet;WZ08C7;WZ2008 (ausgewählte Positionen): Tarifindex;WZ08-N;Sonstige wirtschaftliche Dienstleistungen;100,0;2020=100;VST065;Index d.tarifl. Stundenverdienste ohne Sonderzahl.
62221;Vj. Index der Tarifverdienste und Arbeitszeiten;JAHR;Jahr;2023;DINSGF;Früheres Bundesgebiet / Neue Länder;DN;Neue Länder;WZ08C7;WZ2008 (ausgewählte Positionen): Tarifindex;WZ08-N;Sonstige wirtschaftliche Dienstleistungen;118,6;2020=100;VST072;Index d.tarifl. Stundenverdienste mit Sonderzahl.
62221;Vj. Index der Tarifverdienste und Arbeitszeiten;JAHR;Jahr;2023;DINSGF;Früheres Bundesgebiet / Neue Länder;DN;Neue Länder;WZ08C7;WZ2008 (ausgewählte Positionen): Tarifindex;WZ08-N;Sonstige wirtschaftliche Dienstleistungen;118,6;2020=100;VST073;Index d.tarifl. Monatsverdienste mit Sonderzahl.
62221;Vj. Index der Tarifverdienste und Arbeitszeiten;JAHR;Jahr;2023;DINSGF;Früheres Bundesgebiet / Neue Länder;DN;Neue Länder;WZ08C7;WZ2008 (ausgewählte Positionen): Tarifindex;WZ08-N;Sonstige wirtschaftliche Dienstleistungen;37,6;h;VST019;Durchschnittliche tarifliche Wochenarbeitszeit
62221;Vj. Index der Tarifverdienste und Arbeitszeiten;JAHR;Jahr;2023;DINSGF;Früheres Bundesgebiet / Neue Länder;DN;Neue Länder;WZ08C7;WZ2008 (ausgewählte Positionen): Tarifindex;WZ08-N;Sonstige wirtschaftliche Dienstleistungen;118,2;2020=100;VST066;Index d.tarifl. Monatsverdienste ohne Sonderzahl.
62221;Vj. Index der Tarifverdienste und Arbeitszeiten;JAHR;Jahr;2023;DINSGF;Früheres Bundesgebiet / Neue Länder;DN;Neue Länder;WZ08C7;WZ2008 (ausgewählte Positionen): Tarifindex;WZ08-N;Sonstige wirtschaftliche Dienstleistungen;100,0;2020=100;VST018;Index der tariflichen Wochenarbeitszeit
62221;Vj. Index der Tarifverdienste und Arbeitszeiten;JAHR;Jahr;2023;DINSGF;Früheres Bundesgebiet / Neue Länder;DN;Neue Länder;WZ08C7;WZ2008 (ausgewählte Positionen): Tarifindex;WZ08-N;Sonstige wirtschaftliche Dienstleistungen;118,2;2020=100;VST065;Index d.tarifl. Stundenverdienste ohne Sonderzahl.
62221;Vj. Index der Tarifverdienste und Arbeitszeiten;JAHR;Jahr;2024;DINSGF;Früheres Bundesgebiet / Neue Länder;DN;Neue Länder;WZ08C7;WZ2008 (ausgewählte Positionen): Tarifindex;WZ08-27;Herstellung von elektrischen Ausrüstungen;112,2;2020=100;VST072;Index d.tarifl. Stundenverdienste mit Sonderzahl.
62221;Vj. Index der Tarifverdienste und Arbeitszeiten;JAHR;Jahr;2024;DINSGF;Früheres Bundesgebiet / Neue Länder;DN;Neue Länder;WZ08C7;WZ2008 (ausgewählte Positionen): Tarifindex;WZ08-27;Herstellung von elektrischen Ausrüstungen;112,2;2020=100;VST073;Index d.tarifl. Monatsverdienste mit Sonderzahl.
62221;Vj. Index der Tarifverdienste und Arbeitszeiten;JAHR;Jahr;2024;DINSGF;Früheres Bundesgebiet / Neue Länder;DN;Neue Länder;WZ08C7;WZ2008 (ausgewählte Positionen): Tarifindex;WZ08-27;Herstellung von elektrischen Ausrüstungen;37,8;h;VST019;Durchschnittliche tarifliche Wochenarbeitszeit
62221;Vj. Index der Tarifverdienste und Arbeitszeiten;JAHR;Jahr;2024;DINSGF;Früheres Bundesgebiet / Neue Länder;DN;Neue Länder;WZ08C7;WZ2008 (ausgewählte Positionen): Tarifindex;WZ08-27;Herstellung von elektrischen Ausrüstungen;107,5;2020=100;VST066;Index d.tarifl. Monatsverdienste ohne Sonderzahl.
62221;Vj. Index der Tarifverdienste und Arbeitszeiten;JAHR;Jahr;2024;DINSGF;Früheres Bundesgebiet / Neue Länder;DN;Neue Länder;WZ08C7;WZ2008 (ausgewählte Positionen): Tarifindex;WZ08-27;Herstellung von elektrischen Ausrüstungen;100,0;2020=100;VST018;Index der tariflichen Wochenarbeitszeit
62221;Vj. Index der Tarifverdienste und Arbeitszeiten;JAHR;Jahr;2024;DINSGF;Früheres Bundesgebiet / Neue Länder;DN;Neue Länder;WZ08C7;WZ2008 (ausgewählte Positionen): Tarifindex;WZ08-27;Herstellung von elektrischen Ausrüstungen;107,5;2020=100;VST065;Index d.tarifl. Stundenverdienste ohne Sonderzahl.
62221;Vj. Index der Tarifverdienste und Arbeitszeiten;JAHR;Jahr;2025;DINSGF;Früheres Bundesgebiet / Neue Länder;DF;Früheres Bundesgebiet;WZ08C7;WZ2008 (ausgewählte Positionen): Tarifindex;WZ08-81;Gebäudebetreuung, Garten- und Landschaftsbau;126,8;2020=100;VST072;Index d.tarifl. Stundenverdienste mit Sonderzahl.
62221;Vj. Index der Tarifverdienste und Arbeitszeiten;JAHR;Jahr;2025;DINSGF;Früheres Bundesgebiet / Neue Länder;DF;Früheres Bundesgebiet;WZ08C7;WZ2008 (ausgewählte Positionen): Tarifindex;WZ08-81;Gebäudebetreuung, Garten- und Landschaftsbau;126,8;2020=100;VST073;Index d.tarifl. Monatsverdienste mit Sonderzahl.
62221;Vj. Index der Tarifverdienste und Arbeitszeiten;JAHR;Jahr;2025;DINSGF;Früheres Bundesgebiet / Neue Länder;DF;Früheres Bundesgebiet;WZ08C7;WZ2008 (ausgewählte Positionen): Tarifindex;WZ08-81;Gebäudebetreuung, Garten- und Landschaftsbau;39,0;h;VST019;Durchschnittliche tarifliche Wochenarbeitszeit
62221;Vj. Index der Tarifverdienste und Arbeitszeiten;JAHR;Jahr;2025;DINSGF;Früheres Bundesgebiet / Neue Länder;DF;Früheres Bundesgebiet;WZ08C7;WZ2008 (ausgewählte Positionen): Tarifindex;WZ08-81;Gebäudebetreuung, Garten- und Landschaftsbau;126,9;2020=100;VST066;Index d.tarifl. Monatsverdienste ohne Sonderzahl.
62221;Vj. Index der Tarifverdienste und Arbeitszeiten;JAHR;Jahr;2025;DINSGF;Früheres Bundesgebiet / Neue Länder;DF;Früheres Bundesgebiet;WZ08C7;WZ2008 (ausgewählte Positionen): Tarifindex;WZ08-81;Gebäudebetreuung, Garten- und Landschaftsbau;100,0;2020=100;VST018;Index der tariflichen Wochenarbeitszeit
62221;Vj. Index der Tarifverdienste und Arbeitszeiten;JAHR;Jahr;2025;DINSGF;Früheres Bundesgebiet / Neue Länder;DF;Früheres Bundesgebiet;WZ08C7;WZ2008 (ausgewählte Positionen): Tarifindex;WZ08-81;Gebäudebetreuung, Garten- und Landschaftsbau;126,9;2020=100;VST065;Index d.tarifl. Stundenverdienste ohne Sonderzahl.
62221;Vj. Index der Tarifverdienste und Arbeitszeiten;JAHR;Jahr;2019;DINSGF;Früheres Bundesgebiet / Neue Länder;DF;Früheres Bundesgebiet;WZ08C7;WZ2008 (ausgewählte Positionen): Tarifindex;WZ08-L;Grundstücks- und Wohnungswesen;97,8;2020=100;VST072;Index d.tarifl. Stundenverdienste mit Sonderzahl.
62221;Vj. Index der Tarifverdienste und Arbeitszeiten;JAHR;Jahr;2019;DINSGF;Früheres Bundesgebiet / Neue Länder;DF;Früheres Bundesgebiet;WZ08C7;WZ2008 (ausgewählte Positionen): Tarifindex;WZ08-L;Grundstücks- und Wohnungswesen;97,8;2020=100;VST073;Index d.tarifl. Monatsverdienste mit Sonderzahl.
62221;Vj. Index der Tarifverdienste und Arbeitszeiten;JAHR;Jahr;2019;DINSGF;Früheres Bundesgebiet / Neue Länder;DF;Früheres Bundesgebiet;WZ08C7;WZ2008 (ausgewählte Positionen): Tarifindex;WZ08-L;Grundstücks- und Wohnungswesen;38,2;h;VST019;Durchschnittliche tarifliche Wochenarbeitszeit
62221;Vj. Index der Tarifverdienste und Arbeitszeiten;JAHR;Jahr;2019;DINSGF;Früheres Bundesgebiet / Neue Länder;DF;Früheres Bundesgebiet;WZ08C7;WZ2008 (ausgewählte Positionen): Tarifindex;WZ08-L;Grundstücks- und Wohnungswesen;98,1;2020=100;VST066;Index d.tarifl. Monatsverdienste ohne Sonderzahl.
62221;Vj. Index der Tarifverdienste und Arbeitszeiten;JAHR;Jahr;2019;DINSGF;Früheres Bundesgebiet / Neue Länder;DF;Früheres Bundesgebiet;WZ08C7;WZ2008 (ausgewählte Positionen): Tarifindex;WZ08-L;Grundstücks- und Wohnungswesen;100,0;2020=100;VST018;Index der tariflichen Wochenarbeitszeit
62221;Vj. Index der Tarifverdienste und Arbeitszeiten;JAHR;Jahr;2019;DINSGF;Früheres Bundesgebiet / Neue Länder;DF;Früheres Bundesgebiet;WZ08C7;WZ2008 (ausgewählte Positionen): Tarifindex;WZ08-L;Grundstücks- und Wohnungswesen;98,1;2020=100;VST065;Index d.tarifl. Stundenverdienste ohne Sonderzahl.
62221;Vj. Index der Tarifverdienste und Arbeitszeiten;JAHR;Jahr;2023;DINSGF;Früheres Bundesgebiet / Neue Länder;DN;Neue Länder;WZ08C7;WZ2008 (ausgewählte Positionen): Tarifindex;WZ08-61;Telekommunikation;107,9;2020=100;VST072;Index d.tarifl. Stundenverdienste mit Sonderzahl.
62221;Vj. Index der Tarifverdienste und Arbeitszeiten;JAHR;Jahr;2023;DINSGF;Früheres Bundesgebiet / Neue Länder;DN;Neue Länder;WZ08C7;WZ2008 (ausgewählte Positionen): Tarifindex;WZ08-61;Telekommunikation;107,9;2020=100;VST073;Index d.tarifl. Monatsverdienste mit Sonderzahl.
62221;Vj. Index der Tarifverdienste und Arbeitszeiten;JAHR;Jahr;2023;DINSGF;Früheres Bundesgebiet / Neue Länder;DN;Neue Länder;WZ08C7;WZ2008 (ausgewählte Positionen): Tarifindex;WZ08-61;Telekommunikation;36,3;h;VST019;Durchschnittliche tarifliche Wochenarbeitszeit
62221;Vj. Index der Tarifverdienste und Arbeitszeiten;JAHR;Jahr;2023;DINSGF;Früheres Bundesgebiet / Neue Länder;DN;Neue Länder;WZ08C7;WZ2008 (ausgewählte Positionen): Tarifindex;WZ08-61;Telekommunikation;107,4;2020=100;VST066;Index d.tarifl. Monatsverdienste ohne Sonderzahl.
62221;Vj. Index der Tarifverdienste und Arbeitszeiten;JAHR;Jahr;2023;DINSGF;Früheres Bundesgebiet / Neue Länder;DN;Neue Länder;WZ08C7;WZ2008 (ausgewählte Positionen): Tarifindex;WZ08-61;Telekommunikation;100,0;2020=100;VST018;Index der tariflichen Wochenarbeitszeit
62221;Vj. Index der Tarifverdienste und Arbeitszeiten;JAHR;Jahr;2023;DINSGF;Früheres Bundesgebiet / Neue Länder;DN;Neue Länder;WZ08C7;WZ2008 (ausgewählte Positionen): Tarifindex;WZ08-61;Telekommunikation;107,4;2020=100;VST065;Index d.tarifl. Stundenverdienste ohne Sonderzahl.
62221;Vj. Index der Tarifverdienste und Arbeitszeiten;JAHR;Jahr;2021;DINSGF;Früheres Bundesgebiet / Neue Länder;DF;Früheres Bundesgebiet;WZ08C7;WZ2008 (ausgewählte Positionen): Tarifindex;WZ08-D;Energieversorgung;101,9;2020=100;VST072;Index d.tarifl. Stundenverdienste mit Sonderzahl.
62221;Vj. Index der Tarifverdienste und Arbeitszeiten;JAHR;Jahr;2021;DINSGF;Früheres Bundesgebiet / Neue Länder;DF;Früheres Bundesgebiet;WZ08C7;WZ2008 (ausgewählte Positionen): Tarifindex;WZ08-D;Energieversorgung;101,9;2020=100;VST073;Index d.tarifl. Monatsverdienste mit Sonderzahl.
62221;Vj. Index der Tarifverdienste und Arbeitszeiten;JAHR;Jahr;2021;DINSGF;Früheres Bundesgebiet / Neue Länder;DF;Früheres Bundesgebiet;WZ08C7;WZ2008 (ausgewählte Positionen): Tarifindex;WZ08-D;Energieversorgung;38,2;h;VST019;Durchschnittliche tarifliche Wochenarbeitszeit
62221;Vj. Index der Tarifverdienste und Arbeitszeiten;JAHR;Jahr;2021;DINSGF;Früheres Bundesgebiet / Neue Länder;DF;Früheres Bundesgebiet;WZ08C7;WZ2008 (ausgewählte Positionen): Tarifindex;WZ08-D;Energieversorgung;101,7;2020=100;VST066;Index d.tarifl. Monatsverdienste ohne Sonderzahl.
62221;Vj. Index der Tarifverdienste und Arbeitszeiten;JAHR;Jahr;2021;DINSGF;Früheres Bundesgebiet / Neue Länder;DF;Früheres Bundesgebiet;WZ08C7;WZ2008 (ausgewählte Positionen): Tarifindex;WZ08-D;Energieversorgung;100,0;2020=100;VST018;Index der tariflichen Wochenarbeitszeit
62221;Vj. Index der Tarifverdienste und Arbeitszeiten;JAHR;Jahr;2021;DINSGF;Früheres Bundesgebiet / Neue Länder;DF;Früheres Bundesgebiet;WZ08C7;WZ2008 (ausgewählte Positionen): Tarifindex;WZ08-D;Energieversorgung;101,7;2020=100;VST065;Index d.tarifl. Stundenverdienste ohne Sonderzahl.
62221;Vj. Index der Tarifverdienste und Arbeitszeiten;JAHR;Jahr;2021;DINSGF;Früheres Bundesgebiet / Neue Länder;DF;Früheres Bundesgebiet;WZ08C7;WZ2008 (ausgewählte Positionen): Tarifindex;WZ08-A-03;Gesamtwirtschaft;101,3;2020=100;VST072;Index d.tarifl. Stundenverdienste mit Sonderzahl.
62221;Vj. Index der Tarifverdienste und Arbeitszeiten;JAHR;Jahr;2021;DINSGF;Früheres Bundesgebiet / Neue Länder;DF;Früheres Bundesgebiet;WZ08C7;WZ2008 (ausgewählte Positionen): Tarifindex;WZ08-A-03;Gesamtwirtschaft;101,3;2020=100;VST073;Index d.tarifl. Monatsverdienste mit Sonderzahl.
62221;Vj. Index der Tarifverdienste und Arbeitszeiten;JAHR;Jahr;2021;DINSGF;Früheres Bundesgebiet / Neue Länder;DF;Früheres Bundesgebiet;WZ08C7;WZ2008 (ausgewählte Positionen): Tarifindex;WZ08-A-03;Gesamtwirtschaft;38,5;h;VST019;Durchschnittliche tarifliche Wochenarbeitszeit
62221;Vj. Index der Tarifverdienste und Arbeitszeiten;JAHR;Jahr;2021;DINSGF;Früheres Bundesgebiet / Neue Länder;DF;Früheres Bundesgebiet;WZ08C7;WZ2008 (ausgewählte Positionen): Tarifindex;WZ08-A-03;Gesamtwirtschaft;101,4;2020=100;VST066;Index d.tarifl. Monatsverdienste ohne Sonderzahl.
62221;Vj. Index der Tarifverdienste und Arbeitszeiten;JAHR;Jahr;2021;DINSGF;Früheres Bundesgebiet / Neue Länder;DF;Früheres Bundesgebiet;WZ08C7;WZ2008 (ausgewählte Positionen): Tarifindex;WZ08-A-03;Gesamtwirtschaft;100,0;2020=100;VST018;Index der tariflichen Wochenarbeitszeit
62221;Vj. Index der Tarifverdienste und Arbeitszeiten;JAHR;Jahr;2021;DINSGF;Früheres Bundesgebiet / Neue Länder;DF;Früheres Bundesgebiet;WZ08C7;WZ2008 (ausgewählte Positionen): Tarifindex;WZ08-A-03;Gesamtwirtschaft;101,4;2020=100;VST065;Index d.tarifl. Stundenverdienste ohne Sonderzahl.
62221;Vj. Index der Tarifverdienste und Arbeitszeiten;JAHR;Jahr;2023;DINSGF;Früheres Bundesgebiet / Neue Länder;DN;Neue Länder;WZ08C7;WZ2008 (ausgewählte Positionen): Tarifindex;WZ08-58;Verlagswesen;104,0;2020=100;VST072;Index d.tarifl. Stundenverdienste mit Sonderzahl.
62221;Vj. Index der Tarifverdienste und Arbeitszeiten;JAHR;Jahr;2023;DINSGF;Früheres Bundesgebiet / Neue Länder;DN;Neue Länder;WZ08C7;WZ2008 (ausgewählte Positionen): Tarifindex;WZ08-58;Verlagswesen;104,0;2020=100;VST073;Index d.tarifl. Monatsverdienste mit Sonderzahl.
62221;Vj. Index der Tarifverdienste und Arbeitszeiten;JAHR;Jahr;2023;DINSGF;Früheres Bundesgebiet / Neue Länder;DN;Neue Länder;WZ08C7;WZ2008 (ausgewählte Positionen): Tarifindex;WZ08-58;Verlagswesen;37,4;h;VST019;Durchschnittliche tarifliche Wochenarbeitszeit
62221;Vj. Index der Tarifverdienste und Arbeitszeiten;JAHR;Jahr;2023;DINSGF;Früheres Bundesgebiet / Neue Länder;DN;Neue Länder;WZ08C7;WZ2008 (ausgewählte Positionen): Tarifindex;WZ08-58;Verlagswesen;103,7;2020=100;VST066;Index d.tarifl. Monatsverdienste ohne Sonderzahl.
62221;Vj. Index der Tarifverdienste und Arbeitszeiten;JAHR;Jahr;2023;DINSGF;Früheres Bundesgebiet / Neue Länder;DN;Neue Länder;WZ08C7;WZ2008 (ausgewählte Positionen): Tarifindex;WZ08-58;Verlagswesen;100,0;2020=100;VST018;Index der tariflichen Wochenarbeitszeit
62221;Vj. Index der Tarifverdienste und Arbeitszeiten;JAHR;Jahr;2023;DINSGF;Früheres Bundesgebiet / Neue Länder;DN;Neue Länder;WZ08C7;WZ2008 (ausgewählte Positionen): Tarifindex;WZ08-58;Verlagswesen;103,7;2020=100;VST065;Index d.tarifl. Stundenverdienste ohne Sonderzahl.
62221;Vj. Index der Tarifverdienste und Arbeitszeiten;JAHR;Jahr;2019;DINSGF;Früheres Bundesgebiet / Neue Länder;DF;Früheres Bundesgebiet;WZ08C7;WZ2008 (ausgewählte Positionen): Tarifindex;WZ08-G-02;Dienstleistungsbereich;97,5;2020=100;VST072;Index d.tarifl. Stundenverdienste mit Sonderzahl.
62221;Vj. Index der Tarifverdienste und Arbeitszeiten;JAHR;Jahr;2019;DINSGF;Früheres Bundesgebiet / Neue Länder;DF;Früheres Bundesgebiet;WZ08C7;WZ2008 (ausgewählte Positionen): Tarifindex;WZ08-G-02;Dienstleistungsbereich;97,4;2020=100;VST073;Index d.tarifl. Monatsverdienste mit Sonderzahl.
62221;Vj. Index der Tarifverdienste und Arbeitszeiten;JAHR;Jahr;2019;DINSGF;Früheres Bundesgebiet / Neue Länder;DF;Früheres Bundesgebiet;WZ08C7;WZ2008 (ausgewählte Positionen): Tarifindex;WZ08-G-02;Dienstleistungsbereich;39,0;h;VST019;Durchschnittliche tarifliche Wochenarbeitszeit
62221;Vj. Index der Tarifverdienste und Arbeitszeiten;JAHR;Jahr;2019;DINSGF;Früheres Bundesgebiet / Neue Länder;DF;Früheres Bundesgebiet;WZ08C7;WZ2008 (ausgewählte Positionen): Tarifindex;WZ08-G-02;Dienstleistungsbereich;97,2;2020=100;VST066;Index d.tarifl. Monatsverdienste ohne Sonderzahl.
62221;Vj. Index der Tarifverdienste und Arbeitszeiten;JAHR;Jahr;2019;DINSGF;Früheres Bundesgebiet / Neue Länder;DF;Früheres Bundesgebiet;WZ08C7;WZ2008 (ausgewählte Positionen): Tarifindex;WZ08-G-02;Dienstleistungsbereich;100,0;2020=100;VST018;Index der tariflichen Wochenarbeitszeit
62221;Vj. Index der Tarifverdienste und Arbeitszeiten;JAHR;Jahr;2019;DINSGF;Früheres Bundesgebiet / Neue Länder;DF;Früheres Bundesgebiet;WZ08C7;WZ2008 (ausgewählte Positionen): Tarifindex;WZ08-G-02;Dienstleistungsbereich;97,3;2020=100;VST065;Index d.tarifl. Stundenverdienste ohne Sonderzahl.
62221;Vj. Index der Tarifverdienste und Arbeitszeiten;JAHR;Jahr;2023;DINSGF;Früheres Bundesgebiet / Neue Länder;DN;Neue Länder;WZ08C7;WZ2008 (ausgewählte Positionen): Tarifindex;WZ08-43;Vorb.Baustellenarbeiten, Bauinstall., sonst.Ausbau;109,9;2020=100;VST072;Index d.tarifl. Stundenverdienste mit Sonderzahl.
62221;Vj. Index der Tarifverdienste und Arbeitszeiten;JAHR;Jahr;2023;DINSGF;Früheres Bundesgebiet / Neue Länder;DN;Neue Länder;WZ08C7;WZ2008 (ausgewählte Positionen): Tarifindex;WZ08-43;Vorb.Baustellenarbeiten, Bauinstall., sonst.Ausbau;109,9;2020=100;VST073;Index d.tarifl. Monatsverdienste mit Sonderzahl.
62221;Vj. Index der Tarifverdienste und Arbeitszeiten;JAHR;Jahr;2023;DINSGF;Früheres Bundesgebiet / Neue Länder;DN;Neue Länder;WZ08C7;WZ2008 (ausgewählte Positionen): Tarifindex;WZ08-43;Vorb.Baustellenarbeiten, Bauinstall., sonst.Ausbau;39,5;h;VST019;Durchschnittliche tarifliche Wochenarbeitszeit
62221;Vj. Index der Tarifverdienste und Arbeitszeiten;JAHR;Jahr;2023;DINSGF;Früheres Bundesgebiet / Neue Länder;DN;Neue Länder;WZ08C7;WZ2008 (ausgewählte Positionen): Tarifindex;WZ08-43;Vorb.Baustellenarbeiten, Bauinstall., sonst.Ausbau;108,7;2020=100;VST066;Index d.tarifl. Monatsverdienste ohne Sonderzahl.
62221;Vj. Index der Tarifverdienste und Arbeitszeiten;JAHR;Jahr;2023;DINSGF;Früheres Bundesgebiet / Neue Länder;DN;Neue Länder;WZ08C7;WZ2008 (ausgewählte Positionen): Tarifindex;WZ08-43;Vorb.Baustellenarbeiten, Bauinstall., sonst.Ausbau;100,0;2020=100;VST018;Index der tariflichen Wochenarbeitszeit
62221;Vj. Index der Tarifverdienste und Arbeitszeiten;JAHR;Jahr;2023;DINSGF;Früheres Bundesgebiet / Neue Länder;DN;Neue Länder;WZ08C7;WZ2008 (ausgewählte Positionen): Tarifindex;WZ08-43;Vorb.Baustellenarbeiten, Bauinstall., sonst.Ausbau;108,7;2020=100;VST065;Index d.tarifl. Stundenverdienste ohne Sonderzahl.
62221;Vj. Index der Tarifverdienste und Arbeitszeiten;JAHR;Jahr;2025;DINSGF;Früheres Bundesgebiet / Neue Länder;DF;Früheres Bundesgebiet;WZ08C7;WZ2008 (ausgewählte Positionen): Tarifindex;WZ08-96;Sonstige überwiegend persönliche Dienstleistungen;116,1;2020=100;VST072;Index d.tarifl. Stundenverdienste mit Sonderzahl.
62221;Vj. Index der Tarifverdienste und Arbeitszeiten;JAHR;Jahr;2025;DINSGF;Früheres Bundesgebiet / Neue Länder;DF;Früheres Bundesgebiet;WZ08C7;WZ2008 (ausgewählte Positionen): Tarifindex;WZ08-96;Sonstige überwiegend persönliche Dienstleistungen;115,9;2020=100;VST073;Index d.tarifl. Monatsverdienste mit Sonderzahl.
62221;Vj. Index der Tarifverdienste und Arbeitszeiten;JAHR;Jahr;2025;DINSGF;Früheres Bundesgebiet / Neue Länder;DF;Früheres Bundesgebiet;WZ08C7;WZ2008 (ausgewählte Positionen): Tarifindex;WZ08-96;Sonstige überwiegend persönliche Dienstleistungen;38,6;h;VST019;Durchschnittliche tarifliche Wochenarbeitszeit
62221;Vj. Index der Tarifverdienste und Arbeitszeiten;JAHR;Jahr;2025;DINSGF;Früheres Bundesgebiet / Neue Länder;DF;Früheres Bundesgebiet;WZ08C7;WZ2008 (ausgewählte Positionen): Tarifindex;WZ08-96;Sonstige überwiegend persönliche Dienstleistungen;115,8;2020=100;VST066;Index d.tarifl. Monatsverdienste ohne Sonderzahl.
62221;Vj. Index der Tarifverdienste und Arbeitszeiten;JAHR;Jahr;2025;DINSGF;Früheres Bundesgebiet / Neue Länder;DF;Früheres Bundesgebiet;WZ08C7;WZ2008 (ausgewählte Positionen): Tarifindex;WZ08-96;Sonstige überwiegend persönliche Dienstleistungen;99,8;2020=100;VST018;Index der tariflichen Wochenarbeitszeit
62221;Vj. Index der Tarifverdienste und Arbeitszeiten;JAHR;Jahr;2025;DINSGF;Früheres Bundesgebiet / Neue Länder;DF;Früheres Bundesgebiet;WZ08C7;WZ2008 (ausgewählte Positionen): Tarifindex;WZ08-96;Sonstige überwiegend persönliche Dienstleistungen;116,1;2020=100;VST065;Index d.tarifl. Stundenverdienste ohne Sonderzahl.
62221;Vj. Index der Tarifverdienste und Arbeitszeiten;JAHR;Jahr;2023;DINSGF;Früheres Bundesgebiet / Neue Länder;DN;Neue Länder;WZ08C7;WZ2008 (ausgewählte Positionen): Tarifindex;WZ08-B;Bergbau und Gewinnung von Steinen und Erden;111,3;2020=100;VST072;Index d.tarifl. Stundenverdienste mit Sonderzahl.
62221;Vj. Index der Tarifverdienste und Arbeitszeiten;JAHR;Jahr;2023;DINSGF;Früheres Bundesgebiet / Neue Länder;DN;Neue Länder;WZ08C7;WZ2008 (ausgewählte Positionen): Tarifindex;WZ08-B;Bergbau und Gewinnung von Steinen und Erden;111,2;2020=100;VST073;Index d.tarifl. Monatsverdienste mit Sonderzahl.
62221;Vj. Index der Tarifverdienste und Arbeitszeiten;JAHR;Jahr;2023;DINSGF;Früheres Bundesgebiet / Neue Länder;DN;Neue Länder;WZ08C7;WZ2008 (ausgewählte Positionen): Tarifindex;WZ08-B;Bergbau und Gewinnung von Steinen und Erden;37,9;h;VST019;Durchschnittliche tarifliche Wochenarbeitszeit
62221;Vj. Index der Tarifverdienste und Arbeitszeiten;JAHR;Jahr;2023;DINSGF;Früheres Bundesgebiet / Neue Länder;DN;Neue Länder;WZ08C7;WZ2008 (ausgewählte Positionen): Tarifindex;WZ08-B;Bergbau und Gewinnung von Steinen und Erden;108,5;2020=100;VST066;Index d.tarifl. Monatsverdienste ohne Sonderzahl.
62221;Vj. Index der Tarifverdienste und Arbeitszeiten;JAHR;Jahr;2023;DINSGF;Früheres Bundesgebiet / Neue Länder;DN;Neue Länder;WZ08C7;WZ2008 (ausgewählte Positionen): Tarifindex;WZ08-B;Bergbau und Gewinnung von Steinen und Erden;100,0;2020=100;VST018;Index der tariflichen Wochenarbeitszeit
62221;Vj. Index der Tarifverdienste und Arbeitszeiten;JAHR;Jahr;2023;DINSGF;Früheres Bundesgebiet / Neue Länder;DN;Neue Länder;WZ08C7;WZ2008 (ausgewählte Positionen): Tarifindex;WZ08-B;Bergbau und Gewinnung von Steinen und Erden;108,5;2020=100;VST065;Index d.tarifl. Stundenverdienste ohne Sonderzahl.
62221;Vj. Index der Tarifverdienste und Arbeitszeiten;JAHR;Jahr;2024;DINSGF;Früheres Bundesgebiet / Neue Länder;DN;Neue Länder;WZ08C7;WZ2008 (ausgewählte Positionen): Tarifindex;WZ08-12;Tabakverarbeitung;116,9;2020=100;VST072;Index d.tarifl. Stundenverdienste mit Sonderzahl.
62221;Vj. Index der Tarifverdienste und Arbeitszeiten;JAHR;Jahr;2024;DINSGF;Früheres Bundesgebiet / Neue Länder;DN;Neue Länder;WZ08C7;WZ2008 (ausgewählte Positionen): Tarifindex;WZ08-12;Tabakverarbeitung;116,9;2020=100;VST073;Index d.tarifl. Monatsverdienste mit Sonderzahl.
62221;Vj. Index der Tarifverdienste und Arbeitszeiten;JAHR;Jahr;2024;DINSGF;Früheres Bundesgebiet / Neue Länder;DN;Neue Länder;WZ08C7;WZ2008 (ausgewählte Positionen): Tarifindex;WZ08-12;Tabakverarbeitung;38,2;h;VST019;Durchschnittliche tarifliche Wochenarbeitszeit
62221;Vj. Index der Tarifverdienste und Arbeitszeiten;JAHR;Jahr;2024;DINSGF;Früheres Bundesgebiet / Neue Länder;DN;Neue Länder;WZ08C7;WZ2008 (ausgewählte Positionen): Tarifindex;WZ08-12;Tabakverarbeitung;115,7;2020=100;VST066;Index d.tarifl. Monatsverdienste ohne Sonderzahl.
62221;Vj. Index der Tarifverdienste und Arbeitszeiten;JAHR;Jahr;2024;DINSGF;Früheres Bundesgebiet / Neue Länder;DN;Neue Länder;WZ08C7;WZ2008 (ausgewählte Positionen): Tarifindex;WZ08-12;Tabakverarbeitung;100,0;2020=100;VST018;Index der tariflichen Wochenarbeitszeit
62221;Vj. Index der Tarifverdienste und Arbeitszeiten;JAHR;Jahr;2024;DINSGF;Früheres Bundesgebiet / Neue Länder;DN;Neue Länder;WZ08C7;WZ2008 (ausgewählte Positionen): Tarifindex;WZ08-12;Tabakverarbeitung;115,7;2020=100;VST065;Index d.tarifl. Stundenverdienste ohne Sonderzahl.
62221;Vj. Index der Tarifverdienste und Arbeitszeiten;JAHR;Jahr;2017;DINSGF;Früheres Bundesgebiet / Neue Länder;DF;Früheres Bundesgebiet;WZ08C7;WZ2008 (ausgewählte Positionen): Tarifindex;WZ08-29;Herstellung von Kraftwagen und Kraftwagenteilen;92,8;2020=100;VST072;Index d.tarifl. Stundenverdienste mit Sonderzahl.
62221;Vj. Index der Tarifverdienste und Arbeitszeiten;JAHR;Jahr;2017;DINSGF;Früheres Bundesgebiet / Neue Länder;DF;Früheres Bundesgebiet;WZ08C7;WZ2008 (ausgewählte Positionen): Tarifindex;WZ08-29;Herstellung von Kraftwagen und Kraftwagenteilen;92,8;2020=100;VST073;Index d.tarifl. Monatsverdienste mit Sonderzahl.
62221;Vj. Index der Tarifverdienste und Arbeitszeiten;JAHR;Jahr;2017;DINSGF;Früheres Bundesgebiet / Neue Länder;DF;Früheres Bundesgebiet;WZ08C7;WZ2008 (ausgewählte Positionen): Tarifindex;WZ08-29;Herstellung von Kraftwagen und Kraftwagenteilen;35,2;h;VST019;Durchschnittliche tarifliche Wochenarbeitszeit
62221;Vj. Index der Tarifverdienste und Arbeitszeiten;JAHR;Jahr;2017;DINSGF;Früheres Bundesgebiet / Neue Länder;DF;Früheres Bundesgebiet;WZ08C7;WZ2008 (ausgewählte Positionen): Tarifindex;WZ08-29;Herstellung von Kraftwagen und Kraftwagenteilen;95,1;2020=100;VST066;Index d.tarifl. Monatsverdienste ohne Sonderzahl.
62221;Vj. Index der Tarifverdienste und Arbeitszeiten;JAHR;Jahr;2017;DINSGF;Früheres Bundesgebiet / Neue Länder;DF;Früheres Bundesgebiet;WZ08C7;WZ2008 (ausgewählte Positionen): Tarifindex;WZ08-29;Herstellung von Kraftwagen und Kraftwagenteilen;100,0;2020=100;VST018;Index der tariflichen Wochenarbeitszeit
62221;Vj. Index der Tarifverdienste und Arbeitszeiten;JAHR;Jahr;2017;DINSGF;Früheres Bundesgebiet / Neue Länder;DF;Früheres Bundesgebiet;WZ08C7;WZ2008 (ausgewählte Positionen): Tarifindex;WZ08-29;Herstellung von Kraftwagen und Kraftwagenteilen;95,1;2020=100;VST065;Index d.tarifl. Stundenverdienste ohne Sonderzahl.
62221;Vj. Index der Tarifverdienste und Arbeitszeiten;JAHR;Jahr;2019;DINSGF;Früheres Bundesgebiet / Neue Länder;DN;Neue Länder;WZ08C7;WZ2008 (ausgewählte Positionen): Tarifindex;WZ08-95;Reparatur von DV-Geräten und Gebrauchsgütern;99,5;2020=100;VST072;Index d.tarifl. Stundenverdienste mit Sonderzahl.
62221;Vj. Index der Tarifverdienste und Arbeitszeiten;JAHR;Jahr;2019;DINSGF;Früheres Bundesgebiet / Neue Länder;DN;Neue Länder;WZ08C7;WZ2008 (ausgewählte Positionen): Tarifindex;WZ08-95;Reparatur von DV-Geräten und Gebrauchsgütern;99,5;2020=100;VST073;Index d.tarifl. Monatsverdienste mit Sonderzahl.
62221;Vj. Index der Tarifverdienste und Arbeitszeiten;JAHR;Jahr;2019;DINSGF;Früheres Bundesgebiet / Neue Länder;DN;Neue Länder;WZ08C7;WZ2008 (ausgewählte Positionen): Tarifindex;WZ08-95;Reparatur von DV-Geräten und Gebrauchsgütern;37,7;h;VST019;Durchschnittliche tarifliche Wochenarbeitszeit
62221;Vj. Index der Tarifverdienste und Arbeitszeiten;JAHR;Jahr;2019;DINSGF;Früheres Bundesgebiet / Neue Länder;DN;Neue Länder;WZ08C7;WZ2008 (ausgewählte Positionen): Tarifindex;WZ08-95;Reparatur von DV-Geräten und Gebrauchsgütern;99,3;2020=100;VST066;Index d.tarifl. Monatsverdienste ohne Sonderzahl.
62221;Vj. Index der Tarifverdienste und Arbeitszeiten;JAHR;Jahr;2019;DINSGF;Früheres Bundesgebiet / Neue Länder;DN;Neue Länder;WZ08C7;WZ2008 (ausgewählte Positionen): Tarifindex;WZ08-95;Reparatur von DV-Geräten und Gebrauchsgütern;100,0;2020=100;VST018;Index der tariflichen Wochenarbeitszeit
62221;Vj. Index der Tarifverdienste und Arbeitszeiten;JAHR;Jahr;2019;DINSGF;Früheres Bundesgebiet / Neue Länder;DN;Neue Länder;WZ08C7;WZ2008 (ausgewählte Positionen): Tarifindex;WZ08-95;Reparatur von DV-Geräten und Gebrauchsgütern;99,3;2020=100;VST065;Index d.tarifl. Stundenverdienste ohne Sonderzahl.
62221;Vj. Index der Tarifverdienste und Arbeitszeiten;JAHR;Jahr;2019;DINSGF;Früheres Bundesgebiet / Neue Länder;DF;Früheres Bundesgebiet;WZ08C7;WZ2008 (ausgewählte Positionen): Tarifindex;WZ08-D-06;Energie- und Wasserversorgung;97,9;2020=100;VST072;Index d.tarifl. Stundenverdienste mit Sonderzahl.
62221;Vj. Index der Tarifverdienste und Arbeitszeiten;JAHR;Jahr;2019;DINSGF;Früheres Bundesgebiet / Neue Länder;DF;Früheres Bundesgebiet;WZ08C7;WZ2008 (ausgewählte Positionen): Tarifindex;WZ08-D-06;Energie- und Wasserversorgung;97,9;2020=100;VST073;Index d.tarifl. Monatsverdienste mit Sonderzahl.
62221;Vj. Index der Tarifverdienste und Arbeitszeiten;JAHR;Jahr;2019;DINSGF;Früheres Bundesgebiet / Neue Länder;DF;Früheres Bundesgebiet;WZ08C7;WZ2008 (ausgewählte Positionen): Tarifindex;WZ08-D-06;Energie- und Wasserversorgung;38,5;h;VST019;Durchschnittliche tarifliche Wochenarbeitszeit
62221;Vj. Index der Tarifverdienste und Arbeitszeiten;JAHR;Jahr;2019;DINSGF;Früheres Bundesgebiet / Neue Länder;DF;Früheres Bundesgebiet;WZ08C7;WZ2008 (ausgewählte Positionen): Tarifindex;WZ08-D-06;Energie- und Wasserversorgung;98,1;2020=100;VST066;Index d.tarifl. Monatsverdienste ohne Sonderzahl.
62221;Vj. Index der Tarifverdienste und Arbeitszeiten;JAHR;Jahr;2019;DINSGF;Früheres Bundesgebiet / Neue Länder;DF;Früheres Bundesgebiet;WZ08C7;WZ2008 (ausgewählte Positionen): Tarifindex;WZ08-D-06;Energie- und Wasserversorgung;100,0;2020=100;VST018;Index der tariflichen Wochenarbeitszeit
62221;Vj. Index der Tarifverdienste und Arbeitszeiten;JAHR;Jahr;2019;DINSGF;Früheres Bundesgebiet / Neue Länder;DF;Früheres Bundesgebiet;WZ08C7;WZ2008 (ausgewählte Positionen): Tarifindex;WZ08-D-06;Energie- und Wasserversorgung;98,1;2020=100;VST065;Index d.tarifl. Stundenverdienste ohne Sonderzahl.
62221;Vj. Index der Tarifverdienste und Arbeitszeiten;JAHR;Jahr;2024;DINSGF;Früheres Bundesgebiet / Neue Länder;DF;Früheres Bundesgebiet;WZ08C7;WZ2008 (ausgewählte Positionen): Tarifindex;WZ08-06;Gewinnung von Erdöl und Erdgas;115,1;2020=100;VST072;Index d.tarifl. Stundenverdienste mit Sonderzahl.
62221;Vj. Index der Tarifverdienste und Arbeitszeiten;JAHR;Jahr;2024;DINSGF;Früheres Bundesgebiet / Neue Länder;DF;Früheres Bundesgebiet;WZ08C7;WZ2008 (ausgewählte Positionen): Tarifindex;WZ08-06;Gewinnung von Erdöl und Erdgas;114,5;2020=100;VST073;Index d.tarifl. Monatsverdienste mit Sonderzahl.
62221;Vj. Index der Tarifverdienste und Arbeitszeiten;JAHR;Jahr;2024;DINSGF;Früheres Bundesgebiet / Neue Länder;DF;Früheres Bundesgebiet;WZ08C7;WZ2008 (ausgewählte Positionen): Tarifindex;WZ08-06;Gewinnung von Erdöl und Erdgas;37,8;h;VST019;Durchschnittliche tarifliche Wochenarbeitszeit
62221;Vj. Index der Tarifverdienste und Arbeitszeiten;JAHR;Jahr;2024;DINSGF;Früheres Bundesgebiet / Neue Länder;DF;Früheres Bundesgebiet;WZ08C7;WZ2008 (ausgewählte Positionen): Tarifindex;WZ08-06;Gewinnung von Erdöl und Erdgas;114,1;2020=100;VST066;Index d.tarifl. Monatsverdienste ohne Sonderzahl.
62221;Vj. Index der Tarifverdienste und Arbeitszeiten;JAHR;Jahr;2024;DINSGF;Früheres Bundesgebiet / Neue Länder;DF;Früheres Bundesgebiet;WZ08C7;WZ2008 (ausgewählte Positionen): Tarifindex;WZ08-06;Gewinnung von Erdöl und Erdgas;99,5;2020=100;VST018;Index der tariflichen Wochenarbeitszeit
62221;Vj. Index der Tarifverdienste und Arbeitszeiten;JAHR;Jahr;2024;DINSGF;Früheres Bundesgebiet / Neue Länder;DF;Früheres Bundesgebiet;WZ08C7;WZ2008 (ausgewählte Positionen): Tarifindex;WZ08-06;Gewinnung von Erdöl und Erdgas;114,7;2020=100;VST065;Index d.tarifl. Stundenverdienste ohne Sonderzahl.
62221;Vj. Index der Tarifverdienste und Arbeitszeiten;JAHR;Jahr;2018;DINSGF;Früheres Bundesgebiet / Neue Länder;DF;Früheres Bundesgebiet;WZ08C7;WZ2008 (ausgewählte Positionen): Tarifindex;WZ08-I;Gastgewerbe;96,0;2020=100;VST072;Index d.tarifl. Stundenverdienste mit Sonderzahl.
62221;Vj. Index der Tarifverdienste und Arbeitszeiten;JAHR;Jahr;2018;DINSGF;Früheres Bundesgebiet / Neue Länder;DF;Früheres Bundesgebiet;WZ08C7;WZ2008 (ausgewählte Positionen): Tarifindex;WZ08-I;Gastgewerbe;96,0;2020=100;VST073;Index d.tarifl. Monatsverdienste mit Sonderzahl.
62221;Vj. Index der Tarifverdienste und Arbeitszeiten;JAHR;Jahr;2018;DINSGF;Früheres Bundesgebiet / Neue Länder;DF;Früheres Bundesgebiet;WZ08C7;WZ2008 (ausgewählte Positionen): Tarifindex;WZ08-I;Gastgewerbe;39,0;h;VST019;Durchschnittliche tarifliche Wochenarbeitszeit
62221;Vj. Index der Tarifverdienste und Arbeitszeiten;JAHR;Jahr;2018;DINSGF;Früheres Bundesgebiet / Neue Länder;DF;Früheres Bundesgebiet;WZ08C7;WZ2008 (ausgewählte Positionen): Tarifindex;WZ08-I;Gastgewerbe;95,5;2020=100;VST066;Index d.tarifl. Monatsverdienste ohne Sonderzahl.
62221;Vj. Index der Tarifverdienste und Arbeitszeiten;JAHR;Jahr;2018;DINSGF;Früheres Bundesgebiet / Neue Länder;DF;Früheres Bundesgebiet;WZ08C7;WZ2008 (ausgewählte Positionen): Tarifindex;WZ08-I;Gastgewerbe;100,0;2020=100;VST018;Index der tariflichen Wochenarbeitszeit
62221;Vj. Index der Tarifverdienste und Arbeitszeiten;JAHR;Jahr;2018;DINSGF;Früheres Bundesgebiet / Neue Länder;DF;Früheres Bundesgebiet;WZ08C7;WZ2008 (ausgewählte Positionen): Tarifindex;WZ08-I;Gastgewerbe;95,5;2020=100;VST065;Index d.tarifl. Stundenverdienste ohne Sonderzahl.
62221;Vj. Index der Tarifverdienste und Arbeitszeiten;JAHR;Jahr;2023;DINSGF;Früheres Bundesgebiet / Neue Länder;DF;Früheres Bundesgebiet;WZ08C7;WZ2008 (ausgewählte Positionen): Tarifindex;WZ08-87;Heime (ohne Erholungs- und Ferienheime);108,8;2020=100;VST072;Index d.tarifl. Stundenverdienste mit Sonderzahl.
62221;Vj. Index der Tarifverdienste und Arbeitszeiten;JAHR;Jahr;2023;DINSGF;Früheres Bundesgebiet / Neue Länder;DF;Früheres Bundesgebiet;WZ08C7;WZ2008 (ausgewählte Positionen): Tarifindex;WZ08-87;Heime (ohne Erholungs- und Ferienheime);108,8;2020=100;VST073;Index d.tarifl. Monatsverdienste mit Sonderzahl.
62221;Vj. Index der Tarifverdienste und Arbeitszeiten;JAHR;Jahr;2023;DINSGF;Früheres Bundesgebiet / Neue Länder;DF;Früheres Bundesgebiet;WZ08C7;WZ2008 (ausgewählte Positionen): Tarifindex;WZ08-87;Heime (ohne Erholungs- und Ferienheime);39,0;h;VST019;Durchschnittliche tarifliche Wochenarbeitszeit
62221;Vj. Index der Tarifverdienste und Arbeitszeiten;JAHR;Jahr;2023;DINSGF;Früheres Bundesgebiet / Neue Länder;DF;Früheres Bundesgebiet;WZ08C7;WZ2008 (ausgewählte Positionen): Tarifindex;WZ08-87;Heime (ohne Erholungs- und Ferienheime);106,4;2020=100;VST066;Index d.tarifl. Monatsverdienste ohne Sonderzahl.
62221;Vj. Index der Tarifverdienste und Arbeitszeiten;JAHR;Jahr;2023;DINSGF;Früheres Bundesgebiet / Neue Länder;DF;Früheres Bundesgebiet;WZ08C7;WZ2008 (ausgewählte Positionen): Tarifindex;WZ08-87;Heime (ohne Erholungs- und Ferienheime);100,0;2020=100;VST018;Index der tariflichen Wochenarbeitszeit
62221;Vj. Index der Tarifverdienste und Arbeitszeiten;JAHR;Jahr;2023;DINSGF;Früheres Bundesgebiet / Neue Länder;DF;Früheres Bundesgebiet;WZ08C7;WZ2008 (ausgewählte Positionen): Tarifindex;WZ08-87;Heime (ohne Erholungs- und Ferienheime);106,4;2020=100;VST065;Index d.tarifl. Stundenverdienste ohne Sonderzahl.
62221;Vj. Index der Tarifverdienste und Arbeitszeiten;JAHR;Jahr;2021;DINSGF;Früheres Bundesgebiet / Neue Länder;DF;Früheres Bundesgebiet;WZ08C7;WZ2008 (ausgewählte Positionen): Tarifindex;WZ08-63;Informationsdienstleistungen;100,6;2020=100;VST072;Index d.tarifl. Stundenverdienste mit Sonderzahl.
62221;Vj. Index der Tarifverdienste und Arbeitszeiten;JAHR;Jahr;2021;DINSGF;Früheres Bundesgebiet / Neue Länder;DF;Früheres Bundesgebiet;WZ08C7;WZ2008 (ausgewählte Positionen): Tarifindex;WZ08-63;Informationsdienstleistungen;100,6;2020=100;VST073;Index d.tarifl. Monatsverdienste mit Sonderzahl.
62221;Vj. Index der Tarifverdienste und Arbeitszeiten;JAHR;Jahr;2021;DINSGF;Früheres Bundesgebiet / Neue Länder;DF;Früheres Bundesgebiet;WZ08C7;WZ2008 (ausgewählte Positionen): Tarifindex;WZ08-63;Informationsdienstleistungen;38,4;h;VST019;Durchschnittliche tarifliche Wochenarbeitszeit
62221;Vj. Index der Tarifverdienste und Arbeitszeiten;JAHR;Jahr;2021;DINSGF;Früheres Bundesgebiet / Neue Länder;DF;Früheres Bundesgebiet;WZ08C7;WZ2008 (ausgewählte Positionen): Tarifindex;WZ08-63;Informationsdienstleistungen;100,8;2020=100;VST066;Index d.tarifl. Monatsverdienste ohne Sonderzahl.
62221;Vj. Index der Tarifverdienste und Arbeitszeiten;JAHR;Jahr;2021;DINSGF;Früheres Bundesgebiet / Neue Länder;DF;Früheres Bundesgebiet;WZ08C7;WZ2008 (ausgewählte Positionen): Tarifindex;WZ08-63;Informationsdienstleistungen;100,0;2020=100;VST018;Index der tariflichen Wochenarbeitszeit
62221;Vj. Index der Tarifverdienste und Arbeitszeiten;JAHR;Jahr;2021;DINSGF;Früheres Bundesgebiet / Neue Länder;DF;Früheres Bundesgebiet;WZ08C7;WZ2008 (ausgewählte Positionen): Tarifindex;WZ08-63;Informationsdienstleistungen;100,8;2020=100;VST065;Index d.tarifl. Stundenverdienste ohne Sonderzahl.
62221;Vj. Index der Tarifverdienste und Arbeitszeiten;JAHR;Jahr;2021;DINSGF;Früheres Bundesgebiet / Neue Länder;DN;Neue Länder;WZ08C7;WZ2008 (ausgewählte Positionen): Tarifindex;WZ08-72-01;Forschung,Werbung u.Marktforschung,Veterinärwesen;101,2;2020=100;VST072;Index d.tarifl. Stundenverdienste mit Sonderzahl.
62221;Vj. Index der Tarifverdienste und Arbeitszeiten;JAHR;Jahr;2021;DINSGF;Früheres Bundesgebiet / Neue Länder;DN;Neue Länder;WZ08C7;WZ2008 (ausgewählte Positionen): Tarifindex;WZ08-72-01;Forschung,Werbung u.Marktforschung,Veterinärwesen;101,2;2020=100;VST073;Index d.tarifl. Monatsverdienste mit Sonderzahl.
62221;Vj. Index der Tarifverdienste und Arbeitszeiten;JAHR;Jahr;2021;DINSGF;Früheres Bundesgebiet / Neue Länder;DN;Neue Länder;WZ08C7;WZ2008 (ausgewählte Positionen): Tarifindex;WZ08-72-01;Forschung,Werbung u.Marktforschung,Veterinärwesen;39,3;h;VST019;Durchschnittliche tarifliche Wochenarbeitszeit
62221;Vj. Index der Tarifverdienste und Arbeitszeiten;JAHR;Jahr;2021;DINSGF;Früheres Bundesgebiet / Neue Länder;DN;Neue Länder;WZ08C7;WZ2008 (ausgewählte Positionen): Tarifindex;WZ08-72-01;Forschung,Werbung u.Marktforschung,Veterinärwesen;101,3;2020=100;VST066;Index d.tarifl. Monatsverdienste ohne Sonderzahl.
62221;Vj. Index der Tarifverdienste und Arbeitszeiten;JAHR;Jahr;2021;DINSGF;Früheres Bundesgebiet / Neue Länder;DN;Neue Länder;WZ08C7;WZ2008 (ausgewählte Positionen): Tarifindex;WZ08-72-01;Forschung,Werbung u.Marktforschung,Veterinärwesen;100,0;2020=100;VST018;Index der tariflichen Wochenarbeitszeit
62221;Vj. Index der Tarifverdienste und Arbeitszeiten;JAHR;Jahr;2021;DINSGF;Früheres Bundesgebiet / Neue Länder;DN;Neue Länder;WZ08C7;WZ2008 (ausgewählte Positionen): Tarifindex;WZ08-72-01;Forschung,Werbung u.Marktforschung,Veterinärwesen;101,3;2020=100;VST065;Index d.tarifl. Stundenverdienste ohne Sonderzahl.
62221;Vj. Index der Tarifverdienste und Arbeitszeiten;JAHR;Jahr;2020;DINSGF;Früheres Bundesgebiet / Neue Länder;DF;Früheres Bundesgebiet;WZ08C7;WZ2008 (ausgewählte Positionen): Tarifindex;WZ08-B-14;Kohlenbergbau, Gewinnung von Erdöl und Erdgas;100,0;2020=100;VST072;Index d.tarifl. Stundenverdienste mit Sonderzahl.
62221;Vj. Index der Tarifverdienste und Arbeitszeiten;JAHR;Jahr;2020;DINSGF;Früheres Bundesgebiet / Neue Länder;DF;Früheres Bundesgebiet;WZ08C7;WZ2008 (ausgewählte Positionen): Tarifindex;WZ08-B-14;Kohlenbergbau, Gewinnung von Erdöl und Erdgas;100,0;2020=100;VST073;Index d.tarifl. Monatsverdienste mit Sonderzahl.
62221;Vj. Index der Tarifverdienste und Arbeitszeiten;JAHR;Jahr;2020;DINSGF;Früheres Bundesgebiet / Neue Länder;DF;Früheres Bundesgebiet;WZ08C7;WZ2008 (ausgewählte Positionen): Tarifindex;WZ08-B-14;Kohlenbergbau, Gewinnung von Erdöl und Erdgas;39,5;h;VST019;Durchschnittliche tarifliche Wochenarbeitszeit
62221;Vj. Index der Tarifverdienste und Arbeitszeiten;JAHR;Jahr;2020;DINSGF;Früheres Bundesgebiet / Neue Länder;DF;Früheres Bundesgebiet;WZ08C7;WZ2008 (ausgewählte Positionen): Tarifindex;WZ08-B-14;Kohlenbergbau, Gewinnung von Erdöl und Erdgas;100,0;2020=100;VST066;Index d.tarifl. Monatsverdienste ohne Sonderzahl.
62221;Vj. Index der Tarifverdienste und Arbeitszeiten;JAHR;Jahr;2020;DINSGF;Früheres Bundesgebiet / Neue Länder;DF;Früheres Bundesgebiet;WZ08C7;WZ2008 (ausgewählte Positionen): Tarifindex;WZ08-B-14;Kohlenbergbau, Gewinnung von Erdöl und Erdgas;100,0;2020=100;VST018;Index der tariflichen Wochenarbeitszeit
62221;Vj. Index der Tarifverdienste und Arbeitszeiten;JAHR;Jahr;2020;DINSGF;Früheres Bundesgebiet / Neue Länder;DF;Früheres Bundesgebiet;WZ08C7;WZ2008 (ausgewählte Positionen): Tarifindex;WZ08-B-14;Kohlenbergbau, Gewinnung von Erdöl und Erdgas;100,0;2020=100;VST065;Index d.tarifl. Stundenverdienste ohne Sonderzahl.
62221;Vj. Index der Tarifverdienste und Arbeitszeiten;JAHR;Jahr;2018;DINSGF;Früheres Bundesgebiet / Neue Länder;DF;Früheres Bundesgebiet;WZ08C7;WZ2008 (ausgewählte Positionen): Tarifindex;WZ08-86;Gesundheitswesen;94,7;2020=100;VST072;Index d.tarifl. Stundenverdienste mit Sonderzahl.
62221;Vj. Index der Tarifverdienste und Arbeitszeiten;JAHR;Jahr;2018;DINSGF;Früheres Bundesgebiet / Neue Länder;DF;Früheres Bundesgebiet;WZ08C7;WZ2008 (ausgewählte Positionen): Tarifindex;WZ08-86;Gesundheitswesen;94,7;2020=100;VST073;Index d.tarifl. Monatsverdienste mit Sonderzahl.
62221;Vj. Index der Tarifverdienste und Arbeitszeiten;JAHR;Jahr;2018;DINSGF;Früheres Bundesgebiet / Neue Länder;DF;Früheres Bundesgebiet;WZ08C7;WZ2008 (ausgewählte Positionen): Tarifindex;WZ08-86;Gesundheitswesen;39,2;h;VST019;Durchschnittliche tarifliche Wochenarbeitszeit
62221;Vj. Index der Tarifverdienste und Arbeitszeiten;JAHR;Jahr;2018;DINSGF;Früheres Bundesgebiet / Neue Länder;DF;Früheres Bundesgebiet;WZ08C7;WZ2008 (ausgewählte Positionen): Tarifindex;WZ08-86;Gesundheitswesen;94,7;2020=100;VST066;Index d.tarifl. Monatsverdienste ohne Sonderzahl.
62221;Vj. Index der Tarifverdienste und Arbeitszeiten;JAHR;Jahr;2018;DINSGF;Früheres Bundesgebiet / Neue Länder;DF;Früheres Bundesgebiet;WZ08C7;WZ2008 (ausgewählte Positionen): Tarifindex;WZ08-86;Gesundheitswesen;100,0;2020=100;VST018;Index der tariflichen Wochenarbeitszeit
62221;Vj. Index der Tarifverdienste und Arbeitszeiten;JAHR;Jahr;2018;DINSGF;Früheres Bundesgebiet / Neue Länder;DF;Früheres Bundesgebiet;WZ08C7;WZ2008 (ausgewählte Positionen): Tarifindex;WZ08-86;Gesundheitswesen;94,7;2020=100;VST065;Index d.tarifl. Stundenverdienste ohne Sonderzahl.
62221;Vj. Index der Tarifverdienste und Arbeitszeiten;JAHR;Jahr;2016;DINSGF;Früheres Bundesgebiet / Neue Länder;DF;Früheres Bundesgebiet;WZ08C7;WZ2008 (ausgewählte Positionen): Tarifindex;WZ-X002;Investitionsgüterproduzenten;90,5;2020=100;VST072;Index d.tarifl. Stundenverdienste mit Sonderzahl.
62221;Vj. Index der Tarifverdienste und Arbeitszeiten;JAHR;Jahr;2016;DINSGF;Früheres Bundesgebiet / Neue Länder;DF;Früheres Bundesgebiet;WZ08C7;WZ2008 (ausgewählte Positionen): Tarifindex;WZ-X002;Investitionsgüterproduzenten;90,5;2020=100;VST073;Index d.tarifl. Monatsverdienste mit Sonderzahl.
62221;Vj. Index der Tarifverdienste und Arbeitszeiten;JAHR;Jahr;2016;DINSGF;Früheres Bundesgebiet / Neue Länder;DF;Früheres Bundesgebiet;WZ08C7;WZ2008 (ausgewählte Positionen): Tarifindex;WZ-X002;Investitionsgüterproduzenten;35,2;h;VST019;Durchschnittliche tarifliche Wochenarbeitszeit
62221;Vj. Index der Tarifverdienste und Arbeitszeiten;JAHR;Jahr;2016;DINSGF;Früheres Bundesgebiet / Neue Länder;DF;Früheres Bundesgebiet;WZ08C7;WZ2008 (ausgewählte Positionen): Tarifindex;WZ-X002;Investitionsgüterproduzenten;92,7;2020=100;VST066;Index d.tarifl. Monatsverdienste ohne Sonderzahl.
62221;Vj. Index der Tarifverdienste und Arbeitszeiten;JAHR;Jahr;2016;DINSGF;Früheres Bundesgebiet / Neue Länder;DF;Früheres Bundesgebiet;WZ08C7;WZ2008 (ausgewählte Positionen): Tarifindex;WZ-X002;Investitionsgüterproduzenten;100,0;2020=100;VST018;Index der tariflichen Wochenarbeitszeit
62221;Vj. Index der Tarifverdienste und Arbeitszeiten;JAHR;Jahr;2016;DINSGF;Früheres Bundesgebiet / Neue Länder;DF;Früheres Bundesgebiet;WZ08C7;WZ2008 (ausgewählte Positionen): Tarifindex;WZ-X002;Investitionsgüterproduzenten;92,7;2020=100;VST065;Index d.tarifl. Stundenverdienste ohne Sonderzahl.
62221;Vj. Index der Tarifverdienste und Arbeitszeiten;JAHR;Jahr;2019;DINSGF;Früheres Bundesgebiet / Neue Länder;DN;Neue Länder;WZ08C7;WZ2008 (ausgewählte Positionen): Tarifindex;WZ08-C;Verarbeitendes Gewerbe;99,0;2020=100;VST072;Index d.tarifl. Stundenverdienste mit Sonderzahl.
62221;Vj. Index der Tarifverdienste und Arbeitszeiten;JAHR;Jahr;2019;DINSGF;Früheres Bundesgebiet / Neue Länder;DN;Neue Länder;WZ08C7;WZ2008 (ausgewählte Positionen): Tarifindex;WZ08-C;Verarbeitendes Gewerbe;99,0;2020=100;VST073;Index d.tarifl. Monatsverdienste mit Sonderzahl.
62221;Vj. Index der Tarifverdienste und Arbeitszeiten;JAHR;Jahr;2019;DINSGF;Früheres Bundesgebiet / Neue Länder;DN;Neue Länder;WZ08C7;WZ2008 (ausgewählte Positionen): Tarifindex;WZ08-C;Verarbeitendes Gewerbe;38,1;h;VST019;Durchschnittliche tarifliche Wochenarbeitszeit
62221;Vj. Index der Tarifverdienste und Arbeitszeiten;JAHR;Jahr;2019;DINSGF;Früheres Bundesgebiet / Neue Länder;DN;Neue Länder;WZ08C7;WZ2008 (ausgewählte Positionen): Tarifindex;WZ08-C;Verarbeitendes Gewerbe;99,3;2020=100;VST066;Index d.tarifl. Monatsverdienste ohne Sonderzahl.
62221;Vj. Index der Tarifverdienste und Arbeitszeiten;JAHR;Jahr;2019;DINSGF;Früheres Bundesgebiet / Neue Länder;DN;Neue Länder;WZ08C7;WZ2008 (ausgewählte Positionen): Tarifindex;WZ08-C;Verarbeitendes Gewerbe;100,1;2020=100;VST018;Index der tariflichen Wochenarbeitszeit
62221;Vj. Index der Tarifverdienste und Arbeitszeiten;JAHR;Jahr;2019;DINSGF;Früheres Bundesgebiet / Neue Länder;DN;Neue Länder;WZ08C7;WZ2008 (ausgewählte Positionen): Tarifindex;WZ08-C;Verarbeitendes Gewerbe;99,2;2020=100;VST065;Index d.tarifl. Stundenverdienste ohne Sonderzahl.
62221;Vj. Index der Tarifverdienste und Arbeitszeiten;JAHR;Jahr;2020;DINSGF;Früheres Bundesgebiet / Neue Länder;DN;Neue Länder;WZ08C7;WZ2008 (ausgewählte Positionen): Tarifindex;WZ08-82;Dienstleistungen für Unternehmen u.Privatpers. ang;100,0;2020=100;VST072;Index d.tarifl. Stundenverdienste mit Sonderzahl.
62221;Vj. Index der Tarifverdienste und Arbeitszeiten;JAHR;Jahr;2020;DINSGF;Früheres Bundesgebiet / Neue Länder;DN;Neue Länder;WZ08C7;WZ2008 (ausgewählte Positionen): Tarifindex;WZ08-82;Dienstleistungen für Unternehmen u.Privatpers. ang;100,0;2020=100;VST073;Index d.tarifl. Monatsverdienste mit Sonderzahl.
62221;Vj. Index der Tarifverdienste und Arbeitszeiten;JAHR;Jahr;2020;DINSGF;Früheres Bundesgebiet / Neue Länder;DN;Neue Länder;WZ08C7;WZ2008 (ausgewählte Positionen): Tarifindex;WZ08-82;Dienstleistungen für Unternehmen u.Privatpers. ang;38,2;h;VST019;Durchschnittliche tarifliche Wochenarbeitszeit
62221;Vj. Index der Tarifverdienste und Arbeitszeiten;JAHR;Jahr;2020;DINSGF;Früheres Bundesgebiet / Neue Länder;DN;Neue Länder;WZ08C7;WZ2008 (ausgewählte Positionen): Tarifindex;WZ08-82;Dienstleistungen für Unternehmen u.Privatpers. ang;100,0;2020=100;VST066;Index d.tarifl. Monatsverdienste ohne Sonderzahl.
62221;Vj. Index der Tarifverdienste und Arbeitszeiten;JAHR;Jahr;2020;DINSGF;Früheres Bundesgebiet / Neue Länder;DN;Neue Länder;WZ08C7;WZ2008 (ausgewählte Positionen): Tarifindex;WZ08-82;Dienstleistungen für Unternehmen u.Privatpers. ang;100,0;2020=100;VST018;Index der tariflichen Wochenarbeitszeit
62221;Vj. Index der Tarifverdienste und Arbeitszeiten;JAHR;Jahr;2020;DINSGF;Früheres Bundesgebiet / Neue Länder;DN;Neue Länder;WZ08C7;WZ2008 (ausgewählte Positionen): Tarifindex;WZ08-82;Dienstleistungen für Unternehmen u.Privatpers. ang;100,0;2020=100;VST065;Index d.tarifl. Stundenverdienste ohne Sonderzahl.
62221;Vj. Index der Tarifverdienste und Arbeitszeiten;JAHR;Jahr;2019;DINSGF;Früheres Bundesgebiet / Neue Länder;DN;Neue Länder;WZ08C7;WZ2008 (ausgewählte Positionen): Tarifindex;WZ08-O;Öff. Verwaltung, Verteidigung, Sozialversicherung;97,3;2020=100;VST072;Index d.tarifl. Stundenverdienste mit Sonderzahl.
62221;Vj. Index der Tarifverdienste und Arbeitszeiten;JAHR;Jahr;2019;DINSGF;Früheres Bundesgebiet / Neue Länder;DN;Neue Länder;WZ08C7;WZ2008 (ausgewählte Positionen): Tarifindex;WZ08-O;Öff. Verwaltung, Verteidigung, Sozialversicherung;97,3;2020=100;VST073;Index d.tarifl. Monatsverdienste mit Sonderzahl.
62221;Vj. Index der Tarifverdienste und Arbeitszeiten;JAHR;Jahr;2019;DINSGF;Früheres Bundesgebiet / Neue Länder;DN;Neue Länder;WZ08C7;WZ2008 (ausgewählte Positionen): Tarifindex;WZ08-O;Öff. Verwaltung, Verteidigung, Sozialversicherung;39,7;h;VST019;Durchschnittliche tarifliche Wochenarbeitszeit
62221;Vj. Index der Tarifverdienste und Arbeitszeiten;JAHR;Jahr;2019;DINSGF;Früheres Bundesgebiet / Neue Länder;DN;Neue Länder;WZ08C7;WZ2008 (ausgewählte Positionen): Tarifindex;WZ08-O;Öff. Verwaltung, Verteidigung, Sozialversicherung;96,9;2020=100;VST066;Index d.tarifl. Monatsverdienste ohne Sonderzahl.
62221;Vj. Index der Tarifverdienste und Arbeitszeiten;JAHR;Jahr;2019;DINSGF;Früheres Bundesgebiet / Neue Länder;DN;Neue Länder;WZ08C7;WZ2008 (ausgewählte Positionen): Tarifindex;WZ08-O;Öff. Verwaltung, Verteidigung, Sozialversicherung;100,0;2020=100;VST018;Index der tariflichen Wochenarbeitszeit
62221;Vj. Index der Tarifverdienste und Arbeitszeiten;JAHR;Jahr;2019;DINSGF;Früheres Bundesgebiet / Neue Länder;DN;Neue Länder;WZ08C7;WZ2008 (ausgewählte Positionen): Tarifindex;WZ08-O;Öff. Verwaltung, Verteidigung, Sozialversicherung;96,9;2020=100;VST065;Index d.tarifl. Stundenverdienste ohne Sonderzahl.
62221;Vj. Index der Tarifverdienste und Arbeitszeiten;JAHR;Jahr;2018;DINSGF;Früheres Bundesgebiet / Neue Länder;DF;Früheres Bundesgebiet;WZ08C7;WZ2008 (ausgewählte Positionen): Tarifindex;WZ08-35;Energieversorgung;95,3;2020=100;VST072;Index d.tarifl. Stundenverdienste mit Sonderzahl.
62221;Vj. Index der Tarifverdienste und Arbeitszeiten;JAHR;Jahr;2018;DINSGF;Früheres Bundesgebiet / Neue Länder;DF;Früheres Bundesgebiet;WZ08C7;WZ2008 (ausgewählte Positionen): Tarifindex;WZ08-35;Energieversorgung;95,3;2020=100;VST073;Index d.tarifl. Monatsverdienste mit Sonderzahl.
62221;Vj. Index der Tarifverdienste und Arbeitszeiten;JAHR;Jahr;2018;DINSGF;Früheres Bundesgebiet / Neue Länder;DF;Früheres Bundesgebiet;WZ08C7;WZ2008 (ausgewählte Positionen): Tarifindex;WZ08-35;Energieversorgung;38,4;h;VST019;Durchschnittliche tarifliche Wochenarbeitszeit
62221;Vj. Index der Tarifverdienste und Arbeitszeiten;JAHR;Jahr;2018;DINSGF;Früheres Bundesgebiet / Neue Länder;DF;Früheres Bundesgebiet;WZ08C7;WZ2008 (ausgewählte Positionen): Tarifindex;WZ08-35;Energieversorgung;94,7;2020=100;VST066;Index d.tarifl. Monatsverdienste ohne Sonderzahl.
62221;Vj. Index der Tarifverdienste und Arbeitszeiten;JAHR;Jahr;2018;DINSGF;Früheres Bundesgebiet / Neue Länder;DF;Früheres Bundesgebiet;WZ08C7;WZ2008 (ausgewählte Positionen): Tarifindex;WZ08-35;Energieversorgung;100,0;2020=100;VST018;Index der tariflichen Wochenarbeitszeit
62221;Vj. Index der Tarifverdienste und Arbeitszeiten;JAHR;Jahr;2018;DINSGF;Früheres Bundesgebiet / Neue Länder;DF;Früheres Bundesgebiet;WZ08C7;WZ2008 (ausgewählte Positionen): Tarifindex;WZ08-35;Energieversorgung;94,7;2020=100;VST065;Index d.tarifl. Stundenverdienste ohne Sonderzahl.
62221;Vj. Index der Tarifverdienste und Arbeitszeiten;JAHR;Jahr;2016;DINSGF;Früheres Bundesgebiet / Neue Länder;DF;Früheres Bundesgebiet;WZ08C7;WZ2008 (ausgewählte Positionen): Tarifindex;WZ08-62;Dienstleistungen der Informationstechnologie;91,5;2020=100;VST072;Index d.tarifl. Stundenverdienste mit Sonderzahl.
62221;Vj. Index der Tarifverdienste und Arbeitszeiten;JAHR;Jahr;2016;DINSGF;Früheres Bundesgebiet / Neue Länder;DF;Früheres Bundesgebiet;WZ08C7;WZ2008 (ausgewählte Positionen): Tarifindex;WZ08-62;Dienstleistungen der Informationstechnologie;91,6;2020=100;VST073;Index d.tarifl. Monatsverdienste mit Sonderzahl.
62221;Vj. Index der Tarifverdienste und Arbeitszeiten;JAHR;Jahr;2016;DINSGF;Früheres Bundesgebiet / Neue Länder;DF;Früheres Bundesgebiet;WZ08C7;WZ2008 (ausgewählte Positionen): Tarifindex;WZ08-62;Dienstleistungen der Informationstechnologie;37,5;h;VST019;Durchschnittliche tarifliche Wochenarbeitszeit
62221;Vj. Index der Tarifverdienste und Arbeitszeiten;JAHR;Jahr;2016;DINSGF;Früheres Bundesgebiet / Neue Länder;DF;Früheres Bundesgebiet;WZ08C7;WZ2008 (ausgewählte Positionen): Tarifindex;WZ08-62;Dienstleistungen der Informationstechnologie;92,1;2020=100;VST066;Index d.tarifl. Monatsverdienste ohne Sonderzahl.
62221;Vj. Index der Tarifverdienste und Arbeitszeiten;JAHR;Jahr;2016;DINSGF;Früheres Bundesgebiet / Neue Länder;DF;Früheres Bundesgebiet;WZ08C7;WZ2008 (ausgewählte Positionen): Tarifindex;WZ08-62;Dienstleistungen der Informationstechnologie;100,1;2020=100;VST018;Index der tariflichen Wochenarbeitszeit
62221;Vj. Index der Tarifverdienste und Arbeitszeiten;JAHR;Jahr;2016;DINSGF;Früheres Bundesgebiet / Neue Länder;DF;Früheres Bundesgebiet;WZ08C7;WZ2008 (ausgewählte Positionen): Tarifindex;WZ08-62;Dienstleistungen der Informationstechnologie;92,0;2020=100;VST065;Index d.tarifl. Stundenverdienste ohne Sonderzahl.
62221;Vj. Index der Tarifverdienste und Arbeitszeiten;JAHR;Jahr;2025;DINSGF;Früheres Bundesgebiet / Neue Länder;DF;Früheres Bundesgebiet;WZ08C7;WZ2008 (ausgewählte Positionen): Tarifindex;WZ08-01-01;Land- und Forstwirtschaft;118,7;2020=100;VST072;Index d.tarifl. Stundenverdienste mit Sonderzahl.
62221;Vj. Index der Tarifverdienste und Arbeitszeiten;JAHR;Jahr;2025;DINSGF;Früheres Bundesgebiet / Neue Länder;DF;Früheres Bundesgebiet;WZ08C7;WZ2008 (ausgewählte Positionen): Tarifindex;WZ08-01-01;Land- und Forstwirtschaft;118,4;2020=100;VST073;Index d.tarifl. Monatsverdienste mit Sonderzahl.
62221;Vj. Index der Tarifverdienste und Arbeitszeiten;JAHR;Jahr;2025;DINSGF;Früheres Bundesgebiet / Neue Länder;DF;Früheres Bundesgebiet;WZ08C7;WZ2008 (ausgewählte Positionen): Tarifindex;WZ08-01-01;Land- und Forstwirtschaft;39,7;h;VST019;Durchschnittliche tarifliche Wochenarbeitszeit
62221;Vj. Index der Tarifverdienste und Arbeitszeiten;JAHR;Jahr;2025;DINSGF;Früheres Bundesgebiet / Neue Länder;DF;Früheres Bundesgebiet;WZ08C7;WZ2008 (ausgewählte Positionen): Tarifindex;WZ08-01-01;Land- und Forstwirtschaft;118,6;2020=100;VST066;Index d.tarifl. Monatsverdienste ohne Sonderzahl.
62221;Vj. Index der Tarifverdienste und Arbeitszeiten;JAHR;Jahr;2025;DINSGF;Früheres Bundesgebiet / Neue Länder;DF;Früheres Bundesgebiet;WZ08C7;WZ2008 (ausgewählte Positionen): Tarifindex;WZ08-01-01;Land- und Forstwirtschaft;99,9;2020=100;VST018;Index der tariflichen Wochenarbeitszeit
62221;Vj. Index der Tarifverdienste und Arbeitszeiten;JAHR;Jahr;2025;DINSGF;Früheres Bundesgebiet / Neue Länder;DF;Früheres Bundesgebiet;WZ08C7;WZ2008 (ausgewählte Positionen): Tarifindex;WZ08-01-01;Land- und Forstwirtschaft;118,8;2020=100;VST065;Index d.tarifl. Stundenverdienste ohne Sonderzahl.
62221;Vj. Index der Tarifverdienste und Arbeitszeiten;JAHR;Jahr;2022;DINSGF;Früheres Bundesgebiet / Neue Länder;DN;Neue Länder;WZ08C7;WZ2008 (ausgewählte Positionen): Tarifindex;WZ08-19;Kokerei und Mineralölverarbeitung;106,5;2020=100;VST072;Index d.tarifl. Stundenverdienste mit Sonderzahl.
62221;Vj. Index der Tarifverdienste und Arbeitszeiten;JAHR;Jahr;2022;DINSGF;Früheres Bundesgebiet / Neue Länder;DN;Neue Länder;WZ08C7;WZ2008 (ausgewählte Positionen): Tarifindex;WZ08-19;Kokerei und Mineralölverarbeitung;105,1;2020=100;VST073;Index d.tarifl. Monatsverdienste mit Sonderzahl.
62221;Vj. Index der Tarifverdienste und Arbeitszeiten;JAHR;Jahr;2022;DINSGF;Früheres Bundesgebiet / Neue Länder;DN;Neue Länder;WZ08C7;WZ2008 (ausgewählte Positionen): Tarifindex;WZ08-19;Kokerei und Mineralölverarbeitung;39,0;h;VST019;Durchschnittliche tarifliche Wochenarbeitszeit
62221;Vj. Index der Tarifverdienste und Arbeitszeiten;JAHR;Jahr;2022;DINSGF;Früheres Bundesgebiet / Neue Länder;DN;Neue Länder;WZ08C7;WZ2008 (ausgewählte Positionen): Tarifindex;WZ08-19;Kokerei und Mineralölverarbeitung;102,0;2020=100;VST066;Index d.tarifl. Monatsverdienste ohne Sonderzahl.
62221;Vj. Index der Tarifverdienste und Arbeitszeiten;JAHR;Jahr;2022;DINSGF;Früheres Bundesgebiet / Neue Länder;DN;Neue Länder;WZ08C7;WZ2008 (ausgewählte Positionen): Tarifindex;WZ08-19;Kokerei und Mineralölverarbeitung;98,7;2020=100;VST018;Index der tariflichen Wochenarbeitszeit
62221;Vj. Index der Tarifverdienste und Arbeitszeiten;JAHR;Jahr;2022;DINSGF;Früheres Bundesgebiet / Neue Länder;DN;Neue Länder;WZ08C7;WZ2008 (ausgewählte Positionen): Tarifindex;WZ08-19;Kokerei und Mineralölverarbeitung;103,3;2020=100;VST065;Index d.tarifl. Stundenverdienste ohne Sonderzahl.
62221;Vj. Index der Tarifverdienste und Arbeitszeiten;JAHR;Jahr;2025;DINSGF;Früheres Bundesgebiet / Neue Länder;DN;Neue Länder;WZ08C7;WZ2008 (ausgewählte Positionen): Tarifindex;WZ08-24-01;Metallgewerbe;113,8;2020=100;VST072;Index d.tarifl. Stundenverdienste mit Sonderzahl.
62221;Vj. Index der Tarifverdienste und Arbeitszeiten;JAHR;Jahr;2025;DINSGF;Früheres Bundesgebiet / Neue Länder;DN;Neue Länder;WZ08C7;WZ2008 (ausgewählte Positionen): Tarifindex;WZ08-24-01;Metallgewerbe;113,8;2020=100;VST073;Index d.tarifl. Monatsverdienste mit Sonderzahl.
62221;Vj. Index der Tarifverdienste und Arbeitszeiten;JAHR;Jahr;2025;DINSGF;Früheres Bundesgebiet / Neue Länder;DN;Neue Länder;WZ08C7;WZ2008 (ausgewählte Positionen): Tarifindex;WZ08-24-01;Metallgewerbe;36,8;h;VST019;Durchschnittliche tarifliche Wochenarbeitszeit
62221;Vj. Index der Tarifverdienste und Arbeitszeiten;JAHR;Jahr;2025;DINSGF;Früheres Bundesgebiet / Neue Länder;DN;Neue Länder;WZ08C7;WZ2008 (ausgewählte Positionen): Tarifindex;WZ08-24-01;Metallgewerbe;111,0;2020=100;VST066;Index d.tarifl. Monatsverdienste ohne Sonderzahl.
62221;Vj. Index der Tarifverdienste und Arbeitszeiten;JAHR;Jahr;2025;DINSGF;Früheres Bundesgebiet / Neue Länder;DN;Neue Länder;WZ08C7;WZ2008 (ausgewählte Positionen): Tarifindex;WZ08-24-01;Metallgewerbe;100,0;2020=100;VST018;Index der tariflichen Wochenarbeitszeit
62221;Vj. Index der Tarifverdienste und Arbeitszeiten;JAHR;Jahr;2025;DINSGF;Früheres Bundesgebiet / Neue Länder;DN;Neue Länder;WZ08C7;WZ2008 (ausgewählte Positionen): Tarifindex;WZ08-24-01;Metallgewerbe;111,0;2020=100;VST065;Index d.tarifl. Stundenverdienste ohne Sonderzahl.
62221;Vj. Index der Tarifverdienste und Arbeitszeiten;JAHR;Jahr;2021;DINSGF;Früheres Bundesgebiet / Neue Länder;DN;Neue Länder;WZ08C7;WZ2008 (ausgewählte Positionen): Tarifindex;WZ08-01;Landwirtschaft, Jagd und verbundene Tätigkeiten;101,5;2020=100;VST072;Index d.tarifl. Stundenverdienste mit Sonderzahl.
62221;Vj. Index der Tarifverdienste und Arbeitszeiten;JAHR;Jahr;2021;DINSGF;Früheres Bundesgebiet / Neue Länder;DN;Neue Länder;WZ08C7;WZ2008 (ausgewählte Positionen): Tarifindex;WZ08-01;Landwirtschaft, Jagd und verbundene Tätigkeiten;101,5;2020=100;VST073;Index d.tarifl. Monatsverdienste mit Sonderzahl.
62221;Vj. Index der Tarifverdienste und Arbeitszeiten;JAHR;Jahr;2021;DINSGF;Früheres Bundesgebiet / Neue Länder;DN;Neue Länder;WZ08C7;WZ2008 (ausgewählte Positionen): Tarifindex;WZ08-01;Landwirtschaft, Jagd und verbundene Tätigkeiten;39,7;h;VST019;Durchschnittliche tarifliche Wochenarbeitszeit
62221;Vj. Index der Tarifverdienste und Arbeitszeiten;JAHR;Jahr;2021;DINSGF;Früheres Bundesgebiet / Neue Länder;DN;Neue Länder;WZ08C7;WZ2008 (ausgewählte Positionen): Tarifindex;WZ08-01;Landwirtschaft, Jagd und verbundene Tätigkeiten;101,3;2020=100;VST066;Index d.tarifl. Monatsverdienste ohne Sonderzahl.
62221;Vj. Index der Tarifverdienste und Arbeitszeiten;JAHR;Jahr;2021;DINSGF;Früheres Bundesgebiet / Neue Länder;DN;Neue Länder;WZ08C7;WZ2008 (ausgewählte Positionen): Tarifindex;WZ08-01;Landwirtschaft, Jagd und verbundene Tätigkeiten;100,0;2020=100;VST018;Index der tariflichen Wochenarbeitszeit
62221;Vj. Index der Tarifverdienste und Arbeitszeiten;JAHR;Jahr;2021;DINSGF;Früheres Bundesgebiet / Neue Länder;DN;Neue Länder;WZ08C7;WZ2008 (ausgewählte Positionen): Tarifindex;WZ08-01;Landwirtschaft, Jagd und verbundene Tätigkeiten;101,3;2020=100;VST065;Index d.tarifl. Stundenverdienste ohne Sonderzahl.
62221;Vj. Index der Tarifverdienste und Arbeitszeiten;JAHR;Jahr;2025;DINSGF;Früheres Bundesgebiet / Neue Länder;DN;Neue Länder;WZ08C7;WZ2008 (ausgewählte Positionen): Tarifindex;WZ08-66;Mit Finanz- u. Versicherungsdienstl. verb. Tätigk.;113,4;2020=100;VST072;Index d.tarifl. Stundenverdienste mit Sonderzahl.
62221;Vj. Index der Tarifverdienste und Arbeitszeiten;JAHR;Jahr;2025;DINSGF;Früheres Bundesgebiet / Neue Länder;DN;Neue Länder;WZ08C7;WZ2008 (ausgewählte Positionen): Tarifindex;WZ08-66;Mit Finanz- u. Versicherungsdienstl. verb. Tätigk.;113,4;2020=100;VST073;Index d.tarifl. Monatsverdienste mit Sonderzahl.
62221;Vj. Index der Tarifverdienste und Arbeitszeiten;JAHR;Jahr;2025;DINSGF;Früheres Bundesgebiet / Neue Länder;DN;Neue Länder;WZ08C7;WZ2008 (ausgewählte Positionen): Tarifindex;WZ08-66;Mit Finanz- u. Versicherungsdienstl. verb. Tätigk.;38,1;h;VST019;Durchschnittliche tarifliche Wochenarbeitszeit
62221;Vj. Index der Tarifverdienste und Arbeitszeiten;JAHR;Jahr;2025;DINSGF;Früheres Bundesgebiet / Neue Länder;DN;Neue Länder;WZ08C7;WZ2008 (ausgewählte Positionen): Tarifindex;WZ08-66;Mit Finanz- u. Versicherungsdienstl. verb. Tätigk.;113,4;2020=100;VST066;Index d.tarifl. Monatsverdienste ohne Sonderzahl.
62221;Vj. Index der Tarifverdienste und Arbeitszeiten;JAHR;Jahr;2025;DINSGF;Früheres Bundesgebiet / Neue Länder;DN;Neue Länder;WZ08C7;WZ2008 (ausgewählte Positionen): Tarifindex;WZ08-66;Mit Finanz- u. Versicherungsdienstl. verb. Tätigk.;100,0;2020=100;VST018;Index der tariflichen Wochenarbeitszeit
62221;Vj. Index der Tarifverdienste und Arbeitszeiten;JAHR;Jahr;2025;DINSGF;Früheres Bundesgebiet / Neue Länder;DN;Neue Länder;WZ08C7;WZ2008 (ausgewählte Positionen): Tarifindex;WZ08-66;Mit Finanz- u. Versicherungsdienstl. verb. Tätigk.;113,4;2020=100;VST065;Index d.tarifl. Stundenverdienste ohne Sonderzahl.
62221;Vj. Index der Tarifverdienste und Arbeitszeiten;JAHR;Jahr;2016;DINSGF;Früheres Bundesgebiet / Neue Länder;DF;Früheres Bundesgebiet;WZ08C7;WZ2008 (ausgewählte Positionen): Tarifindex;WZ08-59;Film, TV-Programme, Kinos, Tonstudios, Musikverlag;90,6;2020=100;VST072;Index d.tarifl. Stundenverdienste mit Sonderzahl.
62221;Vj. Index der Tarifverdienste und Arbeitszeiten;JAHR;Jahr;2016;DINSGF;Früheres Bundesgebiet / Neue Länder;DF;Früheres Bundesgebiet;WZ08C7;WZ2008 (ausgewählte Positionen): Tarifindex;WZ08-59;Film, TV-Programme, Kinos, Tonstudios, Musikverlag;90,6;2020=100;VST073;Index d.tarifl. Monatsverdienste mit Sonderzahl.
62221;Vj. Index der Tarifverdienste und Arbeitszeiten;JAHR;Jahr;2016;DINSGF;Früheres Bundesgebiet / Neue Länder;DF;Früheres Bundesgebiet;WZ08C7;WZ2008 (ausgewählte Positionen): Tarifindex;WZ08-59;Film, TV-Programme, Kinos, Tonstudios, Musikverlag;38,7;h;VST019;Durchschnittliche tarifliche Wochenarbeitszeit
62221;Vj. Index der Tarifverdienste und Arbeitszeiten;JAHR;Jahr;2016;DINSGF;Früheres Bundesgebiet / Neue Länder;DF;Früheres Bundesgebiet;WZ08C7;WZ2008 (ausgewählte Positionen): Tarifindex;WZ08-59;Film, TV-Programme, Kinos, Tonstudios, Musikverlag;91,2;2020=100;VST066;Index d.tarifl. Monatsverdienste ohne Sonderzahl.
62221;Vj. Index der Tarifverdienste und Arbeitszeiten;JAHR;Jahr;2016;DINSGF;Früheres Bundesgebiet / Neue Länder;DF;Früheres Bundesgebiet;WZ08C7;WZ2008 (ausgewählte Positionen): Tarifindex;WZ08-59;Film, TV-Programme, Kinos, Tonstudios, Musikverlag;100,0;2020=100;VST018;Index der tariflichen Wochenarbeitszeit
62221;Vj. Index der Tarifverdienste und Arbeitszeiten;JAHR;Jahr;2016;DINSGF;Früheres Bundesgebiet / Neue Länder;DF;Früheres Bundesgebiet;WZ08C7;WZ2008 (ausgewählte Positionen): Tarifindex;WZ08-59;Film, TV-Programme, Kinos, Tonstudios, Musikverlag;91,2;2020=100;VST065;Index d.tarifl. Stundenverdienste ohne Sonderzahl.
62221;Vj. Index der Tarifverdienste und Arbeitszeiten;JAHR;Jahr;2023;DINSGF;Früheres Bundesgebiet / Neue Länder;DF;Früheres Bundesgebiet;WZ08C7;WZ2008 (ausgewählte Positionen): Tarifindex;WZ08-36;Wasserversorgung;107,0;2020=100;VST072;Index d.tarifl. Stundenverdienste mit Sonderzahl.
62221;Vj. Index der Tarifverdienste und Arbeitszeiten;JAHR;Jahr;2023;DINSGF;Früheres Bundesgebiet / Neue Länder;DF;Früheres Bundesgebiet;WZ08C7;WZ2008 (ausgewählte Positionen): Tarifindex;WZ08-36;Wasserversorgung;107,0;2020=100;VST073;Index d.tarifl. Monatsverdienste mit Sonderzahl.
62221;Vj. Index der Tarifverdienste und Arbeitszeiten;JAHR;Jahr;2023;DINSGF;Früheres Bundesgebiet / Neue Länder;DF;Früheres Bundesgebiet;WZ08C7;WZ2008 (ausgewählte Positionen): Tarifindex;WZ08-36;Wasserversorgung;38,9;h;VST019;Durchschnittliche tarifliche Wochenarbeitszeit
62221;Vj. Index der Tarifverdienste und Arbeitszeiten;JAHR;Jahr;2023;DINSGF;Früheres Bundesgebiet / Neue Länder;DF;Früheres Bundesgebiet;WZ08C7;WZ2008 (ausgewählte Positionen): Tarifindex;WZ08-36;Wasserversorgung;104,2;2020=100;VST066;Index d.tarifl. Monatsverdienste ohne Sonderzahl.
62221;Vj. Index der Tarifverdienste und Arbeitszeiten;JAHR;Jahr;2023;DINSGF;Früheres Bundesgebiet / Neue Länder;DF;Früheres Bundesgebiet;WZ08C7;WZ2008 (ausgewählte Positionen): Tarifindex;WZ08-36;Wasserversorgung;100,0;2020=100;VST018;Index der tariflichen Wochenarbeitszeit
62221;Vj. Index der Tarifverdienste und Arbeitszeiten;JAHR;Jahr;2023;DINSGF;Früheres Bundesgebiet / Neue Länder;DF;Früheres Bundesgebiet;WZ08C7;WZ2008 (ausgewählte Positionen): Tarifindex;WZ08-36;Wasserversorgung;104,2;2020=100;VST065;Index d.tarifl. Stundenverdienste ohne Sonderzahl.
62221;Vj. Index der Tarifverdienste und Arbeitszeiten;JAHR;Jahr;2020;DINSGF;Früheres Bundesgebiet / Neue Länder;DN;Neue Länder;WZ08C7;WZ2008 (ausgewählte Positionen): Tarifindex;WZ08-79;Reisebüros, -veranstalter u. sonst. Reservierungen;100,0;2020=100;VST072;Index d.tarifl. Stundenverdienste mit Sonderzahl.
62221;Vj. Index der Tarifverdienste und Arbeitszeiten;JAHR;Jahr;2020;DINSGF;Früheres Bundesgebiet / Neue Länder;DN;Neue Länder;WZ08C7;WZ2008 (ausgewählte Positionen): Tarifindex;WZ08-79;Reisebüros, -veranstalter u. sonst. Reservierungen;100,0;2020=100;VST073;Index d.tarifl. Monatsverdienste mit Sonderzahl.
62221;Vj. Index der Tarifverdienste und Arbeitszeiten;JAHR;Jahr;2020;DINSGF;Früheres Bundesgebiet / Neue Länder;DN;Neue Länder;WZ08C7;WZ2008 (ausgewählte Positionen): Tarifindex;WZ08-79;Reisebüros, -veranstalter u. sonst. Reservierungen;39,3;h;VST019;Durchschnittliche tarifliche Wochenarbeitszeit
62221;Vj. Index der Tarifverdienste und Arbeitszeiten;JAHR;Jahr;2020;DINSGF;Früheres Bundesgebiet / Neue Länder;DN;Neue Länder;WZ08C7;WZ2008 (ausgewählte Positionen): Tarifindex;WZ08-79;Reisebüros, -veranstalter u. sonst. Reservierungen;100,0;2020=100;VST066;Index d.tarifl. Monatsverdienste ohne Sonderzahl.
62221;Vj. Index der Tarifverdienste und Arbeitszeiten;JAHR;Jahr;2020;DINSGF;Früheres Bundesgebiet / Neue Länder;DN;Neue Länder;WZ08C7;WZ2008 (ausgewählte Positionen): Tarifindex;WZ08-79;Reisebüros, -veranstalter u. sonst. Reservierungen;100,0;2020=100;VST018;Index der tariflichen Wochenarbeitszeit
62221;Vj. Index der Tarifverdienste und Arbeitszeiten;JAHR;Jahr;2020;DINSGF;Früheres Bundesgebiet / Neue Länder;DN;Neue Länder;WZ08C7;WZ2008 (ausgewählte Positionen): Tarifindex;WZ08-79;Reisebüros, -veranstalter u. sonst. Reservierungen;100,0;2020=100;VST065;Index d.tarifl. Stundenverdienste ohne Sonderzahl.
62221;Vj. Index der Tarifverdienste und Arbeitszeiten;JAHR;Jahr;2019;DINSGF;Früheres Bundesgebiet / Neue Länder;DN;Neue Länder;WZ08C7;WZ2008 (ausgewählte Positionen): Tarifindex;WZ08-59;Film, TV-Programme, Kinos, Tonstudios, Musikverlag;-;2020=100;VST072;Index d.tarifl. Stundenverdienste mit Sonderzahl.
62221;Vj. Index der Tarifverdienste und Arbeitszeiten;JAHR;Jahr;2019;DINSGF;Früheres Bundesgebiet / Neue Länder;DN;Neue Länder;WZ08C7;WZ2008 (ausgewählte Positionen): Tarifindex;WZ08-59;Film, TV-Programme, Kinos, Tonstudios, Musikverlag;-;2020=100;VST073;Index d.tarifl. Monatsverdienste mit Sonderzahl.
62221;Vj. Index der Tarifverdienste und Arbeitszeiten;JAHR;Jahr;2019;DINSGF;Früheres Bundesgebiet / Neue Länder;DN;Neue Länder;WZ08C7;WZ2008 (ausgewählte Positionen): Tarifindex;WZ08-59;Film, TV-Programme, Kinos, Tonstudios, Musikverlag;-;h;VST019;Durchschnittliche tarifliche Wochenarbeitszeit
62221;Vj. Index der Tarifverdienste und Arbeitszeiten;JAHR;Jahr;2019;DINSGF;Früheres Bundesgebiet / Neue Länder;DN;Neue Länder;WZ08C7;WZ2008 (ausgewählte Positionen): Tarifindex;WZ08-59;Film, TV-Programme, Kinos, Tonstudios, Musikverlag;-;2020=100;VST066;Index d.tarifl. Monatsverdienste ohne Sonderzahl.
62221;Vj. Index der Tarifverdienste und Arbeitszeiten;JAHR;Jahr;2019;DINSGF;Früheres Bundesgebiet / Neue Länder;DN;Neue Länder;WZ08C7;WZ2008 (ausgewählte Positionen): Tarifindex;WZ08-59;Film, TV-Programme, Kinos, Tonstudios, Musikverlag;-;2020=100;VST018;Index der tariflichen Wochenarbeitszeit
62221;Vj. Index der Tarifverdienste und Arbeitszeiten;JAHR;Jahr;2019;DINSGF;Früheres Bundesgebiet / Neue Länder;DN;Neue Länder;WZ08C7;WZ2008 (ausgewählte Positionen): Tarifindex;WZ08-59;Film, TV-Programme, Kinos, Tonstudios, Musikverlag;-;2020=100;VST065;Index d.tarifl. Stundenverdienste ohne Sonderzahl.
62221;Vj. Index der Tarifverdienste und Arbeitszeiten;JAHR;Jahr;2019;DINSGF;Früheres Bundesgebiet / Neue Länder;DN;Neue Länder;WZ08C7;WZ2008 (ausgewählte Positionen): Tarifindex;WZ08-B-12;Prod. Gewerbe, Handel, Verkehr und Lagerei;98,2;2020=100;VST072;Index d.tarifl. Stundenverdienste mit Sonderzahl.
62221;Vj. Index der Tarifverdienste und Arbeitszeiten;JAHR;Jahr;2019;DINSGF;Früheres Bundesgebiet / Neue Länder;DN;Neue Länder;WZ08C7;WZ2008 (ausgewählte Positionen): Tarifindex;WZ08-B-12;Prod. Gewerbe, Handel, Verkehr und Lagerei;98,3;2020=100;VST073;Index d.tarifl. Monatsverdienste mit Sonderzahl.
62221;Vj. Index der Tarifverdienste und Arbeitszeiten;JAHR;Jahr;2019;DINSGF;Früheres Bundesgebiet / Neue Länder;DN;Neue Länder;WZ08C7;WZ2008 (ausgewählte Positionen): Tarifindex;WZ08-B-12;Prod. Gewerbe, Handel, Verkehr und Lagerei;38,7;h;VST019;Durchschnittliche tarifliche Wochenarbeitszeit
62221;Vj. Index der Tarifverdienste und Arbeitszeiten;JAHR;Jahr;2019;DINSGF;Früheres Bundesgebiet / Neue Länder;DN;Neue Länder;WZ08C7;WZ2008 (ausgewählte Positionen): Tarifindex;WZ08-B-12;Prod. Gewerbe, Handel, Verkehr und Lagerei;98,5;2020=100;VST066;Index d.tarifl. Monatsverdienste ohne Sonderzahl.
62221;Vj. Index der Tarifverdienste und Arbeitszeiten;JAHR;Jahr;2019;DINSGF;Früheres Bundesgebiet / Neue Länder;DN;Neue Länder;WZ08C7;WZ2008 (ausgewählte Positionen): Tarifindex;WZ08-B-12;Prod. Gewerbe, Handel, Verkehr und Lagerei;100,0;2020=100;VST018;Index der tariflichen Wochenarbeitszeit
62221;Vj. Index der Tarifverdienste und Arbeitszeiten;JAHR;Jahr;2019;DINSGF;Früheres Bundesgebiet / Neue Länder;DN;Neue Länder;WZ08C7;WZ2008 (ausgewählte Positionen): Tarifindex;WZ08-B-12;Prod. Gewerbe, Handel, Verkehr und Lagerei;98,6;2020=100;VST065;Index d.tarifl. Stundenverdienste ohne Sonderzahl.
62221;Vj. Index der Tarifverdienste und Arbeitszeiten;JAHR;Jahr;2018;DINSGF;Früheres Bundesgebiet / Neue Länder;DN;Neue Länder;WZ08C7;WZ2008 (ausgewählte Positionen): Tarifindex;WZ08-491-01;Personen- u. Güterbeförderung im Eisenbahnverkehr;95,1;2020=100;VST072;Index d.tarifl. Stundenverdienste mit Sonderzahl.
62221;Vj. Index der Tarifverdienste und Arbeitszeiten;JAHR;Jahr;2018;DINSGF;Früheres Bundesgebiet / Neue Länder;DN;Neue Länder;WZ08C7;WZ2008 (ausgewählte Positionen): Tarifindex;WZ08-491-01;Personen- u. Güterbeförderung im Eisenbahnverkehr;95,2;2020=100;VST073;Index d.tarifl. Monatsverdienste mit Sonderzahl.
62221;Vj. Index der Tarifverdienste und Arbeitszeiten;JAHR;Jahr;2018;DINSGF;Früheres Bundesgebiet / Neue Länder;DN;Neue Länder;WZ08C7;WZ2008 (ausgewählte Positionen): Tarifindex;WZ08-491-01;Personen- u. Güterbeförderung im Eisenbahnverkehr;39,2;h;VST019;Durchschnittliche tarifliche Wochenarbeitszeit
62221;Vj. Index der Tarifverdienste und Arbeitszeiten;JAHR;Jahr;2018;DINSGF;Früheres Bundesgebiet / Neue Länder;DN;Neue Länder;WZ08C7;WZ2008 (ausgewählte Positionen): Tarifindex;WZ08-491-01;Personen- u. Güterbeförderung im Eisenbahnverkehr;95,5;2020=100;VST066;Index d.tarifl. Monatsverdienste ohne Sonderzahl.
62221;Vj. Index der Tarifverdienste und Arbeitszeiten;JAHR;Jahr;2018;DINSGF;Früheres Bundesgebiet / Neue Länder;DN;Neue Länder;WZ08C7;WZ2008 (ausgewählte Positionen): Tarifindex;WZ08-491-01;Personen- u. Güterbeförderung im Eisenbahnverkehr;100,1;2020=100;VST018;Index der tariflichen Wochenarbeitszeit
62221;Vj. Index der Tarifverdienste und Arbeitszeiten;JAHR;Jahr;2018;DINSGF;Früheres Bundesgebiet / Neue Länder;DN;Neue Länder;WZ08C7;WZ2008 (ausgewählte Positionen): Tarifindex;WZ08-491-01;Personen- u. Güterbeförderung im Eisenbahnverkehr;95,4;2020=100;VST065;Index d.tarifl. Stundenverdienste ohne Sonderzahl.
62221;Vj. Index der Tarifverdienste und Arbeitszeiten;JAHR;Jahr;2016;DINSGF;Früheres Bundesgebiet / Neue Länder;DN;Neue Länder;WZ08C7;WZ2008 (ausgewählte Positionen): Tarifindex;WZ08-84;Öff. Verwaltung, Verteidigung, Sozialversicherung;89,9;2020=100;VST072;Index d.tarifl. Stundenverdienste mit Sonderzahl.
62221;Vj. Index der Tarifverdienste und Arbeitszeiten;JAHR;Jahr;2016;DINSGF;Früheres Bundesgebiet / Neue Länder;DN;Neue Länder;WZ08C7;WZ2008 (ausgewählte Positionen): Tarifindex;WZ08-84;Öff. Verwaltung, Verteidigung, Sozialversicherung;89,9;2020=100;VST073;Index d.tarifl. Monatsverdienste mit Sonderzahl.
62221;Vj. Index der Tarifverdienste und Arbeitszeiten;JAHR;Jahr;2016;DINSGF;Früheres Bundesgebiet / Neue Länder;DN;Neue Länder;WZ08C7;WZ2008 (ausgewählte Positionen): Tarifindex;WZ08-84;Öff. Verwaltung, Verteidigung, Sozialversicherung;39,7;h;VST019;Durchschnittliche tarifliche Wochenarbeitszeit
62221;Vj. Index der Tarifverdienste und Arbeitszeiten;JAHR;Jahr;2016;DINSGF;Früheres Bundesgebiet / Neue Länder;DN;Neue Länder;WZ08C7;WZ2008 (ausgewählte Positionen): Tarifindex;WZ08-84;Öff. Verwaltung, Verteidigung, Sozialversicherung;89,0;2020=100;VST066;Index d.tarifl. Monatsverdienste ohne Sonderzahl.
62221;Vj. Index der Tarifverdienste und Arbeitszeiten;JAHR;Jahr;2016;DINSGF;Früheres Bundesgebiet / Neue Länder;DN;Neue Länder;WZ08C7;WZ2008 (ausgewählte Positionen): Tarifindex;WZ08-84;Öff. Verwaltung, Verteidigung, Sozialversicherung;100,0;2020=100;VST018;Index der tariflichen Wochenarbeitszeit
62221;Vj. Index der Tarifverdienste und Arbeitszeiten;JAHR;Jahr;2016;DINSGF;Früheres Bundesgebiet / Neue Länder;DN;Neue Länder;WZ08C7;WZ2008 (ausgewählte Positionen): Tarifindex;WZ08-84;Öff. Verwaltung, Verteidigung, Sozialversicherung;89,0;2020=100;VST065;Index d.tarifl. Stundenverdienste ohne Sonderzahl.
62221;Vj. Index der Tarifverdienste und Arbeitszeiten;JAHR;Jahr;2020;DINSGF;Früheres Bundesgebiet / Neue Länder;DN;Neue Länder;WZ08C7;WZ2008 (ausgewählte Positionen): Tarifindex;WZ08-G-03;Wirtschaftliche Dienstleistungen;100,0;2020=100;VST072;Index d.tarifl. Stundenverdienste mit Sonderzahl.
62221;Vj. Index der Tarifverdienste und Arbeitszeiten;JAHR;Jahr;2020;DINSGF;Früheres Bundesgebiet / Neue Länder;DN;Neue Länder;WZ08C7;WZ2008 (ausgewählte Positionen): Tarifindex;WZ08-G-03;Wirtschaftliche Dienstleistungen;100,0;2020=100;VST073;Index d.tarifl. Monatsverdienste mit Sonderzahl.
62221;Vj. Index der Tarifverdienste und Arbeitszeiten;JAHR;Jahr;2020;DINSGF;Früheres Bundesgebiet / Neue Länder;DN;Neue Länder;WZ08C7;WZ2008 (ausgewählte Positionen): Tarifindex;WZ08-G-03;Wirtschaftliche Dienstleistungen;38,4;h;VST019;Durchschnittliche tarifliche Wochenarbeitszeit
62221;Vj. Index der Tarifverdienste und Arbeitszeiten;JAHR;Jahr;2020;DINSGF;Früheres Bundesgebiet / Neue Länder;DN;Neue Länder;WZ08C7;WZ2008 (ausgewählte Positionen): Tarifindex;WZ08-G-03;Wirtschaftliche Dienstleistungen;100,0;2020=100;VST066;Index d.tarifl. Monatsverdienste ohne Sonderzahl.
62221;Vj. Index der Tarifverdienste und Arbeitszeiten;JAHR;Jahr;2020;DINSGF;Früheres Bundesgebiet / Neue Länder;DN;Neue Länder;WZ08C7;WZ2008 (ausgewählte Positionen): Tarifindex;WZ08-G-03;Wirtschaftliche Dienstleistungen;100,0;2020=100;VST018;Index der tariflichen Wochenarbeitszeit
62221;Vj. Index der Tarifverdienste und Arbeitszeiten;JAHR;Jahr;2020;DINSGF;Früheres Bundesgebiet / Neue Länder;DN;Neue Länder;WZ08C7;WZ2008 (ausgewählte Positionen): Tarifindex;WZ08-G-03;Wirtschaftliche Dienstleistungen;100,0;2020=100;VST065;Index d.tarifl. Stundenverdienste ohne Sonderzahl.
62221;Vj. Index der Tarifverdienste und Arbeitszeiten;JAHR;Jahr;2020;DINSGF;Früheres Bundesgebiet / Neue Länder;DN;Neue Länder;WZ08C7;WZ2008 (ausgewählte Positionen): Tarifindex;WZ08-31;Herstellung von Möbeln;100,0;2020=100;VST072;Index d.tarifl. Stundenverdienste mit Sonderzahl.
62221;Vj. Index der Tarifverdienste und Arbeitszeiten;JAHR;Jahr;2020;DINSGF;Früheres Bundesgebiet / Neue Länder;DN;Neue Länder;WZ08C7;WZ2008 (ausgewählte Positionen): Tarifindex;WZ08-31;Herstellung von Möbeln;100,0;2020=100;VST073;Index d.tarifl. Monatsverdienste mit Sonderzahl.
62221;Vj. Index der Tarifverdienste und Arbeitszeiten;JAHR;Jahr;2020;DINSGF;Früheres Bundesgebiet / Neue Länder;DN;Neue Länder;WZ08C7;WZ2008 (ausgewählte Positionen): Tarifindex;WZ08-31;Herstellung von Möbeln;37,6;h;VST019;Durchschnittliche tarifliche Wochenarbeitszeit
62221;Vj. Index der Tarifverdienste und Arbeitszeiten;JAHR;Jahr;2020;DINSGF;Früheres Bundesgebiet / Neue Länder;DN;Neue Länder;WZ08C7;WZ2008 (ausgewählte Positionen): Tarifindex;WZ08-31;Herstellung von Möbeln;100,0;2020=100;VST066;Index d.tarifl. Monatsverdienste ohne Sonderzahl.
62221;Vj. Index der Tarifverdienste und Arbeitszeiten;JAHR;Jahr;2020;DINSGF;Früheres Bundesgebiet / Neue Länder;DN;Neue Länder;WZ08C7;WZ2008 (ausgewählte Positionen): Tarifindex;WZ08-31;Herstellung von Möbeln;100,0;2020=100;VST018;Index der tariflichen Wochenarbeitszeit
62221;Vj. Index der Tarifverdienste und Arbeitszeiten;JAHR;Jahr;2020;DINSGF;Früheres Bundesgebiet / Neue Länder;DN;Neue Länder;WZ08C7;WZ2008 (ausgewählte Positionen): Tarifindex;WZ08-31;Herstellung von Möbeln;100,0;2020=100;VST065;Index d.tarifl. Stundenverdienste ohne Sonderzahl.
62221;Vj. Index der Tarifverdienste und Arbeitszeiten;JAHR;Jahr;2021;DINSGF;Früheres Bundesgebiet / Neue Länder;DF;Früheres Bundesgebiet;WZ08C7;WZ2008 (ausgewählte Positionen): Tarifindex;WZ08-12;Tabakverarbeitung;103,2;2020=100;VST072;Index d.tarifl. Stundenverdienste mit Sonderzahl.
62221;Vj. Index der Tarifverdienste und Arbeitszeiten;JAHR;Jahr;2021;DINSGF;Früheres Bundesgebiet / Neue Länder;DF;Früheres Bundesgebiet;WZ08C7;WZ2008 (ausgewählte Positionen): Tarifindex;WZ08-12;Tabakverarbeitung;103,2;2020=100;VST073;Index d.tarifl. Monatsverdienste mit Sonderzahl.
62221;Vj. Index der Tarifverdienste und Arbeitszeiten;JAHR;Jahr;2021;DINSGF;Früheres Bundesgebiet / Neue Länder;DF;Früheres Bundesgebiet;WZ08C7;WZ2008 (ausgewählte Positionen): Tarifindex;WZ08-12;Tabakverarbeitung;37,8;h;VST019;Durchschnittliche tarifliche Wochenarbeitszeit
62221;Vj. Index der Tarifverdienste und Arbeitszeiten;JAHR;Jahr;2021;DINSGF;Früheres Bundesgebiet / Neue Länder;DF;Früheres Bundesgebiet;WZ08C7;WZ2008 (ausgewählte Positionen): Tarifindex;WZ08-12;Tabakverarbeitung;102,0;2020=100;VST066;Index d.tarifl. Monatsverdienste ohne Sonderzahl.
62221;Vj. Index der Tarifverdienste und Arbeitszeiten;JAHR;Jahr;2021;DINSGF;Früheres Bundesgebiet / Neue Länder;DF;Früheres Bundesgebiet;WZ08C7;WZ2008 (ausgewählte Positionen): Tarifindex;WZ08-12;Tabakverarbeitung;100,0;2020=100;VST018;Index der tariflichen Wochenarbeitszeit
62221;Vj. Index der Tarifverdienste und Arbeitszeiten;JAHR;Jahr;2021;DINSGF;Früheres Bundesgebiet / Neue Länder;DF;Früheres Bundesgebiet;WZ08C7;WZ2008 (ausgewählte Positionen): Tarifindex;WZ08-12;Tabakverarbeitung;102,0;2020=100;VST065;Index d.tarifl. Stundenverdienste ohne Sonderzahl.
62221;Vj. Index der Tarifverdienste und Arbeitszeiten;JAHR;Jahr;2021;DINSGF;Früheres Bundesgebiet / Neue Länder;DF;Früheres Bundesgebiet;WZ08C7;WZ2008 (ausgewählte Positionen): Tarifindex;WZ-X003;Gebrauchsgüterproduzenten;101,3;2020=100;VST072;Index d.tarifl. Stundenverdienste mit Sonderzahl.
62221;Vj. Index der Tarifverdienste und Arbeitszeiten;JAHR;Jahr;2021;DINSGF;Früheres Bundesgebiet / Neue Länder;DF;Früheres Bundesgebiet;WZ08C7;WZ2008 (ausgewählte Positionen): Tarifindex;WZ-X003;Gebrauchsgüterproduzenten;101,3;2020=100;VST073;Index d.tarifl. Monatsverdienste mit Sonderzahl.
62221;Vj. Index der Tarifverdienste und Arbeitszeiten;JAHR;Jahr;2021;DINSGF;Früheres Bundesgebiet / Neue Länder;DF;Früheres Bundesgebiet;WZ08C7;WZ2008 (ausgewählte Positionen): Tarifindex;WZ-X003;Gebrauchsgüterproduzenten;36,4;h;VST019;Durchschnittliche tarifliche Wochenarbeitszeit
62221;Vj. Index der Tarifverdienste und Arbeitszeiten;JAHR;Jahr;2021;DINSGF;Früheres Bundesgebiet / Neue Länder;DF;Früheres Bundesgebiet;WZ08C7;WZ2008 (ausgewählte Positionen): Tarifindex;WZ-X003;Gebrauchsgüterproduzenten;100,9;2020=100;VST066;Index d.tarifl. Monatsverdienste ohne Sonderzahl.
62221;Vj. Index der Tarifverdienste und Arbeitszeiten;JAHR;Jahr;2021;DINSGF;Früheres Bundesgebiet / Neue Länder;DF;Früheres Bundesgebiet;WZ08C7;WZ2008 (ausgewählte Positionen): Tarifindex;WZ-X003;Gebrauchsgüterproduzenten;100,0;2020=100;VST018;Index der tariflichen Wochenarbeitszeit
62221;Vj. Index der Tarifverdienste und Arbeitszeiten;JAHR;Jahr;2021;DINSGF;Früheres Bundesgebiet / Neue Länder;DF;Früheres Bundesgebiet;WZ08C7;WZ2008 (ausgewählte Positionen): Tarifindex;WZ-X003;Gebrauchsgüterproduzenten;100,9;2020=100;VST065;Index d.tarifl. Stundenverdienste ohne Sonderzahl.
62221;Vj. Index der Tarifverdienste und Arbeitszeiten;JAHR;Jahr;2019;DINSGF;Früheres Bundesgebiet / Neue Länder;DN;Neue Länder;WZ08C7;WZ2008 (ausgewählte Positionen): Tarifindex;WZ08-B-09;Produzierendes Gewerbe und wirtschaftl. Dienstl.;97,9;2020=100;VST072;Index d.tarifl. Stundenverdienste mit Sonderzahl.
62221;Vj. Index der Tarifverdienste und Arbeitszeiten;JAHR;Jahr;2019;DINSGF;Früheres Bundesgebiet / Neue Länder;DN;Neue Länder;WZ08C7;WZ2008 (ausgewählte Positionen): Tarifindex;WZ08-B-09;Produzierendes Gewerbe und wirtschaftl. Dienstl.;98,0;2020=100;VST073;Index d.tarifl. Monatsverdienste mit Sonderzahl.
62221;Vj. Index der Tarifverdienste und Arbeitszeiten;JAHR;Jahr;2019;DINSGF;Früheres Bundesgebiet / Neue Länder;DN;Neue Länder;WZ08C7;WZ2008 (ausgewählte Positionen): Tarifindex;WZ08-B-09;Produzierendes Gewerbe und wirtschaftl. Dienstl.;38,3;h;VST019;Durchschnittliche tarifliche Wochenarbeitszeit
62221;Vj. Index der Tarifverdienste und Arbeitszeiten;JAHR;Jahr;2019;DINSGF;Früheres Bundesgebiet / Neue Länder;DN;Neue Länder;WZ08C7;WZ2008 (ausgewählte Positionen): Tarifindex;WZ08-B-09;Produzierendes Gewerbe und wirtschaftl. Dienstl.;98,1;2020=100;VST066;Index d.tarifl. Monatsverdienste ohne Sonderzahl.
62221;Vj. Index der Tarifverdienste und Arbeitszeiten;JAHR;Jahr;2019;DINSGF;Früheres Bundesgebiet / Neue Länder;DN;Neue Länder;WZ08C7;WZ2008 (ausgewählte Positionen): Tarifindex;WZ08-B-09;Produzierendes Gewerbe und wirtschaftl. Dienstl.;100,1;2020=100;VST018;Index der tariflichen Wochenarbeitszeit
62221;Vj. Index der Tarifverdienste und Arbeitszeiten;JAHR;Jahr;2019;DINSGF;Früheres Bundesgebiet / Neue Länder;DN;Neue Länder;WZ08C7;WZ2008 (ausgewählte Positionen): Tarifindex;WZ08-B-09;Produzierendes Gewerbe und wirtschaftl. Dienstl.;98,1;2020=100;VST065;Index d.tarifl. Stundenverdienste ohne Sonderzahl.
62221;Vj. Index der Tarifverdienste und Arbeitszeiten;JAHR;Jahr;2020;DINSGF;Früheres Bundesgebiet / Neue Länder;DF;Früheres Bundesgebiet;WZ08C7;WZ2008 (ausgewählte Positionen): Tarifindex;WZ08-493;Sonstige Personenbeförderung im Landverkehr;100,0;2020=100;VST072;Index d.tarifl. Stundenverdienste mit Sonderzahl.
62221;Vj. Index der Tarifverdienste und Arbeitszeiten;JAHR;Jahr;2020;DINSGF;Früheres Bundesgebiet / Neue Länder;DF;Früheres Bundesgebiet;WZ08C7;WZ2008 (ausgewählte Positionen): Tarifindex;WZ08-493;Sonstige Personenbeförderung im Landverkehr;100,0;2020=100;VST073;Index d.tarifl. Monatsverdienste mit Sonderzahl.
62221;Vj. Index der Tarifverdienste und Arbeitszeiten;JAHR;Jahr;2020;DINSGF;Früheres Bundesgebiet / Neue Länder;DF;Früheres Bundesgebiet;WZ08C7;WZ2008 (ausgewählte Positionen): Tarifindex;WZ08-493;Sonstige Personenbeförderung im Landverkehr;39,0;h;VST019;Durchschnittliche tarifliche Wochenarbeitszeit
62221;Vj. Index der Tarifverdienste und Arbeitszeiten;JAHR;Jahr;2020;DINSGF;Früheres Bundesgebiet / Neue Länder;DF;Früheres Bundesgebiet;WZ08C7;WZ2008 (ausgewählte Positionen): Tarifindex;WZ08-493;Sonstige Personenbeförderung im Landverkehr;100,0;2020=100;VST066;Index d.tarifl. Monatsverdienste ohne Sonderzahl.
62221;Vj. Index der Tarifverdienste und Arbeitszeiten;JAHR;Jahr;2020;DINSGF;Früheres Bundesgebiet / Neue Länder;DF;Früheres Bundesgebiet;WZ08C7;WZ2008 (ausgewählte Positionen): Tarifindex;WZ08-493;Sonstige Personenbeförderung im Landverkehr;100,0;2020=100;VST018;Index der tariflichen Wochenarbeitszeit
62221;Vj. Index der Tarifverdienste und Arbeitszeiten;JAHR;Jahr;2020;DINSGF;Früheres Bundesgebiet / Neue Länder;DF;Früheres Bundesgebiet;WZ08C7;WZ2008 (ausgewählte Positionen): Tarifindex;WZ08-493;Sonstige Personenbeförderung im Landverkehr;100,0;2020=100;VST065;Index d.tarifl. Stundenverdienste ohne Sonderzahl.
62221;Vj. Index der Tarifverdienste und Arbeitszeiten;JAHR;Jahr;2017;DINSGF;Früheres Bundesgebiet / Neue Länder;DF;Früheres Bundesgebiet;WZ08C7;WZ2008 (ausgewählte Positionen): Tarifindex;WZ08-32;Herstellung von sonstigen Waren;92,7;2020=100;VST072;Index d.tarifl. Stundenverdienste mit Sonderzahl.
62221;Vj. Index der Tarifverdienste und Arbeitszeiten;JAHR;Jahr;2017;DINSGF;Früheres Bundesgebiet / Neue Länder;DF;Früheres Bundesgebiet;WZ08C7;WZ2008 (ausgewählte Positionen): Tarifindex;WZ08-32;Herstellung von sonstigen Waren;92,7;2020=100;VST073;Index d.tarifl. Monatsverdienste mit Sonderzahl.
62221;Vj. Index der Tarifverdienste und Arbeitszeiten;JAHR;Jahr;2017;DINSGF;Früheres Bundesgebiet / Neue Länder;DF;Früheres Bundesgebiet;WZ08C7;WZ2008 (ausgewählte Positionen): Tarifindex;WZ08-32;Herstellung von sonstigen Waren;36,5;h;VST019;Durchschnittliche tarifliche Wochenarbeitszeit
62221;Vj. Index der Tarifverdienste und Arbeitszeiten;JAHR;Jahr;2017;DINSGF;Früheres Bundesgebiet / Neue Länder;DF;Früheres Bundesgebiet;WZ08C7;WZ2008 (ausgewählte Positionen): Tarifindex;WZ08-32;Herstellung von sonstigen Waren;94,6;2020=100;VST066;Index d.tarifl. Monatsverdienste ohne Sonderzahl.
62221;Vj. Index der Tarifverdienste und Arbeitszeiten;JAHR;Jahr;2017;DINSGF;Früheres Bundesgebiet / Neue Länder;DF;Früheres Bundesgebiet;WZ08C7;WZ2008 (ausgewählte Positionen): Tarifindex;WZ08-32;Herstellung von sonstigen Waren;100,0;2020=100;VST018;Index der tariflichen Wochenarbeitszeit
62221;Vj. Index der Tarifverdienste und Arbeitszeiten;JAHR;Jahr;2017;DINSGF;Früheres Bundesgebiet / Neue Länder;DF;Früheres Bundesgebiet;WZ08C7;WZ2008 (ausgewählte Positionen): Tarifindex;WZ08-32;Herstellung von sonstigen Waren;94,6;2020=100;VST065;Index d.tarifl. Stundenverdienste ohne Sonderzahl.
62221;Vj. Index der Tarifverdienste und Arbeitszeiten;JAHR;Jahr;2021;DINSGF;Früheres Bundesgebiet / Neue Länder;DF;Früheres Bundesgebiet;WZ08C7;WZ2008 (ausgewählte Positionen): Tarifindex;WZ08-27;Herstellung von elektrischen Ausrüstungen;100,9;2020=100;VST072;Index d.tarifl. Stundenverdienste mit Sonderzahl.
62221;Vj. Index der Tarifverdienste und Arbeitszeiten;JAHR;Jahr;2021;DINSGF;Früheres Bundesgebiet / Neue Länder;DF;Früheres Bundesgebiet;WZ08C7;WZ2008 (ausgewählte Positionen): Tarifindex;WZ08-27;Herstellung von elektrischen Ausrüstungen;100,9;2020=100;VST073;Index d.tarifl. Monatsverdienste mit Sonderzahl.
62221;Vj. Index der Tarifverdienste und Arbeitszeiten;JAHR;Jahr;2021;DINSGF;Früheres Bundesgebiet / Neue Länder;DF;Früheres Bundesgebiet;WZ08C7;WZ2008 (ausgewählte Positionen): Tarifindex;WZ08-27;Herstellung von elektrischen Ausrüstungen;35,1;h;VST019;Durchschnittliche tarifliche Wochenarbeitszeit
62221;Vj. Index der Tarifverdienste und Arbeitszeiten;JAHR;Jahr;2021;DINSGF;Früheres Bundesgebiet / Neue Länder;DF;Früheres Bundesgebiet;WZ08C7;WZ2008 (ausgewählte Positionen): Tarifindex;WZ08-27;Herstellung von elektrischen Ausrüstungen;100,0;2020=100;VST066;Index d.tarifl. Monatsverdienste ohne Sonderzahl.
62221;Vj. Index der Tarifverdienste und Arbeitszeiten;JAHR;Jahr;2021;DINSGF;Früheres Bundesgebiet / Neue Länder;DF;Früheres Bundesgebiet;WZ08C7;WZ2008 (ausgewählte Positionen): Tarifindex;WZ08-27;Herstellung von elektrischen Ausrüstungen;100,0;2020=100;VST018;Index der tariflichen Wochenarbeitszeit
62221;Vj. Index der Tarifverdienste und Arbeitszeiten;JAHR;Jahr;2021;DINSGF;Früheres Bundesgebiet / Neue Länder;DF;Früheres Bundesgebiet;WZ08C7;WZ2008 (ausgewählte Positionen): Tarifindex;WZ08-27;Herstellung von elektrischen Ausrüstungen;100,0;2020=100;VST065;Index d.tarifl. Stundenverdienste ohne Sonderzahl.
62221;Vj. Index der Tarifverdienste und Arbeitszeiten;JAHR;Jahr;2016;DINSGF;Früheres Bundesgebiet / Neue Länder;DN;Neue Länder;WZ08C7;WZ2008 (ausgewählte Positionen): Tarifindex;WZ08-51;Luftfahrt;-;2020=100;VST072;Index d.tarifl. Stundenverdienste mit Sonderzahl.
62221;Vj. Index der Tarifverdienste und Arbeitszeiten;JAHR;Jahr;2016;DINSGF;Früheres Bundesgebiet / Neue Länder;DN;Neue Länder;WZ08C7;WZ2008 (ausgewählte Positionen): Tarifindex;WZ08-51;Luftfahrt;-;2020=100;VST073;Index d.tarifl. Monatsverdienste mit Sonderzahl.
62221;Vj. Index der Tarifverdienste und Arbeitszeiten;JAHR;Jahr;2016;DINSGF;Früheres Bundesgebiet / Neue Länder;DN;Neue Länder;WZ08C7;WZ2008 (ausgewählte Positionen): Tarifindex;WZ08-51;Luftfahrt;-;h;VST019;Durchschnittliche tarifliche Wochenarbeitszeit
62221;Vj. Index der Tarifverdienste und Arbeitszeiten;JAHR;Jahr;2016;DINSGF;Früheres Bundesgebiet / Neue Länder;DN;Neue Länder;WZ08C7;WZ2008 (ausgewählte Positionen): Tarifindex;WZ08-51;Luftfahrt;-;2020=100;VST066;Index d.tarifl. Monatsverdienste ohne Sonderzahl.
62221;Vj. Index der Tarifverdienste und Arbeitszeiten;JAHR;Jahr;2016;DINSGF;Früheres Bundesgebiet / Neue Länder;DN;Neue Länder;WZ08C7;WZ2008 (ausgewählte Positionen): Tarifindex;WZ08-51;Luftfahrt;-;2020=100;VST018;Index der tariflichen Wochenarbeitszeit
62221;Vj. Index der Tarifverdienste und Arbeitszeiten;JAHR;Jahr;2016;DINSGF;Früheres Bundesgebiet / Neue Länder;DN;Neue Länder;WZ08C7;WZ2008 (ausgewählte Positionen): Tarifindex;WZ08-51;Luftfahrt;-;2020=100;VST065;Index d.tarifl. Stundenverdienste ohne Sonderzahl.
62221;Vj. Index der Tarifverdienste und Arbeitszeiten;JAHR;Jahr;2020;DINSGF;Früheres Bundesgebiet / Neue Länder;DN;Neue Länder;WZ08C7;WZ2008 (ausgewählte Positionen): Tarifindex;WZ08-46;Großhandel (ohne Handel mit Kraftfahrzeugen);100,0;2020=100;VST072;Index d.tarifl. Stundenverdienste mit Sonderzahl.
62221;Vj. Index der Tarifverdienste und Arbeitszeiten;JAHR;Jahr;2020;DINSGF;Früheres Bundesgebiet / Neue Länder;DN;Neue Länder;WZ08C7;WZ2008 (ausgewählte Positionen): Tarifindex;WZ08-46;Großhandel (ohne Handel mit Kraftfahrzeugen);100,0;2020=100;VST073;Index d.tarifl. Monatsverdienste mit Sonderzahl.
62221;Vj. Index der Tarifverdienste und Arbeitszeiten;JAHR;Jahr;2020;DINSGF;Früheres Bundesgebiet / Neue Länder;DN;Neue Länder;WZ08C7;WZ2008 (ausgewählte Positionen): Tarifindex;WZ08-46;Großhandel (ohne Handel mit Kraftfahrzeugen);38,6;h;VST019;Durchschnittliche tarifliche Wochenarbeitszeit
62221;Vj. Index der Tarifverdienste und Arbeitszeiten;JAHR;Jahr;2020;DINSGF;Früheres Bundesgebiet / Neue Länder;DN;Neue Länder;WZ08C7;WZ2008 (ausgewählte Positionen): Tarifindex;WZ08-46;Großhandel (ohne Handel mit Kraftfahrzeugen);100,0;2020=100;VST066;Index d.tarifl. Monatsverdienste ohne Sonderzahl.
62221;Vj. Index der Tarifverdienste und Arbeitszeiten;JAHR;Jahr;2020;DINSGF;Früheres Bundesgebiet / Neue Länder;DN;Neue Länder;WZ08C7;WZ2008 (ausgewählte Positionen): Tarifindex;WZ08-46;Großhandel (ohne Handel mit Kraftfahrzeugen);100,0;2020=100;VST018;Index der tariflichen Wochenarbeitszeit
62221;Vj. Index der Tarifverdienste und Arbeitszeiten;JAHR;Jahr;2020;DINSGF;Früheres Bundesgebiet / Neue Länder;DN;Neue Länder;WZ08C7;WZ2008 (ausgewählte Positionen): Tarifindex;WZ08-46;Großhandel (ohne Handel mit Kraftfahrzeugen);100,0;2020=100;VST065;Index d.tarifl. Stundenverdienste ohne Sonderzahl.
62221;Vj. Index der Tarifverdienste und Arbeitszeiten;JAHR;Jahr;2022;DINSGF;Früheres Bundesgebiet / Neue Länder;DF;Früheres Bundesgebiet;WZ08C7;WZ2008 (ausgewählte Positionen): Tarifindex;WZ08-G;Handel, Instandhaltung und Reparatur von Kfz;104,3;2020=100;VST072;Index d.tarifl. Stundenverdienste mit Sonderzahl.
62221;Vj. Index der Tarifverdienste und Arbeitszeiten;JAHR;Jahr;2022;DINSGF;Früheres Bundesgebiet / Neue Länder;DF;Früheres Bundesgebiet;WZ08C7;WZ2008 (ausgewählte Positionen): Tarifindex;WZ08-G;Handel, Instandhaltung und Reparatur von Kfz;104,3;2020=100;VST073;Index d.tarifl. Monatsverdienste mit Sonderzahl.
62221;Vj. Index der Tarifverdienste und Arbeitszeiten;JAHR;Jahr;2022;DINSGF;Früheres Bundesgebiet / Neue Länder;DF;Früheres Bundesgebiet;WZ08C7;WZ2008 (ausgewählte Positionen): Tarifindex;WZ08-G;Handel, Instandhaltung und Reparatur von Kfz;37,7;h;VST019;Durchschnittliche tarifliche Wochenarbeitszeit
62221;Vj. Index der Tarifverdienste und Arbeitszeiten;JAHR;Jahr;2022;DINSGF;Früheres Bundesgebiet / Neue Länder;DF;Früheres Bundesgebiet;WZ08C7;WZ2008 (ausgewählte Positionen): Tarifindex;WZ08-G;Handel, Instandhaltung und Reparatur von Kfz;104,0;2020=100;VST066;Index d.tarifl. Monatsverdienste ohne Sonderzahl.
62221;Vj. Index der Tarifverdienste und Arbeitszeiten;JAHR;Jahr;2022;DINSGF;Früheres Bundesgebiet / Neue Länder;DF;Früheres Bundesgebiet;WZ08C7;WZ2008 (ausgewählte Positionen): Tarifindex;WZ08-G;Handel, Instandhaltung und Reparatur von Kfz;100,0;2020=100;VST018;Index der tariflichen Wochenarbeitszeit
62221;Vj. Index der Tarifverdienste und Arbeitszeiten;JAHR;Jahr;2022;DINSGF;Früheres Bundesgebiet / Neue Länder;DF;Früheres Bundesgebiet;WZ08C7;WZ2008 (ausgewählte Positionen): Tarifindex;WZ08-G;Handel, Instandhaltung und Reparatur von Kfz;104,0;2020=100;VST065;Index d.tarifl. Stundenverdienste ohne Sonderzahl.
62221;Vj. Index der Tarifverdienste und Arbeitszeiten;JAHR;Jahr;2022;DINSGF;Früheres Bundesgebiet / Neue Länder;DF;Früheres Bundesgebiet;WZ08C7;WZ2008 (ausgewählte Positionen): Tarifindex;WZ08-84;Öff. Verwaltung, Verteidigung, Sozialversicherung;103,1;2020=100;VST072;Index d.tarifl. Stundenverdienste mit Sonderzahl.
62221;Vj. Index der Tarifverdienste und Arbeitszeiten;JAHR;Jahr;2022;DINSGF;Früheres Bundesgebiet / Neue Länder;DF;Früheres Bundesgebiet;WZ08C7;WZ2008 (ausgewählte Positionen): Tarifindex;WZ08-84;Öff. Verwaltung, Verteidigung, Sozialversicherung;103,1;2020=100;VST073;Index d.tarifl. Monatsverdienste mit Sonderzahl.
62221;Vj. Index der Tarifverdienste und Arbeitszeiten;JAHR;Jahr;2022;DINSGF;Früheres Bundesgebiet / Neue Länder;DF;Früheres Bundesgebiet;WZ08C7;WZ2008 (ausgewählte Positionen): Tarifindex;WZ08-84;Öff. Verwaltung, Verteidigung, Sozialversicherung;40,1;h;VST019;Durchschnittliche tarifliche Wochenarbeitszeit
62221;Vj. Index der Tarifverdienste und Arbeitszeiten;JAHR;Jahr;2022;DINSGF;Früheres Bundesgebiet / Neue Länder;DF;Früheres Bundesgebiet;WZ08C7;WZ2008 (ausgewählte Positionen): Tarifindex;WZ08-84;Öff. Verwaltung, Verteidigung, Sozialversicherung;102,4;2020=100;VST066;Index d.tarifl. Monatsverdienste ohne Sonderzahl.
62221;Vj. Index der Tarifverdienste und Arbeitszeiten;JAHR;Jahr;2022;DINSGF;Früheres Bundesgebiet / Neue Länder;DF;Früheres Bundesgebiet;WZ08C7;WZ2008 (ausgewählte Positionen): Tarifindex;WZ08-84;Öff. Verwaltung, Verteidigung, Sozialversicherung;100,0;2020=100;VST018;Index der tariflichen Wochenarbeitszeit
62221;Vj. Index der Tarifverdienste und Arbeitszeiten;JAHR;Jahr;2022;DINSGF;Früheres Bundesgebiet / Neue Länder;DF;Früheres Bundesgebiet;WZ08C7;WZ2008 (ausgewählte Positionen): Tarifindex;WZ08-84;Öff. Verwaltung, Verteidigung, Sozialversicherung;102,4;2020=100;VST065;Index d.tarifl. Stundenverdienste ohne Sonderzahl.
62221;Vj. Index der Tarifverdienste und Arbeitszeiten;JAHR;Jahr;2016;DINSGF;Früheres Bundesgebiet / Neue Länder;DN;Neue Länder;WZ08C7;WZ2008 (ausgewählte Positionen): Tarifindex;WZ08-G;Handel, Instandhaltung und Reparatur von Kfz;91,2;2020=100;VST072;Index d.tarifl. Stundenverdienste mit Sonderzahl.
62221;Vj. Index der Tarifverdienste und Arbeitszeiten;JAHR;Jahr;2016;DINSGF;Früheres Bundesgebiet / Neue Länder;DN;Neue Länder;WZ08C7;WZ2008 (ausgewählte Positionen): Tarifindex;WZ08-G;Handel, Instandhaltung und Reparatur von Kfz;91,5;2020=100;VST073;Index d.tarifl. Monatsverdienste mit Sonderzahl.
62221;Vj. Index der Tarifverdienste und Arbeitszeiten;JAHR;Jahr;2016;DINSGF;Früheres Bundesgebiet / Neue Länder;DN;Neue Länder;WZ08C7;WZ2008 (ausgewählte Positionen): Tarifindex;WZ08-G;Handel, Instandhaltung und Reparatur von Kfz;38,4;h;VST019;Durchschnittliche tarifliche Wochenarbeitszeit
62221;Vj. Index der Tarifverdienste und Arbeitszeiten;JAHR;Jahr;2016;DINSGF;Früheres Bundesgebiet / Neue Länder;DN;Neue Länder;WZ08C7;WZ2008 (ausgewählte Positionen): Tarifindex;WZ08-G;Handel, Instandhaltung und Reparatur von Kfz;91,4;2020=100;VST066;Index d.tarifl. Monatsverdienste ohne Sonderzahl.
62221;Vj. Index der Tarifverdienste und Arbeitszeiten;JAHR;Jahr;2016;DINSGF;Früheres Bundesgebiet / Neue Länder;DN;Neue Länder;WZ08C7;WZ2008 (ausgewählte Positionen): Tarifindex;WZ08-G;Handel, Instandhaltung und Reparatur von Kfz;100,1;2020=100;VST018;Index der tariflichen Wochenarbeitszeit
62221;Vj. Index der Tarifverdienste und Arbeitszeiten;JAHR;Jahr;2016;DINSGF;Früheres Bundesgebiet / Neue Länder;DN;Neue Länder;WZ08C7;WZ2008 (ausgewählte Positionen): Tarifindex;WZ08-G;Handel, Instandhaltung und Reparatur von Kfz;91,3;2020=100;VST065;Index d.tarifl. Stundenverdienste ohne Sonderzahl.
62221;Vj. Index der Tarifverdienste und Arbeitszeiten;JAHR;Jahr;2019;DINSGF;Früheres Bundesgebiet / Neue Länder;DN;Neue Länder;WZ08C7;WZ2008 (ausgewählte Positionen): Tarifindex;WZ08-11;Getränkeherstellung;97,4;2020=100;VST072;Index d.tarifl. Stundenverdienste mit Sonderzahl.
62221;Vj. Index der Tarifverdienste und Arbeitszeiten;JAHR;Jahr;2019;DINSGF;Früheres Bundesgebiet / Neue Länder;DN;Neue Länder;WZ08C7;WZ2008 (ausgewählte Positionen): Tarifindex;WZ08-11;Getränkeherstellung;97,4;2020=100;VST073;Index d.tarifl. Monatsverdienste mit Sonderzahl.
62221;Vj. Index der Tarifverdienste und Arbeitszeiten;JAHR;Jahr;2019;DINSGF;Früheres Bundesgebiet / Neue Länder;DN;Neue Länder;WZ08C7;WZ2008 (ausgewählte Positionen): Tarifindex;WZ08-11;Getränkeherstellung;38,9;h;VST019;Durchschnittliche tarifliche Wochenarbeitszeit
62221;Vj. Index der Tarifverdienste und Arbeitszeiten;JAHR;Jahr;2019;DINSGF;Früheres Bundesgebiet / Neue Länder;DN;Neue Länder;WZ08C7;WZ2008 (ausgewählte Positionen): Tarifindex;WZ08-11;Getränkeherstellung;96,6;2020=100;VST066;Index d.tarifl. Monatsverdienste ohne Sonderzahl.
62221;Vj. Index der Tarifverdienste und Arbeitszeiten;JAHR;Jahr;2019;DINSGF;Früheres Bundesgebiet / Neue Länder;DN;Neue Länder;WZ08C7;WZ2008 (ausgewählte Positionen): Tarifindex;WZ08-11;Getränkeherstellung;100,0;2020=100;VST018;Index der tariflichen Wochenarbeitszeit
62221;Vj. Index der Tarifverdienste und Arbeitszeiten;JAHR;Jahr;2019;DINSGF;Früheres Bundesgebiet / Neue Länder;DN;Neue Länder;WZ08C7;WZ2008 (ausgewählte Positionen): Tarifindex;WZ08-11;Getränkeherstellung;96,6;2020=100;VST065;Index d.tarifl. Stundenverdienste ohne Sonderzahl.
62221;Vj. Index der Tarifverdienste und Arbeitszeiten;JAHR;Jahr;2019;DINSGF;Früheres Bundesgebiet / Neue Länder;DN;Neue Länder;WZ08C7;WZ2008 (ausgewählte Positionen): Tarifindex;WZ-X002;Investitionsgüterproduzenten;99,9;2020=100;VST072;Index d.tarifl. Stundenverdienste mit Sonderzahl.
62221;Vj. Index der Tarifverdienste und Arbeitszeiten;JAHR;Jahr;2019;DINSGF;Früheres Bundesgebiet / Neue Länder;DN;Neue Länder;WZ08C7;WZ2008 (ausgewählte Positionen): Tarifindex;WZ-X002;Investitionsgüterproduzenten;99,9;2020=100;VST073;Index d.tarifl. Monatsverdienste mit Sonderzahl.
62221;Vj. Index der Tarifverdienste und Arbeitszeiten;JAHR;Jahr;2019;DINSGF;Früheres Bundesgebiet / Neue Länder;DN;Neue Länder;WZ08C7;WZ2008 (ausgewählte Positionen): Tarifindex;WZ-X002;Investitionsgüterproduzenten;37,8;h;VST019;Durchschnittliche tarifliche Wochenarbeitszeit
62221;Vj. Index der Tarifverdienste und Arbeitszeiten;JAHR;Jahr;2019;DINSGF;Früheres Bundesgebiet / Neue Länder;DN;Neue Länder;WZ08C7;WZ2008 (ausgewählte Positionen): Tarifindex;WZ-X002;Investitionsgüterproduzenten;99,8;2020=100;VST066;Index d.tarifl. Monatsverdienste ohne Sonderzahl.
62221;Vj. Index der Tarifverdienste und Arbeitszeiten;JAHR;Jahr;2019;DINSGF;Früheres Bundesgebiet / Neue Länder;DN;Neue Länder;WZ08C7;WZ2008 (ausgewählte Positionen): Tarifindex;WZ-X002;Investitionsgüterproduzenten;100,1;2020=100;VST018;Index der tariflichen Wochenarbeitszeit
62221;Vj. Index der Tarifverdienste und Arbeitszeiten;JAHR;Jahr;2019;DINSGF;Früheres Bundesgebiet / Neue Länder;DN;Neue Länder;WZ08C7;WZ2008 (ausgewählte Positionen): Tarifindex;WZ-X002;Investitionsgüterproduzenten;99,8;2020=100;VST065;Index d.tarifl. Stundenverdienste ohne Sonderzahl.
62221;Vj. Index der Tarifverdienste und Arbeitszeiten;JAHR;Jahr;2022;DINSGF;Früheres Bundesgebiet / Neue Länder;DN;Neue Länder;WZ08C7;WZ2008 (ausgewählte Positionen): Tarifindex;WZ08-K;Erbringung v. Finanz- u. Versicherungsdienstleist.;102,0;2020=100;VST072;Index d.tarifl. Stundenverdienste mit Sonderzahl.
62221;Vj. Index der Tarifverdienste und Arbeitszeiten;JAHR;Jahr;2022;DINSGF;Früheres Bundesgebiet / Neue Länder;DN;Neue Länder;WZ08C7;WZ2008 (ausgewählte Positionen): Tarifindex;WZ08-K;Erbringung v. Finanz- u. Versicherungsdienstleist.;102,0;2020=100;VST073;Index d.tarifl. Monatsverdienste mit Sonderzahl.
62221;Vj. Index der Tarifverdienste und Arbeitszeiten;JAHR;Jahr;2022;DINSGF;Früheres Bundesgebiet / Neue Länder;DN;Neue Länder;WZ08C7;WZ2008 (ausgewählte Positionen): Tarifindex;WZ08-K;Erbringung v. Finanz- u. Versicherungsdienstleist.;38,9;h;VST019;Durchschnittliche tarifliche Wochenarbeitszeit
62221;Vj. Index der Tarifverdienste und Arbeitszeiten;JAHR;Jahr;2022;DINSGF;Früheres Bundesgebiet / Neue Länder;DN;Neue Länder;WZ08C7;WZ2008 (ausgewählte Positionen): Tarifindex;WZ08-K;Erbringung v. Finanz- u. Versicherungsdienstleist.;102,4;2020=100;VST066;Index d.tarifl. Monatsverdienste ohne Sonderzahl.
62221;Vj. Index der Tarifverdienste und Arbeitszeiten;JAHR;Jahr;2022;DINSGF;Früheres Bundesgebiet / Neue Länder;DN;Neue Länder;WZ08C7;WZ2008 (ausgewählte Positionen): Tarifindex;WZ08-K;Erbringung v. Finanz- u. Versicherungsdienstleist.;100,0;2020=100;VST018;Index der tariflichen Wochenarbeitszeit
62221;Vj. Index der Tarifverdienste und Arbeitszeiten;JAHR;Jahr;2022;DINSGF;Früheres Bundesgebiet / Neue Länder;DN;Neue Länder;WZ08C7;WZ2008 (ausgewählte Positionen): Tarifindex;WZ08-K;Erbringung v. Finanz- u. Versicherungsdienstleist.;102,4;2020=100;VST065;Index d.tarifl. Stundenverdienste ohne Sonderzahl.
62221;Vj. Index der Tarifverdienste und Arbeitszeiten;JAHR;Jahr;2016;DINSGF;Früheres Bundesgebiet / Neue Länder;DN;Neue Länder;WZ08C7;WZ2008 (ausgewählte Positionen): Tarifindex;WZ08-S;Erbringung von sonstigen Dienstleistungen;89,7;2020=100;VST072;Index d.tarifl. Stundenverdienste mit Sonderzahl.
62221;Vj. Index der Tarifverdienste und Arbeitszeiten;JAHR;Jahr;2016;DINSGF;Früheres Bundesgebiet / Neue Länder;DN;Neue Länder;WZ08C7;WZ2008 (ausgewählte Positionen): Tarifindex;WZ08-S;Erbringung von sonstigen Dienstleistungen;89,7;2020=100;VST073;Index d.tarifl. Monatsverdienste mit Sonderzahl.
62221;Vj. Index der Tarifverdienste und Arbeitszeiten;JAHR;Jahr;2016;DINSGF;Früheres Bundesgebiet / Neue Länder;DN;Neue Länder;WZ08C7;WZ2008 (ausgewählte Positionen): Tarifindex;WZ08-S;Erbringung von sonstigen Dienstleistungen;38,8;h;VST019;Durchschnittliche tarifliche Wochenarbeitszeit
62221;Vj. Index der Tarifverdienste und Arbeitszeiten;JAHR;Jahr;2016;DINSGF;Früheres Bundesgebiet / Neue Länder;DN;Neue Länder;WZ08C7;WZ2008 (ausgewählte Positionen): Tarifindex;WZ08-S;Erbringung von sonstigen Dienstleistungen;89,6;2020=100;VST066;Index d.tarifl. Monatsverdienste ohne Sonderzahl.
62221;Vj. Index der Tarifverdienste und Arbeitszeiten;JAHR;Jahr;2016;DINSGF;Früheres Bundesgebiet / Neue Länder;DN;Neue Länder;WZ08C7;WZ2008 (ausgewählte Positionen): Tarifindex;WZ08-S;Erbringung von sonstigen Dienstleistungen;100,0;2020=100;VST018;Index der tariflichen Wochenarbeitszeit
62221;Vj. Index der Tarifverdienste und Arbeitszeiten;JAHR;Jahr;2016;DINSGF;Früheres Bundesgebiet / Neue Länder;DN;Neue Länder;WZ08C7;WZ2008 (ausgewählte Positionen): Tarifindex;WZ08-S;Erbringung von sonstigen Dienstleistungen;89,6;2020=100;VST065;Index d.tarifl. Stundenverdienste ohne Sonderzahl.
62221;Vj. Index der Tarifverdienste und Arbeitszeiten;JAHR;Jahr;2025;DINSGF;Früheres Bundesgebiet / Neue Länder;DN;Neue Länder;WZ08C7;WZ2008 (ausgewählte Positionen): Tarifindex;WZ08-15;Herstellung von Leder, Lederwaren und Schuhen;-;2020=100;VST072;Index d.tarifl. Stundenverdienste mit Sonderzahl.
62221;Vj. Index der Tarifverdienste und Arbeitszeiten;JAHR;Jahr;2025;DINSGF;Früheres Bundesgebiet / Neue Länder;DN;Neue Länder;WZ08C7;WZ2008 (ausgewählte Positionen): Tarifindex;WZ08-15;Herstellung von Leder, Lederwaren und Schuhen;-;2020=100;VST073;Index d.tarifl. Monatsverdienste mit Sonderzahl.
62221;Vj. Index der Tarifverdienste und Arbeitszeiten;JAHR;Jahr;2025;DINSGF;Früheres Bundesgebiet / Neue Länder;DN;Neue Länder;WZ08C7;WZ2008 (ausgewählte Positionen): Tarifindex;WZ08-15;Herstellung von Leder, Lederwaren und Schuhen;-;h;VST019;Durchschnittliche tarifliche Wochenarbeitszeit
62221;Vj. Index der Tarifverdienste und Arbeitszeiten;JAHR;Jahr;2025;DINSGF;Früheres Bundesgebiet / Neue Länder;DN;Neue Länder;WZ08C7;WZ2008 (ausgewählte Positionen): Tarifindex;WZ08-15;Herstellung von Leder, Lederwaren und Schuhen;-;2020=100;VST066;Index d.tarifl. Monatsverdienste ohne Sonderzahl.
62221;Vj. Index der Tarifverdienste und Arbeitszeiten;JAHR;Jahr;2025;DINSGF;Früheres Bundesgebiet / Neue Länder;DN;Neue Länder;WZ08C7;WZ2008 (ausgewählte Positionen): Tarifindex;WZ08-15;Herstellung von Leder, Lederwaren und Schuhen;-;2020=100;VST018;Index der tariflichen Wochenarbeitszeit
62221;Vj. Index der Tarifverdienste und Arbeitszeiten;JAHR;Jahr;2025;DINSGF;Früheres Bundesgebiet / Neue Länder;DN;Neue Länder;WZ08C7;WZ2008 (ausgewählte Positionen): Tarifindex;WZ08-15;Herstellung von Leder, Lederwaren und Schuhen;-;2020=100;VST065;Index d.tarifl. Stundenverdienste ohne Sonderzahl.
62221;Vj. Index der Tarifverdienste und Arbeitszeiten;JAHR;Jahr;2024;DINSGF;Früheres Bundesgebiet / Neue Länder;DF;Früheres Bundesgebiet;WZ08C7;WZ2008 (ausgewählte Positionen): Tarifindex;WZ08-G-03;Wirtschaftliche Dienstleistungen;114,0;2020=100;VST072;Index d.tarifl. Stundenverdienste mit Sonderzahl.
62221;Vj. Index der Tarifverdienste und Arbeitszeiten;JAHR;Jahr;2024;DINSGF;Früheres Bundesgebiet / Neue Länder;DF;Früheres Bundesgebiet;WZ08C7;WZ2008 (ausgewählte Positionen): Tarifindex;WZ08-G-03;Wirtschaftliche Dienstleistungen;114,0;2020=100;VST073;Index d.tarifl. Monatsverdienste mit Sonderzahl.
62221;Vj. Index der Tarifverdienste und Arbeitszeiten;JAHR;Jahr;2024;DINSGF;Früheres Bundesgebiet / Neue Länder;DF;Früheres Bundesgebiet;WZ08C7;WZ2008 (ausgewählte Positionen): Tarifindex;WZ08-G-03;Wirtschaftliche Dienstleistungen;38,1;h;VST019;Durchschnittliche tarifliche Wochenarbeitszeit
62221;Vj. Index der Tarifverdienste und Arbeitszeiten;JAHR;Jahr;2024;DINSGF;Früheres Bundesgebiet / Neue Länder;DF;Früheres Bundesgebiet;WZ08C7;WZ2008 (ausgewählte Positionen): Tarifindex;WZ08-G-03;Wirtschaftliche Dienstleistungen;111,9;2020=100;VST066;Index d.tarifl. Monatsverdienste ohne Sonderzahl.
62221;Vj. Index der Tarifverdienste und Arbeitszeiten;JAHR;Jahr;2024;DINSGF;Früheres Bundesgebiet / Neue Länder;DF;Früheres Bundesgebiet;WZ08C7;WZ2008 (ausgewählte Positionen): Tarifindex;WZ08-G-03;Wirtschaftliche Dienstleistungen;100,0;2020=100;VST018;Index der tariflichen Wochenarbeitszeit
62221;Vj. Index der Tarifverdienste und Arbeitszeiten;JAHR;Jahr;2024;DINSGF;Früheres Bundesgebiet / Neue Länder;DF;Früheres Bundesgebiet;WZ08C7;WZ2008 (ausgewählte Positionen): Tarifindex;WZ08-G-03;Wirtschaftliche Dienstleistungen;112,0;2020=100;VST065;Index d.tarifl. Stundenverdienste ohne Sonderzahl.
62221;Vj. Index der Tarifverdienste und Arbeitszeiten;JAHR;Jahr;2024;DINSGF;Früheres Bundesgebiet / Neue Länder;DF;Früheres Bundesgebiet;WZ08C7;WZ2008 (ausgewählte Positionen): Tarifindex;WZ08-93;Dienstleistungen d.Sports,d.Unterhaltg.u.Erholung;112,1;2020=100;VST072;Index d.tarifl. Stundenverdienste mit Sonderzahl.
62221;Vj. Index der Tarifverdienste und Arbeitszeiten;JAHR;Jahr;2024;DINSGF;Früheres Bundesgebiet / Neue Länder;DF;Früheres Bundesgebiet;WZ08C7;WZ2008 (ausgewählte Positionen): Tarifindex;WZ08-93;Dienstleistungen d.Sports,d.Unterhaltg.u.Erholung;112,1;2020=100;VST073;Index d.tarifl. Monatsverdienste mit Sonderzahl.
62221;Vj. Index der Tarifverdienste und Arbeitszeiten;JAHR;Jahr;2024;DINSGF;Früheres Bundesgebiet / Neue Länder;DF;Früheres Bundesgebiet;WZ08C7;WZ2008 (ausgewählte Positionen): Tarifindex;WZ08-93;Dienstleistungen d.Sports,d.Unterhaltg.u.Erholung;38,9;h;VST019;Durchschnittliche tarifliche Wochenarbeitszeit
62221;Vj. Index der Tarifverdienste und Arbeitszeiten;JAHR;Jahr;2024;DINSGF;Früheres Bundesgebiet / Neue Länder;DF;Früheres Bundesgebiet;WZ08C7;WZ2008 (ausgewählte Positionen): Tarifindex;WZ08-93;Dienstleistungen d.Sports,d.Unterhaltg.u.Erholung;110,3;2020=100;VST066;Index d.tarifl. Monatsverdienste ohne Sonderzahl.
62221;Vj. Index der Tarifverdienste und Arbeitszeiten;JAHR;Jahr;2024;DINSGF;Früheres Bundesgebiet / Neue Länder;DF;Früheres Bundesgebiet;WZ08C7;WZ2008 (ausgewählte Positionen): Tarifindex;WZ08-93;Dienstleistungen d.Sports,d.Unterhaltg.u.Erholung;100,0;2020=100;VST018;Index der tariflichen Wochenarbeitszeit
62221;Vj. Index der Tarifverdienste und Arbeitszeiten;JAHR;Jahr;2024;DINSGF;Früheres Bundesgebiet / Neue Länder;DF;Früheres Bundesgebiet;WZ08C7;WZ2008 (ausgewählte Positionen): Tarifindex;WZ08-93;Dienstleistungen d.Sports,d.Unterhaltg.u.Erholung;110,3;2020=100;VST065;Index d.tarifl. Stundenverdienste ohne Sonderzahl.
62221;Vj. Index der Tarifverdienste und Arbeitszeiten;JAHR;Jahr;2020;DINSGF;Früheres Bundesgebiet / Neue Länder;DN;Neue Länder;WZ08C7;WZ2008 (ausgewählte Positionen): Tarifindex;WZ08-E;Wasserversorg.,Entsorg.,Beseitig.v.Umweltverschm.;100,0;2020=100;VST072;Index d.tarifl. Stundenverdienste mit Sonderzahl.
62221;Vj. Index der Tarifverdienste und Arbeitszeiten;JAHR;Jahr;2020;DINSGF;Früheres Bundesgebiet / Neue Länder;DN;Neue Länder;WZ08C7;WZ2008 (ausgewählte Positionen): Tarifindex;WZ08-E;Wasserversorg.,Entsorg.,Beseitig.v.Umweltverschm.;100,0;2020=100;VST073;Index d.tarifl. Monatsverdienste mit Sonderzahl.
62221;Vj. Index der Tarifverdienste und Arbeitszeiten;JAHR;Jahr;2020;DINSGF;Früheres Bundesgebiet / Neue Länder;DN;Neue Länder;WZ08C7;WZ2008 (ausgewählte Positionen): Tarifindex;WZ08-E;Wasserversorg.,Entsorg.,Beseitig.v.Umweltverschm.;39,1;h;VST019;Durchschnittliche tarifliche Wochenarbeitszeit
62221;Vj. Index der Tarifverdienste und Arbeitszeiten;JAHR;Jahr;2020;DINSGF;Früheres Bundesgebiet / Neue Länder;DN;Neue Länder;WZ08C7;WZ2008 (ausgewählte Positionen): Tarifindex;WZ08-E;Wasserversorg.,Entsorg.,Beseitig.v.Umweltverschm.;100,0;2020=100;VST066;Index d.tarifl. Monatsverdienste ohne Sonderzahl.
62221;Vj. Index der Tarifverdienste und Arbeitszeiten;JAHR;Jahr;2020;DINSGF;Früheres Bundesgebiet / Neue Länder;DN;Neue Länder;WZ08C7;WZ2008 (ausgewählte Positionen): Tarifindex;WZ08-E;Wasserversorg.,Entsorg.,Beseitig.v.Umweltverschm.;100,0;2020=100;VST018;Index der tariflichen Wochenarbeitszeit
62221;Vj. Index der Tarifverdienste und Arbeitszeiten;JAHR;Jahr;2020;DINSGF;Früheres Bundesgebiet / Neue Länder;DN;Neue Länder;WZ08C7;WZ2008 (ausgewählte Positionen): Tarifindex;WZ08-E;Wasserversorg.,Entsorg.,Beseitig.v.Umweltverschm.;100,0;2020=100;VST065;Index d.tarifl. Stundenverdienste ohne Sonderzahl.
62221;Vj. Index der Tarifverdienste und Arbeitszeiten;JAHR;Jahr;2017;DINSGF;Früheres Bundesgebiet / Neue Länder;DF;Früheres Bundesgebiet;WZ08C7;WZ2008 (ausgewählte Positionen): Tarifindex;WZ08-14;Herstellung von Bekleidung;94,3;2020=100;VST072;Index d.tarifl. Stundenverdienste mit Sonderzahl.
62221;Vj. Index der Tarifverdienste und Arbeitszeiten;JAHR;Jahr;2017;DINSGF;Früheres Bundesgebiet / Neue Länder;DF;Früheres Bundesgebiet;WZ08C7;WZ2008 (ausgewählte Positionen): Tarifindex;WZ08-14;Herstellung von Bekleidung;94,3;2020=100;VST073;Index d.tarifl. Monatsverdienste mit Sonderzahl.
62221;Vj. Index der Tarifverdienste und Arbeitszeiten;JAHR;Jahr;2017;DINSGF;Früheres Bundesgebiet / Neue Länder;DF;Früheres Bundesgebiet;WZ08C7;WZ2008 (ausgewählte Positionen): Tarifindex;WZ08-14;Herstellung von Bekleidung;37,1;h;VST019;Durchschnittliche tarifliche Wochenarbeitszeit
62221;Vj. Index der Tarifverdienste und Arbeitszeiten;JAHR;Jahr;2017;DINSGF;Früheres Bundesgebiet / Neue Länder;DF;Früheres Bundesgebiet;WZ08C7;WZ2008 (ausgewählte Positionen): Tarifindex;WZ08-14;Herstellung von Bekleidung;94,0;2020=100;VST066;Index d.tarifl. Monatsverdienste ohne Sonderzahl.
62221;Vj. Index der Tarifverdienste und Arbeitszeiten;JAHR;Jahr;2017;DINSGF;Früheres Bundesgebiet / Neue Länder;DF;Früheres Bundesgebiet;WZ08C7;WZ2008 (ausgewählte Positionen): Tarifindex;WZ08-14;Herstellung von Bekleidung;100,0;2020=100;VST018;Index der tariflichen Wochenarbeitszeit
62221;Vj. Index der Tarifverdienste und Arbeitszeiten;JAHR;Jahr;2017;DINSGF;Früheres Bundesgebiet / Neue Länder;DF;Früheres Bundesgebiet;WZ08C7;WZ2008 (ausgewählte Positionen): Tarifindex;WZ08-14;Herstellung von Bekleidung;94,0;2020=100;VST065;Index d.tarifl. Stundenverdienste ohne Sonderzahl.
62221;Vj. Index der Tarifverdienste und Arbeitszeiten;JAHR;Jahr;2020;DINSGF;Früheres Bundesgebiet / Neue Länder;DN;Neue Länder;WZ08C7;WZ2008 (ausgewählte Positionen): Tarifindex;WZ08-28;Maschinenbau;100,0;2020=100;VST072;Index d.tarifl. Stundenverdienste mit Sonderzahl.
62221;Vj. Index der Tarifverdienste und Arbeitszeiten;JAHR;Jahr;2020;DINSGF;Früheres Bundesgebiet / Neue Länder;DN;Neue Länder;WZ08C7;WZ2008 (ausgewählte Positionen): Tarifindex;WZ08-28;Maschinenbau;100,0;2020=100;VST073;Index d.tarifl. Monatsverdienste mit Sonderzahl.
62221;Vj. Index der Tarifverdienste und Arbeitszeiten;JAHR;Jahr;2020;DINSGF;Früheres Bundesgebiet / Neue Länder;DN;Neue Länder;WZ08C7;WZ2008 (ausgewählte Positionen): Tarifindex;WZ08-28;Maschinenbau;37,6;h;VST019;Durchschnittliche tarifliche Wochenarbeitszeit
62221;Vj. Index der Tarifverdienste und Arbeitszeiten;JAHR;Jahr;2020;DINSGF;Früheres Bundesgebiet / Neue Länder;DN;Neue Länder;WZ08C7;WZ2008 (ausgewählte Positionen): Tarifindex;WZ08-28;Maschinenbau;100,0;2020=100;VST066;Index d.tarifl. Monatsverdienste ohne Sonderzahl.
62221;Vj. Index der Tarifverdienste und Arbeitszeiten;JAHR;Jahr;2020;DINSGF;Früheres Bundesgebiet / Neue Länder;DN;Neue Länder;WZ08C7;WZ2008 (ausgewählte Positionen): Tarifindex;WZ08-28;Maschinenbau;100,0;2020=100;VST018;Index der tariflichen Wochenarbeitszeit
62221;Vj. Index der Tarifverdienste und Arbeitszeiten;JAHR;Jahr;2020;DINSGF;Früheres Bundesgebiet / Neue Länder;DN;Neue Länder;WZ08C7;WZ2008 (ausgewählte Positionen): Tarifindex;WZ08-28;Maschinenbau;100,0;2020=100;VST065;Index d.tarifl. Stundenverdienste ohne Sonderzahl.
62221;Vj. Index der Tarifverdienste und Arbeitszeiten;JAHR;Jahr;2017;DINSGF;Früheres Bundesgebiet / Neue Länder;DF;Früheres Bundesgebiet;WZ08C7;WZ2008 (ausgewählte Positionen): Tarifindex;WZ08-F;Baugewerbe;92,5;2020=100;VST072;Index d.tarifl. Stundenverdienste mit Sonderzahl.
62221;Vj. Index der Tarifverdienste und Arbeitszeiten;JAHR;Jahr;2017;DINSGF;Früheres Bundesgebiet / Neue Länder;DF;Früheres Bundesgebiet;WZ08C7;WZ2008 (ausgewählte Positionen): Tarifindex;WZ08-F;Baugewerbe;92,5;2020=100;VST073;Index d.tarifl. Monatsverdienste mit Sonderzahl.
62221;Vj. Index der Tarifverdienste und Arbeitszeiten;JAHR;Jahr;2017;DINSGF;Früheres Bundesgebiet / Neue Länder;DF;Früheres Bundesgebiet;WZ08C7;WZ2008 (ausgewählte Positionen): Tarifindex;WZ08-F;Baugewerbe;39,2;h;VST019;Durchschnittliche tarifliche Wochenarbeitszeit
62221;Vj. Index der Tarifverdienste und Arbeitszeiten;JAHR;Jahr;2017;DINSGF;Früheres Bundesgebiet / Neue Länder;DF;Früheres Bundesgebiet;WZ08C7;WZ2008 (ausgewählte Positionen): Tarifindex;WZ08-F;Baugewerbe;93,6;2020=100;VST066;Index d.tarifl. Monatsverdienste ohne Sonderzahl.
62221;Vj. Index der Tarifverdienste und Arbeitszeiten;JAHR;Jahr;2017;DINSGF;Früheres Bundesgebiet / Neue Länder;DF;Früheres Bundesgebiet;WZ08C7;WZ2008 (ausgewählte Positionen): Tarifindex;WZ08-F;Baugewerbe;100,0;2020=100;VST018;Index der tariflichen Wochenarbeitszeit
62221;Vj. Index der Tarifverdienste und Arbeitszeiten;JAHR;Jahr;2017;DINSGF;Früheres Bundesgebiet / Neue Länder;DF;Früheres Bundesgebiet;WZ08C7;WZ2008 (ausgewählte Positionen): Tarifindex;WZ08-F;Baugewerbe;93,6;2020=100;VST065;Index d.tarifl. Stundenverdienste ohne Sonderzahl.
62221;Vj. Index der Tarifverdienste und Arbeitszeiten;JAHR;Jahr;2024;DINSGF;Früheres Bundesgebiet / Neue Länder;DN;Neue Länder;WZ08C7;WZ2008 (ausgewählte Positionen): Tarifindex;WZ08-H-01;Verkehr und Lagerei, Information und Kommunikation;113,6;2020=100;VST072;Index d.tarifl. Stundenverdienste mit Sonderzahl.
62221;Vj. Index der Tarifverdienste und Arbeitszeiten;JAHR;Jahr;2024;DINSGF;Früheres Bundesgebiet / Neue Länder;DN;Neue Länder;WZ08C7;WZ2008 (ausgewählte Positionen): Tarifindex;WZ08-H-01;Verkehr und Lagerei, Information und Kommunikation;113,3;2020=100;VST073;Index d.tarifl. Monatsverdienste mit Sonderzahl.
62221;Vj. Index der Tarifverdienste und Arbeitszeiten;JAHR;Jahr;2024;DINSGF;Früheres Bundesgebiet / Neue Länder;DN;Neue Länder;WZ08C7;WZ2008 (ausgewählte Positionen): Tarifindex;WZ08-H-01;Verkehr und Lagerei, Information und Kommunikation;38,8;h;VST019;Durchschnittliche tarifliche Wochenarbeitszeit
62221;Vj. Index der Tarifverdienste und Arbeitszeiten;JAHR;Jahr;2024;DINSGF;Früheres Bundesgebiet / Neue Länder;DN;Neue Länder;WZ08C7;WZ2008 (ausgewählte Positionen): Tarifindex;WZ08-H-01;Verkehr und Lagerei, Information und Kommunikation;111,8;2020=100;VST066;Index d.tarifl. Monatsverdienste ohne Sonderzahl.
62221;Vj. Index der Tarifverdienste und Arbeitszeiten;JAHR;Jahr;2024;DINSGF;Früheres Bundesgebiet / Neue Länder;DN;Neue Länder;WZ08C7;WZ2008 (ausgewählte Positionen): Tarifindex;WZ08-H-01;Verkehr und Lagerei, Information und Kommunikation;99,8;2020=100;VST018;Index der tariflichen Wochenarbeitszeit
62221;Vj. Index der Tarifverdienste und Arbeitszeiten;JAHR;Jahr;2024;DINSGF;Früheres Bundesgebiet / Neue Länder;DN;Neue Länder;WZ08C7;WZ2008 (ausgewählte Positionen): Tarifindex;WZ08-H-01;Verkehr und Lagerei, Information und Kommunikation;112,1;2020=100;VST065;Index d.tarifl. Stundenverdienste ohne Sonderzahl.
62221;Vj. Index der Tarifverdienste und Arbeitszeiten;JAHR;Jahr;2022;DINSGF;Früheres Bundesgebiet / Neue Länder;DN;Neue Länder;WZ08C7;WZ2008 (ausgewählte Positionen): Tarifindex;WZ08-91;Bibliotheken, Archive, Museen, bot. u. zoo. Gärten;102,9;2020=100;VST072;Index d.tarifl. Stundenverdienste mit Sonderzahl.
62221;Vj. Index der Tarifverdienste und Arbeitszeiten;JAHR;Jahr;2022;DINSGF;Früheres Bundesgebiet / Neue Länder;DN;Neue Länder;WZ08C7;WZ2008 (ausgewählte Positionen): Tarifindex;WZ08-91;Bibliotheken, Archive, Museen, bot. u. zoo. Gärten;102,9;2020=100;VST073;Index d.tarifl. Monatsverdienste mit Sonderzahl.
62221;Vj. Index der Tarifverdienste und Arbeitszeiten;JAHR;Jahr;2022;DINSGF;Früheres Bundesgebiet / Neue Länder;DN;Neue Länder;WZ08C7;WZ2008 (ausgewählte Positionen): Tarifindex;WZ08-91;Bibliotheken, Archive, Museen, bot. u. zoo. Gärten;39,3;h;VST019;Durchschnittliche tarifliche Wochenarbeitszeit
62221;Vj. Index der Tarifverdienste und Arbeitszeiten;JAHR;Jahr;2022;DINSGF;Früheres Bundesgebiet / Neue Länder;DN;Neue Länder;WZ08C7;WZ2008 (ausgewählte Positionen): Tarifindex;WZ08-91;Bibliotheken, Archive, Museen, bot. u. zoo. Gärten;102,3;2020=100;VST066;Index d.tarifl. Monatsverdienste ohne Sonderzahl.
62221;Vj. Index der Tarifverdienste und Arbeitszeiten;JAHR;Jahr;2022;DINSGF;Früheres Bundesgebiet / Neue Länder;DN;Neue Länder;WZ08C7;WZ2008 (ausgewählte Positionen): Tarifindex;WZ08-91;Bibliotheken, Archive, Museen, bot. u. zoo. Gärten;100,0;2020=100;VST018;Index der tariflichen Wochenarbeitszeit
62221;Vj. Index der Tarifverdienste und Arbeitszeiten;JAHR;Jahr;2022;DINSGF;Früheres Bundesgebiet / Neue Länder;DN;Neue Länder;WZ08C7;WZ2008 (ausgewählte Positionen): Tarifindex;WZ08-91;Bibliotheken, Archive, Museen, bot. u. zoo. Gärten;102,3;2020=100;VST065;Index d.tarifl. Stundenverdienste ohne Sonderzahl.
62221;Vj. Index der Tarifverdienste und Arbeitszeiten;JAHR;Jahr;2016;DINSGF;Früheres Bundesgebiet / Neue Länder;DF;Früheres Bundesgebiet;WZ08C7;WZ2008 (ausgewählte Positionen): Tarifindex;WZ08-95;Reparatur von DV-Geräten und Gebrauchsgütern;90,6;2020=100;VST072;Index d.tarifl. Stundenverdienste mit Sonderzahl.
62221;Vj. Index der Tarifverdienste und Arbeitszeiten;JAHR;Jahr;2016;DINSGF;Früheres Bundesgebiet / Neue Länder;DF;Früheres Bundesgebiet;WZ08C7;WZ2008 (ausgewählte Positionen): Tarifindex;WZ08-95;Reparatur von DV-Geräten und Gebrauchsgütern;90,7;2020=100;VST073;Index d.tarifl. Monatsverdienste mit Sonderzahl.
62221;Vj. Index der Tarifverdienste und Arbeitszeiten;JAHR;Jahr;2016;DINSGF;Früheres Bundesgebiet / Neue Länder;DF;Früheres Bundesgebiet;WZ08C7;WZ2008 (ausgewählte Positionen): Tarifindex;WZ08-95;Reparatur von DV-Geräten und Gebrauchsgütern;36,7;h;VST019;Durchschnittliche tarifliche Wochenarbeitszeit
62221;Vj. Index der Tarifverdienste und Arbeitszeiten;JAHR;Jahr;2016;DINSGF;Früheres Bundesgebiet / Neue Länder;DF;Früheres Bundesgebiet;WZ08C7;WZ2008 (ausgewählte Positionen): Tarifindex;WZ08-95;Reparatur von DV-Geräten und Gebrauchsgütern;92,0;2020=100;VST066;Index d.tarifl. Monatsverdienste ohne Sonderzahl.
62221;Vj. Index der Tarifverdienste und Arbeitszeiten;JAHR;Jahr;2016;DINSGF;Früheres Bundesgebiet / Neue Länder;DF;Früheres Bundesgebiet;WZ08C7;WZ2008 (ausgewählte Positionen): Tarifindex;WZ08-95;Reparatur von DV-Geräten und Gebrauchsgütern;100,1;2020=100;VST018;Index der tariflichen Wochenarbeitszeit
62221;Vj. Index der Tarifverdienste und Arbeitszeiten;JAHR;Jahr;2016;DINSGF;Früheres Bundesgebiet / Neue Länder;DF;Früheres Bundesgebiet;WZ08C7;WZ2008 (ausgewählte Positionen): Tarifindex;WZ08-95;Reparatur von DV-Geräten und Gebrauchsgütern;91,9;2020=100;VST065;Index d.tarifl. Stundenverdienste ohne Sonderzahl.
62221;Vj. Index der Tarifverdienste und Arbeitszeiten;JAHR;Jahr;2021;DINSGF;Früheres Bundesgebiet / Neue Länder;DN;Neue Länder;WZ08C7;WZ2008 (ausgewählte Positionen): Tarifindex;WZ08-16;H.v. Holz-, Flecht-, Korb-u.Korkwaren (ohne Möbel);101,5;2020=100;VST072;Index d.tarifl. Stundenverdienste mit Sonderzahl.
62221;Vj. Index der Tarifverdienste und Arbeitszeiten;JAHR;Jahr;2021;DINSGF;Früheres Bundesgebiet / Neue Länder;DN;Neue Länder;WZ08C7;WZ2008 (ausgewählte Positionen): Tarifindex;WZ08-16;H.v. Holz-, Flecht-, Korb-u.Korkwaren (ohne Möbel);101,2;2020=100;VST073;Index d.tarifl. Monatsverdienste mit Sonderzahl.
62221;Vj. Index der Tarifverdienste und Arbeitszeiten;JAHR;Jahr;2021;DINSGF;Früheres Bundesgebiet / Neue Länder;DN;Neue Länder;WZ08C7;WZ2008 (ausgewählte Positionen): Tarifindex;WZ08-16;H.v. Holz-, Flecht-, Korb-u.Korkwaren (ohne Möbel);39,0;h;VST019;Durchschnittliche tarifliche Wochenarbeitszeit
62221;Vj. Index der Tarifverdienste und Arbeitszeiten;JAHR;Jahr;2021;DINSGF;Früheres Bundesgebiet / Neue Länder;DN;Neue Länder;WZ08C7;WZ2008 (ausgewählte Positionen): Tarifindex;WZ08-16;H.v. Holz-, Flecht-, Korb-u.Korkwaren (ohne Möbel);101,6;2020=100;VST066;Index d.tarifl. Monatsverdienste ohne Sonderzahl.
62221;Vj. Index der Tarifverdienste und Arbeitszeiten;JAHR;Jahr;2021;DINSGF;Früheres Bundesgebiet / Neue Länder;DN;Neue Länder;WZ08C7;WZ2008 (ausgewählte Positionen): Tarifindex;WZ08-16;H.v. Holz-, Flecht-, Korb-u.Korkwaren (ohne Möbel);99,7;2020=100;VST018;Index der tariflichen Wochenarbeitszeit
62221;Vj. Index der Tarifverdienste und Arbeitszeiten;JAHR;Jahr;2021;DINSGF;Früheres Bundesgebiet / Neue Länder;DN;Neue Länder;WZ08C7;WZ2008 (ausgewählte Positionen): Tarifindex;WZ08-16;H.v. Holz-, Flecht-, Korb-u.Korkwaren (ohne Möbel);101,8;2020=100;VST065;Index d.tarifl. Stundenverdienste ohne Sonderzahl.
62221;Vj. Index der Tarifverdienste und Arbeitszeiten;JAHR;Jahr;2016;DINSGF;Früheres Bundesgebiet / Neue Länder;DF;Früheres Bundesgebiet;WZ08C7;WZ2008 (ausgewählte Positionen): Tarifindex;WZ08-26;H.v. DV-Geräten, elektron. u. opt. Erzeugnissen;90,5;2020=100;VST072;Index d.tarifl. Stundenverdienste mit Sonderzahl.
62221;Vj. Index der Tarifverdienste und Arbeitszeiten;JAHR;Jahr;2016;DINSGF;Früheres Bundesgebiet / Neue Länder;DF;Früheres Bundesgebiet;WZ08C7;WZ2008 (ausgewählte Positionen): Tarifindex;WZ08-26;H.v. DV-Geräten, elektron. u. opt. Erzeugnissen;90,5;2020=100;VST073;Index d.tarifl. Monatsverdienste mit Sonderzahl.
62221;Vj. Index der Tarifverdienste und Arbeitszeiten;JAHR;Jahr;2016;DINSGF;Früheres Bundesgebiet / Neue Länder;DF;Früheres Bundesgebiet;WZ08C7;WZ2008 (ausgewählte Positionen): Tarifindex;WZ08-26;H.v. DV-Geräten, elektron. u. opt. Erzeugnissen;35,2;h;VST019;Durchschnittliche tarifliche Wochenarbeitszeit
62221;Vj. Index der Tarifverdienste und Arbeitszeiten;JAHR;Jahr;2016;DINSGF;Früheres Bundesgebiet / Neue Länder;DF;Früheres Bundesgebiet;WZ08C7;WZ2008 (ausgewählte Positionen): Tarifindex;WZ08-26;H.v. DV-Geräten, elektron. u. opt. Erzeugnissen;92,7;2020=100;VST066;Index d.tarifl. Monatsverdienste ohne Sonderzahl.
62221;Vj. Index der Tarifverdienste und Arbeitszeiten;JAHR;Jahr;2016;DINSGF;Früheres Bundesgebiet / Neue Länder;DF;Früheres Bundesgebiet;WZ08C7;WZ2008 (ausgewählte Positionen): Tarifindex;WZ08-26;H.v. DV-Geräten, elektron. u. opt. Erzeugnissen;100,0;2020=100;VST018;Index der tariflichen Wochenarbeitszeit
62221;Vj. Index der Tarifverdienste und Arbeitszeiten;JAHR;Jahr;2016;DINSGF;Früheres Bundesgebiet / Neue Länder;DF;Früheres Bundesgebiet;WZ08C7;WZ2008 (ausgewählte Positionen): Tarifindex;WZ08-26;H.v. DV-Geräten, elektron. u. opt. Erzeugnissen;92,7;2020=100;VST065;Index d.tarifl. Stundenverdienste ohne Sonderzahl.
62221;Vj. Index der Tarifverdienste und Arbeitszeiten;JAHR;Jahr;2022;DINSGF;Früheres Bundesgebiet / Neue Länder;DF;Früheres Bundesgebiet;WZ08C7;WZ2008 (ausgewählte Positionen): Tarifindex;WZ08-66;Mit Finanz- u. Versicherungsdienstl. verb. Tätigk.;104,0;2020=100;VST072;Index d.tarifl. Stundenverdienste mit Sonderzahl.
62221;Vj. Index der Tarifverdienste und Arbeitszeiten;JAHR;Jahr;2022;DINSGF;Früheres Bundesgebiet / Neue Länder;DF;Früheres Bundesgebiet;WZ08C7;WZ2008 (ausgewählte Positionen): Tarifindex;WZ08-66;Mit Finanz- u. Versicherungsdienstl. verb. Tätigk.;104,0;2020=100;VST073;Index d.tarifl. Monatsverdienste mit Sonderzahl.
62221;Vj. Index der Tarifverdienste und Arbeitszeiten;JAHR;Jahr;2022;DINSGF;Früheres Bundesgebiet / Neue Länder;DF;Früheres Bundesgebiet;WZ08C7;WZ2008 (ausgewählte Positionen): Tarifindex;WZ08-66;Mit Finanz- u. Versicherungsdienstl. verb. Tätigk.;38,0;h;VST019;Durchschnittliche tarifliche Wochenarbeitszeit
62221;Vj. Index der Tarifverdienste und Arbeitszeiten;JAHR;Jahr;2022;DINSGF;Früheres Bundesgebiet / Neue Länder;DF;Früheres Bundesgebiet;WZ08C7;WZ2008 (ausgewählte Positionen): Tarifindex;WZ08-66;Mit Finanz- u. Versicherungsdienstl. verb. Tätigk.;103,2;2020=100;VST066;Index d.tarifl. Monatsverdienste ohne Sonderzahl.
62221;Vj. Index der Tarifverdienste und Arbeitszeiten;JAHR;Jahr;2022;DINSGF;Früheres Bundesgebiet / Neue Länder;DF;Früheres Bundesgebiet;WZ08C7;WZ2008 (ausgewählte Positionen): Tarifindex;WZ08-66;Mit Finanz- u. Versicherungsdienstl. verb. Tätigk.;100,0;2020=100;VST018;Index der tariflichen Wochenarbeitszeit
62221;Vj. Index der Tarifverdienste und Arbeitszeiten;JAHR;Jahr;2022;DINSGF;Früheres Bundesgebiet / Neue Länder;DF;Früheres Bundesgebiet;WZ08C7;WZ2008 (ausgewählte Positionen): Tarifindex;WZ08-66;Mit Finanz- u. Versicherungsdienstl. verb. Tätigk.;103,2;2020=100;VST065;Index d.tarifl. Stundenverdienste ohne Sonderzahl.
62221;Vj. Index der Tarifverdienste und Arbeitszeiten;JAHR;Jahr;2021;DINSGF;Früheres Bundesgebiet / Neue Länder;DN;Neue Länder;WZ08C7;WZ2008 (ausgewählte Positionen): Tarifindex;WZ08-85;Erziehung und Unterricht;101,1;2020=100;VST072;Index d.tarifl. Stundenverdienste mit Sonderzahl.
62221;Vj. Index der Tarifverdienste und Arbeitszeiten;JAHR;Jahr;2021;DINSGF;Früheres Bundesgebiet / Neue Länder;DN;Neue Länder;WZ08C7;WZ2008 (ausgewählte Positionen): Tarifindex;WZ08-85;Erziehung und Unterricht;101,1;2020=100;VST073;Index d.tarifl. Monatsverdienste mit Sonderzahl.
62221;Vj. Index der Tarifverdienste und Arbeitszeiten;JAHR;Jahr;2021;DINSGF;Früheres Bundesgebiet / Neue Länder;DN;Neue Länder;WZ08C7;WZ2008 (ausgewählte Positionen): Tarifindex;WZ08-85;Erziehung und Unterricht;39,7;h;VST019;Durchschnittliche tarifliche Wochenarbeitszeit
62221;Vj. Index der Tarifverdienste und Arbeitszeiten;JAHR;Jahr;2021;DINSGF;Früheres Bundesgebiet / Neue Länder;DN;Neue Länder;WZ08C7;WZ2008 (ausgewählte Positionen): Tarifindex;WZ08-85;Erziehung und Unterricht;101,3;2020=100;VST066;Index d.tarifl. Monatsverdienste ohne Sonderzahl.
62221;Vj. Index der Tarifverdienste und Arbeitszeiten;JAHR;Jahr;2021;DINSGF;Früheres Bundesgebiet / Neue Länder;DN;Neue Länder;WZ08C7;WZ2008 (ausgewählte Positionen): Tarifindex;WZ08-85;Erziehung und Unterricht;100,0;2020=100;VST018;Index der tariflichen Wochenarbeitszeit
62221;Vj. Index der Tarifverdienste und Arbeitszeiten;JAHR;Jahr;2021;DINSGF;Früheres Bundesgebiet / Neue Länder;DN;Neue Länder;WZ08C7;WZ2008 (ausgewählte Positionen): Tarifindex;WZ08-85;Erziehung und Unterricht;101,3;2020=100;VST065;Index d.tarifl. Stundenverdienste ohne Sonderzahl.
62221;Vj. Index der Tarifverdienste und Arbeitszeiten;JAHR;Jahr;2024;DINSGF;Früheres Bundesgebiet / Neue Länder;DF;Früheres Bundesgebiet;WZ08C7;WZ2008 (ausgewählte Positionen): Tarifindex;WZ08-M;Freiberufliche, wiss. u. techn. Dienstleistungen;111,8;2020=100;VST072;Index d.tarifl. Stundenverdienste mit Sonderzahl.
62221;Vj. Index der Tarifverdienste und Arbeitszeiten;JAHR;Jahr;2024;DINSGF;Früheres Bundesgebiet / Neue Länder;DF;Früheres Bundesgebiet;WZ08C7;WZ2008 (ausgewählte Positionen): Tarifindex;WZ08-M;Freiberufliche, wiss. u. techn. Dienstleistungen;111,8;2020=100;VST073;Index d.tarifl. Monatsverdienste mit Sonderzahl.
62221;Vj. Index der Tarifverdienste und Arbeitszeiten;JAHR;Jahr;2024;DINSGF;Früheres Bundesgebiet / Neue Länder;DF;Früheres Bundesgebiet;WZ08C7;WZ2008 (ausgewählte Positionen): Tarifindex;WZ08-M;Freiberufliche, wiss. u. techn. Dienstleistungen;37,9;h;VST019;Durchschnittliche tarifliche Wochenarbeitszeit
62221;Vj. Index der Tarifverdienste und Arbeitszeiten;JAHR;Jahr;2024;DINSGF;Früheres Bundesgebiet / Neue Länder;DF;Früheres Bundesgebiet;WZ08C7;WZ2008 (ausgewählte Positionen): Tarifindex;WZ08-M;Freiberufliche, wiss. u. techn. Dienstleistungen;109,6;2020=100;VST066;Index d.tarifl. Monatsverdienste ohne Sonderzahl.
62221;Vj. Index der Tarifverdienste und Arbeitszeiten;JAHR;Jahr;2024;DINSGF;Früheres Bundesgebiet / Neue Länder;DF;Früheres Bundesgebiet;WZ08C7;WZ2008 (ausgewählte Positionen): Tarifindex;WZ08-M;Freiberufliche, wiss. u. techn. Dienstleistungen;100,0;2020=100;VST018;Index der tariflichen Wochenarbeitszeit
62221;Vj. Index der Tarifverdienste und Arbeitszeiten;JAHR;Jahr;2024;DINSGF;Früheres Bundesgebiet / Neue Länder;DF;Früheres Bundesgebiet;WZ08C7;WZ2008 (ausgewählte Positionen): Tarifindex;WZ08-M;Freiberufliche, wiss. u. techn. Dienstleistungen;109,6;2020=100;VST065;Index d.tarifl. Stundenverdienste ohne Sonderzahl.
62221;Vj. Index der Tarifverdienste und Arbeitszeiten;JAHR;Jahr;2023;DINSGF;Früheres Bundesgebiet / Neue Länder;DF;Früheres Bundesgebiet;WZ08C7;WZ2008 (ausgewählte Positionen): Tarifindex;WZ08-72;Forschung und Entwicklung;106,0;2020=100;VST072;Index d.tarifl. Stundenverdienste mit Sonderzahl.
62221;Vj. Index der Tarifverdienste und Arbeitszeiten;JAHR;Jahr;2023;DINSGF;Früheres Bundesgebiet / Neue Länder;DF;Früheres Bundesgebiet;WZ08C7;WZ2008 (ausgewählte Positionen): Tarifindex;WZ08-72;Forschung und Entwicklung;106,0;2020=100;VST073;Index d.tarifl. Monatsverdienste mit Sonderzahl.
62221;Vj. Index der Tarifverdienste und Arbeitszeiten;JAHR;Jahr;2023;DINSGF;Früheres Bundesgebiet / Neue Länder;DF;Früheres Bundesgebiet;WZ08C7;WZ2008 (ausgewählte Positionen): Tarifindex;WZ08-72;Forschung und Entwicklung;38,9;h;VST019;Durchschnittliche tarifliche Wochenarbeitszeit
62221;Vj. Index der Tarifverdienste und Arbeitszeiten;JAHR;Jahr;2023;DINSGF;Früheres Bundesgebiet / Neue Länder;DF;Früheres Bundesgebiet;WZ08C7;WZ2008 (ausgewählte Positionen): Tarifindex;WZ08-72;Forschung und Entwicklung;103,6;2020=100;VST066;Index d.tarifl. Monatsverdienste ohne Sonderzahl.
62221;Vj. Index der Tarifverdienste und Arbeitszeiten;JAHR;Jahr;2023;DINSGF;Früheres Bundesgebiet / Neue Länder;DF;Früheres Bundesgebiet;WZ08C7;WZ2008 (ausgewählte Positionen): Tarifindex;WZ08-72;Forschung und Entwicklung;100,0;2020=100;VST018;Index der tariflichen Wochenarbeitszeit
62221;Vj. Index der Tarifverdienste und Arbeitszeiten;JAHR;Jahr;2023;DINSGF;Früheres Bundesgebiet / Neue Länder;DF;Früheres Bundesgebiet;WZ08C7;WZ2008 (ausgewählte Positionen): Tarifindex;WZ08-72;Forschung und Entwicklung;103,6;2020=100;VST065;Index d.tarifl. Stundenverdienste ohne Sonderzahl.
62221;Vj. Index der Tarifverdienste und Arbeitszeiten;JAHR;Jahr;2020;DINSGF;Früheres Bundesgebiet / Neue Länder;DF;Früheres Bundesgebiet;WZ08C7;WZ2008 (ausgewählte Positionen): Tarifindex;WZ08-10-02;Ernährungsgewerbe;100,0;2020=100;VST072;Index d.tarifl. Stundenverdienste mit Sonderzahl.
62221;Vj. Index der Tarifverdienste und Arbeitszeiten;JAHR;Jahr;2020;DINSGF;Früheres Bundesgebiet / Neue Länder;DF;Früheres Bundesgebiet;WZ08C7;WZ2008 (ausgewählte Positionen): Tarifindex;WZ08-10-02;Ernährungsgewerbe;100,0;2020=100;VST073;Index d.tarifl. Monatsverdienste mit Sonderzahl.
62221;Vj. Index der Tarifverdienste und Arbeitszeiten;JAHR;Jahr;2020;DINSGF;Früheres Bundesgebiet / Neue Länder;DF;Früheres Bundesgebiet;WZ08C7;WZ2008 (ausgewählte Positionen): Tarifindex;WZ08-10-02;Ernährungsgewerbe;38,1;h;VST019;Durchschnittliche tarifliche Wochenarbeitszeit
62221;Vj. Index der Tarifverdienste und Arbeitszeiten;JAHR;Jahr;2020;DINSGF;Früheres Bundesgebiet / Neue Länder;DF;Früheres Bundesgebiet;WZ08C7;WZ2008 (ausgewählte Positionen): Tarifindex;WZ08-10-02;Ernährungsgewerbe;100,0;2020=100;VST066;Index d.tarifl. Monatsverdienste ohne Sonderzahl.
62221;Vj. Index der Tarifverdienste und Arbeitszeiten;JAHR;Jahr;2020;DINSGF;Früheres Bundesgebiet / Neue Länder;DF;Früheres Bundesgebiet;WZ08C7;WZ2008 (ausgewählte Positionen): Tarifindex;WZ08-10-02;Ernährungsgewerbe;100,0;2020=100;VST018;Index der tariflichen Wochenarbeitszeit
62221;Vj. Index der Tarifverdienste und Arbeitszeiten;JAHR;Jahr;2020;DINSGF;Früheres Bundesgebiet / Neue Länder;DF;Früheres Bundesgebiet;WZ08C7;WZ2008 (ausgewählte Positionen): Tarifindex;WZ08-10-02;Ernährungsgewerbe;100,0;2020=100;VST065;Index d.tarifl. Stundenverdienste ohne Sonderzahl.
62221;Vj. Index der Tarifverdienste und Arbeitszeiten;JAHR;Jahr;2016;DINSGF;Früheres Bundesgebiet / Neue Länder;DF;Früheres Bundesgebiet;WZ08C7;WZ2008 (ausgewählte Positionen): Tarifindex;WZ08-77;Vermietung von beweglichen Sachen;91,6;2020=100;VST072;Index d.tarifl. Stundenverdienste mit Sonderzahl.
62221;Vj. Index der Tarifverdienste und Arbeitszeiten;JAHR;Jahr;2016;DINSGF;Früheres Bundesgebiet / Neue Länder;DF;Früheres Bundesgebiet;WZ08C7;WZ2008 (ausgewählte Positionen): Tarifindex;WZ08-77;Vermietung von beweglichen Sachen;91,7;2020=100;VST073;Index d.tarifl. Monatsverdienste mit Sonderzahl.
62221;Vj. Index der Tarifverdienste und Arbeitszeiten;JAHR;Jahr;2016;DINSGF;Früheres Bundesgebiet / Neue Länder;DF;Früheres Bundesgebiet;WZ08C7;WZ2008 (ausgewählte Positionen): Tarifindex;WZ08-77;Vermietung von beweglichen Sachen;37,6;h;VST019;Durchschnittliche tarifliche Wochenarbeitszeit
62221;Vj. Index der Tarifverdienste und Arbeitszeiten;JAHR;Jahr;2016;DINSGF;Früheres Bundesgebiet / Neue Länder;DF;Früheres Bundesgebiet;WZ08C7;WZ2008 (ausgewählte Positionen): Tarifindex;WZ08-77;Vermietung von beweglichen Sachen;92,7;2020=100;VST066;Index d.tarifl. Monatsverdienste ohne Sonderzahl.
62221;Vj. Index der Tarifverdienste und Arbeitszeiten;JAHR;Jahr;2016;DINSGF;Früheres Bundesgebiet / Neue Länder;DF;Früheres Bundesgebiet;WZ08C7;WZ2008 (ausgewählte Positionen): Tarifindex;WZ08-77;Vermietung von beweglichen Sachen;100,0;2020=100;VST018;Index der tariflichen Wochenarbeitszeit
62221;Vj. Index der Tarifverdienste und Arbeitszeiten;JAHR;Jahr;2016;DINSGF;Früheres Bundesgebiet / Neue Länder;DF;Früheres Bundesgebiet;WZ08C7;WZ2008 (ausgewählte Positionen): Tarifindex;WZ08-77;Vermietung von beweglichen Sachen;92,6;2020=100;VST065;Index d.tarifl. Stundenverdienste ohne Sonderzahl.
62221;Vj. Index der Tarifverdienste und Arbeitszeiten;JAHR;Jahr;2019;DINSGF;Früheres Bundesgebiet / Neue Länder;DF;Früheres Bundesgebiet;WZ08C7;WZ2008 (ausgewählte Positionen): Tarifindex;WZ08-B-12;Prod. Gewerbe, Handel, Verkehr und Lagerei;98,9;2020=100;VST072;Index d.tarifl. Stundenverdienste mit Sonderzahl.
62221;Vj. Index der Tarifverdienste und Arbeitszeiten;JAHR;Jahr;2019;DINSGF;Früheres Bundesgebiet / Neue Länder;DF;Früheres Bundesgebiet;WZ08C7;WZ2008 (ausgewählte Positionen): Tarifindex;WZ08-B-12;Prod. Gewerbe, Handel, Verkehr und Lagerei;98,9;2020=100;VST073;Index d.tarifl. Monatsverdienste mit Sonderzahl.
62221;Vj. Index der Tarifverdienste und Arbeitszeiten;JAHR;Jahr;2019;DINSGF;Früheres Bundesgebiet / Neue Länder;DF;Früheres Bundesgebiet;WZ08C7;WZ2008 (ausgewählte Positionen): Tarifindex;WZ08-B-12;Prod. Gewerbe, Handel, Verkehr und Lagerei;37,1;h;VST019;Durchschnittliche tarifliche Wochenarbeitszeit
62221;Vj. Index der Tarifverdienste und Arbeitszeiten;JAHR;Jahr;2019;DINSGF;Früheres Bundesgebiet / Neue Länder;DF;Früheres Bundesgebiet;WZ08C7;WZ2008 (ausgewählte Positionen): Tarifindex;WZ08-B-12;Prod. Gewerbe, Handel, Verkehr und Lagerei;98,9;2020=100;VST066;Index d.tarifl. Monatsverdienste ohne Sonderzahl.
62221;Vj. Index der Tarifverdienste und Arbeitszeiten;JAHR;Jahr;2019;DINSGF;Früheres Bundesgebiet / Neue Länder;DF;Früheres Bundesgebiet;WZ08C7;WZ2008 (ausgewählte Positionen): Tarifindex;WZ08-B-12;Prod. Gewerbe, Handel, Verkehr und Lagerei;100,0;2020=100;VST018;Index der tariflichen Wochenarbeitszeit
62221;Vj. Index der Tarifverdienste und Arbeitszeiten;JAHR;Jahr;2019;DINSGF;Früheres Bundesgebiet / Neue Länder;DF;Früheres Bundesgebiet;WZ08C7;WZ2008 (ausgewählte Positionen): Tarifindex;WZ08-B-12;Prod. Gewerbe, Handel, Verkehr und Lagerei;98,9;2020=100;VST065;Index d.tarifl. Stundenverdienste ohne Sonderzahl.
62221;Vj. Index der Tarifverdienste und Arbeitszeiten;JAHR;Jahr;2020;DINSGF;Früheres Bundesgebiet / Neue Länder;DF;Früheres Bundesgebiet;WZ08C7;WZ2008 (ausgewählte Positionen): Tarifindex;WZ08-55-01;Gastgewerbe;100,0;2020=100;VST072;Index d.tarifl. Stundenverdienste mit Sonderzahl.
62221;Vj. Index der Tarifverdienste und Arbeitszeiten;JAHR;Jahr;2020;DINSGF;Früheres Bundesgebiet / Neue Länder;DF;Früheres Bundesgebiet;WZ08C7;WZ2008 (ausgewählte Positionen): Tarifindex;WZ08-55-01;Gastgewerbe;100,0;2020=100;VST073;Index d.tarifl. Monatsverdienste mit Sonderzahl.
62221;Vj. Index der Tarifverdienste und Arbeitszeiten;JAHR;Jahr;2020;DINSGF;Früheres Bundesgebiet / Neue Länder;DF;Früheres Bundesgebiet;WZ08C7;WZ2008 (ausgewählte Positionen): Tarifindex;WZ08-55-01;Gastgewerbe;39,0;h;VST019;Durchschnittliche tarifliche Wochenarbeitszeit
62221;Vj. Index der Tarifverdienste und Arbeitszeiten;JAHR;Jahr;2020;DINSGF;Früheres Bundesgebiet / Neue Länder;DF;Früheres Bundesgebiet;WZ08C7;WZ2008 (ausgewählte Positionen): Tarifindex;WZ08-55-01;Gastgewerbe;100,0;2020=100;VST066;Index d.tarifl. Monatsverdienste ohne Sonderzahl.
62221;Vj. Index der Tarifverdienste und Arbeitszeiten;JAHR;Jahr;2020;DINSGF;Früheres Bundesgebiet / Neue Länder;DF;Früheres Bundesgebiet;WZ08C7;WZ2008 (ausgewählte Positionen): Tarifindex;WZ08-55-01;Gastgewerbe;100,0;2020=100;VST018;Index der tariflichen Wochenarbeitszeit
62221;Vj. Index der Tarifverdienste und Arbeitszeiten;JAHR;Jahr;2020;DINSGF;Früheres Bundesgebiet / Neue Länder;DF;Früheres Bundesgebiet;WZ08C7;WZ2008 (ausgewählte Positionen): Tarifindex;WZ08-55-01;Gastgewerbe;100,0;2020=100;VST065;Index d.tarifl. Stundenverdienste ohne Sonderzahl.
62221;Vj. Index der Tarifverdienste und Arbeitszeiten;JAHR;Jahr;2017;DINSGF;Früheres Bundesgebiet / Neue Länder;DF;Früheres Bundesgebiet;WZ08C7;WZ2008 (ausgewählte Positionen): Tarifindex;WZ08-65;Versicherungen, Rückversicherungen, Pensionskassen;94,8;2020=100;VST072;Index d.tarifl. Stundenverdienste mit Sonderzahl.
62221;Vj. Index der Tarifverdienste und Arbeitszeiten;JAHR;Jahr;2017;DINSGF;Früheres Bundesgebiet / Neue Länder;DF;Früheres Bundesgebiet;WZ08C7;WZ2008 (ausgewählte Positionen): Tarifindex;WZ08-65;Versicherungen, Rückversicherungen, Pensionskassen;94,8;2020=100;VST073;Index d.tarifl. Monatsverdienste mit Sonderzahl.
62221;Vj. Index der Tarifverdienste und Arbeitszeiten;JAHR;Jahr;2017;DINSGF;Früheres Bundesgebiet / Neue Länder;DF;Früheres Bundesgebiet;WZ08C7;WZ2008 (ausgewählte Positionen): Tarifindex;WZ08-65;Versicherungen, Rückversicherungen, Pensionskassen;38,0;h;VST019;Durchschnittliche tarifliche Wochenarbeitszeit
62221;Vj. Index der Tarifverdienste und Arbeitszeiten;JAHR;Jahr;2017;DINSGF;Früheres Bundesgebiet / Neue Länder;DF;Früheres Bundesgebiet;WZ08C7;WZ2008 (ausgewählte Positionen): Tarifindex;WZ08-65;Versicherungen, Rückversicherungen, Pensionskassen;94,8;2020=100;VST066;Index d.tarifl. Monatsverdienste ohne Sonderzahl.
62221;Vj. Index der Tarifverdienste und Arbeitszeiten;JAHR;Jahr;2017;DINSGF;Früheres Bundesgebiet / Neue Länder;DF;Früheres Bundesgebiet;WZ08C7;WZ2008 (ausgewählte Positionen): Tarifindex;WZ08-65;Versicherungen, Rückversicherungen, Pensionskassen;100,0;2020=100;VST018;Index der tariflichen Wochenarbeitszeit
62221;Vj. Index der Tarifverdienste und Arbeitszeiten;JAHR;Jahr;2017;DINSGF;Früheres Bundesgebiet / Neue Länder;DF;Früheres Bundesgebiet;WZ08C7;WZ2008 (ausgewählte Positionen): Tarifindex;WZ08-65;Versicherungen, Rückversicherungen, Pensionskassen;94,8;2020=100;VST065;Index d.tarifl. Stundenverdienste ohne Sonderzahl.
62221;Vj. Index der Tarifverdienste und Arbeitszeiten;JAHR;Jahr;2018;DINSGF;Früheres Bundesgebiet / Neue Länder;DF;Früheres Bundesgebiet;WZ08C7;WZ2008 (ausgewählte Positionen): Tarifindex;WZ08-491-01;Personen- u. Güterbeförderung im Eisenbahnverkehr;95,0;2020=100;VST072;Index d.tarifl. Stundenverdienste mit Sonderzahl.
62221;Vj. Index der Tarifverdienste und Arbeitszeiten;JAHR;Jahr;2018;DINSGF;Früheres Bundesgebiet / Neue Länder;DF;Früheres Bundesgebiet;WZ08C7;WZ2008 (ausgewählte Positionen): Tarifindex;WZ08-491-01;Personen- u. Güterbeförderung im Eisenbahnverkehr;95,1;2020=100;VST073;Index d.tarifl. Monatsverdienste mit Sonderzahl.
62221;Vj. Index der Tarifverdienste und Arbeitszeiten;JAHR;Jahr;2018;DINSGF;Früheres Bundesgebiet / Neue Länder;DF;Früheres Bundesgebiet;WZ08C7;WZ2008 (ausgewählte Positionen): Tarifindex;WZ08-491-01;Personen- u. Güterbeförderung im Eisenbahnverkehr;39,1;h;VST019;Durchschnittliche tarifliche Wochenarbeitszeit
62221;Vj. Index der Tarifverdienste und Arbeitszeiten;JAHR;Jahr;2018;DINSGF;Früheres Bundesgebiet / Neue Länder;DF;Früheres Bundesgebiet;WZ08C7;WZ2008 (ausgewählte Positionen): Tarifindex;WZ08-491-01;Personen- u. Güterbeförderung im Eisenbahnverkehr;95,3;2020=100;VST066;Index d.tarifl. Monatsverdienste ohne Sonderzahl.
62221;Vj. Index der Tarifverdienste und Arbeitszeiten;JAHR;Jahr;2018;DINSGF;Früheres Bundesgebiet / Neue Länder;DF;Früheres Bundesgebiet;WZ08C7;WZ2008 (ausgewählte Positionen): Tarifindex;WZ08-491-01;Personen- u. Güterbeförderung im Eisenbahnverkehr;100,0;2020=100;VST018;Index der tariflichen Wochenarbeitszeit
62221;Vj. Index der Tarifverdienste und Arbeitszeiten;JAHR;Jahr;2018;DINSGF;Früheres Bundesgebiet / Neue Länder;DF;Früheres Bundesgebiet;WZ08C7;WZ2008 (ausgewählte Positionen): Tarifindex;WZ08-491-01;Personen- u. Güterbeförderung im Eisenbahnverkehr;95,3;2020=100;VST065;Index d.tarifl. Stundenverdienste ohne Sonderzahl.
62221;Vj. Index der Tarifverdienste und Arbeitszeiten;JAHR;Jahr;2022;DINSGF;Früheres Bundesgebiet / Neue Länder;DF;Früheres Bundesgebiet;WZ08C7;WZ2008 (ausgewählte Positionen): Tarifindex;WZ08-33;Reparatur u.Installation von Masch.u.Ausrüstungen;102,8;2020=100;VST072;Index d.tarifl. Stundenverdienste mit Sonderzahl.
62221;Vj. Index der Tarifverdienste und Arbeitszeiten;JAHR;Jahr;2022;DINSGF;Früheres Bundesgebiet / Neue Länder;DF;Früheres Bundesgebiet;WZ08C7;WZ2008 (ausgewählte Positionen): Tarifindex;WZ08-33;Reparatur u.Installation von Masch.u.Ausrüstungen;102,8;2020=100;VST073;Index d.tarifl. Monatsverdienste mit Sonderzahl.
62221;Vj. Index der Tarifverdienste und Arbeitszeiten;JAHR;Jahr;2022;DINSGF;Früheres Bundesgebiet / Neue Länder;DF;Früheres Bundesgebiet;WZ08C7;WZ2008 (ausgewählte Positionen): Tarifindex;WZ08-33;Reparatur u.Installation von Masch.u.Ausrüstungen;36,7;h;VST019;Durchschnittliche tarifliche Wochenarbeitszeit
62221;Vj. Index der Tarifverdienste und Arbeitszeiten;JAHR;Jahr;2022;DINSGF;Früheres Bundesgebiet / Neue Länder;DF;Früheres Bundesgebiet;WZ08C7;WZ2008 (ausgewählte Positionen): Tarifindex;WZ08-33;Reparatur u.Installation von Masch.u.Ausrüstungen;101,7;2020=100;VST066;Index d.tarifl. Monatsverdienste ohne Sonderzahl.
62221;Vj. Index der Tarifverdienste und Arbeitszeiten;JAHR;Jahr;2022;DINSGF;Früheres Bundesgebiet / Neue Länder;DF;Früheres Bundesgebiet;WZ08C7;WZ2008 (ausgewählte Positionen): Tarifindex;WZ08-33;Reparatur u.Installation von Masch.u.Ausrüstungen;100,0;2020=100;VST018;Index der tariflichen Wochenarbeitszeit
62221;Vj. Index der Tarifverdienste und Arbeitszeiten;JAHR;Jahr;2022;DINSGF;Früheres Bundesgebiet / Neue Länder;DF;Früheres Bundesgebiet;WZ08C7;WZ2008 (ausgewählte Positionen): Tarifindex;WZ08-33;Reparatur u.Installation von Masch.u.Ausrüstungen;101,7;2020=100;VST065;Index d.tarifl. Stundenverdienste ohne Sonderzahl.
62221;Vj. Index der Tarifverdienste und Arbeitszeiten;JAHR;Jahr;2017;DINSGF;Früheres Bundesgebiet / Neue Länder;DF;Früheres Bundesgebiet;WZ08C7;WZ2008 (ausgewählte Positionen): Tarifindex;WZ08-72-01;Forschung,Werbung u.Marktforschung,Veterinärwesen;92,2;2020=100;VST072;Index d.tarifl. Stundenverdienste mit Sonderzahl.
62221;Vj. Index der Tarifverdienste und Arbeitszeiten;JAHR;Jahr;2017;DINSGF;Früheres Bundesgebiet / Neue Länder;DF;Früheres Bundesgebiet;WZ08C7;WZ2008 (ausgewählte Positionen): Tarifindex;WZ08-72-01;Forschung,Werbung u.Marktforschung,Veterinärwesen;92,2;2020=100;VST073;Index d.tarifl. Monatsverdienste mit Sonderzahl.
62221;Vj. Index der Tarifverdienste und Arbeitszeiten;JAHR;Jahr;2017;DINSGF;Früheres Bundesgebiet / Neue Länder;DF;Früheres Bundesgebiet;WZ08C7;WZ2008 (ausgewählte Positionen): Tarifindex;WZ08-72-01;Forschung,Werbung u.Marktforschung,Veterinärwesen;38,6;h;VST019;Durchschnittliche tarifliche Wochenarbeitszeit
62221;Vj. Index der Tarifverdienste und Arbeitszeiten;JAHR;Jahr;2017;DINSGF;Früheres Bundesgebiet / Neue Länder;DF;Früheres Bundesgebiet;WZ08C7;WZ2008 (ausgewählte Positionen): Tarifindex;WZ08-72-01;Forschung,Werbung u.Marktforschung,Veterinärwesen;92,7;2020=100;VST066;Index d.tarifl. Monatsverdienste ohne Sonderzahl.
62221;Vj. Index der Tarifverdienste und Arbeitszeiten;JAHR;Jahr;2017;DINSGF;Früheres Bundesgebiet / Neue Länder;DF;Früheres Bundesgebiet;WZ08C7;WZ2008 (ausgewählte Positionen): Tarifindex;WZ08-72-01;Forschung,Werbung u.Marktforschung,Veterinärwesen;100,0;2020=100;VST018;Index der tariflichen Wochenarbeitszeit
62221;Vj. Index der Tarifverdienste und Arbeitszeiten;JAHR;Jahr;2017;DINSGF;Früheres Bundesgebiet / Neue Länder;DF;Früheres Bundesgebiet;WZ08C7;WZ2008 (ausgewählte Positionen): Tarifindex;WZ08-72-01;Forschung,Werbung u.Marktforschung,Veterinärwesen;92,7;2020=100;VST065;Index d.tarifl. Stundenverdienste ohne Sonderzahl.
62221;Vj. Index der Tarifverdienste und Arbeitszeiten;JAHR;Jahr;2022;DINSGF;Früheres Bundesgebiet / Neue Länder;DF;Früheres Bundesgebiet;WZ08C7;WZ2008 (ausgewählte Positionen): Tarifindex;WZ08-15;Herstellung von Leder, Lederwaren und Schuhen;103,9;2020=100;VST072;Index d.tarifl. Stundenverdienste mit Sonderzahl.
62221;Vj. Index der Tarifverdienste und Arbeitszeiten;JAHR;Jahr;2022;DINSGF;Früheres Bundesgebiet / Neue Länder;DF;Früheres Bundesgebiet;WZ08C7;WZ2008 (ausgewählte Positionen): Tarifindex;WZ08-15;Herstellung von Leder, Lederwaren und Schuhen;103,9;2020=100;VST073;Index d.tarifl. Monatsverdienste mit Sonderzahl.
62221;Vj. Index der Tarifverdienste und Arbeitszeiten;JAHR;Jahr;2022;DINSGF;Früheres Bundesgebiet / Neue Länder;DF;Früheres Bundesgebiet;WZ08C7;WZ2008 (ausgewählte Positionen): Tarifindex;WZ08-15;Herstellung von Leder, Lederwaren und Schuhen;38,4;h;VST019;Durchschnittliche tarifliche Wochenarbeitszeit
62221;Vj. Index der Tarifverdienste und Arbeitszeiten;JAHR;Jahr;2022;DINSGF;Früheres Bundesgebiet / Neue Länder;DF;Früheres Bundesgebiet;WZ08C7;WZ2008 (ausgewählte Positionen): Tarifindex;WZ08-15;Herstellung von Leder, Lederwaren und Schuhen;103,3;2020=100;VST066;Index d.tarifl. Monatsverdienste ohne Sonderzahl.
62221;Vj. Index der Tarifverdienste und Arbeitszeiten;JAHR;Jahr;2022;DINSGF;Früheres Bundesgebiet / Neue Länder;DF;Früheres Bundesgebiet;WZ08C7;WZ2008 (ausgewählte Positionen): Tarifindex;WZ08-15;Herstellung von Leder, Lederwaren und Schuhen;100,0;2020=100;VST018;Index der tariflichen Wochenarbeitszeit
62221;Vj. Index der Tarifverdienste und Arbeitszeiten;JAHR;Jahr;2022;DINSGF;Früheres Bundesgebiet / Neue Länder;DF;Früheres Bundesgebiet;WZ08C7;WZ2008 (ausgewählte Positionen): Tarifindex;WZ08-15;Herstellung von Leder, Lederwaren und Schuhen;103,3;2020=100;VST065;Index d.tarifl. Stundenverdienste ohne Sonderzahl.
62221;Vj. Index der Tarifverdienste und Arbeitszeiten;JAHR;Jahr;2021;DINSGF;Früheres Bundesgebiet / Neue Länder;DN;Neue Länder;WZ08C7;WZ2008 (ausgewählte Positionen): Tarifindex;WZ08-24-02;Metall- und Elektroindustrie;101,0;2020=100;VST072;Index d.tarifl. Stundenverdienste mit Sonderzahl.
62221;Vj. Index der Tarifverdienste und Arbeitszeiten;JAHR;Jahr;2021;DINSGF;Früheres Bundesgebiet / Neue Länder;DN;Neue Länder;WZ08C7;WZ2008 (ausgewählte Positionen): Tarifindex;WZ08-24-02;Metall- und Elektroindustrie;101,0;2020=100;VST073;Index d.tarifl. Monatsverdienste mit Sonderzahl.
62221;Vj. Index der Tarifverdienste und Arbeitszeiten;JAHR;Jahr;2021;DINSGF;Früheres Bundesgebiet / Neue Länder;DN;Neue Länder;WZ08C7;WZ2008 (ausgewählte Positionen): Tarifindex;WZ08-24-02;Metall- und Elektroindustrie;37,6;h;VST019;Durchschnittliche tarifliche Wochenarbeitszeit
62221;Vj. Index der Tarifverdienste und Arbeitszeiten;JAHR;Jahr;2021;DINSGF;Früheres Bundesgebiet / Neue Länder;DN;Neue Länder;WZ08C7;WZ2008 (ausgewählte Positionen): Tarifindex;WZ08-24-02;Metall- und Elektroindustrie;100,2;2020=100;VST066;Index d.tarifl. Monatsverdienste ohne Sonderzahl.
62221;Vj. Index der Tarifverdienste und Arbeitszeiten;JAHR;Jahr;2021;DINSGF;Früheres Bundesgebiet / Neue Länder;DN;Neue Länder;WZ08C7;WZ2008 (ausgewählte Positionen): Tarifindex;WZ08-24-02;Metall- und Elektroindustrie;100,0;2020=100;VST018;Index der tariflichen Wochenarbeitszeit
62221;Vj. Index der Tarifverdienste und Arbeitszeiten;JAHR;Jahr;2021;DINSGF;Früheres Bundesgebiet / Neue Länder;DN;Neue Länder;WZ08C7;WZ2008 (ausgewählte Positionen): Tarifindex;WZ08-24-02;Metall- und Elektroindustrie;100,2;2020=100;VST065;Index d.tarifl. Stundenverdienste ohne Sonderzahl.
62221;Vj. Index der Tarifverdienste und Arbeitszeiten;JAHR;Jahr;2021;DINSGF;Früheres Bundesgebiet / Neue Länder;DN;Neue Länder;WZ08C7;WZ2008 (ausgewählte Positionen): Tarifindex;WZ08-49;Landverkehr und Transport in Rohrfernleitungen;101,1;2020=100;VST072;Index d.tarifl. Stundenverdienste mit Sonderzahl.
62221;Vj. Index der Tarifverdienste und Arbeitszeiten;JAHR;Jahr;2021;DINSGF;Früheres Bundesgebiet / Neue Länder;DN;Neue Länder;WZ08C7;WZ2008 (ausgewählte Positionen): Tarifindex;WZ08-49;Landverkehr und Transport in Rohrfernleitungen;101,1;2020=100;VST073;Index d.tarifl. Monatsverdienste mit Sonderzahl.
62221;Vj. Index der Tarifverdienste und Arbeitszeiten;JAHR;Jahr;2021;DINSGF;Früheres Bundesgebiet / Neue Länder;DN;Neue Länder;WZ08C7;WZ2008 (ausgewählte Positionen): Tarifindex;WZ08-49;Landverkehr und Transport in Rohrfernleitungen;39,3;h;VST019;Durchschnittliche tarifliche Wochenarbeitszeit
62221;Vj. Index der Tarifverdienste und Arbeitszeiten;JAHR;Jahr;2021;DINSGF;Früheres Bundesgebiet / Neue Länder;DN;Neue Länder;WZ08C7;WZ2008 (ausgewählte Positionen): Tarifindex;WZ08-49;Landverkehr und Transport in Rohrfernleitungen;101,7;2020=100;VST066;Index d.tarifl. Monatsverdienste ohne Sonderzahl.
62221;Vj. Index der Tarifverdienste und Arbeitszeiten;JAHR;Jahr;2021;DINSGF;Früheres Bundesgebiet / Neue Länder;DN;Neue Länder;WZ08C7;WZ2008 (ausgewählte Positionen): Tarifindex;WZ08-49;Landverkehr und Transport in Rohrfernleitungen;99,9;2020=100;VST018;Index der tariflichen Wochenarbeitszeit
62221;Vj. Index der Tarifverdienste und Arbeitszeiten;JAHR;Jahr;2021;DINSGF;Früheres Bundesgebiet / Neue Länder;DN;Neue Länder;WZ08C7;WZ2008 (ausgewählte Positionen): Tarifindex;WZ08-49;Landverkehr und Transport in Rohrfernleitungen;101,7;2020=100;VST065;Index d.tarifl. Stundenverdienste ohne Sonderzahl.
62221;Vj. Index der Tarifverdienste und Arbeitszeiten;JAHR;Jahr;2023;DINSGF;Früheres Bundesgebiet / Neue Länder;DF;Früheres Bundesgebiet;WZ08C7;WZ2008 (ausgewählte Positionen): Tarifindex;WZ08-J;Information und Kommunikation;105,6;2020=100;VST072;Index d.tarifl. Stundenverdienste mit Sonderzahl.
62221;Vj. Index der Tarifverdienste und Arbeitszeiten;JAHR;Jahr;2023;DINSGF;Früheres Bundesgebiet / Neue Länder;DF;Früheres Bundesgebiet;WZ08C7;WZ2008 (ausgewählte Positionen): Tarifindex;WZ08-J;Information und Kommunikation;105,6;2020=100;VST073;Index d.tarifl. Monatsverdienste mit Sonderzahl.
62221;Vj. Index der Tarifverdienste und Arbeitszeiten;JAHR;Jahr;2023;DINSGF;Früheres Bundesgebiet / Neue Länder;DF;Früheres Bundesgebiet;WZ08C7;WZ2008 (ausgewählte Positionen): Tarifindex;WZ08-J;Information und Kommunikation;37,7;h;VST019;Durchschnittliche tarifliche Wochenarbeitszeit
62221;Vj. Index der Tarifverdienste und Arbeitszeiten;JAHR;Jahr;2023;DINSGF;Früheres Bundesgebiet / Neue Länder;DF;Früheres Bundesgebiet;WZ08C7;WZ2008 (ausgewählte Positionen): Tarifindex;WZ08-J;Information und Kommunikation;104,7;2020=100;VST066;Index d.tarifl. Monatsverdienste ohne Sonderzahl.
62221;Vj. Index der Tarifverdienste und Arbeitszeiten;JAHR;Jahr;2023;DINSGF;Früheres Bundesgebiet / Neue Länder;DF;Früheres Bundesgebiet;WZ08C7;WZ2008 (ausgewählte Positionen): Tarifindex;WZ08-J;Information und Kommunikation;100,0;2020=100;VST018;Index der tariflichen Wochenarbeitszeit
62221;Vj. Index der Tarifverdienste und Arbeitszeiten;JAHR;Jahr;2023;DINSGF;Früheres Bundesgebiet / Neue Länder;DF;Früheres Bundesgebiet;WZ08C7;WZ2008 (ausgewählte Positionen): Tarifindex;WZ08-J;Information und Kommunikation;104,7;2020=100;VST065;Index d.tarifl. Stundenverdienste ohne Sonderzahl.
62221;Vj. Index der Tarifverdienste und Arbeitszeiten;JAHR;Jahr;2017;DINSGF;Früheres Bundesgebiet / Neue Länder;DF;Früheres Bundesgebiet;WZ08C7;WZ2008 (ausgewählte Positionen): Tarifindex;WZ08-R;Kunst, Unterhaltung und Erholung;92,0;2020=100;VST072;Index d.tarifl. Stundenverdienste mit Sonderzahl.
62221;Vj. Index der Tarifverdienste und Arbeitszeiten;JAHR;Jahr;2017;DINSGF;Früheres Bundesgebiet / Neue Länder;DF;Früheres Bundesgebiet;WZ08C7;WZ2008 (ausgewählte Positionen): Tarifindex;WZ08-R;Kunst, Unterhaltung und Erholung;92,0;2020=100;VST073;Index d.tarifl. Monatsverdienste mit Sonderzahl.
62221;Vj. Index der Tarifverdienste und Arbeitszeiten;JAHR;Jahr;2017;DINSGF;Früheres Bundesgebiet / Neue Länder;DF;Früheres Bundesgebiet;WZ08C7;WZ2008 (ausgewählte Positionen): Tarifindex;WZ08-R;Kunst, Unterhaltung und Erholung;39,1;h;VST019;Durchschnittliche tarifliche Wochenarbeitszeit
62221;Vj. Index der Tarifverdienste und Arbeitszeiten;JAHR;Jahr;2017;DINSGF;Früheres Bundesgebiet / Neue Länder;DF;Früheres Bundesgebiet;WZ08C7;WZ2008 (ausgewählte Positionen): Tarifindex;WZ08-R;Kunst, Unterhaltung und Erholung;92,2;2020=100;VST066;Index d.tarifl. Monatsverdienste ohne Sonderzahl.
62221;Vj. Index der Tarifverdienste und Arbeitszeiten;JAHR;Jahr;2017;DINSGF;Früheres Bundesgebiet / Neue Länder;DF;Früheres Bundesgebiet;WZ08C7;WZ2008 (ausgewählte Positionen): Tarifindex;WZ08-R;Kunst, Unterhaltung und Erholung;100,0;2020=100;VST018;Index der tariflichen Wochenarbeitszeit
62221;Vj. Index der Tarifverdienste und Arbeitszeiten;JAHR;Jahr;2017;DINSGF;Früheres Bundesgebiet / Neue Länder;DF;Früheres Bundesgebiet;WZ08C7;WZ2008 (ausgewählte Positionen): Tarifindex;WZ08-R;Kunst, Unterhaltung und Erholung;92,1;2020=100;VST065;Index d.tarifl. Stundenverdienste ohne Sonderzahl.
62221;Vj. Index der Tarifverdienste und Arbeitszeiten;JAHR;Jahr;2024;DINSGF;Früheres Bundesgebiet / Neue Länder;DN;Neue Länder;WZ08C7;WZ2008 (ausgewählte Positionen): Tarifindex;WZ08-B-13;Prod. Gewerbe, Handel, Information u.Kommunikation;114,7;2020=100;VST072;Index d.tarifl. Stundenverdienste mit Sonderzahl.
62221;Vj. Index der Tarifverdienste und Arbeitszeiten;JAHR;Jahr;2024;DINSGF;Früheres Bundesgebiet / Neue Länder;DN;Neue Länder;WZ08C7;WZ2008 (ausgewählte Positionen): Tarifindex;WZ08-B-13;Prod. Gewerbe, Handel, Information u.Kommunikation;114,4;2020=100;VST073;Index d.tarifl. Monatsverdienste mit Sonderzahl.
62221;Vj. Index der Tarifverdienste und Arbeitszeiten;JAHR;Jahr;2024;DINSGF;Früheres Bundesgebiet / Neue Länder;DN;Neue Länder;WZ08C7;WZ2008 (ausgewählte Positionen): Tarifindex;WZ08-B-13;Prod. Gewerbe, Handel, Information u.Kommunikation;38,4;h;VST019;Durchschnittliche tarifliche Wochenarbeitszeit
62221;Vj. Index der Tarifverdienste und Arbeitszeiten;JAHR;Jahr;2024;DINSGF;Früheres Bundesgebiet / Neue Länder;DN;Neue Länder;WZ08C7;WZ2008 (ausgewählte Positionen): Tarifindex;WZ08-B-13;Prod. Gewerbe, Handel, Information u.Kommunikation;110,7;2020=100;VST066;Index d.tarifl. Monatsverdienste ohne Sonderzahl.
62221;Vj. Index der Tarifverdienste und Arbeitszeiten;JAHR;Jahr;2024;DINSGF;Früheres Bundesgebiet / Neue Länder;DN;Neue Länder;WZ08C7;WZ2008 (ausgewählte Positionen): Tarifindex;WZ08-B-13;Prod. Gewerbe, Handel, Information u.Kommunikation;99,7;2020=100;VST018;Index der tariflichen Wochenarbeitszeit
62221;Vj. Index der Tarifverdienste und Arbeitszeiten;JAHR;Jahr;2024;DINSGF;Früheres Bundesgebiet / Neue Länder;DN;Neue Länder;WZ08C7;WZ2008 (ausgewählte Positionen): Tarifindex;WZ08-B-13;Prod. Gewerbe, Handel, Information u.Kommunikation;111,0;2020=100;VST065;Index d.tarifl. Stundenverdienste ohne Sonderzahl.
62221;Vj. Index der Tarifverdienste und Arbeitszeiten;JAHR;Jahr;2023;DINSGF;Früheres Bundesgebiet / Neue Länder;DF;Früheres Bundesgebiet;WZ08C7;WZ2008 (ausgewählte Positionen): Tarifindex;WZ08-90;Kreative,künstlerische u.unterhaltende Tätigkeiten;105,5;2020=100;VST072;Index d.tarifl. Stundenverdienste mit Sonderzahl.
62221;Vj. Index der Tarifverdienste und Arbeitszeiten;JAHR;Jahr;2023;DINSGF;Früheres Bundesgebiet / Neue Länder;DF;Früheres Bundesgebiet;WZ08C7;WZ2008 (ausgewählte Positionen): Tarifindex;WZ08-90;Kreative,künstlerische u.unterhaltende Tätigkeiten;105,5;2020=100;VST073;Index d.tarifl. Monatsverdienste mit Sonderzahl.
62221;Vj. Index der Tarifverdienste und Arbeitszeiten;JAHR;Jahr;2023;DINSGF;Früheres Bundesgebiet / Neue Länder;DF;Früheres Bundesgebiet;WZ08C7;WZ2008 (ausgewählte Positionen): Tarifindex;WZ08-90;Kreative,künstlerische u.unterhaltende Tätigkeiten;39,2;h;VST019;Durchschnittliche tarifliche Wochenarbeitszeit
62221;Vj. Index der Tarifverdienste und Arbeitszeiten;JAHR;Jahr;2023;DINSGF;Früheres Bundesgebiet / Neue Länder;DF;Früheres Bundesgebiet;WZ08C7;WZ2008 (ausgewählte Positionen): Tarifindex;WZ08-90;Kreative,künstlerische u.unterhaltende Tätigkeiten;104,1;2020=100;VST066;Index d.tarifl. Monatsverdienste ohne Sonderzahl.
62221;Vj. Index der Tarifverdienste und Arbeitszeiten;JAHR;Jahr;2023;DINSGF;Früheres Bundesgebiet / Neue Länder;DF;Früheres Bundesgebiet;WZ08C7;WZ2008 (ausgewählte Positionen): Tarifindex;WZ08-90;Kreative,künstlerische u.unterhaltende Tätigkeiten;100,0;2020=100;VST018;Index der tariflichen Wochenarbeitszeit
62221;Vj. Index der Tarifverdienste und Arbeitszeiten;JAHR;Jahr;2023;DINSGF;Früheres Bundesgebiet / Neue Länder;DF;Früheres Bundesgebiet;WZ08C7;WZ2008 (ausgewählte Positionen): Tarifindex;WZ08-90;Kreative,künstlerische u.unterhaltende Tätigkeiten;104,1;2020=100;VST065;Index d.tarifl. Stundenverdienste ohne Sonderzahl.
62221;Vj. Index der Tarifverdienste und Arbeitszeiten;JAHR;Jahr;2016;DINSGF;Früheres Bundesgebiet / Neue Länder;DF;Früheres Bundesgebiet;WZ08C7;WZ2008 (ausgewählte Positionen): Tarifindex;WZ08-11;Getränkeherstellung;90,4;2020=100;VST072;Index d.tarifl. Stundenverdienste mit Sonderzahl.
62221;Vj. Index der Tarifverdienste und Arbeitszeiten;JAHR;Jahr;2016;DINSGF;Früheres Bundesgebiet / Neue Länder;DF;Früheres Bundesgebiet;WZ08C7;WZ2008 (ausgewählte Positionen): Tarifindex;WZ08-11;Getränkeherstellung;90,4;2020=100;VST073;Index d.tarifl. Monatsverdienste mit Sonderzahl.
62221;Vj. Index der Tarifverdienste und Arbeitszeiten;JAHR;Jahr;2016;DINSGF;Früheres Bundesgebiet / Neue Länder;DF;Früheres Bundesgebiet;WZ08C7;WZ2008 (ausgewählte Positionen): Tarifindex;WZ08-11;Getränkeherstellung;38,3;h;VST019;Durchschnittliche tarifliche Wochenarbeitszeit
62221;Vj. Index der Tarifverdienste und Arbeitszeiten;JAHR;Jahr;2016;DINSGF;Früheres Bundesgebiet / Neue Länder;DF;Früheres Bundesgebiet;WZ08C7;WZ2008 (ausgewählte Positionen): Tarifindex;WZ08-11;Getränkeherstellung;90,4;2020=100;VST066;Index d.tarifl. Monatsverdienste ohne Sonderzahl.
62221;Vj. Index der Tarifverdienste und Arbeitszeiten;JAHR;Jahr;2016;DINSGF;Früheres Bundesgebiet / Neue Länder;DF;Früheres Bundesgebiet;WZ08C7;WZ2008 (ausgewählte Positionen): Tarifindex;WZ08-11;Getränkeherstellung;100,0;2020=100;VST018;Index der tariflichen Wochenarbeitszeit
62221;Vj. Index der Tarifverdienste und Arbeitszeiten;JAHR;Jahr;2016;DINSGF;Früheres Bundesgebiet / Neue Länder;DF;Früheres Bundesgebiet;WZ08C7;WZ2008 (ausgewählte Positionen): Tarifindex;WZ08-11;Getränkeherstellung;90,4;2020=100;VST065;Index d.tarifl. Stundenverdienste ohne Sonderzahl.
62221;Vj. Index der Tarifverdienste und Arbeitszeiten;JAHR;Jahr;2021;DINSGF;Früheres Bundesgebiet / Neue Länder;DN;Neue Länder;WZ08C7;WZ2008 (ausgewählte Positionen): Tarifindex;WZ08-52;Lagerei, sonstige Dienstleistungen für den Verkehr;100,9;2020=100;VST072;Index d.tarifl. Stundenverdienste mit Sonderzahl.
62221;Vj. Index der Tarifverdienste und Arbeitszeiten;JAHR;Jahr;2021;DINSGF;Früheres Bundesgebiet / Neue Länder;DN;Neue Länder;WZ08C7;WZ2008 (ausgewählte Positionen): Tarifindex;WZ08-52;Lagerei, sonstige Dienstleistungen für den Verkehr;100,9;2020=100;VST073;Index d.tarifl. Monatsverdienste mit Sonderzahl.
62221;Vj. Index der Tarifverdienste und Arbeitszeiten;JAHR;Jahr;2021;DINSGF;Früheres Bundesgebiet / Neue Länder;DN;Neue Länder;WZ08C7;WZ2008 (ausgewählte Positionen): Tarifindex;WZ08-52;Lagerei, sonstige Dienstleistungen für den Verkehr;39,4;h;VST019;Durchschnittliche tarifliche Wochenarbeitszeit
62221;Vj. Index der Tarifverdienste und Arbeitszeiten;JAHR;Jahr;2021;DINSGF;Früheres Bundesgebiet / Neue Länder;DN;Neue Länder;WZ08C7;WZ2008 (ausgewählte Positionen): Tarifindex;WZ08-52;Lagerei, sonstige Dienstleistungen für den Verkehr;101,1;2020=100;VST066;Index d.tarifl. Monatsverdienste ohne Sonderzahl.
62221;Vj. Index der Tarifverdienste und Arbeitszeiten;JAHR;Jahr;2021;DINSGF;Früheres Bundesgebiet / Neue Länder;DN;Neue Länder;WZ08C7;WZ2008 (ausgewählte Positionen): Tarifindex;WZ08-52;Lagerei, sonstige Dienstleistungen für den Verkehr;100,0;2020=100;VST018;Index der tariflichen Wochenarbeitszeit
62221;Vj. Index der Tarifverdienste und Arbeitszeiten;JAHR;Jahr;2021;DINSGF;Früheres Bundesgebiet / Neue Länder;DN;Neue Länder;WZ08C7;WZ2008 (ausgewählte Positionen): Tarifindex;WZ08-52;Lagerei, sonstige Dienstleistungen für den Verkehr;101,1;2020=100;VST065;Index d.tarifl. Stundenverdienste ohne Sonderzahl.
62221;Vj. Index der Tarifverdienste und Arbeitszeiten;JAHR;Jahr;2021;DINSGF;Früheres Bundesgebiet / Neue Länder;DN;Neue Länder;WZ08C7;WZ2008 (ausgewählte Positionen): Tarifindex;WZ08-H;Verkehr und Lagerei;101,4;2020=100;VST072;Index d.tarifl. Stundenverdienste mit Sonderzahl.
62221;Vj. Index der Tarifverdienste und Arbeitszeiten;JAHR;Jahr;2021;DINSGF;Früheres Bundesgebiet / Neue Länder;DN;Neue Länder;WZ08C7;WZ2008 (ausgewählte Positionen): Tarifindex;WZ08-H;Verkehr und Lagerei;101,4;2020=100;VST073;Index d.tarifl. Monatsverdienste mit Sonderzahl.
62221;Vj. Index der Tarifverdienste und Arbeitszeiten;JAHR;Jahr;2021;DINSGF;Früheres Bundesgebiet / Neue Länder;DN;Neue Länder;WZ08C7;WZ2008 (ausgewählte Positionen): Tarifindex;WZ08-H;Verkehr und Lagerei;39,1;h;VST019;Durchschnittliche tarifliche Wochenarbeitszeit
62221;Vj. Index der Tarifverdienste und Arbeitszeiten;JAHR;Jahr;2021;DINSGF;Früheres Bundesgebiet / Neue Länder;DN;Neue Länder;WZ08C7;WZ2008 (ausgewählte Positionen): Tarifindex;WZ08-H;Verkehr und Lagerei;101,9;2020=100;VST066;Index d.tarifl. Monatsverdienste ohne Sonderzahl.
62221;Vj. Index der Tarifverdienste und Arbeitszeiten;JAHR;Jahr;2021;DINSGF;Früheres Bundesgebiet / Neue Länder;DN;Neue Länder;WZ08C7;WZ2008 (ausgewählte Positionen): Tarifindex;WZ08-H;Verkehr und Lagerei;100,0;2020=100;VST018;Index der tariflichen Wochenarbeitszeit
62221;Vj. Index der Tarifverdienste und Arbeitszeiten;JAHR;Jahr;2021;DINSGF;Früheres Bundesgebiet / Neue Länder;DN;Neue Länder;WZ08C7;WZ2008 (ausgewählte Positionen): Tarifindex;WZ08-H;Verkehr und Lagerei;101,9;2020=100;VST065;Index d.tarifl. Stundenverdienste ohne Sonderzahl.
