statistics_code;statistics_label;time_code;time_label;time;1_variable_code;1_variable_label;1_variable_attribute_code;1_variable_attribute_label;2_variable_code;2_variable_label;2_variable_attribute_code;2_variable_attribute_label;value;value_unit;value_variable_code;value_variable_label
44253;Kostenstrukturerhebung im Baugewerbe;JAHR;Jahr;2011;DINSG;Deutschland insgesamt;DG;Deutschland;WZ08S6;WZ2008: Baugewerbe;WZ08-F;Baugewerbe;10753,9;Mill. EUR;KOS027;Sonst.Vorleist.u.sonst.ind.Steuern abzügl.Subvent.
44253;Kostenstrukturerhebung im Baugewerbe;JAHR;Jahr;2011;DINSG;Deutschland insgesamt;DG;Deutschland;WZ08S6;WZ2008: Baugewerbe;WZ08-F;Baugewerbe;44891,9;Mill. EUR;BWS002;Bruttowertschöpfung zu Marktpreisen
44253;Kostenstrukturerhebung im Baugewerbe;JAHR;Jahr;2011;DINSG;Deutschland insgesamt;DG;Deutschland;WZ08S6;WZ2008: Baugewerbe;WZ08-F;Baugewerbe;107533,6;Mill. EUR;BPW001;Bruttoproduktionswert
44253;Kostenstrukturerhebung im Baugewerbe;JAHR;Jahr;2011;DINSG;Deutschland insgesamt;DG;Deutschland;WZ08S6;WZ2008: Baugewerbe;WZ08-F;Baugewerbe;36612,5;Mill. EUR;NWS003;Nettowertschöpfung zu Faktorkosten
44253;Kostenstrukturerhebung im Baugewerbe;JAHR;Jahr;2011;DINSG;Deutschland insgesamt;DG;Deutschland;WZ08S6;WZ2008: Baugewerbe;WZ08-F;Baugewerbe;58346,9;Mill. EUR;VBR004;Materialverbrauch, Einsatz an HW, Lohnarbeit
44253;Kostenstrukturerhebung im Baugewerbe;JAHR;Jahr;2011;DINSG;Deutschland insgesamt;DG;Deutschland;WZ08S6;WZ2008: Baugewerbe;WZ08-F;Baugewerbe;38432,8;Mill. EUR;BWS003;Bruttowertschöpfung zu Faktorkosten
44253;Kostenstrukturerhebung im Baugewerbe;JAHR;Jahr;2011;DINSG;Deutschland insgesamt;DG;Deutschland;WZ08S6;WZ2008: Baugewerbe;WZ08-F;Baugewerbe;6459,2;Mill. EUR;STR029;Indirekte Steuern abzüglich Subventionen
44253;Kostenstrukturerhebung im Baugewerbe;JAHR;Jahr;2011;DINSG;Deutschland insgesamt;DG;Deutschland;WZ08S6;WZ2008: Baugewerbe;WZ08-F;Baugewerbe;49186,7;Mill. EUR;NPW001;Nettoproduktionswert
44253;Kostenstrukturerhebung im Baugewerbe;JAHR;Jahr;2011;DINSG;Deutschland insgesamt;DG;Deutschland;WZ08S6;WZ2008: Baugewerbe;WZ08-F;Baugewerbe;1820,3;Mill. EUR;ABS002;Abschreibungen
44253;Kostenstrukturerhebung im Baugewerbe;JAHR;Jahr;2018;DINSG;Deutschland insgesamt;DG;Deutschland;WZ08S6;WZ2008: Baugewerbe;WZ08-4211;Bau von Straßen;1873,1;Mill. EUR;KOS027;Sonst.Vorleist.u.sonst.ind.Steuern abzügl.Subvent.
44253;Kostenstrukturerhebung im Baugewerbe;JAHR;Jahr;2018;DINSG;Deutschland insgesamt;DG;Deutschland;WZ08S6;WZ2008: Baugewerbe;WZ08-4211;Bau von Straßen;6721,2;Mill. EUR;BWS002;Bruttowertschöpfung zu Marktpreisen
44253;Kostenstrukturerhebung im Baugewerbe;JAHR;Jahr;2018;DINSG;Deutschland insgesamt;DG;Deutschland;WZ08S6;WZ2008: Baugewerbe;WZ08-4211;Bau von Straßen;15653,8;Mill. EUR;BPW001;Bruttoproduktionswert
44253;Kostenstrukturerhebung im Baugewerbe;JAHR;Jahr;2018;DINSG;Deutschland insgesamt;DG;Deutschland;WZ08S6;WZ2008: Baugewerbe;WZ08-4211;Bau von Straßen;5190,8;Mill. EUR;NWS003;Nettowertschöpfung zu Faktorkosten
44253;Kostenstrukturerhebung im Baugewerbe;JAHR;Jahr;2018;DINSG;Deutschland insgesamt;DG;Deutschland;WZ08S6;WZ2008: Baugewerbe;WZ08-4211;Bau von Straßen;8183,6;Mill. EUR;VBR004;Materialverbrauch, Einsatz an HW, Lohnarbeit
44253;Kostenstrukturerhebung im Baugewerbe;JAHR;Jahr;2018;DINSG;Deutschland insgesamt;DG;Deutschland;WZ08S6;WZ2008: Baugewerbe;WZ08-4211;Bau von Straßen;5597,1;Mill. EUR;BWS003;Bruttowertschöpfung zu Faktorkosten
44253;Kostenstrukturerhebung im Baugewerbe;JAHR;Jahr;2018;DINSG;Deutschland insgesamt;DG;Deutschland;WZ08S6;WZ2008: Baugewerbe;WZ08-4211;Bau von Straßen;1124,1;Mill. EUR;STR029;Indirekte Steuern abzüglich Subventionen
44253;Kostenstrukturerhebung im Baugewerbe;JAHR;Jahr;2018;DINSG;Deutschland insgesamt;DG;Deutschland;WZ08S6;WZ2008: Baugewerbe;WZ08-4211;Bau von Straßen;7470,3;Mill. EUR;NPW001;Nettoproduktionswert
44253;Kostenstrukturerhebung im Baugewerbe;JAHR;Jahr;2018;DINSG;Deutschland insgesamt;DG;Deutschland;WZ08S6;WZ2008: Baugewerbe;WZ08-4211;Bau von Straßen;406,3;Mill. EUR;ABS002;Abschreibungen
44253;Kostenstrukturerhebung im Baugewerbe;JAHR;Jahr;2023;DINSG;Deutschland insgesamt;DG;Deutschland;WZ08S6;WZ2008: Baugewerbe;WZ08-412-01;Bauhauptgewerbe;14503,5;Mill. EUR;KOS027;Sonst.Vorleist.u.sonst.ind.Steuern abzügl.Subvent.
44253;Kostenstrukturerhebung im Baugewerbe;JAHR;Jahr;2023;DINSG;Deutschland insgesamt;DG;Deutschland;WZ08S6;WZ2008: Baugewerbe;WZ08-412-01;Bauhauptgewerbe;52025,3;Mill. EUR;BWS002;Bruttowertschöpfung zu Marktpreisen
44253;Kostenstrukturerhebung im Baugewerbe;JAHR;Jahr;2023;DINSG;Deutschland insgesamt;DG;Deutschland;WZ08S6;WZ2008: Baugewerbe;WZ08-412-01;Bauhauptgewerbe;122597,7;Mill. EUR;BPW001;Bruttoproduktionswert
44253;Kostenstrukturerhebung im Baugewerbe;JAHR;Jahr;2023;DINSG;Deutschland insgesamt;DG;Deutschland;WZ08S6;WZ2008: Baugewerbe;WZ08-412-01;Bauhauptgewerbe;38658,1;Mill. EUR;NWS003;Nettowertschöpfung zu Faktorkosten
44253;Kostenstrukturerhebung im Baugewerbe;JAHR;Jahr;2023;DINSG;Deutschland insgesamt;DG;Deutschland;WZ08S6;WZ2008: Baugewerbe;WZ08-412-01;Bauhauptgewerbe;68013,3;Mill. EUR;VBR004;Materialverbrauch, Einsatz an HW, Lohnarbeit
44253;Kostenstrukturerhebung im Baugewerbe;JAHR;Jahr;2023;DINSG;Deutschland insgesamt;DG;Deutschland;WZ08S6;WZ2008: Baugewerbe;WZ08-412-01;Bauhauptgewerbe;41355,6;Mill. EUR;BWS003;Bruttowertschöpfung zu Faktorkosten
44253;Kostenstrukturerhebung im Baugewerbe;JAHR;Jahr;2023;DINSG;Deutschland insgesamt;DG;Deutschland;WZ08S6;WZ2008: Baugewerbe;WZ08-412-01;Bauhauptgewerbe;10669,7;Mill. EUR;STR029;Indirekte Steuern abzüglich Subventionen
44253;Kostenstrukturerhebung im Baugewerbe;JAHR;Jahr;2023;DINSG;Deutschland insgesamt;DG;Deutschland;WZ08S6;WZ2008: Baugewerbe;WZ08-412-01;Bauhauptgewerbe;54584,4;Mill. EUR;NPW001;Nettoproduktionswert
44253;Kostenstrukturerhebung im Baugewerbe;JAHR;Jahr;2023;DINSG;Deutschland insgesamt;DG;Deutschland;WZ08S6;WZ2008: Baugewerbe;WZ08-412-01;Bauhauptgewerbe;2697,5;Mill. EUR;ABS002;Abschreibungen
44253;Kostenstrukturerhebung im Baugewerbe;JAHR;Jahr;2010;DINSG;Deutschland insgesamt;DG;Deutschland;WZ08S6;WZ2008: Baugewerbe;WZ08-4211;Bau von Straßen;1113,5;Mill. EUR;KOS027;Sonst.Vorleist.u.sonst.ind.Steuern abzügl.Subvent.
44253;Kostenstrukturerhebung im Baugewerbe;JAHR;Jahr;2010;DINSG;Deutschland insgesamt;DG;Deutschland;WZ08S6;WZ2008: Baugewerbe;WZ08-4211;Bau von Straßen;3976,5;Mill. EUR;BWS002;Bruttowertschöpfung zu Marktpreisen
44253;Kostenstrukturerhebung im Baugewerbe;JAHR;Jahr;2010;DINSG;Deutschland insgesamt;DG;Deutschland;WZ08S6;WZ2008: Baugewerbe;WZ08-4211;Bau von Straßen;10148,1;Mill. EUR;BPW001;Bruttoproduktionswert
44253;Kostenstrukturerhebung im Baugewerbe;JAHR;Jahr;2010;DINSG;Deutschland insgesamt;DG;Deutschland;WZ08S6;WZ2008: Baugewerbe;WZ08-4211;Bau von Straßen;3167,4;Mill. EUR;NWS003;Nettowertschöpfung zu Faktorkosten
44253;Kostenstrukturerhebung im Baugewerbe;JAHR;Jahr;2010;DINSG;Deutschland insgesamt;DG;Deutschland;WZ08S6;WZ2008: Baugewerbe;WZ08-4211;Bau von Straßen;5618,6;Mill. EUR;VBR004;Materialverbrauch, Einsatz an HW, Lohnarbeit
44253;Kostenstrukturerhebung im Baugewerbe;JAHR;Jahr;2010;DINSG;Deutschland insgesamt;DG;Deutschland;WZ08S6;WZ2008: Baugewerbe;WZ08-4211;Bau von Straßen;3416,0;Mill. EUR;BWS003;Bruttowertschöpfung zu Faktorkosten
44253;Kostenstrukturerhebung im Baugewerbe;JAHR;Jahr;2010;DINSG;Deutschland insgesamt;DG;Deutschland;WZ08S6;WZ2008: Baugewerbe;WZ08-4211;Bau von Straßen;560,4;Mill. EUR;STR029;Indirekte Steuern abzüglich Subventionen
44253;Kostenstrukturerhebung im Baugewerbe;JAHR;Jahr;2010;DINSG;Deutschland insgesamt;DG;Deutschland;WZ08S6;WZ2008: Baugewerbe;WZ08-4211;Bau von Straßen;4529,5;Mill. EUR;NPW001;Nettoproduktionswert
44253;Kostenstrukturerhebung im Baugewerbe;JAHR;Jahr;2010;DINSG;Deutschland insgesamt;DG;Deutschland;WZ08S6;WZ2008: Baugewerbe;WZ08-4211;Bau von Straßen;248,7;Mill. EUR;ABS002;Abschreibungen
44253;Kostenstrukturerhebung im Baugewerbe;JAHR;Jahr;2020;DINSG;Deutschland insgesamt;DG;Deutschland;WZ08S6;WZ2008: Baugewerbe;WZ08-412-02;Bau von Gebäuden, Tiefbau;8826,4;Mill. EUR;KOS027;Sonst.Vorleist.u.sonst.ind.Steuern abzügl.Subvent.
44253;Kostenstrukturerhebung im Baugewerbe;JAHR;Jahr;2020;DINSG;Deutschland insgesamt;DG;Deutschland;WZ08S6;WZ2008: Baugewerbe;WZ08-412-02;Bau von Gebäuden, Tiefbau;35664,4;Mill. EUR;BWS002;Bruttowertschöpfung zu Marktpreisen
44253;Kostenstrukturerhebung im Baugewerbe;JAHR;Jahr;2020;DINSG;Deutschland insgesamt;DG;Deutschland;WZ08S6;WZ2008: Baugewerbe;WZ08-412-02;Bau von Gebäuden, Tiefbau;86197,4;Mill. EUR;BPW001;Bruttoproduktionswert
44253;Kostenstrukturerhebung im Baugewerbe;JAHR;Jahr;2020;DINSG;Deutschland insgesamt;DG;Deutschland;WZ08S6;WZ2008: Baugewerbe;WZ08-412-02;Bau von Gebäuden, Tiefbau;26991,8;Mill. EUR;NWS003;Nettowertschöpfung zu Faktorkosten
44253;Kostenstrukturerhebung im Baugewerbe;JAHR;Jahr;2020;DINSG;Deutschland insgesamt;DG;Deutschland;WZ08S6;WZ2008: Baugewerbe;WZ08-412-02;Bau von Gebäuden, Tiefbau;48700,5;Mill. EUR;VBR004;Materialverbrauch, Einsatz an HW, Lohnarbeit
44253;Kostenstrukturerhebung im Baugewerbe;JAHR;Jahr;2020;DINSG;Deutschland insgesamt;DG;Deutschland;WZ08S6;WZ2008: Baugewerbe;WZ08-412-02;Bau von Gebäuden, Tiefbau;28670,4;Mill. EUR;BWS003;Bruttowertschöpfung zu Faktorkosten
44253;Kostenstrukturerhebung im Baugewerbe;JAHR;Jahr;2020;DINSG;Deutschland insgesamt;DG;Deutschland;WZ08S6;WZ2008: Baugewerbe;WZ08-412-02;Bau von Gebäuden, Tiefbau;6993,9;Mill. EUR;STR029;Indirekte Steuern abzüglich Subventionen
44253;Kostenstrukturerhebung im Baugewerbe;JAHR;Jahr;2020;DINSG;Deutschland insgesamt;DG;Deutschland;WZ08S6;WZ2008: Baugewerbe;WZ08-412-02;Bau von Gebäuden, Tiefbau;37496,9;Mill. EUR;NPW001;Nettoproduktionswert
44253;Kostenstrukturerhebung im Baugewerbe;JAHR;Jahr;2020;DINSG;Deutschland insgesamt;DG;Deutschland;WZ08S6;WZ2008: Baugewerbe;WZ08-412-02;Bau von Gebäuden, Tiefbau;1678,6;Mill. EUR;ABS002;Abschreibungen
44253;Kostenstrukturerhebung im Baugewerbe;JAHR;Jahr;2008;DINSG;Deutschland insgesamt;DG;Deutschland;WZ08S6;WZ2008: Baugewerbe;WZ08-412-01;Bauhauptgewerbe;6139,9;Mill. EUR;KOS027;Sonst.Vorleist.u.sonst.ind.Steuern abzügl.Subvent.
44253;Kostenstrukturerhebung im Baugewerbe;JAHR;Jahr;2008;DINSG;Deutschland insgesamt;DG;Deutschland;WZ08S6;WZ2008: Baugewerbe;WZ08-412-01;Bauhauptgewerbe;22860,0;Mill. EUR;BWS002;Bruttowertschöpfung zu Marktpreisen
44253;Kostenstrukturerhebung im Baugewerbe;JAHR;Jahr;2008;DINSG;Deutschland insgesamt;DG;Deutschland;WZ08S6;WZ2008: Baugewerbe;WZ08-412-01;Bauhauptgewerbe;61571,2;Mill. EUR;BPW001;Bruttoproduktionswert
44253;Kostenstrukturerhebung im Baugewerbe;JAHR;Jahr;2008;DINSG;Deutschland insgesamt;DG;Deutschland;WZ08S6;WZ2008: Baugewerbe;WZ08-412-01;Bauhauptgewerbe;17929,9;Mill. EUR;NWS003;Nettowertschöpfung zu Faktorkosten
44253;Kostenstrukturerhebung im Baugewerbe;JAHR;Jahr;2008;DINSG;Deutschland insgesamt;DG;Deutschland;WZ08S6;WZ2008: Baugewerbe;WZ08-412-01;Bauhauptgewerbe;36361,1;Mill. EUR;VBR004;Materialverbrauch, Einsatz an HW, Lohnarbeit
44253;Kostenstrukturerhebung im Baugewerbe;JAHR;Jahr;2008;DINSG;Deutschland insgesamt;DG;Deutschland;WZ08S6;WZ2008: Baugewerbe;WZ08-412-01;Bauhauptgewerbe;19070,2;Mill. EUR;BWS003;Bruttowertschöpfung zu Faktorkosten
44253;Kostenstrukturerhebung im Baugewerbe;JAHR;Jahr;2008;DINSG;Deutschland insgesamt;DG;Deutschland;WZ08S6;WZ2008: Baugewerbe;WZ08-412-01;Bauhauptgewerbe;3789,8;Mill. EUR;STR029;Indirekte Steuern abzüglich Subventionen
44253;Kostenstrukturerhebung im Baugewerbe;JAHR;Jahr;2008;DINSG;Deutschland insgesamt;DG;Deutschland;WZ08S6;WZ2008: Baugewerbe;WZ08-412-01;Bauhauptgewerbe;25210,3;Mill. EUR;NPW001;Nettoproduktionswert
44253;Kostenstrukturerhebung im Baugewerbe;JAHR;Jahr;2008;DINSG;Deutschland insgesamt;DG;Deutschland;WZ08S6;WZ2008: Baugewerbe;WZ08-412-01;Bauhauptgewerbe;1140,5;Mill. EUR;ABS002;Abschreibungen
44253;Kostenstrukturerhebung im Baugewerbe;JAHR;Jahr;2009;DINSG;Deutschland insgesamt;DG;Deutschland;WZ08S6;WZ2008: Baugewerbe;WZ08-4213;Brücken- und Tunnelbau;52,4;Mill. EUR;KOS027;Sonst.Vorleist.u.sonst.ind.Steuern abzügl.Subvent.
44253;Kostenstrukturerhebung im Baugewerbe;JAHR;Jahr;2009;DINSG;Deutschland insgesamt;DG;Deutschland;WZ08S6;WZ2008: Baugewerbe;WZ08-4213;Brücken- und Tunnelbau;254,7;Mill. EUR;BWS002;Bruttowertschöpfung zu Marktpreisen
44253;Kostenstrukturerhebung im Baugewerbe;JAHR;Jahr;2009;DINSG;Deutschland insgesamt;DG;Deutschland;WZ08S6;WZ2008: Baugewerbe;WZ08-4213;Brücken- und Tunnelbau;666,8;Mill. EUR;BPW001;Bruttoproduktionswert
44253;Kostenstrukturerhebung im Baugewerbe;JAHR;Jahr;2009;DINSG;Deutschland insgesamt;DG;Deutschland;WZ08S6;WZ2008: Baugewerbe;WZ08-4213;Brücken- und Tunnelbau;223,1;Mill. EUR;NWS003;Nettowertschöpfung zu Faktorkosten
44253;Kostenstrukturerhebung im Baugewerbe;JAHR;Jahr;2009;DINSG;Deutschland insgesamt;DG;Deutschland;WZ08S6;WZ2008: Baugewerbe;WZ08-4213;Brücken- und Tunnelbau;380,0;Mill. EUR;VBR004;Materialverbrauch, Einsatz an HW, Lohnarbeit
44253;Kostenstrukturerhebung im Baugewerbe;JAHR;Jahr;2009;DINSG;Deutschland insgesamt;DG;Deutschland;WZ08S6;WZ2008: Baugewerbe;WZ08-4213;Brücken- und Tunnelbau;234,4;Mill. EUR;BWS003;Bruttowertschöpfung zu Faktorkosten
44253;Kostenstrukturerhebung im Baugewerbe;JAHR;Jahr;2009;DINSG;Deutschland insgesamt;DG;Deutschland;WZ08S6;WZ2008: Baugewerbe;WZ08-4213;Brücken- und Tunnelbau;20,3;Mill. EUR;STR029;Indirekte Steuern abzüglich Subventionen
44253;Kostenstrukturerhebung im Baugewerbe;JAHR;Jahr;2009;DINSG;Deutschland insgesamt;DG;Deutschland;WZ08S6;WZ2008: Baugewerbe;WZ08-4213;Brücken- und Tunnelbau;286,8;Mill. EUR;NPW001;Nettoproduktionswert
44253;Kostenstrukturerhebung im Baugewerbe;JAHR;Jahr;2009;DINSG;Deutschland insgesamt;DG;Deutschland;WZ08S6;WZ2008: Baugewerbe;WZ08-4213;Brücken- und Tunnelbau;11,3;Mill. EUR;ABS002;Abschreibungen
44253;Kostenstrukturerhebung im Baugewerbe;JAHR;Jahr;2021;DINSG;Deutschland insgesamt;DG;Deutschland;WZ08S6;WZ2008: Baugewerbe;WZ08-431;Abbrucharbeiten u. vorbereit. Baustellenarbeiten;603,4;Mill. EUR;KOS027;Sonst.Vorleist.u.sonst.ind.Steuern abzügl.Subvent.
44253;Kostenstrukturerhebung im Baugewerbe;JAHR;Jahr;2021;DINSG;Deutschland insgesamt;DG;Deutschland;WZ08S6;WZ2008: Baugewerbe;WZ08-431;Abbrucharbeiten u. vorbereit. Baustellenarbeiten;1627,8;Mill. EUR;BWS002;Bruttowertschöpfung zu Marktpreisen
44253;Kostenstrukturerhebung im Baugewerbe;JAHR;Jahr;2021;DINSG;Deutschland insgesamt;DG;Deutschland;WZ08S6;WZ2008: Baugewerbe;WZ08-431;Abbrucharbeiten u. vorbereit. Baustellenarbeiten;3539,7;Mill. EUR;BPW001;Bruttoproduktionswert
44253;Kostenstrukturerhebung im Baugewerbe;JAHR;Jahr;2021;DINSG;Deutschland insgesamt;DG;Deutschland;WZ08S6;WZ2008: Baugewerbe;WZ08-431;Abbrucharbeiten u. vorbereit. Baustellenarbeiten;1280,9;Mill. EUR;NWS003;Nettowertschöpfung zu Faktorkosten
44253;Kostenstrukturerhebung im Baugewerbe;JAHR;Jahr;2021;DINSG;Deutschland insgesamt;DG;Deutschland;WZ08S6;WZ2008: Baugewerbe;WZ08-431;Abbrucharbeiten u. vorbereit. Baustellenarbeiten;1555,1;Mill. EUR;VBR004;Materialverbrauch, Einsatz an HW, Lohnarbeit
44253;Kostenstrukturerhebung im Baugewerbe;JAHR;Jahr;2021;DINSG;Deutschland insgesamt;DG;Deutschland;WZ08S6;WZ2008: Baugewerbe;WZ08-431;Abbrucharbeiten u. vorbereit. Baustellenarbeiten;1419,2;Mill. EUR;BWS003;Bruttowertschöpfung zu Faktorkosten
44253;Kostenstrukturerhebung im Baugewerbe;JAHR;Jahr;2021;DINSG;Deutschland insgesamt;DG;Deutschland;WZ08S6;WZ2008: Baugewerbe;WZ08-431;Abbrucharbeiten u. vorbereit. Baustellenarbeiten;208,7;Mill. EUR;STR029;Indirekte Steuern abzüglich Subventionen
44253;Kostenstrukturerhebung im Baugewerbe;JAHR;Jahr;2021;DINSG;Deutschland insgesamt;DG;Deutschland;WZ08S6;WZ2008: Baugewerbe;WZ08-431;Abbrucharbeiten u. vorbereit. Baustellenarbeiten;1984,6;Mill. EUR;NPW001;Nettoproduktionswert
44253;Kostenstrukturerhebung im Baugewerbe;JAHR;Jahr;2021;DINSG;Deutschland insgesamt;DG;Deutschland;WZ08S6;WZ2008: Baugewerbe;WZ08-431;Abbrucharbeiten u. vorbereit. Baustellenarbeiten;138,3;Mill. EUR;ABS002;Abschreibungen
44253;Kostenstrukturerhebung im Baugewerbe;JAHR;Jahr;2024;DINSG;Deutschland insgesamt;DG;Deutschland;WZ08S6;WZ2008: Baugewerbe;WZ08-4213;Brücken- und Tunnelbau;307,6;Mill. EUR;KOS027;Sonst.Vorleist.u.sonst.ind.Steuern abzügl.Subvent.
44253;Kostenstrukturerhebung im Baugewerbe;JAHR;Jahr;2024;DINSG;Deutschland insgesamt;DG;Deutschland;WZ08S6;WZ2008: Baugewerbe;WZ08-4213;Brücken- und Tunnelbau;883,7;Mill. EUR;BWS002;Bruttowertschöpfung zu Marktpreisen
44253;Kostenstrukturerhebung im Baugewerbe;JAHR;Jahr;2024;DINSG;Deutschland insgesamt;DG;Deutschland;WZ08S6;WZ2008: Baugewerbe;WZ08-4213;Brücken- und Tunnelbau;2561,2;Mill. EUR;BPW001;Bruttoproduktionswert
44253;Kostenstrukturerhebung im Baugewerbe;JAHR;Jahr;2024;DINSG;Deutschland insgesamt;DG;Deutschland;WZ08S6;WZ2008: Baugewerbe;WZ08-4213;Brücken- und Tunnelbau;714,8;Mill. EUR;NWS003;Nettowertschöpfung zu Faktorkosten
44253;Kostenstrukturerhebung im Baugewerbe;JAHR;Jahr;2024;DINSG;Deutschland insgesamt;DG;Deutschland;WZ08S6;WZ2008: Baugewerbe;WZ08-4213;Brücken- und Tunnelbau;1510,3;Mill. EUR;VBR004;Materialverbrauch, Einsatz an HW, Lohnarbeit
44253;Kostenstrukturerhebung im Baugewerbe;JAHR;Jahr;2024;DINSG;Deutschland insgesamt;DG;Deutschland;WZ08S6;WZ2008: Baugewerbe;WZ08-4213;Brücken- und Tunnelbau;756,0;Mill. EUR;BWS003;Bruttowertschöpfung zu Faktorkosten
44253;Kostenstrukturerhebung im Baugewerbe;JAHR;Jahr;2024;DINSG;Deutschland insgesamt;DG;Deutschland;WZ08S6;WZ2008: Baugewerbe;WZ08-4213;Brücken- und Tunnelbau;127,7;Mill. EUR;STR029;Indirekte Steuern abzüglich Subventionen
44253;Kostenstrukturerhebung im Baugewerbe;JAHR;Jahr;2024;DINSG;Deutschland insgesamt;DG;Deutschland;WZ08S6;WZ2008: Baugewerbe;WZ08-4213;Brücken- und Tunnelbau;1050,9;Mill. EUR;NPW001;Nettoproduktionswert
44253;Kostenstrukturerhebung im Baugewerbe;JAHR;Jahr;2024;DINSG;Deutschland insgesamt;DG;Deutschland;WZ08S6;WZ2008: Baugewerbe;WZ08-4213;Brücken- und Tunnelbau;41,2;Mill. EUR;ABS002;Abschreibungen
44253;Kostenstrukturerhebung im Baugewerbe;JAHR;Jahr;2013;DINSG;Deutschland insgesamt;DG;Deutschland;WZ08S6;WZ2008: Baugewerbe;WZ08-411;Erschließung von Grundstücken, Bauträger;235,8;Mill. EUR;KOS027;Sonst.Vorleist.u.sonst.ind.Steuern abzügl.Subvent.
44253;Kostenstrukturerhebung im Baugewerbe;JAHR;Jahr;2013;DINSG;Deutschland insgesamt;DG;Deutschland;WZ08S6;WZ2008: Baugewerbe;WZ08-411;Erschließung von Grundstücken, Bauträger;1338,3;Mill. EUR;BWS002;Bruttowertschöpfung zu Marktpreisen
44253;Kostenstrukturerhebung im Baugewerbe;JAHR;Jahr;2013;DINSG;Deutschland insgesamt;DG;Deutschland;WZ08S6;WZ2008: Baugewerbe;WZ08-411;Erschließung von Grundstücken, Bauträger;3650,4;Mill. EUR;BPW001;Bruttoproduktionswert
44253;Kostenstrukturerhebung im Baugewerbe;JAHR;Jahr;2013;DINSG;Deutschland insgesamt;DG;Deutschland;WZ08S6;WZ2008: Baugewerbe;WZ08-411;Erschließung von Grundstücken, Bauträger;1168,3;Mill. EUR;NWS003;Nettowertschöpfung zu Faktorkosten
44253;Kostenstrukturerhebung im Baugewerbe;JAHR;Jahr;2013;DINSG;Deutschland insgesamt;DG;Deutschland;WZ08S6;WZ2008: Baugewerbe;WZ08-411;Erschließung von Grundstücken, Bauträger;2213,6;Mill. EUR;VBR004;Materialverbrauch, Einsatz an HW, Lohnarbeit
44253;Kostenstrukturerhebung im Baugewerbe;JAHR;Jahr;2013;DINSG;Deutschland insgesamt;DG;Deutschland;WZ08S6;WZ2008: Baugewerbe;WZ08-411;Erschließung von Grundstücken, Bauträger;1201,0;Mill. EUR;BWS003;Bruttowertschöpfung zu Faktorkosten
44253;Kostenstrukturerhebung im Baugewerbe;JAHR;Jahr;2013;DINSG;Deutschland insgesamt;DG;Deutschland;WZ08S6;WZ2008: Baugewerbe;WZ08-411;Erschließung von Grundstücken, Bauträger;137,3;Mill. EUR;STR029;Indirekte Steuern abzüglich Subventionen
44253;Kostenstrukturerhebung im Baugewerbe;JAHR;Jahr;2013;DINSG;Deutschland insgesamt;DG;Deutschland;WZ08S6;WZ2008: Baugewerbe;WZ08-411;Erschließung von Grundstücken, Bauträger;1436,8;Mill. EUR;NPW001;Nettoproduktionswert
44253;Kostenstrukturerhebung im Baugewerbe;JAHR;Jahr;2013;DINSG;Deutschland insgesamt;DG;Deutschland;WZ08S6;WZ2008: Baugewerbe;WZ08-411;Erschließung von Grundstücken, Bauträger;32,7;Mill. EUR;ABS002;Abschreibungen
44253;Kostenstrukturerhebung im Baugewerbe;JAHR;Jahr;2012;DINSG;Deutschland insgesamt;DG;Deutschland;WZ08S6;WZ2008: Baugewerbe;WZ08-4391;Dachdeckerei und Zimmerei;328,7;Mill. EUR;KOS027;Sonst.Vorleist.u.sonst.ind.Steuern abzügl.Subvent.
44253;Kostenstrukturerhebung im Baugewerbe;JAHR;Jahr;2012;DINSG;Deutschland insgesamt;DG;Deutschland;WZ08S6;WZ2008: Baugewerbe;WZ08-4391;Dachdeckerei und Zimmerei;1907,3;Mill. EUR;BWS002;Bruttowertschöpfung zu Marktpreisen
44253;Kostenstrukturerhebung im Baugewerbe;JAHR;Jahr;2012;DINSG;Deutschland insgesamt;DG;Deutschland;WZ08S6;WZ2008: Baugewerbe;WZ08-4391;Dachdeckerei und Zimmerei;4315,6;Mill. EUR;BPW001;Bruttoproduktionswert
44253;Kostenstrukturerhebung im Baugewerbe;JAHR;Jahr;2012;DINSG;Deutschland insgesamt;DG;Deutschland;WZ08S6;WZ2008: Baugewerbe;WZ08-4391;Dachdeckerei und Zimmerei;1591,3;Mill. EUR;NWS003;Nettowertschöpfung zu Faktorkosten
44253;Kostenstrukturerhebung im Baugewerbe;JAHR;Jahr;2012;DINSG;Deutschland insgesamt;DG;Deutschland;WZ08S6;WZ2008: Baugewerbe;WZ08-4391;Dachdeckerei und Zimmerei;2338,9;Mill. EUR;VBR004;Materialverbrauch, Einsatz an HW, Lohnarbeit
44253;Kostenstrukturerhebung im Baugewerbe;JAHR;Jahr;2012;DINSG;Deutschland insgesamt;DG;Deutschland;WZ08S6;WZ2008: Baugewerbe;WZ08-4391;Dachdeckerei und Zimmerei;1648,0;Mill. EUR;BWS003;Bruttowertschöpfung zu Faktorkosten
44253;Kostenstrukturerhebung im Baugewerbe;JAHR;Jahr;2012;DINSG;Deutschland insgesamt;DG;Deutschland;WZ08S6;WZ2008: Baugewerbe;WZ08-4391;Dachdeckerei und Zimmerei;259,3;Mill. EUR;STR029;Indirekte Steuern abzüglich Subventionen
44253;Kostenstrukturerhebung im Baugewerbe;JAHR;Jahr;2012;DINSG;Deutschland insgesamt;DG;Deutschland;WZ08S6;WZ2008: Baugewerbe;WZ08-4391;Dachdeckerei und Zimmerei;1976,7;Mill. EUR;NPW001;Nettoproduktionswert
44253;Kostenstrukturerhebung im Baugewerbe;JAHR;Jahr;2012;DINSG;Deutschland insgesamt;DG;Deutschland;WZ08S6;WZ2008: Baugewerbe;WZ08-4391;Dachdeckerei und Zimmerei;56,7;Mill. EUR;ABS002;Abschreibungen
44253;Kostenstrukturerhebung im Baugewerbe;JAHR;Jahr;2008;DINSG;Deutschland insgesamt;DG;Deutschland;WZ08S6;WZ2008: Baugewerbe;WZ08-F;Baugewerbe;9333,4;Mill. EUR;KOS027;Sonst.Vorleist.u.sonst.ind.Steuern abzügl.Subvent.
44253;Kostenstrukturerhebung im Baugewerbe;JAHR;Jahr;2008;DINSG;Deutschland insgesamt;DG;Deutschland;WZ08S6;WZ2008: Baugewerbe;WZ08-F;Baugewerbe;39317,1;Mill. EUR;BWS002;Bruttowertschöpfung zu Marktpreisen
44253;Kostenstrukturerhebung im Baugewerbe;JAHR;Jahr;2008;DINSG;Deutschland insgesamt;DG;Deutschland;WZ08S6;WZ2008: Baugewerbe;WZ08-F;Baugewerbe;96432,2;Mill. EUR;BPW001;Bruttoproduktionswert
44253;Kostenstrukturerhebung im Baugewerbe;JAHR;Jahr;2008;DINSG;Deutschland insgesamt;DG;Deutschland;WZ08S6;WZ2008: Baugewerbe;WZ08-F;Baugewerbe;31790,2;Mill. EUR;NWS003;Nettowertschöpfung zu Faktorkosten
44253;Kostenstrukturerhebung im Baugewerbe;JAHR;Jahr;2008;DINSG;Deutschland insgesamt;DG;Deutschland;WZ08S6;WZ2008: Baugewerbe;WZ08-F;Baugewerbe;53776,7;Mill. EUR;VBR004;Materialverbrauch, Einsatz an HW, Lohnarbeit
44253;Kostenstrukturerhebung im Baugewerbe;JAHR;Jahr;2008;DINSG;Deutschland insgesamt;DG;Deutschland;WZ08S6;WZ2008: Baugewerbe;WZ08-F;Baugewerbe;33322,1;Mill. EUR;BWS003;Bruttowertschöpfung zu Faktorkosten
44253;Kostenstrukturerhebung im Baugewerbe;JAHR;Jahr;2008;DINSG;Deutschland insgesamt;DG;Deutschland;WZ08S6;WZ2008: Baugewerbe;WZ08-F;Baugewerbe;5994,9;Mill. EUR;STR029;Indirekte Steuern abzüglich Subventionen
44253;Kostenstrukturerhebung im Baugewerbe;JAHR;Jahr;2008;DINSG;Deutschland insgesamt;DG;Deutschland;WZ08S6;WZ2008: Baugewerbe;WZ08-F;Baugewerbe;42655,5;Mill. EUR;NPW001;Nettoproduktionswert
44253;Kostenstrukturerhebung im Baugewerbe;JAHR;Jahr;2008;DINSG;Deutschland insgesamt;DG;Deutschland;WZ08S6;WZ2008: Baugewerbe;WZ08-F;Baugewerbe;1531,9;Mill. EUR;ABS002;Abschreibungen
44253;Kostenstrukturerhebung im Baugewerbe;JAHR;Jahr;2022;DINSG;Deutschland insgesamt;DG;Deutschland;WZ08S6;WZ2008: Baugewerbe;WZ08-432-01;Ausbaugewerbe;6284,5;Mill. EUR;KOS027;Sonst.Vorleist.u.sonst.ind.Steuern abzügl.Subvent.
44253;Kostenstrukturerhebung im Baugewerbe;JAHR;Jahr;2022;DINSG;Deutschland insgesamt;DG;Deutschland;WZ08S6;WZ2008: Baugewerbe;WZ08-432-01;Ausbaugewerbe;38134,8;Mill. EUR;BWS002;Bruttowertschöpfung zu Marktpreisen
44253;Kostenstrukturerhebung im Baugewerbe;JAHR;Jahr;2022;DINSG;Deutschland insgesamt;DG;Deutschland;WZ08S6;WZ2008: Baugewerbe;WZ08-432-01;Ausbaugewerbe;70786,4;Mill. EUR;BPW001;Bruttoproduktionswert
44253;Kostenstrukturerhebung im Baugewerbe;JAHR;Jahr;2022;DINSG;Deutschland insgesamt;DG;Deutschland;WZ08S6;WZ2008: Baugewerbe;WZ08-432-01;Ausbaugewerbe;31156,7;Mill. EUR;NWS003;Nettowertschöpfung zu Faktorkosten
44253;Kostenstrukturerhebung im Baugewerbe;JAHR;Jahr;2022;DINSG;Deutschland insgesamt;DG;Deutschland;WZ08S6;WZ2008: Baugewerbe;WZ08-432-01;Ausbaugewerbe;33242,6;Mill. EUR;VBR004;Materialverbrauch, Einsatz an HW, Lohnarbeit
44253;Kostenstrukturerhebung im Baugewerbe;JAHR;Jahr;2022;DINSG;Deutschland insgesamt;DG;Deutschland;WZ08S6;WZ2008: Baugewerbe;WZ08-432-01;Ausbaugewerbe;31986,2;Mill. EUR;BWS003;Bruttowertschöpfung zu Faktorkosten
44253;Kostenstrukturerhebung im Baugewerbe;JAHR;Jahr;2022;DINSG;Deutschland insgesamt;DG;Deutschland;WZ08S6;WZ2008: Baugewerbe;WZ08-432-01;Ausbaugewerbe;6148,6;Mill. EUR;STR029;Indirekte Steuern abzüglich Subventionen
44253;Kostenstrukturerhebung im Baugewerbe;JAHR;Jahr;2022;DINSG;Deutschland insgesamt;DG;Deutschland;WZ08S6;WZ2008: Baugewerbe;WZ08-432-01;Ausbaugewerbe;37543,8;Mill. EUR;NPW001;Nettoproduktionswert
44253;Kostenstrukturerhebung im Baugewerbe;JAHR;Jahr;2022;DINSG;Deutschland insgesamt;DG;Deutschland;WZ08S6;WZ2008: Baugewerbe;WZ08-432-01;Ausbaugewerbe;829,5;Mill. EUR;ABS002;Abschreibungen
44253;Kostenstrukturerhebung im Baugewerbe;JAHR;Jahr;2008;DINSG;Deutschland insgesamt;DG;Deutschland;WZ08S6;WZ2008: Baugewerbe;WZ08-4391;Dachdeckerei und Zimmerei;265,9;Mill. EUR;KOS027;Sonst.Vorleist.u.sonst.ind.Steuern abzügl.Subvent.
44253;Kostenstrukturerhebung im Baugewerbe;JAHR;Jahr;2008;DINSG;Deutschland insgesamt;DG;Deutschland;WZ08S6;WZ2008: Baugewerbe;WZ08-4391;Dachdeckerei und Zimmerei;1414,4;Mill. EUR;BWS002;Bruttowertschöpfung zu Marktpreisen
44253;Kostenstrukturerhebung im Baugewerbe;JAHR;Jahr;2008;DINSG;Deutschland insgesamt;DG;Deutschland;WZ08S6;WZ2008: Baugewerbe;WZ08-4391;Dachdeckerei und Zimmerei;3296,2;Mill. EUR;BPW001;Bruttoproduktionswert
44253;Kostenstrukturerhebung im Baugewerbe;JAHR;Jahr;2008;DINSG;Deutschland insgesamt;DG;Deutschland;WZ08S6;WZ2008: Baugewerbe;WZ08-4391;Dachdeckerei und Zimmerei;1179,3;Mill. EUR;NWS003;Nettowertschöpfung zu Faktorkosten
44253;Kostenstrukturerhebung im Baugewerbe;JAHR;Jahr;2008;DINSG;Deutschland insgesamt;DG;Deutschland;WZ08S6;WZ2008: Baugewerbe;WZ08-4391;Dachdeckerei und Zimmerei;1810,6;Mill. EUR;VBR004;Materialverbrauch, Einsatz an HW, Lohnarbeit
44253;Kostenstrukturerhebung im Baugewerbe;JAHR;Jahr;2008;DINSG;Deutschland insgesamt;DG;Deutschland;WZ08S6;WZ2008: Baugewerbe;WZ08-4391;Dachdeckerei und Zimmerei;1219,7;Mill. EUR;BWS003;Bruttowertschöpfung zu Faktorkosten
44253;Kostenstrukturerhebung im Baugewerbe;JAHR;Jahr;2008;DINSG;Deutschland insgesamt;DG;Deutschland;WZ08S6;WZ2008: Baugewerbe;WZ08-4391;Dachdeckerei und Zimmerei;194,7;Mill. EUR;STR029;Indirekte Steuern abzüglich Subventionen
44253;Kostenstrukturerhebung im Baugewerbe;JAHR;Jahr;2008;DINSG;Deutschland insgesamt;DG;Deutschland;WZ08S6;WZ2008: Baugewerbe;WZ08-4391;Dachdeckerei und Zimmerei;1485,6;Mill. EUR;NPW001;Nettoproduktionswert
44253;Kostenstrukturerhebung im Baugewerbe;JAHR;Jahr;2008;DINSG;Deutschland insgesamt;DG;Deutschland;WZ08S6;WZ2008: Baugewerbe;WZ08-4391;Dachdeckerei und Zimmerei;40,4;Mill. EUR;ABS002;Abschreibungen
44253;Kostenstrukturerhebung im Baugewerbe;JAHR;Jahr;2023;DINSG;Deutschland insgesamt;DG;Deutschland;WZ08S6;WZ2008: Baugewerbe;WZ08-F;Baugewerbe;21911,8;Mill. EUR;KOS027;Sonst.Vorleist.u.sonst.ind.Steuern abzügl.Subvent.
44253;Kostenstrukturerhebung im Baugewerbe;JAHR;Jahr;2023;DINSG;Deutschland insgesamt;DG;Deutschland;WZ08S6;WZ2008: Baugewerbe;WZ08-F;Baugewerbe;93743,7;Mill. EUR;BWS002;Bruttowertschöpfung zu Marktpreisen
44253;Kostenstrukturerhebung im Baugewerbe;JAHR;Jahr;2023;DINSG;Deutschland insgesamt;DG;Deutschland;WZ08S6;WZ2008: Baugewerbe;WZ08-F;Baugewerbe;206191,6;Mill. EUR;BPW001;Bruttoproduktionswert
44253;Kostenstrukturerhebung im Baugewerbe;JAHR;Jahr;2023;DINSG;Deutschland insgesamt;DG;Deutschland;WZ08S6;WZ2008: Baugewerbe;WZ08-F;Baugewerbe;72493,9;Mill. EUR;NWS003;Nettowertschöpfung zu Faktorkosten
44253;Kostenstrukturerhebung im Baugewerbe;JAHR;Jahr;2023;DINSG;Deutschland insgesamt;DG;Deutschland;WZ08S6;WZ2008: Baugewerbe;WZ08-F;Baugewerbe;110355,3;Mill. EUR;VBR004;Materialverbrauch, Einsatz an HW, Lohnarbeit
44253;Kostenstrukturerhebung im Baugewerbe;JAHR;Jahr;2023;DINSG;Deutschland insgesamt;DG;Deutschland;WZ08S6;WZ2008: Baugewerbe;WZ08-F;Baugewerbe;76157,2;Mill. EUR;BWS003;Bruttowertschöpfung zu Faktorkosten
44253;Kostenstrukturerhebung im Baugewerbe;JAHR;Jahr;2023;DINSG;Deutschland insgesamt;DG;Deutschland;WZ08S6;WZ2008: Baugewerbe;WZ08-F;Baugewerbe;17586,5;Mill. EUR;STR029;Indirekte Steuern abzüglich Subventionen
44253;Kostenstrukturerhebung im Baugewerbe;JAHR;Jahr;2023;DINSG;Deutschland insgesamt;DG;Deutschland;WZ08S6;WZ2008: Baugewerbe;WZ08-F;Baugewerbe;95836,3;Mill. EUR;NPW001;Nettoproduktionswert
44253;Kostenstrukturerhebung im Baugewerbe;JAHR;Jahr;2023;DINSG;Deutschland insgesamt;DG;Deutschland;WZ08S6;WZ2008: Baugewerbe;WZ08-F;Baugewerbe;3663,4;Mill. EUR;ABS002;Abschreibungen
44253;Kostenstrukturerhebung im Baugewerbe;JAHR;Jahr;2009;DINSG;Deutschland insgesamt;DG;Deutschland;WZ08S6;WZ2008: Baugewerbe;WZ08-411;Erschließung von Grundstücken, Bauträger;189,7;Mill. EUR;KOS027;Sonst.Vorleist.u.sonst.ind.Steuern abzügl.Subvent.
44253;Kostenstrukturerhebung im Baugewerbe;JAHR;Jahr;2009;DINSG;Deutschland insgesamt;DG;Deutschland;WZ08S6;WZ2008: Baugewerbe;WZ08-411;Erschließung von Grundstücken, Bauträger;277,8;Mill. EUR;BWS002;Bruttowertschöpfung zu Marktpreisen
44253;Kostenstrukturerhebung im Baugewerbe;JAHR;Jahr;2009;DINSG;Deutschland insgesamt;DG;Deutschland;WZ08S6;WZ2008: Baugewerbe;WZ08-411;Erschließung von Grundstücken, Bauträger;1765,9;Mill. EUR;BPW001;Bruttoproduktionswert
44253;Kostenstrukturerhebung im Baugewerbe;JAHR;Jahr;2009;DINSG;Deutschland insgesamt;DG;Deutschland;WZ08S6;WZ2008: Baugewerbe;WZ08-411;Erschließung von Grundstücken, Bauträger;215,1;Mill. EUR;NWS003;Nettowertschöpfung zu Faktorkosten
44253;Kostenstrukturerhebung im Baugewerbe;JAHR;Jahr;2009;DINSG;Deutschland insgesamt;DG;Deutschland;WZ08S6;WZ2008: Baugewerbe;WZ08-411;Erschließung von Grundstücken, Bauträger;1324,4;Mill. EUR;VBR004;Materialverbrauch, Einsatz an HW, Lohnarbeit
44253;Kostenstrukturerhebung im Baugewerbe;JAHR;Jahr;2009;DINSG;Deutschland insgesamt;DG;Deutschland;WZ08S6;WZ2008: Baugewerbe;WZ08-411;Erschließung von Grundstücken, Bauträger;251,9;Mill. EUR;BWS003;Bruttowertschöpfung zu Faktorkosten
44253;Kostenstrukturerhebung im Baugewerbe;JAHR;Jahr;2009;DINSG;Deutschland insgesamt;DG;Deutschland;WZ08S6;WZ2008: Baugewerbe;WZ08-411;Erschließung von Grundstücken, Bauträger;26,0;Mill. EUR;STR029;Indirekte Steuern abzüglich Subventionen
44253;Kostenstrukturerhebung im Baugewerbe;JAHR;Jahr;2009;DINSG;Deutschland insgesamt;DG;Deutschland;WZ08S6;WZ2008: Baugewerbe;WZ08-411;Erschließung von Grundstücken, Bauträger;441,6;Mill. EUR;NPW001;Nettoproduktionswert
44253;Kostenstrukturerhebung im Baugewerbe;JAHR;Jahr;2009;DINSG;Deutschland insgesamt;DG;Deutschland;WZ08S6;WZ2008: Baugewerbe;WZ08-411;Erschließung von Grundstücken, Bauträger;36,8;Mill. EUR;ABS002;Abschreibungen
44253;Kostenstrukturerhebung im Baugewerbe;JAHR;Jahr;2021;DINSG;Deutschland insgesamt;DG;Deutschland;WZ08S6;WZ2008: Baugewerbe;WZ08-4211;Bau von Straßen;1947,6;Mill. EUR;KOS027;Sonst.Vorleist.u.sonst.ind.Steuern abzügl.Subvent.
44253;Kostenstrukturerhebung im Baugewerbe;JAHR;Jahr;2021;DINSG;Deutschland insgesamt;DG;Deutschland;WZ08S6;WZ2008: Baugewerbe;WZ08-4211;Bau von Straßen;7149,7;Mill. EUR;BWS002;Bruttowertschöpfung zu Marktpreisen
44253;Kostenstrukturerhebung im Baugewerbe;JAHR;Jahr;2021;DINSG;Deutschland insgesamt;DG;Deutschland;WZ08S6;WZ2008: Baugewerbe;WZ08-4211;Bau von Straßen;15542,5;Mill. EUR;BPW001;Bruttoproduktionswert
44253;Kostenstrukturerhebung im Baugewerbe;JAHR;Jahr;2021;DINSG;Deutschland insgesamt;DG;Deutschland;WZ08S6;WZ2008: Baugewerbe;WZ08-4211;Bau von Straßen;5486,4;Mill. EUR;NWS003;Nettowertschöpfung zu Faktorkosten
44253;Kostenstrukturerhebung im Baugewerbe;JAHR;Jahr;2021;DINSG;Deutschland insgesamt;DG;Deutschland;WZ08S6;WZ2008: Baugewerbe;WZ08-4211;Bau von Straßen;7754,0;Mill. EUR;VBR004;Materialverbrauch, Einsatz an HW, Lohnarbeit
44253;Kostenstrukturerhebung im Baugewerbe;JAHR;Jahr;2021;DINSG;Deutschland insgesamt;DG;Deutschland;WZ08S6;WZ2008: Baugewerbe;WZ08-4211;Bau von Straßen;5995,1;Mill. EUR;BWS003;Bruttowertschöpfung zu Faktorkosten
44253;Kostenstrukturerhebung im Baugewerbe;JAHR;Jahr;2021;DINSG;Deutschland insgesamt;DG;Deutschland;WZ08S6;WZ2008: Baugewerbe;WZ08-4211;Bau von Straßen;1154,7;Mill. EUR;STR029;Indirekte Steuern abzüglich Subventionen
44253;Kostenstrukturerhebung im Baugewerbe;JAHR;Jahr;2021;DINSG;Deutschland insgesamt;DG;Deutschland;WZ08S6;WZ2008: Baugewerbe;WZ08-4211;Bau von Straßen;7788,5;Mill. EUR;NPW001;Nettoproduktionswert
44253;Kostenstrukturerhebung im Baugewerbe;JAHR;Jahr;2021;DINSG;Deutschland insgesamt;DG;Deutschland;WZ08S6;WZ2008: Baugewerbe;WZ08-4211;Bau von Straßen;508,6;Mill. EUR;ABS002;Abschreibungen
44253;Kostenstrukturerhebung im Baugewerbe;JAHR;Jahr;2018;DINSG;Deutschland insgesamt;DG;Deutschland;WZ08S6;WZ2008: Baugewerbe;WZ08-431;Abbrucharbeiten u. vorbereit. Baustellenarbeiten;515,9;Mill. EUR;KOS027;Sonst.Vorleist.u.sonst.ind.Steuern abzügl.Subvent.
44253;Kostenstrukturerhebung im Baugewerbe;JAHR;Jahr;2018;DINSG;Deutschland insgesamt;DG;Deutschland;WZ08S6;WZ2008: Baugewerbe;WZ08-431;Abbrucharbeiten u. vorbereit. Baustellenarbeiten;1452,8;Mill. EUR;BWS002;Bruttowertschöpfung zu Marktpreisen
44253;Kostenstrukturerhebung im Baugewerbe;JAHR;Jahr;2018;DINSG;Deutschland insgesamt;DG;Deutschland;WZ08S6;WZ2008: Baugewerbe;WZ08-431;Abbrucharbeiten u. vorbereit. Baustellenarbeiten;2999,9;Mill. EUR;BPW001;Bruttoproduktionswert
44253;Kostenstrukturerhebung im Baugewerbe;JAHR;Jahr;2018;DINSG;Deutschland insgesamt;DG;Deutschland;WZ08S6;WZ2008: Baugewerbe;WZ08-431;Abbrucharbeiten u. vorbereit. Baustellenarbeiten;1220,8;Mill. EUR;NWS003;Nettowertschöpfung zu Faktorkosten
44253;Kostenstrukturerhebung im Baugewerbe;JAHR;Jahr;2018;DINSG;Deutschland insgesamt;DG;Deutschland;WZ08S6;WZ2008: Baugewerbe;WZ08-431;Abbrucharbeiten u. vorbereit. Baustellenarbeiten;1162,2;Mill. EUR;VBR004;Materialverbrauch, Einsatz an HW, Lohnarbeit
44253;Kostenstrukturerhebung im Baugewerbe;JAHR;Jahr;2018;DINSG;Deutschland insgesamt;DG;Deutschland;WZ08S6;WZ2008: Baugewerbe;WZ08-431;Abbrucharbeiten u. vorbereit. Baustellenarbeiten;1321,8;Mill. EUR;BWS003;Bruttowertschöpfung zu Faktorkosten
44253;Kostenstrukturerhebung im Baugewerbe;JAHR;Jahr;2018;DINSG;Deutschland insgesamt;DG;Deutschland;WZ08S6;WZ2008: Baugewerbe;WZ08-431;Abbrucharbeiten u. vorbereit. Baustellenarbeiten;131,0;Mill. EUR;STR029;Indirekte Steuern abzüglich Subventionen
44253;Kostenstrukturerhebung im Baugewerbe;JAHR;Jahr;2018;DINSG;Deutschland insgesamt;DG;Deutschland;WZ08S6;WZ2008: Baugewerbe;WZ08-431;Abbrucharbeiten u. vorbereit. Baustellenarbeiten;1837,7;Mill. EUR;NPW001;Nettoproduktionswert
44253;Kostenstrukturerhebung im Baugewerbe;JAHR;Jahr;2018;DINSG;Deutschland insgesamt;DG;Deutschland;WZ08S6;WZ2008: Baugewerbe;WZ08-431;Abbrucharbeiten u. vorbereit. Baustellenarbeiten;101,0;Mill. EUR;ABS002;Abschreibungen
44253;Kostenstrukturerhebung im Baugewerbe;JAHR;Jahr;2015;DINSG;Deutschland insgesamt;DG;Deutschland;WZ08S6;WZ2008: Baugewerbe;WZ08-432;Bauinstallation;3161,5;Mill. EUR;KOS027;Sonst.Vorleist.u.sonst.ind.Steuern abzügl.Subvent.
44253;Kostenstrukturerhebung im Baugewerbe;JAHR;Jahr;2015;DINSG;Deutschland insgesamt;DG;Deutschland;WZ08S6;WZ2008: Baugewerbe;WZ08-432;Bauinstallation;16285,0;Mill. EUR;BWS002;Bruttowertschöpfung zu Marktpreisen
44253;Kostenstrukturerhebung im Baugewerbe;JAHR;Jahr;2015;DINSG;Deutschland insgesamt;DG;Deutschland;WZ08S6;WZ2008: Baugewerbe;WZ08-432;Bauinstallation;32878,9;Mill. EUR;BPW001;Bruttoproduktionswert
44253;Kostenstrukturerhebung im Baugewerbe;JAHR;Jahr;2015;DINSG;Deutschland insgesamt;DG;Deutschland;WZ08S6;WZ2008: Baugewerbe;WZ08-432;Bauinstallation;13482,0;Mill. EUR;NWS003;Nettowertschöpfung zu Faktorkosten
44253;Kostenstrukturerhebung im Baugewerbe;JAHR;Jahr;2015;DINSG;Deutschland insgesamt;DG;Deutschland;WZ08S6;WZ2008: Baugewerbe;WZ08-432;Bauinstallation;15834,7;Mill. EUR;VBR004;Materialverbrauch, Einsatz an HW, Lohnarbeit
44253;Kostenstrukturerhebung im Baugewerbe;JAHR;Jahr;2015;DINSG;Deutschland insgesamt;DG;Deutschland;WZ08S6;WZ2008: Baugewerbe;WZ08-432;Bauinstallation;13882,7;Mill. EUR;BWS003;Bruttowertschöpfung zu Faktorkosten
44253;Kostenstrukturerhebung im Baugewerbe;JAHR;Jahr;2015;DINSG;Deutschland insgesamt;DG;Deutschland;WZ08S6;WZ2008: Baugewerbe;WZ08-432;Bauinstallation;2402,3;Mill. EUR;STR029;Indirekte Steuern abzüglich Subventionen
44253;Kostenstrukturerhebung im Baugewerbe;JAHR;Jahr;2015;DINSG;Deutschland insgesamt;DG;Deutschland;WZ08S6;WZ2008: Baugewerbe;WZ08-432;Bauinstallation;17044,2;Mill. EUR;NPW001;Nettoproduktionswert
44253;Kostenstrukturerhebung im Baugewerbe;JAHR;Jahr;2015;DINSG;Deutschland insgesamt;DG;Deutschland;WZ08S6;WZ2008: Baugewerbe;WZ08-432;Bauinstallation;400,7;Mill. EUR;ABS002;Abschreibungen
44253;Kostenstrukturerhebung im Baugewerbe;JAHR;Jahr;2019;DINSG;Deutschland insgesamt;DG;Deutschland;WZ08S6;WZ2008: Baugewerbe;WZ08-412-01;Bauhauptgewerbe;11043,1;Mill. EUR;KOS027;Sonst.Vorleist.u.sonst.ind.Steuern abzügl.Subvent.
44253;Kostenstrukturerhebung im Baugewerbe;JAHR;Jahr;2019;DINSG;Deutschland insgesamt;DG;Deutschland;WZ08S6;WZ2008: Baugewerbe;WZ08-412-01;Bauhauptgewerbe;43394,6;Mill. EUR;BWS002;Bruttowertschöpfung zu Marktpreisen
44253;Kostenstrukturerhebung im Baugewerbe;JAHR;Jahr;2019;DINSG;Deutschland insgesamt;DG;Deutschland;WZ08S6;WZ2008: Baugewerbe;WZ08-412-01;Bauhauptgewerbe;102140,5;Mill. EUR;BPW001;Bruttoproduktionswert
44253;Kostenstrukturerhebung im Baugewerbe;JAHR;Jahr;2019;DINSG;Deutschland insgesamt;DG;Deutschland;WZ08S6;WZ2008: Baugewerbe;WZ08-412-01;Bauhauptgewerbe;32393,3;Mill. EUR;NWS003;Nettowertschöpfung zu Faktorkosten
44253;Kostenstrukturerhebung im Baugewerbe;JAHR;Jahr;2019;DINSG;Deutschland insgesamt;DG;Deutschland;WZ08S6;WZ2008: Baugewerbe;WZ08-412-01;Bauhauptgewerbe;56623,8;Mill. EUR;VBR004;Materialverbrauch, Einsatz an HW, Lohnarbeit
44253;Kostenstrukturerhebung im Baugewerbe;JAHR;Jahr;2019;DINSG;Deutschland insgesamt;DG;Deutschland;WZ08S6;WZ2008: Baugewerbe;WZ08-412-01;Bauhauptgewerbe;34473,6;Mill. EUR;BWS003;Bruttowertschöpfung zu Faktorkosten
44253;Kostenstrukturerhebung im Baugewerbe;JAHR;Jahr;2019;DINSG;Deutschland insgesamt;DG;Deutschland;WZ08S6;WZ2008: Baugewerbe;WZ08-412-01;Bauhauptgewerbe;8921,0;Mill. EUR;STR029;Indirekte Steuern abzüglich Subventionen
44253;Kostenstrukturerhebung im Baugewerbe;JAHR;Jahr;2019;DINSG;Deutschland insgesamt;DG;Deutschland;WZ08S6;WZ2008: Baugewerbe;WZ08-412-01;Bauhauptgewerbe;45516,7;Mill. EUR;NPW001;Nettoproduktionswert
44253;Kostenstrukturerhebung im Baugewerbe;JAHR;Jahr;2019;DINSG;Deutschland insgesamt;DG;Deutschland;WZ08S6;WZ2008: Baugewerbe;WZ08-412-01;Bauhauptgewerbe;2080,2;Mill. EUR;ABS002;Abschreibungen
44253;Kostenstrukturerhebung im Baugewerbe;JAHR;Jahr;2010;DINSG;Deutschland insgesamt;DG;Deutschland;WZ08S6;WZ2008: Baugewerbe;WZ08-431;Abbrucharbeiten u. vorbereit. Baustellenarbeiten;328,7;Mill. EUR;KOS027;Sonst.Vorleist.u.sonst.ind.Steuern abzügl.Subvent.
44253;Kostenstrukturerhebung im Baugewerbe;JAHR;Jahr;2010;DINSG;Deutschland insgesamt;DG;Deutschland;WZ08S6;WZ2008: Baugewerbe;WZ08-431;Abbrucharbeiten u. vorbereit. Baustellenarbeiten;756,7;Mill. EUR;BWS002;Bruttowertschöpfung zu Marktpreisen
44253;Kostenstrukturerhebung im Baugewerbe;JAHR;Jahr;2010;DINSG;Deutschland insgesamt;DG;Deutschland;WZ08S6;WZ2008: Baugewerbe;WZ08-431;Abbrucharbeiten u. vorbereit. Baustellenarbeiten;1698,9;Mill. EUR;BPW001;Bruttoproduktionswert
44253;Kostenstrukturerhebung im Baugewerbe;JAHR;Jahr;2010;DINSG;Deutschland insgesamt;DG;Deutschland;WZ08S6;WZ2008: Baugewerbe;WZ08-431;Abbrucharbeiten u. vorbereit. Baustellenarbeiten;655,0;Mill. EUR;NWS003;Nettowertschöpfung zu Faktorkosten
44253;Kostenstrukturerhebung im Baugewerbe;JAHR;Jahr;2010;DINSG;Deutschland insgesamt;DG;Deutschland;WZ08S6;WZ2008: Baugewerbe;WZ08-431;Abbrucharbeiten u. vorbereit. Baustellenarbeiten;651,5;Mill. EUR;VBR004;Materialverbrauch, Einsatz an HW, Lohnarbeit
44253;Kostenstrukturerhebung im Baugewerbe;JAHR;Jahr;2010;DINSG;Deutschland insgesamt;DG;Deutschland;WZ08S6;WZ2008: Baugewerbe;WZ08-431;Abbrucharbeiten u. vorbereit. Baustellenarbeiten;718,7;Mill. EUR;BWS003;Bruttowertschöpfung zu Faktorkosten
44253;Kostenstrukturerhebung im Baugewerbe;JAHR;Jahr;2010;DINSG;Deutschland insgesamt;DG;Deutschland;WZ08S6;WZ2008: Baugewerbe;WZ08-431;Abbrucharbeiten u. vorbereit. Baustellenarbeiten;38,0;Mill. EUR;STR029;Indirekte Steuern abzüglich Subventionen
44253;Kostenstrukturerhebung im Baugewerbe;JAHR;Jahr;2010;DINSG;Deutschland insgesamt;DG;Deutschland;WZ08S6;WZ2008: Baugewerbe;WZ08-431;Abbrucharbeiten u. vorbereit. Baustellenarbeiten;1047,4;Mill. EUR;NPW001;Nettoproduktionswert
44253;Kostenstrukturerhebung im Baugewerbe;JAHR;Jahr;2010;DINSG;Deutschland insgesamt;DG;Deutschland;WZ08S6;WZ2008: Baugewerbe;WZ08-431;Abbrucharbeiten u. vorbereit. Baustellenarbeiten;63,7;Mill. EUR;ABS002;Abschreibungen
44253;Kostenstrukturerhebung im Baugewerbe;JAHR;Jahr;2018;DINSG;Deutschland insgesamt;DG;Deutschland;WZ08S6;WZ2008: Baugewerbe;WZ08-432-01;Ausbaugewerbe;5015,5;Mill. EUR;KOS027;Sonst.Vorleist.u.sonst.ind.Steuern abzügl.Subvent.
44253;Kostenstrukturerhebung im Baugewerbe;JAHR;Jahr;2018;DINSG;Deutschland insgesamt;DG;Deutschland;WZ08S6;WZ2008: Baugewerbe;WZ08-432-01;Ausbaugewerbe;26881,4;Mill. EUR;BWS002;Bruttowertschöpfung zu Marktpreisen
44253;Kostenstrukturerhebung im Baugewerbe;JAHR;Jahr;2018;DINSG;Deutschland insgesamt;DG;Deutschland;WZ08S6;WZ2008: Baugewerbe;WZ08-432-01;Ausbaugewerbe;53190,8;Mill. EUR;BPW001;Bruttoproduktionswert
44253;Kostenstrukturerhebung im Baugewerbe;JAHR;Jahr;2018;DINSG;Deutschland insgesamt;DG;Deutschland;WZ08S6;WZ2008: Baugewerbe;WZ08-432-01;Ausbaugewerbe;22162,7;Mill. EUR;NWS003;Nettowertschöpfung zu Faktorkosten
44253;Kostenstrukturerhebung im Baugewerbe;JAHR;Jahr;2018;DINSG;Deutschland insgesamt;DG;Deutschland;WZ08S6;WZ2008: Baugewerbe;WZ08-432-01;Ausbaugewerbe;25364,8;Mill. EUR;VBR004;Materialverbrauch, Einsatz an HW, Lohnarbeit
44253;Kostenstrukturerhebung im Baugewerbe;JAHR;Jahr;2018;DINSG;Deutschland insgesamt;DG;Deutschland;WZ08S6;WZ2008: Baugewerbe;WZ08-432-01;Ausbaugewerbe;22810,4;Mill. EUR;BWS003;Bruttowertschöpfung zu Faktorkosten
44253;Kostenstrukturerhebung im Baugewerbe;JAHR;Jahr;2018;DINSG;Deutschland insgesamt;DG;Deutschland;WZ08S6;WZ2008: Baugewerbe;WZ08-432-01;Ausbaugewerbe;4071,0;Mill. EUR;STR029;Indirekte Steuern abzüglich Subventionen
44253;Kostenstrukturerhebung im Baugewerbe;JAHR;Jahr;2018;DINSG;Deutschland insgesamt;DG;Deutschland;WZ08S6;WZ2008: Baugewerbe;WZ08-432-01;Ausbaugewerbe;27825,9;Mill. EUR;NPW001;Nettoproduktionswert
44253;Kostenstrukturerhebung im Baugewerbe;JAHR;Jahr;2018;DINSG;Deutschland insgesamt;DG;Deutschland;WZ08S6;WZ2008: Baugewerbe;WZ08-432-01;Ausbaugewerbe;647,7;Mill. EUR;ABS002;Abschreibungen
44253;Kostenstrukturerhebung im Baugewerbe;JAHR;Jahr;2024;DINSG;Deutschland insgesamt;DG;Deutschland;WZ08S6;WZ2008: Baugewerbe;WZ08-411;Erschließung von Grundstücken, Bauträger;562,1;Mill. EUR;KOS027;Sonst.Vorleist.u.sonst.ind.Steuern abzügl.Subvent.
44253;Kostenstrukturerhebung im Baugewerbe;JAHR;Jahr;2024;DINSG;Deutschland insgesamt;DG;Deutschland;WZ08S6;WZ2008: Baugewerbe;WZ08-411;Erschließung von Grundstücken, Bauträger;1439,5;Mill. EUR;BWS002;Bruttowertschöpfung zu Marktpreisen
44253;Kostenstrukturerhebung im Baugewerbe;JAHR;Jahr;2024;DINSG;Deutschland insgesamt;DG;Deutschland;WZ08S6;WZ2008: Baugewerbe;WZ08-411;Erschließung von Grundstücken, Bauträger;6128,4;Mill. EUR;BPW001;Bruttoproduktionswert
44253;Kostenstrukturerhebung im Baugewerbe;JAHR;Jahr;2024;DINSG;Deutschland insgesamt;DG;Deutschland;WZ08S6;WZ2008: Baugewerbe;WZ08-411;Erschließung von Grundstücken, Bauträger;983,2;Mill. EUR;NWS003;Nettowertschöpfung zu Faktorkosten
44253;Kostenstrukturerhebung im Baugewerbe;JAHR;Jahr;2024;DINSG;Deutschland insgesamt;DG;Deutschland;WZ08S6;WZ2008: Baugewerbe;WZ08-411;Erschließung von Grundstücken, Bauträger;4632,0;Mill. EUR;VBR004;Materialverbrauch, Einsatz an HW, Lohnarbeit
44253;Kostenstrukturerhebung im Baugewerbe;JAHR;Jahr;2024;DINSG;Deutschland insgesamt;DG;Deutschland;WZ08S6;WZ2008: Baugewerbe;WZ08-411;Erschließung von Grundstücken, Bauträger;1063,6;Mill. EUR;BWS003;Bruttowertschöpfung zu Faktorkosten
44253;Kostenstrukturerhebung im Baugewerbe;JAHR;Jahr;2024;DINSG;Deutschland insgesamt;DG;Deutschland;WZ08S6;WZ2008: Baugewerbe;WZ08-411;Erschließung von Grundstücken, Bauträger;376,0;Mill. EUR;STR029;Indirekte Steuern abzüglich Subventionen
44253;Kostenstrukturerhebung im Baugewerbe;JAHR;Jahr;2024;DINSG;Deutschland insgesamt;DG;Deutschland;WZ08S6;WZ2008: Baugewerbe;WZ08-411;Erschließung von Grundstücken, Bauträger;1519,0;Mill. EUR;NPW001;Nettoproduktionswert
44253;Kostenstrukturerhebung im Baugewerbe;JAHR;Jahr;2024;DINSG;Deutschland insgesamt;DG;Deutschland;WZ08S6;WZ2008: Baugewerbe;WZ08-411;Erschließung von Grundstücken, Bauträger;80,4;Mill. EUR;ABS002;Abschreibungen
44253;Kostenstrukturerhebung im Baugewerbe;JAHR;Jahr;2013;DINSG;Deutschland insgesamt;DG;Deutschland;WZ08S6;WZ2008: Baugewerbe;WZ08-4213;Brücken- und Tunnelbau;110,4;Mill. EUR;KOS027;Sonst.Vorleist.u.sonst.ind.Steuern abzügl.Subvent.
44253;Kostenstrukturerhebung im Baugewerbe;JAHR;Jahr;2013;DINSG;Deutschland insgesamt;DG;Deutschland;WZ08S6;WZ2008: Baugewerbe;WZ08-4213;Brücken- und Tunnelbau;379,5;Mill. EUR;BWS002;Bruttowertschöpfung zu Marktpreisen
44253;Kostenstrukturerhebung im Baugewerbe;JAHR;Jahr;2013;DINSG;Deutschland insgesamt;DG;Deutschland;WZ08S6;WZ2008: Baugewerbe;WZ08-4213;Brücken- und Tunnelbau;909,6;Mill. EUR;BPW001;Bruttoproduktionswert
44253;Kostenstrukturerhebung im Baugewerbe;JAHR;Jahr;2013;DINSG;Deutschland insgesamt;DG;Deutschland;WZ08S6;WZ2008: Baugewerbe;WZ08-4213;Brücken- und Tunnelbau;332,1;Mill. EUR;NWS003;Nettowertschöpfung zu Faktorkosten
44253;Kostenstrukturerhebung im Baugewerbe;JAHR;Jahr;2013;DINSG;Deutschland insgesamt;DG;Deutschland;WZ08S6;WZ2008: Baugewerbe;WZ08-4213;Brücken- und Tunnelbau;448,1;Mill. EUR;VBR004;Materialverbrauch, Einsatz an HW, Lohnarbeit
44253;Kostenstrukturerhebung im Baugewerbe;JAHR;Jahr;2013;DINSG;Deutschland insgesamt;DG;Deutschland;WZ08S6;WZ2008: Baugewerbe;WZ08-4213;Brücken- und Tunnelbau;351,1;Mill. EUR;BWS003;Bruttowertschöpfung zu Faktorkosten
44253;Kostenstrukturerhebung im Baugewerbe;JAHR;Jahr;2013;DINSG;Deutschland insgesamt;DG;Deutschland;WZ08S6;WZ2008: Baugewerbe;WZ08-4213;Brücken- und Tunnelbau;28,3;Mill. EUR;STR029;Indirekte Steuern abzüglich Subventionen
44253;Kostenstrukturerhebung im Baugewerbe;JAHR;Jahr;2013;DINSG;Deutschland insgesamt;DG;Deutschland;WZ08S6;WZ2008: Baugewerbe;WZ08-4213;Brücken- und Tunnelbau;461,5;Mill. EUR;NPW001;Nettoproduktionswert
44253;Kostenstrukturerhebung im Baugewerbe;JAHR;Jahr;2013;DINSG;Deutschland insgesamt;DG;Deutschland;WZ08S6;WZ2008: Baugewerbe;WZ08-4213;Brücken- und Tunnelbau;19,0;Mill. EUR;ABS002;Abschreibungen
44253;Kostenstrukturerhebung im Baugewerbe;JAHR;Jahr;2016;DINSG;Deutschland insgesamt;DG;Deutschland;WZ08S6;WZ2008: Baugewerbe;WZ08-412-02;Bau von Gebäuden, Tiefbau;6367,2;Mill. EUR;KOS027;Sonst.Vorleist.u.sonst.ind.Steuern abzügl.Subvent.
44253;Kostenstrukturerhebung im Baugewerbe;JAHR;Jahr;2016;DINSG;Deutschland insgesamt;DG;Deutschland;WZ08S6;WZ2008: Baugewerbe;WZ08-412-02;Bau von Gebäuden, Tiefbau;24849,2;Mill. EUR;BWS002;Bruttowertschöpfung zu Marktpreisen
44253;Kostenstrukturerhebung im Baugewerbe;JAHR;Jahr;2016;DINSG;Deutschland insgesamt;DG;Deutschland;WZ08S6;WZ2008: Baugewerbe;WZ08-412-02;Bau von Gebäuden, Tiefbau;61921,6;Mill. EUR;BPW001;Bruttoproduktionswert
44253;Kostenstrukturerhebung im Baugewerbe;JAHR;Jahr;2016;DINSG;Deutschland insgesamt;DG;Deutschland;WZ08S6;WZ2008: Baugewerbe;WZ08-412-02;Bau von Gebäuden, Tiefbau;18857,7;Mill. EUR;NWS003;Nettowertschöpfung zu Faktorkosten
44253;Kostenstrukturerhebung im Baugewerbe;JAHR;Jahr;2016;DINSG;Deutschland insgesamt;DG;Deutschland;WZ08S6;WZ2008: Baugewerbe;WZ08-412-02;Bau von Gebäuden, Tiefbau;35496,5;Mill. EUR;VBR004;Materialverbrauch, Einsatz an HW, Lohnarbeit
44253;Kostenstrukturerhebung im Baugewerbe;JAHR;Jahr;2016;DINSG;Deutschland insgesamt;DG;Deutschland;WZ08S6;WZ2008: Baugewerbe;WZ08-412-02;Bau von Gebäuden, Tiefbau;20057,9;Mill. EUR;BWS003;Bruttowertschöpfung zu Faktorkosten
44253;Kostenstrukturerhebung im Baugewerbe;JAHR;Jahr;2016;DINSG;Deutschland insgesamt;DG;Deutschland;WZ08S6;WZ2008: Baugewerbe;WZ08-412-02;Bau von Gebäuden, Tiefbau;4791,4;Mill. EUR;STR029;Indirekte Steuern abzüglich Subventionen
44253;Kostenstrukturerhebung im Baugewerbe;JAHR;Jahr;2016;DINSG;Deutschland insgesamt;DG;Deutschland;WZ08S6;WZ2008: Baugewerbe;WZ08-412-02;Bau von Gebäuden, Tiefbau;26425,0;Mill. EUR;NPW001;Nettoproduktionswert
44253;Kostenstrukturerhebung im Baugewerbe;JAHR;Jahr;2016;DINSG;Deutschland insgesamt;DG;Deutschland;WZ08S6;WZ2008: Baugewerbe;WZ08-412-02;Bau von Gebäuden, Tiefbau;1200,2;Mill. EUR;ABS002;Abschreibungen
44253;Kostenstrukturerhebung im Baugewerbe;JAHR;Jahr;2011;DINSG;Deutschland insgesamt;DG;Deutschland;WZ08S6;WZ2008: Baugewerbe;WZ08-412-01;Bauhauptgewerbe;6868,8;Mill. EUR;KOS027;Sonst.Vorleist.u.sonst.ind.Steuern abzügl.Subvent.
44253;Kostenstrukturerhebung im Baugewerbe;JAHR;Jahr;2011;DINSG;Deutschland insgesamt;DG;Deutschland;WZ08S6;WZ2008: Baugewerbe;WZ08-412-01;Bauhauptgewerbe;25727,3;Mill. EUR;BWS002;Bruttowertschöpfung zu Marktpreisen
44253;Kostenstrukturerhebung im Baugewerbe;JAHR;Jahr;2011;DINSG;Deutschland insgesamt;DG;Deutschland;WZ08S6;WZ2008: Baugewerbe;WZ08-412-01;Bauhauptgewerbe;65807,7;Mill. EUR;BPW001;Bruttoproduktionswert
44253;Kostenstrukturerhebung im Baugewerbe;JAHR;Jahr;2011;DINSG;Deutschland insgesamt;DG;Deutschland;WZ08S6;WZ2008: Baugewerbe;WZ08-412-01;Bauhauptgewerbe;20591,1;Mill. EUR;NWS003;Nettowertschöpfung zu Faktorkosten
44253;Kostenstrukturerhebung im Baugewerbe;JAHR;Jahr;2011;DINSG;Deutschland insgesamt;DG;Deutschland;WZ08S6;WZ2008: Baugewerbe;WZ08-412-01;Bauhauptgewerbe;37078,9;Mill. EUR;VBR004;Materialverbrauch, Einsatz an HW, Lohnarbeit
44253;Kostenstrukturerhebung im Baugewerbe;JAHR;Jahr;2011;DINSG;Deutschland insgesamt;DG;Deutschland;WZ08S6;WZ2008: Baugewerbe;WZ08-412-01;Bauhauptgewerbe;21860,1;Mill. EUR;BWS003;Bruttowertschöpfung zu Faktorkosten
44253;Kostenstrukturerhebung im Baugewerbe;JAHR;Jahr;2011;DINSG;Deutschland insgesamt;DG;Deutschland;WZ08S6;WZ2008: Baugewerbe;WZ08-412-01;Bauhauptgewerbe;3867,2;Mill. EUR;STR029;Indirekte Steuern abzüglich Subventionen
44253;Kostenstrukturerhebung im Baugewerbe;JAHR;Jahr;2011;DINSG;Deutschland insgesamt;DG;Deutschland;WZ08S6;WZ2008: Baugewerbe;WZ08-412-01;Bauhauptgewerbe;28728,8;Mill. EUR;NPW001;Nettoproduktionswert
44253;Kostenstrukturerhebung im Baugewerbe;JAHR;Jahr;2011;DINSG;Deutschland insgesamt;DG;Deutschland;WZ08S6;WZ2008: Baugewerbe;WZ08-412-01;Bauhauptgewerbe;1268,9;Mill. EUR;ABS002;Abschreibungen
44253;Kostenstrukturerhebung im Baugewerbe;JAHR;Jahr;2015;DINSG;Deutschland insgesamt;DG;Deutschland;WZ08S6;WZ2008: Baugewerbe;WZ08-4399;Sonstige spezialisierte Bautätigkeiten a.n.g.;1070,4;Mill. EUR;KOS027;Sonst.Vorleist.u.sonst.ind.Steuern abzügl.Subvent.
44253;Kostenstrukturerhebung im Baugewerbe;JAHR;Jahr;2015;DINSG;Deutschland insgesamt;DG;Deutschland;WZ08S6;WZ2008: Baugewerbe;WZ08-4399;Sonstige spezialisierte Bautätigkeiten a.n.g.;4082,6;Mill. EUR;BWS002;Bruttowertschöpfung zu Marktpreisen
44253;Kostenstrukturerhebung im Baugewerbe;JAHR;Jahr;2015;DINSG;Deutschland insgesamt;DG;Deutschland;WZ08S6;WZ2008: Baugewerbe;WZ08-4399;Sonstige spezialisierte Bautätigkeiten a.n.g.;8510,9;Mill. EUR;BPW001;Bruttoproduktionswert
44253;Kostenstrukturerhebung im Baugewerbe;JAHR;Jahr;2015;DINSG;Deutschland insgesamt;DG;Deutschland;WZ08S6;WZ2008: Baugewerbe;WZ08-4399;Sonstige spezialisierte Bautätigkeiten a.n.g.;3179,7;Mill. EUR;NWS003;Nettowertschöpfung zu Faktorkosten
44253;Kostenstrukturerhebung im Baugewerbe;JAHR;Jahr;2015;DINSG;Deutschland insgesamt;DG;Deutschland;WZ08S6;WZ2008: Baugewerbe;WZ08-4399;Sonstige spezialisierte Bautätigkeiten a.n.g.;4032,8;Mill. EUR;VBR004;Materialverbrauch, Einsatz an HW, Lohnarbeit
44253;Kostenstrukturerhebung im Baugewerbe;JAHR;Jahr;2015;DINSG;Deutschland insgesamt;DG;Deutschland;WZ08S6;WZ2008: Baugewerbe;WZ08-4399;Sonstige spezialisierte Bautätigkeiten a.n.g.;3407,8;Mill. EUR;BWS003;Bruttowertschöpfung zu Faktorkosten
44253;Kostenstrukturerhebung im Baugewerbe;JAHR;Jahr;2015;DINSG;Deutschland insgesamt;DG;Deutschland;WZ08S6;WZ2008: Baugewerbe;WZ08-4399;Sonstige spezialisierte Bautätigkeiten a.n.g.;674,8;Mill. EUR;STR029;Indirekte Steuern abzüglich Subventionen
44253;Kostenstrukturerhebung im Baugewerbe;JAHR;Jahr;2015;DINSG;Deutschland insgesamt;DG;Deutschland;WZ08S6;WZ2008: Baugewerbe;WZ08-4399;Sonstige spezialisierte Bautätigkeiten a.n.g.;4478,1;Mill. EUR;NPW001;Nettoproduktionswert
44253;Kostenstrukturerhebung im Baugewerbe;JAHR;Jahr;2015;DINSG;Deutschland insgesamt;DG;Deutschland;WZ08S6;WZ2008: Baugewerbe;WZ08-4399;Sonstige spezialisierte Bautätigkeiten a.n.g.;228,1;Mill. EUR;ABS002;Abschreibungen
44253;Kostenstrukturerhebung im Baugewerbe;JAHR;Jahr;2010;DINSG;Deutschland insgesamt;DG;Deutschland;WZ08S6;WZ2008: Baugewerbe;WZ08-432-01;Ausbaugewerbe;3334,9;Mill. EUR;KOS027;Sonst.Vorleist.u.sonst.ind.Steuern abzügl.Subvent.
44253;Kostenstrukturerhebung im Baugewerbe;JAHR;Jahr;2010;DINSG;Deutschland insgesamt;DG;Deutschland;WZ08S6;WZ2008: Baugewerbe;WZ08-432-01;Ausbaugewerbe;17122,6;Mill. EUR;BWS002;Bruttowertschöpfung zu Marktpreisen
44253;Kostenstrukturerhebung im Baugewerbe;JAHR;Jahr;2010;DINSG;Deutschland insgesamt;DG;Deutschland;WZ08S6;WZ2008: Baugewerbe;WZ08-432-01;Ausbaugewerbe;36022,7;Mill. EUR;BPW001;Bruttoproduktionswert
44253;Kostenstrukturerhebung im Baugewerbe;JAHR;Jahr;2010;DINSG;Deutschland insgesamt;DG;Deutschland;WZ08S6;WZ2008: Baugewerbe;WZ08-432-01;Ausbaugewerbe;14336,0;Mill. EUR;NWS003;Nettowertschöpfung zu Faktorkosten
44253;Kostenstrukturerhebung im Baugewerbe;JAHR;Jahr;2010;DINSG;Deutschland insgesamt;DG;Deutschland;WZ08S6;WZ2008: Baugewerbe;WZ08-432-01;Ausbaugewerbe;17864,3;Mill. EUR;VBR004;Materialverbrauch, Einsatz an HW, Lohnarbeit
44253;Kostenstrukturerhebung im Baugewerbe;JAHR;Jahr;2010;DINSG;Deutschland insgesamt;DG;Deutschland;WZ08S6;WZ2008: Baugewerbe;WZ08-432-01;Ausbaugewerbe;14823,4;Mill. EUR;BWS003;Bruttowertschöpfung zu Faktorkosten
44253;Kostenstrukturerhebung im Baugewerbe;JAHR;Jahr;2010;DINSG;Deutschland insgesamt;DG;Deutschland;WZ08S6;WZ2008: Baugewerbe;WZ08-432-01;Ausbaugewerbe;2299,2;Mill. EUR;STR029;Indirekte Steuern abzüglich Subventionen
44253;Kostenstrukturerhebung im Baugewerbe;JAHR;Jahr;2010;DINSG;Deutschland insgesamt;DG;Deutschland;WZ08S6;WZ2008: Baugewerbe;WZ08-432-01;Ausbaugewerbe;18158,3;Mill. EUR;NPW001;Nettoproduktionswert
44253;Kostenstrukturerhebung im Baugewerbe;JAHR;Jahr;2010;DINSG;Deutschland insgesamt;DG;Deutschland;WZ08S6;WZ2008: Baugewerbe;WZ08-432-01;Ausbaugewerbe;487,5;Mill. EUR;ABS002;Abschreibungen
44253;Kostenstrukturerhebung im Baugewerbe;JAHR;Jahr;2023;DINSG;Deutschland insgesamt;DG;Deutschland;WZ08S6;WZ2008: Baugewerbe;WZ08-4391;Dachdeckerei und Zimmerei;704,7;Mill. EUR;KOS027;Sonst.Vorleist.u.sonst.ind.Steuern abzügl.Subvent.
44253;Kostenstrukturerhebung im Baugewerbe;JAHR;Jahr;2023;DINSG;Deutschland insgesamt;DG;Deutschland;WZ08S6;WZ2008: Baugewerbe;WZ08-4391;Dachdeckerei und Zimmerei;3841,9;Mill. EUR;BWS002;Bruttowertschöpfung zu Marktpreisen
44253;Kostenstrukturerhebung im Baugewerbe;JAHR;Jahr;2023;DINSG;Deutschland insgesamt;DG;Deutschland;WZ08S6;WZ2008: Baugewerbe;WZ08-4391;Dachdeckerei und Zimmerei;7739,3;Mill. EUR;BPW001;Bruttoproduktionswert
44253;Kostenstrukturerhebung im Baugewerbe;JAHR;Jahr;2023;DINSG;Deutschland insgesamt;DG;Deutschland;WZ08S6;WZ2008: Baugewerbe;WZ08-4391;Dachdeckerei und Zimmerei;3034,1;Mill. EUR;NWS003;Nettowertschöpfung zu Faktorkosten
44253;Kostenstrukturerhebung im Baugewerbe;JAHR;Jahr;2023;DINSG;Deutschland insgesamt;DG;Deutschland;WZ08S6;WZ2008: Baugewerbe;WZ08-4391;Dachdeckerei und Zimmerei;3980,2;Mill. EUR;VBR004;Materialverbrauch, Einsatz an HW, Lohnarbeit
44253;Kostenstrukturerhebung im Baugewerbe;JAHR;Jahr;2023;DINSG;Deutschland insgesamt;DG;Deutschland;WZ08S6;WZ2008: Baugewerbe;WZ08-4391;Dachdeckerei und Zimmerei;3148,3;Mill. EUR;BWS003;Bruttowertschöpfung zu Faktorkosten
44253;Kostenstrukturerhebung im Baugewerbe;JAHR;Jahr;2023;DINSG;Deutschland insgesamt;DG;Deutschland;WZ08S6;WZ2008: Baugewerbe;WZ08-4391;Dachdeckerei und Zimmerei;693,5;Mill. EUR;STR029;Indirekte Steuern abzüglich Subventionen
44253;Kostenstrukturerhebung im Baugewerbe;JAHR;Jahr;2023;DINSG;Deutschland insgesamt;DG;Deutschland;WZ08S6;WZ2008: Baugewerbe;WZ08-4391;Dachdeckerei und Zimmerei;3759,0;Mill. EUR;NPW001;Nettoproduktionswert
44253;Kostenstrukturerhebung im Baugewerbe;JAHR;Jahr;2023;DINSG;Deutschland insgesamt;DG;Deutschland;WZ08S6;WZ2008: Baugewerbe;WZ08-4391;Dachdeckerei und Zimmerei;114,2;Mill. EUR;ABS002;Abschreibungen
44253;Kostenstrukturerhebung im Baugewerbe;JAHR;Jahr;2015;DINSG;Deutschland insgesamt;DG;Deutschland;WZ08S6;WZ2008: Baugewerbe;WZ08-4331;Anbringen v. Stuckaturen, Gipserei u. Verputzerei;88,8;Mill. EUR;KOS027;Sonst.Vorleist.u.sonst.ind.Steuern abzügl.Subvent.
44253;Kostenstrukturerhebung im Baugewerbe;JAHR;Jahr;2015;DINSG;Deutschland insgesamt;DG;Deutschland;WZ08S6;WZ2008: Baugewerbe;WZ08-4331;Anbringen v. Stuckaturen, Gipserei u. Verputzerei;513,3;Mill. EUR;BWS002;Bruttowertschöpfung zu Marktpreisen
44253;Kostenstrukturerhebung im Baugewerbe;JAHR;Jahr;2015;DINSG;Deutschland insgesamt;DG;Deutschland;WZ08S6;WZ2008: Baugewerbe;WZ08-4331;Anbringen v. Stuckaturen, Gipserei u. Verputzerei;1091,2;Mill. EUR;BPW001;Bruttoproduktionswert
44253;Kostenstrukturerhebung im Baugewerbe;JAHR;Jahr;2015;DINSG;Deutschland insgesamt;DG;Deutschland;WZ08S6;WZ2008: Baugewerbe;WZ08-4331;Anbringen v. Stuckaturen, Gipserei u. Verputzerei;408,1;Mill. EUR;NWS003;Nettowertschöpfung zu Faktorkosten
44253;Kostenstrukturerhebung im Baugewerbe;JAHR;Jahr;2015;DINSG;Deutschland insgesamt;DG;Deutschland;WZ08S6;WZ2008: Baugewerbe;WZ08-4331;Anbringen v. Stuckaturen, Gipserei u. Verputzerei;579,5;Mill. EUR;VBR004;Materialverbrauch, Einsatz an HW, Lohnarbeit
44253;Kostenstrukturerhebung im Baugewerbe;JAHR;Jahr;2015;DINSG;Deutschland insgesamt;DG;Deutschland;WZ08S6;WZ2008: Baugewerbe;WZ08-4331;Anbringen v. Stuckaturen, Gipserei u. Verputzerei;422,9;Mill. EUR;BWS003;Bruttowertschöpfung zu Faktorkosten
44253;Kostenstrukturerhebung im Baugewerbe;JAHR;Jahr;2015;DINSG;Deutschland insgesamt;DG;Deutschland;WZ08S6;WZ2008: Baugewerbe;WZ08-4331;Anbringen v. Stuckaturen, Gipserei u. Verputzerei;90,4;Mill. EUR;STR029;Indirekte Steuern abzüglich Subventionen
44253;Kostenstrukturerhebung im Baugewerbe;JAHR;Jahr;2015;DINSG;Deutschland insgesamt;DG;Deutschland;WZ08S6;WZ2008: Baugewerbe;WZ08-4331;Anbringen v. Stuckaturen, Gipserei u. Verputzerei;511,7;Mill. EUR;NPW001;Nettoproduktionswert
44253;Kostenstrukturerhebung im Baugewerbe;JAHR;Jahr;2015;DINSG;Deutschland insgesamt;DG;Deutschland;WZ08S6;WZ2008: Baugewerbe;WZ08-4331;Anbringen v. Stuckaturen, Gipserei u. Verputzerei;14,8;Mill. EUR;ABS002;Abschreibungen
44253;Kostenstrukturerhebung im Baugewerbe;JAHR;Jahr;2012;DINSG;Deutschland insgesamt;DG;Deutschland;WZ08S6;WZ2008: Baugewerbe;WZ08-F;Baugewerbe;10765,6;Mill. EUR;KOS027;Sonst.Vorleist.u.sonst.ind.Steuern abzügl.Subvent.
44253;Kostenstrukturerhebung im Baugewerbe;JAHR;Jahr;2012;DINSG;Deutschland insgesamt;DG;Deutschland;WZ08S6;WZ2008: Baugewerbe;WZ08-F;Baugewerbe;45315,2;Mill. EUR;BWS002;Bruttowertschöpfung zu Marktpreisen
44253;Kostenstrukturerhebung im Baugewerbe;JAHR;Jahr;2012;DINSG;Deutschland insgesamt;DG;Deutschland;WZ08S6;WZ2008: Baugewerbe;WZ08-F;Baugewerbe;109789,9;Mill. EUR;BPW001;Bruttoproduktionswert
44253;Kostenstrukturerhebung im Baugewerbe;JAHR;Jahr;2012;DINSG;Deutschland insgesamt;DG;Deutschland;WZ08S6;WZ2008: Baugewerbe;WZ08-F;Baugewerbe;36853,9;Mill. EUR;NWS003;Nettowertschöpfung zu Faktorkosten
44253;Kostenstrukturerhebung im Baugewerbe;JAHR;Jahr;2012;DINSG;Deutschland insgesamt;DG;Deutschland;WZ08S6;WZ2008: Baugewerbe;WZ08-F;Baugewerbe;60270,3;Mill. EUR;VBR004;Materialverbrauch, Einsatz an HW, Lohnarbeit
44253;Kostenstrukturerhebung im Baugewerbe;JAHR;Jahr;2012;DINSG;Deutschland insgesamt;DG;Deutschland;WZ08S6;WZ2008: Baugewerbe;WZ08-F;Baugewerbe;38754,0;Mill. EUR;BWS003;Bruttowertschöpfung zu Faktorkosten
44253;Kostenstrukturerhebung im Baugewerbe;JAHR;Jahr;2012;DINSG;Deutschland insgesamt;DG;Deutschland;WZ08S6;WZ2008: Baugewerbe;WZ08-F;Baugewerbe;6561,2;Mill. EUR;STR029;Indirekte Steuern abzüglich Subventionen
44253;Kostenstrukturerhebung im Baugewerbe;JAHR;Jahr;2012;DINSG;Deutschland insgesamt;DG;Deutschland;WZ08S6;WZ2008: Baugewerbe;WZ08-F;Baugewerbe;49519,6;Mill. EUR;NPW001;Nettoproduktionswert
44253;Kostenstrukturerhebung im Baugewerbe;JAHR;Jahr;2012;DINSG;Deutschland insgesamt;DG;Deutschland;WZ08S6;WZ2008: Baugewerbe;WZ08-F;Baugewerbe;1900,1;Mill. EUR;ABS002;Abschreibungen
44253;Kostenstrukturerhebung im Baugewerbe;JAHR;Jahr;2019;DINSG;Deutschland insgesamt;DG;Deutschland;WZ08S6;WZ2008: Baugewerbe;WZ08-4391;Dachdeckerei und Zimmerei;514,7;Mill. EUR;KOS027;Sonst.Vorleist.u.sonst.ind.Steuern abzügl.Subvent.
44253;Kostenstrukturerhebung im Baugewerbe;JAHR;Jahr;2019;DINSG;Deutschland insgesamt;DG;Deutschland;WZ08S6;WZ2008: Baugewerbe;WZ08-4391;Dachdeckerei und Zimmerei;2736,8;Mill. EUR;BWS002;Bruttowertschöpfung zu Marktpreisen
44253;Kostenstrukturerhebung im Baugewerbe;JAHR;Jahr;2019;DINSG;Deutschland insgesamt;DG;Deutschland;WZ08S6;WZ2008: Baugewerbe;WZ08-4391;Dachdeckerei und Zimmerei;5782,7;Mill. EUR;BPW001;Bruttoproduktionswert
44253;Kostenstrukturerhebung im Baugewerbe;JAHR;Jahr;2019;DINSG;Deutschland insgesamt;DG;Deutschland;WZ08S6;WZ2008: Baugewerbe;WZ08-4391;Dachdeckerei und Zimmerei;2222,8;Mill. EUR;NWS003;Nettowertschöpfung zu Faktorkosten
44253;Kostenstrukturerhebung im Baugewerbe;JAHR;Jahr;2019;DINSG;Deutschland insgesamt;DG;Deutschland;WZ08S6;WZ2008: Baugewerbe;WZ08-4391;Dachdeckerei und Zimmerei;2963,7;Mill. EUR;VBR004;Materialverbrauch, Einsatz an HW, Lohnarbeit
44253;Kostenstrukturerhebung im Baugewerbe;JAHR;Jahr;2019;DINSG;Deutschland insgesamt;DG;Deutschland;WZ08S6;WZ2008: Baugewerbe;WZ08-4391;Dachdeckerei und Zimmerei;2304,3;Mill. EUR;BWS003;Bruttowertschöpfung zu Faktorkosten
44253;Kostenstrukturerhebung im Baugewerbe;JAHR;Jahr;2019;DINSG;Deutschland insgesamt;DG;Deutschland;WZ08S6;WZ2008: Baugewerbe;WZ08-4391;Dachdeckerei und Zimmerei;432,5;Mill. EUR;STR029;Indirekte Steuern abzüglich Subventionen
44253;Kostenstrukturerhebung im Baugewerbe;JAHR;Jahr;2019;DINSG;Deutschland insgesamt;DG;Deutschland;WZ08S6;WZ2008: Baugewerbe;WZ08-4391;Dachdeckerei und Zimmerei;2818,9;Mill. EUR;NPW001;Nettoproduktionswert
44253;Kostenstrukturerhebung im Baugewerbe;JAHR;Jahr;2019;DINSG;Deutschland insgesamt;DG;Deutschland;WZ08S6;WZ2008: Baugewerbe;WZ08-4391;Dachdeckerei und Zimmerei;81,5;Mill. EUR;ABS002;Abschreibungen
44253;Kostenstrukturerhebung im Baugewerbe;JAHR;Jahr;2019;DINSG;Deutschland insgesamt;DG;Deutschland;WZ08S6;WZ2008: Baugewerbe;WZ08-4211;Bau von Straßen;1962,6;Mill. EUR;KOS027;Sonst.Vorleist.u.sonst.ind.Steuern abzügl.Subvent.
44253;Kostenstrukturerhebung im Baugewerbe;JAHR;Jahr;2019;DINSG;Deutschland insgesamt;DG;Deutschland;WZ08S6;WZ2008: Baugewerbe;WZ08-4211;Bau von Straßen;7139,6;Mill. EUR;BWS002;Bruttowertschöpfung zu Marktpreisen
44253;Kostenstrukturerhebung im Baugewerbe;JAHR;Jahr;2019;DINSG;Deutschland insgesamt;DG;Deutschland;WZ08S6;WZ2008: Baugewerbe;WZ08-4211;Bau von Straßen;16210,5;Mill. EUR;BPW001;Bruttoproduktionswert
44253;Kostenstrukturerhebung im Baugewerbe;JAHR;Jahr;2019;DINSG;Deutschland insgesamt;DG;Deutschland;WZ08S6;WZ2008: Baugewerbe;WZ08-4211;Bau von Straßen;5461,8;Mill. EUR;NWS003;Nettowertschöpfung zu Faktorkosten
44253;Kostenstrukturerhebung im Baugewerbe;JAHR;Jahr;2019;DINSG;Deutschland insgesamt;DG;Deutschland;WZ08S6;WZ2008: Baugewerbe;WZ08-4211;Bau von Straßen;8310,0;Mill. EUR;VBR004;Materialverbrauch, Einsatz an HW, Lohnarbeit
44253;Kostenstrukturerhebung im Baugewerbe;JAHR;Jahr;2019;DINSG;Deutschland insgesamt;DG;Deutschland;WZ08S6;WZ2008: Baugewerbe;WZ08-4211;Bau von Straßen;5937,9;Mill. EUR;BWS003;Bruttowertschöpfung zu Faktorkosten
44253;Kostenstrukturerhebung im Baugewerbe;JAHR;Jahr;2019;DINSG;Deutschland insgesamt;DG;Deutschland;WZ08S6;WZ2008: Baugewerbe;WZ08-4211;Bau von Straßen;1201,7;Mill. EUR;STR029;Indirekte Steuern abzüglich Subventionen
44253;Kostenstrukturerhebung im Baugewerbe;JAHR;Jahr;2019;DINSG;Deutschland insgesamt;DG;Deutschland;WZ08S6;WZ2008: Baugewerbe;WZ08-4211;Bau von Straßen;7900,5;Mill. EUR;NPW001;Nettoproduktionswert
44253;Kostenstrukturerhebung im Baugewerbe;JAHR;Jahr;2019;DINSG;Deutschland insgesamt;DG;Deutschland;WZ08S6;WZ2008: Baugewerbe;WZ08-4211;Bau von Straßen;476,0;Mill. EUR;ABS002;Abschreibungen
44253;Kostenstrukturerhebung im Baugewerbe;JAHR;Jahr;2021;DINSG;Deutschland insgesamt;DG;Deutschland;WZ08S6;WZ2008: Baugewerbe;WZ08-412-02;Bau von Gebäuden, Tiefbau;8994,2;Mill. EUR;KOS027;Sonst.Vorleist.u.sonst.ind.Steuern abzügl.Subvent.
44253;Kostenstrukturerhebung im Baugewerbe;JAHR;Jahr;2021;DINSG;Deutschland insgesamt;DG;Deutschland;WZ08S6;WZ2008: Baugewerbe;WZ08-412-02;Bau von Gebäuden, Tiefbau;36307,9;Mill. EUR;BWS002;Bruttowertschöpfung zu Marktpreisen
44253;Kostenstrukturerhebung im Baugewerbe;JAHR;Jahr;2021;DINSG;Deutschland insgesamt;DG;Deutschland;WZ08S6;WZ2008: Baugewerbe;WZ08-412-02;Bau von Gebäuden, Tiefbau;85829,8;Mill. EUR;BPW001;Bruttoproduktionswert
44253;Kostenstrukturerhebung im Baugewerbe;JAHR;Jahr;2021;DINSG;Deutschland insgesamt;DG;Deutschland;WZ08S6;WZ2008: Baugewerbe;WZ08-412-02;Bau von Gebäuden, Tiefbau;27532,1;Mill. EUR;NWS003;Nettowertschöpfung zu Faktorkosten
44253;Kostenstrukturerhebung im Baugewerbe;JAHR;Jahr;2021;DINSG;Deutschland insgesamt;DG;Deutschland;WZ08S6;WZ2008: Baugewerbe;WZ08-412-02;Bau von Gebäuden, Tiefbau;48315,6;Mill. EUR;VBR004;Materialverbrauch, Einsatz an HW, Lohnarbeit
44253;Kostenstrukturerhebung im Baugewerbe;JAHR;Jahr;2021;DINSG;Deutschland insgesamt;DG;Deutschland;WZ08S6;WZ2008: Baugewerbe;WZ08-412-02;Bau von Gebäuden, Tiefbau;29377,4;Mill. EUR;BWS003;Bruttowertschöpfung zu Faktorkosten
44253;Kostenstrukturerhebung im Baugewerbe;JAHR;Jahr;2021;DINSG;Deutschland insgesamt;DG;Deutschland;WZ08S6;WZ2008: Baugewerbe;WZ08-412-02;Bau von Gebäuden, Tiefbau;6930,5;Mill. EUR;STR029;Indirekte Steuern abzüglich Subventionen
44253;Kostenstrukturerhebung im Baugewerbe;JAHR;Jahr;2021;DINSG;Deutschland insgesamt;DG;Deutschland;WZ08S6;WZ2008: Baugewerbe;WZ08-412-02;Bau von Gebäuden, Tiefbau;37514,1;Mill. EUR;NPW001;Nettoproduktionswert
44253;Kostenstrukturerhebung im Baugewerbe;JAHR;Jahr;2021;DINSG;Deutschland insgesamt;DG;Deutschland;WZ08S6;WZ2008: Baugewerbe;WZ08-412-02;Bau von Gebäuden, Tiefbau;1845,3;Mill. EUR;ABS002;Abschreibungen
44253;Kostenstrukturerhebung im Baugewerbe;JAHR;Jahr;2011;DINSG;Deutschland insgesamt;DG;Deutschland;WZ08S6;WZ2008: Baugewerbe;WZ08-4211;Bau von Straßen;1262,3;Mill. EUR;KOS027;Sonst.Vorleist.u.sonst.ind.Steuern abzügl.Subvent.
44253;Kostenstrukturerhebung im Baugewerbe;JAHR;Jahr;2011;DINSG;Deutschland insgesamt;DG;Deutschland;WZ08S6;WZ2008: Baugewerbe;WZ08-4211;Bau von Straßen;4271,1;Mill. EUR;BWS002;Bruttowertschöpfung zu Marktpreisen
44253;Kostenstrukturerhebung im Baugewerbe;JAHR;Jahr;2011;DINSG;Deutschland insgesamt;DG;Deutschland;WZ08S6;WZ2008: Baugewerbe;WZ08-4211;Bau von Straßen;11432,3;Mill. EUR;BPW001;Bruttoproduktionswert
44253;Kostenstrukturerhebung im Baugewerbe;JAHR;Jahr;2011;DINSG;Deutschland insgesamt;DG;Deutschland;WZ08S6;WZ2008: Baugewerbe;WZ08-4211;Bau von Straßen;3445,4;Mill. EUR;NWS003;Nettowertschöpfung zu Faktorkosten
44253;Kostenstrukturerhebung im Baugewerbe;JAHR;Jahr;2011;DINSG;Deutschland insgesamt;DG;Deutschland;WZ08S6;WZ2008: Baugewerbe;WZ08-4211;Bau von Straßen;6465,5;Mill. EUR;VBR004;Materialverbrauch, Einsatz an HW, Lohnarbeit
44253;Kostenstrukturerhebung im Baugewerbe;JAHR;Jahr;2011;DINSG;Deutschland insgesamt;DG;Deutschland;WZ08S6;WZ2008: Baugewerbe;WZ08-4211;Bau von Straßen;3704,6;Mill. EUR;BWS003;Bruttowertschöpfung zu Faktorkosten
44253;Kostenstrukturerhebung im Baugewerbe;JAHR;Jahr;2011;DINSG;Deutschland insgesamt;DG;Deutschland;WZ08S6;WZ2008: Baugewerbe;WZ08-4211;Bau von Straßen;566,6;Mill. EUR;STR029;Indirekte Steuern abzüglich Subventionen
44253;Kostenstrukturerhebung im Baugewerbe;JAHR;Jahr;2011;DINSG;Deutschland insgesamt;DG;Deutschland;WZ08S6;WZ2008: Baugewerbe;WZ08-4211;Bau von Straßen;4966,9;Mill. EUR;NPW001;Nettoproduktionswert
44253;Kostenstrukturerhebung im Baugewerbe;JAHR;Jahr;2011;DINSG;Deutschland insgesamt;DG;Deutschland;WZ08S6;WZ2008: Baugewerbe;WZ08-4211;Bau von Straßen;259,2;Mill. EUR;ABS002;Abschreibungen
44253;Kostenstrukturerhebung im Baugewerbe;JAHR;Jahr;2008;DINSG;Deutschland insgesamt;DG;Deutschland;WZ08S6;WZ2008: Baugewerbe;WZ08-4213;Brücken- und Tunnelbau;47,1;Mill. EUR;KOS027;Sonst.Vorleist.u.sonst.ind.Steuern abzügl.Subvent.
44253;Kostenstrukturerhebung im Baugewerbe;JAHR;Jahr;2008;DINSG;Deutschland insgesamt;DG;Deutschland;WZ08S6;WZ2008: Baugewerbe;WZ08-4213;Brücken- und Tunnelbau;202,4;Mill. EUR;BWS002;Bruttowertschöpfung zu Marktpreisen
44253;Kostenstrukturerhebung im Baugewerbe;JAHR;Jahr;2008;DINSG;Deutschland insgesamt;DG;Deutschland;WZ08S6;WZ2008: Baugewerbe;WZ08-4213;Brücken- und Tunnelbau;597,6;Mill. EUR;BPW001;Bruttoproduktionswert
44253;Kostenstrukturerhebung im Baugewerbe;JAHR;Jahr;2008;DINSG;Deutschland insgesamt;DG;Deutschland;WZ08S6;WZ2008: Baugewerbe;WZ08-4213;Brücken- und Tunnelbau;169,3;Mill. EUR;NWS003;Nettowertschöpfung zu Faktorkosten
44253;Kostenstrukturerhebung im Baugewerbe;JAHR;Jahr;2008;DINSG;Deutschland insgesamt;DG;Deutschland;WZ08S6;WZ2008: Baugewerbe;WZ08-4213;Brücken- und Tunnelbau;371,2;Mill. EUR;VBR004;Materialverbrauch, Einsatz an HW, Lohnarbeit
44253;Kostenstrukturerhebung im Baugewerbe;JAHR;Jahr;2008;DINSG;Deutschland insgesamt;DG;Deutschland;WZ08S6;WZ2008: Baugewerbe;WZ08-4213;Brücken- und Tunnelbau;179,4;Mill. EUR;BWS003;Bruttowertschöpfung zu Faktorkosten
44253;Kostenstrukturerhebung im Baugewerbe;JAHR;Jahr;2008;DINSG;Deutschland insgesamt;DG;Deutschland;WZ08S6;WZ2008: Baugewerbe;WZ08-4213;Brücken- und Tunnelbau;23,0;Mill. EUR;STR029;Indirekte Steuern abzüglich Subventionen
44253;Kostenstrukturerhebung im Baugewerbe;JAHR;Jahr;2008;DINSG;Deutschland insgesamt;DG;Deutschland;WZ08S6;WZ2008: Baugewerbe;WZ08-4213;Brücken- und Tunnelbau;226,4;Mill. EUR;NPW001;Nettoproduktionswert
44253;Kostenstrukturerhebung im Baugewerbe;JAHR;Jahr;2008;DINSG;Deutschland insgesamt;DG;Deutschland;WZ08S6;WZ2008: Baugewerbe;WZ08-4213;Brücken- und Tunnelbau;10,0;Mill. EUR;ABS002;Abschreibungen
44253;Kostenstrukturerhebung im Baugewerbe;JAHR;Jahr;2008;DINSG;Deutschland insgesamt;DG;Deutschland;WZ08S6;WZ2008: Baugewerbe;WZ08-432-01;Ausbaugewerbe;3082,8;Mill. EUR;KOS027;Sonst.Vorleist.u.sonst.ind.Steuern abzügl.Subvent.
44253;Kostenstrukturerhebung im Baugewerbe;JAHR;Jahr;2008;DINSG;Deutschland insgesamt;DG;Deutschland;WZ08S6;WZ2008: Baugewerbe;WZ08-432-01;Ausbaugewerbe;15909,4;Mill. EUR;BWS002;Bruttowertschöpfung zu Marktpreisen
44253;Kostenstrukturerhebung im Baugewerbe;JAHR;Jahr;2008;DINSG;Deutschland insgesamt;DG;Deutschland;WZ08S6;WZ2008: Baugewerbe;WZ08-432-01;Ausbaugewerbe;33402,4;Mill. EUR;BPW001;Bruttoproduktionswert
44253;Kostenstrukturerhebung im Baugewerbe;JAHR;Jahr;2008;DINSG;Deutschland insgesamt;DG;Deutschland;WZ08S6;WZ2008: Baugewerbe;WZ08-432-01;Ausbaugewerbe;13349,7;Mill. EUR;NWS003;Nettowertschöpfung zu Faktorkosten
44253;Kostenstrukturerhebung im Baugewerbe;JAHR;Jahr;2008;DINSG;Deutschland insgesamt;DG;Deutschland;WZ08S6;WZ2008: Baugewerbe;WZ08-432-01;Ausbaugewerbe;16600,8;Mill. EUR;VBR004;Materialverbrauch, Einsatz an HW, Lohnarbeit
44253;Kostenstrukturerhebung im Baugewerbe;JAHR;Jahr;2008;DINSG;Deutschland insgesamt;DG;Deutschland;WZ08S6;WZ2008: Baugewerbe;WZ08-432-01;Ausbaugewerbe;13718,9;Mill. EUR;BWS003;Bruttowertschöpfung zu Faktorkosten
44253;Kostenstrukturerhebung im Baugewerbe;JAHR;Jahr;2008;DINSG;Deutschland insgesamt;DG;Deutschland;WZ08S6;WZ2008: Baugewerbe;WZ08-432-01;Ausbaugewerbe;2190,5;Mill. EUR;STR029;Indirekte Steuern abzüglich Subventionen
44253;Kostenstrukturerhebung im Baugewerbe;JAHR;Jahr;2008;DINSG;Deutschland insgesamt;DG;Deutschland;WZ08S6;WZ2008: Baugewerbe;WZ08-432-01;Ausbaugewerbe;16801,6;Mill. EUR;NPW001;Nettoproduktionswert
44253;Kostenstrukturerhebung im Baugewerbe;JAHR;Jahr;2008;DINSG;Deutschland insgesamt;DG;Deutschland;WZ08S6;WZ2008: Baugewerbe;WZ08-432-01;Ausbaugewerbe;369,2;Mill. EUR;ABS002;Abschreibungen
44253;Kostenstrukturerhebung im Baugewerbe;JAHR;Jahr;2022;DINSG;Deutschland insgesamt;DG;Deutschland;WZ08S6;WZ2008: Baugewerbe;WZ08-431;Abbrucharbeiten u. vorbereit. Baustellenarbeiten;646,8;Mill. EUR;KOS027;Sonst.Vorleist.u.sonst.ind.Steuern abzügl.Subvent.
44253;Kostenstrukturerhebung im Baugewerbe;JAHR;Jahr;2022;DINSG;Deutschland insgesamt;DG;Deutschland;WZ08S6;WZ2008: Baugewerbe;WZ08-431;Abbrucharbeiten u. vorbereit. Baustellenarbeiten;1683,4;Mill. EUR;BWS002;Bruttowertschöpfung zu Marktpreisen
44253;Kostenstrukturerhebung im Baugewerbe;JAHR;Jahr;2022;DINSG;Deutschland insgesamt;DG;Deutschland;WZ08S6;WZ2008: Baugewerbe;WZ08-431;Abbrucharbeiten u. vorbereit. Baustellenarbeiten;3801,7;Mill. EUR;BPW001;Bruttoproduktionswert
44253;Kostenstrukturerhebung im Baugewerbe;JAHR;Jahr;2022;DINSG;Deutschland insgesamt;DG;Deutschland;WZ08S6;WZ2008: Baugewerbe;WZ08-431;Abbrucharbeiten u. vorbereit. Baustellenarbeiten;1323,8;Mill. EUR;NWS003;Nettowertschöpfung zu Faktorkosten
44253;Kostenstrukturerhebung im Baugewerbe;JAHR;Jahr;2022;DINSG;Deutschland insgesamt;DG;Deutschland;WZ08S6;WZ2008: Baugewerbe;WZ08-431;Abbrucharbeiten u. vorbereit. Baustellenarbeiten;1721,1;Mill. EUR;VBR004;Materialverbrauch, Einsatz an HW, Lohnarbeit
44253;Kostenstrukturerhebung im Baugewerbe;JAHR;Jahr;2022;DINSG;Deutschland insgesamt;DG;Deutschland;WZ08S6;WZ2008: Baugewerbe;WZ08-431;Abbrucharbeiten u. vorbereit. Baustellenarbeiten;1476,8;Mill. EUR;BWS003;Bruttowertschöpfung zu Faktorkosten
44253;Kostenstrukturerhebung im Baugewerbe;JAHR;Jahr;2022;DINSG;Deutschland insgesamt;DG;Deutschland;WZ08S6;WZ2008: Baugewerbe;WZ08-431;Abbrucharbeiten u. vorbereit. Baustellenarbeiten;206,6;Mill. EUR;STR029;Indirekte Steuern abzüglich Subventionen
44253;Kostenstrukturerhebung im Baugewerbe;JAHR;Jahr;2022;DINSG;Deutschland insgesamt;DG;Deutschland;WZ08S6;WZ2008: Baugewerbe;WZ08-431;Abbrucharbeiten u. vorbereit. Baustellenarbeiten;2080,6;Mill. EUR;NPW001;Nettoproduktionswert
44253;Kostenstrukturerhebung im Baugewerbe;JAHR;Jahr;2022;DINSG;Deutschland insgesamt;DG;Deutschland;WZ08S6;WZ2008: Baugewerbe;WZ08-431;Abbrucharbeiten u. vorbereit. Baustellenarbeiten;153,0;Mill. EUR;ABS002;Abschreibungen
44253;Kostenstrukturerhebung im Baugewerbe;JAHR;Jahr;2022;DINSG;Deutschland insgesamt;DG;Deutschland;WZ08S6;WZ2008: Baugewerbe;WZ08-412-01;Bauhauptgewerbe;13090,6;Mill. EUR;KOS027;Sonst.Vorleist.u.sonst.ind.Steuern abzügl.Subvent.
44253;Kostenstrukturerhebung im Baugewerbe;JAHR;Jahr;2022;DINSG;Deutschland insgesamt;DG;Deutschland;WZ08S6;WZ2008: Baugewerbe;WZ08-412-01;Bauhauptgewerbe;50212,3;Mill. EUR;BWS002;Bruttowertschöpfung zu Marktpreisen
44253;Kostenstrukturerhebung im Baugewerbe;JAHR;Jahr;2022;DINSG;Deutschland insgesamt;DG;Deutschland;WZ08S6;WZ2008: Baugewerbe;WZ08-412-01;Bauhauptgewerbe;119863,5;Mill. EUR;BPW001;Bruttoproduktionswert
44253;Kostenstrukturerhebung im Baugewerbe;JAHR;Jahr;2022;DINSG;Deutschland insgesamt;DG;Deutschland;WZ08S6;WZ2008: Baugewerbe;WZ08-412-01;Bauhauptgewerbe;38177,0;Mill. EUR;NWS003;Nettowertschöpfung zu Faktorkosten
44253;Kostenstrukturerhebung im Baugewerbe;JAHR;Jahr;2022;DINSG;Deutschland insgesamt;DG;Deutschland;WZ08S6;WZ2008: Baugewerbe;WZ08-412-01;Bauhauptgewerbe;67149,2;Mill. EUR;VBR004;Materialverbrauch, Einsatz an HW, Lohnarbeit
44253;Kostenstrukturerhebung im Baugewerbe;JAHR;Jahr;2022;DINSG;Deutschland insgesamt;DG;Deutschland;WZ08S6;WZ2008: Baugewerbe;WZ08-412-01;Bauhauptgewerbe;40765,0;Mill. EUR;BWS003;Bruttowertschöpfung zu Faktorkosten
44253;Kostenstrukturerhebung im Baugewerbe;JAHR;Jahr;2022;DINSG;Deutschland insgesamt;DG;Deutschland;WZ08S6;WZ2008: Baugewerbe;WZ08-412-01;Bauhauptgewerbe;9447,3;Mill. EUR;STR029;Indirekte Steuern abzüglich Subventionen
44253;Kostenstrukturerhebung im Baugewerbe;JAHR;Jahr;2022;DINSG;Deutschland insgesamt;DG;Deutschland;WZ08S6;WZ2008: Baugewerbe;WZ08-412-01;Bauhauptgewerbe;52714,3;Mill. EUR;NPW001;Nettoproduktionswert
44253;Kostenstrukturerhebung im Baugewerbe;JAHR;Jahr;2022;DINSG;Deutschland insgesamt;DG;Deutschland;WZ08S6;WZ2008: Baugewerbe;WZ08-412-01;Bauhauptgewerbe;2588,0;Mill. EUR;ABS002;Abschreibungen
44253;Kostenstrukturerhebung im Baugewerbe;JAHR;Jahr;2023;DINSG;Deutschland insgesamt;DG;Deutschland;WZ08S6;WZ2008: Baugewerbe;WZ08-432-01;Ausbaugewerbe;6899,4;Mill. EUR;KOS027;Sonst.Vorleist.u.sonst.ind.Steuern abzügl.Subvent.
44253;Kostenstrukturerhebung im Baugewerbe;JAHR;Jahr;2023;DINSG;Deutschland insgesamt;DG;Deutschland;WZ08S6;WZ2008: Baugewerbe;WZ08-432-01;Ausbaugewerbe;40302,9;Mill. EUR;BWS002;Bruttowertschöpfung zu Marktpreisen
44253;Kostenstrukturerhebung im Baugewerbe;JAHR;Jahr;2023;DINSG;Deutschland insgesamt;DG;Deutschland;WZ08S6;WZ2008: Baugewerbe;WZ08-432-01;Ausbaugewerbe;77209,7;Mill. EUR;BPW001;Bruttoproduktionswert
44253;Kostenstrukturerhebung im Baugewerbe;JAHR;Jahr;2023;DINSG;Deutschland insgesamt;DG;Deutschland;WZ08S6;WZ2008: Baugewerbe;WZ08-432-01;Ausbaugewerbe;32797,5;Mill. EUR;NWS003;Nettowertschöpfung zu Faktorkosten
44253;Kostenstrukturerhebung im Baugewerbe;JAHR;Jahr;2023;DINSG;Deutschland insgesamt;DG;Deutschland;WZ08S6;WZ2008: Baugewerbe;WZ08-432-01;Ausbaugewerbe;37502,3;Mill. EUR;VBR004;Materialverbrauch, Einsatz an HW, Lohnarbeit
44253;Kostenstrukturerhebung im Baugewerbe;JAHR;Jahr;2023;DINSG;Deutschland insgesamt;DG;Deutschland;WZ08S6;WZ2008: Baugewerbe;WZ08-432-01;Ausbaugewerbe;33675,2;Mill. EUR;BWS003;Bruttowertschöpfung zu Faktorkosten
44253;Kostenstrukturerhebung im Baugewerbe;JAHR;Jahr;2023;DINSG;Deutschland insgesamt;DG;Deutschland;WZ08S6;WZ2008: Baugewerbe;WZ08-432-01;Ausbaugewerbe;6627,7;Mill. EUR;STR029;Indirekte Steuern abzüglich Subventionen
44253;Kostenstrukturerhebung im Baugewerbe;JAHR;Jahr;2023;DINSG;Deutschland insgesamt;DG;Deutschland;WZ08S6;WZ2008: Baugewerbe;WZ08-432-01;Ausbaugewerbe;39707,5;Mill. EUR;NPW001;Nettoproduktionswert
44253;Kostenstrukturerhebung im Baugewerbe;JAHR;Jahr;2023;DINSG;Deutschland insgesamt;DG;Deutschland;WZ08S6;WZ2008: Baugewerbe;WZ08-432-01;Ausbaugewerbe;877,7;Mill. EUR;ABS002;Abschreibungen
44253;Kostenstrukturerhebung im Baugewerbe;JAHR;Jahr;2014;DINSG;Deutschland insgesamt;DG;Deutschland;WZ08S6;WZ2008: Baugewerbe;WZ08-411;Erschließung von Grundstücken, Bauträger;239,0;Mill. EUR;KOS027;Sonst.Vorleist.u.sonst.ind.Steuern abzügl.Subvent.
44253;Kostenstrukturerhebung im Baugewerbe;JAHR;Jahr;2014;DINSG;Deutschland insgesamt;DG;Deutschland;WZ08S6;WZ2008: Baugewerbe;WZ08-411;Erschließung von Grundstücken, Bauträger;1284,4;Mill. EUR;BWS002;Bruttowertschöpfung zu Marktpreisen
44253;Kostenstrukturerhebung im Baugewerbe;JAHR;Jahr;2014;DINSG;Deutschland insgesamt;DG;Deutschland;WZ08S6;WZ2008: Baugewerbe;WZ08-411;Erschließung von Grundstücken, Bauträger;3948,5;Mill. EUR;BPW001;Bruttoproduktionswert
44253;Kostenstrukturerhebung im Baugewerbe;JAHR;Jahr;2014;DINSG;Deutschland insgesamt;DG;Deutschland;WZ08S6;WZ2008: Baugewerbe;WZ08-411;Erschließung von Grundstücken, Bauträger;1063,5;Mill. EUR;NWS003;Nettowertschöpfung zu Faktorkosten
44253;Kostenstrukturerhebung im Baugewerbe;JAHR;Jahr;2014;DINSG;Deutschland insgesamt;DG;Deutschland;WZ08S6;WZ2008: Baugewerbe;WZ08-411;Erschließung von Grundstücken, Bauträger;2614,4;Mill. EUR;VBR004;Materialverbrauch, Einsatz an HW, Lohnarbeit
44253;Kostenstrukturerhebung im Baugewerbe;JAHR;Jahr;2014;DINSG;Deutschland insgesamt;DG;Deutschland;WZ08S6;WZ2008: Baugewerbe;WZ08-411;Erschließung von Grundstücken, Bauträger;1095,2;Mill. EUR;BWS003;Bruttowertschöpfung zu Faktorkosten
44253;Kostenstrukturerhebung im Baugewerbe;JAHR;Jahr;2014;DINSG;Deutschland insgesamt;DG;Deutschland;WZ08S6;WZ2008: Baugewerbe;WZ08-411;Erschließung von Grundstücken, Bauträger;189,2;Mill. EUR;STR029;Indirekte Steuern abzüglich Subventionen
44253;Kostenstrukturerhebung im Baugewerbe;JAHR;Jahr;2014;DINSG;Deutschland insgesamt;DG;Deutschland;WZ08S6;WZ2008: Baugewerbe;WZ08-411;Erschließung von Grundstücken, Bauträger;1334,2;Mill. EUR;NPW001;Nettoproduktionswert
44253;Kostenstrukturerhebung im Baugewerbe;JAHR;Jahr;2014;DINSG;Deutschland insgesamt;DG;Deutschland;WZ08S6;WZ2008: Baugewerbe;WZ08-411;Erschließung von Grundstücken, Bauträger;31,7;Mill. EUR;ABS002;Abschreibungen
44253;Kostenstrukturerhebung im Baugewerbe;JAHR;Jahr;2023;DINSG;Deutschland insgesamt;DG;Deutschland;WZ08S6;WZ2008: Baugewerbe;WZ08-4213;Brücken- und Tunnelbau;320,7;Mill. EUR;KOS027;Sonst.Vorleist.u.sonst.ind.Steuern abzügl.Subvent.
44253;Kostenstrukturerhebung im Baugewerbe;JAHR;Jahr;2023;DINSG;Deutschland insgesamt;DG;Deutschland;WZ08S6;WZ2008: Baugewerbe;WZ08-4213;Brücken- und Tunnelbau;826,1;Mill. EUR;BWS002;Bruttowertschöpfung zu Marktpreisen
44253;Kostenstrukturerhebung im Baugewerbe;JAHR;Jahr;2023;DINSG;Deutschland insgesamt;DG;Deutschland;WZ08S6;WZ2008: Baugewerbe;WZ08-4213;Brücken- und Tunnelbau;2349,3;Mill. EUR;BPW001;Bruttoproduktionswert
44253;Kostenstrukturerhebung im Baugewerbe;JAHR;Jahr;2023;DINSG;Deutschland insgesamt;DG;Deutschland;WZ08S6;WZ2008: Baugewerbe;WZ08-4213;Brücken- und Tunnelbau;630,1;Mill. EUR;NWS003;Nettowertschöpfung zu Faktorkosten
44253;Kostenstrukturerhebung im Baugewerbe;JAHR;Jahr;2023;DINSG;Deutschland insgesamt;DG;Deutschland;WZ08S6;WZ2008: Baugewerbe;WZ08-4213;Brücken- und Tunnelbau;1370,1;Mill. EUR;VBR004;Materialverbrauch, Einsatz an HW, Lohnarbeit
44253;Kostenstrukturerhebung im Baugewerbe;JAHR;Jahr;2023;DINSG;Deutschland insgesamt;DG;Deutschland;WZ08S6;WZ2008: Baugewerbe;WZ08-4213;Brücken- und Tunnelbau;673,6;Mill. EUR;BWS003;Bruttowertschöpfung zu Faktorkosten
44253;Kostenstrukturerhebung im Baugewerbe;JAHR;Jahr;2023;DINSG;Deutschland insgesamt;DG;Deutschland;WZ08S6;WZ2008: Baugewerbe;WZ08-4213;Brücken- und Tunnelbau;152,5;Mill. EUR;STR029;Indirekte Steuern abzüglich Subventionen
44253;Kostenstrukturerhebung im Baugewerbe;JAHR;Jahr;2023;DINSG;Deutschland insgesamt;DG;Deutschland;WZ08S6;WZ2008: Baugewerbe;WZ08-4213;Brücken- und Tunnelbau;979,3;Mill. EUR;NPW001;Nettoproduktionswert
44253;Kostenstrukturerhebung im Baugewerbe;JAHR;Jahr;2023;DINSG;Deutschland insgesamt;DG;Deutschland;WZ08S6;WZ2008: Baugewerbe;WZ08-4213;Brücken- und Tunnelbau;43,5;Mill. EUR;ABS002;Abschreibungen
44253;Kostenstrukturerhebung im Baugewerbe;JAHR;Jahr;2011;DINSG;Deutschland insgesamt;DG;Deutschland;WZ08S6;WZ2008: Baugewerbe;WZ08-4391;Dachdeckerei und Zimmerei;327,0;Mill. EUR;KOS027;Sonst.Vorleist.u.sonst.ind.Steuern abzügl.Subvent.
44253;Kostenstrukturerhebung im Baugewerbe;JAHR;Jahr;2011;DINSG;Deutschland insgesamt;DG;Deutschland;WZ08S6;WZ2008: Baugewerbe;WZ08-4391;Dachdeckerei und Zimmerei;1836,6;Mill. EUR;BWS002;Bruttowertschöpfung zu Marktpreisen
44253;Kostenstrukturerhebung im Baugewerbe;JAHR;Jahr;2011;DINSG;Deutschland insgesamt;DG;Deutschland;WZ08S6;WZ2008: Baugewerbe;WZ08-4391;Dachdeckerei und Zimmerei;4157,9;Mill. EUR;BPW001;Bruttoproduktionswert
44253;Kostenstrukturerhebung im Baugewerbe;JAHR;Jahr;2011;DINSG;Deutschland insgesamt;DG;Deutschland;WZ08S6;WZ2008: Baugewerbe;WZ08-4391;Dachdeckerei und Zimmerei;1510,5;Mill. EUR;NWS003;Nettowertschöpfung zu Faktorkosten
44253;Kostenstrukturerhebung im Baugewerbe;JAHR;Jahr;2011;DINSG;Deutschland insgesamt;DG;Deutschland;WZ08S6;WZ2008: Baugewerbe;WZ08-4391;Dachdeckerei und Zimmerei;2270,7;Mill. EUR;VBR004;Materialverbrauch, Einsatz an HW, Lohnarbeit
44253;Kostenstrukturerhebung im Baugewerbe;JAHR;Jahr;2011;DINSG;Deutschland insgesamt;DG;Deutschland;WZ08S6;WZ2008: Baugewerbe;WZ08-4391;Dachdeckerei und Zimmerei;1560,2;Mill. EUR;BWS003;Bruttowertschöpfung zu Faktorkosten
44253;Kostenstrukturerhebung im Baugewerbe;JAHR;Jahr;2011;DINSG;Deutschland insgesamt;DG;Deutschland;WZ08S6;WZ2008: Baugewerbe;WZ08-4391;Dachdeckerei und Zimmerei;276,4;Mill. EUR;STR029;Indirekte Steuern abzüglich Subventionen
44253;Kostenstrukturerhebung im Baugewerbe;JAHR;Jahr;2011;DINSG;Deutschland insgesamt;DG;Deutschland;WZ08S6;WZ2008: Baugewerbe;WZ08-4391;Dachdeckerei und Zimmerei;1887,2;Mill. EUR;NPW001;Nettoproduktionswert
44253;Kostenstrukturerhebung im Baugewerbe;JAHR;Jahr;2011;DINSG;Deutschland insgesamt;DG;Deutschland;WZ08S6;WZ2008: Baugewerbe;WZ08-4391;Dachdeckerei und Zimmerei;49,6;Mill. EUR;ABS002;Abschreibungen
44253;Kostenstrukturerhebung im Baugewerbe;JAHR;Jahr;2009;DINSG;Deutschland insgesamt;DG;Deutschland;WZ08S6;WZ2008: Baugewerbe;WZ08-F;Baugewerbe;9531,7;Mill. EUR;KOS027;Sonst.Vorleist.u.sonst.ind.Steuern abzügl.Subvent.
44253;Kostenstrukturerhebung im Baugewerbe;JAHR;Jahr;2009;DINSG;Deutschland insgesamt;DG;Deutschland;WZ08S6;WZ2008: Baugewerbe;WZ08-F;Baugewerbe;39432,3;Mill. EUR;BWS002;Bruttowertschöpfung zu Marktpreisen
44253;Kostenstrukturerhebung im Baugewerbe;JAHR;Jahr;2009;DINSG;Deutschland insgesamt;DG;Deutschland;WZ08S6;WZ2008: Baugewerbe;WZ08-F;Baugewerbe;94802,2;Mill. EUR;BPW001;Bruttoproduktionswert
44253;Kostenstrukturerhebung im Baugewerbe;JAHR;Jahr;2009;DINSG;Deutschland insgesamt;DG;Deutschland;WZ08S6;WZ2008: Baugewerbe;WZ08-F;Baugewerbe;31969,7;Mill. EUR;NWS003;Nettowertschöpfung zu Faktorkosten
44253;Kostenstrukturerhebung im Baugewerbe;JAHR;Jahr;2009;DINSG;Deutschland insgesamt;DG;Deutschland;WZ08S6;WZ2008: Baugewerbe;WZ08-F;Baugewerbe;51683,6;Mill. EUR;VBR004;Materialverbrauch, Einsatz an HW, Lohnarbeit
44253;Kostenstrukturerhebung im Baugewerbe;JAHR;Jahr;2009;DINSG;Deutschland insgesamt;DG;Deutschland;WZ08S6;WZ2008: Baugewerbe;WZ08-F;Baugewerbe;33586,9;Mill. EUR;BWS003;Bruttowertschöpfung zu Faktorkosten
44253;Kostenstrukturerhebung im Baugewerbe;JAHR;Jahr;2009;DINSG;Deutschland insgesamt;DG;Deutschland;WZ08S6;WZ2008: Baugewerbe;WZ08-F;Baugewerbe;5845,4;Mill. EUR;STR029;Indirekte Steuern abzüglich Subventionen
44253;Kostenstrukturerhebung im Baugewerbe;JAHR;Jahr;2009;DINSG;Deutschland insgesamt;DG;Deutschland;WZ08S6;WZ2008: Baugewerbe;WZ08-F;Baugewerbe;43118,6;Mill. EUR;NPW001;Nettoproduktionswert
44253;Kostenstrukturerhebung im Baugewerbe;JAHR;Jahr;2009;DINSG;Deutschland insgesamt;DG;Deutschland;WZ08S6;WZ2008: Baugewerbe;WZ08-F;Baugewerbe;1617,2;Mill. EUR;ABS002;Abschreibungen
44253;Kostenstrukturerhebung im Baugewerbe;JAHR;Jahr;2024;DINSG;Deutschland insgesamt;DG;Deutschland;WZ08S6;WZ2008: Baugewerbe;WZ08-F;Baugewerbe;23823,6;Mill. EUR;KOS027;Sonst.Vorleist.u.sonst.ind.Steuern abzügl.Subvent.
44253;Kostenstrukturerhebung im Baugewerbe;JAHR;Jahr;2024;DINSG;Deutschland insgesamt;DG;Deutschland;WZ08S6;WZ2008: Baugewerbe;WZ08-F;Baugewerbe;101348,8;Mill. EUR;BWS002;Bruttowertschöpfung zu Marktpreisen
44253;Kostenstrukturerhebung im Baugewerbe;JAHR;Jahr;2024;DINSG;Deutschland insgesamt;DG;Deutschland;WZ08S6;WZ2008: Baugewerbe;WZ08-F;Baugewerbe;215270,6;Mill. EUR;BPW001;Bruttoproduktionswert
44253;Kostenstrukturerhebung im Baugewerbe;JAHR;Jahr;2024;DINSG;Deutschland insgesamt;DG;Deutschland;WZ08S6;WZ2008: Baugewerbe;WZ08-F;Baugewerbe;79598,4;Mill. EUR;NWS003;Nettowertschöpfung zu Faktorkosten
44253;Kostenstrukturerhebung im Baugewerbe;JAHR;Jahr;2024;DINSG;Deutschland insgesamt;DG;Deutschland;WZ08S6;WZ2008: Baugewerbe;WZ08-F;Baugewerbe;111020,8;Mill. EUR;VBR004;Materialverbrauch, Einsatz an HW, Lohnarbeit
44253;Kostenstrukturerhebung im Baugewerbe;JAHR;Jahr;2024;DINSG;Deutschland insgesamt;DG;Deutschland;WZ08S6;WZ2008: Baugewerbe;WZ08-F;Baugewerbe;83770,6;Mill. EUR;BWS003;Bruttowertschöpfung zu Faktorkosten
44253;Kostenstrukturerhebung im Baugewerbe;JAHR;Jahr;2024;DINSG;Deutschland insgesamt;DG;Deutschland;WZ08S6;WZ2008: Baugewerbe;WZ08-F;Baugewerbe;17578,1;Mill. EUR;STR029;Indirekte Steuern abzüglich Subventionen
44253;Kostenstrukturerhebung im Baugewerbe;JAHR;Jahr;2024;DINSG;Deutschland insgesamt;DG;Deutschland;WZ08S6;WZ2008: Baugewerbe;WZ08-F;Baugewerbe;105365,1;Mill. EUR;NPW001;Nettoproduktionswert
44253;Kostenstrukturerhebung im Baugewerbe;JAHR;Jahr;2024;DINSG;Deutschland insgesamt;DG;Deutschland;WZ08S6;WZ2008: Baugewerbe;WZ08-F;Baugewerbe;4172,2;Mill. EUR;ABS002;Abschreibungen
44253;Kostenstrukturerhebung im Baugewerbe;JAHR;Jahr;2019;DINSG;Deutschland insgesamt;DG;Deutschland;WZ08S6;WZ2008: Baugewerbe;WZ08-431;Abbrucharbeiten u. vorbereit. Baustellenarbeiten;561,5;Mill. EUR;KOS027;Sonst.Vorleist.u.sonst.ind.Steuern abzügl.Subvent.
44253;Kostenstrukturerhebung im Baugewerbe;JAHR;Jahr;2019;DINSG;Deutschland insgesamt;DG;Deutschland;WZ08S6;WZ2008: Baugewerbe;WZ08-431;Abbrucharbeiten u. vorbereit. Baustellenarbeiten;1648,7;Mill. EUR;BWS002;Bruttowertschöpfung zu Marktpreisen
44253;Kostenstrukturerhebung im Baugewerbe;JAHR;Jahr;2019;DINSG;Deutschland insgesamt;DG;Deutschland;WZ08S6;WZ2008: Baugewerbe;WZ08-431;Abbrucharbeiten u. vorbereit. Baustellenarbeiten;3360,6;Mill. EUR;BPW001;Bruttoproduktionswert
44253;Kostenstrukturerhebung im Baugewerbe;JAHR;Jahr;2019;DINSG;Deutschland insgesamt;DG;Deutschland;WZ08S6;WZ2008: Baugewerbe;WZ08-431;Abbrucharbeiten u. vorbereit. Baustellenarbeiten;1329,1;Mill. EUR;NWS003;Nettowertschöpfung zu Faktorkosten
44253;Kostenstrukturerhebung im Baugewerbe;JAHR;Jahr;2019;DINSG;Deutschland insgesamt;DG;Deutschland;WZ08S6;WZ2008: Baugewerbe;WZ08-431;Abbrucharbeiten u. vorbereit. Baustellenarbeiten;1351,1;Mill. EUR;VBR004;Materialverbrauch, Einsatz an HW, Lohnarbeit
44253;Kostenstrukturerhebung im Baugewerbe;JAHR;Jahr;2019;DINSG;Deutschland insgesamt;DG;Deutschland;WZ08S6;WZ2008: Baugewerbe;WZ08-431;Abbrucharbeiten u. vorbereit. Baustellenarbeiten;1448,0;Mill. EUR;BWS003;Bruttowertschöpfung zu Faktorkosten
44253;Kostenstrukturerhebung im Baugewerbe;JAHR;Jahr;2019;DINSG;Deutschland insgesamt;DG;Deutschland;WZ08S6;WZ2008: Baugewerbe;WZ08-431;Abbrucharbeiten u. vorbereit. Baustellenarbeiten;200,7;Mill. EUR;STR029;Indirekte Steuern abzüglich Subventionen
44253;Kostenstrukturerhebung im Baugewerbe;JAHR;Jahr;2019;DINSG;Deutschland insgesamt;DG;Deutschland;WZ08S6;WZ2008: Baugewerbe;WZ08-431;Abbrucharbeiten u. vorbereit. Baustellenarbeiten;2009,5;Mill. EUR;NPW001;Nettoproduktionswert
44253;Kostenstrukturerhebung im Baugewerbe;JAHR;Jahr;2019;DINSG;Deutschland insgesamt;DG;Deutschland;WZ08S6;WZ2008: Baugewerbe;WZ08-431;Abbrucharbeiten u. vorbereit. Baustellenarbeiten;118,9;Mill. EUR;ABS002;Abschreibungen
44253;Kostenstrukturerhebung im Baugewerbe;JAHR;Jahr;2014;DINSG;Deutschland insgesamt;DG;Deutschland;WZ08S6;WZ2008: Baugewerbe;WZ08-432;Bauinstallation;3159,0;Mill. EUR;KOS027;Sonst.Vorleist.u.sonst.ind.Steuern abzügl.Subvent.
44253;Kostenstrukturerhebung im Baugewerbe;JAHR;Jahr;2014;DINSG;Deutschland insgesamt;DG;Deutschland;WZ08S6;WZ2008: Baugewerbe;WZ08-432;Bauinstallation;15273,8;Mill. EUR;BWS002;Bruttowertschöpfung zu Marktpreisen
44253;Kostenstrukturerhebung im Baugewerbe;JAHR;Jahr;2014;DINSG;Deutschland insgesamt;DG;Deutschland;WZ08S6;WZ2008: Baugewerbe;WZ08-432;Bauinstallation;32406,3;Mill. EUR;BPW001;Bruttoproduktionswert
44253;Kostenstrukturerhebung im Baugewerbe;JAHR;Jahr;2014;DINSG;Deutschland insgesamt;DG;Deutschland;WZ08S6;WZ2008: Baugewerbe;WZ08-432;Bauinstallation;12623,4;Mill. EUR;NWS003;Nettowertschöpfung zu Faktorkosten
44253;Kostenstrukturerhebung im Baugewerbe;JAHR;Jahr;2014;DINSG;Deutschland insgesamt;DG;Deutschland;WZ08S6;WZ2008: Baugewerbe;WZ08-432;Bauinstallation;16235,9;Mill. EUR;VBR004;Materialverbrauch, Einsatz an HW, Lohnarbeit
44253;Kostenstrukturerhebung im Baugewerbe;JAHR;Jahr;2014;DINSG;Deutschland insgesamt;DG;Deutschland;WZ08S6;WZ2008: Baugewerbe;WZ08-432;Bauinstallation;13011,4;Mill. EUR;BWS003;Bruttowertschöpfung zu Faktorkosten
44253;Kostenstrukturerhebung im Baugewerbe;JAHR;Jahr;2014;DINSG;Deutschland insgesamt;DG;Deutschland;WZ08S6;WZ2008: Baugewerbe;WZ08-432;Bauinstallation;2262,4;Mill. EUR;STR029;Indirekte Steuern abzüglich Subventionen
44253;Kostenstrukturerhebung im Baugewerbe;JAHR;Jahr;2014;DINSG;Deutschland insgesamt;DG;Deutschland;WZ08S6;WZ2008: Baugewerbe;WZ08-432;Bauinstallation;16170,3;Mill. EUR;NPW001;Nettoproduktionswert
44253;Kostenstrukturerhebung im Baugewerbe;JAHR;Jahr;2014;DINSG;Deutschland insgesamt;DG;Deutschland;WZ08S6;WZ2008: Baugewerbe;WZ08-432;Bauinstallation;388,0;Mill. EUR;ABS002;Abschreibungen
44253;Kostenstrukturerhebung im Baugewerbe;JAHR;Jahr;2018;DINSG;Deutschland insgesamt;DG;Deutschland;WZ08S6;WZ2008: Baugewerbe;WZ08-412-01;Bauhauptgewerbe;9876,0;Mill. EUR;KOS027;Sonst.Vorleist.u.sonst.ind.Steuern abzügl.Subvent.
44253;Kostenstrukturerhebung im Baugewerbe;JAHR;Jahr;2018;DINSG;Deutschland insgesamt;DG;Deutschland;WZ08S6;WZ2008: Baugewerbe;WZ08-412-01;Bauhauptgewerbe;39564,1;Mill. EUR;BWS002;Bruttowertschöpfung zu Marktpreisen
44253;Kostenstrukturerhebung im Baugewerbe;JAHR;Jahr;2018;DINSG;Deutschland insgesamt;DG;Deutschland;WZ08S6;WZ2008: Baugewerbe;WZ08-412-01;Bauhauptgewerbe;95320,7;Mill. EUR;BPW001;Bruttoproduktionswert
44253;Kostenstrukturerhebung im Baugewerbe;JAHR;Jahr;2018;DINSG;Deutschland insgesamt;DG;Deutschland;WZ08S6;WZ2008: Baugewerbe;WZ08-412-01;Bauhauptgewerbe;30307,6;Mill. EUR;NWS003;Nettowertschöpfung zu Faktorkosten
44253;Kostenstrukturerhebung im Baugewerbe;JAHR;Jahr;2018;DINSG;Deutschland insgesamt;DG;Deutschland;WZ08S6;WZ2008: Baugewerbe;WZ08-412-01;Bauhauptgewerbe;53304,1;Mill. EUR;VBR004;Materialverbrauch, Einsatz an HW, Lohnarbeit
44253;Kostenstrukturerhebung im Baugewerbe;JAHR;Jahr;2018;DINSG;Deutschland insgesamt;DG;Deutschland;WZ08S6;WZ2008: Baugewerbe;WZ08-412-01;Bauhauptgewerbe;32140,6;Mill. EUR;BWS003;Bruttowertschöpfung zu Faktorkosten
44253;Kostenstrukturerhebung im Baugewerbe;JAHR;Jahr;2018;DINSG;Deutschland insgesamt;DG;Deutschland;WZ08S6;WZ2008: Baugewerbe;WZ08-412-01;Bauhauptgewerbe;7423,7;Mill. EUR;STR029;Indirekte Steuern abzüglich Subventionen
44253;Kostenstrukturerhebung im Baugewerbe;JAHR;Jahr;2018;DINSG;Deutschland insgesamt;DG;Deutschland;WZ08S6;WZ2008: Baugewerbe;WZ08-412-01;Bauhauptgewerbe;42016,6;Mill. EUR;NPW001;Nettoproduktionswert
44253;Kostenstrukturerhebung im Baugewerbe;JAHR;Jahr;2018;DINSG;Deutschland insgesamt;DG;Deutschland;WZ08S6;WZ2008: Baugewerbe;WZ08-412-01;Bauhauptgewerbe;1833,0;Mill. EUR;ABS002;Abschreibungen
44253;Kostenstrukturerhebung im Baugewerbe;JAHR;Jahr;2022;DINSG;Deutschland insgesamt;DG;Deutschland;WZ08S6;WZ2008: Baugewerbe;WZ08-4211;Bau von Straßen;2229,6;Mill. EUR;KOS027;Sonst.Vorleist.u.sonst.ind.Steuern abzügl.Subvent.
44253;Kostenstrukturerhebung im Baugewerbe;JAHR;Jahr;2022;DINSG;Deutschland insgesamt;DG;Deutschland;WZ08S6;WZ2008: Baugewerbe;WZ08-4211;Bau von Straßen;7949,3;Mill. EUR;BWS002;Bruttowertschöpfung zu Marktpreisen
44253;Kostenstrukturerhebung im Baugewerbe;JAHR;Jahr;2022;DINSG;Deutschland insgesamt;DG;Deutschland;WZ08S6;WZ2008: Baugewerbe;WZ08-4211;Bau von Straßen;17434,8;Mill. EUR;BPW001;Bruttoproduktionswert
44253;Kostenstrukturerhebung im Baugewerbe;JAHR;Jahr;2022;DINSG;Deutschland insgesamt;DG;Deutschland;WZ08S6;WZ2008: Baugewerbe;WZ08-4211;Bau von Straßen;6080,3;Mill. EUR;NWS003;Nettowertschöpfung zu Faktorkosten
44253;Kostenstrukturerhebung im Baugewerbe;JAHR;Jahr;2022;DINSG;Deutschland insgesamt;DG;Deutschland;WZ08S6;WZ2008: Baugewerbe;WZ08-4211;Bau von Straßen;8767,2;Mill. EUR;VBR004;Materialverbrauch, Einsatz an HW, Lohnarbeit
44253;Kostenstrukturerhebung im Baugewerbe;JAHR;Jahr;2022;DINSG;Deutschland insgesamt;DG;Deutschland;WZ08S6;WZ2008: Baugewerbe;WZ08-4211;Bau von Straßen;6627,1;Mill. EUR;BWS003;Bruttowertschöpfung zu Faktorkosten
44253;Kostenstrukturerhebung im Baugewerbe;JAHR;Jahr;2022;DINSG;Deutschland insgesamt;DG;Deutschland;WZ08S6;WZ2008: Baugewerbe;WZ08-4211;Bau von Straßen;1322,2;Mill. EUR;STR029;Indirekte Steuern abzüglich Subventionen
44253;Kostenstrukturerhebung im Baugewerbe;JAHR;Jahr;2022;DINSG;Deutschland insgesamt;DG;Deutschland;WZ08S6;WZ2008: Baugewerbe;WZ08-4211;Bau von Straßen;8667,6;Mill. EUR;NPW001;Nettoproduktionswert
44253;Kostenstrukturerhebung im Baugewerbe;JAHR;Jahr;2022;DINSG;Deutschland insgesamt;DG;Deutschland;WZ08S6;WZ2008: Baugewerbe;WZ08-4211;Bau von Straßen;546,8;Mill. EUR;ABS002;Abschreibungen
44253;Kostenstrukturerhebung im Baugewerbe;JAHR;Jahr;2011;DINSG;Deutschland insgesamt;DG;Deutschland;WZ08S6;WZ2008: Baugewerbe;WZ08-431;Abbrucharbeiten u. vorbereit. Baustellenarbeiten;369,9;Mill. EUR;KOS027;Sonst.Vorleist.u.sonst.ind.Steuern abzügl.Subvent.
44253;Kostenstrukturerhebung im Baugewerbe;JAHR;Jahr;2011;DINSG;Deutschland insgesamt;DG;Deutschland;WZ08S6;WZ2008: Baugewerbe;WZ08-431;Abbrucharbeiten u. vorbereit. Baustellenarbeiten;824,5;Mill. EUR;BWS002;Bruttowertschöpfung zu Marktpreisen
44253;Kostenstrukturerhebung im Baugewerbe;JAHR;Jahr;2011;DINSG;Deutschland insgesamt;DG;Deutschland;WZ08S6;WZ2008: Baugewerbe;WZ08-431;Abbrucharbeiten u. vorbereit. Baustellenarbeiten;1940,5;Mill. EUR;BPW001;Bruttoproduktionswert
44253;Kostenstrukturerhebung im Baugewerbe;JAHR;Jahr;2011;DINSG;Deutschland insgesamt;DG;Deutschland;WZ08S6;WZ2008: Baugewerbe;WZ08-431;Abbrucharbeiten u. vorbereit. Baustellenarbeiten;735,8;Mill. EUR;NWS003;Nettowertschöpfung zu Faktorkosten
44253;Kostenstrukturerhebung im Baugewerbe;JAHR;Jahr;2011;DINSG;Deutschland insgesamt;DG;Deutschland;WZ08S6;WZ2008: Baugewerbe;WZ08-431;Abbrucharbeiten u. vorbereit. Baustellenarbeiten;768,9;Mill. EUR;VBR004;Materialverbrauch, Einsatz an HW, Lohnarbeit
44253;Kostenstrukturerhebung im Baugewerbe;JAHR;Jahr;2011;DINSG;Deutschland insgesamt;DG;Deutschland;WZ08S6;WZ2008: Baugewerbe;WZ08-431;Abbrucharbeiten u. vorbereit. Baustellenarbeiten;801,7;Mill. EUR;BWS003;Bruttowertschöpfung zu Faktorkosten
44253;Kostenstrukturerhebung im Baugewerbe;JAHR;Jahr;2011;DINSG;Deutschland insgesamt;DG;Deutschland;WZ08S6;WZ2008: Baugewerbe;WZ08-431;Abbrucharbeiten u. vorbereit. Baustellenarbeiten;22,8;Mill. EUR;STR029;Indirekte Steuern abzüglich Subventionen
44253;Kostenstrukturerhebung im Baugewerbe;JAHR;Jahr;2011;DINSG;Deutschland insgesamt;DG;Deutschland;WZ08S6;WZ2008: Baugewerbe;WZ08-431;Abbrucharbeiten u. vorbereit. Baustellenarbeiten;1171,5;Mill. EUR;NPW001;Nettoproduktionswert
44253;Kostenstrukturerhebung im Baugewerbe;JAHR;Jahr;2011;DINSG;Deutschland insgesamt;DG;Deutschland;WZ08S6;WZ2008: Baugewerbe;WZ08-431;Abbrucharbeiten u. vorbereit. Baustellenarbeiten;65,9;Mill. EUR;ABS002;Abschreibungen
44253;Kostenstrukturerhebung im Baugewerbe;JAHR;Jahr;2019;DINSG;Deutschland insgesamt;DG;Deutschland;WZ08S6;WZ2008: Baugewerbe;WZ08-432-01;Ausbaugewerbe;5321,0;Mill. EUR;KOS027;Sonst.Vorleist.u.sonst.ind.Steuern abzügl.Subvent.
44253;Kostenstrukturerhebung im Baugewerbe;JAHR;Jahr;2019;DINSG;Deutschland insgesamt;DG;Deutschland;WZ08S6;WZ2008: Baugewerbe;WZ08-432-01;Ausbaugewerbe;28886,0;Mill. EUR;BWS002;Bruttowertschöpfung zu Marktpreisen
44253;Kostenstrukturerhebung im Baugewerbe;JAHR;Jahr;2019;DINSG;Deutschland insgesamt;DG;Deutschland;WZ08S6;WZ2008: Baugewerbe;WZ08-432-01;Ausbaugewerbe;57216,8;Mill. EUR;BPW001;Bruttoproduktionswert
44253;Kostenstrukturerhebung im Baugewerbe;JAHR;Jahr;2019;DINSG;Deutschland insgesamt;DG;Deutschland;WZ08S6;WZ2008: Baugewerbe;WZ08-432-01;Ausbaugewerbe;23573,6;Mill. EUR;NWS003;Nettowertschöpfung zu Faktorkosten
44253;Kostenstrukturerhebung im Baugewerbe;JAHR;Jahr;2019;DINSG;Deutschland insgesamt;DG;Deutschland;WZ08S6;WZ2008: Baugewerbe;WZ08-432-01;Ausbaugewerbe;27632,3;Mill. EUR;VBR004;Materialverbrauch, Einsatz an HW, Lohnarbeit
44253;Kostenstrukturerhebung im Baugewerbe;JAHR;Jahr;2019;DINSG;Deutschland insgesamt;DG;Deutschland;WZ08S6;WZ2008: Baugewerbe;WZ08-432-01;Ausbaugewerbe;24263,5;Mill. EUR;BWS003;Bruttowertschöpfung zu Faktorkosten
44253;Kostenstrukturerhebung im Baugewerbe;JAHR;Jahr;2019;DINSG;Deutschland insgesamt;DG;Deutschland;WZ08S6;WZ2008: Baugewerbe;WZ08-432-01;Ausbaugewerbe;4622,6;Mill. EUR;STR029;Indirekte Steuern abzüglich Subventionen
44253;Kostenstrukturerhebung im Baugewerbe;JAHR;Jahr;2019;DINSG;Deutschland insgesamt;DG;Deutschland;WZ08S6;WZ2008: Baugewerbe;WZ08-432-01;Ausbaugewerbe;29584,5;Mill. EUR;NPW001;Nettoproduktionswert
44253;Kostenstrukturerhebung im Baugewerbe;JAHR;Jahr;2019;DINSG;Deutschland insgesamt;DG;Deutschland;WZ08S6;WZ2008: Baugewerbe;WZ08-432-01;Ausbaugewerbe;689,8;Mill. EUR;ABS002;Abschreibungen
44253;Kostenstrukturerhebung im Baugewerbe;JAHR;Jahr;2017;DINSG;Deutschland insgesamt;DG;Deutschland;WZ08S6;WZ2008: Baugewerbe;WZ08-412-02;Bau von Gebäuden, Tiefbau;7126,9;Mill. EUR;KOS027;Sonst.Vorleist.u.sonst.ind.Steuern abzügl.Subvent.
44253;Kostenstrukturerhebung im Baugewerbe;JAHR;Jahr;2017;DINSG;Deutschland insgesamt;DG;Deutschland;WZ08S6;WZ2008: Baugewerbe;WZ08-412-02;Bau von Gebäuden, Tiefbau;26759,3;Mill. EUR;BWS002;Bruttowertschöpfung zu Marktpreisen
44253;Kostenstrukturerhebung im Baugewerbe;JAHR;Jahr;2017;DINSG;Deutschland insgesamt;DG;Deutschland;WZ08S6;WZ2008: Baugewerbe;WZ08-412-02;Bau von Gebäuden, Tiefbau;68443,2;Mill. EUR;BPW001;Bruttoproduktionswert
44253;Kostenstrukturerhebung im Baugewerbe;JAHR;Jahr;2017;DINSG;Deutschland insgesamt;DG;Deutschland;WZ08S6;WZ2008: Baugewerbe;WZ08-412-02;Bau von Gebäuden, Tiefbau;20341,1;Mill. EUR;NWS003;Nettowertschöpfung zu Faktorkosten
44253;Kostenstrukturerhebung im Baugewerbe;JAHR;Jahr;2017;DINSG;Deutschland insgesamt;DG;Deutschland;WZ08S6;WZ2008: Baugewerbe;WZ08-412-02;Bau von Gebäuden, Tiefbau;39654,3;Mill. EUR;VBR004;Materialverbrauch, Einsatz an HW, Lohnarbeit
44253;Kostenstrukturerhebung im Baugewerbe;JAHR;Jahr;2017;DINSG;Deutschland insgesamt;DG;Deutschland;WZ08S6;WZ2008: Baugewerbe;WZ08-412-02;Bau von Gebäuden, Tiefbau;21662,0;Mill. EUR;BWS003;Bruttowertschöpfung zu Faktorkosten
44253;Kostenstrukturerhebung im Baugewerbe;JAHR;Jahr;2017;DINSG;Deutschland insgesamt;DG;Deutschland;WZ08S6;WZ2008: Baugewerbe;WZ08-412-02;Bau von Gebäuden, Tiefbau;5097,2;Mill. EUR;STR029;Indirekte Steuern abzüglich Subventionen
44253;Kostenstrukturerhebung im Baugewerbe;JAHR;Jahr;2017;DINSG;Deutschland insgesamt;DG;Deutschland;WZ08S6;WZ2008: Baugewerbe;WZ08-412-02;Bau von Gebäuden, Tiefbau;28788,9;Mill. EUR;NPW001;Nettoproduktionswert
44253;Kostenstrukturerhebung im Baugewerbe;JAHR;Jahr;2017;DINSG;Deutschland insgesamt;DG;Deutschland;WZ08S6;WZ2008: Baugewerbe;WZ08-412-02;Bau von Gebäuden, Tiefbau;1321,0;Mill. EUR;ABS002;Abschreibungen
44253;Kostenstrukturerhebung im Baugewerbe;JAHR;Jahr;2010;DINSG;Deutschland insgesamt;DG;Deutschland;WZ08S6;WZ2008: Baugewerbe;WZ08-412-01;Bauhauptgewerbe;6445,6;Mill. EUR;KOS027;Sonst.Vorleist.u.sonst.ind.Steuern abzügl.Subvent.
44253;Kostenstrukturerhebung im Baugewerbe;JAHR;Jahr;2010;DINSG;Deutschland insgesamt;DG;Deutschland;WZ08S6;WZ2008: Baugewerbe;WZ08-412-01;Bauhauptgewerbe;23952,0;Mill. EUR;BWS002;Bruttowertschöpfung zu Marktpreisen
44253;Kostenstrukturerhebung im Baugewerbe;JAHR;Jahr;2010;DINSG;Deutschland insgesamt;DG;Deutschland;WZ08S6;WZ2008: Baugewerbe;WZ08-412-01;Bauhauptgewerbe;58860,8;Mill. EUR;BPW001;Bruttoproduktionswert
44253;Kostenstrukturerhebung im Baugewerbe;JAHR;Jahr;2010;DINSG;Deutschland insgesamt;DG;Deutschland;WZ08S6;WZ2008: Baugewerbe;WZ08-412-01;Bauhauptgewerbe;19111,5;Mill. EUR;NWS003;Nettowertschöpfung zu Faktorkosten
44253;Kostenstrukturerhebung im Baugewerbe;JAHR;Jahr;2010;DINSG;Deutschland insgesamt;DG;Deutschland;WZ08S6;WZ2008: Baugewerbe;WZ08-412-01;Bauhauptgewerbe;32033,0;Mill. EUR;VBR004;Materialverbrauch, Einsatz an HW, Lohnarbeit
44253;Kostenstrukturerhebung im Baugewerbe;JAHR;Jahr;2010;DINSG;Deutschland insgesamt;DG;Deutschland;WZ08S6;WZ2008: Baugewerbe;WZ08-412-01;Bauhauptgewerbe;20382,2;Mill. EUR;BWS003;Bruttowertschöpfung zu Faktorkosten
44253;Kostenstrukturerhebung im Baugewerbe;JAHR;Jahr;2010;DINSG;Deutschland insgesamt;DG;Deutschland;WZ08S6;WZ2008: Baugewerbe;WZ08-412-01;Bauhauptgewerbe;3570,0;Mill. EUR;STR029;Indirekte Steuern abzüglich Subventionen
44253;Kostenstrukturerhebung im Baugewerbe;JAHR;Jahr;2010;DINSG;Deutschland insgesamt;DG;Deutschland;WZ08S6;WZ2008: Baugewerbe;WZ08-412-01;Bauhauptgewerbe;26827,8;Mill. EUR;NPW001;Nettoproduktionswert
44253;Kostenstrukturerhebung im Baugewerbe;JAHR;Jahr;2010;DINSG;Deutschland insgesamt;DG;Deutschland;WZ08S6;WZ2008: Baugewerbe;WZ08-412-01;Bauhauptgewerbe;1270,7;Mill. EUR;ABS002;Abschreibungen
44253;Kostenstrukturerhebung im Baugewerbe;JAHR;Jahr;2016;DINSG;Deutschland insgesamt;DG;Deutschland;WZ08S6;WZ2008: Baugewerbe;WZ08-4399;Sonstige spezialisierte Bautätigkeiten a.n.g.;1125,7;Mill. EUR;KOS027;Sonst.Vorleist.u.sonst.ind.Steuern abzügl.Subvent.
44253;Kostenstrukturerhebung im Baugewerbe;JAHR;Jahr;2016;DINSG;Deutschland insgesamt;DG;Deutschland;WZ08S6;WZ2008: Baugewerbe;WZ08-4399;Sonstige spezialisierte Bautätigkeiten a.n.g.;4225,6;Mill. EUR;BWS002;Bruttowertschöpfung zu Marktpreisen
44253;Kostenstrukturerhebung im Baugewerbe;JAHR;Jahr;2016;DINSG;Deutschland insgesamt;DG;Deutschland;WZ08S6;WZ2008: Baugewerbe;WZ08-4399;Sonstige spezialisierte Bautätigkeiten a.n.g.;8650,6;Mill. EUR;BPW001;Bruttoproduktionswert
44253;Kostenstrukturerhebung im Baugewerbe;JAHR;Jahr;2016;DINSG;Deutschland insgesamt;DG;Deutschland;WZ08S6;WZ2008: Baugewerbe;WZ08-4399;Sonstige spezialisierte Bautätigkeiten a.n.g.;3289,6;Mill. EUR;NWS003;Nettowertschöpfung zu Faktorkosten
44253;Kostenstrukturerhebung im Baugewerbe;JAHR;Jahr;2016;DINSG;Deutschland insgesamt;DG;Deutschland;WZ08S6;WZ2008: Baugewerbe;WZ08-4399;Sonstige spezialisierte Bautätigkeiten a.n.g.;3999,2;Mill. EUR;VBR004;Materialverbrauch, Einsatz an HW, Lohnarbeit
44253;Kostenstrukturerhebung im Baugewerbe;JAHR;Jahr;2016;DINSG;Deutschland insgesamt;DG;Deutschland;WZ08S6;WZ2008: Baugewerbe;WZ08-4399;Sonstige spezialisierte Bautätigkeiten a.n.g.;3525,6;Mill. EUR;BWS003;Bruttowertschöpfung zu Faktorkosten
44253;Kostenstrukturerhebung im Baugewerbe;JAHR;Jahr;2016;DINSG;Deutschland insgesamt;DG;Deutschland;WZ08S6;WZ2008: Baugewerbe;WZ08-4399;Sonstige spezialisierte Bautätigkeiten a.n.g.;699,9;Mill. EUR;STR029;Indirekte Steuern abzüglich Subventionen
44253;Kostenstrukturerhebung im Baugewerbe;JAHR;Jahr;2016;DINSG;Deutschland insgesamt;DG;Deutschland;WZ08S6;WZ2008: Baugewerbe;WZ08-4399;Sonstige spezialisierte Bautätigkeiten a.n.g.;4651,3;Mill. EUR;NPW001;Nettoproduktionswert
44253;Kostenstrukturerhebung im Baugewerbe;JAHR;Jahr;2016;DINSG;Deutschland insgesamt;DG;Deutschland;WZ08S6;WZ2008: Baugewerbe;WZ08-4399;Sonstige spezialisierte Bautätigkeiten a.n.g.;236,1;Mill. EUR;ABS002;Abschreibungen
44253;Kostenstrukturerhebung im Baugewerbe;JAHR;Jahr;2022;DINSG;Deutschland insgesamt;DG;Deutschland;WZ08S6;WZ2008: Baugewerbe;WZ08-4391;Dachdeckerei und Zimmerei;666,9;Mill. EUR;KOS027;Sonst.Vorleist.u.sonst.ind.Steuern abzügl.Subvent.
44253;Kostenstrukturerhebung im Baugewerbe;JAHR;Jahr;2022;DINSG;Deutschland insgesamt;DG;Deutschland;WZ08S6;WZ2008: Baugewerbe;WZ08-4391;Dachdeckerei und Zimmerei;3540,2;Mill. EUR;BWS002;Bruttowertschöpfung zu Marktpreisen
44253;Kostenstrukturerhebung im Baugewerbe;JAHR;Jahr;2022;DINSG;Deutschland insgesamt;DG;Deutschland;WZ08S6;WZ2008: Baugewerbe;WZ08-4391;Dachdeckerei und Zimmerei;7620,9;Mill. EUR;BPW001;Bruttoproduktionswert
44253;Kostenstrukturerhebung im Baugewerbe;JAHR;Jahr;2022;DINSG;Deutschland insgesamt;DG;Deutschland;WZ08S6;WZ2008: Baugewerbe;WZ08-4391;Dachdeckerei und Zimmerei;2819,4;Mill. EUR;NWS003;Nettowertschöpfung zu Faktorkosten
44253;Kostenstrukturerhebung im Baugewerbe;JAHR;Jahr;2022;DINSG;Deutschland insgesamt;DG;Deutschland;WZ08S6;WZ2008: Baugewerbe;WZ08-4391;Dachdeckerei und Zimmerei;4114,2;Mill. EUR;VBR004;Materialverbrauch, Einsatz an HW, Lohnarbeit
44253;Kostenstrukturerhebung im Baugewerbe;JAHR;Jahr;2022;DINSG;Deutschland insgesamt;DG;Deutschland;WZ08S6;WZ2008: Baugewerbe;WZ08-4391;Dachdeckerei und Zimmerei;2925,0;Mill. EUR;BWS003;Bruttowertschöpfung zu Faktorkosten
44253;Kostenstrukturerhebung im Baugewerbe;JAHR;Jahr;2022;DINSG;Deutschland insgesamt;DG;Deutschland;WZ08S6;WZ2008: Baugewerbe;WZ08-4391;Dachdeckerei und Zimmerei;615,2;Mill. EUR;STR029;Indirekte Steuern abzüglich Subventionen
44253;Kostenstrukturerhebung im Baugewerbe;JAHR;Jahr;2022;DINSG;Deutschland insgesamt;DG;Deutschland;WZ08S6;WZ2008: Baugewerbe;WZ08-4391;Dachdeckerei und Zimmerei;3506,7;Mill. EUR;NPW001;Nettoproduktionswert
44253;Kostenstrukturerhebung im Baugewerbe;JAHR;Jahr;2022;DINSG;Deutschland insgesamt;DG;Deutschland;WZ08S6;WZ2008: Baugewerbe;WZ08-4391;Dachdeckerei und Zimmerei;105,5;Mill. EUR;ABS002;Abschreibungen
44253;Kostenstrukturerhebung im Baugewerbe;JAHR;Jahr;2012;DINSG;Deutschland insgesamt;DG;Deutschland;WZ08S6;WZ2008: Baugewerbe;WZ08-4213;Brücken- und Tunnelbau;101,7;Mill. EUR;KOS027;Sonst.Vorleist.u.sonst.ind.Steuern abzügl.Subvent.
44253;Kostenstrukturerhebung im Baugewerbe;JAHR;Jahr;2012;DINSG;Deutschland insgesamt;DG;Deutschland;WZ08S6;WZ2008: Baugewerbe;WZ08-4213;Brücken- und Tunnelbau;460,6;Mill. EUR;BWS002;Bruttowertschöpfung zu Marktpreisen
44253;Kostenstrukturerhebung im Baugewerbe;JAHR;Jahr;2012;DINSG;Deutschland insgesamt;DG;Deutschland;WZ08S6;WZ2008: Baugewerbe;WZ08-4213;Brücken- und Tunnelbau;1085,3;Mill. EUR;BPW001;Bruttoproduktionswert
44253;Kostenstrukturerhebung im Baugewerbe;JAHR;Jahr;2012;DINSG;Deutschland insgesamt;DG;Deutschland;WZ08S6;WZ2008: Baugewerbe;WZ08-4213;Brücken- und Tunnelbau;411,9;Mill. EUR;NWS003;Nettowertschöpfung zu Faktorkosten
44253;Kostenstrukturerhebung im Baugewerbe;JAHR;Jahr;2012;DINSG;Deutschland insgesamt;DG;Deutschland;WZ08S6;WZ2008: Baugewerbe;WZ08-4213;Brücken- und Tunnelbau;553,0;Mill. EUR;VBR004;Materialverbrauch, Einsatz an HW, Lohnarbeit
44253;Kostenstrukturerhebung im Baugewerbe;JAHR;Jahr;2012;DINSG;Deutschland insgesamt;DG;Deutschland;WZ08S6;WZ2008: Baugewerbe;WZ08-4213;Brücken- und Tunnelbau;430,6;Mill. EUR;BWS003;Bruttowertschöpfung zu Faktorkosten
44253;Kostenstrukturerhebung im Baugewerbe;JAHR;Jahr;2012;DINSG;Deutschland insgesamt;DG;Deutschland;WZ08S6;WZ2008: Baugewerbe;WZ08-4213;Brücken- und Tunnelbau;30,0;Mill. EUR;STR029;Indirekte Steuern abzüglich Subventionen
44253;Kostenstrukturerhebung im Baugewerbe;JAHR;Jahr;2012;DINSG;Deutschland insgesamt;DG;Deutschland;WZ08S6;WZ2008: Baugewerbe;WZ08-4213;Brücken- und Tunnelbau;532,3;Mill. EUR;NPW001;Nettoproduktionswert
44253;Kostenstrukturerhebung im Baugewerbe;JAHR;Jahr;2012;DINSG;Deutschland insgesamt;DG;Deutschland;WZ08S6;WZ2008: Baugewerbe;WZ08-4213;Brücken- und Tunnelbau;18,7;Mill. EUR;ABS002;Abschreibungen
44253;Kostenstrukturerhebung im Baugewerbe;JAHR;Jahr;2011;DINSG;Deutschland insgesamt;DG;Deutschland;WZ08S6;WZ2008: Baugewerbe;WZ08-432-01;Ausbaugewerbe;3667,0;Mill. EUR;KOS027;Sonst.Vorleist.u.sonst.ind.Steuern abzügl.Subvent.
44253;Kostenstrukturerhebung im Baugewerbe;JAHR;Jahr;2011;DINSG;Deutschland insgesamt;DG;Deutschland;WZ08S6;WZ2008: Baugewerbe;WZ08-432-01;Ausbaugewerbe;17986,5;Mill. EUR;BWS002;Bruttowertschöpfung zu Marktpreisen
44253;Kostenstrukturerhebung im Baugewerbe;JAHR;Jahr;2011;DINSG;Deutschland insgesamt;DG;Deutschland;WZ08S6;WZ2008: Baugewerbe;WZ08-432-01;Ausbaugewerbe;39042,5;Mill. EUR;BPW001;Bruttoproduktionswert
44253;Kostenstrukturerhebung im Baugewerbe;JAHR;Jahr;2011;DINSG;Deutschland insgesamt;DG;Deutschland;WZ08S6;WZ2008: Baugewerbe;WZ08-432-01;Ausbaugewerbe;14932,9;Mill. EUR;NWS003;Nettowertschöpfung zu Faktorkosten
44253;Kostenstrukturerhebung im Baugewerbe;JAHR;Jahr;2011;DINSG;Deutschland insgesamt;DG;Deutschland;WZ08S6;WZ2008: Baugewerbe;WZ08-432-01;Ausbaugewerbe;19923,4;Mill. EUR;VBR004;Materialverbrauch, Einsatz an HW, Lohnarbeit
44253;Kostenstrukturerhebung im Baugewerbe;JAHR;Jahr;2011;DINSG;Deutschland insgesamt;DG;Deutschland;WZ08S6;WZ2008: Baugewerbe;WZ08-432-01;Ausbaugewerbe;15452,1;Mill. EUR;BWS003;Bruttowertschöpfung zu Faktorkosten
44253;Kostenstrukturerhebung im Baugewerbe;JAHR;Jahr;2011;DINSG;Deutschland insgesamt;DG;Deutschland;WZ08S6;WZ2008: Baugewerbe;WZ08-432-01;Ausbaugewerbe;2534,3;Mill. EUR;STR029;Indirekte Steuern abzüglich Subventionen
44253;Kostenstrukturerhebung im Baugewerbe;JAHR;Jahr;2011;DINSG;Deutschland insgesamt;DG;Deutschland;WZ08S6;WZ2008: Baugewerbe;WZ08-432-01;Ausbaugewerbe;19119,2;Mill. EUR;NPW001;Nettoproduktionswert
44253;Kostenstrukturerhebung im Baugewerbe;JAHR;Jahr;2011;DINSG;Deutschland insgesamt;DG;Deutschland;WZ08S6;WZ2008: Baugewerbe;WZ08-432-01;Ausbaugewerbe;519,2;Mill. EUR;ABS002;Abschreibungen
44253;Kostenstrukturerhebung im Baugewerbe;JAHR;Jahr;2013;DINSG;Deutschland insgesamt;DG;Deutschland;WZ08S6;WZ2008: Baugewerbe;WZ08-F;Baugewerbe;11383,0;Mill. EUR;KOS027;Sonst.Vorleist.u.sonst.ind.Steuern abzügl.Subvent.
44253;Kostenstrukturerhebung im Baugewerbe;JAHR;Jahr;2013;DINSG;Deutschland insgesamt;DG;Deutschland;WZ08S6;WZ2008: Baugewerbe;WZ08-F;Baugewerbe;47300,7;Mill. EUR;BWS002;Bruttowertschöpfung zu Marktpreisen
44253;Kostenstrukturerhebung im Baugewerbe;JAHR;Jahr;2013;DINSG;Deutschland insgesamt;DG;Deutschland;WZ08S6;WZ2008: Baugewerbe;WZ08-F;Baugewerbe;114068,4;Mill. EUR;BPW001;Bruttoproduktionswert
44253;Kostenstrukturerhebung im Baugewerbe;JAHR;Jahr;2013;DINSG;Deutschland insgesamt;DG;Deutschland;WZ08S6;WZ2008: Baugewerbe;WZ08-F;Baugewerbe;38285,7;Mill. EUR;NWS003;Nettowertschöpfung zu Faktorkosten
44253;Kostenstrukturerhebung im Baugewerbe;JAHR;Jahr;2013;DINSG;Deutschland insgesamt;DG;Deutschland;WZ08S6;WZ2008: Baugewerbe;WZ08-F;Baugewerbe;62388,5;Mill. EUR;VBR004;Materialverbrauch, Einsatz an HW, Lohnarbeit
44253;Kostenstrukturerhebung im Baugewerbe;JAHR;Jahr;2013;DINSG;Deutschland insgesamt;DG;Deutschland;WZ08S6;WZ2008: Baugewerbe;WZ08-F;Baugewerbe;40297,0;Mill. EUR;BWS003;Bruttowertschöpfung zu Faktorkosten
44253;Kostenstrukturerhebung im Baugewerbe;JAHR;Jahr;2013;DINSG;Deutschland insgesamt;DG;Deutschland;WZ08S6;WZ2008: Baugewerbe;WZ08-F;Baugewerbe;7003,8;Mill. EUR;STR029;Indirekte Steuern abzüglich Subventionen
44253;Kostenstrukturerhebung im Baugewerbe;JAHR;Jahr;2013;DINSG;Deutschland insgesamt;DG;Deutschland;WZ08S6;WZ2008: Baugewerbe;WZ08-F;Baugewerbe;51680,0;Mill. EUR;NPW001;Nettoproduktionswert
44253;Kostenstrukturerhebung im Baugewerbe;JAHR;Jahr;2013;DINSG;Deutschland insgesamt;DG;Deutschland;WZ08S6;WZ2008: Baugewerbe;WZ08-F;Baugewerbe;2011,3;Mill. EUR;ABS002;Abschreibungen
44253;Kostenstrukturerhebung im Baugewerbe;JAHR;Jahr;2014;DINSG;Deutschland insgesamt;DG;Deutschland;WZ08S6;WZ2008: Baugewerbe;WZ08-4331;Anbringen v. Stuckaturen, Gipserei u. Verputzerei;95,2;Mill. EUR;KOS027;Sonst.Vorleist.u.sonst.ind.Steuern abzügl.Subvent.
44253;Kostenstrukturerhebung im Baugewerbe;JAHR;Jahr;2014;DINSG;Deutschland insgesamt;DG;Deutschland;WZ08S6;WZ2008: Baugewerbe;WZ08-4331;Anbringen v. Stuckaturen, Gipserei u. Verputzerei;527,6;Mill. EUR;BWS002;Bruttowertschöpfung zu Marktpreisen
44253;Kostenstrukturerhebung im Baugewerbe;JAHR;Jahr;2014;DINSG;Deutschland insgesamt;DG;Deutschland;WZ08S6;WZ2008: Baugewerbe;WZ08-4331;Anbringen v. Stuckaturen, Gipserei u. Verputzerei;1115,7;Mill. EUR;BPW001;Bruttoproduktionswert
44253;Kostenstrukturerhebung im Baugewerbe;JAHR;Jahr;2014;DINSG;Deutschland insgesamt;DG;Deutschland;WZ08S6;WZ2008: Baugewerbe;WZ08-4331;Anbringen v. Stuckaturen, Gipserei u. Verputzerei;417,5;Mill. EUR;NWS003;Nettowertschöpfung zu Faktorkosten
44253;Kostenstrukturerhebung im Baugewerbe;JAHR;Jahr;2014;DINSG;Deutschland insgesamt;DG;Deutschland;WZ08S6;WZ2008: Baugewerbe;WZ08-4331;Anbringen v. Stuckaturen, Gipserei u. Verputzerei;587,4;Mill. EUR;VBR004;Materialverbrauch, Einsatz an HW, Lohnarbeit
44253;Kostenstrukturerhebung im Baugewerbe;JAHR;Jahr;2014;DINSG;Deutschland insgesamt;DG;Deutschland;WZ08S6;WZ2008: Baugewerbe;WZ08-4331;Anbringen v. Stuckaturen, Gipserei u. Verputzerei;433,1;Mill. EUR;BWS003;Bruttowertschöpfung zu Faktorkosten
44253;Kostenstrukturerhebung im Baugewerbe;JAHR;Jahr;2014;DINSG;Deutschland insgesamt;DG;Deutschland;WZ08S6;WZ2008: Baugewerbe;WZ08-4331;Anbringen v. Stuckaturen, Gipserei u. Verputzerei;94,5;Mill. EUR;STR029;Indirekte Steuern abzüglich Subventionen
44253;Kostenstrukturerhebung im Baugewerbe;JAHR;Jahr;2014;DINSG;Deutschland insgesamt;DG;Deutschland;WZ08S6;WZ2008: Baugewerbe;WZ08-4331;Anbringen v. Stuckaturen, Gipserei u. Verputzerei;528,3;Mill. EUR;NPW001;Nettoproduktionswert
44253;Kostenstrukturerhebung im Baugewerbe;JAHR;Jahr;2014;DINSG;Deutschland insgesamt;DG;Deutschland;WZ08S6;WZ2008: Baugewerbe;WZ08-4331;Anbringen v. Stuckaturen, Gipserei u. Verputzerei;15,6;Mill. EUR;ABS002;Abschreibungen
44253;Kostenstrukturerhebung im Baugewerbe;JAHR;Jahr;2018;DINSG;Deutschland insgesamt;DG;Deutschland;WZ08S6;WZ2008: Baugewerbe;WZ08-4391;Dachdeckerei und Zimmerei;436,0;Mill. EUR;KOS027;Sonst.Vorleist.u.sonst.ind.Steuern abzügl.Subvent.
44253;Kostenstrukturerhebung im Baugewerbe;JAHR;Jahr;2018;DINSG;Deutschland insgesamt;DG;Deutschland;WZ08S6;WZ2008: Baugewerbe;WZ08-4391;Dachdeckerei und Zimmerei;2618,0;Mill. EUR;BWS002;Bruttowertschöpfung zu Marktpreisen
44253;Kostenstrukturerhebung im Baugewerbe;JAHR;Jahr;2018;DINSG;Deutschland insgesamt;DG;Deutschland;WZ08S6;WZ2008: Baugewerbe;WZ08-4391;Dachdeckerei und Zimmerei;5441,2;Mill. EUR;BPW001;Bruttoproduktionswert
44253;Kostenstrukturerhebung im Baugewerbe;JAHR;Jahr;2018;DINSG;Deutschland insgesamt;DG;Deutschland;WZ08S6;WZ2008: Baugewerbe;WZ08-4391;Dachdeckerei und Zimmerei;2116,3;Mill. EUR;NWS003;Nettowertschöpfung zu Faktorkosten
44253;Kostenstrukturerhebung im Baugewerbe;JAHR;Jahr;2018;DINSG;Deutschland insgesamt;DG;Deutschland;WZ08S6;WZ2008: Baugewerbe;WZ08-4391;Dachdeckerei und Zimmerei;2817,8;Mill. EUR;VBR004;Materialverbrauch, Einsatz an HW, Lohnarbeit
44253;Kostenstrukturerhebung im Baugewerbe;JAHR;Jahr;2018;DINSG;Deutschland insgesamt;DG;Deutschland;WZ08S6;WZ2008: Baugewerbe;WZ08-4391;Dachdeckerei und Zimmerei;2187,4;Mill. EUR;BWS003;Bruttowertschöpfung zu Faktorkosten
44253;Kostenstrukturerhebung im Baugewerbe;JAHR;Jahr;2018;DINSG;Deutschland insgesamt;DG;Deutschland;WZ08S6;WZ2008: Baugewerbe;WZ08-4391;Dachdeckerei und Zimmerei;430,7;Mill. EUR;STR029;Indirekte Steuern abzüglich Subventionen
44253;Kostenstrukturerhebung im Baugewerbe;JAHR;Jahr;2018;DINSG;Deutschland insgesamt;DG;Deutschland;WZ08S6;WZ2008: Baugewerbe;WZ08-4391;Dachdeckerei und Zimmerei;2623,4;Mill. EUR;NPW001;Nettoproduktionswert
44253;Kostenstrukturerhebung im Baugewerbe;JAHR;Jahr;2018;DINSG;Deutschland insgesamt;DG;Deutschland;WZ08S6;WZ2008: Baugewerbe;WZ08-4391;Dachdeckerei und Zimmerei;71,1;Mill. EUR;ABS002;Abschreibungen
44253;Kostenstrukturerhebung im Baugewerbe;JAHR;Jahr;2020;DINSG;Deutschland insgesamt;DG;Deutschland;WZ08S6;WZ2008: Baugewerbe;WZ08-432-01;Ausbaugewerbe;5487,4;Mill. EUR;KOS027;Sonst.Vorleist.u.sonst.ind.Steuern abzügl.Subvent.
44253;Kostenstrukturerhebung im Baugewerbe;JAHR;Jahr;2020;DINSG;Deutschland insgesamt;DG;Deutschland;WZ08S6;WZ2008: Baugewerbe;WZ08-432-01;Ausbaugewerbe;29212,0;Mill. EUR;BWS002;Bruttowertschöpfung zu Marktpreisen
44253;Kostenstrukturerhebung im Baugewerbe;JAHR;Jahr;2020;DINSG;Deutschland insgesamt;DG;Deutschland;WZ08S6;WZ2008: Baugewerbe;WZ08-432-01;Ausbaugewerbe;58742,9;Mill. EUR;BPW001;Bruttoproduktionswert
44253;Kostenstrukturerhebung im Baugewerbe;JAHR;Jahr;2020;DINSG;Deutschland insgesamt;DG;Deutschland;WZ08S6;WZ2008: Baugewerbe;WZ08-432-01;Ausbaugewerbe;23737,9;Mill. EUR;NWS003;Nettowertschöpfung zu Faktorkosten
44253;Kostenstrukturerhebung im Baugewerbe;JAHR;Jahr;2020;DINSG;Deutschland insgesamt;DG;Deutschland;WZ08S6;WZ2008: Baugewerbe;WZ08-432-01;Ausbaugewerbe;28785,2;Mill. EUR;VBR004;Materialverbrauch, Einsatz an HW, Lohnarbeit
44253;Kostenstrukturerhebung im Baugewerbe;JAHR;Jahr;2020;DINSG;Deutschland insgesamt;DG;Deutschland;WZ08S6;WZ2008: Baugewerbe;WZ08-432-01;Ausbaugewerbe;24470,3;Mill. EUR;BWS003;Bruttowertschöpfung zu Faktorkosten
44253;Kostenstrukturerhebung im Baugewerbe;JAHR;Jahr;2020;DINSG;Deutschland insgesamt;DG;Deutschland;WZ08S6;WZ2008: Baugewerbe;WZ08-432-01;Ausbaugewerbe;4741,6;Mill. EUR;STR029;Indirekte Steuern abzüglich Subventionen
44253;Kostenstrukturerhebung im Baugewerbe;JAHR;Jahr;2020;DINSG;Deutschland insgesamt;DG;Deutschland;WZ08S6;WZ2008: Baugewerbe;WZ08-432-01;Ausbaugewerbe;29957,8;Mill. EUR;NPW001;Nettoproduktionswert
44253;Kostenstrukturerhebung im Baugewerbe;JAHR;Jahr;2020;DINSG;Deutschland insgesamt;DG;Deutschland;WZ08S6;WZ2008: Baugewerbe;WZ08-432-01;Ausbaugewerbe;732,4;Mill. EUR;ABS002;Abschreibungen
44253;Kostenstrukturerhebung im Baugewerbe;JAHR;Jahr;2015;DINSG;Deutschland insgesamt;DG;Deutschland;WZ08S6;WZ2008: Baugewerbe;WZ08-411;Erschließung von Grundstücken, Bauträger;271,2;Mill. EUR;KOS027;Sonst.Vorleist.u.sonst.ind.Steuern abzügl.Subvent.
44253;Kostenstrukturerhebung im Baugewerbe;JAHR;Jahr;2015;DINSG;Deutschland insgesamt;DG;Deutschland;WZ08S6;WZ2008: Baugewerbe;WZ08-411;Erschließung von Grundstücken, Bauträger;1475,2;Mill. EUR;BWS002;Bruttowertschöpfung zu Marktpreisen
44253;Kostenstrukturerhebung im Baugewerbe;JAHR;Jahr;2015;DINSG;Deutschland insgesamt;DG;Deutschland;WZ08S6;WZ2008: Baugewerbe;WZ08-411;Erschließung von Grundstücken, Bauträger;4287,9;Mill. EUR;BPW001;Bruttoproduktionswert
44253;Kostenstrukturerhebung im Baugewerbe;JAHR;Jahr;2015;DINSG;Deutschland insgesamt;DG;Deutschland;WZ08S6;WZ2008: Baugewerbe;WZ08-411;Erschließung von Grundstücken, Bauträger;1256,2;Mill. EUR;NWS003;Nettowertschöpfung zu Faktorkosten
44253;Kostenstrukturerhebung im Baugewerbe;JAHR;Jahr;2015;DINSG;Deutschland insgesamt;DG;Deutschland;WZ08S6;WZ2008: Baugewerbe;WZ08-411;Erschließung von Grundstücken, Bauträger;2727,2;Mill. EUR;VBR004;Materialverbrauch, Einsatz an HW, Lohnarbeit
44253;Kostenstrukturerhebung im Baugewerbe;JAHR;Jahr;2015;DINSG;Deutschland insgesamt;DG;Deutschland;WZ08S6;WZ2008: Baugewerbe;WZ08-411;Erschließung von Grundstücken, Bauträger;1289,6;Mill. EUR;BWS003;Bruttowertschöpfung zu Faktorkosten
44253;Kostenstrukturerhebung im Baugewerbe;JAHR;Jahr;2015;DINSG;Deutschland insgesamt;DG;Deutschland;WZ08S6;WZ2008: Baugewerbe;WZ08-411;Erschließung von Grundstücken, Bauträger;185,6;Mill. EUR;STR029;Indirekte Steuern abzüglich Subventionen
44253;Kostenstrukturerhebung im Baugewerbe;JAHR;Jahr;2015;DINSG;Deutschland insgesamt;DG;Deutschland;WZ08S6;WZ2008: Baugewerbe;WZ08-411;Erschließung von Grundstücken, Bauträger;1560,7;Mill. EUR;NPW001;Nettoproduktionswert
44253;Kostenstrukturerhebung im Baugewerbe;JAHR;Jahr;2015;DINSG;Deutschland insgesamt;DG;Deutschland;WZ08S6;WZ2008: Baugewerbe;WZ08-411;Erschließung von Grundstücken, Bauträger;33,3;Mill. EUR;ABS002;Abschreibungen
44253;Kostenstrukturerhebung im Baugewerbe;JAHR;Jahr;2008;DINSG;Deutschland insgesamt;DG;Deutschland;WZ08S6;WZ2008: Baugewerbe;WZ08-431;Abbrucharbeiten u. vorbereit. Baustellenarbeiten;330,8;Mill. EUR;KOS027;Sonst.Vorleist.u.sonst.ind.Steuern abzügl.Subvent.
44253;Kostenstrukturerhebung im Baugewerbe;JAHR;Jahr;2008;DINSG;Deutschland insgesamt;DG;Deutschland;WZ08S6;WZ2008: Baugewerbe;WZ08-431;Abbrucharbeiten u. vorbereit. Baustellenarbeiten;827,6;Mill. EUR;BWS002;Bruttowertschöpfung zu Marktpreisen
44253;Kostenstrukturerhebung im Baugewerbe;JAHR;Jahr;2008;DINSG;Deutschland insgesamt;DG;Deutschland;WZ08S6;WZ2008: Baugewerbe;WZ08-431;Abbrucharbeiten u. vorbereit. Baustellenarbeiten;1835,3;Mill. EUR;BPW001;Bruttoproduktionswert
44253;Kostenstrukturerhebung im Baugewerbe;JAHR;Jahr;2008;DINSG;Deutschland insgesamt;DG;Deutschland;WZ08S6;WZ2008: Baugewerbe;WZ08-431;Abbrucharbeiten u. vorbereit. Baustellenarbeiten;713,3;Mill. EUR;NWS003;Nettowertschöpfung zu Faktorkosten
44253;Kostenstrukturerhebung im Baugewerbe;JAHR;Jahr;2008;DINSG;Deutschland insgesamt;DG;Deutschland;WZ08S6;WZ2008: Baugewerbe;WZ08-431;Abbrucharbeiten u. vorbereit. Baustellenarbeiten;719,4;Mill. EUR;VBR004;Materialverbrauch, Einsatz an HW, Lohnarbeit
44253;Kostenstrukturerhebung im Baugewerbe;JAHR;Jahr;2008;DINSG;Deutschland insgesamt;DG;Deutschland;WZ08S6;WZ2008: Baugewerbe;WZ08-431;Abbrucharbeiten u. vorbereit. Baustellenarbeiten;785,2;Mill. EUR;BWS003;Bruttowertschöpfung zu Faktorkosten
44253;Kostenstrukturerhebung im Baugewerbe;JAHR;Jahr;2008;DINSG;Deutschland insgesamt;DG;Deutschland;WZ08S6;WZ2008: Baugewerbe;WZ08-431;Abbrucharbeiten u. vorbereit. Baustellenarbeiten;42,4;Mill. EUR;STR029;Indirekte Steuern abzüglich Subventionen
44253;Kostenstrukturerhebung im Baugewerbe;JAHR;Jahr;2008;DINSG;Deutschland insgesamt;DG;Deutschland;WZ08S6;WZ2008: Baugewerbe;WZ08-431;Abbrucharbeiten u. vorbereit. Baustellenarbeiten;1116,0;Mill. EUR;NPW001;Nettoproduktionswert
44253;Kostenstrukturerhebung im Baugewerbe;JAHR;Jahr;2008;DINSG;Deutschland insgesamt;DG;Deutschland;WZ08S6;WZ2008: Baugewerbe;WZ08-431;Abbrucharbeiten u. vorbereit. Baustellenarbeiten;71,9;Mill. EUR;ABS002;Abschreibungen
44253;Kostenstrukturerhebung im Baugewerbe;JAHR;Jahr;2020;DINSG;Deutschland insgesamt;DG;Deutschland;WZ08S6;WZ2008: Baugewerbe;WZ08-432;Bauinstallation;4287,9;Mill. EUR;KOS027;Sonst.Vorleist.u.sonst.ind.Steuern abzügl.Subvent.
44253;Kostenstrukturerhebung im Baugewerbe;JAHR;Jahr;2020;DINSG;Deutschland insgesamt;DG;Deutschland;WZ08S6;WZ2008: Baugewerbe;WZ08-432;Bauinstallation;22732,5;Mill. EUR;BWS002;Bruttowertschöpfung zu Marktpreisen
44253;Kostenstrukturerhebung im Baugewerbe;JAHR;Jahr;2020;DINSG;Deutschland insgesamt;DG;Deutschland;WZ08S6;WZ2008: Baugewerbe;WZ08-432;Bauinstallation;45907,1;Mill. EUR;BPW001;Bruttoproduktionswert
44253;Kostenstrukturerhebung im Baugewerbe;JAHR;Jahr;2020;DINSG;Deutschland insgesamt;DG;Deutschland;WZ08S6;WZ2008: Baugewerbe;WZ08-432;Bauinstallation;18495,7;Mill. EUR;NWS003;Nettowertschöpfung zu Faktorkosten
44253;Kostenstrukturerhebung im Baugewerbe;JAHR;Jahr;2020;DINSG;Deutschland insgesamt;DG;Deutschland;WZ08S6;WZ2008: Baugewerbe;WZ08-432;Bauinstallation;22586,5;Mill. EUR;VBR004;Materialverbrauch, Einsatz an HW, Lohnarbeit
44253;Kostenstrukturerhebung im Baugewerbe;JAHR;Jahr;2020;DINSG;Deutschland insgesamt;DG;Deutschland;WZ08S6;WZ2008: Baugewerbe;WZ08-432;Bauinstallation;19032,7;Mill. EUR;BWS003;Bruttowertschöpfung zu Faktorkosten
44253;Kostenstrukturerhebung im Baugewerbe;JAHR;Jahr;2020;DINSG;Deutschland insgesamt;DG;Deutschland;WZ08S6;WZ2008: Baugewerbe;WZ08-432;Bauinstallation;3699,8;Mill. EUR;STR029;Indirekte Steuern abzüglich Subventionen
44253;Kostenstrukturerhebung im Baugewerbe;JAHR;Jahr;2020;DINSG;Deutschland insgesamt;DG;Deutschland;WZ08S6;WZ2008: Baugewerbe;WZ08-432;Bauinstallation;23320,6;Mill. EUR;NPW001;Nettoproduktionswert
44253;Kostenstrukturerhebung im Baugewerbe;JAHR;Jahr;2020;DINSG;Deutschland insgesamt;DG;Deutschland;WZ08S6;WZ2008: Baugewerbe;WZ08-432;Bauinstallation;537,0;Mill. EUR;ABS002;Abschreibungen
44253;Kostenstrukturerhebung im Baugewerbe;JAHR;Jahr;2012;DINSG;Deutschland insgesamt;DG;Deutschland;WZ08S6;WZ2008: Baugewerbe;WZ08-4211;Bau von Straßen;1328,5;Mill. EUR;KOS027;Sonst.Vorleist.u.sonst.ind.Steuern abzügl.Subvent.
44253;Kostenstrukturerhebung im Baugewerbe;JAHR;Jahr;2012;DINSG;Deutschland insgesamt;DG;Deutschland;WZ08S6;WZ2008: Baugewerbe;WZ08-4211;Bau von Straßen;4268,2;Mill. EUR;BWS002;Bruttowertschöpfung zu Marktpreisen
44253;Kostenstrukturerhebung im Baugewerbe;JAHR;Jahr;2012;DINSG;Deutschland insgesamt;DG;Deutschland;WZ08S6;WZ2008: Baugewerbe;WZ08-4211;Bau von Straßen;11301,4;Mill. EUR;BPW001;Bruttoproduktionswert
44253;Kostenstrukturerhebung im Baugewerbe;JAHR;Jahr;2012;DINSG;Deutschland insgesamt;DG;Deutschland;WZ08S6;WZ2008: Baugewerbe;WZ08-4211;Bau von Straßen;3467,5;Mill. EUR;NWS003;Nettowertschöpfung zu Faktorkosten
44253;Kostenstrukturerhebung im Baugewerbe;JAHR;Jahr;2012;DINSG;Deutschland insgesamt;DG;Deutschland;WZ08S6;WZ2008: Baugewerbe;WZ08-4211;Bau von Straßen;6225,8;Mill. EUR;VBR004;Materialverbrauch, Einsatz an HW, Lohnarbeit
44253;Kostenstrukturerhebung im Baugewerbe;JAHR;Jahr;2012;DINSG;Deutschland insgesamt;DG;Deutschland;WZ08S6;WZ2008: Baugewerbe;WZ08-4211;Bau von Straßen;3747,0;Mill. EUR;BWS003;Bruttowertschöpfung zu Faktorkosten
44253;Kostenstrukturerhebung im Baugewerbe;JAHR;Jahr;2012;DINSG;Deutschland insgesamt;DG;Deutschland;WZ08S6;WZ2008: Baugewerbe;WZ08-4211;Bau von Straßen;521,2;Mill. EUR;STR029;Indirekte Steuern abzüglich Subventionen
44253;Kostenstrukturerhebung im Baugewerbe;JAHR;Jahr;2012;DINSG;Deutschland insgesamt;DG;Deutschland;WZ08S6;WZ2008: Baugewerbe;WZ08-4211;Bau von Straßen;5075,6;Mill. EUR;NPW001;Nettoproduktionswert
44253;Kostenstrukturerhebung im Baugewerbe;JAHR;Jahr;2012;DINSG;Deutschland insgesamt;DG;Deutschland;WZ08S6;WZ2008: Baugewerbe;WZ08-4211;Bau von Straßen;279,6;Mill. EUR;ABS002;Abschreibungen
44253;Kostenstrukturerhebung im Baugewerbe;JAHR;Jahr;2022;DINSG;Deutschland insgesamt;DG;Deutschland;WZ08S6;WZ2008: Baugewerbe;WZ08-412-02;Bau von Gebäuden, Tiefbau;9837,2;Mill. EUR;KOS027;Sonst.Vorleist.u.sonst.ind.Steuern abzügl.Subvent.
44253;Kostenstrukturerhebung im Baugewerbe;JAHR;Jahr;2022;DINSG;Deutschland insgesamt;DG;Deutschland;WZ08S6;WZ2008: Baugewerbe;WZ08-412-02;Bau von Gebäuden, Tiefbau;37973,2;Mill. EUR;BWS002;Bruttowertschöpfung zu Marktpreisen
44253;Kostenstrukturerhebung im Baugewerbe;JAHR;Jahr;2022;DINSG;Deutschland insgesamt;DG;Deutschland;WZ08S6;WZ2008: Baugewerbe;WZ08-412-02;Bau von Gebäuden, Tiefbau;94215,4;Mill. EUR;BPW001;Bruttoproduktionswert
44253;Kostenstrukturerhebung im Baugewerbe;JAHR;Jahr;2022;DINSG;Deutschland insgesamt;DG;Deutschland;WZ08S6;WZ2008: Baugewerbe;WZ08-412-02;Bau von Gebäuden, Tiefbau;28535,0;Mill. EUR;NWS003;Nettowertschöpfung zu Faktorkosten
44253;Kostenstrukturerhebung im Baugewerbe;JAHR;Jahr;2022;DINSG;Deutschland insgesamt;DG;Deutschland;WZ08S6;WZ2008: Baugewerbe;WZ08-412-02;Bau von Gebäuden, Tiefbau;54806,9;Mill. EUR;VBR004;Materialverbrauch, Einsatz an HW, Lohnarbeit
44253;Kostenstrukturerhebung im Baugewerbe;JAHR;Jahr;2022;DINSG;Deutschland insgesamt;DG;Deutschland;WZ08S6;WZ2008: Baugewerbe;WZ08-412-02;Bau von Gebäuden, Tiefbau;30437,3;Mill. EUR;BWS003;Bruttowertschöpfung zu Faktorkosten
44253;Kostenstrukturerhebung im Baugewerbe;JAHR;Jahr;2022;DINSG;Deutschland insgesamt;DG;Deutschland;WZ08S6;WZ2008: Baugewerbe;WZ08-412-02;Bau von Gebäuden, Tiefbau;7536,0;Mill. EUR;STR029;Indirekte Steuern abzüglich Subventionen
44253;Kostenstrukturerhebung im Baugewerbe;JAHR;Jahr;2022;DINSG;Deutschland insgesamt;DG;Deutschland;WZ08S6;WZ2008: Baugewerbe;WZ08-412-02;Bau von Gebäuden, Tiefbau;39408,5;Mill. EUR;NPW001;Nettoproduktionswert
44253;Kostenstrukturerhebung im Baugewerbe;JAHR;Jahr;2022;DINSG;Deutschland insgesamt;DG;Deutschland;WZ08S6;WZ2008: Baugewerbe;WZ08-412-02;Bau von Gebäuden, Tiefbau;1902,2;Mill. EUR;ABS002;Abschreibungen
44253;Kostenstrukturerhebung im Baugewerbe;JAHR;Jahr;2024;DINSG;Deutschland insgesamt;DG;Deutschland;WZ08S6;WZ2008: Baugewerbe;WZ08-4399;Sonstige spezialisierte Bautätigkeiten a.n.g.;2363,3;Mill. EUR;KOS027;Sonst.Vorleist.u.sonst.ind.Steuern abzügl.Subvent.
44253;Kostenstrukturerhebung im Baugewerbe;JAHR;Jahr;2024;DINSG;Deutschland insgesamt;DG;Deutschland;WZ08S6;WZ2008: Baugewerbe;WZ08-4399;Sonstige spezialisierte Bautätigkeiten a.n.g.;8772,6;Mill. EUR;BWS002;Bruttowertschöpfung zu Marktpreisen
44253;Kostenstrukturerhebung im Baugewerbe;JAHR;Jahr;2024;DINSG;Deutschland insgesamt;DG;Deutschland;WZ08S6;WZ2008: Baugewerbe;WZ08-4399;Sonstige spezialisierte Bautätigkeiten a.n.g.;16594,3;Mill. EUR;BPW001;Bruttoproduktionswert
44253;Kostenstrukturerhebung im Baugewerbe;JAHR;Jahr;2024;DINSG;Deutschland insgesamt;DG;Deutschland;WZ08S6;WZ2008: Baugewerbe;WZ08-4399;Sonstige spezialisierte Bautätigkeiten a.n.g.;7033,1;Mill. EUR;NWS003;Nettowertschöpfung zu Faktorkosten
44253;Kostenstrukturerhebung im Baugewerbe;JAHR;Jahr;2024;DINSG;Deutschland insgesamt;DG;Deutschland;WZ08S6;WZ2008: Baugewerbe;WZ08-4399;Sonstige spezialisierte Bautätigkeiten a.n.g.;6933,7;Mill. EUR;VBR004;Materialverbrauch, Einsatz an HW, Lohnarbeit
44253;Kostenstrukturerhebung im Baugewerbe;JAHR;Jahr;2024;DINSG;Deutschland insgesamt;DG;Deutschland;WZ08S6;WZ2008: Baugewerbe;WZ08-4399;Sonstige spezialisierte Bautätigkeiten a.n.g.;7576,7;Mill. EUR;BWS003;Bruttowertschöpfung zu Faktorkosten
44253;Kostenstrukturerhebung im Baugewerbe;JAHR;Jahr;2024;DINSG;Deutschland insgesamt;DG;Deutschland;WZ08S6;WZ2008: Baugewerbe;WZ08-4399;Sonstige spezialisierte Bautätigkeiten a.n.g.;1195,9;Mill. EUR;STR029;Indirekte Steuern abzüglich Subventionen
44253;Kostenstrukturerhebung im Baugewerbe;JAHR;Jahr;2024;DINSG;Deutschland insgesamt;DG;Deutschland;WZ08S6;WZ2008: Baugewerbe;WZ08-4399;Sonstige spezialisierte Bautätigkeiten a.n.g.;9746,9;Mill. EUR;NPW001;Nettoproduktionswert
44253;Kostenstrukturerhebung im Baugewerbe;JAHR;Jahr;2024;DINSG;Deutschland insgesamt;DG;Deutschland;WZ08S6;WZ2008: Baugewerbe;WZ08-4399;Sonstige spezialisierte Bautätigkeiten a.n.g.;543,6;Mill. EUR;ABS002;Abschreibungen
44253;Kostenstrukturerhebung im Baugewerbe;JAHR;Jahr;2021;DINSG;Deutschland insgesamt;DG;Deutschland;WZ08S6;WZ2008: Baugewerbe;WZ08-412-01;Bauhauptgewerbe;11850,7;Mill. EUR;KOS027;Sonst.Vorleist.u.sonst.ind.Steuern abzügl.Subvent.
44253;Kostenstrukturerhebung im Baugewerbe;JAHR;Jahr;2021;DINSG;Deutschland insgesamt;DG;Deutschland;WZ08S6;WZ2008: Baugewerbe;WZ08-412-01;Bauhauptgewerbe;47433,0;Mill. EUR;BWS002;Bruttowertschöpfung zu Marktpreisen
44253;Kostenstrukturerhebung im Baugewerbe;JAHR;Jahr;2021;DINSG;Deutschland insgesamt;DG;Deutschland;WZ08S6;WZ2008: Baugewerbe;WZ08-412-01;Bauhauptgewerbe;108397,6;Mill. EUR;BPW001;Bruttoproduktionswert
44253;Kostenstrukturerhebung im Baugewerbe;JAHR;Jahr;2021;DINSG;Deutschland insgesamt;DG;Deutschland;WZ08S6;WZ2008: Baugewerbe;WZ08-412-01;Bauhauptgewerbe;36287,4;Mill. EUR;NWS003;Nettowertschöpfung zu Faktorkosten
44253;Kostenstrukturerhebung im Baugewerbe;JAHR;Jahr;2021;DINSG;Deutschland insgesamt;DG;Deutschland;WZ08S6;WZ2008: Baugewerbe;WZ08-412-01;Bauhauptgewerbe;58861,7;Mill. EUR;VBR004;Materialverbrauch, Einsatz an HW, Lohnarbeit
44253;Kostenstrukturerhebung im Baugewerbe;JAHR;Jahr;2021;DINSG;Deutschland insgesamt;DG;Deutschland;WZ08S6;WZ2008: Baugewerbe;WZ08-412-01;Bauhauptgewerbe;38784,3;Mill. EUR;BWS003;Bruttowertschöpfung zu Faktorkosten
44253;Kostenstrukturerhebung im Baugewerbe;JAHR;Jahr;2021;DINSG;Deutschland insgesamt;DG;Deutschland;WZ08S6;WZ2008: Baugewerbe;WZ08-412-01;Bauhauptgewerbe;8648,7;Mill. EUR;STR029;Indirekte Steuern abzüglich Subventionen
44253;Kostenstrukturerhebung im Baugewerbe;JAHR;Jahr;2021;DINSG;Deutschland insgesamt;DG;Deutschland;WZ08S6;WZ2008: Baugewerbe;WZ08-412-01;Bauhauptgewerbe;49536,0;Mill. EUR;NPW001;Nettoproduktionswert
44253;Kostenstrukturerhebung im Baugewerbe;JAHR;Jahr;2021;DINSG;Deutschland insgesamt;DG;Deutschland;WZ08S6;WZ2008: Baugewerbe;WZ08-412-01;Bauhauptgewerbe;2496,9;Mill. EUR;ABS002;Abschreibungen
44253;Kostenstrukturerhebung im Baugewerbe;JAHR;Jahr;2023;DINSG;Deutschland insgesamt;DG;Deutschland;WZ08S6;WZ2008: Baugewerbe;WZ08-431;Abbrucharbeiten u. vorbereit. Baustellenarbeiten;659,9;Mill. EUR;KOS027;Sonst.Vorleist.u.sonst.ind.Steuern abzügl.Subvent.
44253;Kostenstrukturerhebung im Baugewerbe;JAHR;Jahr;2023;DINSG;Deutschland insgesamt;DG;Deutschland;WZ08S6;WZ2008: Baugewerbe;WZ08-431;Abbrucharbeiten u. vorbereit. Baustellenarbeiten;1864,6;Mill. EUR;BWS002;Bruttowertschöpfung zu Marktpreisen
44253;Kostenstrukturerhebung im Baugewerbe;JAHR;Jahr;2023;DINSG;Deutschland insgesamt;DG;Deutschland;WZ08S6;WZ2008: Baugewerbe;WZ08-431;Abbrucharbeiten u. vorbereit. Baustellenarbeiten;3957,6;Mill. EUR;BPW001;Bruttoproduktionswert
44253;Kostenstrukturerhebung im Baugewerbe;JAHR;Jahr;2023;DINSG;Deutschland insgesamt;DG;Deutschland;WZ08S6;WZ2008: Baugewerbe;WZ08-431;Abbrucharbeiten u. vorbereit. Baustellenarbeiten;1440,8;Mill. EUR;NWS003;Nettowertschöpfung zu Faktorkosten
44253;Kostenstrukturerhebung im Baugewerbe;JAHR;Jahr;2023;DINSG;Deutschland insgesamt;DG;Deutschland;WZ08S6;WZ2008: Baugewerbe;WZ08-431;Abbrucharbeiten u. vorbereit. Baustellenarbeiten;1762,6;Mill. EUR;VBR004;Materialverbrauch, Einsatz an HW, Lohnarbeit
44253;Kostenstrukturerhebung im Baugewerbe;JAHR;Jahr;2023;DINSG;Deutschland insgesamt;DG;Deutschland;WZ08S6;WZ2008: Baugewerbe;WZ08-431;Abbrucharbeiten u. vorbereit. Baustellenarbeiten;1583,0;Mill. EUR;BWS003;Bruttowertschöpfung zu Faktorkosten
44253;Kostenstrukturerhebung im Baugewerbe;JAHR;Jahr;2023;DINSG;Deutschland insgesamt;DG;Deutschland;WZ08S6;WZ2008: Baugewerbe;WZ08-431;Abbrucharbeiten u. vorbereit. Baustellenarbeiten;281,5;Mill. EUR;STR029;Indirekte Steuern abzüglich Subventionen
44253;Kostenstrukturerhebung im Baugewerbe;JAHR;Jahr;2023;DINSG;Deutschland insgesamt;DG;Deutschland;WZ08S6;WZ2008: Baugewerbe;WZ08-431;Abbrucharbeiten u. vorbereit. Baustellenarbeiten;2195,0;Mill. EUR;NPW001;Nettoproduktionswert
44253;Kostenstrukturerhebung im Baugewerbe;JAHR;Jahr;2023;DINSG;Deutschland insgesamt;DG;Deutschland;WZ08S6;WZ2008: Baugewerbe;WZ08-431;Abbrucharbeiten u. vorbereit. Baustellenarbeiten;142,3;Mill. EUR;ABS002;Abschreibungen
44253;Kostenstrukturerhebung im Baugewerbe;JAHR;Jahr;2020;DINSG;Deutschland insgesamt;DG;Deutschland;WZ08S6;WZ2008: Baugewerbe;WZ08-4331;Anbringen v. Stuckaturen, Gipserei u. Verputzerei;128,7;Mill. EUR;KOS027;Sonst.Vorleist.u.sonst.ind.Steuern abzügl.Subvent.
44253;Kostenstrukturerhebung im Baugewerbe;JAHR;Jahr;2020;DINSG;Deutschland insgesamt;DG;Deutschland;WZ08S6;WZ2008: Baugewerbe;WZ08-4331;Anbringen v. Stuckaturen, Gipserei u. Verputzerei;839,6;Mill. EUR;BWS002;Bruttowertschöpfung zu Marktpreisen
44253;Kostenstrukturerhebung im Baugewerbe;JAHR;Jahr;2020;DINSG;Deutschland insgesamt;DG;Deutschland;WZ08S6;WZ2008: Baugewerbe;WZ08-4331;Anbringen v. Stuckaturen, Gipserei u. Verputzerei;1649,1;Mill. EUR;BPW001;Bruttoproduktionswert
44253;Kostenstrukturerhebung im Baugewerbe;JAHR;Jahr;2020;DINSG;Deutschland insgesamt;DG;Deutschland;WZ08S6;WZ2008: Baugewerbe;WZ08-4331;Anbringen v. Stuckaturen, Gipserei u. Verputzerei;673,3;Mill. EUR;NWS003;Nettowertschöpfung zu Faktorkosten
44253;Kostenstrukturerhebung im Baugewerbe;JAHR;Jahr;2020;DINSG;Deutschland insgesamt;DG;Deutschland;WZ08S6;WZ2008: Baugewerbe;WZ08-4331;Anbringen v. Stuckaturen, Gipserei u. Verputzerei;826,5;Mill. EUR;VBR004;Materialverbrauch, Einsatz an HW, Lohnarbeit
44253;Kostenstrukturerhebung im Baugewerbe;JAHR;Jahr;2020;DINSG;Deutschland insgesamt;DG;Deutschland;WZ08S6;WZ2008: Baugewerbe;WZ08-4331;Anbringen v. Stuckaturen, Gipserei u. Verputzerei;693,9;Mill. EUR;BWS003;Bruttowertschöpfung zu Faktorkosten
44253;Kostenstrukturerhebung im Baugewerbe;JAHR;Jahr;2020;DINSG;Deutschland insgesamt;DG;Deutschland;WZ08S6;WZ2008: Baugewerbe;WZ08-4331;Anbringen v. Stuckaturen, Gipserei u. Verputzerei;145,7;Mill. EUR;STR029;Indirekte Steuern abzüglich Subventionen
44253;Kostenstrukturerhebung im Baugewerbe;JAHR;Jahr;2020;DINSG;Deutschland insgesamt;DG;Deutschland;WZ08S6;WZ2008: Baugewerbe;WZ08-4331;Anbringen v. Stuckaturen, Gipserei u. Verputzerei;822,6;Mill. EUR;NPW001;Nettoproduktionswert
44253;Kostenstrukturerhebung im Baugewerbe;JAHR;Jahr;2020;DINSG;Deutschland insgesamt;DG;Deutschland;WZ08S6;WZ2008: Baugewerbe;WZ08-4331;Anbringen v. Stuckaturen, Gipserei u. Verputzerei;20,7;Mill. EUR;ABS002;Abschreibungen
44253;Kostenstrukturerhebung im Baugewerbe;JAHR;Jahr;2010;DINSG;Deutschland insgesamt;DG;Deutschland;WZ08S6;WZ2008: Baugewerbe;WZ08-4391;Dachdeckerei und Zimmerei;301,2;Mill. EUR;KOS027;Sonst.Vorleist.u.sonst.ind.Steuern abzügl.Subvent.
44253;Kostenstrukturerhebung im Baugewerbe;JAHR;Jahr;2010;DINSG;Deutschland insgesamt;DG;Deutschland;WZ08S6;WZ2008: Baugewerbe;WZ08-4391;Dachdeckerei und Zimmerei;1528,5;Mill. EUR;BWS002;Bruttowertschöpfung zu Marktpreisen
44253;Kostenstrukturerhebung im Baugewerbe;JAHR;Jahr;2010;DINSG;Deutschland insgesamt;DG;Deutschland;WZ08S6;WZ2008: Baugewerbe;WZ08-4391;Dachdeckerei und Zimmerei;3554,7;Mill. EUR;BPW001;Bruttoproduktionswert
44253;Kostenstrukturerhebung im Baugewerbe;JAHR;Jahr;2010;DINSG;Deutschland insgesamt;DG;Deutschland;WZ08S6;WZ2008: Baugewerbe;WZ08-4391;Dachdeckerei und Zimmerei;1259,3;Mill. EUR;NWS003;Nettowertschöpfung zu Faktorkosten
44253;Kostenstrukturerhebung im Baugewerbe;JAHR;Jahr;2010;DINSG;Deutschland insgesamt;DG;Deutschland;WZ08S6;WZ2008: Baugewerbe;WZ08-4391;Dachdeckerei und Zimmerei;1946,9;Mill. EUR;VBR004;Materialverbrauch, Einsatz an HW, Lohnarbeit
44253;Kostenstrukturerhebung im Baugewerbe;JAHR;Jahr;2010;DINSG;Deutschland insgesamt;DG;Deutschland;WZ08S6;WZ2008: Baugewerbe;WZ08-4391;Dachdeckerei und Zimmerei;1306,7;Mill. EUR;BWS003;Bruttowertschöpfung zu Faktorkosten
44253;Kostenstrukturerhebung im Baugewerbe;JAHR;Jahr;2010;DINSG;Deutschland insgesamt;DG;Deutschland;WZ08S6;WZ2008: Baugewerbe;WZ08-4391;Dachdeckerei und Zimmerei;221,8;Mill. EUR;STR029;Indirekte Steuern abzüglich Subventionen
44253;Kostenstrukturerhebung im Baugewerbe;JAHR;Jahr;2010;DINSG;Deutschland insgesamt;DG;Deutschland;WZ08S6;WZ2008: Baugewerbe;WZ08-4391;Dachdeckerei und Zimmerei;1607,8;Mill. EUR;NPW001;Nettoproduktionswert
44253;Kostenstrukturerhebung im Baugewerbe;JAHR;Jahr;2010;DINSG;Deutschland insgesamt;DG;Deutschland;WZ08S6;WZ2008: Baugewerbe;WZ08-4391;Dachdeckerei und Zimmerei;47,3;Mill. EUR;ABS002;Abschreibungen
44253;Kostenstrukturerhebung im Baugewerbe;JAHR;Jahr;2022;DINSG;Deutschland insgesamt;DG;Deutschland;WZ08S6;WZ2008: Baugewerbe;WZ08-4213;Brücken- und Tunnelbau;268,4;Mill. EUR;KOS027;Sonst.Vorleist.u.sonst.ind.Steuern abzügl.Subvent.
44253;Kostenstrukturerhebung im Baugewerbe;JAHR;Jahr;2022;DINSG;Deutschland insgesamt;DG;Deutschland;WZ08S6;WZ2008: Baugewerbe;WZ08-4213;Brücken- und Tunnelbau;724,2;Mill. EUR;BWS002;Bruttowertschöpfung zu Marktpreisen
44253;Kostenstrukturerhebung im Baugewerbe;JAHR;Jahr;2022;DINSG;Deutschland insgesamt;DG;Deutschland;WZ08S6;WZ2008: Baugewerbe;WZ08-4213;Brücken- und Tunnelbau;2330,4;Mill. EUR;BPW001;Bruttoproduktionswert
44253;Kostenstrukturerhebung im Baugewerbe;JAHR;Jahr;2022;DINSG;Deutschland insgesamt;DG;Deutschland;WZ08S6;WZ2008: Baugewerbe;WZ08-4213;Brücken- und Tunnelbau;598,1;Mill. EUR;NWS003;Nettowertschöpfung zu Faktorkosten
44253;Kostenstrukturerhebung im Baugewerbe;JAHR;Jahr;2022;DINSG;Deutschland insgesamt;DG;Deutschland;WZ08S6;WZ2008: Baugewerbe;WZ08-4213;Brücken- und Tunnelbau;1431,8;Mill. EUR;VBR004;Materialverbrauch, Einsatz an HW, Lohnarbeit
44253;Kostenstrukturerhebung im Baugewerbe;JAHR;Jahr;2022;DINSG;Deutschland insgesamt;DG;Deutschland;WZ08S6;WZ2008: Baugewerbe;WZ08-4213;Brücken- und Tunnelbau;638,7;Mill. EUR;BWS003;Bruttowertschöpfung zu Faktorkosten
44253;Kostenstrukturerhebung im Baugewerbe;JAHR;Jahr;2022;DINSG;Deutschland insgesamt;DG;Deutschland;WZ08S6;WZ2008: Baugewerbe;WZ08-4213;Brücken- und Tunnelbau;85,4;Mill. EUR;STR029;Indirekte Steuern abzüglich Subventionen
44253;Kostenstrukturerhebung im Baugewerbe;JAHR;Jahr;2022;DINSG;Deutschland insgesamt;DG;Deutschland;WZ08S6;WZ2008: Baugewerbe;WZ08-4213;Brücken- und Tunnelbau;898,6;Mill. EUR;NPW001;Nettoproduktionswert
44253;Kostenstrukturerhebung im Baugewerbe;JAHR;Jahr;2022;DINSG;Deutschland insgesamt;DG;Deutschland;WZ08S6;WZ2008: Baugewerbe;WZ08-4213;Brücken- und Tunnelbau;40,7;Mill. EUR;ABS002;Abschreibungen
44253;Kostenstrukturerhebung im Baugewerbe;JAHR;Jahr;2009;DINSG;Deutschland insgesamt;DG;Deutschland;WZ08S6;WZ2008: Baugewerbe;WZ08-4399;Sonstige spezialisierte Bautätigkeiten a.n.g.;961,0;Mill. EUR;KOS027;Sonst.Vorleist.u.sonst.ind.Steuern abzügl.Subvent.
44253;Kostenstrukturerhebung im Baugewerbe;JAHR;Jahr;2009;DINSG;Deutschland insgesamt;DG;Deutschland;WZ08S6;WZ2008: Baugewerbe;WZ08-4399;Sonstige spezialisierte Bautätigkeiten a.n.g.;3107,0;Mill. EUR;BWS002;Bruttowertschöpfung zu Marktpreisen
44253;Kostenstrukturerhebung im Baugewerbe;JAHR;Jahr;2009;DINSG;Deutschland insgesamt;DG;Deutschland;WZ08S6;WZ2008: Baugewerbe;WZ08-4399;Sonstige spezialisierte Bautätigkeiten a.n.g.;7773,2;Mill. EUR;BPW001;Bruttoproduktionswert
44253;Kostenstrukturerhebung im Baugewerbe;JAHR;Jahr;2009;DINSG;Deutschland insgesamt;DG;Deutschland;WZ08S6;WZ2008: Baugewerbe;WZ08-4399;Sonstige spezialisierte Bautätigkeiten a.n.g.;2486,4;Mill. EUR;NWS003;Nettowertschöpfung zu Faktorkosten
44253;Kostenstrukturerhebung im Baugewerbe;JAHR;Jahr;2009;DINSG;Deutschland insgesamt;DG;Deutschland;WZ08S6;WZ2008: Baugewerbe;WZ08-4399;Sonstige spezialisierte Bautätigkeiten a.n.g.;4111,2;Mill. EUR;VBR004;Materialverbrauch, Einsatz an HW, Lohnarbeit
44253;Kostenstrukturerhebung im Baugewerbe;JAHR;Jahr;2009;DINSG;Deutschland insgesamt;DG;Deutschland;WZ08S6;WZ2008: Baugewerbe;WZ08-4399;Sonstige spezialisierte Bautätigkeiten a.n.g.;2701,0;Mill. EUR;BWS003;Bruttowertschöpfung zu Faktorkosten
44253;Kostenstrukturerhebung im Baugewerbe;JAHR;Jahr;2009;DINSG;Deutschland insgesamt;DG;Deutschland;WZ08S6;WZ2008: Baugewerbe;WZ08-4399;Sonstige spezialisierte Bautätigkeiten a.n.g.;406,0;Mill. EUR;STR029;Indirekte Steuern abzüglich Subventionen
44253;Kostenstrukturerhebung im Baugewerbe;JAHR;Jahr;2009;DINSG;Deutschland insgesamt;DG;Deutschland;WZ08S6;WZ2008: Baugewerbe;WZ08-4399;Sonstige spezialisierte Bautätigkeiten a.n.g.;3662,0;Mill. EUR;NPW001;Nettoproduktionswert
44253;Kostenstrukturerhebung im Baugewerbe;JAHR;Jahr;2009;DINSG;Deutschland insgesamt;DG;Deutschland;WZ08S6;WZ2008: Baugewerbe;WZ08-4399;Sonstige spezialisierte Bautätigkeiten a.n.g.;214,6;Mill. EUR;ABS002;Abschreibungen
44253;Kostenstrukturerhebung im Baugewerbe;JAHR;Jahr;2021;DINSG;Deutschland insgesamt;DG;Deutschland;WZ08S6;WZ2008: Baugewerbe;WZ08-F;Baugewerbe;17884,5;Mill. EUR;KOS027;Sonst.Vorleist.u.sonst.ind.Steuern abzügl.Subvent.
44253;Kostenstrukturerhebung im Baugewerbe;JAHR;Jahr;2021;DINSG;Deutschland insgesamt;DG;Deutschland;WZ08S6;WZ2008: Baugewerbe;WZ08-F;Baugewerbe;84354,5;Mill. EUR;BWS002;Bruttowertschöpfung zu Marktpreisen
44253;Kostenstrukturerhebung im Baugewerbe;JAHR;Jahr;2021;DINSG;Deutschland insgesamt;DG;Deutschland;WZ08S6;WZ2008: Baugewerbe;WZ08-F;Baugewerbe;178952,7;Mill. EUR;BPW001;Bruttoproduktionswert
44253;Kostenstrukturerhebung im Baugewerbe;JAHR;Jahr;2021;DINSG;Deutschland insgesamt;DG;Deutschland;WZ08S6;WZ2008: Baugewerbe;WZ08-F;Baugewerbe;66426,8;Mill. EUR;NWS003;Nettowertschöpfung zu Faktorkosten
44253;Kostenstrukturerhebung im Baugewerbe;JAHR;Jahr;2021;DINSG;Deutschland insgesamt;DG;Deutschland;WZ08S6;WZ2008: Baugewerbe;WZ08-F;Baugewerbe;93192,4;Mill. EUR;VBR004;Materialverbrauch, Einsatz an HW, Lohnarbeit
44253;Kostenstrukturerhebung im Baugewerbe;JAHR;Jahr;2021;DINSG;Deutschland insgesamt;DG;Deutschland;WZ08S6;WZ2008: Baugewerbe;WZ08-F;Baugewerbe;69733,4;Mill. EUR;BWS003;Bruttowertschöpfung zu Faktorkosten
44253;Kostenstrukturerhebung im Baugewerbe;JAHR;Jahr;2021;DINSG;Deutschland insgesamt;DG;Deutschland;WZ08S6;WZ2008: Baugewerbe;WZ08-F;Baugewerbe;14621,2;Mill. EUR;STR029;Indirekte Steuern abzüglich Subventionen
44253;Kostenstrukturerhebung im Baugewerbe;JAHR;Jahr;2021;DINSG;Deutschland insgesamt;DG;Deutschland;WZ08S6;WZ2008: Baugewerbe;WZ08-F;Baugewerbe;85760,3;Mill. EUR;NPW001;Nettoproduktionswert
44253;Kostenstrukturerhebung im Baugewerbe;JAHR;Jahr;2021;DINSG;Deutschland insgesamt;DG;Deutschland;WZ08S6;WZ2008: Baugewerbe;WZ08-F;Baugewerbe;3306,6;Mill. EUR;ABS002;Abschreibungen
44253;Kostenstrukturerhebung im Baugewerbe;JAHR;Jahr;2008;DINSG;Deutschland insgesamt;DG;Deutschland;WZ08S6;WZ2008: Baugewerbe;WZ08-4211;Bau von Straßen;1138,8;Mill. EUR;KOS027;Sonst.Vorleist.u.sonst.ind.Steuern abzügl.Subvent.
44253;Kostenstrukturerhebung im Baugewerbe;JAHR;Jahr;2008;DINSG;Deutschland insgesamt;DG;Deutschland;WZ08S6;WZ2008: Baugewerbe;WZ08-4211;Bau von Straßen;3479,3;Mill. EUR;BWS002;Bruttowertschöpfung zu Marktpreisen
44253;Kostenstrukturerhebung im Baugewerbe;JAHR;Jahr;2008;DINSG;Deutschland insgesamt;DG;Deutschland;WZ08S6;WZ2008: Baugewerbe;WZ08-4211;Bau von Straßen;10224,8;Mill. EUR;BPW001;Bruttoproduktionswert
44253;Kostenstrukturerhebung im Baugewerbe;JAHR;Jahr;2008;DINSG;Deutschland insgesamt;DG;Deutschland;WZ08S6;WZ2008: Baugewerbe;WZ08-4211;Bau von Straßen;2654,0;Mill. EUR;NWS003;Nettowertschöpfung zu Faktorkosten
44253;Kostenstrukturerhebung im Baugewerbe;JAHR;Jahr;2008;DINSG;Deutschland insgesamt;DG;Deutschland;WZ08S6;WZ2008: Baugewerbe;WZ08-4211;Bau von Straßen;6194,2;Mill. EUR;VBR004;Materialverbrauch, Einsatz an HW, Lohnarbeit
44253;Kostenstrukturerhebung im Baugewerbe;JAHR;Jahr;2008;DINSG;Deutschland insgesamt;DG;Deutschland;WZ08S6;WZ2008: Baugewerbe;WZ08-4211;Bau von Straßen;2891,9;Mill. EUR;BWS003;Bruttowertschöpfung zu Faktorkosten
44253;Kostenstrukturerhebung im Baugewerbe;JAHR;Jahr;2008;DINSG;Deutschland insgesamt;DG;Deutschland;WZ08S6;WZ2008: Baugewerbe;WZ08-4211;Bau von Straßen;587,5;Mill. EUR;STR029;Indirekte Steuern abzüglich Subventionen
44253;Kostenstrukturerhebung im Baugewerbe;JAHR;Jahr;2008;DINSG;Deutschland insgesamt;DG;Deutschland;WZ08S6;WZ2008: Baugewerbe;WZ08-4211;Bau von Straßen;4030,7;Mill. EUR;NPW001;Nettoproduktionswert
44253;Kostenstrukturerhebung im Baugewerbe;JAHR;Jahr;2008;DINSG;Deutschland insgesamt;DG;Deutschland;WZ08S6;WZ2008: Baugewerbe;WZ08-4211;Bau von Straßen;237,8;Mill. EUR;ABS002;Abschreibungen
44253;Kostenstrukturerhebung im Baugewerbe;JAHR;Jahr;2010;DINSG;Deutschland insgesamt;DG;Deutschland;WZ08S6;WZ2008: Baugewerbe;WZ08-412-02;Bau von Gebäuden, Tiefbau;4873,6;Mill. EUR;KOS027;Sonst.Vorleist.u.sonst.ind.Steuern abzügl.Subvent.
44253;Kostenstrukturerhebung im Baugewerbe;JAHR;Jahr;2010;DINSG;Deutschland insgesamt;DG;Deutschland;WZ08S6;WZ2008: Baugewerbe;WZ08-412-02;Bau von Gebäuden, Tiefbau;18394,5;Mill. EUR;BWS002;Bruttowertschöpfung zu Marktpreisen
44253;Kostenstrukturerhebung im Baugewerbe;JAHR;Jahr;2010;DINSG;Deutschland insgesamt;DG;Deutschland;WZ08S6;WZ2008: Baugewerbe;WZ08-412-02;Bau von Gebäuden, Tiefbau;45949,9;Mill. EUR;BPW001;Bruttoproduktionswert
44253;Kostenstrukturerhebung im Baugewerbe;JAHR;Jahr;2010;DINSG;Deutschland insgesamt;DG;Deutschland;WZ08S6;WZ2008: Baugewerbe;WZ08-412-02;Bau von Gebäuden, Tiefbau;14550,9;Mill. EUR;NWS003;Nettowertschöpfung zu Faktorkosten
44253;Kostenstrukturerhebung im Baugewerbe;JAHR;Jahr;2010;DINSG;Deutschland insgesamt;DG;Deutschland;WZ08S6;WZ2008: Baugewerbe;WZ08-412-02;Bau von Gebäuden, Tiefbau;25603,0;Mill. EUR;VBR004;Materialverbrauch, Einsatz an HW, Lohnarbeit
44253;Kostenstrukturerhebung im Baugewerbe;JAHR;Jahr;2010;DINSG;Deutschland insgesamt;DG;Deutschland;WZ08S6;WZ2008: Baugewerbe;WZ08-412-02;Bau von Gebäuden, Tiefbau;15473,3;Mill. EUR;BWS003;Bruttowertschöpfung zu Faktorkosten
44253;Kostenstrukturerhebung im Baugewerbe;JAHR;Jahr;2010;DINSG;Deutschland insgesamt;DG;Deutschland;WZ08S6;WZ2008: Baugewerbe;WZ08-412-02;Bau von Gebäuden, Tiefbau;2921,2;Mill. EUR;STR029;Indirekte Steuern abzüglich Subventionen
44253;Kostenstrukturerhebung im Baugewerbe;JAHR;Jahr;2010;DINSG;Deutschland insgesamt;DG;Deutschland;WZ08S6;WZ2008: Baugewerbe;WZ08-412-02;Bau von Gebäuden, Tiefbau;20346,9;Mill. EUR;NPW001;Nettoproduktionswert
44253;Kostenstrukturerhebung im Baugewerbe;JAHR;Jahr;2010;DINSG;Deutschland insgesamt;DG;Deutschland;WZ08S6;WZ2008: Baugewerbe;WZ08-412-02;Bau von Gebäuden, Tiefbau;922,4;Mill. EUR;ABS002;Abschreibungen
44253;Kostenstrukturerhebung im Baugewerbe;JAHR;Jahr;2017;DINSG;Deutschland insgesamt;DG;Deutschland;WZ08S6;WZ2008: Baugewerbe;WZ08-412-01;Bauhauptgewerbe;9296,1;Mill. EUR;KOS027;Sonst.Vorleist.u.sonst.ind.Steuern abzügl.Subvent.
44253;Kostenstrukturerhebung im Baugewerbe;JAHR;Jahr;2017;DINSG;Deutschland insgesamt;DG;Deutschland;WZ08S6;WZ2008: Baugewerbe;WZ08-412-01;Bauhauptgewerbe;35373,5;Mill. EUR;BWS002;Bruttowertschöpfung zu Marktpreisen
44253;Kostenstrukturerhebung im Baugewerbe;JAHR;Jahr;2017;DINSG;Deutschland insgesamt;DG;Deutschland;WZ08S6;WZ2008: Baugewerbe;WZ08-412-01;Bauhauptgewerbe;85939,4;Mill. EUR;BPW001;Bruttoproduktionswert
44253;Kostenstrukturerhebung im Baugewerbe;JAHR;Jahr;2017;DINSG;Deutschland insgesamt;DG;Deutschland;WZ08S6;WZ2008: Baugewerbe;WZ08-412-01;Bauhauptgewerbe;27224,6;Mill. EUR;NWS003;Nettowertschöpfung zu Faktorkosten
44253;Kostenstrukturerhebung im Baugewerbe;JAHR;Jahr;2017;DINSG;Deutschland insgesamt;DG;Deutschland;WZ08S6;WZ2008: Baugewerbe;WZ08-412-01;Bauhauptgewerbe;47665,6;Mill. EUR;VBR004;Materialverbrauch, Einsatz an HW, Lohnarbeit
44253;Kostenstrukturerhebung im Baugewerbe;JAHR;Jahr;2017;DINSG;Deutschland insgesamt;DG;Deutschland;WZ08S6;WZ2008: Baugewerbe;WZ08-412-01;Bauhauptgewerbe;28977,8;Mill. EUR;BWS003;Bruttowertschöpfung zu Faktorkosten
44253;Kostenstrukturerhebung im Baugewerbe;JAHR;Jahr;2017;DINSG;Deutschland insgesamt;DG;Deutschland;WZ08S6;WZ2008: Baugewerbe;WZ08-412-01;Bauhauptgewerbe;6395,5;Mill. EUR;STR029;Indirekte Steuern abzüglich Subventionen
44253;Kostenstrukturerhebung im Baugewerbe;JAHR;Jahr;2017;DINSG;Deutschland insgesamt;DG;Deutschland;WZ08S6;WZ2008: Baugewerbe;WZ08-412-01;Bauhauptgewerbe;38273,8;Mill. EUR;NPW001;Nettoproduktionswert
44253;Kostenstrukturerhebung im Baugewerbe;JAHR;Jahr;2017;DINSG;Deutschland insgesamt;DG;Deutschland;WZ08S6;WZ2008: Baugewerbe;WZ08-412-01;Bauhauptgewerbe;1753,1;Mill. EUR;ABS002;Abschreibungen
44253;Kostenstrukturerhebung im Baugewerbe;JAHR;Jahr;2023;DINSG;Deutschland insgesamt;DG;Deutschland;WZ08S6;WZ2008: Baugewerbe;WZ08-4211;Bau von Straßen;2367,7;Mill. EUR;KOS027;Sonst.Vorleist.u.sonst.ind.Steuern abzügl.Subvent.
44253;Kostenstrukturerhebung im Baugewerbe;JAHR;Jahr;2023;DINSG;Deutschland insgesamt;DG;Deutschland;WZ08S6;WZ2008: Baugewerbe;WZ08-4211;Bau von Straßen;7748,8;Mill. EUR;BWS002;Bruttowertschöpfung zu Marktpreisen
44253;Kostenstrukturerhebung im Baugewerbe;JAHR;Jahr;2023;DINSG;Deutschland insgesamt;DG;Deutschland;WZ08S6;WZ2008: Baugewerbe;WZ08-4211;Bau von Straßen;17352,0;Mill. EUR;BPW001;Bruttoproduktionswert
44253;Kostenstrukturerhebung im Baugewerbe;JAHR;Jahr;2023;DINSG;Deutschland insgesamt;DG;Deutschland;WZ08S6;WZ2008: Baugewerbe;WZ08-4211;Bau von Straßen;5877,2;Mill. EUR;NWS003;Nettowertschöpfung zu Faktorkosten
44253;Kostenstrukturerhebung im Baugewerbe;JAHR;Jahr;2023;DINSG;Deutschland insgesamt;DG;Deutschland;WZ08S6;WZ2008: Baugewerbe;WZ08-4211;Bau von Straßen;8813,9;Mill. EUR;VBR004;Materialverbrauch, Einsatz an HW, Lohnarbeit
44253;Kostenstrukturerhebung im Baugewerbe;JAHR;Jahr;2023;DINSG;Deutschland insgesamt;DG;Deutschland;WZ08S6;WZ2008: Baugewerbe;WZ08-4211;Bau von Straßen;6411,4;Mill. EUR;BWS003;Bruttowertschöpfung zu Faktorkosten
44253;Kostenstrukturerhebung im Baugewerbe;JAHR;Jahr;2023;DINSG;Deutschland insgesamt;DG;Deutschland;WZ08S6;WZ2008: Baugewerbe;WZ08-4211;Bau von Straßen;1337,3;Mill. EUR;STR029;Indirekte Steuern abzüglich Subventionen
44253;Kostenstrukturerhebung im Baugewerbe;JAHR;Jahr;2023;DINSG;Deutschland insgesamt;DG;Deutschland;WZ08S6;WZ2008: Baugewerbe;WZ08-4211;Bau von Straßen;8538,1;Mill. EUR;NPW001;Nettoproduktionswert
44253;Kostenstrukturerhebung im Baugewerbe;JAHR;Jahr;2023;DINSG;Deutschland insgesamt;DG;Deutschland;WZ08S6;WZ2008: Baugewerbe;WZ08-4211;Bau von Straßen;534,2;Mill. EUR;ABS002;Abschreibungen
44253;Kostenstrukturerhebung im Baugewerbe;JAHR;Jahr;2017;DINSG;Deutschland insgesamt;DG;Deutschland;WZ08S6;WZ2008: Baugewerbe;WZ08-4331;Anbringen v. Stuckaturen, Gipserei u. Verputzerei;104,8;Mill. EUR;KOS027;Sonst.Vorleist.u.sonst.ind.Steuern abzügl.Subvent.
44253;Kostenstrukturerhebung im Baugewerbe;JAHR;Jahr;2017;DINSG;Deutschland insgesamt;DG;Deutschland;WZ08S6;WZ2008: Baugewerbe;WZ08-4331;Anbringen v. Stuckaturen, Gipserei u. Verputzerei;648,5;Mill. EUR;BWS002;Bruttowertschöpfung zu Marktpreisen
44253;Kostenstrukturerhebung im Baugewerbe;JAHR;Jahr;2017;DINSG;Deutschland insgesamt;DG;Deutschland;WZ08S6;WZ2008: Baugewerbe;WZ08-4331;Anbringen v. Stuckaturen, Gipserei u. Verputzerei;1227,1;Mill. EUR;BPW001;Bruttoproduktionswert
44253;Kostenstrukturerhebung im Baugewerbe;JAHR;Jahr;2017;DINSG;Deutschland insgesamt;DG;Deutschland;WZ08S6;WZ2008: Baugewerbe;WZ08-4331;Anbringen v. Stuckaturen, Gipserei u. Verputzerei;522,7;Mill. EUR;NWS003;Nettowertschöpfung zu Faktorkosten
44253;Kostenstrukturerhebung im Baugewerbe;JAHR;Jahr;2017;DINSG;Deutschland insgesamt;DG;Deutschland;WZ08S6;WZ2008: Baugewerbe;WZ08-4331;Anbringen v. Stuckaturen, Gipserei u. Verputzerei;585,2;Mill. EUR;VBR004;Materialverbrauch, Einsatz an HW, Lohnarbeit
44253;Kostenstrukturerhebung im Baugewerbe;JAHR;Jahr;2017;DINSG;Deutschland insgesamt;DG;Deutschland;WZ08S6;WZ2008: Baugewerbe;WZ08-4331;Anbringen v. Stuckaturen, Gipserei u. Verputzerei;537,2;Mill. EUR;BWS003;Bruttowertschöpfung zu Faktorkosten
44253;Kostenstrukturerhebung im Baugewerbe;JAHR;Jahr;2017;DINSG;Deutschland insgesamt;DG;Deutschland;WZ08S6;WZ2008: Baugewerbe;WZ08-4331;Anbringen v. Stuckaturen, Gipserei u. Verputzerei;111,4;Mill. EUR;STR029;Indirekte Steuern abzüglich Subventionen
44253;Kostenstrukturerhebung im Baugewerbe;JAHR;Jahr;2017;DINSG;Deutschland insgesamt;DG;Deutschland;WZ08S6;WZ2008: Baugewerbe;WZ08-4331;Anbringen v. Stuckaturen, Gipserei u. Verputzerei;642,0;Mill. EUR;NPW001;Nettoproduktionswert
44253;Kostenstrukturerhebung im Baugewerbe;JAHR;Jahr;2017;DINSG;Deutschland insgesamt;DG;Deutschland;WZ08S6;WZ2008: Baugewerbe;WZ08-4331;Anbringen v. Stuckaturen, Gipserei u. Verputzerei;14,5;Mill. EUR;ABS002;Abschreibungen
44253;Kostenstrukturerhebung im Baugewerbe;JAHR;Jahr;2012;DINSG;Deutschland insgesamt;DG;Deutschland;WZ08S6;WZ2008: Baugewerbe;WZ08-431;Abbrucharbeiten u. vorbereit. Baustellenarbeiten;373,9;Mill. EUR;KOS027;Sonst.Vorleist.u.sonst.ind.Steuern abzügl.Subvent.
44253;Kostenstrukturerhebung im Baugewerbe;JAHR;Jahr;2012;DINSG;Deutschland insgesamt;DG;Deutschland;WZ08S6;WZ2008: Baugewerbe;WZ08-431;Abbrucharbeiten u. vorbereit. Baustellenarbeiten;746,7;Mill. EUR;BWS002;Bruttowertschöpfung zu Marktpreisen
44253;Kostenstrukturerhebung im Baugewerbe;JAHR;Jahr;2012;DINSG;Deutschland insgesamt;DG;Deutschland;WZ08S6;WZ2008: Baugewerbe;WZ08-431;Abbrucharbeiten u. vorbereit. Baustellenarbeiten;1990,5;Mill. EUR;BPW001;Bruttoproduktionswert
44253;Kostenstrukturerhebung im Baugewerbe;JAHR;Jahr;2012;DINSG;Deutschland insgesamt;DG;Deutschland;WZ08S6;WZ2008: Baugewerbe;WZ08-431;Abbrucharbeiten u. vorbereit. Baustellenarbeiten;663,6;Mill. EUR;NWS003;Nettowertschöpfung zu Faktorkosten
44253;Kostenstrukturerhebung im Baugewerbe;JAHR;Jahr;2012;DINSG;Deutschland insgesamt;DG;Deutschland;WZ08S6;WZ2008: Baugewerbe;WZ08-431;Abbrucharbeiten u. vorbereit. Baustellenarbeiten;879,3;Mill. EUR;VBR004;Materialverbrauch, Einsatz an HW, Lohnarbeit
44253;Kostenstrukturerhebung im Baugewerbe;JAHR;Jahr;2012;DINSG;Deutschland insgesamt;DG;Deutschland;WZ08S6;WZ2008: Baugewerbe;WZ08-431;Abbrucharbeiten u. vorbereit. Baustellenarbeiten;737,3;Mill. EUR;BWS003;Bruttowertschöpfung zu Faktorkosten
44253;Kostenstrukturerhebung im Baugewerbe;JAHR;Jahr;2012;DINSG;Deutschland insgesamt;DG;Deutschland;WZ08S6;WZ2008: Baugewerbe;WZ08-431;Abbrucharbeiten u. vorbereit. Baustellenarbeiten;9,4;Mill. EUR;STR029;Indirekte Steuern abzüglich Subventionen
44253;Kostenstrukturerhebung im Baugewerbe;JAHR;Jahr;2012;DINSG;Deutschland insgesamt;DG;Deutschland;WZ08S6;WZ2008: Baugewerbe;WZ08-431;Abbrucharbeiten u. vorbereit. Baustellenarbeiten;1111,2;Mill. EUR;NPW001;Nettoproduktionswert
44253;Kostenstrukturerhebung im Baugewerbe;JAHR;Jahr;2012;DINSG;Deutschland insgesamt;DG;Deutschland;WZ08S6;WZ2008: Baugewerbe;WZ08-431;Abbrucharbeiten u. vorbereit. Baustellenarbeiten;73,7;Mill. EUR;ABS002;Abschreibungen
44253;Kostenstrukturerhebung im Baugewerbe;JAHR;Jahr;2019;DINSG;Deutschland insgesamt;DG;Deutschland;WZ08S6;WZ2008: Baugewerbe;WZ08-4213;Brücken- und Tunnelbau;209,6;Mill. EUR;KOS027;Sonst.Vorleist.u.sonst.ind.Steuern abzügl.Subvent.
44253;Kostenstrukturerhebung im Baugewerbe;JAHR;Jahr;2019;DINSG;Deutschland insgesamt;DG;Deutschland;WZ08S6;WZ2008: Baugewerbe;WZ08-4213;Brücken- und Tunnelbau;592,9;Mill. EUR;BWS002;Bruttowertschöpfung zu Marktpreisen
44253;Kostenstrukturerhebung im Baugewerbe;JAHR;Jahr;2019;DINSG;Deutschland insgesamt;DG;Deutschland;WZ08S6;WZ2008: Baugewerbe;WZ08-4213;Brücken- und Tunnelbau;1703,9;Mill. EUR;BPW001;Bruttoproduktionswert
44253;Kostenstrukturerhebung im Baugewerbe;JAHR;Jahr;2019;DINSG;Deutschland insgesamt;DG;Deutschland;WZ08S6;WZ2008: Baugewerbe;WZ08-4213;Brücken- und Tunnelbau;494,2;Mill. EUR;NWS003;Nettowertschöpfung zu Faktorkosten
44253;Kostenstrukturerhebung im Baugewerbe;JAHR;Jahr;2019;DINSG;Deutschland insgesamt;DG;Deutschland;WZ08S6;WZ2008: Baugewerbe;WZ08-4213;Brücken- und Tunnelbau;977,6;Mill. EUR;VBR004;Materialverbrauch, Einsatz an HW, Lohnarbeit
44253;Kostenstrukturerhebung im Baugewerbe;JAHR;Jahr;2019;DINSG;Deutschland insgesamt;DG;Deutschland;WZ08S6;WZ2008: Baugewerbe;WZ08-4213;Brücken- und Tunnelbau;516,7;Mill. EUR;BWS003;Bruttowertschöpfung zu Faktorkosten
44253;Kostenstrukturerhebung im Baugewerbe;JAHR;Jahr;2019;DINSG;Deutschland insgesamt;DG;Deutschland;WZ08S6;WZ2008: Baugewerbe;WZ08-4213;Brücken- und Tunnelbau;76,2;Mill. EUR;STR029;Indirekte Steuern abzüglich Subventionen
44253;Kostenstrukturerhebung im Baugewerbe;JAHR;Jahr;2019;DINSG;Deutschland insgesamt;DG;Deutschland;WZ08S6;WZ2008: Baugewerbe;WZ08-4213;Brücken- und Tunnelbau;726,3;Mill. EUR;NPW001;Nettoproduktionswert
44253;Kostenstrukturerhebung im Baugewerbe;JAHR;Jahr;2019;DINSG;Deutschland insgesamt;DG;Deutschland;WZ08S6;WZ2008: Baugewerbe;WZ08-4213;Brücken- und Tunnelbau;22,5;Mill. EUR;ABS002;Abschreibungen
44253;Kostenstrukturerhebung im Baugewerbe;JAHR;Jahr;2013;DINSG;Deutschland insgesamt;DG;Deutschland;WZ08S6;WZ2008: Baugewerbe;WZ08-4399;Sonstige spezialisierte Bautätigkeiten a.n.g.;1081,4;Mill. EUR;KOS027;Sonst.Vorleist.u.sonst.ind.Steuern abzügl.Subvent.
44253;Kostenstrukturerhebung im Baugewerbe;JAHR;Jahr;2013;DINSG;Deutschland insgesamt;DG;Deutschland;WZ08S6;WZ2008: Baugewerbe;WZ08-4399;Sonstige spezialisierte Bautätigkeiten a.n.g.;3696,4;Mill. EUR;BWS002;Bruttowertschöpfung zu Marktpreisen
44253;Kostenstrukturerhebung im Baugewerbe;JAHR;Jahr;2013;DINSG;Deutschland insgesamt;DG;Deutschland;WZ08S6;WZ2008: Baugewerbe;WZ08-4399;Sonstige spezialisierte Bautätigkeiten a.n.g.;8233,1;Mill. EUR;BPW001;Bruttoproduktionswert
44253;Kostenstrukturerhebung im Baugewerbe;JAHR;Jahr;2013;DINSG;Deutschland insgesamt;DG;Deutschland;WZ08S6;WZ2008: Baugewerbe;WZ08-4399;Sonstige spezialisierte Bautätigkeiten a.n.g.;2836,9;Mill. EUR;NWS003;Nettowertschöpfung zu Faktorkosten
44253;Kostenstrukturerhebung im Baugewerbe;JAHR;Jahr;2013;DINSG;Deutschland insgesamt;DG;Deutschland;WZ08S6;WZ2008: Baugewerbe;WZ08-4399;Sonstige spezialisierte Bautätigkeiten a.n.g.;4044,4;Mill. EUR;VBR004;Materialverbrauch, Einsatz an HW, Lohnarbeit
44253;Kostenstrukturerhebung im Baugewerbe;JAHR;Jahr;2013;DINSG;Deutschland insgesamt;DG;Deutschland;WZ08S6;WZ2008: Baugewerbe;WZ08-4399;Sonstige spezialisierte Bautätigkeiten a.n.g.;3107,3;Mill. EUR;BWS003;Bruttowertschöpfung zu Faktorkosten
44253;Kostenstrukturerhebung im Baugewerbe;JAHR;Jahr;2013;DINSG;Deutschland insgesamt;DG;Deutschland;WZ08S6;WZ2008: Baugewerbe;WZ08-4399;Sonstige spezialisierte Bautätigkeiten a.n.g.;589,2;Mill. EUR;STR029;Indirekte Steuern abzüglich Subventionen
44253;Kostenstrukturerhebung im Baugewerbe;JAHR;Jahr;2013;DINSG;Deutschland insgesamt;DG;Deutschland;WZ08S6;WZ2008: Baugewerbe;WZ08-4399;Sonstige spezialisierte Bautätigkeiten a.n.g.;4188,7;Mill. EUR;NPW001;Nettoproduktionswert
44253;Kostenstrukturerhebung im Baugewerbe;JAHR;Jahr;2013;DINSG;Deutschland insgesamt;DG;Deutschland;WZ08S6;WZ2008: Baugewerbe;WZ08-4399;Sonstige spezialisierte Bautätigkeiten a.n.g.;270,3;Mill. EUR;ABS002;Abschreibungen
44253;Kostenstrukturerhebung im Baugewerbe;JAHR;Jahr;2017;DINSG;Deutschland insgesamt;DG;Deutschland;WZ08S6;WZ2008: Baugewerbe;WZ08-432;Bauinstallation;3406,1;Mill. EUR;KOS027;Sonst.Vorleist.u.sonst.ind.Steuern abzügl.Subvent.
44253;Kostenstrukturerhebung im Baugewerbe;JAHR;Jahr;2017;DINSG;Deutschland insgesamt;DG;Deutschland;WZ08S6;WZ2008: Baugewerbe;WZ08-432;Bauinstallation;18704,9;Mill. EUR;BWS002;Bruttowertschöpfung zu Marktpreisen
44253;Kostenstrukturerhebung im Baugewerbe;JAHR;Jahr;2017;DINSG;Deutschland insgesamt;DG;Deutschland;WZ08S6;WZ2008: Baugewerbe;WZ08-432;Bauinstallation;36681,8;Mill. EUR;BPW001;Bruttoproduktionswert
44253;Kostenstrukturerhebung im Baugewerbe;JAHR;Jahr;2017;DINSG;Deutschland insgesamt;DG;Deutschland;WZ08S6;WZ2008: Baugewerbe;WZ08-432;Bauinstallation;15697,6;Mill. EUR;NWS003;Nettowertschöpfung zu Faktorkosten
44253;Kostenstrukturerhebung im Baugewerbe;JAHR;Jahr;2017;DINSG;Deutschland insgesamt;DG;Deutschland;WZ08S6;WZ2008: Baugewerbe;WZ08-432;Bauinstallation;17157,8;Mill. EUR;VBR004;Materialverbrauch, Einsatz an HW, Lohnarbeit
44253;Kostenstrukturerhebung im Baugewerbe;JAHR;Jahr;2017;DINSG;Deutschland insgesamt;DG;Deutschland;WZ08S6;WZ2008: Baugewerbe;WZ08-432;Bauinstallation;16117,9;Mill. EUR;BWS003;Bruttowertschöpfung zu Faktorkosten
44253;Kostenstrukturerhebung im Baugewerbe;JAHR;Jahr;2017;DINSG;Deutschland insgesamt;DG;Deutschland;WZ08S6;WZ2008: Baugewerbe;WZ08-432;Bauinstallation;2587,0;Mill. EUR;STR029;Indirekte Steuern abzüglich Subventionen
44253;Kostenstrukturerhebung im Baugewerbe;JAHR;Jahr;2017;DINSG;Deutschland insgesamt;DG;Deutschland;WZ08S6;WZ2008: Baugewerbe;WZ08-432;Bauinstallation;19524,0;Mill. EUR;NPW001;Nettoproduktionswert
44253;Kostenstrukturerhebung im Baugewerbe;JAHR;Jahr;2017;DINSG;Deutschland insgesamt;DG;Deutschland;WZ08S6;WZ2008: Baugewerbe;WZ08-432;Bauinstallation;420,3;Mill. EUR;ABS002;Abschreibungen
44253;Kostenstrukturerhebung im Baugewerbe;JAHR;Jahr;2018;DINSG;Deutschland insgesamt;DG;Deutschland;WZ08S6;WZ2008: Baugewerbe;WZ08-412-02;Bau von Gebäuden, Tiefbau;7520,2;Mill. EUR;KOS027;Sonst.Vorleist.u.sonst.ind.Steuern abzügl.Subvent.
44253;Kostenstrukturerhebung im Baugewerbe;JAHR;Jahr;2018;DINSG;Deutschland insgesamt;DG;Deutschland;WZ08S6;WZ2008: Baugewerbe;WZ08-412-02;Bau von Gebäuden, Tiefbau;29934,7;Mill. EUR;BWS002;Bruttowertschöpfung zu Marktpreisen
44253;Kostenstrukturerhebung im Baugewerbe;JAHR;Jahr;2018;DINSG;Deutschland insgesamt;DG;Deutschland;WZ08S6;WZ2008: Baugewerbe;WZ08-412-02;Bau von Gebäuden, Tiefbau;76165,5;Mill. EUR;BPW001;Bruttoproduktionswert
44253;Kostenstrukturerhebung im Baugewerbe;JAHR;Jahr;2018;DINSG;Deutschland insgesamt;DG;Deutschland;WZ08S6;WZ2008: Baugewerbe;WZ08-412-02;Bau von Gebäuden, Tiefbau;22566,0;Mill. EUR;NWS003;Nettowertschöpfung zu Faktorkosten
44253;Kostenstrukturerhebung im Baugewerbe;JAHR;Jahr;2018;DINSG;Deutschland insgesamt;DG;Deutschland;WZ08S6;WZ2008: Baugewerbe;WZ08-412-02;Bau von Gebäuden, Tiefbau;44701,3;Mill. EUR;VBR004;Materialverbrauch, Einsatz an HW, Lohnarbeit
44253;Kostenstrukturerhebung im Baugewerbe;JAHR;Jahr;2018;DINSG;Deutschland insgesamt;DG;Deutschland;WZ08S6;WZ2008: Baugewerbe;WZ08-412-02;Bau von Gebäuden, Tiefbau;23944,1;Mill. EUR;BWS003;Bruttowertschöpfung zu Faktorkosten
44253;Kostenstrukturerhebung im Baugewerbe;JAHR;Jahr;2018;DINSG;Deutschland insgesamt;DG;Deutschland;WZ08S6;WZ2008: Baugewerbe;WZ08-412-02;Bau von Gebäuden, Tiefbau;5990,7;Mill. EUR;STR029;Indirekte Steuern abzüglich Subventionen
44253;Kostenstrukturerhebung im Baugewerbe;JAHR;Jahr;2018;DINSG;Deutschland insgesamt;DG;Deutschland;WZ08S6;WZ2008: Baugewerbe;WZ08-412-02;Bau von Gebäuden, Tiefbau;31464,3;Mill. EUR;NPW001;Nettoproduktionswert
44253;Kostenstrukturerhebung im Baugewerbe;JAHR;Jahr;2018;DINSG;Deutschland insgesamt;DG;Deutschland;WZ08S6;WZ2008: Baugewerbe;WZ08-412-02;Bau von Gebäuden, Tiefbau;1378,0;Mill. EUR;ABS002;Abschreibungen
44253;Kostenstrukturerhebung im Baugewerbe;JAHR;Jahr;2021;DINSG;Deutschland insgesamt;DG;Deutschland;WZ08S6;WZ2008: Baugewerbe;WZ08-4391;Dachdeckerei und Zimmerei;573,3;Mill. EUR;KOS027;Sonst.Vorleist.u.sonst.ind.Steuern abzügl.Subvent.
44253;Kostenstrukturerhebung im Baugewerbe;JAHR;Jahr;2021;DINSG;Deutschland insgesamt;DG;Deutschland;WZ08S6;WZ2008: Baugewerbe;WZ08-4391;Dachdeckerei und Zimmerei;3080,6;Mill. EUR;BWS002;Bruttowertschöpfung zu Marktpreisen
44253;Kostenstrukturerhebung im Baugewerbe;JAHR;Jahr;2021;DINSG;Deutschland insgesamt;DG;Deutschland;WZ08S6;WZ2008: Baugewerbe;WZ08-4391;Dachdeckerei und Zimmerei;6585,6;Mill. EUR;BPW001;Bruttoproduktionswert
44253;Kostenstrukturerhebung im Baugewerbe;JAHR;Jahr;2021;DINSG;Deutschland insgesamt;DG;Deutschland;WZ08S6;WZ2008: Baugewerbe;WZ08-4391;Dachdeckerei und Zimmerei;2492,9;Mill. EUR;NWS003;Nettowertschöpfung zu Faktorkosten
44253;Kostenstrukturerhebung im Baugewerbe;JAHR;Jahr;2021;DINSG;Deutschland insgesamt;DG;Deutschland;WZ08S6;WZ2008: Baugewerbe;WZ08-4391;Dachdeckerei und Zimmerei;3487,8;Mill. EUR;VBR004;Materialverbrauch, Einsatz an HW, Lohnarbeit
44253;Kostenstrukturerhebung im Baugewerbe;JAHR;Jahr;2021;DINSG;Deutschland insgesamt;DG;Deutschland;WZ08S6;WZ2008: Baugewerbe;WZ08-4391;Dachdeckerei und Zimmerei;2589,1;Mill. EUR;BWS003;Bruttowertschöpfung zu Faktorkosten
44253;Kostenstrukturerhebung im Baugewerbe;JAHR;Jahr;2021;DINSG;Deutschland insgesamt;DG;Deutschland;WZ08S6;WZ2008: Baugewerbe;WZ08-4391;Dachdeckerei und Zimmerei;491,5;Mill. EUR;STR029;Indirekte Steuern abzüglich Subventionen
44253;Kostenstrukturerhebung im Baugewerbe;JAHR;Jahr;2021;DINSG;Deutschland insgesamt;DG;Deutschland;WZ08S6;WZ2008: Baugewerbe;WZ08-4391;Dachdeckerei und Zimmerei;3097,8;Mill. EUR;NPW001;Nettoproduktionswert
44253;Kostenstrukturerhebung im Baugewerbe;JAHR;Jahr;2021;DINSG;Deutschland insgesamt;DG;Deutschland;WZ08S6;WZ2008: Baugewerbe;WZ08-4391;Dachdeckerei und Zimmerei;96,1;Mill. EUR;ABS002;Abschreibungen
44253;Kostenstrukturerhebung im Baugewerbe;JAHR;Jahr;2011;DINSG;Deutschland insgesamt;DG;Deutschland;WZ08S6;WZ2008: Baugewerbe;WZ08-4213;Brücken- und Tunnelbau;68,9;Mill. EUR;KOS027;Sonst.Vorleist.u.sonst.ind.Steuern abzügl.Subvent.
44253;Kostenstrukturerhebung im Baugewerbe;JAHR;Jahr;2011;DINSG;Deutschland insgesamt;DG;Deutschland;WZ08S6;WZ2008: Baugewerbe;WZ08-4213;Brücken- und Tunnelbau;309,3;Mill. EUR;BWS002;Bruttowertschöpfung zu Marktpreisen
44253;Kostenstrukturerhebung im Baugewerbe;JAHR;Jahr;2011;DINSG;Deutschland insgesamt;DG;Deutschland;WZ08S6;WZ2008: Baugewerbe;WZ08-4213;Brücken- und Tunnelbau;879,1;Mill. EUR;BPW001;Bruttoproduktionswert
44253;Kostenstrukturerhebung im Baugewerbe;JAHR;Jahr;2011;DINSG;Deutschland insgesamt;DG;Deutschland;WZ08S6;WZ2008: Baugewerbe;WZ08-4213;Brücken- und Tunnelbau;256,6;Mill. EUR;NWS003;Nettowertschöpfung zu Faktorkosten
44253;Kostenstrukturerhebung im Baugewerbe;JAHR;Jahr;2011;DINSG;Deutschland insgesamt;DG;Deutschland;WZ08S6;WZ2008: Baugewerbe;WZ08-4213;Brücken- und Tunnelbau;540,2;Mill. EUR;VBR004;Materialverbrauch, Einsatz an HW, Lohnarbeit
44253;Kostenstrukturerhebung im Baugewerbe;JAHR;Jahr;2011;DINSG;Deutschland insgesamt;DG;Deutschland;WZ08S6;WZ2008: Baugewerbe;WZ08-4213;Brücken- und Tunnelbau;270,0;Mill. EUR;BWS003;Bruttowertschöpfung zu Faktorkosten
44253;Kostenstrukturerhebung im Baugewerbe;JAHR;Jahr;2011;DINSG;Deutschland insgesamt;DG;Deutschland;WZ08S6;WZ2008: Baugewerbe;WZ08-4213;Brücken- und Tunnelbau;39,3;Mill. EUR;STR029;Indirekte Steuern abzüglich Subventionen
44253;Kostenstrukturerhebung im Baugewerbe;JAHR;Jahr;2011;DINSG;Deutschland insgesamt;DG;Deutschland;WZ08S6;WZ2008: Baugewerbe;WZ08-4213;Brücken- und Tunnelbau;338,9;Mill. EUR;NPW001;Nettoproduktionswert
44253;Kostenstrukturerhebung im Baugewerbe;JAHR;Jahr;2011;DINSG;Deutschland insgesamt;DG;Deutschland;WZ08S6;WZ2008: Baugewerbe;WZ08-4213;Brücken- und Tunnelbau;13,3;Mill. EUR;ABS002;Abschreibungen
44253;Kostenstrukturerhebung im Baugewerbe;JAHR;Jahr;2018;DINSG;Deutschland insgesamt;DG;Deutschland;WZ08S6;WZ2008: Baugewerbe;WZ08-F;Baugewerbe;15289,0;Mill. EUR;KOS027;Sonst.Vorleist.u.sonst.ind.Steuern abzügl.Subvent.
44253;Kostenstrukturerhebung im Baugewerbe;JAHR;Jahr;2018;DINSG;Deutschland insgesamt;DG;Deutschland;WZ08S6;WZ2008: Baugewerbe;WZ08-F;Baugewerbe;68586,7;Mill. EUR;BWS002;Bruttowertschöpfung zu Marktpreisen
44253;Kostenstrukturerhebung im Baugewerbe;JAHR;Jahr;2018;DINSG;Deutschland insgesamt;DG;Deutschland;WZ08S6;WZ2008: Baugewerbe;WZ08-F;Baugewerbe;154285,2;Mill. EUR;BPW001;Bruttoproduktionswert
44253;Kostenstrukturerhebung im Baugewerbe;JAHR;Jahr;2018;DINSG;Deutschland insgesamt;DG;Deutschland;WZ08S6;WZ2008: Baugewerbe;WZ08-F;Baugewerbe;54416,2;Mill. EUR;NWS003;Nettowertschöpfung zu Faktorkosten
44253;Kostenstrukturerhebung im Baugewerbe;JAHR;Jahr;2018;DINSG;Deutschland insgesamt;DG;Deutschland;WZ08S6;WZ2008: Baugewerbe;WZ08-F;Baugewerbe;82060,3;Mill. EUR;VBR004;Materialverbrauch, Einsatz an HW, Lohnarbeit
44253;Kostenstrukturerhebung im Baugewerbe;JAHR;Jahr;2018;DINSG;Deutschland insgesamt;DG;Deutschland;WZ08S6;WZ2008: Baugewerbe;WZ08-F;Baugewerbe;56935,9;Mill. EUR;BWS003;Bruttowertschöpfung zu Faktorkosten
44253;Kostenstrukturerhebung im Baugewerbe;JAHR;Jahr;2018;DINSG;Deutschland insgesamt;DG;Deutschland;WZ08S6;WZ2008: Baugewerbe;WZ08-F;Baugewerbe;11650,7;Mill. EUR;STR029;Indirekte Steuern abzüglich Subventionen
44253;Kostenstrukturerhebung im Baugewerbe;JAHR;Jahr;2018;DINSG;Deutschland insgesamt;DG;Deutschland;WZ08S6;WZ2008: Baugewerbe;WZ08-F;Baugewerbe;72224,9;Mill. EUR;NPW001;Nettoproduktionswert
44253;Kostenstrukturerhebung im Baugewerbe;JAHR;Jahr;2018;DINSG;Deutschland insgesamt;DG;Deutschland;WZ08S6;WZ2008: Baugewerbe;WZ08-F;Baugewerbe;2519,7;Mill. EUR;ABS002;Abschreibungen
44253;Kostenstrukturerhebung im Baugewerbe;JAHR;Jahr;2016;DINSG;Deutschland insgesamt;DG;Deutschland;WZ08S6;WZ2008: Baugewerbe;WZ08-432-01;Ausbaugewerbe;4305,2;Mill. EUR;KOS027;Sonst.Vorleist.u.sonst.ind.Steuern abzügl.Subvent.
44253;Kostenstrukturerhebung im Baugewerbe;JAHR;Jahr;2016;DINSG;Deutschland insgesamt;DG;Deutschland;WZ08S6;WZ2008: Baugewerbe;WZ08-432-01;Ausbaugewerbe;22840,9;Mill. EUR;BWS002;Bruttowertschöpfung zu Marktpreisen
44253;Kostenstrukturerhebung im Baugewerbe;JAHR;Jahr;2016;DINSG;Deutschland insgesamt;DG;Deutschland;WZ08S6;WZ2008: Baugewerbe;WZ08-432-01;Ausbaugewerbe;44919,9;Mill. EUR;BPW001;Bruttoproduktionswert
44253;Kostenstrukturerhebung im Baugewerbe;JAHR;Jahr;2016;DINSG;Deutschland insgesamt;DG;Deutschland;WZ08S6;WZ2008: Baugewerbe;WZ08-432-01;Ausbaugewerbe;18802,0;Mill. EUR;NWS003;Nettowertschöpfung zu Faktorkosten
44253;Kostenstrukturerhebung im Baugewerbe;JAHR;Jahr;2016;DINSG;Deutschland insgesamt;DG;Deutschland;WZ08S6;WZ2008: Baugewerbe;WZ08-432-01;Ausbaugewerbe;21264,0;Mill. EUR;VBR004;Materialverbrauch, Einsatz an HW, Lohnarbeit
44253;Kostenstrukturerhebung im Baugewerbe;JAHR;Jahr;2016;DINSG;Deutschland insgesamt;DG;Deutschland;WZ08S6;WZ2008: Baugewerbe;WZ08-432-01;Ausbaugewerbe;19350,7;Mill. EUR;BWS003;Bruttowertschöpfung zu Faktorkosten
44253;Kostenstrukturerhebung im Baugewerbe;JAHR;Jahr;2016;DINSG;Deutschland insgesamt;DG;Deutschland;WZ08S6;WZ2008: Baugewerbe;WZ08-432-01;Ausbaugewerbe;3490,4;Mill. EUR;STR029;Indirekte Steuern abzüglich Subventionen
44253;Kostenstrukturerhebung im Baugewerbe;JAHR;Jahr;2016;DINSG;Deutschland insgesamt;DG;Deutschland;WZ08S6;WZ2008: Baugewerbe;WZ08-432-01;Ausbaugewerbe;23655,9;Mill. EUR;NPW001;Nettoproduktionswert
44253;Kostenstrukturerhebung im Baugewerbe;JAHR;Jahr;2016;DINSG;Deutschland insgesamt;DG;Deutschland;WZ08S6;WZ2008: Baugewerbe;WZ08-432-01;Ausbaugewerbe;548,6;Mill. EUR;ABS002;Abschreibungen
44253;Kostenstrukturerhebung im Baugewerbe;JAHR;Jahr;2010;DINSG;Deutschland insgesamt;DG;Deutschland;WZ08S6;WZ2008: Baugewerbe;WZ08-F;Baugewerbe;9995,8;Mill. EUR;KOS027;Sonst.Vorleist.u.sonst.ind.Steuern abzügl.Subvent.
44253;Kostenstrukturerhebung im Baugewerbe;JAHR;Jahr;2010;DINSG;Deutschland insgesamt;DG;Deutschland;WZ08S6;WZ2008: Baugewerbe;WZ08-F;Baugewerbe;41864,5;Mill. EUR;BWS002;Bruttowertschöpfung zu Marktpreisen
44253;Kostenstrukturerhebung im Baugewerbe;JAHR;Jahr;2010;DINSG;Deutschland insgesamt;DG;Deutschland;WZ08S6;WZ2008: Baugewerbe;WZ08-F;Baugewerbe;96840,3;Mill. EUR;BPW001;Bruttoproduktionswert
44253;Kostenstrukturerhebung im Baugewerbe;JAHR;Jahr;2010;DINSG;Deutschland insgesamt;DG;Deutschland;WZ08S6;WZ2008: Baugewerbe;WZ08-F;Baugewerbe;34151,4;Mill. EUR;NWS003;Nettowertschöpfung zu Faktorkosten
44253;Kostenstrukturerhebung im Baugewerbe;JAHR;Jahr;2010;DINSG;Deutschland insgesamt;DG;Deutschland;WZ08S6;WZ2008: Baugewerbe;WZ08-F;Baugewerbe;50906,4;Mill. EUR;VBR004;Materialverbrauch, Einsatz an HW, Lohnarbeit
44253;Kostenstrukturerhebung im Baugewerbe;JAHR;Jahr;2010;DINSG;Deutschland insgesamt;DG;Deutschland;WZ08S6;WZ2008: Baugewerbe;WZ08-F;Baugewerbe;35938,1;Mill. EUR;BWS003;Bruttowertschöpfung zu Faktorkosten
44253;Kostenstrukturerhebung im Baugewerbe;JAHR;Jahr;2010;DINSG;Deutschland insgesamt;DG;Deutschland;WZ08S6;WZ2008: Baugewerbe;WZ08-F;Baugewerbe;5926,4;Mill. EUR;STR029;Indirekte Steuern abzüglich Subventionen
44253;Kostenstrukturerhebung im Baugewerbe;JAHR;Jahr;2010;DINSG;Deutschland insgesamt;DG;Deutschland;WZ08S6;WZ2008: Baugewerbe;WZ08-F;Baugewerbe;45933,9;Mill. EUR;NPW001;Nettoproduktionswert
44253;Kostenstrukturerhebung im Baugewerbe;JAHR;Jahr;2010;DINSG;Deutschland insgesamt;DG;Deutschland;WZ08S6;WZ2008: Baugewerbe;WZ08-F;Baugewerbe;1786,7;Mill. EUR;ABS002;Abschreibungen
44253;Kostenstrukturerhebung im Baugewerbe;JAHR;Jahr;2017;DINSG;Deutschland insgesamt;DG;Deutschland;WZ08S6;WZ2008: Baugewerbe;WZ08-4391;Dachdeckerei und Zimmerei;440,0;Mill. EUR;KOS027;Sonst.Vorleist.u.sonst.ind.Steuern abzügl.Subvent.
44253;Kostenstrukturerhebung im Baugewerbe;JAHR;Jahr;2017;DINSG;Deutschland insgesamt;DG;Deutschland;WZ08S6;WZ2008: Baugewerbe;WZ08-4391;Dachdeckerei und Zimmerei;2410,0;Mill. EUR;BWS002;Bruttowertschöpfung zu Marktpreisen
44253;Kostenstrukturerhebung im Baugewerbe;JAHR;Jahr;2017;DINSG;Deutschland insgesamt;DG;Deutschland;WZ08S6;WZ2008: Baugewerbe;WZ08-4391;Dachdeckerei und Zimmerei;5099,9;Mill. EUR;BPW001;Bruttoproduktionswert
44253;Kostenstrukturerhebung im Baugewerbe;JAHR;Jahr;2017;DINSG;Deutschland insgesamt;DG;Deutschland;WZ08S6;WZ2008: Baugewerbe;WZ08-4391;Dachdeckerei und Zimmerei;1924,1;Mill. EUR;NWS003;Nettowertschöpfung zu Faktorkosten
44253;Kostenstrukturerhebung im Baugewerbe;JAHR;Jahr;2017;DINSG;Deutschland insgesamt;DG;Deutschland;WZ08S6;WZ2008: Baugewerbe;WZ08-4391;Dachdeckerei und Zimmerei;2661,1;Mill. EUR;VBR004;Materialverbrauch, Einsatz an HW, Lohnarbeit
44253;Kostenstrukturerhebung im Baugewerbe;JAHR;Jahr;2017;DINSG;Deutschland insgesamt;DG;Deutschland;WZ08S6;WZ2008: Baugewerbe;WZ08-4391;Dachdeckerei und Zimmerei;1998,8;Mill. EUR;BWS003;Bruttowertschöpfung zu Faktorkosten
44253;Kostenstrukturerhebung im Baugewerbe;JAHR;Jahr;2017;DINSG;Deutschland insgesamt;DG;Deutschland;WZ08S6;WZ2008: Baugewerbe;WZ08-4391;Dachdeckerei und Zimmerei;411,2;Mill. EUR;STR029;Indirekte Steuern abzüglich Subventionen
44253;Kostenstrukturerhebung im Baugewerbe;JAHR;Jahr;2017;DINSG;Deutschland insgesamt;DG;Deutschland;WZ08S6;WZ2008: Baugewerbe;WZ08-4391;Dachdeckerei und Zimmerei;2438,8;Mill. EUR;NPW001;Nettoproduktionswert
44253;Kostenstrukturerhebung im Baugewerbe;JAHR;Jahr;2017;DINSG;Deutschland insgesamt;DG;Deutschland;WZ08S6;WZ2008: Baugewerbe;WZ08-4391;Dachdeckerei und Zimmerei;74,8;Mill. EUR;ABS002;Abschreibungen
44253;Kostenstrukturerhebung im Baugewerbe;JAHR;Jahr;2009;DINSG;Deutschland insgesamt;DG;Deutschland;WZ08S6;WZ2008: Baugewerbe;WZ08-431;Abbrucharbeiten u. vorbereit. Baustellenarbeiten;315,5;Mill. EUR;KOS027;Sonst.Vorleist.u.sonst.ind.Steuern abzügl.Subvent.
44253;Kostenstrukturerhebung im Baugewerbe;JAHR;Jahr;2009;DINSG;Deutschland insgesamt;DG;Deutschland;WZ08S6;WZ2008: Baugewerbe;WZ08-431;Abbrucharbeiten u. vorbereit. Baustellenarbeiten;713,7;Mill. EUR;BWS002;Bruttowertschöpfung zu Marktpreisen
44253;Kostenstrukturerhebung im Baugewerbe;JAHR;Jahr;2009;DINSG;Deutschland insgesamt;DG;Deutschland;WZ08S6;WZ2008: Baugewerbe;WZ08-431;Abbrucharbeiten u. vorbereit. Baustellenarbeiten;1672,1;Mill. EUR;BPW001;Bruttoproduktionswert
44253;Kostenstrukturerhebung im Baugewerbe;JAHR;Jahr;2009;DINSG;Deutschland insgesamt;DG;Deutschland;WZ08S6;WZ2008: Baugewerbe;WZ08-431;Abbrucharbeiten u. vorbereit. Baustellenarbeiten;613,6;Mill. EUR;NWS003;Nettowertschöpfung zu Faktorkosten
44253;Kostenstrukturerhebung im Baugewerbe;JAHR;Jahr;2009;DINSG;Deutschland insgesamt;DG;Deutschland;WZ08S6;WZ2008: Baugewerbe;WZ08-431;Abbrucharbeiten u. vorbereit. Baustellenarbeiten;674,0;Mill. EUR;VBR004;Materialverbrauch, Einsatz an HW, Lohnarbeit
44253;Kostenstrukturerhebung im Baugewerbe;JAHR;Jahr;2009;DINSG;Deutschland insgesamt;DG;Deutschland;WZ08S6;WZ2008: Baugewerbe;WZ08-431;Abbrucharbeiten u. vorbereit. Baustellenarbeiten;682,5;Mill. EUR;BWS003;Bruttowertschöpfung zu Faktorkosten
44253;Kostenstrukturerhebung im Baugewerbe;JAHR;Jahr;2009;DINSG;Deutschland insgesamt;DG;Deutschland;WZ08S6;WZ2008: Baugewerbe;WZ08-431;Abbrucharbeiten u. vorbereit. Baustellenarbeiten;31,2;Mill. EUR;STR029;Indirekte Steuern abzüglich Subventionen
44253;Kostenstrukturerhebung im Baugewerbe;JAHR;Jahr;2009;DINSG;Deutschland insgesamt;DG;Deutschland;WZ08S6;WZ2008: Baugewerbe;WZ08-431;Abbrucharbeiten u. vorbereit. Baustellenarbeiten;998,0;Mill. EUR;NPW001;Nettoproduktionswert
44253;Kostenstrukturerhebung im Baugewerbe;JAHR;Jahr;2009;DINSG;Deutschland insgesamt;DG;Deutschland;WZ08S6;WZ2008: Baugewerbe;WZ08-431;Abbrucharbeiten u. vorbereit. Baustellenarbeiten;68,9;Mill. EUR;ABS002;Abschreibungen
44253;Kostenstrukturerhebung im Baugewerbe;JAHR;Jahr;2016;DINSG;Deutschland insgesamt;DG;Deutschland;WZ08S6;WZ2008: Baugewerbe;WZ08-411;Erschließung von Grundstücken, Bauträger;334,0;Mill. EUR;KOS027;Sonst.Vorleist.u.sonst.ind.Steuern abzügl.Subvent.
44253;Kostenstrukturerhebung im Baugewerbe;JAHR;Jahr;2016;DINSG;Deutschland insgesamt;DG;Deutschland;WZ08S6;WZ2008: Baugewerbe;WZ08-411;Erschließung von Grundstücken, Bauträger;1988,0;Mill. EUR;BWS002;Bruttowertschöpfung zu Marktpreisen
44253;Kostenstrukturerhebung im Baugewerbe;JAHR;Jahr;2016;DINSG;Deutschland insgesamt;DG;Deutschland;WZ08S6;WZ2008: Baugewerbe;WZ08-411;Erschließung von Grundstücken, Bauträger;4791,5;Mill. EUR;BPW001;Bruttoproduktionswert
44253;Kostenstrukturerhebung im Baugewerbe;JAHR;Jahr;2016;DINSG;Deutschland insgesamt;DG;Deutschland;WZ08S6;WZ2008: Baugewerbe;WZ08-411;Erschließung von Grundstücken, Bauträger;1780,8;Mill. EUR;NWS003;Nettowertschöpfung zu Faktorkosten
44253;Kostenstrukturerhebung im Baugewerbe;JAHR;Jahr;2016;DINSG;Deutschland insgesamt;DG;Deutschland;WZ08S6;WZ2008: Baugewerbe;WZ08-411;Erschließung von Grundstücken, Bauträger;2645,5;Mill. EUR;VBR004;Materialverbrauch, Einsatz an HW, Lohnarbeit
44253;Kostenstrukturerhebung im Baugewerbe;JAHR;Jahr;2016;DINSG;Deutschland insgesamt;DG;Deutschland;WZ08S6;WZ2008: Baugewerbe;WZ08-411;Erschließung von Grundstücken, Bauträger;1812,1;Mill. EUR;BWS003;Bruttowertschöpfung zu Faktorkosten
44253;Kostenstrukturerhebung im Baugewerbe;JAHR;Jahr;2016;DINSG;Deutschland insgesamt;DG;Deutschland;WZ08S6;WZ2008: Baugewerbe;WZ08-411;Erschließung von Grundstücken, Bauträger;175,9;Mill. EUR;STR029;Indirekte Steuern abzüglich Subventionen
44253;Kostenstrukturerhebung im Baugewerbe;JAHR;Jahr;2016;DINSG;Deutschland insgesamt;DG;Deutschland;WZ08S6;WZ2008: Baugewerbe;WZ08-411;Erschließung von Grundstücken, Bauträger;2146,0;Mill. EUR;NPW001;Nettoproduktionswert
44253;Kostenstrukturerhebung im Baugewerbe;JAHR;Jahr;2016;DINSG;Deutschland insgesamt;DG;Deutschland;WZ08S6;WZ2008: Baugewerbe;WZ08-411;Erschließung von Grundstücken, Bauträger;31,2;Mill. EUR;ABS002;Abschreibungen
44253;Kostenstrukturerhebung im Baugewerbe;JAHR;Jahr;2013;DINSG;Deutschland insgesamt;DG;Deutschland;WZ08S6;WZ2008: Baugewerbe;WZ08-4211;Bau von Straßen;1325,5;Mill. EUR;KOS027;Sonst.Vorleist.u.sonst.ind.Steuern abzügl.Subvent.
44253;Kostenstrukturerhebung im Baugewerbe;JAHR;Jahr;2013;DINSG;Deutschland insgesamt;DG;Deutschland;WZ08S6;WZ2008: Baugewerbe;WZ08-4211;Bau von Straßen;4498,9;Mill. EUR;BWS002;Bruttowertschöpfung zu Marktpreisen
44253;Kostenstrukturerhebung im Baugewerbe;JAHR;Jahr;2013;DINSG;Deutschland insgesamt;DG;Deutschland;WZ08S6;WZ2008: Baugewerbe;WZ08-4211;Bau von Straßen;11360,9;Mill. EUR;BPW001;Bruttoproduktionswert
44253;Kostenstrukturerhebung im Baugewerbe;JAHR;Jahr;2013;DINSG;Deutschland insgesamt;DG;Deutschland;WZ08S6;WZ2008: Baugewerbe;WZ08-4211;Bau von Straßen;3633,0;Mill. EUR;NWS003;Nettowertschöpfung zu Faktorkosten
44253;Kostenstrukturerhebung im Baugewerbe;JAHR;Jahr;2013;DINSG;Deutschland insgesamt;DG;Deutschland;WZ08S6;WZ2008: Baugewerbe;WZ08-4211;Bau von Straßen;6104,4;Mill. EUR;VBR004;Materialverbrauch, Einsatz an HW, Lohnarbeit
44253;Kostenstrukturerhebung im Baugewerbe;JAHR;Jahr;2013;DINSG;Deutschland insgesamt;DG;Deutschland;WZ08S6;WZ2008: Baugewerbe;WZ08-4211;Bau von Straßen;3931,0;Mill. EUR;BWS003;Bruttowertschöpfung zu Faktorkosten
44253;Kostenstrukturerhebung im Baugewerbe;JAHR;Jahr;2013;DINSG;Deutschland insgesamt;DG;Deutschland;WZ08S6;WZ2008: Baugewerbe;WZ08-4211;Bau von Straßen;567,9;Mill. EUR;STR029;Indirekte Steuern abzüglich Subventionen
44253;Kostenstrukturerhebung im Baugewerbe;JAHR;Jahr;2013;DINSG;Deutschland insgesamt;DG;Deutschland;WZ08S6;WZ2008: Baugewerbe;WZ08-4211;Bau von Straßen;5256,5;Mill. EUR;NPW001;Nettoproduktionswert
44253;Kostenstrukturerhebung im Baugewerbe;JAHR;Jahr;2013;DINSG;Deutschland insgesamt;DG;Deutschland;WZ08S6;WZ2008: Baugewerbe;WZ08-4211;Bau von Straßen;298,0;Mill. EUR;ABS002;Abschreibungen
44253;Kostenstrukturerhebung im Baugewerbe;JAHR;Jahr;2024;DINSG;Deutschland insgesamt;DG;Deutschland;WZ08S6;WZ2008: Baugewerbe;WZ08-431;Abbrucharbeiten u. vorbereit. Baustellenarbeiten;778,5;Mill. EUR;KOS027;Sonst.Vorleist.u.sonst.ind.Steuern abzügl.Subvent.
44253;Kostenstrukturerhebung im Baugewerbe;JAHR;Jahr;2024;DINSG;Deutschland insgesamt;DG;Deutschland;WZ08S6;WZ2008: Baugewerbe;WZ08-431;Abbrucharbeiten u. vorbereit. Baustellenarbeiten;2088,0;Mill. EUR;BWS002;Bruttowertschöpfung zu Marktpreisen
44253;Kostenstrukturerhebung im Baugewerbe;JAHR;Jahr;2024;DINSG;Deutschland insgesamt;DG;Deutschland;WZ08S6;WZ2008: Baugewerbe;WZ08-431;Abbrucharbeiten u. vorbereit. Baustellenarbeiten;4482,2;Mill. EUR;BPW001;Bruttoproduktionswert
44253;Kostenstrukturerhebung im Baugewerbe;JAHR;Jahr;2024;DINSG;Deutschland insgesamt;DG;Deutschland;WZ08S6;WZ2008: Baugewerbe;WZ08-431;Abbrucharbeiten u. vorbereit. Baustellenarbeiten;1581,6;Mill. EUR;NWS003;Nettowertschöpfung zu Faktorkosten
44253;Kostenstrukturerhebung im Baugewerbe;JAHR;Jahr;2024;DINSG;Deutschland insgesamt;DG;Deutschland;WZ08S6;WZ2008: Baugewerbe;WZ08-431;Abbrucharbeiten u. vorbereit. Baustellenarbeiten;2019,4;Mill. EUR;VBR004;Materialverbrauch, Einsatz an HW, Lohnarbeit
44253;Kostenstrukturerhebung im Baugewerbe;JAHR;Jahr;2024;DINSG;Deutschland insgesamt;DG;Deutschland;WZ08S6;WZ2008: Baugewerbe;WZ08-431;Abbrucharbeiten u. vorbereit. Baustellenarbeiten;1752,4;Mill. EUR;BWS003;Bruttowertschöpfung zu Faktorkosten
44253;Kostenstrukturerhebung im Baugewerbe;JAHR;Jahr;2024;DINSG;Deutschland insgesamt;DG;Deutschland;WZ08S6;WZ2008: Baugewerbe;WZ08-431;Abbrucharbeiten u. vorbereit. Baustellenarbeiten;335,6;Mill. EUR;STR029;Indirekte Steuern abzüglich Subventionen
44253;Kostenstrukturerhebung im Baugewerbe;JAHR;Jahr;2024;DINSG;Deutschland insgesamt;DG;Deutschland;WZ08S6;WZ2008: Baugewerbe;WZ08-431;Abbrucharbeiten u. vorbereit. Baustellenarbeiten;2485,9;Mill. EUR;NPW001;Nettoproduktionswert
44253;Kostenstrukturerhebung im Baugewerbe;JAHR;Jahr;2024;DINSG;Deutschland insgesamt;DG;Deutschland;WZ08S6;WZ2008: Baugewerbe;WZ08-431;Abbrucharbeiten u. vorbereit. Baustellenarbeiten;170,8;Mill. EUR;ABS002;Abschreibungen
44253;Kostenstrukturerhebung im Baugewerbe;JAHR;Jahr;2023;DINSG;Deutschland insgesamt;DG;Deutschland;WZ08S6;WZ2008: Baugewerbe;WZ08-412-02;Bau von Gebäuden, Tiefbau;11152,3;Mill. EUR;KOS027;Sonst.Vorleist.u.sonst.ind.Steuern abzügl.Subvent.
44253;Kostenstrukturerhebung im Baugewerbe;JAHR;Jahr;2023;DINSG;Deutschland insgesamt;DG;Deutschland;WZ08S6;WZ2008: Baugewerbe;WZ08-412-02;Bau von Gebäuden, Tiefbau;39072,9;Mill. EUR;BWS002;Bruttowertschöpfung zu Marktpreisen
44253;Kostenstrukturerhebung im Baugewerbe;JAHR;Jahr;2023;DINSG;Deutschland insgesamt;DG;Deutschland;WZ08S6;WZ2008: Baugewerbe;WZ08-412-02;Bau von Gebäuden, Tiefbau;96503,2;Mill. EUR;BPW001;Bruttoproduktionswert
44253;Kostenstrukturerhebung im Baugewerbe;JAHR;Jahr;2023;DINSG;Deutschland insgesamt;DG;Deutschland;WZ08S6;WZ2008: Baugewerbe;WZ08-412-02;Bau von Gebäuden, Tiefbau;28715,4;Mill. EUR;NWS003;Nettowertschöpfung zu Faktorkosten
44253;Kostenstrukturerhebung im Baugewerbe;JAHR;Jahr;2023;DINSG;Deutschland insgesamt;DG;Deutschland;WZ08S6;WZ2008: Baugewerbe;WZ08-412-02;Bau von Gebäuden, Tiefbau;55549,8;Mill. EUR;VBR004;Materialverbrauch, Einsatz an HW, Lohnarbeit
44253;Kostenstrukturerhebung im Baugewerbe;JAHR;Jahr;2023;DINSG;Deutschland insgesamt;DG;Deutschland;WZ08S6;WZ2008: Baugewerbe;WZ08-412-02;Bau von Gebäuden, Tiefbau;30757,5;Mill. EUR;BWS003;Bruttowertschöpfung zu Faktorkosten
44253;Kostenstrukturerhebung im Baugewerbe;JAHR;Jahr;2023;DINSG;Deutschland insgesamt;DG;Deutschland;WZ08S6;WZ2008: Baugewerbe;WZ08-412-02;Bau von Gebäuden, Tiefbau;8315,3;Mill. EUR;STR029;Indirekte Steuern abzüglich Subventionen
44253;Kostenstrukturerhebung im Baugewerbe;JAHR;Jahr;2023;DINSG;Deutschland insgesamt;DG;Deutschland;WZ08S6;WZ2008: Baugewerbe;WZ08-412-02;Bau von Gebäuden, Tiefbau;40953,4;Mill. EUR;NPW001;Nettoproduktionswert
44253;Kostenstrukturerhebung im Baugewerbe;JAHR;Jahr;2023;DINSG;Deutschland insgesamt;DG;Deutschland;WZ08S6;WZ2008: Baugewerbe;WZ08-412-02;Bau von Gebäuden, Tiefbau;2042,1;Mill. EUR;ABS002;Abschreibungen
44253;Kostenstrukturerhebung im Baugewerbe;JAHR;Jahr;2020;DINSG;Deutschland insgesamt;DG;Deutschland;WZ08S6;WZ2008: Baugewerbe;WZ08-412-01;Bauhauptgewerbe;11594,3;Mill. EUR;KOS027;Sonst.Vorleist.u.sonst.ind.Steuern abzügl.Subvent.
44253;Kostenstrukturerhebung im Baugewerbe;JAHR;Jahr;2020;DINSG;Deutschland insgesamt;DG;Deutschland;WZ08S6;WZ2008: Baugewerbe;WZ08-412-01;Bauhauptgewerbe;46791,4;Mill. EUR;BWS002;Bruttowertschöpfung zu Marktpreisen
44253;Kostenstrukturerhebung im Baugewerbe;JAHR;Jahr;2020;DINSG;Deutschland insgesamt;DG;Deutschland;WZ08S6;WZ2008: Baugewerbe;WZ08-412-01;Bauhauptgewerbe;108020,8;Mill. EUR;BPW001;Bruttoproduktionswert
44253;Kostenstrukturerhebung im Baugewerbe;JAHR;Jahr;2020;DINSG;Deutschland insgesamt;DG;Deutschland;WZ08S6;WZ2008: Baugewerbe;WZ08-412-01;Bauhauptgewerbe;35787,5;Mill. EUR;NWS003;Nettowertschöpfung zu Faktorkosten
44253;Kostenstrukturerhebung im Baugewerbe;JAHR;Jahr;2020;DINSG;Deutschland insgesamt;DG;Deutschland;WZ08S6;WZ2008: Baugewerbe;WZ08-412-01;Bauhauptgewerbe;58412,7;Mill. EUR;VBR004;Materialverbrauch, Einsatz an HW, Lohnarbeit
44253;Kostenstrukturerhebung im Baugewerbe;JAHR;Jahr;2020;DINSG;Deutschland insgesamt;DG;Deutschland;WZ08S6;WZ2008: Baugewerbe;WZ08-412-01;Bauhauptgewerbe;38013,8;Mill. EUR;BWS003;Bruttowertschöpfung zu Faktorkosten
44253;Kostenstrukturerhebung im Baugewerbe;JAHR;Jahr;2020;DINSG;Deutschland insgesamt;DG;Deutschland;WZ08S6;WZ2008: Baugewerbe;WZ08-412-01;Bauhauptgewerbe;8777,6;Mill. EUR;STR029;Indirekte Steuern abzüglich Subventionen
44253;Kostenstrukturerhebung im Baugewerbe;JAHR;Jahr;2020;DINSG;Deutschland insgesamt;DG;Deutschland;WZ08S6;WZ2008: Baugewerbe;WZ08-412-01;Bauhauptgewerbe;49608,1;Mill. EUR;NPW001;Nettoproduktionswert
44253;Kostenstrukturerhebung im Baugewerbe;JAHR;Jahr;2020;DINSG;Deutschland insgesamt;DG;Deutschland;WZ08S6;WZ2008: Baugewerbe;WZ08-412-01;Bauhauptgewerbe;2226,3;Mill. EUR;ABS002;Abschreibungen
44253;Kostenstrukturerhebung im Baugewerbe;JAHR;Jahr;2008;DINSG;Deutschland insgesamt;DG;Deutschland;WZ08S6;WZ2008: Baugewerbe;WZ08-412-02;Bau von Gebäuden, Tiefbau;4506,4;Mill. EUR;KOS027;Sonst.Vorleist.u.sonst.ind.Steuern abzügl.Subvent.
44253;Kostenstrukturerhebung im Baugewerbe;JAHR;Jahr;2008;DINSG;Deutschland insgesamt;DG;Deutschland;WZ08S6;WZ2008: Baugewerbe;WZ08-412-02;Bau von Gebäuden, Tiefbau;17378,3;Mill. EUR;BWS002;Bruttowertschöpfung zu Marktpreisen
44253;Kostenstrukturerhebung im Baugewerbe;JAHR;Jahr;2008;DINSG;Deutschland insgesamt;DG;Deutschland;WZ08S6;WZ2008: Baugewerbe;WZ08-412-02;Bau von Gebäuden, Tiefbau;48249,6;Mill. EUR;BPW001;Bruttoproduktionswert
44253;Kostenstrukturerhebung im Baugewerbe;JAHR;Jahr;2008;DINSG;Deutschland insgesamt;DG;Deutschland;WZ08S6;WZ2008: Baugewerbe;WZ08-412-02;Bau von Gebäuden, Tiefbau;13501,6;Mill. EUR;NWS003;Nettowertschöpfung zu Faktorkosten
44253;Kostenstrukturerhebung im Baugewerbe;JAHR;Jahr;2008;DINSG;Deutschland insgesamt;DG;Deutschland;WZ08S6;WZ2008: Baugewerbe;WZ08-412-02;Bau von Gebäuden, Tiefbau;29433,6;Mill. EUR;VBR004;Materialverbrauch, Einsatz an HW, Lohnarbeit
44253;Kostenstrukturerhebung im Baugewerbe;JAHR;Jahr;2008;DINSG;Deutschland insgesamt;DG;Deutschland;WZ08S6;WZ2008: Baugewerbe;WZ08-412-02;Bau von Gebäuden, Tiefbau;14309,4;Mill. EUR;BWS003;Bruttowertschöpfung zu Faktorkosten
44253;Kostenstrukturerhebung im Baugewerbe;JAHR;Jahr;2008;DINSG;Deutschland insgesamt;DG;Deutschland;WZ08S6;WZ2008: Baugewerbe;WZ08-412-02;Bau von Gebäuden, Tiefbau;3068,8;Mill. EUR;STR029;Indirekte Steuern abzüglich Subventionen
44253;Kostenstrukturerhebung im Baugewerbe;JAHR;Jahr;2008;DINSG;Deutschland insgesamt;DG;Deutschland;WZ08S6;WZ2008: Baugewerbe;WZ08-412-02;Bau von Gebäuden, Tiefbau;18816,0;Mill. EUR;NPW001;Nettoproduktionswert
44253;Kostenstrukturerhebung im Baugewerbe;JAHR;Jahr;2008;DINSG;Deutschland insgesamt;DG;Deutschland;WZ08S6;WZ2008: Baugewerbe;WZ08-412-02;Bau von Gebäuden, Tiefbau;807,8;Mill. EUR;ABS002;Abschreibungen
44253;Kostenstrukturerhebung im Baugewerbe;JAHR;Jahr;2021;DINSG;Deutschland insgesamt;DG;Deutschland;WZ08S6;WZ2008: Baugewerbe;WZ08-432-01;Ausbaugewerbe;5569,9;Mill. EUR;KOS027;Sonst.Vorleist.u.sonst.ind.Steuern abzügl.Subvent.
44253;Kostenstrukturerhebung im Baugewerbe;JAHR;Jahr;2021;DINSG;Deutschland insgesamt;DG;Deutschland;WZ08S6;WZ2008: Baugewerbe;WZ08-432-01;Ausbaugewerbe;34029,7;Mill. EUR;BWS002;Bruttowertschöpfung zu Marktpreisen
44253;Kostenstrukturerhebung im Baugewerbe;JAHR;Jahr;2021;DINSG;Deutschland insgesamt;DG;Deutschland;WZ08S6;WZ2008: Baugewerbe;WZ08-432-01;Ausbaugewerbe;62623,6;Mill. EUR;BPW001;Bruttoproduktionswert
44253;Kostenstrukturerhebung im Baugewerbe;JAHR;Jahr;2021;DINSG;Deutschland insgesamt;DG;Deutschland;WZ08S6;WZ2008: Baugewerbe;WZ08-432-01;Ausbaugewerbe;27695,5;Mill. EUR;NWS003;Nettowertschöpfung zu Faktorkosten
44253;Kostenstrukturerhebung im Baugewerbe;JAHR;Jahr;2021;DINSG;Deutschland insgesamt;DG;Deutschland;WZ08S6;WZ2008: Baugewerbe;WZ08-432-01;Ausbaugewerbe;29273,7;Mill. EUR;VBR004;Materialverbrauch, Einsatz an HW, Lohnarbeit
44253;Kostenstrukturerhebung im Baugewerbe;JAHR;Jahr;2021;DINSG;Deutschland insgesamt;DG;Deutschland;WZ08S6;WZ2008: Baugewerbe;WZ08-432-01;Ausbaugewerbe;28448,5;Mill. EUR;BWS003;Bruttowertschöpfung zu Faktorkosten
44253;Kostenstrukturerhebung im Baugewerbe;JAHR;Jahr;2021;DINSG;Deutschland insgesamt;DG;Deutschland;WZ08S6;WZ2008: Baugewerbe;WZ08-432-01;Ausbaugewerbe;5581,2;Mill. EUR;STR029;Indirekte Steuern abzüglich Subventionen
44253;Kostenstrukturerhebung im Baugewerbe;JAHR;Jahr;2021;DINSG;Deutschland insgesamt;DG;Deutschland;WZ08S6;WZ2008: Baugewerbe;WZ08-432-01;Ausbaugewerbe;33349,9;Mill. EUR;NPW001;Nettoproduktionswert
44253;Kostenstrukturerhebung im Baugewerbe;JAHR;Jahr;2021;DINSG;Deutschland insgesamt;DG;Deutschland;WZ08S6;WZ2008: Baugewerbe;WZ08-432-01;Ausbaugewerbe;753,0;Mill. EUR;ABS002;Abschreibungen
44253;Kostenstrukturerhebung im Baugewerbe;JAHR;Jahr;2021;DINSG;Deutschland insgesamt;DG;Deutschland;WZ08S6;WZ2008: Baugewerbe;WZ08-4213;Brücken- und Tunnelbau;212,3;Mill. EUR;KOS027;Sonst.Vorleist.u.sonst.ind.Steuern abzügl.Subvent.
44253;Kostenstrukturerhebung im Baugewerbe;JAHR;Jahr;2021;DINSG;Deutschland insgesamt;DG;Deutschland;WZ08S6;WZ2008: Baugewerbe;WZ08-4213;Brücken- und Tunnelbau;662,3;Mill. EUR;BWS002;Bruttowertschöpfung zu Marktpreisen
44253;Kostenstrukturerhebung im Baugewerbe;JAHR;Jahr;2021;DINSG;Deutschland insgesamt;DG;Deutschland;WZ08S6;WZ2008: Baugewerbe;WZ08-4213;Brücken- und Tunnelbau;1895,5;Mill. EUR;BPW001;Bruttoproduktionswert
44253;Kostenstrukturerhebung im Baugewerbe;JAHR;Jahr;2021;DINSG;Deutschland insgesamt;DG;Deutschland;WZ08S6;WZ2008: Baugewerbe;WZ08-4213;Brücken- und Tunnelbau;515,3;Mill. EUR;NWS003;Nettowertschöpfung zu Faktorkosten
44253;Kostenstrukturerhebung im Baugewerbe;JAHR;Jahr;2021;DINSG;Deutschland insgesamt;DG;Deutschland;WZ08S6;WZ2008: Baugewerbe;WZ08-4213;Brücken- und Tunnelbau;1139,3;Mill. EUR;VBR004;Materialverbrauch, Einsatz an HW, Lohnarbeit
44253;Kostenstrukturerhebung im Baugewerbe;JAHR;Jahr;2021;DINSG;Deutschland insgesamt;DG;Deutschland;WZ08S6;WZ2008: Baugewerbe;WZ08-4213;Brücken- und Tunnelbau;555,5;Mill. EUR;BWS003;Bruttowertschöpfung zu Faktorkosten
44253;Kostenstrukturerhebung im Baugewerbe;JAHR;Jahr;2021;DINSG;Deutschland insgesamt;DG;Deutschland;WZ08S6;WZ2008: Baugewerbe;WZ08-4213;Brücken- und Tunnelbau;106,8;Mill. EUR;STR029;Indirekte Steuern abzüglich Subventionen
44253;Kostenstrukturerhebung im Baugewerbe;JAHR;Jahr;2021;DINSG;Deutschland insgesamt;DG;Deutschland;WZ08S6;WZ2008: Baugewerbe;WZ08-4213;Brücken- und Tunnelbau;756,2;Mill. EUR;NPW001;Nettoproduktionswert
44253;Kostenstrukturerhebung im Baugewerbe;JAHR;Jahr;2021;DINSG;Deutschland insgesamt;DG;Deutschland;WZ08S6;WZ2008: Baugewerbe;WZ08-4213;Brücken- und Tunnelbau;40,1;Mill. EUR;ABS002;Abschreibungen
44253;Kostenstrukturerhebung im Baugewerbe;JAHR;Jahr;2022;DINSG;Deutschland insgesamt;DG;Deutschland;WZ08S6;WZ2008: Baugewerbe;WZ08-F;Baugewerbe;19904,2;Mill. EUR;KOS027;Sonst.Vorleist.u.sonst.ind.Steuern abzügl.Subvent.
44253;Kostenstrukturerhebung im Baugewerbe;JAHR;Jahr;2022;DINSG;Deutschland insgesamt;DG;Deutschland;WZ08S6;WZ2008: Baugewerbe;WZ08-F;Baugewerbe;90492,0;Mill. EUR;BWS002;Bruttowertschöpfung zu Marktpreisen
44253;Kostenstrukturerhebung im Baugewerbe;JAHR;Jahr;2022;DINSG;Deutschland insgesamt;DG;Deutschland;WZ08S6;WZ2008: Baugewerbe;WZ08-F;Baugewerbe;198503,0;Mill. EUR;BPW001;Bruttoproduktionswert
44253;Kostenstrukturerhebung im Baugewerbe;JAHR;Jahr;2022;DINSG;Deutschland insgesamt;DG;Deutschland;WZ08S6;WZ2008: Baugewerbe;WZ08-F;Baugewerbe;70917,1;Mill. EUR;NWS003;Nettowertschöpfung zu Faktorkosten
44253;Kostenstrukturerhebung im Baugewerbe;JAHR;Jahr;2022;DINSG;Deutschland insgesamt;DG;Deutschland;WZ08S6;WZ2008: Baugewerbe;WZ08-F;Baugewerbe;106157,3;Mill. EUR;VBR004;Materialverbrauch, Einsatz an HW, Lohnarbeit
44253;Kostenstrukturerhebung im Baugewerbe;JAHR;Jahr;2022;DINSG;Deutschland insgesamt;DG;Deutschland;WZ08S6;WZ2008: Baugewerbe;WZ08-F;Baugewerbe;74408,0;Mill. EUR;BWS003;Bruttowertschöpfung zu Faktorkosten
44253;Kostenstrukturerhebung im Baugewerbe;JAHR;Jahr;2022;DINSG;Deutschland insgesamt;DG;Deutschland;WZ08S6;WZ2008: Baugewerbe;WZ08-F;Baugewerbe;16083,9;Mill. EUR;STR029;Indirekte Steuern abzüglich Subventionen
44253;Kostenstrukturerhebung im Baugewerbe;JAHR;Jahr;2022;DINSG;Deutschland insgesamt;DG;Deutschland;WZ08S6;WZ2008: Baugewerbe;WZ08-F;Baugewerbe;92345,8;Mill. EUR;NPW001;Nettoproduktionswert
44253;Kostenstrukturerhebung im Baugewerbe;JAHR;Jahr;2022;DINSG;Deutschland insgesamt;DG;Deutschland;WZ08S6;WZ2008: Baugewerbe;WZ08-F;Baugewerbe;3491,0;Mill. EUR;ABS002;Abschreibungen
44253;Kostenstrukturerhebung im Baugewerbe;JAHR;Jahr;2009;DINSG;Deutschland insgesamt;DG;Deutschland;WZ08S6;WZ2008: Baugewerbe;WZ08-4211;Bau von Straßen;1129,5;Mill. EUR;KOS027;Sonst.Vorleist.u.sonst.ind.Steuern abzügl.Subvent.
44253;Kostenstrukturerhebung im Baugewerbe;JAHR;Jahr;2009;DINSG;Deutschland insgesamt;DG;Deutschland;WZ08S6;WZ2008: Baugewerbe;WZ08-4211;Bau von Straßen;3990,0;Mill. EUR;BWS002;Bruttowertschöpfung zu Marktpreisen
44253;Kostenstrukturerhebung im Baugewerbe;JAHR;Jahr;2009;DINSG;Deutschland insgesamt;DG;Deutschland;WZ08S6;WZ2008: Baugewerbe;WZ08-4211;Bau von Straßen;10619,6;Mill. EUR;BPW001;Bruttoproduktionswert
44253;Kostenstrukturerhebung im Baugewerbe;JAHR;Jahr;2009;DINSG;Deutschland insgesamt;DG;Deutschland;WZ08S6;WZ2008: Baugewerbe;WZ08-4211;Bau von Straßen;3141,7;Mill. EUR;NWS003;Nettowertschöpfung zu Faktorkosten
44253;Kostenstrukturerhebung im Baugewerbe;JAHR;Jahr;2009;DINSG;Deutschland insgesamt;DG;Deutschland;WZ08S6;WZ2008: Baugewerbe;WZ08-4211;Bau von Straßen;6092,8;Mill. EUR;VBR004;Materialverbrauch, Einsatz an HW, Lohnarbeit
44253;Kostenstrukturerhebung im Baugewerbe;JAHR;Jahr;2009;DINSG;Deutschland insgesamt;DG;Deutschland;WZ08S6;WZ2008: Baugewerbe;WZ08-4211;Bau von Straßen;3397,4;Mill. EUR;BWS003;Bruttowertschöpfung zu Faktorkosten
44253;Kostenstrukturerhebung im Baugewerbe;JAHR;Jahr;2009;DINSG;Deutschland insgesamt;DG;Deutschland;WZ08S6;WZ2008: Baugewerbe;WZ08-4211;Bau von Straßen;592,6;Mill. EUR;STR029;Indirekte Steuern abzüglich Subventionen
44253;Kostenstrukturerhebung im Baugewerbe;JAHR;Jahr;2009;DINSG;Deutschland insgesamt;DG;Deutschland;WZ08S6;WZ2008: Baugewerbe;WZ08-4211;Bau von Straßen;4526,9;Mill. EUR;NPW001;Nettoproduktionswert
44253;Kostenstrukturerhebung im Baugewerbe;JAHR;Jahr;2009;DINSG;Deutschland insgesamt;DG;Deutschland;WZ08S6;WZ2008: Baugewerbe;WZ08-4211;Bau von Straßen;255,6;Mill. EUR;ABS002;Abschreibungen
44253;Kostenstrukturerhebung im Baugewerbe;JAHR;Jahr;2016;DINSG;Deutschland insgesamt;DG;Deutschland;WZ08S6;WZ2008: Baugewerbe;WZ08-412-01;Bauhauptgewerbe;8315,4;Mill. EUR;KOS027;Sonst.Vorleist.u.sonst.ind.Steuern abzügl.Subvent.
44253;Kostenstrukturerhebung im Baugewerbe;JAHR;Jahr;2016;DINSG;Deutschland insgesamt;DG;Deutschland;WZ08S6;WZ2008: Baugewerbe;WZ08-412-01;Bauhauptgewerbe;32399,1;Mill. EUR;BWS002;Bruttowertschöpfung zu Marktpreisen
44253;Kostenstrukturerhebung im Baugewerbe;JAHR;Jahr;2016;DINSG;Deutschland insgesamt;DG;Deutschland;WZ08S6;WZ2008: Baugewerbe;WZ08-412-01;Bauhauptgewerbe;77754,9;Mill. EUR;BPW001;Bruttoproduktionswert
44253;Kostenstrukturerhebung im Baugewerbe;JAHR;Jahr;2016;DINSG;Deutschland insgesamt;DG;Deutschland;WZ08S6;WZ2008: Baugewerbe;WZ08-412-01;Bauhauptgewerbe;24838,8;Mill. EUR;NWS003;Nettowertschöpfung zu Faktorkosten
44253;Kostenstrukturerhebung im Baugewerbe;JAHR;Jahr;2016;DINSG;Deutschland insgesamt;DG;Deutschland;WZ08S6;WZ2008: Baugewerbe;WZ08-412-01;Bauhauptgewerbe;43018,7;Mill. EUR;VBR004;Materialverbrauch, Einsatz an HW, Lohnarbeit
44253;Kostenstrukturerhebung im Baugewerbe;JAHR;Jahr;2016;DINSG;Deutschland insgesamt;DG;Deutschland;WZ08S6;WZ2008: Baugewerbe;WZ08-412-01;Bauhauptgewerbe;26420,8;Mill. EUR;BWS003;Bruttowertschöpfung zu Faktorkosten
44253;Kostenstrukturerhebung im Baugewerbe;JAHR;Jahr;2016;DINSG;Deutschland insgesamt;DG;Deutschland;WZ08S6;WZ2008: Baugewerbe;WZ08-412-01;Bauhauptgewerbe;5978,2;Mill. EUR;STR029;Indirekte Steuern abzüglich Subventionen
44253;Kostenstrukturerhebung im Baugewerbe;JAHR;Jahr;2016;DINSG;Deutschland insgesamt;DG;Deutschland;WZ08S6;WZ2008: Baugewerbe;WZ08-412-01;Bauhauptgewerbe;34736,1;Mill. EUR;NPW001;Nettoproduktionswert
44253;Kostenstrukturerhebung im Baugewerbe;JAHR;Jahr;2016;DINSG;Deutschland insgesamt;DG;Deutschland;WZ08S6;WZ2008: Baugewerbe;WZ08-412-01;Bauhauptgewerbe;1581,9;Mill. EUR;ABS002;Abschreibungen
44253;Kostenstrukturerhebung im Baugewerbe;JAHR;Jahr;2024;DINSG;Deutschland insgesamt;DG;Deutschland;WZ08S6;WZ2008: Baugewerbe;WZ08-4211;Bau von Straßen;2514,2;Mill. EUR;KOS027;Sonst.Vorleist.u.sonst.ind.Steuern abzügl.Subvent.
44253;Kostenstrukturerhebung im Baugewerbe;JAHR;Jahr;2024;DINSG;Deutschland insgesamt;DG;Deutschland;WZ08S6;WZ2008: Baugewerbe;WZ08-4211;Bau von Straßen;8885,4;Mill. EUR;BWS002;Bruttowertschöpfung zu Marktpreisen
44253;Kostenstrukturerhebung im Baugewerbe;JAHR;Jahr;2024;DINSG;Deutschland insgesamt;DG;Deutschland;WZ08S6;WZ2008: Baugewerbe;WZ08-4211;Bau von Straßen;19189,9;Mill. EUR;BPW001;Bruttoproduktionswert
44253;Kostenstrukturerhebung im Baugewerbe;JAHR;Jahr;2024;DINSG;Deutschland insgesamt;DG;Deutschland;WZ08S6;WZ2008: Baugewerbe;WZ08-4211;Bau von Straßen;6966,7;Mill. EUR;NWS003;Nettowertschöpfung zu Faktorkosten
44253;Kostenstrukturerhebung im Baugewerbe;JAHR;Jahr;2024;DINSG;Deutschland insgesamt;DG;Deutschland;WZ08S6;WZ2008: Baugewerbe;WZ08-4211;Bau von Straßen;9446,0;Mill. EUR;VBR004;Materialverbrauch, Einsatz an HW, Lohnarbeit
44253;Kostenstrukturerhebung im Baugewerbe;JAHR;Jahr;2024;DINSG;Deutschland insgesamt;DG;Deutschland;WZ08S6;WZ2008: Baugewerbe;WZ08-4211;Bau von Straßen;7555,3;Mill. EUR;BWS003;Bruttowertschöpfung zu Faktorkosten
44253;Kostenstrukturerhebung im Baugewerbe;JAHR;Jahr;2024;DINSG;Deutschland insgesamt;DG;Deutschland;WZ08S6;WZ2008: Baugewerbe;WZ08-4211;Bau von Straßen;1330,1;Mill. EUR;STR029;Indirekte Steuern abzüglich Subventionen
44253;Kostenstrukturerhebung im Baugewerbe;JAHR;Jahr;2024;DINSG;Deutschland insgesamt;DG;Deutschland;WZ08S6;WZ2008: Baugewerbe;WZ08-4211;Bau von Straßen;9838,2;Mill. EUR;NPW001;Nettoproduktionswert
44253;Kostenstrukturerhebung im Baugewerbe;JAHR;Jahr;2024;DINSG;Deutschland insgesamt;DG;Deutschland;WZ08S6;WZ2008: Baugewerbe;WZ08-4211;Bau von Straßen;588,6;Mill. EUR;ABS002;Abschreibungen
44253;Kostenstrukturerhebung im Baugewerbe;JAHR;Jahr;2016;DINSG;Deutschland insgesamt;DG;Deutschland;WZ08S6;WZ2008: Baugewerbe;WZ08-4331;Anbringen v. Stuckaturen, Gipserei u. Verputzerei;93,2;Mill. EUR;KOS027;Sonst.Vorleist.u.sonst.ind.Steuern abzügl.Subvent.
44253;Kostenstrukturerhebung im Baugewerbe;JAHR;Jahr;2016;DINSG;Deutschland insgesamt;DG;Deutschland;WZ08S6;WZ2008: Baugewerbe;WZ08-4331;Anbringen v. Stuckaturen, Gipserei u. Verputzerei;587,3;Mill. EUR;BWS002;Bruttowertschöpfung zu Marktpreisen
44253;Kostenstrukturerhebung im Baugewerbe;JAHR;Jahr;2016;DINSG;Deutschland insgesamt;DG;Deutschland;WZ08S6;WZ2008: Baugewerbe;WZ08-4331;Anbringen v. Stuckaturen, Gipserei u. Verputzerei;1166,5;Mill. EUR;BPW001;Bruttoproduktionswert
44253;Kostenstrukturerhebung im Baugewerbe;JAHR;Jahr;2016;DINSG;Deutschland insgesamt;DG;Deutschland;WZ08S6;WZ2008: Baugewerbe;WZ08-4331;Anbringen v. Stuckaturen, Gipserei u. Verputzerei;465,4;Mill. EUR;NWS003;Nettowertschöpfung zu Faktorkosten
44253;Kostenstrukturerhebung im Baugewerbe;JAHR;Jahr;2016;DINSG;Deutschland insgesamt;DG;Deutschland;WZ08S6;WZ2008: Baugewerbe;WZ08-4331;Anbringen v. Stuckaturen, Gipserei u. Verputzerei;594,4;Mill. EUR;VBR004;Materialverbrauch, Einsatz an HW, Lohnarbeit
44253;Kostenstrukturerhebung im Baugewerbe;JAHR;Jahr;2016;DINSG;Deutschland insgesamt;DG;Deutschland;WZ08S6;WZ2008: Baugewerbe;WZ08-4331;Anbringen v. Stuckaturen, Gipserei u. Verputzerei;478,8;Mill. EUR;BWS003;Bruttowertschöpfung zu Faktorkosten
44253;Kostenstrukturerhebung im Baugewerbe;JAHR;Jahr;2016;DINSG;Deutschland insgesamt;DG;Deutschland;WZ08S6;WZ2008: Baugewerbe;WZ08-4331;Anbringen v. Stuckaturen, Gipserei u. Verputzerei;108,4;Mill. EUR;STR029;Indirekte Steuern abzüglich Subventionen
44253;Kostenstrukturerhebung im Baugewerbe;JAHR;Jahr;2016;DINSG;Deutschland insgesamt;DG;Deutschland;WZ08S6;WZ2008: Baugewerbe;WZ08-4331;Anbringen v. Stuckaturen, Gipserei u. Verputzerei;572,1;Mill. EUR;NPW001;Nettoproduktionswert
44253;Kostenstrukturerhebung im Baugewerbe;JAHR;Jahr;2016;DINSG;Deutschland insgesamt;DG;Deutschland;WZ08S6;WZ2008: Baugewerbe;WZ08-4331;Anbringen v. Stuckaturen, Gipserei u. Verputzerei;13,4;Mill. EUR;ABS002;Abschreibungen
44253;Kostenstrukturerhebung im Baugewerbe;JAHR;Jahr;2011;DINSG;Deutschland insgesamt;DG;Deutschland;WZ08S6;WZ2008: Baugewerbe;WZ08-412-02;Bau von Gebäuden, Tiefbau;5123,9;Mill. EUR;KOS027;Sonst.Vorleist.u.sonst.ind.Steuern abzügl.Subvent.
44253;Kostenstrukturerhebung im Baugewerbe;JAHR;Jahr;2011;DINSG;Deutschland insgesamt;DG;Deutschland;WZ08S6;WZ2008: Baugewerbe;WZ08-412-02;Bau von Gebäuden, Tiefbau;19691,8;Mill. EUR;BWS002;Bruttowertschöpfung zu Marktpreisen
44253;Kostenstrukturerhebung im Baugewerbe;JAHR;Jahr;2011;DINSG;Deutschland insgesamt;DG;Deutschland;WZ08S6;WZ2008: Baugewerbe;WZ08-412-02;Bau von Gebäuden, Tiefbau;51458,7;Mill. EUR;BPW001;Bruttoproduktionswert
44253;Kostenstrukturerhebung im Baugewerbe;JAHR;Jahr;2011;DINSG;Deutschland insgesamt;DG;Deutschland;WZ08S6;WZ2008: Baugewerbe;WZ08-412-02;Bau von Gebäuden, Tiefbau;15641,0;Mill. EUR;NWS003;Nettowertschöpfung zu Faktorkosten
44253;Kostenstrukturerhebung im Baugewerbe;JAHR;Jahr;2011;DINSG;Deutschland insgesamt;DG;Deutschland;WZ08S6;WZ2008: Baugewerbe;WZ08-412-02;Bau von Gebäuden, Tiefbau;29759,0;Mill. EUR;VBR004;Materialverbrauch, Einsatz an HW, Lohnarbeit
44253;Kostenstrukturerhebung im Baugewerbe;JAHR;Jahr;2011;DINSG;Deutschland insgesamt;DG;Deutschland;WZ08S6;WZ2008: Baugewerbe;WZ08-412-02;Bau von Gebäuden, Tiefbau;16575,7;Mill. EUR;BWS003;Bruttowertschöpfung zu Faktorkosten
44253;Kostenstrukturerhebung im Baugewerbe;JAHR;Jahr;2011;DINSG;Deutschland insgesamt;DG;Deutschland;WZ08S6;WZ2008: Baugewerbe;WZ08-412-02;Bau von Gebäuden, Tiefbau;3116,2;Mill. EUR;STR029;Indirekte Steuern abzüglich Subventionen
44253;Kostenstrukturerhebung im Baugewerbe;JAHR;Jahr;2011;DINSG;Deutschland insgesamt;DG;Deutschland;WZ08S6;WZ2008: Baugewerbe;WZ08-412-02;Bau von Gebäuden, Tiefbau;21699,6;Mill. EUR;NPW001;Nettoproduktionswert
44253;Kostenstrukturerhebung im Baugewerbe;JAHR;Jahr;2011;DINSG;Deutschland insgesamt;DG;Deutschland;WZ08S6;WZ2008: Baugewerbe;WZ08-412-02;Bau von Gebäuden, Tiefbau;934,7;Mill. EUR;ABS002;Abschreibungen
44253;Kostenstrukturerhebung im Baugewerbe;JAHR;Jahr;2018;DINSG;Deutschland insgesamt;DG;Deutschland;WZ08S6;WZ2008: Baugewerbe;WZ08-4213;Brücken- und Tunnelbau;150,5;Mill. EUR;KOS027;Sonst.Vorleist.u.sonst.ind.Steuern abzügl.Subvent.
44253;Kostenstrukturerhebung im Baugewerbe;JAHR;Jahr;2018;DINSG;Deutschland insgesamt;DG;Deutschland;WZ08S6;WZ2008: Baugewerbe;WZ08-4213;Brücken- und Tunnelbau;689,9;Mill. EUR;BWS002;Bruttowertschöpfung zu Marktpreisen
44253;Kostenstrukturerhebung im Baugewerbe;JAHR;Jahr;2018;DINSG;Deutschland insgesamt;DG;Deutschland;WZ08S6;WZ2008: Baugewerbe;WZ08-4213;Brücken- und Tunnelbau;1621,4;Mill. EUR;BPW001;Bruttoproduktionswert
44253;Kostenstrukturerhebung im Baugewerbe;JAHR;Jahr;2018;DINSG;Deutschland insgesamt;DG;Deutschland;WZ08S6;WZ2008: Baugewerbe;WZ08-4213;Brücken- und Tunnelbau;525,9;Mill. EUR;NWS003;Nettowertschöpfung zu Faktorkosten
44253;Kostenstrukturerhebung im Baugewerbe;JAHR;Jahr;2018;DINSG;Deutschland insgesamt;DG;Deutschland;WZ08S6;WZ2008: Baugewerbe;WZ08-4213;Brücken- und Tunnelbau;928,7;Mill. EUR;VBR004;Materialverbrauch, Einsatz an HW, Lohnarbeit
44253;Kostenstrukturerhebung im Baugewerbe;JAHR;Jahr;2018;DINSG;Deutschland insgesamt;DG;Deutschland;WZ08S6;WZ2008: Baugewerbe;WZ08-4213;Brücken- und Tunnelbau;542,3;Mill. EUR;BWS003;Bruttowertschöpfung zu Faktorkosten
44253;Kostenstrukturerhebung im Baugewerbe;JAHR;Jahr;2018;DINSG;Deutschland insgesamt;DG;Deutschland;WZ08S6;WZ2008: Baugewerbe;WZ08-4213;Brücken- und Tunnelbau;147,7;Mill. EUR;STR029;Indirekte Steuern abzüglich Subventionen
44253;Kostenstrukturerhebung im Baugewerbe;JAHR;Jahr;2018;DINSG;Deutschland insgesamt;DG;Deutschland;WZ08S6;WZ2008: Baugewerbe;WZ08-4213;Brücken- und Tunnelbau;692,8;Mill. EUR;NPW001;Nettoproduktionswert
44253;Kostenstrukturerhebung im Baugewerbe;JAHR;Jahr;2018;DINSG;Deutschland insgesamt;DG;Deutschland;WZ08S6;WZ2008: Baugewerbe;WZ08-4213;Brücken- und Tunnelbau;16,4;Mill. EUR;ABS002;Abschreibungen
44253;Kostenstrukturerhebung im Baugewerbe;JAHR;Jahr;2016;DINSG;Deutschland insgesamt;DG;Deutschland;WZ08S6;WZ2008: Baugewerbe;WZ08-432;Bauinstallation;3321,5;Mill. EUR;KOS027;Sonst.Vorleist.u.sonst.ind.Steuern abzügl.Subvent.
44253;Kostenstrukturerhebung im Baugewerbe;JAHR;Jahr;2016;DINSG;Deutschland insgesamt;DG;Deutschland;WZ08S6;WZ2008: Baugewerbe;WZ08-432;Bauinstallation;17710,7;Mill. EUR;BWS002;Bruttowertschöpfung zu Marktpreisen
44253;Kostenstrukturerhebung im Baugewerbe;JAHR;Jahr;2016;DINSG;Deutschland insgesamt;DG;Deutschland;WZ08S6;WZ2008: Baugewerbe;WZ08-432;Bauinstallation;34964,7;Mill. EUR;BPW001;Bruttoproduktionswert
44253;Kostenstrukturerhebung im Baugewerbe;JAHR;Jahr;2016;DINSG;Deutschland insgesamt;DG;Deutschland;WZ08S6;WZ2008: Baugewerbe;WZ08-432;Bauinstallation;14678,4;Mill. EUR;NWS003;Nettowertschöpfung zu Faktorkosten
44253;Kostenstrukturerhebung im Baugewerbe;JAHR;Jahr;2016;DINSG;Deutschland insgesamt;DG;Deutschland;WZ08S6;WZ2008: Baugewerbe;WZ08-432;Bauinstallation;16568,2;Mill. EUR;VBR004;Materialverbrauch, Einsatz an HW, Lohnarbeit
44253;Kostenstrukturerhebung im Baugewerbe;JAHR;Jahr;2016;DINSG;Deutschland insgesamt;DG;Deutschland;WZ08S6;WZ2008: Baugewerbe;WZ08-432;Bauinstallation;15075,0;Mill. EUR;BWS003;Bruttowertschöpfung zu Faktorkosten
44253;Kostenstrukturerhebung im Baugewerbe;JAHR;Jahr;2016;DINSG;Deutschland insgesamt;DG;Deutschland;WZ08S6;WZ2008: Baugewerbe;WZ08-432;Bauinstallation;2635,8;Mill. EUR;STR029;Indirekte Steuern abzüglich Subventionen
44253;Kostenstrukturerhebung im Baugewerbe;JAHR;Jahr;2016;DINSG;Deutschland insgesamt;DG;Deutschland;WZ08S6;WZ2008: Baugewerbe;WZ08-432;Bauinstallation;18396,5;Mill. EUR;NPW001;Nettoproduktionswert
44253;Kostenstrukturerhebung im Baugewerbe;JAHR;Jahr;2016;DINSG;Deutschland insgesamt;DG;Deutschland;WZ08S6;WZ2008: Baugewerbe;WZ08-432;Bauinstallation;396,6;Mill. EUR;ABS002;Abschreibungen
44253;Kostenstrukturerhebung im Baugewerbe;JAHR;Jahr;2013;DINSG;Deutschland insgesamt;DG;Deutschland;WZ08S6;WZ2008: Baugewerbe;WZ08-431;Abbrucharbeiten u. vorbereit. Baustellenarbeiten;405,0;Mill. EUR;KOS027;Sonst.Vorleist.u.sonst.ind.Steuern abzügl.Subvent.
44253;Kostenstrukturerhebung im Baugewerbe;JAHR;Jahr;2013;DINSG;Deutschland insgesamt;DG;Deutschland;WZ08S6;WZ2008: Baugewerbe;WZ08-431;Abbrucharbeiten u. vorbereit. Baustellenarbeiten;815,0;Mill. EUR;BWS002;Bruttowertschöpfung zu Marktpreisen
44253;Kostenstrukturerhebung im Baugewerbe;JAHR;Jahr;2013;DINSG;Deutschland insgesamt;DG;Deutschland;WZ08S6;WZ2008: Baugewerbe;WZ08-431;Abbrucharbeiten u. vorbereit. Baustellenarbeiten;2081,3;Mill. EUR;BPW001;Bruttoproduktionswert
44253;Kostenstrukturerhebung im Baugewerbe;JAHR;Jahr;2013;DINSG;Deutschland insgesamt;DG;Deutschland;WZ08S6;WZ2008: Baugewerbe;WZ08-431;Abbrucharbeiten u. vorbereit. Baustellenarbeiten;711,7;Mill. EUR;NWS003;Nettowertschöpfung zu Faktorkosten
44253;Kostenstrukturerhebung im Baugewerbe;JAHR;Jahr;2013;DINSG;Deutschland insgesamt;DG;Deutschland;WZ08S6;WZ2008: Baugewerbe;WZ08-431;Abbrucharbeiten u. vorbereit. Baustellenarbeiten;888,2;Mill. EUR;VBR004;Materialverbrauch, Einsatz an HW, Lohnarbeit
44253;Kostenstrukturerhebung im Baugewerbe;JAHR;Jahr;2013;DINSG;Deutschland insgesamt;DG;Deutschland;WZ08S6;WZ2008: Baugewerbe;WZ08-431;Abbrucharbeiten u. vorbereit. Baustellenarbeiten;788,2;Mill. EUR;BWS003;Bruttowertschöpfung zu Faktorkosten
44253;Kostenstrukturerhebung im Baugewerbe;JAHR;Jahr;2013;DINSG;Deutschland insgesamt;DG;Deutschland;WZ08S6;WZ2008: Baugewerbe;WZ08-431;Abbrucharbeiten u. vorbereit. Baustellenarbeiten;26,9;Mill. EUR;STR029;Indirekte Steuern abzüglich Subventionen
44253;Kostenstrukturerhebung im Baugewerbe;JAHR;Jahr;2013;DINSG;Deutschland insgesamt;DG;Deutschland;WZ08S6;WZ2008: Baugewerbe;WZ08-431;Abbrucharbeiten u. vorbereit. Baustellenarbeiten;1193,1;Mill. EUR;NPW001;Nettoproduktionswert
44253;Kostenstrukturerhebung im Baugewerbe;JAHR;Jahr;2013;DINSG;Deutschland insgesamt;DG;Deutschland;WZ08S6;WZ2008: Baugewerbe;WZ08-431;Abbrucharbeiten u. vorbereit. Baustellenarbeiten;76,5;Mill. EUR;ABS002;Abschreibungen
44253;Kostenstrukturerhebung im Baugewerbe;JAHR;Jahr;2019;DINSG;Deutschland insgesamt;DG;Deutschland;WZ08S6;WZ2008: Baugewerbe;WZ08-F;Baugewerbe;16844,9;Mill. EUR;KOS027;Sonst.Vorleist.u.sonst.ind.Steuern abzügl.Subvent.
44253;Kostenstrukturerhebung im Baugewerbe;JAHR;Jahr;2019;DINSG;Deutschland insgesamt;DG;Deutschland;WZ08S6;WZ2008: Baugewerbe;WZ08-F;Baugewerbe;74576,2;Mill. EUR;BWS002;Bruttowertschöpfung zu Marktpreisen
44253;Kostenstrukturerhebung im Baugewerbe;JAHR;Jahr;2019;DINSG;Deutschland insgesamt;DG;Deutschland;WZ08S6;WZ2008: Baugewerbe;WZ08-F;Baugewerbe;166421,0;Mill. EUR;BPW001;Bruttoproduktionswert
44253;Kostenstrukturerhebung im Baugewerbe;JAHR;Jahr;2019;DINSG;Deutschland insgesamt;DG;Deutschland;WZ08S6;WZ2008: Baugewerbe;WZ08-F;Baugewerbe;57965,1;Mill. EUR;NWS003;Nettowertschöpfung zu Faktorkosten
44253;Kostenstrukturerhebung im Baugewerbe;JAHR;Jahr;2019;DINSG;Deutschland insgesamt;DG;Deutschland;WZ08S6;WZ2008: Baugewerbe;WZ08-F;Baugewerbe;88795,4;Mill. EUR;VBR004;Materialverbrauch, Einsatz an HW, Lohnarbeit
44253;Kostenstrukturerhebung im Baugewerbe;JAHR;Jahr;2019;DINSG;Deutschland insgesamt;DG;Deutschland;WZ08S6;WZ2008: Baugewerbe;WZ08-F;Baugewerbe;60780,7;Mill. EUR;BWS003;Bruttowertschöpfung zu Faktorkosten
44253;Kostenstrukturerhebung im Baugewerbe;JAHR;Jahr;2019;DINSG;Deutschland insgesamt;DG;Deutschland;WZ08S6;WZ2008: Baugewerbe;WZ08-F;Baugewerbe;13795,5;Mill. EUR;STR029;Indirekte Steuern abzüglich Subventionen
44253;Kostenstrukturerhebung im Baugewerbe;JAHR;Jahr;2019;DINSG;Deutschland insgesamt;DG;Deutschland;WZ08S6;WZ2008: Baugewerbe;WZ08-F;Baugewerbe;77625,6;Mill. EUR;NPW001;Nettoproduktionswert
44253;Kostenstrukturerhebung im Baugewerbe;JAHR;Jahr;2019;DINSG;Deutschland insgesamt;DG;Deutschland;WZ08S6;WZ2008: Baugewerbe;WZ08-F;Baugewerbe;2815,6;Mill. EUR;ABS002;Abschreibungen
44253;Kostenstrukturerhebung im Baugewerbe;JAHR;Jahr;2019;DINSG;Deutschland insgesamt;DG;Deutschland;WZ08S6;WZ2008: Baugewerbe;WZ08-412-02;Bau von Gebäuden, Tiefbau;8431,8;Mill. EUR;KOS027;Sonst.Vorleist.u.sonst.ind.Steuern abzügl.Subvent.
44253;Kostenstrukturerhebung im Baugewerbe;JAHR;Jahr;2019;DINSG;Deutschland insgesamt;DG;Deutschland;WZ08S6;WZ2008: Baugewerbe;WZ08-412-02;Bau von Gebäuden, Tiefbau;33029,6;Mill. EUR;BWS002;Bruttowertschöpfung zu Marktpreisen
44253;Kostenstrukturerhebung im Baugewerbe;JAHR;Jahr;2019;DINSG;Deutschland insgesamt;DG;Deutschland;WZ08S6;WZ2008: Baugewerbe;WZ08-412-02;Bau von Gebäuden, Tiefbau;81204,3;Mill. EUR;BPW001;Bruttoproduktionswert
44253;Kostenstrukturerhebung im Baugewerbe;JAHR;Jahr;2019;DINSG;Deutschland insgesamt;DG;Deutschland;WZ08S6;WZ2008: Baugewerbe;WZ08-412-02;Bau von Gebäuden, Tiefbau;24039,8;Mill. EUR;NWS003;Nettowertschöpfung zu Faktorkosten
44253;Kostenstrukturerhebung im Baugewerbe;JAHR;Jahr;2019;DINSG;Deutschland insgesamt;DG;Deutschland;WZ08S6;WZ2008: Baugewerbe;WZ08-412-02;Bau von Gebäuden, Tiefbau;47185,4;Mill. EUR;VBR004;Materialverbrauch, Einsatz an HW, Lohnarbeit
44253;Kostenstrukturerhebung im Baugewerbe;JAHR;Jahr;2019;DINSG;Deutschland insgesamt;DG;Deutschland;WZ08S6;WZ2008: Baugewerbe;WZ08-412-02;Bau von Gebäuden, Tiefbau;25587,1;Mill. EUR;BWS003;Bruttowertschöpfung zu Faktorkosten
44253;Kostenstrukturerhebung im Baugewerbe;JAHR;Jahr;2019;DINSG;Deutschland insgesamt;DG;Deutschland;WZ08S6;WZ2008: Baugewerbe;WZ08-412-02;Bau von Gebäuden, Tiefbau;7442,5;Mill. EUR;STR029;Indirekte Steuern abzüglich Subventionen
44253;Kostenstrukturerhebung im Baugewerbe;JAHR;Jahr;2019;DINSG;Deutschland insgesamt;DG;Deutschland;WZ08S6;WZ2008: Baugewerbe;WZ08-412-02;Bau von Gebäuden, Tiefbau;34018,9;Mill. EUR;NPW001;Nettoproduktionswert
44253;Kostenstrukturerhebung im Baugewerbe;JAHR;Jahr;2019;DINSG;Deutschland insgesamt;DG;Deutschland;WZ08S6;WZ2008: Baugewerbe;WZ08-412-02;Bau von Gebäuden, Tiefbau;1547,3;Mill. EUR;ABS002;Abschreibungen
44253;Kostenstrukturerhebung im Baugewerbe;JAHR;Jahr;2014;DINSG;Deutschland insgesamt;DG;Deutschland;WZ08S6;WZ2008: Baugewerbe;WZ08-4399;Sonstige spezialisierte Bautätigkeiten a.n.g.;1046,6;Mill. EUR;KOS027;Sonst.Vorleist.u.sonst.ind.Steuern abzügl.Subvent.
44253;Kostenstrukturerhebung im Baugewerbe;JAHR;Jahr;2014;DINSG;Deutschland insgesamt;DG;Deutschland;WZ08S6;WZ2008: Baugewerbe;WZ08-4399;Sonstige spezialisierte Bautätigkeiten a.n.g.;3677,0;Mill. EUR;BWS002;Bruttowertschöpfung zu Marktpreisen
44253;Kostenstrukturerhebung im Baugewerbe;JAHR;Jahr;2014;DINSG;Deutschland insgesamt;DG;Deutschland;WZ08S6;WZ2008: Baugewerbe;WZ08-4399;Sonstige spezialisierte Bautätigkeiten a.n.g.;8246,3;Mill. EUR;BPW001;Bruttoproduktionswert
44253;Kostenstrukturerhebung im Baugewerbe;JAHR;Jahr;2014;DINSG;Deutschland insgesamt;DG;Deutschland;WZ08S6;WZ2008: Baugewerbe;WZ08-4399;Sonstige spezialisierte Bautätigkeiten a.n.g.;2831,2;Mill. EUR;NWS003;Nettowertschöpfung zu Faktorkosten
44253;Kostenstrukturerhebung im Baugewerbe;JAHR;Jahr;2014;DINSG;Deutschland insgesamt;DG;Deutschland;WZ08S6;WZ2008: Baugewerbe;WZ08-4399;Sonstige spezialisierte Bautätigkeiten a.n.g.;4129,9;Mill. EUR;VBR004;Materialverbrauch, Einsatz an HW, Lohnarbeit
44253;Kostenstrukturerhebung im Baugewerbe;JAHR;Jahr;2014;DINSG;Deutschland insgesamt;DG;Deutschland;WZ08S6;WZ2008: Baugewerbe;WZ08-4399;Sonstige spezialisierte Bautätigkeiten a.n.g.;3069,8;Mill. EUR;BWS003;Bruttowertschöpfung zu Faktorkosten
44253;Kostenstrukturerhebung im Baugewerbe;JAHR;Jahr;2014;DINSG;Deutschland insgesamt;DG;Deutschland;WZ08S6;WZ2008: Baugewerbe;WZ08-4399;Sonstige spezialisierte Bautätigkeiten a.n.g.;607,2;Mill. EUR;STR029;Indirekte Steuern abzüglich Subventionen
44253;Kostenstrukturerhebung im Baugewerbe;JAHR;Jahr;2014;DINSG;Deutschland insgesamt;DG;Deutschland;WZ08S6;WZ2008: Baugewerbe;WZ08-4399;Sonstige spezialisierte Bautätigkeiten a.n.g.;4116,4;Mill. EUR;NPW001;Nettoproduktionswert
44253;Kostenstrukturerhebung im Baugewerbe;JAHR;Jahr;2014;DINSG;Deutschland insgesamt;DG;Deutschland;WZ08S6;WZ2008: Baugewerbe;WZ08-4399;Sonstige spezialisierte Bautätigkeiten a.n.g.;238,6;Mill. EUR;ABS002;Abschreibungen
44253;Kostenstrukturerhebung im Baugewerbe;JAHR;Jahr;2010;DINSG;Deutschland insgesamt;DG;Deutschland;WZ08S6;WZ2008: Baugewerbe;WZ08-4213;Brücken- und Tunnelbau;98,7;Mill. EUR;KOS027;Sonst.Vorleist.u.sonst.ind.Steuern abzügl.Subvent.
44253;Kostenstrukturerhebung im Baugewerbe;JAHR;Jahr;2010;DINSG;Deutschland insgesamt;DG;Deutschland;WZ08S6;WZ2008: Baugewerbe;WZ08-4213;Brücken- und Tunnelbau;325,8;Mill. EUR;BWS002;Bruttowertschöpfung zu Marktpreisen
44253;Kostenstrukturerhebung im Baugewerbe;JAHR;Jahr;2010;DINSG;Deutschland insgesamt;DG;Deutschland;WZ08S6;WZ2008: Baugewerbe;WZ08-4213;Brücken- und Tunnelbau;945,6;Mill. EUR;BPW001;Bruttoproduktionswert
44253;Kostenstrukturerhebung im Baugewerbe;JAHR;Jahr;2010;DINSG;Deutschland insgesamt;DG;Deutschland;WZ08S6;WZ2008: Baugewerbe;WZ08-4213;Brücken- und Tunnelbau;294,1;Mill. EUR;NWS003;Nettowertschöpfung zu Faktorkosten
44253;Kostenstrukturerhebung im Baugewerbe;JAHR;Jahr;2010;DINSG;Deutschland insgesamt;DG;Deutschland;WZ08S6;WZ2008: Baugewerbe;WZ08-4213;Brücken- und Tunnelbau;539,8;Mill. EUR;VBR004;Materialverbrauch, Einsatz an HW, Lohnarbeit
44253;Kostenstrukturerhebung im Baugewerbe;JAHR;Jahr;2010;DINSG;Deutschland insgesamt;DG;Deutschland;WZ08S6;WZ2008: Baugewerbe;WZ08-4213;Brücken- und Tunnelbau;307,1;Mill. EUR;BWS003;Bruttowertschöpfung zu Faktorkosten
44253;Kostenstrukturerhebung im Baugewerbe;JAHR;Jahr;2010;DINSG;Deutschland insgesamt;DG;Deutschland;WZ08S6;WZ2008: Baugewerbe;WZ08-4213;Brücken- und Tunnelbau;18,7;Mill. EUR;STR029;Indirekte Steuern abzüglich Subventionen
44253;Kostenstrukturerhebung im Baugewerbe;JAHR;Jahr;2010;DINSG;Deutschland insgesamt;DG;Deutschland;WZ08S6;WZ2008: Baugewerbe;WZ08-4213;Brücken- und Tunnelbau;405,8;Mill. EUR;NPW001;Nettoproduktionswert
44253;Kostenstrukturerhebung im Baugewerbe;JAHR;Jahr;2010;DINSG;Deutschland insgesamt;DG;Deutschland;WZ08S6;WZ2008: Baugewerbe;WZ08-4213;Brücken- und Tunnelbau;13,0;Mill. EUR;ABS002;Abschreibungen
44253;Kostenstrukturerhebung im Baugewerbe;JAHR;Jahr;2017;DINSG;Deutschland insgesamt;DG;Deutschland;WZ08S6;WZ2008: Baugewerbe;WZ08-432-01;Ausbaugewerbe;4464,3;Mill. EUR;KOS027;Sonst.Vorleist.u.sonst.ind.Steuern abzügl.Subvent.
44253;Kostenstrukturerhebung im Baugewerbe;JAHR;Jahr;2017;DINSG;Deutschland insgesamt;DG;Deutschland;WZ08S6;WZ2008: Baugewerbe;WZ08-432-01;Ausbaugewerbe;24215,6;Mill. EUR;BWS002;Bruttowertschöpfung zu Marktpreisen
44253;Kostenstrukturerhebung im Baugewerbe;JAHR;Jahr;2017;DINSG;Deutschland insgesamt;DG;Deutschland;WZ08S6;WZ2008: Baugewerbe;WZ08-432-01;Ausbaugewerbe;47418,3;Mill. EUR;BPW001;Bruttoproduktionswert
44253;Kostenstrukturerhebung im Baugewerbe;JAHR;Jahr;2017;DINSG;Deutschland insgesamt;DG;Deutschland;WZ08S6;WZ2008: Baugewerbe;WZ08-432-01;Ausbaugewerbe;20111,0;Mill. EUR;NWS003;Nettowertschöpfung zu Faktorkosten
44253;Kostenstrukturerhebung im Baugewerbe;JAHR;Jahr;2017;DINSG;Deutschland insgesamt;DG;Deutschland;WZ08S6;WZ2008: Baugewerbe;WZ08-432-01;Ausbaugewerbe;22273,6;Mill. EUR;VBR004;Materialverbrauch, Einsatz an HW, Lohnarbeit
44253;Kostenstrukturerhebung im Baugewerbe;JAHR;Jahr;2017;DINSG;Deutschland insgesamt;DG;Deutschland;WZ08S6;WZ2008: Baugewerbe;WZ08-432-01;Ausbaugewerbe;20680,5;Mill. EUR;BWS003;Bruttowertschöpfung zu Faktorkosten
44253;Kostenstrukturerhebung im Baugewerbe;JAHR;Jahr;2017;DINSG;Deutschland insgesamt;DG;Deutschland;WZ08S6;WZ2008: Baugewerbe;WZ08-432-01;Ausbaugewerbe;3535,1;Mill. EUR;STR029;Indirekte Steuern abzüglich Subventionen
44253;Kostenstrukturerhebung im Baugewerbe;JAHR;Jahr;2017;DINSG;Deutschland insgesamt;DG;Deutschland;WZ08S6;WZ2008: Baugewerbe;WZ08-432-01;Ausbaugewerbe;25144,8;Mill. EUR;NPW001;Nettoproduktionswert
44253;Kostenstrukturerhebung im Baugewerbe;JAHR;Jahr;2017;DINSG;Deutschland insgesamt;DG;Deutschland;WZ08S6;WZ2008: Baugewerbe;WZ08-432-01;Ausbaugewerbe;569,5;Mill. EUR;ABS002;Abschreibungen
44253;Kostenstrukturerhebung im Baugewerbe;JAHR;Jahr;2020;DINSG;Deutschland insgesamt;DG;Deutschland;WZ08S6;WZ2008: Baugewerbe;WZ08-4391;Dachdeckerei und Zimmerei;581,2;Mill. EUR;KOS027;Sonst.Vorleist.u.sonst.ind.Steuern abzügl.Subvent.
44253;Kostenstrukturerhebung im Baugewerbe;JAHR;Jahr;2020;DINSG;Deutschland insgesamt;DG;Deutschland;WZ08S6;WZ2008: Baugewerbe;WZ08-4391;Dachdeckerei und Zimmerei;3234,8;Mill. EUR;BWS002;Bruttowertschöpfung zu Marktpreisen
44253;Kostenstrukturerhebung im Baugewerbe;JAHR;Jahr;2020;DINSG;Deutschland insgesamt;DG;Deutschland;WZ08S6;WZ2008: Baugewerbe;WZ08-4391;Dachdeckerei und Zimmerei;6389,0;Mill. EUR;BPW001;Bruttoproduktionswert
44253;Kostenstrukturerhebung im Baugewerbe;JAHR;Jahr;2020;DINSG;Deutschland insgesamt;DG;Deutschland;WZ08S6;WZ2008: Baugewerbe;WZ08-4391;Dachdeckerei und Zimmerei;2600,6;Mill. EUR;NWS003;Nettowertschöpfung zu Faktorkosten
44253;Kostenstrukturerhebung im Baugewerbe;JAHR;Jahr;2020;DINSG;Deutschland insgesamt;DG;Deutschland;WZ08S6;WZ2008: Baugewerbe;WZ08-4391;Dachdeckerei und Zimmerei;3106,1;Mill. EUR;VBR004;Materialverbrauch, Einsatz an HW, Lohnarbeit
44253;Kostenstrukturerhebung im Baugewerbe;JAHR;Jahr;2020;DINSG;Deutschland insgesamt;DG;Deutschland;WZ08S6;WZ2008: Baugewerbe;WZ08-4391;Dachdeckerei und Zimmerei;2701,7;Mill. EUR;BWS003;Bruttowertschöpfung zu Faktorkosten
44253;Kostenstrukturerhebung im Baugewerbe;JAHR;Jahr;2020;DINSG;Deutschland insgesamt;DG;Deutschland;WZ08S6;WZ2008: Baugewerbe;WZ08-4391;Dachdeckerei und Zimmerei;533,1;Mill. EUR;STR029;Indirekte Steuern abzüglich Subventionen
44253;Kostenstrukturerhebung im Baugewerbe;JAHR;Jahr;2020;DINSG;Deutschland insgesamt;DG;Deutschland;WZ08S6;WZ2008: Baugewerbe;WZ08-4391;Dachdeckerei und Zimmerei;3282,9;Mill. EUR;NPW001;Nettoproduktionswert
44253;Kostenstrukturerhebung im Baugewerbe;JAHR;Jahr;2020;DINSG;Deutschland insgesamt;DG;Deutschland;WZ08S6;WZ2008: Baugewerbe;WZ08-4391;Dachdeckerei und Zimmerei;101,1;Mill. EUR;ABS002;Abschreibungen
44253;Kostenstrukturerhebung im Baugewerbe;JAHR;Jahr;2016;DINSG;Deutschland insgesamt;DG;Deutschland;WZ08S6;WZ2008: Baugewerbe;WZ08-4391;Dachdeckerei und Zimmerei;412,1;Mill. EUR;KOS027;Sonst.Vorleist.u.sonst.ind.Steuern abzügl.Subvent.
44253;Kostenstrukturerhebung im Baugewerbe;JAHR;Jahr;2016;DINSG;Deutschland insgesamt;DG;Deutschland;WZ08S6;WZ2008: Baugewerbe;WZ08-4391;Dachdeckerei und Zimmerei;2329,8;Mill. EUR;BWS002;Bruttowertschöpfung zu Marktpreisen
44253;Kostenstrukturerhebung im Baugewerbe;JAHR;Jahr;2016;DINSG;Deutschland insgesamt;DG;Deutschland;WZ08S6;WZ2008: Baugewerbe;WZ08-4391;Dachdeckerei und Zimmerei;4922,2;Mill. EUR;BPW001;Bruttoproduktionswert
44253;Kostenstrukturerhebung im Baugewerbe;JAHR;Jahr;2016;DINSG;Deutschland insgesamt;DG;Deutschland;WZ08S6;WZ2008: Baugewerbe;WZ08-4391;Dachdeckerei und Zimmerei;1855,6;Mill. EUR;NWS003;Nettowertschöpfung zu Faktorkosten
44253;Kostenstrukturerhebung im Baugewerbe;JAHR;Jahr;2016;DINSG;Deutschland insgesamt;DG;Deutschland;WZ08S6;WZ2008: Baugewerbe;WZ08-4391;Dachdeckerei und Zimmerei;2581,0;Mill. EUR;VBR004;Materialverbrauch, Einsatz an HW, Lohnarbeit
44253;Kostenstrukturerhebung im Baugewerbe;JAHR;Jahr;2016;DINSG;Deutschland insgesamt;DG;Deutschland;WZ08S6;WZ2008: Baugewerbe;WZ08-4391;Dachdeckerei und Zimmerei;1929,1;Mill. EUR;BWS003;Bruttowertschöpfung zu Faktorkosten
44253;Kostenstrukturerhebung im Baugewerbe;JAHR;Jahr;2016;DINSG;Deutschland insgesamt;DG;Deutschland;WZ08S6;WZ2008: Baugewerbe;WZ08-4391;Dachdeckerei und Zimmerei;400,7;Mill. EUR;STR029;Indirekte Steuern abzüglich Subventionen
44253;Kostenstrukturerhebung im Baugewerbe;JAHR;Jahr;2016;DINSG;Deutschland insgesamt;DG;Deutschland;WZ08S6;WZ2008: Baugewerbe;WZ08-4391;Dachdeckerei und Zimmerei;2341,2;Mill. EUR;NPW001;Nettoproduktionswert
44253;Kostenstrukturerhebung im Baugewerbe;JAHR;Jahr;2016;DINSG;Deutschland insgesamt;DG;Deutschland;WZ08S6;WZ2008: Baugewerbe;WZ08-4391;Dachdeckerei und Zimmerei;73,5;Mill. EUR;ABS002;Abschreibungen
44253;Kostenstrukturerhebung im Baugewerbe;JAHR;Jahr;2017;DINSG;Deutschland insgesamt;DG;Deutschland;WZ08S6;WZ2008: Baugewerbe;WZ08-411;Erschließung von Grundstücken, Bauträger;373,0;Mill. EUR;KOS027;Sonst.Vorleist.u.sonst.ind.Steuern abzügl.Subvent.
44253;Kostenstrukturerhebung im Baugewerbe;JAHR;Jahr;2017;DINSG;Deutschland insgesamt;DG;Deutschland;WZ08S6;WZ2008: Baugewerbe;WZ08-411;Erschließung von Grundstücken, Bauträger;1710,1;Mill. EUR;BWS002;Bruttowertschöpfung zu Marktpreisen
44253;Kostenstrukturerhebung im Baugewerbe;JAHR;Jahr;2017;DINSG;Deutschland insgesamt;DG;Deutschland;WZ08S6;WZ2008: Baugewerbe;WZ08-411;Erschließung von Grundstücken, Bauträger;5012,1;Mill. EUR;BPW001;Bruttoproduktionswert
44253;Kostenstrukturerhebung im Baugewerbe;JAHR;Jahr;2017;DINSG;Deutschland insgesamt;DG;Deutschland;WZ08S6;WZ2008: Baugewerbe;WZ08-411;Erschließung von Grundstücken, Bauträger;1525,2;Mill. EUR;NWS003;Nettowertschöpfung zu Faktorkosten
44253;Kostenstrukturerhebung im Baugewerbe;JAHR;Jahr;2017;DINSG;Deutschland insgesamt;DG;Deutschland;WZ08S6;WZ2008: Baugewerbe;WZ08-411;Erschließung von Grundstücken, Bauträger;3079,8;Mill. EUR;VBR004;Materialverbrauch, Einsatz an HW, Lohnarbeit
44253;Kostenstrukturerhebung im Baugewerbe;JAHR;Jahr;2017;DINSG;Deutschland insgesamt;DG;Deutschland;WZ08S6;WZ2008: Baugewerbe;WZ08-411;Erschließung von Grundstücken, Bauträger;1559,3;Mill. EUR;BWS003;Bruttowertschöpfung zu Faktorkosten
44253;Kostenstrukturerhebung im Baugewerbe;JAHR;Jahr;2017;DINSG;Deutschland insgesamt;DG;Deutschland;WZ08S6;WZ2008: Baugewerbe;WZ08-411;Erschließung von Grundstücken, Bauträger;150,8;Mill. EUR;STR029;Indirekte Steuern abzüglich Subventionen
44253;Kostenstrukturerhebung im Baugewerbe;JAHR;Jahr;2017;DINSG;Deutschland insgesamt;DG;Deutschland;WZ08S6;WZ2008: Baugewerbe;WZ08-411;Erschließung von Grundstücken, Bauträger;1932,3;Mill. EUR;NPW001;Nettoproduktionswert
44253;Kostenstrukturerhebung im Baugewerbe;JAHR;Jahr;2017;DINSG;Deutschland insgesamt;DG;Deutschland;WZ08S6;WZ2008: Baugewerbe;WZ08-411;Erschließung von Grundstücken, Bauträger;34,1;Mill. EUR;ABS002;Abschreibungen
44253;Kostenstrukturerhebung im Baugewerbe;JAHR;Jahr;2014;DINSG;Deutschland insgesamt;DG;Deutschland;WZ08S6;WZ2008: Baugewerbe;WZ08-4211;Bau von Straßen;1239,3;Mill. EUR;KOS027;Sonst.Vorleist.u.sonst.ind.Steuern abzügl.Subvent.
44253;Kostenstrukturerhebung im Baugewerbe;JAHR;Jahr;2014;DINSG;Deutschland insgesamt;DG;Deutschland;WZ08S6;WZ2008: Baugewerbe;WZ08-4211;Bau von Straßen;4831,7;Mill. EUR;BWS002;Bruttowertschöpfung zu Marktpreisen
44253;Kostenstrukturerhebung im Baugewerbe;JAHR;Jahr;2014;DINSG;Deutschland insgesamt;DG;Deutschland;WZ08S6;WZ2008: Baugewerbe;WZ08-4211;Bau von Straßen;11512,8;Mill. EUR;BPW001;Bruttoproduktionswert
44253;Kostenstrukturerhebung im Baugewerbe;JAHR;Jahr;2014;DINSG;Deutschland insgesamt;DG;Deutschland;WZ08S6;WZ2008: Baugewerbe;WZ08-4211;Bau von Straßen;3793,8;Mill. EUR;NWS003;Nettowertschöpfung zu Faktorkosten
44253;Kostenstrukturerhebung im Baugewerbe;JAHR;Jahr;2014;DINSG;Deutschland insgesamt;DG;Deutschland;WZ08S6;WZ2008: Baugewerbe;WZ08-4211;Bau von Straßen;6196,1;Mill. EUR;VBR004;Materialverbrauch, Einsatz an HW, Lohnarbeit
44253;Kostenstrukturerhebung im Baugewerbe;JAHR;Jahr;2014;DINSG;Deutschland insgesamt;DG;Deutschland;WZ08S6;WZ2008: Baugewerbe;WZ08-4211;Bau von Straßen;4077,5;Mill. EUR;BWS003;Bruttowertschöpfung zu Faktorkosten
44253;Kostenstrukturerhebung im Baugewerbe;JAHR;Jahr;2014;DINSG;Deutschland insgesamt;DG;Deutschland;WZ08S6;WZ2008: Baugewerbe;WZ08-4211;Bau von Straßen;754,2;Mill. EUR;STR029;Indirekte Steuern abzüglich Subventionen
44253;Kostenstrukturerhebung im Baugewerbe;JAHR;Jahr;2014;DINSG;Deutschland insgesamt;DG;Deutschland;WZ08S6;WZ2008: Baugewerbe;WZ08-4211;Bau von Straßen;5316,8;Mill. EUR;NPW001;Nettoproduktionswert
44253;Kostenstrukturerhebung im Baugewerbe;JAHR;Jahr;2014;DINSG;Deutschland insgesamt;DG;Deutschland;WZ08S6;WZ2008: Baugewerbe;WZ08-4211;Bau von Straßen;283,7;Mill. EUR;ABS002;Abschreibungen
44253;Kostenstrukturerhebung im Baugewerbe;JAHR;Jahr;2022;DINSG;Deutschland insgesamt;DG;Deutschland;WZ08S6;WZ2008: Baugewerbe;WZ08-432;Bauinstallation;5010,9;Mill. EUR;KOS027;Sonst.Vorleist.u.sonst.ind.Steuern abzügl.Subvent.
44253;Kostenstrukturerhebung im Baugewerbe;JAHR;Jahr;2022;DINSG;Deutschland insgesamt;DG;Deutschland;WZ08S6;WZ2008: Baugewerbe;WZ08-432;Bauinstallation;30510,4;Mill. EUR;BWS002;Bruttowertschöpfung zu Marktpreisen
44253;Kostenstrukturerhebung im Baugewerbe;JAHR;Jahr;2022;DINSG;Deutschland insgesamt;DG;Deutschland;WZ08S6;WZ2008: Baugewerbe;WZ08-432;Bauinstallation;56279,3;Mill. EUR;BPW001;Bruttoproduktionswert
44253;Kostenstrukturerhebung im Baugewerbe;JAHR;Jahr;2022;DINSG;Deutschland insgesamt;DG;Deutschland;WZ08S6;WZ2008: Baugewerbe;WZ08-432;Bauinstallation;24966,1;Mill. EUR;NWS003;Nettowertschöpfung zu Faktorkosten
44253;Kostenstrukturerhebung im Baugewerbe;JAHR;Jahr;2022;DINSG;Deutschland insgesamt;DG;Deutschland;WZ08S6;WZ2008: Baugewerbe;WZ08-432;Bauinstallation;26254,0;Mill. EUR;VBR004;Materialverbrauch, Einsatz an HW, Lohnarbeit
44253;Kostenstrukturerhebung im Baugewerbe;JAHR;Jahr;2022;DINSG;Deutschland insgesamt;DG;Deutschland;WZ08S6;WZ2008: Baugewerbe;WZ08-432;Bauinstallation;25599,0;Mill. EUR;BWS003;Bruttowertschöpfung zu Faktorkosten
44253;Kostenstrukturerhebung im Baugewerbe;JAHR;Jahr;2022;DINSG;Deutschland insgesamt;DG;Deutschland;WZ08S6;WZ2008: Baugewerbe;WZ08-432;Bauinstallation;4911,3;Mill. EUR;STR029;Indirekte Steuern abzüglich Subventionen
44253;Kostenstrukturerhebung im Baugewerbe;JAHR;Jahr;2022;DINSG;Deutschland insgesamt;DG;Deutschland;WZ08S6;WZ2008: Baugewerbe;WZ08-432;Bauinstallation;30025,3;Mill. EUR;NPW001;Nettoproduktionswert
44253;Kostenstrukturerhebung im Baugewerbe;JAHR;Jahr;2022;DINSG;Deutschland insgesamt;DG;Deutschland;WZ08S6;WZ2008: Baugewerbe;WZ08-432;Bauinstallation;633,0;Mill. EUR;ABS002;Abschreibungen
44253;Kostenstrukturerhebung im Baugewerbe;JAHR;Jahr;2024;DINSG;Deutschland insgesamt;DG;Deutschland;WZ08S6;WZ2008: Baugewerbe;WZ08-412-02;Bau von Gebäuden, Tiefbau;11409,6;Mill. EUR;KOS027;Sonst.Vorleist.u.sonst.ind.Steuern abzügl.Subvent.
44253;Kostenstrukturerhebung im Baugewerbe;JAHR;Jahr;2024;DINSG;Deutschland insgesamt;DG;Deutschland;WZ08S6;WZ2008: Baugewerbe;WZ08-412-02;Bau von Gebäuden, Tiefbau;41952,9;Mill. EUR;BWS002;Bruttowertschöpfung zu Marktpreisen
44253;Kostenstrukturerhebung im Baugewerbe;JAHR;Jahr;2024;DINSG;Deutschland insgesamt;DG;Deutschland;WZ08S6;WZ2008: Baugewerbe;WZ08-412-02;Bau von Gebäuden, Tiefbau;99293,1;Mill. EUR;BPW001;Bruttoproduktionswert
44253;Kostenstrukturerhebung im Baugewerbe;JAHR;Jahr;2024;DINSG;Deutschland insgesamt;DG;Deutschland;WZ08S6;WZ2008: Baugewerbe;WZ08-412-02;Bau von Gebäuden, Tiefbau;32166,6;Mill. EUR;NWS003;Nettowertschöpfung zu Faktorkosten
44253;Kostenstrukturerhebung im Baugewerbe;JAHR;Jahr;2024;DINSG;Deutschland insgesamt;DG;Deutschland;WZ08S6;WZ2008: Baugewerbe;WZ08-412-02;Bau von Gebäuden, Tiefbau;54665,7;Mill. EUR;VBR004;Materialverbrauch, Einsatz an HW, Lohnarbeit
44253;Kostenstrukturerhebung im Baugewerbe;JAHR;Jahr;2024;DINSG;Deutschland insgesamt;DG;Deutschland;WZ08S6;WZ2008: Baugewerbe;WZ08-412-02;Bau von Gebäuden, Tiefbau;34310,7;Mill. EUR;BWS003;Bruttowertschöpfung zu Faktorkosten
44253;Kostenstrukturerhebung im Baugewerbe;JAHR;Jahr;2024;DINSG;Deutschland insgesamt;DG;Deutschland;WZ08S6;WZ2008: Baugewerbe;WZ08-412-02;Bau von Gebäuden, Tiefbau;7642,2;Mill. EUR;STR029;Indirekte Steuern abzüglich Subventionen
44253;Kostenstrukturerhebung im Baugewerbe;JAHR;Jahr;2024;DINSG;Deutschland insgesamt;DG;Deutschland;WZ08S6;WZ2008: Baugewerbe;WZ08-412-02;Bau von Gebäuden, Tiefbau;44780,9;Mill. EUR;NPW001;Nettoproduktionswert
44253;Kostenstrukturerhebung im Baugewerbe;JAHR;Jahr;2024;DINSG;Deutschland insgesamt;DG;Deutschland;WZ08S6;WZ2008: Baugewerbe;WZ08-412-02;Bau von Gebäuden, Tiefbau;2144,2;Mill. EUR;ABS002;Abschreibungen
44253;Kostenstrukturerhebung im Baugewerbe;JAHR;Jahr;2022;DINSG;Deutschland insgesamt;DG;Deutschland;WZ08S6;WZ2008: Baugewerbe;WZ08-4399;Sonstige spezialisierte Bautätigkeiten a.n.g.;1939,8;Mill. EUR;KOS027;Sonst.Vorleist.u.sonst.ind.Steuern abzügl.Subvent.
44253;Kostenstrukturerhebung im Baugewerbe;JAHR;Jahr;2022;DINSG;Deutschland insgesamt;DG;Deutschland;WZ08S6;WZ2008: Baugewerbe;WZ08-4399;Sonstige spezialisierte Bautätigkeiten a.n.g.;7015,5;Mill. EUR;BWS002;Bruttowertschöpfung zu Marktpreisen
44253;Kostenstrukturerhebung im Baugewerbe;JAHR;Jahr;2022;DINSG;Deutschland insgesamt;DG;Deutschland;WZ08S6;WZ2008: Baugewerbe;WZ08-4399;Sonstige spezialisierte Bautätigkeiten a.n.g.;14225,4;Mill. EUR;BPW001;Bruttoproduktionswert
44253;Kostenstrukturerhebung im Baugewerbe;JAHR;Jahr;2022;DINSG;Deutschland insgesamt;DG;Deutschland;WZ08S6;WZ2008: Baugewerbe;WZ08-4399;Sonstige spezialisierte Bautätigkeiten a.n.g.;5498,7;Mill. EUR;NWS003;Nettowertschöpfung zu Faktorkosten
44253;Kostenstrukturerhebung im Baugewerbe;JAHR;Jahr;2022;DINSG;Deutschland insgesamt;DG;Deutschland;WZ08S6;WZ2008: Baugewerbe;WZ08-4399;Sonstige spezialisierte Bautätigkeiten a.n.g.;6507,0;Mill. EUR;VBR004;Materialverbrauch, Einsatz an HW, Lohnarbeit
44253;Kostenstrukturerhebung im Baugewerbe;JAHR;Jahr;2022;DINSG;Deutschland insgesamt;DG;Deutschland;WZ08S6;WZ2008: Baugewerbe;WZ08-4399;Sonstige spezialisierte Bautätigkeiten a.n.g.;5926,0;Mill. EUR;BWS003;Bruttowertschöpfung zu Faktorkosten
44253;Kostenstrukturerhebung im Baugewerbe;JAHR;Jahr;2022;DINSG;Deutschland insgesamt;DG;Deutschland;WZ08S6;WZ2008: Baugewerbe;WZ08-4399;Sonstige spezialisierte Bautätigkeiten a.n.g.;1089,5;Mill. EUR;STR029;Indirekte Steuern abzüglich Subventionen
44253;Kostenstrukturerhebung im Baugewerbe;JAHR;Jahr;2022;DINSG;Deutschland insgesamt;DG;Deutschland;WZ08S6;WZ2008: Baugewerbe;WZ08-4399;Sonstige spezialisierte Bautätigkeiten a.n.g.;7718,5;Mill. EUR;NPW001;Nettoproduktionswert
44253;Kostenstrukturerhebung im Baugewerbe;JAHR;Jahr;2022;DINSG;Deutschland insgesamt;DG;Deutschland;WZ08S6;WZ2008: Baugewerbe;WZ08-4399;Sonstige spezialisierte Bautätigkeiten a.n.g.;427,2;Mill. EUR;ABS002;Abschreibungen
44253;Kostenstrukturerhebung im Baugewerbe;JAHR;Jahr;2009;DINSG;Deutschland insgesamt;DG;Deutschland;WZ08S6;WZ2008: Baugewerbe;WZ08-412-02;Bau von Gebäuden, Tiefbau;4644,1;Mill. EUR;KOS027;Sonst.Vorleist.u.sonst.ind.Steuern abzügl.Subvent.
44253;Kostenstrukturerhebung im Baugewerbe;JAHR;Jahr;2009;DINSG;Deutschland insgesamt;DG;Deutschland;WZ08S6;WZ2008: Baugewerbe;WZ08-412-02;Bau von Gebäuden, Tiefbau;17956,2;Mill. EUR;BWS002;Bruttowertschöpfung zu Marktpreisen
44253;Kostenstrukturerhebung im Baugewerbe;JAHR;Jahr;2009;DINSG;Deutschland insgesamt;DG;Deutschland;WZ08S6;WZ2008: Baugewerbe;WZ08-412-02;Bau von Gebäuden, Tiefbau;46830,1;Mill. EUR;BPW001;Bruttoproduktionswert
44253;Kostenstrukturerhebung im Baugewerbe;JAHR;Jahr;2009;DINSG;Deutschland insgesamt;DG;Deutschland;WZ08S6;WZ2008: Baugewerbe;WZ08-412-02;Bau von Gebäuden, Tiefbau;14164,2;Mill. EUR;NWS003;Nettowertschöpfung zu Faktorkosten
44253;Kostenstrukturerhebung im Baugewerbe;JAHR;Jahr;2009;DINSG;Deutschland insgesamt;DG;Deutschland;WZ08S6;WZ2008: Baugewerbe;WZ08-412-02;Bau von Gebäuden, Tiefbau;27146,8;Mill. EUR;VBR004;Materialverbrauch, Einsatz an HW, Lohnarbeit
44253;Kostenstrukturerhebung im Baugewerbe;JAHR;Jahr;2009;DINSG;Deutschland insgesamt;DG;Deutschland;WZ08S6;WZ2008: Baugewerbe;WZ08-412-02;Bau von Gebäuden, Tiefbau;15039,2;Mill. EUR;BWS003;Bruttowertschöpfung zu Faktorkosten
44253;Kostenstrukturerhebung im Baugewerbe;JAHR;Jahr;2009;DINSG;Deutschland insgesamt;DG;Deutschland;WZ08S6;WZ2008: Baugewerbe;WZ08-412-02;Bau von Gebäuden, Tiefbau;2917,0;Mill. EUR;STR029;Indirekte Steuern abzüglich Subventionen
44253;Kostenstrukturerhebung im Baugewerbe;JAHR;Jahr;2009;DINSG;Deutschland insgesamt;DG;Deutschland;WZ08S6;WZ2008: Baugewerbe;WZ08-412-02;Bau von Gebäuden, Tiefbau;19683,3;Mill. EUR;NPW001;Nettoproduktionswert
44253;Kostenstrukturerhebung im Baugewerbe;JAHR;Jahr;2009;DINSG;Deutschland insgesamt;DG;Deutschland;WZ08S6;WZ2008: Baugewerbe;WZ08-412-02;Bau von Gebäuden, Tiefbau;874,9;Mill. EUR;ABS002;Abschreibungen
44253;Kostenstrukturerhebung im Baugewerbe;JAHR;Jahr;2022;DINSG;Deutschland insgesamt;DG;Deutschland;WZ08S6;WZ2008: Baugewerbe;WZ08-4331;Anbringen v. Stuckaturen, Gipserei u. Verputzerei;139,0;Mill. EUR;KOS027;Sonst.Vorleist.u.sonst.ind.Steuern abzügl.Subvent.
44253;Kostenstrukturerhebung im Baugewerbe;JAHR;Jahr;2022;DINSG;Deutschland insgesamt;DG;Deutschland;WZ08S6;WZ2008: Baugewerbe;WZ08-4331;Anbringen v. Stuckaturen, Gipserei u. Verputzerei;986,0;Mill. EUR;BWS002;Bruttowertschöpfung zu Marktpreisen
44253;Kostenstrukturerhebung im Baugewerbe;JAHR;Jahr;2022;DINSG;Deutschland insgesamt;DG;Deutschland;WZ08S6;WZ2008: Baugewerbe;WZ08-4331;Anbringen v. Stuckaturen, Gipserei u. Verputzerei;1905,6;Mill. EUR;BPW001;Bruttoproduktionswert
44253;Kostenstrukturerhebung im Baugewerbe;JAHR;Jahr;2022;DINSG;Deutschland insgesamt;DG;Deutschland;WZ08S6;WZ2008: Baugewerbe;WZ08-4331;Anbringen v. Stuckaturen, Gipserei u. Verputzerei;776,4;Mill. EUR;NWS003;Nettowertschöpfung zu Faktorkosten
44253;Kostenstrukturerhebung im Baugewerbe;JAHR;Jahr;2022;DINSG;Deutschland insgesamt;DG;Deutschland;WZ08S6;WZ2008: Baugewerbe;WZ08-4331;Anbringen v. Stuckaturen, Gipserei u. Verputzerei;986,2;Mill. EUR;VBR004;Materialverbrauch, Einsatz an HW, Lohnarbeit
44253;Kostenstrukturerhebung im Baugewerbe;JAHR;Jahr;2022;DINSG;Deutschland insgesamt;DG;Deutschland;WZ08S6;WZ2008: Baugewerbe;WZ08-4331;Anbringen v. Stuckaturen, Gipserei u. Verputzerei;798,9;Mill. EUR;BWS003;Bruttowertschöpfung zu Faktorkosten
44253;Kostenstrukturerhebung im Baugewerbe;JAHR;Jahr;2022;DINSG;Deutschland insgesamt;DG;Deutschland;WZ08S6;WZ2008: Baugewerbe;WZ08-4331;Anbringen v. Stuckaturen, Gipserei u. Verputzerei;187,1;Mill. EUR;STR029;Indirekte Steuern abzüglich Subventionen
44253;Kostenstrukturerhebung im Baugewerbe;JAHR;Jahr;2022;DINSG;Deutschland insgesamt;DG;Deutschland;WZ08S6;WZ2008: Baugewerbe;WZ08-4331;Anbringen v. Stuckaturen, Gipserei u. Verputzerei;919,3;Mill. EUR;NPW001;Nettoproduktionswert
44253;Kostenstrukturerhebung im Baugewerbe;JAHR;Jahr;2022;DINSG;Deutschland insgesamt;DG;Deutschland;WZ08S6;WZ2008: Baugewerbe;WZ08-4331;Anbringen v. Stuckaturen, Gipserei u. Verputzerei;22,5;Mill. EUR;ABS002;Abschreibungen
44253;Kostenstrukturerhebung im Baugewerbe;JAHR;Jahr;2020;DINSG;Deutschland insgesamt;DG;Deutschland;WZ08S6;WZ2008: Baugewerbe;WZ08-4213;Brücken- und Tunnelbau;178,3;Mill. EUR;KOS027;Sonst.Vorleist.u.sonst.ind.Steuern abzügl.Subvent.
44253;Kostenstrukturerhebung im Baugewerbe;JAHR;Jahr;2020;DINSG;Deutschland insgesamt;DG;Deutschland;WZ08S6;WZ2008: Baugewerbe;WZ08-4213;Brücken- und Tunnelbau;705,6;Mill. EUR;BWS002;Bruttowertschöpfung zu Marktpreisen
44253;Kostenstrukturerhebung im Baugewerbe;JAHR;Jahr;2020;DINSG;Deutschland insgesamt;DG;Deutschland;WZ08S6;WZ2008: Baugewerbe;WZ08-4213;Brücken- und Tunnelbau;1956,3;Mill. EUR;BPW001;Bruttoproduktionswert
44253;Kostenstrukturerhebung im Baugewerbe;JAHR;Jahr;2020;DINSG;Deutschland insgesamt;DG;Deutschland;WZ08S6;WZ2008: Baugewerbe;WZ08-4213;Brücken- und Tunnelbau;561,1;Mill. EUR;NWS003;Nettowertschöpfung zu Faktorkosten
44253;Kostenstrukturerhebung im Baugewerbe;JAHR;Jahr;2020;DINSG;Deutschland insgesamt;DG;Deutschland;WZ08S6;WZ2008: Baugewerbe;WZ08-4213;Brücken- und Tunnelbau;1181,0;Mill. EUR;VBR004;Materialverbrauch, Einsatz an HW, Lohnarbeit
44253;Kostenstrukturerhebung im Baugewerbe;JAHR;Jahr;2020;DINSG;Deutschland insgesamt;DG;Deutschland;WZ08S6;WZ2008: Baugewerbe;WZ08-4213;Brücken- und Tunnelbau;597,0;Mill. EUR;BWS003;Bruttowertschöpfung zu Faktorkosten
44253;Kostenstrukturerhebung im Baugewerbe;JAHR;Jahr;2020;DINSG;Deutschland insgesamt;DG;Deutschland;WZ08S6;WZ2008: Baugewerbe;WZ08-4213;Brücken- und Tunnelbau;108,6;Mill. EUR;STR029;Indirekte Steuern abzüglich Subventionen
44253;Kostenstrukturerhebung im Baugewerbe;JAHR;Jahr;2020;DINSG;Deutschland insgesamt;DG;Deutschland;WZ08S6;WZ2008: Baugewerbe;WZ08-4213;Brücken- und Tunnelbau;775,3;Mill. EUR;NPW001;Nettoproduktionswert
44253;Kostenstrukturerhebung im Baugewerbe;JAHR;Jahr;2020;DINSG;Deutschland insgesamt;DG;Deutschland;WZ08S6;WZ2008: Baugewerbe;WZ08-4213;Brücken- und Tunnelbau;35,9;Mill. EUR;ABS002;Abschreibungen
44253;Kostenstrukturerhebung im Baugewerbe;JAHR;Jahr;2015;DINSG;Deutschland insgesamt;DG;Deutschland;WZ08S6;WZ2008: Baugewerbe;WZ08-412-01;Bauhauptgewerbe;7730,4;Mill. EUR;KOS027;Sonst.Vorleist.u.sonst.ind.Steuern abzügl.Subvent.
44253;Kostenstrukturerhebung im Baugewerbe;JAHR;Jahr;2015;DINSG;Deutschland insgesamt;DG;Deutschland;WZ08S6;WZ2008: Baugewerbe;WZ08-412-01;Bauhauptgewerbe;29700,0;Mill. EUR;BWS002;Bruttowertschöpfung zu Marktpreisen
44253;Kostenstrukturerhebung im Baugewerbe;JAHR;Jahr;2015;DINSG;Deutschland insgesamt;DG;Deutschland;WZ08S6;WZ2008: Baugewerbe;WZ08-412-01;Bauhauptgewerbe;72008,5;Mill. EUR;BPW001;Bruttoproduktionswert
44253;Kostenstrukturerhebung im Baugewerbe;JAHR;Jahr;2015;DINSG;Deutschland insgesamt;DG;Deutschland;WZ08S6;WZ2008: Baugewerbe;WZ08-412-01;Bauhauptgewerbe;22604,8;Mill. EUR;NWS003;Nettowertschöpfung zu Faktorkosten
44253;Kostenstrukturerhebung im Baugewerbe;JAHR;Jahr;2015;DINSG;Deutschland insgesamt;DG;Deutschland;WZ08S6;WZ2008: Baugewerbe;WZ08-412-01;Bauhauptgewerbe;40175,0;Mill. EUR;VBR004;Materialverbrauch, Einsatz an HW, Lohnarbeit
44253;Kostenstrukturerhebung im Baugewerbe;JAHR;Jahr;2015;DINSG;Deutschland insgesamt;DG;Deutschland;WZ08S6;WZ2008: Baugewerbe;WZ08-412-01;Bauhauptgewerbe;24103,1;Mill. EUR;BWS003;Bruttowertschöpfung zu Faktorkosten
44253;Kostenstrukturerhebung im Baugewerbe;JAHR;Jahr;2015;DINSG;Deutschland insgesamt;DG;Deutschland;WZ08S6;WZ2008: Baugewerbe;WZ08-412-01;Bauhauptgewerbe;5597,0;Mill. EUR;STR029;Indirekte Steuern abzüglich Subventionen
44253;Kostenstrukturerhebung im Baugewerbe;JAHR;Jahr;2015;DINSG;Deutschland insgesamt;DG;Deutschland;WZ08S6;WZ2008: Baugewerbe;WZ08-412-01;Bauhauptgewerbe;31833,3;Mill. EUR;NPW001;Nettoproduktionswert
44253;Kostenstrukturerhebung im Baugewerbe;JAHR;Jahr;2015;DINSG;Deutschland insgesamt;DG;Deutschland;WZ08S6;WZ2008: Baugewerbe;WZ08-412-01;Bauhauptgewerbe;1498,0;Mill. EUR;ABS002;Abschreibungen
44253;Kostenstrukturerhebung im Baugewerbe;JAHR;Jahr;2011;DINSG;Deutschland insgesamt;DG;Deutschland;WZ08S6;WZ2008: Baugewerbe;WZ08-432;Bauinstallation;2851,1;Mill. EUR;KOS027;Sonst.Vorleist.u.sonst.ind.Steuern abzügl.Subvent.
44253;Kostenstrukturerhebung im Baugewerbe;JAHR;Jahr;2011;DINSG;Deutschland insgesamt;DG;Deutschland;WZ08S6;WZ2008: Baugewerbe;WZ08-432;Bauinstallation;14050,4;Mill. EUR;BWS002;Bruttowertschöpfung zu Marktpreisen
44253;Kostenstrukturerhebung im Baugewerbe;JAHR;Jahr;2011;DINSG;Deutschland insgesamt;DG;Deutschland;WZ08S6;WZ2008: Baugewerbe;WZ08-432;Bauinstallation;30826,2;Mill. EUR;BPW001;Bruttoproduktionswert
44253;Kostenstrukturerhebung im Baugewerbe;JAHR;Jahr;2011;DINSG;Deutschland insgesamt;DG;Deutschland;WZ08S6;WZ2008: Baugewerbe;WZ08-432;Bauinstallation;11741,7;Mill. EUR;NWS003;Nettowertschöpfung zu Faktorkosten
44253;Kostenstrukturerhebung im Baugewerbe;JAHR;Jahr;2011;DINSG;Deutschland insgesamt;DG;Deutschland;WZ08S6;WZ2008: Baugewerbe;WZ08-432;Bauinstallation;15837,7;Mill. EUR;VBR004;Materialverbrauch, Einsatz an HW, Lohnarbeit
44253;Kostenstrukturerhebung im Baugewerbe;JAHR;Jahr;2011;DINSG;Deutschland insgesamt;DG;Deutschland;WZ08S6;WZ2008: Baugewerbe;WZ08-432;Bauinstallation;12137,4;Mill. EUR;BWS003;Bruttowertschöpfung zu Faktorkosten
44253;Kostenstrukturerhebung im Baugewerbe;JAHR;Jahr;2011;DINSG;Deutschland insgesamt;DG;Deutschland;WZ08S6;WZ2008: Baugewerbe;WZ08-432;Bauinstallation;1912,9;Mill. EUR;STR029;Indirekte Steuern abzüglich Subventionen
44253;Kostenstrukturerhebung im Baugewerbe;JAHR;Jahr;2011;DINSG;Deutschland insgesamt;DG;Deutschland;WZ08S6;WZ2008: Baugewerbe;WZ08-432;Bauinstallation;14988,6;Mill. EUR;NPW001;Nettoproduktionswert
44253;Kostenstrukturerhebung im Baugewerbe;JAHR;Jahr;2011;DINSG;Deutschland insgesamt;DG;Deutschland;WZ08S6;WZ2008: Baugewerbe;WZ08-432;Bauinstallation;395,7;Mill. EUR;ABS002;Abschreibungen
44253;Kostenstrukturerhebung im Baugewerbe;JAHR;Jahr;2019;DINSG;Deutschland insgesamt;DG;Deutschland;WZ08S6;WZ2008: Baugewerbe;WZ08-4331;Anbringen v. Stuckaturen, Gipserei u. Verputzerei;107,7;Mill. EUR;KOS027;Sonst.Vorleist.u.sonst.ind.Steuern abzügl.Subvent.
44253;Kostenstrukturerhebung im Baugewerbe;JAHR;Jahr;2019;DINSG;Deutschland insgesamt;DG;Deutschland;WZ08S6;WZ2008: Baugewerbe;WZ08-4331;Anbringen v. Stuckaturen, Gipserei u. Verputzerei;695,6;Mill. EUR;BWS002;Bruttowertschöpfung zu Marktpreisen
44253;Kostenstrukturerhebung im Baugewerbe;JAHR;Jahr;2019;DINSG;Deutschland insgesamt;DG;Deutschland;WZ08S6;WZ2008: Baugewerbe;WZ08-4331;Anbringen v. Stuckaturen, Gipserei u. Verputzerei;1406,7;Mill. EUR;BPW001;Bruttoproduktionswert
44253;Kostenstrukturerhebung im Baugewerbe;JAHR;Jahr;2019;DINSG;Deutschland insgesamt;DG;Deutschland;WZ08S6;WZ2008: Baugewerbe;WZ08-4331;Anbringen v. Stuckaturen, Gipserei u. Verputzerei;551,9;Mill. EUR;NWS003;Nettowertschöpfung zu Faktorkosten
44253;Kostenstrukturerhebung im Baugewerbe;JAHR;Jahr;2019;DINSG;Deutschland insgesamt;DG;Deutschland;WZ08S6;WZ2008: Baugewerbe;WZ08-4331;Anbringen v. Stuckaturen, Gipserei u. Verputzerei;729,4;Mill. EUR;VBR004;Materialverbrauch, Einsatz an HW, Lohnarbeit
44253;Kostenstrukturerhebung im Baugewerbe;JAHR;Jahr;2019;DINSG;Deutschland insgesamt;DG;Deutschland;WZ08S6;WZ2008: Baugewerbe;WZ08-4331;Anbringen v. Stuckaturen, Gipserei u. Verputzerei;569,6;Mill. EUR;BWS003;Bruttowertschöpfung zu Faktorkosten
44253;Kostenstrukturerhebung im Baugewerbe;JAHR;Jahr;2019;DINSG;Deutschland insgesamt;DG;Deutschland;WZ08S6;WZ2008: Baugewerbe;WZ08-4331;Anbringen v. Stuckaturen, Gipserei u. Verputzerei;126,0;Mill. EUR;STR029;Indirekte Steuern abzüglich Subventionen
44253;Kostenstrukturerhebung im Baugewerbe;JAHR;Jahr;2019;DINSG;Deutschland insgesamt;DG;Deutschland;WZ08S6;WZ2008: Baugewerbe;WZ08-4331;Anbringen v. Stuckaturen, Gipserei u. Verputzerei;677,3;Mill. EUR;NPW001;Nettoproduktionswert
44253;Kostenstrukturerhebung im Baugewerbe;JAHR;Jahr;2019;DINSG;Deutschland insgesamt;DG;Deutschland;WZ08S6;WZ2008: Baugewerbe;WZ08-4331;Anbringen v. Stuckaturen, Gipserei u. Verputzerei;17,8;Mill. EUR;ABS002;Abschreibungen
44253;Kostenstrukturerhebung im Baugewerbe;JAHR;Jahr;2020;DINSG;Deutschland insgesamt;DG;Deutschland;WZ08S6;WZ2008: Baugewerbe;WZ08-411;Erschließung von Grundstücken, Bauträger;538,6;Mill. EUR;KOS027;Sonst.Vorleist.u.sonst.ind.Steuern abzügl.Subvent.
44253;Kostenstrukturerhebung im Baugewerbe;JAHR;Jahr;2020;DINSG;Deutschland insgesamt;DG;Deutschland;WZ08S6;WZ2008: Baugewerbe;WZ08-411;Erschließung von Grundstücken, Bauträger;2664,8;Mill. EUR;BWS002;Bruttowertschöpfung zu Marktpreisen
44253;Kostenstrukturerhebung im Baugewerbe;JAHR;Jahr;2020;DINSG;Deutschland insgesamt;DG;Deutschland;WZ08S6;WZ2008: Baugewerbe;WZ08-411;Erschließung von Grundstücken, Bauträger;7816,9;Mill. EUR;BPW001;Bruttoproduktionswert
44253;Kostenstrukturerhebung im Baugewerbe;JAHR;Jahr;2020;DINSG;Deutschland insgesamt;DG;Deutschland;WZ08S6;WZ2008: Baugewerbe;WZ08-411;Erschließung von Grundstücken, Bauträger;2156,9;Mill. EUR;NWS003;Nettowertschöpfung zu Faktorkosten
44253;Kostenstrukturerhebung im Baugewerbe;JAHR;Jahr;2020;DINSG;Deutschland insgesamt;DG;Deutschland;WZ08S6;WZ2008: Baugewerbe;WZ08-411;Erschließung von Grundstücken, Bauträger;5061,9;Mill. EUR;VBR004;Materialverbrauch, Einsatz an HW, Lohnarbeit
44253;Kostenstrukturerhebung im Baugewerbe;JAHR;Jahr;2020;DINSG;Deutschland insgesamt;DG;Deutschland;WZ08S6;WZ2008: Baugewerbe;WZ08-411;Erschließung von Grundstücken, Bauträger;2216,4;Mill. EUR;BWS003;Bruttowertschöpfung zu Faktorkosten
44253;Kostenstrukturerhebung im Baugewerbe;JAHR;Jahr;2020;DINSG;Deutschland insgesamt;DG;Deutschland;WZ08S6;WZ2008: Baugewerbe;WZ08-411;Erschließung von Grundstücken, Bauträger;448,4;Mill. EUR;STR029;Indirekte Steuern abzüglich Subventionen
44253;Kostenstrukturerhebung im Baugewerbe;JAHR;Jahr;2020;DINSG;Deutschland insgesamt;DG;Deutschland;WZ08S6;WZ2008: Baugewerbe;WZ08-411;Erschließung von Grundstücken, Bauträger;2755,0;Mill. EUR;NPW001;Nettoproduktionswert
44253;Kostenstrukturerhebung im Baugewerbe;JAHR;Jahr;2020;DINSG;Deutschland insgesamt;DG;Deutschland;WZ08S6;WZ2008: Baugewerbe;WZ08-411;Erschließung von Grundstücken, Bauträger;59,4;Mill. EUR;ABS002;Abschreibungen
44253;Kostenstrukturerhebung im Baugewerbe;JAHR;Jahr;2017;DINSG;Deutschland insgesamt;DG;Deutschland;WZ08S6;WZ2008: Baugewerbe;WZ08-4213;Brücken- und Tunnelbau;137,8;Mill. EUR;KOS027;Sonst.Vorleist.u.sonst.ind.Steuern abzügl.Subvent.
44253;Kostenstrukturerhebung im Baugewerbe;JAHR;Jahr;2017;DINSG;Deutschland insgesamt;DG;Deutschland;WZ08S6;WZ2008: Baugewerbe;WZ08-4213;Brücken- und Tunnelbau;549,4;Mill. EUR;BWS002;Bruttowertschöpfung zu Marktpreisen
44253;Kostenstrukturerhebung im Baugewerbe;JAHR;Jahr;2017;DINSG;Deutschland insgesamt;DG;Deutschland;WZ08S6;WZ2008: Baugewerbe;WZ08-4213;Brücken- und Tunnelbau;1369,7;Mill. EUR;BPW001;Bruttoproduktionswert
44253;Kostenstrukturerhebung im Baugewerbe;JAHR;Jahr;2017;DINSG;Deutschland insgesamt;DG;Deutschland;WZ08S6;WZ2008: Baugewerbe;WZ08-4213;Brücken- und Tunnelbau;485,9;Mill. EUR;NWS003;Nettowertschöpfung zu Faktorkosten
44253;Kostenstrukturerhebung im Baugewerbe;JAHR;Jahr;2017;DINSG;Deutschland insgesamt;DG;Deutschland;WZ08S6;WZ2008: Baugewerbe;WZ08-4213;Brücken- und Tunnelbau;729,8;Mill. EUR;VBR004;Materialverbrauch, Einsatz an HW, Lohnarbeit
44253;Kostenstrukturerhebung im Baugewerbe;JAHR;Jahr;2017;DINSG;Deutschland insgesamt;DG;Deutschland;WZ08S6;WZ2008: Baugewerbe;WZ08-4213;Brücken- und Tunnelbau;502,2;Mill. EUR;BWS003;Bruttowertschöpfung zu Faktorkosten
44253;Kostenstrukturerhebung im Baugewerbe;JAHR;Jahr;2017;DINSG;Deutschland insgesamt;DG;Deutschland;WZ08S6;WZ2008: Baugewerbe;WZ08-4213;Brücken- und Tunnelbau;47,3;Mill. EUR;STR029;Indirekte Steuern abzüglich Subventionen
44253;Kostenstrukturerhebung im Baugewerbe;JAHR;Jahr;2017;DINSG;Deutschland insgesamt;DG;Deutschland;WZ08S6;WZ2008: Baugewerbe;WZ08-4213;Brücken- und Tunnelbau;639,9;Mill. EUR;NPW001;Nettoproduktionswert
44253;Kostenstrukturerhebung im Baugewerbe;JAHR;Jahr;2017;DINSG;Deutschland insgesamt;DG;Deutschland;WZ08S6;WZ2008: Baugewerbe;WZ08-4213;Brücken- und Tunnelbau;16,2;Mill. EUR;ABS002;Abschreibungen
44253;Kostenstrukturerhebung im Baugewerbe;JAHR;Jahr;2012;DINSG;Deutschland insgesamt;DG;Deutschland;WZ08S6;WZ2008: Baugewerbe;WZ08-412-02;Bau von Gebäuden, Tiefbau;5269,6;Mill. EUR;KOS027;Sonst.Vorleist.u.sonst.ind.Steuern abzügl.Subvent.
44253;Kostenstrukturerhebung im Baugewerbe;JAHR;Jahr;2012;DINSG;Deutschland insgesamt;DG;Deutschland;WZ08S6;WZ2008: Baugewerbe;WZ08-412-02;Bau von Gebäuden, Tiefbau;19845,0;Mill. EUR;BWS002;Bruttowertschöpfung zu Marktpreisen
44253;Kostenstrukturerhebung im Baugewerbe;JAHR;Jahr;2012;DINSG;Deutschland insgesamt;DG;Deutschland;WZ08S6;WZ2008: Baugewerbe;WZ08-412-02;Bau von Gebäuden, Tiefbau;52516,3;Mill. EUR;BPW001;Bruttoproduktionswert
44253;Kostenstrukturerhebung im Baugewerbe;JAHR;Jahr;2012;DINSG;Deutschland insgesamt;DG;Deutschland;WZ08S6;WZ2008: Baugewerbe;WZ08-412-02;Bau von Gebäuden, Tiefbau;15662,4;Mill. EUR;NWS003;Nettowertschöpfung zu Faktorkosten
44253;Kostenstrukturerhebung im Baugewerbe;JAHR;Jahr;2012;DINSG;Deutschland insgesamt;DG;Deutschland;WZ08S6;WZ2008: Baugewerbe;WZ08-412-02;Bau von Gebäuden, Tiefbau;30563,5;Mill. EUR;VBR004;Materialverbrauch, Einsatz an HW, Lohnarbeit
44253;Kostenstrukturerhebung im Baugewerbe;JAHR;Jahr;2012;DINSG;Deutschland insgesamt;DG;Deutschland;WZ08S6;WZ2008: Baugewerbe;WZ08-412-02;Bau von Gebäuden, Tiefbau;16683,2;Mill. EUR;BWS003;Bruttowertschöpfung zu Faktorkosten
44253;Kostenstrukturerhebung im Baugewerbe;JAHR;Jahr;2012;DINSG;Deutschland insgesamt;DG;Deutschland;WZ08S6;WZ2008: Baugewerbe;WZ08-412-02;Bau von Gebäuden, Tiefbau;3161,7;Mill. EUR;STR029;Indirekte Steuern abzüglich Subventionen
44253;Kostenstrukturerhebung im Baugewerbe;JAHR;Jahr;2012;DINSG;Deutschland insgesamt;DG;Deutschland;WZ08S6;WZ2008: Baugewerbe;WZ08-412-02;Bau von Gebäuden, Tiefbau;21952,8;Mill. EUR;NPW001;Nettoproduktionswert
44253;Kostenstrukturerhebung im Baugewerbe;JAHR;Jahr;2012;DINSG;Deutschland insgesamt;DG;Deutschland;WZ08S6;WZ2008: Baugewerbe;WZ08-412-02;Bau von Gebäuden, Tiefbau;1020,8;Mill. EUR;ABS002;Abschreibungen
44253;Kostenstrukturerhebung im Baugewerbe;JAHR;Jahr;2014;DINSG;Deutschland insgesamt;DG;Deutschland;WZ08S6;WZ2008: Baugewerbe;WZ08-431;Abbrucharbeiten u. vorbereit. Baustellenarbeiten;417,7;Mill. EUR;KOS027;Sonst.Vorleist.u.sonst.ind.Steuern abzügl.Subvent.
44253;Kostenstrukturerhebung im Baugewerbe;JAHR;Jahr;2014;DINSG;Deutschland insgesamt;DG;Deutschland;WZ08S6;WZ2008: Baugewerbe;WZ08-431;Abbrucharbeiten u. vorbereit. Baustellenarbeiten;891,4;Mill. EUR;BWS002;Bruttowertschöpfung zu Marktpreisen
44253;Kostenstrukturerhebung im Baugewerbe;JAHR;Jahr;2014;DINSG;Deutschland insgesamt;DG;Deutschland;WZ08S6;WZ2008: Baugewerbe;WZ08-431;Abbrucharbeiten u. vorbereit. Baustellenarbeiten;2024,1;Mill. EUR;BPW001;Bruttoproduktionswert
44253;Kostenstrukturerhebung im Baugewerbe;JAHR;Jahr;2014;DINSG;Deutschland insgesamt;DG;Deutschland;WZ08S6;WZ2008: Baugewerbe;WZ08-431;Abbrucharbeiten u. vorbereit. Baustellenarbeiten;721,7;Mill. EUR;NWS003;Nettowertschöpfung zu Faktorkosten
44253;Kostenstrukturerhebung im Baugewerbe;JAHR;Jahr;2014;DINSG;Deutschland insgesamt;DG;Deutschland;WZ08S6;WZ2008: Baugewerbe;WZ08-431;Abbrucharbeiten u. vorbereit. Baustellenarbeiten;813,8;Mill. EUR;VBR004;Materialverbrauch, Einsatz an HW, Lohnarbeit
44253;Kostenstrukturerhebung im Baugewerbe;JAHR;Jahr;2014;DINSG;Deutschland insgesamt;DG;Deutschland;WZ08S6;WZ2008: Baugewerbe;WZ08-431;Abbrucharbeiten u. vorbereit. Baustellenarbeiten;792,5;Mill. EUR;BWS003;Bruttowertschöpfung zu Faktorkosten
44253;Kostenstrukturerhebung im Baugewerbe;JAHR;Jahr;2014;DINSG;Deutschland insgesamt;DG;Deutschland;WZ08S6;WZ2008: Baugewerbe;WZ08-431;Abbrucharbeiten u. vorbereit. Baustellenarbeiten;98,9;Mill. EUR;STR029;Indirekte Steuern abzüglich Subventionen
44253;Kostenstrukturerhebung im Baugewerbe;JAHR;Jahr;2014;DINSG;Deutschland insgesamt;DG;Deutschland;WZ08S6;WZ2008: Baugewerbe;WZ08-431;Abbrucharbeiten u. vorbereit. Baustellenarbeiten;1210,2;Mill. EUR;NPW001;Nettoproduktionswert
44253;Kostenstrukturerhebung im Baugewerbe;JAHR;Jahr;2014;DINSG;Deutschland insgesamt;DG;Deutschland;WZ08S6;WZ2008: Baugewerbe;WZ08-431;Abbrucharbeiten u. vorbereit. Baustellenarbeiten;70,8;Mill. EUR;ABS002;Abschreibungen
44253;Kostenstrukturerhebung im Baugewerbe;JAHR;Jahr;2011;DINSG;Deutschland insgesamt;DG;Deutschland;WZ08S6;WZ2008: Baugewerbe;WZ08-4399;Sonstige spezialisierte Bautätigkeiten a.n.g.;1047,9;Mill. EUR;KOS027;Sonst.Vorleist.u.sonst.ind.Steuern abzügl.Subvent.
44253;Kostenstrukturerhebung im Baugewerbe;JAHR;Jahr;2011;DINSG;Deutschland insgesamt;DG;Deutschland;WZ08S6;WZ2008: Baugewerbe;WZ08-4399;Sonstige spezialisierte Bautätigkeiten a.n.g.;3374,3;Mill. EUR;BWS002;Bruttowertschöpfung zu Marktpreisen
44253;Kostenstrukturerhebung im Baugewerbe;JAHR;Jahr;2011;DINSG;Deutschland insgesamt;DG;Deutschland;WZ08S6;WZ2008: Baugewerbe;WZ08-4399;Sonstige spezialisierte Bautätigkeiten a.n.g.;8250,6;Mill. EUR;BPW001;Bruttoproduktionswert
44253;Kostenstrukturerhebung im Baugewerbe;JAHR;Jahr;2011;DINSG;Deutschland insgesamt;DG;Deutschland;WZ08S6;WZ2008: Baugewerbe;WZ08-4399;Sonstige spezialisierte Bautätigkeiten a.n.g.;2703,8;Mill. EUR;NWS003;Nettowertschöpfung zu Faktorkosten
44253;Kostenstrukturerhebung im Baugewerbe;JAHR;Jahr;2011;DINSG;Deutschland insgesamt;DG;Deutschland;WZ08S6;WZ2008: Baugewerbe;WZ08-4399;Sonstige spezialisierte Bautätigkeiten a.n.g.;4280,2;Mill. EUR;VBR004;Materialverbrauch, Einsatz an HW, Lohnarbeit
44253;Kostenstrukturerhebung im Baugewerbe;JAHR;Jahr;2011;DINSG;Deutschland insgesamt;DG;Deutschland;WZ08S6;WZ2008: Baugewerbe;WZ08-4399;Sonstige spezialisierte Bautätigkeiten a.n.g.;2922,5;Mill. EUR;BWS003;Bruttowertschöpfung zu Faktorkosten
44253;Kostenstrukturerhebung im Baugewerbe;JAHR;Jahr;2011;DINSG;Deutschland insgesamt;DG;Deutschland;WZ08S6;WZ2008: Baugewerbe;WZ08-4399;Sonstige spezialisierte Bautätigkeiten a.n.g.;451,8;Mill. EUR;STR029;Indirekte Steuern abzüglich Subventionen
44253;Kostenstrukturerhebung im Baugewerbe;JAHR;Jahr;2011;DINSG;Deutschland insgesamt;DG;Deutschland;WZ08S6;WZ2008: Baugewerbe;WZ08-4399;Sonstige spezialisierte Bautätigkeiten a.n.g.;3970,4;Mill. EUR;NPW001;Nettoproduktionswert
44253;Kostenstrukturerhebung im Baugewerbe;JAHR;Jahr;2011;DINSG;Deutschland insgesamt;DG;Deutschland;WZ08S6;WZ2008: Baugewerbe;WZ08-4399;Sonstige spezialisierte Bautätigkeiten a.n.g.;218,7;Mill. EUR;ABS002;Abschreibungen
44253;Kostenstrukturerhebung im Baugewerbe;JAHR;Jahr;2019;DINSG;Deutschland insgesamt;DG;Deutschland;WZ08S6;WZ2008: Baugewerbe;WZ08-432;Bauinstallation;4155,3;Mill. EUR;KOS027;Sonst.Vorleist.u.sonst.ind.Steuern abzügl.Subvent.
44253;Kostenstrukturerhebung im Baugewerbe;JAHR;Jahr;2019;DINSG;Deutschland insgesamt;DG;Deutschland;WZ08S6;WZ2008: Baugewerbe;WZ08-432;Bauinstallation;22626,1;Mill. EUR;BWS002;Bruttowertschöpfung zu Marktpreisen
44253;Kostenstrukturerhebung im Baugewerbe;JAHR;Jahr;2019;DINSG;Deutschland insgesamt;DG;Deutschland;WZ08S6;WZ2008: Baugewerbe;WZ08-432;Bauinstallation;44825,9;Mill. EUR;BPW001;Bruttoproduktionswert
44253;Kostenstrukturerhebung im Baugewerbe;JAHR;Jahr;2019;DINSG;Deutschland insgesamt;DG;Deutschland;WZ08S6;WZ2008: Baugewerbe;WZ08-432;Bauinstallation;18537,4;Mill. EUR;NWS003;Nettowertschöpfung zu Faktorkosten
44253;Kostenstrukturerhebung im Baugewerbe;JAHR;Jahr;2019;DINSG;Deutschland insgesamt;DG;Deutschland;WZ08S6;WZ2008: Baugewerbe;WZ08-432;Bauinstallation;21620,4;Mill. EUR;VBR004;Materialverbrauch, Einsatz an HW, Lohnarbeit
44253;Kostenstrukturerhebung im Baugewerbe;JAHR;Jahr;2019;DINSG;Deutschland insgesamt;DG;Deutschland;WZ08S6;WZ2008: Baugewerbe;WZ08-432;Bauinstallation;19050,2;Mill. EUR;BWS003;Bruttowertschöpfung zu Faktorkosten
44253;Kostenstrukturerhebung im Baugewerbe;JAHR;Jahr;2019;DINSG;Deutschland insgesamt;DG;Deutschland;WZ08S6;WZ2008: Baugewerbe;WZ08-432;Bauinstallation;3575,9;Mill. EUR;STR029;Indirekte Steuern abzüglich Subventionen
44253;Kostenstrukturerhebung im Baugewerbe;JAHR;Jahr;2019;DINSG;Deutschland insgesamt;DG;Deutschland;WZ08S6;WZ2008: Baugewerbe;WZ08-432;Bauinstallation;23205,5;Mill. EUR;NPW001;Nettoproduktionswert
44253;Kostenstrukturerhebung im Baugewerbe;JAHR;Jahr;2019;DINSG;Deutschland insgesamt;DG;Deutschland;WZ08S6;WZ2008: Baugewerbe;WZ08-432;Bauinstallation;512,8;Mill. EUR;ABS002;Abschreibungen
44253;Kostenstrukturerhebung im Baugewerbe;JAHR;Jahr;2011;DINSG;Deutschland insgesamt;DG;Deutschland;WZ08S6;WZ2008: Baugewerbe;WZ08-4331;Anbringen v. Stuckaturen, Gipserei u. Verputzerei;71,5;Mill. EUR;KOS027;Sonst.Vorleist.u.sonst.ind.Steuern abzügl.Subvent.
44253;Kostenstrukturerhebung im Baugewerbe;JAHR;Jahr;2011;DINSG;Deutschland insgesamt;DG;Deutschland;WZ08S6;WZ2008: Baugewerbe;WZ08-4331;Anbringen v. Stuckaturen, Gipserei u. Verputzerei;455,0;Mill. EUR;BWS002;Bruttowertschöpfung zu Marktpreisen
44253;Kostenstrukturerhebung im Baugewerbe;JAHR;Jahr;2011;DINSG;Deutschland insgesamt;DG;Deutschland;WZ08S6;WZ2008: Baugewerbe;WZ08-4331;Anbringen v. Stuckaturen, Gipserei u. Verputzerei;926,6;Mill. EUR;BPW001;Bruttoproduktionswert
44253;Kostenstrukturerhebung im Baugewerbe;JAHR;Jahr;2011;DINSG;Deutschland insgesamt;DG;Deutschland;WZ08S6;WZ2008: Baugewerbe;WZ08-4331;Anbringen v. Stuckaturen, Gipserei u. Verputzerei;367,1;Mill. EUR;NWS003;Nettowertschöpfung zu Faktorkosten
44253;Kostenstrukturerhebung im Baugewerbe;JAHR;Jahr;2011;DINSG;Deutschland insgesamt;DG;Deutschland;WZ08S6;WZ2008: Baugewerbe;WZ08-4331;Anbringen v. Stuckaturen, Gipserei u. Verputzerei;475,5;Mill. EUR;VBR004;Materialverbrauch, Einsatz an HW, Lohnarbeit
44253;Kostenstrukturerhebung im Baugewerbe;JAHR;Jahr;2011;DINSG;Deutschland insgesamt;DG;Deutschland;WZ08S6;WZ2008: Baugewerbe;WZ08-4331;Anbringen v. Stuckaturen, Gipserei u. Verputzerei;379,6;Mill. EUR;BWS003;Bruttowertschöpfung zu Faktorkosten
44253;Kostenstrukturerhebung im Baugewerbe;JAHR;Jahr;2011;DINSG;Deutschland insgesamt;DG;Deutschland;WZ08S6;WZ2008: Baugewerbe;WZ08-4331;Anbringen v. Stuckaturen, Gipserei u. Verputzerei;75,5;Mill. EUR;STR029;Indirekte Steuern abzüglich Subventionen
44253;Kostenstrukturerhebung im Baugewerbe;JAHR;Jahr;2011;DINSG;Deutschland insgesamt;DG;Deutschland;WZ08S6;WZ2008: Baugewerbe;WZ08-4331;Anbringen v. Stuckaturen, Gipserei u. Verputzerei;451,0;Mill. EUR;NPW001;Nettoproduktionswert
44253;Kostenstrukturerhebung im Baugewerbe;JAHR;Jahr;2011;DINSG;Deutschland insgesamt;DG;Deutschland;WZ08S6;WZ2008: Baugewerbe;WZ08-4331;Anbringen v. Stuckaturen, Gipserei u. Verputzerei;12,5;Mill. EUR;ABS002;Abschreibungen
44253;Kostenstrukturerhebung im Baugewerbe;JAHR;Jahr;2016;DINSG;Deutschland insgesamt;DG;Deutschland;WZ08S6;WZ2008: Baugewerbe;WZ08-F;Baugewerbe;12954,4;Mill. EUR;KOS027;Sonst.Vorleist.u.sonst.ind.Steuern abzügl.Subvent.
44253;Kostenstrukturerhebung im Baugewerbe;JAHR;Jahr;2016;DINSG;Deutschland insgesamt;DG;Deutschland;WZ08S6;WZ2008: Baugewerbe;WZ08-F;Baugewerbe;57227,9;Mill. EUR;BWS002;Bruttowertschöpfung zu Marktpreisen
44253;Kostenstrukturerhebung im Baugewerbe;JAHR;Jahr;2016;DINSG;Deutschland insgesamt;DG;Deutschland;WZ08S6;WZ2008: Baugewerbe;WZ08-F;Baugewerbe;127466,1;Mill. EUR;BPW001;Bruttoproduktionswert
44253;Kostenstrukturerhebung im Baugewerbe;JAHR;Jahr;2016;DINSG;Deutschland insgesamt;DG;Deutschland;WZ08S6;WZ2008: Baugewerbe;WZ08-F;Baugewerbe;45421,7;Mill. EUR;NWS003;Nettowertschöpfung zu Faktorkosten
44253;Kostenstrukturerhebung im Baugewerbe;JAHR;Jahr;2016;DINSG;Deutschland insgesamt;DG;Deutschland;WZ08S6;WZ2008: Baugewerbe;WZ08-F;Baugewerbe;66928,2;Mill. EUR;VBR004;Materialverbrauch, Einsatz an HW, Lohnarbeit
44253;Kostenstrukturerhebung im Baugewerbe;JAHR;Jahr;2016;DINSG;Deutschland insgesamt;DG;Deutschland;WZ08S6;WZ2008: Baugewerbe;WZ08-F;Baugewerbe;47583,5;Mill. EUR;BWS003;Bruttowertschöpfung zu Faktorkosten
44253;Kostenstrukturerhebung im Baugewerbe;JAHR;Jahr;2016;DINSG;Deutschland insgesamt;DG;Deutschland;WZ08S6;WZ2008: Baugewerbe;WZ08-F;Baugewerbe;9644,4;Mill. EUR;STR029;Indirekte Steuern abzüglich Subventionen
44253;Kostenstrukturerhebung im Baugewerbe;JAHR;Jahr;2016;DINSG;Deutschland insgesamt;DG;Deutschland;WZ08S6;WZ2008: Baugewerbe;WZ08-F;Baugewerbe;60537,9;Mill. EUR;NPW001;Nettoproduktionswert
44253;Kostenstrukturerhebung im Baugewerbe;JAHR;Jahr;2016;DINSG;Deutschland insgesamt;DG;Deutschland;WZ08S6;WZ2008: Baugewerbe;WZ08-F;Baugewerbe;2161,8;Mill. EUR;ABS002;Abschreibungen
44253;Kostenstrukturerhebung im Baugewerbe;JAHR;Jahr;2019;DINSG;Deutschland insgesamt;DG;Deutschland;WZ08S6;WZ2008: Baugewerbe;WZ08-4399;Sonstige spezialisierte Bautätigkeiten a.n.g.;1535,1;Mill. EUR;KOS027;Sonst.Vorleist.u.sonst.ind.Steuern abzügl.Subvent.
44253;Kostenstrukturerhebung im Baugewerbe;JAHR;Jahr;2019;DINSG;Deutschland insgesamt;DG;Deutschland;WZ08S6;WZ2008: Baugewerbe;WZ08-4399;Sonstige spezialisierte Bautätigkeiten a.n.g.;5979,6;Mill. EUR;BWS002;Bruttowertschöpfung zu Marktpreisen
44253;Kostenstrukturerhebung im Baugewerbe;JAHR;Jahr;2019;DINSG;Deutschland insgesamt;DG;Deutschland;WZ08S6;WZ2008: Baugewerbe;WZ08-4399;Sonstige spezialisierte Bautätigkeiten a.n.g.;11793,0;Mill. EUR;BPW001;Bruttoproduktionswert
44253;Kostenstrukturerhebung im Baugewerbe;JAHR;Jahr;2019;DINSG;Deutschland insgesamt;DG;Deutschland;WZ08S6;WZ2008: Baugewerbe;WZ08-4399;Sonstige spezialisierte Bautätigkeiten a.n.g.;4801,7;Mill. EUR;NWS003;Nettowertschöpfung zu Faktorkosten
44253;Kostenstrukturerhebung im Baugewerbe;JAHR;Jahr;2019;DINSG;Deutschland insgesamt;DG;Deutschland;WZ08S6;WZ2008: Baugewerbe;WZ08-4399;Sonstige spezialisierte Bautätigkeiten a.n.g.;5123,7;Mill. EUR;VBR004;Materialverbrauch, Einsatz an HW, Lohnarbeit
44253;Kostenstrukturerhebung im Baugewerbe;JAHR;Jahr;2019;DINSG;Deutschland insgesamt;DG;Deutschland;WZ08S6;WZ2008: Baugewerbe;WZ08-4399;Sonstige spezialisierte Bautätigkeiten a.n.g.;5134,3;Mill. EUR;BWS003;Bruttowertschöpfung zu Faktorkosten
44253;Kostenstrukturerhebung im Baugewerbe;JAHR;Jahr;2019;DINSG;Deutschland insgesamt;DG;Deutschland;WZ08S6;WZ2008: Baugewerbe;WZ08-4399;Sonstige spezialisierte Bautätigkeiten a.n.g.;845,3;Mill. EUR;STR029;Indirekte Steuern abzüglich Subventionen
44253;Kostenstrukturerhebung im Baugewerbe;JAHR;Jahr;2019;DINSG;Deutschland insgesamt;DG;Deutschland;WZ08S6;WZ2008: Baugewerbe;WZ08-4399;Sonstige spezialisierte Bautätigkeiten a.n.g.;6669,3;Mill. EUR;NPW001;Nettoproduktionswert
44253;Kostenstrukturerhebung im Baugewerbe;JAHR;Jahr;2019;DINSG;Deutschland insgesamt;DG;Deutschland;WZ08S6;WZ2008: Baugewerbe;WZ08-4399;Sonstige spezialisierte Bautätigkeiten a.n.g.;332,6;Mill. EUR;ABS002;Abschreibungen
44253;Kostenstrukturerhebung im Baugewerbe;JAHR;Jahr;2014;DINSG;Deutschland insgesamt;DG;Deutschland;WZ08S6;WZ2008: Baugewerbe;WZ08-432-01;Ausbaugewerbe;4032,9;Mill. EUR;KOS027;Sonst.Vorleist.u.sonst.ind.Steuern abzügl.Subvent.
44253;Kostenstrukturerhebung im Baugewerbe;JAHR;Jahr;2014;DINSG;Deutschland insgesamt;DG;Deutschland;WZ08S6;WZ2008: Baugewerbe;WZ08-432-01;Ausbaugewerbe;19637,8;Mill. EUR;BWS002;Bruttowertschöpfung zu Marktpreisen
44253;Kostenstrukturerhebung im Baugewerbe;JAHR;Jahr;2014;DINSG;Deutschland insgesamt;DG;Deutschland;WZ08S6;WZ2008: Baugewerbe;WZ08-432-01;Ausbaugewerbe;41420,2;Mill. EUR;BPW001;Bruttoproduktionswert
44253;Kostenstrukturerhebung im Baugewerbe;JAHR;Jahr;2014;DINSG;Deutschland insgesamt;DG;Deutschland;WZ08S6;WZ2008: Baugewerbe;WZ08-432-01;Ausbaugewerbe;16098,1;Mill. EUR;NWS003;Nettowertschöpfung zu Faktorkosten
44253;Kostenstrukturerhebung im Baugewerbe;JAHR;Jahr;2014;DINSG;Deutschland insgesamt;DG;Deutschland;WZ08S6;WZ2008: Baugewerbe;WZ08-432-01;Ausbaugewerbe;20763,4;Mill. EUR;VBR004;Materialverbrauch, Einsatz an HW, Lohnarbeit
44253;Kostenstrukturerhebung im Baugewerbe;JAHR;Jahr;2014;DINSG;Deutschland insgesamt;DG;Deutschland;WZ08S6;WZ2008: Baugewerbe;WZ08-432-01;Ausbaugewerbe;16623,8;Mill. EUR;BWS003;Bruttowertschöpfung zu Faktorkosten
44253;Kostenstrukturerhebung im Baugewerbe;JAHR;Jahr;2014;DINSG;Deutschland insgesamt;DG;Deutschland;WZ08S6;WZ2008: Baugewerbe;WZ08-432-01;Ausbaugewerbe;3014,0;Mill. EUR;STR029;Indirekte Steuern abzüglich Subventionen
44253;Kostenstrukturerhebung im Baugewerbe;JAHR;Jahr;2014;DINSG;Deutschland insgesamt;DG;Deutschland;WZ08S6;WZ2008: Baugewerbe;WZ08-432-01;Ausbaugewerbe;20656,6;Mill. EUR;NPW001;Nettoproduktionswert
44253;Kostenstrukturerhebung im Baugewerbe;JAHR;Jahr;2014;DINSG;Deutschland insgesamt;DG;Deutschland;WZ08S6;WZ2008: Baugewerbe;WZ08-432-01;Ausbaugewerbe;525,7;Mill. EUR;ABS002;Abschreibungen
44253;Kostenstrukturerhebung im Baugewerbe;JAHR;Jahr;2015;DINSG;Deutschland insgesamt;DG;Deutschland;WZ08S6;WZ2008: Baugewerbe;WZ08-4211;Bau von Straßen;1486,9;Mill. EUR;KOS027;Sonst.Vorleist.u.sonst.ind.Steuern abzügl.Subvent.
44253;Kostenstrukturerhebung im Baugewerbe;JAHR;Jahr;2015;DINSG;Deutschland insgesamt;DG;Deutschland;WZ08S6;WZ2008: Baugewerbe;WZ08-4211;Bau von Straßen;4804,2;Mill. EUR;BWS002;Bruttowertschöpfung zu Marktpreisen
44253;Kostenstrukturerhebung im Baugewerbe;JAHR;Jahr;2015;DINSG;Deutschland insgesamt;DG;Deutschland;WZ08S6;WZ2008: Baugewerbe;WZ08-4211;Bau von Straßen;11317,7;Mill. EUR;BPW001;Bruttoproduktionswert
44253;Kostenstrukturerhebung im Baugewerbe;JAHR;Jahr;2015;DINSG;Deutschland insgesamt;DG;Deutschland;WZ08S6;WZ2008: Baugewerbe;WZ08-4211;Bau von Straßen;3592,2;Mill. EUR;NWS003;Nettowertschöpfung zu Faktorkosten
44253;Kostenstrukturerhebung im Baugewerbe;JAHR;Jahr;2015;DINSG;Deutschland insgesamt;DG;Deutschland;WZ08S6;WZ2008: Baugewerbe;WZ08-4211;Bau von Straßen;5915,5;Mill. EUR;VBR004;Materialverbrauch, Einsatz an HW, Lohnarbeit
44253;Kostenstrukturerhebung im Baugewerbe;JAHR;Jahr;2015;DINSG;Deutschland insgesamt;DG;Deutschland;WZ08S6;WZ2008: Baugewerbe;WZ08-4211;Bau von Straßen;3915,2;Mill. EUR;BWS003;Bruttowertschöpfung zu Faktorkosten
44253;Kostenstrukturerhebung im Baugewerbe;JAHR;Jahr;2015;DINSG;Deutschland insgesamt;DG;Deutschland;WZ08S6;WZ2008: Baugewerbe;WZ08-4211;Bau von Straßen;888,9;Mill. EUR;STR029;Indirekte Steuern abzüglich Subventionen
44253;Kostenstrukturerhebung im Baugewerbe;JAHR;Jahr;2015;DINSG;Deutschland insgesamt;DG;Deutschland;WZ08S6;WZ2008: Baugewerbe;WZ08-4211;Bau von Straßen;5402,2;Mill. EUR;NPW001;Nettoproduktionswert
44253;Kostenstrukturerhebung im Baugewerbe;JAHR;Jahr;2015;DINSG;Deutschland insgesamt;DG;Deutschland;WZ08S6;WZ2008: Baugewerbe;WZ08-4211;Bau von Straßen;323,1;Mill. EUR;ABS002;Abschreibungen
44253;Kostenstrukturerhebung im Baugewerbe;JAHR;Jahr;2015;DINSG;Deutschland insgesamt;DG;Deutschland;WZ08S6;WZ2008: Baugewerbe;WZ08-4391;Dachdeckerei und Zimmerei;374,3;Mill. EUR;KOS027;Sonst.Vorleist.u.sonst.ind.Steuern abzügl.Subvent.
44253;Kostenstrukturerhebung im Baugewerbe;JAHR;Jahr;2015;DINSG;Deutschland insgesamt;DG;Deutschland;WZ08S6;WZ2008: Baugewerbe;WZ08-4391;Dachdeckerei und Zimmerei;2171,8;Mill. EUR;BWS002;Bruttowertschöpfung zu Marktpreisen
44253;Kostenstrukturerhebung im Baugewerbe;JAHR;Jahr;2015;DINSG;Deutschland insgesamt;DG;Deutschland;WZ08S6;WZ2008: Baugewerbe;WZ08-4391;Dachdeckerei und Zimmerei;4511,0;Mill. EUR;BPW001;Bruttoproduktionswert
44253;Kostenstrukturerhebung im Baugewerbe;JAHR;Jahr;2015;DINSG;Deutschland insgesamt;DG;Deutschland;WZ08S6;WZ2008: Baugewerbe;WZ08-4391;Dachdeckerei und Zimmerei;1755,2;Mill. EUR;NWS003;Nettowertschöpfung zu Faktorkosten
44253;Kostenstrukturerhebung im Baugewerbe;JAHR;Jahr;2015;DINSG;Deutschland insgesamt;DG;Deutschland;WZ08S6;WZ2008: Baugewerbe;WZ08-4391;Dachdeckerei und Zimmerei;2319,8;Mill. EUR;VBR004;Materialverbrauch, Einsatz an HW, Lohnarbeit
44253;Kostenstrukturerhebung im Baugewerbe;JAHR;Jahr;2015;DINSG;Deutschland insgesamt;DG;Deutschland;WZ08S6;WZ2008: Baugewerbe;WZ08-4391;Dachdeckerei und Zimmerei;1816,9;Mill. EUR;BWS003;Bruttowertschöpfung zu Faktorkosten
44253;Kostenstrukturerhebung im Baugewerbe;JAHR;Jahr;2015;DINSG;Deutschland insgesamt;DG;Deutschland;WZ08S6;WZ2008: Baugewerbe;WZ08-4391;Dachdeckerei und Zimmerei;354,9;Mill. EUR;STR029;Indirekte Steuern abzüglich Subventionen
44253;Kostenstrukturerhebung im Baugewerbe;JAHR;Jahr;2015;DINSG;Deutschland insgesamt;DG;Deutschland;WZ08S6;WZ2008: Baugewerbe;WZ08-4391;Dachdeckerei und Zimmerei;2191,2;Mill. EUR;NPW001;Nettoproduktionswert
44253;Kostenstrukturerhebung im Baugewerbe;JAHR;Jahr;2015;DINSG;Deutschland insgesamt;DG;Deutschland;WZ08S6;WZ2008: Baugewerbe;WZ08-4391;Dachdeckerei und Zimmerei;61,7;Mill. EUR;ABS002;Abschreibungen
44253;Kostenstrukturerhebung im Baugewerbe;JAHR;Jahr;2018;DINSG;Deutschland insgesamt;DG;Deutschland;WZ08S6;WZ2008: Baugewerbe;WZ08-411;Erschließung von Grundstücken, Bauträger;397,5;Mill. EUR;KOS027;Sonst.Vorleist.u.sonst.ind.Steuern abzügl.Subvent.
44253;Kostenstrukturerhebung im Baugewerbe;JAHR;Jahr;2018;DINSG;Deutschland insgesamt;DG;Deutschland;WZ08S6;WZ2008: Baugewerbe;WZ08-411;Erschließung von Grundstücken, Bauträger;2141,1;Mill. EUR;BWS002;Bruttowertschöpfung zu Marktpreisen
44253;Kostenstrukturerhebung im Baugewerbe;JAHR;Jahr;2018;DINSG;Deutschland insgesamt;DG;Deutschland;WZ08S6;WZ2008: Baugewerbe;WZ08-411;Erschließung von Grundstücken, Bauträger;5773,8;Mill. EUR;BPW001;Bruttoproduktionswert
44253;Kostenstrukturerhebung im Baugewerbe;JAHR;Jahr;2018;DINSG;Deutschland insgesamt;DG;Deutschland;WZ08S6;WZ2008: Baugewerbe;WZ08-411;Erschließung von Grundstücken, Bauträger;1945,9;Mill. EUR;NWS003;Nettowertschöpfung zu Faktorkosten
44253;Kostenstrukturerhebung im Baugewerbe;JAHR;Jahr;2018;DINSG;Deutschland insgesamt;DG;Deutschland;WZ08S6;WZ2008: Baugewerbe;WZ08-411;Erschließung von Grundstücken, Bauträger;3391,3;Mill. EUR;VBR004;Materialverbrauch, Einsatz an HW, Lohnarbeit
44253;Kostenstrukturerhebung im Baugewerbe;JAHR;Jahr;2018;DINSG;Deutschland insgesamt;DG;Deutschland;WZ08S6;WZ2008: Baugewerbe;WZ08-411;Erschließung von Grundstücken, Bauträger;1985,0;Mill. EUR;BWS003;Bruttowertschöpfung zu Faktorkosten
44253;Kostenstrukturerhebung im Baugewerbe;JAHR;Jahr;2018;DINSG;Deutschland insgesamt;DG;Deutschland;WZ08S6;WZ2008: Baugewerbe;WZ08-411;Erschließung von Grundstücken, Bauträger;156,1;Mill. EUR;STR029;Indirekte Steuern abzüglich Subventionen
44253;Kostenstrukturerhebung im Baugewerbe;JAHR;Jahr;2018;DINSG;Deutschland insgesamt;DG;Deutschland;WZ08S6;WZ2008: Baugewerbe;WZ08-411;Erschließung von Grundstücken, Bauträger;2382,5;Mill. EUR;NPW001;Nettoproduktionswert
44253;Kostenstrukturerhebung im Baugewerbe;JAHR;Jahr;2018;DINSG;Deutschland insgesamt;DG;Deutschland;WZ08S6;WZ2008: Baugewerbe;WZ08-411;Erschließung von Grundstücken, Bauträger;39,1;Mill. EUR;ABS002;Abschreibungen
44253;Kostenstrukturerhebung im Baugewerbe;JAHR;Jahr;2021;DINSG;Deutschland insgesamt;DG;Deutschland;WZ08S6;WZ2008: Baugewerbe;WZ08-432;Bauinstallation;4357,7;Mill. EUR;KOS027;Sonst.Vorleist.u.sonst.ind.Steuern abzügl.Subvent.
44253;Kostenstrukturerhebung im Baugewerbe;JAHR;Jahr;2021;DINSG;Deutschland insgesamt;DG;Deutschland;WZ08S6;WZ2008: Baugewerbe;WZ08-432;Bauinstallation;26698,8;Mill. EUR;BWS002;Bruttowertschöpfung zu Marktpreisen
44253;Kostenstrukturerhebung im Baugewerbe;JAHR;Jahr;2021;DINSG;Deutschland insgesamt;DG;Deutschland;WZ08S6;WZ2008: Baugewerbe;WZ08-432;Bauinstallation;49186,7;Mill. EUR;BPW001;Bruttoproduktionswert
44253;Kostenstrukturerhebung im Baugewerbe;JAHR;Jahr;2021;DINSG;Deutschland insgesamt;DG;Deutschland;WZ08S6;WZ2008: Baugewerbe;WZ08-432;Bauinstallation;21710,8;Mill. EUR;NWS003;Nettowertschöpfung zu Faktorkosten
44253;Kostenstrukturerhebung im Baugewerbe;JAHR;Jahr;2021;DINSG;Deutschland insgesamt;DG;Deutschland;WZ08S6;WZ2008: Baugewerbe;WZ08-432;Bauinstallation;23091,1;Mill. EUR;VBR004;Materialverbrauch, Einsatz an HW, Lohnarbeit
44253;Kostenstrukturerhebung im Baugewerbe;JAHR;Jahr;2021;DINSG;Deutschland insgesamt;DG;Deutschland;WZ08S6;WZ2008: Baugewerbe;WZ08-432;Bauinstallation;22273,5;Mill. EUR;BWS003;Bruttowertschöpfung zu Faktorkosten
44253;Kostenstrukturerhebung im Baugewerbe;JAHR;Jahr;2021;DINSG;Deutschland insgesamt;DG;Deutschland;WZ08S6;WZ2008: Baugewerbe;WZ08-432;Bauinstallation;4425,3;Mill. EUR;STR029;Indirekte Steuern abzüglich Subventionen
44253;Kostenstrukturerhebung im Baugewerbe;JAHR;Jahr;2021;DINSG;Deutschland insgesamt;DG;Deutschland;WZ08S6;WZ2008: Baugewerbe;WZ08-432;Bauinstallation;26095,6;Mill. EUR;NPW001;Nettoproduktionswert
44253;Kostenstrukturerhebung im Baugewerbe;JAHR;Jahr;2021;DINSG;Deutschland insgesamt;DG;Deutschland;WZ08S6;WZ2008: Baugewerbe;WZ08-432;Bauinstallation;562,7;Mill. EUR;ABS002;Abschreibungen
44253;Kostenstrukturerhebung im Baugewerbe;JAHR;Jahr;2023;DINSG;Deutschland insgesamt;DG;Deutschland;WZ08S6;WZ2008: Baugewerbe;WZ08-4399;Sonstige spezialisierte Bautätigkeiten a.n.g.;1986,6;Mill. EUR;KOS027;Sonst.Vorleist.u.sonst.ind.Steuern abzügl.Subvent.
44253;Kostenstrukturerhebung im Baugewerbe;JAHR;Jahr;2023;DINSG;Deutschland insgesamt;DG;Deutschland;WZ08S6;WZ2008: Baugewerbe;WZ08-4399;Sonstige spezialisierte Bautätigkeiten a.n.g.;7246,0;Mill. EUR;BWS002;Bruttowertschöpfung zu Marktpreisen
44253;Kostenstrukturerhebung im Baugewerbe;JAHR;Jahr;2023;DINSG;Deutschland insgesamt;DG;Deutschland;WZ08S6;WZ2008: Baugewerbe;WZ08-4399;Sonstige spezialisierte Bautätigkeiten a.n.g.;14397,6;Mill. EUR;BPW001;Bruttoproduktionswert
44253;Kostenstrukturerhebung im Baugewerbe;JAHR;Jahr;2023;DINSG;Deutschland insgesamt;DG;Deutschland;WZ08S6;WZ2008: Baugewerbe;WZ08-4399;Sonstige spezialisierte Bautätigkeiten a.n.g.;5467,8;Mill. EUR;NWS003;Nettowertschöpfung zu Faktorkosten
44253;Kostenstrukturerhebung im Baugewerbe;JAHR;Jahr;2023;DINSG;Deutschland insgesamt;DG;Deutschland;WZ08S6;WZ2008: Baugewerbe;WZ08-4399;Sonstige spezialisierte Bautätigkeiten a.n.g.;6720,7;Mill. EUR;VBR004;Materialverbrauch, Einsatz an HW, Lohnarbeit
44253;Kostenstrukturerhebung im Baugewerbe;JAHR;Jahr;2023;DINSG;Deutschland insgesamt;DG;Deutschland;WZ08S6;WZ2008: Baugewerbe;WZ08-4399;Sonstige spezialisierte Bautätigkeiten a.n.g.;5866,7;Mill. EUR;BWS003;Bruttowertschöpfung zu Faktorkosten
44253;Kostenstrukturerhebung im Baugewerbe;JAHR;Jahr;2023;DINSG;Deutschland insgesamt;DG;Deutschland;WZ08S6;WZ2008: Baugewerbe;WZ08-4399;Sonstige spezialisierte Bautätigkeiten a.n.g.;1379,3;Mill. EUR;STR029;Indirekte Steuern abzüglich Subventionen
44253;Kostenstrukturerhebung im Baugewerbe;JAHR;Jahr;2023;DINSG;Deutschland insgesamt;DG;Deutschland;WZ08S6;WZ2008: Baugewerbe;WZ08-4399;Sonstige spezialisierte Bautätigkeiten a.n.g.;7677,0;Mill. EUR;NPW001;Nettoproduktionswert
44253;Kostenstrukturerhebung im Baugewerbe;JAHR;Jahr;2023;DINSG;Deutschland insgesamt;DG;Deutschland;WZ08S6;WZ2008: Baugewerbe;WZ08-4399;Sonstige spezialisierte Bautätigkeiten a.n.g.;398,9;Mill. EUR;ABS002;Abschreibungen
44253;Kostenstrukturerhebung im Baugewerbe;JAHR;Jahr;2021;DINSG;Deutschland insgesamt;DG;Deutschland;WZ08S6;WZ2008: Baugewerbe;WZ08-4331;Anbringen v. Stuckaturen, Gipserei u. Verputzerei;134,2;Mill. EUR;KOS027;Sonst.Vorleist.u.sonst.ind.Steuern abzügl.Subvent.
44253;Kostenstrukturerhebung im Baugewerbe;JAHR;Jahr;2021;DINSG;Deutschland insgesamt;DG;Deutschland;WZ08S6;WZ2008: Baugewerbe;WZ08-4331;Anbringen v. Stuckaturen, Gipserei u. Verputzerei;984,9;Mill. EUR;BWS002;Bruttowertschöpfung zu Marktpreisen
44253;Kostenstrukturerhebung im Baugewerbe;JAHR;Jahr;2021;DINSG;Deutschland insgesamt;DG;Deutschland;WZ08S6;WZ2008: Baugewerbe;WZ08-4331;Anbringen v. Stuckaturen, Gipserei u. Verputzerei;1810,3;Mill. EUR;BPW001;Bruttoproduktionswert
44253;Kostenstrukturerhebung im Baugewerbe;JAHR;Jahr;2021;DINSG;Deutschland insgesamt;DG;Deutschland;WZ08S6;WZ2008: Baugewerbe;WZ08-4331;Anbringen v. Stuckaturen, Gipserei u. Verputzerei;803,8;Mill. EUR;NWS003;Nettowertschöpfung zu Faktorkosten
44253;Kostenstrukturerhebung im Baugewerbe;JAHR;Jahr;2021;DINSG;Deutschland insgesamt;DG;Deutschland;WZ08S6;WZ2008: Baugewerbe;WZ08-4331;Anbringen v. Stuckaturen, Gipserei u. Verputzerei;871,4;Mill. EUR;VBR004;Materialverbrauch, Einsatz an HW, Lohnarbeit
44253;Kostenstrukturerhebung im Baugewerbe;JAHR;Jahr;2021;DINSG;Deutschland insgesamt;DG;Deutschland;WZ08S6;WZ2008: Baugewerbe;WZ08-4331;Anbringen v. Stuckaturen, Gipserei u. Verputzerei;823,5;Mill. EUR;BWS003;Bruttowertschöpfung zu Faktorkosten
44253;Kostenstrukturerhebung im Baugewerbe;JAHR;Jahr;2021;DINSG;Deutschland insgesamt;DG;Deutschland;WZ08S6;WZ2008: Baugewerbe;WZ08-4331;Anbringen v. Stuckaturen, Gipserei u. Verputzerei;161,4;Mill. EUR;STR029;Indirekte Steuern abzüglich Subventionen
44253;Kostenstrukturerhebung im Baugewerbe;JAHR;Jahr;2021;DINSG;Deutschland insgesamt;DG;Deutschland;WZ08S6;WZ2008: Baugewerbe;WZ08-4331;Anbringen v. Stuckaturen, Gipserei u. Verputzerei;938,9;Mill. EUR;NPW001;Nettoproduktionswert
44253;Kostenstrukturerhebung im Baugewerbe;JAHR;Jahr;2021;DINSG;Deutschland insgesamt;DG;Deutschland;WZ08S6;WZ2008: Baugewerbe;WZ08-4331;Anbringen v. Stuckaturen, Gipserei u. Verputzerei;19,6;Mill. EUR;ABS002;Abschreibungen
44253;Kostenstrukturerhebung im Baugewerbe;JAHR;Jahr;2010;DINSG;Deutschland insgesamt;DG;Deutschland;WZ08S6;WZ2008: Baugewerbe;WZ08-411;Erschließung von Grundstücken, Bauträger;215,2;Mill. EUR;KOS027;Sonst.Vorleist.u.sonst.ind.Steuern abzügl.Subvent.
44253;Kostenstrukturerhebung im Baugewerbe;JAHR;Jahr;2010;DINSG;Deutschland insgesamt;DG;Deutschland;WZ08S6;WZ2008: Baugewerbe;WZ08-411;Erschließung von Grundstücken, Bauträger;789,8;Mill. EUR;BWS002;Bruttowertschöpfung zu Marktpreisen
44253;Kostenstrukturerhebung im Baugewerbe;JAHR;Jahr;2010;DINSG;Deutschland insgesamt;DG;Deutschland;WZ08S6;WZ2008: Baugewerbe;WZ08-411;Erschließung von Grundstücken, Bauträger;1956,8;Mill. EUR;BPW001;Bruttoproduktionswert
44253;Kostenstrukturerhebung im Baugewerbe;JAHR;Jahr;2010;DINSG;Deutschland insgesamt;DG;Deutschland;WZ08S6;WZ2008: Baugewerbe;WZ08-411;Erschließung von Grundstücken, Bauträger;704,1;Mill. EUR;NWS003;Nettowertschöpfung zu Faktorkosten
44253;Kostenstrukturerhebung im Baugewerbe;JAHR;Jahr;2010;DINSG;Deutschland insgesamt;DG;Deutschland;WZ08S6;WZ2008: Baugewerbe;WZ08-411;Erschließung von Grundstücken, Bauträger;1009,1;Mill. EUR;VBR004;Materialverbrauch, Einsatz an HW, Lohnarbeit
44253;Kostenstrukturerhebung im Baugewerbe;JAHR;Jahr;2010;DINSG;Deutschland insgesamt;DG;Deutschland;WZ08S6;WZ2008: Baugewerbe;WZ08-411;Erschließung von Grundstücken, Bauträger;732,5;Mill. EUR;BWS003;Bruttowertschöpfung zu Faktorkosten
44253;Kostenstrukturerhebung im Baugewerbe;JAHR;Jahr;2010;DINSG;Deutschland insgesamt;DG;Deutschland;WZ08S6;WZ2008: Baugewerbe;WZ08-411;Erschließung von Grundstücken, Bauträger;57,3;Mill. EUR;STR029;Indirekte Steuern abzüglich Subventionen
44253;Kostenstrukturerhebung im Baugewerbe;JAHR;Jahr;2010;DINSG;Deutschland insgesamt;DG;Deutschland;WZ08S6;WZ2008: Baugewerbe;WZ08-411;Erschließung von Grundstücken, Bauträger;947,7;Mill. EUR;NPW001;Nettoproduktionswert
44253;Kostenstrukturerhebung im Baugewerbe;JAHR;Jahr;2010;DINSG;Deutschland insgesamt;DG;Deutschland;WZ08S6;WZ2008: Baugewerbe;WZ08-411;Erschließung von Grundstücken, Bauträger;28,4;Mill. EUR;ABS002;Abschreibungen
44253;Kostenstrukturerhebung im Baugewerbe;JAHR;Jahr;2008;DINSG;Deutschland insgesamt;DG;Deutschland;WZ08S6;WZ2008: Baugewerbe;WZ08-4399;Sonstige spezialisierte Bautätigkeiten a.n.g.;1036,8;Mill. EUR;KOS027;Sonst.Vorleist.u.sonst.ind.Steuern abzügl.Subvent.
44253;Kostenstrukturerhebung im Baugewerbe;JAHR;Jahr;2008;DINSG;Deutschland insgesamt;DG;Deutschland;WZ08S6;WZ2008: Baugewerbe;WZ08-4399;Sonstige spezialisierte Bautätigkeiten a.n.g.;3239,9;Mill. EUR;BWS002;Bruttowertschöpfung zu Marktpreisen
44253;Kostenstrukturerhebung im Baugewerbe;JAHR;Jahr;2008;DINSG;Deutschland insgesamt;DG;Deutschland;WZ08S6;WZ2008: Baugewerbe;WZ08-4399;Sonstige spezialisierte Bautätigkeiten a.n.g.;8190,1;Mill. EUR;BPW001;Bruttoproduktionswert
44253;Kostenstrukturerhebung im Baugewerbe;JAHR;Jahr;2008;DINSG;Deutschland insgesamt;DG;Deutschland;WZ08S6;WZ2008: Baugewerbe;WZ08-4399;Sonstige spezialisierte Bautätigkeiten a.n.g.;2535,6;Mill. EUR;NWS003;Nettowertschöpfung zu Faktorkosten
44253;Kostenstrukturerhebung im Baugewerbe;JAHR;Jahr;2008;DINSG;Deutschland insgesamt;DG;Deutschland;WZ08S6;WZ2008: Baugewerbe;WZ08-4399;Sonstige spezialisierte Bautätigkeiten a.n.g.;4397,4;Mill. EUR;VBR004;Materialverbrauch, Einsatz an HW, Lohnarbeit
44253;Kostenstrukturerhebung im Baugewerbe;JAHR;Jahr;2008;DINSG;Deutschland insgesamt;DG;Deutschland;WZ08S6;WZ2008: Baugewerbe;WZ08-4399;Sonstige spezialisierte Bautätigkeiten a.n.g.;2756,0;Mill. EUR;BWS003;Bruttowertschöpfung zu Faktorkosten
44253;Kostenstrukturerhebung im Baugewerbe;JAHR;Jahr;2008;DINSG;Deutschland insgesamt;DG;Deutschland;WZ08S6;WZ2008: Baugewerbe;WZ08-4399;Sonstige spezialisierte Bautätigkeiten a.n.g.;483,9;Mill. EUR;STR029;Indirekte Steuern abzüglich Subventionen
44253;Kostenstrukturerhebung im Baugewerbe;JAHR;Jahr;2008;DINSG;Deutschland insgesamt;DG;Deutschland;WZ08S6;WZ2008: Baugewerbe;WZ08-4399;Sonstige spezialisierte Bautätigkeiten a.n.g.;3792,7;Mill. EUR;NPW001;Nettoproduktionswert
44253;Kostenstrukturerhebung im Baugewerbe;JAHR;Jahr;2008;DINSG;Deutschland insgesamt;DG;Deutschland;WZ08S6;WZ2008: Baugewerbe;WZ08-4399;Sonstige spezialisierte Bautätigkeiten a.n.g.;220,3;Mill. EUR;ABS002;Abschreibungen
44253;Kostenstrukturerhebung im Baugewerbe;JAHR;Jahr;2020;DINSG;Deutschland insgesamt;DG;Deutschland;WZ08S6;WZ2008: Baugewerbe;WZ08-F;Baugewerbe;17620,4;Mill. EUR;KOS027;Sonst.Vorleist.u.sonst.ind.Steuern abzügl.Subvent.
44253;Kostenstrukturerhebung im Baugewerbe;JAHR;Jahr;2020;DINSG;Deutschland insgesamt;DG;Deutschland;WZ08S6;WZ2008: Baugewerbe;WZ08-F;Baugewerbe;78668,1;Mill. EUR;BWS002;Bruttowertschöpfung zu Marktpreisen
44253;Kostenstrukturerhebung im Baugewerbe;JAHR;Jahr;2020;DINSG;Deutschland insgesamt;DG;Deutschland;WZ08S6;WZ2008: Baugewerbe;WZ08-F;Baugewerbe;174580,6;Mill. EUR;BPW001;Bruttoproduktionswert
44253;Kostenstrukturerhebung im Baugewerbe;JAHR;Jahr;2020;DINSG;Deutschland insgesamt;DG;Deutschland;WZ08S6;WZ2008: Baugewerbe;WZ08-F;Baugewerbe;61682,3;Mill. EUR;NWS003;Nettowertschöpfung zu Faktorkosten
44253;Kostenstrukturerhebung im Baugewerbe;JAHR;Jahr;2020;DINSG;Deutschland insgesamt;DG;Deutschland;WZ08S6;WZ2008: Baugewerbe;WZ08-F;Baugewerbe;92259,7;Mill. EUR;VBR004;Materialverbrauch, Einsatz an HW, Lohnarbeit
44253;Kostenstrukturerhebung im Baugewerbe;JAHR;Jahr;2020;DINSG;Deutschland insgesamt;DG;Deutschland;WZ08S6;WZ2008: Baugewerbe;WZ08-F;Baugewerbe;64700,5;Mill. EUR;BWS003;Bruttowertschöpfung zu Faktorkosten
44253;Kostenstrukturerhebung im Baugewerbe;JAHR;Jahr;2020;DINSG;Deutschland insgesamt;DG;Deutschland;WZ08S6;WZ2008: Baugewerbe;WZ08-F;Baugewerbe;13967,6;Mill. EUR;STR029;Indirekte Steuern abzüglich Subventionen
44253;Kostenstrukturerhebung im Baugewerbe;JAHR;Jahr;2020;DINSG;Deutschland insgesamt;DG;Deutschland;WZ08S6;WZ2008: Baugewerbe;WZ08-F;Baugewerbe;82320,9;Mill. EUR;NPW001;Nettoproduktionswert
44253;Kostenstrukturerhebung im Baugewerbe;JAHR;Jahr;2020;DINSG;Deutschland insgesamt;DG;Deutschland;WZ08S6;WZ2008: Baugewerbe;WZ08-F;Baugewerbe;3018,2;Mill. EUR;ABS002;Abschreibungen
44253;Kostenstrukturerhebung im Baugewerbe;JAHR;Jahr;2014;DINSG;Deutschland insgesamt;DG;Deutschland;WZ08S6;WZ2008: Baugewerbe;WZ08-412-01;Bauhauptgewerbe;7630,9;Mill. EUR;KOS027;Sonst.Vorleist.u.sonst.ind.Steuern abzügl.Subvent.
44253;Kostenstrukturerhebung im Baugewerbe;JAHR;Jahr;2014;DINSG;Deutschland insgesamt;DG;Deutschland;WZ08S6;WZ2008: Baugewerbe;WZ08-412-01;Bauhauptgewerbe;28685,2;Mill. EUR;BWS002;Bruttowertschöpfung zu Marktpreisen
44253;Kostenstrukturerhebung im Baugewerbe;JAHR;Jahr;2014;DINSG;Deutschland insgesamt;DG;Deutschland;WZ08S6;WZ2008: Baugewerbe;WZ08-412-01;Bauhauptgewerbe;70782,4;Mill. EUR;BPW001;Bruttoproduktionswert
44253;Kostenstrukturerhebung im Baugewerbe;JAHR;Jahr;2014;DINSG;Deutschland insgesamt;DG;Deutschland;WZ08S6;WZ2008: Baugewerbe;WZ08-412-01;Bauhauptgewerbe;21939,6;Mill. EUR;NWS003;Nettowertschöpfung zu Faktorkosten
44253;Kostenstrukturerhebung im Baugewerbe;JAHR;Jahr;2014;DINSG;Deutschland insgesamt;DG;Deutschland;WZ08S6;WZ2008: Baugewerbe;WZ08-412-01;Bauhauptgewerbe;39784,6;Mill. EUR;VBR004;Materialverbrauch, Einsatz an HW, Lohnarbeit
44253;Kostenstrukturerhebung im Baugewerbe;JAHR;Jahr;2014;DINSG;Deutschland insgesamt;DG;Deutschland;WZ08S6;WZ2008: Baugewerbe;WZ08-412-01;Bauhauptgewerbe;23366,7;Mill. EUR;BWS003;Bruttowertschöpfung zu Faktorkosten
44253;Kostenstrukturerhebung im Baugewerbe;JAHR;Jahr;2014;DINSG;Deutschland insgesamt;DG;Deutschland;WZ08S6;WZ2008: Baugewerbe;WZ08-412-01;Bauhauptgewerbe;5318,5;Mill. EUR;STR029;Indirekte Steuern abzüglich Subventionen
44253;Kostenstrukturerhebung im Baugewerbe;JAHR;Jahr;2014;DINSG;Deutschland insgesamt;DG;Deutschland;WZ08S6;WZ2008: Baugewerbe;WZ08-412-01;Bauhauptgewerbe;30997,7;Mill. EUR;NPW001;Nettoproduktionswert
44253;Kostenstrukturerhebung im Baugewerbe;JAHR;Jahr;2014;DINSG;Deutschland insgesamt;DG;Deutschland;WZ08S6;WZ2008: Baugewerbe;WZ08-412-01;Bauhauptgewerbe;1427,1;Mill. EUR;ABS002;Abschreibungen
44253;Kostenstrukturerhebung im Baugewerbe;JAHR;Jahr;2010;DINSG;Deutschland insgesamt;DG;Deutschland;WZ08S6;WZ2008: Baugewerbe;WZ08-432;Bauinstallation;2615,1;Mill. EUR;KOS027;Sonst.Vorleist.u.sonst.ind.Steuern abzügl.Subvent.
44253;Kostenstrukturerhebung im Baugewerbe;JAHR;Jahr;2010;DINSG;Deutschland insgesamt;DG;Deutschland;WZ08S6;WZ2008: Baugewerbe;WZ08-432;Bauinstallation;13176,4;Mill. EUR;BWS002;Bruttowertschöpfung zu Marktpreisen
44253;Kostenstrukturerhebung im Baugewerbe;JAHR;Jahr;2010;DINSG;Deutschland insgesamt;DG;Deutschland;WZ08S6;WZ2008: Baugewerbe;WZ08-432;Bauinstallation;28256,9;Mill. EUR;BPW001;Bruttoproduktionswert
44253;Kostenstrukturerhebung im Baugewerbe;JAHR;Jahr;2010;DINSG;Deutschland insgesamt;DG;Deutschland;WZ08S6;WZ2008: Baugewerbe;WZ08-432;Bauinstallation;11079,1;Mill. EUR;NWS003;Nettowertschöpfung zu Faktorkosten
44253;Kostenstrukturerhebung im Baugewerbe;JAHR;Jahr;2010;DINSG;Deutschland insgesamt;DG;Deutschland;WZ08S6;WZ2008: Baugewerbe;WZ08-432;Bauinstallation;14193,9;Mill. EUR;VBR004;Materialverbrauch, Einsatz an HW, Lohnarbeit
44253;Kostenstrukturerhebung im Baugewerbe;JAHR;Jahr;2010;DINSG;Deutschland insgesamt;DG;Deutschland;WZ08S6;WZ2008: Baugewerbe;WZ08-432;Bauinstallation;11447,8;Mill. EUR;BWS003;Bruttowertschöpfung zu Faktorkosten
44253;Kostenstrukturerhebung im Baugewerbe;JAHR;Jahr;2010;DINSG;Deutschland insgesamt;DG;Deutschland;WZ08S6;WZ2008: Baugewerbe;WZ08-432;Bauinstallation;1728,6;Mill. EUR;STR029;Indirekte Steuern abzüglich Subventionen
44253;Kostenstrukturerhebung im Baugewerbe;JAHR;Jahr;2010;DINSG;Deutschland insgesamt;DG;Deutschland;WZ08S6;WZ2008: Baugewerbe;WZ08-432;Bauinstallation;14062,9;Mill. EUR;NPW001;Nettoproduktionswert
44253;Kostenstrukturerhebung im Baugewerbe;JAHR;Jahr;2010;DINSG;Deutschland insgesamt;DG;Deutschland;WZ08S6;WZ2008: Baugewerbe;WZ08-432;Bauinstallation;368,8;Mill. EUR;ABS002;Abschreibungen
44253;Kostenstrukturerhebung im Baugewerbe;JAHR;Jahr;2013;DINSG;Deutschland insgesamt;DG;Deutschland;WZ08S6;WZ2008: Baugewerbe;WZ08-412-02;Bau von Gebäuden, Tiefbau;5563,9;Mill. EUR;KOS027;Sonst.Vorleist.u.sonst.ind.Steuern abzügl.Subvent.
44253;Kostenstrukturerhebung im Baugewerbe;JAHR;Jahr;2013;DINSG;Deutschland insgesamt;DG;Deutschland;WZ08S6;WZ2008: Baugewerbe;WZ08-412-02;Bau von Gebäuden, Tiefbau;20426,4;Mill. EUR;BWS002;Bruttowertschöpfung zu Marktpreisen
44253;Kostenstrukturerhebung im Baugewerbe;JAHR;Jahr;2013;DINSG;Deutschland insgesamt;DG;Deutschland;WZ08S6;WZ2008: Baugewerbe;WZ08-412-02;Bau von Gebäuden, Tiefbau;54802,8;Mill. EUR;BPW001;Bruttoproduktionswert
44253;Kostenstrukturerhebung im Baugewerbe;JAHR;Jahr;2013;DINSG;Deutschland insgesamt;DG;Deutschland;WZ08S6;WZ2008: Baugewerbe;WZ08-412-02;Bau von Gebäuden, Tiefbau;16155,0;Mill. EUR;NWS003;Nettowertschöpfung zu Faktorkosten
44253;Kostenstrukturerhebung im Baugewerbe;JAHR;Jahr;2013;DINSG;Deutschland insgesamt;DG;Deutschland;WZ08S6;WZ2008: Baugewerbe;WZ08-412-02;Bau von Gebäuden, Tiefbau;32016,9;Mill. EUR;VBR004;Materialverbrauch, Einsatz an HW, Lohnarbeit
44253;Kostenstrukturerhebung im Baugewerbe;JAHR;Jahr;2013;DINSG;Deutschland insgesamt;DG;Deutschland;WZ08S6;WZ2008: Baugewerbe;WZ08-412-02;Bau von Gebäuden, Tiefbau;17222,0;Mill. EUR;BWS003;Bruttowertschöpfung zu Faktorkosten
44253;Kostenstrukturerhebung im Baugewerbe;JAHR;Jahr;2013;DINSG;Deutschland insgesamt;DG;Deutschland;WZ08S6;WZ2008: Baugewerbe;WZ08-412-02;Bau von Gebäuden, Tiefbau;3204,4;Mill. EUR;STR029;Indirekte Steuern abzüglich Subventionen
44253;Kostenstrukturerhebung im Baugewerbe;JAHR;Jahr;2013;DINSG;Deutschland insgesamt;DG;Deutschland;WZ08S6;WZ2008: Baugewerbe;WZ08-412-02;Bau von Gebäuden, Tiefbau;22785,9;Mill. EUR;NPW001;Nettoproduktionswert
44253;Kostenstrukturerhebung im Baugewerbe;JAHR;Jahr;2013;DINSG;Deutschland insgesamt;DG;Deutschland;WZ08S6;WZ2008: Baugewerbe;WZ08-412-02;Bau von Gebäuden, Tiefbau;1067,0;Mill. EUR;ABS002;Abschreibungen
44253;Kostenstrukturerhebung im Baugewerbe;JAHR;Jahr;2018;DINSG;Deutschland insgesamt;DG;Deutschland;WZ08S6;WZ2008: Baugewerbe;WZ08-4331;Anbringen v. Stuckaturen, Gipserei u. Verputzerei;95,7;Mill. EUR;KOS027;Sonst.Vorleist.u.sonst.ind.Steuern abzügl.Subvent.
44253;Kostenstrukturerhebung im Baugewerbe;JAHR;Jahr;2018;DINSG;Deutschland insgesamt;DG;Deutschland;WZ08S6;WZ2008: Baugewerbe;WZ08-4331;Anbringen v. Stuckaturen, Gipserei u. Verputzerei;596,8;Mill. EUR;BWS002;Bruttowertschöpfung zu Marktpreisen
44253;Kostenstrukturerhebung im Baugewerbe;JAHR;Jahr;2018;DINSG;Deutschland insgesamt;DG;Deutschland;WZ08S6;WZ2008: Baugewerbe;WZ08-4331;Anbringen v. Stuckaturen, Gipserei u. Verputzerei;1256,3;Mill. EUR;BPW001;Bruttoproduktionswert
44253;Kostenstrukturerhebung im Baugewerbe;JAHR;Jahr;2018;DINSG;Deutschland insgesamt;DG;Deutschland;WZ08S6;WZ2008: Baugewerbe;WZ08-4331;Anbringen v. Stuckaturen, Gipserei u. Verputzerei;471,9;Mill. EUR;NWS003;Nettowertschöpfung zu Faktorkosten
44253;Kostenstrukturerhebung im Baugewerbe;JAHR;Jahr;2018;DINSG;Deutschland insgesamt;DG;Deutschland;WZ08S6;WZ2008: Baugewerbe;WZ08-4331;Anbringen v. Stuckaturen, Gipserei u. Verputzerei;673,0;Mill. EUR;VBR004;Materialverbrauch, Einsatz an HW, Lohnarbeit
44253;Kostenstrukturerhebung im Baugewerbe;JAHR;Jahr;2018;DINSG;Deutschland insgesamt;DG;Deutschland;WZ08S6;WZ2008: Baugewerbe;WZ08-4331;Anbringen v. Stuckaturen, Gipserei u. Verputzerei;487,6;Mill. EUR;BWS003;Bruttowertschöpfung zu Faktorkosten
44253;Kostenstrukturerhebung im Baugewerbe;JAHR;Jahr;2018;DINSG;Deutschland insgesamt;DG;Deutschland;WZ08S6;WZ2008: Baugewerbe;WZ08-4331;Anbringen v. Stuckaturen, Gipserei u. Verputzerei;109,2;Mill. EUR;STR029;Indirekte Steuern abzüglich Subventionen
44253;Kostenstrukturerhebung im Baugewerbe;JAHR;Jahr;2018;DINSG;Deutschland insgesamt;DG;Deutschland;WZ08S6;WZ2008: Baugewerbe;WZ08-4331;Anbringen v. Stuckaturen, Gipserei u. Verputzerei;583,3;Mill. EUR;NPW001;Nettoproduktionswert
44253;Kostenstrukturerhebung im Baugewerbe;JAHR;Jahr;2018;DINSG;Deutschland insgesamt;DG;Deutschland;WZ08S6;WZ2008: Baugewerbe;WZ08-4331;Anbringen v. Stuckaturen, Gipserei u. Verputzerei;15,7;Mill. EUR;ABS002;Abschreibungen
44253;Kostenstrukturerhebung im Baugewerbe;JAHR;Jahr;2021;DINSG;Deutschland insgesamt;DG;Deutschland;WZ08S6;WZ2008: Baugewerbe;WZ08-411;Erschließung von Grundstücken, Bauträger;464,0;Mill. EUR;KOS027;Sonst.Vorleist.u.sonst.ind.Steuern abzügl.Subvent.
44253;Kostenstrukturerhebung im Baugewerbe;JAHR;Jahr;2021;DINSG;Deutschland insgesamt;DG;Deutschland;WZ08S6;WZ2008: Baugewerbe;WZ08-411;Erschließung von Grundstücken, Bauträger;2891,8;Mill. EUR;BWS002;Bruttowertschöpfung zu Marktpreisen
44253;Kostenstrukturerhebung im Baugewerbe;JAHR;Jahr;2021;DINSG;Deutschland insgesamt;DG;Deutschland;WZ08S6;WZ2008: Baugewerbe;WZ08-411;Erschließung von Grundstücken, Bauträger;7931,5;Mill. EUR;BPW001;Bruttoproduktionswert
44253;Kostenstrukturerhebung im Baugewerbe;JAHR;Jahr;2021;DINSG;Deutschland insgesamt;DG;Deutschland;WZ08S6;WZ2008: Baugewerbe;WZ08-411;Erschließung von Grundstücken, Bauträger;2443,8;Mill. EUR;NWS003;Nettowertschöpfung zu Faktorkosten
44253;Kostenstrukturerhebung im Baugewerbe;JAHR;Jahr;2021;DINSG;Deutschland insgesamt;DG;Deutschland;WZ08S6;WZ2008: Baugewerbe;WZ08-411;Erschließung von Grundstücken, Bauträger;5057,0;Mill. EUR;VBR004;Materialverbrauch, Einsatz an HW, Lohnarbeit
44253;Kostenstrukturerhebung im Baugewerbe;JAHR;Jahr;2021;DINSG;Deutschland insgesamt;DG;Deutschland;WZ08S6;WZ2008: Baugewerbe;WZ08-411;Erschließung von Grundstücken, Bauträger;2500,5;Mill. EUR;BWS003;Bruttowertschöpfung zu Faktorkosten
44253;Kostenstrukturerhebung im Baugewerbe;JAHR;Jahr;2021;DINSG;Deutschland insgesamt;DG;Deutschland;WZ08S6;WZ2008: Baugewerbe;WZ08-411;Erschließung von Grundstücken, Bauträger;391,3;Mill. EUR;STR029;Indirekte Steuern abzüglich Subventionen
44253;Kostenstrukturerhebung im Baugewerbe;JAHR;Jahr;2021;DINSG;Deutschland insgesamt;DG;Deutschland;WZ08S6;WZ2008: Baugewerbe;WZ08-411;Erschließung von Grundstücken, Bauträger;2874,4;Mill. EUR;NPW001;Nettoproduktionswert
44253;Kostenstrukturerhebung im Baugewerbe;JAHR;Jahr;2021;DINSG;Deutschland insgesamt;DG;Deutschland;WZ08S6;WZ2008: Baugewerbe;WZ08-411;Erschließung von Grundstücken, Bauträger;56,7;Mill. EUR;ABS002;Abschreibungen
44253;Kostenstrukturerhebung im Baugewerbe;JAHR;Jahr;2015;DINSG;Deutschland insgesamt;DG;Deutschland;WZ08S6;WZ2008: Baugewerbe;WZ08-431;Abbrucharbeiten u. vorbereit. Baustellenarbeiten;444,6;Mill. EUR;KOS027;Sonst.Vorleist.u.sonst.ind.Steuern abzügl.Subvent.
44253;Kostenstrukturerhebung im Baugewerbe;JAHR;Jahr;2015;DINSG;Deutschland insgesamt;DG;Deutschland;WZ08S6;WZ2008: Baugewerbe;WZ08-431;Abbrucharbeiten u. vorbereit. Baustellenarbeiten;959,8;Mill. EUR;BWS002;Bruttowertschöpfung zu Marktpreisen
44253;Kostenstrukturerhebung im Baugewerbe;JAHR;Jahr;2015;DINSG;Deutschland insgesamt;DG;Deutschland;WZ08S6;WZ2008: Baugewerbe;WZ08-431;Abbrucharbeiten u. vorbereit. Baustellenarbeiten;2135,0;Mill. EUR;BPW001;Bruttoproduktionswert
44253;Kostenstrukturerhebung im Baugewerbe;JAHR;Jahr;2015;DINSG;Deutschland insgesamt;DG;Deutschland;WZ08S6;WZ2008: Baugewerbe;WZ08-431;Abbrucharbeiten u. vorbereit. Baustellenarbeiten;768,0;Mill. EUR;NWS003;Nettowertschöpfung zu Faktorkosten
44253;Kostenstrukturerhebung im Baugewerbe;JAHR;Jahr;2015;DINSG;Deutschland insgesamt;DG;Deutschland;WZ08S6;WZ2008: Baugewerbe;WZ08-431;Abbrucharbeiten u. vorbereit. Baustellenarbeiten;842,7;Mill. EUR;VBR004;Materialverbrauch, Einsatz an HW, Lohnarbeit
44253;Kostenstrukturerhebung im Baugewerbe;JAHR;Jahr;2015;DINSG;Deutschland insgesamt;DG;Deutschland;WZ08S6;WZ2008: Baugewerbe;WZ08-431;Abbrucharbeiten u. vorbereit. Baustellenarbeiten;847,7;Mill. EUR;BWS003;Bruttowertschöpfung zu Faktorkosten
44253;Kostenstrukturerhebung im Baugewerbe;JAHR;Jahr;2015;DINSG;Deutschland insgesamt;DG;Deutschland;WZ08S6;WZ2008: Baugewerbe;WZ08-431;Abbrucharbeiten u. vorbereit. Baustellenarbeiten;112,1;Mill. EUR;STR029;Indirekte Steuern abzüglich Subventionen
44253;Kostenstrukturerhebung im Baugewerbe;JAHR;Jahr;2015;DINSG;Deutschland insgesamt;DG;Deutschland;WZ08S6;WZ2008: Baugewerbe;WZ08-431;Abbrucharbeiten u. vorbereit. Baustellenarbeiten;1292,2;Mill. EUR;NPW001;Nettoproduktionswert
44253;Kostenstrukturerhebung im Baugewerbe;JAHR;Jahr;2015;DINSG;Deutschland insgesamt;DG;Deutschland;WZ08S6;WZ2008: Baugewerbe;WZ08-431;Abbrucharbeiten u. vorbereit. Baustellenarbeiten;79,6;Mill. EUR;ABS002;Abschreibungen
44253;Kostenstrukturerhebung im Baugewerbe;JAHR;Jahr;2012;DINSG;Deutschland insgesamt;DG;Deutschland;WZ08S6;WZ2008: Baugewerbe;WZ08-4399;Sonstige spezialisierte Bautätigkeiten a.n.g.;986,3;Mill. EUR;KOS027;Sonst.Vorleist.u.sonst.ind.Steuern abzügl.Subvent.
44253;Kostenstrukturerhebung im Baugewerbe;JAHR;Jahr;2012;DINSG;Deutschland insgesamt;DG;Deutschland;WZ08S6;WZ2008: Baugewerbe;WZ08-4399;Sonstige spezialisierte Bautätigkeiten a.n.g.;3423,8;Mill. EUR;BWS002;Bruttowertschöpfung zu Marktpreisen
44253;Kostenstrukturerhebung im Baugewerbe;JAHR;Jahr;2012;DINSG;Deutschland insgesamt;DG;Deutschland;WZ08S6;WZ2008: Baugewerbe;WZ08-4399;Sonstige spezialisierte Bautätigkeiten a.n.g.;8112,5;Mill. EUR;BPW001;Bruttoproduktionswert
44253;Kostenstrukturerhebung im Baugewerbe;JAHR;Jahr;2012;DINSG;Deutschland insgesamt;DG;Deutschland;WZ08S6;WZ2008: Baugewerbe;WZ08-4399;Sonstige spezialisierte Bautätigkeiten a.n.g.;2698,8;Mill. EUR;NWS003;Nettowertschöpfung zu Faktorkosten
44253;Kostenstrukturerhebung im Baugewerbe;JAHR;Jahr;2012;DINSG;Deutschland insgesamt;DG;Deutschland;WZ08S6;WZ2008: Baugewerbe;WZ08-4399;Sonstige spezialisierte Bautätigkeiten a.n.g.;4193,5;Mill. EUR;VBR004;Materialverbrauch, Einsatz an HW, Lohnarbeit
44253;Kostenstrukturerhebung im Baugewerbe;JAHR;Jahr;2012;DINSG;Deutschland insgesamt;DG;Deutschland;WZ08S6;WZ2008: Baugewerbe;WZ08-4399;Sonstige spezialisierte Bautätigkeiten a.n.g.;2932,7;Mill. EUR;BWS003;Bruttowertschöpfung zu Faktorkosten
44253;Kostenstrukturerhebung im Baugewerbe;JAHR;Jahr;2012;DINSG;Deutschland insgesamt;DG;Deutschland;WZ08S6;WZ2008: Baugewerbe;WZ08-4399;Sonstige spezialisierte Bautätigkeiten a.n.g.;491,1;Mill. EUR;STR029;Indirekte Steuern abzüglich Subventionen
44253;Kostenstrukturerhebung im Baugewerbe;JAHR;Jahr;2012;DINSG;Deutschland insgesamt;DG;Deutschland;WZ08S6;WZ2008: Baugewerbe;WZ08-4399;Sonstige spezialisierte Bautätigkeiten a.n.g.;3919,0;Mill. EUR;NPW001;Nettoproduktionswert
44253;Kostenstrukturerhebung im Baugewerbe;JAHR;Jahr;2012;DINSG;Deutschland insgesamt;DG;Deutschland;WZ08S6;WZ2008: Baugewerbe;WZ08-4399;Sonstige spezialisierte Bautätigkeiten a.n.g.;233,8;Mill. EUR;ABS002;Abschreibungen
44253;Kostenstrukturerhebung im Baugewerbe;JAHR;Jahr;2016;DINSG;Deutschland insgesamt;DG;Deutschland;WZ08S6;WZ2008: Baugewerbe;WZ08-4213;Brücken- und Tunnelbau;140,2;Mill. EUR;KOS027;Sonst.Vorleist.u.sonst.ind.Steuern abzügl.Subvent.
44253;Kostenstrukturerhebung im Baugewerbe;JAHR;Jahr;2016;DINSG;Deutschland insgesamt;DG;Deutschland;WZ08S6;WZ2008: Baugewerbe;WZ08-4213;Brücken- und Tunnelbau;569,7;Mill. EUR;BWS002;Bruttowertschöpfung zu Marktpreisen
44253;Kostenstrukturerhebung im Baugewerbe;JAHR;Jahr;2016;DINSG;Deutschland insgesamt;DG;Deutschland;WZ08S6;WZ2008: Baugewerbe;WZ08-4213;Brücken- und Tunnelbau;1269,7;Mill. EUR;BPW001;Bruttoproduktionswert
44253;Kostenstrukturerhebung im Baugewerbe;JAHR;Jahr;2016;DINSG;Deutschland insgesamt;DG;Deutschland;WZ08S6;WZ2008: Baugewerbe;WZ08-4213;Brücken- und Tunnelbau;445,1;Mill. EUR;NWS003;Nettowertschöpfung zu Faktorkosten
44253;Kostenstrukturerhebung im Baugewerbe;JAHR;Jahr;2016;DINSG;Deutschland insgesamt;DG;Deutschland;WZ08S6;WZ2008: Baugewerbe;WZ08-4213;Brücken- und Tunnelbau;663,0;Mill. EUR;VBR004;Materialverbrauch, Einsatz an HW, Lohnarbeit
44253;Kostenstrukturerhebung im Baugewerbe;JAHR;Jahr;2016;DINSG;Deutschland insgesamt;DG;Deutschland;WZ08S6;WZ2008: Baugewerbe;WZ08-4213;Brücken- und Tunnelbau;466,6;Mill. EUR;BWS003;Bruttowertschöpfung zu Faktorkosten
44253;Kostenstrukturerhebung im Baugewerbe;JAHR;Jahr;2016;DINSG;Deutschland insgesamt;DG;Deutschland;WZ08S6;WZ2008: Baugewerbe;WZ08-4213;Brücken- und Tunnelbau;103,1;Mill. EUR;STR029;Indirekte Steuern abzüglich Subventionen
44253;Kostenstrukturerhebung im Baugewerbe;JAHR;Jahr;2016;DINSG;Deutschland insgesamt;DG;Deutschland;WZ08S6;WZ2008: Baugewerbe;WZ08-4213;Brücken- und Tunnelbau;606,8;Mill. EUR;NPW001;Nettoproduktionswert
44253;Kostenstrukturerhebung im Baugewerbe;JAHR;Jahr;2016;DINSG;Deutschland insgesamt;DG;Deutschland;WZ08S6;WZ2008: Baugewerbe;WZ08-4213;Brücken- und Tunnelbau;21,5;Mill. EUR;ABS002;Abschreibungen
44253;Kostenstrukturerhebung im Baugewerbe;JAHR;Jahr;2018;DINSG;Deutschland insgesamt;DG;Deutschland;WZ08S6;WZ2008: Baugewerbe;WZ08-432;Bauinstallation;3952,4;Mill. EUR;KOS027;Sonst.Vorleist.u.sonst.ind.Steuern abzügl.Subvent.
44253;Kostenstrukturerhebung im Baugewerbe;JAHR;Jahr;2018;DINSG;Deutschland insgesamt;DG;Deutschland;WZ08S6;WZ2008: Baugewerbe;WZ08-432;Bauinstallation;21100,8;Mill. EUR;BWS002;Bruttowertschöpfung zu Marktpreisen
44253;Kostenstrukturerhebung im Baugewerbe;JAHR;Jahr;2018;DINSG;Deutschland insgesamt;DG;Deutschland;WZ08S6;WZ2008: Baugewerbe;WZ08-432;Bauinstallation;41617,9;Mill. EUR;BPW001;Bruttoproduktionswert
44253;Kostenstrukturerhebung im Baugewerbe;JAHR;Jahr;2018;DINSG;Deutschland insgesamt;DG;Deutschland;WZ08S6;WZ2008: Baugewerbe;WZ08-432;Bauinstallation;17543,0;Mill. EUR;NWS003;Nettowertschöpfung zu Faktorkosten
44253;Kostenstrukturerhebung im Baugewerbe;JAHR;Jahr;2018;DINSG;Deutschland insgesamt;DG;Deutschland;WZ08S6;WZ2008: Baugewerbe;WZ08-432;Bauinstallation;19640,2;Mill. EUR;VBR004;Materialverbrauch, Einsatz an HW, Lohnarbeit
44253;Kostenstrukturerhebung im Baugewerbe;JAHR;Jahr;2018;DINSG;Deutschland insgesamt;DG;Deutschland;WZ08S6;WZ2008: Baugewerbe;WZ08-432;Bauinstallation;18025,2;Mill. EUR;BWS003;Bruttowertschöpfung zu Faktorkosten
44253;Kostenstrukturerhebung im Baugewerbe;JAHR;Jahr;2018;DINSG;Deutschland insgesamt;DG;Deutschland;WZ08S6;WZ2008: Baugewerbe;WZ08-432;Bauinstallation;3075,6;Mill. EUR;STR029;Indirekte Steuern abzüglich Subventionen
44253;Kostenstrukturerhebung im Baugewerbe;JAHR;Jahr;2018;DINSG;Deutschland insgesamt;DG;Deutschland;WZ08S6;WZ2008: Baugewerbe;WZ08-432;Bauinstallation;21977,6;Mill. EUR;NPW001;Nettoproduktionswert
44253;Kostenstrukturerhebung im Baugewerbe;JAHR;Jahr;2018;DINSG;Deutschland insgesamt;DG;Deutschland;WZ08S6;WZ2008: Baugewerbe;WZ08-432;Bauinstallation;482,2;Mill. EUR;ABS002;Abschreibungen
44253;Kostenstrukturerhebung im Baugewerbe;JAHR;Jahr;2017;DINSG;Deutschland insgesamt;DG;Deutschland;WZ08S6;WZ2008: Baugewerbe;WZ08-F;Baugewerbe;14133,3;Mill. EUR;KOS027;Sonst.Vorleist.u.sonst.ind.Steuern abzügl.Subvent.
44253;Kostenstrukturerhebung im Baugewerbe;JAHR;Jahr;2017;DINSG;Deutschland insgesamt;DG;Deutschland;WZ08S6;WZ2008: Baugewerbe;WZ08-F;Baugewerbe;61299,1;Mill. EUR;BWS002;Bruttowertschöpfung zu Marktpreisen
44253;Kostenstrukturerhebung im Baugewerbe;JAHR;Jahr;2017;DINSG;Deutschland insgesamt;DG;Deutschland;WZ08S6;WZ2008: Baugewerbe;WZ08-F;Baugewerbe;138369,9;Mill. EUR;BPW001;Bruttoproduktionswert
44253;Kostenstrukturerhebung im Baugewerbe;JAHR;Jahr;2017;DINSG;Deutschland insgesamt;DG;Deutschland;WZ08S6;WZ2008: Baugewerbe;WZ08-F;Baugewerbe;48860,9;Mill. EUR;NWS003;Nettowertschöpfung zu Faktorkosten
44253;Kostenstrukturerhebung im Baugewerbe;JAHR;Jahr;2017;DINSG;Deutschland insgesamt;DG;Deutschland;WZ08S6;WZ2008: Baugewerbe;WZ08-F;Baugewerbe;73019,0;Mill. EUR;VBR004;Materialverbrauch, Einsatz an HW, Lohnarbeit
44253;Kostenstrukturerhebung im Baugewerbe;JAHR;Jahr;2017;DINSG;Deutschland insgesamt;DG;Deutschland;WZ08S6;WZ2008: Baugewerbe;WZ08-F;Baugewerbe;51217,5;Mill. EUR;BWS003;Bruttowertschöpfung zu Faktorkosten
44253;Kostenstrukturerhebung im Baugewerbe;JAHR;Jahr;2017;DINSG;Deutschland insgesamt;DG;Deutschland;WZ08S6;WZ2008: Baugewerbe;WZ08-F;Baugewerbe;10081,6;Mill. EUR;STR029;Indirekte Steuern abzüglich Subventionen
44253;Kostenstrukturerhebung im Baugewerbe;JAHR;Jahr;2017;DINSG;Deutschland insgesamt;DG;Deutschland;WZ08S6;WZ2008: Baugewerbe;WZ08-F;Baugewerbe;65350,8;Mill. EUR;NPW001;Nettoproduktionswert
44253;Kostenstrukturerhebung im Baugewerbe;JAHR;Jahr;2017;DINSG;Deutschland insgesamt;DG;Deutschland;WZ08S6;WZ2008: Baugewerbe;WZ08-F;Baugewerbe;2356,7;Mill. EUR;ABS002;Abschreibungen
44253;Kostenstrukturerhebung im Baugewerbe;JAHR;Jahr;2010;DINSG;Deutschland insgesamt;DG;Deutschland;WZ08S6;WZ2008: Baugewerbe;WZ08-4331;Anbringen v. Stuckaturen, Gipserei u. Verputzerei;63,9;Mill. EUR;KOS027;Sonst.Vorleist.u.sonst.ind.Steuern abzügl.Subvent.
44253;Kostenstrukturerhebung im Baugewerbe;JAHR;Jahr;2010;DINSG;Deutschland insgesamt;DG;Deutschland;WZ08S6;WZ2008: Baugewerbe;WZ08-4331;Anbringen v. Stuckaturen, Gipserei u. Verputzerei;456,7;Mill. EUR;BWS002;Bruttowertschöpfung zu Marktpreisen
44253;Kostenstrukturerhebung im Baugewerbe;JAHR;Jahr;2010;DINSG;Deutschland insgesamt;DG;Deutschland;WZ08S6;WZ2008: Baugewerbe;WZ08-4331;Anbringen v. Stuckaturen, Gipserei u. Verputzerei;879,1;Mill. EUR;BPW001;Bruttoproduktionswert
44253;Kostenstrukturerhebung im Baugewerbe;JAHR;Jahr;2010;DINSG;Deutschland insgesamt;DG;Deutschland;WZ08S6;WZ2008: Baugewerbe;WZ08-4331;Anbringen v. Stuckaturen, Gipserei u. Verputzerei;375,3;Mill. EUR;NWS003;Nettowertschöpfung zu Faktorkosten
44253;Kostenstrukturerhebung im Baugewerbe;JAHR;Jahr;2010;DINSG;Deutschland insgesamt;DG;Deutschland;WZ08S6;WZ2008: Baugewerbe;WZ08-4331;Anbringen v. Stuckaturen, Gipserei u. Verputzerei;428,9;Mill. EUR;VBR004;Materialverbrauch, Einsatz an HW, Lohnarbeit
44253;Kostenstrukturerhebung im Baugewerbe;JAHR;Jahr;2010;DINSG;Deutschland insgesamt;DG;Deutschland;WZ08S6;WZ2008: Baugewerbe;WZ08-4331;Anbringen v. Stuckaturen, Gipserei u. Verputzerei;386,3;Mill. EUR;BWS003;Bruttowertschöpfung zu Faktorkosten
44253;Kostenstrukturerhebung im Baugewerbe;JAHR;Jahr;2010;DINSG;Deutschland insgesamt;DG;Deutschland;WZ08S6;WZ2008: Baugewerbe;WZ08-4331;Anbringen v. Stuckaturen, Gipserei u. Verputzerei;70,5;Mill. EUR;STR029;Indirekte Steuern abzüglich Subventionen
44253;Kostenstrukturerhebung im Baugewerbe;JAHR;Jahr;2010;DINSG;Deutschland insgesamt;DG;Deutschland;WZ08S6;WZ2008: Baugewerbe;WZ08-4331;Anbringen v. Stuckaturen, Gipserei u. Verputzerei;450,1;Mill. EUR;NPW001;Nettoproduktionswert
44253;Kostenstrukturerhebung im Baugewerbe;JAHR;Jahr;2010;DINSG;Deutschland insgesamt;DG;Deutschland;WZ08S6;WZ2008: Baugewerbe;WZ08-4331;Anbringen v. Stuckaturen, Gipserei u. Verputzerei;11,0;Mill. EUR;ABS002;Abschreibungen
44253;Kostenstrukturerhebung im Baugewerbe;JAHR;Jahr;2015;DINSG;Deutschland insgesamt;DG;Deutschland;WZ08S6;WZ2008: Baugewerbe;WZ08-432-01;Ausbaugewerbe;4096,3;Mill. EUR;KOS027;Sonst.Vorleist.u.sonst.ind.Steuern abzügl.Subvent.
44253;Kostenstrukturerhebung im Baugewerbe;JAHR;Jahr;2015;DINSG;Deutschland insgesamt;DG;Deutschland;WZ08S6;WZ2008: Baugewerbe;WZ08-432-01;Ausbaugewerbe;20868,9;Mill. EUR;BWS002;Bruttowertschöpfung zu Marktpreisen
44253;Kostenstrukturerhebung im Baugewerbe;JAHR;Jahr;2015;DINSG;Deutschland insgesamt;DG;Deutschland;WZ08S6;WZ2008: Baugewerbe;WZ08-432-01;Ausbaugewerbe;42171,4;Mill. EUR;BPW001;Bruttoproduktionswert
44253;Kostenstrukturerhebung im Baugewerbe;JAHR;Jahr;2015;DINSG;Deutschland insgesamt;DG;Deutschland;WZ08S6;WZ2008: Baugewerbe;WZ08-432-01;Ausbaugewerbe;17130,5;Mill. EUR;NWS003;Nettowertschöpfung zu Faktorkosten
44253;Kostenstrukturerhebung im Baugewerbe;JAHR;Jahr;2015;DINSG;Deutschland insgesamt;DG;Deutschland;WZ08S6;WZ2008: Baugewerbe;WZ08-432-01;Ausbaugewerbe;20400,8;Mill. EUR;VBR004;Materialverbrauch, Einsatz an HW, Lohnarbeit
44253;Kostenstrukturerhebung im Baugewerbe;JAHR;Jahr;2015;DINSG;Deutschland insgesamt;DG;Deutschland;WZ08S6;WZ2008: Baugewerbe;WZ08-432-01;Ausbaugewerbe;17674,3;Mill. EUR;BWS003;Bruttowertschöpfung zu Faktorkosten
44253;Kostenstrukturerhebung im Baugewerbe;JAHR;Jahr;2015;DINSG;Deutschland insgesamt;DG;Deutschland;WZ08S6;WZ2008: Baugewerbe;WZ08-432-01;Ausbaugewerbe;3194,6;Mill. EUR;STR029;Indirekte Steuern abzüglich Subventionen
44253;Kostenstrukturerhebung im Baugewerbe;JAHR;Jahr;2015;DINSG;Deutschland insgesamt;DG;Deutschland;WZ08S6;WZ2008: Baugewerbe;WZ08-432-01;Ausbaugewerbe;21770,6;Mill. EUR;NPW001;Nettoproduktionswert
44253;Kostenstrukturerhebung im Baugewerbe;JAHR;Jahr;2015;DINSG;Deutschland insgesamt;DG;Deutschland;WZ08S6;WZ2008: Baugewerbe;WZ08-432-01;Ausbaugewerbe;543,8;Mill. EUR;ABS002;Abschreibungen
44253;Kostenstrukturerhebung im Baugewerbe;JAHR;Jahr;2016;DINSG;Deutschland insgesamt;DG;Deutschland;WZ08S6;WZ2008: Baugewerbe;WZ08-4211;Bau von Straßen;1436,1;Mill. EUR;KOS027;Sonst.Vorleist.u.sonst.ind.Steuern abzügl.Subvent.
44253;Kostenstrukturerhebung im Baugewerbe;JAHR;Jahr;2016;DINSG;Deutschland insgesamt;DG;Deutschland;WZ08S6;WZ2008: Baugewerbe;WZ08-4211;Bau von Straßen;5081,4;Mill. EUR;BWS002;Bruttowertschöpfung zu Marktpreisen
44253;Kostenstrukturerhebung im Baugewerbe;JAHR;Jahr;2016;DINSG;Deutschland insgesamt;DG;Deutschland;WZ08S6;WZ2008: Baugewerbe;WZ08-4211;Bau von Straßen;12019,5;Mill. EUR;BPW001;Bruttoproduktionswert
44253;Kostenstrukturerhebung im Baugewerbe;JAHR;Jahr;2016;DINSG;Deutschland insgesamt;DG;Deutschland;WZ08S6;WZ2008: Baugewerbe;WZ08-4211;Bau von Straßen;3962,1;Mill. EUR;NWS003;Nettowertschöpfung zu Faktorkosten
44253;Kostenstrukturerhebung im Baugewerbe;JAHR;Jahr;2016;DINSG;Deutschland insgesamt;DG;Deutschland;WZ08S6;WZ2008: Baugewerbe;WZ08-4211;Bau von Straßen;6313,5;Mill. EUR;VBR004;Materialverbrauch, Einsatz an HW, Lohnarbeit
44253;Kostenstrukturerhebung im Baugewerbe;JAHR;Jahr;2016;DINSG;Deutschland insgesamt;DG;Deutschland;WZ08S6;WZ2008: Baugewerbe;WZ08-4211;Bau von Straßen;4269,9;Mill. EUR;BWS003;Bruttowertschöpfung zu Faktorkosten
44253;Kostenstrukturerhebung im Baugewerbe;JAHR;Jahr;2016;DINSG;Deutschland insgesamt;DG;Deutschland;WZ08S6;WZ2008: Baugewerbe;WZ08-4211;Bau von Straßen;811,5;Mill. EUR;STR029;Indirekte Steuern abzüglich Subventionen
44253;Kostenstrukturerhebung im Baugewerbe;JAHR;Jahr;2016;DINSG;Deutschland insgesamt;DG;Deutschland;WZ08S6;WZ2008: Baugewerbe;WZ08-4211;Bau von Straßen;5706,0;Mill. EUR;NPW001;Nettoproduktionswert
44253;Kostenstrukturerhebung im Baugewerbe;JAHR;Jahr;2016;DINSG;Deutschland insgesamt;DG;Deutschland;WZ08S6;WZ2008: Baugewerbe;WZ08-4211;Bau von Straßen;307,9;Mill. EUR;ABS002;Abschreibungen
44253;Kostenstrukturerhebung im Baugewerbe;JAHR;Jahr;2014;DINSG;Deutschland insgesamt;DG;Deutschland;WZ08S6;WZ2008: Baugewerbe;WZ08-4391;Dachdeckerei und Zimmerei;362,0;Mill. EUR;KOS027;Sonst.Vorleist.u.sonst.ind.Steuern abzügl.Subvent.
44253;Kostenstrukturerhebung im Baugewerbe;JAHR;Jahr;2014;DINSG;Deutschland insgesamt;DG;Deutschland;WZ08S6;WZ2008: Baugewerbe;WZ08-4391;Dachdeckerei und Zimmerei;2137,6;Mill. EUR;BWS002;Bruttowertschöpfung zu Marktpreisen
44253;Kostenstrukturerhebung im Baugewerbe;JAHR;Jahr;2014;DINSG;Deutschland insgesamt;DG;Deutschland;WZ08S6;WZ2008: Baugewerbe;WZ08-4391;Dachdeckerei und Zimmerei;4464,7;Mill. EUR;BPW001;Bruttoproduktionswert
44253;Kostenstrukturerhebung im Baugewerbe;JAHR;Jahr;2014;DINSG;Deutschland insgesamt;DG;Deutschland;WZ08S6;WZ2008: Baugewerbe;WZ08-4391;Dachdeckerei und Zimmerei;1733,5;Mill. EUR;NWS003;Nettowertschöpfung zu Faktorkosten
44253;Kostenstrukturerhebung im Baugewerbe;JAHR;Jahr;2014;DINSG;Deutschland insgesamt;DG;Deutschland;WZ08S6;WZ2008: Baugewerbe;WZ08-4391;Dachdeckerei und Zimmerei;2306,8;Mill. EUR;VBR004;Materialverbrauch, Einsatz an HW, Lohnarbeit
44253;Kostenstrukturerhebung im Baugewerbe;JAHR;Jahr;2014;DINSG;Deutschland insgesamt;DG;Deutschland;WZ08S6;WZ2008: Baugewerbe;WZ08-4391;Dachdeckerei und Zimmerei;1795,9;Mill. EUR;BWS003;Bruttowertschöpfung zu Faktorkosten
44253;Kostenstrukturerhebung im Baugewerbe;JAHR;Jahr;2014;DINSG;Deutschland insgesamt;DG;Deutschland;WZ08S6;WZ2008: Baugewerbe;WZ08-4391;Dachdeckerei und Zimmerei;341,7;Mill. EUR;STR029;Indirekte Steuern abzüglich Subventionen
44253;Kostenstrukturerhebung im Baugewerbe;JAHR;Jahr;2014;DINSG;Deutschland insgesamt;DG;Deutschland;WZ08S6;WZ2008: Baugewerbe;WZ08-4391;Dachdeckerei und Zimmerei;2157,9;Mill. EUR;NPW001;Nettoproduktionswert
44253;Kostenstrukturerhebung im Baugewerbe;JAHR;Jahr;2014;DINSG;Deutschland insgesamt;DG;Deutschland;WZ08S6;WZ2008: Baugewerbe;WZ08-4391;Dachdeckerei und Zimmerei;62,4;Mill. EUR;ABS002;Abschreibungen
44253;Kostenstrukturerhebung im Baugewerbe;JAHR;Jahr;2024;DINSG;Deutschland insgesamt;DG;Deutschland;WZ08S6;WZ2008: Baugewerbe;WZ08-432;Bauinstallation;6435,5;Mill. EUR;KOS027;Sonst.Vorleist.u.sonst.ind.Steuern abzügl.Subvent.
44253;Kostenstrukturerhebung im Baugewerbe;JAHR;Jahr;2024;DINSG;Deutschland insgesamt;DG;Deutschland;WZ08S6;WZ2008: Baugewerbe;WZ08-432;Bauinstallation;34394,9;Mill. EUR;BWS002;Bruttowertschöpfung zu Marktpreisen
44253;Kostenstrukturerhebung im Baugewerbe;JAHR;Jahr;2024;DINSG;Deutschland insgesamt;DG;Deutschland;WZ08S6;WZ2008: Baugewerbe;WZ08-432;Bauinstallation;64749,2;Mill. EUR;BPW001;Bruttoproduktionswert
44253;Kostenstrukturerhebung im Baugewerbe;JAHR;Jahr;2024;DINSG;Deutschland insgesamt;DG;Deutschland;WZ08S6;WZ2008: Baugewerbe;WZ08-432;Bauinstallation;27753,8;Mill. EUR;NWS003;Nettowertschöpfung zu Faktorkosten
44253;Kostenstrukturerhebung im Baugewerbe;JAHR;Jahr;2024;DINSG;Deutschland insgesamt;DG;Deutschland;WZ08S6;WZ2008: Baugewerbe;WZ08-432;Bauinstallation;31117,4;Mill. EUR;VBR004;Materialverbrauch, Einsatz an HW, Lohnarbeit
44253;Kostenstrukturerhebung im Baugewerbe;JAHR;Jahr;2024;DINSG;Deutschland insgesamt;DG;Deutschland;WZ08S6;WZ2008: Baugewerbe;WZ08-432;Bauinstallation;28582,3;Mill. EUR;BWS003;Bruttowertschöpfung zu Faktorkosten
44253;Kostenstrukturerhebung im Baugewerbe;JAHR;Jahr;2024;DINSG;Deutschland insgesamt;DG;Deutschland;WZ08S6;WZ2008: Baugewerbe;WZ08-432;Bauinstallation;5812,6;Mill. EUR;STR029;Indirekte Steuern abzüglich Subventionen
44253;Kostenstrukturerhebung im Baugewerbe;JAHR;Jahr;2024;DINSG;Deutschland insgesamt;DG;Deutschland;WZ08S6;WZ2008: Baugewerbe;WZ08-432;Bauinstallation;34313,7;Mill. EUR;NPW001;Nettoproduktionswert
44253;Kostenstrukturerhebung im Baugewerbe;JAHR;Jahr;2024;DINSG;Deutschland insgesamt;DG;Deutschland;WZ08S6;WZ2008: Baugewerbe;WZ08-432;Bauinstallation;828,5;Mill. EUR;ABS002;Abschreibungen
44253;Kostenstrukturerhebung im Baugewerbe;JAHR;Jahr;2019;DINSG;Deutschland insgesamt;DG;Deutschland;WZ08S6;WZ2008: Baugewerbe;WZ08-411;Erschließung von Grundstücken, Bauträger;480,8;Mill. EUR;KOS027;Sonst.Vorleist.u.sonst.ind.Steuern abzügl.Subvent.
44253;Kostenstrukturerhebung im Baugewerbe;JAHR;Jahr;2019;DINSG;Deutschland insgesamt;DG;Deutschland;WZ08S6;WZ2008: Baugewerbe;WZ08-411;Erschließung von Grundstücken, Bauträger;2295,6;Mill. EUR;BWS002;Bruttowertschöpfung zu Marktpreisen
44253;Kostenstrukturerhebung im Baugewerbe;JAHR;Jahr;2019;DINSG;Deutschland insgesamt;DG;Deutschland;WZ08S6;WZ2008: Baugewerbe;WZ08-411;Erschließung von Grundstücken, Bauträger;7063,7;Mill. EUR;BPW001;Bruttoproduktionswert
44253;Kostenstrukturerhebung im Baugewerbe;JAHR;Jahr;2019;DINSG;Deutschland insgesamt;DG;Deutschland;WZ08S6;WZ2008: Baugewerbe;WZ08-411;Erschließung von Grundstücken, Bauträger;1998,1;Mill. EUR;NWS003;Nettowertschöpfung zu Faktorkosten
44253;Kostenstrukturerhebung im Baugewerbe;JAHR;Jahr;2019;DINSG;Deutschland insgesamt;DG;Deutschland;WZ08S6;WZ2008: Baugewerbe;WZ08-411;Erschließung von Grundstücken, Bauträger;4539,2;Mill. EUR;VBR004;Materialverbrauch, Einsatz an HW, Lohnarbeit
44253;Kostenstrukturerhebung im Baugewerbe;JAHR;Jahr;2019;DINSG;Deutschland insgesamt;DG;Deutschland;WZ08S6;WZ2008: Baugewerbe;WZ08-411;Erschließung von Grundstücken, Bauträger;2043,6;Mill. EUR;BWS003;Bruttowertschöpfung zu Faktorkosten
44253;Kostenstrukturerhebung im Baugewerbe;JAHR;Jahr;2019;DINSG;Deutschland insgesamt;DG;Deutschland;WZ08S6;WZ2008: Baugewerbe;WZ08-411;Erschließung von Grundstücken, Bauträger;252,0;Mill. EUR;STR029;Indirekte Steuern abzüglich Subventionen
44253;Kostenstrukturerhebung im Baugewerbe;JAHR;Jahr;2019;DINSG;Deutschland insgesamt;DG;Deutschland;WZ08S6;WZ2008: Baugewerbe;WZ08-411;Erschließung von Grundstücken, Bauträger;2524,4;Mill. EUR;NPW001;Nettoproduktionswert
44253;Kostenstrukturerhebung im Baugewerbe;JAHR;Jahr;2019;DINSG;Deutschland insgesamt;DG;Deutschland;WZ08S6;WZ2008: Baugewerbe;WZ08-411;Erschließung von Grundstücken, Bauträger;45,5;Mill. EUR;ABS002;Abschreibungen
44253;Kostenstrukturerhebung im Baugewerbe;JAHR;Jahr;2020;DINSG;Deutschland insgesamt;DG;Deutschland;WZ08S6;WZ2008: Baugewerbe;WZ08-4399;Sonstige spezialisierte Bautätigkeiten a.n.g.;1588,2;Mill. EUR;KOS027;Sonst.Vorleist.u.sonst.ind.Steuern abzügl.Subvent.
44253;Kostenstrukturerhebung im Baugewerbe;JAHR;Jahr;2020;DINSG;Deutschland insgesamt;DG;Deutschland;WZ08S6;WZ2008: Baugewerbe;WZ08-4399;Sonstige spezialisierte Bautätigkeiten a.n.g.;6273,7;Mill. EUR;BWS002;Bruttowertschöpfung zu Marktpreisen
44253;Kostenstrukturerhebung im Baugewerbe;JAHR;Jahr;2020;DINSG;Deutschland insgesamt;DG;Deutschland;WZ08S6;WZ2008: Baugewerbe;WZ08-4399;Sonstige spezialisierte Bautätigkeiten a.n.g.;12105,7;Mill. EUR;BPW001;Bruttoproduktionswert
44253;Kostenstrukturerhebung im Baugewerbe;JAHR;Jahr;2020;DINSG;Deutschland insgesamt;DG;Deutschland;WZ08S6;WZ2008: Baugewerbe;WZ08-4399;Sonstige spezialisierte Bautätigkeiten a.n.g.;4913,2;Mill. EUR;NWS003;Nettowertschöpfung zu Faktorkosten
44253;Kostenstrukturerhebung im Baugewerbe;JAHR;Jahr;2020;DINSG;Deutschland insgesamt;DG;Deutschland;WZ08S6;WZ2008: Baugewerbe;WZ08-4399;Sonstige spezialisierte Bautätigkeiten a.n.g.;5274,6;Mill. EUR;VBR004;Materialverbrauch, Einsatz an HW, Lohnarbeit
44253;Kostenstrukturerhebung im Baugewerbe;JAHR;Jahr;2020;DINSG;Deutschland insgesamt;DG;Deutschland;WZ08S6;WZ2008: Baugewerbe;WZ08-4399;Sonstige spezialisierte Bautätigkeiten a.n.g.;5242,8;Mill. EUR;BWS003;Bruttowertschöpfung zu Faktorkosten
44253;Kostenstrukturerhebung im Baugewerbe;JAHR;Jahr;2020;DINSG;Deutschland insgesamt;DG;Deutschland;WZ08S6;WZ2008: Baugewerbe;WZ08-4399;Sonstige spezialisierte Bautätigkeiten a.n.g.;1030,8;Mill. EUR;STR029;Indirekte Steuern abzüglich Subventionen
44253;Kostenstrukturerhebung im Baugewerbe;JAHR;Jahr;2020;DINSG;Deutschland insgesamt;DG;Deutschland;WZ08S6;WZ2008: Baugewerbe;WZ08-4399;Sonstige spezialisierte Bautätigkeiten a.n.g.;6831,0;Mill. EUR;NPW001;Nettoproduktionswert
44253;Kostenstrukturerhebung im Baugewerbe;JAHR;Jahr;2020;DINSG;Deutschland insgesamt;DG;Deutschland;WZ08S6;WZ2008: Baugewerbe;WZ08-4399;Sonstige spezialisierte Bautätigkeiten a.n.g.;329,6;Mill. EUR;ABS002;Abschreibungen
44253;Kostenstrukturerhebung im Baugewerbe;JAHR;Jahr;2009;DINSG;Deutschland insgesamt;DG;Deutschland;WZ08S6;WZ2008: Baugewerbe;WZ08-432-01;Ausbaugewerbe;3149,1;Mill. EUR;KOS027;Sonst.Vorleist.u.sonst.ind.Steuern abzügl.Subvent.
44253;Kostenstrukturerhebung im Baugewerbe;JAHR;Jahr;2009;DINSG;Deutschland insgesamt;DG;Deutschland;WZ08S6;WZ2008: Baugewerbe;WZ08-432-01;Ausbaugewerbe;15995,9;Mill. EUR;BWS002;Bruttowertschöpfung zu Marktpreisen
44253;Kostenstrukturerhebung im Baugewerbe;JAHR;Jahr;2009;DINSG;Deutschland insgesamt;DG;Deutschland;WZ08S6;WZ2008: Baugewerbe;WZ08-432-01;Ausbaugewerbe;33550,2;Mill. EUR;BPW001;Bruttoproduktionswert
44253;Kostenstrukturerhebung im Baugewerbe;JAHR;Jahr;2009;DINSG;Deutschland insgesamt;DG;Deutschland;WZ08S6;WZ2008: Baugewerbe;WZ08-432-01;Ausbaugewerbe;13347,2;Mill. EUR;NWS003;Nettowertschöpfung zu Faktorkosten
44253;Kostenstrukturerhebung im Baugewerbe;JAHR;Jahr;2009;DINSG;Deutschland insgesamt;DG;Deutschland;WZ08S6;WZ2008: Baugewerbe;WZ08-432-01;Ausbaugewerbe;16675,3;Mill. EUR;VBR004;Materialverbrauch, Einsatz an HW, Lohnarbeit
44253;Kostenstrukturerhebung im Baugewerbe;JAHR;Jahr;2009;DINSG;Deutschland insgesamt;DG;Deutschland;WZ08S6;WZ2008: Baugewerbe;WZ08-432-01;Ausbaugewerbe;13725,9;Mill. EUR;BWS003;Bruttowertschöpfung zu Faktorkosten
44253;Kostenstrukturerhebung im Baugewerbe;JAHR;Jahr;2009;DINSG;Deutschland insgesamt;DG;Deutschland;WZ08S6;WZ2008: Baugewerbe;WZ08-432-01;Ausbaugewerbe;2270,1;Mill. EUR;STR029;Indirekte Steuern abzüglich Subventionen
44253;Kostenstrukturerhebung im Baugewerbe;JAHR;Jahr;2009;DINSG;Deutschland insgesamt;DG;Deutschland;WZ08S6;WZ2008: Baugewerbe;WZ08-432-01;Ausbaugewerbe;16874,9;Mill. EUR;NPW001;Nettoproduktionswert
44253;Kostenstrukturerhebung im Baugewerbe;JAHR;Jahr;2009;DINSG;Deutschland insgesamt;DG;Deutschland;WZ08S6;WZ2008: Baugewerbe;WZ08-432-01;Ausbaugewerbe;378,7;Mill. EUR;ABS002;Abschreibungen
44253;Kostenstrukturerhebung im Baugewerbe;JAHR;Jahr;2009;DINSG;Deutschland insgesamt;DG;Deutschland;WZ08S6;WZ2008: Baugewerbe;WZ08-432;Bauinstallation;2390,4;Mill. EUR;KOS027;Sonst.Vorleist.u.sonst.ind.Steuern abzügl.Subvent.
44253;Kostenstrukturerhebung im Baugewerbe;JAHR;Jahr;2009;DINSG;Deutschland insgesamt;DG;Deutschland;WZ08S6;WZ2008: Baugewerbe;WZ08-432;Bauinstallation;12427,6;Mill. EUR;BWS002;Bruttowertschöpfung zu Marktpreisen
44253;Kostenstrukturerhebung im Baugewerbe;JAHR;Jahr;2009;DINSG;Deutschland insgesamt;DG;Deutschland;WZ08S6;WZ2008: Baugewerbe;WZ08-432;Bauinstallation;26274,7;Mill. EUR;BPW001;Bruttoproduktionswert
44253;Kostenstrukturerhebung im Baugewerbe;JAHR;Jahr;2009;DINSG;Deutschland insgesamt;DG;Deutschland;WZ08S6;WZ2008: Baugewerbe;WZ08-432;Bauinstallation;10466,6;Mill. EUR;NWS003;Nettowertschöpfung zu Faktorkosten
44253;Kostenstrukturerhebung im Baugewerbe;JAHR;Jahr;2009;DINSG;Deutschland insgesamt;DG;Deutschland;WZ08S6;WZ2008: Baugewerbe;WZ08-432;Bauinstallation;13152,5;Mill. EUR;VBR004;Materialverbrauch, Einsatz an HW, Lohnarbeit
44253;Kostenstrukturerhebung im Baugewerbe;JAHR;Jahr;2009;DINSG;Deutschland insgesamt;DG;Deutschland;WZ08S6;WZ2008: Baugewerbe;WZ08-432;Bauinstallation;10731,9;Mill. EUR;BWS003;Bruttowertschöpfung zu Faktorkosten
44253;Kostenstrukturerhebung im Baugewerbe;JAHR;Jahr;2009;DINSG;Deutschland insgesamt;DG;Deutschland;WZ08S6;WZ2008: Baugewerbe;WZ08-432;Bauinstallation;1695,8;Mill. EUR;STR029;Indirekte Steuern abzüglich Subventionen
44253;Kostenstrukturerhebung im Baugewerbe;JAHR;Jahr;2009;DINSG;Deutschland insgesamt;DG;Deutschland;WZ08S6;WZ2008: Baugewerbe;WZ08-432;Bauinstallation;13122,3;Mill. EUR;NPW001;Nettoproduktionswert
44253;Kostenstrukturerhebung im Baugewerbe;JAHR;Jahr;2009;DINSG;Deutschland insgesamt;DG;Deutschland;WZ08S6;WZ2008: Baugewerbe;WZ08-432;Bauinstallation;265,3;Mill. EUR;ABS002;Abschreibungen
44253;Kostenstrukturerhebung im Baugewerbe;JAHR;Jahr;2009;DINSG;Deutschland insgesamt;DG;Deutschland;WZ08S6;WZ2008: Baugewerbe;WZ08-4331;Anbringen v. Stuckaturen, Gipserei u. Verputzerei;67,9;Mill. EUR;KOS027;Sonst.Vorleist.u.sonst.ind.Steuern abzügl.Subvent.
44253;Kostenstrukturerhebung im Baugewerbe;JAHR;Jahr;2009;DINSG;Deutschland insgesamt;DG;Deutschland;WZ08S6;WZ2008: Baugewerbe;WZ08-4331;Anbringen v. Stuckaturen, Gipserei u. Verputzerei;373,6;Mill. EUR;BWS002;Bruttowertschöpfung zu Marktpreisen
44253;Kostenstrukturerhebung im Baugewerbe;JAHR;Jahr;2009;DINSG;Deutschland insgesamt;DG;Deutschland;WZ08S6;WZ2008: Baugewerbe;WZ08-4331;Anbringen v. Stuckaturen, Gipserei u. Verputzerei;791,4;Mill. EUR;BPW001;Bruttoproduktionswert
44253;Kostenstrukturerhebung im Baugewerbe;JAHR;Jahr;2009;DINSG;Deutschland insgesamt;DG;Deutschland;WZ08S6;WZ2008: Baugewerbe;WZ08-4331;Anbringen v. Stuckaturen, Gipserei u. Verputzerei;292,8;Mill. EUR;NWS003;Nettowertschöpfung zu Faktorkosten
44253;Kostenstrukturerhebung im Baugewerbe;JAHR;Jahr;2009;DINSG;Deutschland insgesamt;DG;Deutschland;WZ08S6;WZ2008: Baugewerbe;WZ08-4331;Anbringen v. Stuckaturen, Gipserei u. Verputzerei;419,7;Mill. EUR;VBR004;Materialverbrauch, Einsatz an HW, Lohnarbeit
44253;Kostenstrukturerhebung im Baugewerbe;JAHR;Jahr;2009;DINSG;Deutschland insgesamt;DG;Deutschland;WZ08S6;WZ2008: Baugewerbe;WZ08-4331;Anbringen v. Stuckaturen, Gipserei u. Verputzerei;303,8;Mill. EUR;BWS003;Bruttowertschöpfung zu Faktorkosten
44253;Kostenstrukturerhebung im Baugewerbe;JAHR;Jahr;2009;DINSG;Deutschland insgesamt;DG;Deutschland;WZ08S6;WZ2008: Baugewerbe;WZ08-4331;Anbringen v. Stuckaturen, Gipserei u. Verputzerei;69,8;Mill. EUR;STR029;Indirekte Steuern abzüglich Subventionen
44253;Kostenstrukturerhebung im Baugewerbe;JAHR;Jahr;2009;DINSG;Deutschland insgesamt;DG;Deutschland;WZ08S6;WZ2008: Baugewerbe;WZ08-4331;Anbringen v. Stuckaturen, Gipserei u. Verputzerei;371,7;Mill. EUR;NPW001;Nettoproduktionswert
44253;Kostenstrukturerhebung im Baugewerbe;JAHR;Jahr;2009;DINSG;Deutschland insgesamt;DG;Deutschland;WZ08S6;WZ2008: Baugewerbe;WZ08-4331;Anbringen v. Stuckaturen, Gipserei u. Verputzerei;11,0;Mill. EUR;ABS002;Abschreibungen
44253;Kostenstrukturerhebung im Baugewerbe;JAHR;Jahr;2024;DINSG;Deutschland insgesamt;DG;Deutschland;WZ08S6;WZ2008: Baugewerbe;WZ08-432-01;Ausbaugewerbe;7970,7;Mill. EUR;KOS027;Sonst.Vorleist.u.sonst.ind.Steuern abzügl.Subvent.
44253;Kostenstrukturerhebung im Baugewerbe;JAHR;Jahr;2024;DINSG;Deutschland insgesamt;DG;Deutschland;WZ08S6;WZ2008: Baugewerbe;WZ08-432-01;Ausbaugewerbe;42676,9;Mill. EUR;BWS002;Bruttowertschöpfung zu Marktpreisen
44253;Kostenstrukturerhebung im Baugewerbe;JAHR;Jahr;2024;DINSG;Deutschland insgesamt;DG;Deutschland;WZ08S6;WZ2008: Baugewerbe;WZ08-432-01;Ausbaugewerbe;80180,9;Mill. EUR;BPW001;Bruttoproduktionswert
44253;Kostenstrukturerhebung im Baugewerbe;JAHR;Jahr;2024;DINSG;Deutschland insgesamt;DG;Deutschland;WZ08S6;WZ2008: Baugewerbe;WZ08-432-01;Ausbaugewerbe;34301,5;Mill. EUR;NWS003;Nettowertschöpfung zu Faktorkosten
44253;Kostenstrukturerhebung im Baugewerbe;JAHR;Jahr;2024;DINSG;Deutschland insgesamt;DG;Deutschland;WZ08S6;WZ2008: Baugewerbe;WZ08-432-01;Ausbaugewerbe;38482,6;Mill. EUR;VBR004;Materialverbrauch, Einsatz an HW, Lohnarbeit
44253;Kostenstrukturerhebung im Baugewerbe;JAHR;Jahr;2024;DINSG;Deutschland insgesamt;DG;Deutschland;WZ08S6;WZ2008: Baugewerbe;WZ08-432-01;Ausbaugewerbe;35389,1;Mill. EUR;BWS003;Bruttowertschöpfung zu Faktorkosten
44253;Kostenstrukturerhebung im Baugewerbe;JAHR;Jahr;2024;DINSG;Deutschland insgesamt;DG;Deutschland;WZ08S6;WZ2008: Baugewerbe;WZ08-432-01;Ausbaugewerbe;7287,8;Mill. EUR;STR029;Indirekte Steuern abzüglich Subventionen
44253;Kostenstrukturerhebung im Baugewerbe;JAHR;Jahr;2024;DINSG;Deutschland insgesamt;DG;Deutschland;WZ08S6;WZ2008: Baugewerbe;WZ08-432-01;Ausbaugewerbe;42511,4;Mill. EUR;NPW001;Nettoproduktionswert
44253;Kostenstrukturerhebung im Baugewerbe;JAHR;Jahr;2024;DINSG;Deutschland insgesamt;DG;Deutschland;WZ08S6;WZ2008: Baugewerbe;WZ08-432-01;Ausbaugewerbe;1087,6;Mill. EUR;ABS002;Abschreibungen
44253;Kostenstrukturerhebung im Baugewerbe;JAHR;Jahr;2011;DINSG;Deutschland insgesamt;DG;Deutschland;WZ08S6;WZ2008: Baugewerbe;WZ08-411;Erschließung von Grundstücken, Bauträger;218,1;Mill. EUR;KOS027;Sonst.Vorleist.u.sonst.ind.Steuern abzügl.Subvent.
44253;Kostenstrukturerhebung im Baugewerbe;JAHR;Jahr;2011;DINSG;Deutschland insgesamt;DG;Deutschland;WZ08S6;WZ2008: Baugewerbe;WZ08-411;Erschließung von Grundstücken, Bauträger;1178,2;Mill. EUR;BWS002;Bruttowertschöpfung zu Marktpreisen
44253;Kostenstrukturerhebung im Baugewerbe;JAHR;Jahr;2011;DINSG;Deutschland insgesamt;DG;Deutschland;WZ08S6;WZ2008: Baugewerbe;WZ08-411;Erschließung von Grundstücken, Bauträger;2683,4;Mill. EUR;BPW001;Bruttoproduktionswert
44253;Kostenstrukturerhebung im Baugewerbe;JAHR;Jahr;2011;DINSG;Deutschland insgesamt;DG;Deutschland;WZ08S6;WZ2008: Baugewerbe;WZ08-411;Erschließung von Grundstücken, Bauträger;1088,4;Mill. EUR;NWS003;Nettowertschöpfung zu Faktorkosten
44253;Kostenstrukturerhebung im Baugewerbe;JAHR;Jahr;2011;DINSG;Deutschland insgesamt;DG;Deutschland;WZ08S6;WZ2008: Baugewerbe;WZ08-411;Erschließung von Grundstücken, Bauträger;1344,7;Mill. EUR;VBR004;Materialverbrauch, Einsatz an HW, Lohnarbeit
44253;Kostenstrukturerhebung im Baugewerbe;JAHR;Jahr;2011;DINSG;Deutschland insgesamt;DG;Deutschland;WZ08S6;WZ2008: Baugewerbe;WZ08-411;Erschließung von Grundstücken, Bauträger;1120,6;Mill. EUR;BWS003;Bruttowertschöpfung zu Faktorkosten
44253;Kostenstrukturerhebung im Baugewerbe;JAHR;Jahr;2011;DINSG;Deutschland insgesamt;DG;Deutschland;WZ08S6;WZ2008: Baugewerbe;WZ08-411;Erschließung von Grundstücken, Bauträger;57,7;Mill. EUR;STR029;Indirekte Steuern abzüglich Subventionen
44253;Kostenstrukturerhebung im Baugewerbe;JAHR;Jahr;2011;DINSG;Deutschland insgesamt;DG;Deutschland;WZ08S6;WZ2008: Baugewerbe;WZ08-411;Erschließung von Grundstücken, Bauträger;1338,7;Mill. EUR;NPW001;Nettoproduktionswert
44253;Kostenstrukturerhebung im Baugewerbe;JAHR;Jahr;2011;DINSG;Deutschland insgesamt;DG;Deutschland;WZ08S6;WZ2008: Baugewerbe;WZ08-411;Erschließung von Grundstücken, Bauträger;32,1;Mill. EUR;ABS002;Abschreibungen
44253;Kostenstrukturerhebung im Baugewerbe;JAHR;Jahr;2024;DINSG;Deutschland insgesamt;DG;Deutschland;WZ08S6;WZ2008: Baugewerbe;WZ08-4331;Anbringen v. Stuckaturen, Gipserei u. Verputzerei;161,7;Mill. EUR;KOS027;Sonst.Vorleist.u.sonst.ind.Steuern abzügl.Subvent.
44253;Kostenstrukturerhebung im Baugewerbe;JAHR;Jahr;2024;DINSG;Deutschland insgesamt;DG;Deutschland;WZ08S6;WZ2008: Baugewerbe;WZ08-4331;Anbringen v. Stuckaturen, Gipserei u. Verputzerei;966,5;Mill. EUR;BWS002;Bruttowertschöpfung zu Marktpreisen
44253;Kostenstrukturerhebung im Baugewerbe;JAHR;Jahr;2024;DINSG;Deutschland insgesamt;DG;Deutschland;WZ08S6;WZ2008: Baugewerbe;WZ08-4331;Anbringen v. Stuckaturen, Gipserei u. Verputzerei;1859,3;Mill. EUR;BPW001;Bruttoproduktionswert
44253;Kostenstrukturerhebung im Baugewerbe;JAHR;Jahr;2024;DINSG;Deutschland insgesamt;DG;Deutschland;WZ08S6;WZ2008: Baugewerbe;WZ08-4331;Anbringen v. Stuckaturen, Gipserei u. Verputzerei;742,5;Mill. EUR;NWS003;Nettowertschöpfung zu Faktorkosten
44253;Kostenstrukturerhebung im Baugewerbe;JAHR;Jahr;2024;DINSG;Deutschland insgesamt;DG;Deutschland;WZ08S6;WZ2008: Baugewerbe;WZ08-4331;Anbringen v. Stuckaturen, Gipserei u. Verputzerei;945,0;Mill. EUR;VBR004;Materialverbrauch, Einsatz an HW, Lohnarbeit
44253;Kostenstrukturerhebung im Baugewerbe;JAHR;Jahr;2024;DINSG;Deutschland insgesamt;DG;Deutschland;WZ08S6;WZ2008: Baugewerbe;WZ08-4331;Anbringen v. Stuckaturen, Gipserei u. Verputzerei;772,5;Mill. EUR;BWS003;Bruttowertschöpfung zu Faktorkosten
44253;Kostenstrukturerhebung im Baugewerbe;JAHR;Jahr;2024;DINSG;Deutschland insgesamt;DG;Deutschland;WZ08S6;WZ2008: Baugewerbe;WZ08-4331;Anbringen v. Stuckaturen, Gipserei u. Verputzerei;194,0;Mill. EUR;STR029;Indirekte Steuern abzüglich Subventionen
44253;Kostenstrukturerhebung im Baugewerbe;JAHR;Jahr;2024;DINSG;Deutschland insgesamt;DG;Deutschland;WZ08S6;WZ2008: Baugewerbe;WZ08-4331;Anbringen v. Stuckaturen, Gipserei u. Verputzerei;915,3;Mill. EUR;NPW001;Nettoproduktionswert
44253;Kostenstrukturerhebung im Baugewerbe;JAHR;Jahr;2024;DINSG;Deutschland insgesamt;DG;Deutschland;WZ08S6;WZ2008: Baugewerbe;WZ08-4331;Anbringen v. Stuckaturen, Gipserei u. Verputzerei;30,0;Mill. EUR;ABS002;Abschreibungen
44253;Kostenstrukturerhebung im Baugewerbe;JAHR;Jahr;2013;DINSG;Deutschland insgesamt;DG;Deutschland;WZ08S6;WZ2008: Baugewerbe;WZ08-432;Bauinstallation;2857,3;Mill. EUR;KOS027;Sonst.Vorleist.u.sonst.ind.Steuern abzügl.Subvent.
44253;Kostenstrukturerhebung im Baugewerbe;JAHR;Jahr;2013;DINSG;Deutschland insgesamt;DG;Deutschland;WZ08S6;WZ2008: Baugewerbe;WZ08-432;Bauinstallation;14787,8;Mill. EUR;BWS002;Bruttowertschöpfung zu Marktpreisen
44253;Kostenstrukturerhebung im Baugewerbe;JAHR;Jahr;2013;DINSG;Deutschland insgesamt;DG;Deutschland;WZ08S6;WZ2008: Baugewerbe;WZ08-432;Bauinstallation;32037,8;Mill. EUR;BPW001;Bruttoproduktionswert
44253;Kostenstrukturerhebung im Baugewerbe;JAHR;Jahr;2013;DINSG;Deutschland insgesamt;DG;Deutschland;WZ08S6;WZ2008: Baugewerbe;WZ08-432;Bauinstallation;12326,1;Mill. EUR;NWS003;Nettowertschöpfung zu Faktorkosten
44253;Kostenstrukturerhebung im Baugewerbe;JAHR;Jahr;2013;DINSG;Deutschland insgesamt;DG;Deutschland;WZ08S6;WZ2008: Baugewerbe;WZ08-432;Bauinstallation;16484,2;Mill. EUR;VBR004;Materialverbrauch, Einsatz an HW, Lohnarbeit
44253;Kostenstrukturerhebung im Baugewerbe;JAHR;Jahr;2013;DINSG;Deutschland insgesamt;DG;Deutschland;WZ08S6;WZ2008: Baugewerbe;WZ08-432;Bauinstallation;12696,2;Mill. EUR;BWS003;Bruttowertschöpfung zu Faktorkosten
44253;Kostenstrukturerhebung im Baugewerbe;JAHR;Jahr;2013;DINSG;Deutschland insgesamt;DG;Deutschland;WZ08S6;WZ2008: Baugewerbe;WZ08-432;Bauinstallation;2091,6;Mill. EUR;STR029;Indirekte Steuern abzüglich Subventionen
44253;Kostenstrukturerhebung im Baugewerbe;JAHR;Jahr;2013;DINSG;Deutschland insgesamt;DG;Deutschland;WZ08S6;WZ2008: Baugewerbe;WZ08-432;Bauinstallation;15553,5;Mill. EUR;NPW001;Nettoproduktionswert
44253;Kostenstrukturerhebung im Baugewerbe;JAHR;Jahr;2013;DINSG;Deutschland insgesamt;DG;Deutschland;WZ08S6;WZ2008: Baugewerbe;WZ08-432;Bauinstallation;370,1;Mill. EUR;ABS002;Abschreibungen
44253;Kostenstrukturerhebung im Baugewerbe;JAHR;Jahr;2013;DINSG;Deutschland insgesamt;DG;Deutschland;WZ08S6;WZ2008: Baugewerbe;WZ08-412-01;Bauhauptgewerbe;7416,7;Mill. EUR;KOS027;Sonst.Vorleist.u.sonst.ind.Steuern abzügl.Subvent.
44253;Kostenstrukturerhebung im Baugewerbe;JAHR;Jahr;2013;DINSG;Deutschland insgesamt;DG;Deutschland;WZ08S6;WZ2008: Baugewerbe;WZ08-412-01;Bauhauptgewerbe;26897,2;Mill. EUR;BWS002;Bruttowertschöpfung zu Marktpreisen
44253;Kostenstrukturerhebung im Baugewerbe;JAHR;Jahr;2013;DINSG;Deutschland insgesamt;DG;Deutschland;WZ08S6;WZ2008: Baugewerbe;WZ08-412-01;Bauhauptgewerbe;69542,1;Mill. EUR;BPW001;Bruttoproduktionswert
44253;Kostenstrukturerhebung im Baugewerbe;JAHR;Jahr;2013;DINSG;Deutschland insgesamt;DG;Deutschland;WZ08S6;WZ2008: Baugewerbe;WZ08-412-01;Bauhauptgewerbe;21327,3;Mill. EUR;NWS003;Nettowertschöpfung zu Faktorkosten
44253;Kostenstrukturerhebung im Baugewerbe;JAHR;Jahr;2013;DINSG;Deutschland insgesamt;DG;Deutschland;WZ08S6;WZ2008: Baugewerbe;WZ08-412-01;Bauhauptgewerbe;39329,3;Mill. EUR;VBR004;Materialverbrauch, Einsatz an HW, Lohnarbeit
44253;Kostenstrukturerhebung im Baugewerbe;JAHR;Jahr;2013;DINSG;Deutschland insgesamt;DG;Deutschland;WZ08S6;WZ2008: Baugewerbe;WZ08-412-01;Bauhauptgewerbe;22796,3;Mill. EUR;BWS003;Bruttowertschöpfung zu Faktorkosten
44253;Kostenstrukturerhebung im Baugewerbe;JAHR;Jahr;2013;DINSG;Deutschland insgesamt;DG;Deutschland;WZ08S6;WZ2008: Baugewerbe;WZ08-412-01;Bauhauptgewerbe;4101,0;Mill. EUR;STR029;Indirekte Steuern abzüglich Subventionen
44253;Kostenstrukturerhebung im Baugewerbe;JAHR;Jahr;2013;DINSG;Deutschland insgesamt;DG;Deutschland;WZ08S6;WZ2008: Baugewerbe;WZ08-412-01;Bauhauptgewerbe;30212,9;Mill. EUR;NPW001;Nettoproduktionswert
44253;Kostenstrukturerhebung im Baugewerbe;JAHR;Jahr;2013;DINSG;Deutschland insgesamt;DG;Deutschland;WZ08S6;WZ2008: Baugewerbe;WZ08-412-01;Bauhauptgewerbe;1469,1;Mill. EUR;ABS002;Abschreibungen
44253;Kostenstrukturerhebung im Baugewerbe;JAHR;Jahr;2014;DINSG;Deutschland insgesamt;DG;Deutschland;WZ08S6;WZ2008: Baugewerbe;WZ08-412-02;Bau von Gebäuden, Tiefbau;5804,7;Mill. EUR;KOS027;Sonst.Vorleist.u.sonst.ind.Steuern abzügl.Subvent.
44253;Kostenstrukturerhebung im Baugewerbe;JAHR;Jahr;2014;DINSG;Deutschland insgesamt;DG;Deutschland;WZ08S6;WZ2008: Baugewerbe;WZ08-412-02;Bau von Gebäuden, Tiefbau;21979,4;Mill. EUR;BWS002;Bruttowertschöpfung zu Marktpreisen
44253;Kostenstrukturerhebung im Baugewerbe;JAHR;Jahr;2014;DINSG;Deutschland insgesamt;DG;Deutschland;WZ08S6;WZ2008: Baugewerbe;WZ08-412-02;Bau von Gebäuden, Tiefbau;56047,4;Mill. EUR;BPW001;Bruttoproduktionswert
44253;Kostenstrukturerhebung im Baugewerbe;JAHR;Jahr;2014;DINSG;Deutschland insgesamt;DG;Deutschland;WZ08S6;WZ2008: Baugewerbe;WZ08-412-02;Bau von Gebäuden, Tiefbau;16653,2;Mill. EUR;NWS003;Nettowertschöpfung zu Faktorkosten
44253;Kostenstrukturerhebung im Baugewerbe;JAHR;Jahr;2014;DINSG;Deutschland insgesamt;DG;Deutschland;WZ08S6;WZ2008: Baugewerbe;WZ08-412-02;Bau von Gebäuden, Tiefbau;32534,0;Mill. EUR;VBR004;Materialverbrauch, Einsatz an HW, Lohnarbeit
44253;Kostenstrukturerhebung im Baugewerbe;JAHR;Jahr;2014;DINSG;Deutschland insgesamt;DG;Deutschland;WZ08S6;WZ2008: Baugewerbe;WZ08-412-02;Bau von Gebäuden, Tiefbau;17708,6;Mill. EUR;BWS003;Bruttowertschöpfung zu Faktorkosten
44253;Kostenstrukturerhebung im Baugewerbe;JAHR;Jahr;2014;DINSG;Deutschland insgesamt;DG;Deutschland;WZ08S6;WZ2008: Baugewerbe;WZ08-412-02;Bau von Gebäuden, Tiefbau;4270,9;Mill. EUR;STR029;Indirekte Steuern abzüglich Subventionen
44253;Kostenstrukturerhebung im Baugewerbe;JAHR;Jahr;2014;DINSG;Deutschland insgesamt;DG;Deutschland;WZ08S6;WZ2008: Baugewerbe;WZ08-412-02;Bau von Gebäuden, Tiefbau;23513,2;Mill. EUR;NPW001;Nettoproduktionswert
44253;Kostenstrukturerhebung im Baugewerbe;JAHR;Jahr;2014;DINSG;Deutschland insgesamt;DG;Deutschland;WZ08S6;WZ2008: Baugewerbe;WZ08-412-02;Bau von Gebäuden, Tiefbau;1055,3;Mill. EUR;ABS002;Abschreibungen
44253;Kostenstrukturerhebung im Baugewerbe;JAHR;Jahr;2016;DINSG;Deutschland insgesamt;DG;Deutschland;WZ08S6;WZ2008: Baugewerbe;WZ08-431;Abbrucharbeiten u. vorbereit. Baustellenarbeiten;410,3;Mill. EUR;KOS027;Sonst.Vorleist.u.sonst.ind.Steuern abzügl.Subvent.
44253;Kostenstrukturerhebung im Baugewerbe;JAHR;Jahr;2016;DINSG;Deutschland insgesamt;DG;Deutschland;WZ08S6;WZ2008: Baugewerbe;WZ08-431;Abbrucharbeiten u. vorbereit. Baustellenarbeiten;994,4;Mill. EUR;BWS002;Bruttowertschöpfung zu Marktpreisen
44253;Kostenstrukturerhebung im Baugewerbe;JAHR;Jahr;2016;DINSG;Deutschland insgesamt;DG;Deutschland;WZ08S6;WZ2008: Baugewerbe;WZ08-431;Abbrucharbeiten u. vorbereit. Baustellenarbeiten;2260,5;Mill. EUR;BPW001;Bruttoproduktionswert
44253;Kostenstrukturerhebung im Baugewerbe;JAHR;Jahr;2016;DINSG;Deutschland insgesamt;DG;Deutschland;WZ08S6;WZ2008: Baugewerbe;WZ08-431;Abbrucharbeiten u. vorbereit. Baustellenarbeiten;836,1;Mill. EUR;NWS003;Nettowertschöpfung zu Faktorkosten
44253;Kostenstrukturerhebung im Baugewerbe;JAHR;Jahr;2016;DINSG;Deutschland insgesamt;DG;Deutschland;WZ08S6;WZ2008: Baugewerbe;WZ08-431;Abbrucharbeiten u. vorbereit. Baustellenarbeiten;941,9;Mill. EUR;VBR004;Materialverbrauch, Einsatz an HW, Lohnarbeit
44253;Kostenstrukturerhebung im Baugewerbe;JAHR;Jahr;2016;DINSG;Deutschland insgesamt;DG;Deutschland;WZ08S6;WZ2008: Baugewerbe;WZ08-431;Abbrucharbeiten u. vorbereit. Baustellenarbeiten;908,3;Mill. EUR;BWS003;Bruttowertschöpfung zu Faktorkosten
44253;Kostenstrukturerhebung im Baugewerbe;JAHR;Jahr;2016;DINSG;Deutschland insgesamt;DG;Deutschland;WZ08S6;WZ2008: Baugewerbe;WZ08-431;Abbrucharbeiten u. vorbereit. Baustellenarbeiten;86,1;Mill. EUR;STR029;Indirekte Steuern abzüglich Subventionen
44253;Kostenstrukturerhebung im Baugewerbe;JAHR;Jahr;2016;DINSG;Deutschland insgesamt;DG;Deutschland;WZ08S6;WZ2008: Baugewerbe;WZ08-431;Abbrucharbeiten u. vorbereit. Baustellenarbeiten;1318,6;Mill. EUR;NPW001;Nettoproduktionswert
44253;Kostenstrukturerhebung im Baugewerbe;JAHR;Jahr;2016;DINSG;Deutschland insgesamt;DG;Deutschland;WZ08S6;WZ2008: Baugewerbe;WZ08-431;Abbrucharbeiten u. vorbereit. Baustellenarbeiten;72,2;Mill. EUR;ABS002;Abschreibungen
44253;Kostenstrukturerhebung im Baugewerbe;JAHR;Jahr;2022;DINSG;Deutschland insgesamt;DG;Deutschland;WZ08S6;WZ2008: Baugewerbe;WZ08-411;Erschließung von Grundstücken, Bauträger;529,1;Mill. EUR;KOS027;Sonst.Vorleist.u.sonst.ind.Steuern abzügl.Subvent.
44253;Kostenstrukturerhebung im Baugewerbe;JAHR;Jahr;2022;DINSG;Deutschland insgesamt;DG;Deutschland;WZ08S6;WZ2008: Baugewerbe;WZ08-411;Erschließung von Grundstücken, Bauträger;2144,9;Mill. EUR;BWS002;Bruttowertschöpfung zu Marktpreisen
44253;Kostenstrukturerhebung im Baugewerbe;JAHR;Jahr;2022;DINSG;Deutschland insgesamt;DG;Deutschland;WZ08S6;WZ2008: Baugewerbe;WZ08-411;Erschließung von Grundstücken, Bauträger;7853,2;Mill. EUR;BPW001;Bruttoproduktionswert
44253;Kostenstrukturerhebung im Baugewerbe;JAHR;Jahr;2022;DINSG;Deutschland insgesamt;DG;Deutschland;WZ08S6;WZ2008: Baugewerbe;WZ08-411;Erschließung von Grundstücken, Bauträger;1583,4;Mill. EUR;NWS003;Nettowertschöpfung zu Faktorkosten
44253;Kostenstrukturerhebung im Baugewerbe;JAHR;Jahr;2022;DINSG;Deutschland insgesamt;DG;Deutschland;WZ08S6;WZ2008: Baugewerbe;WZ08-411;Erschließung von Grundstücken, Bauträger;5765,5;Mill. EUR;VBR004;Materialverbrauch, Einsatz an HW, Lohnarbeit
44253;Kostenstrukturerhebung im Baugewerbe;JAHR;Jahr;2022;DINSG;Deutschland insgesamt;DG;Deutschland;WZ08S6;WZ2008: Baugewerbe;WZ08-411;Erschließung von Grundstücken, Bauträger;1656,8;Mill. EUR;BWS003;Bruttowertschöpfung zu Faktorkosten
44253;Kostenstrukturerhebung im Baugewerbe;JAHR;Jahr;2022;DINSG;Deutschland insgesamt;DG;Deutschland;WZ08S6;WZ2008: Baugewerbe;WZ08-411;Erschließung von Grundstücken, Bauträger;488,0;Mill. EUR;STR029;Indirekte Steuern abzüglich Subventionen
44253;Kostenstrukturerhebung im Baugewerbe;JAHR;Jahr;2022;DINSG;Deutschland insgesamt;DG;Deutschland;WZ08S6;WZ2008: Baugewerbe;WZ08-411;Erschließung von Grundstücken, Bauträger;2087,7;Mill. EUR;NPW001;Nettoproduktionswert
44253;Kostenstrukturerhebung im Baugewerbe;JAHR;Jahr;2022;DINSG;Deutschland insgesamt;DG;Deutschland;WZ08S6;WZ2008: Baugewerbe;WZ08-411;Erschließung von Grundstücken, Bauträger;73,4;Mill. EUR;ABS002;Abschreibungen
44253;Kostenstrukturerhebung im Baugewerbe;JAHR;Jahr;2015;DINSG;Deutschland insgesamt;DG;Deutschland;WZ08S6;WZ2008: Baugewerbe;WZ08-4213;Brücken- und Tunnelbau;109,1;Mill. EUR;KOS027;Sonst.Vorleist.u.sonst.ind.Steuern abzügl.Subvent.
44253;Kostenstrukturerhebung im Baugewerbe;JAHR;Jahr;2015;DINSG;Deutschland insgesamt;DG;Deutschland;WZ08S6;WZ2008: Baugewerbe;WZ08-4213;Brücken- und Tunnelbau;431,9;Mill. EUR;BWS002;Bruttowertschöpfung zu Marktpreisen
44253;Kostenstrukturerhebung im Baugewerbe;JAHR;Jahr;2015;DINSG;Deutschland insgesamt;DG;Deutschland;WZ08S6;WZ2008: Baugewerbe;WZ08-4213;Brücken- und Tunnelbau;1178,5;Mill. EUR;BPW001;Bruttoproduktionswert
44253;Kostenstrukturerhebung im Baugewerbe;JAHR;Jahr;2015;DINSG;Deutschland insgesamt;DG;Deutschland;WZ08S6;WZ2008: Baugewerbe;WZ08-4213;Brücken- und Tunnelbau;368,5;Mill. EUR;NWS003;Nettowertschöpfung zu Faktorkosten
44253;Kostenstrukturerhebung im Baugewerbe;JAHR;Jahr;2015;DINSG;Deutschland insgesamt;DG;Deutschland;WZ08S6;WZ2008: Baugewerbe;WZ08-4213;Brücken- und Tunnelbau;676,7;Mill. EUR;VBR004;Materialverbrauch, Einsatz an HW, Lohnarbeit
44253;Kostenstrukturerhebung im Baugewerbe;JAHR;Jahr;2015;DINSG;Deutschland insgesamt;DG;Deutschland;WZ08S6;WZ2008: Baugewerbe;WZ08-4213;Brücken- und Tunnelbau;392,7;Mill. EUR;BWS003;Bruttowertschöpfung zu Faktorkosten
44253;Kostenstrukturerhebung im Baugewerbe;JAHR;Jahr;2015;DINSG;Deutschland insgesamt;DG;Deutschland;WZ08S6;WZ2008: Baugewerbe;WZ08-4213;Brücken- und Tunnelbau;39,2;Mill. EUR;STR029;Indirekte Steuern abzüglich Subventionen
44253;Kostenstrukturerhebung im Baugewerbe;JAHR;Jahr;2015;DINSG;Deutschland insgesamt;DG;Deutschland;WZ08S6;WZ2008: Baugewerbe;WZ08-4213;Brücken- und Tunnelbau;501,8;Mill. EUR;NPW001;Nettoproduktionswert
44253;Kostenstrukturerhebung im Baugewerbe;JAHR;Jahr;2015;DINSG;Deutschland insgesamt;DG;Deutschland;WZ08S6;WZ2008: Baugewerbe;WZ08-4213;Brücken- und Tunnelbau;24,2;Mill. EUR;ABS002;Abschreibungen
44253;Kostenstrukturerhebung im Baugewerbe;JAHR;Jahr;2017;DINSG;Deutschland insgesamt;DG;Deutschland;WZ08S6;WZ2008: Baugewerbe;WZ08-4399;Sonstige spezialisierte Bautätigkeiten a.n.g.;1288,5;Mill. EUR;KOS027;Sonst.Vorleist.u.sonst.ind.Steuern abzügl.Subvent.
44253;Kostenstrukturerhebung im Baugewerbe;JAHR;Jahr;2017;DINSG;Deutschland insgesamt;DG;Deutschland;WZ08S6;WZ2008: Baugewerbe;WZ08-4399;Sonstige spezialisierte Bautätigkeiten a.n.g.;4994,5;Mill. EUR;BWS002;Bruttowertschöpfung zu Marktpreisen
44253;Kostenstrukturerhebung im Baugewerbe;JAHR;Jahr;2017;DINSG;Deutschland insgesamt;DG;Deutschland;WZ08S6;WZ2008: Baugewerbe;WZ08-4399;Sonstige spezialisierte Bautätigkeiten a.n.g.;9808,2;Mill. EUR;BPW001;Bruttoproduktionswert
44253;Kostenstrukturerhebung im Baugewerbe;JAHR;Jahr;2017;DINSG;Deutschland insgesamt;DG;Deutschland;WZ08S6;WZ2008: Baugewerbe;WZ08-4399;Sonstige spezialisierte Bautätigkeiten a.n.g.;3921,9;Mill. EUR;NWS003;Nettowertschöpfung zu Faktorkosten
44253;Kostenstrukturerhebung im Baugewerbe;JAHR;Jahr;2017;DINSG;Deutschland insgesamt;DG;Deutschland;WZ08S6;WZ2008: Baugewerbe;WZ08-4399;Sonstige spezialisierte Bautätigkeiten a.n.g.;4325,9;Mill. EUR;VBR004;Materialverbrauch, Einsatz an HW, Lohnarbeit
44253;Kostenstrukturerhebung im Baugewerbe;JAHR;Jahr;2017;DINSG;Deutschland insgesamt;DG;Deutschland;WZ08S6;WZ2008: Baugewerbe;WZ08-4399;Sonstige spezialisierte Bautätigkeiten a.n.g.;4193,7;Mill. EUR;BWS003;Bruttowertschöpfung zu Faktorkosten
44253;Kostenstrukturerhebung im Baugewerbe;JAHR;Jahr;2017;DINSG;Deutschland insgesamt;DG;Deutschland;WZ08S6;WZ2008: Baugewerbe;WZ08-4399;Sonstige spezialisierte Bautätigkeiten a.n.g.;800,7;Mill. EUR;STR029;Indirekte Steuern abzüglich Subventionen
44253;Kostenstrukturerhebung im Baugewerbe;JAHR;Jahr;2017;DINSG;Deutschland insgesamt;DG;Deutschland;WZ08S6;WZ2008: Baugewerbe;WZ08-4399;Sonstige spezialisierte Bautätigkeiten a.n.g.;5482,3;Mill. EUR;NPW001;Nettoproduktionswert
44253;Kostenstrukturerhebung im Baugewerbe;JAHR;Jahr;2017;DINSG;Deutschland insgesamt;DG;Deutschland;WZ08S6;WZ2008: Baugewerbe;WZ08-4399;Sonstige spezialisierte Bautätigkeiten a.n.g.;271,8;Mill. EUR;ABS002;Abschreibungen
44253;Kostenstrukturerhebung im Baugewerbe;JAHR;Jahr;2012;DINSG;Deutschland insgesamt;DG;Deutschland;WZ08S6;WZ2008: Baugewerbe;WZ08-432-01;Ausbaugewerbe;3592,5;Mill. EUR;KOS027;Sonst.Vorleist.u.sonst.ind.Steuern abzügl.Subvent.
44253;Kostenstrukturerhebung im Baugewerbe;JAHR;Jahr;2012;DINSG;Deutschland insgesamt;DG;Deutschland;WZ08S6;WZ2008: Baugewerbe;WZ08-432-01;Ausbaugewerbe;18217,9;Mill. EUR;BWS002;Bruttowertschöpfung zu Marktpreisen
44253;Kostenstrukturerhebung im Baugewerbe;JAHR;Jahr;2012;DINSG;Deutschland insgesamt;DG;Deutschland;WZ08S6;WZ2008: Baugewerbe;WZ08-432-01;Ausbaugewerbe;39695,9;Mill. EUR;BPW001;Bruttoproduktionswert
44253;Kostenstrukturerhebung im Baugewerbe;JAHR;Jahr;2012;DINSG;Deutschland insgesamt;DG;Deutschland;WZ08S6;WZ2008: Baugewerbe;WZ08-432-01;Ausbaugewerbe;15175,8;Mill. EUR;NWS003;Nettowertschöpfung zu Faktorkosten
44253;Kostenstrukturerhebung im Baugewerbe;JAHR;Jahr;2012;DINSG;Deutschland insgesamt;DG;Deutschland;WZ08S6;WZ2008: Baugewerbe;WZ08-432-01;Ausbaugewerbe;20443,3;Mill. EUR;VBR004;Materialverbrauch, Einsatz an HW, Lohnarbeit
44253;Kostenstrukturerhebung im Baugewerbe;JAHR;Jahr;2012;DINSG;Deutschland insgesamt;DG;Deutschland;WZ08S6;WZ2008: Baugewerbe;WZ08-432-01;Ausbaugewerbe;15660,1;Mill. EUR;BWS003;Bruttowertschöpfung zu Faktorkosten
44253;Kostenstrukturerhebung im Baugewerbe;JAHR;Jahr;2012;DINSG;Deutschland insgesamt;DG;Deutschland;WZ08S6;WZ2008: Baugewerbe;WZ08-432-01;Ausbaugewerbe;2557,9;Mill. EUR;STR029;Indirekte Steuern abzüglich Subventionen
44253;Kostenstrukturerhebung im Baugewerbe;JAHR;Jahr;2012;DINSG;Deutschland insgesamt;DG;Deutschland;WZ08S6;WZ2008: Baugewerbe;WZ08-432-01;Ausbaugewerbe;19252,6;Mill. EUR;NPW001;Nettoproduktionswert
44253;Kostenstrukturerhebung im Baugewerbe;JAHR;Jahr;2012;DINSG;Deutschland insgesamt;DG;Deutschland;WZ08S6;WZ2008: Baugewerbe;WZ08-432-01;Ausbaugewerbe;484,3;Mill. EUR;ABS002;Abschreibungen
44253;Kostenstrukturerhebung im Baugewerbe;JAHR;Jahr;2013;DINSG;Deutschland insgesamt;DG;Deutschland;WZ08S6;WZ2008: Baugewerbe;WZ08-4331;Anbringen v. Stuckaturen, Gipserei u. Verputzerei;85,3;Mill. EUR;KOS027;Sonst.Vorleist.u.sonst.ind.Steuern abzügl.Subvent.
44253;Kostenstrukturerhebung im Baugewerbe;JAHR;Jahr;2013;DINSG;Deutschland insgesamt;DG;Deutschland;WZ08S6;WZ2008: Baugewerbe;WZ08-4331;Anbringen v. Stuckaturen, Gipserei u. Verputzerei;474,1;Mill. EUR;BWS002;Bruttowertschöpfung zu Marktpreisen
44253;Kostenstrukturerhebung im Baugewerbe;JAHR;Jahr;2013;DINSG;Deutschland insgesamt;DG;Deutschland;WZ08S6;WZ2008: Baugewerbe;WZ08-4331;Anbringen v. Stuckaturen, Gipserei u. Verputzerei;1032,6;Mill. EUR;BPW001;Bruttoproduktionswert
44253;Kostenstrukturerhebung im Baugewerbe;JAHR;Jahr;2013;DINSG;Deutschland insgesamt;DG;Deutschland;WZ08S6;WZ2008: Baugewerbe;WZ08-4331;Anbringen v. Stuckaturen, Gipserei u. Verputzerei;385,5;Mill. EUR;NWS003;Nettowertschöpfung zu Faktorkosten
44253;Kostenstrukturerhebung im Baugewerbe;JAHR;Jahr;2013;DINSG;Deutschland insgesamt;DG;Deutschland;WZ08S6;WZ2008: Baugewerbe;WZ08-4331;Anbringen v. Stuckaturen, Gipserei u. Verputzerei;549,8;Mill. EUR;VBR004;Materialverbrauch, Einsatz an HW, Lohnarbeit
44253;Kostenstrukturerhebung im Baugewerbe;JAHR;Jahr;2013;DINSG;Deutschland insgesamt;DG;Deutschland;WZ08S6;WZ2008: Baugewerbe;WZ08-4331;Anbringen v. Stuckaturen, Gipserei u. Verputzerei;397,6;Mill. EUR;BWS003;Bruttowertschöpfung zu Faktorkosten
44253;Kostenstrukturerhebung im Baugewerbe;JAHR;Jahr;2013;DINSG;Deutschland insgesamt;DG;Deutschland;WZ08S6;WZ2008: Baugewerbe;WZ08-4331;Anbringen v. Stuckaturen, Gipserei u. Verputzerei;76,5;Mill. EUR;STR029;Indirekte Steuern abzüglich Subventionen
44253;Kostenstrukturerhebung im Baugewerbe;JAHR;Jahr;2013;DINSG;Deutschland insgesamt;DG;Deutschland;WZ08S6;WZ2008: Baugewerbe;WZ08-4331;Anbringen v. Stuckaturen, Gipserei u. Verputzerei;482,9;Mill. EUR;NPW001;Nettoproduktionswert
44253;Kostenstrukturerhebung im Baugewerbe;JAHR;Jahr;2013;DINSG;Deutschland insgesamt;DG;Deutschland;WZ08S6;WZ2008: Baugewerbe;WZ08-4331;Anbringen v. Stuckaturen, Gipserei u. Verputzerei;12,1;Mill. EUR;ABS002;Abschreibungen
44253;Kostenstrukturerhebung im Baugewerbe;JAHR;Jahr;2014;DINSG;Deutschland insgesamt;DG;Deutschland;WZ08S6;WZ2008: Baugewerbe;WZ08-F;Baugewerbe;11902,9;Mill. EUR;KOS027;Sonst.Vorleist.u.sonst.ind.Steuern abzügl.Subvent.
44253;Kostenstrukturerhebung im Baugewerbe;JAHR;Jahr;2014;DINSG;Deutschland insgesamt;DG;Deutschland;WZ08S6;WZ2008: Baugewerbe;WZ08-F;Baugewerbe;49607,5;Mill. EUR;BWS002;Bruttowertschöpfung zu Marktpreisen
44253;Kostenstrukturerhebung im Baugewerbe;JAHR;Jahr;2014;DINSG;Deutschland insgesamt;DG;Deutschland;WZ08S6;WZ2008: Baugewerbe;WZ08-F;Baugewerbe;116151,1;Mill. EUR;BPW001;Bruttoproduktionswert
44253;Kostenstrukturerhebung im Baugewerbe;JAHR;Jahr;2014;DINSG;Deutschland insgesamt;DG;Deutschland;WZ08S6;WZ2008: Baugewerbe;WZ08-F;Baugewerbe;39101,3;Mill. EUR;NWS003;Nettowertschöpfung zu Faktorkosten
44253;Kostenstrukturerhebung im Baugewerbe;JAHR;Jahr;2014;DINSG;Deutschland insgesamt;DG;Deutschland;WZ08S6;WZ2008: Baugewerbe;WZ08-F;Baugewerbe;63162,4;Mill. EUR;VBR004;Materialverbrauch, Einsatz an HW, Lohnarbeit
44253;Kostenstrukturerhebung im Baugewerbe;JAHR;Jahr;2014;DINSG;Deutschland insgesamt;DG;Deutschland;WZ08S6;WZ2008: Baugewerbe;WZ08-F;Baugewerbe;41085,7;Mill. EUR;BWS003;Bruttowertschöpfung zu Faktorkosten
44253;Kostenstrukturerhebung im Baugewerbe;JAHR;Jahr;2014;DINSG;Deutschland insgesamt;DG;Deutschland;WZ08S6;WZ2008: Baugewerbe;WZ08-F;Baugewerbe;8521,8;Mill. EUR;STR029;Indirekte Steuern abzüglich Subventionen
44253;Kostenstrukturerhebung im Baugewerbe;JAHR;Jahr;2014;DINSG;Deutschland insgesamt;DG;Deutschland;WZ08S6;WZ2008: Baugewerbe;WZ08-F;Baugewerbe;52988,6;Mill. EUR;NPW001;Nettoproduktionswert
44253;Kostenstrukturerhebung im Baugewerbe;JAHR;Jahr;2014;DINSG;Deutschland insgesamt;DG;Deutschland;WZ08S6;WZ2008: Baugewerbe;WZ08-F;Baugewerbe;1984,4;Mill. EUR;ABS002;Abschreibungen
44253;Kostenstrukturerhebung im Baugewerbe;JAHR;Jahr;2009;DINSG;Deutschland insgesamt;DG;Deutschland;WZ08S6;WZ2008: Baugewerbe;WZ08-412-01;Bauhauptgewerbe;6192,8;Mill. EUR;KOS027;Sonst.Vorleist.u.sonst.ind.Steuern abzügl.Subvent.
44253;Kostenstrukturerhebung im Baugewerbe;JAHR;Jahr;2009;DINSG;Deutschland insgesamt;DG;Deutschland;WZ08S6;WZ2008: Baugewerbe;WZ08-412-01;Bauhauptgewerbe;23158,4;Mill. EUR;BWS002;Bruttowertschöpfung zu Marktpreisen
44253;Kostenstrukturerhebung im Baugewerbe;JAHR;Jahr;2009;DINSG;Deutschland insgesamt;DG;Deutschland;WZ08S6;WZ2008: Baugewerbe;WZ08-412-01;Bauhauptgewerbe;59486,0;Mill. EUR;BPW001;Bruttoproduktionswert
44253;Kostenstrukturerhebung im Baugewerbe;JAHR;Jahr;2009;DINSG;Deutschland insgesamt;DG;Deutschland;WZ08S6;WZ2008: Baugewerbe;WZ08-412-01;Bauhauptgewerbe;18407,4;Mill. EUR;NWS003;Nettowertschöpfung zu Faktorkosten
44253;Kostenstrukturerhebung im Baugewerbe;JAHR;Jahr;2009;DINSG;Deutschland insgesamt;DG;Deutschland;WZ08S6;WZ2008: Baugewerbe;WZ08-412-01;Bauhauptgewerbe;33683,9;Mill. EUR;VBR004;Materialverbrauch, Einsatz an HW, Lohnarbeit
44253;Kostenstrukturerhebung im Baugewerbe;JAHR;Jahr;2009;DINSG;Deutschland insgesamt;DG;Deutschland;WZ08S6;WZ2008: Baugewerbe;WZ08-412-01;Bauhauptgewerbe;19609,2;Mill. EUR;BWS003;Bruttowertschöpfung zu Faktorkosten
44253;Kostenstrukturerhebung im Baugewerbe;JAHR;Jahr;2009;DINSG;Deutschland insgesamt;DG;Deutschland;WZ08S6;WZ2008: Baugewerbe;WZ08-412-01;Bauhauptgewerbe;3549,4;Mill. EUR;STR029;Indirekte Steuern abzüglich Subventionen
44253;Kostenstrukturerhebung im Baugewerbe;JAHR;Jahr;2009;DINSG;Deutschland insgesamt;DG;Deutschland;WZ08S6;WZ2008: Baugewerbe;WZ08-412-01;Bauhauptgewerbe;25802,1;Mill. EUR;NPW001;Nettoproduktionswert
44253;Kostenstrukturerhebung im Baugewerbe;JAHR;Jahr;2009;DINSG;Deutschland insgesamt;DG;Deutschland;WZ08S6;WZ2008: Baugewerbe;WZ08-412-01;Bauhauptgewerbe;1201,7;Mill. EUR;ABS002;Abschreibungen
44253;Kostenstrukturerhebung im Baugewerbe;JAHR;Jahr;2017;DINSG;Deutschland insgesamt;DG;Deutschland;WZ08S6;WZ2008: Baugewerbe;WZ08-4211;Bau von Straßen;1790,8;Mill. EUR;KOS027;Sonst.Vorleist.u.sonst.ind.Steuern abzügl.Subvent.
44253;Kostenstrukturerhebung im Baugewerbe;JAHR;Jahr;2017;DINSG;Deutschland insgesamt;DG;Deutschland;WZ08S6;WZ2008: Baugewerbe;WZ08-4211;Bau von Straßen;5555,4;Mill. EUR;BWS002;Bruttowertschöpfung zu Marktpreisen
44253;Kostenstrukturerhebung im Baugewerbe;JAHR;Jahr;2017;DINSG;Deutschland insgesamt;DG;Deutschland;WZ08S6;WZ2008: Baugewerbe;WZ08-4211;Bau von Straßen;14011,6;Mill. EUR;BPW001;Bruttoproduktionswert
44253;Kostenstrukturerhebung im Baugewerbe;JAHR;Jahr;2017;DINSG;Deutschland insgesamt;DG;Deutschland;WZ08S6;WZ2008: Baugewerbe;WZ08-4211;Bau von Straßen;4325,4;Mill. EUR;NWS003;Nettowertschöpfung zu Faktorkosten
44253;Kostenstrukturerhebung im Baugewerbe;JAHR;Jahr;2017;DINSG;Deutschland insgesamt;DG;Deutschland;WZ08S6;WZ2008: Baugewerbe;WZ08-4211;Bau von Straßen;7529,4;Mill. EUR;VBR004;Materialverbrauch, Einsatz an HW, Lohnarbeit
44253;Kostenstrukturerhebung im Baugewerbe;JAHR;Jahr;2017;DINSG;Deutschland insgesamt;DG;Deutschland;WZ08S6;WZ2008: Baugewerbe;WZ08-4211;Bau von Straßen;4691,3;Mill. EUR;BWS003;Bruttowertschöpfung zu Faktorkosten
44253;Kostenstrukturerhebung im Baugewerbe;JAHR;Jahr;2017;DINSG;Deutschland insgesamt;DG;Deutschland;WZ08S6;WZ2008: Baugewerbe;WZ08-4211;Bau von Straßen;864,1;Mill. EUR;STR029;Indirekte Steuern abzüglich Subventionen
44253;Kostenstrukturerhebung im Baugewerbe;JAHR;Jahr;2017;DINSG;Deutschland insgesamt;DG;Deutschland;WZ08S6;WZ2008: Baugewerbe;WZ08-4211;Bau von Straßen;6482,1;Mill. EUR;NPW001;Nettoproduktionswert
44253;Kostenstrukturerhebung im Baugewerbe;JAHR;Jahr;2017;DINSG;Deutschland insgesamt;DG;Deutschland;WZ08S6;WZ2008: Baugewerbe;WZ08-4211;Bau von Straßen;365,9;Mill. EUR;ABS002;Abschreibungen
44253;Kostenstrukturerhebung im Baugewerbe;JAHR;Jahr;2024;DINSG;Deutschland insgesamt;DG;Deutschland;WZ08S6;WZ2008: Baugewerbe;WZ08-412-01;Bauhauptgewerbe;15290,8;Mill. EUR;KOS027;Sonst.Vorleist.u.sonst.ind.Steuern abzügl.Subvent.
44253;Kostenstrukturerhebung im Baugewerbe;JAHR;Jahr;2024;DINSG;Deutschland insgesamt;DG;Deutschland;WZ08S6;WZ2008: Baugewerbe;WZ08-412-01;Bauhauptgewerbe;57232,3;Mill. EUR;BWS002;Bruttowertschöpfung zu Marktpreisen
44253;Kostenstrukturerhebung im Baugewerbe;JAHR;Jahr;2024;DINSG;Deutschland insgesamt;DG;Deutschland;WZ08S6;WZ2008: Baugewerbe;WZ08-412-01;Bauhauptgewerbe;128961,2;Mill. EUR;BPW001;Bruttoproduktionswert
44253;Kostenstrukturerhebung im Baugewerbe;JAHR;Jahr;2024;DINSG;Deutschland insgesamt;DG;Deutschland;WZ08S6;WZ2008: Baugewerbe;WZ08-412-01;Bauhauptgewerbe;44313,8;Mill. EUR;NWS003;Nettowertschöpfung zu Faktorkosten
44253;Kostenstrukturerhebung im Baugewerbe;JAHR;Jahr;2024;DINSG;Deutschland insgesamt;DG;Deutschland;WZ08S6;WZ2008: Baugewerbe;WZ08-412-01;Bauhauptgewerbe;67906,2;Mill. EUR;VBR004;Materialverbrauch, Einsatz an HW, Lohnarbeit
44253;Kostenstrukturerhebung im Baugewerbe;JAHR;Jahr;2024;DINSG;Deutschland insgesamt;DG;Deutschland;WZ08S6;WZ2008: Baugewerbe;WZ08-412-01;Bauhauptgewerbe;47317,9;Mill. EUR;BWS003;Bruttowertschöpfung zu Faktorkosten
44253;Kostenstrukturerhebung im Baugewerbe;JAHR;Jahr;2024;DINSG;Deutschland insgesamt;DG;Deutschland;WZ08S6;WZ2008: Baugewerbe;WZ08-412-01;Bauhauptgewerbe;9914,4;Mill. EUR;STR029;Indirekte Steuern abzüglich Subventionen
44253;Kostenstrukturerhebung im Baugewerbe;JAHR;Jahr;2024;DINSG;Deutschland insgesamt;DG;Deutschland;WZ08S6;WZ2008: Baugewerbe;WZ08-412-01;Bauhauptgewerbe;61334,7;Mill. EUR;NPW001;Nettoproduktionswert
44253;Kostenstrukturerhebung im Baugewerbe;JAHR;Jahr;2024;DINSG;Deutschland insgesamt;DG;Deutschland;WZ08S6;WZ2008: Baugewerbe;WZ08-412-01;Bauhauptgewerbe;3004,1;Mill. EUR;ABS002;Abschreibungen
44253;Kostenstrukturerhebung im Baugewerbe;JAHR;Jahr;2023;DINSG;Deutschland insgesamt;DG;Deutschland;WZ08S6;WZ2008: Baugewerbe;WZ08-432;Bauinstallation;5496,8;Mill. EUR;KOS027;Sonst.Vorleist.u.sonst.ind.Steuern abzügl.Subvent.
44253;Kostenstrukturerhebung im Baugewerbe;JAHR;Jahr;2023;DINSG;Deutschland insgesamt;DG;Deutschland;WZ08S6;WZ2008: Baugewerbe;WZ08-432;Bauinstallation;32972,2;Mill. EUR;BWS002;Bruttowertschöpfung zu Marktpreisen
44253;Kostenstrukturerhebung im Baugewerbe;JAHR;Jahr;2023;DINSG;Deutschland insgesamt;DG;Deutschland;WZ08S6;WZ2008: Baugewerbe;WZ08-432;Bauinstallation;62820,3;Mill. EUR;BPW001;Bruttoproduktionswert
44253;Kostenstrukturerhebung im Baugewerbe;JAHR;Jahr;2023;DINSG;Deutschland insgesamt;DG;Deutschland;WZ08S6;WZ2008: Baugewerbe;WZ08-432;Bauinstallation;26877,9;Mill. EUR;NWS003;Nettowertschöpfung zu Faktorkosten
44253;Kostenstrukturerhebung im Baugewerbe;JAHR;Jahr;2023;DINSG;Deutschland insgesamt;DG;Deutschland;WZ08S6;WZ2008: Baugewerbe;WZ08-432;Bauinstallation;30486,7;Mill. EUR;VBR004;Materialverbrauch, Einsatz an HW, Lohnarbeit
44253;Kostenstrukturerhebung im Baugewerbe;JAHR;Jahr;2023;DINSG;Deutschland insgesamt;DG;Deutschland;WZ08S6;WZ2008: Baugewerbe;WZ08-432;Bauinstallation;27550,9;Mill. EUR;BWS003;Bruttowertschöpfung zu Faktorkosten
44253;Kostenstrukturerhebung im Baugewerbe;JAHR;Jahr;2023;DINSG;Deutschland insgesamt;DG;Deutschland;WZ08S6;WZ2008: Baugewerbe;WZ08-432;Bauinstallation;5421,3;Mill. EUR;STR029;Indirekte Steuern abzüglich Subventionen
44253;Kostenstrukturerhebung im Baugewerbe;JAHR;Jahr;2023;DINSG;Deutschland insgesamt;DG;Deutschland;WZ08S6;WZ2008: Baugewerbe;WZ08-432;Bauinstallation;32333,6;Mill. EUR;NPW001;Nettoproduktionswert
44253;Kostenstrukturerhebung im Baugewerbe;JAHR;Jahr;2023;DINSG;Deutschland insgesamt;DG;Deutschland;WZ08S6;WZ2008: Baugewerbe;WZ08-432;Bauinstallation;673,0;Mill. EUR;ABS002;Abschreibungen
44253;Kostenstrukturerhebung im Baugewerbe;JAHR;Jahr;2008;DINSG;Deutschland insgesamt;DG;Deutschland;WZ08S6;WZ2008: Baugewerbe;WZ08-4331;Anbringen v. Stuckaturen, Gipserei u. Verputzerei;67,6;Mill. EUR;KOS027;Sonst.Vorleist.u.sonst.ind.Steuern abzügl.Subvent.
44253;Kostenstrukturerhebung im Baugewerbe;JAHR;Jahr;2008;DINSG;Deutschland insgesamt;DG;Deutschland;WZ08S6;WZ2008: Baugewerbe;WZ08-4331;Anbringen v. Stuckaturen, Gipserei u. Verputzerei;404,0;Mill. EUR;BWS002;Bruttowertschöpfung zu Marktpreisen
44253;Kostenstrukturerhebung im Baugewerbe;JAHR;Jahr;2008;DINSG;Deutschland insgesamt;DG;Deutschland;WZ08S6;WZ2008: Baugewerbe;WZ08-4331;Anbringen v. Stuckaturen, Gipserei u. Verputzerei;814,9;Mill. EUR;BPW001;Bruttoproduktionswert
44253;Kostenstrukturerhebung im Baugewerbe;JAHR;Jahr;2008;DINSG;Deutschland insgesamt;DG;Deutschland;WZ08S6;WZ2008: Baugewerbe;WZ08-4331;Anbringen v. Stuckaturen, Gipserei u. Verputzerei;327,2;Mill. EUR;NWS003;Nettowertschöpfung zu Faktorkosten
44253;Kostenstrukturerhebung im Baugewerbe;JAHR;Jahr;2008;DINSG;Deutschland insgesamt;DG;Deutschland;WZ08S6;WZ2008: Baugewerbe;WZ08-4331;Anbringen v. Stuckaturen, Gipserei u. Verputzerei;409,8;Mill. EUR;VBR004;Materialverbrauch, Einsatz an HW, Lohnarbeit
44253;Kostenstrukturerhebung im Baugewerbe;JAHR;Jahr;2008;DINSG;Deutschland insgesamt;DG;Deutschland;WZ08S6;WZ2008: Baugewerbe;WZ08-4331;Anbringen v. Stuckaturen, Gipserei u. Verputzerei;337,5;Mill. EUR;BWS003;Bruttowertschöpfung zu Faktorkosten
44253;Kostenstrukturerhebung im Baugewerbe;JAHR;Jahr;2008;DINSG;Deutschland insgesamt;DG;Deutschland;WZ08S6;WZ2008: Baugewerbe;WZ08-4331;Anbringen v. Stuckaturen, Gipserei u. Verputzerei;66,5;Mill. EUR;STR029;Indirekte Steuern abzüglich Subventionen
44253;Kostenstrukturerhebung im Baugewerbe;JAHR;Jahr;2008;DINSG;Deutschland insgesamt;DG;Deutschland;WZ08S6;WZ2008: Baugewerbe;WZ08-4331;Anbringen v. Stuckaturen, Gipserei u. Verputzerei;405,1;Mill. EUR;NPW001;Nettoproduktionswert
44253;Kostenstrukturerhebung im Baugewerbe;JAHR;Jahr;2008;DINSG;Deutschland insgesamt;DG;Deutschland;WZ08S6;WZ2008: Baugewerbe;WZ08-4331;Anbringen v. Stuckaturen, Gipserei u. Verputzerei;10,3;Mill. EUR;ABS002;Abschreibungen
44253;Kostenstrukturerhebung im Baugewerbe;JAHR;Jahr;2020;DINSG;Deutschland insgesamt;DG;Deutschland;WZ08S6;WZ2008: Baugewerbe;WZ08-431;Abbrucharbeiten u. vorbereit. Baustellenarbeiten;598,5;Mill. EUR;KOS027;Sonst.Vorleist.u.sonst.ind.Steuern abzügl.Subvent.
44253;Kostenstrukturerhebung im Baugewerbe;JAHR;Jahr;2020;DINSG;Deutschland insgesamt;DG;Deutschland;WZ08S6;WZ2008: Baugewerbe;WZ08-431;Abbrucharbeiten u. vorbereit. Baustellenarbeiten;1618,6;Mill. EUR;BWS002;Bruttowertschöpfung zu Marktpreisen
44253;Kostenstrukturerhebung im Baugewerbe;JAHR;Jahr;2020;DINSG;Deutschland insgesamt;DG;Deutschland;WZ08S6;WZ2008: Baugewerbe;WZ08-431;Abbrucharbeiten u. vorbereit. Baustellenarbeiten;3328,8;Mill. EUR;BPW001;Bruttoproduktionswert
44253;Kostenstrukturerhebung im Baugewerbe;JAHR;Jahr;2020;DINSG;Deutschland insgesamt;DG;Deutschland;WZ08S6;WZ2008: Baugewerbe;WZ08-431;Abbrucharbeiten u. vorbereit. Baustellenarbeiten;1281,9;Mill. EUR;NWS003;Nettowertschöpfung zu Faktorkosten
44253;Kostenstrukturerhebung im Baugewerbe;JAHR;Jahr;2020;DINSG;Deutschland insgesamt;DG;Deutschland;WZ08S6;WZ2008: Baugewerbe;WZ08-431;Abbrucharbeiten u. vorbereit. Baustellenarbeiten;1331,4;Mill. EUR;VBR004;Materialverbrauch, Einsatz an HW, Lohnarbeit
44253;Kostenstrukturerhebung im Baugewerbe;JAHR;Jahr;2020;DINSG;Deutschland insgesamt;DG;Deutschland;WZ08S6;WZ2008: Baugewerbe;WZ08-431;Abbrucharbeiten u. vorbereit. Baustellenarbeiten;1398,9;Mill. EUR;BWS003;Bruttowertschöpfung zu Faktorkosten
44253;Kostenstrukturerhebung im Baugewerbe;JAHR;Jahr;2020;DINSG;Deutschland insgesamt;DG;Deutschland;WZ08S6;WZ2008: Baugewerbe;WZ08-431;Abbrucharbeiten u. vorbereit. Baustellenarbeiten;219,7;Mill. EUR;STR029;Indirekte Steuern abzüglich Subventionen
44253;Kostenstrukturerhebung im Baugewerbe;JAHR;Jahr;2020;DINSG;Deutschland insgesamt;DG;Deutschland;WZ08S6;WZ2008: Baugewerbe;WZ08-431;Abbrucharbeiten u. vorbereit. Baustellenarbeiten;1997,4;Mill. EUR;NPW001;Nettoproduktionswert
44253;Kostenstrukturerhebung im Baugewerbe;JAHR;Jahr;2020;DINSG;Deutschland insgesamt;DG;Deutschland;WZ08S6;WZ2008: Baugewerbe;WZ08-431;Abbrucharbeiten u. vorbereit. Baustellenarbeiten;117,0;Mill. EUR;ABS002;Abschreibungen
44253;Kostenstrukturerhebung im Baugewerbe;JAHR;Jahr;2008;DINSG;Deutschland insgesamt;DG;Deutschland;WZ08S6;WZ2008: Baugewerbe;WZ08-432;Bauinstallation;2327,2;Mill. EUR;KOS027;Sonst.Vorleist.u.sonst.ind.Steuern abzügl.Subvent.
44253;Kostenstrukturerhebung im Baugewerbe;JAHR;Jahr;2008;DINSG;Deutschland insgesamt;DG;Deutschland;WZ08S6;WZ2008: Baugewerbe;WZ08-432;Bauinstallation;12270,0;Mill. EUR;BWS002;Bruttowertschöpfung zu Marktpreisen
44253;Kostenstrukturerhebung im Baugewerbe;JAHR;Jahr;2008;DINSG;Deutschland insgesamt;DG;Deutschland;WZ08S6;WZ2008: Baugewerbe;WZ08-432;Bauinstallation;25958,9;Mill. EUR;BPW001;Bruttoproduktionswert
44253;Kostenstrukturerhebung im Baugewerbe;JAHR;Jahr;2008;DINSG;Deutschland insgesamt;DG;Deutschland;WZ08S6;WZ2008: Baugewerbe;WZ08-432;Bauinstallation;10395,3;Mill. EUR;NWS003;Nettowertschöpfung zu Faktorkosten
44253;Kostenstrukturerhebung im Baugewerbe;JAHR;Jahr;2008;DINSG;Deutschland insgesamt;DG;Deutschland;WZ08S6;WZ2008: Baugewerbe;WZ08-432;Bauinstallation;12976,2;Mill. EUR;VBR004;Materialverbrauch, Einsatz an HW, Lohnarbeit
44253;Kostenstrukturerhebung im Baugewerbe;JAHR;Jahr;2008;DINSG;Deutschland insgesamt;DG;Deutschland;WZ08S6;WZ2008: Baugewerbe;WZ08-432;Bauinstallation;10655,5;Mill. EUR;BWS003;Bruttowertschöpfung zu Faktorkosten
44253;Kostenstrukturerhebung im Baugewerbe;JAHR;Jahr;2008;DINSG;Deutschland insgesamt;DG;Deutschland;WZ08S6;WZ2008: Baugewerbe;WZ08-432;Bauinstallation;1614,5;Mill. EUR;STR029;Indirekte Steuern abzüglich Subventionen
44253;Kostenstrukturerhebung im Baugewerbe;JAHR;Jahr;2008;DINSG;Deutschland insgesamt;DG;Deutschland;WZ08S6;WZ2008: Baugewerbe;WZ08-432;Bauinstallation;12982,7;Mill. EUR;NPW001;Nettoproduktionswert
44253;Kostenstrukturerhebung im Baugewerbe;JAHR;Jahr;2008;DINSG;Deutschland insgesamt;DG;Deutschland;WZ08S6;WZ2008: Baugewerbe;WZ08-432;Bauinstallation;260,2;Mill. EUR;ABS002;Abschreibungen
44253;Kostenstrukturerhebung im Baugewerbe;JAHR;Jahr;2021;DINSG;Deutschland insgesamt;DG;Deutschland;WZ08S6;WZ2008: Baugewerbe;WZ08-4399;Sonstige spezialisierte Bautätigkeiten a.n.g.;1679,8;Mill. EUR;KOS027;Sonst.Vorleist.u.sonst.ind.Steuern abzügl.Subvent.
44253;Kostenstrukturerhebung im Baugewerbe;JAHR;Jahr;2021;DINSG;Deutschland insgesamt;DG;Deutschland;WZ08S6;WZ2008: Baugewerbe;WZ08-4399;Sonstige spezialisierte Bautätigkeiten a.n.g.;6416,6;Mill. EUR;BWS002;Bruttowertschöpfung zu Marktpreisen
44253;Kostenstrukturerhebung im Baugewerbe;JAHR;Jahr;2021;DINSG;Deutschland insgesamt;DG;Deutschland;WZ08S6;WZ2008: Baugewerbe;WZ08-4399;Sonstige spezialisierte Bautätigkeiten a.n.g.;12442,6;Mill. EUR;BPW001;Bruttoproduktionswert
44253;Kostenstrukturerhebung im Baugewerbe;JAHR;Jahr;2021;DINSG;Deutschland insgesamt;DG;Deutschland;WZ08S6;WZ2008: Baugewerbe;WZ08-4399;Sonstige spezialisierte Bautätigkeiten a.n.g.;4981,5;Mill. EUR;NWS003;Nettowertschöpfung zu Faktorkosten
44253;Kostenstrukturerhebung im Baugewerbe;JAHR;Jahr;2021;DINSG;Deutschland insgesamt;DG;Deutschland;WZ08S6;WZ2008: Baugewerbe;WZ08-4399;Sonstige spezialisierte Bautätigkeiten a.n.g.;5503,1;Mill. EUR;VBR004;Materialverbrauch, Einsatz an HW, Lohnarbeit
44253;Kostenstrukturerhebung im Baugewerbe;JAHR;Jahr;2021;DINSG;Deutschland insgesamt;DG;Deutschland;WZ08S6;WZ2008: Baugewerbe;WZ08-4399;Sonstige spezialisierte Bautätigkeiten a.n.g.;5398,7;Mill. EUR;BWS003;Bruttowertschöpfung zu Faktorkosten
44253;Kostenstrukturerhebung im Baugewerbe;JAHR;Jahr;2021;DINSG;Deutschland insgesamt;DG;Deutschland;WZ08S6;WZ2008: Baugewerbe;WZ08-4399;Sonstige spezialisierte Bautätigkeiten a.n.g.;1017,9;Mill. EUR;STR029;Indirekte Steuern abzüglich Subventionen
44253;Kostenstrukturerhebung im Baugewerbe;JAHR;Jahr;2021;DINSG;Deutschland insgesamt;DG;Deutschland;WZ08S6;WZ2008: Baugewerbe;WZ08-4399;Sonstige spezialisierte Bautätigkeiten a.n.g.;6939,5;Mill. EUR;NPW001;Nettoproduktionswert
44253;Kostenstrukturerhebung im Baugewerbe;JAHR;Jahr;2021;DINSG;Deutschland insgesamt;DG;Deutschland;WZ08S6;WZ2008: Baugewerbe;WZ08-4399;Sonstige spezialisierte Bautätigkeiten a.n.g.;417,3;Mill. EUR;ABS002;Abschreibungen
44253;Kostenstrukturerhebung im Baugewerbe;JAHR;Jahr;2012;DINSG;Deutschland insgesamt;DG;Deutschland;WZ08S6;WZ2008: Baugewerbe;WZ08-411;Erschließung von Grundstücken, Bauträger;214,5;Mill. EUR;KOS027;Sonst.Vorleist.u.sonst.ind.Steuern abzügl.Subvent.
44253;Kostenstrukturerhebung im Baugewerbe;JAHR;Jahr;2012;DINSG;Deutschland insgesamt;DG;Deutschland;WZ08S6;WZ2008: Baugewerbe;WZ08-411;Erschließung von Grundstücken, Bauträger;1174,5;Mill. EUR;BWS002;Bruttowertschöpfung zu Marktpreisen
44253;Kostenstrukturerhebung im Baugewerbe;JAHR;Jahr;2012;DINSG;Deutschland insgesamt;DG;Deutschland;WZ08S6;WZ2008: Baugewerbe;WZ08-411;Erschließung von Grundstücken, Bauträger;3159,1;Mill. EUR;BPW001;Bruttoproduktionswert
44253;Kostenstrukturerhebung im Baugewerbe;JAHR;Jahr;2012;DINSG;Deutschland insgesamt;DG;Deutschland;WZ08S6;WZ2008: Baugewerbe;WZ08-411;Erschließung von Grundstücken, Bauträger;1061,9;Mill. EUR;NWS003;Nettowertschöpfung zu Faktorkosten
44253;Kostenstrukturerhebung im Baugewerbe;JAHR;Jahr;2012;DINSG;Deutschland insgesamt;DG;Deutschland;WZ08S6;WZ2008: Baugewerbe;WZ08-411;Erschließung von Grundstücken, Bauträger;1851,9;Mill. EUR;VBR004;Materialverbrauch, Einsatz an HW, Lohnarbeit
44253;Kostenstrukturerhebung im Baugewerbe;JAHR;Jahr;2012;DINSG;Deutschland insgesamt;DG;Deutschland;WZ08S6;WZ2008: Baugewerbe;WZ08-411;Erschließung von Grundstücken, Bauträger;1092,8;Mill. EUR;BWS003;Bruttowertschöpfung zu Faktorkosten
44253;Kostenstrukturerhebung im Baugewerbe;JAHR;Jahr;2012;DINSG;Deutschland insgesamt;DG;Deutschland;WZ08S6;WZ2008: Baugewerbe;WZ08-411;Erschließung von Grundstücken, Bauträger;81,7;Mill. EUR;STR029;Indirekte Steuern abzüglich Subventionen
44253;Kostenstrukturerhebung im Baugewerbe;JAHR;Jahr;2012;DINSG;Deutschland insgesamt;DG;Deutschland;WZ08S6;WZ2008: Baugewerbe;WZ08-411;Erschließung von Grundstücken, Bauträger;1307,3;Mill. EUR;NPW001;Nettoproduktionswert
44253;Kostenstrukturerhebung im Baugewerbe;JAHR;Jahr;2012;DINSG;Deutschland insgesamt;DG;Deutschland;WZ08S6;WZ2008: Baugewerbe;WZ08-411;Erschließung von Grundstücken, Bauträger;30,9;Mill. EUR;ABS002;Abschreibungen
44253;Kostenstrukturerhebung im Baugewerbe;JAHR;Jahr;2013;DINSG;Deutschland insgesamt;DG;Deutschland;WZ08S6;WZ2008: Baugewerbe;WZ08-4391;Dachdeckerei und Zimmerei;366,4;Mill. EUR;KOS027;Sonst.Vorleist.u.sonst.ind.Steuern abzügl.Subvent.
44253;Kostenstrukturerhebung im Baugewerbe;JAHR;Jahr;2013;DINSG;Deutschland insgesamt;DG;Deutschland;WZ08S6;WZ2008: Baugewerbe;WZ08-4391;Dachdeckerei und Zimmerei;1959,4;Mill. EUR;BWS002;Bruttowertschöpfung zu Marktpreisen
44253;Kostenstrukturerhebung im Baugewerbe;JAHR;Jahr;2013;DINSG;Deutschland insgesamt;DG;Deutschland;WZ08S6;WZ2008: Baugewerbe;WZ08-4391;Dachdeckerei und Zimmerei;4425,0;Mill. EUR;BPW001;Bruttoproduktionswert
44253;Kostenstrukturerhebung im Baugewerbe;JAHR;Jahr;2013;DINSG;Deutschland insgesamt;DG;Deutschland;WZ08S6;WZ2008: Baugewerbe;WZ08-4391;Dachdeckerei und Zimmerei;1623,6;Mill. EUR;NWS003;Nettowertschöpfung zu Faktorkosten
44253;Kostenstrukturerhebung im Baugewerbe;JAHR;Jahr;2013;DINSG;Deutschland insgesamt;DG;Deutschland;WZ08S6;WZ2008: Baugewerbe;WZ08-4391;Dachdeckerei und Zimmerei;2379,8;Mill. EUR;VBR004;Materialverbrauch, Einsatz an HW, Lohnarbeit
44253;Kostenstrukturerhebung im Baugewerbe;JAHR;Jahr;2013;DINSG;Deutschland insgesamt;DG;Deutschland;WZ08S6;WZ2008: Baugewerbe;WZ08-4391;Dachdeckerei und Zimmerei;1678,9;Mill. EUR;BWS003;Bruttowertschöpfung zu Faktorkosten
44253;Kostenstrukturerhebung im Baugewerbe;JAHR;Jahr;2013;DINSG;Deutschland insgesamt;DG;Deutschland;WZ08S6;WZ2008: Baugewerbe;WZ08-4391;Dachdeckerei und Zimmerei;280,5;Mill. EUR;STR029;Indirekte Steuern abzüglich Subventionen
44253;Kostenstrukturerhebung im Baugewerbe;JAHR;Jahr;2013;DINSG;Deutschland insgesamt;DG;Deutschland;WZ08S6;WZ2008: Baugewerbe;WZ08-4391;Dachdeckerei und Zimmerei;2045,3;Mill. EUR;NPW001;Nettoproduktionswert
44253;Kostenstrukturerhebung im Baugewerbe;JAHR;Jahr;2013;DINSG;Deutschland insgesamt;DG;Deutschland;WZ08S6;WZ2008: Baugewerbe;WZ08-4391;Dachdeckerei und Zimmerei;55,2;Mill. EUR;ABS002;Abschreibungen
44253;Kostenstrukturerhebung im Baugewerbe;JAHR;Jahr;2023;DINSG;Deutschland insgesamt;DG;Deutschland;WZ08S6;WZ2008: Baugewerbe;WZ08-4331;Anbringen v. Stuckaturen, Gipserei u. Verputzerei;151,0;Mill. EUR;KOS027;Sonst.Vorleist.u.sonst.ind.Steuern abzügl.Subvent.
44253;Kostenstrukturerhebung im Baugewerbe;JAHR;Jahr;2023;DINSG;Deutschland insgesamt;DG;Deutschland;WZ08S6;WZ2008: Baugewerbe;WZ08-4331;Anbringen v. Stuckaturen, Gipserei u. Verputzerei;942,9;Mill. EUR;BWS002;Bruttowertschöpfung zu Marktpreisen
44253;Kostenstrukturerhebung im Baugewerbe;JAHR;Jahr;2023;DINSG;Deutschland insgesamt;DG;Deutschland;WZ08S6;WZ2008: Baugewerbe;WZ08-4331;Anbringen v. Stuckaturen, Gipserei u. Verputzerei;1911,9;Mill. EUR;BPW001;Bruttoproduktionswert
44253;Kostenstrukturerhebung im Baugewerbe;JAHR;Jahr;2023;DINSG;Deutschland insgesamt;DG;Deutschland;WZ08S6;WZ2008: Baugewerbe;WZ08-4331;Anbringen v. Stuckaturen, Gipserei u. Verputzerei;747,9;Mill. EUR;NWS003;Nettowertschöpfung zu Faktorkosten
44253;Kostenstrukturerhebung im Baugewerbe;JAHR;Jahr;2023;DINSG;Deutschland insgesamt;DG;Deutschland;WZ08S6;WZ2008: Baugewerbe;WZ08-4331;Anbringen v. Stuckaturen, Gipserei u. Verputzerei;1011,7;Mill. EUR;VBR004;Materialverbrauch, Einsatz an HW, Lohnarbeit
44253;Kostenstrukturerhebung im Baugewerbe;JAHR;Jahr;2023;DINSG;Deutschland insgesamt;DG;Deutschland;WZ08S6;WZ2008: Baugewerbe;WZ08-4331;Anbringen v. Stuckaturen, Gipserei u. Verputzerei;770,5;Mill. EUR;BWS003;Bruttowertschöpfung zu Faktorkosten
44253;Kostenstrukturerhebung im Baugewerbe;JAHR;Jahr;2023;DINSG;Deutschland insgesamt;DG;Deutschland;WZ08S6;WZ2008: Baugewerbe;WZ08-4331;Anbringen v. Stuckaturen, Gipserei u. Verputzerei;172,5;Mill. EUR;STR029;Indirekte Steuern abzüglich Subventionen
44253;Kostenstrukturerhebung im Baugewerbe;JAHR;Jahr;2023;DINSG;Deutschland insgesamt;DG;Deutschland;WZ08S6;WZ2008: Baugewerbe;WZ08-4331;Anbringen v. Stuckaturen, Gipserei u. Verputzerei;900,2;Mill. EUR;NPW001;Nettoproduktionswert
44253;Kostenstrukturerhebung im Baugewerbe;JAHR;Jahr;2023;DINSG;Deutschland insgesamt;DG;Deutschland;WZ08S6;WZ2008: Baugewerbe;WZ08-4331;Anbringen v. Stuckaturen, Gipserei u. Verputzerei;22,6;Mill. EUR;ABS002;Abschreibungen
44253;Kostenstrukturerhebung im Baugewerbe;JAHR;Jahr;2009;DINSG;Deutschland insgesamt;DG;Deutschland;WZ08S6;WZ2008: Baugewerbe;WZ08-4391;Dachdeckerei und Zimmerei;272,3;Mill. EUR;KOS027;Sonst.Vorleist.u.sonst.ind.Steuern abzügl.Subvent.
44253;Kostenstrukturerhebung im Baugewerbe;JAHR;Jahr;2009;DINSG;Deutschland insgesamt;DG;Deutschland;WZ08S6;WZ2008: Baugewerbe;WZ08-4391;Dachdeckerei und Zimmerei;1381,7;Mill. EUR;BWS002;Bruttowertschöpfung zu Marktpreisen
44253;Kostenstrukturerhebung im Baugewerbe;JAHR;Jahr;2009;DINSG;Deutschland insgesamt;DG;Deutschland;WZ08S6;WZ2008: Baugewerbe;WZ08-4391;Dachdeckerei und Zimmerei;3210,7;Mill. EUR;BPW001;Bruttoproduktionswert
44253;Kostenstrukturerhebung im Baugewerbe;JAHR;Jahr;2009;DINSG;Deutschland insgesamt;DG;Deutschland;WZ08S6;WZ2008: Baugewerbe;WZ08-4391;Dachdeckerei und Zimmerei;1143,2;Mill. EUR;NWS003;Nettowertschöpfung zu Faktorkosten
44253;Kostenstrukturerhebung im Baugewerbe;JAHR;Jahr;2009;DINSG;Deutschland insgesamt;DG;Deutschland;WZ08S6;WZ2008: Baugewerbe;WZ08-4391;Dachdeckerei und Zimmerei;1751,9;Mill. EUR;VBR004;Materialverbrauch, Einsatz an HW, Lohnarbeit
44253;Kostenstrukturerhebung im Baugewerbe;JAHR;Jahr;2009;DINSG;Deutschland insgesamt;DG;Deutschland;WZ08S6;WZ2008: Baugewerbe;WZ08-4391;Dachdeckerei und Zimmerei;1186,5;Mill. EUR;BWS003;Bruttowertschöpfung zu Faktorkosten
44253;Kostenstrukturerhebung im Baugewerbe;JAHR;Jahr;2009;DINSG;Deutschland insgesamt;DG;Deutschland;WZ08S6;WZ2008: Baugewerbe;WZ08-4391;Dachdeckerei und Zimmerei;195,2;Mill. EUR;STR029;Indirekte Steuern abzüglich Subventionen
44253;Kostenstrukturerhebung im Baugewerbe;JAHR;Jahr;2009;DINSG;Deutschland insgesamt;DG;Deutschland;WZ08S6;WZ2008: Baugewerbe;WZ08-4391;Dachdeckerei und Zimmerei;1458,8;Mill. EUR;NPW001;Nettoproduktionswert
44253;Kostenstrukturerhebung im Baugewerbe;JAHR;Jahr;2009;DINSG;Deutschland insgesamt;DG;Deutschland;WZ08S6;WZ2008: Baugewerbe;WZ08-4391;Dachdeckerei und Zimmerei;43,3;Mill. EUR;ABS002;Abschreibungen
44253;Kostenstrukturerhebung im Baugewerbe;JAHR;Jahr;2008;DINSG;Deutschland insgesamt;DG;Deutschland;WZ08S6;WZ2008: Baugewerbe;WZ08-411;Erschließung von Grundstücken, Bauträger;110,7;Mill. EUR;KOS027;Sonst.Vorleist.u.sonst.ind.Steuern abzügl.Subvent.
44253;Kostenstrukturerhebung im Baugewerbe;JAHR;Jahr;2008;DINSG;Deutschland insgesamt;DG;Deutschland;WZ08S6;WZ2008: Baugewerbe;WZ08-411;Erschließung von Grundstücken, Bauträger;547,6;Mill. EUR;BWS002;Bruttowertschöpfung zu Marktpreisen
44253;Kostenstrukturerhebung im Baugewerbe;JAHR;Jahr;2008;DINSG;Deutschland insgesamt;DG;Deutschland;WZ08S6;WZ2008: Baugewerbe;WZ08-411;Erschließung von Grundstücken, Bauträger;1458,6;Mill. EUR;BPW001;Bruttoproduktionswert
44253;Kostenstrukturerhebung im Baugewerbe;JAHR;Jahr;2008;DINSG;Deutschland insgesamt;DG;Deutschland;WZ08S6;WZ2008: Baugewerbe;WZ08-411;Erschließung von Grundstücken, Bauträger;510,8;Mill. EUR;NWS003;Nettowertschöpfung zu Faktorkosten
44253;Kostenstrukturerhebung im Baugewerbe;JAHR;Jahr;2008;DINSG;Deutschland insgesamt;DG;Deutschland;WZ08S6;WZ2008: Baugewerbe;WZ08-411;Erschließung von Grundstücken, Bauträger;814,9;Mill. EUR;VBR004;Materialverbrauch, Einsatz an HW, Lohnarbeit
44253;Kostenstrukturerhebung im Baugewerbe;JAHR;Jahr;2008;DINSG;Deutschland insgesamt;DG;Deutschland;WZ08S6;WZ2008: Baugewerbe;WZ08-411;Erschließung von Grundstücken, Bauträger;533,0;Mill. EUR;BWS003;Bruttowertschöpfung zu Faktorkosten
44253;Kostenstrukturerhebung im Baugewerbe;JAHR;Jahr;2008;DINSG;Deutschland insgesamt;DG;Deutschland;WZ08S6;WZ2008: Baugewerbe;WZ08-411;Erschließung von Grundstücken, Bauträger;14,6;Mill. EUR;STR029;Indirekte Steuern abzüglich Subventionen
44253;Kostenstrukturerhebung im Baugewerbe;JAHR;Jahr;2008;DINSG;Deutschland insgesamt;DG;Deutschland;WZ08S6;WZ2008: Baugewerbe;WZ08-411;Erschließung von Grundstücken, Bauträger;643,7;Mill. EUR;NPW001;Nettoproduktionswert
44253;Kostenstrukturerhebung im Baugewerbe;JAHR;Jahr;2008;DINSG;Deutschland insgesamt;DG;Deutschland;WZ08S6;WZ2008: Baugewerbe;WZ08-411;Erschließung von Grundstücken, Bauträger;22,2;Mill. EUR;ABS002;Abschreibungen
44253;Kostenstrukturerhebung im Baugewerbe;JAHR;Jahr;2012;DINSG;Deutschland insgesamt;DG;Deutschland;WZ08S6;WZ2008: Baugewerbe;WZ08-412-01;Bauhauptgewerbe;6958,5;Mill. EUR;KOS027;Sonst.Vorleist.u.sonst.ind.Steuern abzügl.Subvent.
44253;Kostenstrukturerhebung im Baugewerbe;JAHR;Jahr;2012;DINSG;Deutschland insgesamt;DG;Deutschland;WZ08S6;WZ2008: Baugewerbe;WZ08-412-01;Bauhauptgewerbe;25922,7;Mill. EUR;BWS002;Bruttowertschöpfung zu Marktpreisen
44253;Kostenstrukturerhebung im Baugewerbe;JAHR;Jahr;2012;DINSG;Deutschland insgesamt;DG;Deutschland;WZ08S6;WZ2008: Baugewerbe;WZ08-412-01;Bauhauptgewerbe;66934,8;Mill. EUR;BPW001;Bruttoproduktionswert
44253;Kostenstrukturerhebung im Baugewerbe;JAHR;Jahr;2012;DINSG;Deutschland insgesamt;DG;Deutschland;WZ08S6;WZ2008: Baugewerbe;WZ08-412-01;Bauhauptgewerbe;20616,1;Mill. EUR;NWS003;Nettowertschöpfung zu Faktorkosten
44253;Kostenstrukturerhebung im Baugewerbe;JAHR;Jahr;2012;DINSG;Deutschland insgesamt;DG;Deutschland;WZ08S6;WZ2008: Baugewerbe;WZ08-412-01;Bauhauptgewerbe;37975,1;Mill. EUR;VBR004;Materialverbrauch, Einsatz an HW, Lohnarbeit
44253;Kostenstrukturerhebung im Baugewerbe;JAHR;Jahr;2012;DINSG;Deutschland insgesamt;DG;Deutschland;WZ08S6;WZ2008: Baugewerbe;WZ08-412-01;Bauhauptgewerbe;22001,2;Mill. EUR;BWS003;Bruttowertschöpfung zu Faktorkosten
44253;Kostenstrukturerhebung im Baugewerbe;JAHR;Jahr;2012;DINSG;Deutschland insgesamt;DG;Deutschland;WZ08S6;WZ2008: Baugewerbe;WZ08-412-01;Bauhauptgewerbe;3921,5;Mill. EUR;STR029;Indirekte Steuern abzüglich Subventionen
44253;Kostenstrukturerhebung im Baugewerbe;JAHR;Jahr;2012;DINSG;Deutschland insgesamt;DG;Deutschland;WZ08S6;WZ2008: Baugewerbe;WZ08-412-01;Bauhauptgewerbe;28959,6;Mill. EUR;NPW001;Nettoproduktionswert
44253;Kostenstrukturerhebung im Baugewerbe;JAHR;Jahr;2012;DINSG;Deutschland insgesamt;DG;Deutschland;WZ08S6;WZ2008: Baugewerbe;WZ08-412-01;Bauhauptgewerbe;1385,1;Mill. EUR;ABS002;Abschreibungen
44253;Kostenstrukturerhebung im Baugewerbe;JAHR;Jahr;2012;DINSG;Deutschland insgesamt;DG;Deutschland;WZ08S6;WZ2008: Baugewerbe;WZ08-432;Bauinstallation;2726,5;Mill. EUR;KOS027;Sonst.Vorleist.u.sonst.ind.Steuern abzügl.Subvent.
44253;Kostenstrukturerhebung im Baugewerbe;JAHR;Jahr;2012;DINSG;Deutschland insgesamt;DG;Deutschland;WZ08S6;WZ2008: Baugewerbe;WZ08-432;Bauinstallation;14081,8;Mill. EUR;BWS002;Bruttowertschöpfung zu Marktpreisen
44253;Kostenstrukturerhebung im Baugewerbe;JAHR;Jahr;2012;DINSG;Deutschland insgesamt;DG;Deutschland;WZ08S6;WZ2008: Baugewerbe;WZ08-432;Bauinstallation;31226,9;Mill. EUR;BPW001;Bruttoproduktionswert
44253;Kostenstrukturerhebung im Baugewerbe;JAHR;Jahr;2012;DINSG;Deutschland insgesamt;DG;Deutschland;WZ08S6;WZ2008: Baugewerbe;WZ08-432;Bauinstallation;11796,2;Mill. EUR;NWS003;Nettowertschöpfung zu Faktorkosten
44253;Kostenstrukturerhebung im Baugewerbe;JAHR;Jahr;2012;DINSG;Deutschland insgesamt;DG;Deutschland;WZ08S6;WZ2008: Baugewerbe;WZ08-432;Bauinstallation;16354,3;Mill. EUR;VBR004;Materialverbrauch, Einsatz an HW, Lohnarbeit
44253;Kostenstrukturerhebung im Baugewerbe;JAHR;Jahr;2012;DINSG;Deutschland insgesamt;DG;Deutschland;WZ08S6;WZ2008: Baugewerbe;WZ08-432;Bauinstallation;12146,1;Mill. EUR;BWS003;Bruttowertschöpfung zu Faktorkosten
44253;Kostenstrukturerhebung im Baugewerbe;JAHR;Jahr;2012;DINSG;Deutschland insgesamt;DG;Deutschland;WZ08S6;WZ2008: Baugewerbe;WZ08-432;Bauinstallation;1935,7;Mill. EUR;STR029;Indirekte Steuern abzüglich Subventionen
44253;Kostenstrukturerhebung im Baugewerbe;JAHR;Jahr;2012;DINSG;Deutschland insgesamt;DG;Deutschland;WZ08S6;WZ2008: Baugewerbe;WZ08-432;Bauinstallation;14872,6;Mill. EUR;NPW001;Nettoproduktionswert
44253;Kostenstrukturerhebung im Baugewerbe;JAHR;Jahr;2012;DINSG;Deutschland insgesamt;DG;Deutschland;WZ08S6;WZ2008: Baugewerbe;WZ08-432;Bauinstallation;349,9;Mill. EUR;ABS002;Abschreibungen
44253;Kostenstrukturerhebung im Baugewerbe;JAHR;Jahr;2020;DINSG;Deutschland insgesamt;DG;Deutschland;WZ08S6;WZ2008: Baugewerbe;WZ08-4211;Bau von Straßen;1994,9;Mill. EUR;KOS027;Sonst.Vorleist.u.sonst.ind.Steuern abzügl.Subvent.
44253;Kostenstrukturerhebung im Baugewerbe;JAHR;Jahr;2020;DINSG;Deutschland insgesamt;DG;Deutschland;WZ08S6;WZ2008: Baugewerbe;WZ08-4211;Bau von Straßen;7777,5;Mill. EUR;BWS002;Bruttowertschöpfung zu Marktpreisen
44253;Kostenstrukturerhebung im Baugewerbe;JAHR;Jahr;2020;DINSG;Deutschland insgesamt;DG;Deutschland;WZ08S6;WZ2008: Baugewerbe;WZ08-4211;Bau von Straßen;16413,5;Mill. EUR;BPW001;Bruttoproduktionswert
44253;Kostenstrukturerhebung im Baugewerbe;JAHR;Jahr;2020;DINSG;Deutschland insgesamt;DG;Deutschland;WZ08S6;WZ2008: Baugewerbe;WZ08-4211;Bau von Straßen;5974,7;Mill. EUR;NWS003;Nettowertschöpfung zu Faktorkosten
44253;Kostenstrukturerhebung im Baugewerbe;JAHR;Jahr;2020;DINSG;Deutschland insgesamt;DG;Deutschland;WZ08S6;WZ2008: Baugewerbe;WZ08-4211;Bau von Straßen;7955,7;Mill. EUR;VBR004;Materialverbrauch, Einsatz an HW, Lohnarbeit
44253;Kostenstrukturerhebung im Baugewerbe;JAHR;Jahr;2020;DINSG;Deutschland insgesamt;DG;Deutschland;WZ08S6;WZ2008: Baugewerbe;WZ08-4211;Bau von Straßen;6462,8;Mill. EUR;BWS003;Bruttowertschöpfung zu Faktorkosten
44253;Kostenstrukturerhebung im Baugewerbe;JAHR;Jahr;2020;DINSG;Deutschland insgesamt;DG;Deutschland;WZ08S6;WZ2008: Baugewerbe;WZ08-4211;Bau von Straßen;1314,7;Mill. EUR;STR029;Indirekte Steuern abzüglich Subventionen
44253;Kostenstrukturerhebung im Baugewerbe;JAHR;Jahr;2020;DINSG;Deutschland insgesamt;DG;Deutschland;WZ08S6;WZ2008: Baugewerbe;WZ08-4211;Bau von Straßen;8457,8;Mill. EUR;NPW001;Nettoproduktionswert
44253;Kostenstrukturerhebung im Baugewerbe;JAHR;Jahr;2020;DINSG;Deutschland insgesamt;DG;Deutschland;WZ08S6;WZ2008: Baugewerbe;WZ08-4211;Bau von Straßen;488,2;Mill. EUR;ABS002;Abschreibungen
44253;Kostenstrukturerhebung im Baugewerbe;JAHR;Jahr;2017;DINSG;Deutschland insgesamt;DG;Deutschland;WZ08S6;WZ2008: Baugewerbe;WZ08-431;Abbrucharbeiten u. vorbereit. Baustellenarbeiten;440,7;Mill. EUR;KOS027;Sonst.Vorleist.u.sonst.ind.Steuern abzügl.Subvent.
44253;Kostenstrukturerhebung im Baugewerbe;JAHR;Jahr;2017;DINSG;Deutschland insgesamt;DG;Deutschland;WZ08S6;WZ2008: Baugewerbe;WZ08-431;Abbrucharbeiten u. vorbereit. Baustellenarbeiten;1209,7;Mill. EUR;BWS002;Bruttowertschöpfung zu Marktpreisen
44253;Kostenstrukturerhebung im Baugewerbe;JAHR;Jahr;2017;DINSG;Deutschland insgesamt;DG;Deutschland;WZ08S6;WZ2008: Baugewerbe;WZ08-431;Abbrucharbeiten u. vorbereit. Baustellenarbeiten;2588,1;Mill. EUR;BPW001;Bruttoproduktionswert
44253;Kostenstrukturerhebung im Baugewerbe;JAHR;Jahr;2017;DINSG;Deutschland insgesamt;DG;Deutschland;WZ08S6;WZ2008: Baugewerbe;WZ08-431;Abbrucharbeiten u. vorbereit. Baustellenarbeiten;1037,6;Mill. EUR;NWS003;Nettowertschöpfung zu Faktorkosten
44253;Kostenstrukturerhebung im Baugewerbe;JAHR;Jahr;2017;DINSG;Deutschland insgesamt;DG;Deutschland;WZ08S6;WZ2008: Baugewerbe;WZ08-431;Abbrucharbeiten u. vorbereit. Baustellenarbeiten;1024,3;Mill. EUR;VBR004;Materialverbrauch, Einsatz an HW, Lohnarbeit
44253;Kostenstrukturerhebung im Baugewerbe;JAHR;Jahr;2017;DINSG;Deutschland insgesamt;DG;Deutschland;WZ08S6;WZ2008: Baugewerbe;WZ08-431;Abbrucharbeiten u. vorbereit. Baustellenarbeiten;1123,1;Mill. EUR;BWS003;Bruttowertschöpfung zu Faktorkosten
44253;Kostenstrukturerhebung im Baugewerbe;JAHR;Jahr;2017;DINSG;Deutschland insgesamt;DG;Deutschland;WZ08S6;WZ2008: Baugewerbe;WZ08-431;Abbrucharbeiten u. vorbereit. Baustellenarbeiten;86,5;Mill. EUR;STR029;Indirekte Steuern abzüglich Subventionen
44253;Kostenstrukturerhebung im Baugewerbe;JAHR;Jahr;2017;DINSG;Deutschland insgesamt;DG;Deutschland;WZ08S6;WZ2008: Baugewerbe;WZ08-431;Abbrucharbeiten u. vorbereit. Baustellenarbeiten;1563,8;Mill. EUR;NPW001;Nettoproduktionswert
44253;Kostenstrukturerhebung im Baugewerbe;JAHR;Jahr;2017;DINSG;Deutschland insgesamt;DG;Deutschland;WZ08S6;WZ2008: Baugewerbe;WZ08-431;Abbrucharbeiten u. vorbereit. Baustellenarbeiten;85,5;Mill. EUR;ABS002;Abschreibungen
44253;Kostenstrukturerhebung im Baugewerbe;JAHR;Jahr;2023;DINSG;Deutschland insgesamt;DG;Deutschland;WZ08S6;WZ2008: Baugewerbe;WZ08-411;Erschließung von Grundstücken, Bauträger;509,0;Mill. EUR;KOS027;Sonst.Vorleist.u.sonst.ind.Steuern abzügl.Subvent.
44253;Kostenstrukturerhebung im Baugewerbe;JAHR;Jahr;2023;DINSG;Deutschland insgesamt;DG;Deutschland;WZ08S6;WZ2008: Baugewerbe;WZ08-411;Erschließung von Grundstücken, Bauträger;1415,5;Mill. EUR;BWS002;Bruttowertschöpfung zu Marktpreisen
44253;Kostenstrukturerhebung im Baugewerbe;JAHR;Jahr;2023;DINSG;Deutschland insgesamt;DG;Deutschland;WZ08S6;WZ2008: Baugewerbe;WZ08-411;Erschließung von Grundstücken, Bauträger;6384,1;Mill. EUR;BPW001;Bruttoproduktionswert
44253;Kostenstrukturerhebung im Baugewerbe;JAHR;Jahr;2023;DINSG;Deutschland insgesamt;DG;Deutschland;WZ08S6;WZ2008: Baugewerbe;WZ08-411;Erschließung von Grundstücken, Bauträger;1038,2;Mill. EUR;NWS003;Nettowertschöpfung zu Faktorkosten
44253;Kostenstrukturerhebung im Baugewerbe;JAHR;Jahr;2023;DINSG;Deutschland insgesamt;DG;Deutschland;WZ08S6;WZ2008: Baugewerbe;WZ08-411;Erschließung von Grundstücken, Bauträger;4839,8;Mill. EUR;VBR004;Materialverbrauch, Einsatz an HW, Lohnarbeit
44253;Kostenstrukturerhebung im Baugewerbe;JAHR;Jahr;2023;DINSG;Deutschland insgesamt;DG;Deutschland;WZ08S6;WZ2008: Baugewerbe;WZ08-411;Erschließung von Grundstücken, Bauträger;1126,5;Mill. EUR;BWS003;Bruttowertschöpfung zu Faktorkosten
44253;Kostenstrukturerhebung im Baugewerbe;JAHR;Jahr;2023;DINSG;Deutschland insgesamt;DG;Deutschland;WZ08S6;WZ2008: Baugewerbe;WZ08-411;Erschließung von Grundstücken, Bauträger;289,0;Mill. EUR;STR029;Indirekte Steuern abzüglich Subventionen
44253;Kostenstrukturerhebung im Baugewerbe;JAHR;Jahr;2023;DINSG;Deutschland insgesamt;DG;Deutschland;WZ08S6;WZ2008: Baugewerbe;WZ08-411;Erschließung von Grundstücken, Bauträger;1544,4;Mill. EUR;NPW001;Nettoproduktionswert
44253;Kostenstrukturerhebung im Baugewerbe;JAHR;Jahr;2023;DINSG;Deutschland insgesamt;DG;Deutschland;WZ08S6;WZ2008: Baugewerbe;WZ08-411;Erschließung von Grundstücken, Bauträger;88,2;Mill. EUR;ABS002;Abschreibungen
44253;Kostenstrukturerhebung im Baugewerbe;JAHR;Jahr;2015;DINSG;Deutschland insgesamt;DG;Deutschland;WZ08S6;WZ2008: Baugewerbe;WZ08-412-02;Bau von Gebäuden, Tiefbau;5841,2;Mill. EUR;KOS027;Sonst.Vorleist.u.sonst.ind.Steuern abzügl.Subvent.
44253;Kostenstrukturerhebung im Baugewerbe;JAHR;Jahr;2015;DINSG;Deutschland insgesamt;DG;Deutschland;WZ08S6;WZ2008: Baugewerbe;WZ08-412-02;Bau von Gebäuden, Tiefbau;22485,8;Mill. EUR;BWS002;Bruttowertschöpfung zu Marktpreisen
44253;Kostenstrukturerhebung im Baugewerbe;JAHR;Jahr;2015;DINSG;Deutschland insgesamt;DG;Deutschland;WZ08S6;WZ2008: Baugewerbe;WZ08-412-02;Bau von Gebäuden, Tiefbau;56851,5;Mill. EUR;BPW001;Bruttoproduktionswert
44253;Kostenstrukturerhebung im Baugewerbe;JAHR;Jahr;2015;DINSG;Deutschland insgesamt;DG;Deutschland;WZ08S6;WZ2008: Baugewerbe;WZ08-412-02;Bau von Gebäuden, Tiefbau;16901,9;Mill. EUR;NWS003;Nettowertschöpfung zu Faktorkosten
44253;Kostenstrukturerhebung im Baugewerbe;JAHR;Jahr;2015;DINSG;Deutschland insgesamt;DG;Deutschland;WZ08S6;WZ2008: Baugewerbe;WZ08-412-02;Bau von Gebäuden, Tiefbau;32979,7;Mill. EUR;VBR004;Materialverbrauch, Einsatz an HW, Lohnarbeit
44253;Kostenstrukturerhebung im Baugewerbe;JAHR;Jahr;2015;DINSG;Deutschland insgesamt;DG;Deutschland;WZ08S6;WZ2008: Baugewerbe;WZ08-412-02;Bau von Gebäuden, Tiefbau;18030,7;Mill. EUR;BWS003;Bruttowertschöpfung zu Faktorkosten
44253;Kostenstrukturerhebung im Baugewerbe;JAHR;Jahr;2015;DINSG;Deutschland insgesamt;DG;Deutschland;WZ08S6;WZ2008: Baugewerbe;WZ08-412-02;Bau von Gebäuden, Tiefbau;4455,2;Mill. EUR;STR029;Indirekte Steuern abzüglich Subventionen
44253;Kostenstrukturerhebung im Baugewerbe;JAHR;Jahr;2015;DINSG;Deutschland insgesamt;DG;Deutschland;WZ08S6;WZ2008: Baugewerbe;WZ08-412-02;Bau von Gebäuden, Tiefbau;23871,8;Mill. EUR;NPW001;Nettoproduktionswert
44253;Kostenstrukturerhebung im Baugewerbe;JAHR;Jahr;2015;DINSG;Deutschland insgesamt;DG;Deutschland;WZ08S6;WZ2008: Baugewerbe;WZ08-412-02;Bau von Gebäuden, Tiefbau;1128,7;Mill. EUR;ABS002;Abschreibungen
44253;Kostenstrukturerhebung im Baugewerbe;JAHR;Jahr;2010;DINSG;Deutschland insgesamt;DG;Deutschland;WZ08S6;WZ2008: Baugewerbe;WZ08-4399;Sonstige spezialisierte Bautätigkeiten a.n.g.;942,2;Mill. EUR;KOS027;Sonst.Vorleist.u.sonst.ind.Steuern abzügl.Subvent.
44253;Kostenstrukturerhebung im Baugewerbe;JAHR;Jahr;2010;DINSG;Deutschland insgesamt;DG;Deutschland;WZ08S6;WZ2008: Baugewerbe;WZ08-4399;Sonstige spezialisierte Bautätigkeiten a.n.g.;3272,4;Mill. EUR;BWS002;Bruttowertschöpfung zu Marktpreisen
44253;Kostenstrukturerhebung im Baugewerbe;JAHR;Jahr;2010;DINSG;Deutschland insgesamt;DG;Deutschland;WZ08S6;WZ2008: Baugewerbe;WZ08-4399;Sonstige spezialisierte Bautätigkeiten a.n.g.;7657,4;Mill. EUR;BPW001;Bruttoproduktionswert
44253;Kostenstrukturerhebung im Baugewerbe;JAHR;Jahr;2010;DINSG;Deutschland insgesamt;DG;Deutschland;WZ08S6;WZ2008: Baugewerbe;WZ08-4399;Sonstige spezialisierte Bautätigkeiten a.n.g.;2646,2;Mill. EUR;NWS003;Nettowertschöpfung zu Faktorkosten
44253;Kostenstrukturerhebung im Baugewerbe;JAHR;Jahr;2010;DINSG;Deutschland insgesamt;DG;Deutschland;WZ08S6;WZ2008: Baugewerbe;WZ08-4399;Sonstige spezialisierte Bautätigkeiten a.n.g.;3831,7;Mill. EUR;VBR004;Materialverbrauch, Einsatz an HW, Lohnarbeit
44253;Kostenstrukturerhebung im Baugewerbe;JAHR;Jahr;2010;DINSG;Deutschland insgesamt;DG;Deutschland;WZ08S6;WZ2008: Baugewerbe;WZ08-4399;Sonstige spezialisierte Bautätigkeiten a.n.g.;2883,5;Mill. EUR;BWS003;Bruttowertschöpfung zu Faktorkosten
44253;Kostenstrukturerhebung im Baugewerbe;JAHR;Jahr;2010;DINSG;Deutschland insgesamt;DG;Deutschland;WZ08S6;WZ2008: Baugewerbe;WZ08-4399;Sonstige spezialisierte Bautätigkeiten a.n.g.;388,9;Mill. EUR;STR029;Indirekte Steuern abzüglich Subventionen
44253;Kostenstrukturerhebung im Baugewerbe;JAHR;Jahr;2010;DINSG;Deutschland insgesamt;DG;Deutschland;WZ08S6;WZ2008: Baugewerbe;WZ08-4399;Sonstige spezialisierte Bautätigkeiten a.n.g.;3825,7;Mill. EUR;NPW001;Nettoproduktionswert
44253;Kostenstrukturerhebung im Baugewerbe;JAHR;Jahr;2010;DINSG;Deutschland insgesamt;DG;Deutschland;WZ08S6;WZ2008: Baugewerbe;WZ08-4399;Sonstige spezialisierte Bautätigkeiten a.n.g.;237,3;Mill. EUR;ABS002;Abschreibungen
44253;Kostenstrukturerhebung im Baugewerbe;JAHR;Jahr;2014;DINSG;Deutschland insgesamt;DG;Deutschland;WZ08S6;WZ2008: Baugewerbe;WZ08-4213;Brücken- und Tunnelbau;127,9;Mill. EUR;KOS027;Sonst.Vorleist.u.sonst.ind.Steuern abzügl.Subvent.
44253;Kostenstrukturerhebung im Baugewerbe;JAHR;Jahr;2014;DINSG;Deutschland insgesamt;DG;Deutschland;WZ08S6;WZ2008: Baugewerbe;WZ08-4213;Brücken- und Tunnelbau;440,0;Mill. EUR;BWS002;Bruttowertschöpfung zu Marktpreisen
44253;Kostenstrukturerhebung im Baugewerbe;JAHR;Jahr;2014;DINSG;Deutschland insgesamt;DG;Deutschland;WZ08S6;WZ2008: Baugewerbe;WZ08-4213;Brücken- und Tunnelbau;1202,9;Mill. EUR;BPW001;Bruttoproduktionswert
44253;Kostenstrukturerhebung im Baugewerbe;JAHR;Jahr;2014;DINSG;Deutschland insgesamt;DG;Deutschland;WZ08S6;WZ2008: Baugewerbe;WZ08-4213;Brücken- und Tunnelbau;365,7;Mill. EUR;NWS003;Nettowertschöpfung zu Faktorkosten
44253;Kostenstrukturerhebung im Baugewerbe;JAHR;Jahr;2014;DINSG;Deutschland insgesamt;DG;Deutschland;WZ08S6;WZ2008: Baugewerbe;WZ08-4213;Brücken- und Tunnelbau;681,6;Mill. EUR;VBR004;Materialverbrauch, Einsatz an HW, Lohnarbeit
44253;Kostenstrukturerhebung im Baugewerbe;JAHR;Jahr;2014;DINSG;Deutschland insgesamt;DG;Deutschland;WZ08S6;WZ2008: Baugewerbe;WZ08-4213;Brücken- und Tunnelbau;393,3;Mill. EUR;BWS003;Bruttowertschöpfung zu Faktorkosten
44253;Kostenstrukturerhebung im Baugewerbe;JAHR;Jahr;2014;DINSG;Deutschland insgesamt;DG;Deutschland;WZ08S6;WZ2008: Baugewerbe;WZ08-4213;Brücken- und Tunnelbau;46,7;Mill. EUR;STR029;Indirekte Steuern abzüglich Subventionen
44253;Kostenstrukturerhebung im Baugewerbe;JAHR;Jahr;2014;DINSG;Deutschland insgesamt;DG;Deutschland;WZ08S6;WZ2008: Baugewerbe;WZ08-4213;Brücken- und Tunnelbau;521,3;Mill. EUR;NPW001;Nettoproduktionswert
44253;Kostenstrukturerhebung im Baugewerbe;JAHR;Jahr;2014;DINSG;Deutschland insgesamt;DG;Deutschland;WZ08S6;WZ2008: Baugewerbe;WZ08-4213;Brücken- und Tunnelbau;27,6;Mill. EUR;ABS002;Abschreibungen
44253;Kostenstrukturerhebung im Baugewerbe;JAHR;Jahr;2013;DINSG;Deutschland insgesamt;DG;Deutschland;WZ08S6;WZ2008: Baugewerbe;WZ08-432-01;Ausbaugewerbe;3730,4;Mill. EUR;KOS027;Sonst.Vorleist.u.sonst.ind.Steuern abzügl.Subvent.
44253;Kostenstrukturerhebung im Baugewerbe;JAHR;Jahr;2013;DINSG;Deutschland insgesamt;DG;Deutschland;WZ08S6;WZ2008: Baugewerbe;WZ08-432-01;Ausbaugewerbe;19065,2;Mill. EUR;BWS002;Bruttowertschöpfung zu Marktpreisen
44253;Kostenstrukturerhebung im Baugewerbe;JAHR;Jahr;2013;DINSG;Deutschland insgesamt;DG;Deutschland;WZ08S6;WZ2008: Baugewerbe;WZ08-432-01;Ausbaugewerbe;40875,8;Mill. EUR;BPW001;Bruttoproduktionswert
44253;Kostenstrukturerhebung im Baugewerbe;JAHR;Jahr;2013;DINSG;Deutschland insgesamt;DG;Deutschland;WZ08S6;WZ2008: Baugewerbe;WZ08-432-01;Ausbaugewerbe;15790,1;Mill. EUR;NWS003;Nettowertschöpfung zu Faktorkosten
44253;Kostenstrukturerhebung im Baugewerbe;JAHR;Jahr;2013;DINSG;Deutschland insgesamt;DG;Deutschland;WZ08S6;WZ2008: Baugewerbe;WZ08-432-01;Ausbaugewerbe;20845,6;Mill. EUR;VBR004;Materialverbrauch, Einsatz an HW, Lohnarbeit
44253;Kostenstrukturerhebung im Baugewerbe;JAHR;Jahr;2013;DINSG;Deutschland insgesamt;DG;Deutschland;WZ08S6;WZ2008: Baugewerbe;WZ08-432-01;Ausbaugewerbe;16299,7;Mill. EUR;BWS003;Bruttowertschöpfung zu Faktorkosten
44253;Kostenstrukturerhebung im Baugewerbe;JAHR;Jahr;2013;DINSG;Deutschland insgesamt;DG;Deutschland;WZ08S6;WZ2008: Baugewerbe;WZ08-432-01;Ausbaugewerbe;2765,5;Mill. EUR;STR029;Indirekte Steuern abzüglich Subventionen
44253;Kostenstrukturerhebung im Baugewerbe;JAHR;Jahr;2013;DINSG;Deutschland insgesamt;DG;Deutschland;WZ08S6;WZ2008: Baugewerbe;WZ08-432-01;Ausbaugewerbe;20030,1;Mill. EUR;NPW001;Nettoproduktionswert
44253;Kostenstrukturerhebung im Baugewerbe;JAHR;Jahr;2013;DINSG;Deutschland insgesamt;DG;Deutschland;WZ08S6;WZ2008: Baugewerbe;WZ08-432-01;Ausbaugewerbe;509,5;Mill. EUR;ABS002;Abschreibungen
44253;Kostenstrukturerhebung im Baugewerbe;JAHR;Jahr;2024;DINSG;Deutschland insgesamt;DG;Deutschland;WZ08S6;WZ2008: Baugewerbe;WZ08-4391;Dachdeckerei und Zimmerei;739,4;Mill. EUR;KOS027;Sonst.Vorleist.u.sonst.ind.Steuern abzügl.Subvent.
44253;Kostenstrukturerhebung im Baugewerbe;JAHR;Jahr;2024;DINSG;Deutschland insgesamt;DG;Deutschland;WZ08S6;WZ2008: Baugewerbe;WZ08-4391;Dachdeckerei und Zimmerei;4418,7;Mill. EUR;BWS002;Bruttowertschöpfung zu Marktpreisen
44253;Kostenstrukturerhebung im Baugewerbe;JAHR;Jahr;2024;DINSG;Deutschland insgesamt;DG;Deutschland;WZ08S6;WZ2008: Baugewerbe;WZ08-4391;Dachdeckerei und Zimmerei;8591,6;Mill. EUR;BPW001;Bruttoproduktionswert
44253;Kostenstrukturerhebung im Baugewerbe;JAHR;Jahr;2024;DINSG;Deutschland insgesamt;DG;Deutschland;WZ08S6;WZ2008: Baugewerbe;WZ08-4391;Dachdeckerei und Zimmerei;3532,4;Mill. EUR;NWS003;Nettowertschöpfung zu Faktorkosten
44253;Kostenstrukturerhebung im Baugewerbe;JAHR;Jahr;2024;DINSG;Deutschland insgesamt;DG;Deutschland;WZ08S6;WZ2008: Baugewerbe;WZ08-4391;Dachdeckerei und Zimmerei;4287,4;Mill. EUR;VBR004;Materialverbrauch, Einsatz an HW, Lohnarbeit
44253;Kostenstrukturerhebung im Baugewerbe;JAHR;Jahr;2024;DINSG;Deutschland insgesamt;DG;Deutschland;WZ08S6;WZ2008: Baugewerbe;WZ08-4391;Dachdeckerei und Zimmerei;3678,0;Mill. EUR;BWS003;Bruttowertschöpfung zu Faktorkosten
44253;Kostenstrukturerhebung im Baugewerbe;JAHR;Jahr;2024;DINSG;Deutschland insgesamt;DG;Deutschland;WZ08S6;WZ2008: Baugewerbe;WZ08-4391;Dachdeckerei und Zimmerei;740,8;Mill. EUR;STR029;Indirekte Steuern abzüglich Subventionen
44253;Kostenstrukturerhebung im Baugewerbe;JAHR;Jahr;2024;DINSG;Deutschland insgesamt;DG;Deutschland;WZ08S6;WZ2008: Baugewerbe;WZ08-4391;Dachdeckerei und Zimmerei;4321,1;Mill. EUR;NPW001;Nettoproduktionswert
44253;Kostenstrukturerhebung im Baugewerbe;JAHR;Jahr;2024;DINSG;Deutschland insgesamt;DG;Deutschland;WZ08S6;WZ2008: Baugewerbe;WZ08-4391;Dachdeckerei und Zimmerei;145,5;Mill. EUR;ABS002;Abschreibungen
44253;Kostenstrukturerhebung im Baugewerbe;JAHR;Jahr;2015;DINSG;Deutschland insgesamt;DG;Deutschland;WZ08S6;WZ2008: Baugewerbe;WZ08-F;Baugewerbe;12097,9;Mill. EUR;KOS027;Sonst.Vorleist.u.sonst.ind.Steuern abzügl.Subvent.
44253;Kostenstrukturerhebung im Baugewerbe;JAHR;Jahr;2015;DINSG;Deutschland insgesamt;DG;Deutschland;WZ08S6;WZ2008: Baugewerbe;WZ08-F;Baugewerbe;52044,1;Mill. EUR;BWS002;Bruttowertschöpfung zu Marktpreisen
44253;Kostenstrukturerhebung im Baugewerbe;JAHR;Jahr;2015;DINSG;Deutschland insgesamt;DG;Deutschland;WZ08S6;WZ2008: Baugewerbe;WZ08-F;Baugewerbe;118467,7;Mill. EUR;BPW001;Bruttoproduktionswert
44253;Kostenstrukturerhebung im Baugewerbe;JAHR;Jahr;2015;DINSG;Deutschland insgesamt;DG;Deutschland;WZ08S6;WZ2008: Baugewerbe;WZ08-F;Baugewerbe;40991,5;Mill. EUR;NWS003;Nettowertschöpfung zu Faktorkosten
44253;Kostenstrukturerhebung im Baugewerbe;JAHR;Jahr;2015;DINSG;Deutschland insgesamt;DG;Deutschland;WZ08S6;WZ2008: Baugewerbe;WZ08-F;Baugewerbe;63303,0;Mill. EUR;VBR004;Materialverbrauch, Einsatz an HW, Lohnarbeit
44253;Kostenstrukturerhebung im Baugewerbe;JAHR;Jahr;2015;DINSG;Deutschland insgesamt;DG;Deutschland;WZ08S6;WZ2008: Baugewerbe;WZ08-F;Baugewerbe;43066,8;Mill. EUR;BWS003;Bruttowertschöpfung zu Faktorkosten
44253;Kostenstrukturerhebung im Baugewerbe;JAHR;Jahr;2015;DINSG;Deutschland insgesamt;DG;Deutschland;WZ08S6;WZ2008: Baugewerbe;WZ08-F;Baugewerbe;8977,3;Mill. EUR;STR029;Indirekte Steuern abzüglich Subventionen
44253;Kostenstrukturerhebung im Baugewerbe;JAHR;Jahr;2015;DINSG;Deutschland insgesamt;DG;Deutschland;WZ08S6;WZ2008: Baugewerbe;WZ08-F;Baugewerbe;55164,7;Mill. EUR;NPW001;Nettoproduktionswert
44253;Kostenstrukturerhebung im Baugewerbe;JAHR;Jahr;2015;DINSG;Deutschland insgesamt;DG;Deutschland;WZ08S6;WZ2008: Baugewerbe;WZ08-F;Baugewerbe;2075,3;Mill. EUR;ABS002;Abschreibungen
44253;Kostenstrukturerhebung im Baugewerbe;JAHR;Jahr;2012;DINSG;Deutschland insgesamt;DG;Deutschland;WZ08S6;WZ2008: Baugewerbe;WZ08-4331;Anbringen v. Stuckaturen, Gipserei u. Verputzerei;70,2;Mill. EUR;KOS027;Sonst.Vorleist.u.sonst.ind.Steuern abzügl.Subvent.
44253;Kostenstrukturerhebung im Baugewerbe;JAHR;Jahr;2012;DINSG;Deutschland insgesamt;DG;Deutschland;WZ08S6;WZ2008: Baugewerbe;WZ08-4331;Anbringen v. Stuckaturen, Gipserei u. Verputzerei;478,2;Mill. EUR;BWS002;Bruttowertschöpfung zu Marktpreisen
44253;Kostenstrukturerhebung im Baugewerbe;JAHR;Jahr;2012;DINSG;Deutschland insgesamt;DG;Deutschland;WZ08S6;WZ2008: Baugewerbe;WZ08-4331;Anbringen v. Stuckaturen, Gipserei u. Verputzerei;941,9;Mill. EUR;BPW001;Bruttoproduktionswert
44253;Kostenstrukturerhebung im Baugewerbe;JAHR;Jahr;2012;DINSG;Deutschland insgesamt;DG;Deutschland;WZ08S6;WZ2008: Baugewerbe;WZ08-4331;Anbringen v. Stuckaturen, Gipserei u. Verputzerei;398,6;Mill. EUR;NWS003;Nettowertschöpfung zu Faktorkosten
44253;Kostenstrukturerhebung im Baugewerbe;JAHR;Jahr;2012;DINSG;Deutschland insgesamt;DG;Deutschland;WZ08S6;WZ2008: Baugewerbe;WZ08-4331;Anbringen v. Stuckaturen, Gipserei u. Verputzerei;460,2;Mill. EUR;VBR004;Materialverbrauch, Einsatz an HW, Lohnarbeit
44253;Kostenstrukturerhebung im Baugewerbe;JAHR;Jahr;2012;DINSG;Deutschland insgesamt;DG;Deutschland;WZ08S6;WZ2008: Baugewerbe;WZ08-4331;Anbringen v. Stuckaturen, Gipserei u. Verputzerei;411,5;Mill. EUR;BWS003;Bruttowertschöpfung zu Faktorkosten
44253;Kostenstrukturerhebung im Baugewerbe;JAHR;Jahr;2012;DINSG;Deutschland insgesamt;DG;Deutschland;WZ08S6;WZ2008: Baugewerbe;WZ08-4331;Anbringen v. Stuckaturen, Gipserei u. Verputzerei;66,7;Mill. EUR;STR029;Indirekte Steuern abzüglich Subventionen
44253;Kostenstrukturerhebung im Baugewerbe;JAHR;Jahr;2012;DINSG;Deutschland insgesamt;DG;Deutschland;WZ08S6;WZ2008: Baugewerbe;WZ08-4331;Anbringen v. Stuckaturen, Gipserei u. Verputzerei;481,7;Mill. EUR;NPW001;Nettoproduktionswert
44253;Kostenstrukturerhebung im Baugewerbe;JAHR;Jahr;2012;DINSG;Deutschland insgesamt;DG;Deutschland;WZ08S6;WZ2008: Baugewerbe;WZ08-4331;Anbringen v. Stuckaturen, Gipserei u. Verputzerei;12,9;Mill. EUR;ABS002;Abschreibungen
44253;Kostenstrukturerhebung im Baugewerbe;JAHR;Jahr;2018;DINSG;Deutschland insgesamt;DG;Deutschland;WZ08S6;WZ2008: Baugewerbe;WZ08-4399;Sonstige spezialisierte Bautätigkeiten a.n.g.;1403,9;Mill. EUR;KOS027;Sonst.Vorleist.u.sonst.ind.Steuern abzügl.Subvent.
44253;Kostenstrukturerhebung im Baugewerbe;JAHR;Jahr;2018;DINSG;Deutschland insgesamt;DG;Deutschland;WZ08S6;WZ2008: Baugewerbe;WZ08-4399;Sonstige spezialisierte Bautätigkeiten a.n.g.;5558,6;Mill. EUR;BWS002;Bruttowertschöpfung zu Marktpreisen
44253;Kostenstrukturerhebung im Baugewerbe;JAHR;Jahr;2018;DINSG;Deutschland insgesamt;DG;Deutschland;WZ08S6;WZ2008: Baugewerbe;WZ08-4399;Sonstige spezialisierte Bautätigkeiten a.n.g.;10714,0;Mill. EUR;BPW001;Bruttoproduktionswert
44253;Kostenstrukturerhebung im Baugewerbe;JAHR;Jahr;2018;DINSG;Deutschland insgesamt;DG;Deutschland;WZ08S6;WZ2008: Baugewerbe;WZ08-4399;Sonstige spezialisierte Bautätigkeiten a.n.g.;4404,4;Mill. EUR;NWS003;Nettowertschöpfung zu Faktorkosten
44253;Kostenstrukturerhebung im Baugewerbe;JAHR;Jahr;2018;DINSG;Deutschland insgesamt;DG;Deutschland;WZ08S6;WZ2008: Baugewerbe;WZ08-4399;Sonstige spezialisierte Bautätigkeiten a.n.g.;4622,8;Mill. EUR;VBR004;Materialverbrauch, Einsatz an HW, Lohnarbeit
44253;Kostenstrukturerhebung im Baugewerbe;JAHR;Jahr;2018;DINSG;Deutschland insgesamt;DG;Deutschland;WZ08S6;WZ2008: Baugewerbe;WZ08-4399;Sonstige spezialisierte Bautätigkeiten a.n.g.;4687,3;Mill. EUR;BWS003;Bruttowertschöpfung zu Faktorkosten
44253;Kostenstrukturerhebung im Baugewerbe;JAHR;Jahr;2018;DINSG;Deutschland insgesamt;DG;Deutschland;WZ08S6;WZ2008: Baugewerbe;WZ08-4399;Sonstige spezialisierte Bautätigkeiten a.n.g.;871,3;Mill. EUR;STR029;Indirekte Steuern abzüglich Subventionen
44253;Kostenstrukturerhebung im Baugewerbe;JAHR;Jahr;2018;DINSG;Deutschland insgesamt;DG;Deutschland;WZ08S6;WZ2008: Baugewerbe;WZ08-4399;Sonstige spezialisierte Bautätigkeiten a.n.g.;6091,2;Mill. EUR;NPW001;Nettoproduktionswert
44253;Kostenstrukturerhebung im Baugewerbe;JAHR;Jahr;2018;DINSG;Deutschland insgesamt;DG;Deutschland;WZ08S6;WZ2008: Baugewerbe;WZ08-4399;Sonstige spezialisierte Bautätigkeiten a.n.g.;282,9;Mill. EUR;ABS002;Abschreibungen
